UT,arc,discrete,diffuse,ac,ab,clear,cloudy,dd
20121101152500,0.0,0.0,0.0,0.0,0.0,0.0,0.0,100.0
20121101152600,0.0,0.0,0.0,0.0,0.0,0.0,0.0,100.0
20121101152700,0.0,0.0,0.0,0.0,0.0,0.0,0.0,100.0
20121101152800,0.0,0.0,0.0,0.0,0.0,0.0,0.0,100.0
20121101152900,0.0,0.0,0.0,0.0,0.0,0.0,0.0,100.0
20121101153000,0.0,0.0,0.0,0.0,0.0,0.0,0.0,100.0
20121101153100,0.0,0.0,0.0,0.0,0.0,0.0,0.0,100.0
20121101153200,0.0,0.0,0.0,0.0,0.0,0.0,0.0,100.0
20121101153300,0.0,0.0,0.0,0.0,0.0,0.0,0.0,100.0
20121101153400,0.0,0.0,0.0,0.0,0.0,0.0,0.0,100.0
20121101153500,0.0,0.0,0.0,0.0,0.0,0.0,0.0,100.0
20121101153600,0.0,0.0,0.0,0.0,0.0,0.0,0.0,100.0
20121101153700,0.0,0.0,0.0,0.0,0.0,0.0,0.0,100.0
20121101153800,0.0,0.0,0.0,0.0,0.0,0.0,0.0,100.0
20121101153900,0.0,0.0,0.0,0.0,0.0,0.0,0.0,100.0
20121101154000,0.0,0.0,0.0,0.0,0.0,0.0,0.0,100.0
20121101154100,0.0,0.0,0.0,0.0,0.0,0.0,0.0,100.0
20121101154200,0.0,0.0,0.0,0.0,0.0,0.0,0.0,100.0
20121101154300,0.0,0.0,0.0,0.0,0.1,0.0,0.0,99.9
20121101154400,0.0,0.0,0.0,0.0,0.1,0.0,0.0,99.9
20121101154500,0.0,0.0,0.0,0.0,0.0,0.0,0.0,100.0
20121101154600,0.0,0.0,0.0,0.0,10.0,0.0,0.0,90.0
20121101154700,0.0,0.0,0.0,0.0,84.2,0.0,0.0,15.8
20121101154800,0.0,0.0,0.0,0.0,0.5,0.0,0.0,99.5
20121101154900,0.0,0.0,0.0,0.0,48.7,0.0,0.0,51.3
20121101155000,0.0,0.0,0.0,0.0,32.8,0.0,0.0,67.2
20121101155100,0.0,0.0,0.0,0.0,8.8,0.0,0.0,91.2
20121101155200,0.0,0.0,0.0,0.0,35.1,0.0,0.0,64.9
20121101155300,0.0,0.0,0.0,0.0,91.4,0.0,0.0,8.6
20121101155400,0.0,0.0,0.0,0.0,88.3,0.0,0.0,11.7
20121101155500,0.0,0.0,0.0,0.0,94.0,0.0,0.0,5.9
20121101155600,0.0,0.0,0.0,0.0,100.0,0.0,0.0,0.0
20121101155700,0.0,0.0,0.0,0.0,100.0,0.0,0.0,0.0
20121101155800,0.0,0.0,0.0,0.0,100.0,0.0,0.0,0.0
20121101155900,0.0,0.0,0.0,0.0,100.0,0.0,0.0,0.0
20121101160000,0.0,0.0,0.0,0.0,100.0,0.0,0.0,0.0
20121101160100,0.0,0.0,0.0,0.0,100.0,0.0,0.0,0.0
20121101160200,0.0,0.0,0.0,0.0,99.7,0.0,0.0,0.3
20121101160300,0.0,0.0,0.0,0.0,100.0,0.0,0.0,0.0
20121101160400,0.0,0.0,0.0,0.0,100.0,0.0,0.0,0.0
20121101160500,0.0,0.0,0.0,0.0,100.0,0.0,0.0,0.0
20121101160600,0.0,0.0,0.0,0.0,100.0,0.0,0.0,0.0
20121101160700,0.0,0.0,0.0,0.0,100.0,0.0,0.0,0.0
20121101160800,0.0,0.0,0.0,0.0,100.0,0.0,0.0,0.0
20121101160900,0.0,0.0,0.0,0.0,99.5,0.0,0.0,0.5
20121101161000,0.0,0.0,0.0,0.0,100.0,0.0,0.0,0.0
20121101161100,0.0,0.0,0.0,0.0,100.0,0.0,0.0,0.0
20121101161200,0.0,0.0,0.0,0.0,100.0,0.0,0.0,0.0
20121101161300,0.0,0.0,0.0,0.0,100.0,0.0,0.0,0.0
20121101161400,0.0,0.0,0.0,0.0,100.0,0.0,0.0,0.0
20121101161500,0.0,0.0,0.0,0.0,100.0,0.0,0.0,0.0
20121101161600,0.0,0.0,0.0,0.0,100.0,0.0,0.0,0.0
20121101161700,0.0,0.0,0.0,0.0,100.0,0.0,0.0,0.0
20121101161800,0.0,0.0,0.0,0.0,99.9,0.0,0.0,0.1
20121101161900,0.0,0.0,0.0,0.0,100.0,0.0,0.0,0.0
20121101162000,0.0,0.0,0.0,0.0,100.0,0.0,0.0,0.0
20121101162100,0.0,0.0,0.0,0.0,100.0,0.0,0.0,0.0
20121101162200,0.0,0.0,0.0,0.0,100.0,0.0,0.0,0.0
20121101162300,0.0,0.0,0.0,0.0,100.0,0.0,0.0,0.0
20121101162400,0.0,0.0,0.0,0.0,100.0,0.0,0.0,0.0
20121101162500,0.0,0.0,0.0,0.0,100.0,0.0,0.0,0.0
20121101162600,0.0,0.0,0.0,0.0,100.0,0.0,0.0,0.0
20121101162700,0.0,0.0,0.0,0.0,100.0,0.0,0.0,0.0
20121101162800,0.0,0.0,0.0,0.0,100.0,0.0,0.0,0.0
20121101162900,0.0,0.0,0.0,0.0,100.0,0.0,0.0,0.0
20121101163000,0.0,0.0,0.0,0.0,100.0,0.0,0.0,0.0
20121101163100,0.0,0.0,0.0,0.0,100.0,0.0,0.0,0.0
20121101163200,0.0,0.0,0.0,0.0,100.0,0.0,0.0,0.0
20121101163300,0.0,1.0,0.0,0.0,99.0,0.0,0.0,0.0
20121101163400,0.0,0.1,0.0,0.0,99.9,0.0,0.0,0.0
20121101163500,0.0,0.0,0.0,0.0,100.0,0.0,0.0,0.0
20121101163600,0.0,0.0,0.0,0.0,100.0,0.0,0.0,0.0
20121101163700,0.0,0.1,0.0,0.0,99.9,0.0,0.0,0.0
20121101163800,0.0,0.0,0.0,0.0,100.0,0.0,0.0,0.0
20121101163900,0.0,0.0,0.0,0.0,100.0,0.0,0.0,0.0
20121101164000,0.0,0.1,0.0,0.0,99.9,0.0,0.0,0.0
20121101164100,0.0,0.8,0.0,0.0,99.2,0.0,0.0,0.0
20121101164200,0.0,0.9,0.0,0.0,99.1,0.0,0.0,0.0
20121101164300,0.0,0.0,0.0,0.0,100.0,0.0,0.0,0.0
20121101164400,0.0,0.0,0.0,0.0,100.0,0.0,0.0,0.0
20121101164500,0.0,0.0,0.0,0.0,100.0,0.0,0.0,0.0
20121101164600,0.0,0.0,0.0,0.0,100.0,0.0,0.0,0.0
20121101164700,0.0,0.0,0.0,0.0,100.0,0.0,0.0,0.0
20121101164800,0.0,0.0,0.0,0.0,100.0,0.0,0.0,0.0
20121101164900,0.0,0.0,0.0,0.0,100.0,0.0,0.0,0.0
20121101165000,0.0,0.1,0.0,0.0,99.9,0.0,0.0,0.0
20121101165100,0.0,0.2,0.0,0.0,99.8,0.0,0.0,0.0
20121101165200,0.0,0.0,0.0,0.0,100.0,0.0,0.0,0.0
20121101165300,0.0,0.0,0.0,0.0,100.0,0.0,0.0,0.0
20121101165400,0.0,0.0,0.0,0.0,100.0,0.0,0.0,0.0
20121101165500,0.0,0.0,0.0,0.0,100.0,0.0,0.0,0.0
20121101165600,0.0,2.5,0.0,0.0,97.5,0.0,0.0,0.0
20121101165700,0.0,0.2,0.0,0.0,99.8,0.0,0.0,0.0
20121101165800,0.0,4.2,0.0,0.0,95.8,0.0,0.0,0.0
20121101165900,0.0,1.6,0.0,0.0,98.3,0.0,0.0,0.0
20121101170000,0.0,21.8,0.0,0.0,78.2,0.0,0.0,0.0
20121101170100,0.0,0.2,0.0,0.0,99.8,0.0,0.0,0.0
20121101170200,0.0,0.5,0.0,0.0,99.5,0.0,0.0,0.0
20121101170300,0.0,0.2,0.0,0.0,99.8,0.0,0.0,0.0
20121101170400,0.0,1.2,0.0,0.0,98.8,0.0,0.0,0.0
20121101170500,0.0,0.7,0.0,0.0,99.3,0.0,0.0,0.0
20121101170600,0.0,3.5,0.0,0.0,96.5,0.0,0.0,0.0
20121101170700,0.0,0.4,0.0,0.0,99.6,0.0,0.0,0.0
20121101170800,0.0,1.6,0.0,0.0,98.4,0.0,0.0,0.0
20121101170900,0.0,11.6,0.0,0.0,88.3,0.0,0.0,0.0
20121101171000,0.0,2.8,0.0,0.0,97.2,0.0,0.0,0.0
20121101171100,0.0,0.0,0.0,0.0,100.0,0.0,0.0,0.0
20121101171200,0.0,0.0,0.0,0.0,100.0,0.0,0.0,0.0
20121101171300,0.0,0.0,0.0,0.0,100.0,0.0,0.0,0.0
20121101171400,0.0,0.1,0.0,0.0,99.9,0.0,0.0,0.0
20121101171500,0.0,0.0,0.0,0.0,100.0,0.0,0.0,0.0
20121101171600,0.0,0.0,0.0,0.0,100.0,0.0,0.0,0.0
20121101171700,0.0,0.1,0.0,0.0,99.9,0.0,0.0,0.0
20121101171800,0.0,1.1,0.0,0.0,98.9,0.0,0.0,0.0
20121101171900,0.0,0.4,0.0,0.0,99.6,0.0,0.0,0.0
20121101172000,0.0,0.3,0.0,0.0,99.7,0.0,0.0,0.0
20121101172100,0.0,0.0,0.0,0.0,100.0,0.0,0.0,0.0
20121101172200,0.0,0.0,0.0,0.0,100.0,0.0,0.0,0.0
20121101172300,0.0,0.0,0.0,0.0,100.0,0.0,0.0,0.0
20121101172400,0.0,0.0,0.0,0.0,100.0,0.0,0.0,0.0
20121101172500,0.0,0.0,0.0,0.0,100.0,0.0,0.0,0.0
20121101172600,0.0,0.0,0.0,0.0,100.0,0.0,0.0,0.0
20121101172700,0.0,0.0,0.0,0.0,100.0,0.0,0.0,0.0
20121101172800,0.0,0.0,0.0,0.0,100.0,0.0,0.0,0.0
20121101172900,0.0,0.1,0.0,0.0,99.9,0.0,0.0,0.0
20121101173000,0.0,0.1,0.0,0.0,99.9,0.0,0.0,0.0
20121101173100,0.0,1.0,0.0,0.0,99.0,0.0,0.0,0.0
20121101173200,0.0,0.0,0.0,0.0,100.0,0.0,0.0,0.0
20121101173300,0.8,0.5,0.0,0.0,98.7,0.0,0.0,0.0
20121101173400,0.0,0.1,0.0,0.0,99.8,0.0,0.0,0.0
20121101173500,0.0,0.2,0.0,0.0,99.8,0.0,0.0,0.0
20121101173600,0.0,1.1,0.0,0.0,98.9,0.0,0.0,0.0
20121101173700,0.0,0.9,0.0,0.0,99.1,0.0,0.0,0.0
20121101173800,0.0,8.5,0.0,0.0,91.5,0.0,0.0,0.0
20121101173900,0.0,69.8,0.0,0.0,30.2,0.0,0.0,0.0
20121101174000,0.0,14.6,0.0,0.0,85.4,0.0,0.0,0.0
20121101174100,0.0,1.0,0.0,0.1,98.9,0.0,0.0,0.0
20121101174200,0.0,25.8,0.0,0.0,74.2,0.0,0.0,0.0
20121101174300,0.0,73.2,0.0,0.0,26.8,0.0,0.0,0.0
20121101174400,0.0,5.4,0.0,0.0,94.6,0.0,0.0,0.0
20121101174500,0.0,97.4,0.0,0.0,2.6,0.0,0.0,0.0
20121101174600,0.0,66.3,0.0,0.0,33.7,0.0,0.0,0.0
20121101174700,0.0,12.8,0.0,0.0,87.2,0.0,0.0,0.0
20121101174800,0.0,4.1,0.0,0.0,95.9,0.0,0.0,0.0
20121101174900,0.0,17.8,0.0,0.0,82.1,0.0,0.0,0.0
20121101175000,0.0,64.9,0.0,0.2,35.0,0.0,0.0,0.0
20121101175100,0.0,4.8,0.0,0.0,95.2,0.0,0.0,0.0
20121101175200,0.0,0.3,0.0,0.0,99.7,0.0,0.0,0.0
20121101175300,0.0,2.9,0.0,0.1,97.0,0.0,0.0,0.0
20121101175400,0.0,0.9,0.0,0.0,99.1,0.0,0.0,0.0
20121101175500,0.0,7.6,0.0,0.1,92.3,0.0,0.0,0.0
20121101175600,0.0,0.6,0.0,0.0,99.4,0.0,0.0,0.0
20121101175700,0.0,0.0,0.0,0.0,100.0,0.0,0.0,0.0
20121101175800,0.0,0.0,0.0,0.0,100.0,0.0,0.0,0.0
20121101175900,0.0,3.6,0.0,0.0,96.4,0.0,0.0,0.0
20121101180000,0.0,4.2,0.0,0.1,95.7,0.0,0.0,0.0
20121101180100,0.0,0.0,0.0,0.0,100.0,0.0,0.0,0.0
20121101180200,0.0,0.3,0.0,0.0,99.7,0.0,0.0,0.0
20121101180300,0.0,0.0,0.0,0.0,100.0,0.0,0.0,0.0
20121101180400,0.0,0.0,0.0,0.0,100.0,0.0,0.0,0.0
20121101180500,0.0,0.1,0.0,0.1,90.2,0.0,0.0,9.6
20121101180600,0.0,0.1,0.0,0.0,98.0,0.0,0.0,1.8
20121101180700,0.0,0.0,0.0,0.0,100.0,0.0,0.0,0.0
20121101180800,0.0,0.0,0.0,0.0,100.0,0.0,0.0,0.0
20121101180900,0.0,0.0,0.0,0.0,100.0,0.0,0.0,0.0
20121101181000,0.0,0.0,0.0,0.0,100.0,0.0,0.0,0.0
20121101181100,0.0,0.0,0.0,0.0,48.0,0.0,0.0,51.9
20121101181200,0.0,0.0,0.0,0.0,5.9,0.0,0.0,94.0
20121101181300,0.0,0.0,0.0,0.0,94.6,0.0,0.0,5.4
20121101181400,0.0,0.0,0.0,0.0,95.6,0.0,0.0,4.3
20121101181500,0.0,0.0,0.0,0.0,98.4,0.0,0.0,1.6
20121101181600,0.2,0.0,0.0,0.0,94.8,0.0,0.0,5.1
20121101181700,0.0,0.0,0.0,0.0,98.7,0.0,0.0,1.3
20121101181800,0.0,0.1,0.0,0.0,98.6,0.0,0.0,1.3
20121101181900,0.0,0.0,0.0,0.0,99.9,0.0,0.0,0.1
20121101182000,0.0,0.0,0.0,0.0,99.9,0.0,0.0,0.1
20121101182100,0.2,0.0,0.0,0.0,83.3,0.0,0.0,16.5
20121101182200,0.0,0.0,0.0,0.0,96.6,0.0,0.0,3.4
20121101182300,0.0,0.0,0.0,0.0,95.8,0.0,0.0,4.1
20121101182400,0.0,0.0,0.0,0.0,97.3,0.0,0.0,2.7
20121101182500,0.0,0.0,0.0,0.0,99.7,0.0,0.0,0.3
20121101182600,0.0,0.0,0.0,0.0,91.8,0.0,0.0,8.2
20121101182700,0.0,0.0,0.0,0.0,98.1,0.0,0.0,1.9
20121101182800,0.0,0.0,0.0,0.0,93.2,0.0,0.0,6.8
20121101182900,0.0,0.0,0.0,0.0,10.6,0.0,0.0,89.4
20121101183000,0.0,0.0,0.0,0.0,95.7,0.0,0.0,4.2
20121101183100,0.0,0.0,0.0,0.0,100.0,0.0,0.0,0.0
20121101183200,0.0,0.0,0.0,0.0,97.8,0.0,0.0,2.1
20121101183300,0.0,0.0,0.0,0.0,99.7,0.0,0.0,0.2
20121101183400,0.0,0.0,0.0,0.0,95.5,0.0,0.0,4.4
20121101183500,0.0,0.0,0.0,0.0,96.6,0.0,0.0,3.3
20121101183600,0.0,0.0,0.0,0.0,99.9,0.0,0.0,0.0
20121101183700,0.0,0.3,0.0,0.0,93.6,0.0,0.0,6.1
20121101183800,0.0,0.0,0.0,0.0,99.2,0.0,0.0,0.8
20121101183900,0.0,0.0,0.0,0.0,100.0,0.0,0.0,0.0
20121101184000,0.0,0.0,0.0,0.0,32.7,0.0,0.0,67.3
20121101184100,0.0,0.0,0.0,0.0,93.4,0.0,0.0,6.6
20121101184200,0.0,0.0,0.0,0.0,98.5,0.0,0.0,1.5
20121101184300,0.0,0.0,0.0,0.0,100.0,0.0,0.0,0.0
20121101184400,0.0,0.0,0.0,0.0,100.0,0.0,0.0,0.0
20121101184500,0.0,0.0,0.0,0.0,99.9,0.0,0.0,0.1
20121101184600,0.0,0.0,0.0,0.0,98.2,0.0,0.0,1.8
20121101184700,0.0,0.0,0.0,0.0,74.0,0.0,0.0,25.9
20121101184800,0.0,0.0,0.0,0.0,7.5,0.0,0.0,92.5
20121101184900,0.0,0.0,0.0,0.0,49.0,0.0,0.0,50.9
20121101185000,0.0,0.0,0.0,0.2,87.1,0.0,0.0,12.6
20121101185100,0.0,0.2,0.0,0.0,99.6,0.0,0.0,0.2
20121101185200,0.0,0.0,0.0,0.0,99.8,0.0,0.0,0.1
20121101185300,0.0,0.0,0.0,0.0,99.9,0.0,0.0,0.0
20121101185400,0.0,0.0,0.0,0.0,97.0,0.0,0.0,3.0
20121101185500,0.0,0.0,0.0,0.0,90.4,0.0,0.0,9.6
20121101185600,0.0,0.0,0.0,0.0,1.0,0.0,0.0,99.0
20121101185700,0.0,0.0,0.0,0.0,1.2,0.0,0.0,98.8
20121101185800,0.0,0.0,0.0,0.0,6.3,0.0,0.0,93.7
20121101185900,0.0,0.0,0.0,0.0,98.8,0.0,0.0,1.2
20121101190000,0.0,0.0,0.0,0.0,99.8,0.0,0.0,0.2
20121101190100,0.0,0.0,0.0,0.0,99.6,0.0,0.0,0.4
20121101190200,0.0,0.0,0.0,0.0,99.9,0.0,0.0,0.1
20121101190300,0.0,0.0,0.0,0.0,99.2,0.0,0.0,0.8
20121101190400,0.0,0.0,0.0,0.0,96.2,0.0,0.0,3.8
20121101190500,0.0,0.0,0.0,0.0,99.6,0.0,0.0,0.4
20121101190600,0.0,0.0,0.0,0.0,99.0,0.0,0.0,0.9
20121101190700,0.1,0.0,0.0,0.2,85.2,0.0,0.0,14.6
20121101190800,0.0,0.0,0.0,0.0,99.8,0.0,0.0,0.1
20121101190900,0.1,0.0,0.0,0.0,99.7,0.0,0.0,0.3
20121101191000,0.0,0.0,0.0,0.0,99.9,0.0,0.0,0.1
20121101191100,0.0,0.0,0.0,0.4,99.3,0.0,0.0,0.3
20121101191200,0.0,0.0,0.0,0.1,99.4,0.0,0.0,0.5
20121101191300,0.0,0.0,0.0,0.0,100.0,0.0,0.0,0.0
20121101191400,0.0,0.0,0.0,0.0,100.0,0.0,0.0,0.0
20121101191500,0.0,0.0,0.0,0.0,100.0,0.0,0.0,0.0
20121101191600,0.0,0.0,0.0,0.0,100.0,0.0,0.0,0.0
20121101191700,0.0,0.0,0.0,0.0,100.0,0.0,0.0,0.0
20121101191800,0.0,0.0,0.0,0.0,100.0,0.0,0.0,0.0
20121101191900,0.0,0.0,0.0,0.0,100.0,0.0,0.0,0.0
20121101192000,0.0,0.0,0.0,0.0,100.0,0.0,0.0,0.0
20121101192100,0.0,0.0,0.0,0.0,100.0,0.0,0.0,0.0
20121101192200,0.0,0.0,0.0,0.0,100.0,0.0,0.0,0.0
20121101192300,0.0,0.0,0.0,0.0,100.0,0.0,0.0,0.0
20121101192400,0.0,0.0,0.0,0.0,99.9,0.0,0.0,0.1
20121101192500,0.0,0.0,0.0,0.0,99.4,0.0,0.0,0.6
20121101192600,0.0,0.0,0.0,0.0,99.9,0.0,0.0,0.1
20121101192700,0.0,0.0,0.0,0.0,100.0,0.0,0.0,0.0
20121101192800,0.0,0.0,0.0,0.0,100.0,0.0,0.0,0.0
20121101192900,0.0,0.0,0.0,0.0,100.0,0.0,0.0,0.0
20121101193000,0.0,0.0,0.0,0.0,100.0,0.0,0.0,0.0
20121101193100,0.0,0.0,0.0,0.0,100.0,0.0,0.0,0.0
20121101193200,0.0,0.0,0.0,0.0,100.0,0.0,0.0,0.0
20121101193300,0.0,0.0,0.0,0.0,100.0,0.0,0.0,0.0
20121101193400,0.0,0.0,0.0,0.0,100.0,0.0,0.0,0.0
20121101193500,0.0,0.0,0.0,0.0,100.0,0.0,0.0,0.0
20121101193600,0.0,0.0,0.0,0.0,100.0,0.0,0.0,0.0
20121101193700,0.0,0.0,0.0,0.0,100.0,0.0,0.0,0.0
20121101193800,0.0,0.0,0.0,0.0,100.0,0.0,0.0,0.0
20121101193900,0.0,0.0,0.0,0.0,100.0,0.0,0.0,0.0
20121101194000,0.0,0.0,0.0,0.0,100.0,0.0,0.0,0.0
20121101194100,0.0,0.1,0.0,0.0,99.9,0.0,0.0,0.0
20121101194200,0.0,0.6,0.0,0.0,99.4,0.0,0.0,0.0
20121101194300,0.0,0.3,0.0,0.0,99.7,0.0,0.0,0.0
20121101194400,0.0,0.5,0.0,0.0,99.5,0.0,0.0,0.0
20121101194500,0.0,0.1,0.0,0.0,99.9,0.0,0.0,0.0
20121101194600,0.0,0.6,0.0,0.0,99.4,0.0,0.0,0.0
20121101194700,0.0,0.0,0.0,0.0,100.0,0.0,0.0,0.0
20121101194800,0.0,0.1,0.0,0.0,99.9,0.0,0.0,0.0
20121101194900,0.0,0.0,0.0,0.0,100.0,0.0,0.0,0.0
20121101195000,0.0,0.0,0.0,0.0,100.0,0.0,0.0,0.0
20121101195100,0.0,0.3,0.0,0.0,99.7,0.0,0.0,0.0
20121101195200,0.0,0.0,0.0,0.0,100.0,0.0,0.0,0.0
20121101195300,0.0,0.0,0.0,0.0,100.0,0.0,0.0,0.0
20121101195400,0.0,0.5,0.0,0.0,99.5,0.0,0.0,0.0
20121101195500,0.0,0.4,0.0,0.0,99.6,0.0,0.0,0.0
20121101195600,0.0,0.0,0.0,0.0,100.0,0.0,0.0,0.0
20121101195700,0.0,0.0,0.0,0.0,100.0,0.0,0.0,0.0
20121101195800,0.0,0.0,0.0,0.0,99.4,0.0,0.0,0.6
20121101195900,0.0,0.0,0.0,0.0,97.7,0.0,0.0,2.3
20121101200000,0.0,0.0,0.0,0.0,93.4,0.0,0.0,6.5
20121101200100,0.0,0.0,0.0,0.0,97.8,0.0,0.0,2.2
20121101200200,0.0,0.0,0.0,0.0,68.6,0.0,0.0,31.4
20121101200300,0.0,0.0,0.0,0.0,96.2,0.0,0.0,3.7
20121101200400,0.0,0.0,0.0,0.0,74.4,0.0,0.0,25.6
20121101200500,0.0,0.0,0.0,0.0,41.8,0.0,0.1,58.1
20121101200600,0.0,0.0,0.0,0.0,27.5,0.0,0.1,72.4
20121101200700,0.0,0.0,0.0,0.0,44.9,0.0,0.0,55.1
20121101200800,0.0,0.0,0.0,0.0,62.1,0.0,0.1,37.8
20121101200900,0.0,0.0,0.0,0.0,67.0,0.0,0.0,33.0
20121101201000,0.0,0.0,0.0,0.0,96.0,0.0,0.0,4.0
20121101201100,0.0,0.0,0.0,0.0,89.9,0.0,0.0,10.1
20121101201200,0.0,0.0,0.0,0.0,97.5,0.0,0.0,2.5
20121101201300,0.0,0.0,0.0,0.0,92.4,0.0,0.0,7.6
20121101201400,0.0,0.0,0.0,0.0,93.5,0.0,0.0,6.4
20121101201500,0.0,0.0,0.0,0.0,93.0,0.0,0.1,6.9
20121101201600,0.0,0.0,0.0,0.0,42.7,0.0,0.2,57.2
20121101201700,0.0,0.0,0.0,0.0,64.3,0.0,0.2,35.6
20121101201800,0.0,0.0,0.0,0.0,10.0,0.0,0.7,89.3
20121101201900,0.0,0.0,0.0,0.0,6.2,0.0,1.4,92.3
20121101202000,0.0,0.0,0.0,0.0,12.9,0.0,1.2,85.9
20121101202100,0.0,0.0,0.0,0.0,4.7,0.0,1.4,93.9
20121101202200,0.0,0.0,0.0,0.0,44.5,0.0,3.6,51.9
20121101202300,0.0,0.0,0.0,0.0,44.5,0.0,1.6,53.9
20121101202400,0.0,0.0,0.0,0.0,53.6,0.0,0.4,46.0
20121101202500,0.0,0.0,0.0,0.0,22.8,0.0,0.7,76.4
20121101202600,0.0,0.0,0.0,0.0,79.0,0.0,2.1,18.9
20121101202700,0.0,0.0,0.0,0.0,86.8,0.0,0.3,13.0
20121101202800,0.0,0.0,0.0,0.0,40.1,0.0,0.4,59.5
20121101202900,0.0,0.0,0.0,0.0,72.6,0.0,0.2,27.1
20121101203000,0.0,0.0,0.0,0.0,5.2,0.0,0.6,94.2
20121101203100,0.1,0.0,0.0,0.0,15.2,0.0,1.0,83.7
20121101203200,0.1,0.0,0.0,0.0,63.3,0.0,0.2,36.4
20121101203300,0.0,0.0,0.0,0.0,48.2,0.0,2.0,49.8
20121101203400,0.0,0.0,0.0,0.0,84.3,0.0,0.1,15.6
20121101203500,0.0,0.0,0.0,0.0,41.6,0.0,0.2,58.2
20121101203600,0.0,0.0,0.0,0.0,67.9,0.0,1.9,30.2
20121101203700,0.0,0.0,0.0,0.0,97.2,0.0,0.1,2.7
20121101203800,0.0,0.0,0.0,0.0,99.8,0.0,0.0,0.2
20121101203900,0.0,0.0,0.0,0.0,100.0,0.0,0.0,0.0
20121101204000,0.0,0.0,0.0,0.0,99.9,0.0,0.0,0.0
20121101204100,0.0,0.0,0.0,0.0,100.0,0.0,0.0,0.0
20121101204200,0.0,0.0,0.0,0.0,100.0,0.0,0.0,0.0
20121101204300,0.0,0.0,0.0,0.0,100.0,0.0,0.0,0.0
20121101204400,0.0,0.0,0.0,0.0,100.0,0.0,0.0,0.0
20121101204500,0.0,0.0,0.0,0.0,100.0,0.0,0.0,0.0
20121101204600,0.0,0.0,0.0,0.0,98.8,0.0,1.1,0.1
20121101204700,0.0,0.0,0.0,0.0,99.8,0.0,0.1,0.1
20121101204800,0.0,0.0,0.0,0.0,93.6,0.0,3.0,3.4
20121101204900,0.0,0.0,0.0,0.0,90.9,0.0,8.2,1.0
20121101205000,0.0,0.0,0.0,0.0,78.8,0.0,20.9,0.3
20121101205100,0.0,0.0,0.0,0.0,67.6,0.0,19.4,13.1
20121101205200,0.0,0.0,0.0,0.0,31.4,0.0,14.1,54.5
20121101205300,0.0,0.0,0.0,0.0,67.2,0.0,9.0,23.8
20121101205400,0.0,0.0,0.0,0.0,98.5,0.0,0.4,1.0
20121101205500,0.0,0.0,0.0,0.0,99.9,0.0,0.1,0.1
20121101205600,0.0,0.0,0.0,0.0,32.4,0.0,12.6,55.0
20121101205700,0.0,0.0,0.0,0.0,8.9,0.0,5.8,85.3
20121101205800,0.0,0.0,0.0,0.0,26.6,0.0,27.4,46.0
20121101205900,0.0,0.0,0.0,0.0,7.5,0.0,4.2,88.3
20121101210000,0.0,0.0,0.0,0.0,1.1,0.0,0.6,98.3
20121101210100,0.0,0.0,0.0,0.0,0.0,0.0,0.2,99.8
20121101210200,0.0,0.0,0.0,0.0,0.2,0.0,0.4,99.3
20121101210300,0.0,0.0,0.0,0.0,0.4,0.0,0.6,99.0
20121101210400,0.0,0.0,0.0,0.0,5.5,0.0,3.8,90.6
20121101210500,0.0,0.0,0.0,0.0,6.3,0.0,3.8,89.9
20121101210600,0.0,0.0,0.0,0.0,0.9,0.0,2.7,96.4
20121101210700,0.0,0.0,0.0,0.0,0.9,0.0,0.5,98.6
20121101210800,0.0,0.0,0.0,0.0,40.7,0.0,1.0,58.3
20121101210900,0.0,0.0,0.0,0.0,0.7,0.0,0.6,98.7
20121101211000,0.0,0.0,0.0,0.0,0.4,0.0,0.2,99.4
20121101211100,0.0,0.0,0.0,0.0,0.6,0.0,0.4,98.9
20121101211200,0.0,0.0,0.0,0.0,5.1,0.0,0.6,94.3
20121101211300,0.0,0.0,0.0,0.0,18.0,0.0,0.3,81.6
20121101211400,0.0,0.4,0.0,0.0,98.7,0.0,0.1,0.9
20121101211500,0.0,0.0,0.0,0.0,34.8,0.0,1.3,63.8
20121101211600,0.0,0.0,0.0,0.0,12.8,0.0,1.1,86.2
20121101211700,0.0,0.0,0.0,0.0,99.1,0.0,0.0,0.9
20121101211800,0.0,0.0,0.0,0.0,100.0,0.0,0.0,0.0
20121101211900,0.0,0.0,0.0,0.0,99.8,0.0,0.0,0.2
20121101212000,0.0,0.0,0.0,0.0,100.0,0.0,0.0,0.0
20121101212100,0.0,0.0,0.0,0.0,100.0,0.0,0.0,0.0
20121101212200,0.0,0.0,0.0,0.0,100.0,0.0,0.0,0.0
20121101212300,0.0,0.0,0.0,0.0,100.0,0.0,0.0,0.0
20121101212400,0.0,0.0,0.0,0.0,100.0,0.0,0.0,0.0
20121101212500,0.0,0.0,0.0,0.0,100.0,0.0,0.0,0.0
20121101212600,0.0,0.0,0.0,0.0,100.0,0.0,0.0,0.0
20121101212700,0.0,0.0,0.0,0.0,100.0,0.0,0.0,0.0
20121101212800,0.0,0.0,0.0,0.0,100.0,0.0,0.0,0.0
20121101212900,0.0,0.0,0.0,0.0,100.0,0.0,0.0,0.0
20121101213000,0.0,0.0,0.0,0.0,100.0,0.0,0.0,0.0
20121101213100,0.0,0.0,0.0,0.0,100.0,0.0,0.0,0.0
20121101213200,0.0,0.0,0.0,0.0,100.0,0.0,0.0,0.0
20121101213300,0.0,0.0,0.0,0.0,100.0,0.0,0.0,0.0
20121101213400,0.0,0.0,0.0,0.0,100.0,0.0,0.0,0.0
20121101213500,0.0,0.0,0.0,0.0,100.0,0.0,0.0,0.0
20121101213600,0.0,0.0,0.0,0.0,100.0,0.0,0.0,0.0
20121101213700,0.0,0.0,0.0,0.0,100.0,0.0,0.0,0.0
20121101213800,0.0,0.0,0.0,0.0,100.0,0.0,0.0,0.0
20121101213900,0.0,0.0,0.0,0.0,100.0,0.0,0.0,0.0
20121101214000,0.0,0.0,0.0,0.0,100.0,0.0,0.0,0.0
20121101214100,0.0,0.0,0.0,0.0,100.0,0.0,0.0,0.0
20121101214200,0.0,0.0,0.0,0.0,100.0,0.0,0.0,0.0
20121101214300,0.0,0.0,0.0,0.0,100.0,0.0,0.0,0.0
20121101214400,0.0,0.0,0.0,0.0,100.0,0.0,0.0,0.0
20121101214500,0.0,0.0,0.0,0.0,100.0,0.0,0.0,0.0
20121101214600,0.0,0.0,0.0,0.0,100.0,0.0,0.0,0.0
20121101214700,0.0,0.0,0.0,0.0,100.0,0.0,0.0,0.0
20121101214800,0.0,0.0,0.0,0.0,92.3,0.0,0.1,7.7
20121101214900,0.0,0.0,0.0,0.0,100.0,0.0,0.0,0.0
20121101215000,0.0,0.0,0.0,0.0,100.0,0.0,0.0,0.0
20121101215100,0.0,0.0,0.0,0.0,99.9,0.0,0.0,0.1
20121101215200,0.0,0.0,0.0,0.0,97.5,0.0,0.3,2.2
20121101215300,0.0,0.0,0.0,0.0,70.0,0.0,1.6,28.5
20121101215400,0.0,0.0,0.0,0.0,98.8,0.0,0.3,0.8
20121101215500,0.0,0.0,0.0,0.0,60.1,0.0,0.7,39.3
20121101215600,0.0,0.0,0.0,0.0,99.9,0.0,0.0,0.1
20121101215700,0.0,0.0,0.0,0.0,100.0,0.0,0.0,0.0
20121101215800,0.0,0.0,0.0,0.0,100.0,0.0,0.0,0.0
20121101215900,0.0,0.0,0.0,0.0,99.0,0.0,0.0,1.0
20121101220000,0.0,0.0,0.0,0.0,99.3,0.0,0.0,0.7
20121101220100,0.0,0.0,0.0,0.0,62.1,0.0,0.5,37.4
20121101220200,0.0,0.0,0.0,0.0,98.2,0.0,1.0,0.8
20121101220300,0.0,0.0,0.0,0.0,99.9,0.0,0.0,0.1
20121101220400,0.0,0.0,0.0,0.0,99.8,0.0,0.0,0.2
20121101220500,0.0,0.0,0.0,0.0,98.6,0.0,0.0,1.3
20121101220600,0.0,0.0,0.0,0.0,29.1,0.0,0.0,70.9
20121101220700,0.0,0.0,0.0,0.0,63.3,0.0,0.1,36.5
20121101220800,0.0,0.0,0.0,0.0,54.7,0.0,0.5,44.7
20121101220900,0.0,0.0,0.0,0.0,3.3,0.0,0.0,96.7
20121101221000,0.0,0.0,0.0,0.0,21.3,0.0,0.0,78.7
20121101221100,0.0,0.0,0.0,0.0,0.5,0.0,0.0,99.5
20121101221200,0.0,0.0,0.0,0.0,0.2,0.0,0.1,99.7
20121101221300,0.0,0.0,0.0,0.0,1.9,0.0,0.0,98.1
20121101221400,0.0,0.0,0.0,0.0,37.7,0.0,0.0,62.2
20121101221500,0.0,0.0,0.0,0.1,66.0,0.0,0.0,33.8
20121101221600,0.0,0.0,0.0,0.0,93.1,0.0,0.1,6.8
20121101221700,0.0,0.0,0.0,0.2,97.4,0.0,0.0,2.3
20121101221800,0.0,0.0,0.0,0.0,95.3,0.0,0.0,4.7
20121101221900,0.0,0.0,0.0,0.0,99.7,0.0,0.1,0.2
20121101222000,0.0,0.0,0.0,0.0,100.0,0.0,0.0,0.0
20121101222100,0.0,0.0,0.0,0.0,100.0,0.0,0.0,0.0
20121101222200,0.0,0.0,0.0,0.1,99.9,0.0,0.0,0.0
20121101222300,0.0,0.0,0.0,0.0,100.0,0.0,0.0,0.0
20121101222400,0.0,0.0,0.0,0.1,99.9,0.0,0.0,0.0
20121101222500,0.0,0.0,0.0,0.0,100.0,0.0,0.0,0.0
20121101222600,0.0,0.0,0.0,0.0,100.0,0.0,0.0,0.0
20121101222700,0.0,0.0,0.0,0.0,100.0,0.0,0.0,0.0
20121101222800,0.0,0.0,0.0,0.0,100.0,0.0,0.0,0.0
20121101222900,0.0,0.0,0.0,0.0,99.8,0.0,0.0,0.1
20121101223000,0.0,0.0,0.0,0.0,100.0,0.0,0.0,0.0
20121101223100,0.0,0.0,0.0,0.0,100.0,0.0,0.0,0.0
20121101223200,0.0,0.0,0.0,0.0,100.0,0.0,0.0,0.0
20121101223300,0.0,0.0,0.0,0.0,100.0,0.0,0.0,0.0
20121101223400,0.0,0.0,0.0,0.0,100.0,0.0,0.0,0.0
20121101223500,0.0,0.0,0.0,0.0,99.9,0.0,0.1,0.1
20121101223600,0.0,0.0,0.0,0.0,99.9,0.0,0.0,0.0
20121101223700,0.0,0.0,0.0,0.0,100.0,0.0,0.0,0.0
20121101223800,0.0,0.0,0.0,0.0,95.7,0.0,1.0,3.3
20121101223900,0.0,0.0,0.0,0.0,99.1,0.0,0.3,0.5
20121101224000,0.0,0.0,0.0,0.0,99.0,0.0,0.3,0.7
20121101224100,0.0,0.0,0.0,0.0,98.5,0.0,0.2,1.4
20121101224200,0.0,0.0,0.0,0.0,75.2,0.0,0.2,24.6
20121101224300,0.0,0.0,0.0,0.0,69.8,0.0,1.1,29.1
20121101224400,0.0,0.0,0.0,0.0,59.5,0.0,0.8,39.6
20121101224500,0.0,0.0,0.0,0.0,100.0,0.0,0.0,0.0
20121101224600,0.0,0.0,0.0,0.0,99.6,0.0,0.2,0.2
20121101224700,0.0,0.0,0.0,0.0,97.3,0.0,0.7,2.0
20121101224800,0.0,0.0,0.0,0.0,94.6,0.0,2.8,2.6
20121101224900,0.0,0.0,0.0,0.0,92.9,0.0,2.0,5.0
20121101225000,0.0,0.0,0.0,0.0,98.4,0.0,0.1,1.5
20121101225100,0.0,0.0,0.0,0.0,99.1,0.0,0.1,0.8
20121101225200,0.0,0.0,0.0,0.0,99.5,0.0,0.1,0.4
20121101225300,0.0,0.0,0.0,0.0,98.5,0.0,0.1,1.4
20121101225400,0.0,0.0,0.0,0.0,99.4,0.0,0.1,0.4
20121101225500,0.0,0.0,0.0,0.0,97.0,0.0,0.2,2.8
20121101225600,0.0,0.0,0.0,0.0,85.9,0.0,0.6,13.5
20121101225700,0.0,0.0,0.0,0.0,97.9,0.0,0.1,2.0
20121101225800,0.0,0.0,0.0,0.0,100.0,0.0,0.0,0.0
20121101225900,0.0,0.0,0.0,0.0,99.1,0.0,0.0,0.9
20121101230000,0.0,0.0,0.0,0.0,98.4,0.0,0.0,1.6
20121101230100,0.0,0.0,0.0,0.0,100.0,0.0,0.0,0.0
20121101230200,0.0,0.0,0.0,0.0,99.7,0.0,0.1,0.2
20121101230300,0.0,0.0,0.0,0.0,98.6,0.0,0.2,1.2
20121101230400,0.0,0.0,0.0,0.0,87.2,0.0,0.8,12.0
20121101230500,0.0,0.0,0.0,0.0,98.8,0.0,0.2,1.0
20121101230600,0.0,0.0,0.0,0.0,98.0,0.0,0.2,1.8
20121101230700,0.0,0.0,0.0,0.0,93.0,0.0,0.0,7.0
20121101230800,0.0,0.0,0.0,0.0,99.0,0.0,0.0,1.0
20121101230900,0.0,0.0,0.0,0.0,96.6,0.0,0.1,3.3
20121101231000,0.0,0.0,0.0,0.0,96.1,0.0,0.1,3.8
20121101231100,0.0,0.0,0.0,0.0,82.2,0.0,0.1,17.7
20121101231200,0.0,0.0,0.0,0.0,58.5,0.0,0.6,40.9
20121101231300,0.0,0.0,0.0,0.0,0.6,0.0,0.0,99.4
20121101231400,0.0,0.0,0.0,0.0,1.8,0.0,0.2,98.0
20121101231500,0.0,0.0,0.0,0.0,0.1,0.0,0.3,99.6
20121101231600,0.0,0.0,0.0,0.0,0.4,0.0,0.1,99.5
20121101231700,0.0,0.0,0.0,0.0,5.9,0.0,2.0,92.1
20121101231800,0.0,0.0,0.0,0.0,0.9,0.0,0.1,99.0
20121101231900,0.0,0.0,0.0,0.0,2.3,0.0,0.4,97.3
20121101232000,0.0,0.0,0.0,0.0,1.3,0.0,0.2,98.5
20121101232100,0.0,0.0,0.0,0.0,2.8,0.0,0.6,96.6
20121101232200,0.0,0.0,0.0,0.0,0.1,0.0,0.3,99.6
20121101232300,0.0,0.0,0.0,0.0,0.2,0.0,0.4,99.5
20121101232400,0.0,0.0,0.0,0.0,0.5,0.0,1.0,98.5
20121101232500,0.0,0.0,0.0,0.0,0.6,0.0,8.7,90.7
20121101232600,0.0,0.0,0.0,0.0,1.2,0.0,2.6,96.2
20121101232700,0.0,0.0,0.0,0.0,3.1,0.0,7.8,89.1
20121101232800,0.0,0.0,0.0,0.0,0.5,0.0,1.9,97.5
20121101232900,0.0,0.0,0.0,0.0,2.0,0.0,3.9,94.1
20121101233000,0.0,0.0,0.0,0.0,0.5,0.0,0.7,98.8
20121101233100,0.0,0.0,0.0,0.0,0.0,0.0,0.0,100.0
20121101233200,0.0,0.0,0.0,0.0,0.2,0.0,0.1,99.7
20121101233300,0.0,0.0,0.0,0.0,0.5,0.0,1.1,98.4
20121101233400,0.0,0.0,0.0,0.0,0.3,0.0,0.2,99.5
20121101233500,0.0,0.0,0.0,0.0,0.2,0.0,0.3,99.5
20121101233600,0.0,0.0,0.0,0.0,0.2,0.0,0.1,99.7
20121101233700,0.0,0.0,0.0,0.0,0.4,0.0,0.0,99.6
20121101233800,0.0,0.0,0.0,0.0,1.1,0.0,0.0,98.9
20121101233900,0.0,0.0,0.0,0.0,0.5,0.0,0.0,99.5
20121101234000,0.0,0.0,0.0,0.0,0.2,0.0,0.0,99.8
20121101234100,0.0,0.0,0.0,0.0,0.2,0.0,0.0,99.8
20121101234200,0.0,0.0,0.0,0.0,0.0,0.0,0.0,100.0
20121101234300,0.0,0.0,0.0,0.0,0.2,0.0,0.1,99.7
20121101234400,0.0,0.0,0.0,0.0,0.1,0.0,0.1,99.8
20121101234500,0.0,0.0,0.0,0.0,0.1,0.0,0.0,99.9
20121101234600,0.0,0.0,0.0,0.0,0.0,0.0,0.0,99.9
20121101234700,0.0,0.0,0.0,0.0,0.0,0.0,0.0,100.0
20121101234800,0.0,0.0,0.0,0.0,0.1,0.0,0.0,99.9
20121101234900,0.0,0.0,0.0,0.0,0.0,0.0,0.0,100.0
20121101235000,0.0,0.0,0.0,0.0,0.1,0.0,0.2,99.7
20121101235100,0.0,0.0,0.0,0.0,0.0,0.0,0.1,99.9
20121101235200,0.0,0.0,0.0,0.0,0.0,0.0,0.0,100.0
20121101235300,0.0,0.0,0.0,0.0,0.0,0.0,0.0,100.0
20121101235400,0.0,0.0,0.0,0.0,0.0,0.0,0.0,100.0
20121101235500,0.0,0.0,0.0,0.0,0.1,0.0,0.1,99.8
20121101235600,0.0,0.0,0.0,0.0,0.0,0.0,0.0,100.0
20121101235700,0.0,0.0,0.0,0.0,0.0,0.0,0.0,100.0
20121101235800,0.0,0.0,0.0,0.0,0.0,0.0,0.0,100.0
20121101235900,0.0,0.0,0.0,0.0,0.1,0.0,0.0,99.8
20121102000000,0.0,0.0,0.0,0.0,0.1,0.0,0.0,99.9
20121102000100,0.0,0.0,0.0,0.0,0.4,0.0,0.1,99.5
20121102000200,0.0,0.0,0.0,0.0,0.4,0.0,0.0,99.5
20121102000300,0.0,0.0,0.0,0.0,0.1,0.0,0.1,99.8
20121102000400,0.0,0.0,0.0,0.0,0.5,0.0,1.5,98.0
20121102000500,0.0,0.0,0.0,0.0,0.1,0.0,0.3,99.6
20121102000600,0.0,0.0,0.0,0.0,2.0,0.0,17.3,80.7
20121102000700,0.0,0.0,0.0,0.0,24.4,0.0,23.5,52.0
20121102000800,0.0,0.0,0.0,0.0,40.4,0.0,1.3,58.3
20121102000900,0.0,0.0,0.0,0.0,96.8,0.0,0.6,2.6
20121102001000,0.0,0.0,0.0,0.0,91.9,0.0,3.9,4.1
20121102001100,0.0,0.0,0.0,0.0,40.7,0.0,12.0,47.3
20121102001200,0.0,0.0,0.0,0.0,3.1,0.0,0.2,96.7
20121102001300,0.0,0.0,0.0,0.0,0.4,0.0,2.1,97.5
20121102001400,0.0,0.0,0.0,0.0,1.1,0.0,7.5,91.4
20121102001500,0.0,0.0,0.0,0.0,0.3,0.0,2.0,97.7
20121102001600,0.0,0.0,0.0,0.0,0.2,0.0,47.9,51.9
20121102001700,0.0,0.0,0.0,0.0,0.1,0.0,55.2,44.8
20121102001800,0.0,0.0,0.0,0.0,0.4,0.0,76.5,23.0
20121102001900,0.0,0.0,0.0,0.0,0.5,0.0,95.0,4.5
20121102002000,0.0,0.0,0.0,0.0,0.1,0.0,73.1,26.8
20121102002100,0.0,0.0,0.0,0.0,0.1,0.0,57.8,42.1
20121102002200,0.0,0.0,0.0,0.0,0.1,0.0,70.5,29.5
20121102002300,0.0,0.0,0.0,0.0,0.0,0.0,45.7,54.3
20121102002400,0.0,0.0,0.0,0.0,0.0,0.0,14.9,85.0
20121102002500,0.0,0.0,0.0,0.0,0.2,0.0,57.0,42.8
20121102002600,0.0,0.0,0.0,0.0,0.1,0.0,22.9,77.0
20121102002700,0.0,0.0,0.0,0.0,0.3,0.0,2.8,96.8
20121102002800,0.0,0.0,0.0,0.0,0.8,0.0,21.8,77.4
20121102002900,0.0,0.0,0.0,0.0,0.4,0.0,21.5,78.1
20121102003000,0.0,0.0,0.0,0.0,1.7,0.0,36.0,62.2
20121102003100,0.0,0.0,0.0,0.2,4.6,0.0,20.7,74.4
20121102003200,0.0,0.0,0.0,0.0,0.3,0.0,3.6,96.1
20121102003300,0.0,0.0,0.0,0.0,0.1,0.0,1.3,98.6
20121102003400,0.0,0.0,0.0,0.0,0.0,0.0,1.5,98.4
20121102003500,0.0,0.0,0.0,0.0,0.0,0.0,0.2,99.8
20121102003600,0.0,0.0,0.0,0.0,0.1,0.0,1.0,98.9
20121102003700,0.0,0.0,0.0,0.0,0.1,0.0,1.6,98.2
20121102003800,0.0,0.0,0.0,0.0,0.1,0.0,3.7,96.2
20121102003900,0.0,0.0,0.0,0.0,0.1,0.0,7.8,92.1
20121102004000,0.0,0.0,0.0,0.0,0.0,0.0,5.9,94.1
20121102004100,0.0,0.0,0.0,0.0,0.2,0.0,5.8,94.0
20121102004200,0.0,0.0,0.0,0.0,0.1,0.0,21.2,78.7
20121102004300,0.0,0.0,0.0,0.0,0.2,0.0,30.9,68.9
20121102004400,0.0,0.0,0.0,0.0,1.1,0.0,19.7,79.2
20121102004500,0.0,0.0,0.0,0.0,1.4,0.0,12.1,86.4
20121102004600,0.0,0.0,0.0,0.1,97.6,0.0,0.6,1.7
20121102004700,0.0,0.0,0.0,0.2,81.6,0.0,15.3,2.9
20121102004800,0.0,0.0,0.0,0.0,2.3,0.0,67.7,30.0
20121102004900,0.0,0.0,0.0,0.0,1.3,0.0,92.2,6.5
20121102005000,0.0,0.0,0.0,0.0,1.6,0.0,79.0,19.4
20121102005100,0.0,0.0,0.0,0.0,1.3,0.0,66.5,32.2
20121102005200,0.0,0.0,0.0,0.0,10.1,0.0,72.7,17.2
20121102005300,0.0,0.0,0.0,0.0,1.4,0.0,33.7,64.9
20121102005400,0.0,0.0,0.0,0.0,3.4,0.0,83.3,13.3
20121102005500,0.0,0.0,0.0,0.0,23.2,0.0,40.5,36.2
20121102005600,0.0,0.0,0.0,0.2,27.4,0.0,71.8,0.6
20121102005700,0.0,0.1,0.0,0.5,68.3,0.0,30.1,1.0
20121102005800,0.0,0.0,0.0,0.0,91.6,0.0,8.0,0.3
20121102005900,0.0,0.0,0.0,0.2,96.9,0.0,2.8,0.1
20121102010000,0.0,0.0,0.0,0.1,99.1,0.0,0.8,0.1
20121102010100,0.0,0.0,0.0,0.3,66.0,0.0,20.9,12.8
20121102010200,0.0,0.0,0.0,0.2,53.0,0.0,46.6,0.1
20121102010300,0.0,0.0,0.0,1.5,85.3,0.0,13.0,0.2
20121102010400,0.0,0.0,0.0,5.2,92.4,0.0,2.2,0.2
20121102010500,0.0,0.0,0.0,0.2,99.0,0.0,0.6,0.1
20121102010600,0.0,0.0,0.0,0.1,95.6,0.0,3.6,0.6
20121102010700,0.0,0.0,0.0,0.3,97.8,0.0,1.3,0.6
20121102010800,0.0,0.0,0.0,3.2,95.8,0.0,0.9,0.0
20121102010900,0.0,0.0,0.0,0.0,99.2,0.0,0.8,0.1
20121102011000,0.0,0.0,0.0,0.0,98.9,0.0,0.6,0.5
20121102011100,0.0,0.0,0.0,0.0,88.7,0.0,6.2,5.0
20121102011200,0.0,0.0,0.0,0.0,93.7,0.0,3.8,2.5
20121102011300,0.0,0.0,0.0,0.1,62.3,0.0,31.8,5.8
20121102011400,0.0,0.0,0.0,0.0,37.5,0.0,57.5,5.0
20121102011500,0.0,0.0,0.0,0.1,39.6,0.0,52.1,8.2
20121102011600,0.0,0.0,0.0,0.1,5.8,0.0,83.5,10.7
20121102011700,0.0,0.0,0.0,0.0,4.1,0.0,91.2,4.6
20121102011800,0.0,0.0,0.0,0.1,3.8,0.0,93.0,3.1
20121102011900,0.0,0.0,0.0,0.1,4.4,0.0,86.3,9.2
20121102012000,0.0,0.0,0.0,0.0,2.5,0.0,91.7,5.8
20121102012100,0.0,0.0,0.0,0.0,0.9,0.0,67.3,31.7
20121102012200,0.0,0.0,0.0,0.0,1.4,0.0,62.5,36.0
20121102012300,0.0,0.0,0.0,0.2,6.9,0.0,63.9,29.1
20121102012400,0.0,0.0,0.0,0.4,2.7,0.0,68.6,28.3
20121102012500,0.0,0.0,0.0,0.3,1.7,0.0,82.0,16.0
20121102012600,0.0,0.0,0.0,0.2,3.9,0.0,84.3,11.6
20121102012700,0.0,0.0,0.0,0.1,0.5,0.0,93.8,5.7
20121102012800,0.0,0.0,0.0,0.2,1.1,0.0,85.0,13.6
20121102012900,0.0,0.0,0.0,0.1,0.4,0.0,91.3,8.1
20121102013000,0.0,0.0,0.0,0.2,0.1,0.0,95.1,4.6
20121102013100,0.0,0.0,0.0,0.2,0.2,0.0,97.1,2.5
20121102013200,0.0,0.0,0.0,0.1,0.3,0.0,95.7,3.9
20121102013300,0.0,0.0,0.0,1.6,0.4,0.0,83.8,14.2
20121102013400,0.0,0.0,0.0,0.8,0.1,0.0,96.2,2.9
20121102013500,0.0,0.0,0.0,0.2,0.4,0.0,75.6,23.9
20121102013600,0.0,0.0,0.0,0.7,1.3,0.0,81.6,16.4
20121102013700,0.0,0.0,0.0,0.2,0.3,0.0,94.1,5.3
20121102013800,0.0,0.0,0.0,1.8,1.0,0.0,89.1,8.1
20121102013900,0.0,0.0,0.0,1.5,0.7,0.0,92.4,5.5
20121102014000,0.0,0.0,0.0,2.4,3.6,0.0,77.5,16.4
20121102014100,0.0,0.0,0.0,1.8,5.5,0.0,74.4,18.3
20121102014200,0.0,0.0,0.0,1.0,2.8,0.0,73.6,22.5
20121102014300,0.0,0.0,0.0,0.2,0.7,0.0,84.3,14.9
20121102014400,0.0,0.0,0.0,0.1,0.3,0.0,68.4,31.2
20121102014500,0.0,0.0,0.0,0.1,0.3,0.0,93.5,6.2
20121102014600,0.0,0.0,0.0,0.1,0.4,0.0,85.5,14.0
20121102014700,0.0,0.0,0.0,0.2,0.3,0.0,86.6,12.9
20121102014800,0.0,0.0,0.0,0.8,1.8,0.0,20.3,77.1
20121102014900,0.0,0.0,0.0,0.8,12.5,0.0,42.0,44.7
20121102015000,0.0,0.0,0.0,0.3,2.1,0.0,69.5,28.1
20121102015100,0.0,0.0,0.0,0.1,5.3,0.0,59.1,35.5
20121102015200,0.0,0.0,0.0,0.3,3.4,0.0,55.4,40.9
20121102015300,0.0,0.0,0.0,0.1,1.1,0.0,75.5,23.3
20121102015400,0.0,0.0,0.0,0.2,2.6,0.0,39.4,57.9
20121102015500,0.0,0.0,0.0,0.0,0.6,0.0,9.5,89.9
20121102015600,0.0,0.0,0.0,0.0,0.4,0.0,5.6,94.0
20121102015700,0.0,0.0,0.0,0.0,0.7,0.0,4.3,95.0
20121102015800,0.0,0.0,0.0,0.0,0.5,0.0,9.3,90.1
20121102015900,0.0,0.0,0.0,0.0,0.7,0.0,1.6,97.7
20121102020000,0.0,0.0,0.0,0.0,0.4,0.0,1.1,98.5
20121102020100,0.0,0.0,0.0,0.0,1.0,0.0,1.4,97.6
20121102020200,0.0,0.0,0.0,0.0,0.4,0.0,0.8,98.8
20121102020300,0.0,0.0,0.0,0.0,0.2,0.0,0.2,99.6
20121102020400,0.0,0.0,0.0,0.0,0.3,0.0,0.2,99.5
20121102020500,0.0,0.0,0.0,0.0,0.1,0.0,0.1,99.8
20121102020600,0.0,0.0,0.0,0.0,0.5,0.0,0.2,99.2
20121102020700,0.0,0.0,0.0,0.0,0.2,0.0,0.2,99.6
20121102020800,0.0,0.0,0.0,0.0,0.8,0.0,0.1,99.1
20121102020900,0.0,0.0,0.0,0.0,0.6,0.0,0.5,98.9
20121102021000,0.0,0.0,0.0,0.0,0.1,0.0,0.7,99.2
20121102021100,0.0,0.0,0.0,0.0,0.1,0.0,0.7,99.2
20121102021200,0.0,0.0,0.0,0.0,0.2,0.0,0.3,99.6
20121102021300,0.0,0.0,0.0,0.0,0.3,0.0,0.2,99.5
20121102021400,0.0,0.0,0.0,0.0,1.1,0.0,0.4,98.6
20121102021500,0.0,0.0,0.0,0.0,0.2,0.0,0.3,99.6
20121102021600,0.0,0.0,0.0,0.0,0.2,0.0,0.2,99.6
20121102021700,0.0,0.0,0.0,0.0,2.0,0.0,1.6,96.5
20121102021800,0.0,0.0,0.0,0.0,7.5,0.0,6.3,86.2
20121102021900,0.0,0.0,0.0,0.0,1.1,0.0,1.1,97.9
20121102022000,0.0,0.0,0.0,0.0,1.4,0.0,0.4,98.2
20121102022100,0.0,0.0,0.0,0.0,1.0,0.0,0.3,98.6
20121102022200,0.0,0.0,0.0,0.0,0.6,0.0,0.1,99.3
20121102022300,0.0,0.0,0.0,0.0,0.8,0.0,0.3,99.0
20121102022400,0.0,0.0,0.0,0.0,8.4,0.0,0.5,91.1
20121102022500,0.0,0.0,0.0,0.0,2.7,0.0,1.9,95.4
20121102022600,0.0,0.0,0.0,0.0,5.5,0.0,0.6,93.9
20121102022700,0.0,0.0,0.0,0.0,5.1,0.0,0.3,94.7
20121102022800,0.0,0.0,0.0,0.0,0.5,0.0,0.4,99.1
20121102022900,0.0,0.0,0.0,0.0,7.2,0.0,0.8,92.0
20121102023000,0.0,0.0,0.0,0.0,0.8,0.0,0.1,99.1
20121102023100,0.0,0.0,0.0,0.0,0.9,0.0,0.7,98.4
20121102023200,0.0,0.0,0.0,0.0,0.5,0.0,2.4,97.1
20121102023300,0.0,0.0,0.0,0.0,0.2,0.0,3.5,96.3
20121102023400,0.0,0.0,0.0,0.0,0.3,0.0,2.8,96.9
20121102023500,0.0,0.0,0.0,0.0,0.4,0.0,19.1,80.5
20121102023600,0.0,0.0,0.0,0.0,2.0,0.0,20.6,77.3
20121102023700,0.0,0.0,0.0,0.0,1.1,0.0,63.3,35.6
20121102023800,0.0,0.0,0.0,0.0,0.4,0.0,46.5,53.2
20121102023900,0.0,0.0,0.0,0.0,2.1,0.0,43.1,54.7
20121102024000,0.0,0.0,0.0,0.0,1.2,0.0,72.6,26.3
20121102024100,0.0,0.0,0.0,0.0,0.7,0.0,58.5,40.8
20121102024200,0.0,0.0,0.0,0.0,2.3,0.0,46.4,51.3
20121102024300,0.0,0.0,0.0,0.0,0.8,0.0,36.4,62.8
20121102024400,0.0,0.0,0.0,0.0,0.8,0.0,19.9,79.3
20121102024500,0.0,0.0,0.0,0.0,1.4,0.0,12.2,86.4
20121102024600,0.0,0.0,0.0,0.0,0.4,0.0,2.2,97.3
20121102024700,0.0,0.0,0.0,0.0,0.2,0.0,14.8,85.0
20121102024800,0.0,0.0,0.0,0.0,0.8,0.0,20.6,78.6
20121102024900,0.0,0.0,0.0,0.0,1.2,0.0,26.8,72.1
20121102025000,0.0,0.0,0.0,0.0,0.2,0.0,19.2,80.6
20121102025100,0.0,0.0,0.0,0.0,0.1,0.0,17.1,82.8
20121102025200,0.0,0.0,0.0,0.0,0.1,0.0,25.4,74.5
20121102025300,0.0,0.0,0.0,0.0,0.9,0.0,21.2,78.0
20121102025400,0.0,0.0,0.0,0.0,2.7,0.0,72.5,24.7
20121102025500,0.0,0.0,0.0,0.0,2.2,0.0,34.8,63.0
20121102025600,0.0,0.0,0.0,0.0,3.0,0.0,11.6,85.3
20121102025700,0.0,0.0,0.0,0.0,1.1,0.0,1.4,97.5
20121102025800,0.0,0.0,0.0,0.0,16.7,0.0,19.1,64.1
20121102025900,0.0,0.0,0.0,0.0,4.6,0.0,14.7,80.7
20121102030000,0.0,0.0,0.0,0.0,26.2,0.0,9.9,63.9
20121102030100,0.0,0.0,0.0,0.0,26.5,0.0,9.6,63.9
20121102030200,0.0,0.0,0.0,0.1,27.9,0.0,15.2,56.8
20121102030300,0.0,0.0,0.0,0.1,39.0,0.0,36.3,24.6
20121102030400,0.0,0.0,0.0,0.1,49.6,0.0,9.1,41.2
20121102030500,0.0,0.0,0.0,0.0,37.2,0.0,9.8,52.9
20121102030600,0.0,0.1,0.0,0.2,61.6,0.0,5.0,33.1
20121102030700,0.0,0.0,0.0,0.1,35.0,0.0,21.5,43.3
20121102030800,0.0,0.0,0.0,0.3,55.9,0.0,20.4,23.4
20121102030900,0.0,0.0,0.0,0.4,17.4,0.0,18.2,64.0
20121102031000,0.0,0.0,0.0,0.5,50.1,0.0,25.6,23.7
20121102031100,0.0,0.0,0.0,0.1,5.8,0.0,3.0,91.2
20121102031200,0.0,0.0,0.0,0.1,4.1,0.0,64.3,31.5
20121102031300,0.0,0.0,0.0,0.1,1.6,0.0,66.6,31.7
20121102031400,0.0,0.0,0.0,0.1,1.3,0.0,82.0,16.5
20121102031500,0.0,0.0,0.0,0.1,5.5,0.0,82.0,12.3
20121102031600,0.0,0.0,0.0,0.1,6.9,0.0,54.0,38.9
20121102031700,0.0,0.0,0.0,0.3,15.8,0.0,52.9,30.9
20121102031800,0.0,0.0,0.0,0.1,6.2,0.0,23.5,70.1
20121102031900,0.0,0.0,0.0,0.0,6.7,0.0,11.8,81.4
20121102032000,0.0,0.0,0.0,0.1,14.1,0.0,10.5,75.3
20121102032100,0.0,0.0,0.0,0.0,17.2,0.0,6.8,76.0
20121102032200,0.0,0.0,0.0,0.2,14.2,0.0,18.1,67.6
20121102032300,0.0,0.0,0.0,0.1,21.1,0.0,66.2,12.6
20121102032400,0.0,0.0,0.0,0.3,18.7,0.0,30.7,50.2
20121102032500,0.0,0.0,0.0,0.1,11.5,0.0,13.6,74.7
20121102032600,0.0,0.0,0.0,0.1,3.5,0.0,15.6,80.8
20121102032700,0.0,0.0,0.0,0.0,10.9,0.0,26.3,62.8
20121102032800,0.0,0.0,0.0,0.2,32.9,0.0,14.8,52.1
20121102032900,0.0,0.0,0.0,0.2,44.5,0.0,29.5,25.8
20121102033000,0.0,0.0,0.0,0.1,47.0,0.0,12.8,40.0
20121102033100,0.0,0.0,0.0,0.3,29.9,0.0,28.1,41.7
20121102033200,0.0,0.0,0.0,0.0,6.5,0.0,87.9,5.5
20121102033300,0.0,0.0,0.0,0.2,50.1,0.0,35.2,14.5
20121102033400,0.0,0.0,0.0,0.1,12.3,0.0,28.1,59.5
20121102033500,0.0,0.0,0.0,0.3,21.1,0.0,68.9,9.7
20121102033600,0.0,0.0,0.0,0.3,53.1,0.0,31.5,15.1
20121102033700,0.0,0.0,0.0,0.3,32.2,0.0,53.8,13.8
20121102033800,0.0,0.0,0.0,0.0,36.8,0.0,44.2,18.9
20121102033900,0.0,0.0,0.0,0.0,5.3,0.0,24.6,70.1
20121102034000,0.0,0.0,0.0,0.0,3.5,0.0,20.1,76.4
20121102034100,0.0,0.0,0.0,0.0,4.4,0.0,28.7,66.9
20121102034200,0.0,0.0,0.0,0.0,2.1,0.0,40.5,57.4
20121102034300,0.0,0.0,0.0,0.0,4.6,0.0,43.9,51.5
20121102034400,0.0,0.0,0.0,0.0,30.8,0.0,27.4,41.7
20121102034500,0.0,0.0,0.0,0.0,7.0,0.0,68.1,24.9
20121102034600,0.0,0.0,0.0,0.0,20.3,0.0,71.4,8.3
20121102034700,0.0,0.0,0.0,0.0,0.7,0.0,98.0,1.3
20121102034800,0.0,0.0,0.0,0.0,3.5,0.0,40.5,56.1
20121102034900,0.0,0.0,0.0,0.0,1.9,0.0,83.4,14.6
20121102035000,0.0,0.0,0.0,0.0,0.4,0.0,94.7,5.0
20121102035100,0.0,0.0,0.0,0.1,4.4,0.0,79.7,15.9
20121102035200,0.0,0.0,0.0,0.0,0.4,0.0,99.0,0.5
20121102035300,0.0,0.0,0.0,0.0,2.9,0.0,90.1,7.0
20121102035400,0.0,0.0,0.0,0.0,1.0,0.0,61.7,37.2
20121102035500,0.0,0.0,0.0,0.0,1.4,0.0,90.9,7.7
20121102035600,0.0,0.0,0.0,0.0,0.3,0.0,98.6,1.1
20121102035700,0.0,0.0,0.0,0.0,2.0,0.0,54.8,43.3
20121102035800,0.0,0.0,0.0,0.0,1.5,0.0,83.5,14.9
20121102035900,0.0,0.0,0.0,0.0,1.0,0.0,65.4,33.6
20121102040000,0.0,0.0,0.0,0.0,2.0,0.0,18.4,79.6
20121102040100,0.0,0.0,0.0,0.0,2.2,0.0,49.3,48.5
20121102040200,0.0,0.0,0.0,0.0,1.7,0.0,56.5,41.8
20121102040300,0.0,0.0,0.0,0.0,10.5,0.0,55.1,34.4
20121102040400,0.0,0.0,0.0,0.0,6.4,0.0,88.2,5.3
20121102040500,0.0,0.0,0.0,0.0,2.6,0.0,95.5,1.9
20121102040600,0.0,0.0,0.0,0.0,1.4,0.0,82.2,16.3
20121102040700,0.0,0.0,0.0,0.0,1.5,0.0,85.7,12.8
20121102040800,0.0,0.0,0.0,0.0,0.5,0.0,90.8,8.7
20121102040900,0.0,0.0,0.0,0.0,0.3,0.0,95.8,3.9
20121102041000,0.0,0.0,0.0,0.0,3.9,0.0,91.2,4.8
20121102041100,0.0,0.0,0.0,0.0,5.9,0.0,93.0,1.1
20121102041200,0.0,0.0,0.0,0.0,10.0,0.0,79.8,10.2
20121102041300,0.0,0.0,0.0,0.0,2.9,0.0,90.1,7.1
20121102041400,0.0,0.0,0.0,0.0,0.4,0.0,85.8,13.8
20121102041500,0.0,0.0,0.0,0.0,0.8,0.0,73.5,25.6
20121102041600,0.0,0.0,0.0,0.0,0.9,0.0,73.7,25.4
20121102041700,0.0,0.0,0.0,0.0,5.0,0.0,62.4,32.6
20121102041800,0.0,0.0,0.0,0.0,0.2,0.0,71.5,28.3
20121102041900,0.0,0.0,0.0,0.0,0.0,0.0,40.2,59.7
20121102042000,0.0,0.0,0.0,0.0,0.1,0.0,87.3,12.6
20121102042100,0.0,0.0,0.0,0.0,0.1,0.0,69.4,30.5
20121102042200,0.0,0.0,0.0,0.0,0.1,0.0,81.4,18.5
20121102042300,0.0,0.0,0.0,0.0,0.2,0.0,58.4,41.4
20121102042400,0.0,0.0,0.0,0.0,1.7,0.0,75.0,23.2
20121102042500,0.0,0.0,0.0,0.0,0.9,0.0,74.6,24.5
20121102042600,0.0,0.0,0.0,0.1,3.2,0.0,64.9,31.8
20121102042700,0.0,0.0,0.0,0.1,1.1,0.0,67.0,31.8
20121102042800,0.0,0.0,0.0,0.0,0.5,0.0,88.8,10.7
20121102042900,0.0,0.0,0.0,0.0,0.7,0.0,74.5,24.8
20121102043000,0.0,0.0,0.0,0.0,0.4,0.0,71.6,28.0
20121102043100,0.0,0.0,0.0,0.0,0.3,0.0,65.1,34.6
20121102043200,0.0,0.0,0.0,0.0,0.2,0.0,14.7,85.1
20121102043300,0.0,0.0,0.0,0.0,0.8,0.0,41.9,57.3
20121102043400,0.0,0.0,0.0,0.0,0.1,0.0,1.0,99.0
20121102043500,0.0,0.0,0.0,0.0,0.0,0.0,2.7,97.2
20121102043600,0.0,0.0,0.0,0.0,0.1,0.0,2.6,97.4
20121102043700,0.0,0.0,0.0,0.0,0.2,0.0,8.4,91.3
20121102043800,0.0,0.0,0.0,0.0,0.0,0.0,2.3,97.6
20121102043900,0.0,0.0,0.0,0.0,0.1,0.0,13.9,86.0
20121102044000,0.0,0.0,0.0,0.0,0.0,0.0,5.5,94.5
20121102044100,0.0,0.0,0.0,0.0,0.1,0.0,56.1,43.9
20121102044200,0.0,0.0,0.0,0.0,0.1,0.0,9.7,90.2
20121102044300,0.0,0.0,0.0,0.0,0.4,0.0,12.0,87.7
20121102044400,0.0,0.0,0.0,0.0,0.3,0.0,4.0,95.7
20121102044500,0.0,0.0,0.0,0.0,0.6,0.0,5.7,93.7
20121102044600,0.0,0.0,0.0,0.0,0.8,0.0,10.1,89.1
20121102044700,0.0,0.0,0.0,0.0,0.2,0.0,4.5,95.2
20121102044800,0.0,0.0,0.0,0.0,0.1,0.0,3.8,96.1
20121102044900,0.0,0.0,0.0,0.0,4.9,0.0,10.7,84.4
20121102045000,0.0,0.0,0.0,0.0,0.8,0.0,1.9,97.3
20121102045100,0.0,0.0,0.0,0.0,0.6,0.0,3.9,95.5
20121102045200,0.0,0.0,0.0,0.0,0.0,0.0,3.7,96.3
20121102045300,0.0,0.0,0.0,0.0,0.3,0.0,4.4,95.3
20121102045400,0.0,0.0,0.0,0.0,0.2,0.0,6.1,93.7
20121102045500,0.0,0.0,0.0,0.0,0.3,0.0,1.0,98.7
20121102045600,0.0,0.0,0.0,0.0,0.0,0.0,0.4,99.6
20121102045700,0.0,0.0,0.0,0.0,0.0,0.0,0.2,99.8
20121102045800,0.0,0.0,0.0,0.0,0.0,0.0,0.0,100.0
20121102045900,0.0,0.0,0.0,0.0,0.0,0.0,0.1,99.9
20121102050000,0.0,0.0,0.0,0.0,0.0,0.0,0.0,100.0
20121102050100,0.0,0.0,0.0,0.0,0.0,0.0,0.0,100.0
20121102050200,0.0,0.0,0.0,0.0,0.0,0.0,0.0,100.0
20121102050300,0.0,0.0,0.0,0.0,0.0,0.0,0.0,100.0
20121102050400,0.0,0.0,0.0,0.0,0.0,0.0,0.0,100.0
20121102050500,0.0,0.0,0.0,0.0,0.0,0.0,0.0,100.0
20121102050600,0.0,0.0,0.0,0.0,0.0,0.0,0.0,100.0
