UT,arc,discrete,diffuse,ac,ab,clear,cloudy,dd
20121203074214,0.0,0.0,0.0,0.0,0.0,0.0,0.0,100.0
20121203074800,0.0,0.0,0.0,0.0,0.0,0.0,0.0,100.0
20121203074900,0.0,0.0,0.0,0.0,0.0,0.0,0.0,100.0
20121203075000,0.0,0.0,0.0,0.0,0.0,0.0,0.0,100.0
20121203075100,0.0,0.0,0.0,0.0,0.0,0.0,0.0,100.0
20121203075200,0.0,0.0,0.0,0.0,0.0,0.0,0.0,100.0
20121203075300,0.0,0.0,0.0,0.0,0.0,0.0,0.0,100.0
20121203075400,0.0,0.0,0.0,0.0,0.0,0.0,0.0,100.0
20121203075500,0.0,0.0,0.0,0.0,0.0,0.0,0.0,100.0
20121203075600,0.0,0.0,0.0,0.0,0.0,0.0,0.0,100.0
20121203075700,0.0,0.0,0.0,0.0,0.0,0.0,0.0,100.0
20121203133000,0.0,0.0,0.0,0.0,0.0,0.0,0.0,100.0
20121203133100,0.0,0.0,0.0,0.0,0.0,0.0,0.0,100.0
20121203133200,0.0,0.0,0.0,0.0,0.0,0.0,0.0,100.0
20121203133300,0.0,0.0,0.0,0.0,0.0,0.0,0.0,100.0
20121203133400,0.0,0.0,0.0,0.0,0.0,0.0,0.0,100.0
20121203133500,0.0,0.0,0.0,0.0,0.0,0.0,0.0,100.0
20121203133600,0.0,0.0,0.0,0.0,0.0,0.0,0.0,100.0
20121203133700,0.0,0.0,0.0,0.0,0.0,0.0,0.0,100.0
20121203133800,0.0,0.0,0.0,0.0,0.0,0.0,0.0,100.0
20121203133900,0.0,0.0,0.0,0.0,0.0,0.0,0.0,100.0
20121203134000,0.0,0.0,0.0,0.0,0.0,0.0,0.0,100.0
20121203134100,0.0,0.0,0.0,0.0,0.0,0.0,0.0,100.0
20121203134200,0.0,0.0,0.0,0.0,0.0,0.0,0.0,100.0
20121203134300,0.0,0.0,0.0,0.0,0.0,0.0,0.0,100.0
20121203134400,0.0,0.0,0.0,0.0,0.0,0.0,0.0,100.0
20121203134500,0.0,0.0,0.0,0.0,0.0,0.0,0.0,100.0
20121203134600,0.0,0.0,0.0,0.0,0.0,0.0,0.0,100.0
20121203134700,0.0,0.0,0.0,0.0,0.0,0.0,0.0,100.0
20121203134800,0.0,0.0,0.0,0.0,0.0,0.0,0.0,100.0
20121203134900,0.0,0.0,0.0,0.0,0.0,0.0,0.0,100.0
20121203135000,0.0,0.0,0.0,0.0,0.0,0.0,0.0,100.0
20121203135100,0.0,0.0,0.0,0.0,0.0,0.0,0.0,100.0
20121203135200,0.0,0.0,0.0,0.0,0.0,0.0,0.0,100.0
20121203135300,0.0,0.0,0.0,0.0,0.0,0.0,0.0,100.0
20121203135400,0.0,0.0,0.0,0.0,0.0,0.0,0.0,100.0
20121203135500,0.0,0.0,0.0,0.0,0.0,0.0,0.0,100.0
20121203135600,0.0,0.0,0.0,0.0,0.0,0.0,0.0,100.0
20121203135700,0.0,0.0,0.0,0.0,0.0,0.0,0.0,100.0
20121203135800,0.0,0.0,0.0,0.0,0.0,0.0,0.0,100.0
20121203135900,0.0,0.0,0.0,0.0,0.0,0.0,0.0,100.0
20121203140000,0.0,0.0,0.0,0.0,0.0,0.0,0.0,100.0
20121203140100,0.0,0.0,0.0,0.0,0.0,0.0,0.0,100.0
20121203140200,0.0,0.0,0.0,0.0,0.0,0.0,0.0,100.0
20121203140300,0.0,0.0,0.0,0.0,0.0,0.0,0.0,100.0
20121203140400,0.0,0.0,0.0,0.0,0.0,0.0,0.0,100.0
20121203140500,0.0,0.0,0.0,0.0,0.0,0.0,0.0,100.0
20121203140600,0.0,0.0,0.0,0.0,0.0,0.0,0.0,100.0
20121203140700,0.0,0.0,0.0,0.0,0.0,0.0,0.0,100.0
20121203140800,0.0,0.0,0.0,0.0,0.0,0.0,0.0,100.0
20121203140900,0.0,0.0,0.0,0.0,0.0,0.0,0.0,100.0
20121203141000,0.0,0.0,0.0,0.0,0.0,0.0,0.0,100.0
20121203141100,0.0,0.0,0.0,0.0,0.0,0.0,0.0,100.0
20121203141200,0.0,0.0,0.0,0.0,0.0,0.0,0.0,100.0
20121203141300,0.0,0.0,0.0,0.0,0.0,0.0,0.0,100.0
20121203141400,0.0,0.0,0.0,0.0,0.0,0.0,0.0,100.0
20121203141500,0.0,0.0,0.0,0.0,0.0,0.0,0.0,100.0
20121203141600,0.0,0.0,0.0,0.0,0.0,0.0,0.0,100.0
20121203141700,0.0,0.0,0.0,0.0,0.0,0.0,0.0,100.0
20121203141800,0.0,0.0,0.0,0.0,0.0,0.0,0.0,100.0
20121203141900,0.0,0.0,0.0,0.0,0.0,0.0,0.0,100.0
20121203142000,0.0,0.0,0.0,0.0,0.0,0.0,0.0,100.0
20121203142100,0.0,0.0,0.0,0.0,0.0,0.0,0.0,100.0
20121203142200,0.0,0.0,0.0,0.0,0.0,0.0,0.0,100.0
20121203142300,0.0,0.0,0.0,0.0,0.0,0.0,0.0,100.0
20121203142400,0.0,0.0,0.0,0.0,0.0,0.0,0.0,100.0
20121203142500,0.0,0.0,0.0,0.0,0.0,0.0,0.0,100.0
20121203142600,0.0,0.0,0.0,0.0,0.0,0.0,0.0,100.0
20121203142700,0.0,0.0,0.0,0.0,0.0,0.0,0.0,100.0
20121203142800,0.0,0.0,0.0,0.0,0.0,0.0,0.0,100.0
20121203142900,0.0,0.0,0.0,0.0,0.0,0.0,0.0,100.0
20121203143000,0.0,0.0,0.0,0.0,0.0,0.0,0.0,100.0
20121203143100,0.0,0.0,0.0,0.0,0.0,0.0,0.0,100.0
20121203143200,0.0,0.0,0.0,0.0,0.0,0.0,0.0,100.0
20121203143300,0.0,0.0,0.0,0.0,0.0,0.0,0.0,100.0
20121203143400,0.0,0.0,0.0,0.0,0.0,0.0,0.0,100.0
20121203143500,0.0,0.0,0.0,0.0,0.0,0.0,0.0,100.0
20121203143600,0.0,0.0,0.0,0.0,0.0,0.0,0.0,100.0
20121203143700,0.0,0.0,0.0,0.0,0.0,0.0,0.0,100.0
20121203143800,0.0,0.0,0.0,0.0,0.0,0.0,0.0,100.0
20121203143900,0.0,0.0,0.0,0.0,0.0,0.0,0.0,100.0
20121203144000,0.0,0.0,0.0,0.0,0.0,0.0,0.0,100.0
20121203144100,0.0,0.0,0.0,0.0,0.0,0.0,0.0,100.0
20121203144200,0.0,0.0,0.0,0.0,0.0,0.0,0.0,100.0
20121203144300,0.0,0.0,0.0,0.0,0.0,0.0,0.0,100.0
20121203144400,0.0,0.0,0.0,0.0,0.0,0.0,0.0,100.0
20121203144500,0.0,0.0,0.0,0.0,0.0,0.0,0.0,100.0
20121203144600,0.0,0.0,0.0,0.0,0.0,0.0,0.0,100.0
20121203144700,0.0,0.0,0.0,0.0,0.0,0.0,0.0,100.0
20121203144800,0.0,0.0,0.0,0.0,0.0,0.0,0.0,100.0
20121203144900,0.0,0.0,0.0,0.0,0.0,0.0,0.0,100.0
20121203145000,0.0,0.0,0.0,0.0,0.0,0.0,0.0,100.0
20121203145100,0.0,0.0,0.0,0.0,0.0,0.0,0.0,100.0
20121203145200,0.0,0.0,0.0,0.0,0.0,0.0,0.0,100.0
20121203145300,0.0,0.0,0.0,0.0,0.0,0.0,0.0,100.0
20121203145400,0.0,0.0,0.0,0.0,0.0,0.0,0.0,100.0
20121203145500,0.0,0.0,0.0,0.0,0.0,0.0,0.0,100.0
20121203145600,0.0,0.0,0.0,0.0,0.0,0.0,0.0,100.0
20121203145700,0.0,0.0,0.0,0.0,0.0,0.0,0.0,100.0
20121203145800,0.0,0.0,0.0,0.0,0.0,0.0,0.0,100.0
20121203145900,0.0,0.0,0.0,0.0,0.0,0.0,0.0,100.0
20121203150000,0.0,0.0,0.0,0.0,0.0,0.0,0.0,100.0
20121203150100,0.0,0.0,0.0,0.0,0.0,0.1,0.0,99.9
20121203150200,0.0,0.0,0.0,0.0,0.0,0.0,0.0,99.9
20121203150300,0.0,0.0,0.0,0.0,0.0,0.5,0.5,99.0
20121203150400,0.0,0.0,0.0,0.0,0.0,0.1,0.2,99.7
20121203150500,0.0,0.0,0.0,0.0,0.0,9.0,14.8,76.2
20121203150600,0.0,0.0,0.0,0.1,0.0,3.1,23.1,73.7
20121203150700,0.0,0.0,0.0,0.1,0.0,1.1,60.8,38.0
20121203150800,0.0,0.0,0.0,1.3,0.0,3.1,29.6,65.9
20121203150900,0.1,0.0,0.0,0.6,0.0,23.1,74.2,2.0
20121203151000,0.0,0.0,0.0,0.2,0.0,34.3,65.5,0.1
20121203151100,0.0,0.0,0.0,0.6,0.0,24.5,60.8,14.1
20121203151200,0.0,0.0,0.0,0.0,0.0,33.2,38.2,28.5
20121203151300,0.0,0.0,0.0,0.0,0.0,37.0,63.0,0.0
20121203151400,0.0,0.0,0.0,0.0,0.0,60.5,39.5,0.0
20121203151500,0.0,0.0,0.0,0.0,0.0,60.5,39.5,0.0
20121203151600,0.0,0.0,0.0,0.0,0.0,88.6,11.4,0.0
20121203151700,0.0,0.0,0.0,0.0,0.0,95.9,4.1,0.0
20121203151800,0.0,0.0,0.0,0.0,0.0,99.4,0.6,0.0
20121203151900,0.0,0.0,0.0,0.0,0.0,85.8,14.2,0.0
20121203152000,0.0,0.0,0.0,0.0,0.0,99.0,1.0,0.0
20121203152100,0.0,0.0,0.0,0.0,0.0,94.4,5.6,0.0
20121203152200,0.0,0.0,0.0,0.0,0.0,93.0,7.0,0.0
20121203152300,0.0,0.0,0.0,0.0,0.0,98.7,1.3,0.0
20121203152400,0.0,0.0,0.0,0.0,0.0,95.9,4.1,0.0
20121203152500,0.0,0.0,0.0,0.0,0.0,99.3,0.7,0.0
20121203152600,0.3,0.0,0.0,0.0,0.0,94.8,4.9,0.0
20121203152700,0.0,0.0,0.0,0.0,0.0,98.8,1.2,0.0
20121203152800,0.0,0.0,0.0,0.0,0.0,99.6,0.4,0.0
20121203152900,0.0,0.0,0.0,0.0,0.0,60.5,39.5,0.0
20121203153000,0.0,0.0,0.0,0.0,0.0,98.0,2.0,0.0
20121203153100,0.0,0.0,0.0,0.0,0.0,99.9,0.1,0.0
20121203153200,0.0,0.0,0.0,0.0,0.0,97.8,2.1,0.0
20121203153300,0.1,0.0,0.0,0.0,0.0,45.5,54.4,0.0
20121203153400,0.0,0.0,0.0,0.0,0.0,94.4,5.6,0.0
20121203153500,0.0,0.0,0.0,0.0,0.0,94.0,6.0,0.0
20121203153600,0.0,0.0,0.0,0.0,0.0,97.9,2.1,0.0
20121203153700,0.0,0.0,0.0,0.0,0.0,34.9,65.1,0.0
20121203153800,0.0,0.0,0.0,0.0,0.0,82.8,17.2,0.0
20121203153900,0.0,0.0,0.0,0.0,0.0,90.1,9.9,0.0
20121203154000,0.3,0.0,0.0,0.0,0.0,84.7,14.9,0.0
20121203154100,0.0,0.0,0.0,0.0,0.0,97.6,2.4,0.0
20121203154200,0.0,0.0,0.0,0.0,0.0,99.6,0.4,0.0
20121203154300,0.0,0.0,0.0,0.0,0.0,99.8,0.2,0.0
20121203154400,0.1,0.0,0.0,0.0,0.0,99.4,0.5,0.0
20121203154500,0.0,0.0,0.0,0.0,0.0,99.6,0.3,0.0
20121203154600,0.0,0.0,0.0,0.0,0.0,98.4,1.6,0.0
20121203154700,0.0,0.0,0.0,0.0,0.0,62.8,37.2,0.0
20121203154800,0.0,0.0,0.0,0.0,0.0,99.5,0.5,0.0
20121203154900,0.1,0.0,0.0,0.0,0.0,99.0,0.8,0.0
20121203155000,0.0,0.0,0.0,0.0,0.0,99.7,0.3,0.0
20121203155100,0.0,0.0,0.0,0.0,0.0,91.6,8.3,0.0
20121203155200,0.0,0.0,0.0,0.0,0.0,98.2,1.8,0.0
20121203155300,0.0,0.0,0.0,0.0,0.0,99.8,0.2,0.0
20121203155400,0.0,0.0,0.0,0.0,0.0,99.8,0.2,0.0
20121203155500,0.0,0.0,0.0,0.0,0.0,98.8,1.2,0.0
20121203155600,0.0,0.0,0.0,0.0,0.0,98.0,1.9,0.0
20121203155700,0.0,0.0,0.0,0.0,0.0,98.3,1.7,0.0
20121203155800,0.0,0.0,0.0,0.0,0.0,99.7,0.3,0.0
20121203155900,0.0,0.0,0.0,0.0,0.0,98.9,1.1,0.0
20121203160000,0.0,0.0,0.0,0.0,0.0,92.8,7.2,0.0
20121203160100,0.4,0.0,0.0,0.0,0.0,79.1,20.6,0.0
20121203160200,0.0,0.0,0.0,0.0,0.0,5.8,94.2,0.0
20121203160300,0.0,0.0,0.0,0.0,0.0,75.4,24.6,0.0
20121203160400,0.0,0.0,0.0,0.0,0.0,60.5,39.5,0.0
20121203160500,0.0,0.0,0.0,0.0,0.0,1.8,98.2,0.0
20121203160600,0.0,0.0,0.0,0.1,0.0,3.1,96.8,0.0
20121203160700,0.0,0.0,0.0,0.0,0.0,36.1,63.8,0.0
20121203160800,0.0,0.0,0.0,0.0,0.0,39.2,60.7,0.0
20121203160900,0.0,0.0,0.0,0.0,0.0,65.4,34.6,0.0
20121203161000,0.0,0.0,0.0,0.0,0.0,43.7,56.2,0.0
20121203161100,0.0,0.0,0.0,0.0,0.0,88.2,11.8,0.0
20121203161200,0.0,0.0,0.0,0.0,0.0,95.7,4.3,0.0
20121203161300,0.0,0.0,0.0,0.0,0.0,79.3,20.6,0.0
20121203161400,0.0,0.0,0.0,0.0,0.0,99.3,0.7,0.0
20121203161500,0.0,0.0,0.0,0.0,0.0,86.9,13.1,0.0
20121203161600,0.1,0.0,0.0,0.0,0.0,59.6,40.3,0.0
20121203161700,0.3,0.0,0.0,0.0,0.0,71.8,27.8,0.0
20121203161800,0.0,0.0,0.0,0.0,0.0,32.2,67.8,0.0
20121203161900,0.0,0.0,0.0,0.0,0.0,28.7,71.3,0.0
20121203162000,0.0,0.0,0.0,0.0,0.0,9.1,90.8,0.0
20121203162100,0.1,0.0,0.0,0.0,0.0,47.9,52.0,0.0
20121203162200,0.0,0.0,0.0,0.0,0.0,21.3,78.7,0.0
20121203162300,0.0,0.0,0.0,0.0,0.0,78.1,21.9,0.0
20121203162400,0.1,0.0,0.0,0.0,0.0,99.2,0.7,0.0
20121203162500,0.1,0.0,0.0,0.0,0.0,66.3,33.6,0.0
20121203162600,0.0,0.0,0.0,0.0,0.0,90.8,9.1,0.0
20121203162700,0.0,0.0,0.0,0.0,0.0,97.1,2.9,0.0
20121203162800,0.0,0.0,0.0,0.0,0.0,99.2,0.8,0.0
20121203162900,0.0,0.0,0.0,0.0,0.0,98.0,2.0,0.0
20121203163000,0.0,0.0,0.0,0.0,0.0,95.5,4.4,0.0
20121203163100,0.6,0.0,0.0,0.0,0.0,89.2,10.2,0.0
20121203163200,0.1,0.0,0.0,0.0,0.0,76.8,23.1,0.0
20121203163300,0.0,0.0,0.0,0.0,0.0,26.8,73.2,0.0
20121203163400,0.1,0.0,0.1,0.0,0.0,38.7,61.2,0.0
20121203163500,0.0,0.0,0.0,0.0,0.0,96.9,3.1,0.0
20121203163600,0.0,0.0,0.0,0.0,0.0,90.1,9.9,0.0
20121203163700,0.3,0.0,0.0,0.0,0.0,91.2,8.4,0.0
20121203163800,0.3,0.0,0.1,0.1,0.0,39.3,60.2,0.0
20121203163900,0.0,0.0,0.0,0.0,0.0,83.6,16.4,0.0
20121203164000,0.0,0.0,0.0,0.0,0.0,62.6,37.4,0.0
20121203164100,0.1,0.0,0.0,0.0,0.0,62.4,37.5,0.0
20121203164200,0.0,0.0,0.0,0.0,0.0,98.3,1.7,0.0
20121203164300,0.0,0.0,0.1,0.1,0.0,40.4,59.4,0.0
20121203164400,0.0,0.0,0.0,0.0,0.0,91.0,8.9,0.0
20121203164500,0.5,0.0,0.1,0.2,0.0,84.5,14.7,0.0
20121203164600,0.4,0.0,0.1,0.0,0.0,77.4,22.1,0.0
20121203164700,0.2,0.0,0.2,0.0,0.0,27.5,72.1,0.0
20121203164800,0.0,0.0,0.0,0.0,0.0,8.7,91.2,0.0
20121203164900,0.0,0.0,0.0,0.0,0.0,28.1,71.9,0.0
20121203165000,0.0,0.0,0.0,0.1,0.0,42.9,56.9,0.0
20121203165100,0.0,0.0,0.0,0.0,0.0,1.4,98.6,0.0
20121203165200,0.2,0.0,0.3,0.1,0.0,1.5,97.9,0.0
20121203165300,0.0,0.0,0.0,0.1,0.0,1.0,98.9,0.0
20121203165400,0.3,0.0,0.9,0.5,0.0,5.8,92.5,0.0
20121203165500,0.0,0.0,0.5,0.2,0.0,6.4,92.9,0.0
20121203165600,0.0,0.0,0.0,0.0,0.0,1.7,98.3,0.0
20121203165700,0.0,0.0,0.0,0.0,0.0,1.9,98.1,0.0
20121203165800,0.0,0.0,0.0,0.0,0.0,12.9,87.1,0.0
20121203165900,0.0,0.0,0.0,0.0,0.0,13.9,86.0,0.0
20121203170000,0.0,0.0,0.0,0.0,0.0,6.5,93.5,0.0
20121203170100,0.2,0.0,0.1,0.2,0.0,2.0,97.4,0.0
20121203170200,0.0,0.0,0.0,0.0,0.0,2.4,97.6,0.0
20121203170300,0.0,0.0,0.0,0.0,0.0,17.7,82.2,0.0
20121203170400,0.1,0.0,0.7,0.0,0.0,14.4,84.8,0.0
20121203170500,0.0,0.0,0.1,0.0,0.0,20.0,79.9,0.0
20121203170600,0.1,0.0,0.6,0.0,0.0,47.2,52.1,0.0
20121203170700,0.0,0.0,0.3,0.0,0.0,83.7,15.9,0.0
20121203170800,0.0,0.0,0.0,0.0,0.0,77.8,22.0,0.0
20121203170900,0.0,0.0,0.0,0.0,0.0,97.5,2.5,0.0
20121203171000,0.0,0.0,0.0,0.0,0.0,98.7,1.3,0.0
20121203171100,0.1,0.0,0.1,0.0,0.0,85.0,14.8,0.0
20121203171200,0.0,0.0,0.0,0.0,0.0,97.7,2.3,0.0
20121203171300,0.0,0.0,0.5,0.0,0.0,97.1,2.3,0.0
20121203171400,0.1,0.0,0.2,0.1,0.0,64.1,35.1,0.4
20121203171500,0.0,0.0,0.0,0.0,0.0,94.2,5.8,0.0
20121203171600,0.0,0.0,0.0,0.0,0.0,99.1,0.9,0.0
20121203171700,0.0,0.0,0.7,0.0,0.0,98.8,0.5,0.0
20121203171800,0.0,0.0,0.3,0.0,0.0,91.1,8.6,0.0
20121203171900,0.0,0.0,0.0,0.0,0.0,96.0,3.9,0.0
20121203172000,0.0,0.0,0.1,0.0,0.0,98.6,1.3,0.0
20121203172100,0.0,0.0,0.2,0.0,0.0,84.1,15.6,0.0
20121203172200,0.0,0.0,0.2,0.0,0.0,93.6,6.1,0.0
20121203172300,0.0,0.0,1.0,0.0,0.0,95.9,3.0,0.2
20121203172400,0.0,0.0,0.2,0.0,0.0,95.8,4.0,0.1
20121203172500,0.0,0.0,0.0,0.0,0.0,99.7,0.2,0.0
20121203172600,0.0,0.0,4.0,0.0,0.0,91.3,4.5,0.1
20121203172700,0.1,0.0,1.5,0.0,0.0,84.4,13.8,0.2
20121203172800,0.1,0.0,4.5,0.1,0.0,55.5,39.2,0.5
20121203172900,0.1,0.0,0.6,0.0,0.0,95.6,3.4,0.3
20121203173000,0.0,0.0,3.7,0.1,0.0,90.2,5.7,0.3
20121203173100,0.0,0.0,0.0,0.0,0.0,95.6,4.4,0.0
20121203173200,0.0,0.0,0.0,0.0,0.0,68.2,31.6,0.2
20121203173300,0.0,0.0,0.0,0.0,0.0,96.9,2.9,0.1
20121203173400,0.1,0.0,6.4,0.0,0.0,79.3,11.8,2.4
20121203173500,0.0,0.0,0.4,0.0,0.0,98.9,0.6,0.1
20121203173600,0.1,0.0,0.0,0.0,0.0,99.7,0.1,0.0
20121203173700,0.0,0.0,0.0,0.0,0.0,100.0,0.0,0.0
20121203173800,0.1,0.0,0.6,0.0,0.0,99.1,0.2,0.1
20121203173900,0.1,0.0,1.2,0.0,0.0,95.2,3.4,0.2
20121203174000,0.0,0.0,0.6,0.0,0.0,74.9,21.5,3.0
20121203174100,0.0,0.0,1.2,0.0,0.0,19.9,78.3,0.6
20121203174200,0.0,0.0,0.0,0.0,0.0,7.8,91.9,0.2
20121203174300,0.0,0.0,0.0,0.0,0.0,41.2,58.1,0.6
20121203174400,0.0,0.0,0.0,0.0,0.0,99.7,0.3,0.0
20121203174500,0.0,0.0,0.0,0.0,0.0,46.4,53.5,0.1
20121203174600,0.0,0.0,0.0,0.0,0.0,91.1,8.8,0.1
20121203174700,0.0,0.0,0.0,0.0,0.0,78.7,21.2,0.0
20121203174800,0.0,0.0,0.0,0.0,0.0,55.1,44.9,0.0
20121203174900,0.0,0.0,0.0,0.0,0.0,78.6,21.3,0.1
20121203175000,0.0,0.0,0.0,0.0,0.0,96.8,3.2,0.0
20121203175100,0.0,0.0,0.0,0.0,0.0,74.6,25.3,0.0
20121203175200,0.0,0.0,0.0,0.0,0.0,98.0,1.9,0.0
20121203175300,0.0,0.0,0.0,0.0,0.0,97.4,2.4,0.2
20121203175400,0.0,0.0,0.0,0.0,0.0,99.7,0.3,0.0
20121203175500,0.0,0.0,0.0,0.0,0.0,99.6,0.3,0.0
20121203175600,0.0,0.0,0.0,0.0,0.0,98.7,1.3,0.0
20121203175700,0.2,0.0,0.0,0.0,0.0,96.9,2.9,0.0
20121203175800,0.1,0.0,0.6,0.0,0.0,98.7,0.5,0.1
20121203175900,0.0,0.0,0.0,0.0,0.0,99.0,0.9,0.0
20121203180000,0.2,0.0,0.0,0.0,0.0,58.2,41.5,0.1
20121203180100,0.0,0.0,0.1,0.0,0.0,83.8,16.1,0.0
20121203180200,0.0,0.0,0.1,0.0,0.0,41.2,58.6,0.0
20121203180300,0.1,0.0,0.2,0.0,0.0,17.0,82.6,0.1
20121203180400,0.0,0.0,0.9,0.0,0.0,45.0,54.0,0.0
20121203180500,0.0,0.0,0.0,0.0,0.0,1.2,98.8,0.0
20121203180600,0.0,0.0,0.5,0.0,0.0,11.9,87.6,0.0
20121203180700,0.0,0.0,1.5,0.0,0.0,45.5,52.9,0.0
20121203180800,0.0,0.0,1.4,0.0,0.0,9.2,89.3,0.0
20121203180900,0.0,0.0,0.1,0.0,0.0,0.6,99.3,0.0
20121203181000,0.0,0.0,2.5,0.1,0.0,1.3,96.1,0.0
20121203181100,0.0,0.0,0.7,0.0,0.0,3.1,96.2,0.0
20121203181200,0.0,0.0,0.3,0.0,0.0,0.3,99.4,0.0
20121203181300,0.0,0.0,0.1,0.0,0.0,0.4,99.5,0.0
20121203181400,0.0,0.0,0.3,0.1,0.0,3.0,96.7,0.0
20121203181500,0.0,0.0,0.4,0.1,0.0,0.7,98.7,0.1
20121203181600,0.0,0.0,0.0,0.0,0.0,0.2,99.7,0.0
20121203181700,0.0,0.0,0.0,0.0,0.0,0.4,99.6,0.0
20121203181800,0.0,0.0,0.0,0.0,0.0,0.0,99.9,0.0
20121203181900,0.0,0.0,0.1,0.1,0.0,0.4,99.4,0.0
20121203182000,0.0,0.0,0.0,0.2,0.0,0.5,99.2,0.1
20121203182100,0.0,0.0,0.0,0.0,0.0,0.1,99.9,0.0
20121203182200,0.0,0.0,0.0,0.0,0.0,0.1,99.8,0.1
20121203182300,0.0,0.0,0.0,0.0,0.0,4.3,95.6,0.0
20121203182400,0.0,0.0,0.0,0.0,0.0,0.0,99.9,0.0
20121203182500,0.0,0.0,0.0,0.0,0.0,0.1,99.8,0.1
20121203182600,0.0,0.0,0.1,0.0,0.0,0.2,99.3,0.4
20121203182700,0.4,0.0,0.2,0.3,0.0,3.4,95.2,0.6
20121203182800,0.1,0.0,0.4,0.1,0.0,2.4,96.6,0.3
20121203182900,0.6,0.0,0.1,0.5,0.1,16.5,80.9,1.4
20121203183000,0.0,0.0,0.1,0.0,0.0,2.0,97.7,0.2
20121203183100,0.0,0.0,0.0,0.1,0.0,3.5,96.0,0.3
20121203183200,0.0,0.0,0.0,0.0,0.0,22.7,76.8,0.5
20121203183300,0.0,0.0,0.0,0.0,0.0,1.3,98.5,0.2
20121203183400,0.0,0.0,0.0,0.1,0.0,0.7,97.3,1.8
20121203183500,0.0,0.0,0.1,0.0,0.0,0.2,99.6,0.1
20121203183600,0.1,0.0,0.0,0.5,0.0,0.9,97.3,1.2
20121203183700,0.1,0.0,0.1,0.1,0.0,8.8,89.9,1.1
20121203183800,0.0,0.0,0.0,0.1,0.0,2.4,94.0,3.5
20121203183900,0.0,0.0,0.0,0.7,0.0,0.5,98.1,0.7
20121203184000,0.0,0.0,0.0,0.4,0.0,1.0,98.1,0.5
20121203184100,0.0,0.0,0.0,0.0,0.0,1.7,97.8,0.4
20121203184200,0.1,0.0,0.0,0.1,0.0,0.1,98.5,1.2
20121203184300,0.0,0.0,0.0,0.0,0.0,0.1,99.8,0.1
20121203184400,0.0,0.0,0.0,0.7,0.0,0.0,98.5,0.8
20121203184500,0.3,0.0,1.4,0.5,0.0,1.5,93.9,2.6
20121203184600,0.0,0.0,0.1,0.3,0.0,0.2,97.5,1.9
20121203184700,0.0,0.0,1.3,0.3,0.0,0.0,97.9,0.5
20121203184800,0.0,0.0,0.0,0.1,0.0,0.0,99.6,0.3
20121203184900,0.0,0.0,0.2,0.1,0.0,0.0,98.4,1.3
20121203185000,0.0,0.0,0.0,0.0,0.0,0.0,99.9,0.1
20121203185100,0.0,0.0,0.0,0.0,0.0,0.0,99.9,0.1
20121203185200,0.0,0.0,0.0,0.0,0.0,0.0,99.9,0.1
20121203185300,0.0,0.0,0.1,0.0,0.0,0.0,99.8,0.1
20121203185400,0.0,0.0,0.0,0.0,0.0,0.0,99.9,0.1
20121203185500,0.0,0.0,0.0,0.0,0.0,0.0,99.9,0.1
20121203185600,0.0,0.0,0.0,0.0,0.0,0.0,100.0,0.0
20121203185700,0.0,0.0,0.1,0.1,0.0,0.0,99.3,0.4
20121203185800,0.0,0.0,0.0,0.0,0.0,0.0,99.9,0.1
20121203185900,0.0,0.0,0.1,0.0,0.0,0.0,99.8,0.1
20121203190000,0.0,0.0,0.0,0.0,0.0,0.0,99.9,0.1
20121203190100,0.0,0.0,0.0,0.0,0.0,0.0,100.0,0.0
20121203190200,0.0,0.0,0.0,0.0,0.0,0.0,99.9,0.1
20121203190300,0.0,0.0,0.2,0.0,0.0,0.0,98.9,0.9
20121203190400,0.0,0.0,0.0,0.2,0.0,0.1,99.2,0.6
20121203190500,0.0,0.0,0.3,0.1,0.0,1.2,97.7,0.7
20121203190600,0.0,0.0,0.0,0.1,0.0,0.1,57.4,42.4
20121203190700,0.0,0.0,0.4,0.3,0.0,0.2,11.7,87.3
20121203190800,0.0,0.0,0.1,1.4,0.0,3.6,17.3,77.5
20121203190900,0.0,0.0,2.7,0.2,0.0,4.6,28.1,64.3
20121203191000,0.0,0.0,2.0,0.1,0.0,2.8,7.9,87.3
20121203191100,0.0,0.0,1.1,0.1,0.0,2.1,66.5,30.2
20121203191200,0.0,0.0,4.8,0.0,0.0,0.2,80.4,14.7
20121203191300,0.0,0.0,0.4,0.0,0.0,0.3,85.5,13.8
20121203191400,0.0,0.0,16.1,0.0,0.0,0.3,75.6,7.9
20121203191500,0.0,0.0,37.3,0.0,0.0,0.1,59.0,3.6
20121203191600,0.0,0.0,4.4,0.0,0.0,0.1,89.0,6.5
20121203191700,0.0,0.0,0.3,0.0,0.0,0.0,82.7,17.0
20121203191800,0.0,0.0,0.4,0.0,0.0,0.1,75.5,24.0
20121203191900,0.0,0.0,0.2,0.0,0.0,0.0,86.7,13.0
20121203192000,0.0,0.0,6.3,0.0,0.0,0.2,84.5,8.9
20121203192100,0.0,0.0,4.7,0.0,0.0,0.0,84.6,10.5
20121203192200,0.0,0.0,12.6,0.0,0.0,0.2,83.5,3.7
20121203192300,0.0,0.0,12.7,0.0,0.0,0.1,85.7,1.5
20121203192400,0.0,0.0,13.7,0.0,0.0,0.0,86.1,0.1
20121203192500,0.0,0.0,4.6,0.1,0.0,0.0,95.2,0.2
20121203192600,0.0,0.0,0.7,0.0,0.0,0.0,99.2,0.0
20121203192700,0.0,0.0,0.4,0.0,0.0,0.0,99.5,0.1
20121203192800,0.0,0.0,0.1,0.0,0.0,0.0,99.9,0.0
20121203192900,0.0,0.0,1.8,0.1,0.0,0.0,98.1,0.0
20121203193000,0.0,0.0,2.4,0.0,0.0,0.0,97.6,0.0
20121203193100,0.0,0.0,16.7,0.2,0.0,0.0,83.0,0.1
20121203193200,0.0,0.0,0.2,0.1,0.0,0.0,99.6,0.1
20121203193300,0.0,0.0,2.0,0.1,0.0,0.0,97.8,0.1
20121203193400,0.2,0.0,4.5,1.8,0.0,0.0,93.0,0.6
20121203193500,0.0,0.0,0.4,0.3,0.0,0.0,99.0,0.3
20121203193600,0.0,0.0,1.3,0.4,0.0,0.0,97.8,0.4
20121203193700,0.0,0.0,0.1,0.0,0.0,0.0,99.6,0.3
20121203193800,0.0,0.0,0.2,0.2,0.0,0.0,99.2,0.4
20121203193900,0.0,0.0,1.8,0.1,0.0,0.0,97.8,0.3
20121203194000,0.0,0.0,3.5,0.4,0.0,0.0,95.0,1.1
20121203194100,0.0,0.0,0.4,0.2,0.0,0.0,98.2,1.1
20121203194200,0.0,0.0,0.3,0.2,0.0,0.0,99.2,0.3
20121203194300,0.0,0.0,0.0,0.5,0.0,0.0,98.3,1.1
20121203194400,0.0,0.0,0.1,0.1,0.0,0.0,98.4,1.3
20121203194500,0.0,0.0,0.0,0.0,0.0,0.0,99.9,0.1
20121203194600,0.0,0.0,0.0,0.0,0.0,0.0,99.8,0.1
20121203194700,0.0,0.0,0.0,0.0,0.0,0.0,99.8,0.1
20121203194800,0.0,0.0,0.0,0.1,0.0,0.0,99.8,0.1
20121203194900,0.0,0.0,0.0,0.0,0.0,0.0,99.9,0.1
20121203195000,0.0,0.0,0.0,0.1,0.0,0.0,99.6,0.3
20121203195100,0.0,0.0,0.0,0.2,0.0,0.0,99.7,0.1
20121203195200,0.0,0.0,0.0,0.0,0.0,0.0,99.9,0.1
20121203195300,0.0,0.0,0.1,0.0,0.0,0.0,99.7,0.2
20121203195400,0.0,0.0,0.1,0.0,0.0,0.0,99.8,0.1
20121203195500,0.0,0.0,0.0,0.0,0.0,0.0,99.8,0.2
20121203195600,0.0,0.0,0.0,0.0,0.0,0.0,99.9,0.1
20121203195700,0.0,0.0,0.1,0.1,0.0,0.0,99.6,0.2
20121203195800,0.0,0.0,0.9,0.1,0.0,0.0,98.9,0.0
20121203195900,0.0,0.0,0.7,0.0,0.0,0.0,99.3,0.0
20121203200000,0.0,0.0,0.1,0.0,0.0,0.0,99.9,0.0
20121203200100,0.0,0.0,0.2,0.0,0.0,0.0,99.8,0.0
20121203200200,0.0,0.0,0.2,0.1,0.0,0.0,99.7,0.0
20121203200300,0.0,0.0,0.0,0.1,0.0,0.0,99.9,0.0
20121203200400,0.0,0.0,0.0,0.1,0.0,0.0,99.9,0.0
20121203200500,0.0,0.0,0.0,0.0,0.0,0.0,100.0,0.0
20121203200600,0.0,0.0,0.0,0.3,0.0,0.0,99.6,0.0
20121203200700,0.0,0.0,0.0,0.1,0.0,0.0,99.8,0.0
20121203200800,0.0,0.0,0.0,0.1,0.0,0.0,99.8,0.0
20121203200900,0.0,0.0,0.0,0.0,0.0,0.0,100.0,0.0
20121203201000,0.0,0.0,0.0,0.0,0.0,0.0,100.0,0.0
20121203201100,0.0,0.0,0.1,0.0,0.0,0.0,99.9,0.0
20121203201200,0.0,0.0,0.2,0.0,0.0,0.0,99.8,0.0
20121203201300,0.0,0.0,0.5,0.0,0.0,0.0,99.5,0.0
20121203201400,0.0,0.0,0.1,0.0,0.0,0.0,99.7,0.2
20121203201500,0.0,0.0,0.2,0.0,0.0,0.0,99.8,0.0
20121203201600,0.0,0.0,4.7,0.2,0.0,0.0,94.4,0.8
20121203201700,0.0,0.0,1.4,0.1,0.0,0.0,98.2,0.4
20121203201800,0.0,0.0,5.1,2.8,0.0,0.0,90.9,1.2
20121203201900,0.0,0.0,0.8,0.3,0.0,0.0,98.4,0.5
20121203202000,0.0,0.0,5.6,0.2,0.0,0.0,93.6,0.6
20121203202100,0.0,0.0,3.3,0.0,0.0,0.0,78.8,17.9
20121203202200,0.0,0.0,0.4,0.0,0.0,0.0,99.1,0.5
20121203202300,0.0,0.0,1.6,0.0,0.0,0.0,80.7,17.6
20121203202400,0.0,0.0,8.1,0.1,0.0,0.0,84.6,7.2
20121203202500,0.0,0.0,6.2,0.3,0.0,0.0,82.7,10.7
20121203202600,0.0,0.0,7.6,0.0,0.0,0.0,68.8,23.5
20121203202700,0.0,0.0,1.0,0.0,0.0,0.0,91.9,7.2
20121203202800,0.0,0.0,0.8,0.0,0.0,0.0,51.5,47.7
20121203202900,0.0,0.0,1.0,0.0,0.0,0.0,84.4,14.6
20121203203000,0.0,0.0,0.2,0.0,0.0,0.0,68.5,31.3
20121203203100,0.0,0.0,0.8,0.0,0.0,0.0,35.9,63.3
20121203203200,0.0,0.0,0.1,0.0,0.0,0.0,16.5,83.4
20121203203300,0.0,0.0,0.0,0.0,0.0,0.0,24.1,75.9
20121203203400,0.0,0.0,0.0,0.0,0.0,0.0,12.3,87.7
20121203203500,0.0,0.0,0.1,0.0,0.0,0.0,7.6,92.3
20121203203600,0.0,0.0,0.0,0.0,0.0,0.0,1.4,98.6
20121203203700,0.0,0.0,0.1,0.0,0.0,0.0,24.1,75.8
20121203203800,0.0,0.0,0.0,0.0,0.0,0.0,4.7,95.3
20121203203900,0.0,0.0,0.0,0.0,0.0,0.0,2.1,97.9
20121203204000,0.0,0.0,0.0,0.0,0.0,0.0,10.4,89.6
20121203204100,0.0,0.0,0.0,0.0,0.0,0.0,37.0,63.0
20121203204200,0.0,0.0,0.0,0.0,0.0,0.0,3.5,96.5
20121203204300,0.0,0.0,0.0,0.0,0.0,0.0,6.7,93.3
20121203204400,0.0,0.0,0.0,0.0,0.0,0.0,34.0,66.0
20121203204500,0.0,0.0,0.0,0.0,0.0,0.0,11.8,88.2
20121203204600,0.0,0.0,0.0,0.0,0.0,0.0,41.6,58.3
20121203204700,0.0,0.0,0.0,0.0,0.0,0.0,6.7,93.3
20121203204800,0.0,0.0,0.0,0.0,0.0,0.0,3.3,96.7
20121203204900,0.0,0.0,0.0,0.0,0.0,0.0,7.9,92.1
20121203205000,0.0,0.0,0.0,0.0,0.0,0.0,2.8,97.2
20121203205100,0.0,0.0,0.0,0.0,0.0,0.0,7.2,92.8
20121203205200,0.0,0.0,0.0,0.0,0.0,0.0,21.5,78.5
20121203205300,0.0,0.0,0.0,0.0,0.0,0.0,3.4,96.6
20121203205400,0.0,0.0,0.0,0.0,0.0,0.0,6.6,93.4
20121203205500,0.0,0.0,0.0,0.0,0.0,0.0,4.2,95.8
20121203205600,0.0,0.0,0.0,0.0,0.0,0.0,4.6,95.4
20121203205700,0.0,0.0,0.0,0.0,0.0,0.0,14.8,85.2
20121203205800,0.0,0.0,0.0,0.0,0.0,0.0,16.6,83.4
20121203205900,0.0,0.0,0.0,0.0,0.0,0.0,3.6,96.3
20121203210000,0.0,0.0,0.0,0.0,0.0,0.0,10.6,89.4
20121203210100,0.0,0.0,0.0,0.0,0.0,0.0,0.1,99.9
20121203210200,0.0,0.0,0.0,0.0,0.0,0.0,1.0,99.0
20121203210300,0.0,0.0,0.0,0.0,0.0,0.0,1.2,98.8
20121203210400,0.0,0.0,0.0,0.0,0.0,0.0,1.6,98.4
20121203210500,0.0,0.0,0.0,0.0,0.0,0.0,0.4,99.6
20121203210600,0.0,0.0,0.0,0.0,0.0,0.0,1.0,99.0
20121203210700,0.0,0.0,0.0,0.0,0.0,0.0,9.7,90.3
20121203210800,0.0,0.0,0.0,0.0,0.0,0.0,39.0,61.0
20121203210900,0.0,0.0,0.0,0.0,0.0,0.0,34.3,65.7
20121203211000,0.0,0.0,0.0,0.0,0.0,0.0,96.2,3.8
20121203211100,0.0,0.0,0.0,0.0,0.0,0.0,95.5,4.5
20121203211200,0.0,0.0,0.0,0.0,0.0,0.0,74.2,25.8
20121203211300,0.0,0.0,0.0,0.0,0.0,0.0,99.4,0.6
20121203211400,0.0,0.0,0.1,1.1,0.0,0.0,56.5,42.2
20121203211500,0.0,0.0,0.0,0.0,0.0,0.0,87.9,12.1
20121203211600,0.0,0.0,0.0,0.0,0.0,0.0,77.1,22.8
20121203211700,0.0,0.0,0.0,0.1,0.0,0.0,42.9,57.1
20121203211800,0.0,0.0,0.0,0.1,0.0,0.0,84.4,15.6
20121203211900,0.0,0.0,0.1,0.0,0.0,0.0,94.5,5.4
20121203212000,0.0,0.0,0.1,0.3,0.0,0.0,86.4,13.2
20121203212100,0.0,0.0,0.0,0.0,0.0,0.0,99.1,0.9
20121203212200,0.0,0.0,0.0,0.0,0.0,0.0,99.9,0.1
20121203212300,0.0,0.0,0.0,0.0,0.0,0.0,99.7,0.3
20121203212400,0.0,0.0,0.0,0.0,0.0,0.0,99.7,0.3
20121203212500,0.0,0.0,0.0,0.0,0.0,0.0,99.9,0.1
20121203212600,0.0,0.0,0.0,0.1,0.0,0.0,99.7,0.2
20121203212700,0.0,0.0,0.0,0.8,0.0,0.0,98.0,1.2
20121203212800,0.0,0.0,0.0,0.4,0.0,0.0,96.5,3.1
20121203212900,0.0,0.0,0.0,0.0,0.0,0.0,98.5,1.4
20121203213000,0.0,0.0,0.0,0.0,0.0,0.0,99.5,0.5
20121203213100,0.0,0.0,0.0,0.0,0.0,0.0,99.8,0.2
20121203213200,0.0,0.0,0.1,0.0,0.0,0.0,89.8,10.1
20121203213300,0.0,0.0,0.0,0.0,0.0,0.0,99.8,0.2
20121203213400,0.0,0.0,0.0,0.2,0.0,0.0,99.7,0.1
20121203213500,0.0,0.0,0.0,0.2,0.0,0.0,99.7,0.1
20121203213600,0.0,0.0,0.0,0.0,0.0,0.0,99.8,0.2
20121203213700,0.0,0.0,0.0,0.0,0.0,0.0,100.0,0.0
20121203213800,0.0,0.0,0.0,0.1,0.0,0.0,99.9,0.0
20121203213900,0.0,0.0,0.0,0.0,0.0,0.0,99.9,0.0
20121203214000,0.0,0.0,0.0,0.0,0.0,0.0,100.0,0.0
20121203214100,0.0,0.0,0.0,0.1,0.0,0.0,96.9,2.9
20121203214200,0.0,0.0,0.0,0.0,0.0,0.0,100.0,0.0
20121203214300,0.0,0.0,0.0,0.1,0.0,0.0,99.1,0.8
20121203214400,0.0,0.0,0.0,0.0,0.0,0.0,99.0,1.0
20121203214500,0.0,0.0,0.0,0.0,0.0,0.0,96.9,3.1
20121203214600,0.0,0.0,0.2,0.6,0.1,0.0,55.9,43.1
20121203214700,0.0,0.0,0.2,0.1,0.1,0.0,66.6,33.0
20121203214800,0.0,0.0,4.2,0.0,0.3,0.0,40.0,55.5
20121203214900,0.0,0.0,3.1,0.2,0.4,0.0,55.1,41.2
20121203215000,0.0,0.0,0.1,0.1,0.1,0.0,86.0,13.7
20121203215100,0.0,0.0,0.0,0.0,0.0,0.0,99.3,0.7
20121203215200,0.0,0.0,0.0,0.0,0.0,0.0,97.8,2.2
20121203215300,0.0,0.0,0.1,0.0,0.0,0.0,97.9,2.1
20121203215400,0.0,0.0,0.0,0.0,0.0,0.0,64.0,35.9
20121203215500,0.0,0.0,0.0,0.0,0.0,0.0,99.7,0.3
20121203215600,0.0,0.0,0.0,0.0,0.0,0.0,100.0,0.0
20121203215700,0.0,0.0,0.0,0.0,0.0,0.0,99.6,0.3
20121203215800,0.0,0.0,0.0,0.0,0.0,0.0,98.4,1.6
20121203215900,0.0,0.0,0.0,0.1,0.0,0.0,74.0,25.9
20121203220000,0.0,0.0,0.0,0.0,0.0,0.0,98.4,1.6
20121203220100,0.0,0.0,0.0,0.0,0.0,0.0,99.3,0.7
20121203220200,0.0,0.0,0.1,0.0,0.0,0.0,69.3,30.6
20121203220300,0.0,0.0,0.1,0.0,0.0,0.0,79.0,20.9
20121203220400,0.0,0.0,0.0,0.0,0.0,0.0,68.4,31.6
20121203220500,0.0,0.0,0.0,0.0,0.0,0.0,70.9,29.1
20121203220600,0.0,0.0,0.2,0.0,0.0,0.0,56.7,43.1
20121203220700,0.0,0.0,0.0,0.0,0.0,0.0,97.6,2.4
20121203220800,0.0,0.0,0.0,0.0,0.0,0.0,97.7,2.3
20121203220900,0.0,0.0,0.0,0.0,0.0,0.0,92.6,7.4
20121203221000,0.0,0.0,0.0,0.0,0.0,0.0,97.8,2.2
20121203221100,0.0,0.0,0.0,0.0,0.0,0.0,99.4,0.6
20121203221200,0.0,0.0,0.0,0.2,0.0,0.0,99.5,0.3
20121203221300,0.0,0.0,0.0,0.1,0.0,0.0,99.8,0.0
20121203221400,0.0,0.4,1.2,62.8,14.8,0.0,20.0,0.9
20121203221500,0.0,12.4,0.2,0.4,82.8,0.0,4.1,0.0
20121203221600,0.0,1.3,0.6,62.1,35.4,0.0,0.5,0.0
20121203221700,0.0,2.0,0.0,30.9,67.0,0.0,0.0,0.0
20121203221800,0.0,2.2,0.3,37.1,60.2,0.0,0.2,0.0
20121203221900,0.0,6.9,0.5,76.8,15.8,0.0,0.1,0.0
20121203222000,0.0,7.6,0.1,53.5,37.5,0.0,0.6,0.8
20121203222100,0.0,5.4,0.0,79.6,11.7,0.0,0.3,2.9
20121203222200,0.0,3.3,0.1,44.5,43.4,0.0,0.4,8.4
20121203222300,0.0,0.9,0.0,6.1,81.4,0.0,0.1,11.4
20121203222400,0.0,0.3,0.0,93.7,5.9,0.0,0.0,0.0
20121203222500,0.0,2.9,0.0,32.0,62.6,0.0,0.7,1.8
20121203222600,0.0,5.8,0.2,23.9,34.4,0.0,4.7,31.1
20121203222700,0.0,0.4,0.0,22.5,6.1,0.0,32.0,39.0
20121203222800,0.0,4.1,0.0,20.6,55.3,0.0,3.9,16.0
20121203222900,0.0,0.5,0.1,15.4,7.5,0.0,28.1,48.3
20121203223000,0.0,2.7,0.0,23.7,24.3,0.0,0.3,49.0
20121203223100,0.0,2.9,0.2,34.3,59.8,0.0,0.1,2.6
20121203223200,0.1,3.6,0.1,6.8,54.3,0.0,29.5,5.6
20121203223300,0.1,1.8,0.9,52.7,39.2,0.0,2.4,3.0
20121203223400,0.0,0.6,0.1,35.9,7.3,0.0,52.6,3.6
20121203223500,0.0,0.2,0.0,1.4,3.7,0.0,92.3,2.5
20121203223600,0.0,0.0,0.0,0.1,0.0,0.0,99.0,0.9
20121203223700,0.0,1.0,0.0,0.1,0.3,0.0,89.0,9.7
20121203223800,0.0,0.2,0.0,0.0,9.4,0.0,89.3,1.0
20121203223900,0.0,1.5,0.0,0.0,9.2,0.0,74.1,15.2
20121203224000,0.0,0.0,0.0,0.0,0.4,0.0,99.0,0.6
20121203224100,0.0,1.9,0.3,1.1,4.1,0.0,87.1,5.4
20121203224200,0.0,0.0,0.0,0.0,0.0,0.0,99.9,0.1
20121203224300,0.0,0.0,0.0,0.0,1.1,0.0,97.8,1.1
20121203224400,0.0,0.4,0.1,0.1,42.6,0.0,54.8,2.1
20121203224500,0.0,0.7,2.4,0.1,86.0,0.0,6.8,4.0
20121203224600,0.0,0.2,0.9,0.5,11.0,0.0,85.4,1.9
20121203224700,0.0,0.1,0.1,2.9,26.3,0.0,68.2,2.5
20121203224800,0.0,0.0,0.0,0.1,20.8,0.0,73.3,5.8
20121203224900,0.0,0.0,0.0,0.0,0.4,0.0,99.1,0.4
20121203225000,0.0,0.0,0.0,0.0,0.0,0.0,99.9,0.1
20121203225100,0.0,0.0,0.0,0.0,0.0,0.0,98.3,1.6
20121203225200,0.0,0.0,0.0,0.0,0.0,0.0,99.2,0.8
20121203225300,0.0,0.0,0.0,0.2,0.5,0.0,97.3,2.0
20121203225400,0.0,0.1,0.0,7.7,1.9,0.0,77.4,12.9
20121203225500,0.0,0.3,0.2,17.1,2.2,0.1,63.2,16.9
20121203225600,0.1,0.1,0.1,54.7,2.9,0.0,36.7,5.4
20121203225700,0.0,0.0,0.1,3.4,1.4,0.0,92.6,2.5
20121203225800,0.0,0.0,0.0,0.1,0.1,0.0,97.6,2.2
20121203225900,0.0,0.1,0.0,0.1,0.3,0.0,77.1,22.4
20121203230000,0.0,0.1,0.0,0.1,0.0,0.0,17.8,82.0
20121203230100,0.0,0.0,0.0,0.1,0.5,0.0,3.8,95.5
20121203230200,0.0,0.0,0.0,0.1,0.0,0.0,34.1,65.8
20121203230300,0.0,0.0,0.0,0.0,0.0,0.0,68.0,31.9
20121203230400,0.0,0.0,0.0,0.0,0.0,0.0,93.8,6.1
20121203230500,0.0,0.0,0.0,0.1,0.0,0.0,95.7,4.3
20121203230600,0.0,0.0,0.0,0.3,0.1,0.0,19.4,80.2
20121203230700,0.0,0.0,0.0,0.1,0.1,0.0,3.5,96.4
20121203230800,0.0,0.2,0.1,1.0,1.6,0.0,40.6,56.5
20121203230900,0.0,0.1,0.0,0.1,0.2,0.0,43.4,56.1
20121203231000,0.0,0.3,0.1,51.8,5.2,0.0,38.3,4.3
20121203231100,0.0,0.1,0.0,60.2,0.5,0.0,38.4,0.9
20121203231200,0.0,0.0,0.0,0.0,0.0,0.0,99.9,0.1
20121203231300,0.0,0.0,0.0,0.0,0.0,0.0,100.0,0.0
20121203231400,0.0,0.0,0.0,0.0,0.1,0.0,99.4,0.6
20121203231500,0.0,0.0,0.0,1.9,0.1,0.0,97.5,0.5
20121203231600,0.0,0.0,0.1,1.5,0.3,0.0,48.1,49.9
20121203231700,0.0,0.0,0.1,0.5,1.1,0.0,95.9,2.4
20121203231800,0.0,0.4,0.0,17.1,79.1,0.0,3.2,0.2
20121203231900,0.0,0.1,0.0,18.1,59.0,0.0,22.5,0.3
20121203232000,0.0,0.1,0.0,0.8,14.4,0.0,76.3,8.3
20121203232100,0.0,0.0,0.0,0.1,7.8,0.0,90.4,1.8
20121203232200,0.0,0.0,0.0,0.8,54.2,0.0,43.1,1.8
20121203232300,0.0,0.0,0.0,3.7,2.0,0.0,89.0,5.3
20121203232400,0.0,0.0,0.1,0.8,0.6,0.0,93.6,4.9
20121203232500,0.0,0.0,0.0,0.4,0.8,0.0,93.9,4.9
20121203232600,0.0,0.0,1.8,6.1,8.3,0.1,4.2,79.5
20121203232700,0.0,0.0,0.0,12.8,10.1,0.0,6.3,70.8
20121203232800,0.0,0.0,0.0,10.6,69.6,0.0,0.5,19.3
20121203232900,0.0,0.0,0.0,1.2,91.8,0.0,1.0,6.0
20121203233000,0.0,0.0,0.0,0.0,1.3,0.0,87.1,11.6
20121203233100,0.0,0.0,0.1,0.4,97.1,0.0,0.2,2.2
20121203233200,0.0,0.0,0.1,0.2,74.8,0.0,0.1,24.7
20121203233300,0.0,0.0,0.0,0.2,29.8,0.0,0.1,69.8
20121203233400,0.0,0.0,0.0,0.2,3.1,0.0,0.1,96.6
20121203233500,0.0,0.0,0.0,0.0,4.0,0.0,0.5,95.4
20121203233600,0.0,0.0,0.0,0.0,0.3,0.0,0.0,99.7
20121203233700,0.0,0.0,0.0,0.2,5.8,0.0,0.0,94.0
20121203233800,0.0,0.0,0.5,0.5,78.4,0.0,0.0,20.5
20121203233900,0.0,0.0,0.0,0.0,86.2,0.0,0.0,13.7
20121203234000,0.0,0.0,0.1,0.0,54.2,0.0,0.0,45.7
20121203234100,0.0,0.0,0.0,0.0,2.9,0.0,0.0,97.1
20121203234200,0.0,0.0,0.2,0.1,56.0,0.0,0.0,43.7
20121203234300,0.0,0.0,0.0,0.3,70.5,0.0,0.0,29.1
20121203234400,0.0,0.0,0.0,0.0,0.2,0.0,0.0,99.7
20121203234500,0.0,0.0,0.0,0.0,1.4,0.0,0.0,98.5
20121203234600,0.0,0.0,0.0,0.0,7.0,0.1,0.6,92.3
20121203234700,0.0,0.0,0.1,0.1,39.0,0.0,0.2,60.5
20121203234800,0.0,0.0,0.1,0.0,7.0,0.0,0.0,92.9
20121203234900,0.0,0.0,0.0,0.0,91.7,0.0,0.0,8.2
20121203235000,0.0,0.0,0.0,0.0,85.7,0.0,0.0,14.3
20121203235100,0.0,0.0,0.0,0.0,2.3,0.0,0.0,97.7
20121203235200,0.0,0.0,0.1,0.0,76.2,0.0,0.0,23.7
20121203235300,0.0,0.0,0.1,0.0,25.7,0.0,0.0,74.2
20121203235400,0.0,0.0,0.0,0.0,63.7,0.0,0.1,36.1
20121203235500,0.0,0.0,1.0,0.0,13.8,0.0,0.0,85.2
20121203235600,0.0,0.0,0.0,0.0,40.0,0.0,0.2,59.8
20121203235700,0.0,0.0,0.0,0.0,0.7,0.0,0.0,99.3
20121203235800,0.0,0.0,0.0,0.0,88.9,0.0,0.0,11.1
20121203235900,0.0,0.0,0.0,0.0,1.2,0.0,0.0,98.8
20121204000000,0.0,0.0,0.0,0.0,1.6,0.0,0.0,98.4
20121204000100,0.0,0.0,0.0,0.0,32.8,0.1,0.0,67.1
20121204000200,0.0,0.0,0.0,0.0,11.2,0.0,0.0,88.8
20121204000300,0.0,0.0,0.0,0.0,13.9,0.0,0.0,86.0
20121204000400,0.0,0.0,0.0,0.0,14.3,0.0,0.1,85.6
20121204000500,0.0,0.0,0.0,0.0,20.6,0.0,0.0,79.4
20121204000600,0.0,0.0,0.2,0.3,36.3,0.1,0.0,63.2
20121204000700,0.0,0.0,0.0,0.0,72.7,0.0,0.5,26.7
20121204000800,0.0,0.0,0.0,0.0,94.6,0.0,0.0,5.4
20121204000900,0.0,0.0,0.0,0.0,99.8,0.0,0.0,0.2
20121204001000,0.0,0.0,0.0,0.0,99.4,0.0,0.0,0.6
20121204001100,0.0,0.0,0.0,0.0,99.9,0.0,0.0,0.1
20121204001200,0.0,0.0,0.0,0.0,99.5,0.0,0.0,0.5
20121204001300,0.0,0.0,0.0,0.0,98.7,0.0,0.0,1.3
20121204001400,0.0,0.0,0.0,0.0,57.0,0.0,0.1,42.9
20121204001500,0.0,0.0,0.0,0.0,15.0,0.0,0.0,85.0
20121204001600,0.0,0.0,0.0,0.0,8.0,0.0,0.0,91.9
20121204001700,0.0,0.0,0.0,0.0,8.4,0.0,0.0,91.6
20121204001800,0.0,0.0,0.0,0.0,1.6,0.0,0.0,98.4
20121204001900,0.0,0.0,0.0,0.0,26.8,0.0,0.0,73.2
20121204002000,0.0,0.0,0.0,0.0,3.9,0.0,0.0,96.1
20121204002100,0.0,0.0,0.0,0.0,7.1,0.0,0.0,92.9
20121204002200,0.0,0.0,0.0,0.0,1.0,0.0,0.0,99.0
20121204002300,0.0,0.0,0.0,0.0,0.5,0.0,0.0,99.5
20121204002400,0.0,0.0,0.0,0.0,8.5,0.0,0.0,91.5
20121204002500,0.0,0.0,0.0,0.0,0.9,0.0,0.0,99.1
20121204002600,0.0,0.0,0.0,0.0,0.5,0.0,0.0,99.5
20121204002700,0.0,0.0,0.0,0.0,3.6,0.0,0.0,96.3
20121204002800,0.0,0.0,0.1,0.0,26.1,0.0,0.4,73.3
20121204002900,0.0,0.0,0.0,0.0,27.3,0.0,0.1,72.6
20121204003000,0.0,0.0,0.0,0.0,3.8,0.0,0.0,96.2
20121204003100,0.0,0.0,0.0,0.0,6.4,0.0,0.0,93.6
20121204003200,0.0,0.0,0.0,0.0,16.8,0.0,0.0,83.2
20121204003300,0.0,0.0,0.0,0.0,5.7,0.0,0.0,94.2
20121204003400,0.0,0.0,0.0,0.0,1.2,0.0,0.1,98.7
20121204003500,0.0,0.0,0.0,0.0,6.8,0.0,0.1,93.2
20121204003600,0.0,0.0,0.0,0.0,0.1,0.0,0.0,99.9
20121204003700,0.0,0.0,0.0,0.0,0.2,0.0,0.0,99.8
20121204003800,0.0,0.0,0.0,0.0,0.0,0.0,0.0,100.0
20121204003900,0.0,0.0,0.0,0.0,0.7,0.0,0.0,99.3
20121204004000,0.0,0.0,0.0,0.0,2.2,0.0,0.0,97.7
20121204004100,0.0,0.0,0.0,0.0,0.1,0.0,0.0,99.9
20121204004200,0.0,0.0,0.0,0.0,0.1,0.0,0.0,99.9
20121204004300,0.0,0.0,0.0,0.0,0.0,0.0,0.0,100.0
20121204004400,0.0,0.0,0.0,0.0,0.2,0.0,0.0,99.8
20121204004500,0.0,0.0,0.0,0.0,0.0,0.0,0.0,100.0
20121204004600,0.0,0.0,0.0,0.0,0.0,0.0,0.0,100.0
20121204004700,0.0,0.0,0.0,0.0,0.2,0.0,0.0,99.8
20121204004800,0.0,0.0,0.0,0.0,0.1,0.0,0.0,99.9
20121204004900,0.0,0.0,0.0,0.0,0.0,0.0,0.0,100.0
20121204005000,0.0,0.0,0.0,0.0,0.2,0.0,0.0,99.8
20121204005100,0.0,0.0,0.0,0.0,0.0,0.0,0.0,100.0
20121204005200,0.0,0.0,0.0,0.0,0.0,0.0,0.0,100.0
20121204005300,0.0,0.0,0.0,0.0,0.0,0.0,0.0,100.0
20121204005400,0.0,0.0,0.0,0.0,0.0,0.0,0.0,100.0
20121204005500,0.0,0.0,0.0,0.1,4.5,0.1,0.8,94.5
20121204005600,0.0,0.0,0.0,0.0,0.0,0.0,0.0,100.0
20121204005700,0.0,0.0,0.0,0.0,0.3,0.0,0.1,99.6
20121204005800,0.0,0.0,0.0,0.0,0.1,0.0,0.0,99.9
20121204005900,0.0,0.0,0.0,0.0,0.7,0.0,0.1,99.2
20121204010000,0.0,0.0,0.0,0.0,2.5,0.0,0.2,97.3
20121204010100,0.0,0.0,0.0,0.0,0.1,0.0,0.0,99.9
20121204010200,0.0,0.0,0.0,0.0,0.0,0.0,0.0,100.0
20121204010300,0.0,0.0,0.0,0.0,2.0,0.0,0.0,98.0
20121204010400,0.0,0.0,0.0,0.0,0.1,0.0,0.0,99.9
20121204010500,0.0,0.0,0.0,0.0,4.4,0.0,0.1,95.5
20121204010600,0.0,0.0,0.0,0.0,0.0,0.0,0.0,100.0
20121204010700,0.0,0.0,0.0,0.0,0.0,0.0,0.0,100.0
20121204010800,0.0,0.0,0.0,0.0,0.3,0.0,0.0,99.7
20121204010900,0.0,0.0,0.0,0.0,0.0,0.0,0.0,100.0
20121204011000,0.0,0.0,0.0,0.0,0.1,0.0,0.0,99.9
20121204011100,0.0,0.0,0.0,0.0,0.0,0.0,0.0,100.0
20121204011200,0.0,0.0,0.0,0.0,0.1,0.0,0.0,99.9
20121204011300,0.0,0.0,0.0,0.0,0.0,0.0,0.0,100.0
20121204011400,0.0,0.0,0.0,0.0,0.0,0.0,0.0,100.0
20121204011500,0.0,0.0,0.0,0.0,0.0,0.0,0.0,100.0
20121204011600,0.0,0.0,0.0,0.0,0.0,0.0,0.0,100.0
20121204011700,0.0,0.0,0.0,0.0,0.0,0.0,0.0,100.0
20121204011800,0.0,0.0,0.0,0.0,0.0,0.0,0.0,100.0
20121204011900,0.0,0.0,0.0,0.0,0.0,0.0,0.0,100.0
20121204012000,0.0,0.0,0.0,0.0,0.0,0.0,0.0,100.0
20121204012100,0.0,0.0,0.0,0.0,0.0,0.0,0.0,100.0
20121204012200,0.0,0.0,0.0,0.0,0.0,0.0,0.0,100.0
20121204012300,0.0,0.0,0.0,0.0,0.1,0.0,0.2,99.8
20121204012400,0.0,0.0,0.0,0.0,0.1,0.0,0.1,99.8
20121204012500,0.0,0.0,0.0,0.0,0.1,0.0,0.2,99.7
20121204012600,0.0,0.0,0.0,0.0,0.0,0.0,0.1,99.9
20121204013017,0.0,0.0,0.0,0.0,0.0,0.0,0.1,99.9
20121204013117,0.0,0.0,0.0,0.0,0.0,0.0,0.0,100.0
20121204013217,0.0,0.0,0.0,0.0,0.0,0.0,0.2,99.8
20121204013317,0.0,0.0,0.0,0.0,0.0,0.0,0.0,100.0
20121204013417,0.0,0.0,0.0,0.0,0.0,0.0,0.0,100.0
20121204013517,0.0,0.0,0.0,0.0,0.0,0.0,0.1,99.9
20121204013617,0.0,0.0,0.0,0.0,0.0,0.0,0.0,100.0
20121204013717,0.0,0.0,0.0,0.0,0.0,0.0,0.1,99.9
20121204013817,0.0,0.0,0.0,0.0,0.0,0.0,0.0,99.9
20121204013917,0.0,0.0,0.0,0.0,0.0,0.0,0.1,99.9
20121204014017,0.0,0.0,0.0,0.0,0.0,0.0,0.0,100.0
20121204014117,0.0,0.0,0.0,0.0,0.0,0.0,0.1,99.9
20121204014217,0.0,0.0,0.0,0.0,0.0,0.0,0.0,99.9
20121204014317,0.0,0.0,0.0,0.0,0.0,0.0,0.0,100.0
20121204014417,0.0,0.0,0.0,0.0,0.0,0.0,0.0,100.0
20121204014517,0.0,0.0,0.0,0.0,0.1,0.1,0.1,99.8
20121204014617,0.0,0.0,0.0,0.0,0.0,0.0,0.0,100.0
20121204014717,0.0,0.0,0.0,0.0,0.0,0.0,0.2,99.8
20121204014817,0.0,0.0,0.0,0.0,0.0,0.0,0.0,100.0
20121204014917,0.0,0.0,0.0,0.0,0.0,0.0,0.0,100.0
20121204015017,0.0,0.0,0.0,0.0,0.0,0.0,0.0,100.0
20121204015117,0.0,0.0,0.0,0.0,0.0,0.0,0.0,99.9
20121204015217,0.0,0.0,0.0,0.0,0.0,0.0,0.1,99.9
20121204015317,0.0,0.0,0.0,0.0,0.0,0.0,0.5,99.4
20121204015417,0.0,0.0,0.0,0.0,0.0,0.0,0.2,99.7
20121204015517,0.0,0.0,0.0,0.0,0.0,0.0,0.4,99.6
20121204015617,0.0,0.0,0.0,0.0,0.0,0.0,0.4,99.6
20121204015717,0.0,0.0,0.0,0.0,0.0,0.1,0.5,99.3
20121204015817,0.0,0.0,0.0,0.0,0.0,0.1,0.4,99.5
20121204015917,0.0,0.0,0.0,0.0,0.0,0.0,0.1,99.9
20121204020017,0.0,0.0,0.0,0.0,0.0,0.0,0.0,99.9
20121204020117,0.0,0.0,0.0,0.0,0.0,0.0,0.0,99.9
20121204020217,0.0,0.0,0.0,0.0,0.0,0.0,0.1,99.9
20121204020317,0.0,0.0,0.0,0.0,0.0,0.0,0.1,99.8
20121204020417,0.0,0.0,0.0,0.0,0.0,0.0,0.0,100.0
20121204020517,0.0,0.0,0.0,0.0,0.0,0.0,0.2,99.8
20121204020617,0.0,0.0,0.0,0.0,0.0,0.0,0.0,100.0
20121204020717,0.0,0.0,0.0,0.0,0.0,0.0,0.0,100.0
20121204020817,0.0,0.0,0.0,0.0,0.0,0.0,0.1,99.9
20121204020917,0.0,0.0,0.0,0.0,0.0,0.0,0.6,99.3
20121204021017,0.0,0.0,0.0,0.0,0.0,0.0,0.6,99.4
20121204021117,0.0,0.0,0.0,0.0,0.0,0.0,0.3,99.7
20121204021217,0.0,0.0,0.0,0.0,0.0,0.0,0.8,99.2
20121204021317,0.0,0.0,0.0,0.0,0.0,0.0,0.1,99.9
20121204021417,0.0,0.0,0.0,0.0,0.0,0.0,1.1,98.8
20121204021517,0.0,0.0,0.0,0.0,0.0,0.0,0.2,99.7
20121204021617,0.0,0.0,0.0,0.0,0.2,0.0,0.3,99.5
20121204021717,0.0,0.0,0.0,0.0,0.7,0.1,13.0,86.2
20121204021817,0.0,0.0,0.0,0.0,0.0,0.0,0.1,99.8
20121204021917,0.0,0.0,0.0,0.0,0.2,0.0,0.4,99.4
20121204022017,0.0,0.0,0.0,0.0,0.1,0.1,0.1,99.7
20121204022117,0.0,0.0,0.0,0.0,0.5,0.2,0.3,99.0
20121204022217,0.0,0.0,0.0,0.0,1.8,0.0,0.4,97.7
20121204022317,0.0,0.0,0.0,0.0,7.7,1.5,5.1,85.7
20121204022417,0.0,0.0,0.0,0.0,3.3,0.0,1.0,95.7
20121204022517,0.0,0.0,0.0,0.0,7.4,0.1,1.2,91.3
20121204022617,0.0,0.0,0.0,0.0,1.2,0.1,0.3,98.5
20121204022717,0.0,0.0,0.0,0.0,1.7,0.2,0.2,97.9
20121204022817,0.0,0.0,0.0,0.0,5.3,0.1,2.5,92.1
20121204022917,0.0,0.0,0.0,0.0,6.1,0.1,1.6,92.1
20121204023017,0.0,0.0,0.0,0.0,0.1,0.1,0.7,99.1
20121204023117,0.0,0.0,0.0,0.0,3.3,0.1,0.5,96.1
20121204023217,0.0,0.0,0.0,0.0,0.1,0.1,0.1,99.7
20121204023317,0.0,0.0,0.0,0.0,0.3,0.0,0.1,99.6
20121204023417,0.0,0.0,0.0,0.0,0.1,0.1,0.2,99.7
20121204023517,0.0,0.0,0.0,0.0,0.0,0.0,0.2,99.8
20121204023617,0.0,0.0,0.0,0.0,0.0,0.1,0.2,99.7
20121204023717,0.0,0.0,0.0,0.0,0.0,0.0,0.0,99.9
20121204023817,0.0,0.0,0.0,0.0,0.8,0.1,0.6,98.4
20121204023917,0.0,0.0,0.0,0.0,0.2,0.1,0.3,99.5
20121204024017,0.0,0.0,0.0,0.0,0.4,0.2,0.4,99.0
20121204024117,0.0,0.0,0.0,0.0,0.4,0.1,0.3,99.2
20121204024217,0.0,0.0,0.0,0.0,0.7,0.3,0.4,98.6
20121204024317,0.0,0.0,0.0,0.0,1.1,0.1,4.1,94.6
20121204024417,0.0,0.0,0.0,0.0,1.5,0.2,2.1,96.1
20121204024517,0.0,0.0,0.0,0.0,0.1,0.5,1.2,98.1
20121204024617,0.0,0.0,0.0,0.0,0.0,0.0,1.2,98.7
20121204024717,0.0,0.0,0.0,0.0,0.0,0.1,1.4,98.5
20121204024817,0.0,0.0,0.0,0.0,0.1,0.1,14.2,85.5
20121204024917,0.1,0.0,0.0,0.0,1.6,0.2,7.4,90.7
20121204025017,0.0,0.0,0.0,0.0,0.1,0.7,8.5,90.7
20121204025117,0.0,0.0,0.0,0.0,0.1,0.2,16.1,83.6
20121204025217,0.0,0.0,0.0,0.0,0.1,0.9,5.4,93.5
20121204025317,0.0,0.0,0.0,0.0,0.1,0.1,3.4,96.4
20121204025417,0.0,0.0,0.0,0.0,0.1,0.2,6.4,93.2
20121204025517,0.0,0.0,0.0,0.0,0.4,0.0,14.7,84.8
20121204025617,0.0,0.0,0.0,0.0,0.0,0.0,2.7,97.2
20121204025717,0.0,0.0,0.0,0.0,0.1,0.0,8.7,91.2
20121204030545,0.0,0.0,0.0,0.1,1.9,0.0,30.8,67.2
20121204030645,0.0,0.0,0.0,0.0,0.9,0.0,91.2,7.9
20121204030745,0.0,0.0,0.0,0.0,1.0,0.0,79.8,19.2
20121204030845,0.0,0.0,0.0,0.1,0.3,0.0,18.9,80.7
20121204030945,0.0,0.0,0.0,0.0,7.1,0.0,14.3,78.5
20121204031045,0.0,0.0,0.0,0.1,0.1,0.0,93.7,6.1
20121204031145,0.0,0.0,0.0,0.2,1.1,0.0,65.3,33.4
20121204031245,0.0,0.0,0.0,0.1,0.8,0.0,26.7,72.4
