UT,arc,discrete,diffuse,ac,ab,clear,cloudy,dd
20121202140100,0.0,0.0,0.0,0.0,0.0,0.0,0.0,100.0
20121202140200,0.0,0.0,0.0,0.0,0.0,0.0,0.0,100.0
20121202140300,0.0,0.0,0.0,0.0,0.0,0.0,0.0,100.0
20121202140400,0.0,0.0,0.0,0.0,0.0,0.0,0.0,100.0
20121202140500,0.0,0.0,0.0,0.0,0.0,0.0,0.0,100.0
20121202140600,0.0,0.0,0.0,0.0,0.0,0.0,0.0,100.0
20121202140700,0.0,0.0,0.0,0.0,0.0,0.0,0.0,100.0
20121202140800,0.0,0.0,0.0,0.0,0.0,0.0,0.0,100.0
20121202140900,0.0,0.0,0.0,0.0,0.0,0.0,0.0,100.0
20121202141000,0.0,0.0,0.0,0.0,0.0,0.0,0.0,100.0
20121202141100,0.0,0.0,0.0,0.0,0.0,0.0,0.0,100.0
20121202141200,0.0,0.0,0.0,0.0,0.0,0.0,0.0,100.0
20121202141300,0.0,0.0,0.0,0.0,0.0,0.0,0.0,100.0
20121202141400,0.0,0.0,0.0,0.0,0.0,0.0,0.0,100.0
20121202141500,0.0,0.0,0.0,0.0,0.0,0.0,0.0,100.0
20121202141600,0.0,0.0,0.0,0.0,0.0,0.0,0.0,100.0
20121202141700,0.0,0.0,0.0,0.0,0.0,0.0,0.0,100.0
20121202141800,0.0,0.0,0.0,0.0,0.0,0.0,0.0,100.0
20121202141900,0.0,0.0,0.0,0.0,0.0,0.0,0.0,100.0
20121202142000,0.0,0.0,0.0,0.0,0.0,0.0,0.0,100.0
20121202142100,0.0,0.0,0.0,0.0,0.0,0.0,0.0,100.0
20121202142200,0.0,0.0,0.0,0.0,0.0,0.0,0.0,100.0
20121202142300,0.0,0.0,0.0,0.0,0.0,0.0,0.0,100.0
20121202142400,0.0,0.0,0.0,0.0,0.0,0.0,0.0,100.0
20121202142500,0.0,0.0,0.0,0.0,0.0,0.0,0.0,100.0
20121202142600,0.0,0.0,0.0,0.0,0.0,0.0,0.0,100.0
20121202142700,0.0,0.0,0.0,0.0,0.0,0.0,0.0,100.0
20121202142800,0.0,0.0,0.0,0.0,0.0,0.0,0.0,100.0
20121202142900,0.0,0.0,0.0,0.0,0.0,0.0,0.0,100.0
20121202143000,0.0,0.0,0.0,0.0,0.0,0.0,0.0,100.0
20121202143100,0.0,0.0,0.0,0.0,0.0,0.0,0.0,100.0
20121202143200,0.0,0.0,0.0,0.0,0.0,0.0,0.0,100.0
20121202143300,0.0,0.0,0.0,0.0,0.0,0.0,0.0,100.0
20121202143400,0.0,0.0,0.0,0.0,0.0,0.0,0.0,100.0
20121202143500,0.0,0.0,0.0,0.0,0.0,0.0,0.0,100.0
20121202143600,0.0,0.0,0.0,0.0,0.0,0.0,0.0,100.0
20121202143700,0.0,0.0,0.0,0.0,0.0,0.0,0.0,100.0
20121202143800,0.0,0.0,0.0,0.0,0.0,0.0,0.0,100.0
20121202143900,0.0,0.0,0.0,0.0,0.0,0.0,0.0,100.0
20121202144000,0.0,0.0,0.0,0.0,0.0,0.0,0.0,100.0
20121202144100,0.0,0.0,0.0,0.0,0.0,0.0,0.0,100.0
20121202144200,0.0,0.0,0.0,0.0,0.0,0.0,0.0,100.0
20121202144300,0.0,0.0,0.0,0.0,0.0,0.0,0.0,100.0
20121202144400,0.0,0.0,0.0,0.0,0.0,0.0,0.0,100.0
20121202144500,0.0,0.0,0.0,0.0,0.0,0.0,0.0,100.0
20121202144600,0.0,0.0,0.0,0.0,0.0,0.0,0.1,99.9
20121202144700,0.0,0.0,0.0,0.0,0.0,0.0,0.2,99.7
20121202144800,0.0,0.0,0.0,0.0,0.0,0.0,0.6,99.4
20121202144900,0.0,0.0,0.0,0.0,0.0,0.0,0.3,99.6
20121202145000,0.0,0.0,0.0,0.2,0.0,0.0,1.4,98.4
20121202145100,0.0,0.0,0.0,0.5,0.0,0.0,16.8,82.6
20121202145200,0.0,0.0,0.0,0.5,0.1,0.0,4.6,94.8
20121202145300,0.0,0.0,0.0,1.3,0.0,0.0,48.4,50.3
20121202145400,0.0,0.0,0.0,0.5,0.0,0.0,66.8,32.7
20121202145500,0.0,0.0,0.0,0.1,0.0,0.0,97.6,2.3
20121202145600,0.0,0.0,0.0,0.0,0.0,0.0,96.9,3.0
20121202145700,0.0,0.0,0.0,0.1,0.0,0.0,89.4,10.5
20121202145800,0.0,0.0,0.0,0.0,0.0,0.0,97.0,2.9
20121202145900,0.0,0.0,0.0,0.1,0.0,0.0,98.0,1.9
20121202150000,0.0,0.0,0.0,0.1,0.0,0.0,98.3,1.6
20121202150100,0.0,0.0,0.0,0.0,0.0,0.0,99.6,0.3
20121202150200,0.0,0.0,0.0,0.0,0.0,0.0,95.3,4.7
20121202150300,0.0,0.0,0.0,0.0,0.0,0.0,100.0,0.0
20121202150400,0.0,0.0,0.0,0.0,0.0,0.0,100.0,0.0
20121202150500,0.0,0.0,0.0,0.0,0.0,0.0,100.0,0.0
20121202150600,0.0,0.0,0.0,0.0,0.0,0.0,100.0,0.0
20121202150700,0.0,0.0,0.0,0.0,0.0,0.0,100.0,0.0
20121202150800,0.0,0.0,0.0,0.0,0.0,0.0,100.0,0.0
20121202150900,0.0,0.0,0.0,0.0,0.0,0.0,100.0,0.0
20121202151000,0.0,0.0,0.0,0.0,0.0,0.0,100.0,0.0
20121202151100,0.0,0.0,0.0,0.0,0.0,0.0,100.0,0.0
20121202151200,0.0,0.0,0.0,0.0,0.0,0.0,100.0,0.0
20121202151300,0.0,0.0,0.0,0.0,0.0,0.0,100.0,0.0
20121202151400,0.0,0.0,0.0,0.0,0.0,0.0,100.0,0.0
20121202151500,0.0,0.0,0.0,0.0,0.0,0.0,100.0,0.0
20121202151600,0.0,0.0,0.0,0.0,0.0,0.0,100.0,0.0
20121202151700,0.0,0.0,0.0,0.0,0.0,0.0,100.0,0.0
20121202151800,0.0,0.0,0.0,0.0,0.0,0.0,100.0,0.0
20121202151900,0.0,0.0,0.0,0.0,0.0,0.0,100.0,0.0
20121202152000,0.0,0.0,0.0,0.0,0.0,0.0,100.0,0.0
20121202152100,0.0,0.0,0.0,0.0,0.0,0.0,100.0,0.0
20121202152200,0.0,0.0,0.0,0.0,0.0,0.0,100.0,0.0
20121202152300,0.0,0.0,0.0,0.0,0.0,0.0,100.0,0.0
20121202152400,0.0,0.0,0.0,0.0,0.0,0.0,100.0,0.0
20121202152500,0.0,0.0,0.0,0.0,0.0,0.0,100.0,0.0
20121202152600,0.0,0.0,0.0,0.0,0.0,0.0,100.0,0.0
20121202152700,0.0,0.0,0.0,0.0,0.0,0.0,100.0,0.0
20121202152800,0.0,0.0,0.0,0.0,0.0,0.0,100.0,0.0
20121202152900,0.0,0.0,0.0,0.0,0.0,0.0,100.0,0.0
20121202153000,0.0,0.0,0.0,0.0,0.0,0.0,100.0,0.0
20121202153100,0.0,0.0,0.0,0.0,0.0,0.0,100.0,0.0
20121202153200,0.0,0.0,0.0,0.0,0.0,0.0,100.0,0.0
20121202153300,0.0,0.0,0.0,0.0,0.0,0.0,100.0,0.0
20121202153400,0.0,0.0,0.0,0.0,0.0,0.0,100.0,0.0
20121202153500,0.0,0.0,0.0,0.0,0.0,0.0,100.0,0.0
20121202153600,0.0,0.0,0.0,0.0,0.0,0.0,100.0,0.0
20121202153700,0.0,0.0,0.0,0.0,0.0,0.0,100.0,0.0
20121202153800,0.0,0.0,0.0,0.0,0.0,0.0,100.0,0.0
20121202153900,0.0,0.0,0.0,0.0,0.0,0.0,100.0,0.0
20121202154000,0.0,0.0,0.0,0.0,0.0,0.0,100.0,0.0
20121202154100,0.0,0.0,0.0,0.0,0.0,0.0,100.0,0.0
20121202154200,0.0,0.0,0.0,0.0,0.0,0.0,100.0,0.0
20121202154300,0.0,0.0,0.0,0.0,0.0,0.0,100.0,0.0
20121202154400,0.0,0.0,0.0,0.0,0.0,0.0,100.0,0.0
20121202154500,0.0,0.0,0.0,0.0,0.0,0.0,100.0,0.0
20121202154600,0.0,0.0,0.0,0.0,0.0,0.0,100.0,0.0
20121202154700,0.0,0.0,0.0,0.0,0.0,0.0,100.0,0.0
20121202154800,0.0,0.0,0.0,0.0,0.0,0.0,100.0,0.0
20121202154900,0.0,0.0,0.0,0.0,0.0,0.0,100.0,0.0
20121202155000,0.0,0.0,0.0,0.0,0.0,0.0,100.0,0.0
20121202155100,0.0,0.0,0.0,0.0,0.0,0.0,100.0,0.0
20121202155200,0.0,0.0,0.0,0.0,0.0,0.0,100.0,0.0
20121202155300,0.0,0.0,0.0,0.0,0.0,0.0,100.0,0.0
20121202155400,0.0,0.0,0.0,0.0,0.0,0.0,100.0,0.0
20121202155500,0.0,0.0,0.0,0.0,0.0,0.0,100.0,0.0
20121202155600,0.0,0.0,0.0,0.0,0.0,0.0,100.0,0.0
20121202155700,0.0,0.0,0.0,0.0,0.0,0.0,100.0,0.0
20121202155800,0.0,0.0,0.0,0.0,0.0,0.0,100.0,0.0
20121202155900,0.0,0.0,0.0,0.0,0.0,0.0,100.0,0.0
20121202160000,0.0,0.0,0.0,0.0,0.0,0.0,100.0,0.0
20121202160100,0.0,0.0,0.0,0.0,0.0,0.0,100.0,0.0
20121202160200,0.0,0.0,0.0,0.0,0.0,0.0,100.0,0.0
20121202160300,0.0,0.0,0.0,0.0,0.0,0.0,100.0,0.0
20121202160400,0.0,0.0,0.0,0.0,0.0,0.0,100.0,0.0
20121202160500,0.0,0.0,0.0,0.0,0.0,0.0,100.0,0.0
20121202160600,0.0,0.0,0.0,0.0,0.0,0.0,100.0,0.0
20121202160700,0.0,0.0,0.0,0.0,0.0,0.0,100.0,0.0
20121202160800,0.0,0.0,0.0,0.0,0.0,0.0,100.0,0.0
20121202160900,0.0,0.0,0.0,0.0,0.0,0.0,100.0,0.0
20121202161000,0.0,0.0,0.0,0.0,0.0,0.0,100.0,0.0
20121202161100,0.0,0.0,0.0,0.0,0.0,0.0,100.0,0.0
20121202161200,0.0,0.0,0.0,0.0,0.0,0.0,100.0,0.0
20121202161300,0.0,0.0,0.0,0.0,0.0,0.0,100.0,0.0
20121202161400,0.0,0.0,0.0,0.0,0.0,0.0,100.0,0.0
20121202161500,0.0,0.0,0.0,0.0,0.0,0.0,100.0,0.0
20121202161600,0.0,0.0,0.0,0.0,0.0,0.0,100.0,0.0
20121202161700,0.0,0.0,0.0,0.0,0.0,0.0,100.0,0.0
20121202161800,0.0,0.0,0.0,0.0,0.0,0.0,100.0,0.0
20121202161900,0.0,0.0,0.0,0.0,0.0,0.0,100.0,0.0
20121202162000,0.0,0.0,0.0,0.0,0.0,0.0,100.0,0.0
20121202162100,0.0,0.0,0.0,0.0,0.0,0.0,100.0,0.0
20121202162200,0.0,0.0,0.0,0.0,0.0,0.0,100.0,0.0
20121202162300,0.0,0.0,0.0,0.0,0.0,0.0,100.0,0.0
20121202162400,0.0,0.0,0.0,0.0,0.0,0.0,100.0,0.0
20121202162500,0.0,0.0,0.0,0.0,0.0,0.0,100.0,0.0
20121202162600,0.0,0.0,0.0,0.0,0.0,0.0,100.0,0.0
20121202162700,0.0,0.0,0.0,0.0,0.0,0.0,100.0,0.0
20121202162800,0.0,0.0,0.0,0.0,0.0,0.0,100.0,0.0
20121202162900,0.0,0.0,0.0,0.0,0.0,0.0,100.0,0.0
20121202163000,0.0,0.0,0.0,0.0,0.0,0.0,100.0,0.0
20121202163100,0.0,0.0,0.0,0.0,0.0,0.0,100.0,0.0
20121202163200,0.0,0.0,0.0,0.0,0.0,0.0,100.0,0.0
20121202163300,0.0,0.0,0.0,0.0,0.0,0.0,100.0,0.0
20121202163400,0.0,0.0,0.0,0.0,0.0,0.0,100.0,0.0
20121202163500,0.0,0.0,0.0,0.0,0.0,0.0,100.0,0.0
20121202163600,0.0,0.0,0.0,0.0,0.0,0.0,100.0,0.0
20121202163700,0.0,0.0,0.0,0.0,0.0,0.0,100.0,0.0
20121202163800,0.0,0.0,0.0,0.0,0.0,0.0,100.0,0.0
20121202163900,0.0,0.0,0.0,0.0,0.0,0.0,100.0,0.0
20121202164000,0.0,0.0,0.0,0.0,0.0,0.0,100.0,0.0
20121202164100,0.0,0.0,0.0,0.0,0.0,0.0,100.0,0.0
20121202164200,0.0,0.0,0.0,0.0,0.0,0.0,100.0,0.0
20121202164300,0.0,0.0,0.0,0.0,0.0,0.0,100.0,0.0
20121202164400,0.0,0.0,0.0,0.0,0.0,0.0,100.0,0.0
20121202164500,0.0,0.0,0.0,0.0,0.0,0.0,100.0,0.0
20121202164600,0.0,0.0,0.0,0.0,0.0,0.0,100.0,0.0
20121202164700,0.0,0.0,0.0,0.0,0.0,0.0,100.0,0.0
20121202164800,0.0,0.0,0.0,0.0,0.0,0.0,100.0,0.0
20121202164900,0.0,0.0,0.0,0.0,0.0,0.0,100.0,0.0
20121202165000,0.0,0.0,0.0,0.0,0.0,0.0,100.0,0.0
20121202165100,0.0,0.0,0.0,0.0,0.0,0.0,100.0,0.0
20121202165200,0.0,0.0,0.0,0.0,0.0,0.0,100.0,0.0
20121202165300,0.0,0.0,0.0,0.0,0.0,0.0,100.0,0.0
20121202165400,0.0,0.0,0.0,0.0,0.0,0.0,100.0,0.0
20121202165500,0.0,0.0,0.0,0.0,0.0,0.0,100.0,0.0
20121202165600,0.0,0.0,0.0,0.0,0.0,0.0,100.0,0.0
20121202165700,0.0,0.0,0.0,0.0,0.0,0.0,100.0,0.0
20121202165800,0.0,0.0,0.0,0.0,0.0,0.0,100.0,0.0
20121202165900,0.0,0.0,0.0,0.0,0.0,0.0,100.0,0.0
20121202170000,0.0,0.0,0.0,0.0,0.0,0.0,100.0,0.0
20121202170100,0.0,0.0,0.0,0.0,0.0,0.0,99.9,0.0
20121202170200,0.0,0.0,0.0,0.2,0.0,0.0,99.6,0.1
20121202170300,0.0,0.0,0.0,0.0,0.0,0.0,99.9,0.1
20121202170400,0.0,0.0,0.0,0.0,0.0,0.0,100.0,0.0
20121202170500,0.0,0.0,0.0,0.0,0.0,0.0,100.0,0.0
20121202170600,0.0,0.0,0.0,0.4,0.0,0.0,99.1,0.4
20121202170700,0.0,0.0,0.0,0.3,0.0,0.0,98.9,0.8
20121202170800,0.0,0.0,0.0,0.2,0.0,0.0,98.9,0.9
20121202170900,0.0,0.0,0.0,0.0,0.0,0.0,99.8,0.1
20121202171000,0.0,0.0,0.0,0.0,0.0,0.0,98.4,1.5
20121202171100,0.0,0.0,0.0,0.1,0.0,0.0,98.8,1.2
20121202171200,0.0,0.0,0.0,0.2,0.0,0.0,95.2,4.6
20121202171300,0.0,0.0,0.0,0.1,0.0,0.0,97.9,2.0
20121202171400,0.0,0.0,0.0,0.0,0.0,0.0,99.3,0.7
20121202171500,0.0,0.0,0.0,0.2,0.0,0.0,89.8,9.9
20121202171600,0.0,0.0,0.0,0.0,0.0,0.0,96.5,3.5
20121202171700,0.0,0.0,0.0,0.0,0.0,0.0,99.4,0.6
20121202171800,0.0,0.0,0.0,1.1,0.0,0.0,62.6,36.2
20121202171900,0.0,0.0,0.0,0.9,0.1,0.1,83.6,15.3
20121202172000,0.0,0.0,0.0,2.2,0.2,0.1,78.0,19.5
20121202172100,0.0,0.0,0.0,2.9,0.1,0.1,67.0,29.9
20121202172200,0.0,0.0,0.0,0.2,0.0,0.0,35.9,63.9
20121202172300,0.0,0.0,0.0,0.0,0.0,0.0,6.2,93.7
20121202172400,0.0,0.0,0.0,0.3,0.0,0.0,2.8,96.9
20121202172500,0.0,0.0,0.0,0.7,0.0,0.2,44.4,54.7
20121202172600,0.0,0.0,0.0,0.4,0.0,0.1,16.7,82.8
20121202172700,0.0,0.0,0.1,1.9,0.1,0.4,25.7,71.9
20121202172800,0.0,0.0,0.1,11.9,0.2,0.7,73.8,13.3
20121202172900,0.0,0.0,0.3,22.8,0.3,0.2,22.3,54.1
20121202173000,0.0,0.0,0.0,2.6,0.0,0.1,2.6,94.8
20121202173100,0.0,0.0,0.0,3.0,0.0,0.5,22.7,73.7
20121202173200,0.0,0.0,0.4,12.7,0.1,1.2,36.7,48.9
20121202173300,0.0,0.0,0.3,7.5,0.0,0.3,8.7,83.2
20121202173400,0.0,0.0,0.2,2.5,0.0,0.9,38.7,57.7
20121202173500,0.0,0.0,0.6,61.1,0.2,0.1,10.9,27.1
20121202173600,0.0,0.0,0.5,5.7,0.2,0.2,42.3,51.2
20121202173700,0.0,0.0,0.3,1.5,0.0,2.4,87.1,8.7
20121202173800,0.0,0.0,1.5,1.3,0.0,0.6,62.4,34.1
20121202173900,0.0,0.0,1.6,14.8,0.3,0.1,20.4,62.7
20121202174000,0.0,0.0,3.3,20.3,0.3,0.4,43.4,32.4
20121202174100,0.0,0.0,30.0,48.1,0.8,0.1,2.9,18.1
20121202174200,0.0,0.0,3.5,92.7,1.0,0.0,0.7,2.0
20121202174300,0.0,0.0,0.5,96.0,1.9,0.0,0.5,1.1
20121202174400,0.0,0.0,1.6,95.8,0.5,0.0,0.2,1.7
20121202174500,0.0,0.0,0.1,99.6,0.2,0.0,0.0,0.1
20121202174600,0.0,0.0,0.1,99.8,0.1,0.0,0.0,0.0
20121202174700,0.1,0.0,6.3,88.3,0.3,0.1,3.3,1.7
20121202174800,0.0,0.0,5.1,93.4,0.2,0.1,0.8,0.4
20121202174900,0.0,0.0,3.3,50.9,0.4,0.2,20.8,24.3
20121202175000,0.0,0.0,24.8,31.3,1.4,0.1,10.8,31.7
20121202175100,0.0,0.0,16.1,49.0,0.5,0.1,16.1,18.2
20121202175200,0.0,0.0,24.5,44.0,0.4,0.0,16.2,14.9
20121202175300,0.0,0.0,16.1,47.3,1.7,0.0,22.3,12.5
20121202175400,0.0,0.0,3.9,90.2,0.5,0.0,1.8,3.5
20121202175500,0.1,0.0,51.7,7.3,1.5,0.1,20.2,19.1
20121202175600,0.1,0.0,55.8,12.0,10.0,0.1,14.8,7.2
20121202175700,0.0,0.0,8.5,2.8,2.8,0.1,56.3,29.5
20121202175800,0.0,0.0,15.1,4.2,1.6,0.0,57.0,22.1
20121202175900,0.0,0.0,5.0,2.1,2.2,0.1,68.5,22.0
20121202180000,0.0,0.0,30.1,1.8,0.2,0.1,64.5,3.3
20121202180100,0.0,0.0,0.6,2.3,0.8,0.3,75.7,20.4
20121202180200,0.0,0.0,2.0,3.5,0.7,1.0,86.0,6.8
20121202180300,0.1,0.0,1.1,2.0,0.2,3.1,92.9,0.6
20121202180400,0.0,0.0,0.4,6.1,0.2,0.5,92.3,0.4
20121202180500,0.0,0.0,0.1,7.5,0.2,0.2,89.2,2.7
20121202180600,0.0,0.0,0.1,25.7,0.1,0.2,72.2,1.8
20121202180700,0.1,0.0,0.1,4.9,0.1,1.0,93.3,0.6
20121202180800,0.1,0.0,2.7,18.1,0.2,0.9,77.3,0.7
20121202180900,0.0,0.0,0.1,1.0,0.5,0.5,95.5,2.4
20121202181000,0.1,0.0,0.8,2.2,0.5,1.8,92.1,2.5
20121202181100,0.1,0.0,3.2,2.7,2.3,2.5,88.1,1.1
20121202181200,0.7,0.0,0.1,2.7,0.2,1.6,65.0,29.6
20121202181300,0.1,0.0,1.5,4.9,0.8,0.4,90.7,1.6
20121202181400,0.1,0.0,2.7,13.0,2.3,0.6,79.4,1.9
20121202181500,0.1,0.0,21.1,39.1,0.3,2.2,36.7,0.5
20121202181600,0.1,0.0,10.5,73.3,0.1,0.8,14.2,0.9
20121202181700,0.3,0.0,3.5,53.9,0.2,0.6,39.8,1.8
20121202181800,0.0,0.0,0.1,3.0,0.0,0.1,96.6,0.2
20121202181900,0.0,0.0,0.3,3.6,0.2,0.4,94.8,0.6
20121202182000,0.6,0.0,1.1,14.7,2.6,1.0,78.4,1.5
20121202182100,0.0,0.0,1.3,15.0,0.1,0.1,83.2,0.3
20121202182200,0.0,0.0,0.7,5.2,0.0,0.0,93.3,0.8
20121202182300,0.0,0.0,0.4,8.6,0.2,0.3,89.8,0.6
20121202182400,0.0,0.0,0.1,5.5,0.0,0.0,93.9,0.3
20121202182500,0.0,0.0,0.1,4.2,0.0,0.0,95.5,0.1
20121202182600,0.0,0.0,0.0,0.9,0.1,0.0,98.9,0.0
20121202182700,0.1,0.0,0.4,52.6,0.4,0.1,46.0,0.5
20121202182800,0.1,0.0,2.2,35.5,0.1,0.0,62.0,0.0
20121202182900,0.1,0.0,0.4,10.4,0.2,0.0,88.9,0.1
20121202183000,0.0,0.0,0.3,40.3,0.1,0.0,59.1,0.2
20121202183100,0.1,0.0,0.2,12.8,0.8,0.0,85.8,0.2
20121202183200,0.1,0.0,1.6,9.1,1.1,0.1,87.6,0.3
20121202183300,0.3,0.0,0.6,9.7,5.0,0.0,80.9,3.4
20121202183400,0.0,0.0,0.2,5.1,0.2,0.0,94.3,0.2
20121202183500,0.0,0.0,0.4,1.6,0.1,0.0,97.7,0.2
20121202183600,0.0,0.0,0.2,2.1,0.1,0.0,97.3,0.3
20121202183700,0.0,0.0,1.0,18.8,0.2,0.0,79.6,0.3
20121202183800,0.0,0.0,0.1,1.4,0.1,0.0,98.4,0.0
20121202183900,0.0,0.0,0.4,2.4,0.6,0.0,96.3,0.3
20121202184000,0.0,0.0,0.3,11.6,0.4,0.0,87.5,0.2
20121202184100,0.0,0.0,0.5,12.2,0.4,0.0,86.4,0.6
20121202184200,0.0,0.0,2.7,70.5,0.4,0.0,26.3,0.2
20121202184300,0.0,0.0,5.8,71.5,0.7,0.0,20.9,1.0
20121202184400,0.0,0.0,3.3,35.7,2.4,0.0,55.3,3.3
20121202184500,0.0,0.0,0.8,41.5,3.4,0.0,20.5,33.9
20121202184600,0.0,0.0,0.1,39.2,2.3,0.0,11.3,47.1
20121202184700,0.0,0.0,0.2,28.3,2.6,0.0,49.2,19.7
20121202184800,0.0,0.0,0.3,33.0,6.4,0.0,13.2,47.1
20121202184900,0.0,0.0,0.3,12.4,3.4,0.0,32.0,52.0
20121202185000,0.0,0.0,0.1,0.4,0.5,0.0,1.4,97.6
20121202185100,0.0,0.0,0.0,0.1,0.0,0.0,0.4,99.6
20121202185200,0.0,0.0,0.1,0.7,0.6,0.0,4.5,94.1
20121202185300,0.0,0.0,0.0,0.1,0.0,0.0,1.2,98.6
20121202185400,0.0,0.0,0.0,0.1,0.0,0.0,1.0,98.9
20121202185500,0.0,0.0,0.0,0.4,0.1,0.0,1.6,97.9
20121202185600,0.0,0.0,0.0,0.1,0.0,0.0,0.7,99.1
20121202185700,0.0,0.0,0.0,0.5,0.2,0.0,11.6,87.7
20121202185800,0.0,0.0,0.0,0.0,0.0,0.0,0.3,99.6
20121202185900,0.0,0.0,0.0,0.0,0.1,0.0,5.4,94.5
20121202190000,0.0,0.0,0.0,0.2,0.1,0.0,2.1,97.6
20121202190100,0.0,0.0,0.0,0.1,0.0,0.0,1.1,98.7
20121202190200,0.0,0.0,0.0,0.0,0.0,0.0,0.4,99.5
20121202190300,0.0,0.0,0.0,0.0,0.0,0.0,0.2,99.8
20121202190400,0.0,0.0,0.0,0.0,0.0,0.0,0.9,99.1
20121202190500,0.0,0.0,0.0,0.0,0.0,0.0,0.1,99.8
20121202190600,0.0,0.0,0.0,0.0,0.0,0.0,0.9,99.0
20121202190700,0.0,0.0,0.0,0.1,0.1,0.0,1.3,98.6
20121202190800,0.0,0.0,0.0,0.2,0.1,0.0,1.4,98.3
20121202190900,0.0,0.0,0.0,0.0,0.0,0.0,0.2,99.8
20121202191000,0.0,0.0,0.0,0.0,0.0,0.0,0.1,99.9
20121202191100,0.0,0.0,0.0,0.0,0.0,0.0,0.0,100.0
20121202191200,0.0,0.0,0.0,0.0,0.0,0.0,0.1,99.9
20121202191300,0.0,0.0,0.0,0.0,0.0,0.0,1.1,98.9
20121202191400,0.0,0.0,0.0,0.2,0.0,0.0,1.6,98.2
20121202191500,0.0,0.0,0.0,0.0,0.0,0.0,1.3,98.7
20121202191600,0.0,0.0,0.0,0.0,0.0,0.0,4.4,95.6
20121202191700,0.0,0.0,0.0,0.0,0.0,0.0,4.8,95.1
20121202191800,0.0,0.0,0.0,0.0,0.0,0.0,2.2,97.7
20121202191900,0.0,0.0,0.0,0.0,0.0,0.0,0.4,99.6
20121202192000,0.0,0.0,0.0,0.0,0.0,0.0,10.9,89.1
20121202192100,0.0,0.0,0.0,0.0,0.0,0.0,0.1,99.9
20121202192200,0.0,0.0,0.0,0.0,0.0,0.0,0.4,99.6
20121202192300,0.0,0.0,0.0,0.0,0.0,0.0,0.2,99.8
20121202192400,0.0,0.0,0.0,0.0,0.0,0.0,0.0,100.0
20121202192500,0.0,0.0,0.0,0.0,0.0,0.0,0.1,99.9
20121202192600,0.0,0.0,0.0,0.0,0.0,0.0,0.7,99.2
20121202192700,0.0,0.0,0.0,0.0,0.0,0.0,0.3,99.6
20121202192800,0.0,0.0,0.0,0.0,0.0,0.0,0.3,99.7
20121202192900,0.0,0.0,0.0,0.0,0.0,0.0,0.4,99.6
20121202193000,0.0,0.0,0.0,0.0,0.0,0.0,0.2,99.8
20121202193100,0.0,0.0,0.0,0.0,0.0,0.0,0.5,99.5
20121202193200,0.0,0.0,0.0,0.0,0.0,0.0,0.4,99.6
20121202193300,0.0,0.0,0.0,0.0,0.0,0.0,0.1,99.8
20121202193400,0.0,0.0,0.0,0.0,0.0,0.0,0.7,99.3
20121202193500,0.0,0.0,0.0,0.1,0.3,0.0,6.0,93.6
20121202193600,0.0,0.0,0.0,0.6,0.3,0.0,5.3,93.7
20121202193700,0.0,0.0,0.0,1.1,0.1,0.0,33.2,65.6
20121202193800,0.0,0.0,0.3,3.0,2.1,0.0,3.9,90.7
20121202193900,0.0,0.0,0.0,0.8,0.0,0.0,4.2,94.9
20121202194000,0.0,0.0,0.1,2.1,0.2,0.0,14.8,82.8
20121202194100,0.0,0.0,0.2,4.3,0.6,0.0,26.8,68.0
20121202194200,0.0,0.0,0.1,0.3,0.2,0.0,13.0,86.5
20121202194300,0.0,0.0,0.5,1.1,1.0,0.0,84.9,12.4
20121202194400,0.0,0.0,0.1,0.4,0.4,0.0,96.8,2.3
20121202194500,0.0,0.0,0.6,0.7,0.4,0.0,93.8,4.5
20121202194600,0.0,0.0,0.0,0.1,0.1,0.0,95.5,4.3
20121202194700,0.0,0.0,0.2,0.4,0.9,0.0,89.0,9.4
20121202194800,0.0,0.0,0.1,0.8,1.2,0.0,90.9,7.0
20121202194900,0.0,0.0,0.0,1.1,0.6,0.0,93.8,4.3
20121202195000,0.0,0.0,0.0,0.2,0.1,0.0,98.1,1.6
20121202195100,0.0,0.0,0.0,0.3,0.1,0.0,98.4,1.1
20121202195200,0.0,0.0,0.0,0.3,0.1,0.0,97.4,2.2
20121202195300,0.0,0.0,0.0,1.0,0.7,0.0,89.6,8.7
20121202195400,0.0,0.0,0.1,1.0,0.7,0.0,94.2,4.0
20121202195500,0.0,0.1,1.1,1.3,0.4,0.0,92.0,5.1
20121202195600,0.0,0.0,0.3,0.1,0.5,0.0,98.4,0.6
20121202195700,0.1,0.1,0.3,0.9,1.1,0.0,95.0,2.5
20121202195800,0.0,0.1,1.9,1.6,0.2,0.0,94.9,1.4
20121202195900,0.4,0.2,41.6,21.6,5.1,0.2,30.4,0.5
20121202200000,1.9,0.5,34.6,5.4,7.0,0.3,48.5,1.7
20121202200100,1.7,0.6,26.5,58.4,8.6,0.0,3.9,0.2
20121202200200,0.0,0.0,1.9,3.6,1.4,0.0,92.7,0.3
20121202200300,0.0,0.0,0.2,0.8,0.2,0.0,98.4,0.5
20121202200400,0.0,0.1,1.1,1.0,6.4,0.1,91.1,0.2
20121202200500,0.1,0.1,1.6,2.7,4.0,0.0,90.4,1.1
20121202200600,0.1,0.0,2.4,1.1,25.7,0.0,69.5,1.1
20121202200700,0.2,0.1,6.0,5.5,21.4,0.1,61.7,5.0
20121202200800,0.1,0.1,8.2,8.3,27.2,0.0,45.6,10.5
20121202200900,0.1,0.0,2.6,6.4,22.4,0.0,66.8,1.7
20121202201000,0.0,0.0,0.5,2.3,7.6,0.0,88.1,1.4
20121202201100,0.1,0.0,0.4,1.0,14.5,0.0,82.0,2.0
20121202201200,0.1,0.0,1.4,3.6,8.6,0.0,85.2,1.1
20121202201300,0.1,0.0,0.3,0.4,0.4,0.0,97.9,0.9
20121202201400,0.0,0.1,0.5,0.7,0.6,0.0,97.4,0.7
20121202201500,0.1,0.0,0.4,2.4,0.9,0.0,94.2,2.1
20121202201600,0.0,0.0,0.0,0.1,0.1,0.0,99.2,0.6
20121202201700,0.1,0.0,0.1,0.5,8.3,0.0,89.4,1.6
20121202201800,0.2,0.0,0.3,1.6,2.7,0.0,91.2,3.9
20121202201900,0.0,0.0,0.1,0.3,1.3,0.0,89.1,9.2
20121202202000,0.0,0.0,0.0,0.5,1.4,0.0,83.0,15.1
20121202202100,0.0,0.0,0.0,0.5,3.3,0.0,94.5,1.7
20121202202200,0.0,0.0,0.0,0.1,0.8,0.0,98.3,0.7
20121202202300,0.0,0.0,0.0,0.6,2.1,0.0,95.4,1.8
20121202202400,0.0,0.0,0.0,0.1,0.1,0.0,96.3,3.5
20121202202500,0.0,0.0,0.0,0.1,0.4,0.0,96.1,3.4
20121202202600,0.0,0.0,0.0,0.0,0.4,0.0,98.9,0.6
20121202202700,0.0,0.0,0.0,0.2,0.2,0.0,98.5,1.0
20121202202800,0.3,0.0,0.7,5.9,3.3,0.1,87.0,2.8
20121202202900,0.0,0.0,0.2,0.7,1.3,0.0,96.4,1.3
20121202203000,0.1,0.0,0.2,0.9,5.0,0.3,89.0,4.5
20121202203100,0.0,0.0,0.0,0.3,0.9,0.0,97.8,0.9
20121202203200,0.0,0.0,0.2,0.3,1.4,0.0,96.9,1.2
20121202203300,0.0,0.0,0.4,1.7,8.7,0.0,86.9,2.2
20121202203400,0.0,0.0,0.1,0.7,3.3,0.0,95.2,0.7
20121202203500,0.1,0.0,0.6,2.4,7.7,0.0,84.1,5.2
20121202203600,0.0,0.0,0.0,1.4,4.1,0.0,89.8,4.7
20121202203700,0.0,0.0,0.2,8.2,4.4,0.0,83.7,3.5
20121202203800,0.0,0.0,0.0,2.6,1.8,0.0,93.1,2.4
20121202203900,0.0,0.0,0.4,41.1,2.8,0.0,53.8,1.9
20121202204000,0.0,0.0,0.0,1.1,0.5,0.0,95.8,2.6
20121202204100,0.1,0.1,0.1,85.1,6.8,0.0,6.9,0.9
20121202204200,0.0,0.1,0.2,88.7,5.9,0.0,4.4,0.7
20121202204300,0.1,0.1,0.1,18.0,17.6,0.0,62.7,1.4
20121202204400,0.1,0.1,0.4,11.1,37.1,0.0,48.3,2.9
20121202204500,0.0,0.0,0.2,2.2,14.5,0.0,77.9,5.2
20121202204600,0.0,0.0,0.0,0.1,1.4,0.0,95.1,3.4
20121202204700,0.0,0.0,0.0,0.1,0.5,0.0,94.5,4.9
20121202204800,0.0,0.0,0.0,0.1,3.4,0.1,86.9,9.5
20121202204900,0.0,0.0,0.0,0.1,1.2,0.0,96.0,2.6
20121202205000,0.0,0.0,0.0,0.0,0.5,0.0,98.0,1.5
20121202205100,0.0,0.0,0.0,0.0,0.2,0.0,87.6,12.2
20121202205200,0.0,0.0,0.0,0.0,0.0,0.0,95.8,4.2
20121202205300,0.0,0.0,0.1,0.3,1.1,0.0,76.2,22.3
20121202205400,0.0,0.0,0.0,0.1,0.3,0.0,90.4,9.1
20121202205500,0.0,0.0,0.0,0.2,0.4,0.0,86.9,12.5
20121202205600,0.0,0.0,0.1,1.3,5.3,0.0,64.6,28.7
20121202205700,0.0,0.0,0.0,1.3,1.7,0.0,65.8,31.2
20121202205800,0.0,0.0,0.0,0.6,4.4,0.0,56.8,38.1
20121202205900,0.0,0.0,0.0,1.3,1.7,0.0,90.3,6.8
20121202210000,0.0,0.0,0.0,0.3,0.7,0.0,92.4,6.7
20121202210100,0.0,0.0,0.0,0.1,1.2,0.0,96.4,2.2
20121202210200,0.0,0.0,0.0,0.4,1.2,0.0,94.2,4.2
20121202210300,0.0,0.0,0.0,0.6,6.3,0.0,89.1,3.9
20121202210400,0.0,0.0,0.0,0.5,2.8,0.0,92.2,4.4
20121202210500,0.0,0.0,0.0,0.4,0.8,0.0,96.5,2.3
20121202210600,0.0,0.0,0.0,0.3,8.6,0.0,89.7,1.4
20121202210700,0.0,0.0,0.0,0.7,3.9,0.0,93.0,2.3
20121202210800,0.0,0.0,0.0,1.1,1.2,0.0,96.6,1.0
20121202210900,0.0,0.0,0.0,1.5,1.9,0.0,92.1,4.4
20121202211000,0.0,0.0,0.0,1.1,1.2,0.0,94.7,3.0
20121202211100,0.0,0.0,0.0,0.5,1.2,0.0,97.1,1.2
20121202211200,0.0,0.0,0.0,0.2,0.3,0.0,99.2,0.4
20121202211300,0.0,0.0,0.0,0.2,1.3,0.0,98.1,0.4
20121202211400,0.0,0.0,0.0,0.1,0.3,0.0,99.5,0.1
20121202211500,0.0,0.0,0.0,0.0,0.1,0.0,99.9,0.0
20121202211600,0.0,0.0,0.0,0.0,0.1,0.0,99.8,0.1
20121202211700,0.0,0.0,0.0,0.0,0.0,0.0,100.0,0.0
20121202211800,0.0,0.0,0.0,0.0,0.0,0.0,100.0,0.0
20121202211900,0.0,0.0,0.0,0.0,0.0,0.0,100.0,0.0
20121202212000,0.0,0.0,0.0,0.0,0.0,0.0,100.0,0.0
20121202212100,0.0,0.0,0.0,0.0,0.0,0.0,100.0,0.0
20121202212200,0.0,0.0,0.0,0.0,0.0,0.0,100.0,0.0
20121202212300,0.0,0.0,0.0,0.0,0.0,0.0,100.0,0.0
20121202212400,0.0,0.0,0.0,0.0,0.0,0.0,100.0,0.0
20121202212500,0.0,0.0,0.0,0.0,0.0,0.0,100.0,0.0
20121202212600,0.0,0.0,0.0,0.0,0.0,0.0,100.0,0.0
20121202212700,0.0,0.0,0.0,0.0,0.0,0.0,100.0,0.0
20121202212800,0.0,0.0,0.0,0.0,0.0,0.0,100.0,0.0
20121202212900,0.0,0.0,0.0,0.0,0.0,0.0,100.0,0.0
20121202213000,0.0,0.0,0.0,0.0,0.0,0.0,100.0,0.0
20121202213100,0.0,0.0,0.0,0.0,0.0,0.0,100.0,0.0
20121202213200,0.0,0.0,0.0,0.0,0.0,0.0,100.0,0.0
20121202213300,0.0,0.0,0.0,0.0,0.0,0.0,100.0,0.0
20121202213400,0.0,0.0,0.0,0.0,0.0,0.0,100.0,0.0
20121202213500,0.0,0.0,0.0,0.0,0.0,0.0,100.0,0.0
20121202213600,0.0,0.0,0.0,0.0,0.0,0.0,100.0,0.0
20121202213700,0.0,0.0,0.0,0.0,0.0,0.0,100.0,0.0
20121202213800,0.0,0.0,0.0,0.0,0.0,0.0,100.0,0.0
20121202213900,0.0,0.0,0.0,0.0,0.0,0.0,100.0,0.0
20121202214000,0.0,0.0,0.0,0.0,0.0,0.0,100.0,0.0
20121202214100,0.0,0.0,0.0,0.0,0.0,0.0,99.9,0.1
20121202214200,0.0,0.0,0.0,0.0,0.0,0.0,99.9,0.1
20121202214300,0.0,0.0,0.0,0.0,0.0,0.0,99.8,0.2
20121202214400,0.0,0.0,0.0,0.0,0.0,0.0,99.8,0.2
20121202214500,0.0,0.0,0.0,0.0,0.0,0.0,95.4,4.6
20121202214600,0.0,0.0,0.0,0.0,0.0,0.0,99.1,0.9
20121202214700,0.0,0.0,0.0,0.0,0.0,0.0,99.7,0.3
20121202214800,0.0,0.0,0.0,0.0,0.0,0.0,99.7,0.3
20121202214900,0.0,0.0,0.0,0.0,0.0,0.0,98.5,1.4
20121202215000,0.0,0.0,0.0,0.3,0.0,0.0,96.7,2.9
20121202215100,0.0,0.0,0.0,0.0,0.0,0.0,99.8,0.2
20121202215200,0.0,0.0,0.0,0.0,0.0,0.0,96.9,3.1
20121202215300,0.0,0.0,0.0,0.1,0.0,0.0,97.2,2.6
20121202215400,0.0,0.0,0.0,0.0,0.1,0.0,74.8,25.0
20121202215500,0.0,0.0,0.0,0.0,0.0,0.0,90.7,9.3
20121202215600,0.0,0.0,0.0,0.0,0.0,0.0,92.9,7.1
20121202215700,0.0,0.0,0.0,0.0,0.0,0.0,56.5,43.5
20121202215800,0.0,0.0,0.0,0.0,0.0,0.0,14.3,85.7
20121202215900,0.0,0.0,0.0,0.0,0.0,0.0,7.7,92.2
20121202220000,0.0,0.0,0.0,0.0,0.0,0.0,1.7,98.3
20121202220100,0.0,0.0,0.0,0.0,0.0,0.0,0.8,99.2
20121202220200,0.0,0.0,0.0,0.0,0.0,0.0,4.1,95.9
20121202220300,0.0,0.0,0.0,0.0,0.0,0.0,0.8,99.2
20121202220400,0.0,0.0,0.0,0.0,0.0,0.0,8.0,92.0
20121202220500,0.0,0.0,0.0,0.0,0.0,0.0,3.7,96.3
20121202220600,0.0,0.0,0.0,0.0,0.0,0.0,51.6,48.4
20121202220700,0.0,0.0,0.0,0.1,0.0,0.0,74.0,25.9
20121202220800,0.0,0.0,0.0,0.1,0.0,0.0,40.7,59.2
20121202220900,0.0,0.0,0.0,0.1,0.0,0.0,5.4,94.5
20121202221000,0.0,0.0,0.0,0.9,0.0,0.0,45.2,53.9
20121202221100,0.0,0.0,0.0,0.2,0.0,0.0,39.7,60.1
20121202221200,0.0,0.0,0.0,1.3,0.0,0.0,16.2,82.5
20121202221300,0.0,0.0,0.0,0.3,0.0,0.0,2.9,96.8
20121202221400,0.0,0.0,0.0,0.3,0.0,0.0,2.2,97.5
20121202221500,0.0,0.0,0.0,0.4,0.0,0.0,8.6,91.0
20121202221600,0.0,0.0,0.0,0.8,0.0,0.0,6.9,92.3
20121202221700,0.0,0.0,0.0,0.1,0.0,0.0,8.3,91.6
20121202221800,0.0,0.0,0.0,0.2,0.0,0.0,1.1,98.6
20121202221900,0.0,0.0,0.0,0.0,0.0,0.0,4.3,95.7
20121202222000,0.0,0.0,0.0,0.7,0.0,0.0,15.9,83.4
20121202222100,0.0,0.0,0.0,0.4,0.0,0.0,18.1,81.5
20121202222200,0.0,0.0,0.0,0.3,0.0,0.0,27.7,72.1
20121202222300,0.0,0.0,0.0,0.2,0.0,0.0,60.0,39.7
20121202222400,0.0,0.0,0.0,0.1,0.0,0.1,79.4,20.4
20121202222500,0.0,0.0,0.0,0.1,0.0,0.0,67.5,32.4
20121202222600,0.0,0.0,0.0,0.1,0.0,0.0,50.2,49.6
20121202222700,0.0,0.0,0.0,0.1,0.0,0.0,90.5,9.4
20121202222800,0.0,0.0,0.0,0.1,0.0,0.0,59.2,40.7
20121202222900,0.0,0.0,0.0,0.2,0.0,0.0,94.0,5.8
20121202223000,0.0,0.0,0.0,0.1,0.0,0.0,99.4,0.5
20121202223100,0.0,0.0,0.0,0.1,0.0,0.0,99.7,0.2
20121202223200,0.0,0.0,0.0,0.0,0.0,0.0,99.7,0.2
20121202223300,0.0,0.0,0.0,0.0,0.0,0.0,99.8,0.1
20121202223400,0.0,0.0,0.0,0.0,0.0,0.0,99.9,0.0
20121202223500,0.0,0.0,0.0,0.0,0.0,0.0,99.9,0.0
20121202223600,0.0,0.0,0.0,0.0,0.0,0.0,99.9,0.0
20121202223700,0.0,0.0,0.0,0.0,0.0,0.0,100.0,0.0
20121202223800,0.0,0.0,0.0,0.0,0.0,0.0,100.0,0.0
20121202223900,0.0,0.0,0.0,0.0,0.0,0.0,100.0,0.0
20121202224000,0.0,0.0,0.0,0.0,0.0,0.0,100.0,0.0
20121202224100,0.0,0.0,0.0,0.0,0.0,0.0,100.0,0.0
20121202224200,0.0,0.0,0.0,0.1,0.0,0.0,99.9,0.0
20121202224300,0.0,0.0,0.0,0.0,0.0,0.0,100.0,0.0
20121202224400,0.0,0.0,0.0,0.0,0.0,0.0,100.0,0.0
20121202224500,0.0,0.0,0.0,0.0,0.0,0.0,99.7,0.3
20121202224600,0.0,0.0,0.0,0.0,0.0,0.0,99.8,0.2
20121202224700,0.0,0.0,0.0,0.0,0.0,0.0,99.6,0.3
20121202224800,0.0,0.0,0.0,0.0,0.0,0.0,99.9,0.0
20121202224900,0.0,0.0,0.0,0.0,0.0,0.0,99.7,0.3
20121202225000,0.0,0.0,0.0,0.0,0.0,0.0,99.8,0.2
20121202225100,0.0,0.0,0.0,0.0,0.0,0.0,99.3,0.7
20121202225200,0.0,0.0,0.0,0.0,0.0,0.0,99.8,0.2
20121202225300,0.0,0.0,0.0,0.0,0.0,0.0,99.9,0.1
20121202225400,0.0,0.0,0.0,0.0,0.0,0.0,100.0,0.0
20121202225500,0.0,0.0,0.0,0.0,0.0,0.0,100.0,0.0
20121202225600,0.0,0.0,0.0,0.0,0.0,0.0,99.9,0.1
20121202225700,0.0,0.0,0.0,0.0,0.0,0.0,99.9,0.0
20121202225800,0.0,0.0,0.0,0.0,0.0,0.0,100.0,0.0
20121202225900,0.0,0.0,0.0,0.4,0.0,0.0,99.5,0.0
20121202230000,0.0,0.0,0.0,0.0,0.0,0.0,99.9,0.1
20121202230100,0.0,0.0,0.0,0.0,0.0,0.0,100.0,0.0
20121202230200,0.0,0.0,0.0,0.0,0.0,0.0,100.0,0.0
20121202230300,0.0,0.0,0.0,0.0,0.0,0.0,99.9,0.1
20121202230400,0.0,0.0,0.0,0.0,0.1,0.0,98.3,1.6
20121202230500,0.0,0.0,0.0,0.2,0.1,0.0,99.0,0.7
20121202230600,0.0,0.0,0.0,0.1,0.1,0.0,99.3,0.4
20121202230700,0.0,0.0,0.0,0.0,0.1,0.0,99.8,0.1
20121202230800,0.0,0.0,0.0,0.1,0.1,0.0,98.5,1.3
20121202230900,0.0,0.0,0.0,0.0,0.1,0.0,99.6,0.2
20121202231000,0.0,0.0,0.0,0.0,0.2,0.0,99.5,0.3
20121202231100,0.0,0.0,0.0,0.0,0.1,0.0,99.4,0.5
20121202231200,0.0,0.0,0.0,0.0,0.1,0.0,99.7,0.2
20121202231300,0.0,0.0,0.0,0.0,0.1,0.0,99.8,0.1
20121202231400,0.0,0.0,0.0,0.1,0.2,0.0,99.2,0.5
20121202231500,0.0,0.0,0.0,0.2,13.2,0.0,85.3,1.3
20121202231600,0.0,0.0,0.0,0.1,1.9,0.0,91.9,6.1
20121202231700,0.0,0.0,0.0,0.1,1.5,0.0,96.1,2.3
20121202231800,0.0,0.0,0.0,0.0,2.3,0.0,93.7,4.0
20121202231900,0.0,0.0,0.0,0.1,9.0,0.0,81.7,9.1
20121202232000,0.0,0.0,0.0,0.3,1.6,0.0,96.5,1.5
20121202232100,0.0,0.0,0.0,0.2,7.6,0.0,70.6,21.6
20121202232200,0.0,0.0,0.0,0.3,2.8,0.0,71.5,25.4
20121202232300,0.0,0.0,0.0,0.2,25.5,0.0,44.2,30.0
20121202232400,0.0,0.0,0.0,0.1,77.4,0.0,11.1,11.3
20121202232500,0.0,0.0,0.0,0.2,22.7,0.0,51.0,26.1
20121202232600,0.0,0.0,0.0,0.6,84.6,0.0,5.2,9.6
20121202232700,0.0,0.0,0.0,0.8,81.6,0.0,16.1,1.4
20121202232800,0.0,0.0,0.0,0.9,90.7,0.0,7.0,1.5
20121202232900,0.0,0.0,0.0,0.1,31.8,0.0,44.0,24.1
20121202233000,0.0,0.0,0.0,0.0,3.4,0.0,60.3,36.2
20121202233100,0.0,0.0,0.0,0.1,9.2,0.0,32.4,58.3
20121202233200,0.0,0.0,0.0,0.0,9.0,0.0,4.5,86.5
20121202233300,0.0,0.0,0.0,0.0,6.7,0.0,50.0,43.2
20121202233400,0.0,0.0,0.0,0.0,12.5,0.0,75.2,12.2
20121202233500,0.0,0.0,0.0,0.0,1.3,0.0,90.2,8.5
20121202233600,0.0,0.0,0.0,0.0,0.7,0.0,79.9,19.4
20121202233700,0.0,0.0,0.0,0.0,1.5,0.0,96.8,1.7
20121202233800,0.0,0.0,0.0,0.0,0.6,0.0,97.8,1.6
20121202233900,0.0,0.0,0.0,0.0,1.3,0.0,50.0,48.7
20121202234000,0.0,0.0,0.0,0.0,0.5,0.0,71.2,28.3
20121202234100,0.0,0.0,0.0,0.0,0.8,0.1,90.9,8.3
20121202234200,0.0,0.0,0.0,0.0,1.5,0.0,92.0,6.5
20121202234300,0.0,0.0,0.0,0.0,0.8,0.0,77.7,21.5
20121202234400,0.0,0.0,0.0,0.0,3.4,0.0,74.3,22.3
20121202234500,0.0,0.0,0.0,0.0,0.4,0.0,97.3,2.3
20121202234600,0.0,0.0,0.0,0.0,0.7,0.0,96.9,2.4
20121202234700,0.0,0.0,0.0,0.0,0.2,0.0,52.2,47.6
20121202234800,0.0,0.0,0.0,0.0,1.0,0.0,65.0,34.1
20121202234900,0.0,0.0,0.0,0.1,1.6,0.0,43.1,55.3
20121202235000,0.0,0.0,0.0,0.0,0.8,0.0,93.6,5.6
20121202235100,0.0,0.0,0.0,0.0,2.0,0.0,86.4,11.6
20121202235200,0.0,0.0,0.0,0.1,3.2,0.0,80.3,16.4
20121202235300,0.0,0.0,0.0,0.0,0.1,0.0,99.0,0.8
20121202235400,0.0,0.0,0.0,0.1,0.9,0.0,92.9,6.1
20121202235500,0.0,0.0,0.0,0.2,1.2,0.0,93.7,4.9
20121202235600,0.0,0.0,0.0,0.5,0.8,0.0,84.0,14.7
20121202235700,0.0,0.0,0.0,0.2,1.2,0.0,78.3,20.3
20121202235800,0.0,0.1,0.0,0.3,1.5,0.0,93.5,4.6
20121202235900,0.0,0.0,0.0,0.3,1.5,0.0,95.8,2.5
20121203000000,0.0,0.0,0.0,0.7,2.5,0.0,93.4,3.4
20121203000100,0.0,0.0,0.0,0.3,0.9,0.0,97.2,1.5
20121203000200,0.0,0.0,0.0,0.1,1.2,0.0,90.9,7.7
20121203000300,0.0,0.0,0.0,1.0,1.6,0.0,87.8,9.5
20121203000400,0.0,0.0,0.0,0.2,0.2,0.0,96.1,3.6
20121203000500,0.0,0.0,0.0,0.1,0.5,0.0,97.2,2.2
20121203000600,0.0,0.0,0.0,0.1,1.1,0.0,97.5,1.3
20121203000700,0.0,0.0,0.0,1.4,4.9,0.0,91.3,2.5
20121203000800,0.0,0.0,0.0,2.0,6.0,0.0,85.8,6.2
20121203000900,0.0,0.0,0.0,0.7,2.2,0.0,67.6,29.4
20121203001000,0.0,0.1,0.0,1.1,2.9,0.1,68.5,27.3
20121203001100,0.0,0.0,0.0,0.7,4.8,0.0,13.8,80.6
20121203001200,0.0,0.0,0.0,0.5,1.3,0.1,79.3,18.8
20121203001300,0.0,0.0,0.0,0.6,1.2,0.0,93.9,4.4
20121203001400,0.0,0.0,0.0,0.2,0.5,0.0,95.4,3.9
20121203001500,0.0,0.0,0.0,0.0,0.4,0.0,98.4,1.2
20121203001600,0.0,0.0,0.0,0.4,3.5,0.0,90.1,6.0
20121203001700,0.0,0.0,0.0,0.2,0.7,0.0,95.7,3.5
20121203001800,0.0,0.0,0.0,0.1,0.5,0.0,96.2,3.2
20121203001900,0.0,0.0,0.0,0.0,0.8,0.0,97.5,1.6
20121203002000,0.0,0.0,0.0,0.0,0.1,0.0,98.2,1.7
20121203002100,0.0,0.0,0.0,0.0,0.1,0.0,99.3,0.6
20121203002200,0.0,0.0,0.0,0.0,0.1,0.0,99.6,0.2
20121203002300,0.0,0.0,0.0,0.0,0.4,0.0,98.2,1.3
20121203002400,0.0,0.0,0.0,0.0,0.9,0.0,94.9,4.1
20121203002500,0.0,0.0,0.0,0.0,0.1,0.0,98.3,1.5
20121203002600,0.0,0.0,0.0,0.0,0.5,0.0,98.7,0.8
20121203002700,0.0,0.0,0.0,0.2,0.2,0.0,98.5,1.1
20121203002800,0.0,0.0,0.0,0.0,0.2,0.0,97.2,2.6
20121203003211,0.0,0.0,0.0,0.6,4.2,0.0,90.6,4.6
20121203003311,0.0,0.0,0.0,0.1,0.1,0.0,99.1,0.7
20121203003411,0.0,0.0,0.0,0.0,0.1,0.0,99.6,0.3
20121203003511,0.0,0.0,0.0,0.0,0.2,0.0,99.0,0.7
20121203003611,0.0,0.0,0.0,0.0,0.7,0.0,97.3,2.0
20121203003711,0.0,0.0,0.0,0.0,0.5,0.0,92.8,6.7
20121203003811,0.0,0.0,0.0,0.3,2.4,0.0,77.7,19.6
20121203003911,0.0,0.0,0.0,0.0,0.9,0.0,84.1,14.9
20121203004011,0.0,0.0,0.0,0.0,0.2,0.0,92.6,7.2
20121203004111,0.0,0.0,0.0,0.1,0.9,0.0,42.9,56.1
20121203004211,0.0,0.0,0.0,0.0,0.0,0.0,6.1,93.8
20121203004311,0.0,0.0,0.0,0.0,0.1,0.0,5.0,94.9
20121203004411,0.0,0.0,0.0,0.0,0.1,0.0,71.0,28.9
20121203004511,0.0,0.0,0.0,0.0,0.1,0.0,46.4,53.4
20121203004611,0.0,0.0,0.0,0.0,0.0,0.0,98.4,1.5
20121203004711,0.0,0.0,0.0,0.0,0.0,0.0,90.0,10.0
20121203004811,0.0,0.0,0.0,0.0,0.0,0.0,99.9,0.1
20121203004911,0.0,0.0,0.0,0.0,0.0,0.0,99.9,0.1
20121203005011,0.0,0.0,0.0,0.0,0.0,0.0,99.1,0.9
20121203005111,0.0,0.0,0.0,0.0,0.0,0.0,99.6,0.4
20121203005211,0.0,0.0,0.0,0.0,0.0,0.0,99.9,0.1
20121203005311,0.0,0.0,0.0,0.0,0.0,0.0,96.9,3.1
20121203005411,0.0,0.0,0.0,0.0,0.0,0.0,99.6,0.4
20121203005511,0.0,0.0,0.0,0.0,0.0,0.0,99.7,0.2
20121203005611,0.0,0.0,0.0,0.0,0.0,0.0,96.6,3.3
20121203005711,0.0,0.0,0.0,0.0,0.0,0.0,99.2,0.8
20121203005811,0.0,0.0,0.0,0.0,0.0,0.0,60.9,39.1
20121203005911,0.0,0.0,0.0,0.1,0.3,0.0,63.2,36.3
20121203010011,0.0,0.0,0.0,0.0,0.2,0.0,65.2,34.6
20121203010111,0.0,0.0,0.0,0.0,0.1,0.0,94.0,5.9
20121203010211,0.0,0.0,0.0,0.1,0.2,0.0,57.2,42.5
20121203010311,0.0,0.0,0.0,0.1,0.3,0.1,70.2,29.4
20121203010411,0.0,0.0,0.0,0.0,0.0,0.0,43.0,56.9
20121203010511,0.0,0.0,0.0,0.0,0.6,0.0,91.1,8.2
20121203010611,0.0,0.0,0.0,0.0,0.1,0.0,82.2,17.6
20121203010711,0.0,0.0,0.0,0.0,0.1,0.0,61.9,38.0
20121203010811,0.0,0.0,0.0,0.0,0.5,0.0,39.9,59.5
20121203010911,0.0,0.0,0.0,0.0,0.4,0.0,64.8,34.7
20121203011011,0.0,0.0,0.0,0.0,0.1,0.0,62.4,37.4
20121203011111,0.0,0.0,0.0,0.0,0.1,0.0,48.7,51.2
20121203011211,0.0,0.0,0.0,0.2,1.2,0.0,54.0,44.5
20121203011311,0.0,0.0,0.0,0.2,0.5,0.0,90.9,8.4
20121203011411,0.0,0.0,0.0,0.1,0.1,0.0,76.0,23.8
20121203011511,0.0,0.0,0.0,0.2,0.2,0.1,63.8,35.8
20121203011611,0.0,0.0,0.0,0.1,0.3,0.1,53.8,45.7
20121203011711,0.0,0.0,0.0,0.3,0.4,0.0,67.3,32.0
20121203011811,0.0,0.0,0.0,0.1,0.6,0.1,63.1,36.1
20121203011911,0.0,0.0,0.0,0.1,0.6,0.0,46.9,52.3
20121203012011,0.0,0.0,0.0,0.1,1.7,0.0,21.3,76.9
20121203012111,0.0,0.0,0.0,0.1,2.0,0.0,51.6,46.2
20121203012211,0.0,0.0,0.0,0.4,5.4,0.1,14.1,79.9
20121203012311,0.0,0.0,0.0,0.3,8.9,0.0,47.6,43.2
20121203012411,0.0,0.1,0.0,0.7,11.0,0.0,61.0,27.2
20121203012511,0.0,0.0,0.0,2.1,17.4,0.3,24.2,56.0
20121203012611,0.0,0.0,0.0,0.8,11.5,0.1,44.9,42.8
20121203012711,0.0,0.0,0.0,0.3,5.7,0.0,33.0,61.0
20121203012811,0.0,0.0,0.0,0.1,1.8,0.0,59.6,38.5
20121203012911,0.0,0.0,0.0,0.1,0.9,0.0,86.7,12.4
20121203013011,0.0,0.0,0.0,0.1,1.7,0.0,83.4,14.8
20121203013111,0.0,0.0,0.0,0.2,2.4,0.0,69.6,27.8
20121203013211,0.0,0.0,0.0,0.1,7.8,0.0,59.3,32.7
20121203013311,0.0,0.0,0.0,0.2,1.1,0.0,43.1,55.6
20121203013411,0.0,0.0,0.0,0.1,0.1,0.0,43.7,56.0
20121203013511,0.0,0.0,0.0,0.0,2.4,0.0,65.0,32.6
20121203013611,0.0,0.0,0.0,0.3,0.2,0.0,87.1,12.5
20121203013711,0.0,0.0,0.0,0.3,1.9,0.0,81.3,16.5
20121203013811,0.0,0.0,0.0,0.3,1.9,0.0,71.9,25.8
20121203013911,0.0,0.0,0.0,0.0,0.1,0.0,98.6,1.3
20121203014011,0.0,0.0,0.0,0.0,0.7,0.0,76.6,22.7
20121203014111,0.0,0.0,0.0,0.0,0.3,0.0,89.4,10.3
20121203014211,0.0,0.0,0.0,0.0,0.2,0.0,96.1,3.7
20121203014311,0.0,0.0,0.0,0.0,0.1,0.0,96.4,3.6
20121203014411,0.0,0.0,0.0,0.0,0.0,0.0,97.3,2.7
20121203014511,0.0,0.0,0.0,0.0,0.1,0.0,91.8,8.1
20121203014611,0.0,0.0,0.0,0.0,0.0,0.0,96.8,3.1
20121203014711,0.0,0.0,0.0,0.0,0.0,0.0,98.6,1.4
20121203014811,0.0,0.0,0.0,0.0,0.0,0.0,98.3,1.6
20121203014911,0.0,0.0,0.0,0.0,0.1,0.0,96.4,3.5
20121203015011,0.0,0.0,0.0,0.0,0.1,0.0,92.2,7.7
20121203015111,0.0,0.0,0.0,0.0,0.0,0.0,96.0,4.0
20121203015211,0.0,0.0,0.0,0.0,0.0,0.0,97.4,2.6
20121203015311,0.0,0.0,0.0,0.0,0.0,0.0,90.0,10.0
20121203015411,0.0,0.0,0.0,0.0,0.3,0.0,59.7,40.0
20121203015511,0.0,0.0,0.0,0.0,0.1,0.0,68.6,31.3
20121203015611,0.0,0.0,0.0,0.0,0.1,0.0,67.7,32.2
20121203015711,0.0,0.0,0.0,0.0,0.1,0.0,60.6,39.3
20121203015811,0.0,0.0,0.0,0.0,0.1,0.0,35.4,64.5
20121203015911,0.0,0.0,0.0,0.0,0.5,0.0,14.2,85.3
20121203020011,0.0,0.0,0.0,0.0,0.6,0.0,38.9,60.4
20121203020111,0.0,0.0,0.0,0.0,0.8,0.0,49.3,49.9
20121203020211,0.0,0.0,0.0,0.0,0.3,0.0,38.2,61.4
20121203020311,0.0,0.0,0.0,0.0,1.1,0.0,37.8,61.1
20121203020411,0.0,0.0,0.0,0.0,0.4,0.0,14.8,84.8
20121203020511,0.0,0.0,0.0,0.2,2.4,0.0,72.4,25.0
20121203020611,0.0,0.0,0.0,0.1,0.2,0.0,13.4,86.4
20121203020711,0.0,0.0,0.0,0.0,0.1,0.0,31.0,68.9
20121203020811,0.0,0.0,0.0,0.0,0.1,0.0,96.3,3.6
20121203020911,0.0,0.0,0.0,0.0,0.1,0.0,62.4,37.5
20121203021011,0.0,0.0,0.0,0.0,0.1,0.0,41.8,58.0
20121203021111,0.0,0.0,0.0,0.0,0.3,0.0,8.5,91.2
20121203021211,0.0,0.0,0.0,0.0,1.4,0.0,44.2,54.4
20121203021311,0.0,0.0,0.0,0.0,0.3,0.0,9.0,90.7
20121203021411,0.0,0.0,0.0,0.0,0.4,0.0,23.5,76.1
20121203021511,0.0,0.0,0.0,0.1,1.4,0.0,8.7,89.8
20121203021611,0.0,0.0,0.0,0.0,0.3,0.0,14.4,85.3
20121203021711,0.0,0.0,0.0,0.0,0.1,0.0,28.5,71.4
20121203021811,0.0,0.0,0.0,0.1,0.2,0.0,19.4,80.2
20121203021911,0.0,0.0,0.0,0.7,2.1,0.0,63.0,34.1
20121203022011,0.0,0.0,0.0,0.2,1.5,0.0,95.8,2.4
20121203022111,0.0,0.0,0.0,0.7,1.2,0.0,90.3,7.8
20121203022211,0.0,0.0,0.0,0.3,3.5,0.0,83.7,12.4
20121203022311,0.0,0.0,0.0,1.4,6.4,0.0,79.8,12.4
20121203022411,0.0,0.0,0.0,0.2,2.6,0.0,90.9,6.3
20121203022511,0.0,0.0,0.0,0.1,0.8,0.0,95.6,3.6
20121203022611,0.0,0.0,0.0,0.1,1.8,0.0,61.1,37.0
20121203022711,0.0,0.0,0.0,0.1,3.5,0.0,44.1,52.2
20121203022811,0.0,0.0,0.0,0.1,7.7,0.0,10.7,81.5
20121203022911,0.0,0.0,0.0,0.1,4.8,0.0,5.7,89.3
20121203023011,0.0,0.0,0.0,0.2,2.4,0.0,22.2,75.2
20121203023111,0.0,0.0,0.0,0.1,3.0,0.0,17.0,79.9
20121203023211,0.0,0.0,0.0,0.2,5.5,0.0,29.3,65.0
20121203023311,0.0,0.0,0.0,0.1,4.8,0.0,24.8,70.3
20121203023411,0.0,0.0,0.0,0.0,0.3,0.0,3.3,96.4
20121203023511,0.0,0.0,0.0,0.0,3.5,0.0,5.1,91.4
20121203023611,0.0,0.0,0.0,0.0,0.3,0.0,1.4,98.3
20121203023711,0.0,0.0,0.0,0.0,0.2,0.0,1.7,98.2
20121203023811,0.0,0.0,0.0,0.0,0.0,0.0,2.9,97.0
20121203023911,0.0,0.0,0.0,0.0,0.0,0.0,3.8,96.1
20121203024011,0.0,0.0,0.0,0.0,0.1,0.0,4.0,95.9
20121203024111,0.0,0.0,0.0,0.0,0.2,0.0,9.2,90.6
20121203024211,0.0,0.0,0.0,0.0,2.1,0.0,36.0,61.9
20121203024311,0.0,0.0,0.0,0.1,1.5,0.0,36.3,62.1
20121203024411,0.0,0.0,0.0,0.0,0.5,0.0,1.3,98.3
20121203024511,0.0,0.0,0.0,0.0,0.8,0.0,2.4,96.8
20121203024611,0.0,0.0,0.0,0.0,0.8,0.0,1.2,98.0
20121203024711,0.0,0.0,0.0,0.0,1.3,0.0,9.0,89.7
20121203024811,0.0,0.0,0.0,0.1,1.7,0.0,3.3,94.9
20121203024911,0.0,0.0,0.0,0.0,0.1,0.0,0.3,99.6
20121203025011,0.0,0.0,0.0,0.0,4.0,0.0,0.7,95.3
20121203025111,0.0,0.0,0.0,0.1,13.3,0.0,2.7,83.9
20121203025211,0.0,0.0,0.0,0.1,8.7,0.0,6.7,84.5
20121203025311,0.0,0.0,0.0,0.2,78.8,0.0,4.8,16.2
20121203025411,0.0,0.0,0.0,0.1,51.8,0.0,2.3,45.8
20121203025511,0.0,0.0,0.0,0.0,28.5,0.0,1.4,70.0
20121203025611,0.0,0.0,0.0,0.0,58.9,0.0,8.6,32.4
20121203025711,0.0,0.0,0.0,0.1,24.0,0.0,3.2,72.8
20121203025811,0.0,0.0,0.0,0.1,24.4,0.0,37.6,37.9
20121203025911,0.0,0.0,0.0,0.1,32.8,0.0,11.2,55.9
20121203030011,0.0,0.0,0.0,0.1,19.9,0.0,38.4,41.6
20121203030111,0.0,0.0,0.0,0.2,65.9,0.0,5.1,28.7
20121203030211,0.0,0.0,0.0,0.8,31.6,0.0,24.1,43.5
20121203030311,0.0,0.0,0.0,0.5,33.9,0.0,35.0,30.6
20121203030411,0.0,0.0,0.0,0.5,58.7,0.0,25.4,15.4
20121203030511,0.0,0.0,0.0,3.9,35.7,0.0,54.8,5.6
20121203030611,0.0,0.0,0.0,1.1,74.8,0.0,18.4,5.7
20121203030711,0.0,0.0,0.0,0.2,6.5,0.0,62.2,31.2
20121203030811,0.0,0.0,0.0,1.0,30.5,0.0,26.9,41.6
20121203030911,0.0,0.0,0.0,0.5,34.9,0.0,37.0,27.6
20121203031011,0.0,0.0,0.0,0.3,20.9,0.0,60.5,18.3
20121203031111,0.0,0.0,0.0,0.3,32.5,0.0,55.8,11.4
20121203031211,0.0,0.0,0.0,0.7,16.0,0.0,34.0,49.3
20121203031311,0.0,0.0,0.0,1.0,57.8,0.0,29.8,11.4
20121203031411,0.0,0.0,0.0,0.1,24.3,0.0,66.3,9.3
20121203031511,0.0,0.0,0.0,0.0,8.4,0.0,90.9,0.7
20121203031611,0.0,0.0,0.0,0.7,49.1,0.0,37.5,12.7
20121203031711,0.0,0.0,0.0,3.6,74.3,0.0,18.8,3.2
20121203031811,0.0,0.0,0.0,1.4,42.2,0.0,49.5,6.9
20121203031911,0.0,0.0,0.0,0.5,17.4,0.0,76.6,5.4
20121203032011,0.0,0.0,0.0,2.0,36.1,0.0,38.3,23.6
20121203032111,0.0,0.0,0.0,3.2,18.0,0.0,66.6,12.2
20121203032211,0.0,0.0,0.0,0.5,7.3,0.0,89.2,2.9
20121203032311,0.0,0.0,0.0,2.1,3.7,0.0,92.8,1.4
20121203032411,0.0,0.0,0.0,5.3,1.2,0.0,92.6,1.0
20121203032511,0.0,0.0,0.0,0.2,0.7,0.0,98.5,0.6
20121203032611,0.0,0.0,0.0,3.0,2.4,0.0,91.8,2.7
20121203032711,0.0,0.0,0.0,0.1,0.8,0.0,96.4,2.7
20121203032811,0.0,0.0,0.0,0.4,1.1,0.0,97.6,0.9
20121203032911,0.0,0.0,0.0,0.4,0.8,0.0,98.4,0.4
20121203033011,0.0,0.0,0.0,2.0,4.5,0.0,92.4,1.1
20121203033111,0.0,0.0,0.0,0.5,0.6,0.0,98.7,0.2
20121203033211,0.0,0.0,0.0,3.9,6.8,0.0,87.2,2.0
20121203033311,0.0,0.0,0.0,1.0,2.1,0.0,89.0,7.8
20121203033411,0.0,0.0,0.0,1.6,0.5,0.0,87.3,10.6
20121203033511,0.0,0.0,0.0,0.3,0.5,0.0,93.0,6.1
20121203033611,0.0,0.0,0.0,0.2,2.4,0.0,89.3,8.1
20121203033711,0.0,0.0,0.0,1.2,6.2,0.0,55.9,36.7
20121203033811,0.0,0.0,0.0,1.7,11.8,0.0,84.3,2.3
20121203033911,0.0,0.0,0.0,0.5,13.2,0.0,84.2,2.1
20121203034011,0.0,0.0,0.0,0.8,14.0,0.0,81.5,3.7
20121203034111,0.0,0.0,0.0,0.4,31.0,0.0,64.6,4.0
20121203034211,0.0,0.0,0.0,0.1,7.9,0.0,88.8,3.2
20121203034311,0.0,0.0,0.0,0.1,3.1,0.0,94.8,1.9
20121203034411,0.0,0.0,0.0,0.1,2.1,0.0,96.2,1.6
