UT,arc,discrete,diffuse,ac,ab,clear,cloudy,dd
20121223132100,0.0,0.0,0.0,0.0,0.0,0.0,0.0,100.0
20121223132200,0.0,0.0,0.0,0.0,0.0,0.0,0.0,100.0
20121223132300,0.0,0.0,0.0,0.0,0.0,0.0,0.0,100.0
20121223132400,0.0,0.0,0.0,0.0,0.0,0.0,0.0,100.0
20121223132500,0.0,0.0,0.0,0.0,0.0,0.0,0.0,100.0
20121223132600,0.0,0.0,0.0,0.0,0.0,0.0,0.0,100.0
20121223132700,0.0,0.0,0.0,0.0,0.0,0.0,0.0,100.0
20121223132800,0.0,0.0,0.0,0.0,0.0,0.0,0.0,100.0
20121223132900,0.0,0.0,0.0,0.0,0.0,0.0,0.0,100.0
20121223133000,0.0,0.0,0.0,0.0,0.0,0.0,0.0,100.0
20121223133100,0.0,0.0,0.0,0.0,0.0,0.0,0.0,100.0
20121223133200,0.0,0.0,0.0,0.0,0.0,0.0,0.0,100.0
20121223133300,0.0,0.0,0.0,0.0,0.0,0.0,0.0,100.0
20121223133400,0.0,0.0,0.0,0.0,0.0,0.0,0.0,100.0
20121223133500,0.0,0.0,0.0,0.0,0.0,0.0,0.0,100.0
20121223133600,0.0,0.0,0.0,0.0,0.0,0.0,0.0,100.0
20121223133700,0.0,0.0,0.0,0.0,0.0,0.0,0.0,100.0
20121223133800,0.0,0.0,0.0,0.0,0.0,0.0,0.0,100.0
20121223133900,0.0,0.0,0.0,0.0,0.0,0.0,0.0,100.0
20121223134000,0.0,0.0,0.0,0.0,0.0,0.0,0.0,100.0
20121223134100,0.0,0.0,0.0,0.0,0.0,0.0,0.0,100.0
20121223134200,0.0,0.0,0.0,0.0,0.0,0.0,0.0,100.0
20121223134300,0.0,0.0,0.0,0.0,0.0,0.0,0.0,100.0
20121223134400,0.0,0.0,0.0,0.0,0.0,0.0,0.0,100.0
20121223134500,0.0,0.0,0.0,0.0,0.0,0.0,0.0,100.0
20121223134600,0.0,0.0,0.0,0.0,0.0,0.0,0.0,100.0
20121223134700,0.0,0.0,0.0,0.0,0.0,0.0,0.0,100.0
20121223134800,0.0,0.0,0.0,0.0,0.1,0.0,0.0,99.9
20121223134900,0.0,0.0,0.0,0.0,0.1,0.0,0.0,99.9
20121223135000,0.0,0.0,0.0,0.0,0.2,0.0,0.0,99.8
20121223135100,0.0,0.0,0.0,0.0,0.8,0.0,0.0,99.2
20121223135200,0.0,0.0,0.0,0.0,0.9,0.0,0.0,99.1
20121223135300,0.0,0.0,0.0,0.0,1.6,0.0,0.0,98.4
20121223135400,0.0,0.0,0.0,0.0,0.4,0.0,0.0,99.6
20121223135500,0.0,0.0,0.0,0.0,14.7,0.0,0.0,85.3
20121223135600,0.0,0.0,0.0,0.0,4.7,0.0,0.0,95.3
20121223135700,0.0,0.0,0.0,0.0,4.2,0.0,0.0,95.8
20121223135800,0.0,0.0,0.0,0.0,39.8,0.0,0.0,60.2
20121223135900,0.0,0.0,0.0,0.0,37.8,0.0,0.0,62.2
20121223140000,0.0,0.0,0.0,0.0,3.9,0.0,0.0,96.1
20121223140100,0.0,0.0,0.0,0.0,1.6,0.0,0.0,98.4
20121223140200,0.0,0.0,0.0,0.0,0.9,0.0,0.0,99.1
20121223140300,0.0,0.0,0.0,0.0,14.2,0.0,0.0,85.8
20121223140400,0.0,0.0,0.0,0.0,0.9,0.0,0.0,99.1
20121223140500,0.0,0.0,0.0,0.0,2.8,0.0,0.0,97.2
20121223140600,0.0,0.0,0.0,0.0,2.1,0.0,0.0,97.9
20121223140700,0.0,0.0,0.0,0.0,2.7,0.0,0.0,97.3
20121223140800,0.0,0.0,0.0,0.0,34.7,0.0,0.0,65.3
20121223140900,0.0,0.0,0.0,0.0,41.1,0.0,0.1,58.8
20121223141000,0.0,0.0,0.0,0.0,18.0,0.0,0.3,81.6
20121223141100,0.0,0.0,0.0,0.0,8.1,0.0,0.2,91.7
20121223141200,0.0,0.0,0.0,0.0,28.3,0.0,0.8,70.9
20121223141300,0.0,0.0,0.0,0.0,90.6,0.0,0.3,9.1
20121223141400,0.0,0.0,0.0,0.0,97.5,0.0,0.0,2.4
20121223141500,0.0,0.0,0.0,0.0,99.7,0.0,0.0,0.2
20121223141600,0.0,0.0,0.0,0.0,100.0,0.0,0.0,0.0
20121223141700,0.0,0.0,0.0,0.0,99.8,0.0,0.0,0.2
20121223141800,0.0,0.0,0.0,0.0,100.0,0.0,0.0,0.0
20121223141900,0.0,0.0,0.0,0.0,99.9,0.0,0.0,0.1
20121223142000,0.0,0.0,0.0,0.0,99.9,0.0,0.0,0.1
20121223142100,0.0,0.0,0.0,0.0,99.9,0.0,0.0,0.1
20121223142200,0.0,0.0,0.0,0.0,99.9,0.0,0.0,0.1
20121223142300,0.0,0.0,0.0,0.0,98.5,0.0,0.0,1.5
20121223142400,0.0,0.0,0.0,0.0,99.7,0.0,0.0,0.3
20121223142500,0.0,0.0,0.0,0.0,99.3,0.0,0.0,0.7
20121223142600,0.0,0.0,0.0,0.0,99.7,0.0,0.0,0.3
20121223142700,0.0,0.0,0.0,0.0,98.7,0.0,0.3,1.0
20121223142800,0.0,0.0,0.0,0.0,97.8,0.0,0.3,1.8
20121223142900,0.0,0.0,0.0,0.0,95.3,0.0,4.2,0.5
20121223143000,0.0,0.0,0.0,0.0,99.1,0.0,0.4,0.5
20121223143100,0.0,0.0,0.0,0.0,88.5,0.0,1.1,10.4
20121223143200,0.0,0.0,0.0,0.0,85.0,0.0,8.2,6.7
20121223143300,0.0,0.0,0.0,0.0,97.6,0.0,0.3,2.1
20121223143400,0.0,0.0,0.0,0.0,61.5,0.0,17.2,21.4
20121223143500,0.0,0.0,0.0,0.0,28.7,0.0,23.5,47.8
20121223143600,0.0,0.0,0.0,0.0,23.3,0.0,58.5,18.2
20121223143700,0.0,0.0,0.0,0.0,34.0,0.0,55.9,10.1
20121223143800,0.0,0.0,0.0,0.0,70.8,0.0,13.5,15.7
20121223143900,0.0,0.0,0.0,0.0,1.6,0.0,3.7,94.7
20121223144000,0.0,0.0,0.0,0.0,1.2,0.0,5.7,93.1
20121223144100,0.0,0.0,0.0,0.0,6.8,0.0,19.2,74.0
20121223144200,0.0,0.0,0.0,0.0,3.9,0.0,38.3,57.8
20121223144300,0.0,0.0,0.0,0.0,5.9,0.0,12.5,81.6
20121223144400,0.0,0.0,0.0,0.0,14.3,0.0,40.4,45.3
20121223144500,0.0,0.0,0.0,0.0,0.6,0.0,54.1,45.3
20121223144600,0.0,0.0,0.0,0.0,0.2,0.0,78.1,21.7
20121223144700,0.0,0.0,0.0,0.0,1.0,0.0,55.3,43.7
20121223144800,0.0,0.0,0.0,0.0,0.1,0.0,89.0,10.9
20121223144900,0.0,0.0,0.0,0.0,0.4,0.0,29.7,69.9
20121223145000,0.0,0.0,0.0,0.0,0.2,0.0,34.0,65.9
20121223145100,0.0,0.0,0.0,0.0,0.1,0.0,19.2,80.7
20121223145200,0.0,0.0,0.0,0.0,0.1,0.0,41.4,58.5
20121223145300,0.0,0.0,0.0,0.0,0.4,0.0,15.0,84.7
20121223145400,0.0,0.0,0.0,0.0,1.0,0.0,10.1,88.9
20121223145500,0.0,0.0,0.0,0.0,12.2,0.0,20.5,67.3
20121223145600,0.0,0.0,0.0,0.0,1.4,0.0,13.7,84.8
20121223145700,0.0,0.0,0.0,0.0,7.0,0.0,52.9,40.1
20121223145800,0.0,0.0,0.0,0.0,1.0,0.0,3.2,95.7
20121223145900,0.0,0.0,0.0,0.0,40.4,0.0,5.0,54.6
20121223150000,0.0,0.0,0.0,0.0,12.0,0.0,9.3,78.7
20121223150100,0.0,0.0,0.0,0.0,25.0,0.0,0.5,74.5
20121223150200,0.0,0.0,0.0,0.0,5.7,0.0,0.6,93.7
20121223150300,0.0,0.0,0.0,0.0,19.2,0.0,0.9,79.9
20121223150400,0.0,0.0,0.0,0.0,7.3,0.0,1.5,91.1
20121223150500,0.0,0.0,0.0,0.0,13.1,0.0,2.0,84.8
20121223150600,0.0,0.0,0.0,0.0,14.8,0.0,0.8,84.4
20121223150700,0.0,0.0,0.0,0.0,20.1,0.0,1.4,78.5
20121223150800,0.0,0.0,0.0,0.0,21.5,0.1,3.4,75.0
20121223150900,0.0,0.0,0.0,0.0,1.1,0.0,0.5,98.3
20121223151000,0.0,0.0,0.0,0.0,7.7,0.0,1.0,91.3
20121223151100,0.0,0.0,0.0,0.0,6.5,0.1,0.5,92.9
20121223151200,0.0,0.0,0.0,0.0,15.2,0.2,0.8,83.9
20121223151300,0.0,0.0,0.0,0.0,11.7,0.1,0.8,87.3
20121223151400,0.0,0.0,0.0,0.0,3.9,0.1,2.3,93.7
20121223151500,0.0,0.0,0.1,0.0,3.5,0.1,1.4,94.9
20121223151600,0.0,0.0,0.0,0.0,2.8,0.2,0.4,96.5
20121223151700,0.0,0.0,0.0,0.0,3.2,0.1,0.9,95.8
20121223151800,0.0,0.0,0.1,0.0,5.9,0.3,0.6,93.0
20121223151900,0.0,0.0,0.0,0.0,4.1,0.1,0.3,95.4
20121223152000,0.0,0.0,0.0,0.0,5.7,0.2,0.7,93.4
20121223152100,0.0,0.0,0.1,0.0,6.1,0.5,0.7,92.5
20121223152200,0.0,0.0,0.1,0.0,4.0,0.4,0.7,94.9
20121223152300,0.0,0.0,0.0,0.0,1.4,0.1,0.2,98.2
20121223152400,0.0,0.0,0.0,0.0,1.8,0.0,0.9,97.2
20121223152500,0.0,0.0,0.2,0.1,10.7,0.2,1.3,87.5
20121223152600,0.0,0.0,0.1,0.1,11.3,0.8,4.2,83.5
20121223152700,0.0,0.0,0.0,0.0,61.9,0.0,2.7,35.2
20121223152800,0.0,0.0,0.0,0.0,12.9,0.1,2.7,84.3
20121223152900,0.1,0.0,0.1,0.0,18.0,0.2,2.1,79.4
20121223153000,0.0,0.0,0.0,0.0,37.0,0.0,1.0,61.9
20121223153100,0.0,0.0,0.1,0.0,35.3,0.1,1.7,62.7
20121223153200,0.0,0.0,0.0,0.0,55.3,0.1,1.1,43.4
20121223153300,0.0,0.0,0.1,0.0,78.7,0.1,2.6,18.4
20121223153400,0.0,0.0,0.1,0.0,70.1,0.1,1.2,28.4
20121223153500,0.0,0.0,0.0,0.0,77.5,0.0,0.6,21.9
20121223153600,0.0,0.0,0.0,0.0,13.7,0.0,0.7,85.5
20121223153700,0.0,0.0,0.0,0.0,21.5,0.0,1.2,77.2
20121223153800,0.0,0.0,0.4,0.0,20.0,0.2,0.9,78.4
20121223153900,0.0,0.0,0.0,0.0,81.8,0.0,0.9,17.3
20121223154000,0.0,0.0,0.1,0.0,25.6,0.3,2.3,71.6
20121223154100,0.0,0.0,0.1,0.0,86.5,0.0,0.8,12.6
20121223154200,0.0,0.0,0.2,0.0,46.2,0.1,2.0,51.5
20121223154300,0.0,0.0,0.0,0.0,38.2,0.1,1.4,60.2
20121223154400,0.0,0.0,0.0,0.0,48.4,0.0,0.9,50.6
20121223154500,0.0,0.0,0.1,0.0,52.8,0.1,0.5,46.5
20121223154600,0.0,0.0,0.1,0.0,45.7,0.0,0.9,53.3
20121223154700,0.0,0.0,0.3,0.0,68.5,0.1,4.8,26.3
20121223154800,0.0,0.0,0.2,0.0,51.9,0.9,7.5,39.4
20121223154900,0.0,0.0,0.1,0.0,79.2,0.2,5.3,15.2
20121223155000,0.0,0.0,0.3,0.0,56.5,0.1,16.9,26.1
20121223155100,0.0,0.0,0.2,0.0,68.9,0.1,3.4,27.4
20121223155200,0.0,0.0,0.1,0.0,21.1,0.5,2.3,76.0
20121223155300,0.0,0.0,0.1,0.0,20.0,0.2,3.9,75.8
20121223155400,0.0,0.0,0.2,0.0,51.5,0.8,2.2,45.3
20121223155500,0.0,0.0,0.1,0.0,13.0,0.1,7.2,79.5
20121223155600,0.0,0.0,1.7,0.0,12.5,0.1,17.2,68.6
20121223155700,0.0,0.0,0.1,0.0,1.8,0.0,6.3,91.8
20121223155800,0.0,0.0,0.3,0.0,1.6,0.1,28.6,69.3
20121223155900,0.0,0.0,1.2,0.0,12.5,0.0,71.3,15.0
20121223160000,0.0,0.0,0.3,0.0,16.1,0.0,8.6,75.0
20121223160100,0.0,0.0,0.4,0.0,4.1,0.2,2.4,93.0
20121223160200,0.0,0.0,0.0,0.0,4.1,0.1,13.1,82.6
20121223160300,0.0,0.0,0.0,0.0,0.1,0.0,0.8,99.1
20121223160400,0.0,0.0,0.0,0.0,0.4,0.0,2.3,97.3
20121223160500,0.0,0.0,0.0,0.0,0.1,0.0,0.1,99.8
20121223160600,0.0,0.0,0.0,0.0,7.7,0.0,0.6,91.6
20121223160700,0.0,0.0,0.1,0.0,6.1,0.0,0.4,93.4
20121223160800,0.0,0.0,0.6,0.0,5.0,0.0,1.7,92.7
20121223160900,0.0,0.0,0.0,0.0,1.3,0.0,0.5,98.1
20121223161000,0.0,0.0,0.0,0.0,0.8,0.0,0.2,99.0
20121223161100,0.0,0.0,0.0,0.0,8.1,0.0,0.8,91.0
20121223161200,0.0,0.0,0.0,0.0,5.0,0.0,0.1,94.9
20121223161300,0.0,0.0,0.0,0.0,11.6,0.0,0.6,87.8
20121223161400,0.0,0.0,0.0,0.0,2.5,0.0,0.5,97.0
20121223161500,0.0,0.0,0.0,0.0,1.3,0.0,0.3,98.4
20121223161600,0.0,0.0,0.1,0.0,5.8,0.0,6.0,88.1
20121223161700,0.0,0.0,0.1,0.0,6.1,0.1,2.5,91.2
20121223161800,0.0,0.0,0.0,0.0,2.2,0.0,0.4,97.4
20121223161900,0.0,0.0,0.0,0.0,3.0,0.0,0.9,96.1
20121223162000,0.0,0.0,0.0,0.0,3.3,0.0,0.8,95.9
20121223162100,0.0,0.0,0.0,0.0,4.1,0.0,5.8,90.1
20121223162200,0.0,0.0,0.1,0.0,14.4,0.0,15.1,70.4
20121223162300,0.0,0.0,0.1,0.0,2.3,0.1,49.8,47.7
20121223162400,0.0,0.0,0.4,0.0,28.1,0.1,21.4,50.0
20121223162500,0.0,0.0,0.3,0.0,8.7,0.0,18.7,72.3
20121223162600,0.0,0.0,0.1,0.0,4.1,0.0,3.4,92.4
20121223162700,0.0,0.0,0.0,0.0,0.5,0.0,1.5,98.0
20121223162800,0.0,0.0,0.2,0.0,6.1,0.0,10.6,83.1
20121223162900,0.0,0.0,0.3,0.0,16.1,0.0,19.7,63.9
20121223163000,0.0,0.0,0.4,0.0,12.8,0.1,4.7,82.0
20121223163100,0.0,0.0,0.4,0.0,15.0,0.1,26.8,57.7
20121223163200,0.0,0.0,0.1,0.0,66.1,0.0,3.9,29.9
20121223163300,0.0,0.0,0.2,0.0,42.5,0.0,2.2,55.1
20121223163400,0.0,0.0,0.1,0.0,18.3,0.0,33.9,47.6
20121223163500,0.0,0.0,0.0,0.0,37.0,0.0,26.7,36.3
20121223163600,0.0,0.0,0.2,0.0,7.4,0.0,8.3,84.1
20121223163700,0.0,0.0,0.0,0.0,0.7,0.0,3.6,95.7
20121223163800,0.0,0.0,0.0,0.0,0.7,0.0,6.6,92.6
20121223163900,0.0,0.0,0.1,0.0,11.4,0.1,3.1,85.3
20121223164000,0.0,0.0,0.1,0.0,13.9,0.0,23.0,63.0
20121223164100,0.0,0.0,0.1,0.0,4.6,0.0,33.5,61.8
20121223164200,0.0,0.0,0.1,0.0,1.2,0.0,48.8,49.9
20121223164300,0.0,0.0,1.2,0.0,29.5,0.1,19.1,50.2
20121223164400,0.0,0.0,0.5,0.0,1.3,0.0,13.0,85.1
20121223164500,0.0,0.0,0.1,0.0,2.7,0.0,5.3,91.8
20121223164600,0.0,0.0,0.1,0.0,34.1,0.0,17.4,48.4
20121223164700,0.0,0.0,0.2,0.0,18.2,0.1,29.0,52.5
20121223164800,0.0,0.0,0.4,0.0,18.5,0.0,52.9,28.1
20121223164900,0.0,0.0,0.3,0.0,7.3,0.0,29.5,62.9
20121223165000,0.0,0.0,0.1,0.0,51.2,0.0,28.8,19.9
20121223165100,0.0,0.0,1.1,0.0,22.0,0.1,58.3,18.6
20121223165200,0.0,0.0,0.3,0.0,14.9,0.0,26.5,58.3
20121223165300,0.0,0.0,0.4,0.0,19.6,0.0,17.3,62.7
20121223165400,0.0,0.0,0.9,0.0,19.0,0.1,26.4,53.5
20121223165500,0.0,0.0,1.0,0.0,65.3,0.1,10.0,23.5
20121223165600,0.0,0.0,1.2,0.0,38.5,0.9,11.5,47.9
20121223165700,0.0,0.0,0.8,0.0,14.4,0.4,22.9,61.5
20121223165800,0.0,0.0,0.4,0.0,11.0,0.2,11.3,77.1
20121223165900,0.0,0.0,0.1,0.0,17.3,0.1,12.0,70.5
20121223170000,0.0,0.0,0.0,0.0,30.0,0.1,20.0,49.9
20121223170100,0.0,0.0,0.1,0.0,29.6,0.0,11.5,58.8
20121223170200,0.0,0.0,0.1,0.0,53.5,0.0,17.8,28.5
20121223170300,0.0,0.0,0.1,0.0,52.8,0.0,29.0,18.1
20121223170400,0.0,0.0,0.1,0.0,34.3,0.1,34.5,31.0
20121223170500,0.0,0.0,0.0,0.0,37.9,0.0,18.7,43.3
20121223170600,0.0,0.0,0.0,0.0,16.2,0.0,13.8,69.9
20121223170700,0.0,0.0,0.6,0.0,17.8,0.9,32.6,48.1
20121223170800,0.0,0.0,0.1,0.0,12.5,0.1,25.6,61.6
20121223170900,0.0,0.0,0.0,0.0,15.7,0.0,13.6,70.7
20121223171000,0.0,0.0,0.0,0.0,27.3,0.0,17.5,55.1
20121223171100,0.0,0.0,0.2,0.0,22.2,0.0,19.9,57.7
20121223171200,0.0,0.0,0.0,0.0,23.1,0.0,19.5,57.3
20121223171300,0.0,0.0,0.0,0.0,39.4,0.0,19.1,41.4
20121223171400,0.0,0.0,0.1,0.0,27.9,0.1,42.8,29.1
20121223171500,0.0,0.0,0.1,0.0,44.8,0.3,11.7,43.1
20121223171600,0.0,0.0,0.1,0.0,38.9,0.1,51.2,9.7
20121223171700,0.0,0.0,0.2,0.0,42.5,0.1,35.1,22.0
20121223171800,0.0,0.0,0.2,0.0,48.6,0.0,8.0,43.2
20121223171900,0.0,0.0,0.1,0.0,72.5,0.0,7.1,20.3
20121223172000,0.0,0.0,0.1,0.0,50.9,0.0,11.7,37.3
20121223172100,0.0,0.0,0.6,0.1,39.8,0.1,19.1,40.3
20121223172200,0.0,0.0,0.2,0.0,38.4,0.1,4.2,57.0
20121223172300,0.0,0.0,0.8,0.0,19.8,0.1,48.6,30.7
20121223172400,0.0,0.0,0.9,0.0,50.6,0.1,3.6,44.8
20121223172500,0.0,0.0,0.3,0.0,41.3,0.2,21.9,36.3
20121223172600,0.0,0.0,0.8,0.0,39.8,0.2,28.5,30.7
20121223172700,0.0,0.0,0.4,0.1,35.0,1.0,39.2,24.2
20121223172800,0.0,0.0,0.2,0.0,63.6,0.4,8.5,27.2
20121223172900,0.0,0.0,0.1,0.0,43.1,0.2,13.9,42.8
20121223173000,0.0,0.0,0.1,0.1,61.8,0.6,10.5,26.9
20121223173100,0.0,0.0,0.0,0.0,29.8,0.2,8.4,61.6
20121223173200,0.0,0.0,0.2,0.3,58.7,0.6,20.4,19.7
20121223173300,0.0,0.0,0.2,0.0,31.5,0.1,19.6,48.6
20121223173400,0.0,0.0,0.4,0.1,40.6,0.1,10.0,48.9
20121223173500,0.0,0.0,0.1,0.1,21.2,0.1,28.5,50.0
20121223173600,0.0,0.0,0.8,0.0,16.1,0.4,41.2,41.4
20121223173700,0.0,0.0,0.4,0.0,10.4,0.1,63.1,26.0
20121223173800,0.0,0.0,0.1,0.0,12.4,0.2,50.0,37.3
20121223173900,0.0,0.0,0.1,0.0,16.3,1.0,56.5,26.1
20121223174000,0.0,0.0,0.3,0.0,26.7,0.4,44.8,27.8
20121223174100,0.0,0.0,0.3,0.1,20.6,0.3,42.1,36.7
20121223174200,0.0,0.0,0.3,0.1,15.6,0.1,32.7,51.1
20121223174300,0.0,0.0,0.3,0.1,6.4,0.3,18.6,74.3
20121223174400,0.0,0.0,0.0,0.0,16.0,0.0,46.0,37.9
20121223174500,0.0,0.0,0.0,0.0,22.1,0.0,7.9,69.9
20121223174600,0.0,0.0,0.0,0.0,5.3,0.0,1.4,93.3
20121223174700,0.0,0.0,0.0,0.0,1.6,0.0,1.5,96.8
20121223174800,0.0,0.0,0.0,0.0,3.4,0.0,1.9,94.6
20121223174900,0.0,0.0,0.0,0.0,5.4,0.1,42.1,52.3
20121223175000,0.0,0.0,0.0,0.0,11.0,0.0,8.9,80.0
20121223175100,0.0,0.0,0.0,0.0,3.9,0.0,2.5,93.6
20121223175200,0.0,0.0,0.1,0.0,23.7,0.1,15.5,60.6
20121223175300,0.0,0.0,0.0,0.0,14.7,0.1,6.3,78.9
20121223175400,0.0,0.0,0.0,0.0,30.6,0.1,3.8,65.4
20121223175500,0.0,0.0,0.1,0.0,24.3,0.1,6.7,68.8
20121223175600,0.0,0.0,0.0,0.0,6.1,0.0,0.8,93.0
20121223175700,0.0,0.0,0.0,0.0,7.2,0.0,2.1,90.7
20121223175800,0.0,0.0,0.0,0.0,15.6,0.0,7.4,76.9
20121223175900,0.0,0.0,0.0,0.0,15.2,0.1,16.9,67.8
20121223180000,0.0,0.0,0.0,0.0,2.2,0.0,3.6,94.1
20121223180100,0.0,0.0,0.0,0.0,1.2,0.0,2.7,96.1
20121223180200,0.0,0.0,0.0,0.0,6.3,0.0,16.8,76.9
20121223180300,0.0,0.0,0.0,0.0,7.5,0.0,6.0,86.5
20121223180400,0.0,0.0,0.0,0.0,2.7,0.0,2.2,95.0
20121223180500,0.0,0.0,0.0,0.0,18.2,0.0,9.5,72.3
20121223180600,0.0,0.0,0.0,0.0,18.3,0.0,8.3,73.3
20121223180700,0.0,0.0,0.0,0.0,2.3,0.0,13.9,83.8
20121223180800,0.0,0.0,0.0,0.0,5.8,0.0,1.3,92.9
20121223180900,0.0,0.0,0.0,0.0,2.0,0.0,1.7,96.2
20121223181000,0.0,0.0,0.0,0.0,1.3,0.0,5.3,93.4
20121223181100,0.0,0.0,0.0,0.0,25.9,0.2,7.9,66.0
20121223181200,0.0,0.0,0.0,0.0,24.9,0.1,36.0,39.0
20121223181300,0.0,0.0,0.0,0.0,3.0,0.0,2.8,94.2
20121223181400,0.0,0.0,0.0,0.0,5.5,0.1,22.2,72.3
20121223181500,0.0,0.0,0.0,0.0,8.1,0.0,17.0,74.9
20121223181600,0.0,0.0,0.0,0.0,0.9,0.0,1.3,97.9
20121223181700,0.0,0.0,0.0,0.0,3.4,0.0,3.0,93.6
20121223181800,0.0,0.0,0.0,0.0,3.5,0.0,1.0,95.5
20121223181900,0.0,0.0,0.0,0.0,32.7,0.0,3.0,64.3
20121223182000,0.0,0.0,0.0,0.0,14.8,0.1,2.3,82.8
20121223182100,0.0,0.0,0.0,0.0,2.8,0.0,0.6,96.5
20121223182200,0.0,0.0,0.0,0.0,3.4,0.0,0.2,96.4
20121223182300,0.0,0.0,0.0,0.0,7.9,0.0,0.4,91.7
20121223182400,0.0,0.0,0.0,0.0,13.5,0.0,1.2,85.3
20121223182500,0.0,0.0,0.0,0.0,66.0,0.3,3.2,30.5
20121223182600,0.0,0.0,0.0,0.0,4.8,0.1,1.2,94.0
20121223182700,0.0,0.0,0.0,0.0,63.3,0.2,1.9,34.6
20121223182800,0.0,0.0,0.0,0.0,77.3,0.3,1.6,20.8
20121223182900,0.0,0.0,0.0,0.0,79.0,0.0,0.6,20.4
20121223183000,0.0,0.0,0.0,0.0,48.7,0.2,0.8,50.4
20121223183100,0.0,0.0,0.0,0.0,32.8,0.1,1.1,66.0
20121223183200,0.0,0.0,0.0,0.0,79.4,0.2,0.3,20.0
20121223183300,0.0,0.0,0.0,0.0,18.8,0.1,0.4,80.7
20121223183400,0.0,0.0,0.0,0.0,27.7,1.1,3.3,67.8
20121223183500,0.0,0.0,0.0,0.0,25.3,0.1,1.2,73.4
20121223183600,0.0,0.0,0.0,0.0,15.4,0.1,0.1,84.4
20121223183700,0.0,0.0,0.0,0.0,22.5,0.2,2.6,74.7
20121223183800,0.0,0.0,0.0,0.0,7.2,0.0,0.2,92.6
20121223183900,0.0,0.0,0.0,0.0,21.8,0.0,0.4,77.8
20121223184000,0.0,0.0,0.0,0.0,33.6,0.0,1.4,64.9
20121223184100,0.0,0.0,0.0,0.0,6.0,0.0,2.2,91.8
20121223184200,0.0,0.0,0.0,0.0,11.2,0.0,0.9,87.9
20121223184300,0.0,0.0,0.0,0.0,13.9,0.1,7.3,78.8
20121223184400,0.0,0.0,0.0,0.0,8.9,0.1,1.6,89.4
20121223184500,0.0,0.0,0.0,0.0,15.6,0.0,1.1,83.2
20121223184600,0.0,0.0,0.0,0.0,7.8,0.1,1.3,90.7
20121223184700,0.0,0.0,0.0,0.0,48.6,0.2,2.0,49.2
20121223184800,0.0,0.0,0.0,0.0,34.3,0.1,3.2,62.4
20121223184900,0.0,0.0,0.0,0.0,17.4,0.1,2.0,80.5
20121223185000,0.0,0.0,0.0,0.0,15.4,0.2,8.0,76.4
20121223185100,0.0,0.0,0.0,0.0,2.1,0.0,0.9,97.0
20121223185200,0.0,0.0,0.0,0.0,4.5,0.1,0.7,94.7
20121223185300,0.0,0.0,0.0,0.0,9.5,0.1,0.8,89.5
20121223185400,0.0,0.0,0.0,0.0,14.7,0.0,2.1,83.3
20121223185500,0.0,0.0,0.0,0.0,21.9,0.0,2.2,75.9
20121223185600,0.0,0.0,0.0,0.0,28.2,0.0,3.3,68.4
20121223185700,0.0,0.0,0.0,0.0,15.2,0.1,7.3,77.5
20121223185800,0.0,0.0,0.0,0.0,28.0,0.0,1.7,70.2
20121223185900,0.0,0.0,0.0,0.0,9.2,0.0,1.3,89.5
20121223190000,0.0,0.0,0.0,0.0,42.8,0.0,0.7,56.5
20121223190100,0.0,0.0,0.0,0.0,6.5,0.0,1.2,92.3
20121223190200,0.0,0.0,0.0,0.0,14.5,0.0,1.2,84.3
20121223190300,0.0,0.0,0.0,0.0,12.4,0.1,4.9,82.6
20121223190400,0.0,0.0,0.0,0.0,5.7,0.0,1.7,92.5
20121223190500,0.0,0.0,0.0,0.0,32.7,0.1,0.4,66.8
20121223190600,0.0,0.0,0.0,0.0,32.1,0.0,1.0,66.9
20121223190700,0.0,0.0,0.0,0.0,55.6,0.0,2.5,41.9
20121223190800,0.0,0.0,0.0,0.0,79.0,0.0,0.4,20.5
20121223190900,0.0,0.0,0.0,0.0,56.8,0.0,2.2,40.9
20121223191000,0.0,0.0,0.0,0.0,12.4,0.0,4.9,82.6
20121223191100,0.0,0.0,0.0,0.0,42.0,0.0,3.4,54.5
20121223191200,0.0,0.0,0.0,0.0,54.2,0.0,3.5,42.3
20121223191300,0.0,0.0,0.0,0.0,12.9,0.0,0.8,86.3
20121223191400,0.0,0.0,0.0,0.0,67.5,0.0,0.6,31.9
20121223191500,0.0,0.0,0.0,0.0,16.3,0.1,6.1,77.5
20121223191600,0.0,0.0,0.0,0.0,9.7,0.0,12.4,77.9
20121223191700,0.0,0.0,0.0,0.0,11.9,0.0,3.6,84.5
20121223191800,0.0,0.0,0.0,0.0,8.3,0.0,2.4,89.3
20121223191900,0.0,0.0,0.0,0.0,32.4,0.0,3.5,64.1
20121223192000,0.0,0.0,0.0,0.0,39.7,0.0,3.5,56.8
20121223192100,0.0,0.0,0.0,0.0,16.2,0.0,1.4,82.5
20121223192200,0.0,0.0,0.0,0.0,12.4,0.1,2.6,84.9
20121223192300,0.0,0.0,0.0,0.0,10.1,0.0,0.2,89.7
20121223192400,0.0,0.0,0.0,0.0,34.2,0.0,0.6,65.2
20121223192500,0.0,0.0,0.0,0.0,39.4,0.0,1.3,59.3
20121223192600,0.0,0.0,0.0,0.0,9.1,0.0,0.9,89.9
20121223192700,0.0,0.0,0.0,0.0,89.4,0.0,1.3,9.3
20121223192800,0.0,0.0,0.0,0.0,20.2,0.0,0.2,79.6
20121223192900,0.0,0.0,0.0,0.0,15.1,0.0,0.5,84.4
20121223193000,0.0,0.0,0.0,0.0,33.8,0.1,0.6,65.5
20121223193100,0.0,0.0,0.0,0.0,17.4,0.0,0.4,82.2
20121223193200,0.0,0.0,0.0,0.0,11.1,0.1,1.8,87.0
20121223193300,0.0,0.0,0.0,0.0,34.9,0.0,0.2,64.9
20121223193400,0.0,0.0,0.0,0.0,22.0,0.0,0.2,77.8
20121223193500,0.0,0.0,0.0,0.0,22.6,0.0,0.0,77.3
20121223193600,0.0,0.0,0.0,0.0,64.3,0.1,0.3,35.3
20121223193700,0.0,0.0,0.0,0.0,29.3,0.0,1.0,69.7
20121223193800,0.0,0.0,0.0,0.0,14.2,0.0,1.2,84.6
20121223193900,0.0,0.0,0.0,0.0,28.0,0.0,0.1,71.8
20121223194000,0.0,0.0,0.0,0.0,26.9,0.0,0.4,72.7
20121223194100,0.0,0.0,0.0,0.0,7.9,0.0,0.1,92.0
20121223194200,0.0,0.0,0.0,0.0,6.4,0.0,0.2,93.5
20121223194300,0.0,0.0,0.0,0.0,17.6,0.0,0.4,82.0
20121223194400,0.0,0.0,0.0,0.0,15.0,0.0,0.2,84.8
20121223194500,0.0,0.0,0.0,0.0,2.5,0.0,0.1,97.4
20121223194600,0.0,0.0,0.0,0.0,7.5,0.0,0.2,92.2
20121223194700,0.0,0.0,0.0,0.0,4.9,0.0,0.1,95.0
20121223194800,0.0,0.0,0.0,0.0,8.3,0.0,0.3,91.4
20121223194900,0.0,0.0,0.0,0.0,48.8,0.0,0.7,50.5
20121223195000,0.0,0.0,0.0,0.0,3.6,0.0,0.1,96.3
20121223195100,0.0,0.0,0.0,0.0,14.6,0.1,0.9,84.5
20121223195200,0.0,0.0,0.0,0.0,18.9,0.0,0.8,80.2
20121223195300,0.0,0.0,0.0,0.0,14.8,0.0,0.2,84.9
20121223195400,0.0,0.0,0.0,0.0,9.2,0.0,0.1,90.7
20121223195500,0.0,0.0,0.0,0.0,9.9,0.0,0.2,89.9
20121223195600,0.0,0.0,0.0,0.0,34.4,0.1,0.3,65.2
20121223195700,0.0,0.0,0.0,0.0,16.8,0.0,0.0,83.1
20121223195800,0.0,0.0,0.0,0.0,39.8,0.0,0.7,59.4
20121223195900,0.0,0.0,0.0,0.0,22.8,0.0,0.3,76.8
20121223200000,0.0,0.0,0.0,0.0,17.4,0.1,0.2,82.3
20121223200100,0.0,0.0,0.0,0.0,34.1,0.0,0.2,65.7
20121223200200,0.0,0.0,0.0,0.0,68.5,0.0,0.2,31.3
20121223200300,0.0,0.0,0.0,0.0,11.7,0.0,0.2,88.1
20121223200400,0.0,0.0,0.0,0.0,12.6,0.0,0.1,87.3
20121223200500,0.0,0.0,0.0,0.0,4.6,0.0,0.1,95.3
20121223200600,0.0,0.0,0.0,0.0,67.9,0.0,0.1,32.0
20121223200700,0.0,0.0,0.0,0.0,47.6,0.0,0.4,52.0
20121223200800,0.0,0.0,0.0,0.0,65.0,0.0,0.4,34.5
20121223200900,0.0,0.0,0.0,0.0,95.1,0.0,0.1,4.8
20121223201000,0.0,0.0,0.0,0.0,40.4,0.0,0.1,59.5
20121223201100,0.0,0.0,0.0,0.0,21.0,0.0,0.2,78.9
20121223201200,0.0,0.0,0.0,0.0,36.6,0.0,0.1,63.3
20121223201300,0.0,0.0,0.0,0.0,95.1,0.0,0.0,4.9
20121223201400,0.0,0.0,0.0,0.0,62.6,0.0,0.2,37.2
20121223201500,0.0,0.0,0.0,0.0,54.2,0.0,0.3,45.5
20121223201600,0.0,0.0,0.0,0.0,18.4,0.1,0.2,81.3
20121223201700,0.0,0.0,0.0,0.0,67.2,0.0,0.3,32.5
20121223201800,0.0,0.0,0.0,0.0,30.9,0.1,0.1,68.9
20121223201900,0.0,0.0,0.0,0.0,80.9,0.0,0.1,19.0
20121223202000,0.0,0.0,0.0,0.0,41.8,0.0,0.2,57.9
20121223202100,0.0,0.0,0.0,0.0,89.3,0.0,0.1,10.6
20121223202200,0.0,0.0,0.0,0.0,85.9,0.0,0.2,13.9
20121223202300,0.0,0.0,0.0,0.0,54.4,0.0,0.3,45.4
20121223202400,0.0,0.0,0.0,0.0,52.2,0.0,0.0,47.8
20121223202500,0.0,0.0,0.0,0.0,17.5,0.0,0.1,82.4
20121223202600,0.0,0.0,0.0,0.0,8.1,0.0,0.1,91.9
20121223202700,0.0,0.0,0.0,0.0,57.9,0.0,0.3,41.8
20121223202800,0.0,0.0,0.0,0.0,37.7,0.0,0.1,62.2
20121223202900,0.0,0.0,0.0,0.0,92.4,0.0,0.3,7.3
20121223203000,0.0,0.0,0.0,0.0,58.1,0.1,0.4,41.4
20121223203100,0.0,0.0,0.0,0.0,34.2,0.1,0.8,64.9
20121223203200,0.0,0.0,0.0,0.0,22.3,0.0,0.2,77.5
20121223203300,0.0,0.0,0.0,0.0,51.6,0.0,0.4,48.0
20121223203400,0.0,0.0,0.0,0.0,44.7,0.0,0.1,55.2
20121223203500,0.0,0.0,0.0,0.0,65.3,0.0,0.5,34.2
20121223203600,0.0,0.0,0.0,0.0,77.4,0.0,0.2,22.3
20121223203700,0.0,0.0,0.0,0.0,19.9,0.0,0.0,80.1
20121223203800,0.0,0.0,0.0,0.0,82.2,0.0,0.2,17.5
20121223203900,0.0,0.0,0.0,0.0,48.9,0.0,0.5,50.6
20121223204000,0.0,0.0,0.0,0.0,63.6,0.0,0.2,36.2
20121223204100,0.0,0.0,0.0,0.0,71.8,0.0,0.1,28.1
20121223204200,0.0,0.0,0.0,0.0,47.5,0.0,0.1,52.4
20121223204300,0.0,0.0,0.0,0.0,83.1,0.0,0.1,16.8
20121223204400,0.0,0.0,0.0,0.0,9.5,0.0,0.1,90.4
20121223204500,0.0,0.0,0.0,0.0,27.7,0.0,0.3,72.0
20121223204600,0.0,0.0,0.0,0.0,48.8,0.0,0.8,50.4
20121223204700,0.0,0.0,0.0,0.0,20.8,0.0,0.6,78.6
20121223204800,0.0,0.0,0.0,0.0,35.4,0.0,0.8,63.7
20121223204900,0.0,0.0,0.0,0.0,16.1,0.0,0.5,83.4
20121223205000,0.0,0.0,0.0,0.0,42.0,0.0,0.6,57.4
20121223205100,0.0,0.0,0.0,0.0,21.0,0.0,0.1,78.9
20121223205200,0.0,0.0,0.0,0.0,48.5,0.0,0.1,51.5
20121223205300,0.0,0.0,0.0,0.0,69.8,0.0,0.4,29.8
20121223205400,0.0,0.0,0.0,0.0,71.2,0.0,0.1,28.7
20121223205500,0.0,0.0,0.0,0.0,36.2,0.0,0.1,63.7
20121223205600,0.0,0.0,0.0,0.0,9.6,0.0,0.1,90.4
20121223205700,0.0,0.0,0.0,0.0,7.8,0.0,0.1,92.1
20121223205800,0.0,0.0,0.0,0.0,4.0,0.0,0.1,95.9
20121223205900,0.0,0.0,0.0,0.0,23.0,0.0,0.0,77.0
20121223210000,0.0,0.0,0.0,0.0,37.1,0.0,0.0,62.9
20121223210100,0.0,0.0,0.0,0.0,23.6,0.0,0.1,76.2
20121223210200,0.0,0.0,0.0,0.0,27.5,0.0,0.1,72.4
20121223210300,0.0,0.0,0.0,0.0,16.1,0.0,0.2,83.7
20121223210400,0.0,0.0,0.0,0.0,23.7,0.0,0.1,76.3
20121223210500,0.0,0.0,0.0,0.0,45.3,0.0,0.4,54.2
20121223210600,0.0,0.0,0.0,0.0,55.2,0.0,0.1,44.7
20121223210700,0.0,0.0,0.0,0.0,27.2,0.0,0.0,72.8
20121223210800,0.0,0.0,0.0,0.0,11.6,0.0,0.0,88.4
20121223210900,0.0,0.0,0.0,0.0,13.0,0.0,0.0,87.0
20121223211000,0.0,0.0,0.0,0.0,13.1,0.0,0.0,86.8
20121223211100,0.0,0.0,0.0,0.0,3.3,0.0,0.0,96.7
20121223211200,0.0,0.0,0.0,0.0,5.7,0.0,0.0,94.3
20121223211300,0.0,0.0,0.0,0.0,5.4,0.0,0.0,94.6
20121223211400,0.0,0.0,0.0,0.0,41.1,0.0,0.7,58.2
20121223211500,0.0,0.0,0.0,0.0,8.9,0.0,0.1,91.1
20121223211600,0.0,0.0,0.0,0.0,8.9,0.0,0.2,90.9
20121223211700,0.0,0.0,0.0,0.0,1.2,0.0,0.0,98.8
20121223211800,0.0,0.0,0.0,0.0,33.5,0.0,0.4,66.1
20121223211900,0.0,0.0,0.0,0.0,21.8,0.0,0.0,78.2
20121223212000,0.0,0.0,0.0,0.0,1.6,0.0,0.0,98.4
20121223212100,0.0,0.0,0.0,0.0,12.9,0.0,0.1,87.0
20121223212200,0.0,0.0,0.0,0.0,6.9,0.0,0.0,93.1
20121223212300,0.0,0.0,0.0,0.0,50.1,0.0,0.0,49.8
20121223212400,0.0,0.0,0.0,0.0,8.6,0.0,0.1,91.3
20121223212500,0.0,0.0,0.0,0.0,35.0,0.0,0.0,65.0
20121223212600,0.0,0.0,0.0,0.0,39.0,0.0,0.7,60.2
20121223212700,0.0,0.0,0.0,0.0,11.4,0.0,0.0,88.6
20121223212800,0.0,0.0,0.0,0.0,22.7,0.0,0.1,77.1
20121223212900,0.0,0.0,0.0,0.0,7.3,0.0,0.2,92.5
20121223213000,0.0,0.0,0.0,0.0,0.9,0.0,0.0,99.0
20121223213100,0.0,0.0,0.0,0.0,20.3,0.0,0.1,79.6
20121223213200,0.0,0.0,0.0,0.0,63.0,0.0,0.1,36.9
20121223213300,0.0,0.0,0.0,0.0,14.3,0.0,0.1,85.6
20121223213400,0.0,0.0,0.0,0.0,5.6,0.0,0.0,94.4
20121223213500,0.0,0.0,0.0,0.0,8.7,0.0,0.1,91.2
20121223213600,0.0,0.0,0.0,0.0,17.0,0.0,0.1,83.0
20121223213700,0.0,0.0,0.0,0.0,8.9,0.0,0.5,90.6
20121223213800,0.0,0.0,0.0,0.0,1.4,0.0,0.3,98.3
20121223213900,0.0,0.0,0.0,0.0,17.2,0.0,0.3,82.5
20121223214000,0.0,0.0,0.0,0.0,15.6,0.0,0.3,84.2
20121223214100,0.0,0.0,0.0,0.0,14.6,0.0,0.9,84.5
20121223214200,0.0,0.0,0.0,0.0,45.4,0.0,0.3,54.2
20121223214300,0.0,0.0,0.0,0.0,68.7,0.0,0.8,30.5
20121223214400,0.0,0.0,0.0,0.0,47.6,0.0,0.7,51.7
20121223214500,0.0,0.0,0.0,0.0,46.7,0.0,1.1,52.2
20121223214600,0.0,0.0,0.0,0.0,33.1,0.0,7.9,59.0
20121223214700,0.0,0.0,0.0,0.0,93.5,0.0,1.7,4.8
20121223214800,0.0,0.0,0.0,0.0,62.1,0.0,4.8,33.1
20121223214900,0.0,0.0,0.0,0.0,12.1,0.0,1.1,86.7
20121223215000,0.0,0.0,0.0,0.0,43.8,0.0,0.8,55.4
20121223215100,0.0,0.0,0.0,0.0,28.7,0.0,0.4,70.9
20121223215200,0.0,0.0,0.0,0.0,80.0,0.0,0.1,19.9
20121223215300,0.0,0.0,0.0,0.0,88.3,0.0,0.0,11.6
20121223215400,0.0,0.0,0.0,0.0,75.2,0.0,0.5,24.3
20121223215500,0.0,0.0,0.0,0.0,78.5,0.0,0.2,21.3
20121223215600,0.0,0.0,0.0,0.0,90.3,0.0,0.4,9.3
20121223215700,0.0,0.0,0.0,0.0,33.4,0.0,6.3,60.3
20121223215800,0.0,0.0,0.0,0.0,83.9,0.0,2.0,14.1
20121223215900,0.0,0.0,0.0,0.0,41.6,0.0,0.3,58.1
20121223220000,0.0,0.0,0.0,0.0,10.3,0.0,0.3,89.4
20121223220100,0.0,0.0,0.0,0.0,20.2,0.0,2.8,77.0
20121223220200,0.0,0.0,0.0,0.0,20.5,0.0,0.8,78.7
20121223220300,0.0,0.0,0.0,0.0,54.0,0.0,0.5,45.5
20121223220400,0.0,0.0,0.0,0.0,14.2,0.0,0.2,85.6
20121223220500,0.0,0.0,0.0,0.0,3.8,0.0,0.1,96.1
20121223220600,0.0,0.0,0.0,0.0,0.9,0.0,0.1,99.0
20121223220700,0.0,0.0,0.0,0.0,0.2,0.0,0.0,99.8
20121223220800,0.0,0.0,0.0,0.0,2.6,0.0,0.2,97.2
20121223220900,0.0,0.0,0.0,0.0,0.6,0.0,0.0,99.4
20121223221000,0.0,0.0,0.0,0.0,1.6,0.0,0.0,98.4
20121223221100,0.0,0.0,0.0,0.0,0.9,0.0,0.0,99.1
20121223221200,0.0,0.0,0.0,0.0,0.3,0.0,0.0,99.7
20121223221300,0.0,0.0,0.0,0.0,2.3,0.0,0.0,97.7
20121223221400,0.0,0.0,0.0,0.0,0.3,0.0,0.1,99.6
20121223221500,0.0,0.0,0.0,0.0,3.0,0.0,0.1,96.9
20121223221600,0.0,0.0,0.0,0.0,5.6,0.0,0.2,94.2
20121223221700,0.0,0.0,0.0,0.0,3.7,0.0,0.7,95.7
20121223221800,0.0,0.0,0.0,0.0,1.0,0.0,0.1,98.9
20121223221900,0.0,0.0,0.0,0.0,0.1,0.0,0.0,99.9
20121223222000,0.0,0.0,0.0,0.0,0.3,0.0,0.0,99.7
20121223222100,0.0,0.0,0.0,0.0,0.3,0.0,0.0,99.7
20121223222200,0.0,0.0,0.0,0.0,0.3,0.0,0.1,99.7
20121223222300,0.0,0.0,0.0,0.0,0.3,0.0,0.0,99.7
20121223222400,0.0,0.0,0.0,0.0,2.1,0.0,0.0,97.9
20121223222500,0.0,0.0,0.0,0.0,1.5,0.0,0.1,98.4
20121223222600,0.0,0.0,0.0,0.0,1.0,0.0,0.1,98.9
20121223222700,0.0,0.0,0.0,0.0,2.0,0.0,0.1,97.8
20121223222800,0.0,0.0,0.0,0.0,0.1,0.0,0.0,99.9
20121223222900,0.0,0.0,0.0,0.0,0.2,0.0,0.0,99.8
20121223223000,0.0,0.0,0.0,0.0,1.1,0.0,0.1,98.9
20121223223100,0.0,0.0,0.0,0.0,0.8,0.0,0.2,99.0
20121223223200,0.0,0.0,0.0,0.0,6.0,0.0,1.0,93.0
20121223223300,0.0,0.0,0.0,0.0,3.0,0.0,2.1,94.9
20121223223400,0.0,0.0,0.0,0.0,0.6,0.0,0.8,98.6
20121223223500,0.0,0.0,0.0,0.0,2.2,0.0,2.9,94.8
20121223223600,0.0,0.0,0.0,0.0,1.2,0.0,0.4,98.4
20121223223700,0.0,0.0,0.0,0.0,0.5,0.0,0.1,99.4
20121223223800,0.0,0.0,0.0,0.0,0.7,0.0,0.1,99.2
20121223223900,0.0,0.0,0.0,0.0,3.1,0.0,0.4,96.4
20121223224000,0.0,0.0,0.0,0.0,3.8,0.0,0.7,95.5
20121223224100,0.0,0.0,0.0,0.0,1.1,0.0,0.1,98.8
20121223224200,0.0,0.0,0.0,0.0,0.8,0.0,0.1,99.1
20121223224300,0.0,0.0,0.0,0.0,0.1,0.0,0.0,99.9
20121223224400,0.0,0.0,0.0,0.0,0.1,0.0,0.0,99.9
20121223224500,0.0,0.0,0.0,0.0,0.1,0.0,0.0,99.9
20121223224600,0.0,0.0,0.0,0.0,0.2,0.0,0.0,99.8
20121223224700,0.0,0.0,0.0,0.0,0.0,0.0,0.1,99.9
20121223224800,0.0,0.0,0.0,0.0,0.2,0.0,0.1,99.8
20121223224900,0.0,0.0,0.0,0.0,1.6,0.0,0.6,97.9
20121223225000,0.0,0.0,0.0,0.0,0.7,0.0,1.1,98.3
20121223225100,0.0,0.0,0.0,0.0,6.0,0.0,0.3,93.7
20121223225200,0.0,0.0,0.0,0.0,2.3,0.0,0.2,97.5
20121223225300,0.0,0.0,0.0,0.0,1.0,0.0,0.9,98.1
20121223225400,0.0,0.0,0.0,0.0,0.8,0.0,0.6,98.6
20121223225500,0.0,0.0,0.0,0.0,1.3,0.0,0.1,98.6
20121223225600,0.0,0.0,0.0,0.0,2.7,0.0,3.2,94.1
20121223225700,0.0,0.0,0.0,0.0,0.2,0.0,0.2,99.6
20121223225800,0.0,0.0,0.0,0.0,0.4,0.0,1.4,98.2
20121223225900,0.0,0.0,0.0,0.0,2.5,0.0,31.6,65.9
20121223230000,0.0,0.0,0.0,0.0,1.3,0.0,52.6,46.0
20121223230100,0.0,0.0,0.0,0.0,0.7,0.0,2.7,96.5
20121223230200,0.0,0.0,0.0,0.0,14.3,0.0,2.6,83.0
20121223230300,0.0,0.0,0.0,0.0,7.5,0.0,5.7,86.8
20121223230400,0.0,0.0,0.0,0.0,4.5,0.0,1.0,94.5
20121223230500,0.0,0.0,0.0,0.0,4.2,0.0,0.4,95.5
20121223230600,0.0,0.0,0.0,0.0,1.1,0.0,0.1,98.7
20121223230700,0.0,0.0,0.0,0.0,1.0,0.0,0.3,98.8
20121223230800,0.0,0.0,0.0,0.0,2.9,0.0,0.2,96.9
20121223230900,0.0,0.0,0.0,0.0,0.2,0.0,0.3,99.5
20121223231000,0.0,0.0,0.0,0.0,1.0,0.0,0.3,98.7
20121223231100,0.0,0.0,0.0,0.0,0.2,0.0,0.9,98.8
20121223231200,0.0,0.0,0.0,0.0,3.4,0.0,0.1,96.5
20121223231300,0.0,0.0,0.0,0.0,0.8,0.0,0.0,99.2
20121223231400,0.0,0.0,0.0,0.0,29.0,0.1,1.9,69.0
20121223231500,0.0,0.0,0.0,0.0,9.2,0.0,1.0,89.8
20121223231600,0.0,0.0,0.0,0.0,61.0,0.0,0.8,38.2
20121223231700,0.0,0.0,0.0,0.0,49.9,0.0,0.5,49.5
20121223231800,0.0,0.0,0.0,0.0,99.4,0.0,0.0,0.6
20121223231900,0.0,0.0,0.0,0.0,51.6,0.0,0.3,48.1
20121223232000,0.0,0.0,0.0,0.0,76.0,0.0,0.2,23.8
20121223232100,0.0,0.0,0.0,0.0,75.2,0.0,0.1,24.7
20121223232200,0.0,0.0,0.0,0.0,6.0,0.0,1.1,92.9
20121223232300,0.0,0.0,0.0,0.0,27.3,0.0,1.0,71.7
20121223232400,0.0,0.0,0.0,0.0,0.9,0.0,0.3,98.8
20121223232500,0.0,0.0,0.0,0.0,29.6,0.0,0.3,70.1
20121223232600,0.0,0.0,0.0,0.0,8.4,0.0,0.3,91.3
20121223232700,0.0,0.0,0.0,0.0,44.4,0.0,0.7,54.9
20121223232800,0.0,0.0,0.0,0.0,4.3,0.1,1.5,94.2
20121223232900,0.0,0.0,0.0,0.0,14.3,0.0,0.8,84.9
20121223233000,0.0,0.0,0.0,0.0,2.0,0.0,0.2,97.8
20121223233100,0.0,0.0,0.0,0.0,17.2,0.2,2.5,80.2
20121223233200,0.0,0.0,0.0,0.0,10.6,0.1,1.9,87.4
20121223233300,0.0,0.0,0.0,0.0,17.7,0.1,1.1,81.1
20121223233400,0.0,0.0,0.0,0.0,3.7,0.0,0.1,96.2
20121223233500,0.0,0.0,0.0,0.0,8.5,0.1,1.0,90.4
20121223233600,0.0,0.0,0.0,0.0,70.6,0.0,0.8,28.6
20121223233700,0.0,0.0,0.0,0.0,1.0,0.0,0.0,98.9
20121223233800,0.0,0.0,0.0,0.0,5.2,0.0,0.0,94.8
20121223233900,0.0,0.0,0.0,0.0,2.9,0.0,0.1,97.0
20121223234000,0.0,0.0,0.0,0.0,1.5,0.0,0.0,98.5
20121223234100,0.0,0.0,0.0,0.0,6.2,0.0,0.0,93.8
20121223234200,0.0,0.0,0.0,0.0,10.7,0.0,0.1,89.1
20121223234300,0.0,0.0,0.0,0.0,0.2,0.0,0.0,99.8
20121223234400,0.0,0.0,0.0,0.0,0.1,0.0,0.0,99.9
20121223234500,0.0,0.0,0.0,0.0,9.1,0.0,0.0,90.9
20121223234600,0.0,0.0,0.0,0.0,0.7,0.0,0.0,99.3
20121223234700,0.0,0.0,0.0,0.0,0.1,0.0,0.0,99.9
20121223234800,0.0,0.0,0.0,0.0,2.1,0.1,0.2,97.7
20121223234900,0.0,0.0,0.0,0.0,40.6,0.3,0.4,58.7
20121223235000,0.0,0.0,0.0,0.0,5.3,0.0,0.0,94.7
20121223235100,0.0,0.0,0.0,0.0,4.0,0.1,0.1,95.8
20121223235200,0.0,0.0,0.0,0.0,8.1,0.1,0.2,91.6
20121223235300,0.0,0.0,0.0,0.0,5.9,0.1,0.2,93.8
20121223235400,0.0,0.0,0.0,0.0,9.2,0.0,0.4,90.4
20121223235500,0.0,0.0,0.0,0.0,9.6,0.0,0.4,89.9
20121223235600,0.0,0.0,0.0,0.0,0.7,0.0,0.2,99.1
20121223235700,0.0,0.0,0.0,0.0,4.0,0.0,0.7,95.3
20121223235800,0.0,0.0,0.0,0.0,15.5,0.2,5.2,79.1
20121223235900,0.0,0.0,0.0,0.0,6.5,0.2,0.4,92.9
20121224000000,0.0,0.0,0.0,0.0,1.6,0.0,0.2,98.2
20121224000100,0.0,0.0,0.0,0.0,2.7,0.0,0.3,97.0
20121224000200,0.0,0.0,0.0,0.0,12.1,0.0,0.2,87.7
20121224000300,0.0,0.0,0.0,0.0,1.8,0.0,0.1,98.2
20121224000400,0.0,0.0,0.0,0.0,17.5,0.0,0.1,82.4
20121224000500,0.0,0.0,0.0,0.0,7.7,0.0,0.0,92.2
20121224000600,0.0,0.0,0.0,0.0,14.0,0.1,0.0,85.8
20121224000700,0.0,0.0,0.0,0.0,37.9,0.0,0.1,61.9
20121224000800,0.0,0.0,0.0,0.0,23.7,0.0,0.0,76.3
20121224000900,0.0,0.0,0.0,0.0,55.2,0.0,0.1,44.6
20121224001000,0.0,0.0,0.0,0.0,25.4,0.0,0.2,74.4
20121224001100,0.0,0.0,0.0,0.0,40.6,0.0,0.2,59.2
20121224001200,0.0,0.0,0.0,0.0,14.5,0.1,1.9,83.5
20121224001300,0.0,0.0,0.0,0.0,11.2,0.1,3.3,85.4
20121224001400,0.0,0.0,0.0,0.0,0.6,0.0,0.4,99.0
20121224001500,0.0,0.0,0.0,0.0,3.0,0.0,0.1,96.9
20121224001600,0.0,0.0,0.0,0.0,0.8,0.0,0.1,99.1
20121224001700,0.0,0.0,0.0,0.0,17.7,0.0,0.5,81.7
20121224001800,0.0,0.0,0.0,0.0,23.9,0.0,0.2,76.0
20121224001900,0.0,0.0,0.0,0.0,17.4,0.0,1.5,81.1
20121224002000,0.0,0.0,0.0,0.0,15.3,0.0,0.1,84.5
20121224002100,0.0,0.0,0.0,0.0,42.4,0.2,0.4,57.0
20121224002200,0.0,0.0,0.0,0.0,4.8,0.0,0.3,94.9
20121224002300,0.0,0.0,0.0,0.0,28.5,0.0,0.1,71.3
20121224002400,0.0,0.0,0.0,0.0,1.5,0.0,0.2,98.3
20121224002500,0.0,0.0,0.0,0.0,34.1,0.2,0.4,65.3
20121224002600,0.0,0.0,0.0,0.0,4.9,0.1,0.2,94.9
20121224002700,0.0,0.0,0.0,0.0,0.8,0.0,0.5,98.6
20121224002800,0.0,0.0,0.0,0.0,11.1,0.0,0.2,88.7
20121224002900,0.0,0.0,0.0,0.0,0.7,0.0,0.1,99.3
20121224003000,0.0,0.0,0.0,0.0,4.2,0.1,0.6,95.1
20121224003100,0.0,0.0,0.0,0.0,13.1,0.1,0.4,86.4
20121224003200,0.0,0.0,0.0,0.0,50.8,0.7,3.3,45.2
20121224003300,0.0,0.0,0.0,0.0,7.0,0.1,0.4,92.5
20121224003400,0.0,0.0,0.0,0.0,36.9,0.5,0.3,62.3
20121224003500,0.0,0.0,0.0,0.0,5.4,0.0,0.2,94.4
20121224003600,0.0,0.0,0.0,0.0,32.2,0.2,1.0,66.7
20121224003700,0.0,0.0,0.0,0.0,46.5,0.4,4.0,49.1
20121224003800,0.0,0.0,0.0,0.0,4.5,0.4,0.7,94.4
20121224003900,0.0,0.0,0.0,0.0,9.8,0.0,0.1,90.1
20121224004000,0.0,0.0,0.0,0.0,47.4,0.1,0.9,51.5
20121224004100,0.0,0.0,0.0,0.0,44.3,0.4,2.0,53.3
20121224004200,0.0,0.0,0.0,0.0,38.9,0.2,2.2,58.7
20121224004300,0.0,0.0,0.0,0.0,79.8,0.1,1.0,19.0
20121224004400,0.0,0.0,0.0,0.0,9.1,0.0,0.1,90.8
20121224004500,0.0,0.0,0.0,0.0,30.7,0.1,0.7,68.5
20121224004600,0.0,0.0,0.0,0.0,24.5,0.2,1.5,73.8
20121224004700,0.0,0.0,0.0,0.0,12.2,0.5,6.2,81.1
20121224004800,0.0,0.0,0.0,0.0,74.4,1.2,0.4,24.0
20121224004900,0.0,0.0,0.0,0.0,2.1,0.0,0.2,97.7
20121224005000,0.0,0.0,0.0,0.0,9.2,0.5,0.2,90.1
20121224005100,0.0,0.0,0.0,0.0,7.4,0.1,0.3,92.1
20121224005200,0.0,0.0,0.0,0.0,7.0,0.1,1.8,91.1
20121224005300,0.0,0.0,0.0,0.0,54.8,0.6,0.3,44.3
20121224005400,0.0,0.0,0.0,0.0,8.8,0.1,0.1,90.9
20121224005500,0.0,0.0,0.0,0.0,35.8,0.2,0.1,64.0
20121224005600,0.0,0.0,0.0,0.0,72.0,0.2,5.5,22.3
20121224005700,0.0,0.0,0.0,0.0,11.1,0.2,0.3,88.4
20121224005800,0.0,0.0,0.0,0.0,3.7,0.3,2.3,93.8
20121224005900,0.0,0.0,0.0,0.0,2.9,0.3,0.4,96.3
20121224010000,0.0,0.0,0.0,0.0,34.8,6.0,0.5,58.7
20121224010100,0.0,0.0,0.0,0.0,12.4,1.2,1.0,85.4
20121224010200,0.1,0.0,0.1,0.0,41.9,18.0,3.9,36.1
20121224010300,0.0,0.0,0.0,0.0,25.5,2.6,2.3,69.5
20121224010400,0.0,0.0,0.0,0.0,9.0,2.0,0.9,88.1
20121224010500,0.0,0.0,0.0,0.0,1.7,0.1,0.1,98.1
20121224010600,0.0,0.0,0.0,0.0,3.3,0.5,2.6,93.6
20121224010700,0.0,0.0,0.0,0.0,4.4,2.0,1.5,92.0
20121224010800,0.0,0.0,0.0,0.0,27.2,7.4,2.9,62.4
20121224010900,0.0,0.0,0.0,0.0,6.5,5.4,0.3,87.8
20121224011000,0.0,0.0,0.0,0.0,3.3,1.4,0.3,95.0
20121224011100,0.0,0.0,0.0,0.0,10.5,17.5,2.0,70.0
20121224011200,0.0,0.0,0.0,0.0,2.6,2.1,0.3,95.1
20121224011300,0.0,0.0,0.0,0.0,11.7,6.2,1.2,80.9
20121224011400,0.0,0.0,0.0,0.0,6.5,5.1,0.8,87.5
20121224011500,0.0,0.0,0.0,0.0,0.6,0.2,0.1,99.2
20121224011600,0.0,0.0,0.0,0.0,21.1,1.5,0.4,76.9
20121224011700,0.0,0.0,0.1,0.0,12.0,3.4,2.0,82.5
20121224011800,0.0,0.0,0.0,0.0,3.4,2.6,0.9,93.1
20121224011900,0.0,0.0,0.1,0.0,2.3,3.6,10.6,83.4
20121224012000,0.0,0.0,0.1,0.0,3.5,4.7,38.3,53.3
20121224012100,0.0,0.0,0.1,0.0,5.3,3.2,13.2,78.2
20121224012200,0.0,0.0,0.1,0.0,2.5,6.4,26.1,64.9
20121224012300,0.1,0.0,0.1,0.0,7.9,10.4,15.1,66.4
20121224012400,0.0,0.0,0.0,0.0,2.0,13.1,19.8,65.0
20121224012500,0.0,0.0,0.1,0.0,3.9,2.2,50.3,43.5
20121224012600,0.1,0.0,0.3,0.0,11.2,5.2,44.5,38.7
20121224012700,0.1,0.0,0.3,0.0,15.2,10.0,15.2,59.2
20121224012800,0.1,0.0,0.6,0.0,13.1,5.3,49.2,31.7
20121224012900,0.1,0.0,0.1,0.0,0.5,1.9,56.5,41.0
20121224013000,0.0,0.0,0.1,0.0,6.7,1.1,51.7,40.2
20121224013100,0.0,0.0,0.0,0.0,4.8,1.3,86.7,7.2
20121224013200,0.0,0.0,0.1,0.0,4.6,0.6,74.5,20.2
20121224013300,0.1,0.0,0.2,0.1,11.9,6.5,42.5,38.7
20121224013400,0.1,0.0,0.1,0.0,6.2,37.0,33.4,23.1
20121224013500,0.1,0.0,0.3,0.2,9.1,8.3,71.9,10.1
20121224013600,0.0,0.0,0.1,0.1,4.4,7.5,69.9,18.0
20121224013700,0.1,0.0,0.5,0.1,9.6,1.8,84.1,3.9
20121224013800,0.1,0.0,0.5,0.1,9.0,5.7,80.4,4.2
20121224013900,0.0,0.0,0.0,0.0,0.9,0.5,98.1,0.5
20121224014000,0.0,0.0,0.1,0.0,2.2,2.9,93.7,1.0
20121224014100,0.0,0.0,0.1,0.0,7.8,1.9,88.4,1.7
20121224014200,0.1,0.0,0.7,0.1,38.7,4.3,52.1,4.0
20121224014300,0.1,0.0,0.5,0.0,20.6,1.4,75.4,2.0
20121224014400,0.0,0.0,0.1,0.0,1.2,1.0,97.2,0.5
20121224014500,0.0,0.0,0.2,0.0,2.7,0.8,93.6,2.7
20121224014600,0.0,0.0,0.0,0.0,0.8,0.1,98.1,1.0
20121224014700,0.0,0.0,0.0,0.0,0.3,0.4,99.1,0.2
20121224014800,0.0,0.0,0.2,0.0,5.3,5.6,79.8,9.1
20121224014900,0.0,0.0,0.1,0.0,9.6,4.3,85.3,0.7
20121224015000,0.0,0.0,0.0,0.0,0.0,0.0,100.0,0.0
20121224015100,0.0,0.0,0.0,0.0,0.1,0.0,99.7,0.2
20121224015200,0.0,0.0,0.0,0.0,0.2,0.1,99.2,0.4
20121224015300,0.0,0.0,0.0,0.0,0.3,0.1,99.3,0.2
20121224015400,0.0,0.0,0.0,0.0,0.1,0.0,99.7,0.1
20121224015500,0.0,0.0,0.0,0.0,0.1,0.0,99.6,0.2
20121224015600,0.0,0.0,0.0,0.0,0.2,0.0,99.5,0.3
20121224015700,0.0,0.0,0.0,0.0,0.1,0.1,99.5,0.3
20121224015800,0.0,0.0,0.0,0.0,0.0,0.0,99.8,0.1
20121224015900,0.0,0.0,0.0,0.0,0.0,0.0,99.9,0.1
20121224020000,0.0,0.0,0.0,0.0,0.1,0.0,98.1,1.8
20121224020100,0.0,0.0,0.0,0.0,0.0,0.0,99.1,0.8
20121224020200,0.0,0.0,0.0,0.0,0.1,0.0,99.4,0.4
20121224020300,0.0,0.0,0.0,0.0,0.0,0.0,99.8,0.1
20121224020400,0.0,0.0,0.0,0.0,0.0,0.0,99.6,0.3
20121224020500,0.0,0.0,0.0,0.0,0.0,0.0,99.9,0.1
20121224020600,0.0,0.0,0.0,0.0,0.0,0.0,100.0,0.0
20121224020700,0.0,0.0,0.0,0.0,0.0,0.0,100.0,0.0
20121224020800,0.0,0.0,0.0,0.0,0.0,0.0,99.9,0.0
20121224020900,0.0,0.0,0.0,0.0,0.0,0.1,99.8,0.0
20121224021000,0.0,0.0,0.0,0.0,0.0,0.0,99.6,0.4
20121224021100,0.0,0.0,0.1,0.0,0.0,0.1,99.8,0.0
20121224021200,0.0,0.0,0.2,0.0,0.1,0.4,99.2,0.1
20121224021300,0.0,0.0,0.0,0.0,0.2,0.3,99.5,0.0
20121224021400,0.0,0.0,0.0,0.1,0.3,1.0,98.3,0.3
20121224021500,0.0,0.0,0.0,0.0,0.0,0.6,99.3,0.0
20121224021600,0.0,0.0,0.3,0.0,0.5,8.9,89.7,0.5
20121224021700,0.0,0.0,0.7,0.0,4.6,6.6,87.8,0.3
20121224021800,0.1,0.0,1.6,0.0,1.5,4.9,90.1,1.8
20121224021900,0.0,0.0,0.7,0.0,0.4,1.0,97.2,0.6
20121224022000,0.1,0.0,1.9,0.0,3.8,3.7,89.5,1.0
20121224022100,0.0,0.0,0.4,0.0,1.8,1.1,96.6,0.2
20121224022200,0.0,0.0,1.8,0.0,1.2,13.6,82.7,0.7
20121224022300,0.0,0.0,1.8,0.1,4.1,15.6,78.0,0.4
20121224022400,0.0,0.0,0.5,0.0,0.1,2.4,96.3,0.7
20121224022500,0.1,0.0,0.7,0.0,0.6,2.1,96.2,0.3
20121224022600,0.1,0.0,1.8,0.2,9.9,17.4,69.3,1.3
20121224022700,0.0,0.0,3.9,0.0,2.5,22.3,68.1,3.1
20121224022800,0.0,0.0,4.3,0.0,1.3,44.0,49.9,0.4
20121224022900,0.0,0.0,0.2,0.0,1.3,1.9,95.1,1.5
20121224023000,0.0,0.0,0.5,0.0,5.6,17.8,70.8,5.3
20121224023100,0.0,0.0,0.2,0.0,0.1,2.4,96.3,1.1
20121224023200,0.0,0.0,0.6,0.1,3.6,6.0,86.5,3.3
20121224023300,0.0,0.0,2.0,0.0,0.1,5.3,92.2,0.3
20121224023400,0.1,0.0,19.3,0.0,0.5,25.6,52.4,2.2
20121224023500,0.1,0.0,2.5,0.0,3.3,54.6,38.3,1.2
20121224023600,0.1,0.0,8.1,0.1,2.7,19.3,68.9,0.8
20121224023700,0.0,0.0,3.3,0.0,0.3,9.7,86.1,0.5
20121224023800,0.0,0.0,0.8,0.0,0.6,46.1,51.4,1.1
20121224023900,0.1,0.0,6.0,0.0,2.5,45.0,44.3,2.1
20121224024000,0.1,0.0,2.6,0.1,1.7,10.4,80.0,5.0
20121224024100,0.1,0.0,8.3,0.0,0.4,50.5,40.6,0.1
20121224024200,0.0,0.0,0.8,0.0,0.1,77.9,21.0,0.2
20121224024300,0.1,0.0,1.6,0.4,1.2,7.6,88.6,0.5
20121224024400,0.0,0.0,25.7,0.0,0.7,60.8,12.7,0.1
20121224024500,0.1,0.0,5.8,0.0,3.5,57.5,32.9,0.1
20121224024600,0.1,0.0,1.6,0.0,0.8,72.3,24.7,0.5
20121224024700,0.1,0.0,10.3,0.0,1.7,60.6,26.8,0.5
20121224024800,0.1,0.0,4.7,0.0,1.0,11.3,82.7,0.2
20121224024900,0.0,0.0,1.1,0.0,0.2,66.0,32.5,0.2
20121224025000,0.0,0.0,0.9,0.0,0.6,40.5,57.1,0.8
20121224025100,0.0,0.0,0.4,0.1,0.2,7.4,91.4,0.5
20121224025200,0.0,0.0,1.1,0.0,1.4,46.2,51.0,0.3
20121224025300,0.0,0.0,1.3,0.0,0.3,26.2,71.9,0.3
20121224025400,0.0,0.0,2.1,0.0,0.1,8.9,88.8,0.1
20121224025500,0.0,0.0,1.9,0.0,0.1,70.0,28.0,0.0
20121224025600,0.1,0.0,0.9,0.0,0.5,50.9,47.6,0.0
20121224025700,0.0,0.0,4.8,0.0,0.1,81.3,13.8,0.0
20121224025800,0.0,0.0,2.6,0.0,0.1,32.8,64.5,0.0
20121224025900,0.0,0.0,0.3,0.0,0.4,23.8,75.3,0.1
20121224030000,0.0,0.0,0.5,0.0,0.4,71.6,27.3,0.2
