UT,arc,discrete,diffuse,ac,ab,clear,cloudy,dd
20121002174700,0.0,0.0,0.0,0.0,0.0,0.0,0.0,100.0
20121002174800,0.0,0.0,0.0,0.0,0.0,0.0,0.0,100.0
20121002174900,0.0,0.0,0.0,0.0,0.0,0.0,0.0,100.0
20121002175000,0.0,0.0,0.0,0.0,0.0,0.0,0.0,100.0
20121002175100,0.0,0.0,0.0,0.0,0.0,0.0,0.0,100.0
20121002175200,0.0,0.0,0.0,0.0,0.0,0.0,0.0,100.0
20121002175300,0.0,0.0,0.0,0.0,0.0,0.0,0.0,100.0
20121002175400,0.0,0.0,0.0,0.0,0.0,0.0,0.0,100.0
20121002175500,0.0,0.0,0.0,0.0,0.0,0.0,0.0,100.0
20121002175600,0.0,0.0,0.0,0.0,0.0,0.0,0.0,100.0
20121002175700,0.0,0.0,0.0,0.0,0.1,0.0,0.0,99.9
20121002175800,0.0,0.0,0.0,0.0,13.4,0.0,0.0,86.6
20121002175900,0.0,0.0,0.0,0.0,60.5,0.0,0.0,39.5
20121002180000,0.0,0.0,0.0,0.0,1.3,0.0,0.0,98.7
20121002180100,0.0,0.0,0.0,0.0,6.4,0.0,0.0,93.6
20121002180200,0.0,0.0,0.0,0.0,32.6,0.0,0.0,67.4
20121002180300,0.0,0.0,0.0,0.0,4.2,0.0,0.0,95.8
20121002180400,0.0,0.0,0.0,0.0,13.1,0.0,0.0,86.9
20121002180500,0.0,0.0,0.0,0.0,28.2,0.0,0.0,71.8
20121002180600,0.0,0.0,0.0,0.0,12.7,0.0,0.0,87.3
20121002180700,0.0,0.0,0.0,0.0,36.5,0.0,0.0,63.4
20121002180800,0.0,0.0,0.0,0.0,3.6,0.0,0.1,96.3
20121002180900,0.0,0.0,0.0,0.0,17.5,0.0,0.0,82.4
20121002181000,0.0,0.0,0.0,0.0,10.2,0.0,0.0,89.8
20121002181100,0.0,0.0,0.0,0.0,1.2,0.0,0.0,98.8
20121002181200,0.0,0.0,0.0,0.0,0.5,0.0,0.1,99.4
20121002181300,0.0,0.0,0.0,0.0,3.3,0.0,1.6,95.1
20121002181400,0.0,0.0,0.0,0.0,2.7,0.0,0.1,97.2
20121002181500,0.0,0.0,0.0,0.1,30.8,0.0,0.5,68.6
20121002181600,0.0,0.0,0.0,0.1,32.4,0.0,0.8,66.7
20121002181700,0.0,0.0,0.0,0.1,27.4,0.0,1.1,71.4
20121002181800,0.0,0.0,0.0,0.0,1.2,0.0,0.2,98.6
20121002181900,0.0,0.0,0.0,0.0,23.3,0.0,1.3,75.3
20121002182000,0.0,0.0,0.0,0.0,17.7,0.0,0.8,81.5
20121002182100,0.0,0.0,0.0,0.2,4.6,0.0,3.8,91.5
20121002182200,0.0,0.0,0.0,0.0,0.6,0.0,3.7,95.8
20121002182300,0.0,0.0,0.0,0.0,9.5,0.0,2.0,88.5
20121002182400,0.0,0.0,0.0,0.0,1.8,0.0,6.4,91.8
20121002182500,0.0,0.0,0.0,0.0,0.2,0.0,1.7,98.1
20121002182600,0.0,0.0,0.0,0.0,0.3,0.0,15.2,84.5
20121002182700,0.0,0.0,0.0,0.0,1.0,0.0,2.2,96.8
20121002182800,0.0,0.0,0.0,0.0,0.1,0.0,1.5,98.4
20121002182900,0.0,0.0,0.0,0.0,0.2,0.0,3.9,95.9
20121002183000,0.0,0.0,0.0,0.0,0.3,0.0,29.0,70.7
20121002183100,0.0,0.0,0.0,0.0,0.1,0.0,15.2,84.7
20121002183200,0.0,0.0,0.0,0.0,0.1,0.0,67.9,32.0
20121002183300,0.0,0.0,0.0,0.0,0.1,0.0,76.5,23.4
20121002183400,0.0,0.0,0.0,0.0,0.0,0.0,86.4,13.6
20121002183500,0.0,0.0,0.0,0.0,0.0,0.0,71.3,28.7
20121002183600,0.0,0.0,0.0,0.0,0.0,0.0,54.2,45.8
20121002183700,0.0,0.0,0.0,0.0,0.0,0.0,20.7,79.3
20121002183800,0.0,0.0,0.0,0.0,0.0,0.0,20.5,79.5
20121002183900,0.0,0.0,0.0,0.1,0.0,0.0,9.6,90.3
20121002184000,0.0,0.0,0.0,0.1,0.4,0.0,35.1,64.3
20121002184100,0.0,0.0,0.0,0.0,0.0,0.0,24.1,75.8
20121002184200,0.0,0.0,0.0,0.0,0.0,0.0,16.7,83.3
20121002184300,0.0,0.0,0.0,0.0,0.0,0.0,79.4,20.6
20121002184400,0.0,0.0,0.0,0.0,0.0,0.0,76.6,23.4
20121002184500,0.0,0.0,0.0,0.0,0.0,0.0,55.3,44.7
20121002184600,0.0,0.0,0.0,0.0,0.1,0.0,8.9,91.0
20121002184700,0.0,0.0,0.0,0.0,0.0,0.0,23.0,77.0
20121002184800,0.0,0.0,0.0,0.0,0.0,0.0,13.4,86.5
20121002184900,0.0,0.0,0.0,0.0,0.0,0.0,39.4,60.6
20121002185000,0.0,0.0,0.0,0.0,0.0,0.0,21.1,78.9
20121002185100,0.0,0.0,0.0,0.0,0.0,0.0,43.5,56.5
20121002185200,0.0,0.0,0.0,0.0,0.0,0.0,29.5,70.4
20121002185300,0.0,0.0,0.0,0.0,0.0,0.0,9.8,90.2
20121002185400,0.0,0.0,0.0,0.0,0.0,0.0,51.4,48.6
20121002185500,0.0,0.0,0.0,0.2,0.1,0.0,4.6,95.1
20121002185600,0.0,0.0,0.0,0.0,0.1,0.0,50.2,49.7
20121002185700,0.0,0.0,0.0,0.0,0.0,0.0,57.6,42.3
20121002185800,0.0,0.0,0.0,0.1,0.1,0.0,48.9,50.9
20121002185900,0.0,0.0,0.0,0.1,0.0,0.0,27.6,72.3
20121002190000,0.0,0.0,0.0,0.2,0.2,0.0,9.9,89.7
20121002190100,0.0,0.0,0.0,0.0,0.1,0.0,4.6,95.3
20121002190200,0.0,0.0,0.0,0.0,0.0,0.0,33.1,66.8
20121002190300,0.0,0.0,0.0,0.0,0.0,0.0,1.9,98.0
20121002190400,0.0,0.0,0.0,0.0,0.0,0.0,0.8,99.2
20121002190500,0.0,0.0,0.0,0.0,0.0,0.0,2.5,97.5
20121002190600,0.0,0.0,0.0,0.0,0.0,0.0,1.4,98.6
20121002190700,0.0,0.0,0.0,0.0,0.4,0.0,3.5,96.1
20121002190800,0.0,0.0,0.0,0.6,1.8,0.0,4.3,93.3
20121002190900,0.0,0.0,0.0,6.1,13.4,0.0,7.5,73.0
20121002191000,0.0,0.0,0.0,6.0,66.7,0.0,4.9,22.3
20121002191100,0.0,0.0,0.0,6.1,24.5,0.0,21.6,47.7
20121002191200,0.0,0.0,0.0,0.1,0.1,0.0,60.0,39.8
20121002191300,0.0,0.0,0.0,0.3,0.2,0.0,55.8,43.8
20121002191400,0.0,0.0,0.0,0.1,0.2,0.0,55.8,43.9
20121002191500,0.0,0.0,0.0,0.1,0.2,0.0,69.1,30.6
20121002191600,0.0,0.0,0.0,0.0,0.1,0.0,12.1,87.8
20121002191700,0.0,0.0,0.0,0.1,0.2,0.0,24.5,75.2
20121002191800,0.0,0.0,0.0,0.1,0.0,0.0,62.4,37.4
20121002191900,0.0,0.0,0.0,0.3,0.1,0.0,20.6,79.0
20121002192000,0.0,0.0,0.0,0.3,0.3,0.0,30.8,68.6
20121002192100,0.0,0.0,0.0,3.9,0.7,0.0,5.0,90.4
20121002192200,0.0,0.0,0.0,0.0,0.0,0.0,3.1,96.9
20121002192300,0.0,0.0,0.0,0.0,0.0,0.0,52.0,48.0
20121002192400,0.0,0.0,0.0,0.2,0.0,0.0,7.9,91.8
20121002192500,0.0,0.0,0.0,0.4,0.0,0.0,12.4,87.1
20121002192600,0.0,0.0,0.0,0.7,2.3,0.0,77.3,19.7
20121002192700,0.0,0.1,0.0,0.5,0.9,0.0,27.2,71.3
20121002192800,0.0,0.0,0.0,3.6,2.2,0.0,47.3,46.9
20121002192900,0.0,0.0,0.0,0.0,0.0,0.0,57.4,42.6
20121002193000,0.0,0.0,0.0,0.1,0.4,0.0,49.4,50.1
20121002193100,0.0,0.0,0.0,0.7,0.8,0.0,56.3,42.1
20121002193200,0.0,0.0,0.0,0.3,1.0,0.0,85.6,13.1
20121002193300,0.0,0.0,0.0,0.0,0.0,0.0,50.0,50.0
20121002193400,0.0,0.0,0.0,0.1,0.8,0.0,22.5,76.6
20121002193500,0.0,0.0,0.0,0.0,0.0,0.0,6.9,93.0
20121002193600,0.0,0.0,0.0,1.1,0.6,0.0,16.4,82.0
20121002193700,0.0,0.0,0.0,0.1,0.1,0.0,0.6,99.3
20121002193800,0.0,0.0,0.0,0.0,0.0,0.0,0.6,99.4
20121002193900,0.0,0.0,0.0,0.0,0.0,0.0,0.1,99.8
20121002194000,0.0,0.0,0.0,0.0,0.0,0.0,0.1,99.9
20121002194100,0.0,0.0,0.0,0.0,0.0,0.0,0.1,99.9
20121002194200,0.0,0.0,0.0,0.0,0.0,0.0,0.1,99.9
20121002194300,0.0,0.0,0.0,0.0,0.0,0.0,0.4,99.6
20121002194400,0.0,0.0,0.0,0.0,0.9,0.0,6.1,93.1
20121002194500,0.0,0.0,0.0,0.0,2.0,0.0,1.0,97.0
20121002194600,0.0,0.0,0.0,0.0,0.9,0.0,0.5,98.5
20121002194700,0.0,0.0,0.0,0.0,2.9,0.0,5.0,92.1
20121002194800,0.0,0.0,0.0,0.0,0.3,0.0,0.3,99.4
20121002194900,0.0,0.0,0.0,0.0,0.6,0.0,2.0,97.4
20121002195000,0.0,0.0,0.0,0.0,1.4,0.0,0.8,97.7
20121002195100,0.0,0.0,0.0,0.0,5.8,0.0,1.3,92.9
20121002195200,0.0,0.0,0.0,0.0,0.1,0.0,0.1,99.8
20121002195300,0.0,0.0,0.0,0.0,0.1,0.0,0.5,99.5
20121002195400,0.0,0.0,0.0,0.0,0.0,0.0,0.7,99.3
20121002195500,0.0,0.0,0.0,0.0,0.3,0.0,0.1,99.7
20121002195600,0.0,0.0,0.0,0.0,0.2,0.0,0.0,99.8
20121002195700,0.0,0.0,0.0,0.0,0.3,0.0,0.1,99.6
20121002195800,0.0,0.0,0.0,0.0,1.6,0.0,0.9,97.5
20121002195900,0.0,0.0,0.0,0.0,1.0,0.0,0.1,99.0
20121002200000,0.0,0.0,0.0,0.0,2.3,0.0,0.2,97.5
20121002200100,0.0,0.0,0.0,0.0,23.8,0.0,0.0,76.2
20121002200200,0.0,0.0,0.0,0.0,0.1,0.0,0.0,99.9
20121002200300,0.0,0.0,0.0,0.0,0.0,0.0,0.0,100.0
20121002200400,0.0,0.0,0.0,0.0,0.2,0.0,0.0,99.8
20121002200500,0.0,0.0,0.0,0.0,0.0,0.0,0.0,100.0
20121002200600,0.0,0.0,0.0,0.0,0.1,0.0,0.0,99.9
20121002200700,0.0,0.0,0.0,0.0,0.0,0.0,0.0,100.0
20121002200800,0.0,0.0,0.0,0.0,0.0,0.0,0.0,100.0
20121002200900,0.0,0.0,0.0,0.0,0.0,0.0,0.0,100.0
20121002201000,0.0,0.0,0.0,0.0,0.0,0.0,0.0,99.9
20121002201100,0.0,0.0,0.0,0.0,0.0,0.0,0.0,100.0
20121002201200,0.0,0.0,0.0,0.0,0.0,0.0,0.2,99.8
20121002201300,0.0,0.0,0.0,0.0,0.0,0.0,0.1,99.8
20121002201400,0.0,0.0,0.0,0.0,0.0,0.0,0.0,100.0
20121002201500,0.0,0.0,0.0,0.0,0.0,0.0,0.0,100.0
20121002201600,0.0,0.0,0.0,0.0,0.1,0.0,1.3,98.6
20121002201700,0.0,0.0,0.0,0.0,0.0,0.0,0.3,99.7
20121002201800,0.0,0.0,0.0,0.0,0.1,0.0,31.3,68.7
20121002201900,0.0,0.0,0.0,0.0,0.0,0.0,4.6,95.3
20121002202000,0.0,0.0,0.0,0.0,0.0,0.0,3.3,96.7
20121002202100,0.0,0.0,0.0,0.0,0.0,0.0,26.9,73.0
20121002202200,0.0,0.0,0.0,0.0,0.0,0.0,2.7,97.3
20121002202300,0.0,0.0,0.0,0.0,0.0,0.0,5.9,94.1
20121002202400,0.0,0.0,0.0,0.0,0.0,0.0,13.1,86.9
20121002202500,0.0,0.0,0.0,0.0,0.0,0.0,22.5,77.5
20121002202600,0.0,0.0,0.0,0.0,0.0,0.0,15.6,84.4
20121002202700,0.0,0.0,0.0,0.0,0.0,0.0,13.1,86.9
20121002202800,0.0,0.0,0.0,0.0,0.0,0.0,4.7,95.3
20121002202900,0.0,0.0,0.0,0.0,0.0,0.0,3.8,96.2
20121002203000,0.0,0.0,0.0,0.0,0.1,0.0,1.6,98.3
20121002203100,0.0,0.0,0.0,0.0,0.0,0.0,0.1,99.9
20121002203200,0.0,0.0,0.0,0.0,0.0,0.0,0.0,100.0
20121002203300,0.0,0.0,0.0,0.0,0.0,0.0,0.0,100.0
20121002203400,0.0,0.0,0.0,0.0,0.0,0.0,0.1,99.9
20121002203500,0.0,0.0,0.0,0.0,0.0,0.0,0.0,100.0
20121002203600,0.0,0.0,0.0,0.0,0.0,0.0,0.0,100.0
20121002203700,0.0,0.0,0.0,0.0,0.0,0.0,0.0,100.0
20121002203800,0.0,0.0,0.0,0.0,0.0,0.0,0.0,100.0
20121002203900,0.0,0.0,0.0,0.0,0.0,0.0,0.0,100.0
20121002204000,0.0,0.0,0.0,0.0,0.0,0.0,0.0,100.0
20121002204100,0.0,0.0,0.0,0.0,0.0,0.0,0.0,100.0
20121002204200,0.0,0.0,0.0,0.0,0.0,0.0,0.0,100.0
20121002204300,0.0,0.0,0.0,0.0,0.0,0.0,0.0,100.0
20121002204400,0.0,0.0,0.0,0.0,0.5,0.0,0.0,99.5
20121002204500,0.0,0.0,0.0,0.0,1.0,0.0,0.0,99.0
20121002204600,0.0,0.0,0.0,0.0,0.2,0.0,0.0,99.8
20121002204700,0.0,0.0,0.0,0.0,0.7,0.0,0.1,99.3
20121002204800,0.0,0.0,0.0,0.0,6.6,0.0,0.1,93.4
20121002204900,0.0,0.0,0.0,0.0,6.0,0.0,0.0,94.0
20121002205000,0.0,0.0,0.0,0.0,20.9,0.0,0.1,79.0
20121002205100,0.0,0.0,0.0,0.0,0.2,0.0,0.0,99.8
20121002205200,0.0,0.0,0.0,0.0,14.8,0.0,0.5,84.8
20121002205300,0.0,0.0,0.0,0.0,15.0,0.0,1.5,83.5
20121002205400,0.0,0.0,0.0,0.0,61.8,0.0,0.2,38.0
20121002205500,0.1,0.0,0.0,0.6,99.2,0.0,0.0,0.0
20121002205600,0.0,0.0,0.0,0.0,100.0,0.0,0.0,0.0
20121002205700,0.0,0.0,0.0,0.0,99.4,0.0,0.0,0.6
20121002205800,0.0,0.0,0.0,0.0,84.8,0.0,0.0,15.1
20121002205900,0.0,0.0,0.0,0.0,8.6,0.0,0.1,91.3
20121002210000,0.0,0.0,0.0,0.0,0.3,0.0,0.2,99.5
20121002210100,0.0,0.0,0.0,0.0,0.1,0.0,0.0,99.9
20121002210200,0.0,0.0,0.0,0.0,5.6,0.0,0.0,94.4
20121002210300,0.0,0.0,0.0,0.0,0.3,0.0,0.0,99.6
20121002210400,0.0,0.0,0.0,0.0,1.6,0.0,0.2,98.2
20121002210500,0.0,0.0,0.0,0.0,0.1,0.0,0.1,99.7
20121002210600,0.0,0.0,0.0,0.0,0.0,0.0,0.1,99.9
20121002210700,0.0,0.0,0.0,0.0,0.0,0.0,0.0,100.0
20121002210800,0.0,0.0,0.0,0.0,0.0,0.0,0.0,100.0
20121002210900,0.0,0.0,0.0,0.0,0.7,0.0,0.0,99.3
20121002211000,0.0,0.0,0.0,0.0,3.2,0.0,0.8,96.1
20121002211100,0.0,0.0,0.0,0.0,0.7,0.0,0.0,99.2
20121002211200,0.0,0.0,0.0,0.0,3.3,0.0,0.6,96.1
20121002211300,0.0,0.0,0.0,0.0,6.0,0.0,7.8,86.2
20121002211400,0.0,0.0,0.0,0.0,0.1,0.0,99.9,0.0
20121002211500,0.0,0.0,0.0,0.0,15.3,0.0,12.4,72.3
20121002211600,0.0,0.0,0.0,0.0,29.3,0.0,20.2,50.4
20121002211700,0.0,0.0,0.0,0.0,21.7,0.0,16.4,61.9
20121002211800,0.0,0.0,0.0,0.0,29.6,0.0,36.7,33.7
20121002211900,0.0,0.0,0.0,0.0,16.5,0.0,33.7,49.8
20121002212000,0.0,0.0,0.0,0.0,0.4,0.0,94.1,5.6
20121002212100,0.0,0.0,0.0,0.0,1.4,0.0,80.5,18.1
20121002212200,0.0,0.0,0.0,0.0,0.4,0.0,97.7,1.9
20121002212300,0.0,0.0,0.0,0.0,0.8,0.0,94.3,4.9
20121002212400,0.0,0.0,0.0,0.0,0.6,0.0,96.1,3.3
20121002212500,0.0,0.0,0.0,0.0,0.4,0.0,98.4,1.2
20121002212600,0.0,0.0,0.0,0.0,1.9,0.0,95.8,2.3
20121002212700,0.0,0.0,0.0,0.0,0.6,0.0,97.9,1.5
20121002212800,0.0,0.0,0.0,0.0,1.2,0.0,97.2,1.6
20121002212900,0.0,0.0,0.0,0.0,0.2,0.0,97.7,2.0
20121002213000,0.0,0.0,0.0,0.0,0.1,0.0,96.8,3.1
20121002213100,0.0,0.0,0.0,0.0,0.3,0.0,98.0,1.7
20121002213200,0.0,0.0,0.0,0.0,0.0,0.0,99.1,0.9
20121002213300,0.0,0.0,0.0,0.0,0.0,0.0,96.9,3.0
20121002213400,0.0,0.0,0.0,0.0,0.0,0.0,99.9,0.1
20121002213500,0.0,0.0,0.0,0.0,0.0,0.0,99.7,0.3
20121002213600,0.0,0.0,0.0,0.0,0.0,0.0,100.0,0.0
20121002213700,0.0,0.0,0.0,0.0,0.0,0.0,99.9,0.1
20121002213800,0.0,0.0,0.0,0.0,0.0,0.0,99.9,0.1
20121002213900,0.0,0.0,0.0,0.0,0.0,0.0,100.0,0.0
20121002214000,0.0,0.0,0.0,0.0,0.0,0.0,100.0,0.0
20121002214100,0.0,0.0,0.0,0.0,0.0,0.0,100.0,0.0
20121002214200,0.0,0.0,0.0,0.0,0.0,0.0,100.0,0.0
20121002214300,0.0,0.0,0.0,0.0,0.0,0.0,100.0,0.0
20121002214400,0.0,0.0,0.0,0.0,0.0,0.0,100.0,0.0
20121002214500,0.0,0.0,0.0,0.0,0.0,0.0,100.0,0.0
20121002214600,0.0,0.0,0.0,0.0,0.0,0.0,100.0,0.0
20121002214700,0.0,0.0,0.0,0.0,0.0,0.0,100.0,0.0
20121002214800,0.0,0.0,0.0,0.0,0.0,0.0,100.0,0.0
20121002214900,0.0,0.0,0.0,0.0,0.0,0.0,100.0,0.0
20121002215000,0.0,0.0,0.0,0.0,0.0,0.0,100.0,0.0
20121002215100,0.0,0.0,0.0,0.0,0.0,0.0,100.0,0.0
20121002215200,0.0,0.0,0.0,0.0,0.0,0.0,100.0,0.0
20121002215300,0.0,0.0,0.0,0.0,0.0,0.0,100.0,0.0
20121002215400,0.0,0.0,0.0,0.0,0.0,0.0,100.0,0.0
20121002215500,0.0,0.0,0.0,0.0,0.0,0.0,100.0,0.0
20121002215600,0.0,0.0,0.0,0.0,0.0,0.0,100.0,0.0
20121002215700,0.0,0.0,0.0,0.0,0.0,0.0,100.0,0.0
20121002215800,0.0,0.0,0.0,0.0,0.0,0.0,100.0,0.0
20121002215900,0.0,0.0,0.0,0.0,0.0,0.0,99.9,0.1
20121002220000,0.0,0.0,0.0,0.0,0.0,0.0,99.6,0.4
20121002220100,0.0,0.0,0.0,0.0,0.0,0.0,99.8,0.2
20121002220200,0.0,0.0,0.0,0.0,0.0,0.0,100.0,0.0
20121002220300,0.0,0.0,0.0,0.0,0.0,0.0,100.0,0.0
20121002220400,0.0,0.0,0.0,0.0,0.0,0.0,99.8,0.2
20121002220500,0.0,0.0,0.0,0.0,0.0,0.0,99.4,0.6
20121002220600,0.0,0.0,0.0,0.0,0.0,0.0,99.9,0.1
20121002220700,0.0,0.0,0.0,0.0,0.0,0.0,99.7,0.2
20121002220800,0.0,0.0,0.0,0.1,0.0,0.0,97.2,2.7
20121002220900,0.0,0.0,0.0,0.1,0.0,0.0,99.6,0.3
20121002221000,0.0,0.0,0.0,0.1,0.0,0.0,99.5,0.4
20121002221100,0.0,0.0,0.0,0.1,0.0,0.0,89.9,10.0
20121002221200,0.0,0.0,0.0,0.1,0.0,0.0,91.0,8.9
20121002221300,0.0,0.0,0.0,0.0,0.0,0.0,97.9,2.1
20121002221400,0.0,0.0,0.0,0.0,0.0,0.0,99.3,0.7
20121002221500,0.0,0.0,0.0,0.0,0.0,0.0,99.7,0.3
20121002221600,0.0,0.0,0.0,0.0,0.0,0.0,99.7,0.3
20121002221700,0.0,0.0,0.0,0.0,0.0,0.0,99.7,0.3
20121002221800,0.0,0.0,0.0,0.0,0.0,0.0,99.9,0.1
20121002221900,0.0,0.0,0.0,0.0,0.0,0.0,99.9,0.1
20121002222000,0.0,0.0,0.0,0.0,0.0,0.0,100.0,0.0
20121002222100,0.0,0.0,0.0,0.0,0.0,0.0,99.9,0.0
20121002222200,0.0,0.0,0.0,0.0,0.1,0.0,99.7,0.2
20121002222300,0.0,0.0,0.0,0.0,0.1,0.0,99.8,0.0
20121002222400,0.0,0.0,0.0,0.0,0.0,0.0,100.0,0.0
20121002222500,0.0,0.0,0.0,0.0,0.0,0.0,100.0,0.0
20121002222600,0.0,0.0,0.0,0.0,0.0,0.0,100.0,0.0
20121002222700,0.0,0.0,0.0,0.0,0.0,0.0,100.0,0.0
20121002222800,0.0,0.0,0.0,0.0,0.0,0.0,100.0,0.0
20121002222900,0.0,0.0,0.0,0.0,0.0,0.0,100.0,0.0
20121002223000,0.0,0.0,0.0,0.0,0.0,0.0,100.0,0.0
20121002223100,0.0,0.0,0.0,0.0,0.0,0.0,99.9,0.1
20121002223200,0.0,0.0,0.0,0.0,0.0,0.0,99.9,0.1
20121002223300,0.0,0.0,0.0,0.0,0.0,0.0,100.0,0.0
20121002223400,0.0,0.0,0.0,0.0,0.0,0.0,100.0,0.0
20121002223500,0.0,0.0,0.0,0.0,0.0,0.0,100.0,0.0
20121002223600,0.0,0.0,0.0,0.0,0.0,0.0,100.0,0.0
20121002223700,0.0,0.0,0.0,0.0,0.0,0.0,100.0,0.0
20121002223800,0.0,0.0,0.0,0.0,0.0,0.0,100.0,0.0
20121002223900,0.0,0.0,0.0,0.0,0.0,0.0,100.0,0.0
20121002224000,0.0,0.0,0.0,0.0,0.0,0.0,100.0,0.0
20121002224100,0.0,0.0,0.0,0.0,0.0,0.0,100.0,0.0
20121002224200,0.0,0.0,0.0,0.0,0.0,0.0,100.0,0.0
20121002224300,0.0,0.0,0.0,0.0,0.0,0.0,100.0,0.0
20121002224400,0.0,0.0,0.0,0.0,0.0,0.0,100.0,0.0
20121002224500,0.0,0.0,0.0,0.0,0.0,0.0,100.0,0.0
20121002224600,0.0,0.0,0.0,0.0,0.0,0.0,100.0,0.0
20121002224700,0.0,0.0,0.0,0.0,0.0,0.0,100.0,0.0
20121002224800,0.0,0.0,0.0,0.0,0.0,0.0,100.0,0.0
20121002224900,0.0,0.0,0.0,0.0,0.0,0.0,100.0,0.0
20121002225000,0.0,0.0,0.0,0.0,0.0,0.0,100.0,0.0
20121002225100,0.0,0.0,0.0,0.0,0.0,0.0,100.0,0.0
20121002225200,0.0,0.0,0.0,0.0,0.0,0.0,100.0,0.0
20121002225300,0.0,0.0,0.0,0.0,0.0,0.0,100.0,0.0
20121002225400,0.0,0.0,0.0,0.0,0.0,0.0,100.0,0.0
20121002225500,0.0,0.0,0.0,0.0,0.0,0.0,100.0,0.0
20121002225600,0.0,0.0,0.0,0.0,0.0,0.0,99.9,0.1
20121002225700,0.0,0.0,0.0,0.0,0.0,0.0,99.9,0.1
20121002225800,0.0,0.0,0.0,0.0,0.0,0.0,99.9,0.1
20121002225900,0.0,0.0,0.0,0.0,0.0,0.0,100.0,0.0
20121002230000,0.0,0.0,0.0,0.0,0.0,0.0,100.0,0.0
20121002230100,0.0,0.0,0.0,0.0,0.0,0.0,100.0,0.0
20121002230200,0.0,0.0,0.0,0.0,0.0,0.0,100.0,0.0
20121002230300,0.0,0.0,0.0,0.0,0.0,0.0,100.0,0.0
20121002230400,0.0,0.0,0.0,0.0,0.0,0.0,99.9,0.0
20121002230500,0.0,0.0,0.0,0.0,0.0,0.0,99.9,0.1
20121002230600,0.0,0.0,0.0,0.0,0.0,0.0,100.0,0.0
20121002230700,0.0,0.0,0.0,0.0,0.0,0.0,99.9,0.1
20121002230800,0.0,0.0,0.0,0.0,0.0,0.0,99.9,0.1
20121002230900,0.0,0.0,0.0,0.0,0.0,0.0,99.0,1.0
20121002231000,0.0,0.0,0.0,0.0,0.0,0.0,99.5,0.5
20121002231100,0.0,0.0,0.0,0.0,0.0,0.0,99.9,0.1
20121002231200,0.0,0.0,0.0,0.0,0.0,0.0,100.0,0.0
20121002231300,0.0,0.0,0.0,0.0,0.0,0.0,100.0,0.0
20121002231400,0.0,0.0,0.0,0.0,0.0,0.0,100.0,0.0
20121002231500,0.0,0.0,0.0,0.0,0.0,0.0,100.0,0.0
20121002231600,0.0,0.0,0.0,0.0,0.0,0.0,99.9,0.1
20121002231700,0.0,0.0,0.0,0.0,0.0,0.0,99.8,0.2
20121002231800,0.0,0.0,0.0,0.0,0.0,0.0,99.8,0.2
20121002231900,0.0,0.0,0.0,0.0,0.0,0.0,99.9,0.1
20121002232000,0.0,0.0,0.0,0.0,0.0,0.0,100.0,0.0
20121002232100,0.0,0.0,0.0,0.0,0.0,0.0,100.0,0.0
20121002232200,0.0,0.0,0.0,0.0,0.0,0.0,98.2,1.8
20121002232300,0.0,0.0,0.0,0.0,0.0,0.0,100.0,0.0
20121002232400,0.0,0.0,0.0,0.0,0.0,0.0,100.0,0.0
20121002232500,0.0,0.0,0.0,0.0,0.0,0.0,99.9,0.1
20121002232600,0.0,0.0,0.0,0.0,0.0,0.0,100.0,0.0
20121002232700,0.0,0.0,0.0,0.0,0.0,0.0,100.0,0.0
20121002232800,0.0,0.0,0.0,0.0,0.0,0.0,100.0,0.0
20121002232900,0.0,0.0,0.0,0.0,0.0,0.0,99.9,0.1
20121002233000,0.0,0.0,0.0,0.0,0.0,0.0,99.8,0.2
20121002233100,0.0,0.0,0.0,0.0,0.0,0.0,100.0,0.0
20121002233200,0.0,0.0,0.0,0.0,0.0,0.0,100.0,0.0
20121002233300,0.0,0.0,0.0,0.0,0.0,0.0,99.9,0.1
20121002233400,0.0,0.0,0.0,0.0,0.0,0.0,100.0,0.0
20121002233500,0.0,0.0,0.0,0.0,0.0,0.0,100.0,0.0
20121002233600,0.0,0.0,0.0,0.0,0.0,0.0,100.0,0.0
20121002233700,0.0,0.0,0.0,0.0,0.0,0.0,100.0,0.0
20121002233800,0.0,0.0,0.0,0.0,0.0,0.0,99.7,0.3
20121002233900,0.0,0.0,0.0,0.0,0.0,0.0,100.0,0.0
20121002234000,0.0,0.0,0.0,0.0,0.0,0.0,100.0,0.0
20121002234100,0.0,0.0,0.0,0.0,0.0,0.0,100.0,0.0
20121002234200,0.0,0.0,0.0,0.0,0.0,0.0,100.0,0.0
20121002234300,0.0,0.0,0.0,0.0,0.0,0.0,99.9,0.1
20121002234400,0.0,0.0,0.0,0.0,0.0,0.0,100.0,0.0
20121002234500,0.0,0.0,0.0,0.0,0.0,0.0,100.0,0.0
20121002234600,0.0,0.0,0.0,0.0,0.0,0.0,100.0,0.0
20121002234700,0.0,0.0,0.0,0.0,0.0,0.0,100.0,0.0
20121002234800,0.0,0.0,0.0,0.0,0.0,0.0,100.0,0.0
20121002234900,0.0,0.0,0.0,0.0,0.0,0.0,100.0,0.0
20121002235000,0.0,0.0,0.0,0.0,0.0,0.0,100.0,0.0
20121002235100,0.0,0.0,0.0,0.0,0.0,0.0,100.0,0.0
20121002235200,0.0,0.0,0.0,0.0,0.0,0.0,100.0,0.0
20121002235300,0.0,0.0,0.0,0.0,0.0,0.0,100.0,0.0
20121002235400,0.0,0.0,0.0,0.0,0.0,0.0,100.0,0.0
20121002235500,0.0,0.0,0.0,0.0,0.0,0.0,100.0,0.0
20121002235600,0.0,0.0,0.0,0.0,0.0,0.0,100.0,0.0
20121002235700,0.0,0.0,0.0,0.0,0.0,0.0,100.0,0.0
20121002235800,0.0,0.0,0.0,0.0,0.0,0.0,100.0,0.0
20121002235900,0.0,0.0,0.0,0.0,0.0,0.0,99.9,0.0
20121003000000,0.0,0.0,0.0,0.0,0.0,0.0,99.7,0.2
20121003000100,0.0,0.0,0.0,0.0,0.0,0.0,99.4,0.6
20121003000200,0.0,0.0,0.0,0.0,0.0,0.0,99.6,0.4
20121003000300,0.0,0.0,0.0,0.0,0.0,0.0,99.5,0.5
20121003000400,0.0,0.0,0.0,0.0,0.0,0.0,95.8,4.2
20121003000500,0.0,0.0,0.0,0.0,0.0,0.0,98.9,1.1
20121003000600,0.0,0.0,0.0,0.0,0.0,0.0,93.1,6.9
20121003000700,0.0,0.0,0.0,0.0,0.0,0.0,95.5,4.5
20121003000800,0.0,0.0,0.0,0.0,0.0,0.0,73.3,26.7
20121003000900,0.0,0.0,0.0,0.0,0.0,0.0,96.9,3.1
20121003001000,0.0,0.0,0.0,0.0,0.0,0.0,95.7,4.3
20121003001100,0.0,0.0,0.0,0.0,0.0,0.0,97.0,3.0
20121003001200,0.0,0.0,0.0,0.0,0.0,0.0,85.3,14.7
20121003001300,0.0,0.0,0.0,0.0,0.0,0.0,50.0,50.0
20121003001400,0.0,0.0,0.0,0.0,0.0,0.0,46.4,53.6
20121003001500,0.0,0.0,0.0,0.0,0.0,0.0,19.9,80.1
20121003001600,0.0,0.0,0.0,0.0,0.0,0.0,12.3,87.7
20121003001700,0.0,0.0,0.0,0.0,0.0,0.0,11.8,88.2
20121003001800,0.0,0.0,0.0,0.0,0.0,0.0,2.0,98.0
20121003001900,0.0,0.0,0.0,0.0,0.0,0.0,8.4,91.6
20121003002000,0.0,0.0,0.0,0.0,0.0,0.0,2.8,97.2
20121003002100,0.0,0.0,0.0,0.0,0.0,0.0,21.5,78.5
20121003002200,0.0,0.0,0.0,0.0,0.0,0.0,26.4,73.6
20121003002300,0.0,0.0,0.0,0.0,0.0,0.0,12.1,87.9
20121003002400,0.0,0.0,0.0,0.0,0.0,0.0,2.6,97.4
20121003002500,0.0,0.0,0.0,0.0,0.0,0.0,37.9,62.1
20121003002600,0.0,0.0,0.0,0.0,0.0,0.0,34.2,65.8
20121003002700,0.0,0.0,0.0,0.0,0.0,0.0,5.0,95.0
20121003002800,0.0,0.0,0.0,0.0,0.0,0.0,5.3,94.7
20121003002900,0.0,0.0,0.0,0.0,0.0,0.0,1.9,98.1
20121003003000,0.0,0.0,0.0,0.0,0.0,0.0,0.4,99.6
20121003003100,0.0,0.0,0.0,0.0,0.0,0.0,21.0,79.0
20121003003200,0.0,0.0,0.0,0.0,0.0,0.0,7.7,92.3
20121003003300,0.0,0.0,0.0,0.0,0.0,0.0,8.3,91.7
20121003003400,0.0,0.0,0.0,0.0,0.0,0.0,79.4,20.6
20121003003500,0.0,0.0,0.0,0.0,0.0,0.0,56.8,43.2
20121003003600,0.0,0.0,0.0,0.0,0.0,0.0,9.3,90.7
20121003003700,0.0,0.0,0.0,0.0,0.0,0.0,77.7,22.3
20121003003800,0.0,0.0,0.0,0.0,0.1,0.0,88.2,11.7
20121003003900,0.0,0.0,0.0,0.0,0.0,0.0,29.9,70.1
20121003004000,0.0,0.0,0.0,0.0,0.2,0.0,16.2,83.7
20121003004100,0.0,0.0,0.0,0.0,3.7,0.0,79.8,16.5
20121003004200,0.0,0.0,0.0,0.0,0.0,0.0,97.7,2.2
20121003004300,0.0,0.0,0.0,0.0,0.2,0.0,91.0,8.9
20121003004400,0.0,0.0,0.0,0.0,0.0,0.0,95.2,4.8
20121003004500,0.0,0.0,0.0,0.0,0.0,0.0,98.6,1.4
20121003004600,0.0,0.0,0.0,0.0,0.0,0.0,99.9,0.1
20121003004700,0.0,0.0,0.0,0.0,0.0,0.0,99.5,0.4
20121003004800,0.0,0.0,0.0,0.0,0.1,0.0,99.0,0.9
20121003004900,0.0,0.0,0.0,0.0,0.0,0.0,99.8,0.2
20121003005000,0.0,0.0,0.0,0.0,0.0,0.0,99.8,0.2
20121003005100,0.0,0.1,0.0,0.1,1.8,0.0,97.1,0.9
20121003005200,0.0,2.6,0.0,20.1,18.7,0.0,38.4,20.2
20121003005300,0.0,0.3,0.0,49.1,49.4,0.0,0.9,0.3
20121003005400,0.0,0.1,0.0,1.6,4.0,0.0,90.7,3.6
20121003005500,0.0,0.3,0.0,63.3,17.5,0.0,18.5,0.4
20121003005600,0.0,0.0,0.0,0.2,0.4,0.0,99.0,0.4
20121003005700,0.0,0.3,0.0,11.8,0.6,0.0,85.9,1.3
20121003005800,0.0,0.0,0.0,0.0,0.0,0.0,98.4,1.6
20121003005900,0.0,0.0,0.0,0.0,0.0,0.0,99.1,0.9
20121003010000,0.0,0.0,0.0,0.0,0.0,0.0,99.9,0.1
20121003010100,0.0,0.0,0.0,0.0,0.0,0.0,100.0,0.0
20121003010200,0.0,0.0,0.0,0.0,0.0,0.0,100.0,0.0
20121003010300,0.0,0.0,0.0,0.0,0.0,0.0,100.0,0.0
20121003010400,0.0,0.0,0.0,0.0,0.0,0.0,100.0,0.0
20121003010500,0.0,0.0,0.0,0.0,0.0,0.0,100.0,0.0
20121003010600,0.0,0.0,0.0,0.0,0.0,0.0,100.0,0.0
20121003010700,0.0,0.0,0.0,0.0,0.0,0.0,100.0,0.0
20121003010800,0.0,0.0,0.0,0.0,0.0,0.0,100.0,0.0
20121003010900,0.0,0.0,0.0,0.0,0.0,0.0,100.0,0.0
20121003011000,0.0,0.0,0.0,0.0,0.0,0.0,100.0,0.0
20121003011100,0.0,0.0,0.0,0.0,0.0,0.0,100.0,0.0
20121003011200,0.0,0.0,0.0,0.0,0.0,0.0,100.0,0.0
20121003011300,0.0,0.0,0.0,0.0,0.1,0.0,99.9,0.1
20121003011400,0.0,0.0,0.0,0.0,0.0,0.0,100.0,0.0
20121003011500,0.0,0.0,0.0,0.0,0.0,0.0,99.9,0.1
20121003011600,0.0,0.0,0.0,0.1,0.8,0.0,98.8,0.3
20121003011700,0.0,0.1,0.0,10.4,64.9,0.0,23.2,1.4
20121003011800,0.0,0.0,0.0,2.6,94.5,0.0,2.6,0.2
20121003011900,0.0,0.0,0.0,0.7,10.9,0.0,87.1,1.3
20121003012000,0.0,0.0,0.0,1.1,51.4,0.0,40.6,6.9
20121003012100,0.0,0.0,0.0,0.0,20.5,0.0,78.1,1.3
20121003012200,0.0,0.0,0.0,0.0,92.6,0.0,4.5,2.9
20121003012300,0.0,0.0,0.0,0.1,30.4,0.0,20.0,49.5
20121003012400,0.0,0.0,0.0,0.2,49.8,0.0,32.4,17.7
20121003012500,0.0,0.0,0.0,0.0,12.4,0.0,14.7,72.9
20121003012600,0.0,0.0,0.0,0.0,0.4,0.0,21.0,78.6
20121003012700,0.0,0.0,0.0,0.0,3.0,0.0,43.9,53.1
20121003012800,0.0,0.0,0.0,0.0,0.6,0.0,97.5,1.9
20121003012900,0.0,0.0,0.0,0.0,2.8,0.0,42.1,55.0
20121003013000,0.0,0.0,0.0,0.1,5.3,0.0,27.6,66.9
20121003013100,0.0,0.0,0.0,0.0,0.3,0.0,38.9,60.8
20121003013200,0.0,0.0,0.0,0.0,2.6,0.0,71.5,25.9
20121003013300,0.0,0.0,0.0,0.8,36.2,0.0,25.3,37.7
20121003013400,0.0,0.0,0.0,0.2,3.3,0.0,31.3,65.1
20121003013500,0.0,0.0,0.0,0.1,6.1,0.0,70.5,23.3
20121003013600,0.0,0.0,0.0,0.0,0.1,0.0,98.8,1.0
20121003013700,0.0,0.0,0.0,0.0,1.4,0.0,95.5,3.1
20121003013800,0.0,0.0,0.0,0.0,0.3,0.0,80.2,19.5
20121003013900,0.0,0.0,0.0,0.0,0.0,0.0,98.9,1.1
20121003014000,0.0,0.0,0.0,0.0,0.1,0.0,98.9,1.1
20121003014100,0.0,0.0,0.0,0.0,0.4,0.0,30.3,69.3
20121003014200,0.0,0.0,0.0,0.0,3.0,0.0,47.4,49.5
20121003014300,0.0,0.0,0.0,0.1,6.6,0.0,1.0,92.3
20121003014400,0.0,0.0,0.0,1.5,18.3,0.0,21.2,59.1
20121003014500,0.0,0.0,0.0,0.0,0.7,0.0,12.1,87.2
20121003014600,0.0,0.0,0.0,0.0,0.0,0.0,85.7,14.3
20121003014700,0.0,0.0,0.0,0.0,0.0,0.0,98.2,1.8
20121003014800,0.0,0.0,0.0,0.0,0.0,0.0,89.1,10.9
20121003014900,0.0,0.0,0.0,0.0,0.0,0.0,99.8,0.2
20121003015000,0.0,0.0,0.0,0.0,0.0,0.0,99.5,0.5
20121003015100,0.0,0.0,0.0,0.0,0.0,0.0,97.1,2.8
20121003015200,0.0,0.0,0.0,0.4,0.4,0.0,81.5,17.8
20121003015300,0.0,0.0,0.0,0.0,0.1,0.0,99.8,0.1
20121003015400,0.0,0.0,0.0,0.0,0.1,0.0,98.7,1.2
20121003015500,0.0,0.0,0.0,0.0,0.0,0.0,99.6,0.4
20121003015600,0.0,0.0,0.0,0.0,0.0,0.0,99.9,0.1
20121003015700,0.0,0.0,0.0,0.0,0.0,0.0,100.0,0.0
20121003015800,0.0,0.0,0.0,0.0,0.0,0.0,100.0,0.0
20121003015900,0.0,0.0,0.0,0.0,0.0,0.0,99.6,0.4
20121003020000,0.0,0.0,0.0,0.0,0.0,0.0,99.8,0.2
20121003020100,0.0,0.0,0.0,0.0,0.0,0.0,97.7,2.3
20121003020200,0.0,0.0,0.0,0.0,0.0,0.0,94.0,6.0
20121003020300,0.0,0.0,0.0,0.0,0.0,0.0,97.3,2.7
20121003020400,0.0,0.0,0.0,0.0,0.0,0.0,97.8,2.2
20121003020500,0.0,0.0,0.0,0.0,0.0,0.0,71.2,28.7
20121003020600,0.0,0.0,0.0,0.0,0.0,0.0,99.3,0.7
20121003020700,0.0,0.0,0.0,0.0,0.0,0.0,99.4,0.6
20121003020800,0.0,0.0,0.0,0.0,0.0,0.0,26.1,73.9
20121003020900,0.0,0.0,0.0,0.0,0.0,0.0,43.1,56.9
20121003021000,0.0,0.0,0.0,0.0,0.0,0.0,18.0,82.0
20121003021100,0.0,0.0,0.0,0.0,0.0,0.0,71.0,29.0
20121003021200,0.0,0.0,0.0,0.0,0.0,0.0,97.1,2.9
20121003021300,0.0,0.0,0.0,0.0,0.0,0.0,78.6,21.4
20121003021400,0.0,0.0,0.0,0.0,0.0,0.0,81.8,18.2
20121003021500,0.0,0.0,0.0,0.0,0.0,0.0,64.5,35.4
20121003021600,0.0,0.0,0.0,0.0,0.0,0.0,83.0,17.0
20121003021700,0.0,0.0,0.0,0.0,0.0,0.0,92.6,7.4
20121003021800,0.0,0.0,0.0,0.0,0.1,0.0,32.5,67.4
20121003021900,0.0,0.0,0.0,0.0,0.0,0.0,50.9,49.1
20121003022000,0.0,0.0,0.0,0.0,0.0,0.0,99.4,0.6
20121003022100,0.0,0.0,0.0,0.0,0.0,0.0,88.7,11.3
20121003022200,0.0,0.0,0.0,0.0,0.0,0.0,77.8,22.2
20121003022300,0.0,0.0,0.0,0.0,0.0,0.0,96.1,3.9
20121003022400,0.0,0.0,0.0,0.0,0.0,0.0,99.3,0.7
20121003022500,0.0,0.0,0.0,0.0,0.2,0.0,85.3,14.5
20121003022600,0.0,0.0,0.0,0.0,0.0,0.0,97.8,2.2
20121003022700,0.0,0.0,0.0,0.0,0.0,0.0,98.8,1.2
20121003022800,0.0,0.0,0.0,0.0,1.1,0.0,49.2,49.7
20121003022900,0.0,0.0,0.0,0.0,0.9,0.0,90.3,8.9
20121003023000,0.0,0.0,0.0,0.0,0.0,0.0,66.5,33.4
20121003023100,0.0,0.0,0.0,0.0,0.1,0.0,93.1,6.8
20121003023200,0.0,0.0,0.0,0.0,0.1,0.0,93.9,6.0
20121003023300,0.0,0.0,0.0,0.0,0.6,0.0,49.6,49.8
20121003023400,0.0,0.0,0.0,0.1,23.3,0.0,42.4,34.2
20121003023500,0.0,0.0,0.0,0.0,33.1,0.0,53.0,13.9
20121003023600,0.0,0.0,0.0,0.0,4.6,0.0,4.1,91.3
20121003023700,0.0,0.0,0.0,0.0,0.3,0.0,13.3,86.3
20121003023800,0.0,0.0,0.0,0.0,2.3,0.0,0.0,97.7
20121003023900,0.0,0.0,0.0,0.0,0.0,0.0,0.0,99.9
20121003024000,0.0,0.0,0.0,0.0,0.0,0.0,2.2,97.8
20121003024100,0.0,0.0,0.0,0.0,0.0,0.0,0.2,99.8
20121003024200,0.0,0.0,0.0,0.0,0.0,0.0,0.6,99.4
20121003024300,0.0,0.0,0.0,0.0,0.0,0.0,3.1,96.9
20121003024400,0.0,0.0,0.0,0.0,0.0,0.0,6.1,93.8
20121003024500,0.0,0.0,0.0,0.0,0.0,0.0,5.8,94.2
20121003024600,0.0,0.0,0.0,0.0,0.5,0.0,18.4,81.1
20121003024700,0.0,0.0,0.0,0.0,0.0,0.0,4.1,95.9
20121003024800,0.0,0.0,0.0,0.0,0.1,0.0,0.9,99.1
20121003024900,0.0,0.0,0.0,0.0,0.8,0.0,1.7,97.5
20121003025000,0.0,0.0,0.0,0.0,8.8,0.0,15.8,75.4
20121003025100,0.0,0.0,0.0,0.0,0.4,0.0,6.6,93.0
20121003025200,0.0,0.0,0.0,0.0,0.2,0.0,17.6,82.2
20121003025300,0.0,0.0,0.0,0.0,0.6,0.0,3.2,96.2
20121003025400,0.0,0.0,0.0,0.0,1.6,0.0,1.9,96.4
20121003025500,0.0,0.0,0.0,0.0,0.0,0.0,0.7,99.3
20121003025600,0.0,0.0,0.0,0.0,0.1,0.0,2.1,97.8
20121003025700,0.0,0.0,0.0,0.0,0.2,0.0,6.8,93.0
20121003025800,0.0,0.0,0.0,0.0,0.0,0.0,0.1,99.9
20121003025900,0.0,0.0,0.0,0.0,0.0,0.0,64.3,35.6
20121003030000,0.0,0.0,0.0,0.0,0.0,0.0,1.1,98.9
20121003030100,0.0,0.0,0.0,0.0,0.0,0.0,22.1,77.8
20121003030200,0.0,0.0,0.0,0.0,0.0,0.0,0.4,99.6
20121003030300,0.0,0.0,0.0,0.0,0.0,0.0,0.3,99.7
20121003030400,0.0,0.0,0.0,0.0,0.0,0.0,0.1,99.9
20121003030500,0.0,0.0,0.0,0.0,0.0,0.0,0.0,100.0
20121003030600,0.0,0.0,0.0,0.0,0.0,0.0,0.0,100.0
20121003030700,0.0,0.0,0.0,0.0,0.0,0.0,0.0,100.0
20121003030800,0.0,0.0,0.0,0.0,0.0,0.0,0.0,100.0
20121003030900,0.0,0.0,0.0,0.0,0.0,0.0,0.0,100.0
20121003031000,0.0,0.0,0.0,0.0,0.0,0.0,0.5,99.5
20121003031100,0.0,0.0,0.0,0.0,0.0,0.0,0.0,100.0
20121003031200,0.0,0.0,0.0,0.0,0.0,0.0,0.0,100.0
20121003031300,0.0,0.0,0.0,0.0,0.0,0.0,0.0,100.0
20121003031400,0.0,0.0,0.0,0.0,0.0,0.0,0.1,99.9
20121003031500,0.0,0.0,0.0,0.0,0.0,0.0,0.0,100.0
20121003031600,0.0,0.0,0.0,0.0,0.0,0.0,0.1,99.9
20121003031700,0.0,0.0,0.0,0.0,0.0,0.0,0.0,100.0
20121003031800,0.0,0.0,0.0,0.0,0.0,0.0,0.0,100.0
20121003031900,0.0,0.0,0.0,0.0,0.0,0.0,0.0,100.0
