UT,arc,discrete,diffuse,ac,ab,clear,cloudy,dd
20120930175600,0.0,0.0,0.0,0.0,0.0,0.0,0.0,100.0
20120930175700,0.0,0.0,0.0,0.0,0.0,0.0,0.0,100.0
20120930175800,0.0,0.0,0.0,0.0,0.0,0.0,0.0,100.0
20120930175900,0.0,0.0,0.0,0.0,0.0,0.0,0.0,100.0
20120930180000,0.0,0.0,0.0,0.0,0.0,0.0,0.0,100.0
20120930180100,0.0,0.0,0.0,0.0,0.0,0.0,0.2,99.8
20120930180200,0.0,0.0,0.0,0.0,0.0,0.0,0.1,99.9
20120930180300,0.0,0.0,0.0,0.1,0.0,0.0,0.5,99.4
20120930180400,0.0,0.0,0.0,0.4,0.0,0.0,1.2,98.4
20120930180500,0.0,0.0,0.0,0.9,0.0,0.0,5.8,93.2
20120930180600,0.0,0.0,0.0,0.2,0.0,0.0,16.2,83.6
20120930180700,0.0,0.0,0.0,0.9,0.0,0.0,12.2,86.9
20120930180800,0.0,0.0,0.0,4.9,0.0,0.0,58.9,36.2
20120930180900,0.0,0.0,0.0,84.2,0.0,0.0,12.7,3.1
20120930181000,0.0,0.0,0.0,31.4,0.0,0.0,28.3,40.3
20120930181100,0.0,0.0,0.0,46.8,0.0,0.0,46.0,7.3
20120930181200,0.0,0.0,0.0,62.5,0.0,0.0,35.5,2.0
20120930181300,0.0,0.0,0.0,72.9,0.0,0.0,26.9,0.3
20120930181400,0.0,0.0,0.0,31.4,0.0,0.0,68.6,0.1
20120930181500,0.0,0.0,0.0,7.4,0.0,0.0,92.3,0.3
20120930181600,0.0,0.0,0.1,28.5,0.0,0.0,71.3,0.1
20120930181700,0.0,0.0,0.0,34.2,0.0,0.0,65.8,0.0
20120930181800,0.0,0.0,0.0,83.5,0.0,0.0,16.5,0.0
20120930181900,0.0,0.0,0.0,22.5,0.0,0.0,77.4,0.0
20120930182000,0.0,0.0,0.1,79.0,0.0,0.0,21.0,0.0
20120930182100,0.0,0.0,0.1,94.9,0.0,0.0,4.9,0.0
20120930182200,0.0,0.0,0.0,52.8,0.0,0.0,47.1,0.1
20120930182300,0.0,0.0,0.2,69.6,0.0,0.0,29.8,0.3
20120930182400,0.0,0.0,0.8,97.4,0.0,0.0,1.3,0.5
20120930182500,0.0,0.0,0.1,99.4,0.1,0.0,0.4,0.0
20120930182600,0.0,0.0,0.0,99.3,0.0,0.0,0.6,0.0
20120930182700,0.0,0.0,0.4,98.2,0.0,0.0,1.3,0.0
20120930182800,0.0,0.0,0.0,39.8,0.0,0.0,60.0,0.2
20120930182900,0.0,0.0,0.2,78.8,0.0,0.0,20.9,0.0
20120930183000,0.0,0.0,0.6,75.6,0.0,0.0,23.2,0.5
20120930183100,0.0,0.0,0.9,57.3,0.0,0.0,41.7,0.1
20120930183200,0.0,0.0,0.1,63.4,0.0,0.0,36.4,0.1
20120930183300,0.0,0.0,0.0,33.2,0.0,0.0,66.8,0.0
20120930183400,0.0,0.0,0.0,28.5,0.0,0.0,71.4,0.1
20120930183500,0.0,0.0,0.4,75.4,0.0,0.0,24.0,0.1
20120930183600,0.0,0.0,0.1,24.5,0.0,0.0,75.4,0.0
20120930183700,0.0,0.0,0.0,24.5,0.0,0.0,75.5,0.0
20120930183800,0.0,0.0,0.1,75.1,0.0,0.0,24.7,0.1
20120930183900,0.0,0.0,0.1,65.3,0.0,0.0,34.5,0.1
20120930184000,0.0,0.0,0.0,16.7,0.0,0.0,83.1,0.2
20120930184100,0.0,0.0,0.0,43.2,0.0,0.0,56.6,0.2
20120930184200,0.0,0.0,0.0,12.3,0.0,0.0,87.6,0.0
20120930184300,0.0,0.0,0.0,12.9,0.0,0.0,87.1,0.0
20120930184400,0.0,0.0,0.0,18.1,0.0,0.0,81.9,0.0
20120930184500,0.0,0.0,0.0,25.2,0.0,0.0,74.7,0.1
20120930184600,0.0,0.0,0.0,8.8,0.0,0.0,91.2,0.0
20120930184700,0.0,0.0,0.1,9.7,0.0,0.0,89.9,0.3
20120930184800,0.0,0.0,0.1,30.9,0.0,0.0,68.9,0.1
20120930184900,0.0,0.0,0.3,68.2,0.0,0.0,31.5,0.0
20120930185000,0.0,0.0,0.2,34.7,0.0,0.0,65.0,0.1
20120930185100,0.0,0.0,0.0,2.9,0.0,0.0,97.1,0.0
20120930185200,0.0,0.0,0.1,50.1,0.0,0.0,49.6,0.2
20120930185300,0.0,0.0,0.1,61.0,0.0,0.0,38.7,0.2
20120930185400,0.0,0.0,0.1,36.0,0.0,0.0,63.6,0.4
20120930185500,0.0,0.0,0.1,69.3,0.0,0.0,30.3,0.2
20120930185600,0.0,0.0,0.0,5.2,0.0,0.0,94.7,0.0
20120930185700,0.0,0.0,0.1,30.8,0.0,0.0,68.7,0.3
20120930185800,0.0,0.0,0.0,1.6,0.0,0.0,98.4,0.0
20120930185900,0.0,0.0,0.0,7.5,0.0,0.0,92.4,0.0
20120930190000,0.0,0.0,0.2,9.6,0.0,0.0,90.2,0.0
20120930190100,0.0,0.0,0.2,19.8,0.0,0.0,79.9,0.0
20120930190200,0.0,0.0,0.0,14.3,0.0,0.0,85.5,0.1
20120930190300,0.0,0.0,0.0,24.4,0.0,0.0,75.5,0.1
20120930190400,0.0,0.0,0.0,11.4,0.0,0.0,88.5,0.1
20120930190500,0.0,0.0,0.0,3.5,0.0,0.0,96.4,0.1
20120930190600,0.0,0.0,0.3,57.4,0.1,0.0,41.1,1.1
20120930190700,0.0,0.0,0.6,46.3,0.1,0.0,52.5,0.6
20120930190800,0.0,0.0,0.3,63.2,0.0,0.0,36.3,0.2
20120930190900,0.0,0.0,0.3,42.3,0.0,0.0,57.3,0.1
20120930191000,0.0,0.0,0.2,61.0,0.1,0.0,38.4,0.3
20120930191100,0.0,0.0,0.0,96.1,0.0,0.0,3.9,0.0
20120930191200,0.0,0.0,0.0,99.8,0.0,0.0,0.2,0.0
20120930191300,0.0,0.0,0.0,51.7,0.0,0.0,48.2,0.1
20120930191400,0.0,0.0,0.0,1.1,0.0,0.0,98.9,0.0
20120930191500,0.0,0.0,0.0,3.1,0.0,0.0,96.8,0.0
20120930191600,0.0,0.0,0.0,7.7,0.0,0.0,92.2,0.1
20120930191700,0.0,0.0,0.2,37.1,0.0,0.0,57.1,5.6
20120930191800,0.0,0.0,0.1,93.6,0.1,0.0,5.4,0.7
20120930191900,0.0,0.0,0.1,10.8,0.0,0.0,88.9,0.2
20120930192000,0.0,0.0,0.0,7.0,0.2,0.1,88.2,4.5
20120930192100,0.0,0.0,0.0,12.1,0.0,0.0,86.7,1.2
20120930192200,0.0,0.0,0.0,16.1,0.0,0.0,83.5,0.4
20120930192300,0.0,0.0,0.2,31.5,0.1,0.0,67.3,0.8
20120930192400,0.0,0.0,0.1,97.2,0.1,0.0,2.2,0.4
20120930192500,0.0,0.0,0.1,98.0,0.1,0.0,0.6,1.1
20120930192600,0.0,0.0,0.3,99.1,0.1,0.0,0.2,0.3
20120930192700,0.0,0.0,0.0,100.0,0.0,0.0,0.0,0.0
20120930192800,0.0,0.0,0.1,99.8,0.1,0.0,0.0,0.0
20120930192900,0.0,0.0,0.1,99.1,0.4,0.0,0.1,0.3
20120930193000,0.0,0.0,0.0,100.0,0.0,0.0,0.0,0.0
20120930193100,0.0,0.0,0.0,99.9,0.0,0.0,0.0,0.0
20120930193200,0.0,0.0,0.0,97.7,0.0,0.0,2.2,0.1
20120930193300,0.0,0.0,0.0,81.0,0.0,0.0,18.9,0.1
20120930193400,0.0,0.0,0.0,7.2,0.0,0.0,92.6,0.2
20120930193500,0.0,0.0,0.0,1.3,0.0,0.0,98.7,0.0
20120930193600,0.0,0.0,0.0,0.2,0.0,0.0,99.8,0.0
20120930193700,0.0,0.0,0.0,0.1,0.0,0.0,99.9,0.0
20120930193800,0.0,0.0,0.0,0.1,0.0,0.0,99.9,0.0
20120930193900,0.0,0.0,0.0,0.1,0.0,0.0,99.9,0.0
20120930194000,0.0,0.0,0.0,0.0,0.0,0.0,100.0,0.0
20120930194100,0.0,0.0,0.0,0.3,0.0,0.0,99.6,0.0
20120930194200,0.0,0.0,0.0,0.6,0.0,0.0,99.4,0.0
20120930194300,0.0,0.0,0.1,1.2,0.0,0.0,98.5,0.3
20120930194400,0.0,0.0,0.0,2.6,0.0,0.0,97.3,0.0
20120930194500,0.0,0.0,0.7,56.9,0.1,0.0,42.1,0.3
20120930194600,0.0,0.0,0.2,45.4,0.0,0.0,54.4,0.1
20120930194700,0.0,0.0,0.1,16.9,0.0,0.0,83.0,0.0
20120930194800,0.0,0.0,0.1,35.6,0.8,0.0,60.2,3.3
20120930194900,0.0,0.0,0.1,17.2,1.0,0.0,79.7,2.1
20120930195000,0.0,0.0,0.0,32.2,0.5,0.0,61.0,6.1
20120930195100,0.0,0.0,0.0,27.3,0.3,0.0,69.5,2.7
20120930195200,0.0,0.0,0.0,7.1,0.1,0.0,91.4,1.4
20120930195300,0.0,0.0,0.0,3.3,0.0,0.0,95.9,0.8
20120930195400,0.0,0.0,0.0,12.3,0.0,0.0,86.9,0.7
20120930195500,0.0,0.0,0.1,47.5,0.1,0.0,51.9,0.4
20120930195600,0.0,0.0,0.0,55.2,0.0,0.0,44.1,0.7
20120930195700,0.0,0.0,0.1,14.5,0.0,0.0,85.2,0.2
20120930195800,0.0,0.0,0.0,100.0,0.0,0.0,0.0,0.0
20120930195900,0.0,0.0,0.0,100.0,0.0,0.0,0.0,0.0
20120930200000,0.0,0.0,0.0,100.0,0.0,0.0,0.0,0.0
20120930200100,0.0,0.0,0.0,99.9,0.1,0.0,0.0,0.0
20120930200200,0.0,0.0,0.3,83.9,2.2,0.0,9.4,4.2
20120930200300,0.0,0.0,0.2,3.9,0.9,0.0,94.5,0.5
20120930200400,0.0,0.0,0.5,0.7,1.1,0.0,97.5,0.1
20120930200500,0.0,0.0,0.0,3.5,0.2,0.0,95.7,0.5
20120930200600,0.0,0.0,0.0,1.5,0.0,0.0,98.4,0.1
20120930200700,0.0,0.0,0.1,5.5,0.4,0.0,93.8,0.1
20120930200800,0.0,0.0,0.2,4.3,0.8,0.0,94.0,0.5
20120930200900,0.0,0.0,0.7,41.5,1.0,0.1,56.3,0.3
20120930201000,0.1,0.0,1.2,30.6,0.7,0.0,66.7,0.7
20120930201100,0.1,0.0,2.2,56.2,0.7,0.2,40.2,0.3
20120930201200,0.0,0.0,0.3,39.3,0.4,0.0,59.8,0.2
20120930201300,0.0,0.0,1.7,14.6,1.6,0.0,81.0,1.1
20120930201400,0.0,0.1,38.1,15.4,20.5,0.0,22.8,3.0
20120930201500,0.0,1.0,7.8,18.1,1.8,0.0,56.2,15.1
20120930201600,0.0,0.1,24.1,26.2,10.1,0.1,38.2,1.1
20120930201700,0.0,0.1,19.4,14.7,60.8,0.0,3.3,1.7
20120930201800,0.0,0.0,12.8,76.3,10.1,0.0,0.3,0.5
20120930201900,0.0,0.0,5.8,65.3,25.6,0.0,2.5,0.8
20120930202000,0.0,0.0,2.4,23.1,7.5,0.0,66.3,0.7
20120930202100,0.0,0.0,1.5,82.8,0.8,0.0,12.8,2.1
20120930202200,0.0,0.0,0.6,95.0,0.4,0.0,3.9,0.0
20120930202300,0.0,0.0,1.0,93.8,1.3,0.0,3.9,0.0
20120930202400,0.0,0.0,0.4,80.0,0.2,0.0,19.4,0.0
20120930202500,0.0,0.0,2.2,47.8,0.4,0.0,49.7,0.0
20120930202600,0.0,0.0,5.5,29.0,0.2,0.0,65.0,0.3
20120930202700,0.0,0.0,0.6,45.8,0.3,0.0,53.1,0.2
20120930202800,0.0,0.0,3.1,95.8,0.3,0.0,0.7,0.1
20120930202900,0.0,0.0,5.7,84.2,1.5,0.0,8.5,0.1
20120930203000,0.0,0.0,3.3,92.5,0.5,0.0,3.6,0.0
20120930203100,0.0,0.0,19.7,77.6,0.6,0.0,2.0,0.1
20120930203200,0.0,0.0,5.0,79.5,2.4,0.0,12.5,0.6
20120930203300,0.0,0.0,0.0,93.7,0.1,0.0,6.0,0.1
20120930203400,0.0,0.0,0.1,97.1,0.1,0.0,2.6,0.1
20120930203500,0.0,0.0,0.0,25.2,0.1,0.0,74.6,0.1
20120930203600,0.0,0.0,0.0,3.7,0.1,0.0,95.9,0.3
20120930203700,0.0,0.0,0.0,0.1,0.0,0.0,99.9,0.0
20120930203800,0.0,0.0,0.0,1.1,0.0,0.0,98.9,0.0
20120930203900,0.0,0.0,0.0,1.2,0.0,0.0,98.7,0.0
20120930204000,0.0,0.0,0.0,2.2,0.1,0.0,97.5,0.2
20120930204100,0.0,0.0,0.0,0.2,0.0,0.0,99.8,0.0
20120930204200,0.0,0.0,0.0,0.7,0.0,0.0,99.2,0.0
20120930204300,0.0,0.0,0.0,0.1,0.0,0.0,99.8,0.0
20120930204400,0.0,0.0,0.0,0.5,0.0,0.0,99.5,0.0
20120930204500,0.0,0.0,0.0,1.4,0.0,0.0,98.5,0.0
20120930204600,0.0,0.0,0.0,1.6,0.0,0.0,98.3,0.0
20120930204700,0.0,0.0,0.0,0.5,0.0,0.0,99.5,0.0
20120930204800,0.0,0.0,0.0,0.5,0.1,0.0,99.4,0.0
20120930204900,0.0,0.0,0.1,0.5,0.3,0.0,99.0,0.2
20120930205000,0.0,0.0,0.2,4.3,1.0,0.0,94.1,0.4
20120930205100,0.0,0.0,0.1,0.3,0.1,0.0,99.3,0.2
20120930205200,0.0,0.0,0.0,1.0,0.2,0.0,98.6,0.2
20120930205300,0.0,0.0,0.0,0.1,0.0,0.0,99.8,0.1
20120930205400,0.0,0.0,0.0,0.1,0.3,0.0,99.5,0.1
20120930205500,0.0,0.0,0.0,0.4,0.2,0.0,99.2,0.2
20120930205600,0.0,0.0,0.0,0.1,0.0,0.0,99.9,0.0
20120930205700,0.0,0.0,0.1,0.4,0.4,0.0,98.8,0.2
20120930205800,0.0,0.0,0.0,0.1,0.0,0.0,99.9,0.0
20120930205900,0.0,0.0,0.0,0.3,0.1,0.0,99.5,0.1
20120930210000,0.0,0.0,0.0,0.1,0.2,0.0,99.5,0.1
20120930210100,0.0,0.0,0.0,0.1,0.0,0.0,99.7,0.1
20120930210200,0.0,0.0,0.1,0.2,0.7,0.0,98.7,0.4
20120930210300,0.0,0.0,0.0,0.0,0.2,0.0,99.7,0.0
20120930210400,0.0,0.0,0.0,0.0,0.1,0.0,99.9,0.0
20120930210500,0.0,0.0,0.0,0.0,0.1,0.0,99.8,0.0
20120930210600,0.0,0.0,0.0,0.0,0.1,0.0,99.8,0.1
20120930210700,0.0,0.0,0.2,0.8,0.3,0.0,98.0,0.5
20120930210800,0.0,0.0,0.0,0.6,0.1,0.0,99.3,0.1
20120930210900,0.0,0.0,0.0,0.2,0.1,0.0,99.7,0.0
20120930211000,0.0,0.0,0.0,0.0,0.1,0.0,99.8,0.1
20120930211100,0.0,0.0,0.3,0.4,1.0,0.0,98.1,0.3
20120930211200,0.0,0.0,0.1,0.2,0.4,0.0,99.2,0.1
20120930211300,0.0,0.0,0.1,0.2,0.1,0.0,99.0,0.6
20120930211400,0.0,0.0,0.0,0.0,0.0,0.0,99.8,0.1
20120930211500,0.0,0.0,0.0,0.0,0.1,0.0,99.7,0.2
20120930211600,0.0,0.0,0.0,0.2,0.1,0.0,98.8,0.9
20120930211700,0.0,0.0,0.0,0.4,0.4,0.0,98.7,0.5
20120930211800,0.0,0.0,0.1,1.0,0.1,0.0,98.6,0.1
20120930211900,0.0,0.0,0.2,0.7,0.1,0.0,97.9,1.2
20120930212000,0.0,0.0,0.6,5.8,0.4,0.0,92.4,0.8
20120930212100,0.0,0.0,1.5,9.8,0.8,0.0,85.9,2.0
20120930212200,0.0,0.0,1.2,6.6,0.3,0.0,89.7,2.3
20120930212300,0.0,0.0,0.9,10.0,0.9,0.0,77.5,10.7
20120930212400,0.0,0.0,0.1,1.8,0.1,0.0,97.3,0.7
20120930212500,0.0,0.0,0.5,6.7,0.7,0.0,89.5,2.5
20120930212600,0.0,0.0,0.8,12.0,0.3,0.0,85.6,1.3
20120930212700,0.0,0.0,0.1,5.6,0.1,0.0,92.7,1.4
20120930212800,0.0,0.0,0.3,24.0,0.2,0.0,74.4,1.1
20120930212900,0.0,0.0,0.6,6.6,1.0,0.0,88.3,3.6
20120930213000,0.0,0.0,0.3,3.4,3.2,0.0,91.2,1.9
20120930213100,0.0,0.0,0.4,1.0,4.2,0.0,91.9,2.5
20120930213200,0.0,0.0,0.0,0.5,0.4,0.0,98.9,0.3
20120930213300,0.0,0.0,0.0,0.7,0.5,0.0,98.2,0.6
20120930213400,0.0,0.0,0.0,0.2,0.1,0.0,99.3,0.4
20120930213500,0.0,0.0,0.1,0.7,0.6,0.0,98.3,0.3
20120930213600,0.0,0.0,0.2,3.1,0.5,0.0,95.8,0.4
20120930213700,0.0,0.0,0.6,13.3,0.5,0.0,85.2,0.4
20120930213800,0.0,0.0,0.1,4.2,0.8,0.0,93.9,0.9
20120930213900,0.0,0.0,0.7,15.6,3.8,0.1,76.0,3.8
20120930214000,0.0,0.0,0.3,4.5,0.2,0.0,94.1,0.8
20120930214100,0.0,0.0,0.1,96.3,0.8,0.0,2.6,0.3
20120930214200,0.0,0.0,0.0,89.8,0.2,0.0,9.6,0.3
20120930214300,0.0,0.0,0.0,86.7,0.1,0.0,13.0,0.3
20120930214400,0.0,0.0,0.0,8.4,0.1,0.0,91.1,0.3
20120930214500,0.0,0.0,0.1,8.0,0.1,0.0,91.4,0.4
20120930214600,0.0,0.0,0.0,2.0,0.0,0.0,97.8,0.2
20120930214700,0.0,0.0,0.0,0.6,0.0,0.0,99.3,0.0
20120930214800,0.0,0.0,0.0,0.1,0.0,0.0,99.7,0.2
20120930214900,0.0,0.0,0.1,4.5,0.1,0.0,95.2,0.1
20120930215000,0.0,0.0,0.1,1.0,0.1,0.0,98.4,0.3
20120930215100,0.0,0.0,0.0,1.3,0.1,0.0,98.6,0.0
20120930215200,0.0,0.0,0.0,1.5,0.0,0.0,98.3,0.1
20120930215300,0.0,0.0,0.4,15.4,0.2,0.0,83.4,0.6
20120930215400,0.0,0.0,0.0,2.6,0.1,0.0,97.3,0.0
20120930215500,0.0,0.0,0.1,4.9,0.2,0.0,94.6,0.2
20120930215600,0.0,0.0,0.1,2.2,0.2,0.0,97.4,0.1
20120930215700,0.0,0.0,0.9,0.9,0.9,0.0,96.2,1.1
20120930215800,0.0,0.0,1.1,6.0,0.6,0.0,92.3,0.1
20120930215900,0.0,0.0,1.6,7.4,1.3,0.0,89.1,0.7
20120930220000,0.0,0.0,0.3,6.0,0.4,0.0,93.2,0.1
20120930220100,0.0,0.0,0.1,10.6,0.2,0.0,89.1,0.1
20120930220200,0.0,0.0,1.2,26.6,0.5,0.0,71.2,0.5
20120930220300,0.0,0.0,0.2,24.1,0.7,0.0,74.6,0.3
20120930220400,0.0,0.0,0.1,1.8,0.1,0.0,97.7,0.3
20120930220500,0.0,0.0,0.1,2.8,0.1,0.0,97.0,0.1
20120930220600,0.0,0.0,0.1,26.7,0.2,0.0,72.5,0.5
20120930220700,0.0,0.0,0.0,11.3,0.1,0.0,88.5,0.0
20120930220800,0.0,0.0,0.3,11.3,0.4,0.0,87.8,0.2
20120930220900,0.0,0.0,0.2,58.5,0.4,0.0,40.4,0.5
20120930221000,0.0,0.0,0.0,11.2,0.0,0.0,88.7,0.1
20120930221100,0.0,0.0,0.1,5.9,0.1,0.0,92.9,1.0
20120930221200,0.0,0.0,0.1,4.6,0.3,0.0,93.3,1.8
20120930221300,0.0,0.0,0.0,2.5,0.0,0.0,97.3,0.2
20120930221400,0.0,0.0,0.0,0.4,0.0,0.0,99.5,0.1
20120930221500,0.0,0.0,0.0,0.4,0.1,0.0,98.6,0.9
20120930221600,0.0,0.0,0.0,0.5,0.1,0.0,97.4,2.0
20120930221700,0.0,0.0,0.0,0.1,0.0,0.0,99.9,0.0
20120930221800,0.0,0.0,0.0,0.2,0.0,0.0,99.7,0.1
20120930221900,0.0,0.0,0.0,0.0,0.0,0.0,99.9,0.0
20120930222000,0.0,0.0,0.0,0.0,0.0,0.0,100.0,0.0
20120930222100,0.0,0.0,0.0,0.0,0.0,0.0,99.9,0.0
20120930222200,0.0,0.0,0.0,0.0,0.0,0.0,99.9,0.1
20120930222300,0.0,0.0,0.0,0.0,0.0,0.0,100.0,0.0
20120930222400,0.0,0.0,0.0,0.0,0.0,0.0,99.9,0.1
20120930222500,0.0,0.0,0.0,0.0,0.0,0.0,100.0,0.0
20120930222600,0.0,0.0,0.0,0.0,0.0,0.0,100.0,0.0
20120930222700,0.0,0.0,0.0,0.0,0.0,0.0,100.0,0.0
20120930222800,0.0,0.0,0.0,0.0,0.0,0.0,100.0,0.0
20120930222900,0.0,0.0,0.0,0.0,0.0,0.0,100.0,0.0
20120930223000,0.0,0.0,0.0,0.0,0.0,0.0,100.0,0.0
20120930223100,0.0,0.0,0.0,0.0,0.0,0.0,100.0,0.0
20120930223200,0.0,0.0,0.0,0.0,0.0,0.0,99.8,0.2
20120930223300,0.0,0.0,0.0,0.0,0.0,0.0,98.8,1.2
20120930223400,0.0,0.0,0.0,0.0,0.0,0.0,99.5,0.5
20120930223500,0.0,0.0,0.0,0.0,0.0,0.0,100.0,0.0
20120930223600,0.0,0.0,0.0,0.0,0.0,0.0,99.9,0.1
20120930223700,0.0,0.0,0.0,0.0,0.0,0.0,100.0,0.0
20120930223800,0.0,0.0,0.0,0.0,0.0,0.0,99.5,0.5
20120930223900,0.0,0.0,0.0,0.0,0.0,0.0,99.7,0.3
20120930224000,0.0,0.0,0.0,0.0,0.0,0.0,97.8,2.2
20120930224100,0.0,0.0,0.0,0.0,0.0,0.0,99.9,0.1
20120930224200,0.0,0.0,0.0,0.0,0.0,0.0,99.5,0.5
20120930224300,0.0,0.0,0.0,0.0,0.0,0.0,97.6,2.4
20120930224400,0.0,0.0,0.0,0.0,0.0,0.0,97.0,3.0
20120930224500,0.0,0.0,0.0,0.0,0.0,0.0,92.9,7.1
20120930224600,0.0,0.0,0.0,0.0,0.0,0.0,99.0,1.0
20120930224700,0.0,0.0,0.0,0.0,0.0,0.0,98.5,1.5
20120930224800,0.0,0.0,0.0,0.0,0.0,0.0,77.9,22.1
20120930224900,0.0,0.0,0.0,0.0,0.0,0.0,89.0,11.0
20120930225000,0.0,0.0,0.0,0.0,0.0,0.0,98.7,1.3
20120930225100,0.0,0.0,0.0,0.0,0.0,0.0,99.4,0.6
20120930225200,0.0,0.0,0.0,0.0,0.0,0.0,99.8,0.2
20120930225300,0.0,0.0,0.0,0.0,0.0,0.0,99.9,0.1
20120930225400,0.0,0.0,0.0,0.0,0.0,0.0,100.0,0.0
20120930225500,0.0,0.0,0.0,0.0,0.0,0.0,100.0,0.0
20120930225600,0.0,0.0,0.0,0.0,0.0,0.0,100.0,0.0
20120930225700,0.0,0.0,0.0,0.0,0.0,0.0,100.0,0.0
20120930225800,0.0,0.0,0.0,0.0,0.0,0.0,99.9,0.1
20120930225900,0.0,0.0,0.0,0.0,0.0,0.0,99.9,0.1
20120930230000,0.0,0.0,0.0,0.0,0.0,0.0,99.9,0.1
20120930230100,0.0,0.0,0.0,0.0,0.0,0.0,100.0,0.0
20120930230200,0.0,0.0,0.0,0.0,0.0,0.0,100.0,0.0
20120930230300,0.0,0.0,0.0,0.0,0.0,0.0,100.0,0.0
20120930230400,0.0,0.0,0.0,0.0,0.0,0.0,99.9,0.1
20120930230500,0.0,0.0,0.0,0.0,0.0,0.0,99.9,0.1
20120930230600,0.0,0.0,0.0,0.0,0.0,0.0,98.5,1.5
20120930230700,0.0,0.0,0.0,0.0,0.0,0.0,99.6,0.4
20120930230800,0.0,0.0,0.0,0.0,0.0,0.0,99.6,0.4
20120930230900,0.0,0.0,0.0,0.0,0.0,0.0,99.9,0.1
20120930231000,0.0,0.0,0.0,0.0,0.0,0.0,100.0,0.0
20120930231100,0.0,0.0,0.0,0.0,0.0,0.0,99.9,0.1
20120930231200,0.0,0.0,0.0,0.0,0.0,0.0,100.0,0.0
20120930231300,0.0,0.0,0.0,0.0,0.0,0.0,100.0,0.0
20120930231400,0.0,0.0,0.0,0.0,0.0,0.0,100.0,0.0
20120930231500,0.0,0.0,0.0,0.0,0.0,0.0,100.0,0.0
20120930231600,0.0,0.0,0.0,0.0,0.0,0.0,100.0,0.0
20120930231700,0.0,0.0,0.0,0.0,0.0,0.0,100.0,0.0
20120930231800,0.0,0.0,0.0,0.0,0.0,0.0,100.0,0.0
20120930231900,0.0,0.0,0.0,0.0,0.0,0.0,100.0,0.0
20120930232000,0.0,0.0,0.0,0.0,0.0,0.0,100.0,0.0
20120930232100,0.0,0.0,0.0,0.0,0.0,0.0,100.0,0.0
20120930232200,0.0,0.0,0.0,0.0,0.0,0.0,100.0,0.0
20120930232300,0.0,0.0,0.0,0.0,0.0,0.0,100.0,0.0
20120930232400,0.0,0.0,0.0,0.0,0.0,0.0,100.0,0.0
20120930232500,0.0,0.0,0.0,0.0,0.0,0.0,100.0,0.0
20120930232600,0.0,0.0,0.0,0.0,0.0,0.0,100.0,0.0
20120930232700,0.0,0.0,0.0,0.0,0.0,0.0,100.0,0.0
20120930232800,0.0,0.0,0.0,0.0,0.0,0.0,100.0,0.0
20120930232900,0.0,0.0,0.0,0.0,0.0,0.0,100.0,0.0
20120930233000,0.0,0.0,0.0,0.0,0.0,0.0,100.0,0.0
20120930233100,0.0,0.0,0.0,0.0,0.0,0.0,100.0,0.0
20120930233200,0.0,0.0,0.0,0.0,0.0,0.0,100.0,0.0
20120930233300,0.0,0.0,0.0,0.0,0.0,0.0,100.0,0.0
20120930233400,0.0,0.0,0.0,0.0,0.0,0.0,100.0,0.0
20120930233500,0.0,0.0,0.0,0.0,0.0,0.0,100.0,0.0
20120930233600,0.0,0.0,0.0,0.0,0.0,0.0,100.0,0.0
20120930233700,0.0,0.0,0.0,0.0,0.0,0.0,100.0,0.0
20120930233800,0.0,0.0,0.0,0.0,0.0,0.0,100.0,0.0
20120930233900,0.0,0.0,0.0,3.0,0.1,0.0,96.7,0.3
20120930234000,0.0,0.0,0.0,0.0,0.0,0.0,99.9,0.0
20120930234100,0.0,0.0,0.0,0.0,0.0,0.0,100.0,0.0
20120930234200,0.0,0.0,0.0,0.0,0.0,0.0,100.0,0.0
20120930234300,0.0,0.0,0.0,0.0,0.0,0.0,100.0,0.0
20120930234400,0.0,0.0,0.0,0.0,0.0,0.0,99.3,0.7
20120930234500,0.0,0.0,0.0,0.0,0.0,0.0,99.8,0.2
20120930234600,0.0,0.0,0.0,0.0,0.0,0.0,98.9,1.1
20120930234700,0.0,0.0,0.0,0.0,0.0,0.0,99.9,0.1
20120930234800,0.0,0.0,0.0,0.0,0.0,0.0,97.8,2.2
20120930234900,0.0,0.0,0.0,0.0,0.0,0.0,91.9,8.1
20120930235000,0.0,0.0,0.0,0.0,0.0,0.0,71.2,28.8
20120930235100,0.0,0.0,0.0,0.0,0.0,0.0,99.0,1.0
20120930235200,0.0,0.0,0.0,0.0,0.5,0.0,99.4,0.2
20120930235300,0.0,0.0,0.0,0.0,0.1,0.0,99.4,0.5
20120930235400,0.0,0.0,0.0,0.0,0.2,0.0,99.7,0.1
20120930235500,0.0,0.0,0.0,0.0,1.0,0.0,98.9,0.1
20120930235600,0.0,0.0,0.0,0.3,33.5,0.0,66.1,0.1
20120930235700,0.0,0.0,0.0,0.2,11.6,0.0,88.1,0.1
20120930235800,0.0,0.0,0.0,0.0,1.0,0.0,58.3,40.7
20120930235900,0.0,0.0,0.0,0.0,0.0,0.0,97.6,2.4
20121001000000,0.0,0.0,0.0,0.0,0.0,0.0,90.5,9.5
20121001000100,0.0,0.0,0.0,0.0,0.0,0.0,99.5,0.5
20121001000200,0.0,0.0,0.0,0.0,0.1,0.0,77.6,22.3
20121001000300,0.0,0.0,0.0,0.0,0.0,0.0,99.5,0.5
20121001000400,0.0,0.0,0.0,0.0,0.0,0.0,99.7,0.3
20121001000500,0.0,0.0,0.0,0.0,0.0,0.0,99.8,0.2
20121001000600,0.0,0.0,0.0,0.0,0.0,0.0,99.9,0.1
20121001000700,0.0,0.0,0.0,0.0,0.0,0.0,99.6,0.4
20121001000800,0.0,0.0,0.0,0.0,0.0,0.0,98.8,1.2
20121001000900,0.0,0.0,0.0,0.0,0.0,0.0,92.8,7.2
20121001001000,0.0,0.0,0.0,0.0,0.1,0.0,96.4,3.5
20121001001100,0.0,0.0,0.0,0.1,0.3,0.0,51.7,47.9
20121001001200,0.0,0.0,0.0,0.0,0.0,0.0,97.5,2.4
20121001001300,0.0,0.0,0.0,0.0,0.0,0.0,63.6,36.4
20121001001400,0.0,0.0,0.0,0.0,0.2,0.0,89.7,10.1
20121001001500,0.0,0.0,0.0,0.0,0.0,0.0,44.6,55.4
20121001001600,0.0,0.0,0.0,0.0,0.0,0.0,39.9,60.1
20121001001700,0.0,0.0,0.0,0.0,0.0,0.0,97.2,2.8
20121001001800,0.0,0.0,0.0,0.0,0.0,0.0,100.0,0.0
20121001001900,0.0,0.0,0.0,0.0,0.0,0.0,99.9,0.1
20121001002000,0.0,0.0,0.0,0.0,0.0,0.0,100.0,0.0
20121001002100,0.0,0.0,0.0,0.0,0.0,0.0,99.9,0.1
20121001002200,0.0,0.0,0.0,0.0,0.0,0.0,100.0,0.0
20121001002300,0.0,0.0,0.0,0.0,0.0,0.0,100.0,0.0
20121001002400,0.0,0.0,0.0,0.0,0.0,0.0,100.0,0.0
20121001002500,0.0,0.0,0.0,0.0,0.0,0.0,100.0,0.0
20121001002600,0.0,0.0,0.0,0.0,0.0,0.0,99.1,0.9
20121001002700,0.0,0.0,0.0,0.1,8.9,0.0,90.9,0.1
20121001002800,0.0,0.0,0.0,1.4,8.1,0.0,87.4,3.1
20121001002900,0.0,0.0,0.0,2.3,85.5,0.0,8.0,4.2
20121001003000,0.0,0.0,0.0,31.8,68.2,0.0,0.0,0.0
20121001003100,0.0,0.0,0.0,5.2,94.7,0.0,0.0,0.0
20121001003200,0.0,0.0,0.0,12.1,87.9,0.0,0.0,0.0
20121001003300,0.0,0.0,0.0,20.3,79.6,0.0,0.0,0.0
20121001003400,0.0,0.0,0.0,96.8,3.1,0.0,0.0,0.0
20121001003500,0.0,0.0,0.0,52.8,47.1,0.0,0.0,0.0
20121001003600,0.0,0.0,0.0,97.4,2.0,0.0,0.4,0.2
20121001003700,0.0,0.0,0.0,19.5,3.7,0.0,46.9,29.9
20121001003800,0.0,0.0,0.0,69.9,0.7,0.0,25.1,4.4
20121001003900,0.0,0.0,0.0,21.4,7.0,0.0,9.4,62.2
20121001004000,0.0,0.0,0.0,9.2,9.8,0.0,62.2,18.8
20121001004100,0.0,0.0,0.0,6.6,41.9,0.0,47.1,4.4
20121001004200,0.0,0.0,0.0,7.8,91.9,0.0,0.1,0.1
20121001004300,0.0,0.0,0.0,8.5,89.5,0.0,1.3,0.7
20121001004400,0.0,0.0,0.0,2.3,54.9,0.0,40.8,1.9
20121001004500,0.0,0.0,0.0,1.3,3.2,0.0,89.7,5.8
20121001004600,0.0,0.0,0.0,2.0,35.0,0.0,43.8,19.2
20121001004700,0.0,0.0,0.0,3.2,89.5,0.0,7.0,0.4
20121001004800,0.0,0.0,0.0,0.4,99.3,0.0,0.2,0.0
20121001004900,0.0,0.0,0.0,1.3,98.7,0.0,0.0,0.0
20121001005000,0.0,0.3,0.0,13.4,83.7,0.0,1.1,1.5
20121001005100,0.0,0.0,0.0,15.4,81.0,0.0,0.1,3.5
20121001005200,0.0,0.0,0.0,3.9,89.5,0.0,0.1,6.5
20121001005300,0.0,0.0,0.0,0.2,74.8,0.0,0.0,25.0
20121001005400,0.0,0.0,0.0,0.0,98.5,0.0,0.0,1.5
20121001005500,0.0,0.0,0.0,0.0,99.1,0.0,0.0,0.8
20121001005600,0.0,0.0,0.0,0.0,99.5,0.0,0.5,0.0
20121001005700,0.0,0.0,0.0,0.0,97.6,0.0,0.1,2.2
20121001005800,0.0,0.0,0.0,0.0,100.0,0.0,0.0,0.0
20121001005900,0.0,0.0,0.0,0.3,73.7,0.0,10.1,15.8
20121001010000,0.0,0.0,0.0,0.0,21.4,0.0,26.1,52.5
20121001010100,0.0,0.0,0.0,0.4,47.8,0.0,8.6,43.2
20121001010200,0.0,0.0,0.0,0.1,0.6,0.0,5.7,93.7
20121001010300,0.0,0.0,0.0,0.0,0.7,0.0,11.8,87.5
20121001010400,0.0,0.0,0.0,0.0,0.5,0.0,7.1,92.3
20121001010500,0.0,0.0,0.0,0.0,1.5,0.0,20.0,78.5
20121001010600,0.0,0.0,0.0,0.0,15.3,0.0,11.4,73.3
20121001010700,0.0,0.0,0.0,0.0,0.3,0.0,0.6,99.1
20121001010800,0.0,0.0,0.0,0.0,0.0,0.0,0.1,99.8
20121001010900,0.0,0.0,0.0,0.0,0.0,0.0,1.2,98.8
20121001011000,0.0,0.0,0.0,0.0,0.0,0.0,16.0,84.0
20121001011100,0.0,0.0,0.0,0.0,0.1,0.0,99.2,0.7
20121001011200,0.0,0.0,0.0,0.0,2.0,0.0,94.4,3.6
20121001011300,0.0,0.0,0.0,0.0,10.6,0.0,87.6,1.8
20121001011400,0.0,0.0,0.0,0.0,0.2,0.0,96.9,3.0
20121001011500,0.0,0.0,0.0,0.0,0.2,0.0,95.7,4.1
20121001011600,0.0,0.0,0.0,0.0,0.0,0.0,99.9,0.1
20121001011700,0.0,0.0,0.0,0.0,0.5,0.0,97.2,2.3
20121001011800,0.0,0.0,0.0,0.0,1.0,0.0,96.2,2.8
20121001011900,0.0,0.0,0.0,0.1,25.6,0.0,74.0,0.4
20121001012000,0.0,0.0,0.0,0.0,0.3,0.0,99.0,0.6
20121001012100,0.0,0.0,0.0,0.0,8.9,0.0,13.6,77.5
20121001012200,0.0,0.0,0.0,0.1,19.5,0.0,5.9,74.4
20121001012300,0.0,0.0,0.0,0.0,35.5,0.0,24.4,40.1
20121001012400,0.0,0.0,0.0,0.0,97.2,0.0,0.7,2.0
20121001012500,0.0,0.0,0.0,0.0,99.5,0.0,0.0,0.5
20121001012600,0.0,0.0,0.0,0.0,100.0,0.0,0.0,0.0
20121001012700,0.0,0.0,0.0,0.1,99.9,0.0,0.0,0.0
20121001012800,0.0,0.0,0.0,0.0,95.3,0.0,3.3,1.5
20121001012900,0.0,0.0,0.0,0.0,93.7,0.0,2.1,4.2
20121001013000,0.0,0.0,0.0,0.0,47.6,0.0,3.5,48.9
20121001013100,0.0,0.0,0.0,0.0,54.3,0.0,2.2,43.5
20121001013200,0.0,0.0,0.0,0.0,70.9,0.0,0.6,28.5
20121001013300,0.0,0.0,0.0,0.0,96.0,0.0,0.0,4.0
20121001013400,0.0,0.0,0.0,0.0,59.2,0.0,0.1,40.6
20121001013500,0.0,0.0,0.0,0.0,73.9,0.0,0.0,26.0
20121001013600,0.0,0.0,0.0,0.0,4.4,0.0,0.0,95.6
20121001013700,0.0,0.0,0.0,0.0,9.4,0.0,0.2,90.4
20121001013800,0.0,0.0,0.0,0.2,67.4,0.0,0.1,32.3
20121001013900,0.0,0.0,0.0,0.2,99.7,0.0,0.0,0.1
20121001014000,0.0,0.0,0.0,0.1,99.7,0.0,0.0,0.2
20121001014100,0.0,0.0,0.0,0.0,99.8,0.0,0.0,0.2
20121001014200,0.0,0.0,0.0,0.0,100.0,0.0,0.0,0.0
20121001014300,0.0,0.0,0.0,0.0,99.9,0.0,0.0,0.1
20121001014400,0.0,0.0,0.0,0.0,99.9,0.0,0.0,0.1
20121001014500,0.0,0.0,0.0,0.0,99.9,0.0,0.0,0.1
20121001014600,0.0,0.0,0.0,0.0,99.1,0.0,0.0,0.8
20121001014700,0.0,0.0,0.0,0.0,99.9,0.0,0.0,0.1
20121001014800,0.0,0.0,0.0,0.0,91.5,0.0,0.0,8.5
20121001014900,0.0,0.0,0.0,0.0,88.9,0.0,0.0,11.0
20121001015000,0.0,0.0,0.0,0.0,0.1,0.0,0.0,99.9
20121001015100,0.0,0.0,0.0,0.0,0.1,0.0,0.0,99.9
20121001015200,0.0,0.0,0.0,0.0,0.1,0.0,0.0,99.9
20121001015300,0.0,0.0,0.0,0.0,0.8,0.0,0.0,99.2
20121001015400,0.0,0.0,0.0,0.0,0.9,0.0,0.0,99.1
20121001015500,0.0,0.0,0.0,0.0,0.1,0.0,0.0,99.9
20121001015600,0.0,0.0,0.0,0.0,0.1,0.0,0.0,99.9
20121001015700,0.0,0.0,0.0,0.0,0.0,0.0,0.0,100.0
20121001015800,0.0,0.0,0.0,0.0,0.0,0.0,0.0,100.0
20121001015900,0.0,0.0,0.0,0.0,0.0,0.0,0.0,100.0
20121001020000,0.0,0.0,0.0,0.0,0.0,0.0,0.0,100.0
20121001020100,0.0,0.0,0.0,0.0,0.0,0.0,0.0,100.0
20121001020200,0.0,0.0,0.0,0.0,70.2,0.0,0.0,29.8
20121001020300,0.0,0.0,0.0,0.0,0.5,0.0,0.0,99.5
20121001020400,0.0,0.0,0.0,0.0,0.1,0.0,0.0,99.9
20121001020500,0.0,0.0,0.0,0.0,0.0,0.0,0.0,100.0
20121001020600,0.0,0.0,0.0,0.0,0.0,0.0,0.0,100.0
20121001020700,0.0,0.0,0.0,0.0,0.0,0.0,0.0,100.0
20121001020800,0.0,0.0,0.0,0.0,0.0,0.0,0.0,100.0
20121001020900,0.0,0.0,0.0,0.0,0.0,0.0,0.0,100.0
20121001021000,0.0,0.0,0.0,0.0,0.1,0.0,0.0,99.9
20121001021100,0.0,0.0,0.0,0.0,0.0,0.0,0.0,100.0
20121001021200,0.0,0.0,0.0,0.0,0.0,0.0,0.0,100.0
20121001021300,0.0,0.0,0.0,0.0,0.0,0.0,0.0,100.0
20121001021400,0.0,0.0,0.0,0.0,0.0,0.0,0.0,100.0
20121001021500,0.0,0.0,0.0,0.0,0.0,0.0,0.0,100.0
20121001021600,0.0,0.0,0.0,0.0,0.0,0.0,0.0,100.0
20121001021700,0.0,0.0,0.0,0.0,0.0,0.0,0.0,100.0
20121001021800,0.0,0.0,0.0,0.0,0.0,0.0,0.0,100.0
20121001021900,0.0,0.0,0.0,0.0,0.0,0.0,0.0,100.0
20121001022000,0.0,0.0,0.0,0.0,0.1,0.0,0.0,99.9
20121001022100,0.0,0.0,0.0,0.0,0.0,0.0,0.0,100.0
20121001022200,0.0,0.0,0.0,0.0,0.0,0.0,0.0,100.0
20121001022300,0.0,0.0,0.0,0.0,0.2,0.0,0.0,99.8
20121001022400,0.0,0.0,0.0,0.0,1.3,0.0,0.0,98.7
20121001022500,0.0,0.0,0.0,0.0,0.0,0.0,0.0,100.0
20121001022600,0.0,0.0,0.0,0.0,0.0,0.0,0.0,100.0
20121001022700,0.0,0.0,0.0,0.0,0.0,0.0,0.0,100.0
20121001022800,0.0,0.0,0.0,0.0,0.0,0.0,0.0,100.0
20121001022900,0.0,0.0,0.0,0.0,0.0,0.0,0.0,100.0
20121001023000,0.0,0.0,0.0,0.0,0.0,0.0,0.0,100.0
20121001023100,0.0,0.0,0.0,0.0,0.0,0.0,0.0,100.0
20121001023200,0.0,0.0,0.0,0.0,0.0,0.0,0.0,100.0
20121001023300,0.0,0.0,0.0,0.0,0.0,0.0,0.0,100.0
20121001023400,0.0,0.0,0.0,0.0,0.0,0.0,0.0,100.0
20121001023500,0.0,0.0,0.0,0.0,0.0,0.0,0.0,100.0
20121001023600,0.0,0.0,0.0,0.0,0.0,0.0,0.0,100.0
20121001023700,0.0,0.0,0.0,0.0,0.0,0.0,0.0,100.0
20121001023800,0.0,0.0,0.0,0.0,0.0,0.0,0.0,100.0
20121001023900,0.0,0.0,0.0,0.0,1.2,0.0,0.0,98.8
20121001024000,0.0,0.0,0.0,0.0,0.0,0.0,0.0,100.0
20121001024100,0.0,0.0,0.0,0.0,0.0,0.0,0.0,100.0
20121001024200,0.0,0.0,0.0,0.0,0.0,0.0,0.0,100.0
20121001024300,0.0,0.0,0.0,0.0,0.5,0.0,0.0,99.5
20121001024400,0.0,0.0,0.0,0.0,0.0,0.0,0.0,100.0
20121001024500,0.0,0.0,0.0,0.0,0.0,0.0,0.0,100.0
20121001024600,0.0,0.0,0.0,0.0,0.0,0.0,0.0,100.0
20121001024700,0.0,0.0,0.0,0.0,0.4,0.0,0.0,99.6
20121001024800,0.0,0.0,0.0,0.0,0.0,0.0,0.0,100.0
20121001024900,0.0,0.0,0.0,0.0,0.1,0.0,0.0,99.9
20121001025000,0.0,0.0,0.0,0.0,0.0,0.0,0.0,100.0
20121001025100,0.0,0.0,0.0,0.0,0.0,0.0,0.0,100.0
20121001025200,0.0,0.0,0.0,0.0,0.1,0.0,0.0,99.9
20121001025300,0.0,0.0,0.0,0.0,0.0,0.0,0.0,100.0
20121001025400,0.0,0.0,0.0,0.0,0.0,0.0,0.0,100.0
20121001025500,0.0,0.0,0.0,0.0,0.0,0.0,0.0,100.0
20121001025600,0.0,0.0,0.0,0.0,0.0,0.0,0.0,100.0
20121001025700,0.0,0.0,0.0,0.0,0.0,0.0,0.0,100.0
20121001025800,0.0,0.0,0.0,0.0,0.0,0.0,0.0,100.0
20121001025900,0.0,0.0,0.0,0.0,0.0,0.0,0.0,100.0
20121001030000,0.0,0.0,0.0,0.0,0.0,0.0,0.0,100.0
20121001030100,0.0,0.0,0.0,0.0,0.0,0.0,0.0,100.0
20121001030200,0.0,0.0,0.0,0.0,0.0,0.0,0.0,100.0
20121001030300,0.0,0.0,0.0,0.0,0.0,0.0,0.0,100.0
20121001030400,0.0,0.0,0.0,0.0,0.1,0.0,0.0,99.9
20121001030500,0.0,0.0,0.0,0.0,4.6,0.0,0.0,95.4
20121001030600,0.0,0.0,0.0,0.0,0.0,0.0,0.0,100.0
20121001030700,0.0,0.0,0.0,0.0,0.0,0.0,0.0,100.0
20121001030800,0.0,0.0,0.0,0.0,0.0,0.0,0.0,100.0
20121001030900,0.0,0.0,0.0,0.0,0.0,0.0,0.0,100.0
20121001031000,0.0,0.0,0.0,0.0,0.0,0.0,0.0,100.0
20121001031100,0.0,0.0,0.0,0.0,0.0,0.0,0.0,100.0
