UT,arc,discrete,diffuse,ac,ab,clear,cloudy,dd
20120306170100,0.0,0.0,0.0,0.0,0.0,0.0,0.0,100.0
20120306170200,0.0,0.0,0.0,0.0,0.0,0.0,0.0,100.0
20120306170300,0.0,0.0,0.0,0.0,0.0,0.0,0.0,100.0
20120306170400,0.0,0.0,0.0,0.0,0.0,0.0,0.0,100.0
20120306170500,0.0,0.0,0.0,0.0,0.0,0.0,0.0,100.0
20120306170600,0.0,0.0,0.0,0.0,0.0,0.0,0.0,100.0
20120306170700,0.0,0.0,0.0,0.0,0.0,0.0,0.0,100.0
20120306170800,0.0,0.0,0.0,0.0,0.0,0.0,0.0,100.0
20120306170900,0.0,0.0,0.0,0.0,0.0,0.0,0.0,100.0
20120306171000,0.0,0.0,0.0,0.0,0.0,0.0,0.0,100.0
20120306171100,0.0,0.0,0.0,0.0,0.0,0.0,0.0,100.0
20120306171200,0.0,0.0,0.0,0.0,0.0,0.0,0.0,100.0
20120306171300,0.0,0.0,0.0,0.0,0.0,0.0,0.0,100.0
20120306171400,0.0,0.0,0.0,0.0,0.0,0.0,0.0,100.0
20120306171500,0.0,0.0,0.0,0.0,0.0,0.0,0.0,100.0
20120306171600,0.0,0.0,0.0,0.0,0.0,0.0,0.0,100.0
20120306171700,0.0,0.0,0.0,0.0,0.0,0.0,0.0,100.0
20120306171800,0.0,0.0,0.0,0.0,0.0,0.0,0.0,100.0
20120306171900,0.0,0.0,0.0,0.0,0.0,0.0,0.0,100.0
20120306172000,0.0,0.0,0.0,0.0,0.0,0.0,0.0,100.0
20120306172100,0.0,0.0,0.0,0.0,0.0,0.0,0.0,100.0
20120306172200,0.0,0.0,0.0,0.0,0.0,0.0,0.0,100.0
20120306172300,0.0,0.0,0.0,0.0,0.0,0.0,0.0,100.0
20120306172400,0.0,0.0,0.0,0.0,0.0,0.0,0.0,100.0
20120306172500,0.0,0.0,0.0,0.0,0.0,0.0,0.0,100.0
20120306172600,0.0,0.0,0.0,0.0,0.0,0.0,0.0,100.0
20120306172700,0.0,0.0,0.0,0.0,0.0,0.0,0.0,100.0
20120306172800,0.0,0.0,0.0,0.0,0.0,0.0,0.0,100.0
20120306172900,0.0,0.0,0.0,0.0,0.0,0.0,0.0,100.0
20120306173000,0.0,0.0,0.0,0.0,0.0,0.0,0.0,100.0
20120306173100,0.0,0.0,0.0,0.0,0.0,0.0,0.0,100.0
20120306173200,0.0,0.0,0.0,0.0,0.0,0.0,0.0,100.0
20120306173300,0.0,0.0,0.0,0.0,0.0,0.0,0.0,100.0
20120306173400,0.0,0.0,0.0,0.0,0.0,0.0,0.0,100.0
20120306173500,0.0,0.0,0.0,0.0,0.0,0.0,0.0,100.0
20120306173600,0.0,0.0,0.0,0.0,0.0,0.0,0.0,100.0
20120306173700,0.0,0.0,0.0,0.0,0.0,0.0,0.0,100.0
20120306173800,0.0,0.0,0.0,0.0,0.0,0.0,0.0,100.0
20120306173900,0.0,0.0,0.0,0.0,0.0,0.0,0.0,100.0
20120306174000,0.0,0.0,0.0,0.0,0.0,0.0,0.0,100.0
20120306174100,0.0,0.0,0.0,0.0,0.0,0.0,0.0,100.0
20120306174200,0.0,0.0,0.0,0.0,0.0,0.0,0.0,100.0
20120306174300,0.0,0.0,0.0,0.0,0.0,0.0,0.0,100.0
20120306174400,0.0,0.0,0.0,0.0,0.0,0.0,0.0,100.0
20120306174500,0.0,0.0,0.0,0.0,0.0,0.0,0.0,100.0
20120306174600,0.0,0.0,0.0,0.0,0.0,0.0,0.0,100.0
20120306174700,0.0,0.0,0.0,0.0,0.0,0.0,0.0,100.0
20120306174800,0.0,0.0,0.0,0.0,0.0,0.0,0.0,100.0
20120306174900,0.0,0.0,0.0,0.0,0.0,0.0,0.0,100.0
20120306175000,0.0,0.0,0.0,0.0,0.0,0.0,0.0,100.0
20120306175100,0.0,0.0,0.0,0.0,0.0,0.0,0.0,100.0
20120306175200,0.0,0.0,0.0,0.0,0.1,0.0,0.0,99.9
20120306175300,0.0,0.0,0.0,0.0,0.3,0.0,0.0,99.7
20120306175400,0.0,0.0,0.0,0.0,0.2,0.0,0.0,99.8
20120306175500,0.0,0.0,0.0,0.0,0.1,0.0,0.0,99.9
20120306175600,0.0,0.0,0.0,0.0,0.2,0.0,0.0,99.8
20120306175700,0.0,0.0,0.0,0.0,0.1,0.0,0.0,99.9
20120306175800,0.0,0.0,0.0,0.0,0.3,0.0,0.0,99.7
20120306175900,0.0,0.0,0.0,0.0,0.0,0.0,0.0,100.0
20120306180000,0.0,0.0,0.0,0.0,0.2,0.0,0.0,99.8
20120306180100,0.0,0.0,0.0,0.0,0.0,0.0,0.0,100.0
20120306180200,0.0,0.0,0.0,0.0,0.1,0.0,0.0,99.9
20120306180300,0.0,0.0,0.0,0.0,0.2,0.0,0.0,99.8
20120306180400,0.0,0.0,0.0,0.0,0.1,0.0,0.0,99.9
20120306180500,0.0,0.0,0.0,0.0,0.4,0.0,0.0,99.6
20120306180600,0.0,0.0,0.0,0.0,0.1,0.0,0.0,99.9
20120306180700,0.0,0.0,0.0,0.0,1.1,0.0,0.0,98.9
20120306180800,0.0,0.0,0.0,0.0,5.3,0.0,0.0,94.7
20120306180900,0.0,0.0,0.0,0.0,1.3,0.0,0.0,98.7
20120306181000,0.0,0.0,0.0,0.0,0.4,0.0,0.0,99.6
20120306181100,0.0,0.0,0.0,0.0,1.0,0.0,0.0,99.0
20120306181200,0.0,0.0,0.0,0.0,1.1,0.0,0.0,98.9
20120306181300,0.0,0.0,0.0,0.0,0.3,0.0,0.0,99.7
20120306181400,0.0,0.0,0.0,0.0,28.0,0.0,0.0,72.0
20120306181500,0.0,0.0,0.0,0.0,27.4,0.0,0.0,72.6
20120306181600,0.0,0.0,0.0,0.0,23.8,0.0,0.0,76.2
20120306181700,0.0,0.0,0.0,0.0,12.9,0.0,0.0,87.1
20120306181800,0.0,0.0,0.0,0.0,0.2,0.0,0.0,99.8
20120306181900,0.0,0.0,0.0,0.0,8.5,0.0,0.0,91.5
20120306182000,0.0,0.0,0.0,0.0,2.1,0.0,0.0,97.9
20120306182100,0.0,0.0,0.0,0.0,4.1,0.0,0.0,95.9
20120306182200,0.0,0.0,0.0,0.0,5.3,0.0,0.0,94.7
20120306182300,0.0,0.0,0.0,0.0,18.9,0.0,0.1,81.1
20120306182400,0.0,0.0,0.0,0.0,8.6,0.0,0.1,91.3
20120306182500,0.0,0.0,0.0,0.0,11.7,0.0,0.1,88.1
20120306182600,0.0,0.0,0.0,0.0,13.8,0.0,0.1,86.1
20120306182700,0.0,0.0,0.0,0.0,7.9,0.0,0.1,92.1
20120306182800,0.0,0.0,0.0,0.0,1.9,0.0,0.1,98.0
20120306182900,0.0,0.0,0.0,0.0,3.2,0.0,0.1,96.7
20120306183000,0.0,0.0,0.0,0.0,4.2,0.0,0.1,95.7
20120306183100,0.0,0.0,0.0,0.0,2.0,0.0,0.0,97.9
20120306183200,0.0,0.0,0.0,0.0,0.0,0.0,0.0,100.0
20120306183300,0.0,0.0,0.0,0.0,0.0,0.0,0.0,100.0
20120306183400,0.0,0.0,0.0,0.0,0.9,0.0,0.1,99.1
20120306183500,0.0,0.0,0.0,0.0,0.8,0.0,0.0,99.2
20120306183600,0.0,0.0,0.0,0.0,0.8,0.0,0.0,99.2
20120306183700,0.0,0.0,0.0,0.0,0.7,0.0,0.0,99.3
20120306183800,0.0,0.0,0.0,0.0,1.1,0.0,0.0,98.9
20120306183900,0.0,0.0,0.0,0.0,11.6,0.0,0.0,88.4
20120306184000,0.0,0.0,0.0,0.0,99.5,0.0,0.0,0.5
20120306184100,0.0,0.0,0.0,0.0,99.8,0.0,0.0,0.2
20120306184200,0.0,0.0,0.0,0.0,98.9,0.0,0.0,1.1
20120306184300,0.0,0.0,0.0,0.0,99.8,0.0,0.0,0.2
20120306184400,0.0,0.0,0.0,0.0,99.6,0.0,0.0,0.4
20120306184500,0.0,0.0,0.0,0.0,99.7,0.0,0.0,0.3
20120306184600,0.0,0.0,0.0,0.0,99.9,0.0,0.0,0.1
20120306184700,0.0,0.0,0.0,0.0,100.0,0.0,0.0,0.0
20120306184800,0.0,0.0,0.0,0.0,100.0,0.0,0.0,0.0
20120306184900,0.0,0.0,0.0,0.0,99.9,0.0,0.0,0.1
20120306185000,0.0,0.0,0.0,0.0,99.9,0.0,0.0,0.1
20120306185100,0.0,0.0,0.0,0.0,99.9,0.0,0.0,0.1
20120306185200,0.0,0.0,0.0,0.0,99.9,0.0,0.0,0.1
20120306185300,0.0,0.0,0.0,0.0,100.0,0.0,0.0,0.0
20120306185400,0.0,0.0,0.0,0.0,99.9,0.0,0.0,0.1
20120306185500,0.0,0.0,0.0,0.0,99.9,0.0,0.0,0.1
20120306185600,0.0,0.0,0.0,0.0,99.1,0.0,0.0,0.9
20120306185700,0.0,0.0,0.0,0.0,99.9,0.0,0.0,0.1
20120306185800,0.0,0.0,0.0,0.0,99.5,0.0,0.0,0.5
20120306185900,0.0,0.0,0.0,0.0,100.0,0.0,0.0,0.0
20120306190000,0.0,0.0,0.0,0.0,99.9,0.0,0.0,0.1
20120306190100,0.0,0.0,0.0,0.0,100.0,0.0,0.0,0.0
20120306190200,0.0,0.0,0.0,0.0,100.0,0.0,0.0,0.0
20120306190300,0.0,0.0,0.0,0.0,100.0,0.0,0.0,0.0
20120306190400,0.0,0.0,0.0,0.0,100.0,0.0,0.0,0.0
20120306190500,0.0,0.0,0.0,0.0,100.0,0.0,0.0,0.0
20120306190600,0.0,0.0,0.0,0.0,100.0,0.0,0.0,0.0
20120306190700,0.0,0.0,0.0,0.0,100.0,0.0,0.0,0.0
20120306190800,0.0,0.0,0.0,0.0,100.0,0.0,0.0,0.0
20120306190900,0.0,0.0,0.0,0.0,100.0,0.0,0.0,0.0
20120306191000,0.0,0.0,0.0,0.0,100.0,0.0,0.0,0.0
20120306191100,0.0,0.0,0.0,0.0,100.0,0.0,0.0,0.0
20120306191200,0.0,0.0,0.0,0.0,100.0,0.0,0.0,0.0
20120306191300,0.0,0.0,0.0,0.0,100.0,0.0,0.0,0.0
20120306191400,0.0,0.0,0.0,0.0,100.0,0.0,0.0,0.0
20120306191500,0.0,0.0,0.0,0.0,99.9,0.0,0.0,0.1
20120306191600,0.0,0.0,0.0,0.0,100.0,0.0,0.0,0.0
20120306191700,0.0,0.0,0.0,0.0,100.0,0.0,0.0,0.0
20120306191800,0.0,0.0,0.0,0.0,99.2,0.0,0.0,0.8
20120306191900,0.0,0.0,0.0,0.0,98.9,0.0,0.0,1.1
20120306192000,0.0,0.0,0.0,0.0,99.3,0.0,0.0,0.7
20120306192100,0.0,0.0,0.0,0.0,99.9,0.0,0.0,0.1
20120306192200,0.0,0.0,0.0,0.0,99.6,0.0,0.0,0.4
20120306192300,0.0,0.0,0.0,0.0,100.0,0.0,0.0,0.0
20120306192400,0.0,0.0,0.0,0.0,99.8,0.0,0.0,0.2
20120306192500,0.0,0.0,0.0,0.0,90.7,0.0,0.0,9.3
20120306192600,0.0,0.0,0.0,0.0,98.8,0.0,0.0,1.2
20120306192700,0.0,0.0,0.0,0.0,98.5,0.0,0.0,1.5
20120306192800,0.0,0.0,0.0,0.0,99.6,0.0,0.0,0.4
20120306192900,0.0,0.0,0.0,0.0,98.7,0.0,0.0,1.3
20120306193000,0.0,0.0,0.0,0.0,98.8,0.0,0.0,1.2
20120306193100,0.0,0.0,0.0,0.0,93.5,0.0,0.0,6.5
20120306193200,0.0,0.0,0.0,0.0,99.2,0.0,0.0,0.8
20120306193300,0.0,0.0,0.0,0.0,99.6,0.0,0.0,0.4
20120306193400,0.0,0.0,0.0,0.0,94.6,0.0,0.0,5.4
20120306193500,0.0,0.0,0.0,0.0,100.0,0.0,0.0,0.0
20120306193600,0.0,0.0,0.0,0.0,100.0,0.0,0.0,0.0
20120306193700,0.0,0.0,0.0,0.0,99.8,0.0,0.0,0.2
20120306193800,0.0,0.0,0.0,0.0,99.9,0.0,0.0,0.1
20120306193900,0.0,0.0,0.0,0.0,99.3,0.0,0.0,0.7
20120306194000,0.0,0.0,0.0,0.0,77.9,0.0,0.0,22.1
20120306194100,0.0,0.0,0.0,0.0,99.3,0.0,0.0,0.7
20120306194200,0.0,0.0,0.0,0.0,100.0,0.0,0.0,0.0
20120306194300,0.0,0.0,0.0,0.0,99.9,0.0,0.0,0.1
20120306194400,0.0,0.0,0.0,0.0,100.0,0.0,0.0,0.0
20120306194500,0.0,0.0,0.0,0.0,99.3,0.0,0.0,0.7
20120306194600,0.0,0.0,0.0,0.0,96.4,0.0,0.0,3.6
20120306194700,0.0,0.0,0.0,0.0,100.0,0.0,0.0,0.0
20120306194800,0.0,0.0,0.0,0.0,99.2,0.0,0.0,0.8
20120306194900,0.0,0.0,0.0,0.0,97.4,0.0,0.0,2.6
20120306195000,0.0,0.0,0.0,0.0,99.0,0.0,0.0,1.0
20120306195100,0.0,0.0,0.0,0.0,98.4,0.0,0.0,1.6
20120306195200,0.0,0.0,0.0,0.0,88.7,0.0,0.0,11.3
20120306195300,0.0,0.0,0.0,0.0,58.1,0.0,0.0,41.9
20120306195400,0.0,0.0,0.0,0.0,88.2,0.0,0.0,11.8
20120306195500,0.0,0.0,0.0,0.0,100.0,0.0,0.0,0.0
20120306195600,0.0,0.0,0.0,0.0,100.0,0.0,0.0,0.0
20120306195700,0.0,0.0,0.0,0.0,100.0,0.0,0.0,0.0
20120306195800,0.0,0.0,0.0,0.0,100.0,0.0,0.0,0.0
20120306195900,0.0,0.0,0.0,0.0,100.0,0.0,0.0,0.0
20120306200000,0.0,0.0,0.0,0.0,100.0,0.0,0.0,0.0
20120306200100,0.0,0.0,0.0,0.0,100.0,0.0,0.0,0.0
20120306200200,0.0,0.0,0.0,0.0,100.0,0.0,0.0,0.0
20120306200300,0.0,0.0,0.0,0.0,100.0,0.0,0.0,0.0
20120306200400,0.0,0.0,0.0,0.0,100.0,0.0,0.0,0.0
20120306200500,0.0,0.0,0.0,0.0,100.0,0.0,0.0,0.0
20120306200600,0.0,0.0,0.0,0.0,100.0,0.0,0.0,0.0
20120306200700,0.0,0.0,0.0,0.0,100.0,0.0,0.0,0.0
20120306200800,0.0,0.0,0.0,0.0,99.6,0.0,0.0,0.3
20120306200900,0.0,0.0,0.0,0.0,98.5,0.0,0.0,1.4
20120306201000,0.0,0.0,0.0,0.0,99.3,0.0,0.0,0.7
20120306201100,0.0,0.0,0.0,0.0,99.7,0.0,0.0,0.3
20120306201200,0.0,0.0,0.0,0.0,98.0,0.0,0.0,2.0
20120306201300,0.0,0.0,0.0,0.0,97.4,0.0,0.0,2.5
20120306201400,0.0,0.0,0.0,0.0,99.3,0.0,0.0,0.7
20120306201500,0.0,0.0,0.0,0.0,99.2,0.0,0.0,0.8
20120306201600,0.0,0.1,0.0,0.0,94.5,0.0,0.0,5.4
20120306201700,0.0,0.1,0.0,0.0,96.6,0.0,0.0,3.2
20120306201800,0.0,0.0,0.0,0.0,98.9,0.0,0.0,1.1
20120306201900,0.0,0.0,0.0,0.0,91.7,0.0,0.0,8.3
20120306202000,0.0,0.1,0.0,0.0,97.5,0.0,0.0,2.4
20120306202100,0.0,0.0,0.0,0.0,97.5,0.0,0.0,2.5
20120306202200,0.0,0.0,0.0,0.0,49.0,0.0,0.0,50.9
20120306202300,0.0,0.0,0.0,0.0,85.2,0.0,0.0,14.8
20120306202400,0.0,0.0,0.0,0.0,92.9,0.0,0.0,7.1
20120306202500,0.0,0.1,0.0,0.0,98.2,0.0,0.0,1.7
20120306202600,0.0,0.0,0.0,0.0,99.9,0.0,0.0,0.1
20120306202700,0.0,0.0,0.0,0.0,100.0,0.0,0.0,0.0
20120306202800,0.0,0.0,0.0,0.0,99.9,0.0,0.0,0.0
20120306202900,0.0,0.0,0.0,0.0,99.9,0.0,0.0,0.1
20120306203000,0.0,0.2,0.0,0.0,99.1,0.0,0.0,0.6
20120306203100,0.0,0.0,0.0,0.0,98.4,0.0,1.3,0.3
20120306203200,0.0,0.0,0.0,0.0,96.6,0.0,2.5,0.9
20120306203300,0.0,0.0,0.0,0.0,99.4,0.0,0.1,0.4
20120306203400,0.0,0.0,0.0,0.0,99.8,0.0,0.1,0.1
20120306203500,0.0,0.1,0.0,0.0,85.9,0.0,3.1,10.9
20120306203600,0.0,0.0,0.0,0.0,97.4,0.0,0.0,2.6
20120306203700,0.0,0.0,0.0,0.0,99.8,0.0,0.0,0.2
20120306203800,0.0,0.0,0.0,0.0,99.5,0.0,0.0,0.5
20120306203900,0.0,0.0,0.0,0.0,100.0,0.0,0.0,0.0
20120306204000,0.0,0.0,0.0,0.0,97.2,0.0,0.0,2.8
20120306204100,0.0,0.0,0.0,0.0,100.0,0.0,0.0,0.0
20120306204200,0.0,0.0,0.0,0.0,99.8,0.0,0.0,0.1
20120306204300,0.0,0.0,0.0,0.0,99.6,0.0,0.0,0.3
20120306204400,0.0,0.0,0.0,0.0,99.6,0.0,0.0,0.4
20120306204500,0.0,0.0,0.0,0.0,99.9,0.0,0.0,0.1
20120306204600,0.0,0.0,0.0,0.0,100.0,0.0,0.0,0.0
20120306204700,0.0,0.1,0.0,0.0,99.9,0.0,0.0,0.0
20120306204800,0.0,0.2,0.0,0.0,85.1,0.0,0.7,14.1
20120306204900,0.0,0.0,0.0,0.0,7.6,0.0,5.4,87.0
20120306205000,0.0,0.0,0.0,0.0,0.1,0.0,0.4,99.5
20120306205100,0.0,0.0,0.0,0.0,0.3,0.0,1.1,98.6
20120306205200,0.0,0.0,0.0,0.0,0.2,0.0,13.9,85.9
20120306205300,0.0,0.0,0.0,0.0,1.7,0.0,21.1,77.2
20120306205400,0.0,0.0,0.0,0.0,3.2,0.0,66.9,29.9
20120306205500,0.0,0.0,0.0,0.0,8.1,0.0,25.6,66.3
20120306205600,0.0,0.0,0.0,0.0,9.7,0.0,27.5,62.8
20120306205700,0.0,0.0,0.0,0.0,1.4,0.0,66.0,32.5
20120306205800,0.0,0.0,0.0,0.0,0.3,0.0,72.9,26.8
20120306205900,0.0,0.0,0.0,0.0,0.1,0.0,19.7,80.2
20120306210000,0.0,0.0,0.0,0.0,0.3,0.0,71.2,28.5
20120306210100,0.0,0.0,0.0,0.0,0.0,0.0,18.2,81.8
20120306210200,0.0,0.0,0.0,0.3,99.7,0.0,0.0,0.0
20120306210300,0.0,0.1,0.0,0.0,99.9,0.0,0.0,0.0
20120306210400,0.0,1.1,0.0,0.0,98.9,0.0,0.0,0.0
20120306210500,0.0,4.8,0.0,0.1,94.0,0.0,0.0,1.2
20120306210600,0.0,0.0,0.0,0.2,99.8,0.0,0.0,0.0
20120306210700,0.0,0.0,0.0,0.1,94.0,0.0,5.9,0.0
20120306210800,0.0,0.0,0.0,0.2,99.0,0.0,0.6,0.1
20120306210900,0.0,0.0,0.0,4.7,40.8,0.0,41.8,12.6
20120306211000,0.0,0.0,0.0,0.1,0.5,0.0,97.9,1.5
20120306211100,0.0,0.0,0.0,0.1,0.3,0.0,94.1,5.5
20120306211200,0.0,0.0,0.0,0.0,0.1,0.0,96.1,3.8
20120306211300,0.0,0.0,0.0,0.1,0.9,0.0,98.2,0.7
20120306211400,0.0,0.0,0.0,0.1,3.4,0.0,95.9,0.6
20120306211500,0.0,0.0,0.0,0.1,0.3,0.0,99.3,0.3
20120306211600,0.0,0.0,0.0,0.0,1.5,0.0,98.1,0.4
20120306211700,0.0,0.0,0.0,0.1,26.8,0.0,72.8,0.2
20120306211800,0.0,0.0,0.0,0.4,86.1,0.0,13.4,0.2
20120306211900,0.0,0.0,0.0,1.2,33.3,0.0,62.9,2.6
20120306212000,0.0,0.0,0.0,0.1,5.0,0.0,94.6,0.2
20120306212100,0.0,0.0,0.0,0.0,0.0,0.0,99.9,0.1
20120306212200,0.0,0.0,0.0,0.0,0.1,0.0,99.2,0.6
20120306212300,0.0,0.0,0.0,0.0,0.0,0.0,98.4,1.5
20120306212400,0.0,0.0,0.0,0.0,0.0,0.0,99.5,0.5
20120306212500,0.0,0.0,0.0,0.0,0.0,0.0,99.9,0.1
20120306212600,0.0,0.0,0.0,0.0,0.0,0.0,100.0,0.0
20120306212700,0.0,0.0,0.0,0.0,0.0,0.0,99.8,0.2
20120306212800,0.0,0.0,0.0,0.0,0.0,0.0,99.9,0.1
20120306212900,0.0,0.0,0.0,0.0,0.0,0.0,100.0,0.0
20120306213000,0.0,0.0,0.0,0.0,0.1,0.0,99.8,0.1
20120306213100,0.0,0.0,0.0,0.0,0.1,0.0,99.8,0.1
20120306213200,0.0,0.0,0.0,0.0,0.0,0.0,99.6,0.4
20120306213300,0.0,0.0,0.0,0.0,0.0,0.0,99.9,0.0
20120306213400,0.0,0.0,0.0,0.0,0.0,0.0,99.9,0.1
20120306213500,0.0,0.0,0.0,0.1,0.5,0.0,99.3,0.1
20120306213600,0.0,0.0,0.0,0.2,1.5,0.0,97.1,1.2
20120306213700,0.0,0.0,0.0,0.5,7.5,0.0,82.6,9.3
20120306213800,0.0,0.0,0.0,0.2,4.3,0.0,88.7,6.7
20120306213900,0.0,0.0,0.0,0.1,2.3,0.0,86.9,10.7
20120306214000,0.0,0.0,0.0,1.7,9.5,0.0,77.7,11.1
20120306214100,0.0,0.0,0.0,0.6,18.1,0.0,69.1,12.2
20120306214200,0.0,0.1,0.0,1.2,15.6,0.0,71.6,11.5
20120306214300,0.0,0.2,0.0,1.6,24.4,0.0,69.2,4.6
20120306214400,0.0,0.0,0.0,0.9,10.0,0.0,75.9,13.1
20120306214500,0.0,0.2,0.0,1.1,14.5,0.0,48.9,35.3
20120306214600,0.0,0.1,0.0,0.1,1.6,0.0,88.3,9.9
20120306214700,0.0,0.1,0.0,0.1,2.6,0.0,92.5,4.7
20120306214800,0.0,0.0,0.0,0.0,1.5,0.0,88.6,9.9
20120306214900,0.0,0.0,0.0,0.1,4.3,0.0,91.1,4.5
20120306215000,0.0,0.0,0.0,0.0,1.7,0.0,74.2,24.0
20120306215100,0.0,0.0,0.0,0.0,1.1,0.0,42.6,56.3
20120306215200,0.0,0.0,0.0,0.0,0.3,0.0,5.8,93.8
20120306215300,0.0,0.1,0.0,0.0,2.4,0.0,18.3,79.2
20120306215400,0.0,0.1,0.0,0.0,2.5,0.0,7.5,89.9
20120306215500,0.0,3.0,0.0,0.0,43.1,0.0,33.0,20.9
20120306215600,0.0,1.8,0.0,0.0,21.4,0.0,32.7,44.0
20120306215700,0.0,0.3,0.0,0.0,37.9,0.0,14.4,47.3
20120306215800,0.0,0.0,0.0,0.0,17.8,0.0,5.8,76.3
20120306215900,0.0,0.0,0.0,0.0,23.4,0.0,2.7,73.9
20120306220000,0.0,0.1,0.0,0.0,33.6,0.0,2.3,64.0
20120306220100,0.0,0.0,0.0,0.0,8.1,0.0,2.6,89.4
20120306220200,0.0,0.1,0.0,0.0,26.8,0.0,7.0,66.2
20120306220300,0.0,0.1,0.0,0.0,55.8,0.0,1.9,42.1
20120306220400,0.0,0.0,0.0,0.0,20.5,0.0,0.4,79.1
20120306220500,0.0,0.0,0.0,0.1,69.7,0.0,0.3,29.9
20120306220600,0.0,0.0,0.0,0.0,9.0,0.0,0.0,90.9
20120306220700,0.0,0.0,0.0,0.0,2.3,0.0,0.1,97.6
20120306220800,0.0,0.0,0.0,0.0,3.2,0.0,0.1,96.6
20120306220900,0.0,0.0,0.0,0.0,25.7,0.0,0.1,74.1
20120306221000,0.0,0.0,0.0,0.0,24.8,0.0,0.5,74.6
20120306221100,0.0,0.0,0.0,0.0,0.6,0.0,0.1,99.3
20120306221200,0.0,0.0,0.0,0.0,0.2,0.0,0.0,99.8
20120306221300,0.0,0.0,0.0,0.0,0.3,0.0,0.0,99.6
20120306221400,0.0,0.0,0.0,0.0,0.0,0.0,0.0,100.0
20120306221500,0.0,0.0,0.0,0.0,0.0,0.0,0.0,100.0
20120306221600,0.0,0.0,0.0,0.0,0.1,0.0,0.0,99.9
20120306221700,0.0,0.0,0.0,0.0,0.1,0.0,0.0,99.9
20120306221800,0.0,0.0,0.0,0.0,0.0,0.0,0.0,100.0
20120306221900,0.0,0.0,0.0,0.0,0.1,0.0,0.0,99.9
20120306222000,0.0,0.0,0.0,0.0,0.0,0.0,0.0,100.0
20120306222100,0.0,0.0,0.0,0.0,0.0,0.0,0.0,100.0
20120306222200,0.0,0.0,0.0,0.0,0.0,0.0,0.0,100.0
20120306222300,0.0,0.0,0.0,0.0,0.0,0.0,0.0,100.0
20120306222400,0.0,0.0,0.0,0.0,0.0,0.0,0.1,99.9
20120306222500,0.0,0.0,0.0,0.0,0.0,0.0,0.5,99.4
20120306222600,0.0,0.0,0.0,0.0,0.0,0.0,0.2,99.8
20120306222700,0.0,0.0,0.0,0.0,0.0,0.0,0.1,99.8
20120306222800,0.0,0.0,0.0,0.0,0.0,0.0,0.2,99.7
20120306222900,0.0,0.0,0.0,0.0,0.2,0.0,0.5,99.4
20120306223000,0.0,0.0,0.0,0.0,0.0,0.0,0.3,99.6
20120306223100,0.0,0.0,0.0,0.0,0.0,0.0,0.2,99.8
20120306223200,0.0,0.0,0.0,0.0,0.0,0.0,2.4,97.6
20120306223300,0.0,0.0,0.0,0.0,0.2,0.0,5.2,94.6
20120306223400,0.0,0.0,0.0,0.0,0.8,0.0,12.7,86.4
20120306223500,0.0,0.0,0.0,0.0,0.2,0.0,40.8,59.0
20120306223600,0.0,0.0,0.0,0.0,2.4,0.0,13.1,84.5
20120306223700,0.0,0.0,0.0,0.0,12.8,0.0,42.2,45.0
20120306223800,0.0,0.0,0.0,0.0,0.3,0.0,3.2,96.5
20120306223900,0.0,0.0,0.0,0.0,0.2,0.0,5.3,94.6
20120306224000,0.0,0.0,0.0,0.0,11.3,0.0,26.0,62.7
20120306224100,0.0,0.0,0.0,0.0,17.5,0.0,78.8,3.7
20120306224200,0.0,0.0,0.0,0.0,74.1,0.0,24.6,1.2
20120306224300,0.0,0.0,0.0,0.0,40.8,0.0,54.5,4.7
20120306224400,0.0,0.0,0.0,0.0,3.0,0.0,96.2,0.8
20120306224500,0.0,0.0,0.0,0.0,4.7,0.0,89.9,5.4
20120306224600,0.0,0.0,0.0,0.1,58.9,0.0,40.5,0.6
20120306224700,0.0,0.0,0.0,0.0,23.9,0.0,73.9,2.3
20120306224800,0.0,0.0,0.0,0.0,56.9,0.0,43.1,0.1
20120306224900,0.0,0.0,0.0,0.0,97.0,0.0,2.0,1.0
20120306225000,0.0,0.0,0.0,0.0,60.3,0.0,26.6,13.1
20120306225100,0.0,0.0,0.0,0.0,31.4,0.0,11.0,57.5
20120306225200,0.0,0.0,0.0,0.0,3.5,0.0,1.1,95.4
20120306225300,0.0,0.0,0.0,0.0,11.6,0.0,0.8,87.6
20120306225400,0.0,0.0,0.0,0.0,76.4,0.0,0.1,23.5
20120306225500,0.0,0.0,0.0,0.0,95.8,0.0,0.0,4.2
20120306225600,0.0,0.0,0.0,0.0,91.5,0.0,0.0,8.5
20120306225700,0.0,0.0,0.0,0.0,95.3,0.0,0.0,4.7
20120306225800,0.0,0.0,0.0,0.0,99.9,0.0,0.0,0.1
20120306225900,0.0,0.0,0.0,0.0,99.9,0.0,0.0,0.1
20120306230000,0.0,0.0,0.0,0.0,100.0,0.0,0.0,0.0
20120306230100,0.0,0.0,0.0,0.0,99.6,0.0,0.0,0.4
20120306230200,0.0,0.0,0.0,0.0,99.8,0.0,0.0,0.2
20120306230300,0.0,0.0,0.0,0.0,99.9,0.0,0.0,0.1
20120306230400,0.0,0.0,0.0,0.0,67.4,0.0,0.0,32.6
20120306230500,0.0,0.0,0.0,0.0,95.9,0.0,0.0,4.1
20120306230600,0.0,0.0,0.0,0.0,85.1,0.0,0.0,14.9
20120306230700,0.0,0.0,0.0,0.0,92.0,0.0,0.0,8.0
20120306230800,0.0,0.0,0.0,0.0,61.1,0.0,0.0,38.9
20120306230900,0.0,0.0,0.0,0.0,97.4,0.0,0.0,2.6
20120306231000,0.0,0.0,0.0,0.0,66.9,0.0,0.0,33.1
20120306231100,0.0,0.0,0.0,0.0,25.5,0.0,0.0,74.5
20120306231200,0.0,0.0,0.0,0.0,45.5,0.0,0.0,54.5
20120306231300,0.0,0.0,0.0,0.0,99.9,0.0,0.0,0.1
20120306231400,0.0,0.0,0.0,0.0,97.3,0.0,0.0,2.7
20120306231500,0.0,0.0,0.0,0.0,43.5,0.0,0.0,56.5
20120306231600,0.0,0.0,0.0,0.0,20.0,0.0,0.0,80.0
20120306231700,0.0,0.0,0.0,0.0,66.6,0.0,0.0,33.4
20120306231800,0.0,0.0,0.0,0.0,57.6,0.0,0.0,42.4
20120306231900,0.0,0.0,0.0,0.0,89.9,0.0,0.0,10.0
20120306232000,0.0,0.0,0.0,0.0,88.9,0.0,0.0,11.1
20120306232100,0.0,0.0,0.0,0.0,66.5,0.0,0.0,33.5
20120306232200,0.0,0.0,0.0,0.0,98.6,0.0,0.0,1.4
20120306232300,0.0,0.0,0.0,0.0,73.4,0.0,0.0,26.6
20120306232400,0.0,0.0,0.0,0.0,60.9,0.0,0.0,39.1
20120306232500,0.0,0.0,0.0,0.0,56.3,0.0,0.0,43.7
20120306232600,0.0,0.0,0.0,0.0,38.5,0.0,0.0,61.5
20120306232700,0.0,0.0,0.0,0.0,2.8,0.0,0.0,97.2
20120306232800,0.0,0.0,0.0,0.0,50.9,0.0,0.0,49.1
20120306232900,0.0,0.0,0.0,0.0,95.8,0.0,0.0,4.2
20120306233000,0.0,0.0,0.0,0.0,99.7,0.0,0.0,0.3
20120306233100,0.0,0.0,0.0,0.0,99.9,0.0,0.0,0.1
20120306233200,0.0,0.0,0.0,0.0,100.0,0.0,0.0,0.0
20120306233300,0.0,0.0,0.0,0.0,97.0,0.0,0.0,3.0
20120306233400,0.0,0.0,0.0,0.0,99.2,0.0,0.0,0.8
20120306233500,0.0,0.0,0.0,0.0,99.5,0.0,0.0,0.5
20120306233600,0.0,0.0,0.0,0.0,99.7,0.0,0.0,0.3
20120306233700,0.0,0.0,0.0,0.0,100.0,0.0,0.0,0.0
20120306233800,0.0,0.0,0.0,0.0,100.0,0.0,0.0,0.0
20120306233900,0.0,0.0,0.0,0.0,100.0,0.0,0.0,0.0
20120306234000,0.0,0.0,0.0,0.0,100.0,0.0,0.0,0.0
20120306234100,0.0,0.0,0.0,0.0,99.5,0.0,0.0,0.5
20120306234200,0.0,0.0,0.0,0.0,100.0,0.0,0.0,0.0
20120306234300,0.0,0.0,0.0,0.0,99.9,0.0,0.0,0.1
20120306234400,0.0,0.0,0.0,0.0,99.9,0.0,0.0,0.1
20120306234500,0.0,0.0,0.0,0.0,99.9,0.0,0.0,0.1
20120306234600,0.0,0.0,0.0,0.0,100.0,0.0,0.0,0.0
20120306234700,0.0,0.0,0.0,0.0,99.8,0.0,0.0,0.2
20120306234800,0.0,0.0,0.0,0.0,99.8,0.0,0.0,0.2
20120306234900,0.0,0.0,0.0,0.0,98.6,0.0,0.0,1.4
20120306235000,0.0,0.0,0.0,0.0,99.7,0.0,0.0,0.3
20120306235100,0.0,0.0,0.0,0.0,98.8,0.0,0.0,1.2
20120306235200,0.0,0.0,0.0,0.0,98.8,0.0,0.0,1.2
20120306235300,0.0,0.0,0.0,0.0,98.6,0.0,0.0,1.4
20120306235400,0.0,0.0,0.0,0.0,99.7,0.0,0.0,0.3
20120306235500,0.0,0.0,0.0,0.0,99.8,0.0,0.0,0.2
20120306235600,0.0,0.0,0.0,0.0,98.4,0.0,0.0,1.6
20120306235700,0.0,0.0,0.0,0.0,96.3,0.0,0.0,3.7
20120306235800,0.0,0.0,0.0,0.0,99.7,0.0,0.0,0.3
20120306235900,0.0,0.0,0.0,0.0,16.8,0.0,0.1,83.1
20120307000000,0.0,0.0,0.0,0.0,23.1,0.0,0.0,76.8
20120307000100,0.0,0.0,0.0,0.0,94.6,0.0,0.7,4.7
20120307000200,0.0,0.0,0.0,0.0,92.3,0.0,0.6,7.1
20120307000300,0.0,0.1,0.0,0.0,89.5,0.0,4.9,5.5
20120307000400,0.0,0.0,0.0,0.0,70.4,0.0,27.9,1.7
20120307000500,0.0,0.0,0.0,0.0,33.8,0.0,61.5,4.6
20120307000600,0.0,0.0,0.0,0.0,4.2,0.0,95.5,0.3
20120307000700,0.0,0.0,0.0,0.0,80.2,0.0,19.4,0.4
20120307000800,0.0,0.0,0.0,0.0,80.9,0.0,18.2,0.8
20120307000900,0.0,0.0,0.0,0.0,59.6,0.0,38.9,1.5
20120307001000,0.0,0.0,0.0,0.0,10.6,0.0,88.6,0.7
20120307001100,0.0,0.0,0.0,0.0,17.8,0.0,79.8,2.4
20120307001200,0.0,0.0,0.0,0.0,21.7,0.0,77.9,0.4
20120307001300,0.0,0.1,0.0,0.0,19.2,0.0,79.7,1.0
20120307001400,0.0,0.1,0.0,0.0,7.8,0.0,41.5,50.7
20120307001500,0.0,0.0,0.0,0.0,2.6,0.0,71.0,26.4
20120307001600,0.0,0.0,0.0,0.0,0.1,0.0,42.3,57.5
20120307001700,0.0,0.0,0.0,0.0,5.0,0.0,92.2,2.9
20120307001800,0.0,0.0,0.0,0.0,0.0,0.0,94.5,5.5
20120307001900,0.0,0.0,0.0,0.0,0.0,0.0,99.1,0.8
20120307002000,0.0,0.0,0.0,0.0,0.0,0.0,97.1,2.9
20120307002100,0.0,0.0,0.0,0.0,0.0,0.0,100.0,0.0
20120307002200,0.0,0.0,0.0,0.0,0.0,0.0,97.1,2.9
20120307002300,0.0,0.0,0.0,0.0,0.0,0.0,99.4,0.6
20120307002400,0.0,0.0,0.0,0.0,0.0,0.0,99.8,0.2
20120307002500,0.0,0.0,0.0,0.0,0.0,0.0,96.9,3.1
20120307002600,0.0,0.0,0.0,0.0,0.0,0.0,99.7,0.3
20120307002700,0.0,0.0,0.0,0.0,0.0,0.0,99.2,0.8
20120307002800,0.0,0.0,0.0,0.0,0.0,0.0,100.0,0.0
20120307002900,0.0,0.0,0.0,0.0,0.0,0.0,99.9,0.1
20120307003000,0.0,0.0,0.0,0.0,0.0,0.0,99.9,0.1
20120307003100,0.0,0.0,0.0,0.0,0.0,0.0,99.7,0.3
20120307003200,0.0,0.0,0.0,0.0,0.0,0.0,99.9,0.1
20120307003300,0.0,0.0,0.0,0.0,0.1,0.0,96.6,3.4
20120307003400,0.0,0.0,0.0,0.0,0.0,0.0,97.8,2.2
20120307003500,0.0,0.0,0.0,0.0,0.0,0.0,65.6,34.3
20120307003600,0.0,0.0,0.0,0.0,0.2,0.0,88.6,11.2
20120307003700,0.0,0.0,0.0,0.0,0.1,0.0,82.3,17.6
20120307003800,0.0,0.0,0.0,0.0,0.0,0.0,88.1,11.8
20120307003900,0.0,0.0,0.0,0.0,0.0,0.0,90.6,9.3
20120307004000,0.0,0.0,0.0,0.0,0.2,0.0,93.4,6.4
20120307004100,0.0,0.0,0.0,0.0,0.0,0.0,99.4,0.5
20120307004200,0.0,0.0,0.0,0.0,0.0,0.0,72.4,27.5
20120307004300,0.0,0.0,0.0,0.0,0.0,0.0,92.3,7.6
20120307004400,0.0,0.0,0.0,0.0,0.0,0.0,100.0,0.0
20120307004500,0.0,0.0,0.0,0.0,0.1,0.0,99.7,0.2
20120307004600,0.0,0.0,0.0,0.0,0.1,0.0,98.6,1.3
20120307004700,0.0,0.0,0.0,0.0,0.0,0.0,97.0,2.9
20120307004800,0.0,0.0,0.0,0.0,0.0,0.0,99.2,0.8
20120307004900,0.0,0.0,0.0,0.0,0.0,0.0,98.2,1.8
20120307005000,0.0,0.0,0.0,0.0,0.1,0.0,97.3,2.6
20120307005100,0.0,0.0,0.0,0.0,0.0,0.0,99.8,0.2
20120307005200,0.0,0.0,0.0,0.0,0.0,0.0,51.4,48.6
20120307005300,0.0,0.0,0.0,0.0,0.0,0.0,94.3,5.7
20120307005400,0.0,0.0,0.0,0.0,0.0,0.0,51.9,48.1
20120307005500,0.0,0.0,0.0,0.0,0.4,0.0,6.9,92.7
20120307005600,0.0,0.0,0.0,0.0,0.2,0.0,5.7,94.0
20120307005700,0.0,0.0,0.0,0.0,0.0,0.0,0.2,99.8
20120307005800,0.0,0.0,0.0,0.0,0.0,0.0,0.0,100.0
20120307005900,0.0,0.0,0.0,0.0,0.1,0.0,0.0,99.9
20120307010000,0.0,0.0,0.0,0.0,0.0,0.0,0.0,100.0
20120307010100,0.0,0.0,0.0,0.0,4.3,0.0,0.0,95.6
20120307010200,0.0,0.0,0.0,0.0,27.5,0.0,0.0,72.5
20120307010300,0.0,0.0,0.0,0.0,20.6,0.0,0.0,79.4
20120307010400,0.0,0.0,0.0,0.0,1.2,0.0,0.0,98.8
20120307010500,0.0,0.1,0.0,0.0,87.2,0.0,0.0,12.7
20120307010600,0.0,0.0,0.0,0.0,19.1,0.0,0.0,80.9
20120307010700,0.0,0.6,0.0,0.0,96.9,0.0,0.0,2.5
20120307010800,0.0,0.0,0.0,0.0,100.0,0.0,0.0,0.0
20120307010900,0.0,1.6,0.0,0.0,98.0,0.0,0.0,0.3
20120307011000,0.0,0.0,0.0,0.0,100.0,0.0,0.0,0.0
20120307011100,0.0,0.0,0.0,0.0,98.5,0.0,0.0,1.5
20120307011200,0.0,0.0,0.0,0.0,99.0,0.0,0.0,1.0
20120307011300,0.0,1.3,0.0,0.0,98.7,0.0,0.0,0.0
20120307011400,0.0,1.3,0.0,0.0,98.7,0.0,0.0,0.0
20120307011500,0.0,2.7,0.0,0.0,97.3,0.0,0.0,0.0
20120307011600,0.0,21.5,0.0,0.0,78.5,0.0,0.0,0.0
20120307011700,0.0,0.5,0.0,0.0,97.4,0.0,0.0,2.1
20120307011800,0.0,0.4,0.0,0.0,99.6,0.0,0.0,0.0
20120307011900,0.0,0.2,0.0,0.5,99.4,0.0,0.0,0.0
20120307012000,0.0,37.3,0.0,0.0,62.6,0.0,0.0,0.0
20120307012100,0.0,0.1,0.0,0.0,99.0,0.0,0.0,0.8
20120307012200,0.0,1.6,0.0,0.0,98.4,0.0,0.0,0.0
20120307012300,0.0,0.0,0.0,0.0,99.9,0.0,0.0,0.0
20120307012400,0.0,0.0,0.0,0.0,100.0,0.0,0.0,0.0
20120307012500,0.0,0.0,0.0,0.3,99.6,0.0,0.0,0.0
20120307012600,0.0,0.0,0.0,0.2,93.4,0.0,3.0,3.5
20120307012700,0.0,0.0,0.0,0.2,48.7,0.0,47.7,3.4
20120307012800,0.0,0.0,0.0,0.0,1.2,0.0,96.3,2.4
20120307012900,0.0,0.0,0.0,0.0,11.9,0.0,87.1,1.0
20120307013000,0.0,0.0,0.0,0.7,57.9,0.0,39.3,2.1
20120307013100,0.0,0.0,0.0,0.0,0.4,0.0,98.4,1.2
20120307013200,0.0,0.0,0.0,0.5,20.6,0.0,78.8,0.1
20120307013300,0.0,0.0,0.0,0.2,4.6,0.0,95.0,0.2
20120307013400,0.0,0.0,0.0,0.0,0.0,0.0,100.0,0.0
20120307013500,0.0,0.0,0.0,0.0,0.0,0.0,98.5,1.5
20120307013600,0.0,0.0,0.0,0.0,0.1,0.0,77.2,22.7
20120307013700,0.0,0.0,0.0,0.0,0.1,0.0,98.9,1.0
20120307013800,0.0,0.0,0.0,0.0,0.0,0.0,99.6,0.3
20120307013900,0.0,0.0,0.0,0.0,0.8,0.0,91.4,7.8
20120307014000,0.0,0.0,0.0,0.0,19.8,0.0,69.0,11.3
20120307014100,0.0,0.0,0.0,0.0,1.5,0.0,84.2,14.3
20120307014200,0.0,0.0,0.0,0.0,0.6,0.0,63.7,35.7
20120307014300,0.0,0.0,0.0,0.0,6.5,0.0,0.7,92.8
20120307014400,0.0,0.1,0.0,0.0,19.2,0.0,0.7,79.9
20120307014500,0.0,0.1,0.0,0.0,71.1,0.0,0.0,28.8
20120307014600,0.0,0.0,0.0,0.0,100.0,0.0,0.0,0.0
20120307014700,0.0,0.0,0.0,0.0,99.8,0.0,0.0,0.1
20120307014800,0.0,0.0,0.0,0.0,100.0,0.0,0.0,0.0
20120307014900,0.0,0.0,0.0,0.0,99.9,0.0,0.0,0.1
20120307015000,0.0,0.1,0.0,0.0,90.1,0.0,0.0,9.8
20120307015100,0.0,0.1,0.0,0.0,99.7,0.0,0.0,0.2
20120307015200,0.0,0.2,0.0,0.0,98.7,0.0,0.0,1.0
20120307015300,0.0,0.0,0.0,0.0,99.1,0.0,0.0,0.9
20120307015400,0.0,0.0,0.0,0.0,99.5,0.0,0.0,0.5
20120307015500,0.0,0.0,0.0,0.0,99.0,0.0,0.0,1.0
20120307015600,0.0,0.0,0.0,0.0,99.6,0.0,0.0,0.4
20120307015700,0.0,0.0,0.0,0.0,99.9,0.0,0.0,0.1
20120307015800,0.0,0.0,0.0,0.0,99.6,0.0,0.0,0.4
20120307015900,0.0,0.0,0.0,0.0,100.0,0.0,0.0,0.0
20120307020000,0.0,0.0,0.0,0.0,99.9,0.0,0.0,0.1
20120307020100,0.0,0.0,0.0,0.0,98.3,0.0,0.0,1.7
20120307020200,0.0,0.0,0.0,0.0,90.2,0.0,0.0,9.8
20120307020300,0.0,0.0,0.0,0.0,89.1,0.0,0.0,10.9
20120307020400,0.0,0.0,0.0,0.0,99.6,0.0,0.0,0.4
20120307020500,0.0,0.0,0.0,0.0,98.4,0.0,0.0,1.6
20120307020600,0.0,0.0,0.0,0.0,89.9,0.0,0.0,10.1
20120307020700,0.0,0.0,0.0,0.0,64.7,0.0,0.0,35.3
20120307020800,0.0,0.0,0.0,0.0,81.4,0.0,0.0,18.6
20120307020900,0.0,0.0,0.0,0.0,96.2,0.0,0.0,3.8
20120307021000,0.0,0.0,0.0,0.0,63.1,0.0,0.0,36.9
20120307021100,0.0,0.0,0.0,0.0,98.7,0.0,0.0,1.3
20120307021200,0.0,0.0,0.0,0.0,40.2,0.0,0.0,59.8
20120307021300,0.0,0.0,0.0,0.0,35.9,0.0,0.0,64.1
20120307021400,0.0,0.0,0.0,0.0,40.1,0.0,0.0,59.9
20120307021500,0.0,0.0,0.0,0.0,98.4,0.0,0.0,1.6
20120307021600,0.0,0.0,0.0,0.0,96.3,0.0,0.0,3.7
20120307021700,0.0,0.0,0.0,0.0,50.6,0.0,0.0,49.4
20120307021800,0.0,0.0,0.0,0.0,31.2,0.0,0.0,68.8
20120307021900,0.0,0.0,0.0,0.0,37.8,0.0,0.0,62.2
20120307022000,0.0,0.0,0.0,0.0,85.0,0.0,0.0,15.0
20120307022100,0.0,0.0,0.0,0.0,3.0,0.0,0.0,97.0
20120307022200,0.0,0.0,0.0,0.0,20.6,0.0,0.0,79.4
20120307022300,0.0,0.0,0.0,0.0,78.5,0.0,0.0,21.5
20120307022400,0.0,0.0,0.0,0.0,81.4,0.0,0.0,18.6
20120307022500,0.0,0.0,0.0,0.0,99.1,0.0,0.0,0.9
20120307022600,0.0,0.9,0.0,0.0,99.1,0.0,0.0,0.0
20120307022700,0.0,0.1,0.0,0.0,99.8,0.0,0.0,0.1
20120307022800,0.0,0.0,0.0,0.0,51.8,0.0,0.0,48.2
20120307022900,0.0,0.0,0.0,0.0,24.2,0.0,0.0,75.8
20120307023000,0.0,0.0,0.0,0.0,48.5,0.0,0.0,51.5
20120307023100,0.0,0.0,0.0,0.0,24.4,0.0,0.0,75.6
20120307023200,0.0,0.0,0.0,0.0,99.7,0.0,0.0,0.3
20120307023300,0.0,0.5,0.0,0.0,69.9,0.0,0.0,29.6
20120307023400,0.0,0.0,0.0,0.0,76.0,0.0,0.0,24.0
20120307023500,0.0,0.1,0.0,0.0,94.6,0.0,0.0,5.3
20120307023600,0.0,0.0,0.0,0.0,99.9,0.0,0.0,0.1
20120307023700,0.0,0.1,0.0,0.0,41.5,0.0,0.0,58.4
20120307023800,0.0,0.0,0.0,0.0,99.3,0.0,0.0,0.7
20120307023900,0.0,0.0,0.0,0.0,52.0,0.0,0.0,48.0
20120307024000,0.0,0.1,0.0,0.0,99.8,0.0,0.0,0.1
20120307024100,0.0,0.1,0.0,0.0,92.9,0.0,0.0,7.0
20120307024200,0.0,0.0,0.0,0.0,90.2,0.0,0.0,9.8
20120307024300,0.0,0.0,0.0,0.0,100.0,0.0,0.0,0.0
20120307024400,0.0,0.0,0.0,0.0,100.0,0.0,0.0,0.0
20120307024500,0.0,0.0,0.0,0.0,99.8,0.0,0.0,0.2
20120307024600,0.0,0.0,0.0,0.0,99.8,0.0,0.0,0.2
20120307024700,0.0,0.0,0.0,0.0,99.6,0.0,0.0,0.4
20120307024800,0.0,0.0,0.0,0.0,99.5,0.0,0.0,0.5
20120307024900,0.0,0.0,0.0,0.0,99.9,0.0,0.0,0.1
20120307025000,0.0,0.0,0.0,0.0,98.6,0.0,0.0,1.4
20120307025100,0.0,0.0,0.0,0.0,79.3,0.0,0.0,20.7
20120307025200,0.0,0.0,0.0,0.0,98.0,0.0,0.0,2.0
20120307025300,0.0,0.0,0.0,0.0,98.8,0.0,0.0,1.2
20120307025400,0.0,0.1,0.0,0.0,79.1,0.0,0.0,20.8
20120307025500,0.0,0.0,0.0,0.0,98.5,0.0,0.0,1.5
20120307025600,0.0,0.0,0.0,0.0,57.0,0.0,0.0,43.0
20120307025700,0.0,0.0,0.0,0.0,99.6,0.0,0.0,0.4
20120307025800,0.0,0.0,0.0,0.0,99.2,0.0,0.0,0.8
20120307025900,0.0,0.0,0.0,0.0,61.2,0.0,0.0,38.8
20120307030000,0.0,0.0,0.0,0.0,98.9,0.0,0.0,1.1
20120307030100,0.0,0.0,0.0,0.0,98.9,0.0,0.0,1.1
20120307030200,0.0,0.0,0.0,0.0,98.8,0.0,0.0,1.2
20120307030300,0.0,0.0,0.0,0.0,97.4,0.0,0.0,2.6
20120307030400,0.0,0.0,0.0,0.0,99.4,0.0,0.0,0.6
20120307030500,0.0,0.0,0.0,0.0,93.3,0.0,0.0,6.7
20120307030600,0.0,0.0,0.0,0.0,99.4,0.0,0.0,0.6
20120307030700,0.0,0.0,0.0,0.0,100.0,0.0,0.0,0.0
20120307030800,0.0,0.0,0.0,0.0,99.6,0.0,0.0,0.4
20120307030900,0.0,0.0,0.0,0.0,100.0,0.0,0.0,0.0
20120307031000,0.0,0.0,0.0,0.0,100.0,0.0,0.0,0.0
20120307031100,0.0,0.0,0.0,0.0,99.6,0.0,0.0,0.4
20120307031200,0.0,0.0,0.0,0.0,99.8,0.0,0.0,0.2
20120307031300,0.0,0.0,0.0,0.0,100.0,0.0,0.0,0.0
20120307031400,0.0,0.0,0.0,0.0,99.9,0.0,0.0,0.1
20120307031500,0.0,0.0,0.0,0.0,100.0,0.0,0.0,0.0
20120307031600,0.0,0.0,0.0,0.0,99.6,0.0,0.0,0.4
20120307031700,0.0,0.0,0.0,0.0,100.0,0.0,0.0,0.0
20120307031800,0.0,0.0,0.0,0.0,100.0,0.0,0.0,0.0
20120307031900,0.0,0.0,0.0,0.0,100.0,0.0,0.0,0.0
20120307032000,0.0,0.0,0.0,0.0,100.0,0.0,0.0,0.0
20120307032100,0.0,0.0,0.0,0.0,100.0,0.0,0.0,0.0
20120307032200,0.0,0.0,0.0,0.0,100.0,0.0,0.0,0.0
20120307032300,0.0,0.0,0.0,0.0,100.0,0.0,0.0,0.0
20120307032400,0.0,0.0,0.0,0.0,99.9,0.0,0.0,0.1
20120307032500,0.0,0.0,0.0,0.0,100.0,0.0,0.0,0.0
20120307032600,0.0,0.0,0.0,0.0,100.0,0.0,0.0,0.0
20120307032700,0.0,0.0,0.0,0.0,100.0,0.0,0.0,0.0
20120307032800,0.0,0.0,0.0,0.0,99.9,0.0,0.0,0.1
20120307032900,0.0,0.0,0.0,0.0,100.0,0.0,0.0,0.0
20120307033000,0.0,0.0,0.0,0.0,100.0,0.0,0.0,0.0
20120307033100,0.0,0.0,0.0,0.0,100.0,0.0,0.0,0.0
20120307033200,0.0,0.0,0.0,0.0,100.0,0.0,0.0,0.0
20120307033300,0.0,0.0,0.0,0.0,99.9,0.0,0.0,0.1
20120307033400,0.0,0.0,0.0,0.0,100.0,0.0,0.0,0.0
20120307033500,0.0,0.0,0.0,0.0,100.0,0.0,0.0,0.0
20120307033600,0.0,0.0,0.0,0.0,100.0,0.0,0.0,0.0
20120307033700,0.0,0.0,0.0,0.0,100.0,0.0,0.0,0.0
20120307033800,0.0,0.0,0.0,0.0,99.7,0.0,0.0,0.3
20120307033900,0.0,0.0,0.0,0.0,100.0,0.0,0.0,0.0
20120307034000,0.0,0.0,0.0,0.0,100.0,0.0,0.0,0.0
20120307034100,0.0,0.0,0.0,0.0,89.4,0.0,0.0,10.6
20120307034200,0.0,0.0,0.0,0.0,96.8,0.0,0.0,3.2
20120307034300,0.0,0.0,0.0,0.0,74.7,0.0,0.0,25.3
20120307034400,0.0,0.0,0.0,0.0,40.3,0.0,0.0,59.7
20120307034500,0.0,0.0,0.0,0.0,38.6,0.0,0.0,61.4
20120307034600,0.0,0.0,0.0,0.0,18.1,0.0,0.0,81.9
20120307034700,0.0,0.0,0.0,0.0,16.1,0.0,0.0,83.9
20120307034800,0.0,0.0,0.0,0.0,1.1,0.0,0.0,98.9
20120307034900,0.0,0.0,0.0,0.0,0.1,0.0,0.0,99.9
20120307035000,0.0,0.0,0.0,0.0,0.4,0.0,0.0,99.6
20120307035100,0.0,0.0,0.0,0.0,0.0,0.0,0.0,100.0
20120307035200,0.0,0.0,0.0,0.0,0.2,0.0,0.0,99.8
20120307035300,0.0,0.0,0.0,0.0,0.1,0.0,0.0,99.9
20120307035400,0.0,0.0,0.0,0.0,0.0,0.0,0.0,100.0
20120307035500,0.0,0.0,0.0,0.0,0.0,0.0,0.0,100.0
20120307035600,0.0,0.0,0.0,0.0,0.0,0.0,0.0,100.0
20120307035700,0.0,0.0,0.0,0.0,0.0,0.0,0.0,100.0
20120307035800,0.0,0.0,0.0,0.0,0.0,0.0,0.0,100.0
20120307035900,0.0,0.0,0.0,0.0,0.0,0.0,0.0,100.0
20120307040000,0.0,0.0,0.0,0.0,0.0,0.0,0.0,100.0
20120307040100,0.0,0.0,0.0,0.0,0.0,0.0,0.0,100.0
20120307040200,0.0,0.0,0.0,0.0,0.0,0.0,0.0,100.0
20120307040300,0.0,0.0,0.0,0.0,0.0,0.0,0.0,100.0
20120307040400,0.0,0.0,0.0,0.0,0.0,0.0,0.0,100.0
20120307040500,0.0,0.0,0.0,0.0,0.0,0.0,0.0,100.0
20120307040600,0.0,0.0,0.0,0.0,0.0,0.0,0.0,100.0
20120307040700,0.0,0.0,0.0,0.0,0.0,0.0,0.0,100.0
20120307040800,0.0,0.0,0.0,0.0,0.0,0.0,0.0,100.0
20120307040900,0.0,0.0,0.0,0.0,0.0,0.0,0.0,100.0
20120307041000,0.0,0.0,0.0,0.0,0.0,0.0,0.0,100.0
20120307041100,0.0,0.0,0.0,0.0,0.0,0.0,0.0,100.0
20120307041200,0.0,0.0,0.0,0.0,0.0,0.0,0.0,100.0
20120307041300,0.0,0.0,0.0,0.0,0.0,0.0,0.0,100.0
20120307041400,0.0,0.0,0.0,0.0,0.0,0.0,0.0,100.0
20120307041500,0.0,0.0,0.0,0.0,0.0,0.0,0.0,100.0
20120307041600,0.0,0.0,0.0,0.0,0.0,0.0,0.0,100.0
20120307041700,0.0,0.0,0.0,0.0,0.0,0.0,0.0,100.0
20120307041800,0.0,0.0,0.0,0.0,0.0,0.0,0.0,100.0
20120307041900,0.0,0.0,0.0,0.0,0.0,0.0,0.0,100.0
20120307042000,0.0,0.0,0.0,0.0,0.0,0.0,0.0,100.0
20120307042100,0.0,0.0,0.0,0.0,0.0,0.0,0.0,100.0
20120307042200,0.0,0.0,0.0,0.0,0.0,0.0,0.0,100.0
20120307042300,0.0,0.0,0.0,0.0,0.0,0.0,0.0,100.0
20120307042400,0.0,0.0,0.0,0.0,0.0,0.0,0.0,100.0
20120307042500,0.0,0.0,0.0,0.0,0.0,0.0,0.0,100.0
20120307042600,0.0,0.0,0.0,0.0,0.0,0.0,0.0,100.0
20120307042700,0.0,0.0,0.0,0.0,0.0,0.0,0.0,100.0
20120307042800,0.0,0.0,0.0,0.0,0.0,0.0,0.0,100.0
20120307042900,0.0,0.0,0.0,0.0,0.0,0.0,0.0,100.0
20120307043000,0.0,0.0,0.0,0.0,0.0,0.0,0.0,100.0
20120307043100,0.0,0.0,0.0,0.0,0.0,0.0,0.0,100.0
20120307043200,0.0,0.0,0.0,0.0,0.0,0.0,0.0,100.0
20120307043300,0.0,0.0,0.0,0.0,0.0,0.0,0.0,100.0
20120307043400,0.0,0.0,0.0,0.0,0.0,0.0,0.0,100.0
20120307043500,0.0,0.0,0.0,0.0,0.0,0.0,0.0,100.0
20120307043600,0.0,0.0,0.0,0.0,0.0,0.0,0.0,100.0
20120307043700,0.0,0.0,0.0,0.0,0.0,0.0,0.0,100.0
20120307043800,0.0,0.0,0.0,0.0,0.0,0.0,0.0,100.0
20120307043900,0.0,0.0,0.0,0.0,0.0,0.0,0.0,100.0
20120307044000,0.0,0.0,0.0,0.0,0.0,0.0,0.1,99.9
20120307044100,0.0,0.0,0.0,0.0,0.0,0.0,0.1,99.9
20120307044200,0.0,0.0,0.0,0.0,0.0,0.0,0.1,99.9
20120307044300,0.0,0.0,0.0,0.0,0.0,0.0,0.2,99.8
20120307044400,0.0,0.0,0.0,0.0,0.0,0.0,0.4,99.6
20120307044500,0.0,0.0,0.0,0.0,0.0,0.0,0.1,99.9
20120307044600,0.0,0.0,0.0,0.0,0.0,0.0,0.2,99.8
