UT,arc,discrete,diffuse,ac,ab,clear,cloudy,dd
20120927181100,0.0,0.0,0.0,0.0,0.0,0.0,0.0,100.0
20120927181200,0.0,0.0,0.0,0.0,0.0,0.0,0.0,100.0
20120927181300,0.0,0.0,0.0,0.0,0.0,0.0,0.0,100.0
20120927181400,0.0,0.0,0.0,0.0,0.0,0.0,0.0,100.0
20120927181500,0.0,0.0,0.0,0.0,0.0,0.0,0.0,100.0
20120927181600,0.0,0.0,0.0,0.0,0.0,0.0,0.0,100.0
20120927181700,0.0,0.0,0.0,0.0,0.0,0.0,0.0,100.0
20120927181800,0.0,0.0,0.0,0.0,0.0,0.0,0.0,100.0
20120927181900,0.0,0.0,0.0,0.0,0.0,0.0,0.1,99.9
20120927182000,0.0,0.0,0.0,0.0,0.0,0.0,0.0,100.0
20120927182100,0.0,0.0,0.0,0.0,0.0,0.0,0.0,100.0
20120927182200,0.0,0.0,0.0,0.0,0.0,0.0,0.0,100.0
20120927182300,0.0,0.0,0.0,0.0,0.0,0.0,0.0,100.0
20120927182400,0.0,0.0,0.0,0.0,0.0,0.0,0.0,100.0
20120927182500,0.0,0.0,0.0,0.0,0.0,0.0,0.0,100.0
20120927182600,0.0,0.0,0.0,0.0,0.0,0.0,0.2,99.8
20120927182700,0.0,0.0,0.0,0.0,0.0,0.0,0.1,99.9
20120927182800,0.0,0.0,0.0,0.0,0.0,0.0,15.7,84.3
20120927182900,0.0,0.0,0.0,0.0,0.0,0.0,1.0,99.0
20120927183000,0.0,0.0,0.0,0.1,0.0,0.0,1.2,98.6
20120927183100,0.0,0.0,0.0,0.2,0.0,0.0,2.3,97.6
20120927183200,0.0,0.0,0.0,0.2,0.0,0.0,2.1,97.8
20120927183300,0.0,0.0,0.0,0.1,0.0,0.0,8.5,91.4
20120927183400,0.0,0.0,0.0,0.6,0.0,0.0,68.0,31.4
20120927183500,0.0,0.0,0.0,1.9,0.0,0.0,72.2,25.9
20120927183600,0.0,0.0,0.0,0.7,0.0,0.0,78.7,20.6
20120927183700,0.0,0.0,0.0,1.9,0.0,0.0,89.8,8.3
20120927183800,0.0,0.0,0.0,0.3,0.0,0.0,89.8,9.9
20120927183900,0.0,0.0,0.0,0.0,0.0,0.0,99.8,0.2
20120927184000,0.0,0.0,0.0,0.2,0.0,0.0,97.7,2.1
20120927184100,0.0,0.0,0.0,0.0,0.0,0.0,99.9,0.1
20120927184200,0.0,0.0,0.0,0.0,0.0,0.0,99.8,0.1
20120927184300,0.0,0.0,0.0,0.1,0.0,0.0,99.7,0.2
20120927184400,0.0,0.0,0.0,0.2,0.0,0.0,99.5,0.3
20120927184500,0.0,0.0,0.0,1.6,0.0,0.0,98.3,0.0
20120927184600,0.0,0.0,0.0,1.2,0.0,0.0,98.8,0.0
20120927184700,0.0,0.0,0.0,0.3,0.0,0.0,99.7,0.0
20120927184800,0.0,0.0,0.0,0.1,0.0,0.0,99.9,0.0
20120927184900,0.0,0.0,0.0,0.2,0.0,0.0,99.7,0.0
20120927185000,0.0,0.0,0.0,0.2,0.0,0.0,99.8,0.0
20120927185100,0.0,0.0,0.0,0.2,0.0,0.0,99.8,0.0
20120927185200,0.0,0.0,0.0,0.3,0.0,0.0,99.7,0.0
20120927185300,0.0,0.0,0.0,1.9,0.0,0.0,98.1,0.0
20120927185400,0.0,0.0,0.0,1.5,0.0,0.0,98.5,0.0
20120927185500,0.0,0.0,0.0,0.5,0.0,0.0,99.5,0.0
20120927185600,0.0,0.0,0.0,0.2,0.0,0.0,99.8,0.0
20120927185700,0.0,0.0,0.0,0.1,0.0,0.0,99.9,0.0
20120927185800,0.0,0.0,0.0,0.0,0.0,0.0,100.0,0.0
20120927185900,0.0,0.0,0.0,0.0,0.0,0.0,100.0,0.0
20120927190000,0.0,0.0,0.0,0.0,0.0,0.0,100.0,0.0
20120927190100,0.0,0.0,0.0,0.0,0.0,0.0,100.0,0.0
20120927190200,0.0,0.0,0.0,0.1,0.0,0.0,99.9,0.0
20120927190300,0.0,0.0,0.0,0.2,0.0,0.0,99.8,0.0
20120927190400,0.0,0.0,0.0,1.2,0.0,0.0,98.8,0.0
20120927190500,0.0,0.0,0.0,0.1,0.0,0.0,99.9,0.0
20120927190600,0.0,0.0,0.0,0.1,0.0,0.0,99.9,0.0
20120927190700,0.0,0.0,0.0,0.3,0.0,0.0,99.7,0.0
20120927190800,0.0,0.0,0.0,0.2,0.0,0.0,99.8,0.0
20120927190900,0.0,0.0,0.0,0.1,0.0,0.0,99.9,0.0
20120927191000,0.0,0.0,0.0,0.9,0.0,0.0,99.1,0.0
20120927191100,0.0,0.0,0.0,6.2,0.0,0.0,93.8,0.0
20120927191200,0.0,0.0,0.0,10.3,0.0,0.0,89.7,0.0
20120927191300,0.0,0.0,0.0,32.9,0.0,0.0,67.1,0.1
20120927191400,0.0,0.0,0.0,4.7,0.0,0.0,95.3,0.0
20120927191500,0.0,0.0,0.0,1.6,0.0,0.0,98.4,0.0
20120927191600,0.0,0.0,0.0,1.9,0.0,0.0,98.0,0.1
20120927191700,0.0,0.0,0.0,0.6,0.0,0.0,99.4,0.0
20120927191800,0.0,0.0,0.0,5.0,0.0,0.0,95.0,0.1
20120927191900,0.0,0.0,0.0,0.2,0.0,0.0,99.8,0.1
20120927192000,0.0,0.0,0.0,1.4,0.0,0.0,98.5,0.1
20120927192100,0.0,0.0,0.0,27.5,0.0,0.0,70.7,1.8
20120927192200,0.0,0.0,0.0,40.9,0.0,0.0,55.4,3.7
20120927192300,0.0,0.0,0.0,4.3,0.0,0.0,94.7,1.0
20120927192400,0.0,0.0,0.0,15.2,0.0,0.0,81.4,3.4
20120927192500,0.0,0.0,0.0,8.9,0.0,0.0,90.0,1.2
20120927192600,0.0,0.0,0.0,13.4,0.0,0.0,72.0,14.6
20120927192700,0.0,0.0,0.0,11.8,0.0,0.0,56.4,31.8
20120927192800,0.0,0.0,0.0,4.0,0.0,0.0,35.5,60.5
20120927192900,0.0,0.0,0.0,0.8,0.0,0.0,59.6,39.6
20120927193000,0.0,0.0,0.0,1.2,0.0,0.0,62.0,36.8
20120927193100,0.0,0.0,0.0,1.9,0.0,0.0,33.4,64.7
20120927193200,0.0,0.0,0.0,0.2,0.0,0.0,57.5,42.3
20120927193300,0.0,0.0,0.0,0.5,0.0,0.0,17.7,81.7
20120927193400,0.0,0.0,0.0,1.3,0.0,0.0,26.3,72.4
20120927193500,0.0,0.0,0.0,2.3,0.0,0.0,7.2,90.5
20120927193600,0.0,0.0,0.0,3.5,0.0,0.0,9.4,87.0
20120927193700,0.0,0.0,0.0,5.0,0.0,0.0,41.0,54.0
20120927193800,0.0,0.0,0.0,0.5,0.0,0.0,18.5,81.0
20120927193900,0.0,0.0,0.0,0.1,0.0,0.0,2.1,97.8
20120927194000,0.0,0.0,0.0,0.1,0.0,0.0,5.0,95.0
20120927194100,0.0,0.0,0.0,1.0,0.0,0.0,17.3,81.7
20120927194200,0.0,0.0,0.0,1.5,0.0,0.0,4.4,94.1
20120927194300,0.0,0.0,0.0,0.1,0.0,0.0,1.5,98.4
20120927194400,0.0,0.0,0.0,0.2,0.0,0.0,10.1,89.7
20120927194500,0.0,0.0,0.0,0.4,0.0,0.0,5.3,94.3
20120927194600,0.0,0.0,0.0,0.0,0.0,0.0,0.7,99.2
20120927194700,0.0,0.0,0.0,0.0,0.0,0.0,1.7,98.2
20120927194800,0.0,0.0,0.0,0.1,0.0,0.0,34.7,65.2
20120927194900,0.0,0.0,0.0,0.0,0.0,0.0,9.8,90.2
20120927195000,0.0,0.0,0.0,0.2,0.0,0.0,6.0,93.8
20120927195100,0.0,0.0,0.0,0.2,0.0,0.0,7.2,92.6
20120927195200,0.0,0.0,0.0,1.2,0.0,0.0,7.5,91.3
20120927195300,0.0,0.0,0.0,0.0,0.0,0.0,0.7,99.3
20120927195400,0.0,0.0,0.0,0.3,0.0,0.0,1.6,98.1
20120927195500,0.0,0.0,0.0,0.4,0.0,0.0,11.8,87.8
20120927195600,0.0,0.0,0.0,0.2,0.0,0.0,1.9,97.9
20120927195700,0.0,0.0,0.0,0.0,0.0,0.0,1.1,98.9
20120927195800,0.0,0.0,0.0,0.1,0.0,0.0,0.5,99.4
20120927195900,0.0,0.0,0.0,0.2,0.0,0.0,1.9,97.9
20120927200000,0.0,0.0,0.0,0.7,0.0,0.0,2.6,96.7
20120927200100,0.0,0.0,0.0,4.7,0.0,0.0,2.2,93.1
20120927200200,0.0,0.0,0.0,0.7,0.0,0.0,1.9,97.4
20120927200300,0.0,0.0,0.0,4.9,0.0,0.0,4.1,91.0
20120927200400,0.0,0.0,0.0,0.8,0.0,0.0,1.7,97.6
20120927200500,0.0,0.0,0.0,0.1,0.0,0.0,7.8,92.1
20120927200600,0.0,0.0,0.0,0.4,0.0,0.0,2.3,97.3
20120927200700,0.0,0.0,0.0,0.1,0.0,0.0,4.4,95.4
20120927200800,0.0,0.0,0.0,0.1,0.0,0.0,2.2,97.7
20120927200900,0.0,0.0,0.0,0.2,0.0,0.0,9.5,90.3
20120927201000,0.0,0.0,0.0,0.1,0.0,0.0,4.8,95.1
20120927201100,0.0,0.0,0.0,0.1,0.0,0.0,1.1,98.8
20120927201200,0.0,0.0,0.0,0.0,0.0,0.0,1.2,98.8
20120927201300,0.0,0.0,0.0,0.0,0.0,0.0,0.6,99.4
20120927201400,0.0,0.0,0.0,0.0,0.0,0.0,0.7,99.3
20120927201500,0.0,0.0,0.0,0.0,0.0,0.0,0.5,99.5
20120927201600,0.0,0.0,0.0,0.1,0.0,0.0,0.5,99.4
20120927201700,0.0,0.0,0.0,0.0,0.0,0.0,0.1,99.9
20120927201800,0.0,0.0,0.0,0.1,0.0,0.0,0.1,99.9
20120927201900,0.0,0.0,0.0,0.1,0.0,0.0,0.3,99.6
20120927202000,0.0,0.0,0.0,0.0,0.0,0.0,0.0,99.9
20120927202100,0.0,0.0,0.0,0.0,0.0,0.0,0.1,99.9
20120927202200,0.0,0.0,0.0,0.0,0.0,0.0,0.1,99.9
20120927202300,0.0,0.0,0.0,0.0,0.0,0.0,0.4,99.6
20120927202400,0.0,0.0,0.0,0.0,0.0,0.0,0.1,99.9
20120927202500,0.0,0.0,0.0,0.0,0.0,0.0,0.0,100.0
20120927202600,0.0,0.0,0.0,0.0,0.0,0.0,0.0,100.0
20120927202700,0.0,0.0,0.0,0.2,0.0,0.0,0.1,99.7
20120927202800,0.0,0.0,0.0,0.0,0.0,0.0,0.0,100.0
20120927202900,0.0,0.0,0.0,0.1,0.0,0.0,0.1,99.9
20120927203000,0.0,0.0,0.0,0.0,0.0,0.0,0.0,99.9
20120927203100,0.0,0.0,0.0,0.2,0.0,0.0,0.1,99.8
20120927203200,0.0,0.0,0.0,0.3,0.0,0.0,0.0,99.7
20120927203300,0.0,0.0,0.0,0.3,0.0,0.0,0.4,99.3
20120927203400,0.0,0.0,0.0,1.7,0.0,0.0,1.2,97.0
20120927203500,0.0,0.0,0.0,0.9,0.0,0.0,1.1,98.0
20120927203600,0.0,0.0,0.0,6.0,0.0,0.0,0.5,93.5
20120927203700,0.0,0.0,0.0,2.5,0.0,0.0,0.5,97.0
20120927203800,0.0,0.0,0.0,0.6,0.0,0.0,4.9,94.5
20120927203900,0.0,0.0,0.0,0.5,0.0,0.0,2.6,96.9
20120927204000,0.0,0.0,0.0,2.9,0.0,0.0,0.7,96.4
20120927204100,0.0,0.0,0.0,0.4,0.0,0.0,1.2,98.4
20120927204200,0.0,0.0,0.0,0.0,0.0,0.0,0.0,100.0
20120927204300,0.0,0.0,0.0,0.5,0.0,0.0,0.6,98.9
20120927204400,0.0,0.0,0.0,0.5,0.0,0.0,0.4,99.1
20120927204500,0.0,0.0,0.0,0.0,0.0,0.0,0.1,99.9
20120927204600,0.0,0.0,0.0,1.2,0.0,0.0,0.3,98.5
20120927204700,0.0,0.0,0.0,1.9,0.0,0.0,1.3,96.8
20120927204800,0.0,0.0,0.0,10.3,0.0,0.0,1.8,87.9
20120927204900,0.0,0.0,0.0,0.7,0.0,0.0,0.7,98.6
20120927205000,0.0,0.0,0.0,0.4,0.0,0.0,2.1,97.5
20120927205100,0.0,0.0,0.0,0.5,0.0,0.0,8.2,91.3
20120927205200,0.0,0.0,0.0,0.4,0.0,0.0,3.6,96.0
20120927205300,0.0,0.0,0.0,0.9,0.0,0.0,7.5,91.6
20120927205400,0.0,0.0,0.0,5.2,0.0,0.0,5.1,89.7
20120927205500,0.0,0.0,0.0,0.9,0.0,0.0,4.5,94.6
20120927205600,0.0,0.0,0.0,6.0,0.0,0.0,6.4,87.6
20120927205700,0.0,0.0,0.0,2.9,0.0,0.0,1.9,95.2
20120927205800,0.0,0.0,0.0,1.1,0.0,0.0,1.0,97.9
20120927205900,0.0,0.0,0.0,2.6,0.0,0.0,9.3,88.1
20120927210000,0.0,0.0,0.0,4.6,0.0,0.0,4.0,91.4
20120927210100,0.0,0.0,0.0,6.7,0.0,0.0,4.7,88.5
20120927210200,0.0,0.0,0.0,9.5,0.0,0.0,2.2,88.3
20120927210300,0.0,0.0,0.0,14.0,0.0,0.0,2.7,83.3
20120927210400,0.0,0.0,0.0,1.6,0.0,0.0,1.2,97.2
20120927210500,0.0,0.0,0.0,4.6,0.0,0.0,2.3,93.1
20120927210600,0.0,0.0,0.0,0.2,0.0,0.0,0.2,99.6
20120927210700,0.0,0.0,0.0,1.3,0.0,0.0,0.5,98.2
20120927210800,0.0,0.0,0.0,0.2,0.0,0.0,2.3,97.5
20120927210900,0.0,0.0,0.0,1.0,0.0,0.0,0.5,98.5
20120927211000,0.0,0.0,0.0,1.1,0.0,0.0,0.5,98.4
20120927211100,0.0,0.0,0.0,2.4,0.0,0.0,1.0,96.6
20120927211200,0.0,0.0,0.0,1.0,0.0,0.0,4.7,94.3
20120927211300,0.0,0.0,0.0,0.4,0.0,0.0,2.5,97.1
20120927211400,0.0,0.0,0.0,1.6,0.0,0.0,3.8,94.6
20120927211500,0.0,0.0,0.0,30.4,0.0,0.0,18.3,51.3
20120927211600,0.0,0.0,0.0,59.5,0.0,0.0,22.9,17.6
20120927211700,0.0,0.0,0.0,13.3,0.0,0.0,13.7,73.1
20120927211800,0.0,0.0,0.0,16.7,0.0,0.0,28.0,55.2
20120927211900,0.0,0.0,0.0,36.8,0.1,0.0,28.5,34.5
20120927212000,0.0,0.0,0.0,2.3,0.0,0.0,69.4,28.3
20120927212100,0.0,0.0,0.0,4.1,0.0,0.0,79.7,16.3
20120927212200,0.0,0.0,0.0,3.6,0.0,0.0,85.2,11.1
20120927212300,0.0,0.0,0.0,1.4,0.0,0.0,92.5,6.1
20120927212400,0.0,0.0,0.0,16.8,0.0,0.0,79.9,3.3
20120927212500,0.0,0.0,0.0,27.6,0.0,0.0,71.0,1.4
20120927212600,0.0,0.0,0.0,12.2,0.0,0.0,87.5,0.3
20120927212700,0.0,0.0,0.0,8.3,0.0,0.0,91.6,0.2
20120927212800,0.0,0.0,0.0,0.9,0.0,0.0,98.9,0.2
20120927212900,0.0,0.0,0.0,0.8,0.0,0.0,99.2,0.0
20120927213000,0.0,0.0,0.0,4.0,0.0,0.0,96.0,0.0
20120927213100,0.0,0.0,0.0,1.4,0.0,0.0,98.5,0.1
20120927213200,0.0,0.0,0.0,2.8,0.0,0.0,97.1,0.0
20120927213300,0.0,0.0,0.0,4.9,0.0,0.0,95.0,0.1
20120927213400,0.0,0.0,0.1,10.0,0.0,0.0,89.9,0.1
20120927213500,0.0,0.0,0.0,1.8,0.0,0.0,98.2,0.0
20120927213600,0.0,0.0,0.0,0.5,0.0,0.0,99.5,0.0
20120927213700,0.0,0.0,0.0,0.9,0.0,0.0,99.1,0.0
20120927213800,0.0,0.0,0.0,0.1,0.0,0.0,99.9,0.0
20120927213900,0.0,0.0,0.0,0.0,0.0,0.0,100.0,0.0
20120927214000,0.0,0.0,0.0,0.0,0.0,0.0,100.0,0.0
20120927214100,0.0,0.0,0.0,0.0,0.0,0.0,100.0,0.0
20120927214200,0.0,0.0,0.0,0.1,0.0,0.0,99.9,0.0
20120927214300,0.0,0.0,0.0,0.1,0.0,0.0,99.9,0.0
20120927214400,0.0,0.0,0.0,0.1,0.0,0.0,99.9,0.0
20120927214500,0.0,0.0,0.0,0.4,0.0,0.0,99.6,0.0
20120927214600,0.0,0.0,0.0,0.1,0.0,0.0,99.9,0.0
20120927214700,0.0,0.0,0.0,0.1,0.0,0.0,99.9,0.0
20120927214800,0.0,0.0,0.0,0.3,0.0,0.0,99.7,0.0
20120927214900,0.0,0.0,0.0,1.9,0.0,0.0,98.1,0.0
20120927215000,0.0,0.0,0.0,2.3,0.0,0.0,97.7,0.0
20120927215100,0.0,0.0,0.0,2.2,0.0,0.0,97.8,0.0
20120927215200,0.0,0.0,0.0,0.6,0.0,0.0,99.3,0.0
20120927215300,0.0,0.0,0.0,0.2,0.0,0.0,99.8,0.0
20120927215400,0.0,0.0,0.0,0.4,0.0,0.0,99.6,0.0
20120927215500,0.0,0.0,0.0,1.3,0.0,0.0,98.6,0.1
20120927215600,0.0,0.0,0.0,0.1,0.0,0.0,99.9,0.0
20120927215700,0.0,0.0,0.0,0.1,0.0,0.0,99.9,0.0
20120927215800,0.0,0.0,0.0,0.0,0.0,0.0,100.0,0.0
20120927215900,0.0,0.0,0.0,0.4,0.0,0.0,99.5,0.1
20120927220000,0.0,0.0,0.0,0.4,0.0,0.0,99.3,0.3
20120927220100,0.0,0.0,0.0,0.6,0.0,0.0,99.3,0.1
20120927220200,0.0,0.0,0.0,1.5,0.0,0.0,98.2,0.3
20120927220300,0.0,0.0,0.0,1.8,0.0,0.0,98.2,0.0
20120927220400,0.0,0.0,0.0,0.1,0.0,0.0,99.8,0.1
20120927220500,0.0,0.0,0.0,0.6,0.0,0.0,98.0,1.4
20120927220600,0.0,0.0,0.0,0.3,0.0,0.0,97.8,1.9
20120927220700,0.0,0.0,0.0,0.3,0.0,0.0,98.3,1.4
20120927220800,0.0,0.0,0.0,0.2,0.0,0.0,99.7,0.1
20120927220900,0.0,0.0,0.0,0.0,0.0,0.0,99.8,0.2
20120927221000,0.0,0.0,0.0,0.1,0.0,0.0,99.5,0.5
20120927221100,0.0,0.0,0.0,0.2,0.0,0.0,98.3,1.4
20120927221200,0.0,0.0,0.0,0.0,0.0,0.0,99.5,0.5
20120927221300,0.0,0.0,0.0,0.1,0.0,0.0,96.8,3.1
20120927221400,0.0,0.0,0.0,0.1,0.0,0.0,99.7,0.2
20120927221500,0.0,0.0,0.0,0.6,0.0,0.0,98.8,0.6
20120927221600,0.0,0.0,0.0,1.3,0.0,0.0,97.2,1.5
20120927221700,0.0,0.0,0.0,0.9,0.0,0.0,95.5,3.7
20120927221800,0.0,0.0,0.0,0.3,0.0,0.0,99.5,0.1
20120927221900,0.0,0.0,0.0,0.8,0.0,0.0,98.6,0.7
20120927222000,0.0,0.0,0.0,0.3,0.0,0.0,99.6,0.1
20120927222100,0.0,0.0,0.0,0.0,0.0,0.0,99.9,0.1
20120927222200,0.0,0.0,0.0,0.9,0.0,0.0,95.2,3.9
20120927222300,0.0,0.0,0.0,0.3,0.0,0.0,99.6,0.2
20120927222400,0.0,0.0,0.0,0.0,0.0,0.0,99.7,0.2
20120927222500,0.0,0.0,0.0,0.0,0.0,0.0,99.1,0.8
20120927222600,0.0,0.0,0.0,0.0,0.0,0.0,99.8,0.2
20120927222700,0.0,0.0,0.0,0.0,0.0,0.0,99.9,0.1
20120927222800,0.0,0.0,0.0,0.0,0.0,0.0,99.9,0.1
20120927222900,0.0,0.0,0.0,0.0,0.0,0.0,99.7,0.3
20120927223000,0.0,0.0,0.0,0.0,0.0,0.0,99.9,0.1
20120927223100,0.0,0.0,0.0,0.0,0.0,0.0,100.0,0.0
20120927223200,0.0,0.0,0.0,0.0,0.0,0.0,100.0,0.0
20120927223300,0.0,0.0,0.0,0.1,0.0,0.0,99.2,0.7
20120927223400,0.0,0.0,0.0,0.2,0.0,0.0,99.4,0.4
20120927223500,0.0,0.0,0.0,0.8,0.0,0.0,98.9,0.3
20120927223600,0.0,0.0,0.0,0.2,0.0,0.0,98.7,1.0
20120927223700,0.0,0.0,0.0,0.1,0.0,0.0,97.9,2.0
20120927223800,0.0,0.0,0.0,0.6,0.0,0.0,99.3,0.2
20120927223900,0.0,0.0,0.0,0.0,0.0,0.0,99.8,0.2
20120927224000,0.0,0.0,0.0,0.0,0.0,0.0,97.0,3.0
20120927224100,0.0,0.0,0.0,0.0,0.0,0.0,99.9,0.1
20120927224200,0.0,0.0,0.0,0.0,0.0,0.0,99.5,0.5
20120927224300,0.0,0.0,0.0,0.1,0.0,0.0,97.3,2.6
20120927224400,0.0,0.0,0.0,0.0,0.0,0.0,95.5,4.5
20120927224500,0.0,0.0,0.0,0.0,0.0,0.0,91.7,8.3
20120927224600,0.0,0.0,0.0,0.0,0.0,0.0,99.6,0.4
20120927224700,0.0,0.0,0.0,0.0,0.0,0.0,97.3,2.7
20120927224800,0.0,0.0,0.0,0.0,0.0,0.0,90.9,9.0
20120927224900,0.0,0.0,0.0,0.0,0.0,0.0,94.9,5.1
20120927225000,0.0,0.0,0.0,0.0,0.0,0.0,96.5,3.5
20120927225100,0.0,0.0,0.0,0.0,0.0,0.0,96.1,3.9
20120927225200,0.0,0.0,0.0,0.0,0.0,0.0,97.2,2.8
20120927225300,0.0,0.0,0.0,0.0,0.0,0.0,98.2,1.7
20120927225400,0.0,0.0,0.0,0.0,0.0,0.0,94.9,5.1
20120927225500,0.0,0.0,0.0,0.0,0.0,0.0,97.8,2.2
20120927225600,0.0,0.0,0.0,0.0,0.0,0.0,99.3,0.7
20120927225700,0.0,0.0,0.0,0.0,0.0,0.0,99.9,0.1
20120927225800,0.0,0.0,0.0,0.1,0.0,0.0,99.5,0.5
20120927225900,0.0,0.0,0.0,0.0,0.0,0.0,99.4,0.5
20120927230000,0.0,0.0,0.0,0.0,0.0,0.0,98.5,1.5
20120927230100,0.0,0.0,0.0,0.2,0.0,0.0,89.7,10.0
20120927230200,0.0,0.0,0.0,0.0,0.0,0.0,99.6,0.4
20120927230300,0.0,0.0,0.0,0.0,0.0,0.0,100.0,0.0
20120927230400,0.0,0.0,0.0,0.0,0.0,0.0,99.7,0.3
20120927230500,0.0,0.0,0.0,0.0,0.0,0.0,99.1,0.9
20120927230600,0.0,0.0,0.0,0.1,0.0,0.0,97.6,2.3
20120927230700,0.0,0.0,0.0,0.1,0.0,0.0,99.1,0.8
20120927230800,0.0,0.0,0.0,0.0,0.0,0.0,99.3,0.7
20120927230900,0.0,0.0,0.0,0.0,0.0,0.0,99.8,0.2
20120927231000,0.0,0.0,0.0,0.0,0.0,0.0,99.5,0.5
20120927231100,0.0,0.0,0.0,0.0,0.0,0.0,99.7,0.3
20120927231200,0.0,0.0,0.0,0.0,0.0,0.0,99.2,0.8
20120927231300,0.0,0.0,0.0,0.0,0.0,0.0,99.7,0.3
20120927231400,0.0,0.0,0.0,0.3,0.0,0.0,99.4,0.3
20120927231500,0.0,0.0,0.0,0.7,0.0,0.0,98.2,1.1
20120927231600,0.0,0.0,0.0,0.0,0.0,0.0,99.5,0.5
20120927231700,0.0,0.0,0.0,0.0,0.0,0.0,99.4,0.6
20120927231800,0.0,0.0,0.0,0.0,0.0,0.0,99.0,1.0
20120927231900,0.0,0.0,0.0,0.0,0.0,0.0,98.6,1.3
20120927232000,0.0,0.0,0.0,0.5,0.0,0.0,98.3,1.2
20120927232100,0.0,0.0,0.0,0.0,0.0,0.0,99.3,0.7
20120927232200,0.0,0.0,0.0,0.2,0.0,0.0,97.3,2.6
20120927232300,0.0,0.0,0.0,0.0,0.0,0.0,99.7,0.3
20120927232400,0.0,0.0,0.0,0.1,0.0,0.0,99.7,0.1
20120927232500,0.0,0.0,0.0,0.1,0.0,0.0,99.5,0.4
20120927232600,0.0,0.0,0.0,0.1,0.0,0.0,97.2,2.7
20120927232700,0.0,0.0,0.0,0.0,0.0,0.0,99.6,0.4
20120927232800,0.0,0.0,0.0,0.1,0.0,0.0,97.8,2.1
20120927232900,0.0,0.0,0.0,0.0,0.0,0.0,98.0,2.0
20120927233000,0.0,0.0,0.0,0.0,0.0,0.0,95.5,4.4
20120927233100,0.0,0.0,0.0,0.0,0.0,0.0,97.8,2.1
20120927233200,0.0,0.0,0.0,0.0,0.0,0.0,98.9,1.1
20120927233300,0.0,0.0,0.0,0.0,0.0,0.0,96.4,3.6
20120927233400,0.0,0.0,0.0,0.1,0.0,0.0,95.3,4.6
20120927233500,0.0,0.0,0.0,0.0,0.0,0.0,82.2,17.8
20120927233600,0.0,0.0,0.0,0.2,0.0,0.0,72.7,27.1
20120927233700,0.0,0.0,0.0,0.1,0.0,0.0,96.7,3.2
20120927233800,0.0,0.0,0.0,0.2,0.0,0.0,88.1,11.7
20120927233900,0.0,0.0,0.0,0.1,0.0,0.0,98.4,1.5
20120927234000,0.0,0.0,0.0,0.5,0.0,0.0,86.9,12.5
20120927234100,0.0,0.0,0.0,1.1,0.0,0.0,88.7,10.3
20120927234200,0.0,0.0,0.0,10.5,0.3,0.0,38.3,50.9
20120927234300,0.0,0.0,0.0,0.1,0.1,0.0,20.1,79.7
20120927234400,0.0,0.0,0.0,0.1,0.0,0.0,25.1,74.8
20120927234500,0.0,0.0,0.0,0.3,0.0,0.0,25.6,74.1
20120927234600,0.0,0.0,0.0,1.2,0.0,0.0,61.8,37.0
20120927234700,0.0,0.0,0.0,0.1,0.0,0.0,41.4,58.5
20120927234800,0.0,0.0,0.0,2.4,0.0,0.0,42.1,55.5
20120927234900,0.0,0.0,0.0,1.2,0.2,0.0,34.6,64.1
20120927235000,0.0,0.0,0.0,7.7,0.1,0.0,51.4,40.8
20120927235100,0.0,0.0,0.0,4.5,0.0,0.0,64.4,31.0
20120927235200,0.0,0.0,0.0,30.7,0.6,0.0,43.2,25.6
20120927235300,0.0,0.0,0.0,89.4,2.2,0.0,5.5,2.9
20120927235400,0.0,0.0,0.0,92.4,1.0,0.0,5.5,1.0
20120927235500,0.0,0.0,0.0,70.1,0.3,0.0,24.3,5.2
20120927235600,0.0,0.0,0.0,3.5,0.0,0.0,16.5,80.0
20120927235700,0.0,0.0,0.0,9.3,0.1,0.0,28.1,62.6
20120927235800,0.0,0.0,0.0,1.2,0.0,0.0,26.7,72.1
20120927235900,0.0,0.0,0.0,0.4,0.0,0.0,38.7,60.8
20120928000000,0.0,0.0,0.0,0.0,0.0,0.0,99.6,0.4
20120928000100,0.0,0.0,0.0,0.0,0.0,0.0,99.9,0.1
20120928000200,0.0,0.0,0.0,0.0,0.0,0.0,83.4,16.5
20120928000300,0.0,0.0,0.0,0.2,0.0,0.0,94.0,5.8
20120928000400,0.0,0.0,0.0,2.1,0.0,0.0,94.5,3.4
20120928000500,0.0,0.0,0.0,0.3,0.0,0.0,88.1,11.6
20120928000600,0.0,0.0,0.0,0.0,0.0,0.0,95.7,4.3
20120928000700,0.0,0.0,0.0,0.0,0.0,0.0,78.1,21.9
20120928000800,0.0,0.0,0.0,0.0,0.0,0.0,50.2,49.8
20120928000900,0.0,0.0,0.0,0.0,0.0,0.0,80.9,19.1
20120928001000,0.0,0.0,0.0,0.0,0.0,0.0,99.3,0.7
20120928001100,0.0,0.0,0.0,0.0,0.0,0.0,97.1,2.9
20120928001200,0.0,0.0,0.0,0.0,0.0,0.0,96.9,3.1
20120928001300,0.0,0.0,0.0,0.0,0.0,0.0,79.7,20.3
20120928001400,0.0,0.0,0.0,0.0,0.0,0.0,71.6,28.4
20120928001500,0.0,0.0,0.0,0.0,0.0,0.0,42.1,57.9
20120928001600,0.0,0.0,0.0,0.0,0.0,0.0,52.9,47.1
20120928001700,0.0,0.0,0.0,0.0,0.0,0.0,31.8,68.2
20120928001800,0.0,0.0,0.0,0.0,0.0,0.0,73.9,26.1
20120928001900,0.0,0.0,0.0,0.0,0.0,0.0,27.9,72.1
20120928002000,0.0,0.0,0.0,0.0,0.0,0.0,98.3,1.7
20120928002100,0.0,0.0,0.0,0.0,0.0,0.0,74.7,25.3
20120928002200,0.0,0.0,0.0,0.0,0.0,0.0,40.2,59.8
20120928002300,0.0,0.0,0.0,0.0,0.0,0.0,25.1,74.9
20120928002400,0.0,0.0,0.0,0.0,0.0,0.0,17.9,82.1
20120928002500,0.0,0.0,0.0,0.0,0.0,0.0,2.2,97.8
20120928002600,0.0,0.0,0.0,0.0,0.0,0.0,1.8,98.2
20120928002700,0.0,0.0,0.0,0.0,0.0,0.0,5.2,94.8
20120928002800,0.0,0.0,0.0,0.0,0.0,0.0,15.1,84.9
20120928002900,0.0,0.0,0.0,0.0,0.0,0.0,2.2,97.8
20120928003000,0.0,0.0,0.0,0.0,0.0,0.0,3.3,96.7
20120928003100,0.0,0.0,0.0,0.0,0.0,0.0,0.9,99.1
20120928003200,0.0,0.0,0.0,0.5,0.1,0.0,10.3,89.0
20120928003300,0.0,0.0,0.0,0.0,0.0,0.0,33.7,66.3
20120928003400,0.0,0.0,0.0,0.0,0.0,0.0,3.0,97.0
20120928003500,0.0,0.0,0.0,0.5,0.3,0.0,10.0,89.2
20120928003600,0.0,0.0,0.0,0.0,0.1,0.0,1.9,97.9
20120928003700,0.0,0.0,0.0,0.0,0.2,0.0,7.2,92.6
20120928003800,0.0,0.0,0.0,0.0,2.2,0.0,49.9,47.9
20120928003900,0.0,0.0,0.0,0.1,6.8,0.0,26.3,66.9
20120928004000,0.0,0.0,0.0,0.2,16.8,0.0,3.9,79.1
20120928004100,0.0,0.0,0.0,0.4,31.4,0.0,5.6,62.6
20120928004200,0.0,0.5,0.0,6.7,74.2,0.0,3.0,15.6
20120928004300,0.0,0.2,0.0,13.1,17.8,0.0,7.5,61.4
20120928004400,0.0,0.2,0.0,10.7,33.9,0.0,1.0,54.3
20120928004500,0.0,0.4,0.0,15.4,64.2,0.0,5.0,15.0
20120928004600,0.0,5.2,0.0,10.9,60.7,0.0,1.0,22.2
20120928004700,0.0,0.1,0.0,1.6,95.5,0.0,0.2,2.5
20120928004800,0.0,0.1,0.0,1.9,89.4,0.0,0.3,8.3
20120928004900,0.0,0.4,0.0,13.7,30.9,0.0,46.4,8.5
20120928005000,0.0,0.3,0.0,9.0,66.3,0.0,2.3,22.1
20120928005100,0.0,0.1,0.0,0.7,65.3,0.0,11.3,22.6
20120928005200,0.0,0.0,0.0,0.6,13.9,0.0,2.3,83.2
20120928005300,0.0,0.6,0.0,2.6,17.9,0.0,53.7,25.1
20120928005400,0.0,1.6,0.0,0.1,84.4,0.0,0.3,13.6
20120928005500,0.0,1.1,0.0,0.1,29.8,0.0,14.8,54.2
20120928005600,0.0,0.6,0.0,0.0,6.9,0.0,5.6,86.8
20120928005700,0.0,0.0,0.0,0.1,9.6,0.0,2.8,87.5
20120928005800,0.0,0.1,0.0,0.3,7.5,0.0,3.8,88.4
20120928005900,0.0,0.0,0.0,0.1,1.7,0.0,1.9,96.3
20120928010000,0.0,0.0,0.0,0.1,1.7,0.1,11.5,86.6
20120928010100,0.0,0.3,0.0,0.2,81.5,0.0,0.4,17.6
20120928010200,0.0,0.0,0.0,0.1,23.0,0.1,5.0,71.7
20120928010300,0.0,0.0,0.0,0.0,2.7,0.1,34.8,62.3
20120928010400,0.0,0.0,0.0,0.0,0.7,0.3,3.6,95.3
20120928010500,0.0,0.0,0.0,0.2,12.5,0.2,2.5,84.6
20120928010600,0.0,0.0,0.0,0.1,9.7,0.5,2.4,87.3
20120928010700,0.0,0.0,0.0,0.0,0.2,0.0,0.9,98.9
20120928010800,0.0,0.0,0.0,0.2,3.1,0.5,4.8,91.4
20120928010900,0.0,0.0,0.0,0.0,0.8,0.4,10.9,87.9
20120928011000,0.0,0.0,0.0,0.3,2.4,1.3,24.8,71.2
20120928011100,0.0,0.0,0.0,0.3,0.2,0.9,64.1,34.5
20120928011200,0.0,0.0,0.0,0.0,0.6,0.1,1.7,97.6
20120928011300,0.0,0.0,0.0,0.1,3.4,0.0,5.9,90.6
20120928011400,0.0,0.0,0.0,0.0,5.4,0.0,4.2,90.3
20120928011500,0.0,0.0,0.0,0.0,0.3,0.1,10.4,89.2
20120928011600,0.0,0.0,0.0,0.1,11.6,0.6,23.4,64.4
20120928011700,0.0,0.0,0.0,0.1,2.1,1.1,63.5,33.2
20120928011800,0.0,0.0,0.0,0.0,0.2,0.4,90.7,8.6
20120928011900,0.0,0.0,0.0,0.0,0.3,0.9,71.6,27.2
20120928012000,0.0,0.0,0.0,0.0,0.7,0.2,49.0,50.0
20120928012100,0.0,0.0,0.0,0.0,0.6,0.6,46.5,52.3
20120928012200,0.0,0.0,0.0,0.0,0.1,1.2,74.1,24.6
20120928012300,0.0,0.0,0.0,0.1,0.7,1.5,59.8,37.9
20120928012400,0.0,0.0,0.0,0.0,0.1,0.2,49.2,50.4
20120928012500,0.0,0.0,0.0,0.0,1.5,1.1,82.6,14.8
20120928012600,0.0,0.0,0.0,0.0,1.6,0.5,72.5,25.3
20120928012700,0.0,0.0,0.0,0.0,0.6,0.3,39.2,60.0
20120928012800,0.0,0.0,0.0,0.0,0.9,4.7,59.8,34.6
20120928012900,0.0,0.0,0.0,0.0,0.4,3.0,47.1,49.4
20120928013000,0.0,0.0,0.0,0.0,0.2,4.9,15.7,79.1
20120928013100,0.0,0.0,0.0,0.0,0.3,1.8,75.6,22.3
20120928013200,0.0,0.0,0.0,0.0,0.9,0.8,23.7,74.5
20120928013300,0.0,0.0,0.0,0.0,0.1,1.5,44.8,53.6
20120928013400,0.0,0.0,0.0,0.0,0.5,6.1,72.5,20.8
20120928013500,0.0,0.0,0.0,0.0,0.4,5.0,17.4,77.2
20120928013600,0.0,0.0,0.0,0.0,0.8,1.6,22.0,75.6
20120928013700,0.0,0.0,0.0,0.0,0.4,1.0,27.4,71.1
20120928013800,0.0,0.0,0.0,0.0,0.2,1.5,10.6,87.7
20120928013900,0.0,0.0,0.0,0.0,0.2,0.1,13.9,85.8
20120928014000,0.0,0.0,0.0,0.0,0.0,0.3,14.4,85.3
20120928014100,0.0,0.0,0.0,0.0,0.2,6.4,13.0,80.3
20120928014200,0.2,0.0,0.0,0.0,0.1,47.5,8.1,44.1
20120928014300,0.0,0.0,0.0,0.0,0.0,2.3,0.8,96.9
20120928014400,0.0,0.0,0.0,0.0,0.1,2.0,44.4,53.4
20120928014500,0.0,0.0,0.0,0.0,0.2,16.2,16.8,66.8
20120928014600,0.1,0.0,0.0,0.0,0.2,26.7,16.6,56.5
20120928014700,0.0,0.0,0.0,0.0,0.0,2.7,8.4,88.9
20120928014800,0.0,0.0,0.0,0.0,0.0,34.8,5.9,59.3
20120928014900,0.0,0.0,0.0,0.0,0.3,5.4,23.2,71.1
20120928015000,0.1,0.0,0.0,0.0,0.0,4.7,9.6,85.6
20120928015100,0.0,0.0,0.0,0.0,0.0,0.9,22.5,76.5
20120928015200,0.0,0.0,0.0,0.0,0.0,2.1,5.1,92.8
20120928015300,0.0,0.0,0.0,0.0,0.2,12.6,23.8,63.3
20120928015400,0.0,0.0,0.0,0.0,0.0,54.2,2.1,43.7
20120928015500,0.0,0.0,0.0,0.0,0.0,57.9,18.6,23.4
20120928015600,0.0,0.0,0.0,0.0,0.0,85.5,6.5,8.0
20120928015700,0.0,0.0,0.0,0.0,0.0,48.9,5.3,45.7
20120928015800,0.0,0.0,0.0,0.0,0.0,78.2,1.4,20.4
20120928015900,0.1,0.0,0.0,0.0,0.5,14.7,4.1,80.5
20120928020000,0.1,0.0,0.0,0.0,0.3,51.8,1.2,46.6
20120928020100,0.3,0.0,0.0,0.0,0.1,89.2,1.1,9.4
20120928020200,0.1,0.0,0.0,0.0,0.1,57.7,4.9,37.3
20120928020300,0.0,0.0,0.0,0.0,0.1,44.1,1.3,54.5
20120928020400,0.0,0.0,0.0,0.0,0.7,4.1,2.0,93.2
20120928020500,0.0,0.0,0.1,0.0,0.5,19.8,1.1,78.4
20120928020600,0.0,0.0,0.0,0.0,0.1,6.6,0.3,92.9
20120928020700,0.0,0.0,0.0,0.0,0.1,23.1,1.3,75.5
20120928020800,0.0,0.0,0.0,0.0,0.0,6.3,0.8,92.8
20120928020900,0.0,0.0,0.0,0.0,0.0,78.2,2.5,19.3
20120928021000,0.0,0.0,0.0,0.0,0.0,9.0,0.5,90.5
20120928021100,0.0,0.0,0.0,0.0,0.0,12.0,0.3,87.6
20120928021200,0.0,0.0,0.0,0.0,0.0,2.5,0.0,97.5
20120928021300,0.0,0.0,0.0,0.0,0.0,1.0,0.0,99.0
20120928021400,0.0,0.0,0.0,0.0,0.0,0.9,0.1,99.0
20120928021500,0.0,0.0,0.0,0.0,0.0,0.1,0.0,99.9
20120928021600,0.0,0.0,0.0,0.0,0.0,0.0,0.0,100.0
20120928021700,0.0,0.0,0.0,0.0,0.0,0.0,0.0,100.0
20120928021800,0.0,0.0,0.0,0.0,0.0,0.0,0.0,100.0
20120928021900,0.0,0.0,0.0,0.0,0.0,0.0,0.0,100.0
20120928022000,0.0,0.0,0.0,0.0,0.0,0.0,0.0,100.0
20120928022100,0.0,0.0,0.0,0.0,0.0,0.0,0.0,100.0
20120928022200,0.0,0.0,0.0,0.0,0.0,0.0,0.0,100.0
20120928022300,0.0,0.0,0.0,0.0,0.0,0.0,0.0,100.0
20120928022400,0.0,0.0,0.0,0.0,0.0,0.0,0.0,100.0
20120928022500,0.0,0.0,0.0,0.0,0.0,0.0,0.0,100.0
20120928022600,0.0,0.0,0.0,0.0,0.0,0.0,0.0,100.0
20120928022700,0.0,0.0,0.0,0.0,0.0,0.0,0.0,100.0
20120928022800,0.0,0.0,0.0,0.0,0.0,0.0,0.0,100.0
20120928022900,0.0,0.0,0.0,0.0,0.0,0.0,0.0,100.0
20120928023000,0.0,0.0,0.0,0.0,0.0,0.0,0.0,100.0
20120928023100,0.0,0.0,0.0,0.0,0.0,0.0,0.0,100.0
20120928023200,0.0,0.0,0.0,0.0,0.0,0.0,0.0,100.0
20120928023300,0.0,0.0,0.0,0.0,0.0,0.0,0.0,100.0
20120928023400,0.0,0.0,0.0,0.0,0.0,0.0,0.0,100.0
20120928023500,0.0,0.0,0.0,0.0,0.0,0.0,0.0,100.0
20120928023600,0.0,0.0,0.0,0.0,0.0,0.0,0.0,100.0
20120928023700,0.0,0.0,0.0,0.0,0.0,0.0,0.0,100.0
20120928023800,0.0,0.0,0.0,0.0,0.0,0.0,0.0,100.0
20120928023900,0.0,0.0,0.0,0.0,0.0,0.0,0.0,100.0
20120928024000,0.0,0.0,0.0,0.0,0.0,0.0,0.0,100.0
20120928024100,0.0,0.0,0.0,0.0,0.0,0.0,0.0,100.0
20120928024200,0.0,0.0,0.0,0.0,0.0,0.0,0.0,100.0
20120928024300,0.0,0.0,0.0,0.0,0.0,0.0,0.0,100.0
20120928024400,0.0,0.0,0.0,0.0,0.0,0.0,0.0,100.0
20120928024500,0.0,0.0,0.0,0.0,0.0,0.0,0.0,100.0
20120928024600,0.0,0.0,0.0,0.0,0.0,0.0,0.0,100.0
20120928024700,0.0,0.0,0.0,0.0,0.0,0.0,0.0,100.0
20120928024800,0.0,0.0,0.0,0.0,0.0,0.0,0.0,100.0
20120928024900,0.0,0.0,0.0,0.0,0.0,0.0,0.0,100.0
20120928025000,0.0,0.0,0.0,0.0,0.0,0.0,0.0,100.0
20120928025100,0.0,0.0,0.0,0.0,0.0,0.0,0.0,100.0
20120928025200,0.0,0.0,0.0,0.0,0.0,0.0,0.0,100.0
20120928025300,0.0,0.0,0.0,0.0,0.0,0.0,0.0,100.0
20120928025400,0.0,0.0,0.0,0.0,0.0,0.0,0.0,100.0
20120928025500,0.0,0.0,0.0,0.0,0.0,0.0,0.0,100.0
20120928025600,0.0,0.0,0.0,0.0,0.0,0.0,0.0,100.0
20120928025700,0.0,0.0,0.0,0.0,0.0,0.0,0.0,100.0
20120928025800,0.0,0.0,0.0,0.0,0.0,0.0,0.0,100.0
20120928025900,0.0,0.0,0.0,0.0,0.0,0.0,0.0,100.0
