UT,arc,discrete,diffuse,ac,ab,clear,cloudy,dd
20121226132400,0.0,0.0,0.0,0.0,0.0,0.0,0.0,100.0
20121226132500,0.0,0.0,0.0,0.0,0.0,0.0,0.0,100.0
20121226132600,0.0,0.0,0.0,0.0,0.0,0.0,0.0,100.0
20121226132700,0.0,0.0,0.0,0.0,0.0,0.0,0.0,100.0
20121226132800,0.0,0.0,0.0,0.0,0.0,0.0,0.0,100.0
20121226132900,0.0,0.0,0.0,0.0,0.0,0.0,0.0,100.0
20121226133000,0.0,0.0,0.0,0.0,0.0,0.0,0.0,100.0
20121226133100,0.0,0.0,0.0,0.0,0.0,0.0,0.0,100.0
20121226133200,0.0,0.0,0.0,0.0,0.0,0.0,0.0,100.0
20121226133300,0.0,0.0,0.0,0.0,0.0,0.0,0.0,100.0
20121226133400,0.0,0.0,0.0,0.0,0.0,0.0,0.0,100.0
20121226133500,0.0,0.0,0.0,0.0,0.0,0.0,0.0,100.0
20121226133600,0.0,0.0,0.0,0.0,0.0,0.0,0.0,100.0
20121226133700,0.0,0.0,0.0,0.0,0.0,0.0,0.0,100.0
20121226133800,0.0,0.0,0.0,0.0,0.0,0.0,0.0,100.0
20121226133900,0.0,0.0,0.0,0.0,0.0,0.0,0.0,100.0
20121226134000,0.0,0.0,0.0,0.0,0.0,0.0,0.0,100.0
20121226134100,0.0,0.0,0.0,0.0,0.0,0.0,0.0,100.0
20121226134200,0.0,0.0,0.0,0.0,0.0,0.0,0.0,100.0
20121226134300,0.0,0.0,0.0,0.0,0.0,0.0,0.0,100.0
20121226134400,0.0,0.0,0.0,0.0,0.0,0.0,0.0,100.0
20121226134500,0.0,0.0,0.0,0.0,0.0,0.0,0.0,100.0
20121226134600,0.0,0.0,0.0,0.0,0.0,0.0,0.0,100.0
20121226134700,0.0,0.0,0.0,0.0,0.0,0.0,0.0,100.0
20121226134800,0.0,0.0,0.0,0.0,0.0,0.0,0.0,100.0
20121226134900,0.0,0.0,0.0,0.0,0.0,0.0,0.0,100.0
20121226135000,0.0,0.0,0.0,0.0,0.0,0.0,0.0,100.0
20121226135100,0.0,0.0,0.0,0.0,0.0,0.0,0.0,100.0
20121226135200,0.0,0.0,0.0,0.0,0.0,0.0,0.0,100.0
20121226135300,0.0,0.0,0.0,0.0,0.0,0.0,0.0,100.0
20121226135400,0.0,0.0,0.0,0.0,0.0,0.0,0.0,100.0
20121226135500,0.0,0.0,0.0,0.0,0.0,0.0,0.0,100.0
20121226135600,0.0,0.0,0.0,0.0,0.0,0.0,0.0,100.0
20121226135700,0.0,0.0,0.0,0.0,0.0,0.0,0.0,100.0
20121226135800,0.0,0.0,0.0,0.0,0.0,0.0,0.0,100.0
20121226135900,0.0,0.0,0.0,0.0,0.0,0.0,0.0,100.0
20121226140000,0.0,0.0,0.0,0.0,0.0,0.0,0.0,100.0
20121226140100,0.0,0.0,0.0,0.0,0.0,0.0,0.0,100.0
20121226140200,0.0,0.0,0.0,0.0,0.0,0.0,0.0,100.0
20121226140300,0.0,0.0,0.0,0.0,0.0,0.0,0.0,100.0
20121226140400,0.0,0.0,0.0,0.0,0.0,0.0,0.0,100.0
20121226140500,0.0,0.0,0.0,0.0,0.0,0.0,0.0,100.0
20121226140600,0.0,0.0,0.0,0.0,0.0,0.0,0.0,100.0
20121226140700,0.0,0.0,0.0,0.0,0.0,0.0,0.0,100.0
20121226140800,0.0,0.0,0.0,0.0,0.0,0.0,0.0,100.0
20121226140900,0.0,0.0,0.0,0.0,0.0,0.0,0.0,100.0
20121226141000,0.0,0.0,0.0,0.0,0.0,0.0,0.0,100.0
20121226141100,0.0,0.0,0.0,0.0,0.0,0.0,0.0,100.0
20121226141200,0.0,0.0,0.0,0.0,0.0,0.0,0.0,100.0
20121226141300,0.0,0.0,0.0,0.0,0.0,0.0,0.0,100.0
20121226141400,0.0,0.0,0.0,0.0,0.0,0.0,0.2,99.8
20121226141500,0.0,0.0,0.0,0.0,0.0,0.0,0.2,99.8
20121226141600,0.0,0.0,0.0,0.0,0.0,0.0,0.0,100.0
20121226141700,0.0,0.0,0.0,0.0,0.0,0.0,0.0,100.0
20121226141800,0.0,0.0,0.0,0.0,0.0,0.0,0.1,99.9
20121226141900,0.0,0.0,0.0,0.0,0.1,0.0,0.1,99.9
20121226142000,0.0,0.0,0.0,0.0,0.0,0.0,0.0,100.0
20121226142100,0.0,0.0,0.0,0.0,0.0,0.0,0.0,100.0
20121226142200,0.0,0.0,0.0,0.0,0.1,0.0,0.0,99.8
20121226142300,0.0,0.0,0.0,0.0,0.0,0.0,0.0,100.0
20121226142400,0.0,0.0,0.0,0.0,0.2,0.0,0.0,99.8
20121226142500,0.0,0.0,0.0,0.0,0.3,0.0,0.0,99.6
20121226142600,0.0,0.0,0.0,0.0,0.3,0.0,0.0,99.6
20121226142700,0.0,0.0,0.0,0.0,0.0,0.0,0.2,99.8
20121226142800,0.0,0.0,0.0,0.0,0.0,0.0,0.1,99.8
20121226142900,0.0,0.0,0.0,0.0,0.3,0.0,2.2,97.5
20121226143000,0.0,0.0,0.0,0.0,0.3,0.0,6.8,92.9
20121226143100,0.0,0.0,0.0,0.0,0.1,0.0,1.1,98.8
20121226143200,0.0,0.0,0.0,0.0,0.4,0.0,2.0,97.6
20121226143300,0.0,0.0,0.0,0.0,0.3,0.0,22.9,76.7
20121226143400,0.0,0.0,0.0,0.0,0.1,0.0,42.5,57.4
20121226143500,0.0,0.0,0.0,0.0,0.0,0.0,34.8,65.2
20121226143600,0.0,0.0,0.0,0.0,0.1,0.0,45.6,54.3
20121226143700,0.0,0.0,0.0,0.0,0.0,0.0,10.9,89.1
20121226143800,0.0,0.0,0.0,0.0,0.0,0.0,71.8,28.1
20121226143900,0.0,0.0,0.0,0.0,0.0,0.0,94.9,5.0
20121226144000,0.0,0.0,0.0,0.0,0.0,0.0,89.9,10.1
20121226144100,0.0,0.0,0.0,0.0,0.0,0.0,71.5,28.5
20121226144200,0.0,0.0,0.0,0.0,0.0,0.0,70.8,29.2
20121226144300,0.0,0.0,0.0,0.0,0.0,0.0,80.3,19.7
20121226144400,0.0,0.0,0.0,0.0,0.0,0.0,93.6,6.4
20121226144500,0.0,0.0,0.0,0.0,0.0,0.0,97.8,2.2
20121226144600,0.0,0.0,0.0,0.0,0.0,0.0,98.5,1.5
20121226144700,0.0,0.0,0.0,0.0,0.0,0.0,99.7,0.3
20121226144800,0.0,0.0,0.0,0.0,0.0,0.0,99.6,0.4
20121226144900,0.0,0.0,0.0,0.0,0.0,0.0,87.7,12.3
20121226145000,0.0,0.0,0.0,0.0,0.0,0.0,81.1,18.9
20121226145100,0.0,0.0,0.0,0.0,0.0,0.0,75.0,24.9
20121226145200,0.0,0.0,0.0,0.0,0.0,0.0,95.0,5.0
20121226145300,0.0,0.0,0.0,0.0,0.0,0.0,60.6,39.3
20121226145400,0.0,0.0,0.0,0.0,0.0,0.0,85.9,14.0
20121226145500,0.0,0.0,0.0,0.0,0.0,0.0,93.8,6.2
20121226145600,0.0,0.0,0.0,0.0,0.0,0.0,98.8,1.2
20121226145700,0.0,0.0,0.0,0.0,0.0,0.0,96.1,3.9
20121226145800,0.0,0.0,0.0,0.1,0.2,0.0,60.7,39.1
20121226145900,0.0,0.0,0.0,0.1,0.0,0.0,72.2,27.7
20121226150000,0.0,0.0,0.0,0.0,0.0,0.0,97.7,2.3
20121226150100,0.0,0.0,0.0,0.0,0.0,0.0,97.2,2.7
20121226150200,0.0,0.0,0.0,0.0,0.0,0.0,96.8,3.2
20121226150300,0.0,0.0,0.0,0.0,0.0,0.0,98.6,1.4
20121226150400,0.0,0.0,0.0,0.0,0.0,0.0,97.7,2.3
20121226150500,0.0,0.0,0.0,0.0,0.0,0.0,98.8,1.2
20121226150600,0.0,0.0,0.0,0.0,0.0,0.0,98.3,1.7
20121226150700,0.0,0.0,0.0,0.1,0.0,0.0,92.9,7.0
20121226150800,0.0,0.0,0.0,0.0,0.0,0.0,95.6,4.4
20121226150900,0.0,0.0,0.0,0.0,0.0,0.0,98.1,1.9
20121226151000,0.0,0.0,0.0,0.0,0.0,0.0,98.1,1.9
20121226151100,0.0,0.0,0.0,0.0,0.0,0.0,98.9,1.1
20121226151200,0.0,0.0,0.0,0.0,0.0,0.0,93.9,6.0
20121226151300,0.0,0.0,0.0,0.0,0.0,0.0,94.9,5.1
20121226151400,0.0,0.0,0.0,0.0,0.0,0.0,95.3,4.7
20121226151500,0.0,0.0,0.0,0.0,0.0,0.0,98.1,1.9
20121226151600,0.0,0.0,0.0,0.0,0.0,0.0,97.7,2.3
20121226151700,0.0,0.0,0.0,0.1,0.0,0.0,84.9,15.0
20121226151800,0.0,0.0,0.0,0.0,0.0,0.0,94.2,5.7
20121226151900,0.0,0.0,0.0,0.0,0.0,0.0,93.9,6.1
20121226152000,0.0,0.0,0.0,0.0,0.0,0.0,89.1,10.9
20121226152100,0.0,0.0,0.0,0.0,0.2,0.0,95.5,4.3
20121226152200,0.0,0.0,0.0,0.0,0.1,0.0,96.4,3.5
20121226152300,0.0,0.0,0.0,0.0,0.6,0.0,79.4,20.0
20121226152400,0.0,0.0,0.0,0.0,0.8,0.0,91.1,8.1
20121226152500,0.0,0.0,0.0,0.0,1.5,0.0,78.0,20.4
20121226152600,0.0,0.0,0.0,0.0,0.2,0.0,94.8,5.0
20121226152700,0.0,0.0,0.0,0.0,0.0,0.0,93.8,6.2
20121226152800,0.0,0.0,0.0,0.0,0.0,0.0,95.1,4.9
20121226152900,0.0,0.0,0.0,0.0,0.0,0.0,94.0,6.0
20121226153000,0.0,0.0,0.0,0.0,0.2,0.0,98.7,1.1
20121226153100,0.0,0.0,0.0,0.0,0.0,0.0,99.4,0.6
20121226153200,0.0,0.0,0.0,0.0,0.0,0.0,96.7,3.3
20121226153300,0.0,0.0,0.0,0.0,0.0,0.0,97.5,2.5
20121226153400,0.0,0.0,0.0,0.0,0.0,0.0,84.8,15.1
20121226153500,0.0,0.0,0.0,0.0,0.0,0.0,69.2,30.8
20121226153600,0.0,0.0,0.0,0.0,0.0,0.0,87.9,12.1
20121226153700,0.0,0.0,0.0,0.0,0.0,0.0,90.4,9.6
20121226153800,0.0,0.0,0.0,0.0,0.0,0.0,93.3,6.7
20121226153900,0.0,0.0,0.0,0.0,0.0,0.0,60.6,39.4
20121226154000,0.0,0.0,0.0,0.0,0.0,0.0,23.8,76.2
20121226154100,0.0,0.0,0.0,0.0,0.0,0.0,49.5,50.5
20121226154200,0.0,0.0,0.0,0.0,0.0,0.0,53.1,46.9
20121226154300,0.0,0.0,0.0,0.0,0.0,0.0,23.8,76.1
20121226154400,0.0,0.0,0.0,0.0,0.0,0.0,58.8,41.2
20121226154500,0.0,0.0,0.0,0.0,0.0,0.0,4.3,95.7
20121226154600,0.0,0.0,0.0,0.0,0.0,0.0,6.8,93.2
20121226154700,0.0,0.0,0.0,0.0,0.0,0.0,12.5,87.5
20121226154800,0.0,0.0,0.0,0.0,0.0,0.0,25.0,75.0
20121226154900,0.0,0.0,0.0,0.0,0.0,0.0,12.6,87.4
20121226155000,0.0,0.0,0.0,0.0,0.0,0.0,20.5,79.5
20121226155100,0.0,0.0,0.0,0.0,0.1,0.0,31.0,68.9
20121226155200,0.0,0.0,0.0,0.0,0.1,0.0,36.1,63.9
20121226155300,0.0,0.0,0.0,0.0,0.0,0.0,18.4,81.6
20121226155400,0.0,0.0,0.0,0.0,0.0,0.0,0.1,99.9
20121226155500,0.0,0.0,0.0,0.0,0.0,0.0,0.1,99.9
20121226155600,0.0,0.0,0.0,0.0,0.0,0.0,0.3,99.7
20121226155700,0.0,0.0,0.0,0.0,0.0,0.0,0.8,99.2
20121226155800,0.0,0.0,0.0,0.0,0.0,0.0,12.7,87.3
20121226155900,0.0,0.0,0.0,0.0,0.0,0.0,4.7,95.3
20121226160000,0.0,0.0,0.0,0.0,0.0,0.0,0.6,99.4
20121226160100,0.0,0.0,0.0,0.0,0.0,0.0,2.1,97.9
20121226160200,0.0,0.0,0.0,0.0,0.0,0.0,5.1,94.9
20121226160300,0.0,0.0,0.0,0.0,0.1,0.0,3.6,96.3
20121226160400,0.0,0.0,0.0,0.0,0.1,0.0,0.8,99.2
20121226160500,0.0,0.0,0.0,0.0,0.0,0.0,0.3,99.6
20121226160600,0.0,0.0,0.0,0.0,0.1,0.0,1.7,98.1
20121226160700,0.0,0.0,0.0,0.0,0.1,0.0,1.0,99.0
20121226160800,0.0,0.0,0.0,0.0,0.0,0.0,3.3,96.7
20121226160900,0.0,0.0,0.0,0.0,0.0,0.0,4.1,95.9
20121226161000,0.0,0.0,0.0,0.0,0.0,0.0,0.6,99.4
20121226161100,0.0,0.0,0.0,0.0,0.0,0.0,0.7,99.3
20121226161200,0.0,0.0,0.0,0.0,0.0,0.0,0.2,99.8
20121226161300,0.0,0.0,0.0,0.0,0.0,0.0,0.1,99.9
20121226161400,0.0,0.0,0.0,0.0,0.0,0.0,0.3,99.6
20121226161500,0.0,0.0,0.0,0.0,0.0,0.0,0.6,99.4
20121226161600,0.0,0.0,0.0,0.0,0.0,0.0,0.8,99.2
20121226161700,0.0,0.0,0.0,0.0,0.0,0.0,6.2,93.8
20121226161800,0.0,0.0,0.0,0.0,0.0,0.0,1.5,98.5
20121226161900,0.0,0.0,0.0,0.0,0.0,0.0,3.8,96.2
20121226162000,0.0,0.0,0.0,0.0,0.0,0.0,20.2,79.8
20121226162100,0.0,0.0,0.0,0.0,0.0,0.0,5.1,94.9
20121226162200,0.0,0.0,0.0,0.0,0.0,0.0,19.2,80.8
20121226162300,0.0,0.0,0.0,0.0,0.0,0.0,35.2,64.8
20121226162400,0.0,0.0,0.0,0.0,0.0,0.0,15.7,84.3
20121226162500,0.0,0.0,0.0,0.0,0.0,0.0,40.6,59.4
20121226162600,0.0,0.0,0.0,0.0,0.0,0.0,39.7,60.3
20121226162700,0.0,0.0,0.0,0.0,0.0,0.0,3.1,96.9
20121226162800,0.0,0.0,0.0,0.0,0.0,0.0,2.5,97.5
20121226162900,0.0,0.0,0.0,0.0,0.0,0.0,2.9,97.1
20121226163000,0.0,0.0,0.0,0.0,0.0,0.0,3.6,96.3
20121226163100,0.0,0.0,0.0,0.0,0.0,0.0,1.7,98.3
20121226163200,0.0,0.0,0.0,0.0,0.0,0.0,1.6,98.4
20121226163300,0.0,0.0,0.0,0.0,0.0,0.0,4.3,95.7
20121226163400,0.0,0.0,0.0,0.0,0.0,0.0,5.0,95.0
20121226163500,0.0,0.0,0.0,0.0,0.0,0.0,2.1,97.9
20121226163600,0.0,0.0,0.0,0.0,0.0,0.0,0.5,99.5
20121226163700,0.0,0.0,0.0,0.0,0.0,0.0,2.5,97.5
20121226163800,0.0,0.0,0.0,0.0,0.0,0.0,1.6,98.4
20121226163900,0.0,0.0,0.0,0.0,0.0,0.0,6.0,94.0
20121226164000,0.0,0.0,0.0,0.0,0.0,0.0,0.6,99.4
20121226164100,0.0,0.0,0.0,0.0,0.0,0.0,7.6,92.4
20121226164200,0.0,0.0,0.0,0.0,0.0,0.0,3.6,96.4
20121226164300,0.0,0.0,0.0,0.0,0.0,0.0,0.8,99.2
20121226164400,0.0,0.0,0.0,0.0,0.0,0.0,3.4,96.6
20121226164500,0.0,0.0,0.0,0.0,0.0,0.0,4.5,95.5
20121226164600,0.0,0.0,0.0,0.0,0.2,0.0,1.8,98.0
20121226164700,0.0,0.0,0.0,0.0,0.1,0.0,3.2,96.7
20121226164800,0.0,0.0,0.0,0.0,0.1,0.0,4.3,95.7
20121226164900,0.0,0.0,0.0,0.0,0.2,0.0,3.8,96.0
20121226165000,0.0,0.0,0.0,0.0,0.0,0.0,3.8,96.2
20121226165100,0.0,0.0,0.0,0.0,0.3,0.0,21.0,78.8
20121226165200,0.0,0.0,0.0,0.0,0.1,0.0,8.7,91.2
20121226165300,0.0,0.0,0.0,0.0,0.0,0.0,1.3,98.7
20121226165400,0.0,0.0,0.0,0.0,0.6,0.0,1.6,97.8
20121226165500,0.0,0.0,0.0,0.0,0.0,0.0,2.4,97.6
20121226165600,0.0,0.0,0.0,0.0,0.0,0.0,0.2,99.8
20121226165700,0.0,0.0,0.0,0.0,0.0,0.0,0.6,99.4
20121226165800,0.0,0.0,0.0,0.0,0.0,0.0,14.9,85.0
20121226165900,0.0,0.0,0.0,0.0,0.1,0.0,33.0,66.9
20121226170000,0.0,0.0,0.0,0.0,0.2,0.0,11.6,88.2
20121226170100,0.0,0.0,0.0,0.0,0.3,0.0,8.8,91.0
20121226170200,0.0,0.0,0.0,0.0,0.5,0.0,2.9,96.5
20121226170300,0.0,0.0,0.0,0.0,0.1,0.0,20.9,79.0
20121226170400,0.0,0.0,0.0,0.0,0.4,0.0,41.3,58.3
20121226170500,0.0,0.0,0.0,0.0,0.4,0.0,34.0,65.6
20121226170600,0.0,0.0,0.0,0.0,0.1,0.0,62.5,37.4
20121226170700,0.0,0.0,0.0,0.0,0.0,0.0,13.3,86.6
20121226170800,0.0,0.0,0.0,0.0,0.0,0.0,9.7,90.2
20121226170900,0.0,0.0,0.0,0.0,0.8,0.0,8.7,90.5
20121226171000,0.0,0.0,0.0,0.0,0.0,0.0,2.6,97.4
20121226171100,0.0,0.0,0.0,0.0,0.2,0.0,1.4,98.3
20121226171200,0.0,0.0,0.0,0.0,0.1,0.0,0.5,99.4
20121226171300,0.0,0.0,0.0,0.0,0.2,0.0,0.2,99.7
20121226171400,0.0,0.0,0.0,0.0,0.0,0.0,0.0,99.9
20121226171500,0.0,0.0,0.0,0.0,0.1,0.0,0.4,99.5
20121226171600,0.0,0.0,0.0,0.0,0.2,0.0,0.7,99.1
20121226171700,0.0,0.0,0.0,0.0,0.9,0.0,0.1,99.0
20121226171800,0.0,0.0,0.0,0.0,0.0,0.0,0.2,99.8
20121226171900,0.0,0.0,0.0,0.0,0.1,0.0,0.7,99.3
20121226172000,0.0,0.0,0.0,0.0,0.2,0.0,0.1,99.7
20121226172100,0.0,0.0,0.0,0.0,0.2,0.0,0.2,99.7
20121226172200,0.0,0.0,0.0,0.0,0.8,0.0,0.1,99.1
20121226172300,0.0,0.0,0.0,0.0,0.7,0.0,0.2,99.2
20121226172400,0.0,0.0,0.0,0.0,0.5,0.0,0.3,99.3
20121226172500,0.0,0.0,0.0,0.0,1.3,0.0,0.2,98.4
20121226172600,0.0,0.0,0.0,0.0,0.8,0.0,0.4,98.8
20121226172700,0.0,0.0,0.0,0.0,4.3,0.0,0.7,95.1
20121226172800,0.0,0.0,0.0,0.0,4.1,0.0,0.8,95.1
20121226172900,0.0,0.0,0.0,0.0,0.2,0.0,0.6,99.2
20121226173000,0.0,0.0,0.0,0.0,0.1,0.0,0.9,99.1
20121226173100,0.0,0.0,0.0,0.0,0.2,0.0,1.0,98.8
20121226173200,0.0,0.0,0.0,0.0,0.6,0.0,0.8,98.5
20121226173300,0.0,0.0,0.0,0.0,0.5,0.0,0.7,98.8
20121226173400,0.0,0.0,0.0,0.0,1.7,0.0,0.2,98.0
20121226173500,0.0,0.0,0.0,0.0,0.9,0.0,3.3,95.8
20121226173600,0.0,0.0,0.0,0.0,0.5,0.0,1.7,97.8
20121226173700,0.0,0.0,0.0,0.0,1.8,0.0,0.5,97.7
20121226173800,0.0,0.0,0.0,0.0,0.1,0.0,0.3,99.6
20121226173900,0.0,0.0,0.0,0.0,0.1,0.0,2.4,97.5
20121226174000,0.0,0.0,0.0,0.0,0.2,0.0,1.5,98.3
20121226174100,0.0,0.0,0.0,0.0,0.0,0.0,0.8,99.1
20121226174200,0.0,0.0,0.0,0.0,0.0,0.0,0.3,99.7
20121226174300,0.0,0.0,0.0,0.0,0.4,0.0,10.0,89.6
20121226174400,0.0,0.0,0.0,0.0,0.5,0.0,6.4,93.1
20121226174500,0.0,0.0,0.0,0.0,1.5,0.0,38.2,60.3
20121226174600,0.0,0.0,0.0,0.0,0.4,0.0,17.3,82.3
20121226174700,0.0,0.0,0.0,0.0,0.4,0.0,10.7,88.9
20121226174800,0.0,0.0,0.0,0.0,0.7,0.0,3.9,95.4
20121226174900,0.0,0.0,0.0,0.0,0.0,0.0,0.2,99.7
20121226175000,0.0,0.0,0.0,0.0,1.5,0.0,0.5,98.0
20121226175100,0.0,0.0,0.0,0.0,0.2,0.0,0.1,99.7
20121226175200,0.0,0.0,0.0,0.0,0.1,0.0,0.0,99.9
20121226175300,0.0,0.0,0.0,0.0,0.1,0.0,0.9,99.1
20121226175400,0.0,0.0,0.0,0.0,0.5,0.0,0.1,99.4
20121226175500,0.0,0.0,0.0,0.0,1.0,0.0,0.1,98.9
20121226175600,0.0,0.0,0.0,0.0,0.1,0.0,0.0,99.8
20121226175700,0.0,0.0,0.0,0.0,0.2,0.0,0.1,99.7
20121226175800,0.0,0.0,0.0,0.0,0.0,0.0,0.0,100.0
20121226175900,0.0,0.0,0.0,0.0,0.4,0.0,0.0,99.6
20121226180000,0.0,0.0,0.0,0.0,0.1,0.0,0.0,99.9
20121226180100,0.0,0.0,0.0,0.0,0.2,0.0,0.0,99.8
20121226180200,0.0,0.0,0.0,0.0,0.1,0.0,0.0,99.9
20121226180300,0.0,0.0,0.0,0.0,0.3,0.0,0.0,99.7
20121226180400,0.0,0.0,0.0,0.0,0.0,0.0,0.1,99.9
20121226180500,0.0,0.0,0.0,0.0,0.0,0.0,0.0,99.9
20121226180600,0.0,0.0,0.0,0.0,0.1,0.0,0.0,99.8
20121226180700,0.0,0.0,0.0,0.0,0.0,0.0,0.0,100.0
20121226180800,0.0,0.0,0.0,0.0,0.0,0.0,0.0,100.0
20121226180900,0.0,0.0,0.0,0.0,0.0,0.0,0.0,100.0
20121226181000,0.0,0.0,0.0,0.0,0.0,0.0,0.0,100.0
20121226181100,0.0,0.0,0.0,0.0,0.0,0.0,0.0,100.0
20121226181200,0.0,0.0,0.0,0.0,0.0,0.0,0.0,100.0
20121226181300,0.0,0.0,0.0,0.0,0.0,0.0,0.0,100.0
20121226181400,0.0,0.0,0.0,0.0,0.1,0.0,0.0,99.9
20121226181500,0.0,0.0,0.0,0.0,0.8,0.0,0.0,99.2
20121226181600,0.0,0.0,0.0,0.0,1.1,0.0,0.0,98.9
20121226181700,0.0,0.0,0.0,0.0,1.4,0.0,0.0,98.6
20121226181800,0.0,0.0,0.0,0.0,0.5,0.0,0.1,99.5
20121226181900,0.0,0.0,0.0,0.0,0.1,0.0,0.0,99.9
20121226182000,0.0,0.0,0.0,0.0,0.9,0.0,0.0,99.1
20121226182100,0.0,0.0,0.0,0.0,0.1,0.0,0.0,99.8
20121226182200,0.0,0.0,0.0,0.0,4.6,0.0,0.6,94.9
20121226182300,0.0,0.0,0.0,0.0,1.1,0.0,0.2,98.6
20121226182400,0.0,0.0,0.0,0.0,0.3,0.0,0.1,99.5
20121226182500,0.0,0.0,0.0,0.0,0.1,0.0,0.0,99.9
20121226182600,0.0,0.0,0.0,0.0,0.0,0.0,0.0,100.0
20121226182700,0.0,0.0,0.0,0.0,0.2,0.0,0.0,99.8
20121226182800,0.0,0.0,0.0,0.0,0.0,0.0,0.0,100.0
20121226182900,0.0,0.0,0.0,0.0,0.2,0.0,0.0,99.8
20121226183000,0.0,0.0,0.0,0.0,0.2,0.0,0.1,99.8
20121226183100,0.0,0.0,0.0,0.0,0.6,0.0,0.1,99.3
20121226183200,0.0,0.0,0.0,0.0,0.4,0.0,0.0,99.5
20121226183300,0.0,0.0,0.0,0.0,0.0,0.0,0.0,100.0
20121226183400,0.0,0.0,0.0,0.0,0.0,0.0,0.0,100.0
20121226183500,0.0,0.0,0.0,0.0,0.0,0.0,0.0,100.0
20121226183600,0.0,0.0,0.0,0.0,0.0,0.0,0.0,100.0
20121226183700,0.0,0.0,0.0,0.0,0.0,0.0,0.1,99.9
20121226183800,0.0,0.0,0.0,0.0,0.0,0.0,0.0,100.0
20121226183900,0.0,0.0,0.0,0.0,1.0,0.0,0.1,98.9
20121226184000,0.0,0.0,0.0,0.0,0.1,0.0,0.2,99.7
20121226184100,0.0,0.0,0.0,0.0,0.6,0.0,0.2,99.2
20121226184200,0.0,0.0,0.0,0.0,1.2,0.0,1.2,97.6
20121226184300,0.0,0.0,0.0,0.0,0.0,0.0,0.3,99.6
20121226184400,0.0,0.0,0.0,0.0,0.3,0.0,0.6,99.1
20121226184500,0.0,0.0,0.0,0.0,0.3,0.0,1.0,98.7
20121226184600,0.0,0.0,0.0,0.0,0.3,0.0,0.9,98.7
20121226184700,0.0,0.0,0.0,0.0,2.8,0.0,4.4,92.8
20121226184800,0.0,0.0,0.0,0.0,0.3,0.0,0.6,99.0
20121226184900,0.0,0.0,0.0,0.0,0.9,0.0,2.1,97.0
20121226185000,0.0,0.0,0.0,0.0,0.4,0.0,17.6,81.9
20121226185100,0.0,0.0,0.0,0.0,6.7,0.0,28.0,65.3
20121226185200,0.0,0.0,0.0,0.0,1.6,0.0,25.8,72.6
20121226185300,0.0,0.0,0.0,0.0,1.3,0.0,6.8,91.9
20121226185400,0.0,0.0,0.0,0.0,0.8,0.0,24.1,75.1
20121226185500,0.0,0.0,0.0,0.0,1.4,0.0,15.7,83.0
20121226185600,0.0,0.0,0.0,0.0,12.4,0.0,8.6,79.0
20121226185700,0.0,0.0,0.0,0.0,8.9,0.0,7.8,83.3
20121226185800,0.0,0.0,0.0,0.0,1.9,0.0,13.2,84.9
20121226185900,0.0,0.0,0.0,0.0,0.7,0.0,6.3,93.0
20121226190000,0.0,0.0,0.0,0.0,20.8,0.0,18.6,60.5
20121226190100,0.0,0.0,0.0,0.0,3.9,0.0,13.8,82.3
20121226190200,0.0,0.0,0.0,0.0,49.6,0.0,41.4,9.0
20121226190300,0.0,0.0,0.0,0.0,38.2,0.0,33.9,27.8
20121226190400,0.0,0.0,0.0,0.0,8.5,0.0,68.5,23.0
20121226190500,0.0,0.0,0.0,0.0,8.9,0.0,27.0,64.1
20121226190600,0.0,0.0,0.0,0.0,19.8,0.0,56.6,23.6
20121226190700,0.0,0.0,0.0,0.0,0.6,0.0,7.4,92.0
20121226190800,0.0,0.0,0.0,0.0,0.4,0.0,8.4,91.2
20121226190900,0.0,0.0,0.0,0.0,4.7,0.0,9.8,85.4
20121226191000,0.0,0.0,0.0,0.0,1.3,0.0,1.7,97.0
20121226191100,0.0,0.0,0.0,0.0,0.2,0.0,4.2,95.6
20121226191200,0.0,0.0,0.0,0.0,0.2,0.0,10.9,88.9
20121226191300,0.0,0.0,0.0,0.0,0.1,0.0,4.7,95.2
20121226191400,0.0,0.0,0.0,0.0,0.0,0.0,3.1,96.9
20121226191500,0.0,0.0,0.0,0.0,0.1,0.0,8.6,91.3
20121226191600,0.0,0.0,0.0,0.0,0.5,0.0,10.7,88.8
20121226191700,0.0,0.0,0.0,0.0,0.1,0.0,2.2,97.7
20121226191800,0.0,0.0,0.0,0.0,0.0,0.0,2.9,97.0
20121226191900,0.0,0.0,0.0,0.0,0.0,0.0,0.7,99.3
20121226192000,0.0,0.0,0.0,0.0,0.1,0.0,0.9,99.0
20121226192100,0.0,0.0,0.0,0.0,0.1,0.0,1.9,98.0
20121226192200,0.0,0.0,0.0,0.0,0.0,0.0,0.4,99.6
20121226192300,0.0,0.0,0.0,0.0,0.2,0.0,1.3,98.5
20121226192400,0.0,0.0,0.0,0.0,0.0,0.0,1.5,98.5
20121226192500,0.0,0.0,0.0,0.0,0.4,0.0,14.3,85.4
20121226192600,0.0,0.0,0.0,0.0,1.2,0.0,23.6,75.2
20121226192700,0.0,0.0,0.0,0.0,1.1,0.0,14.9,84.1
20121226192800,0.0,0.0,0.0,0.0,0.2,0.0,52.7,47.1
20121226192900,0.0,0.0,0.0,0.0,0.2,0.0,9.6,90.2
20121226193000,0.0,0.0,0.0,0.0,1.7,0.0,5.2,93.1
20121226193100,0.0,0.0,0.0,0.0,0.3,0.0,17.3,82.4
20121226193200,0.0,0.0,0.0,0.0,0.4,0.0,7.3,92.4
20121226193300,0.0,0.0,0.0,0.0,0.4,0.0,38.0,61.7
20121226193400,0.0,0.0,0.0,0.0,1.5,0.0,56.1,42.3
20121226193500,0.0,0.0,0.0,0.0,0.7,0.0,7.8,91.4
20121226193600,0.0,0.0,0.0,0.0,0.7,0.0,16.7,82.6
20121226193700,0.0,0.0,0.0,0.0,0.0,0.0,4.5,95.5
20121226193800,0.0,0.0,0.0,0.0,0.0,0.0,6.8,93.2
20121226193900,0.0,0.0,0.0,0.0,0.0,0.0,30.0,70.0
20121226194000,0.0,0.0,0.0,0.0,0.5,0.0,20.5,79.0
20121226194100,0.0,0.0,0.0,0.0,0.6,0.0,41.6,57.8
20121226194200,0.0,0.0,0.0,0.0,0.2,0.0,73.7,26.1
20121226194300,0.0,0.0,0.0,0.0,0.0,0.0,90.4,9.6
20121226194400,0.0,0.0,0.0,0.0,0.1,0.0,87.8,12.1
20121226194500,0.0,0.0,0.0,0.0,0.4,0.0,68.0,31.6
20121226194600,0.0,0.0,0.0,0.0,0.2,0.0,65.1,34.7
20121226194700,0.0,0.0,0.0,0.0,0.1,0.0,33.6,66.2
20121226194800,0.0,0.0,0.0,0.0,0.1,0.0,93.4,6.6
20121226194900,0.0,0.0,0.0,0.0,0.1,0.0,89.6,10.3
20121226195000,0.0,0.0,0.0,0.0,0.1,0.0,80.9,19.0
20121226195100,0.0,0.0,0.0,0.0,0.0,0.0,85.4,14.6
20121226195200,0.0,0.0,0.0,0.0,0.0,0.0,98.7,1.2
20121226195300,0.0,0.0,0.0,0.0,0.0,0.0,96.4,3.6
20121226195400,0.0,0.0,0.0,0.0,0.0,0.0,71.4,28.5
20121226195500,0.0,0.0,0.0,0.0,0.0,0.0,77.3,22.6
20121226195600,0.0,0.0,0.0,0.0,0.1,0.0,32.9,67.0
20121226195700,0.0,0.0,0.0,0.0,0.1,0.0,1.1,98.9
20121226195800,0.0,0.0,0.0,0.0,0.2,0.0,22.6,77.2
20121226195900,0.0,0.0,0.0,0.0,0.0,0.0,12.4,87.6
20121226200000,0.0,0.0,0.0,0.0,0.1,0.0,11.7,88.2
20121226200100,0.0,0.0,0.0,0.0,0.1,0.0,7.6,92.4
20121226200200,0.0,0.0,0.0,0.0,0.1,0.0,1.3,98.6
20121226200300,0.0,0.0,0.0,0.0,0.2,0.0,4.1,95.7
20121226200400,0.0,0.0,0.0,0.0,0.1,0.0,6.3,93.5
20121226200500,0.0,0.0,0.0,0.0,0.7,0.0,1.5,97.8
20121226200600,0.0,0.0,0.0,0.0,1.0,0.0,3.9,95.1
20121226200700,0.0,0.0,0.0,0.0,1.4,0.0,4.4,94.2
20121226200800,0.0,0.0,0.0,0.0,0.9,0.0,6.0,93.1
20121226200900,0.0,0.0,0.0,0.0,1.0,0.0,13.5,85.5
20121226201000,0.0,0.0,0.0,0.0,0.5,0.0,84.2,15.3
20121226201100,0.0,0.0,0.0,0.0,0.9,0.0,76.5,22.6
20121226201200,0.0,0.0,0.0,0.0,0.5,0.0,55.0,44.5
20121226201300,0.0,0.0,0.0,0.0,1.0,0.0,83.0,16.0
20121226201400,0.0,0.0,0.0,0.0,0.1,0.0,98.6,1.4
20121226201500,0.0,0.0,0.0,0.0,0.0,0.0,99.3,0.7
20121226201600,0.0,0.0,0.0,0.0,0.1,0.0,99.3,0.6
20121226201700,0.0,0.0,0.0,0.0,0.0,0.0,98.5,1.5
20121226201800,0.0,0.0,0.0,0.0,0.0,0.0,99.4,0.6
20121226201900,0.0,0.0,0.0,0.0,0.0,0.0,99.5,0.5
20121226202000,0.0,0.0,0.0,0.0,0.0,0.0,94.9,5.1
20121226202100,0.0,0.0,0.0,0.0,0.0,0.0,98.5,1.5
20121226202200,0.0,0.0,0.0,0.0,0.0,0.0,99.1,0.9
20121226202300,0.0,0.0,0.0,0.0,0.0,0.0,99.2,0.8
20121226202400,0.0,0.0,0.0,0.0,0.0,0.0,98.4,1.6
20121226202500,0.0,0.0,0.0,0.0,0.0,0.0,98.5,1.5
20121226202600,0.0,0.0,0.0,0.0,0.0,0.0,95.8,4.2
20121226202700,0.0,0.0,0.0,0.0,0.0,0.0,93.8,6.2
20121226202800,0.0,0.0,0.0,0.0,0.0,0.0,98.2,1.8
20121226202900,0.0,0.0,0.0,0.0,0.0,0.0,98.5,1.5
20121226203000,0.0,0.0,0.0,0.0,0.0,0.0,98.9,1.1
20121226203100,0.0,0.0,0.0,0.0,0.0,0.0,97.5,2.5
20121226203200,0.0,0.0,0.0,0.0,0.0,0.0,98.5,1.5
20121226203300,0.0,0.0,0.0,0.0,0.0,0.0,95.5,4.5
20121226203400,0.0,0.0,0.0,0.0,0.0,0.0,97.9,2.1
20121226203500,0.0,0.0,0.0,0.0,0.0,0.0,97.0,2.9
20121226203600,0.0,0.0,0.0,0.0,0.0,0.0,99.0,1.0
20121226203700,0.0,0.0,0.0,0.0,0.0,0.0,93.9,6.0
20121226203800,0.0,0.0,0.0,0.0,0.0,0.0,96.7,3.2
20121226203900,0.0,0.0,0.0,0.0,0.1,0.0,91.3,8.7
20121226204000,0.0,0.0,0.0,0.0,0.0,0.0,93.1,6.8
20121226204100,0.0,0.0,0.0,0.0,0.0,0.0,97.0,2.9
20121226204200,0.0,0.0,0.0,0.0,0.1,0.0,94.2,5.7
20121226204300,0.0,0.0,0.0,0.0,0.0,0.0,98.3,1.6
20121226204400,0.0,0.0,0.0,0.0,0.0,0.0,93.8,6.2
20121226204500,0.0,0.0,0.0,0.0,0.0,0.0,91.6,8.3
20121226204600,0.0,0.0,0.0,0.0,0.0,0.0,98.7,1.3
20121226204700,0.0,0.0,0.0,0.0,0.0,0.0,96.7,3.3
20121226204800,0.0,0.0,0.0,0.0,0.0,0.0,98.6,1.4
20121226204900,0.0,0.0,0.0,0.0,0.0,0.0,94.2,5.8
20121226205000,0.0,0.0,0.0,0.0,0.0,0.0,99.1,0.9
20121226205100,0.0,0.0,0.0,0.0,0.0,0.0,98.1,1.8
20121226205200,0.0,0.0,0.0,0.0,0.0,0.0,97.2,2.7
20121226205300,0.0,0.0,0.0,0.0,0.0,0.0,98.7,1.3
20121226205400,0.0,0.0,0.0,0.0,0.0,0.0,99.5,0.5
20121226205500,0.0,0.0,0.0,0.0,0.0,0.0,99.1,0.9
20121226205600,0.0,0.0,0.0,0.0,0.0,0.0,99.1,0.9
20121226205700,0.0,0.0,0.0,0.0,0.0,0.0,98.4,1.6
20121226205800,0.0,0.0,0.0,0.0,0.0,0.0,99.1,0.9
20121226205900,0.0,0.0,0.0,0.0,0.0,0.0,99.2,0.7
20121226210000,0.0,0.0,0.0,0.0,0.0,0.0,99.4,0.6
20121226210100,0.0,0.0,0.0,0.0,0.0,0.0,99.7,0.3
20121226210200,0.0,0.0,0.0,0.0,0.1,0.0,99.3,0.6
20121226210300,0.0,0.0,0.0,0.0,0.0,0.0,99.3,0.7
20121226210400,0.0,0.0,0.0,0.0,0.0,0.0,99.6,0.4
20121226210500,0.0,0.0,0.0,0.0,0.0,0.0,99.7,0.3
20121226210600,0.0,0.0,0.0,0.0,0.0,0.0,99.9,0.1
20121226210700,0.0,0.0,0.0,0.0,0.0,0.0,99.9,0.1
20121226210800,0.0,0.0,0.0,0.0,0.0,0.0,100.0,0.0
20121226210900,0.0,0.0,0.0,0.0,0.0,0.0,99.9,0.1
20121226211000,0.0,0.0,0.0,0.0,0.0,0.0,99.7,0.3
20121226211100,0.0,0.0,0.0,0.0,0.0,0.0,98.4,1.6
20121226211200,0.0,0.0,0.0,0.0,0.0,0.0,99.1,0.8
20121226211300,0.0,0.0,0.0,0.0,0.0,0.0,97.0,3.0
20121226211400,0.0,0.0,0.0,0.0,0.0,0.0,97.9,2.1
20121226211500,0.0,0.0,0.0,0.0,0.0,0.0,95.9,4.1
20121226211600,0.0,0.0,0.0,0.0,0.0,0.0,98.5,1.5
20121226211700,0.0,0.0,0.0,0.0,0.0,0.0,96.9,3.1
20121226211800,0.0,0.0,0.0,0.0,0.0,0.0,99.1,0.9
20121226211900,0.0,0.0,0.0,0.0,0.1,0.0,93.9,6.0
20121226212000,0.0,0.0,0.0,0.0,0.0,0.0,98.6,1.4
20121226212100,0.0,0.0,0.0,0.0,0.1,0.0,89.7,10.2
20121226212200,0.0,0.0,0.0,0.0,0.0,0.0,95.7,4.3
20121226212300,0.0,0.0,0.0,0.0,0.1,0.0,96.2,3.7
20121226212400,0.0,0.0,0.0,0.0,0.0,0.0,97.9,2.1
20121226212500,0.0,0.0,0.0,0.0,0.0,0.0,91.9,8.1
20121226212600,0.0,0.0,0.0,0.0,0.0,0.0,93.8,6.2
20121226212700,0.0,0.0,0.0,0.0,0.0,0.0,95.8,4.1
20121226212800,0.0,0.0,0.0,0.0,0.0,0.0,98.6,1.4
20121226212900,0.0,0.0,0.0,0.0,0.1,0.0,95.8,4.1
20121226213000,0.0,0.0,0.0,0.0,0.3,0.0,84.4,15.3
20121226213100,0.0,0.0,0.0,0.0,0.3,0.0,91.3,8.5
20121226213200,0.0,0.0,0.0,0.0,0.1,0.0,97.5,2.4
20121226213300,0.0,0.0,0.0,0.0,0.0,0.0,97.9,2.0
20121226213400,0.0,0.0,0.0,0.0,0.1,0.0,97.4,2.5
20121226213500,0.0,0.0,0.0,0.0,0.2,0.0,96.3,3.5
20121226213600,0.0,0.0,0.0,0.0,0.0,0.0,98.2,1.7
20121226213700,0.0,0.0,0.0,0.0,0.1,0.0,96.8,3.2
20121226213800,0.0,0.0,0.0,0.0,0.1,0.0,94.3,5.7
20121226213900,0.0,0.0,0.0,0.0,0.0,0.0,94.7,5.3
20121226214000,0.0,0.0,0.0,0.0,0.1,0.0,92.5,7.4
20121226214100,0.0,0.0,0.0,0.0,0.1,0.0,82.3,17.6
20121226214200,0.0,0.0,0.0,0.0,0.1,0.0,92.7,7.1
20121226214300,0.0,0.0,0.0,0.0,0.1,0.0,96.5,3.4
20121226214400,0.0,0.0,0.0,0.0,0.0,0.0,92.5,7.5
20121226214500,0.0,0.0,0.0,0.0,0.2,0.0,86.2,13.7
20121226214600,0.0,0.0,0.0,0.0,0.1,0.0,91.8,8.1
20121226214700,0.0,0.0,0.0,0.0,0.2,0.0,70.6,29.3
20121226214800,0.0,0.0,0.0,0.0,0.2,0.0,50.4,49.4
20121226214900,0.0,0.0,0.0,0.0,0.2,0.0,61.7,38.1
20121226215000,0.0,0.0,0.0,0.0,0.2,0.0,77.2,22.6
20121226215100,0.0,0.0,0.0,0.0,0.6,0.0,85.4,13.9
20121226215200,0.0,0.0,0.0,0.0,0.4,0.0,95.7,3.9
20121226215300,0.0,0.0,0.0,0.0,0.6,0.0,79.6,19.9
20121226215400,0.0,0.0,0.0,0.0,0.3,0.0,82.2,17.4
20121226215500,0.0,0.0,0.0,0.0,0.2,0.0,65.7,34.1
20121226215600,0.0,0.0,0.0,0.0,0.1,0.0,94.1,5.8
20121226215700,0.0,0.0,0.0,0.0,0.1,0.0,87.0,12.9
20121226215800,0.0,0.0,0.0,0.0,0.1,0.0,67.7,32.2
20121226215900,0.0,0.0,0.0,0.0,0.0,0.0,91.4,8.6
20121226220000,0.0,0.0,0.0,0.0,0.0,0.0,95.3,4.7
20121226220100,0.0,0.0,0.0,0.0,0.0,0.0,92.1,7.8
20121226220200,0.0,0.0,0.0,0.0,0.0,0.0,98.0,2.0
20121226220300,0.0,0.0,0.0,0.0,0.2,0.0,96.5,3.3
20121226220400,0.0,0.0,0.0,0.0,0.1,0.0,98.0,1.9
20121226220500,0.0,0.0,0.0,0.0,0.0,0.0,99.5,0.4
20121226220600,0.0,0.0,0.0,0.0,0.3,0.0,93.1,6.6
20121226220700,0.0,0.0,0.0,0.0,0.0,0.0,98.7,1.2
20121226220800,0.0,0.0,0.0,0.0,0.1,0.0,96.1,3.8
20121226220900,0.0,0.0,0.0,0.0,0.0,0.0,99.4,0.6
20121226221000,0.0,0.0,0.0,0.0,0.1,0.0,97.5,2.4
20121226221100,0.0,0.0,0.0,0.0,0.1,0.0,99.3,0.6
20121226221200,0.0,0.0,0.0,0.0,0.0,0.0,98.5,1.5
20121226221300,0.0,0.0,0.0,0.0,0.2,0.0,97.2,2.6
20121226221400,0.0,0.0,0.0,0.0,0.1,0.0,99.1,0.8
20121226221500,0.0,0.0,0.0,0.0,0.3,0.0,93.9,5.8
20121226221600,0.0,0.0,0.0,0.0,0.2,0.0,97.7,2.1
20121226221700,0.0,0.0,0.0,0.0,0.7,0.0,96.0,3.2
20121226221800,0.0,0.0,0.0,0.0,0.1,0.0,97.9,1.9
20121226221900,0.0,0.0,0.0,0.0,0.2,0.0,96.9,2.9
20121226222000,0.0,0.0,0.0,0.0,0.7,0.0,97.1,2.2
20121226222100,0.0,0.0,0.0,0.0,0.3,0.0,98.0,1.7
20121226222200,0.0,0.0,0.0,0.0,0.7,0.0,94.5,4.8
20121226222300,0.0,0.0,0.0,0.0,0.1,0.0,96.1,3.8
20121226222400,0.0,0.0,0.0,0.0,0.2,0.0,94.2,5.6
20121226222500,0.0,0.0,0.0,0.0,0.1,0.0,97.2,2.6
20121226222600,0.0,0.0,0.0,0.0,0.3,0.0,97.3,2.4
20121226222700,0.0,0.0,0.0,0.0,0.2,0.0,96.9,2.8
20121226222800,0.0,0.0,0.0,0.0,0.1,0.0,98.2,1.7
20121226222900,0.0,0.0,0.0,0.0,0.1,0.0,98.6,1.3
20121226223000,0.0,0.0,0.0,0.0,0.1,0.0,98.4,1.5
20121226223100,0.0,0.0,0.0,0.0,0.1,0.0,98.6,1.3
20121226223200,0.0,0.0,0.0,0.0,0.2,0.0,99.2,0.6
20121226223300,0.0,0.0,0.0,0.0,0.0,0.0,99.6,0.4
20121226223400,0.0,0.0,0.0,0.0,0.0,0.0,99.4,0.5
20121226223500,0.0,0.0,0.0,0.0,0.1,0.0,99.7,0.2
20121226223600,0.0,0.0,0.0,0.0,0.2,0.0,98.8,0.9
20121226223700,0.0,0.0,0.0,0.0,0.1,0.0,99.6,0.4
20121226223800,0.0,0.0,0.0,0.0,0.0,0.0,99.6,0.3
20121226223900,0.0,0.0,0.0,0.0,0.1,0.0,99.3,0.6
20121226224000,0.0,0.0,0.0,0.0,0.5,0.0,95.9,3.5
20121226224100,0.0,0.0,0.0,0.0,0.2,0.0,99.5,0.3
20121226224200,0.0,0.0,0.0,0.0,0.3,0.0,98.4,1.3
20121226224300,0.0,0.0,0.0,0.0,0.2,0.0,99.5,0.3
20121226224400,0.0,0.0,0.0,0.0,0.2,0.0,99.5,0.3
20121226224500,0.0,0.0,0.0,0.0,0.1,0.0,99.6,0.3
20121226224600,0.0,0.0,0.0,0.0,0.1,0.0,98.8,1.1
20121226224700,0.0,0.0,0.0,0.0,0.1,0.0,98.6,1.3
20121226224800,0.0,0.0,0.0,0.0,0.3,0.0,96.6,3.1
20121226224900,0.0,0.0,0.0,0.0,0.2,0.0,99.0,0.8
20121226225000,0.0,0.0,0.0,0.0,0.1,0.0,98.9,1.0
20121226225100,0.0,0.0,0.0,0.0,0.2,0.0,97.7,2.1
20121226225200,0.0,0.0,0.0,0.0,0.0,0.0,99.6,0.4
20121226225300,0.0,0.0,0.0,0.0,0.0,0.0,97.3,2.6
20121226225400,0.0,0.0,0.0,0.0,0.1,0.0,99.5,0.4
20121226225500,0.0,0.0,0.0,0.0,0.1,0.0,99.3,0.6
20121226225600,0.0,0.0,0.0,0.0,0.0,0.0,98.6,1.4
20121226225700,0.0,0.0,0.0,0.0,0.1,0.0,97.3,2.6
20121226225800,0.0,0.0,0.0,0.0,0.3,0.0,96.8,2.8
20121226225900,0.0,0.0,0.0,0.0,0.2,0.0,98.4,1.4
20121226230000,0.0,0.0,0.0,0.0,0.2,0.0,99.2,0.7
20121226230100,0.0,0.0,0.0,0.0,0.1,0.0,98.8,1.1
20121226230200,0.0,0.0,0.0,0.0,0.5,0.0,71.7,27.8
20121226230300,0.0,0.0,0.0,0.0,0.2,0.0,99.3,0.5
20121226230400,0.0,0.0,0.0,0.0,0.0,0.0,98.8,1.2
20121226230500,0.0,0.0,0.0,0.0,0.0,0.0,98.9,1.1
20121226230600,0.0,0.0,0.0,0.0,0.0,0.0,99.6,0.3
20121226230700,0.0,0.0,0.0,0.0,0.0,0.0,99.7,0.3
20121226230800,0.0,0.0,0.0,0.0,0.0,0.0,97.5,2.5
20121226230900,0.0,0.0,0.0,0.0,0.0,0.0,99.1,0.9
20121226231000,0.0,0.0,0.0,0.0,0.0,0.0,99.3,0.7
20121226231100,0.0,0.0,0.0,0.0,0.0,0.0,98.8,1.2
20121226231200,0.0,0.0,0.0,0.0,0.1,0.0,98.7,1.3
20121226231300,0.0,0.0,0.0,0.0,0.0,0.0,99.0,1.0
20121226231400,0.0,0.0,0.0,0.0,0.0,0.0,99.6,0.3
20121226231500,0.0,0.0,0.0,0.0,0.2,0.0,96.3,3.5
20121226231600,0.0,0.0,0.0,0.0,0.1,0.0,96.2,3.7
20121226231700,0.0,0.0,0.0,0.0,0.1,0.0,95.1,4.8
20121226231800,0.0,0.0,0.0,0.0,0.0,0.0,99.5,0.5
20121226231900,0.0,0.0,0.0,0.0,0.1,0.0,98.5,1.5
20121226232000,0.0,0.0,0.0,0.0,0.7,0.0,96.5,2.8
20121226232100,0.0,0.0,0.0,0.0,0.1,0.0,98.3,1.6
20121226232200,0.0,0.0,0.0,0.0,0.0,0.0,97.1,2.8
20121226232300,0.0,0.0,0.0,0.0,0.0,0.0,98.4,1.6
20121226232400,0.0,0.0,0.0,0.0,0.1,0.0,95.7,4.3
20121226232500,0.0,0.0,0.0,0.0,0.0,0.0,95.1,4.8
20121226232600,0.0,0.0,0.0,0.0,0.1,0.0,96.8,3.2
20121226232700,0.0,0.0,0.0,0.0,0.0,0.0,98.6,1.4
20121226232800,0.0,0.0,0.0,0.0,0.0,0.0,98.1,1.8
20121226232900,0.0,0.0,0.0,0.0,0.1,0.0,99.4,0.5
20121226233000,0.0,0.0,0.0,0.0,0.0,0.0,99.2,0.7
20121226233100,0.0,0.0,0.0,0.0,0.1,0.0,98.9,1.1
20121226233200,0.0,0.0,0.0,0.0,0.0,0.0,98.7,1.3
20121226233300,0.0,0.0,0.0,0.0,0.0,0.0,99.8,0.2
20121226233400,0.0,0.0,0.0,0.0,0.0,0.0,99.8,0.2
20121226233500,0.0,0.0,0.0,0.0,0.0,0.0,99.5,0.5
20121226233600,0.0,0.0,0.0,0.0,0.0,0.0,99.4,0.5
20121226233700,0.0,0.0,0.0,0.0,0.3,0.0,97.7,2.0
20121226233800,0.0,0.0,0.0,0.0,0.1,0.0,99.2,0.7
20121226233900,0.0,0.0,0.0,0.1,0.3,0.0,96.1,3.5
20121226234000,0.0,0.0,0.0,0.0,0.3,0.0,98.0,1.7
20121226234100,0.0,0.0,0.0,0.0,0.4,0.0,99.2,0.4
20121226234200,0.0,0.0,0.0,0.0,0.2,0.0,99.4,0.5
20121226234300,0.0,0.0,0.0,0.0,0.1,0.0,97.5,2.4
20121226234400,0.0,0.0,0.0,0.0,0.2,0.0,98.5,1.2
20121226234500,0.0,0.0,0.0,0.0,0.1,0.0,97.9,1.9
20121226234600,0.0,0.0,0.0,0.0,0.3,0.0,97.2,2.5
20121226234700,0.0,0.0,0.0,0.0,0.2,0.0,94.9,4.9
20121226234800,0.0,0.0,0.0,0.0,0.1,0.0,98.5,1.4
20121226234900,0.0,0.0,0.0,0.0,0.1,0.0,97.8,2.1
20121226235000,0.0,0.0,0.0,0.0,0.1,0.0,96.7,3.2
20121226235100,0.0,0.0,0.0,0.0,0.0,0.0,98.2,1.7
20121226235200,0.0,0.0,0.0,0.0,0.0,0.0,99.2,0.8
20121226235300,0.0,0.0,0.0,0.0,0.0,0.0,99.4,0.6
20121226235400,0.0,0.0,0.0,0.0,0.0,0.0,99.1,0.8
20121226235500,0.0,0.0,0.0,0.0,0.1,0.0,97.5,2.4
20121226235600,0.0,0.0,0.0,0.0,0.1,0.0,97.8,2.1
20121226235700,0.0,0.0,0.0,0.0,0.1,0.0,98.3,1.7
20121226235800,0.0,0.0,0.0,0.0,0.1,0.0,96.5,3.4
20121226235900,0.0,0.0,0.0,0.0,0.1,0.0,98.8,1.0
20121227000000,0.0,0.0,0.0,0.0,0.0,0.0,99.3,0.7
20121227000100,0.0,0.0,0.0,0.0,0.0,0.0,99.5,0.4
20121227000200,0.0,0.0,0.0,0.0,0.1,0.0,99.1,0.7
20121227000300,0.0,0.0,0.0,0.0,0.1,0.0,99.5,0.4
20121227000400,0.0,0.0,0.0,0.0,0.1,0.0,99.2,0.7
20121227000500,0.0,0.0,0.0,0.0,0.1,0.0,99.6,0.4
20121227000600,0.0,0.0,0.0,0.0,0.2,0.0,96.5,3.2
20121227000700,0.0,0.0,0.0,0.0,0.1,0.0,98.4,1.5
20121227000800,0.0,0.0,0.0,0.0,0.1,0.0,99.1,0.8
20121227000900,0.0,0.0,0.0,0.0,0.0,0.0,98.7,1.3
20121227001000,0.0,0.0,0.0,0.0,0.0,0.0,99.4,0.5
20121227001100,0.0,0.0,0.0,0.0,0.0,0.0,99.4,0.6
20121227001200,0.0,0.0,0.0,0.0,0.1,0.0,99.1,0.9
20121227001300,0.0,0.0,0.0,0.0,0.1,0.0,99.7,0.2
20121227001400,0.0,0.0,0.0,0.0,0.3,0.0,97.1,2.6
20121227001500,0.0,0.0,0.0,0.0,0.2,0.0,99.2,0.6
20121227001600,0.0,0.0,0.0,0.0,0.1,0.0,98.5,1.4
20121227001700,0.0,0.0,0.0,0.0,0.1,0.0,96.0,3.9
20121227001800,0.0,0.0,0.0,0.0,0.1,0.0,93.7,6.2
20121227001900,0.0,0.0,0.0,0.0,0.0,0.0,97.8,2.1
20121227002000,0.0,0.0,0.0,0.0,0.0,0.0,98.1,1.9
20121227002100,0.0,0.0,0.0,0.0,0.0,0.0,98.4,1.6
20121227002200,0.0,0.0,0.0,0.0,0.0,0.0,99.0,1.0
20121227002300,0.0,0.0,0.0,0.0,0.0,0.0,99.5,0.4
20121227002400,0.0,0.0,0.0,0.0,0.1,0.0,99.3,0.6
20121227002500,0.0,0.0,0.0,0.0,0.1,0.0,97.9,2.0
20121227002600,0.0,0.0,0.0,0.0,0.1,0.0,94.8,5.0
20121227002700,0.0,0.0,0.0,0.0,0.1,0.0,94.3,5.6
20121227002800,0.0,0.0,0.0,0.0,0.1,0.0,93.7,6.2
20121227002900,0.0,0.0,0.0,0.0,0.0,0.0,93.2,6.8
20121227003000,0.0,0.0,0.0,0.0,0.0,0.0,99.2,0.7
20121227003100,0.0,0.0,0.0,0.0,0.0,0.0,97.4,2.5
20121227003200,0.0,0.0,0.0,0.0,0.0,0.0,98.6,1.3
20121227003300,0.0,0.0,0.0,0.0,0.1,0.0,98.5,1.4
20121227003400,0.0,0.0,0.0,0.0,0.0,0.0,98.7,1.3
20121227003500,0.0,0.0,0.0,0.1,0.9,0.0,92.3,6.7
20121227003600,0.0,0.0,0.0,0.0,0.1,0.0,98.5,1.3
20121227003700,0.0,0.0,0.0,0.0,0.0,0.0,98.5,1.4
20121227003800,0.0,0.0,0.0,0.0,0.0,0.0,96.9,3.1
20121227003900,0.0,0.0,0.0,0.0,0.1,0.0,98.3,1.6
20121227004000,0.0,0.0,0.0,0.0,0.0,0.0,99.3,0.6
20121227004100,0.0,0.0,0.0,0.0,0.1,0.0,98.5,1.4
20121227004200,0.0,0.0,0.0,0.0,0.1,0.0,96.8,3.1
20121227004300,0.0,0.0,0.0,0.0,0.0,0.0,99.3,0.6
20121227004400,0.0,0.0,0.0,0.0,0.0,0.0,97.4,2.5
20121227004500,0.0,0.0,0.0,0.0,0.0,0.0,97.9,2.1
20121227004600,0.0,0.0,0.0,0.0,0.1,0.0,98.4,1.6
20121227004700,0.0,0.0,0.0,0.0,0.1,0.0,96.1,3.9
20121227004800,0.0,0.0,0.0,0.0,0.0,0.0,94.5,5.5
20121227004900,0.0,0.0,0.0,0.0,0.0,0.0,98.9,1.1
20121227005000,0.0,0.0,0.0,0.0,0.0,0.0,93.2,6.7
20121227005100,0.0,0.0,0.0,0.0,0.1,0.0,79.1,20.8
20121227005200,0.0,0.0,0.0,0.0,0.0,0.0,90.5,9.5
20121227005300,0.0,0.0,0.0,0.0,0.0,0.0,77.8,22.1
20121227005400,0.0,0.0,0.0,0.0,0.0,0.0,88.1,11.8
20121227005500,0.0,0.0,0.0,0.0,0.0,0.0,87.8,12.2
20121227005600,0.0,0.0,0.0,0.0,0.0,0.0,98.4,1.6
20121227005700,0.0,0.0,0.0,0.0,0.0,0.0,92.4,7.5
20121227005800,0.0,0.0,0.0,0.0,0.0,0.0,84.5,15.4
20121227005900,0.0,0.0,0.0,0.0,0.0,0.0,95.3,4.7
20121227010000,0.0,0.0,0.0,0.0,0.0,0.0,99.6,0.4
20121227010100,0.0,0.0,0.0,0.0,0.0,0.0,100.0,0.0
20121227010200,0.0,0.0,0.0,0.0,0.0,0.0,99.8,0.2
20121227010300,0.0,0.0,0.0,0.0,0.0,0.0,99.7,0.3
20121227010400,0.0,0.0,0.0,0.0,0.0,0.0,99.8,0.2
20121227010500,0.0,0.0,0.0,0.0,0.0,0.0,99.9,0.1
20121227010600,0.0,0.0,0.0,0.0,0.0,0.0,99.6,0.4
20121227010700,0.0,0.0,0.0,0.0,0.0,0.0,99.6,0.4
20121227010800,0.0,0.0,0.0,0.0,0.2,0.0,99.4,0.4
20121227010900,0.0,0.0,0.0,0.0,0.5,0.0,98.8,0.7
20121227011000,0.0,0.0,0.0,0.0,1.8,0.0,97.3,0.9
20121227011100,0.0,0.0,0.0,0.0,0.1,0.0,99.6,0.3
20121227011200,0.0,0.0,0.0,0.0,0.8,0.0,98.1,1.0
20121227011300,0.0,0.0,0.0,0.0,0.5,0.0,96.9,2.6
20121227011400,0.0,0.0,0.0,0.0,0.1,0.0,98.9,0.9
20121227011500,0.0,0.0,0.0,0.0,1.5,0.0,91.0,7.4
20121227011600,0.0,0.0,0.0,0.0,0.4,0.0,98.8,0.8
20121227011700,0.0,0.0,0.0,0.0,0.4,0.0,98.3,1.3
20121227011800,0.0,0.0,0.0,0.0,0.2,0.0,97.8,1.9
20121227011900,0.0,0.0,0.0,0.0,0.0,0.0,99.7,0.3
20121227012000,0.0,0.0,0.0,0.0,0.2,0.0,98.0,1.8
20121227012100,0.0,0.0,0.0,0.0,0.1,0.0,98.8,1.1
20121227012200,0.0,0.0,0.0,0.0,0.3,0.0,97.7,2.0
20121227012300,0.0,0.0,0.0,0.0,0.2,0.0,99.5,0.2
20121227012400,0.0,0.0,0.0,0.0,0.0,0.0,100.0,0.0
20121227012500,0.0,0.0,0.0,0.0,0.1,0.0,99.8,0.1
20121227012600,0.0,0.0,0.0,0.0,0.1,0.0,99.8,0.2
20121227012700,0.0,0.0,0.0,0.0,0.1,0.0,99.8,0.1
20121227012800,0.0,0.0,0.0,0.0,0.1,0.0,99.7,0.2
20121227012900,0.0,0.0,0.0,0.0,0.4,0.0,98.8,0.8
20121227013000,0.0,0.0,0.0,0.0,0.0,0.0,99.9,0.0
20121227013100,0.0,0.0,0.0,0.0,0.2,0.0,99.6,0.2
20121227013200,0.0,0.0,0.0,0.0,0.0,0.0,99.9,0.0
20121227013300,0.0,0.0,0.0,0.0,0.0,0.0,99.9,0.1
20121227013400,0.0,0.0,0.0,0.0,0.1,0.0,99.7,0.2
20121227013500,0.0,0.0,0.0,0.0,0.7,0.0,99.1,0.3
20121227013600,0.0,0.0,0.0,0.0,0.1,0.0,99.8,0.1
20121227013700,0.0,0.0,0.0,0.0,0.4,0.0,99.4,0.2
20121227013800,0.0,0.0,0.0,0.0,0.7,0.0,98.8,0.4
20121227013900,0.0,0.0,0.0,0.0,0.1,0.0,99.9,0.0
20121227014000,0.0,0.0,0.0,0.0,2.0,0.0,97.9,0.1
20121227014100,0.0,0.0,0.0,0.0,0.1,0.0,99.8,0.1
20121227014200,0.0,0.0,0.0,0.0,0.6,0.0,98.5,0.8
20121227014300,0.0,0.0,0.0,0.0,0.1,0.0,99.7,0.2
20121227014400,0.0,0.0,0.0,0.0,0.0,0.0,99.9,0.1
20121227014500,0.0,0.0,0.0,0.0,0.1,0.0,99.7,0.2
20121227014600,0.0,0.0,0.0,0.0,0.5,0.0,99.3,0.2
20121227014700,0.0,0.0,0.0,0.0,0.1,0.0,99.5,0.4
20121227014800,0.0,0.0,0.0,0.0,0.0,0.0,99.9,0.1
20121227014900,0.0,0.0,0.0,0.0,0.1,0.0,99.3,0.6
20121227015000,0.0,0.0,0.0,0.0,0.0,0.0,99.7,0.3
20121227015101,0.0,0.0,0.0,0.0,0.4,0.0,98.0,1.6
20121227015200,0.0,0.0,0.0,0.0,0.1,0.0,99.8,0.1
20121227015300,0.0,0.0,0.0,0.0,0.4,0.0,97.9,1.8
20121227015400,0.0,0.0,0.0,0.0,0.1,0.0,97.3,2.5
20121227015500,0.0,0.0,0.0,0.0,0.0,0.0,99.4,0.6
20121227015600,0.0,0.0,0.0,0.0,0.2,0.0,99.2,0.7
20121227015700,0.0,0.0,0.0,0.0,0.0,0.0,99.8,0.1
20121227015800,0.0,0.0,0.0,0.0,0.1,0.0,99.5,0.4
20121227015900,0.0,0.0,0.0,0.0,0.1,0.0,99.5,0.5
20121227020000,0.0,0.0,0.0,0.0,0.1,0.0,99.2,0.7
20121227020100,0.0,0.0,0.0,0.0,0.0,0.0,99.6,0.4
20121227020200,0.0,0.0,0.0,0.0,0.1,0.0,99.8,0.1
20121227020300,0.0,0.0,0.0,0.0,0.1,0.0,99.3,0.6
20121227020400,0.0,0.0,0.0,0.0,0.2,0.0,98.9,0.9
20121227020500,0.0,0.0,0.0,0.0,0.0,0.0,99.5,0.5
20121227020600,0.0,0.0,0.0,0.0,0.0,0.0,97.4,2.6
20121227020700,0.0,0.0,0.0,0.0,0.0,0.0,99.9,0.1
20121227020800,0.0,0.0,0.0,0.0,0.0,0.0,96.9,3.1
20121227020900,0.0,0.0,0.0,0.0,0.2,0.0,95.3,4.5
20121227021001,0.0,0.0,0.0,0.0,0.2,0.0,96.9,3.0
20121227021100,0.0,0.0,0.0,0.0,0.2,0.0,96.0,3.7
20121227021201,0.0,0.0,0.0,0.0,0.1,0.0,98.4,1.5
20121227021300,0.0,0.0,0.0,0.0,0.0,0.0,99.7,0.2
20121227021400,0.0,0.0,0.0,0.0,0.0,0.0,99.7,0.3
20121227021500,0.0,0.0,0.0,0.0,0.0,0.0,99.8,0.2
20121227021600,0.0,0.0,0.0,0.0,0.0,0.0,99.1,0.8
20121227021700,0.0,0.0,0.0,0.0,0.2,0.0,96.6,3.2
20121227021800,0.0,0.0,0.0,0.0,0.0,0.0,99.1,0.9
20121227021901,0.0,0.0,0.0,0.0,0.1,0.0,99.2,0.7
20121227022000,0.0,0.0,0.0,0.0,0.3,0.0,98.5,1.2
20121227022100,0.0,0.0,0.0,0.0,0.2,0.0,99.0,0.7
20121227022200,0.0,0.0,0.0,0.1,0.8,0.0,97.7,1.4
20121227022300,0.0,0.0,0.0,0.2,0.3,0.0,98.3,1.2
20121227022400,0.0,0.0,0.0,0.2,0.3,0.0,99.3,0.2
20121227022500,0.0,0.0,0.0,0.1,0.1,0.0,99.5,0.3
20121227022600,0.0,0.0,0.0,0.0,0.4,0.0,99.3,0.2
20121227022700,0.0,0.0,0.0,0.2,1.0,0.0,98.3,0.5
20121227022800,0.0,0.0,0.0,0.1,0.4,0.0,99.3,0.2
20121227022900,0.0,0.0,0.0,0.1,0.2,0.0,99.5,0.2
20121227023000,0.0,0.0,0.0,0.1,0.1,0.0,99.6,0.2
20121227023100,0.0,0.0,0.0,0.2,0.3,0.0,97.3,2.1
20121227023200,0.0,0.0,0.0,0.1,0.6,0.0,98.1,1.2
20121227023300,0.0,0.0,0.0,0.1,0.5,0.0,98.9,0.5
20121227023400,0.0,0.0,0.0,0.8,2.3,0.0,94.7,2.2
20121227023500,0.0,0.0,0.0,0.4,1.4,0.0,97.6,0.5
20121227023601,0.0,0.0,0.0,0.0,0.2,0.0,99.6,0.2
20121227023700,0.0,0.0,0.0,0.0,0.1,0.0,99.7,0.1
20121227023800,0.0,0.0,0.0,0.0,0.1,0.0,99.8,0.1
20121227023900,0.0,0.0,0.0,0.1,0.2,0.0,99.2,0.4
20121227024000,0.0,0.0,0.0,0.0,0.6,0.0,98.9,0.4
20121227024101,0.0,0.0,0.0,0.1,0.0,0.0,99.6,0.3
20121227024200,0.0,0.0,0.0,0.2,0.1,0.0,99.4,0.3
20121227024300,0.0,0.0,0.0,0.3,0.1,0.0,99.2,0.4
20121227024400,0.0,0.0,0.0,1.1,0.5,0.0,97.8,0.6
20121227024500,0.0,0.0,0.0,0.3,0.0,0.0,99.0,0.8
20121227024600,0.0,0.0,0.0,0.1,0.5,0.0,98.6,0.8
20121227024700,0.0,0.0,0.0,0.3,1.5,0.0,95.7,2.5
20121227024800,0.0,0.0,0.0,0.1,0.3,0.0,99.0,0.6
20121227024900,0.0,0.0,0.0,0.1,0.5,0.0,99.3,0.2
20121227025000,0.0,0.0,0.0,0.7,0.8,0.0,97.0,1.5
20121227025100,0.0,0.0,0.0,0.3,0.1,0.0,97.5,2.0
20121227025200,0.0,0.0,0.0,0.1,0.5,0.0,92.2,7.2
20121227025300,0.0,0.0,0.0,0.2,0.3,0.0,93.7,5.7
20121227025400,0.0,0.0,0.0,0.0,0.2,0.0,85.8,14.0
20121227025500,0.0,0.0,0.0,0.1,0.3,0.0,59.2,40.4
20121227025601,0.0,0.0,0.0,0.0,0.0,0.0,1.0,98.9
20121227025701,0.0,0.0,0.0,0.0,0.3,0.0,14.3,85.4
20121227030118,0.0,0.0,0.0,0.1,0.9,0.0,91.0,8.1
20121227030218,0.0,0.0,0.0,0.0,14.1,0.0,64.2,21.6
20121227030318,0.0,0.0,0.0,0.2,8.1,0.0,82.6,9.1
20121227030418,0.0,0.0,0.0,0.3,0.4,0.0,96.6,2.8
20121227030518,0.0,0.0,0.0,0.1,1.1,0.0,96.7,2.1
20121227030618,0.0,0.0,0.0,0.0,0.4,0.0,99.1,0.5
20121227030718,0.0,0.0,0.0,0.1,1.5,0.0,98.3,0.1
20121227030818,0.0,0.0,0.0,0.0,1.8,0.0,95.1,3.1
20121227030918,0.0,0.0,0.0,0.0,0.1,0.0,99.8,0.1
20121227031018,0.0,0.0,0.0,0.1,0.5,0.0,99.4,0.0
20121227031118,0.0,0.0,0.0,0.1,1.0,0.0,98.4,0.5
20121227031218,0.0,0.0,0.0,0.0,0.4,0.0,98.9,0.7
20121227031318,0.0,0.0,0.0,0.0,0.3,0.0,99.6,0.1
20121227031418,0.0,0.0,0.0,0.0,0.3,0.0,99.3,0.4
