UT,arc,discrete,diffuse,ac,ab,clear,cloudy,dd
20120214154500,0.0,0.0,0.0,0.0,0.0,0.0,0.0,100.0
20120214154600,0.0,0.0,0.0,0.0,0.0,0.0,0.0,100.0
20120214154700,0.0,0.0,0.0,0.0,0.0,0.0,0.0,100.0
20120214154800,0.0,0.0,0.0,0.0,0.0,0.0,0.0,100.0
20120214154900,0.0,0.0,0.0,0.0,0.0,0.0,0.0,100.0
20120214155000,0.0,0.0,0.0,0.0,0.0,0.0,0.0,100.0
20120214155100,0.0,0.0,0.0,0.0,0.0,0.0,0.0,100.0
20120214155200,0.0,0.0,0.0,0.0,0.0,0.0,0.0,100.0
20120214155300,0.0,0.0,0.0,0.0,0.0,0.0,0.0,100.0
20120214155400,0.0,0.0,0.0,0.0,0.0,0.0,0.0,100.0
20120214155500,0.0,0.0,0.0,0.0,0.0,0.0,0.0,100.0
20120214155600,0.0,0.0,0.0,0.0,0.0,0.0,0.0,100.0
20120214155700,0.0,0.0,0.0,0.0,0.0,0.0,0.0,100.0
20120214155800,0.0,0.0,0.0,0.0,0.0,0.0,0.0,100.0
20120214155900,0.0,0.0,0.0,0.0,0.0,0.0,0.0,100.0
20120214160000,0.0,0.0,0.0,0.0,0.0,0.0,0.1,99.9
20120214160100,0.0,0.0,0.0,0.0,0.0,0.0,0.0,99.9
20120214160200,0.0,0.0,0.0,0.0,0.1,0.0,0.1,99.8
20120214160300,0.0,0.0,0.0,0.0,0.0,0.0,0.1,99.9
20120214160400,0.0,0.0,0.0,0.0,0.1,0.0,0.1,99.8
20120214160500,0.0,0.0,0.0,0.0,0.0,0.0,0.0,99.9
20120214160600,0.0,0.0,0.0,0.0,0.0,0.0,0.0,100.0
20120214160700,0.0,0.0,0.0,0.0,0.0,0.0,0.0,100.0
20120214160800,0.0,0.0,0.0,0.0,0.0,0.0,0.0,100.0
20120214160900,0.0,0.0,0.0,0.0,0.0,0.0,0.0,100.0
20120214161000,0.0,0.0,0.0,0.0,0.0,0.0,0.0,100.0
20120214161100,0.0,0.0,0.0,0.0,0.0,0.0,0.0,100.0
20120214161200,0.0,0.0,0.0,0.0,0.0,0.0,0.0,100.0
20120214161300,0.0,0.0,0.0,0.0,0.0,0.0,0.0,100.0
20120214161400,0.0,0.0,0.0,0.0,0.0,0.0,0.0,100.0
20120214161500,0.0,0.0,0.0,0.0,0.0,0.0,0.0,100.0
20120214161600,0.0,0.0,0.0,0.0,0.0,0.0,0.0,100.0
20120214161700,0.0,0.0,0.0,0.0,0.0,0.0,0.0,100.0
20120214161800,0.0,0.0,0.0,0.0,0.0,0.0,0.0,100.0
20120214161900,0.0,0.0,0.0,0.0,0.0,0.0,0.0,100.0
20120214162000,0.0,0.0,0.0,0.0,0.0,0.0,0.0,100.0
20120214162100,0.0,0.0,0.0,0.0,0.0,0.0,0.0,100.0
20120214162200,0.0,0.0,0.0,0.0,0.0,0.0,0.0,100.0
20120214162300,0.0,0.0,0.0,0.0,0.0,0.0,0.0,100.0
20120214162400,0.0,0.0,0.0,0.0,0.0,0.0,0.0,100.0
20120214162500,0.0,0.0,0.0,0.0,0.0,0.0,0.0,100.0
20120214162600,0.0,0.0,0.0,0.0,0.0,0.0,0.0,100.0
20120214162700,0.0,0.0,0.0,0.0,0.0,0.0,0.0,100.0
20120214162800,0.0,0.0,0.0,0.0,0.0,0.0,0.0,100.0
20120214162900,0.0,0.0,0.0,0.0,0.0,0.0,0.0,100.0
20120214163000,0.0,0.0,0.0,0.0,0.0,0.0,0.0,100.0
20120214163100,0.0,0.0,0.0,0.0,0.0,0.0,0.0,100.0
20120214163200,0.0,0.0,0.0,0.0,0.0,0.0,0.0,100.0
20120214163300,0.0,0.0,0.0,0.0,0.0,0.0,0.0,100.0
20120214163400,0.0,0.0,0.0,0.0,0.0,0.0,0.0,100.0
20120214163500,0.0,0.0,0.0,0.0,0.0,0.0,0.0,100.0
20120214163600,0.0,0.0,0.0,0.0,0.0,0.0,0.0,100.0
20120214163700,0.0,0.0,0.0,0.0,0.0,0.0,0.0,100.0
20120214163800,0.0,0.0,0.0,0.0,0.0,0.0,0.0,100.0
20120214163900,0.0,0.0,0.0,0.0,0.0,0.0,0.0,100.0
20120214164000,0.0,0.0,0.0,0.0,0.0,0.0,0.0,100.0
20120214164100,0.0,0.0,0.0,0.0,0.0,0.0,0.0,100.0
20120214164200,0.0,0.0,0.0,0.1,0.5,0.0,0.0,99.5
20120214164300,0.0,0.0,0.0,0.0,0.1,0.0,0.1,99.8
20120214164400,0.0,0.0,0.0,0.0,0.0,0.0,0.0,100.0
20120214164500,0.0,0.0,0.0,0.0,0.0,0.0,0.0,100.0
20120214164600,0.0,0.0,0.0,0.0,0.8,0.0,0.1,99.1
20120214164700,0.0,0.0,0.0,69.2,29.4,0.0,0.0,1.4
20120214164800,0.0,0.0,0.0,0.0,0.0,0.0,0.0,100.0
20120214164900,0.0,0.0,0.0,0.0,0.1,0.0,0.4,99.6
20120214165000,0.0,0.0,0.0,97.2,0.3,0.0,0.1,2.4
20120214165100,0.0,0.0,0.0,0.0,0.0,0.0,4.2,95.8
20120214165200,0.0,0.0,0.0,89.7,4.9,0.0,3.3,2.1
20120214165300,0.0,0.0,0.0,89.6,5.2,0.0,0.1,5.2
20120214165400,0.0,0.0,0.0,99.5,0.5,0.0,0.0,0.0
20120214165500,0.0,0.0,0.0,99.8,0.2,0.0,0.0,0.0
20120214165600,0.0,0.0,0.0,99.8,0.2,0.0,0.0,0.0
20120214165700,0.0,0.0,0.0,99.4,0.6,0.0,0.0,0.0
20120214165800,0.1,0.0,0.0,37.5,62.4,0.0,0.0,0.0
20120214165900,0.1,0.0,0.0,94.1,5.8,0.0,0.0,0.0
20120214170000,0.0,0.0,0.0,99.7,0.3,0.0,0.0,0.0
20120214170100,0.0,0.0,0.0,99.3,0.7,0.0,0.0,0.0
20120214170200,0.0,0.0,0.0,99.0,1.0,0.0,0.0,0.0
20120214170300,0.0,0.0,0.0,96.1,3.9,0.0,0.0,0.0
20120214170400,0.0,0.0,0.0,99.7,0.3,0.0,0.0,0.0
20120214170500,0.0,0.1,0.0,97.3,2.5,0.0,0.0,0.0
20120214170600,0.0,0.7,3.0,85.7,9.5,0.0,0.5,0.6
20120214170700,0.0,0.4,18.4,59.4,4.3,0.0,7.2,10.3
20120214170800,0.0,0.1,2.0,7.9,0.2,0.0,52.3,37.5
20120214170900,0.0,0.2,2.5,80.4,0.2,0.0,6.3,10.4
20120214171000,0.0,0.0,0.1,99.8,0.1,0.0,0.0,0.0
20120214171100,0.0,0.0,0.4,98.0,1.1,0.0,0.0,0.4
20120214171200,0.0,0.0,0.0,99.6,0.3,0.0,0.0,0.0
20120214171300,0.0,0.0,0.0,99.7,0.3,0.0,0.0,0.0
20120214171400,0.0,0.0,0.0,99.6,0.4,0.0,0.0,0.0
20120214171500,0.0,0.0,0.0,95.5,3.8,0.0,0.0,0.6
20120214171600,0.0,0.1,0.9,93.9,3.5,0.0,0.2,1.4
20120214171700,0.0,0.0,1.4,67.4,1.2,0.0,9.1,21.0
20120214171800,0.0,0.0,0.0,6.5,0.6,0.0,84.6,8.2
20120214171900,0.1,0.2,3.7,20.9,3.3,0.0,22.3,49.5
20120214172000,0.0,0.0,1.2,79.1,4.0,0.0,2.8,12.9
20120214172100,0.0,0.0,0.4,95.9,2.8,0.0,0.0,0.9
20120214172200,0.0,0.0,0.2,99.7,0.1,0.0,0.0,0.0
20120214172300,0.0,0.0,0.2,99.5,0.3,0.0,0.0,0.0
20120214172400,0.0,0.0,0.8,98.6,0.6,0.0,0.0,0.0
20120214172500,0.0,0.1,0.2,98.7,1.0,0.0,0.0,0.1
20120214172600,0.0,0.0,0.0,99.8,0.2,0.0,0.0,0.0
20120214172700,0.0,0.0,0.1,99.8,0.1,0.0,0.0,0.0
20120214172800,0.0,0.0,0.6,99.1,0.2,0.0,0.0,0.1
20120214172900,0.0,0.1,0.0,99.4,0.4,0.0,0.0,0.0
20120214173000,0.0,1.7,2.5,95.4,0.3,0.0,0.0,0.0
20120214173100,0.0,0.6,0.3,97.2,1.7,0.0,0.0,0.2
20120214173200,0.0,2.0,32.0,36.0,0.7,0.0,26.1,3.2
20120214173300,0.0,0.3,0.1,99.1,0.1,0.0,0.3,0.1
20120214173400,0.0,0.1,0.0,99.9,0.0,0.0,0.0,0.0
20120214173500,0.0,0.0,0.0,99.9,0.1,0.0,0.0,0.0
20120214173600,0.0,0.1,0.0,99.8,0.1,0.0,0.0,0.0
20120214173700,0.0,0.0,0.0,100.0,0.0,0.0,0.0,0.0
20120214173800,0.0,0.0,0.0,100.0,0.0,0.0,0.0,0.0
20120214173900,0.0,0.0,1.5,20.5,0.2,0.0,71.2,6.7
20120214174000,0.0,0.0,0.0,54.6,0.0,0.0,45.1,0.2
20120214174100,0.0,0.0,0.0,11.2,0.0,0.0,87.9,1.0
20120214174200,0.0,0.0,0.0,4.7,0.0,0.0,95.0,0.4
20120214174300,0.0,0.0,0.0,0.0,0.0,0.0,99.9,0.1
20120214174400,0.0,0.0,0.0,0.0,0.0,0.0,100.0,0.0
20120214174500,0.0,0.0,0.0,0.0,0.0,0.0,100.0,0.0
20120214174600,0.0,0.0,0.0,0.0,0.0,0.0,99.9,0.1
20120214174700,0.0,0.0,0.0,0.0,0.0,0.0,99.9,0.1
20120214174800,0.0,0.0,0.0,0.0,0.0,0.0,100.0,0.0
20120214174900,0.0,0.0,0.0,0.0,0.0,0.0,100.0,0.0
20120214175000,0.0,0.0,0.0,0.0,0.0,0.0,100.0,0.0
20120214175100,0.0,0.0,0.0,0.0,0.0,0.0,100.0,0.0
20120214175200,0.0,0.0,0.0,0.0,0.0,0.0,100.0,0.0
20120214175300,0.0,0.0,0.0,0.0,0.0,0.0,100.0,0.0
20120214175400,0.0,0.0,0.0,0.0,0.0,0.0,100.0,0.0
20120214175500,0.0,0.0,0.0,0.0,0.0,0.0,100.0,0.0
20120214175600,0.0,0.0,0.0,0.0,0.0,0.0,100.0,0.0
20120214175700,0.0,0.0,0.0,0.1,0.0,0.0,99.9,0.0
20120214175800,0.0,0.0,0.0,0.0,0.0,0.0,100.0,0.0
20120214175900,0.0,0.0,0.0,0.1,0.0,0.0,99.9,0.0
20120214180000,0.0,0.0,0.0,0.0,0.0,0.0,100.0,0.0
20120214180100,0.0,0.0,0.0,0.2,0.0,0.0,99.8,0.0
20120214180200,0.0,0.0,0.0,0.1,0.0,0.0,99.9,0.0
20120214180300,0.0,0.0,0.0,0.0,0.0,0.0,99.9,0.0
20120214180400,0.0,0.0,0.0,0.2,0.0,0.0,99.8,0.0
20120214180500,0.0,0.0,0.0,0.2,0.0,0.0,99.7,0.1
20120214180600,0.0,0.0,0.0,0.4,0.0,0.0,99.3,0.3
20120214180700,0.0,0.0,0.0,0.1,0.0,0.0,99.9,0.0
20120214180800,0.0,0.0,0.0,0.4,0.0,0.0,99.4,0.1
20120214180900,0.0,0.0,0.0,0.1,0.0,0.0,99.9,0.0
20120214181000,0.0,0.0,0.0,0.1,0.0,0.0,99.9,0.0
20120214181100,0.0,0.0,0.0,0.7,0.0,0.0,99.2,0.1
20120214181200,0.0,0.0,0.0,0.2,0.0,0.0,99.7,0.1
20120214181300,0.0,0.0,0.0,0.4,0.0,0.0,99.6,0.0
20120214181400,0.0,0.0,0.0,0.7,0.0,0.0,99.1,0.2
20120214181500,0.0,0.0,0.0,0.7,0.0,0.0,99.2,0.2
20120214181600,0.0,0.0,0.0,5.3,0.0,0.0,94.4,0.2
20120214181700,0.0,0.0,0.0,70.0,0.0,0.0,29.9,0.1
20120214181800,0.0,0.0,0.0,32.2,0.1,0.0,67.2,0.5
20120214181900,0.0,0.0,0.3,94.0,0.1,0.0,5.2,0.4
20120214182000,0.0,0.0,0.1,99.7,0.0,0.0,0.1,0.1
20120214182100,0.0,0.0,0.0,98.5,0.0,0.0,1.4,0.0
20120214182200,0.0,0.0,0.7,68.0,0.0,0.0,30.9,0.4
20120214182300,0.0,0.0,0.6,17.9,0.0,0.0,80.1,1.2
20120214182400,0.0,0.0,0.1,98.6,0.0,0.0,1.2,0.0
20120214182500,0.0,0.0,0.0,94.0,0.0,0.0,5.3,0.6
20120214182600,0.0,0.0,0.0,0.9,0.0,0.0,98.8,0.3
20120214182700,0.0,0.0,0.0,94.7,0.0,0.0,4.9,0.4
20120214182800,0.0,0.0,0.0,42.5,0.0,0.0,57.2,0.2
20120214182900,0.0,0.0,0.0,80.9,0.0,0.0,19.1,0.0
20120214183000,0.0,0.0,0.0,77.1,0.0,0.0,22.7,0.1
20120214183100,0.0,0.0,0.0,92.8,0.0,0.0,6.5,0.7
20120214183200,0.0,0.0,0.0,99.6,0.0,0.0,0.3,0.1
20120214183300,0.0,0.0,0.0,99.9,0.0,0.0,0.0,0.0
20120214183400,0.0,0.0,0.0,99.9,0.0,0.0,0.0,0.0
20120214183500,0.0,0.0,0.0,100.0,0.0,0.0,0.0,0.0
20120214183600,0.0,0.0,0.0,100.0,0.0,0.0,0.0,0.0
20120214183700,0.0,0.0,0.0,100.0,0.0,0.0,0.0,0.0
20120214183800,0.0,0.0,0.0,31.0,0.2,0.0,67.5,1.3
20120214183900,0.0,0.0,0.0,51.0,0.4,0.0,46.6,1.9
20120214184000,0.0,0.0,0.1,63.0,2.0,0.0,33.6,1.3
20120214184100,0.0,0.0,0.1,91.2,0.3,0.0,7.8,0.6
20120214184200,0.0,0.0,0.3,97.4,0.6,0.0,1.1,0.7
20120214184300,0.0,0.0,0.0,99.5,0.1,0.0,0.4,0.0
20120214184400,0.0,0.0,0.2,94.7,0.3,0.0,4.6,0.2
20120214184500,0.0,0.0,0.1,93.7,0.0,0.0,6.1,0.0
20120214184600,0.0,0.0,0.0,0.8,0.0,0.0,98.3,1.0
20120214184700,0.0,0.0,0.0,0.3,0.0,0.0,99.6,0.1
20120214184800,0.0,0.0,0.0,0.1,0.0,0.0,99.9,0.0
20120214184900,0.0,0.0,0.0,1.6,0.0,0.0,98.1,0.3
20120214185000,0.0,0.0,0.0,1.5,0.0,0.0,95.7,2.7
20120214185100,0.0,0.0,0.0,99.9,0.0,0.0,0.1,0.0
20120214185200,0.0,0.0,0.0,94.9,0.0,0.0,4.9,0.1
20120214185300,0.0,0.0,0.1,98.8,0.1,0.1,0.7,0.2
20120214185400,0.0,0.0,0.1,99.5,0.0,0.0,0.2,0.2
20120214185500,0.0,0.0,0.0,99.7,0.0,0.0,0.2,0.0
20120214185600,0.0,0.0,0.0,100.0,0.0,0.0,0.0,0.0
20120214185700,0.0,0.0,0.0,100.0,0.0,0.0,0.0,0.0
20120214185800,0.0,0.0,0.0,98.7,0.1,0.0,0.1,1.1
20120214185900,0.0,0.0,0.0,100.0,0.0,0.0,0.0,0.0
20120214190000,0.0,0.0,0.0,7.6,0.0,0.1,91.3,1.0
20120214190100,0.0,0.0,0.0,1.3,0.0,0.0,95.3,3.4
20120214190200,0.0,0.0,0.4,95.9,0.6,0.0,2.0,1.1
20120214190300,0.0,0.0,0.1,58.4,0.3,0.1,23.5,17.6
20120214190400,0.0,0.0,0.0,4.0,0.0,0.0,95.4,0.7
20120214190500,0.0,0.0,0.0,0.1,0.0,0.1,99.0,0.9
20120214190600,0.0,0.0,0.0,0.0,0.0,0.0,99.8,0.2
20120214190700,0.0,0.0,0.0,0.0,0.0,0.0,100.0,0.0
20120214190800,0.0,0.0,0.0,0.3,0.0,0.0,99.5,0.2
20120214190900,0.0,0.0,0.0,0.2,0.0,0.1,99.7,0.1
20120214191000,0.0,0.0,0.0,0.1,0.0,0.2,99.2,0.4
20120214191100,0.0,0.0,0.0,0.0,0.0,0.1,99.8,0.1
20120214191200,0.0,0.0,0.0,0.0,0.0,0.4,99.5,0.1
20120214191300,0.0,0.0,0.0,0.0,0.0,0.0,100.0,0.0
20120214191400,0.0,0.0,0.0,0.0,0.0,0.0,99.9,0.0
20120214191500,0.0,0.0,0.0,0.0,0.0,0.0,100.0,0.0
20120214191600,0.0,0.0,0.0,0.0,0.0,0.0,100.0,0.0
20120214191700,0.0,0.0,0.0,0.1,0.0,0.0,99.3,0.5
20120214191800,0.0,0.0,0.0,0.0,0.0,0.0,100.0,0.0
20120214191900,0.0,0.0,0.1,0.4,0.0,0.0,98.6,0.9
20120214192000,0.0,0.0,0.0,0.3,0.0,0.0,99.6,0.1
20120214192100,0.0,0.0,0.0,0.8,0.0,0.1,98.9,0.2
20120214192200,0.0,0.0,0.0,1.4,0.0,0.0,92.4,6.1
20120214192300,0.0,0.0,0.4,3.5,0.1,0.3,90.1,5.6
20120214192400,0.0,0.0,0.1,2.6,0.2,0.5,95.5,1.1
20120214192500,0.6,0.2,0.3,55.6,4.4,0.7,26.3,11.9
20120214192600,0.4,0.0,0.0,46.8,0.3,0.7,48.5,3.2
20120214192700,0.2,0.0,0.0,98.0,0.1,0.1,0.7,0.9
20120214192800,0.0,0.0,0.0,99.6,0.0,0.0,0.2,0.1
20120214192900,0.0,0.0,0.0,98.1,0.0,0.0,1.6,0.2
20120214193000,0.0,0.0,0.0,100.0,0.0,0.0,0.0,0.0
20120214193100,0.0,0.0,0.0,100.0,0.0,0.0,0.0,0.0
20120214193200,0.0,0.0,0.0,100.0,0.0,0.0,0.0,0.0
20120214193300,0.0,0.0,0.0,100.0,0.0,0.0,0.0,0.0
20120214193400,0.0,0.0,0.0,100.0,0.0,0.0,0.0,0.0
20120214193500,0.0,0.0,0.0,99.9,0.0,0.0,0.0,0.0
20120214193600,0.0,0.0,0.0,100.0,0.0,0.0,0.0,0.0
20120214193700,0.0,0.0,0.0,100.0,0.0,0.0,0.0,0.0
20120214193800,0.1,2.4,27.4,63.0,1.4,0.2,5.2,0.1
20120214193900,0.0,0.0,0.0,27.5,0.0,0.0,72.3,0.1
20120214194000,0.0,0.0,0.0,0.0,0.0,0.1,99.6,0.3
20120214194100,0.0,0.0,0.0,0.0,0.0,0.0,100.0,0.0
20120214194200,0.0,0.0,0.0,0.1,0.0,0.0,99.9,0.1
20120214194300,0.0,0.0,0.1,41.1,0.0,0.0,57.9,1.0
20120214194400,0.0,0.0,0.1,81.4,0.0,0.0,17.9,0.7
20120214194500,0.0,0.0,0.0,0.1,0.0,0.0,99.9,0.0
20120214194600,0.0,0.0,0.0,0.0,0.0,0.0,100.0,0.0
20120214194700,0.0,0.0,0.5,8.2,0.0,0.0,91.2,0.0
20120214194800,0.0,0.0,0.5,0.7,0.0,0.0,98.5,0.4
20120214194900,0.0,0.0,0.3,2.1,0.0,0.0,97.3,0.2
20120214195000,0.0,0.0,0.1,2.1,0.0,0.0,97.4,0.4
20120214195100,0.0,0.0,0.0,0.1,0.0,0.0,99.5,0.3
20120214195200,0.0,0.0,0.0,0.2,0.0,0.0,99.7,0.1
20120214195300,0.0,0.0,0.0,0.1,0.0,0.1,99.8,0.1
20120214195400,0.0,0.0,0.0,0.2,0.0,0.0,99.8,0.0
20120214195500,0.0,0.0,0.0,99.9,0.0,0.0,0.1,0.0
20120214195600,0.0,0.0,0.0,100.0,0.0,0.0,0.0,0.0
20120214195700,0.0,0.0,0.3,99.5,0.0,0.0,0.1,0.0
20120214195800,0.8,0.0,1.4,91.3,0.2,0.1,5.3,0.9
20120214195900,0.0,0.0,0.1,99.4,0.0,0.0,0.0,0.4
20120214200000,0.2,0.0,0.2,95.1,0.1,1.2,1.7,1.6
20120214200100,0.1,0.0,0.2,98.8,0.0,0.1,0.2,0.6
20120214200200,0.0,0.0,0.2,99.8,0.0,0.0,0.0,0.0
20120214200300,0.0,0.0,0.4,99.5,0.1,0.0,0.0,0.0
20120214200400,0.1,0.6,31.0,68.3,0.1,0.0,0.0,0.0
20120214200500,1.5,0.0,1.9,93.5,0.0,0.3,1.3,1.5
20120214200600,1.3,0.0,0.0,98.6,0.0,0.1,0.0,0.0
20120214200700,0.6,0.0,0.0,99.3,0.0,0.0,0.0,0.0
20120214200800,2.9,0.0,0.0,97.1,0.0,0.0,0.0,0.0
20120214200900,0.4,0.0,0.0,99.5,0.0,0.0,0.0,0.0
20120214201000,0.3,0.1,0.2,86.2,0.0,0.1,3.3,9.8
20120214201100,0.1,16.7,0.1,82.9,0.2,0.0,0.0,0.0
20120214201200,0.0,0.5,10.3,88.5,0.7,0.0,0.0,0.0
20120214201300,0.1,0.0,0.9,98.8,0.1,0.0,0.1,0.0
20120214201400,0.0,0.0,0.0,2.7,0.0,0.0,97.2,0.0
20120214201500,0.0,0.0,0.0,0.0,0.0,0.0,99.9,0.0
20120214201600,0.0,0.0,0.0,0.3,0.0,0.0,99.6,0.1
20120214201700,0.0,0.0,0.0,12.8,0.0,0.0,84.7,2.5
20120214201800,0.1,0.0,0.0,53.1,0.0,0.0,13.9,32.8
20120214201900,0.4,0.0,0.0,99.3,0.0,0.0,0.2,0.1
20120214202000,0.1,0.0,0.0,99.6,0.0,0.0,0.2,0.0
20120214202100,0.0,0.0,0.0,99.9,0.0,0.0,0.1,0.0
20120214202200,0.5,0.0,0.0,93.0,0.0,0.0,6.1,0.4
20120214202300,0.0,0.0,0.0,83.2,0.0,0.0,16.8,0.0
20120214202400,0.0,0.0,0.0,0.7,0.0,0.0,99.3,0.0
20120214202500,0.0,0.0,0.0,8.5,0.0,0.0,91.4,0.0
20120214202600,0.0,0.0,0.0,4.3,0.0,0.0,95.7,0.0
20120214202700,0.0,0.0,0.0,0.4,0.0,0.0,99.4,0.2
20120214202800,0.0,0.0,0.0,2.7,0.0,0.0,97.3,0.0
20120214202900,0.0,0.0,0.0,0.0,0.0,0.0,100.0,0.0
20120214203000,0.0,0.0,0.0,0.0,0.0,0.0,100.0,0.0
20120214203100,0.0,0.0,0.0,0.1,0.0,0.0,99.9,0.0
20120214203200,0.0,0.0,0.0,0.0,0.0,0.0,100.0,0.0
20120214203300,0.0,0.0,0.0,0.0,0.0,0.0,100.0,0.0
20120214203400,0.0,0.0,0.0,0.0,0.0,0.0,100.0,0.0
20120214203500,0.0,0.0,0.0,0.0,0.0,0.0,100.0,0.0
20120214203600,0.0,0.0,0.0,0.0,0.0,0.0,100.0,0.0
20120214203700,0.0,0.0,0.0,0.0,0.0,0.0,100.0,0.0
20120214203800,0.0,0.0,0.0,0.0,0.0,0.0,99.9,0.0
20120214203900,0.0,0.0,0.0,0.0,0.0,0.0,100.0,0.0
20120214204000,0.0,0.0,0.0,0.0,0.0,0.0,100.0,0.0
20120214204100,0.0,0.0,0.0,0.0,0.0,0.0,100.0,0.0
20120214204200,0.0,0.0,0.0,0.0,0.0,0.0,100.0,0.0
20120214204300,0.0,0.0,0.0,0.0,0.0,0.0,100.0,0.0
20120214204400,0.0,0.0,0.0,0.0,0.0,0.0,100.0,0.0
20120214204500,0.0,0.0,0.0,0.0,0.0,0.0,100.0,0.0
20120214204600,0.0,0.0,0.0,0.0,0.0,0.0,100.0,0.0
20120214204700,0.0,0.0,0.0,0.0,0.0,0.0,99.8,0.2
20120214204800,0.0,0.0,0.0,0.0,0.0,0.0,99.9,0.0
20120214204900,0.0,0.0,0.0,1.5,0.0,0.0,87.7,10.8
20120214205000,0.0,0.0,0.1,67.8,0.2,0.0,13.4,18.4
20120214205100,0.0,0.0,0.1,3.6,0.1,0.0,90.4,5.8
20120214205200,0.0,0.0,0.0,0.9,0.0,0.0,95.3,3.9
20120214205300,0.0,0.0,0.1,1.7,0.1,0.0,71.3,26.7
20120214205400,0.0,0.0,0.5,99.3,0.0,0.0,0.0,0.2
20120214205500,0.0,0.0,0.1,99.8,0.1,0.0,0.0,0.0
20120214205600,0.0,0.7,0.6,96.3,1.5,0.0,0.0,0.8
20120214205700,0.0,0.4,0.0,99.2,0.2,0.0,0.0,0.1
20120214205800,0.0,0.1,0.0,99.4,0.5,0.0,0.0,0.0
20120214205900,0.0,0.0,0.0,100.0,0.0,0.0,0.0,0.0
20120214210000,0.0,0.0,0.0,100.0,0.0,0.0,0.0,0.0
20120214210100,0.0,0.0,0.0,99.4,0.4,0.0,0.0,0.1
20120214210200,0.0,0.1,0.4,98.9,0.3,0.0,0.0,0.3
20120214210300,0.0,0.0,0.0,99.7,0.1,0.0,0.0,0.2
20120214210400,0.0,0.1,0.4,89.1,0.4,0.0,2.0,7.9
20120214210500,0.0,0.0,0.4,99.1,0.0,0.0,0.1,0.4
20120214210600,0.0,0.0,0.0,93.5,0.0,0.0,4.1,2.3
20120214210700,0.0,0.0,0.1,96.5,0.1,0.0,0.9,2.4
20120214210800,0.0,0.0,0.7,98.1,0.0,0.0,0.2,1.0
20120214210900,0.0,0.0,0.0,99.3,0.0,0.0,0.0,0.6
20120214211000,0.0,0.0,0.0,100.0,0.0,0.0,0.0,0.0
20120214211100,0.0,0.0,0.0,94.2,0.0,0.0,2.1,3.6
20120214211200,0.0,0.0,0.1,92.8,0.2,0.0,1.8,5.1
20120214211300,0.0,0.0,0.6,52.1,0.2,0.0,5.7,41.3
20120214211400,0.0,0.0,0.4,26.0,0.1,0.0,43.6,29.8
20120214211500,0.0,0.0,0.0,99.9,0.0,0.0,0.0,0.0
20120214211600,0.0,0.0,0.0,99.8,0.0,0.0,0.2,0.0
20120214211700,0.0,0.0,0.0,99.9,0.0,0.0,0.0,0.1
20120214211800,0.0,0.0,0.0,98.0,0.0,0.0,0.1,1.8
20120214211900,0.0,0.0,0.2,11.8,0.0,0.0,66.8,21.1
20120214212000,0.0,0.0,0.0,25.2,0.2,0.0,63.2,11.3
20120214212100,0.0,0.0,0.0,98.6,0.0,0.0,1.0,0.3
20120214212200,0.0,0.0,0.0,36.2,0.0,0.0,49.3,14.4
20120214212300,0.0,0.0,0.0,71.8,0.0,0.0,20.6,7.6
20120214212400,0.0,0.0,0.0,99.6,0.0,0.0,0.3,0.1
20120214212500,0.0,0.0,0.1,76.1,0.1,0.0,22.4,1.3
20120214212600,0.0,0.0,0.0,87.3,0.1,0.0,12.4,0.2
20120214212700,0.0,0.0,1.4,66.9,0.2,0.0,26.1,5.4
20120214212800,0.0,0.0,0.3,83.9,0.1,0.0,9.3,6.4
20120214212900,0.0,0.0,0.0,99.9,0.1,0.0,0.0,0.0
20120214213000,0.0,0.2,0.0,99.7,0.1,0.0,0.0,0.0
20120214213100,0.0,0.5,0.1,93.7,5.7,0.0,0.0,0.0
20120214213200,0.0,0.5,0.0,89.3,10.2,0.0,0.0,0.0
20120214213300,0.0,0.5,0.0,91.9,7.5,0.0,0.0,0.0
20120214213400,0.0,0.0,0.0,98.5,1.5,0.0,0.0,0.0
20120214213500,0.0,0.1,0.0,93.4,6.6,0.0,0.0,0.0
20120214213600,0.0,0.0,0.0,92.9,7.1,0.0,0.0,0.0
20120214213700,0.0,0.0,0.0,99.8,0.2,0.0,0.0,0.0
20120214213800,0.0,0.0,0.0,96.7,3.3,0.0,0.0,0.0
20120214213900,0.0,0.0,0.0,98.4,1.6,0.0,0.0,0.0
20120214214000,0.0,0.0,0.0,73.5,26.4,0.0,0.0,0.0
20120214214100,0.1,0.0,0.0,56.5,43.3,0.0,0.0,0.0
20120214214200,0.0,0.0,0.0,80.3,19.7,0.0,0.0,0.0
20120214214300,0.0,0.0,0.1,95.9,3.6,0.0,0.3,0.1
20120214214400,0.0,0.2,0.0,93.7,2.3,0.0,1.6,2.1
20120214214500,0.0,0.0,0.0,6.9,0.1,0.0,91.5,1.5
20120214214600,0.0,0.0,0.0,0.0,0.0,0.0,99.2,0.7
20120214214700,0.0,0.0,0.0,0.8,0.1,0.0,94.9,4.1
20120214214800,0.0,0.0,0.0,1.5,0.2,0.0,69.3,28.9
20120214214900,0.0,0.1,0.5,0.9,2.1,0.0,89.0,7.3
20120214215000,0.0,0.0,0.7,4.9,3.5,0.0,34.1,56.7
20120214215100,0.0,0.1,0.0,0.6,0.4,0.0,85.7,13.2
20120214215200,0.0,0.0,0.0,1.3,0.5,0.0,74.5,23.6
20120214215300,0.0,0.0,0.0,17.1,3.6,0.0,74.4,4.8
20120214215400,0.0,0.0,0.0,3.6,2.7,0.0,93.4,0.2
20120214215500,0.0,0.0,0.1,8.5,18.1,0.0,68.1,5.1
20120214215600,0.0,0.0,0.0,96.6,2.5,0.0,0.5,0.4
20120214215700,0.0,0.0,0.0,97.5,1.2,0.0,1.1,0.1
20120214215800,0.0,0.0,0.0,96.2,3.8,0.0,0.0,0.0
20120214215900,0.0,0.0,0.0,95.2,4.4,0.0,0.4,0.0
20120214220000,0.0,0.0,0.0,99.0,0.9,0.0,0.0,0.0
20120214220100,0.0,0.0,0.1,48.2,9.0,0.0,38.8,3.9
20120214220200,0.0,0.0,0.0,99.9,0.1,0.0,0.0,0.0
20120214220300,0.0,0.3,0.2,51.5,4.7,0.0,34.7,8.7
20120214220400,0.0,0.0,0.0,5.5,0.1,0.0,87.0,7.4
20120214220500,0.0,0.0,0.0,3.9,0.0,0.0,95.9,0.2
20120214220600,0.0,0.0,0.0,11.4,0.0,0.0,88.5,0.1
20120214220700,0.0,0.0,0.0,0.1,0.0,0.0,99.7,0.2
20120214220800,0.0,0.0,0.0,3.6,0.1,0.0,95.8,0.5
20120214220900,0.0,0.0,0.2,8.7,0.3,0.0,89.9,0.8
20120214221000,0.0,0.0,0.0,0.3,0.0,0.0,98.9,0.8
20120214221100,0.0,0.0,0.0,0.9,0.0,0.0,98.9,0.2
20120214221200,0.0,0.1,0.1,61.3,4.4,0.0,33.1,1.1
20120214221300,0.0,0.0,0.0,98.9,0.6,0.0,0.4,0.1
20120214221400,0.0,0.0,0.0,0.2,0.0,0.0,99.5,0.3
20120214221500,0.0,0.0,0.0,0.7,0.0,0.0,98.3,0.9
20120214221600,0.0,0.0,0.0,5.8,2.4,0.0,91.6,0.2
20120214221700,0.0,0.0,0.0,0.1,0.0,0.0,99.9,0.0
20120214221800,0.0,0.0,0.0,0.5,0.5,0.0,79.9,19.1
20120214221900,0.0,0.0,0.0,83.7,0.2,0.0,16.0,0.0
20120214222000,0.0,0.1,0.0,49.4,2.8,0.0,46.4,1.2
20120214222100,0.1,0.3,0.1,48.7,8.1,0.0,39.5,3.3
20120214222200,0.0,0.0,0.0,95.7,3.7,0.0,0.5,0.1
20120214222300,0.0,0.0,0.0,98.8,1.1,0.0,0.1,0.1
20120214222400,0.0,0.0,0.0,99.4,0.3,0.0,0.0,0.3
20120214222500,0.0,0.1,0.0,98.6,0.6,0.0,0.0,0.6
20120214222600,0.0,0.0,0.0,99.9,0.1,0.0,0.0,0.0
20120214222700,0.0,0.0,0.0,89.1,0.4,0.0,7.9,2.6
20120214222800,0.0,0.0,0.0,21.4,0.0,0.0,75.2,3.4
20120214222900,0.0,0.0,0.0,1.4,0.0,0.0,97.3,1.3
20120214223000,0.0,0.0,0.0,0.0,0.0,0.0,100.0,0.0
20120214223100,0.0,0.0,0.0,0.1,0.0,0.0,98.0,1.9
20120214223200,0.0,0.0,0.0,0.7,0.0,0.0,93.7,5.7
20120214223300,0.0,0.0,0.0,0.1,0.0,0.0,99.6,0.3
20120214223400,0.0,0.0,0.0,0.0,0.0,0.0,99.9,0.1
20120214223500,0.0,0.0,0.0,0.0,0.0,0.0,99.9,0.0
20120214223600,0.0,0.0,0.0,0.1,0.0,0.0,99.9,0.0
20120214223700,0.0,0.0,0.0,0.1,0.0,0.0,99.9,0.0
20120214223800,0.0,0.0,0.0,18.8,0.1,0.0,80.7,0.4
20120214223900,0.0,0.0,0.0,38.1,0.1,0.0,60.8,0.9
20120214224000,0.0,0.0,0.0,27.0,1.2,0.0,71.1,0.7
20120214224100,0.0,0.0,0.0,13.8,1.0,0.0,84.2,1.0
20120214224200,0.0,0.0,0.0,78.8,0.6,0.0,18.4,2.2
20120214224300,0.0,0.0,0.0,98.6,0.7,0.0,0.2,0.5
20120214224400,0.0,0.0,0.0,99.6,0.2,0.0,0.0,0.2
20120214224500,0.0,0.0,0.0,99.9,0.1,0.0,0.0,0.0
20120214224600,0.0,0.0,0.0,99.8,0.2,0.0,0.0,0.0
20120214224700,0.0,0.0,0.0,99.6,0.4,0.0,0.0,0.0
20120214224800,0.0,0.0,0.0,100.0,0.0,0.0,0.0,0.0
20120214224900,0.0,0.0,0.0,100.0,0.0,0.0,0.0,0.0
20120214225000,0.0,0.0,0.0,98.0,1.6,0.0,0.3,0.0
20120214225100,0.0,0.0,0.0,22.3,0.2,0.0,77.4,0.0
20120214225200,0.0,0.0,0.0,54.8,0.2,0.0,45.0,0.0
20120214225300,0.0,0.0,0.0,0.1,0.0,0.0,99.9,0.0
20120214225400,0.0,0.0,0.0,66.7,0.1,0.0,32.6,0.6
20120214225500,0.0,0.0,0.0,99.9,0.1,0.0,0.0,0.0
20120214225600,0.0,0.0,0.0,99.9,0.0,0.0,0.0,0.0
20120214225700,0.0,0.0,0.0,99.8,0.2,0.0,0.0,0.0
20120214225800,0.0,0.0,0.0,100.0,0.0,0.0,0.0,0.0
20120214225900,0.0,0.0,0.0,100.0,0.0,0.0,0.0,0.0
20120214230000,0.0,0.0,2.0,90.1,7.8,0.0,0.0,0.2
20120214230100,0.0,0.0,0.0,99.9,0.0,0.0,0.0,0.0
20120214230200,0.0,0.0,0.3,99.3,0.3,0.0,0.0,0.0
20120214230300,0.0,0.0,0.0,98.2,1.7,0.0,0.0,0.0
20120214230400,0.0,0.0,0.1,93.7,6.0,0.0,0.0,0.2
20120214230500,0.0,0.0,0.0,95.6,4.3,0.0,0.0,0.1
20120214230600,0.0,0.0,0.1,98.5,0.7,0.0,0.5,0.3
20120214230700,0.0,0.0,0.0,99.3,0.3,0.0,0.1,0.3
20120214230800,0.0,0.0,0.3,91.4,2.5,0.0,4.8,0.9
20120214230900,0.0,0.0,0.1,80.8,4.9,0.0,12.9,1.3
20120214231000,0.0,0.0,0.1,79.7,2.3,0.0,16.7,1.2
20120214231100,0.0,0.0,0.1,84.3,1.1,0.0,9.7,4.8
20120214231200,0.0,0.0,0.3,87.3,0.8,0.0,8.9,2.7
20120214231300,0.0,0.0,0.0,99.5,0.5,0.0,0.0,0.0
20120214231400,0.0,0.0,0.1,98.7,0.9,0.0,0.1,0.2
20120214231500,0.0,0.0,0.1,96.6,0.8,0.0,2.0,0.5
20120214231600,0.0,0.0,0.1,97.0,0.2,0.0,2.4,0.3
20120214231700,0.0,0.0,0.1,98.3,0.4,0.0,1.0,0.3
20120214231800,0.0,0.0,0.0,99.2,0.6,0.0,0.2,0.0
20120214231900,0.0,0.0,0.0,99.5,0.5,0.0,0.0,0.0
20120214232000,0.0,0.0,0.0,99.8,0.2,0.0,0.0,0.0
20120214232100,0.0,0.0,0.0,99.9,0.1,0.0,0.0,0.0
20120214232200,0.0,0.0,0.0,99.5,0.3,0.0,0.1,0.1
20120214232300,0.0,0.0,0.1,97.1,1.1,0.0,0.2,1.5
20120214232400,0.0,0.0,0.1,95.5,0.8,0.0,3.1,0.5
20120214232500,0.0,0.0,0.1,97.0,0.2,0.0,2.2,0.5
20120214232600,0.0,0.0,1.6,83.2,0.6,0.0,12.0,2.6
20120214232700,0.0,0.0,1.0,60.6,0.8,0.0,31.0,6.7
20120214232800,0.1,0.1,0.4,52.4,1.0,0.0,35.5,10.6
20120214232900,0.0,0.0,0.1,95.9,0.4,0.0,3.0,0.6
20120214233000,0.0,0.0,0.0,75.8,0.5,0.0,19.1,4.5
20120214233100,0.0,0.0,0.0,96.6,0.2,0.0,2.2,0.9
20120214233200,0.0,0.0,0.2,95.4,0.2,0.0,3.2,0.9
20120214233300,0.0,0.0,0.0,99.2,0.2,0.0,0.5,0.1
20120214233400,0.0,0.0,0.0,99.6,0.1,0.0,0.3,0.1
20120214233500,0.0,0.0,0.0,99.8,0.0,0.0,0.1,0.0
20120214233600,0.0,0.0,0.0,98.0,0.1,0.0,1.7,0.2
20120214233700,0.0,0.0,0.0,82.5,0.2,0.0,16.1,1.2
20120214233800,0.0,0.0,0.0,84.1,0.2,0.0,14.8,1.0
20120214233900,0.0,0.0,0.2,85.9,0.4,0.0,10.6,2.8
20120214234000,0.0,0.0,0.3,75.5,0.9,0.0,22.7,0.5
20120214234100,0.0,0.0,0.1,69.3,0.5,0.0,28.5,1.6
20120214234200,0.0,0.0,0.0,89.2,0.0,0.0,10.2,0.5
20120214234300,0.0,0.0,0.0,89.6,0.0,0.0,10.2,0.1
20120214234400,0.0,0.0,0.2,87.8,0.0,0.0,11.3,0.6
20120214234500,0.0,0.0,0.0,64.1,0.0,0.0,35.8,0.1
20120214234600,0.0,0.0,0.3,29.8,0.0,0.0,69.8,0.1
20120214234700,0.0,0.0,0.1,40.6,0.2,0.0,59.0,0.0
20120214234800,0.0,0.0,0.0,95.8,0.0,0.0,4.2,0.0
20120214234900,0.0,0.0,0.0,92.5,0.0,0.0,7.5,0.0
20120214235000,0.0,0.0,0.0,17.5,0.0,0.0,82.5,0.0
20120214235100,0.0,0.0,0.1,78.8,0.0,0.0,21.0,0.0
20120214235200,0.0,0.0,1.2,91.4,0.0,0.0,7.4,0.0
20120214235300,0.0,0.0,0.1,30.7,0.0,0.0,69.3,0.0
20120214235400,0.0,0.0,0.3,43.2,0.0,0.0,56.5,0.0
20120214235500,0.0,0.0,0.1,20.1,0.0,0.0,79.7,0.0
20120214235600,0.0,0.0,0.2,30.6,0.0,0.0,69.2,0.0
20120214235700,0.0,0.0,0.2,92.2,0.0,0.0,7.6,0.0
20120214235800,0.0,0.0,0.0,92.3,0.0,0.0,7.7,0.0
20120214235900,0.0,0.0,0.0,95.8,0.0,0.0,4.2,0.0
20120215000000,0.0,0.0,0.0,98.0,0.0,0.0,2.0,0.0
20120215000100,0.0,0.0,0.0,98.4,0.0,0.0,1.6,0.0
20120215000200,0.0,0.0,0.3,76.7,0.0,0.0,22.9,0.0
20120215000300,0.0,0.0,0.1,6.5,0.0,0.0,93.4,0.0
20120215000400,0.0,0.0,0.0,5.1,0.0,0.0,94.9,0.0
20120215000500,0.0,0.0,0.0,30.0,0.0,0.0,70.0,0.0
20120215000600,0.0,0.0,0.0,4.9,0.0,0.0,94.9,0.1
20120215000700,0.0,0.0,0.0,3.4,0.0,0.0,96.5,0.1
20120215000800,0.0,0.0,0.1,77.2,0.1,0.0,22.5,0.1
20120215000900,0.0,0.0,0.0,77.4,0.0,0.0,22.5,0.1
20120215001000,0.0,0.0,0.0,97.8,0.0,0.0,2.0,0.1
20120215001100,0.0,0.0,0.0,70.8,0.0,0.0,25.8,3.3
20120215001200,0.0,0.0,0.0,95.9,0.0,0.0,3.9,0.2
20120215001300,0.0,0.0,0.0,97.3,0.0,0.0,2.2,0.5
20120215001400,0.0,0.0,0.1,96.3,0.1,0.0,2.3,1.2
20120215001500,0.0,0.0,0.0,99.8,0.0,0.0,0.1,0.1
20120215001600,0.0,0.0,0.7,86.9,1.2,0.0,6.5,4.7
20120215001700,0.0,0.0,0.1,95.8,0.2,0.0,0.9,3.0
20120215001800,0.0,0.0,0.2,40.7,0.2,0.0,56.5,2.4
20120215001900,0.0,0.0,2.0,6.6,0.3,0.0,88.6,2.5
20120215002000,0.0,0.0,1.3,22.4,0.4,0.0,62.3,13.5
20120215002100,0.0,0.0,0.7,5.0,0.1,0.0,93.3,0.9
20120215002200,0.0,0.0,0.5,13.6,0.4,0.0,83.9,1.7
20120215002300,0.0,0.0,1.0,31.8,0.5,0.0,29.1,37.5
20120215002400,0.0,0.0,0.0,8.1,0.1,0.0,79.0,12.8
20120215002500,0.0,0.0,0.0,30.0,0.0,0.0,16.2,53.7
20120215002600,0.0,0.0,0.0,1.4,0.0,0.0,94.4,4.1
20120215002700,0.0,0.0,0.1,20.1,0.0,0.0,74.1,5.7
20120215002800,0.0,0.0,0.3,19.0,0.0,0.0,79.1,1.6
20120215002900,0.0,0.0,0.0,12.7,0.0,0.0,83.8,3.4
20120215003000,0.0,0.0,0.1,10.4,0.0,0.0,72.9,16.6
20120215003100,0.0,0.0,0.1,6.1,0.0,0.0,66.5,27.4
20120215003200,0.0,0.0,0.0,9.8,0.0,0.0,65.3,24.9
20120215003300,0.0,0.0,0.0,0.6,0.0,0.0,96.5,2.9
20120215003400,0.0,0.0,0.0,0.2,0.0,0.0,98.3,1.5
20120215003500,0.0,0.0,0.0,0.3,0.0,0.0,96.1,3.6
20120215003600,0.0,0.0,0.0,22.6,0.0,0.0,36.4,41.0
20120215003700,0.0,0.0,0.1,4.9,0.0,0.0,75.9,19.0
20120215003800,0.0,0.0,0.0,1.1,0.0,0.0,47.4,51.4
20120215003900,0.0,0.0,0.0,13.0,0.1,0.0,71.8,15.1
20120215004000,0.0,0.0,0.0,0.2,0.0,0.0,98.5,1.3
20120215004100,0.0,0.0,0.0,0.3,0.0,0.0,79.9,19.8
20120215004200,0.0,0.0,0.0,0.3,0.0,0.0,98.2,1.5
20120215004300,0.0,0.0,0.0,1.2,0.0,0.0,98.0,0.8
20120215004400,0.0,0.0,0.0,5.7,0.0,0.0,86.5,7.7
20120215004500,0.0,0.0,0.1,0.1,0.0,0.0,98.5,1.3
20120215004600,0.0,0.0,0.1,0.4,0.0,0.0,98.0,1.6
20120215004700,0.0,0.0,0.0,2.1,0.0,0.0,94.2,3.7
20120215004800,0.0,0.0,0.0,0.2,0.0,0.0,98.9,1.0
20120215004900,0.0,0.0,0.0,0.1,0.0,0.0,97.5,2.4
20120215005000,0.0,0.0,0.0,3.7,0.0,0.0,92.5,3.9
20120215005100,0.0,0.0,0.0,6.3,0.0,0.0,93.2,0.5
20120215005200,0.0,0.0,0.0,4.7,0.0,0.0,93.3,1.9
20120215005300,0.0,0.0,0.0,0.7,0.0,0.0,98.6,0.8
20120215005400,0.0,0.0,0.0,1.2,0.0,0.0,95.7,3.1
20120215005500,0.0,0.0,0.0,0.1,0.0,0.0,93.9,6.0
20120215005600,0.0,0.0,0.2,12.2,0.1,0.0,68.3,19.3
20120215005700,0.0,0.0,0.0,6.2,0.0,0.0,88.8,4.9
20120215005800,0.0,0.0,0.0,4.9,0.2,0.0,73.9,20.9
20120215005900,0.0,0.1,1.2,20.3,0.0,0.0,25.4,53.0
20120215010000,0.0,0.0,0.0,6.1,0.1,0.0,74.4,19.4
20120215010100,0.0,0.0,0.0,2.0,0.0,0.0,42.2,55.7
20120215010200,0.0,0.0,0.1,19.3,0.2,0.0,11.9,68.5
20120215010300,0.0,0.0,0.0,94.3,0.0,0.0,2.5,3.2
20120215010400,0.0,0.0,0.0,99.9,0.0,0.0,0.0,0.1
20120215010500,0.0,0.0,0.4,98.0,1.1,0.0,0.2,0.3
20120215010600,0.0,0.0,0.1,98.8,1.1,0.0,0.0,0.0
20120215010700,0.0,0.0,0.1,97.8,1.3,0.0,0.1,0.7
20120215010800,0.0,0.0,0.7,93.7,3.6,0.0,0.2,1.8
20120215010900,0.0,0.0,4.3,84.7,8.9,0.0,0.5,1.5
20120215011000,0.0,0.1,0.4,83.4,15.2,0.0,0.2,0.6
20120215011100,0.0,0.5,1.0,67.7,29.3,0.0,0.1,1.5
20120215011200,0.0,0.7,4.1,84.7,9.9,0.0,0.1,0.6
20120215011300,0.0,0.2,1.4,91.9,6.5,0.0,0.0,0.1
20120215011400,0.0,0.1,1.8,81.9,15.8,0.0,0.1,0.4
20120215011500,0.0,0.0,0.1,99.5,0.4,0.0,0.0,0.0
20120215011600,0.0,0.0,0.1,99.4,0.5,0.0,0.0,0.0
20120215011700,0.0,0.0,1.4,95.7,2.6,0.0,0.1,0.1
20120215011800,0.0,0.0,0.0,99.8,0.1,0.0,0.0,0.0
20120215011900,0.0,0.0,0.0,99.8,0.2,0.0,0.0,0.0
20120215012000,0.0,0.0,0.0,100.0,0.0,0.0,0.0,0.0
20120215012100,0.0,0.0,0.1,99.8,0.1,0.0,0.0,0.0
20120215012200,0.0,0.0,0.0,99.8,0.0,0.0,0.0,0.1
20120215012300,0.0,0.0,0.3,97.3,1.4,0.0,0.1,1.0
20120215012400,0.0,0.0,0.1,98.9,0.2,0.0,0.5,0.3
20120215012500,0.0,0.0,0.0,99.4,0.0,0.0,0.4,0.2
20120215012600,0.0,0.0,0.0,98.6,0.1,0.0,0.1,1.1
20120215012700,0.0,0.0,0.0,96.8,0.2,0.0,1.0,2.0
20120215012800,0.0,0.0,0.0,93.4,0.1,0.0,0.4,6.1
20120215012900,0.0,0.0,0.1,96.3,0.1,0.0,0.5,3.1
20120215013000,0.0,0.0,0.1,95.8,0.2,0.0,0.4,3.6
20120215013100,0.0,0.0,0.0,84.0,8.7,0.0,3.6,3.7
20120215013200,0.0,0.0,0.1,96.7,0.5,0.0,1.2,1.5
20120215013300,0.0,0.0,0.1,97.2,0.4,0.0,1.1,1.2
20120215013400,0.0,0.0,0.1,96.8,0.3,0.0,2.4,0.4
20120215013500,0.0,0.0,0.0,98.5,1.2,0.0,0.2,0.1
20120215013600,0.0,0.0,0.0,99.9,0.0,0.0,0.1,0.0
20120215013700,0.0,0.0,0.0,99.5,0.1,0.0,0.3,0.1
20120215013800,0.0,0.0,0.0,99.9,0.0,0.0,0.0,0.0
20120215013900,0.0,0.0,0.0,99.9,0.0,0.0,0.0,0.0
20120215014000,0.0,0.0,0.0,98.9,0.5,0.0,0.4,0.1
20120215014100,0.0,0.0,0.0,99.3,0.2,0.0,0.3,0.3
20120215014200,0.0,0.0,0.0,99.0,0.4,0.0,0.4,0.3
20120215014300,0.0,0.0,0.1,99.9,0.1,0.0,0.0,0.0
20120215014400,0.0,0.0,0.0,99.3,0.3,0.0,0.3,0.1
20120215014500,0.0,0.0,0.0,98.4,0.1,0.0,1.4,0.1
20120215014600,0.0,0.7,0.1,98.7,0.1,0.0,0.3,0.1
20120215014700,0.0,0.1,0.1,98.7,0.3,0.0,0.7,0.0
20120215014800,0.0,0.0,0.2,98.6,0.1,0.0,1.0,0.0
20120215014900,0.0,0.1,0.3,98.2,0.1,0.0,1.2,0.1
20120215015000,0.0,0.4,0.3,96.6,0.1,0.0,1.0,1.7
20120215015100,0.0,0.1,0.1,96.4,0.1,0.0,0.2,3.2
20120215015200,0.0,0.2,0.0,97.7,0.2,0.0,0.5,1.4
20120215015300,0.0,2.2,0.0,45.7,0.1,0.0,0.2,51.9
20120215015400,0.0,0.6,0.0,97.3,0.1,0.0,0.2,1.8
20120215015500,0.0,0.2,0.0,96.3,1.0,0.0,0.1,2.3
20120215015600,0.0,0.0,0.0,97.4,0.0,0.0,0.0,2.5
20120215015700,0.0,0.3,0.0,69.9,0.1,0.0,2.9,26.7
20120215015800,0.0,0.4,0.1,98.1,0.4,0.0,0.6,0.5
20120215015900,0.0,0.5,0.0,99.2,0.1,0.0,0.1,0.1
20120215020000,0.0,0.0,0.0,99.9,0.0,0.0,0.0,0.0
20120215020100,0.0,0.0,0.0,99.8,0.1,0.0,0.0,0.0
20120215020200,0.0,0.3,0.0,99.6,0.0,0.0,0.0,0.0
20120215020300,0.0,0.1,0.0,99.6,0.2,0.0,0.0,0.0
20120215020400,0.0,0.1,0.0,99.6,0.3,0.0,0.0,0.0
20120215020500,0.0,0.1,0.0,99.1,0.5,0.0,0.2,0.2
20120215020600,0.0,0.1,0.1,98.0,1.9,0.0,0.0,0.0
20120215020700,0.0,0.7,0.1,98.3,0.8,0.0,0.0,0.1
20120215020800,0.0,1.6,5.0,92.4,0.8,0.0,0.0,0.1
20120215020900,0.0,2.8,0.1,96.8,0.3,0.0,0.0,0.0
20120215021000,0.0,1.5,0.0,98.4,0.1,0.0,0.0,0.0
20120215021100,0.0,1.4,0.0,98.5,0.1,0.0,0.0,0.0
20120215021200,0.0,5.6,0.0,90.1,4.2,0.0,0.0,0.0
20120215021300,0.0,53.7,0.0,44.9,1.4,0.0,0.0,0.0
20120215021400,0.0,50.8,0.4,48.4,0.4,0.0,0.0,0.0
20120215021500,0.0,79.7,1.0,13.6,5.5,0.0,0.0,0.1
20120215021600,0.0,57.2,2.7,32.6,5.4,0.0,0.0,2.1
20120215021700,0.0,1.8,1.2,95.4,1.6,0.0,0.0,0.0
20120215021800,0.0,9.1,29.7,60.9,0.2,0.0,0.0,0.0
20120215021900,0.0,1.0,55.1,43.6,0.3,0.0,0.0,0.0
20120215022000,0.0,11.3,6.5,81.7,0.5,0.0,0.0,0.0
20120215022100,0.0,0.2,0.5,99.2,0.2,0.0,0.0,0.0
20120215022200,0.0,1.8,93.6,4.6,0.0,0.0,0.0,0.0
20120215022300,0.0,0.9,77.1,21.0,0.9,0.0,0.0,0.0
20120215022400,0.0,3.9,84.6,7.2,4.3,0.0,0.0,0.0
20120215022500,0.0,1.9,18.0,77.6,2.5,0.0,0.0,0.0
20120215022600,0.0,1.0,84.7,13.9,0.4,0.0,0.0,0.0
20120215022700,0.0,0.6,77.9,21.1,0.4,0.0,0.0,0.0
20120215022800,0.1,1.5,91.6,5.6,1.2,0.0,0.0,0.0
20120215022900,0.0,1.6,74.1,23.1,1.2,0.0,0.0,0.1
20120215023000,0.0,0.2,3.8,94.7,1.3,0.0,0.0,0.0
20120215023100,0.0,0.1,65.7,33.6,0.6,0.0,0.0,0.0
20120215023200,0.0,7.2,49.2,42.6,1.0,0.0,0.0,0.0
20120215023300,0.0,1.8,57.1,41.1,0.1,0.0,0.0,0.0
20120215023400,0.0,1.8,83.3,14.8,0.1,0.0,0.0,0.0
20120215023500,0.0,1.5,95.0,3.4,0.0,0.0,0.0,0.0
20120215023600,0.0,2.5,84.0,13.4,0.1,0.0,0.0,0.0
20120215023700,0.0,1.7,26.2,71.7,0.4,0.0,0.0,0.0
20120215023800,0.0,4.6,63.0,32.0,0.4,0.0,0.0,0.0
20120215023900,0.0,5.3,13.7,79.8,1.2,0.0,0.0,0.0
20120215024000,0.0,14.7,78.1,6.6,0.6,0.0,0.0,0.0
20120215024100,0.0,0.2,99.3,0.4,0.0,0.0,0.0,0.0
20120215024200,0.0,7.9,32.8,59.0,0.3,0.0,0.0,0.0
20120215024300,0.0,9.0,46.8,44.1,0.2,0.0,0.0,0.0
20120215024400,0.0,0.6,8.3,90.9,0.2,0.0,0.0,0.0
20120215024500,0.0,0.7,26.3,72.6,0.2,0.0,0.0,0.2
20120215024600,0.0,1.1,72.5,26.2,0.2,0.0,0.0,0.1
20120215024700,0.0,1.4,8.1,89.5,0.3,0.0,0.0,0.7
20120215024800,0.0,1.1,65.7,33.2,0.0,0.0,0.0,0.0
20120215024900,0.0,17.2,16.8,66.0,0.0,0.0,0.0,0.0
20120215025000,0.0,0.7,13.3,85.7,0.3,0.0,0.0,0.0
20120215025100,0.0,50.3,2.8,20.0,26.8,0.0,0.0,0.0
20120215025200,0.0,9.4,0.0,88.4,2.2,0.0,0.0,0.0
20120215025300,0.0,46.2,0.0,51.3,2.4,0.0,0.0,0.0
20120215025400,13.5,2.5,0.0,83.5,0.4,0.0,0.0,0.1
20120215025500,75.0,1.8,0.0,23.0,0.2,0.0,0.0,0.0
20120215025600,88.9,4.5,0.0,6.5,0.1,0.0,0.0,0.0
20120215025700,0.1,17.3,0.0,82.7,0.0,0.0,0.0,0.0
20120215025800,0.1,23.7,0.0,76.2,0.0,0.0,0.0,0.0
20120215025900,0.0,86.7,2.3,11.0,0.0,0.0,0.0,0.0
20120215030000,0.2,2.0,0.5,97.3,0.0,0.0,0.0,0.0
20120215030100,44.7,2.0,0.0,53.3,0.0,0.0,0.0,0.0
20120215030200,99.3,0.1,0.0,0.7,0.0,0.0,0.0,0.0
20120215030300,73.7,19.3,0.0,7.0,0.0,0.0,0.0,0.0
20120215030400,0.0,97.4,0.0,2.5,0.0,0.0,0.0,0.0
20120215030500,0.0,100.0,0.0,0.0,0.0,0.0,0.0,0.0
20120215030600,0.0,91.0,0.4,8.6,0.1,0.0,0.0,0.0
20120215030700,0.0,98.6,0.1,1.2,0.1,0.0,0.0,0.0
20120215030800,0.0,98.9,0.9,0.2,0.0,0.0,0.0,0.0
20120215030900,0.0,87.6,3.7,8.6,0.0,0.0,0.0,0.0
20120215031000,0.1,23.7,2.4,73.6,0.2,0.0,0.0,0.0
20120215031100,3.2,14.7,4.5,77.2,0.4,0.0,0.0,0.0
20120215031200,0.1,22.4,0.5,76.9,0.0,0.0,0.0,0.0
20120215031300,63.9,0.1,0.0,35.9,0.0,0.0,0.0,0.0
20120215031400,99.8,0.2,0.0,0.0,0.0,0.0,0.0,0.0
20120215031500,99.8,0.1,0.0,0.0,0.0,0.0,0.0,0.0
20120215031600,0.0,99.8,0.0,0.1,0.0,0.0,0.0,0.0
20120215031700,0.0,99.9,0.0,0.1,0.0,0.0,0.0,0.0
20120215031800,0.1,77.1,0.0,22.8,0.0,0.0,0.0,0.0
20120215031900,11.9,49.2,24.6,13.9,0.4,0.0,0.0,0.1
20120215032000,4.3,89.8,0.5,3.1,2.3,0.0,0.0,0.0
20120215032100,97.4,1.6,0.0,0.8,0.2,0.0,0.0,0.0
20120215032200,93.6,0.2,0.0,6.2,0.0,0.0,0.0,0.0
20120215032300,94.6,3.5,0.1,1.6,0.2,0.0,0.0,0.0
20120215032400,33.3,2.6,0.8,62.9,0.3,0.0,0.0,0.0
20120215032500,5.3,44.5,21.3,28.0,0.9,0.0,0.0,0.0
20120215032600,1.7,7.4,18.3,63.5,9.2,0.0,0.0,0.0
20120215032700,0.1,26.0,3.1,61.3,9.5,0.0,0.0,0.0
20120215032800,1.5,2.5,69.5,26.5,0.0,0.0,0.0,0.0
20120215032900,0.9,3.7,11.0,83.9,0.5,0.0,0.0,0.0
20120215033000,1.2,13.3,20.2,65.0,0.2,0.0,0.0,0.0
20120215033100,0.3,0.7,0.1,98.5,0.4,0.0,0.0,0.1
20120215033200,0.0,3.2,0.0,96.7,0.0,0.0,0.0,0.0
20120215033300,0.0,95.3,0.1,3.2,1.5,0.0,0.0,0.0
20120215033400,0.0,37.1,0.0,1.4,61.4,0.0,0.0,0.0
20120215033500,0.3,73.8,0.0,24.1,1.8,0.0,0.0,0.0
20120215033600,2.5,20.0,0.1,76.8,0.6,0.0,0.0,0.1
20120215033700,5.3,0.8,0.0,93.9,0.0,0.0,0.0,0.0
20120215033800,7.3,4.7,0.0,87.5,0.3,0.0,0.0,0.1
20120215033900,1.8,5.9,0.0,91.6,0.7,0.0,0.0,0.0
20120215034000,2.2,16.4,0.0,81.3,0.1,0.0,0.0,0.0
20120215034100,75.3,0.0,0.0,24.4,0.3,0.0,0.0,0.0
20120215034200,10.3,0.1,0.0,88.7,0.7,0.0,0.0,0.1
20120215034300,21.7,0.4,0.0,76.3,1.6,0.0,0.0,0.0
20120215034400,1.9,0.8,0.0,94.7,2.7,0.0,0.0,0.0
20120215034500,0.1,0.0,0.0,99.9,0.1,0.0,0.0,0.0
20120215034600,5.4,0.1,0.1,87.2,0.1,6.3,0.4,0.4
20120215034700,41.3,13.3,2.1,38.6,0.3,3.7,0.5,0.0
20120215034800,0.0,99.8,0.0,0.2,0.0,0.0,0.0,0.0
20120215034900,0.0,100.0,0.0,0.0,0.0,0.0,0.0,0.0
20120215035000,0.0,100.0,0.0,0.0,0.0,0.0,0.0,0.0
20120215035100,0.0,99.2,0.0,0.8,0.0,0.0,0.0,0.0
20120215035200,0.0,83.9,16.0,0.1,0.0,0.0,0.0,0.0
20120215035300,0.0,97.3,1.9,0.7,0.0,0.0,0.0,0.0
20120215035400,0.0,82.4,16.9,0.6,0.0,0.0,0.0,0.0
20120215035500,0.0,100.0,0.0,0.0,0.0,0.0,0.0,0.0
20120215035600,0.0,100.0,0.0,0.0,0.0,0.0,0.0,0.0
20120215035931,0.0,99.5,0.0,0.0,0.5,0.0,0.0,0.0
20120215040031,0.0,100.0,0.0,0.0,0.0,0.0,0.0,0.0
20120215040131,0.1,99.2,0.0,0.4,0.3,0.0,0.0,0.0
20120215040231,0.9,86.5,0.0,1.9,10.7,0.0,0.0,0.0
20120215040331,2.3,97.2,0.0,0.2,0.3,0.0,0.0,0.0
20120215040431,0.2,36.5,0.0,0.0,63.2,0.0,0.0,0.1
20120215040531,0.0,98.4,0.0,0.0,1.4,0.0,0.0,0.2
20120215040631,0.0,99.8,0.0,0.0,0.2,0.0,0.0,0.0
20120215040731,0.0,94.0,0.0,0.0,6.0,0.0,0.0,0.0
20120215040831,0.0,99.9,0.0,0.0,0.1,0.0,0.0,0.0
20120215040931,0.0,73.9,24.2,0.0,1.9,0.0,0.0,0.0
20120215041031,0.0,97.2,2.2,0.0,0.6,0.0,0.0,0.0
20120215041131,0.0,68.3,25.3,1.2,5.1,0.0,0.0,0.1
20120215041231,0.0,10.9,88.7,0.0,0.3,0.0,0.0,0.0
20120215041331,0.0,69.9,28.7,0.2,1.2,0.0,0.0,0.0
20120215041431,0.0,67.4,12.7,18.1,1.8,0.0,0.0,0.0
20120215041531,0.0,99.8,0.0,0.2,0.1,0.0,0.0,0.0
20120215041631,0.0,100.0,0.0,0.0,0.0,0.0,0.0,0.0
20120215041731,0.0,96.7,0.0,0.0,3.3,0.0,0.0,0.0
20120215041831,0.0,1.7,97.9,0.2,0.1,0.0,0.0,0.0
20120215041931,0.0,86.7,10.7,0.5,2.0,0.0,0.0,0.0
20120215042031,0.0,10.3,87.3,0.3,2.1,0.0,0.0,0.0
20120215042131,0.0,0.0,99.8,0.1,0.0,0.0,0.0,0.0
20120215042231,0.0,2.8,96.0,0.2,0.9,0.0,0.1,0.2
20120215042331,0.0,1.4,95.8,1.4,1.1,0.0,0.0,0.4
20120215042431,0.0,7.2,91.4,1.3,0.1,0.0,0.0,0.1
20120215042531,0.0,2.7,93.0,3.8,0.1,0.0,0.1,0.3
20120215042631,0.0,0.3,90.3,9.3,0.0,0.0,0.0,0.0
20120215042731,0.0,5.4,71.9,22.6,0.0,0.0,0.0,0.0
20120215042831,0.0,0.2,97.0,2.8,0.0,0.0,0.0,0.0
20120215042931,0.0,7.0,23.3,23.5,46.3,0.0,0.0,0.0
20120215043031,0.0,37.9,53.3,2.8,6.0,0.0,0.0,0.0
20120215043131,0.0,96.4,0.7,2.7,0.1,0.0,0.0,0.0
20120215043231,0.0,2.4,0.1,0.8,96.8,0.0,0.0,0.0
20120215043331,0.0,9.5,0.2,7.6,82.7,0.0,0.0,0.0
20120215043431,0.1,33.5,0.1,0.0,66.3,0.0,0.0,0.0
20120215043531,0.0,65.8,0.1,0.0,34.1,0.0,0.0,0.0
20120215043631,0.0,0.1,87.7,0.0,11.7,0.0,0.0,0.5
20120215043731,0.0,2.5,42.4,0.1,53.9,0.0,0.0,1.1
20120215043831,0.0,5.8,75.2,0.0,10.5,0.0,0.0,8.5
20120215043931,0.0,4.1,71.3,0.0,19.6,0.0,0.0,5.0
20120215044031,0.0,1.2,22.8,0.9,41.4,0.0,0.0,33.7
20120215044131,0.5,23.2,17.9,3.9,41.1,0.0,0.0,13.4
20120215044231,0.0,1.7,65.4,0.5,21.0,0.0,0.0,11.3
20120215044331,0.0,0.5,8.5,0.1,90.8,0.0,0.0,0.0
20120215044431,0.0,2.8,2.1,0.0,86.6,0.0,0.0,8.4
20120215044531,0.0,1.4,0.2,0.0,97.8,0.0,0.0,0.6
20120215044631,0.0,0.0,0.0,0.0,99.0,0.0,0.0,1.0
20120215044731,0.0,0.0,0.0,0.0,70.3,0.0,0.0,29.6
20120215044831,0.0,0.0,0.0,0.0,95.8,0.0,0.0,4.2
20120215044931,0.0,0.0,0.0,0.0,94.2,0.0,0.0,5.8
20120215045031,0.0,0.0,0.0,0.0,93.5,0.0,0.0,6.5
20120215045131,0.0,0.0,0.0,0.0,99.6,0.0,0.0,0.4
20120215045231,0.0,0.0,0.0,0.0,99.2,0.0,0.0,0.8
20120215045331,0.0,0.0,0.0,0.0,95.4,0.0,0.0,4.6
20120215045431,0.0,0.0,0.0,0.0,88.6,0.0,0.0,11.4
20120215045531,0.0,0.0,0.0,0.0,98.7,0.0,0.0,1.3
20120215045631,0.0,0.0,0.0,0.0,99.6,0.0,0.0,0.4
20120215045731,0.0,0.0,0.0,0.0,99.7,0.0,0.0,0.3
20120215045831,0.0,0.0,0.0,0.0,77.9,0.0,0.0,22.1
20120215045931,0.0,0.0,0.0,0.0,97.7,0.0,0.0,2.3
20120215050031,0.0,0.0,0.0,0.0,98.0,0.0,0.0,2.0
20120215050131,0.0,0.0,0.0,0.0,36.9,0.0,0.0,63.1
20120215050231,0.0,0.0,0.0,0.0,5.8,0.0,0.0,94.2
20120215050331,0.0,0.0,0.0,0.0,71.1,0.0,0.0,28.9
20120215050431,0.0,0.0,0.0,0.0,54.1,0.0,0.0,45.9
20120215050531,0.0,0.0,0.0,0.0,60.0,0.0,0.0,40.0
20120215050631,0.0,0.0,0.0,0.0,18.0,0.0,0.0,82.0
20120215050731,0.0,0.0,0.0,0.0,15.7,0.0,0.0,84.3
20120215050831,0.0,0.0,0.0,0.0,0.9,0.0,0.0,99.1
20120215050931,0.0,0.0,0.0,0.0,0.1,0.0,0.0,99.9
20120215051031,0.0,0.0,0.0,0.0,0.0,0.0,0.0,100.0
20120215051131,0.0,0.0,0.0,0.0,0.0,0.0,0.0,100.0
20120215051231,0.0,0.0,0.0,0.0,0.0,0.0,0.0,100.0
20120215051331,0.0,0.0,0.0,0.0,0.0,0.0,0.0,100.0
20120215051431,0.0,0.0,0.0,0.0,0.0,0.0,0.0,100.0
20120215051531,0.0,0.0,0.0,0.0,0.0,0.0,0.0,100.0
20120215051631,0.0,0.0,0.0,0.0,0.0,0.0,0.0,100.0
20120215051731,0.0,0.0,0.0,0.0,0.0,0.0,0.0,100.0
20120215051831,0.0,0.0,0.0,0.0,0.0,0.0,0.0,100.0
20120215051931,0.0,0.0,0.0,0.0,0.0,0.0,0.0,100.0
20120215052031,0.0,0.0,0.0,0.0,0.0,0.0,0.0,100.0
20120215052131,0.0,0.0,0.0,0.0,0.0,0.0,0.0,100.0
20120215052231,0.0,0.0,0.0,0.0,0.0,0.0,0.0,100.0
20120215052331,0.0,0.0,0.0,0.0,0.0,0.0,0.0,100.0
20120215052431,0.0,0.0,0.0,0.0,0.0,0.0,0.0,100.0
20120215052531,0.0,0.0,0.0,0.0,0.0,0.0,0.0,100.0
20120215052631,0.0,0.0,0.0,0.0,0.0,0.0,0.0,100.0
20120215052731,0.0,0.0,0.0,0.0,0.0,0.0,0.0,100.0
20120215052831,0.0,0.0,0.0,0.0,0.0,0.0,0.0,100.0
20120215052931,0.0,0.0,0.0,0.0,0.0,0.0,0.0,100.0
20120215053031,0.0,0.0,0.0,0.0,0.0,0.0,0.0,100.0
