UT,arc,discrete,diffuse,ac,ab,clear,cloudy,dd
20121123141900,0.0,0.0,0.0,0.0,0.0,0.0,0.0,100.0
20121123142000,0.0,0.0,0.0,0.0,0.0,0.0,0.0,100.0
20121123142100,0.0,0.0,0.0,0.0,0.0,0.0,0.0,100.0
20121123142200,0.0,0.0,0.0,0.0,0.0,0.0,0.0,100.0
20121123142300,0.0,0.0,0.0,0.0,0.0,0.0,0.0,100.0
20121123142400,0.0,0.0,0.0,0.0,0.0,0.0,0.0,100.0
20121123142500,0.0,0.0,0.0,0.0,0.0,0.0,0.0,100.0
20121123142600,0.0,0.0,0.0,0.0,0.0,0.0,0.0,100.0
20121123142700,0.0,0.0,0.0,0.0,0.0,0.0,0.0,100.0
20121123142800,0.0,0.0,0.0,0.0,0.0,0.0,0.0,100.0
20121123142900,0.0,0.0,0.0,0.0,0.0,0.0,0.0,100.0
20121123143000,0.0,0.0,0.0,0.0,0.0,0.0,0.0,100.0
20121123143100,0.0,0.0,0.0,0.0,0.0,0.0,0.0,100.0
20121123143200,0.0,0.0,0.0,0.0,0.0,0.0,0.0,100.0
20121123143300,0.0,0.0,0.0,0.0,0.0,0.0,0.0,100.0
20121123143400,0.0,0.0,0.0,0.0,0.0,0.0,0.0,100.0
20121123143500,0.0,0.0,0.0,0.0,0.0,0.0,0.0,100.0
20121123143600,0.0,0.0,0.0,0.0,0.0,0.0,0.0,100.0
20121123143700,0.0,0.0,0.0,0.0,0.0,0.0,0.0,100.0
20121123143800,0.0,0.0,0.0,0.0,0.1,0.0,0.0,99.9
20121123143900,0.0,0.0,0.0,0.0,0.1,0.0,0.0,99.9
20121123144000,0.0,0.0,0.0,0.0,0.0,0.0,0.0,100.0
20121123144100,0.0,0.0,0.0,0.0,0.0,0.0,0.0,100.0
20121123144200,0.0,0.0,0.0,0.0,0.0,0.0,0.0,100.0
20121123144300,0.0,0.0,0.0,0.0,0.0,0.0,0.0,100.0
20121123144400,0.0,0.0,0.0,0.0,0.0,0.0,0.0,100.0
20121123144500,0.0,0.0,0.0,0.0,0.0,0.0,0.0,100.0
20121123144600,0.0,0.0,0.0,0.0,0.0,0.0,0.0,100.0
20121123144700,0.0,0.0,0.0,0.0,0.0,0.0,0.0,100.0
20121123144800,0.0,0.0,0.0,0.0,0.0,0.0,0.0,100.0
20121123144900,0.0,0.0,0.0,0.0,0.1,0.0,0.0,99.9
20121123145000,0.0,0.0,0.0,0.0,0.0,0.0,0.0,100.0
20121123145100,0.0,0.0,0.0,0.0,0.0,0.0,0.0,100.0
20121123145200,0.0,0.0,0.0,0.0,0.0,0.0,0.0,100.0
20121123145300,0.0,0.0,0.0,0.0,0.1,0.0,0.0,99.9
20121123145400,0.0,0.0,0.0,0.0,0.2,0.0,0.0,99.7
20121123145500,0.0,0.0,0.0,0.0,0.2,0.0,0.1,99.7
20121123145600,0.0,0.0,0.0,0.0,1.5,0.0,0.1,98.4
20121123145700,0.0,0.0,0.0,0.0,0.3,0.0,0.2,99.4
20121123145800,0.0,0.0,0.0,0.0,3.4,0.0,0.2,96.4
20121123145900,0.0,0.0,0.0,0.0,3.2,0.0,0.5,96.3
20121123150000,0.0,0.0,0.0,0.0,2.8,0.0,0.2,97.0
20121123150100,0.0,0.0,0.0,0.0,1.6,0.0,0.2,98.2
20121123150200,0.0,0.0,0.0,0.0,1.4,0.0,1.4,97.3
20121123150300,0.0,0.0,0.0,0.0,0.1,0.0,0.2,99.6
20121123150400,0.0,0.0,0.0,0.0,0.5,0.0,6.6,92.9
20121123150500,0.0,0.0,0.0,0.0,0.4,0.0,4.2,95.4
20121123150600,0.0,0.0,0.0,0.0,0.5,0.0,22.1,77.4
20121123150700,0.0,0.0,0.0,0.0,2.4,0.0,12.0,85.5
20121123150800,0.0,0.0,0.0,0.0,2.6,0.0,31.4,65.9
20121123150900,0.0,0.0,0.0,0.0,0.4,0.0,82.3,17.2
20121123151000,0.0,0.0,0.0,0.0,0.1,0.0,69.5,30.4
20121123151100,0.0,0.0,0.0,0.0,0.1,0.0,22.2,77.7
20121123151200,0.0,0.0,0.0,0.0,0.7,0.0,49.5,49.7
20121123151300,0.0,0.0,0.0,0.0,0.2,0.0,84.3,15.5
20121123151400,0.0,0.0,0.0,0.0,0.3,0.0,91.5,8.2
20121123151500,0.0,0.0,0.0,0.0,0.4,0.0,92.6,7.0
20121123151600,0.0,0.0,0.0,0.1,0.8,0.0,81.1,17.9
20121123151700,0.0,0.0,0.0,0.0,0.4,0.0,80.5,19.0
20121123151800,0.0,0.0,0.0,0.0,0.9,0.0,80.9,18.1
20121123151900,0.0,0.0,0.0,0.1,1.3,0.0,88.3,10.3
20121123152000,0.0,0.0,0.0,0.0,0.1,0.0,98.5,1.4
20121123152100,0.0,0.0,0.0,0.0,0.1,0.0,93.6,6.3
20121123152200,0.0,0.0,0.0,0.0,0.0,0.0,97.6,2.3
20121123152300,0.1,0.0,0.0,0.1,1.9,0.0,94.4,3.6
20121123152400,0.1,0.0,0.0,0.1,1.1,0.0,95.6,3.0
20121123152500,0.0,0.0,0.1,0.0,1.7,0.0,94.7,3.5
20121123152600,0.0,0.0,0.0,0.0,0.2,0.0,98.8,1.0
20121123152700,0.0,0.0,0.0,0.0,0.1,0.0,98.4,1.5
20121123152800,0.0,0.0,0.0,0.0,0.1,0.0,99.1,0.7
20121123152900,0.0,0.0,0.0,0.0,0.4,0.0,99.0,0.6
20121123153000,0.0,0.0,0.0,0.0,0.3,0.0,99.3,0.4
20121123153100,0.0,0.0,0.0,0.0,0.1,0.0,99.3,0.5
20121123153200,0.0,0.0,0.0,0.0,0.2,0.0,99.5,0.3
20121123153300,0.0,0.0,0.0,0.0,0.2,0.0,99.3,0.4
20121123153400,0.0,0.0,0.0,0.0,0.1,0.0,99.8,0.1
20121123153500,0.0,0.0,0.0,0.0,0.0,0.0,99.8,0.2
20121123153600,0.0,0.0,0.0,0.0,0.0,0.0,99.8,0.2
20121123153700,0.0,0.0,0.0,0.0,0.1,0.0,99.5,0.4
20121123153800,0.0,0.0,0.0,0.0,0.0,0.0,100.0,0.0
20121123153900,0.0,0.0,0.0,0.0,0.0,0.0,99.9,0.0
20121123154000,0.0,0.0,0.0,0.0,0.1,0.0,99.9,0.0
20121123154100,0.0,0.0,0.0,0.0,0.1,0.0,99.7,0.1
20121123154200,0.0,0.0,0.0,0.0,0.2,0.0,99.6,0.2
20121123154300,0.0,0.0,0.0,0.0,0.1,0.0,99.7,0.1
20121123154400,0.0,0.0,0.0,0.0,0.1,0.0,99.8,0.1
20121123154500,0.0,0.0,0.0,0.0,0.0,0.0,99.9,0.1
20121123154600,0.0,0.0,0.0,0.0,0.2,0.0,99.8,0.0
20121123154700,0.0,0.0,0.0,0.0,0.1,0.0,99.8,0.0
20121123154800,0.0,0.0,0.0,0.0,0.1,0.0,99.9,0.0
20121123154900,0.0,0.0,0.0,0.0,0.2,0.0,99.8,0.0
20121123155000,0.0,0.0,0.0,0.0,0.1,0.0,99.9,0.0
20121123155100,0.0,0.0,0.0,0.0,0.3,0.0,99.7,0.0
20121123155200,0.0,0.0,0.0,0.0,0.8,0.0,99.1,0.1
20121123155300,0.0,0.0,0.0,0.0,0.0,0.0,100.0,0.0
20121123155400,0.0,0.0,0.0,0.0,0.0,0.0,100.0,0.0
20121123155500,0.0,0.0,0.0,0.0,0.0,0.0,100.0,0.0
20121123155600,0.0,0.0,0.0,0.0,0.0,0.0,100.0,0.0
20121123155700,0.0,0.0,0.0,0.0,0.0,0.0,99.9,0.1
20121123155800,0.0,0.0,0.0,0.0,0.1,0.0,99.7,0.2
20121123155900,0.0,0.0,0.0,0.0,0.0,0.0,99.7,0.3
20121123160000,0.0,0.0,0.0,0.0,0.0,0.0,99.8,0.2
20121123160100,0.0,0.0,0.0,0.0,0.0,0.0,99.9,0.0
20121123160200,0.0,0.0,0.0,0.0,0.0,0.0,99.9,0.0
20121123160300,0.0,0.0,0.0,0.0,0.0,0.0,100.0,0.0
20121123160400,0.0,0.0,0.0,0.0,0.0,0.0,99.9,0.1
20121123160500,0.0,0.0,0.0,0.0,0.1,0.0,99.7,0.2
20121123160600,0.0,0.0,0.0,0.0,0.0,0.0,100.0,0.0
20121123160700,0.0,0.0,0.0,0.0,0.1,0.0,99.7,0.2
20121123160800,0.0,0.0,0.0,0.0,0.0,0.0,99.8,0.1
20121123160900,0.0,0.0,0.0,0.0,0.0,0.0,99.9,0.1
20121123161000,0.0,0.0,0.0,0.0,0.0,0.0,99.9,0.0
20121123161100,0.0,0.0,0.0,0.0,0.1,0.0,99.8,0.0
20121123161200,0.0,0.0,0.0,0.0,0.1,0.0,99.8,0.0
20121123161300,0.0,0.0,0.0,0.1,0.4,0.0,99.4,0.0
20121123161400,0.0,0.0,0.0,0.0,0.1,0.0,99.9,0.0
20121123161500,0.0,0.0,0.0,0.0,0.0,0.0,100.0,0.0
20121123161600,0.0,0.0,0.0,1.1,2.9,0.0,94.8,1.2
20121123161700,0.0,0.0,0.0,0.0,0.1,0.0,99.8,0.1
20121123161800,0.0,0.0,0.0,0.1,0.3,0.0,99.6,0.1
20121123161900,0.0,0.0,0.0,0.1,0.1,0.0,99.8,0.0
20121123162000,0.0,0.0,0.0,0.0,0.0,0.0,100.0,0.0
20121123162100,0.0,0.0,0.0,0.0,0.1,0.0,99.9,0.0
20121123162200,0.0,0.0,0.0,0.0,0.0,0.0,99.9,0.0
20121123162300,0.0,0.0,0.0,0.0,0.2,0.0,99.8,0.0
20121123162400,0.0,0.0,0.0,0.1,0.5,0.0,98.7,0.6
20121123162500,0.0,0.0,0.0,0.0,0.0,0.0,99.8,0.1
20121123162600,0.0,0.0,0.0,0.0,0.0,0.0,100.0,0.0
20121123162700,0.0,0.0,0.0,0.0,0.0,0.0,99.9,0.0
20121123162800,0.0,0.0,0.0,0.0,0.0,0.0,99.9,0.0
20121123162900,0.0,0.0,0.0,0.0,0.0,0.0,100.0,0.0
20121123163000,0.0,0.0,0.0,0.0,0.0,0.0,100.0,0.0
20121123163100,0.0,0.0,0.0,0.0,0.0,0.0,100.0,0.0
20121123163200,0.0,0.0,0.0,0.0,0.0,0.0,100.0,0.0
20121123163300,0.0,0.0,0.0,0.0,0.0,0.0,99.9,0.0
20121123163400,0.0,0.0,0.0,0.0,0.0,0.0,100.0,0.0
20121123163500,0.0,0.0,0.0,0.0,0.0,0.0,99.9,0.1
20121123163600,0.0,0.0,0.0,0.0,0.0,0.0,100.0,0.0
20121123163700,0.0,0.0,0.0,0.0,0.0,0.0,99.9,0.1
20121123163800,0.0,0.0,0.0,0.0,0.0,0.0,100.0,0.0
20121123163900,0.0,0.0,0.0,0.0,0.0,0.0,99.9,0.1
20121123164000,0.0,0.0,0.0,0.0,0.0,0.0,100.0,0.0
20121123164100,0.0,0.0,0.0,0.0,0.0,0.0,100.0,0.0
20121123164200,0.0,0.0,0.0,0.0,0.0,0.0,100.0,0.0
20121123164300,0.0,0.0,0.0,0.0,0.0,0.0,99.9,0.1
20121123164400,0.0,0.0,0.0,0.0,0.0,0.0,99.8,0.1
20121123164500,0.0,0.0,0.0,0.0,0.0,0.0,100.0,0.0
20121123164600,0.0,0.0,0.0,0.0,0.0,0.0,99.9,0.1
20121123164700,0.0,0.0,0.0,0.0,0.1,0.0,99.8,0.1
20121123164800,0.0,0.0,0.0,0.0,0.0,0.0,100.0,0.0
20121123164900,0.0,0.0,0.0,0.0,0.0,0.0,100.0,0.0
20121123165000,0.0,0.0,0.0,0.0,0.0,0.0,99.8,0.2
20121123165100,0.0,0.0,0.0,0.0,0.0,0.0,99.9,0.1
20121123165200,0.0,0.0,0.0,0.0,0.0,0.0,99.9,0.1
20121123165300,0.0,0.0,0.0,0.0,0.0,0.0,99.9,0.1
20121123165400,0.0,0.0,0.0,0.0,0.0,0.0,100.0,0.0
20121123165500,0.0,0.0,0.0,0.0,0.0,0.0,100.0,0.0
20121123165600,0.0,0.0,0.0,0.0,0.0,0.0,100.0,0.0
20121123165700,0.0,0.0,0.0,0.0,0.0,0.0,100.0,0.0
20121123165800,0.0,0.0,0.0,0.0,0.0,0.0,100.0,0.0
20121123165900,0.0,0.0,0.0,0.0,0.0,0.0,100.0,0.0
20121123170000,0.0,0.0,0.0,0.0,0.0,0.0,100.0,0.0
20121123170100,0.0,0.0,0.0,0.0,0.0,0.0,100.0,0.0
20121123170200,0.0,0.0,0.0,0.0,0.0,0.0,100.0,0.0
20121123170300,0.0,0.0,0.0,0.0,0.0,0.0,100.0,0.0
20121123170400,0.0,0.0,0.0,0.0,0.0,0.0,100.0,0.0
20121123170500,0.0,0.0,0.0,0.0,0.0,0.0,100.0,0.0
20121123170600,0.0,0.0,0.0,0.0,0.0,0.0,100.0,0.0
20121123170700,0.0,0.0,0.0,0.0,0.0,0.0,100.0,0.0
20121123170800,0.0,0.0,0.0,0.0,0.0,0.0,99.9,0.0
20121123170900,0.0,0.0,0.0,0.0,0.0,0.0,99.9,0.0
20121123171000,0.0,0.0,0.0,0.0,0.0,0.0,99.9,0.0
20121123171100,0.0,0.0,0.0,0.0,0.1,0.0,99.9,0.0
20121123171200,0.0,0.0,0.0,0.0,0.0,0.0,100.0,0.0
20121123171300,0.0,0.0,0.0,0.0,0.0,0.0,100.0,0.0
20121123171400,0.0,0.0,0.0,0.1,0.1,0.0,99.8,0.0
20121123171500,0.0,0.0,0.0,0.0,0.0,0.0,100.0,0.0
20121123171600,0.0,0.0,0.0,0.0,0.1,0.0,99.9,0.0
20121123171700,0.0,0.0,0.0,0.0,0.0,0.0,100.0,0.0
20121123171800,0.0,0.0,0.0,0.0,0.0,0.0,100.0,0.0
20121123171900,0.0,0.0,0.0,0.0,0.1,0.0,99.8,0.0
20121123172000,0.0,0.0,0.0,0.0,0.1,0.0,99.8,0.0
20121123172100,0.0,0.0,0.0,0.0,0.0,0.0,99.9,0.0
20121123172200,0.0,0.0,0.0,0.1,0.0,0.0,99.9,0.0
20121123172300,0.0,0.0,0.0,0.1,0.0,0.0,99.8,0.0
20121123172400,0.0,0.0,0.0,0.1,0.0,0.0,99.9,0.0
20121123172500,0.0,0.0,0.0,0.2,0.1,0.0,99.6,0.0
20121123172600,0.0,0.0,0.0,0.2,0.1,0.0,99.7,0.0
20121123172700,0.0,0.0,0.0,0.2,0.1,0.0,99.6,0.0
20121123172800,0.0,0.0,0.0,0.2,0.0,0.0,99.8,0.0
20121123172900,0.0,0.0,0.0,0.0,0.0,0.0,99.9,0.0
20121123173000,0.0,0.0,0.0,0.0,0.0,0.0,99.9,0.1
20121123173100,0.0,0.0,0.0,0.1,0.1,0.0,99.7,0.1
20121123173200,0.0,0.0,0.1,0.3,0.0,0.0,99.6,0.1
20121123173300,0.0,0.0,0.0,0.0,0.0,0.0,99.9,0.0
20121123173400,0.0,0.0,0.0,0.0,0.0,0.0,100.0,0.0
20121123173500,0.0,0.0,0.0,0.0,0.0,0.0,99.9,0.0
20121123173600,0.0,0.0,0.0,0.0,0.1,0.0,99.9,0.0
20121123173700,0.0,0.0,0.0,0.0,0.0,0.0,99.9,0.0
20121123173800,0.0,0.0,0.0,0.0,0.1,0.0,99.9,0.0
20121123173900,0.0,0.0,0.0,0.1,0.1,0.0,99.8,0.0
20121123174000,0.0,0.0,0.1,0.2,0.9,0.0,98.7,0.1
20121123174100,0.0,0.0,0.0,0.1,0.3,0.0,99.4,0.2
20121123174200,0.0,0.0,0.0,0.0,0.1,0.0,99.8,0.0
20121123174300,0.0,0.0,0.0,0.0,0.1,0.0,99.8,0.0
20121123174400,0.0,0.0,0.0,0.0,1.0,0.0,98.9,0.1
20121123174500,0.0,0.0,0.0,0.0,1.8,0.0,98.1,0.1
20121123174600,0.0,0.0,0.0,0.1,4.5,0.0,95.3,0.0
20121123174700,0.0,0.0,0.0,0.2,5.5,0.0,94.2,0.1
20121123174800,0.0,0.0,0.0,0.0,0.4,0.0,99.5,0.0
20121123174900,0.0,0.0,0.0,0.3,0.5,0.0,99.1,0.1
20121123175000,0.0,0.0,0.0,0.1,1.0,0.0,98.8,0.1
20121123175100,0.0,0.0,0.0,0.5,1.0,0.0,98.2,0.2
20121123175200,0.0,0.0,0.0,0.1,0.2,0.0,99.6,0.1
20121123175300,0.0,0.0,0.0,1.0,0.1,0.0,98.2,0.6
20121123175400,0.0,0.0,0.0,1.2,0.1,0.0,98.3,0.4
20121123175500,0.0,0.0,0.0,0.5,0.0,0.0,99.0,0.4
20121123175600,0.0,0.0,0.1,2.8,0.2,0.0,96.5,0.4
20121123175700,0.0,0.0,0.0,0.3,0.0,0.0,99.6,0.0
20121123175800,0.0,0.0,0.0,0.1,0.0,0.0,99.9,0.0
20121123175900,0.0,0.0,0.0,0.1,0.0,0.0,99.9,0.0
20121123180000,0.0,0.0,0.0,0.1,0.0,0.0,99.9,0.0
20121123180100,0.0,0.0,0.0,0.1,0.1,0.0,99.8,0.0
20121123180200,0.0,0.0,0.0,0.3,0.2,0.0,99.5,0.0
20121123180300,0.0,0.0,0.0,0.8,0.4,0.0,98.7,0.0
20121123180400,0.0,0.0,0.0,0.8,0.2,0.0,99.0,0.0
20121123180500,0.0,0.0,0.0,0.1,0.2,0.0,99.7,0.0
20121123180600,0.0,0.0,0.0,0.2,0.3,0.0,99.4,0.0
20121123180700,0.0,0.0,0.0,0.2,0.4,0.0,99.3,0.0
20121123180800,0.0,0.0,0.0,0.1,0.6,0.0,99.3,0.0
20121123180900,0.0,0.0,0.0,0.4,0.2,0.0,99.3,0.0
20121123181000,0.0,0.0,0.0,0.6,0.3,0.0,99.1,0.0
20121123181100,0.0,0.0,0.0,1.1,0.4,0.0,98.5,0.0
20121123181200,0.0,0.0,0.0,0.6,0.2,0.0,99.2,0.0
20121123181300,0.0,0.0,0.1,0.1,0.3,0.0,99.5,0.0
20121123181400,0.0,0.0,0.0,0.1,0.1,0.0,99.8,0.0
20121123181500,0.0,0.0,0.1,0.4,0.1,0.0,99.3,0.0
20121123181600,0.0,0.0,0.1,0.0,0.4,0.0,99.4,0.0
20121123181700,0.0,0.0,0.1,0.1,0.1,0.0,99.7,0.0
20121123181800,0.0,0.0,0.0,0.4,0.1,0.0,99.4,0.0
20121123181900,0.0,0.0,0.2,1.4,0.4,0.0,97.9,0.1
20121123182000,0.0,0.0,0.1,0.3,1.0,0.0,98.6,0.0
20121123182100,0.0,0.0,0.3,0.4,2.0,0.0,97.2,0.1
20121123182200,0.0,0.0,0.4,0.3,5.0,0.0,94.2,0.1
20121123182300,0.0,0.0,0.2,1.0,6.7,0.0,92.1,0.0
20121123182400,0.0,0.0,0.4,0.7,12.3,0.0,86.5,0.0
20121123182500,0.0,0.0,0.4,3.1,14.9,0.0,80.9,0.7
20121123182600,0.0,0.0,0.5,1.1,4.8,0.0,93.4,0.1
20121123182700,0.0,0.0,0.1,0.8,7.8,0.0,90.5,0.8
20121123182800,0.0,0.0,0.1,1.0,5.4,0.0,93.3,0.3
20121123182900,0.0,0.0,0.1,1.0,5.3,0.0,92.1,1.5
20121123183000,0.0,0.0,0.0,0.1,2.5,0.0,97.2,0.2
20121123183100,0.0,0.0,0.0,1.4,3.8,0.0,94.0,0.7
20121123183200,0.0,0.0,0.2,3.0,6.6,0.0,89.2,0.9
20121123183300,0.0,0.0,0.0,1.6,0.8,0.0,96.8,0.6
20121123183400,0.0,0.0,0.1,2.1,2.4,0.0,94.8,0.6
20121123183500,0.0,0.0,0.0,0.6,1.9,0.0,95.5,2.0
20121123183600,0.0,0.0,0.0,0.3,0.5,0.0,99.0,0.2
20121123183700,0.0,0.0,0.0,0.2,4.0,0.0,94.2,1.6
20121123183800,0.0,0.0,0.0,0.8,15.4,0.0,83.0,0.8
20121123183900,0.0,0.0,0.1,0.4,2.3,0.0,96.7,0.5
20121123184000,0.0,0.0,0.0,0.2,4.4,0.0,95.3,0.1
20121123184100,0.0,0.0,0.1,0.5,21.9,0.0,76.9,0.7
20121123184200,0.0,0.0,0.0,0.1,1.1,0.0,98.7,0.1
20121123184300,0.0,0.0,0.0,0.2,5.6,0.0,93.9,0.2
20121123184400,0.0,0.0,0.0,0.1,2.3,0.0,97.5,0.1
20121123184500,0.0,0.0,0.0,0.1,2.8,0.0,97.0,0.1
20121123184600,0.0,0.0,0.0,0.1,1.1,0.0,98.8,0.1
20121123184700,0.0,0.0,0.0,1.2,0.6,0.0,98.0,0.2
20121123184800,0.0,0.0,0.0,0.8,1.5,0.0,97.5,0.2
20121123184900,0.0,0.0,0.0,0.3,0.8,0.0,98.7,0.2
20121123185000,0.0,0.0,0.1,0.8,8.1,0.0,90.2,0.9
20121123185100,0.0,0.0,0.0,0.1,0.8,0.0,99.0,0.1
20121123185200,0.0,0.0,0.0,0.2,1.5,0.0,98.2,0.0
20121123185300,0.0,0.0,0.0,0.0,0.4,0.0,99.5,0.0
20121123185400,0.0,0.0,0.0,0.4,0.5,0.0,99.1,0.0
20121123185500,0.0,0.0,0.0,1.2,0.7,0.0,97.9,0.1
20121123185600,0.0,0.0,0.0,1.0,0.4,0.0,98.6,0.0
20121123185700,0.0,0.0,0.0,4.1,0.5,0.0,95.3,0.1
20121123185800,0.0,0.0,0.0,0.9,1.4,0.0,97.6,0.1
20121123185900,0.0,0.0,0.0,0.3,3.4,0.0,95.8,0.4
20121123190000,0.0,0.0,0.0,2.3,1.5,0.0,95.6,0.5
20121123190100,0.0,0.0,0.1,43.1,7.8,0.0,47.0,2.0
20121123190200,0.1,0.0,0.1,19.2,63.0,0.0,15.3,2.3
20121123190300,0.0,0.0,0.0,21.9,75.5,0.0,2.6,0.0
20121123190400,0.0,0.0,0.0,4.8,95.0,0.0,0.2,0.0
20121123190500,0.0,0.0,0.0,31.0,69.0,0.0,0.1,0.0
20121123190600,0.0,0.0,0.0,16.0,83.9,0.0,0.0,0.0
20121123190700,0.0,0.0,0.0,17.5,82.4,0.0,0.0,0.0
20121123190800,0.0,0.0,0.0,10.8,89.2,0.0,0.0,0.0
20121123190900,0.0,0.0,0.0,25.2,74.8,0.0,0.0,0.0
20121123191000,0.0,0.0,0.0,19.2,80.8,0.0,0.0,0.0
20121123191100,0.0,0.0,0.0,12.4,87.5,0.0,0.1,0.0
20121123191200,0.0,0.0,0.0,38.6,60.7,0.0,0.6,0.1
20121123191300,0.0,0.0,0.0,51.2,48.6,0.0,0.2,0.0
20121123191400,0.0,0.0,0.0,21.1,78.4,0.0,0.4,0.0
20121123191500,0.0,0.0,0.0,32.3,67.1,0.0,0.5,0.0
20121123191600,0.0,0.0,0.0,46.5,53.2,0.0,0.2,0.0
20121123191700,0.0,0.0,0.0,81.1,18.9,0.0,0.1,0.0
20121123191800,0.0,0.0,0.0,97.0,2.4,0.0,0.6,0.0
20121123191900,0.0,0.0,0.0,73.4,25.8,0.0,0.6,0.1
20121123192000,0.0,0.0,0.0,15.3,15.6,0.0,65.8,3.3
20121123192100,0.0,0.0,0.0,16.8,6.1,0.0,69.6,7.5
20121123192200,0.0,0.0,0.0,58.3,32.7,0.0,8.5,0.5
20121123192300,0.0,0.0,0.0,55.3,42.8,0.0,1.9,0.0
20121123192400,0.0,0.0,0.0,45.9,52.6,0.0,1.1,0.4
20121123192500,0.0,0.0,0.0,5.8,93.8,0.0,0.4,0.1
20121123192600,0.0,0.0,0.0,49.0,50.8,0.0,0.1,0.0
20121123192700,0.0,0.0,0.0,32.9,67.0,0.0,0.0,0.0
20121123192800,0.0,0.0,0.0,19.8,80.2,0.0,0.0,0.0
20121123192900,0.0,0.0,0.1,32.4,64.1,0.0,2.8,0.6
20121123193000,0.0,0.0,0.0,6.1,82.7,0.0,10.7,0.4
20121123193100,0.0,0.0,0.0,30.2,66.3,0.0,3.4,0.1
20121123193200,0.0,0.0,0.0,16.8,83.2,0.0,0.0,0.0
20121123193300,0.0,0.0,0.0,7.8,92.2,0.0,0.0,0.0
20121123193400,0.0,0.0,0.0,4.6,95.3,0.0,0.0,0.0
20121123193500,0.0,0.0,0.0,10.9,86.4,0.0,2.5,0.1
20121123193600,0.0,0.0,0.0,14.0,85.5,0.0,0.3,0.2
20121123193700,0.0,0.0,0.0,43.8,54.1,0.0,1.8,0.2
20121123193800,0.1,0.0,0.1,24.7,30.1,0.0,42.1,2.9
20121123193900,0.2,0.0,0.1,26.2,52.9,0.0,20.1,0.4
20121123194000,0.0,0.0,0.0,1.3,5.0,0.0,92.0,1.7
20121123194100,0.0,0.0,0.0,9.2,19.5,0.0,69.3,1.9
20121123194200,0.0,0.0,0.0,2.1,14.5,0.0,80.1,3.2
20121123194300,0.0,0.0,0.0,17.0,5.6,0.0,73.6,3.8
20121123194400,0.0,0.0,0.0,0.6,4.6,0.0,87.3,7.5
20121123194500,0.0,0.0,0.0,1.4,16.2,0.0,60.0,22.4
20121123194600,0.0,0.0,0.0,2.2,47.9,0.0,33.4,16.4
20121123194700,0.0,0.0,0.0,3.0,38.6,0.0,41.8,16.5
20121123194800,0.0,0.0,0.0,3.7,4.2,0.0,80.0,12.0
20121123194900,0.0,0.0,0.0,1.1,27.8,0.0,17.1,54.0
20121123195000,0.0,0.0,0.1,3.7,14.6,0.0,67.6,14.1
20121123195100,0.0,0.0,0.0,6.3,50.2,0.0,32.4,11.1
20121123195200,0.0,0.0,0.0,3.9,1.8,0.0,89.9,4.4
20121123195300,0.0,0.0,0.0,13.5,41.4,0.0,24.8,20.2
20121123195400,0.1,0.0,0.0,3.6,96.3,0.0,0.0,0.0
20121123195500,0.4,0.1,0.0,25.2,74.2,0.0,0.0,0.0
20121123195600,0.1,0.0,0.0,8.3,91.6,0.0,0.0,0.0
20121123195700,0.1,0.0,0.0,9.1,90.8,0.0,0.0,0.0
20121123195800,0.0,0.0,0.0,11.4,88.6,0.0,0.0,0.0
20121123195900,0.0,0.0,0.0,2.4,94.1,0.0,3.3,0.2
20121123200000,0.0,0.0,0.0,1.4,90.1,0.0,2.9,5.5
20121123200100,0.0,0.0,0.0,4.6,93.1,0.0,0.9,1.3
20121123200200,0.0,0.0,0.0,46.2,16.8,0.0,35.2,1.8
20121123200300,0.0,0.0,0.0,29.6,27.0,0.0,39.5,3.9
20121123200400,0.0,0.0,0.0,1.8,1.3,0.0,94.5,2.3
20121123200500,0.0,0.0,0.1,4.5,24.4,0.0,61.5,9.5
20121123200600,0.0,0.0,0.0,2.7,17.3,0.0,72.3,7.7
20121123200700,0.0,0.0,0.0,1.3,54.3,0.0,32.4,12.1
20121123200800,0.0,0.0,0.0,3.4,48.0,0.0,21.8,26.7
20121123200900,0.0,0.0,0.1,14.6,66.1,0.0,13.3,6.0
20121123201000,0.0,0.0,0.0,24.5,32.5,0.0,39.1,3.8
20121123201100,0.0,0.0,0.0,41.4,44.8,0.0,9.9,3.8
20121123201200,0.0,0.0,0.0,72.1,14.9,0.0,12.3,0.6
20121123201300,0.0,0.0,0.0,62.2,37.6,0.0,0.2,0.0
20121123201400,0.0,0.0,0.1,27.1,70.2,0.0,2.2,0.4
20121123201500,0.0,0.0,0.1,73.6,14.3,0.0,11.8,0.1
20121123201600,0.0,0.0,0.1,42.1,57.4,0.0,0.3,0.1
20121123201700,0.0,0.0,0.1,59.6,36.2,0.0,3.5,0.5
20121123201800,0.0,0.0,0.0,14.5,84.4,0.0,0.7,0.4
20121123201900,0.0,0.0,0.3,28.4,56.0,0.0,13.0,2.2
20121123202000,0.0,0.0,0.1,11.4,58.2,0.0,13.0,17.2
20121123202100,0.0,0.0,0.0,41.3,39.7,0.0,16.0,2.9
20121123202200,0.0,0.0,0.0,13.9,18.9,0.0,65.2,1.9
20121123202300,0.0,0.0,0.0,2.8,7.4,0.0,87.9,1.9
20121123202400,0.0,0.0,0.0,3.5,0.9,0.0,94.8,0.8
20121123202500,0.0,0.0,0.0,0.8,1.2,0.0,93.0,5.0
20121123202600,0.0,0.0,0.0,0.2,0.3,0.0,98.5,1.0
20121123202700,0.0,0.0,0.0,1.3,0.8,0.0,95.5,2.4
20121123202800,0.0,0.0,0.0,2.0,0.8,0.0,96.3,0.9
20121123202900,0.0,0.0,0.0,2.2,0.5,0.0,96.0,1.3
20121123203000,0.0,0.0,0.0,8.6,12.0,0.0,77.1,2.3
20121123203100,0.0,0.0,0.0,1.8,2.2,0.0,81.9,14.0
20121123203200,0.0,0.0,0.0,12.6,5.8,0.0,62.5,19.1
20121123203300,0.0,0.0,0.0,40.7,14.3,0.0,38.1,6.8
20121123203400,0.0,0.0,0.0,30.9,6.5,0.0,52.9,9.7
20121123203500,0.0,0.0,0.0,63.5,1.2,0.0,32.7,2.6
20121123203600,0.0,0.0,0.0,92.6,5.5,0.0,1.7,0.2
20121123203700,0.0,0.0,0.0,97.3,2.7,0.0,0.0,0.0
20121123203800,0.0,0.0,0.1,45.1,5.7,0.0,44.9,4.2
20121123203900,0.0,0.0,0.1,27.0,3.6,0.0,66.7,2.5
20121123204000,0.0,0.0,0.0,48.9,9.4,0.0,40.3,1.4
20121123204100,0.0,0.0,0.0,49.4,21.3,0.0,23.8,5.5
20121123204200,0.0,0.0,0.0,85.8,6.1,0.0,6.3,1.8
20121123204300,0.0,0.0,0.0,88.6,5.1,0.0,4.8,1.5
20121123204400,0.0,0.0,0.0,79.5,4.4,0.0,10.6,5.5
20121123204500,0.0,0.0,0.0,86.6,9.0,0.0,3.5,0.9
20121123204600,0.0,0.0,0.0,78.7,15.4,0.0,5.2,0.7
20121123204700,0.0,0.0,0.0,43.6,8.2,0.0,36.2,12.1
20121123204800,0.0,0.0,0.0,35.7,3.1,0.0,49.8,11.4
20121123204900,0.0,0.0,0.0,26.9,4.9,0.0,59.0,9.2
20121123205000,0.0,0.0,0.0,8.1,2.0,0.0,87.7,2.2
20121123205100,0.0,0.0,0.0,2.4,1.0,0.0,93.7,2.9
20121123205200,0.0,0.0,0.0,64.0,1.7,0.0,30.8,3.5
20121123205300,0.0,0.0,0.0,41.2,0.7,0.0,57.6,0.5
20121123205400,0.0,0.0,0.0,96.5,1.6,0.0,1.9,0.1
20121123205500,0.0,0.0,0.0,97.0,2.9,0.0,0.1,0.0
20121123205600,0.0,0.0,0.0,89.7,10.3,0.0,0.0,0.0
20121123205700,0.0,0.0,0.0,95.9,2.1,0.0,0.5,1.5
20121123205800,0.0,0.0,0.0,81.2,0.8,0.0,9.5,8.4
20121123205900,0.0,0.0,0.0,41.3,1.5,0.0,31.5,25.7
20121123210000,0.0,0.0,0.0,0.3,0.1,0.0,95.7,3.9
20121123210100,0.0,0.0,0.0,0.8,0.5,0.0,96.7,2.1
20121123210200,0.0,0.0,0.0,0.1,0.0,0.0,97.5,2.3
20121123210300,0.0,0.0,0.0,0.3,0.0,0.0,92.7,7.0
20121123210400,0.0,0.0,0.0,0.2,0.0,0.0,95.6,4.2
20121123210500,0.0,0.0,0.0,0.9,1.2,0.0,71.1,26.8
20121123210600,0.0,0.0,0.0,3.6,0.8,0.0,90.0,5.5
20121123210700,0.0,0.0,0.0,11.7,4.1,0.0,73.6,10.6
20121123210800,0.0,0.0,0.0,2.0,1.3,0.0,79.8,16.9
20121123210900,0.0,0.0,0.0,2.2,0.3,0.0,85.5,11.9
20121123211000,0.0,0.0,0.0,19.9,8.2,0.0,53.4,18.6
20121123211100,0.0,0.0,0.0,44.5,26.8,0.0,17.9,10.8
20121123211200,0.0,0.0,0.0,99.6,0.3,0.0,0.0,0.1
20121123211300,0.0,0.0,0.0,2.9,0.9,0.0,92.5,3.7
20121123211400,0.0,0.0,0.0,2.3,3.6,0.0,48.7,45.3
20121123211500,0.0,0.0,0.0,10.0,1.3,0.0,69.0,19.7
20121123211600,0.0,0.0,0.0,14.0,2.4,0.0,66.1,17.5
20121123211700,0.0,0.0,0.0,13.0,0.8,0.0,73.3,12.9
20121123211800,0.0,0.0,0.0,5.4,0.4,0.0,91.7,2.5
20121123211900,0.0,0.0,0.0,33.0,1.5,0.0,38.4,27.1
20121123212000,0.0,0.0,0.0,12.0,1.2,0.0,53.6,33.1
20121123212100,0.0,0.0,0.0,9.8,0.3,0.0,77.9,12.0
20121123212200,0.0,0.0,0.0,9.9,0.4,0.0,49.7,40.1
20121123212300,0.0,0.0,0.0,48.6,0.5,0.0,17.8,33.1
20121123212400,0.0,0.0,0.0,16.3,0.9,0.0,33.6,49.2
20121123212500,0.0,0.0,0.0,59.3,1.3,0.0,25.1,14.3
20121123212600,0.0,0.0,0.0,82.8,4.2,0.0,9.3,3.6
20121123212700,0.0,0.0,0.0,51.0,0.5,0.0,34.0,14.4
20121123212800,0.0,0.0,0.0,71.8,5.6,0.0,6.4,16.2
20121123212900,0.0,0.0,0.0,12.7,0.3,0.0,79.0,8.0
20121123213000,0.0,0.0,0.0,2.6,0.0,0.0,93.1,4.3
20121123213100,0.0,0.0,0.0,11.4,0.1,0.0,83.4,5.1
20121123213200,0.0,0.0,0.0,37.4,0.2,0.0,47.9,14.5
20121123213300,0.0,0.0,0.0,90.3,0.2,0.0,5.2,4.3
20121123213400,0.0,0.0,0.0,98.9,0.1,0.0,0.5,0.5
20121123213500,0.0,0.0,0.0,93.7,0.1,0.0,1.9,4.3
20121123213600,0.0,0.0,0.0,97.7,0.6,0.0,0.1,1.6
20121123213700,0.0,0.0,0.0,99.9,0.0,0.0,0.0,0.0
20121123213800,0.0,0.0,0.0,95.4,0.4,0.0,2.1,2.1
20121123213900,0.0,0.0,0.0,18.6,0.1,0.0,77.4,3.9
20121123214000,0.0,0.0,0.0,66.2,0.2,0.0,28.7,4.9
20121123214100,0.0,0.0,0.0,99.8,0.1,0.0,0.0,0.1
20121123214200,0.0,0.0,0.0,90.6,1.4,0.0,5.0,3.0
20121123214300,0.0,0.0,0.0,59.4,8.0,0.0,23.4,9.2
20121123214400,0.0,0.0,0.0,97.7,1.5,0.0,0.5,0.4
20121123214500,0.0,0.0,0.0,82.0,2.3,0.0,6.1,9.5
20121123214600,0.0,0.0,0.0,26.7,1.0,0.0,69.1,3.3
20121123214700,0.0,0.0,0.0,21.0,6.0,0.0,61.3,11.7
20121123214800,0.0,0.0,0.0,3.9,7.1,0.0,81.3,7.7
20121123214900,0.0,0.0,0.0,9.4,43.6,0.0,38.5,8.5
20121123215000,0.0,0.0,0.0,29.0,13.2,0.0,50.0,7.8
20121123215100,0.0,0.0,0.0,67.2,24.4,0.0,2.0,6.4
20121123215200,0.0,0.0,0.0,71.6,21.9,0.0,2.5,4.0
20121123215300,0.0,0.0,0.0,80.4,11.9,0.0,4.9,2.7
20121123215400,0.0,0.0,0.0,61.3,18.4,0.0,14.3,6.0
20121123215500,0.0,0.0,0.0,64.4,13.1,0.0,16.2,6.4
20121123215600,0.0,0.0,0.0,86.7,7.7,0.0,1.3,4.3
20121123215700,0.0,0.0,0.0,78.0,17.9,0.0,2.0,2.1
20121123215800,0.0,0.0,0.0,98.0,1.8,0.0,0.0,0.2
20121123215900,0.0,0.0,0.0,82.2,16.8,0.0,0.3,0.7
20121123220000,0.0,0.0,0.0,96.3,3.3,0.0,0.1,0.2
20121123220100,0.0,0.0,0.0,97.6,2.1,0.0,0.1,0.2
20121123220200,0.0,0.0,0.0,93.6,5.7,0.0,0.1,0.5
20121123220300,0.0,0.0,0.0,95.4,2.9,0.0,0.6,1.1
20121123220400,0.0,0.0,0.0,82.3,12.3,0.0,1.4,4.0
20121123220500,0.0,0.0,0.0,87.7,6.8,0.0,1.6,3.9
20121123220600,0.0,0.0,0.0,97.2,2.2,0.0,0.2,0.4
20121123220700,0.0,0.0,0.0,94.4,3.1,0.0,2.1,0.4
20121123220800,0.0,0.0,0.0,81.2,11.6,0.0,5.1,2.0
20121123220900,0.0,0.0,0.1,97.5,1.5,0.0,0.1,0.8
20121123221000,0.0,0.0,0.0,93.6,4.8,0.0,1.0,0.5
20121123221100,0.0,0.0,0.0,75.7,7.5,0.0,15.1,1.6
20121123221200,0.0,0.0,0.1,79.7,5.5,0.0,11.3,3.4
20121123221300,0.0,0.0,0.0,94.2,2.6,0.0,2.9,0.3
20121123221400,0.0,0.0,0.0,33.5,28.9,0.0,29.2,8.3
20121123221500,0.0,0.0,0.0,96.9,1.6,0.0,1.3,0.3
20121123221600,0.0,0.0,0.0,94.2,1.7,0.0,3.8,0.3
20121123221700,0.0,0.0,0.0,80.6,2.9,0.0,14.5,2.1
20121123221800,0.0,0.0,0.0,92.6,2.4,0.0,2.0,3.1
20121123221900,0.0,0.0,0.0,85.5,2.6,0.0,9.4,2.5
20121123222000,0.0,0.0,0.0,65.9,1.5,0.0,29.5,3.0
20121123222100,0.0,0.0,0.0,48.9,0.9,0.0,48.9,1.3
20121123222200,0.0,0.0,0.0,90.9,1.7,0.0,6.5,0.9
20121123222300,0.0,0.0,0.0,66.3,9.7,0.0,16.7,7.4
20121123222400,0.0,0.0,0.0,83.7,2.6,0.0,9.7,4.0
20121123222500,0.0,0.0,0.0,90.5,1.4,0.0,5.1,3.0
20121123222600,0.0,0.0,0.0,57.7,1.1,0.0,29.2,12.0
20121123222700,0.0,0.0,0.0,27.6,0.2,0.0,57.3,14.9
20121123222800,0.0,0.0,0.0,47.6,0.2,0.0,47.4,4.7
20121123222900,0.0,0.0,0.0,43.8,0.3,0.0,50.5,5.3
20121123223000,0.0,0.0,0.0,20.0,0.1,0.0,72.0,7.9
20121123223100,0.0,0.0,0.0,12.0,0.3,0.0,84.7,2.9
20121123223200,0.0,0.0,0.0,19.2,0.5,0.0,66.6,13.7
20121123223300,0.0,0.0,0.0,62.8,0.6,0.0,30.9,5.8
20121123223400,0.0,0.0,0.0,40.9,0.4,0.0,47.1,11.6
20121123223500,0.0,0.0,0.0,66.4,0.7,0.0,29.1,3.8
20121123223600,0.0,0.0,0.0,35.5,0.9,0.0,56.2,7.5
20121123223700,0.0,0.0,0.0,13.2,0.1,0.0,81.5,5.2
20121123223800,0.0,0.0,0.0,10.0,0.2,0.0,87.4,2.4
20121123223900,0.0,0.0,0.0,7.1,0.2,0.0,89.2,3.4
20121123224000,0.0,0.0,0.0,9.3,0.9,0.0,68.9,20.9
20121123224100,0.0,0.0,0.0,3.7,0.4,0.0,85.8,10.1
20121123224200,0.0,0.0,0.0,16.0,0.2,0.0,75.1,8.7
20121123224300,0.0,0.0,0.0,23.2,0.4,0.0,48.1,28.4
20121123224400,0.0,0.0,0.0,14.3,0.1,0.0,69.2,16.4
20121123224500,0.0,0.0,0.0,14.3,0.1,0.0,64.4,21.2
20121123224600,0.0,0.0,0.0,11.2,0.3,0.0,81.0,7.6
20121123224700,0.0,0.0,0.0,6.8,0.3,0.0,86.7,6.2
20121123224800,0.0,0.0,0.0,19.0,0.9,0.0,65.8,14.2
20121123224900,0.0,0.0,0.0,37.6,0.4,0.0,44.2,17.7
20121123225000,0.0,0.0,0.0,15.1,0.4,0.0,81.4,3.2
20121123225100,0.0,0.0,0.0,3.8,0.0,0.0,95.3,0.9
20121123225200,0.0,0.0,0.0,2.6,0.1,0.0,95.4,1.9
20121123225300,0.0,0.0,0.0,2.7,0.2,0.0,95.6,1.5
20121123225400,0.0,0.0,0.0,1.6,0.1,0.0,97.8,0.6
20121123225500,0.0,0.0,0.0,1.8,0.0,0.0,92.9,5.3
20121123225600,0.0,0.0,0.0,3.5,0.0,0.0,94.7,1.8
20121123225700,0.0,0.0,0.0,1.5,0.0,0.0,96.1,2.4
20121123225800,0.0,0.0,0.0,2.8,0.0,0.0,94.0,3.2
20121123225900,0.0,0.0,0.0,3.0,0.1,0.0,95.7,1.2
20121123230000,0.0,0.0,0.0,5.7,0.2,0.0,92.3,1.8
20121123230100,0.0,0.0,0.0,24.1,0.1,0.0,73.9,2.0
20121123230200,0.0,0.0,0.0,69.6,0.1,0.0,28.5,1.8
20121123230300,0.0,0.0,0.0,66.2,0.2,0.0,32.1,1.5
20121123230400,0.0,0.0,0.0,30.2,0.2,0.0,68.6,1.0
20121123230500,0.0,0.0,0.0,77.9,0.2,0.0,21.3,0.6
20121123230600,0.0,0.0,0.0,60.6,0.2,0.0,35.6,3.5
20121123230700,0.0,0.0,0.0,44.6,0.1,0.0,53.8,1.4
20121123230800,0.0,0.0,0.0,73.6,0.2,0.0,21.6,4.6
20121123230900,0.0,0.0,0.0,75.5,0.1,0.0,20.9,3.4
20121123231000,0.0,0.0,0.0,55.0,0.4,0.0,30.3,14.3
20121123231100,0.0,0.0,0.0,51.5,0.1,0.0,47.5,0.9
20121123231200,0.0,0.0,0.0,59.4,0.1,0.0,32.9,7.5
20121123231300,0.0,0.0,0.0,40.6,0.2,0.0,57.5,1.8
20121123231400,0.0,0.0,0.0,76.1,0.0,0.0,22.7,1.1
20121123231500,0.0,0.0,0.0,68.1,0.2,0.0,28.8,3.0
20121123231600,0.0,0.0,0.0,66.1,0.1,0.0,32.1,1.8
20121123231700,0.0,0.0,0.0,77.0,0.2,0.0,20.2,2.7
20121123231800,0.0,0.0,0.0,81.7,0.2,0.0,16.6,1.6
20121123231900,0.0,0.0,0.0,86.4,0.1,0.0,12.2,1.3
20121123232000,0.0,0.0,0.0,82.2,0.3,0.0,16.5,1.0
20121123232100,0.0,0.0,0.0,78.2,0.4,0.0,17.0,4.5
20121123232200,0.0,0.0,0.0,55.5,0.3,0.0,40.9,3.4
20121123232300,0.0,0.0,0.0,81.6,0.2,0.0,16.5,1.7
20121123232400,0.0,0.0,0.0,80.3,1.0,0.0,13.5,5.2
20121123232500,0.0,0.0,0.0,80.2,0.4,0.0,18.1,1.3
20121123232600,0.0,0.0,0.0,53.6,0.3,0.0,39.3,6.8
20121123232700,0.0,0.0,0.0,73.4,0.4,0.0,21.5,4.7
20121123232800,0.0,0.0,0.0,39.7,0.2,0.0,55.1,4.9
20121123232900,0.0,0.0,0.0,24.8,0.3,0.0,62.0,12.9
20121123233000,0.0,0.0,0.0,4.6,0.1,0.0,92.1,3.2
20121123233100,0.0,0.0,0.0,6.3,0.2,0.0,90.1,3.4
20121123233200,0.0,0.0,0.0,8.8,0.2,0.0,88.9,2.0
20121123233300,0.0,0.0,0.0,2.3,0.1,0.0,96.3,1.3
20121123233400,0.0,0.0,0.0,15.7,0.1,0.0,82.4,1.7
20121123233500,0.0,0.0,0.0,5.2,0.2,0.0,86.4,8.2
20121123233600,0.0,0.0,0.0,4.7,0.0,0.0,91.9,3.4
20121123233700,0.0,0.0,0.0,7.9,0.3,0.0,84.8,7.0
20121123233800,0.0,0.0,0.0,2.8,0.0,0.0,94.4,2.9
20121123233900,0.0,0.0,0.0,1.0,0.0,0.0,98.2,0.8
20121123234000,0.0,0.0,0.0,1.8,0.1,0.0,94.9,3.3
20121123234100,0.0,0.0,0.0,1.6,0.0,0.0,96.3,2.1
20121123234200,0.0,0.0,0.0,2.6,0.1,0.0,94.3,3.0
20121123234300,0.0,0.0,0.0,0.3,0.0,0.0,99.4,0.3
20121123234400,0.0,0.0,0.0,0.4,0.0,0.0,99.5,0.1
20121123234500,0.0,0.0,0.0,0.3,0.0,0.0,99.6,0.1
20121123234600,0.0,0.0,0.0,0.1,0.0,0.0,99.8,0.1
20121123234700,0.0,0.0,0.0,0.5,0.0,0.0,99.0,0.5
20121123234800,0.0,0.0,0.0,0.3,0.0,0.0,99.6,0.1
20121123234900,0.0,0.0,0.0,0.1,0.0,0.0,99.9,0.0
20121123235000,0.0,0.0,0.0,0.1,0.0,0.0,99.9,0.0
20121123235100,0.0,0.0,0.0,0.0,0.0,0.0,100.0,0.0
20121123235200,0.0,0.0,0.0,0.1,0.0,0.0,99.9,0.0
20121123235300,0.0,0.0,0.0,0.1,0.0,0.0,99.8,0.1
20121123235400,0.0,0.0,0.0,0.0,0.0,0.0,99.9,0.0
20121123235500,0.0,0.0,0.0,0.0,0.0,0.0,99.9,0.1
20121123235600,0.0,0.0,0.0,0.1,0.0,0.0,99.9,0.1
20121123235700,0.0,0.0,0.0,0.1,0.0,0.0,99.8,0.1
20121123235800,0.0,0.0,0.0,0.0,0.0,0.0,100.0,0.0
20121123235900,0.0,0.0,0.0,0.0,0.0,0.0,100.0,0.0
20121124000000,0.0,0.0,0.0,0.0,0.0,0.0,100.0,0.0
20121124000100,0.0,0.0,0.0,0.0,0.0,0.0,100.0,0.0
20121124000200,0.0,0.0,0.0,0.0,0.0,0.0,100.0,0.0
20121124000300,0.0,0.0,0.0,0.0,0.0,0.0,100.0,0.0
20121124000400,0.0,0.0,0.0,0.0,0.0,0.0,100.0,0.0
20121124000500,0.0,0.0,0.0,0.0,0.0,0.0,99.9,0.0
20121124000600,0.0,0.0,0.0,0.0,0.0,0.0,99.9,0.0
20121124000700,0.0,0.0,0.0,0.0,0.0,0.0,99.9,0.1
20121124000800,0.0,0.0,0.0,0.0,0.0,0.0,99.8,0.2
20121124000900,0.0,0.0,0.0,1.0,0.0,0.0,98.5,0.5
20121124001000,0.0,0.0,0.0,3.8,0.0,0.0,93.7,2.5
20121124001100,0.0,0.0,0.0,26.2,0.1,0.0,67.5,6.1
20121124001200,0.0,0.0,0.0,8.7,0.1,0.0,86.0,5.3
20121124001300,0.0,0.0,0.0,0.1,0.0,0.0,99.5,0.3
20121124001400,0.0,0.0,0.0,0.0,0.0,0.0,100.0,0.0
20121124001500,0.0,0.0,0.0,0.0,0.0,0.0,100.0,0.0
20121124001600,0.0,0.0,0.0,0.0,0.0,0.0,100.0,0.0
20121124001700,0.0,0.0,0.0,0.0,0.0,0.0,100.0,0.0
20121124001800,0.0,0.0,0.0,0.0,0.0,0.0,100.0,0.0
20121124001900,0.0,0.0,0.0,0.0,0.0,0.0,100.0,0.0
20121124002000,0.0,0.0,0.0,0.0,0.0,0.0,100.0,0.0
20121124002100,0.0,0.0,0.0,0.0,0.0,0.0,100.0,0.0
20121124002200,0.0,0.0,0.0,0.0,0.0,0.0,100.0,0.0
20121124002300,0.0,0.0,0.0,0.0,0.0,0.0,99.8,0.1
20121124002400,0.0,0.0,0.0,0.0,0.0,0.0,99.9,0.1
20121124002500,0.0,0.0,0.0,0.1,0.0,0.0,99.8,0.1
20121124002600,0.0,0.0,0.0,0.1,0.0,0.0,99.2,0.7
20121124002700,0.0,0.0,0.0,0.1,0.0,0.0,99.4,0.5
20121124002800,0.0,0.0,0.0,0.5,0.0,0.0,98.9,0.7
20121124002900,0.0,0.0,0.0,0.2,0.0,0.0,99.2,0.6
20121124003000,0.0,0.0,0.0,0.0,0.0,0.0,99.8,0.1
20121124003100,0.0,0.0,0.0,0.0,0.0,0.0,99.9,0.0
20121124003200,0.0,0.0,0.0,0.0,0.0,0.0,100.0,0.0
20121124003300,0.0,0.0,0.0,0.0,0.0,0.0,100.0,0.0
20121124003400,0.0,0.0,0.0,0.0,0.0,0.0,99.9,0.0
20121124003500,0.0,0.0,0.0,0.0,0.0,0.0,99.9,0.1
20121124003600,0.0,0.0,0.0,0.0,0.0,0.0,99.9,0.0
20121124003700,0.0,0.0,0.0,0.0,0.0,0.0,99.9,0.0
20121124003800,0.0,0.0,0.0,0.0,0.0,0.0,100.0,0.0
20121124003900,0.0,0.0,0.0,0.0,0.0,0.0,100.0,0.0
20121124004000,0.0,0.0,0.0,0.0,0.0,0.0,100.0,0.0
20121124004100,0.0,0.0,0.0,0.0,0.0,0.0,100.0,0.0
20121124004200,0.0,0.0,0.0,0.0,0.0,0.0,100.0,0.0
20121124004300,0.0,0.0,0.0,0.0,0.0,0.0,100.0,0.0
20121124004400,0.0,0.0,0.0,0.0,0.0,0.0,100.0,0.0
20121124004500,0.0,0.0,0.0,0.0,0.0,0.0,100.0,0.0
20121124004600,0.0,0.0,0.0,0.0,0.0,0.0,100.0,0.0
20121124004700,0.0,0.0,0.0,0.0,0.0,0.0,100.0,0.0
20121124004800,0.0,0.0,0.0,0.0,0.0,0.0,100.0,0.0
20121124004900,0.0,0.0,0.0,0.0,0.0,0.0,100.0,0.0
20121124005000,0.0,0.0,0.0,0.0,0.0,0.0,100.0,0.0
20121124005100,0.0,0.0,0.0,0.0,0.0,0.0,100.0,0.0
20121124005200,0.0,0.0,0.0,0.0,0.0,0.0,100.0,0.0
20121124005300,0.0,0.0,0.0,0.0,0.0,0.0,100.0,0.0
20121124005400,0.0,0.0,0.0,0.0,0.0,0.0,100.0,0.0
20121124005500,0.0,0.0,0.0,0.0,0.0,0.0,100.0,0.0
20121124005600,0.0,0.0,0.0,0.0,0.0,0.0,100.0,0.0
20121124005700,0.0,0.0,0.0,0.0,0.0,0.0,100.0,0.0
20121124005800,0.0,0.0,0.0,0.0,0.0,0.0,100.0,0.0
20121124005900,0.0,0.0,0.0,0.0,0.0,0.0,100.0,0.0
20121124010000,0.0,0.0,0.0,0.0,0.0,0.0,100.0,0.0
20121124010100,0.0,0.0,0.0,0.0,0.0,0.0,100.0,0.0
20121124010200,0.0,0.0,0.0,0.0,0.0,0.0,100.0,0.0
20121124010300,0.0,0.0,0.0,0.0,0.0,0.0,100.0,0.0
20121124010400,0.0,0.0,0.0,0.0,0.0,0.0,100.0,0.0
20121124010500,0.0,0.0,0.0,0.0,0.0,0.0,100.0,0.0
20121124010600,0.0,0.0,0.0,0.0,0.0,0.0,100.0,0.0
20121124010700,0.0,0.0,0.0,0.0,0.0,0.0,100.0,0.0
20121124010800,0.0,0.0,0.0,0.0,0.0,0.0,100.0,0.0
20121124010900,0.0,0.0,0.0,0.0,0.0,0.0,100.0,0.0
20121124011000,0.0,0.0,0.0,0.3,0.0,0.0,99.7,0.0
20121124011100,0.0,0.0,0.0,0.2,0.0,0.0,99.8,0.0
20121124011200,0.0,0.0,0.0,0.4,0.0,0.0,99.5,0.0
20121124011300,0.0,0.0,0.0,1.2,0.0,0.0,98.6,0.2
20121124011400,0.0,0.0,0.0,0.1,0.0,0.0,99.9,0.0
20121124011500,0.0,0.0,0.0,0.0,0.0,0.0,100.0,0.0
20121124011600,0.0,0.0,0.0,0.0,0.0,0.0,100.0,0.0
20121124011700,0.0,0.0,0.0,0.1,0.0,0.0,99.9,0.0
20121124011800,0.0,0.0,0.0,0.0,0.0,0.0,100.0,0.0
20121124011900,0.0,0.0,0.0,0.0,0.0,0.0,100.0,0.0
20121124012000,0.0,0.0,0.0,0.0,0.0,0.0,100.0,0.0
20121124012100,0.0,0.0,0.0,0.2,0.0,0.0,99.7,0.1
20121124012200,0.0,0.0,0.0,0.2,0.0,0.0,99.8,0.0
20121124012300,0.0,0.0,0.0,0.2,0.0,0.0,99.7,0.0
20121124012400,0.0,0.0,0.0,4.2,0.0,0.0,95.3,0.5
20121124012500,0.0,0.0,0.0,0.8,0.0,0.0,99.0,0.2
20121124012600,0.0,0.0,0.0,0.1,0.0,0.0,99.9,0.0
20121124012700,0.0,0.0,0.0,0.1,0.0,0.0,99.9,0.0
20121124012800,0.0,0.0,0.0,0.1,0.0,0.0,99.8,0.0
20121124012900,0.0,0.0,0.0,0.0,0.0,0.0,100.0,0.0
20121124013000,0.0,0.0,0.0,0.0,0.0,0.0,100.0,0.0
20121124013100,0.0,0.0,0.0,0.0,0.0,0.0,100.0,0.0
20121124013200,0.0,0.0,0.0,0.0,0.0,0.0,100.0,0.0
20121124013300,0.0,0.0,0.0,0.0,0.0,0.0,100.0,0.0
20121124013400,0.0,0.0,0.0,0.0,0.0,0.0,100.0,0.0
20121124013500,0.0,0.0,0.0,0.0,0.0,0.0,100.0,0.0
20121124013600,0.0,0.0,0.0,0.0,0.0,0.0,100.0,0.0
20121124013700,0.0,0.0,0.0,0.0,0.0,0.0,100.0,0.0
20121124013800,0.0,0.0,0.0,0.0,0.0,0.0,100.0,0.0
20121124013900,0.0,0.0,0.0,0.0,0.0,0.0,100.0,0.0
20121124014000,0.0,0.0,0.0,0.0,0.0,0.0,100.0,0.0
20121124014100,0.0,0.0,0.0,0.0,0.0,0.0,100.0,0.0
20121124014200,0.0,0.0,0.0,0.0,0.0,0.0,100.0,0.0
20121124014300,0.0,0.0,0.0,0.1,0.0,0.0,99.9,0.0
20121124014400,0.0,0.0,0.0,0.0,0.0,0.0,100.0,0.0
20121124014500,0.0,0.0,0.0,0.2,0.0,0.0,99.8,0.0
20121124014600,0.0,0.0,0.0,0.1,0.0,0.0,99.9,0.0
20121124014700,0.0,0.0,0.0,0.1,0.0,0.0,99.9,0.0
20121124014800,0.0,0.0,0.0,0.0,0.0,0.0,100.0,0.0
20121124014900,0.0,0.0,0.0,0.0,0.0,0.0,100.0,0.0
20121124015000,0.0,0.0,0.0,0.0,0.0,0.0,100.0,0.0
20121124015100,0.0,0.0,0.0,0.0,0.0,0.0,100.0,0.0
20121124015200,0.0,0.0,0.0,0.0,0.0,0.0,100.0,0.0
20121124015300,0.0,0.0,0.0,0.0,0.0,0.0,100.0,0.0
20121124015400,0.0,0.0,0.0,0.0,0.0,0.0,100.0,0.0
20121124015500,0.0,0.0,0.0,0.1,0.0,0.0,99.9,0.0
20121124015600,0.0,0.0,0.0,0.1,0.0,0.0,99.8,0.0
20121124015700,0.0,0.0,0.0,0.9,0.0,0.0,98.6,0.5
20121124015800,0.0,0.0,0.0,0.8,0.0,0.0,99.0,0.2
20121124015900,0.0,0.0,0.0,11.2,0.0,0.0,86.2,2.6
20121124020000,0.0,0.0,0.0,0.8,0.0,0.0,98.7,0.5
20121124020100,0.0,0.0,0.0,2.2,0.0,0.0,97.3,0.5
20121124020200,0.0,0.0,0.0,12.6,0.0,0.0,85.1,2.3
20121124020300,0.0,0.0,0.0,25.0,0.0,0.0,72.4,2.5
20121124020400,0.0,0.0,0.0,56.9,0.3,0.0,32.2,10.5
20121124020500,0.0,0.0,0.0,38.6,0.3,0.0,57.5,3.6
20121124020600,0.0,0.0,0.0,6.6,0.0,0.0,91.5,1.9
20121124020700,0.0,0.0,0.0,1.8,0.0,0.0,97.6,0.6
20121124020800,0.0,0.0,0.0,3.1,0.0,0.0,96.0,0.9
20121124020900,0.0,0.0,0.0,14.2,0.0,0.0,81.7,4.0
20121124021000,0.0,0.0,0.0,66.6,0.0,0.0,25.2,8.2
20121124021100,0.0,0.0,0.0,79.1,0.0,0.0,16.6,4.3
20121124021200,0.0,0.0,0.0,76.7,0.0,0.0,17.8,5.4
20121124021300,0.0,0.0,0.0,82.5,0.0,0.0,13.2,4.3
20121124021400,0.0,0.0,0.0,28.9,0.0,0.0,69.2,1.9
20121124021500,0.0,0.0,0.0,5.2,0.0,0.0,94.0,0.8
20121124021600,0.0,0.0,0.0,6.0,0.0,0.0,93.2,0.8
20121124021700,0.0,0.0,0.0,1.7,0.0,0.0,96.4,1.9
20121124021800,0.0,0.0,0.0,1.9,0.0,0.0,93.8,4.3
20121124021900,0.0,0.0,0.0,0.3,0.0,0.0,99.4,0.2
20121124022000,0.0,0.0,0.0,0.1,0.0,0.0,99.9,0.0
20121124022100,0.0,0.0,0.0,0.0,0.0,0.0,100.0,0.0
20121124022200,0.0,0.0,0.0,0.2,0.0,0.0,99.8,0.1
20121124022300,0.0,0.0,0.0,0.1,0.0,0.0,99.9,0.0
20121124022400,0.0,0.0,0.0,0.1,0.0,0.0,99.9,0.0
20121124022500,0.0,0.0,0.0,0.0,0.0,0.0,100.0,0.0
20121124022600,0.0,0.0,0.0,0.0,0.0,0.0,100.0,0.0
20121124022700,0.0,0.0,0.0,0.0,0.0,0.0,100.0,0.0
20121124022800,0.0,0.0,0.0,0.0,0.0,0.0,100.0,0.0
20121124022900,0.0,0.0,0.0,0.0,0.0,0.0,100.0,0.0
20121124023000,0.0,0.0,0.0,0.0,0.0,0.0,100.0,0.0
20121124023100,0.0,0.0,0.0,0.0,0.0,0.0,100.0,0.0
20121124023200,0.0,0.0,0.0,0.0,0.0,0.0,100.0,0.0
20121124023300,0.0,0.0,0.0,0.0,0.0,0.0,100.0,0.0
20121124023400,0.0,0.0,0.0,0.0,0.0,0.0,100.0,0.0
20121124023500,0.0,0.0,0.0,0.0,0.0,0.0,100.0,0.0
20121124023600,0.0,0.0,0.0,0.0,0.0,0.0,100.0,0.0
20121124023700,0.0,0.0,0.0,0.0,0.0,0.0,100.0,0.0
20121124023800,0.0,0.0,0.0,0.0,0.0,0.0,100.0,0.0
20121124023900,0.0,0.0,0.0,0.0,0.0,0.0,100.0,0.0
20121124024000,0.0,0.0,0.0,0.0,0.0,0.0,100.0,0.0
20121124024100,0.0,0.0,0.0,0.0,0.0,0.0,100.0,0.0
20121124024200,0.0,0.0,0.0,0.0,0.0,0.0,100.0,0.0
20121124024300,0.0,0.0,0.0,0.0,0.0,0.0,100.0,0.0
20121124024400,0.0,0.0,0.0,0.0,0.0,0.0,100.0,0.0
20121124024500,0.0,0.0,0.0,0.0,0.0,0.0,100.0,0.0
20121124024600,0.0,0.0,0.0,0.1,0.0,0.0,99.8,0.1
20121124024700,0.0,0.0,0.0,0.0,0.0,0.0,99.9,0.1
20121124024800,0.0,0.0,0.0,0.0,0.0,0.0,99.9,0.1
20121124024900,0.0,0.0,0.0,0.1,0.0,0.0,99.6,0.2
20121124025000,0.0,0.0,0.0,0.0,0.0,0.0,100.0,0.0
20121124025100,0.0,0.0,0.0,0.2,0.0,0.0,99.6,0.1
20121124025200,0.0,0.0,0.0,0.0,0.0,0.0,99.9,0.1
20121124025300,0.0,0.0,0.0,0.1,0.0,0.0,99.9,0.0
20121124025400,0.1,0.0,0.0,61.5,0.0,0.0,36.8,1.6
20121124025500,0.0,0.0,0.0,0.3,0.0,0.0,99.2,0.5
20121124025600,0.0,0.0,0.0,0.2,0.0,0.0,99.7,0.1
20121124025700,0.0,0.0,0.0,0.4,0.0,0.0,99.5,0.1
20121124025800,0.0,0.0,0.0,0.2,0.0,0.0,99.3,0.5
20121124025900,0.0,0.0,0.0,0.5,0.0,0.0,99.2,0.3
20121124030000,0.0,0.0,0.0,0.9,0.0,0.0,97.9,1.1
20121124030100,0.1,0.0,0.0,1.7,0.0,0.0,96.9,1.2
20121124030200,0.0,0.0,0.0,2.1,0.0,0.0,95.7,2.1
20121124030300,0.0,0.0,0.0,6.9,0.0,0.0,92.8,0.3
20121124030400,0.0,0.0,0.0,5.1,0.0,0.0,94.3,0.4
20121124030500,0.0,0.0,0.0,0.2,0.0,0.0,98.9,0.9
20121124030600,0.0,0.0,0.0,0.8,0.0,0.0,98.9,0.3
20121124030700,0.0,0.0,0.0,0.4,0.0,0.0,99.1,0.5
20121124031104,0.0,0.0,0.0,0.0,0.0,0.0,100.0,0.0
20121124031204,0.0,0.0,0.0,0.0,0.0,0.0,100.0,0.0
20121124031304,0.0,0.0,0.0,0.0,0.0,0.0,100.0,0.0
20121124031404,0.0,0.0,0.0,0.0,0.0,0.0,100.0,0.0
20121124031504,0.0,0.0,0.0,0.0,0.0,0.0,100.0,0.0
20121124031604,0.0,0.0,0.0,0.0,0.0,0.0,100.0,0.0
20121124031704,0.0,0.0,0.0,0.0,0.0,0.0,100.0,0.0
20121124031804,0.0,0.0,0.0,0.0,0.0,0.0,100.0,0.0
20121124031904,0.0,0.0,0.0,0.0,0.0,0.0,100.0,0.0
20121124032004,0.0,0.0,0.0,0.0,0.0,0.0,100.0,0.0
20121124032104,0.0,0.0,0.0,0.0,0.0,0.0,100.0,0.0
20121124032204,0.0,0.0,0.0,0.0,0.0,0.0,100.0,0.0
20121124032304,0.0,0.0,0.0,0.0,0.0,0.0,100.0,0.0
20121124032404,0.0,0.0,0.0,0.0,0.0,0.0,99.9,0.0
20121124032504,0.0,0.0,0.0,0.1,0.0,0.0,99.8,0.0
20121124032604,0.0,0.0,0.0,46.6,0.0,0.0,52.4,1.0
20121124032704,0.0,0.0,0.0,99.6,0.0,0.0,0.3,0.1
20121124032804,0.0,0.0,0.0,99.5,0.0,0.0,0.4,0.1
20121124032904,0.0,0.0,0.0,98.2,0.0,0.0,1.3,0.4
20121124033004,0.0,0.0,0.0,99.0,0.0,0.0,0.8,0.2
20121124033104,0.0,0.0,0.0,98.6,0.0,0.0,0.6,0.8
20121124033204,0.0,0.0,0.0,94.6,0.0,0.0,4.2,1.2
20121124033304,0.0,0.0,0.0,92.2,0.0,0.0,6.7,1.0
20121124033404,0.0,0.0,0.0,93.3,0.0,0.0,5.9,0.7
20121124033504,0.0,0.0,0.0,64.4,0.4,0.0,20.7,14.4
20121124033604,0.0,0.0,0.1,45.8,0.1,0.0,52.7,1.4
20121124033704,0.0,0.0,0.1,52.8,0.2,0.0,38.6,8.3
20121124033804,0.0,0.0,0.0,3.2,0.0,0.0,96.0,0.8
20121124033904,0.0,0.0,0.1,5.4,0.0,0.0,94.3,0.2
20121124034004,0.0,0.0,0.1,12.8,0.1,0.0,78.1,8.9
20121124034104,0.0,0.0,0.0,5.1,0.2,0.0,89.9,4.7
20121124034204,0.0,0.0,0.0,0.1,0.0,0.0,99.7,0.2
20121124034304,0.0,0.0,0.0,0.8,0.0,0.0,98.7,0.4
20121124034404,0.0,0.0,0.0,1.0,0.0,0.0,98.3,0.7
20121124034504,0.0,0.0,0.0,0.0,0.0,0.0,99.7,0.3
20121124034604,0.0,0.0,0.0,0.0,0.0,0.0,99.9,0.0
20121124034704,0.0,0.0,0.0,0.1,0.0,0.0,99.9,0.0
20121124034804,0.0,0.0,0.0,0.2,0.0,0.0,99.7,0.1
20121124034904,0.0,0.0,0.0,0.0,0.0,0.0,99.9,0.1
20121124035004,0.0,0.0,0.0,0.0,0.0,0.0,99.7,0.2
20121124035104,0.0,0.0,0.0,0.0,0.0,0.0,100.0,0.0
20121124035204,0.0,0.0,0.0,0.1,0.0,0.0,99.8,0.1
20121124035304,0.0,0.0,0.0,0.1,0.0,0.0,99.8,0.1
20121124035404,0.0,0.0,0.2,0.5,0.0,0.0,98.6,0.7
20121124035504,0.0,0.0,0.0,0.0,0.0,0.0,99.9,0.0
20121124035604,0.0,0.0,0.0,0.0,0.0,0.0,100.0,0.0
20121124035704,0.0,0.0,0.0,0.0,0.0,0.0,100.0,0.0
20121124035804,0.0,0.0,0.0,0.0,0.0,0.0,100.0,0.0
20121124035904,0.0,0.0,0.0,0.0,0.0,0.0,100.0,0.0
20121124040004,0.0,0.0,0.0,0.0,0.0,0.0,100.0,0.0
20121124040104,0.0,0.0,0.0,0.0,0.0,0.0,100.0,0.0
20121124040204,0.0,0.0,0.0,0.0,0.0,0.0,99.9,0.1
20121124040304,0.0,0.0,0.0,0.0,0.0,0.0,99.9,0.1
