UT,arc,discrete,diffuse,ac,ab,clear,cloudy,dd
20120207152000,0.0,0.0,0.0,0.0,0.0,0.0,0.0,100.0
20120207152100,0.0,0.0,0.0,0.0,0.0,0.0,0.0,100.0
20120207152200,0.0,0.0,0.0,0.0,0.0,0.0,0.0,100.0
20120207152300,0.0,0.0,0.0,0.0,0.0,0.0,0.0,100.0
20120207152400,0.0,0.0,0.0,0.0,0.0,0.0,0.0,100.0
20120207152500,0.0,0.0,0.0,0.0,0.0,0.0,0.0,100.0
20120207152600,0.0,0.0,0.0,0.0,0.0,0.0,0.0,100.0
20120207152700,0.0,0.0,0.0,0.0,0.0,0.0,0.0,100.0
20120207152800,0.0,0.0,0.0,0.0,0.0,0.0,0.0,100.0
20120207152900,0.0,0.0,0.0,0.0,0.0,0.0,0.0,100.0
20120207153000,0.0,0.0,0.0,0.0,0.0,0.0,0.0,100.0
20120207153100,0.0,0.0,0.0,0.0,0.0,0.0,0.0,100.0
20120207153200,0.0,0.0,0.0,0.0,0.0,0.0,0.0,100.0
20120207153300,0.0,0.0,0.0,0.0,0.0,0.0,0.0,100.0
20120207153400,0.0,0.0,0.0,0.0,0.0,0.0,0.0,100.0
20120207153500,0.0,0.0,0.0,0.0,0.0,0.0,0.0,100.0
20120207153600,0.0,0.0,0.0,0.0,0.0,0.0,0.0,100.0
20120207153700,0.0,0.0,0.0,0.0,0.0,0.0,0.0,100.0
20120207153800,0.0,0.0,0.0,0.0,0.0,0.0,0.0,100.0
20120207153900,0.0,0.0,0.0,0.0,0.0,0.0,0.0,100.0
20120207154000,0.0,0.0,0.0,0.0,0.0,0.0,0.0,100.0
20120207154100,0.0,0.0,0.0,0.0,0.0,0.0,0.0,100.0
20120207154200,0.0,0.0,0.0,0.0,0.0,0.0,0.0,100.0
20120207154300,0.0,0.0,0.0,0.0,0.0,0.0,0.0,100.0
20120207154400,0.0,0.0,0.0,0.0,0.0,0.0,0.0,100.0
20120207154500,0.0,0.0,0.0,0.0,0.0,0.0,0.0,100.0
20120207154600,0.0,0.0,0.0,0.0,0.0,0.0,0.0,100.0
20120207154700,0.0,0.0,0.0,0.0,0.0,0.0,0.0,100.0
20120207154800,0.0,0.0,0.0,0.0,0.0,0.0,0.0,100.0
20120207154900,0.0,0.0,0.0,0.0,0.0,0.0,0.0,100.0
20120207155000,0.0,0.0,0.0,0.0,0.0,0.0,0.0,100.0
20120207155100,0.0,0.0,0.0,0.0,0.0,0.0,0.0,100.0
20120207155200,0.0,0.0,0.0,0.0,0.0,0.0,0.0,100.0
20120207155300,0.0,0.0,0.0,0.0,0.0,0.0,0.0,100.0
20120207155400,0.0,0.0,0.0,0.0,0.0,0.0,0.0,100.0
20120207155500,0.0,0.0,0.0,0.0,0.0,0.0,0.0,100.0
20120207155600,0.0,0.0,0.0,0.0,0.0,0.0,0.0,100.0
20120207155700,0.0,0.0,0.0,0.0,0.0,0.0,0.0,100.0
20120207155800,0.0,0.0,0.0,0.0,0.0,0.0,0.0,100.0
20120207155900,0.0,0.0,0.0,0.0,0.0,0.0,0.0,100.0
20120207160000,0.0,0.0,0.0,0.0,0.0,0.0,0.0,100.0
20120207160100,0.0,0.0,0.0,0.0,0.0,0.0,0.0,100.0
20120207160200,0.0,0.0,0.0,0.0,0.0,0.0,0.0,100.0
20120207160300,0.0,0.0,0.0,0.0,0.0,0.0,0.0,100.0
20120207160400,0.0,0.0,0.0,0.0,0.0,0.0,0.0,100.0
20120207160500,0.0,0.0,0.0,0.0,0.0,0.0,0.0,100.0
20120207160600,0.0,0.0,0.0,0.0,0.0,0.0,0.0,100.0
20120207160700,0.0,0.0,0.0,0.0,0.0,0.0,0.0,100.0
20120207160800,0.0,0.0,0.0,0.0,0.0,0.0,0.0,100.0
20120207160900,0.0,0.0,0.0,0.0,0.0,0.0,0.0,100.0
20120207161000,0.0,0.0,0.0,0.0,0.0,0.0,0.0,100.0
20120207161100,0.0,0.0,0.0,0.0,0.0,0.0,0.0,100.0
20120207161200,0.0,0.0,0.0,0.0,0.0,0.0,0.0,100.0
20120207161300,0.0,0.0,0.0,0.0,0.0,0.0,0.0,100.0
20120207161400,0.0,0.0,0.0,0.0,0.0,0.0,0.0,100.0
20120207161500,0.0,0.0,0.0,0.0,0.0,0.0,0.0,100.0
20120207161600,0.0,0.0,0.0,0.0,0.0,0.0,0.0,100.0
20120207161700,0.0,0.0,0.0,0.0,0.0,0.0,0.0,100.0
20120207161800,0.0,0.0,0.0,0.0,0.0,0.0,0.0,100.0
20120207161900,0.0,0.0,0.0,0.0,0.0,0.0,0.0,100.0
20120207162000,0.0,0.0,0.0,0.0,0.0,0.0,0.0,100.0
20120207162100,0.0,0.0,0.0,0.0,0.0,0.0,0.0,100.0
20120207162200,0.0,0.0,0.0,0.0,0.0,0.0,0.0,100.0
20120207162300,0.0,0.0,0.0,0.0,0.0,0.0,0.0,100.0
20120207162400,0.0,0.0,0.0,0.0,0.0,0.0,0.0,100.0
20120207162500,0.0,0.0,0.0,0.0,0.0,0.0,0.0,100.0
20120207162600,0.0,0.0,0.0,0.0,0.0,0.0,0.0,100.0
20120207162700,0.0,0.0,0.0,0.0,0.0,0.0,0.1,99.9
20120207162800,0.0,0.0,0.0,0.0,0.0,0.0,0.0,100.0
20120207162900,0.0,0.0,0.0,0.0,0.0,0.0,0.0,100.0
20120207163000,0.0,0.0,0.0,0.0,0.0,0.0,0.0,100.0
20120207163100,0.0,0.0,0.0,0.0,0.0,0.0,0.0,100.0
20120207163200,0.0,0.0,0.0,0.0,0.0,0.0,0.1,99.9
20120207163300,0.0,0.0,0.0,0.0,0.0,0.0,0.6,99.4
20120207163400,0.0,0.0,0.0,0.0,0.0,0.0,0.0,100.0
20120207163500,0.0,0.0,0.0,0.0,0.0,0.0,0.0,100.0
20120207163600,0.0,0.0,0.0,0.0,0.0,0.0,0.3,99.6
20120207163700,0.0,0.0,0.0,0.0,0.0,0.0,1.0,99.0
20120207163800,0.0,0.0,0.0,0.0,0.0,0.0,0.4,99.6
20120207163900,0.0,0.0,0.0,0.0,0.0,0.0,0.0,100.0
20120207164000,0.0,0.0,0.0,0.0,0.0,0.0,3.9,96.0
20120207164100,0.0,0.0,0.0,0.0,0.0,0.0,0.1,99.9
20120207164200,0.0,0.0,0.0,0.0,0.2,0.0,8.8,90.9
20120207164300,0.0,0.0,0.0,0.0,0.0,0.0,0.5,99.5
20120207164400,0.0,0.0,0.0,0.0,0.0,0.0,2.3,97.7
20120207164500,0.0,0.0,0.0,0.0,0.0,0.0,6.0,94.0
20120207164600,0.0,0.0,0.0,0.0,0.0,0.0,11.4,88.6
20120207164700,0.0,0.0,0.0,0.0,0.0,0.0,12.1,87.9
20120207164800,0.0,0.0,0.0,0.1,0.1,0.0,23.6,76.2
20120207164900,0.0,0.0,0.0,0.0,0.0,0.0,25.0,75.0
20120207165000,0.0,0.0,0.0,0.0,0.0,0.0,12.2,87.7
20120207165100,0.0,0.0,0.0,0.0,0.0,0.0,1.0,99.0
20120207165200,0.0,0.0,0.0,0.1,0.0,0.0,22.1,77.8
20120207165300,0.0,0.0,0.0,0.0,0.0,0.0,12.5,87.4
20120207165400,0.0,0.0,0.0,0.0,0.0,0.0,17.6,82.4
20120207165500,0.0,0.0,0.0,0.0,0.1,0.0,3.0,96.8
20120207165600,0.0,0.0,0.0,0.0,0.0,0.0,8.7,91.2
20120207165700,0.0,0.0,0.0,0.0,0.0,0.0,3.6,96.4
20120207165800,0.0,0.0,0.0,0.0,0.0,0.0,24.7,75.2
20120207165900,0.0,0.0,0.0,0.0,0.0,0.0,10.4,89.5
20120207170000,0.0,0.0,0.0,0.0,0.0,0.0,14.5,85.5
20120207170100,0.0,0.0,0.0,0.0,0.1,0.0,6.9,93.0
20120207170200,0.0,0.0,0.0,0.0,0.0,0.0,3.6,96.4
20120207170300,0.0,0.0,0.0,0.0,0.0,0.0,0.2,99.8
20120207170400,0.0,0.0,0.0,0.0,0.0,0.0,6.2,93.8
20120207170500,0.0,0.0,0.0,0.0,0.0,0.0,0.1,99.9
20120207170600,0.0,0.0,0.0,0.0,0.0,0.0,0.1,99.9
20120207170700,0.0,0.0,0.0,0.0,0.0,0.0,0.5,99.5
20120207170800,0.0,0.0,0.0,0.0,0.0,0.0,4.5,95.5
20120207170900,0.0,0.0,0.0,0.0,0.0,0.0,0.6,99.4
20120207171000,0.0,0.0,0.0,0.0,0.0,0.0,0.4,99.6
20120207171100,0.0,0.0,0.0,0.0,0.0,0.0,0.3,99.7
20120207171200,0.0,0.0,0.0,0.0,0.0,0.0,0.0,100.0
20120207171300,0.0,0.0,0.0,0.0,0.0,0.0,0.4,99.6
20120207171400,0.0,0.0,0.0,0.0,0.0,0.0,0.7,99.3
20120207171500,0.0,0.0,0.0,0.0,0.0,0.0,1.1,98.9
20120207171600,0.0,0.0,0.0,0.0,0.0,0.0,0.0,100.0
20120207171700,0.0,0.0,0.0,0.0,0.0,0.0,0.2,99.8
20120207171800,0.0,0.0,0.0,0.0,0.0,0.0,0.1,99.9
20120207171900,0.0,0.0,0.0,0.0,0.0,0.0,0.0,100.0
20120207172000,0.0,0.0,0.0,0.0,0.0,0.0,0.1,99.9
20120207172100,0.0,0.0,0.0,0.0,0.0,0.0,0.7,99.3
20120207172200,0.0,0.0,0.0,0.0,0.0,0.0,1.4,98.6
20120207172300,0.0,0.0,0.0,0.0,0.0,0.0,1.6,98.4
20120207172400,0.0,0.0,0.0,0.0,0.0,0.0,1.1,98.9
20120207172500,0.0,0.0,0.0,0.0,0.0,0.0,1.1,98.9
20120207172600,0.0,0.0,0.0,0.0,0.0,0.0,1.1,98.9
20120207172700,0.0,0.0,0.0,0.0,0.0,0.0,0.2,99.8
20120207172800,0.0,0.0,0.0,0.0,0.0,0.0,3.7,96.3
20120207172900,0.0,0.0,0.0,0.0,0.0,0.0,0.5,99.5
20120207173000,0.0,0.0,0.0,0.0,0.0,0.0,2.3,97.6
20120207173100,0.0,0.0,0.0,0.0,0.0,0.0,3.1,96.9
20120207173200,0.0,0.0,0.0,0.0,0.0,0.0,18.5,81.4
20120207173300,0.0,0.0,0.0,0.0,0.0,0.0,17.3,82.7
20120207173400,0.0,0.0,0.0,0.0,0.0,0.0,16.7,83.3
20120207173500,0.0,0.0,0.0,0.0,0.0,0.0,3.8,96.2
20120207173600,0.0,0.0,0.0,0.0,0.0,0.0,29.9,70.1
20120207173700,0.0,0.0,0.0,0.0,0.0,0.0,81.6,18.4
20120207173800,0.0,0.0,0.0,0.0,0.0,0.0,26.7,73.3
20120207173900,0.0,0.0,0.0,0.0,0.0,0.0,57.2,42.8
20120207174000,0.0,0.0,0.0,0.0,0.0,0.0,31.8,68.2
20120207174100,0.0,0.0,0.0,0.0,0.1,0.0,54.8,45.1
20120207174200,0.0,0.0,0.0,0.0,0.0,0.0,14.1,85.8
20120207174300,0.0,0.0,0.0,0.0,0.0,0.0,5.5,94.5
20120207174400,0.0,0.0,0.0,0.0,0.0,0.0,11.9,88.1
20120207174500,0.0,0.0,0.0,0.0,0.4,0.0,53.9,45.7
20120207174600,0.0,0.0,0.0,0.0,0.0,0.0,23.7,76.3
20120207174700,0.0,0.0,0.0,0.0,0.0,0.0,10.8,89.2
20120207174800,0.0,0.0,0.0,0.0,0.0,0.0,8.2,91.8
20120207174900,0.0,0.0,0.0,0.0,0.0,0.0,15.4,84.5
20120207175000,0.0,0.0,0.0,0.0,0.0,0.0,9.7,90.2
20120207175100,0.0,0.0,0.0,0.0,0.0,0.0,8.5,91.4
20120207175200,0.0,0.0,0.0,0.0,0.1,0.0,4.9,95.0
20120207175300,0.0,0.0,0.0,0.0,0.1,0.0,1.4,98.6
20120207175400,0.0,0.0,0.0,0.0,0.0,0.0,2.9,97.1
20120207175500,0.0,0.0,0.0,0.0,0.0,0.0,0.5,99.5
20120207175600,0.0,0.0,0.0,0.0,0.0,0.0,0.9,99.1
20120207175700,0.0,0.0,0.0,0.0,0.0,0.0,1.0,99.0
20120207175800,0.0,0.0,0.0,0.0,0.0,0.0,10.8,89.2
20120207175900,0.0,0.0,0.0,0.0,0.1,0.0,1.1,98.8
20120207180000,0.0,0.0,0.0,0.0,0.1,0.0,2.9,97.0
20120207180100,0.0,0.0,0.0,0.0,0.2,0.0,18.5,81.2
20120207180200,0.0,0.0,0.0,0.1,0.2,0.0,19.4,80.3
20120207180300,0.0,0.0,0.0,0.0,0.1,0.0,38.2,61.7
20120207180400,0.0,0.0,0.0,0.0,0.1,0.0,17.8,82.1
20120207180500,0.0,0.0,0.0,0.0,0.0,0.0,0.9,99.1
20120207180600,0.0,0.0,0.0,0.0,0.1,0.0,7.5,92.4
20120207180700,0.0,0.0,0.0,0.0,0.1,0.0,4.6,95.3
20120207180800,0.0,0.0,0.0,0.1,0.1,0.0,25.4,74.4
20120207180900,0.0,0.0,0.0,0.2,0.2,0.0,18.1,81.5
20120207181000,0.0,0.0,0.0,0.0,0.1,0.0,3.1,96.8
20120207181100,0.0,0.0,0.0,0.0,0.0,0.0,42.6,57.3
20120207181200,0.0,0.0,0.0,0.0,0.0,0.0,83.7,16.3
20120207181300,0.0,0.0,0.0,0.0,0.1,0.0,37.6,62.3
20120207181400,0.0,0.0,0.0,0.0,0.3,0.0,52.7,47.0
20120207181500,0.0,0.0,0.0,0.1,0.0,0.0,91.5,8.4
20120207181600,0.0,0.0,0.0,0.4,0.8,0.0,65.4,33.4
20120207181700,0.0,0.0,0.0,0.2,0.1,0.0,26.8,72.9
20120207181800,0.0,0.0,0.0,0.2,0.2,0.0,92.6,7.0
20120207181900,0.0,0.0,0.0,0.6,0.4,0.0,83.7,15.4
20120207182000,0.0,0.0,0.0,0.4,0.0,0.0,85.7,13.9
20120207182100,0.0,0.0,0.0,0.6,0.6,0.0,70.8,28.0
20120207182200,0.0,0.0,0.0,0.4,0.2,0.0,68.7,30.7
20120207182300,0.0,0.0,0.0,0.6,0.1,0.0,81.1,18.1
20120207182400,0.0,0.0,0.0,0.6,0.0,0.0,39.4,59.9
20120207182500,0.0,0.0,0.0,4.9,0.1,0.0,75.4,19.6
20120207182600,0.0,0.0,0.0,0.6,0.2,0.0,9.8,89.5
20120207182700,0.0,0.0,0.0,0.2,0.0,0.0,95.4,4.4
20120207182800,0.0,0.0,0.0,0.1,0.0,0.0,97.4,2.5
20120207182900,0.0,0.0,0.0,0.1,0.0,0.0,97.6,2.3
20120207183000,0.0,0.0,0.0,0.1,0.0,0.0,99.5,0.4
20120207183100,0.0,0.0,0.0,0.3,0.0,0.0,94.9,4.8
20120207183200,0.0,0.0,0.0,0.3,0.0,0.0,91.7,8.1
20120207183300,0.0,0.0,0.0,1.0,0.0,0.0,75.5,23.5
20120207183400,0.0,0.0,0.0,0.3,0.0,0.0,93.9,5.8
20120207183500,0.0,0.0,0.0,0.5,0.0,0.0,90.1,9.4
20120207183600,0.0,0.0,0.0,0.2,0.0,0.0,96.7,3.1
20120207183700,0.0,0.0,0.0,0.4,0.0,0.0,97.2,2.4
20120207183800,0.0,0.0,0.0,0.4,0.0,0.0,97.4,2.2
20120207183900,0.0,0.0,0.0,0.9,0.0,0.0,94.6,4.5
20120207184000,0.0,0.0,0.0,0.2,0.0,0.0,84.8,15.0
20120207184100,0.0,0.0,0.0,1.0,0.0,0.0,69.8,29.3
20120207184200,0.0,0.0,0.0,0.1,0.0,0.0,81.1,18.8
20120207184300,0.0,0.0,0.0,0.6,0.0,0.0,73.7,25.6
20120207184400,0.0,0.0,0.0,0.3,0.0,0.0,87.1,12.6
20120207184500,0.0,0.0,0.0,0.4,0.0,0.0,84.9,14.6
20120207184600,0.0,0.0,0.0,0.9,0.0,0.0,84.3,14.8
20120207184700,0.0,0.0,0.0,0.3,0.0,0.0,88.0,11.7
20120207184800,0.0,0.0,0.0,0.1,0.0,0.0,84.1,15.7
20120207184900,0.0,0.0,0.0,0.1,0.1,0.0,77.7,22.0
20120207185000,0.0,0.0,0.0,0.0,0.0,0.0,92.3,7.6
20120207185100,0.0,0.0,0.0,0.1,0.1,0.0,70.4,29.4
20120207185200,0.0,0.0,0.0,0.2,0.1,0.0,65.9,33.8
20120207185300,0.0,0.0,0.0,0.3,0.0,0.0,78.6,21.0
20120207185400,0.0,0.0,0.0,0.1,0.1,0.0,64.6,35.2
20120207185500,0.0,0.0,0.0,0.2,0.1,0.0,84.9,14.8
20120207185600,0.0,0.0,0.0,0.2,0.1,0.0,76.7,23.0
20120207185700,0.0,0.0,0.0,0.4,0.1,0.0,65.1,34.4
20120207185800,0.0,0.0,0.0,0.3,0.1,0.0,22.9,76.7
20120207185900,0.0,0.0,0.0,0.1,0.0,0.0,24.9,74.9
20120207190000,0.0,0.0,0.0,0.0,0.0,0.0,15.8,84.1
20120207190100,0.0,0.0,0.0,0.1,0.0,0.0,5.6,94.3
20120207190200,0.0,0.0,0.0,0.2,0.0,0.0,40.5,59.3
20120207190300,0.0,0.0,0.0,0.1,0.0,0.0,54.5,45.4
20120207190400,0.0,0.0,0.0,0.3,0.0,0.0,86.1,13.6
20120207190500,0.0,0.0,0.0,0.1,0.0,0.0,59.7,40.2
20120207190600,0.0,0.0,0.0,0.0,0.0,0.0,7.0,93.0
20120207190700,0.0,0.0,0.0,0.1,0.0,0.0,24.4,75.5
20120207190800,0.0,0.0,0.0,0.4,0.0,0.0,63.0,36.6
20120207190900,0.0,0.0,0.0,1.4,0.0,0.0,41.0,57.7
20120207191000,0.0,0.0,0.0,0.1,0.0,0.0,48.7,51.2
20120207191100,0.0,0.0,0.0,0.1,0.0,0.0,28.1,71.8
20120207191200,0.0,0.0,0.0,0.1,0.0,0.0,28.9,71.0
20120207191300,0.0,0.0,0.0,0.1,0.0,0.0,9.4,90.6
20120207191400,0.0,0.0,0.0,0.1,0.0,0.0,13.2,86.7
20120207191500,0.0,0.0,0.0,0.1,0.0,0.0,11.2,88.7
20120207191600,0.0,0.0,0.0,0.4,0.1,0.0,21.4,78.2
20120207191700,0.0,0.0,0.0,0.1,0.0,0.0,24.6,75.3
20120207191800,0.0,0.0,0.0,0.3,0.1,0.0,19.7,79.9
20120207191900,0.0,0.0,0.0,0.1,0.1,0.0,14.6,85.3
20120207192000,0.0,0.0,0.0,0.1,0.0,0.0,13.4,86.5
20120207192100,0.0,0.0,0.0,0.0,0.0,0.0,0.8,99.2
20120207192200,0.0,0.0,0.0,0.0,0.0,0.0,1.9,98.0
20120207192300,0.0,0.0,0.0,0.0,0.0,0.0,3.1,96.9
20120207192400,0.0,0.0,0.0,0.1,0.0,0.0,1.5,98.4
20120207192500,0.0,0.0,0.0,0.0,0.1,0.0,0.6,99.3
20120207192600,0.0,0.0,0.0,0.3,0.0,0.0,1.1,98.6
20120207192700,0.0,0.0,0.0,0.0,0.0,0.0,1.4,98.6
20120207192800,0.0,0.0,0.0,0.0,0.0,0.0,2.7,97.2
20120207192900,0.0,0.0,0.0,0.1,0.0,0.0,4.2,95.7
20120207193000,0.0,0.0,0.0,0.0,0.0,0.0,4.1,95.8
20120207193100,0.0,0.0,0.0,0.1,0.0,0.0,0.6,99.3
20120207193200,0.0,0.0,0.0,0.1,0.0,0.0,0.5,99.5
20120207193300,0.0,0.0,0.0,0.3,0.0,0.0,3.3,96.4
20120207193400,0.0,0.0,0.0,0.2,0.0,0.0,3.0,96.8
20120207193500,0.0,0.0,0.0,0.5,0.0,0.0,6.7,92.7
20120207193600,0.0,0.0,0.0,0.1,0.0,0.0,2.4,97.5
20120207193700,0.0,0.0,0.0,0.2,0.0,0.0,26.0,73.8
20120207193800,0.0,0.0,0.0,0.3,0.0,0.0,42.1,57.5
20120207193900,0.0,0.0,0.0,0.2,0.0,0.0,67.2,32.6
20120207194000,0.0,0.0,0.0,0.1,0.0,0.0,94.5,5.4
20120207194100,0.0,0.0,0.0,0.1,0.0,0.0,90.4,9.6
20120207194200,0.0,0.0,0.0,0.1,0.0,0.0,93.4,6.5
20120207194300,0.0,0.0,0.0,0.0,0.0,0.0,93.1,6.8
20120207194400,0.0,0.0,0.0,0.0,0.0,0.0,95.2,4.8
20120207194500,0.0,0.0,0.0,0.0,0.0,0.0,97.5,2.5
20120207194600,0.0,0.0,0.0,0.0,0.0,0.0,98.8,1.2
20120207194700,0.0,0.0,0.0,0.0,0.0,0.0,98.9,1.1
20120207194800,0.0,0.0,0.0,0.0,0.0,0.0,98.8,1.2
20120207194900,0.0,0.0,0.0,0.1,0.0,0.0,97.2,2.8
20120207195000,0.0,0.0,0.0,0.0,0.0,0.0,93.2,6.8
20120207195100,0.0,0.0,0.0,0.1,0.0,0.0,98.1,1.8
20120207195200,0.0,0.0,0.0,0.1,0.0,0.0,96.1,3.8
20120207195300,0.0,0.0,0.0,0.1,0.0,0.0,99.1,0.8
20120207195400,0.0,0.0,0.0,0.1,0.0,0.0,99.1,0.9
20120207195500,0.0,0.0,0.0,0.1,0.0,0.0,99.5,0.5
20120207195600,0.0,0.0,0.0,0.0,0.0,0.0,98.7,1.2
20120207195700,0.0,0.0,0.0,0.0,0.0,0.0,99.9,0.1
20120207195800,0.0,0.0,0.0,0.1,0.0,0.0,99.7,0.3
20120207195900,0.0,0.0,0.0,0.2,0.0,0.0,99.4,0.4
20120207200000,0.0,0.0,0.0,0.1,0.0,0.0,99.7,0.2
20120207200100,0.0,0.0,0.0,0.0,0.0,0.0,99.9,0.1
20120207200200,0.0,0.0,0.0,0.1,0.0,0.0,99.8,0.1
20120207200300,0.0,0.0,0.0,0.1,0.0,0.0,99.9,0.0
20120207200400,0.0,0.0,0.0,0.0,0.0,0.0,99.9,0.1
20120207200500,0.0,0.0,0.0,0.1,0.0,0.0,99.9,0.0
20120207200600,0.0,0.0,0.0,0.0,0.0,0.0,99.9,0.1
20120207200700,0.0,0.0,0.0,0.0,0.0,0.0,99.9,0.1
20120207200800,0.0,0.0,0.0,0.0,0.0,0.0,99.9,0.1
20120207200900,0.0,0.0,0.0,0.0,0.0,0.0,99.9,0.1
20120207201000,0.0,0.0,0.0,0.0,0.0,0.0,100.0,0.0
20120207201100,0.0,0.0,0.0,0.0,0.0,0.0,100.0,0.0
20120207201200,0.0,0.0,0.0,0.0,0.0,0.0,100.0,0.0
20120207201300,0.0,0.0,0.0,0.0,0.0,0.0,100.0,0.0
20120207201400,0.0,0.0,0.0,0.0,0.0,0.0,100.0,0.0
20120207201500,0.0,0.0,0.0,0.0,0.0,0.0,99.6,0.3
20120207201600,0.0,0.0,0.0,0.0,0.0,0.0,99.9,0.0
20120207201700,0.0,0.0,0.0,0.0,0.0,0.0,99.9,0.1
20120207201800,0.0,0.0,0.0,0.0,0.0,0.0,100.0,0.0
20120207201900,0.0,0.0,0.0,0.0,0.0,0.0,100.0,0.0
20120207202000,0.0,0.0,0.0,0.0,0.0,0.0,99.9,0.1
20120207202100,0.0,0.0,0.0,0.0,0.0,0.0,99.9,0.1
20120207202200,0.0,0.0,0.0,0.0,0.0,0.0,99.9,0.1
20120207202300,0.0,0.0,0.0,0.0,0.0,0.0,97.7,2.2
20120207202400,0.0,0.0,0.0,0.0,0.0,0.0,98.0,2.0
20120207202500,0.0,0.0,0.0,0.1,0.0,0.0,92.7,7.2
20120207202600,0.0,0.0,0.0,0.2,0.0,0.0,93.4,6.4
20120207202700,0.0,0.0,0.0,0.0,0.0,0.0,96.5,3.5
20120207202800,0.0,0.0,0.0,0.2,0.0,0.0,75.7,24.1
20120207202900,0.0,0.0,0.0,0.4,0.0,0.0,37.9,61.8
20120207203000,0.0,0.0,0.0,0.5,0.0,0.0,40.4,59.2
20120207203100,0.0,0.0,0.0,0.1,0.0,0.0,62.6,37.4
20120207203200,0.0,0.0,0.0,0.1,0.0,0.0,79.6,20.3
20120207203300,0.0,0.0,0.0,0.0,0.0,0.0,45.4,54.6
20120207203400,0.0,0.0,0.0,0.1,0.0,0.0,50.7,49.1
20120207203500,0.0,0.0,0.0,0.0,0.0,0.0,87.9,12.1
20120207203600,0.0,0.0,0.0,0.0,0.0,0.0,97.2,2.8
20120207203700,0.0,0.0,0.0,0.0,0.0,0.0,98.0,2.0
20120207203800,0.0,0.0,0.0,0.0,0.0,0.0,98.8,1.2
20120207203900,0.0,0.0,0.0,0.0,0.0,0.0,98.9,1.1
20120207204000,0.0,0.0,0.0,0.0,0.0,0.0,99.3,0.7
20120207204100,0.0,0.0,0.0,0.0,0.0,0.0,99.2,0.8
20120207204200,0.0,0.0,0.0,0.0,0.0,0.0,99.7,0.2
20120207204300,0.0,0.0,0.0,0.0,0.0,0.0,99.8,0.2
20120207204400,0.0,0.0,0.0,0.0,0.0,0.0,99.9,0.1
20120207204500,0.0,0.0,0.0,0.0,0.0,0.0,99.3,0.7
20120207204600,0.0,0.0,0.0,0.0,0.0,0.0,99.7,0.3
20120207204700,0.0,0.0,0.0,0.0,0.0,0.0,99.9,0.1
20120207204800,0.0,0.0,0.0,0.0,0.0,0.0,99.7,0.3
20120207204900,0.0,0.0,0.0,0.0,0.0,0.0,99.5,0.5
20120207205000,0.0,0.0,0.0,0.0,0.0,0.0,99.4,0.6
20120207205100,0.0,0.0,0.0,0.0,0.0,0.0,99.7,0.3
20120207205200,0.0,0.0,0.0,0.0,0.0,0.0,99.3,0.6
20120207205300,0.0,0.0,0.0,0.0,0.0,0.0,99.9,0.1
20120207205400,0.0,0.0,0.0,0.0,0.0,0.0,99.9,0.1
20120207205500,0.0,0.0,0.0,0.0,0.0,0.0,99.8,0.2
20120207205600,0.0,0.0,0.0,0.0,0.0,0.0,100.0,0.0
20120207205700,0.0,0.0,0.0,0.0,0.0,0.0,99.9,0.0
20120207205800,0.0,0.0,0.0,0.0,0.0,0.0,99.9,0.1
20120207205900,0.0,0.0,0.0,0.0,0.0,0.0,99.9,0.1
20120207210000,0.0,0.0,0.0,0.0,0.0,0.0,100.0,0.0
20120207210100,0.0,0.0,0.0,0.0,0.0,0.0,99.7,0.3
20120207210200,0.0,0.0,0.0,0.0,0.0,0.0,99.9,0.0
20120207210300,0.0,0.0,0.0,0.0,0.0,0.0,99.8,0.2
20120207210400,0.0,0.0,0.0,0.0,0.0,0.0,99.9,0.1
20120207210500,0.0,0.0,0.0,0.0,0.0,0.0,100.0,0.0
20120207210600,0.0,0.0,0.0,0.0,0.0,0.0,99.9,0.1
20120207210700,0.0,0.0,0.0,0.0,0.0,0.0,99.5,0.5
20120207210800,0.0,0.0,0.0,0.0,0.0,0.0,99.9,0.1
20120207210900,0.0,0.0,0.0,0.0,0.0,0.0,99.5,0.4
20120207211000,0.0,0.0,0.0,0.0,0.0,0.0,99.8,0.2
20120207211100,0.0,0.0,0.0,0.0,0.0,0.0,99.9,0.1
20120207211200,0.0,0.0,0.0,0.0,0.0,0.0,99.9,0.1
20120207211300,0.0,0.0,0.0,0.0,0.0,0.0,100.0,0.0
20120207211400,0.0,0.0,0.0,0.0,0.0,0.0,99.8,0.2
20120207211500,0.0,0.0,0.0,0.0,0.0,0.0,99.9,0.1
20120207211600,0.0,0.0,0.0,0.0,0.0,0.0,100.0,0.0
20120207211700,0.0,0.0,0.0,0.0,0.0,0.0,99.5,0.5
20120207211800,0.0,0.0,0.0,0.0,0.0,0.0,99.9,0.1
20120207211900,0.0,0.0,0.0,0.0,0.0,0.0,99.9,0.1
20120207212000,0.0,0.0,0.0,0.0,0.0,0.0,99.9,0.1
20120207212100,0.0,0.0,0.0,0.0,0.0,0.0,100.0,0.0
20120207212200,0.0,0.0,0.0,0.0,0.0,0.0,99.9,0.1
20120207212300,0.0,0.0,0.0,0.0,0.0,0.0,100.0,0.0
20120207212400,0.0,0.0,0.0,0.0,0.0,0.0,100.0,0.0
20120207212500,0.0,0.0,0.0,0.0,0.0,0.0,100.0,0.0
20120207212600,0.0,0.0,0.0,0.0,0.0,0.0,99.9,0.1
20120207212700,0.0,0.0,0.0,0.0,0.0,0.0,99.9,0.1
20120207212800,0.0,0.0,0.0,0.0,0.0,0.0,99.8,0.2
20120207212900,0.0,0.0,0.0,0.0,0.0,0.0,99.2,0.8
20120207213000,0.0,0.0,0.0,0.0,0.0,0.0,99.7,0.3
20120207213100,0.0,0.0,0.0,0.0,0.1,0.0,99.2,0.7
20120207213200,0.0,0.0,0.0,0.0,0.0,0.0,99.5,0.5
20120207213300,0.0,0.0,0.0,0.0,0.0,0.0,99.8,0.2
20120207213400,0.0,0.0,0.0,0.0,0.0,0.0,98.9,1.0
20120207213500,0.0,0.0,0.0,0.0,0.0,0.0,99.0,1.0
20120207213600,0.0,0.0,0.0,0.0,0.0,0.0,99.9,0.1
20120207213700,0.0,0.0,0.0,0.0,0.0,0.0,99.5,0.4
20120207213800,0.0,0.0,0.0,0.0,0.0,0.0,99.8,0.2
20120207213900,0.0,0.0,0.0,0.0,0.0,0.0,99.7,0.3
20120207214000,0.0,0.0,0.0,0.0,0.0,0.0,99.9,0.1
20120207214100,0.0,0.0,0.0,0.0,0.0,0.0,99.8,0.1
20120207214200,0.0,0.0,0.0,0.0,0.0,0.0,99.9,0.1
20120207214300,0.0,0.0,0.0,0.0,0.0,0.0,99.9,0.1
20120207214400,0.0,0.0,0.0,0.0,0.0,0.0,99.9,0.1
20120207214500,0.0,0.0,0.0,0.0,0.0,0.0,99.9,0.1
20120207214600,0.0,0.0,0.0,0.0,0.0,0.0,99.9,0.1
20120207214700,0.0,0.0,0.0,0.0,0.0,0.0,100.0,0.0
20120207214800,0.0,0.0,0.0,0.0,0.0,0.0,99.9,0.1
20120207214900,0.0,0.0,0.0,0.0,0.0,0.0,99.8,0.1
20120207215000,0.0,0.0,0.0,0.0,0.0,0.0,99.9,0.1
20120207215100,0.0,0.0,0.0,0.0,0.0,0.0,99.5,0.5
20120207215200,0.0,0.0,0.0,0.0,0.1,0.0,98.0,2.0
20120207215300,0.0,0.0,0.0,0.0,0.0,0.0,97.0,3.0
20120207215400,0.0,0.0,0.0,0.0,0.0,0.0,99.6,0.4
20120207215500,0.0,0.0,0.0,0.0,0.1,0.0,99.7,0.2
20120207215600,0.0,0.0,0.0,0.0,0.0,0.0,97.8,2.1
20120207215700,0.0,0.0,0.0,0.0,0.1,0.0,99.2,0.7
20120207215800,0.0,0.0,0.0,0.0,0.0,0.0,99.6,0.4
20120207215900,0.0,0.0,0.0,0.0,0.0,0.0,99.6,0.4
20120207220000,0.0,0.0,0.0,0.0,0.0,0.0,99.3,0.7
20120207220100,0.0,0.0,0.0,0.0,0.0,0.0,99.9,0.1
20120207220200,0.0,0.0,0.0,0.0,0.1,0.0,94.4,5.5
20120207220300,0.0,0.0,0.0,0.0,0.0,0.0,98.1,1.9
20120207220400,0.0,0.0,0.0,0.0,0.0,0.0,95.9,4.1
20120207220500,0.0,0.0,0.0,0.0,0.1,0.0,85.1,14.8
20120207220600,0.0,0.0,0.0,0.0,0.0,0.0,99.0,1.0
20120207220700,0.0,0.0,0.0,0.0,0.0,0.0,97.5,2.5
20120207220800,0.0,0.0,0.0,0.0,0.0,0.0,97.7,2.3
20120207220900,0.0,0.0,0.0,0.0,0.0,0.0,96.2,3.8
20120207221000,0.0,0.0,0.0,0.0,0.1,0.0,37.9,62.0
20120207221100,0.0,0.0,0.0,0.1,0.0,0.0,91.3,8.6
20120207221200,0.0,0.0,0.0,0.1,0.1,0.0,28.3,71.6
20120207221300,0.0,0.0,0.0,0.0,0.0,0.0,92.8,7.1
20120207221400,0.0,0.0,0.0,0.0,0.0,0.0,43.6,56.3
20120207221500,0.0,0.0,0.0,0.0,0.0,0.0,42.6,57.4
20120207221600,0.0,0.0,0.0,0.0,0.0,0.0,63.5,36.5
20120207221700,0.0,0.0,0.0,0.0,0.0,0.0,23.4,76.5
20120207221800,0.0,0.0,0.0,0.0,0.0,0.0,23.4,76.6
20120207221900,0.0,0.0,0.0,0.0,0.0,0.0,51.6,48.4
20120207222000,0.0,0.0,0.0,0.0,0.0,0.0,78.2,21.7
20120207222100,0.0,0.0,0.0,0.1,0.1,0.0,27.9,71.9
20120207222200,0.0,0.0,0.0,0.0,0.0,0.0,85.9,14.1
20120207222300,0.0,0.0,0.0,0.0,0.0,0.0,99.1,0.9
20120207222400,0.0,0.0,0.0,0.0,0.0,0.0,99.4,0.6
20120207222500,0.0,0.0,0.0,0.0,0.0,0.0,99.2,0.8
20120207222600,0.0,0.0,0.0,0.0,0.0,0.0,99.9,0.1
20120207222700,0.0,0.0,0.0,0.0,0.0,0.0,97.8,2.2
20120207222800,0.0,0.0,0.0,0.0,0.0,0.0,95.6,4.4
20120207222900,0.0,0.0,0.0,0.0,0.0,0.0,99.2,0.8
20120207223000,0.0,0.0,0.0,0.0,0.0,0.0,95.3,4.7
20120207223100,0.0,0.0,0.0,0.0,0.0,0.0,82.7,17.3
20120207223200,0.0,0.0,0.0,0.0,0.0,0.0,93.9,6.0
20120207223300,0.0,0.0,0.0,0.0,0.0,0.0,80.5,19.4
20120207223400,0.0,0.0,0.0,0.0,0.0,0.0,74.2,25.8
20120207223500,0.0,0.0,0.0,0.0,0.0,0.0,96.9,3.1
20120207223600,0.0,0.0,0.0,0.0,0.0,0.0,99.0,1.0
20120207223700,0.0,0.0,0.0,0.0,0.0,0.0,98.8,1.2
20120207223800,0.0,0.0,0.0,0.0,0.0,0.0,99.4,0.6
20120207223900,0.0,0.0,0.0,0.0,0.0,0.0,83.9,16.0
20120207224000,0.0,0.0,0.0,0.1,0.0,0.0,80.2,19.7
20120207224100,0.0,0.0,0.0,0.0,0.0,0.0,97.4,2.6
20120207224200,0.0,0.0,0.0,0.0,0.0,0.0,97.4,2.6
20120207224300,0.0,0.0,0.0,0.0,0.0,0.0,98.6,1.4
20120207224400,0.0,0.0,0.0,0.0,0.0,0.0,99.5,0.5
20120207224500,0.0,0.0,0.0,0.0,0.0,0.0,99.5,0.5
20120207224600,0.0,0.0,0.0,0.0,0.0,0.0,98.0,2.0
20120207224700,0.0,0.0,0.0,0.0,0.0,0.0,99.0,0.9
20120207224800,0.0,0.0,0.0,0.0,0.0,0.0,96.9,3.1
20120207224900,0.0,0.0,0.0,0.0,0.0,0.0,98.0,2.0
20120207225000,0.0,0.0,0.0,0.0,0.0,0.0,99.1,0.9
20120207225100,0.0,0.0,0.0,0.0,0.0,0.0,95.4,4.6
20120207225200,0.0,0.0,0.0,0.0,0.0,0.0,98.2,1.8
20120207225300,0.0,0.0,0.0,0.0,0.0,0.0,99.6,0.4
20120207225400,0.0,0.0,0.0,0.0,0.0,0.0,98.8,1.1
20120207225500,0.0,0.0,0.0,0.0,0.0,0.0,99.8,0.2
20120207225600,0.0,0.0,0.0,0.0,0.0,0.0,99.4,0.6
20120207225700,0.0,0.0,0.0,0.0,0.0,0.0,99.9,0.1
20120207225800,0.0,0.0,0.0,0.0,0.0,0.0,99.6,0.4
20120207225900,0.0,0.0,0.0,0.0,0.0,0.0,99.7,0.3
20120207230000,0.0,0.0,0.0,0.0,0.0,0.0,99.7,0.3
20120207230100,0.0,0.0,0.0,0.0,0.0,0.0,99.9,0.1
20120207230200,0.0,0.0,0.0,0.0,0.0,0.0,99.5,0.4
20120207230300,0.0,0.0,0.0,0.2,0.0,0.0,98.7,1.1
20120207230400,0.0,0.0,0.0,0.1,0.0,0.0,87.8,12.1
20120207230500,0.0,0.0,0.0,0.1,0.0,0.0,93.7,6.3
20120207230600,0.0,0.0,0.0,0.0,0.0,0.0,73.5,26.5
20120207230700,0.0,0.0,0.0,0.1,0.0,0.0,25.1,74.7
20120207230800,0.0,0.0,0.0,0.0,0.0,0.0,13.4,86.5
20120207230900,0.0,0.0,0.0,0.0,0.0,0.0,40.8,59.2
20120207231000,0.0,0.0,0.0,0.6,0.0,0.0,33.0,66.4
20120207231100,0.0,0.0,0.0,0.1,0.0,0.0,12.3,87.6
20120207231200,0.0,0.0,0.0,0.1,0.0,0.0,9.1,90.8
20120207231300,0.0,0.0,0.0,0.1,0.0,0.0,13.4,86.6
20120207231400,0.0,0.0,0.0,0.0,0.0,0.0,10.9,89.0
20120207231500,0.0,0.0,0.0,0.1,0.0,0.0,8.7,91.1
20120207231600,0.0,0.0,0.0,0.1,0.0,0.0,3.6,96.3
20120207231700,0.0,0.0,0.0,0.1,0.0,0.0,1.0,99.0
20120207231800,0.0,0.0,0.0,0.1,0.0,0.0,13.2,86.7
20120207231900,0.0,0.0,0.0,0.1,0.0,0.0,2.9,97.1
20120207232000,0.0,0.0,0.0,0.3,0.0,0.0,8.7,90.9
20120207232100,0.0,0.0,0.0,0.1,0.0,0.0,9.9,90.1
20120207232200,0.0,0.0,0.0,0.1,0.0,0.0,15.1,84.8
20120207232300,0.0,0.0,0.0,0.0,0.0,0.0,10.0,89.9
20120207232400,0.0,0.0,0.0,0.1,0.0,0.0,0.5,99.3
20120207232500,0.0,0.0,0.0,0.3,0.0,0.0,1.9,97.8
20120207232600,0.0,0.0,0.0,0.3,0.0,0.0,10.3,89.4
20120207232700,0.0,0.0,0.0,0.2,0.0,0.0,19.0,80.8
20120207232800,0.0,0.0,0.0,0.1,0.0,0.0,9.2,90.7
20120207232900,0.0,0.0,0.0,0.0,0.0,0.0,0.8,99.1
20120207233000,0.0,0.0,0.0,0.1,0.0,0.0,0.5,99.4
20120207233100,0.0,0.0,0.0,0.1,0.0,0.0,0.2,99.8
20120207233200,0.0,0.0,0.0,0.0,0.0,0.0,0.2,99.8
20120207233300,0.0,0.0,0.0,0.0,0.0,0.0,0.1,99.9
20120207233400,0.0,0.0,0.0,0.0,0.0,0.0,1.1,98.9
20120207233500,0.0,0.0,0.0,0.5,0.1,0.0,66.5,33.0
20120207233600,0.0,0.0,0.0,0.1,0.0,0.0,4.5,95.4
20120207233700,0.0,0.0,0.0,0.4,0.0,0.0,59.9,39.6
20120207233800,0.0,0.0,0.0,0.0,0.0,0.0,62.2,37.8
20120207233900,0.0,0.0,0.0,0.1,0.0,0.0,46.2,53.7
20120207234000,0.0,0.0,0.0,0.1,0.0,0.0,44.1,55.8
20120207234100,0.0,0.0,0.0,0.1,0.0,0.0,95.1,4.8
20120207234200,0.0,0.0,0.0,0.0,0.0,0.0,93.2,6.7
20120207234300,0.0,0.0,0.0,0.1,0.0,0.0,84.5,15.4
20120207234400,0.0,0.0,0.0,0.1,0.0,0.0,96.2,3.8
20120207234500,0.0,0.0,0.0,0.0,0.0,0.0,97.6,2.3
20120207234600,0.0,0.0,0.0,0.0,0.0,0.0,97.9,2.0
20120207234700,0.0,0.0,0.0,0.1,0.0,0.0,98.1,1.9
20120207234800,0.0,0.0,0.0,0.0,0.0,0.0,96.9,3.0
20120207234900,0.0,0.0,0.0,0.0,0.0,0.0,98.7,1.3
20120207235000,0.0,0.0,0.0,0.0,0.0,0.0,99.0,1.0
20120207235100,0.0,0.0,0.0,0.1,0.0,0.0,95.2,4.7
20120207235200,0.0,0.0,0.0,0.0,0.0,0.0,99.5,0.5
20120207235300,0.0,0.0,0.0,0.0,0.0,0.0,98.3,1.7
20120207235400,0.0,0.0,0.0,0.0,0.0,0.0,99.3,0.7
20120207235500,0.0,0.0,0.0,0.0,0.0,0.0,99.6,0.3
20120207235600,0.0,0.0,0.0,0.0,0.0,0.0,99.5,0.5
20120207235700,0.0,0.0,0.0,0.0,0.0,0.0,99.8,0.2
20120207235800,0.0,0.0,0.0,0.0,0.0,0.0,99.9,0.1
20120207235900,0.0,0.0,0.0,0.0,0.0,0.0,99.9,0.1
20120208000000,0.0,0.0,0.0,0.0,0.0,0.0,99.8,0.1
20120208000100,0.0,0.0,0.0,0.0,0.0,0.0,98.8,1.2
20120208000200,0.0,0.0,0.0,0.0,0.0,0.0,99.6,0.4
20120208000300,0.0,0.0,0.0,0.0,0.0,0.0,99.4,0.6
20120208000400,0.0,0.0,0.0,0.0,0.0,0.0,96.6,3.3
20120208000500,0.0,0.0,0.0,0.0,0.0,0.0,99.4,0.6
20120208000600,0.0,0.0,0.0,0.0,0.0,0.0,97.4,2.6
20120208000700,0.0,0.0,0.0,0.0,0.0,0.0,97.5,2.5
20120208000800,0.0,0.0,0.0,0.0,0.0,0.0,97.4,2.6
20120208000900,0.0,0.0,0.0,0.0,0.0,0.0,98.3,1.7
20120208001000,0.0,0.0,0.0,0.0,0.0,0.0,97.3,2.7
20120208001100,0.0,0.0,0.0,0.0,0.0,0.0,98.3,1.7
20120208001200,0.0,0.0,0.0,0.0,0.0,0.0,97.5,2.5
20120208001300,0.0,0.0,0.0,0.0,0.0,0.0,95.7,4.3
20120208001400,0.0,0.0,0.0,0.0,0.0,0.0,98.1,1.9
20120208001500,0.0,0.0,0.0,0.0,0.0,0.0,79.7,20.3
20120208001600,0.0,0.0,0.0,0.0,0.0,0.0,77.7,22.3
20120208001700,0.0,0.0,0.0,0.0,0.0,0.0,68.9,31.1
20120208001800,0.0,0.0,0.0,0.0,0.0,0.0,94.5,5.5
20120208001900,0.0,0.0,0.0,0.0,0.0,0.0,77.3,22.6
20120208002000,0.0,0.0,0.0,0.1,0.0,0.0,94.1,5.8
20120208002100,0.0,0.0,0.0,0.0,0.0,0.0,94.1,5.9
20120208002200,0.0,0.0,0.0,0.0,0.0,0.0,92.4,7.5
20120208002300,0.0,0.0,0.0,0.1,0.0,0.0,83.4,16.5
20120208002400,0.0,0.0,0.0,0.0,0.0,0.0,71.3,28.6
20120208002500,0.0,0.0,0.0,0.1,0.0,0.0,86.3,13.6
20120208002600,0.0,0.0,0.0,0.2,0.0,0.0,61.0,38.8
20120208002700,0.0,0.0,0.0,0.1,0.0,0.0,92.0,7.9
20120208002800,0.0,0.0,0.0,0.1,0.1,0.0,93.9,5.9
20120208002900,0.0,0.0,0.0,0.0,0.0,0.0,98.2,1.7
20120208003000,0.0,0.0,0.0,0.0,0.0,0.0,97.0,3.0
20120208003100,0.0,0.0,0.0,0.0,0.0,0.0,95.4,4.6
20120208003200,0.0,0.0,0.0,0.0,0.0,0.0,97.4,2.6
20120208003300,0.0,0.0,0.0,0.0,0.0,0.0,98.2,1.8
20120208003400,0.0,0.0,0.0,0.0,0.0,0.0,98.3,1.7
20120208003500,0.0,0.0,0.0,0.0,0.0,0.0,97.6,2.4
20120208003600,0.0,0.0,0.0,0.0,0.0,0.0,98.8,1.2
20120208003700,0.0,0.0,0.0,0.0,0.0,0.0,97.5,2.5
20120208003800,0.0,0.0,0.0,0.0,0.0,0.0,90.8,9.2
20120208003900,0.0,0.0,0.0,0.1,0.0,0.0,91.4,8.5
20120208004000,0.0,0.0,0.0,0.1,0.0,0.0,71.3,28.6
20120208004100,0.0,0.0,0.0,0.1,0.0,0.0,68.9,31.0
20120208004200,0.0,0.0,0.0,0.1,0.0,0.0,51.6,48.3
20120208004300,0.0,0.0,0.0,0.1,0.0,0.0,32.7,67.2
20120208004400,0.0,0.0,0.0,0.2,0.0,0.0,29.7,70.1
20120208004500,0.0,0.0,0.0,0.1,0.0,0.0,28.6,71.3
20120208004600,0.0,0.0,0.0,0.1,0.0,0.0,85.7,14.2
20120208004700,0.0,0.0,0.0,0.1,0.0,0.0,97.5,2.4
20120208004800,0.0,0.0,0.0,0.1,0.0,0.0,84.5,15.4
20120208004900,0.0,0.0,0.0,0.0,0.0,0.0,98.6,1.4
20120208005000,0.0,0.0,0.0,0.0,0.0,0.0,96.8,3.2
20120208005100,0.0,0.0,0.0,0.0,0.0,0.0,97.1,2.8
20120208005200,0.0,0.0,0.0,0.0,0.0,0.0,99.1,0.9
20120208005300,0.0,0.0,0.0,0.0,0.0,0.0,94.0,5.9
20120208005400,0.0,0.0,0.0,0.0,0.0,0.0,90.2,9.8
20120208005500,0.0,0.0,0.0,0.0,0.0,0.0,98.2,1.8
20120208005600,0.0,0.0,0.0,0.1,0.0,0.0,77.7,22.2
20120208005700,0.0,0.0,0.0,0.0,0.0,0.0,92.5,7.5
20120208005800,0.0,0.0,0.0,0.1,0.0,0.0,42.9,57.0
20120208005900,0.0,0.0,0.0,0.0,0.0,0.0,70.2,29.7
20120208010000,0.0,0.0,0.0,0.0,0.0,0.0,86.6,13.4
20120208010100,0.0,0.0,0.0,0.1,0.0,0.0,26.7,73.1
20120208010200,0.0,0.0,0.0,0.1,0.0,0.0,29.3,70.6
20120208010300,0.0,0.0,0.0,0.0,0.0,0.0,93.7,6.3
20120208010400,0.0,0.0,0.0,0.0,0.0,0.0,72.7,27.3
20120208010500,0.0,0.0,0.0,0.0,0.0,0.0,80.8,19.2
20120208010600,0.0,0.0,0.0,0.0,0.0,0.0,95.7,4.2
20120208010700,0.0,0.0,0.0,0.0,0.0,0.0,83.3,16.7
20120208010800,0.0,0.0,0.0,0.0,0.0,0.0,98.7,1.3
20120208010900,0.0,0.0,0.0,0.0,0.0,0.0,99.0,1.0
20120208011000,0.0,0.0,0.0,0.0,0.0,0.0,98.1,1.9
20120208011100,0.0,0.0,0.0,0.0,0.0,0.0,99.4,0.6
20120208011200,0.0,0.0,0.0,0.0,0.0,0.0,99.7,0.3
20120208011300,0.0,0.0,0.0,0.0,0.0,0.0,99.6,0.4
20120208011400,0.0,0.0,0.0,0.0,0.0,0.0,98.0,2.0
20120208011500,0.0,0.0,0.0,0.0,0.0,0.0,93.3,6.7
20120208011600,0.0,0.0,0.0,0.0,0.0,0.0,85.1,14.9
20120208011700,0.0,0.0,0.0,0.0,0.0,0.0,86.6,13.3
20120208011800,0.0,0.0,0.0,0.0,0.0,0.0,40.4,59.5
20120208011900,0.0,0.0,0.0,0.0,0.0,0.0,39.8,60.2
20120208012000,0.0,0.0,0.0,0.0,0.0,0.0,22.4,77.6
20120208012100,0.0,0.0,0.0,0.0,0.0,0.0,14.9,85.1
20120208012200,0.0,0.0,0.0,0.0,0.0,0.0,20.4,79.6
20120208012300,0.0,0.0,0.0,0.1,0.0,0.0,27.5,72.4
20120208012400,0.0,0.0,0.0,0.0,0.0,0.0,16.9,83.0
20120208012500,0.0,0.0,0.0,0.0,0.1,0.0,7.8,92.1
20120208012600,0.0,0.0,0.0,0.0,0.0,0.0,3.1,96.9
20120208012700,0.0,0.0,0.0,0.0,0.0,0.0,6.1,93.8
20120208012800,0.0,0.0,0.0,0.0,0.0,0.0,18.9,81.0
20120208012900,0.0,0.0,0.0,0.1,0.0,0.0,37.3,62.6
20120208013000,0.0,0.0,0.0,0.0,0.0,0.0,45.4,54.5
20120208013100,0.0,0.0,0.0,0.0,0.0,0.0,84.4,15.6
20120208013200,0.0,0.0,0.0,0.0,0.0,0.0,28.3,71.7
20120208013300,0.0,0.0,0.0,0.0,0.0,0.0,79.8,20.2
20120208013400,0.0,0.0,0.0,0.0,0.0,0.0,95.9,4.1
20120208013500,0.0,0.0,0.0,0.0,0.0,0.0,97.7,2.3
20120208013600,0.0,0.0,0.0,0.0,0.0,0.0,97.4,2.6
20120208013700,0.0,0.0,0.0,0.0,0.0,0.0,98.5,1.5
20120208013800,0.0,0.0,0.0,0.0,0.0,0.0,96.0,4.0
20120208013900,0.0,0.0,0.0,0.0,0.0,0.0,97.8,2.2
20120208014000,0.0,0.0,0.0,0.0,0.0,0.0,98.3,1.7
20120208014100,0.0,0.0,0.0,0.1,0.0,0.0,95.4,4.5
20120208014200,0.0,0.0,0.0,0.0,0.0,0.0,94.6,5.4
20120208014300,0.0,0.0,0.0,0.0,0.0,0.0,93.4,6.6
20120208014400,0.0,0.0,0.0,0.4,0.0,0.0,69.0,30.6
20120208014500,0.0,0.0,0.0,0.1,0.0,0.0,69.7,30.2
20120208014600,0.0,0.0,0.0,0.2,0.1,0.0,56.8,42.8
20120208014700,0.0,0.0,0.0,0.1,0.0,0.0,54.9,44.9
20120208014800,0.0,0.0,0.0,0.3,0.0,0.0,80.6,19.1
20120208014900,0.0,0.0,0.0,0.2,0.0,0.0,51.0,48.8
20120208015000,0.0,0.0,0.0,0.2,0.0,0.0,51.2,48.7
20120208015100,0.0,0.0,0.0,0.2,0.0,0.0,81.5,18.3
20120208015200,0.0,0.0,0.0,0.1,0.0,0.0,88.6,11.3
20120208015300,0.0,0.0,0.0,0.3,0.0,0.0,81.9,17.8
20120208015400,0.0,0.0,0.0,0.3,0.0,0.0,88.0,11.8
20120208015500,0.0,0.0,0.0,0.4,0.0,0.0,69.9,29.8
20120208015600,0.0,0.0,0.0,0.8,0.0,0.0,85.0,14.3
20120208015700,0.0,0.0,0.0,2.4,0.0,0.0,75.3,22.3
20120208015800,0.0,0.0,0.0,9.0,0.0,0.0,81.2,9.7
20120208015900,0.0,0.0,0.0,14.3,0.0,0.0,77.3,8.4
20120208020000,0.0,0.0,0.0,2.1,0.0,0.0,79.1,18.7
20120208020100,0.0,0.0,0.0,3.1,0.0,0.0,71.4,25.4
20120208020200,0.0,0.0,0.0,12.1,0.0,0.0,65.7,22.1
20120208020300,0.0,0.0,0.0,3.4,0.5,0.0,23.1,73.1
20120208020400,0.0,0.0,0.0,1.1,0.1,0.0,67.8,31.0
20120208020500,0.0,0.0,0.0,0.4,0.0,0.0,94.5,5.0
20120208020600,0.0,0.0,0.0,2.0,0.1,0.0,95.0,2.9
20120208020700,0.0,0.0,0.0,2.7,0.1,0.0,91.3,5.8
20120208020800,0.0,0.0,0.0,1.7,0.0,0.0,92.5,5.8
20120208020900,0.0,0.0,0.0,0.1,0.0,0.0,99.1,0.8
20120208021000,0.0,0.0,0.0,0.1,0.0,0.0,31.5,68.3
20120208021100,0.0,0.0,0.0,0.3,0.0,0.0,27.3,72.4
20120208021200,0.0,0.0,0.0,0.0,0.0,0.0,5.1,94.9
20120208021300,0.0,0.0,0.0,0.0,0.0,0.0,4.0,95.9
20120208021400,0.0,0.0,0.0,0.0,0.0,0.0,3.6,96.4
20120208021500,0.0,0.0,0.0,0.2,0.0,0.0,4.3,95.4
20120208021600,0.0,0.0,0.0,0.5,0.0,0.0,2.1,97.4
20120208021700,0.0,0.0,0.0,0.7,0.0,0.0,8.5,90.7
20120208021800,0.0,0.0,0.0,0.9,0.1,0.0,6.0,93.1
20120208021900,0.0,0.0,0.0,1.2,0.0,0.0,2.3,96.4
20120208022000,0.0,0.0,0.0,0.1,0.0,0.0,0.4,99.5
20120208022100,0.0,0.0,0.0,1.0,0.0,0.0,1.1,97.9
20120208022200,0.0,0.0,0.0,0.1,0.0,0.0,0.5,99.4
20120208022300,0.0,0.0,0.0,0.1,0.0,0.0,1.3,98.5
20120208022400,0.0,0.0,0.0,0.6,0.0,0.0,2.0,97.3
20120208022500,0.0,0.0,0.0,1.2,0.0,0.0,0.9,97.9
20120208022600,0.0,0.0,0.0,0.8,0.0,0.0,1.1,98.1
20120208022700,0.0,0.0,0.0,1.6,0.0,0.0,0.4,98.0
20120208022800,0.0,0.0,0.0,0.5,0.0,0.0,1.1,98.4
20120208022900,0.0,0.0,0.0,0.5,0.0,0.0,0.7,98.8
20120208023000,0.0,0.0,0.0,1.1,0.0,0.0,0.3,98.6
20120208023100,0.0,0.0,0.0,0.1,0.0,0.0,0.2,99.7
20120208023200,0.0,0.0,0.0,0.0,0.0,0.0,0.2,99.7
20120208023300,0.0,0.0,0.0,3.1,0.0,0.0,0.9,96.0
20120208023400,0.0,0.0,0.0,0.1,0.0,0.0,0.2,99.7
20120208023500,0.0,0.0,0.0,0.2,0.0,0.0,0.1,99.7
20120208023600,0.0,0.0,0.0,0.2,0.0,0.0,0.1,99.7
20120208023700,0.0,0.0,0.0,0.1,0.0,0.0,0.2,99.7
20120208023800,0.0,0.0,0.0,0.0,0.0,0.0,0.0,99.9
20120208023900,0.0,0.0,0.0,0.0,0.0,0.0,0.0,99.9
20120208024000,0.0,0.0,0.0,0.0,0.0,0.0,0.1,99.9
20120208024100,0.0,0.0,0.0,0.1,0.0,0.0,0.1,99.7
20120208024200,0.0,0.0,0.0,0.1,0.0,0.0,0.2,99.6
20120208024300,0.0,0.0,0.0,0.1,0.1,0.0,0.1,99.7
20120208024400,0.0,0.0,0.0,0.4,0.1,0.0,0.2,99.3
20120208024500,0.0,0.0,0.0,0.4,0.1,0.0,0.0,99.5
20120208024600,0.0,0.0,0.0,0.3,0.3,0.0,0.9,98.5
20120208024700,0.0,0.0,0.0,0.2,0.2,0.0,0.1,99.5
20120208024800,0.0,0.0,0.0,0.5,0.4,0.0,0.1,99.0
20120208024900,0.0,0.0,0.0,0.7,0.3,0.0,0.4,98.6
20120208025000,0.0,0.0,0.0,1.5,0.0,0.0,0.1,98.4
20120208025100,0.0,0.0,0.0,0.9,0.0,0.0,0.3,98.7
20120208025200,0.0,0.0,0.0,0.8,0.0,0.0,0.1,99.1
20120208025300,0.0,0.0,0.0,1.2,0.0,0.0,0.2,98.6
20120208025400,0.0,0.0,0.0,1.5,0.0,0.0,0.1,98.4
20120208025500,0.0,0.0,0.0,0.2,0.0,0.0,0.1,99.6
20120208025600,0.0,0.0,0.0,0.9,0.0,0.0,0.6,98.5
20120208025700,0.0,0.0,0.0,0.4,0.0,0.0,0.1,99.5
20120208025800,0.0,0.0,0.0,0.9,0.0,0.0,0.2,98.9
20120208025900,0.0,0.0,0.0,0.5,0.0,0.0,0.0,99.4
20120208030000,0.0,0.0,0.0,0.1,0.0,0.0,0.0,99.9
20120208030100,0.0,0.0,0.0,0.1,0.0,0.0,0.0,99.9
20120208030200,0.0,0.0,0.0,0.5,0.0,0.0,0.0,99.4
20120208030300,0.0,0.0,0.0,0.2,0.0,0.0,0.0,99.8
20120208030400,0.0,0.0,0.0,0.4,0.0,0.0,0.0,99.6
20120208030500,0.0,0.0,0.0,0.7,0.0,0.0,0.0,99.3
20120208030600,0.0,0.0,0.0,2.2,0.0,0.0,0.0,97.7
20120208030700,0.0,0.0,0.0,0.1,0.0,0.0,0.0,99.9
20120208030800,0.0,0.0,0.0,0.3,0.0,0.0,0.0,99.7
20120208030900,0.0,0.0,0.0,0.3,0.0,0.0,0.2,99.5
20120208031000,0.0,0.0,0.0,0.1,0.0,0.0,0.0,99.9
20120208031100,0.0,0.0,0.0,0.9,0.0,0.0,0.1,98.9
20120208031200,0.0,0.0,0.0,0.0,0.0,0.0,0.0,99.9
20120208031300,0.0,0.0,0.0,0.1,0.0,0.0,0.0,99.9
20120208031400,0.0,0.0,0.0,0.5,0.0,0.0,0.0,99.5
20120208031500,0.0,0.0,0.0,0.1,0.0,0.0,0.0,99.8
20120208031600,0.0,0.0,0.0,18.3,0.0,0.0,0.0,81.7
20120208031700,0.0,0.0,0.0,3.7,0.0,0.0,0.1,96.1
20120208031800,0.0,0.0,0.0,0.2,0.0,0.0,0.1,99.7
20120208031900,0.0,0.0,0.0,2.4,0.0,0.0,0.1,97.5
20120208032000,0.0,0.0,0.0,0.5,0.0,0.0,0.2,99.3
20120208032100,0.0,0.0,0.0,0.1,0.2,0.0,0.3,99.5
20120208032200,0.0,0.0,0.0,0.1,0.1,0.0,0.1,99.8
20120208032300,0.0,0.0,0.0,0.1,0.3,0.0,0.1,99.6
20120208032400,0.0,0.0,0.0,0.5,3.2,0.0,0.3,96.1
20120208032500,0.0,0.0,0.0,0.1,0.3,0.0,0.4,99.2
20120208032600,0.0,0.0,0.0,0.2,0.5,0.0,0.9,98.5
20120208032700,0.0,0.0,0.0,0.0,0.1,0.0,0.6,99.3
20120208032800,0.0,0.0,0.0,0.3,0.6,0.0,6.0,93.1
20120208032900,0.0,0.0,0.0,0.5,0.3,0.0,1.8,97.4
20120208033000,0.0,0.0,0.0,0.4,0.4,0.0,1.9,97.3
20120208033100,0.0,0.0,0.0,0.2,0.2,0.0,0.7,99.0
20120208033200,0.0,0.0,0.0,0.2,0.3,0.0,3.6,95.9
20120208033300,0.0,0.0,0.0,0.3,0.2,0.0,1.2,98.3
20120208033400,0.0,0.0,0.0,0.3,0.2,0.0,0.2,99.3
20120208033500,0.0,0.0,0.0,0.1,0.3,0.0,0.3,99.4
20120208033600,0.0,0.0,0.0,0.1,0.1,0.0,0.2,99.6
20120208033700,0.0,0.0,0.0,0.0,0.0,0.0,0.9,99.0
20120208033800,0.0,0.0,0.0,0.0,0.0,0.0,0.3,99.6
20120208033900,0.0,0.0,0.0,0.0,0.0,0.0,0.4,99.6
20120208034000,0.0,0.0,0.0,0.0,0.0,0.0,0.3,99.7
20120208034100,0.0,0.0,0.0,0.0,0.0,0.0,2.0,97.9
20120208034200,0.0,0.0,0.0,0.0,0.0,0.0,0.9,99.0
20120208034300,0.0,0.0,0.0,0.0,0.0,0.0,0.1,99.9
20120208034400,0.0,0.0,0.0,0.0,0.0,0.0,0.0,100.0
20120208034500,0.0,0.0,0.0,0.1,0.0,0.0,0.4,99.5
20120208034600,0.0,0.0,0.0,0.4,0.1,0.0,0.3,99.3
20120208034700,0.0,0.0,0.0,0.0,0.0,0.0,0.4,99.6
20120208034800,0.0,0.0,0.0,0.0,0.4,0.0,0.1,99.5
20120208034900,0.0,0.0,0.0,0.1,0.1,0.0,0.9,98.9
20120208035000,0.0,0.0,0.0,0.0,0.2,0.0,0.9,98.9
20120208035100,0.0,0.0,0.0,0.1,0.1,0.0,2.0,97.8
20120208035200,0.0,0.0,0.0,0.0,0.2,0.0,0.3,99.5
20120208035300,0.0,0.0,0.0,0.0,0.0,0.0,0.5,99.5
20120208035400,0.0,0.0,0.0,0.0,0.0,0.0,0.2,99.8
20120208035500,0.0,0.0,0.0,0.0,0.0,0.0,0.1,99.8
20120208035600,0.0,0.0,0.0,0.0,0.0,0.0,0.1,99.9
20120208035700,0.0,0.0,0.0,0.5,0.2,0.0,2.5,96.7
20120208035800,0.0,0.0,0.0,0.0,0.0,0.0,0.2,99.8
20120208035900,0.0,0.0,0.0,0.1,0.0,0.0,0.1,99.8
20120208040000,0.0,0.0,0.0,0.1,0.0,0.0,1.6,98.3
20120208040100,0.0,0.0,0.0,0.2,0.0,0.0,10.6,89.2
20120208040200,0.0,0.0,0.0,0.3,0.0,0.0,1.1,98.6
20120208040300,0.0,0.0,0.0,0.0,0.0,0.0,0.4,99.6
20120208040400,0.0,0.0,0.0,0.1,0.0,0.0,3.0,96.9
20120208040500,0.0,0.0,0.0,0.0,0.0,0.0,0.1,99.9
20120208040600,0.0,0.0,0.0,0.1,0.0,0.0,0.1,99.8
20120208040700,0.0,0.0,0.0,0.0,0.0,0.0,0.2,99.8
20120208040800,0.0,0.0,0.0,0.0,0.0,0.0,0.2,99.8
20120208040900,0.0,0.0,0.0,0.0,0.0,0.0,0.2,99.7
20120208041000,0.0,0.0,0.0,0.0,0.0,0.0,0.0,99.9
20120208041100,0.0,0.0,0.0,0.1,0.0,0.0,0.0,99.9
20120208041200,0.0,0.0,0.0,0.0,0.0,0.0,0.6,99.4
20120208041300,0.0,0.0,0.0,0.1,0.0,0.0,0.1,99.8
20120208041400,0.0,0.0,0.0,0.0,0.0,0.0,0.0,100.0
20120208041500,0.0,0.0,0.0,0.0,0.0,0.0,0.0,100.0
20120208041600,0.0,0.0,0.0,0.0,0.0,0.0,0.0,100.0
20120208041700,0.0,0.0,0.0,0.0,0.0,0.0,0.9,99.1
20120208041800,0.0,0.0,0.0,0.0,0.0,0.0,0.2,99.8
20120208041900,0.0,0.0,0.0,0.0,0.0,0.0,0.0,100.0
20120208042000,0.0,0.0,0.0,0.1,0.1,0.0,0.2,99.7
20120208042100,0.0,0.0,0.0,0.1,0.0,0.0,0.3,99.7
20120208042200,0.0,0.0,0.0,0.0,0.0,0.0,0.7,99.3
20120208042300,0.0,0.0,0.0,0.3,0.1,0.0,0.9,98.7
20120208042400,0.0,0.0,0.0,0.1,0.0,0.0,1.3,98.6
20120208042500,0.0,0.0,0.0,0.0,0.0,0.0,1.8,98.2
20120208042600,0.0,0.0,0.0,0.0,0.0,0.0,6.4,93.6
20120208042700,0.0,0.0,0.0,0.0,0.0,0.0,2.2,97.8
20120208042800,0.0,0.0,0.0,0.2,0.1,0.0,16.1,83.7
20120208042900,0.0,0.0,0.0,0.1,0.1,0.0,3.3,96.5
20120208043000,0.0,0.0,0.0,0.6,0.1,0.0,19.8,79.5
20120208043100,0.0,0.0,0.0,0.5,0.1,0.0,3.5,95.9
20120208043200,0.0,0.0,0.0,0.2,0.3,0.0,2.8,96.7
20120208043300,0.0,0.0,0.0,0.0,0.1,0.0,11.0,88.9
20120208043400,0.0,0.0,0.0,0.2,0.1,0.0,2.8,97.0
20120208043500,0.0,0.0,0.0,0.0,0.2,0.0,14.3,85.5
20120208043600,0.0,0.0,0.0,0.0,0.0,0.0,73.8,26.1
20120208043700,0.0,0.0,0.0,0.0,0.0,0.0,1.9,98.1
20120208043800,0.0,0.0,0.0,0.0,0.0,0.0,3.6,96.4
20120208043900,0.0,0.0,0.0,0.0,0.1,0.0,15.0,84.9
20120208044000,0.0,0.0,0.0,0.1,0.1,0.0,26.3,73.5
20120208044100,0.0,0.0,0.0,0.0,0.1,0.0,45.5,54.4
20120208044200,0.0,0.0,0.0,0.0,0.0,0.0,12.5,87.5
20120208044300,0.0,0.0,0.0,0.0,0.0,0.0,69.0,31.0
20120208044400,0.0,0.0,0.0,0.0,0.0,0.0,67.0,33.0
20120208044500,0.0,0.0,0.0,0.0,0.0,0.0,13.7,86.3
20120208044600,0.0,0.0,0.0,0.0,0.0,0.0,72.3,27.7
20120208044700,0.0,0.0,0.0,0.0,0.0,0.0,35.0,65.0
20120208044800,0.0,0.0,0.0,0.0,0.0,0.0,50.4,49.5
20120208044900,0.0,0.0,0.0,0.0,0.0,0.0,19.2,80.8
20120208045000,0.0,0.0,0.0,0.0,0.0,0.0,89.2,10.8
20120208045100,0.0,0.0,0.0,0.0,0.0,0.0,95.7,4.3
20120208045200,0.0,0.0,0.0,0.0,0.0,0.0,97.5,2.5
20120208045300,0.0,0.0,0.0,0.0,0.0,0.0,93.9,6.1
20120208045400,0.0,0.0,0.0,0.0,0.0,0.0,97.7,2.3
20120208045500,0.0,0.0,0.0,0.0,0.0,0.0,87.5,12.5
20120208045600,0.0,0.0,0.0,0.0,0.0,0.0,66.0,34.0
20120208045700,0.0,0.0,0.0,0.0,0.0,0.0,96.2,3.8
20120208045800,0.0,0.0,0.0,0.0,0.0,0.0,96.4,3.6
20120208045900,0.0,0.0,0.0,0.0,0.0,0.0,59.0,41.0
20120208050000,0.0,0.0,0.0,0.0,0.0,0.0,79.5,20.5
20120208050100,0.0,0.0,0.0,0.0,0.0,0.0,87.2,12.8
20120208050200,0.0,0.0,0.0,0.0,0.0,0.0,96.5,3.5
20120208050300,0.0,0.0,0.0,0.0,0.0,0.0,52.1,47.9
20120208050400,0.0,0.0,0.0,0.0,0.0,0.0,73.0,27.0
