UT,arc,discrete,diffuse,ac,ab,clear,cloudy,dd
20121204075500,0.0,0.0,0.0,0.0,0.0,0.0,0.1,99.9
20121204075600,0.0,0.0,0.0,0.0,0.0,0.0,0.9,99.1
20121204075700,0.0,0.0,0.0,0.0,0.0,0.0,1.0,99.0
20121204075800,0.0,0.0,0.0,0.0,0.0,0.0,0.9,99.1
20121204075900,0.0,0.0,0.0,0.0,0.0,0.0,1.1,98.9
20121204080000,0.0,0.0,0.0,0.0,0.0,0.0,0.7,99.3
20121204080100,0.0,0.0,0.0,0.0,0.0,0.0,0.3,99.7
20121204080200,0.0,0.0,0.0,0.0,0.0,0.0,0.1,99.9
20121204080300,0.0,0.0,0.0,0.0,0.0,0.0,0.3,99.7
20121204080400,0.0,0.0,0.0,0.0,0.0,0.0,0.0,100.0
20121204132800,0.0,0.0,0.0,0.0,0.0,0.0,0.0,100.0
20121204132900,0.0,0.0,0.0,0.0,0.0,0.0,0.0,100.0
20121204133000,0.0,0.0,0.0,0.0,0.0,0.0,0.0,100.0
20121204133100,0.0,0.0,0.0,0.0,0.0,0.0,0.0,100.0
20121204133200,0.0,0.0,0.0,0.0,0.0,0.0,0.0,100.0
20121204133300,0.0,0.0,0.0,0.0,0.0,0.0,0.0,100.0
20121204133400,0.0,0.0,0.0,0.0,0.0,0.0,0.0,100.0
20121204133500,0.0,0.0,0.0,0.0,0.0,0.0,0.0,100.0
20121204133600,0.0,0.0,0.0,0.0,0.0,0.0,0.0,100.0
20121204133700,0.0,0.0,0.0,0.0,0.0,0.0,0.0,100.0
20121204133800,0.0,0.0,0.0,0.0,0.0,0.0,0.0,100.0
20121204133900,0.0,0.0,0.0,0.0,0.0,0.0,0.0,100.0
20121204134000,0.0,0.0,0.0,0.0,0.0,0.0,0.0,100.0
20121204134100,0.0,0.0,0.0,0.0,0.0,0.0,0.0,100.0
20121204134200,0.0,0.0,0.0,0.0,0.0,0.0,0.0,100.0
20121204134300,0.0,0.0,0.0,0.0,0.0,0.0,0.0,100.0
20121204134400,0.0,0.0,0.0,0.0,0.0,0.0,0.0,100.0
20121204134500,0.0,0.0,0.0,0.0,0.0,0.0,0.0,100.0
20121204134600,0.0,0.0,0.0,0.0,0.0,0.0,0.0,100.0
20121204134700,0.0,0.0,0.0,0.0,0.0,0.0,0.0,100.0
20121204134800,0.0,0.0,0.0,0.0,0.0,0.0,0.0,100.0
20121204134900,0.0,0.0,0.0,0.0,0.0,0.0,0.0,100.0
20121204135000,0.0,0.0,0.0,0.0,0.0,0.0,0.0,100.0
20121204135100,0.0,0.0,0.0,0.0,0.0,0.0,0.0,100.0
20121204135200,0.0,0.0,0.0,0.0,0.0,0.0,0.0,100.0
20121204135300,0.0,0.0,0.0,0.0,0.0,0.0,0.0,100.0
20121204135400,0.0,0.0,0.0,0.0,0.0,0.0,0.0,100.0
20121204135500,0.0,0.0,0.0,0.0,0.0,0.0,0.0,100.0
20121204135600,0.0,0.0,0.0,0.0,0.0,0.0,0.0,100.0
20121204135700,0.0,0.0,0.0,0.0,0.0,0.0,0.0,100.0
20121204135800,0.0,0.0,0.0,0.0,0.0,0.0,0.0,100.0
20121204135900,0.0,0.0,0.0,0.0,0.0,0.0,0.0,100.0
20121204140000,0.0,0.0,0.0,0.0,0.0,0.0,0.0,100.0
20121204140100,0.0,0.0,0.0,0.0,0.0,0.0,0.0,100.0
20121204140200,0.0,0.0,0.0,0.0,0.0,0.0,0.0,100.0
20121204140300,0.0,0.0,0.0,0.0,0.0,0.0,0.0,100.0
20121204140400,0.0,0.0,0.0,0.0,0.0,0.0,0.0,100.0
20121204140500,0.0,0.0,0.0,0.0,0.0,0.0,0.0,100.0
20121204140600,0.0,0.0,0.0,0.0,0.0,0.0,0.0,100.0
20121204140700,0.0,0.0,0.0,0.0,0.0,0.0,0.0,100.0
20121204140800,0.0,0.0,0.0,0.0,0.0,0.0,0.0,100.0
20121204140900,0.0,0.0,0.0,0.0,0.0,0.0,0.0,100.0
20121204141000,0.0,0.0,0.0,0.0,0.0,0.0,0.0,100.0
20121204141100,0.0,0.0,0.0,0.0,0.0,0.0,0.0,100.0
20121204141200,0.0,0.0,0.0,0.0,0.0,0.0,0.0,100.0
20121204141300,0.0,0.0,0.0,0.0,0.0,0.0,0.0,100.0
20121204141400,0.0,0.0,0.0,0.0,0.0,0.0,0.0,100.0
20121204141500,0.0,0.0,0.0,0.0,0.0,0.0,0.0,100.0
20121204141600,0.0,0.0,0.0,0.0,0.0,0.0,0.0,100.0
20121204141700,0.0,0.0,0.0,0.0,0.0,0.0,0.0,100.0
20121204141800,0.0,0.0,0.0,0.0,0.0,0.0,0.0,100.0
20121204141900,0.0,0.0,0.0,0.0,0.0,0.0,0.0,100.0
20121204142000,0.0,0.0,0.0,0.0,0.0,0.0,0.0,100.0
20121204142100,0.0,0.0,0.0,0.0,0.0,0.0,0.0,100.0
20121204142200,0.0,0.0,0.0,0.0,0.0,0.0,0.0,100.0
20121204142300,0.0,0.0,0.0,0.0,0.0,0.0,0.0,100.0
20121204142400,0.0,0.0,0.0,0.0,0.0,0.0,0.0,100.0
20121204142500,0.0,0.0,0.0,0.0,0.0,0.0,0.0,100.0
20121204142600,0.0,0.0,0.0,0.0,0.0,0.0,0.0,100.0
20121204142700,0.0,0.0,0.0,0.0,0.0,0.0,0.0,100.0
20121204142800,0.0,0.0,0.0,0.0,0.0,0.0,0.0,100.0
20121204142900,0.0,0.0,0.0,0.0,0.0,0.0,0.0,100.0
20121204143000,0.0,0.0,0.0,0.0,0.0,0.0,0.0,100.0
20121204143100,0.0,0.0,0.0,0.0,0.0,0.0,0.0,100.0
20121204143200,0.0,0.0,0.0,0.0,0.0,0.0,0.0,100.0
20121204143300,0.0,0.0,0.0,0.0,0.0,0.0,0.0,100.0
20121204143400,0.0,0.0,0.0,0.0,0.0,0.0,0.0,100.0
20121204143500,0.0,0.0,0.0,0.0,0.0,0.0,0.0,100.0
20121204143600,0.0,0.0,0.0,0.0,0.0,0.0,0.0,100.0
20121204143700,0.0,0.0,0.0,0.0,0.0,0.0,0.0,100.0
20121204143800,0.0,0.0,0.0,0.0,0.0,0.0,0.0,100.0
20121204143900,0.0,0.0,0.0,0.0,0.0,0.0,0.0,100.0
20121204144000,0.0,0.0,0.0,0.0,0.0,0.0,0.0,100.0
20121204144100,0.0,0.0,0.0,0.0,0.0,0.0,0.0,100.0
20121204144200,0.0,0.0,0.0,0.0,0.0,0.0,0.0,100.0
20121204144300,0.0,0.0,0.0,0.0,0.0,0.0,0.0,100.0
20121204144400,0.0,0.0,0.0,0.0,0.0,0.0,0.0,100.0
20121204144500,0.0,0.0,0.0,0.0,0.0,0.0,0.0,100.0
20121204144600,0.0,0.0,0.0,0.0,0.0,0.0,0.0,100.0
20121204144700,0.0,0.0,0.0,0.0,0.0,0.0,0.0,100.0
20121204144800,0.0,0.0,0.0,0.0,0.0,0.0,0.0,100.0
20121204144900,0.0,0.0,0.0,0.0,0.0,0.0,0.0,100.0
20121204145000,0.0,0.0,0.0,0.0,0.0,0.0,0.0,100.0
20121204145100,0.0,0.0,0.0,0.0,0.0,0.0,0.0,100.0
20121204145200,0.0,0.0,0.0,0.0,0.0,0.0,0.0,100.0
20121204145300,0.0,0.0,0.0,0.0,0.0,0.0,0.0,100.0
20121204145400,0.0,0.0,0.0,0.0,0.0,0.0,0.0,100.0
20121204145500,0.0,0.0,0.0,0.0,0.0,0.0,0.0,100.0
20121204145600,0.0,0.0,0.0,0.0,0.0,0.0,0.0,100.0
20121204145700,0.0,0.0,0.0,0.0,0.0,0.0,0.0,100.0
20121204145800,0.0,0.0,0.0,0.0,0.0,0.0,0.0,100.0
20121204145900,0.0,0.0,0.0,0.0,0.0,0.0,0.0,100.0
20121204150000,0.0,0.0,0.0,0.0,0.0,0.1,0.0,99.9
20121204150100,0.0,0.0,0.0,0.0,0.0,0.1,0.0,99.9
20121204150200,0.0,0.0,0.0,0.0,0.0,2.1,0.0,97.9
20121204150300,0.0,0.0,0.0,0.0,0.0,3.9,0.0,96.1
20121204150400,0.0,0.0,0.0,0.0,0.0,11.7,0.0,88.3
20121204150500,0.0,0.0,0.0,0.0,0.0,41.9,0.0,58.1
20121204150600,0.0,0.0,0.0,0.0,0.0,99.5,0.0,0.5
20121204150700,0.0,0.0,0.0,0.0,0.0,99.7,0.0,0.3
20121204150800,0.0,0.0,0.0,0.0,0.0,98.7,0.0,1.3
20121204150900,0.0,0.0,0.0,0.0,0.0,100.0,0.0,0.0
20121204151000,0.0,0.0,0.0,0.0,0.0,99.9,0.0,0.1
20121204151100,0.0,0.0,0.0,0.0,0.0,100.0,0.0,0.0
20121204151200,0.0,0.0,0.0,0.0,0.0,100.0,0.0,0.0
20121204151300,0.0,0.0,0.0,0.0,0.0,100.0,0.0,0.0
20121204151400,0.0,0.0,0.0,0.0,0.0,100.0,0.0,0.0
20121204151500,0.0,0.0,0.0,0.0,0.0,100.0,0.0,0.0
20121204151600,0.0,0.0,0.0,0.0,0.0,100.0,0.0,0.0
20121204151700,0.0,0.0,0.0,0.0,0.0,100.0,0.0,0.0
20121204151800,0.0,0.0,0.0,0.0,0.0,100.0,0.0,0.0
20121204151900,0.0,0.0,0.0,0.0,0.0,100.0,0.0,0.0
20121204152000,0.0,0.0,0.0,0.0,0.0,100.0,0.0,0.0
20121204152100,0.0,0.0,0.0,0.0,0.0,100.0,0.0,0.0
20121204152200,0.0,0.0,0.0,0.0,0.0,100.0,0.0,0.0
20121204152300,0.0,0.0,0.0,0.0,0.0,100.0,0.0,0.0
20121204152400,0.0,0.0,0.0,0.0,0.0,100.0,0.0,0.0
20121204152500,0.0,0.0,0.0,0.0,0.0,100.0,0.0,0.0
20121204152600,0.0,0.0,0.0,0.0,0.0,100.0,0.0,0.0
20121204152700,0.0,0.0,0.0,0.0,0.0,100.0,0.0,0.0
20121204152800,0.0,0.0,0.0,0.0,0.0,100.0,0.0,0.0
20121204152900,0.0,0.0,0.0,0.0,0.0,100.0,0.0,0.0
20121204153000,0.0,0.0,0.0,0.0,0.0,100.0,0.0,0.0
20121204153100,0.1,0.0,0.0,0.0,0.0,99.9,0.0,0.0
20121204153200,0.0,0.0,0.0,0.0,0.0,100.0,0.0,0.0
20121204153300,0.0,0.0,0.0,0.0,0.0,100.0,0.0,0.0
20121204153400,0.0,0.0,0.0,0.0,0.0,100.0,0.0,0.0
20121204153500,0.0,0.0,0.0,0.0,0.0,100.0,0.0,0.0
20121204153600,0.0,0.0,0.0,0.0,0.0,99.9,0.1,0.0
20121204153700,0.0,0.0,0.0,0.0,0.0,100.0,0.0,0.0
20121204153800,0.0,0.0,0.0,0.0,0.0,100.0,0.0,0.0
20121204153900,0.0,0.0,0.0,0.0,0.0,100.0,0.0,0.0
20121204154000,0.0,0.0,0.0,0.0,0.0,100.0,0.0,0.0
20121204154100,0.0,0.0,0.0,0.0,0.0,99.9,0.1,0.0
20121204154200,0.0,0.0,0.0,0.0,0.0,100.0,0.0,0.0
20121204154300,0.0,0.0,0.0,0.0,0.0,100.0,0.0,0.0
20121204154400,0.0,0.0,0.0,0.0,0.0,100.0,0.0,0.0
20121204154500,0.0,0.0,0.0,0.0,0.0,99.8,0.2,0.0
20121204154600,0.4,0.0,0.0,0.0,0.0,98.9,0.4,0.3
20121204154700,0.0,0.0,0.0,0.0,0.0,100.0,0.0,0.0
20121204154800,0.0,0.0,0.0,0.0,0.0,100.0,0.0,0.0
20121204154900,0.0,0.0,0.0,0.0,0.0,100.0,0.0,0.0
20121204155000,0.0,0.0,0.0,0.0,0.0,100.0,0.0,0.0
20121204155100,0.0,0.0,0.0,0.0,0.0,84.7,15.1,0.2
20121204155200,0.0,0.0,0.0,0.0,0.0,100.0,0.0,0.0
20121204155300,0.0,0.0,0.0,0.0,0.0,100.0,0.0,0.0
20121204155400,0.0,0.0,0.0,0.0,0.0,100.0,0.0,0.0
20121204155500,0.0,0.0,0.0,0.0,0.0,99.9,0.1,0.0
20121204155600,0.0,0.0,0.0,0.0,0.0,98.6,1.3,0.0
20121204155700,0.0,0.0,0.0,0.0,0.0,99.6,0.3,0.1
20121204155800,6.9,0.0,0.0,0.0,0.0,66.8,24.0,2.2
20121204155900,0.4,0.0,0.0,0.0,0.0,98.9,0.7,0.1
20121204160000,2.3,0.0,0.0,0.0,0.2,36.6,52.3,8.4
20121204160100,1.3,0.1,0.1,0.2,0.2,17.1,28.3,52.7
20121204160200,0.8,0.4,0.0,0.2,0.3,12.7,10.4,75.2
20121204160300,1.3,0.0,0.0,0.1,0.0,23.5,13.1,61.9
20121204160400,0.6,0.1,0.0,0.1,0.4,28.0,28.8,42.0
20121204160500,2.1,0.1,0.0,0.0,0.2,79.9,14.8,3.0
20121204160600,0.3,0.0,0.0,0.0,0.0,39.1,58.0,2.5
20121204160700,0.2,0.0,0.0,0.0,0.0,74.1,11.4,14.1
20121204160800,0.9,0.0,0.0,0.0,0.2,88.4,8.5,1.9
20121204160900,0.2,0.0,0.0,0.0,0.0,40.6,30.6,28.6
20121204161000,0.1,0.0,0.0,0.0,0.0,8.6,15.4,75.9
20121204161100,1.0,0.1,0.1,0.0,0.2,17.6,21.1,60.0
20121204161200,1.3,0.1,0.1,0.0,0.2,70.4,10.6,17.3
20121204161300,2.6,0.4,0.1,0.1,0.6,13.4,32.4,50.5
20121204161400,0.5,0.1,0.0,0.0,0.4,89.5,2.5,6.8
20121204161500,0.2,0.2,0.1,0.0,0.1,81.9,11.2,6.2
20121204161600,1.0,0.1,0.2,0.0,0.3,41.1,44.5,12.8
20121204161700,0.0,0.2,0.1,0.0,0.0,86.3,2.5,10.9
20121204161800,0.0,0.0,0.0,0.0,0.0,97.5,1.8,0.6
20121204161900,0.1,0.0,0.0,0.0,0.0,96.9,2.6,0.4
20121204162000,1.2,0.0,0.0,0.1,0.1,51.1,37.2,10.2
20121204162100,3.0,0.0,0.0,0.0,0.2,44.9,22.4,29.4
20121204162200,0.5,0.0,0.0,0.0,0.0,99.2,0.3,0.0
20121204162300,4.3,0.0,0.1,0.0,0.1,79.5,14.5,1.4
20121204162400,0.4,0.0,0.0,0.0,0.0,98.5,0.5,0.6
20121204162500,0.1,0.0,0.0,0.0,0.0,99.5,0.4,0.1
20121204162600,0.1,0.0,0.0,0.1,0.0,34.0,22.5,43.3
20121204162700,0.1,0.0,0.1,0.1,0.0,24.3,53.7,21.6
20121204162800,0.0,0.0,0.0,0.4,0.0,1.6,47.4,50.6
20121204162900,0.2,0.0,0.0,0.7,0.0,2.3,27.2,69.5
20121204163000,2.3,0.0,0.3,0.1,0.1,42.4,46.4,8.3
20121204163100,0.1,0.0,0.0,0.0,0.0,99.1,0.7,0.1
20121204163200,0.1,0.0,0.0,0.0,0.0,99.9,0.0,0.0
20121204163300,0.1,0.0,0.0,0.0,0.0,97.4,2.5,0.0
20121204163400,2.2,0.0,0.0,0.0,0.0,95.3,2.5,0.0
20121204163500,0.8,0.0,0.0,0.0,0.0,69.9,29.2,0.0
20121204163600,0.9,0.0,0.0,0.0,0.0,0.5,98.3,0.3
20121204163700,0.3,0.0,0.1,0.0,0.0,98.1,1.1,0.4
20121204163800,0.0,0.0,0.0,0.0,0.0,99.7,0.2,0.1
20121204163900,1.4,0.0,0.0,0.0,0.0,87.6,10.8,0.0
20121204164000,0.0,0.0,0.2,0.0,0.1,19.0,12.3,68.4
20121204164100,0.1,0.0,0.0,0.0,0.1,96.4,2.6,0.8
20121204164200,0.1,0.0,0.0,0.0,0.0,95.0,4.8,0.1
20121204164300,0.1,0.0,0.0,0.0,0.0,99.5,0.4,0.0
20121204164400,0.2,0.0,0.0,0.1,0.0,79.4,17.6,2.6
20121204164500,0.0,0.1,0.0,0.7,0.0,5.1,33.1,61.0
20121204164600,0.0,0.0,0.0,0.0,0.0,0.3,4.3,95.3
20121204164700,0.0,0.0,0.1,0.0,0.1,27.8,63.2,8.6
20121204164800,1.8,0.4,0.1,0.0,0.3,25.9,8.1,63.5
20121204164900,0.5,0.2,0.1,0.2,0.1,93.1,3.7,2.2
20121204165000,6.9,0.1,0.0,0.2,0.1,61.6,11.1,20.0
20121204165100,0.1,0.0,0.0,0.0,0.0,99.6,0.1,0.1
20121204165200,5.3,0.5,0.0,0.5,0.2,77.9,4.0,11.5
20121204165300,0.1,0.1,0.3,0.1,0.0,85.5,7.1,6.9
20121204165400,0.0,0.1,0.0,0.1,0.0,9.1,10.2,80.5
20121204165500,0.0,0.0,0.0,0.3,0.0,0.6,8.9,90.1
20121204165600,0.0,0.0,0.0,0.0,0.0,1.7,0.7,97.6
20121204165700,0.0,0.1,0.0,0.1,0.0,3.1,4.2,92.5
20121204165800,0.1,0.0,0.0,0.0,0.0,96.5,0.1,3.3
20121204165900,0.1,0.0,0.0,0.0,0.0,96.5,1.1,2.3
20121204170000,0.0,0.0,0.0,0.0,0.0,2.9,1.0,96.1
20121204170100,0.0,0.0,0.0,0.0,0.0,69.9,0.9,29.1
20121204170200,0.1,0.0,0.0,0.1,0.0,4.3,71.8,23.7
20121204170300,0.0,0.0,0.0,0.0,0.0,16.5,3.7,79.7
20121204170400,0.1,0.0,0.0,0.0,0.0,91.9,1.8,6.2
20121204170500,0.1,0.2,0.0,0.0,0.1,87.0,4.4,8.1
20121204170600,0.0,0.0,0.0,0.0,0.0,59.5,0.7,39.7
20121204170700,0.2,0.1,0.0,0.0,0.0,97.2,0.8,1.6
20121204170800,0.0,0.1,0.0,0.1,0.0,16.6,6.8,76.4
20121204170900,0.0,0.0,0.0,0.0,0.0,46.2,0.9,52.8
20121204171000,0.0,0.0,0.0,0.0,0.0,11.1,1.4,87.4
20121204171100,0.0,0.0,0.0,0.0,0.0,1.6,0.2,98.1
20121204171200,0.0,0.0,0.0,0.0,0.0,5.0,2.5,92.4
20121204171300,0.0,0.0,0.0,0.0,0.0,0.7,4.1,95.2
20121204171400,0.0,0.0,0.0,0.0,0.0,0.1,1.4,98.5
20121204171500,0.0,0.0,0.0,0.0,0.0,0.2,0.9,98.9
20121204171600,0.0,0.0,0.0,0.1,0.0,0.2,9.1,90.6
20121204171700,0.0,0.0,0.0,0.1,0.0,0.3,4.0,95.6
20121204171800,0.0,0.0,0.0,0.0,0.0,6.6,1.2,92.2
20121204171900,0.0,0.0,0.0,0.0,0.0,1.3,2.5,96.2
20121204172000,0.0,0.0,0.0,0.0,0.0,0.1,0.0,99.9
20121204172100,0.0,0.0,0.0,0.0,0.0,11.5,0.4,88.1
20121204172200,0.0,0.0,0.0,0.0,0.0,1.4,0.3,98.3
20121204172300,0.0,0.0,0.0,0.0,0.0,3.5,0.4,96.0
20121204172400,0.0,0.0,0.0,0.0,0.0,1.0,0.5,98.5
20121204172500,0.0,0.0,0.0,0.0,0.0,2.6,0.5,96.9
20121204172600,0.0,0.0,0.0,0.0,0.0,41.8,0.4,57.7
20121204172700,0.0,0.0,0.0,0.0,0.0,0.2,1.6,98.2
20121204172800,0.0,0.0,0.0,0.0,0.0,0.7,1.3,98.0
20121204172900,0.0,0.0,0.0,0.0,0.0,0.0,0.5,99.5
20121204173000,0.0,0.0,0.0,0.0,0.0,0.4,2.0,97.6
20121204173100,0.0,0.0,0.0,0.0,0.0,0.1,0.1,99.8
20121204173200,0.0,0.0,0.0,0.0,0.0,0.1,0.7,99.2
20121204173300,0.0,0.0,0.0,0.0,0.0,0.6,3.0,96.4
20121204173400,0.0,0.0,0.0,0.0,0.0,0.3,0.2,99.5
20121204173500,0.0,0.0,0.0,0.0,0.0,0.9,1.9,97.2
20121204173600,0.0,0.0,0.0,0.0,0.0,0.1,0.7,99.1
20121204173700,0.0,0.0,0.0,0.0,0.0,0.8,0.8,98.3
20121204173800,0.0,0.0,0.0,0.0,0.0,26.8,1.4,71.7
20121204173900,0.0,0.0,0.0,0.0,0.0,0.3,0.7,99.0
20121204174000,0.0,0.0,0.0,0.0,0.0,5.4,2.6,92.0
20121204174100,0.0,0.0,0.0,0.0,0.0,7.5,8.3,84.1
20121204174200,0.0,0.0,0.0,0.0,0.0,0.0,0.3,99.6
20121204174300,0.0,0.0,0.0,0.0,0.0,2.5,7.1,90.4
20121204174400,0.0,0.0,0.0,0.0,0.0,3.8,31.0,65.2
20121204174500,0.0,0.0,0.0,0.0,0.0,0.0,12.4,87.5
20121204174600,0.1,0.0,0.0,0.1,0.0,3.6,64.1,32.1
20121204174700,0.0,0.0,0.0,0.0,0.0,1.3,3.9,94.7
20121204174800,0.0,0.0,0.0,0.0,0.0,0.3,5.1,94.6
20121204174900,0.0,0.0,0.0,0.1,0.0,1.5,30.2,68.1
20121204175000,0.0,0.0,0.0,0.3,0.0,1.3,21.7,76.8
20121204175100,0.0,0.0,0.0,0.1,0.0,0.7,24.6,74.7
20121204175200,0.0,0.0,0.0,0.1,0.0,0.7,7.7,91.5
20121204175300,0.0,0.0,0.0,0.4,0.0,22.5,30.4,46.5
20121204175400,0.0,0.0,0.0,0.1,0.0,0.7,18.6,80.5
20121204175500,0.0,0.0,0.0,0.2,0.0,0.4,10.2,89.2
20121204175600,0.0,0.0,0.0,0.1,0.0,0.5,27.7,71.7
20121204175700,0.0,0.0,0.0,0.1,0.0,1.6,7.2,91.1
20121204175800,0.0,0.0,0.0,0.1,0.0,0.3,7.1,92.6
20121204175900,0.0,0.0,0.0,0.3,0.0,0.9,6.8,91.9
20121204180000,0.0,0.0,0.0,1.1,0.0,10.2,7.4,81.3
20121204180100,0.0,0.0,0.0,0.4,0.0,4.3,30.2,65.0
20121204180200,0.0,0.0,0.0,0.1,0.0,0.8,5.7,93.3
20121204180300,0.1,0.0,0.0,1.0,0.0,2.2,7.2,89.6
20121204180400,0.0,0.0,0.0,0.4,0.0,0.6,34.4,64.5
20121204180500,0.0,0.0,0.0,0.0,0.0,0.1,1.0,99.0
20121204180600,0.0,0.0,0.0,0.1,0.0,0.1,3.1,96.7
20121204180700,0.0,0.0,0.0,0.0,0.0,0.0,2.5,97.4
20121204180800,0.1,0.0,0.0,0.0,0.0,2.7,48.5,48.6
20121204180900,2.2,0.8,0.1,2.0,1.6,68.4,14.2,10.7
20121204181000,0.5,0.2,0.0,1.5,0.0,57.2,33.4,7.0
20121204181100,0.2,0.2,0.0,0.3,0.0,2.7,43.5,53.1
20121204181200,1.1,0.1,0.0,0.1,0.0,56.9,6.0,35.8
20121204181300,0.8,0.1,0.0,0.1,0.0,33.6,55.6,9.7
20121204181400,0.8,0.0,0.0,0.0,0.0,81.0,9.1,9.0
20121204181500,0.2,0.0,0.0,0.0,0.0,96.7,1.6,1.4
20121204181600,0.6,0.1,0.0,0.2,0.0,85.3,0.5,13.3
20121204181700,0.2,0.0,0.0,0.1,0.0,97.4,0.5,1.7
20121204181800,0.5,1.2,0.0,0.1,0.1,89.4,1.8,6.9
20121204181900,2.8,1.5,0.1,0.0,0.3,93.0,1.6,0.8
20121204182000,1.0,0.7,0.1,0.1,0.9,83.3,9.1,4.8
20121204182100,0.2,0.1,0.0,0.0,0.1,88.2,7.8,3.6
20121204182200,1.5,0.1,0.0,0.0,0.1,97.0,0.6,0.7
20121204182300,3.5,0.1,0.0,0.0,0.2,95.5,0.1,0.6
20121204182400,0.6,0.0,0.0,0.0,0.0,99.0,0.3,0.1
20121204182500,3.6,0.0,0.0,0.0,0.0,95.8,0.1,0.4
20121204182600,3.3,0.0,0.0,0.0,0.1,95.6,0.4,0.4
20121204182700,11.3,0.1,0.0,0.1,0.2,82.4,4.9,1.1
20121204182800,3.0,0.0,0.0,0.0,0.0,96.5,0.3,0.1
20121204182900,7.4,0.0,0.0,0.0,0.2,92.0,0.2,0.3
20121204183000,3.0,0.0,0.0,0.0,0.0,96.2,0.5,0.2
20121204183100,1.7,0.0,0.0,0.0,0.1,95.1,2.3,0.7
20121204183200,4.5,0.0,0.0,0.0,0.1,92.9,1.1,1.4
20121204183300,0.7,0.1,0.0,0.1,0.0,83.4,4.0,11.6
20121204183400,5.5,0.0,0.0,0.2,0.3,77.8,0.9,15.3
20121204183500,6.4,0.1,0.0,0.1,0.2,86.0,1.3,5.8
20121204183600,1.1,0.0,0.0,0.0,0.2,96.9,1.5,0.2
20121204183700,8.1,0.0,0.0,0.0,0.2,91.2,0.1,0.5
20121204183800,0.5,0.0,0.0,0.0,0.0,98.9,0.2,0.3
20121204183900,2.6,1.4,0.3,0.4,0.7,46.3,20.7,27.5
20121204184000,1.3,2.3,1.0,2.7,0.9,33.5,13.3,44.9
20121204184100,0.3,2.6,0.4,0.3,0.5,43.9,37.8,14.3
20121204184200,0.2,14.7,0.5,0.5,3.0,2.7,34.1,44.2
20121204184300,0.1,27.7,0.1,0.1,0.5,0.3,11.9,59.3
20121204184400,0.1,34.1,0.6,1.2,3.6,1.0,33.8,25.6
20121204184500,0.0,19.1,0.0,1.7,1.3,0.3,12.1,65.5
20121204184600,0.0,14.1,0.0,1.7,19.3,0.1,42.1,22.6
20121204184700,0.1,13.6,0.0,1.5,3.4,0.0,37.9,43.3
20121204184800,0.0,0.7,0.0,1.1,3.7,0.0,71.9,22.6
20121204184900,0.0,0.1,0.0,1.2,0.3,0.0,78.1,20.3
20121204185000,0.2,0.7,0.2,7.3,6.4,0.7,69.3,15.3
20121204185100,1.4,0.9,1.3,8.1,4.8,4.1,70.4,8.9
20121204185200,1.5,0.2,0.2,1.4,0.3,0.9,68.1,27.2
20121204185300,0.1,0.0,0.0,0.0,0.0,97.6,2.3,0.0
20121204185400,0.0,0.0,0.0,0.0,0.0,98.1,1.8,0.0
20121204185500,0.0,0.0,0.0,0.0,0.0,99.7,0.2,0.0
20121204185600,0.0,0.0,0.0,0.0,0.0,99.9,0.1,0.0
20121204185700,0.0,0.0,0.0,0.0,0.0,99.7,0.2,0.0
20121204185800,0.0,0.0,0.0,0.0,0.0,93.6,6.2,0.1
20121204185900,0.0,0.0,0.0,0.0,0.0,99.9,0.1,0.0
20121204190000,0.0,0.0,0.0,0.0,0.0,99.9,0.1,0.0
20121204190100,0.0,0.0,0.0,0.0,0.0,99.9,0.1,0.0
20121204190200,0.4,0.0,0.0,0.0,0.0,99.5,0.1,0.0
20121204190300,0.0,0.0,0.0,0.0,0.0,99.9,0.0,0.0
20121204190400,0.0,0.0,0.0,0.0,0.0,100.0,0.0,0.0
20121204190500,0.0,0.0,0.0,0.0,0.0,100.0,0.0,0.0
20121204190600,1.9,0.0,0.0,0.0,0.1,98.0,0.0,0.0
20121204190700,12.3,0.1,0.0,0.0,0.3,87.3,0.1,0.0
20121204190800,3.7,0.1,0.0,0.0,0.0,95.9,0.2,0.0
20121204190900,57.0,1.0,0.5,0.6,0.1,39.4,1.3,0.1
20121204191000,81.2,0.6,0.4,4.8,0.2,11.6,1.3,0.0
20121204191100,27.8,0.0,0.0,0.1,0.0,71.6,0.4,0.0
20121204191200,2.6,0.0,0.0,0.0,0.0,97.4,0.0,0.0
20121204191300,61.4,0.0,0.0,0.0,0.0,38.6,0.0,0.0
20121204191400,19.4,0.0,0.0,0.0,0.0,80.6,0.0,0.0
20121204191500,4.7,0.0,0.0,0.0,0.0,95.3,0.0,0.0
20121204191600,73.3,0.0,0.0,0.0,0.0,26.7,0.0,0.0
20121204191700,9.6,0.2,0.3,0.1,0.2,88.9,0.5,0.3
20121204191800,63.3,9.7,1.8,8.1,8.5,7.0,0.9,0.9
20121204191900,68.1,0.4,0.6,1.2,1.7,26.7,0.4,0.7
20121204192000,56.7,0.6,0.0,4.9,0.2,36.0,1.5,0.1
20121204192100,88.7,1.7,0.0,0.1,1.5,7.9,0.1,0.0
20121204192200,16.9,0.0,0.0,0.0,0.0,83.1,0.0,0.0
20121204192300,84.3,0.0,0.0,0.0,0.1,15.6,0.0,0.0
20121204192400,70.8,0.0,0.2,0.1,0.2,28.5,0.1,0.1
20121204192500,0.1,0.0,0.0,0.0,0.0,98.7,0.8,0.4
20121204192600,0.8,0.0,0.0,0.1,0.0,98.2,0.4,0.5
20121204192700,13.2,0.1,0.3,0.0,0.2,82.6,2.1,1.4
20121204192800,64.2,0.0,0.0,0.0,0.0,35.5,0.1,0.0
20121204192900,33.4,0.6,0.0,0.0,0.4,63.9,1.5,0.1
20121204193000,41.4,0.0,0.0,0.0,0.0,58.5,0.0,0.0
20121204193100,96.6,0.0,0.0,0.0,0.0,3.4,0.0,0.0
20121204193200,91.9,0.0,0.0,0.0,0.0,8.0,0.0,0.0
20121204193300,81.1,0.0,0.0,0.0,0.0,18.9,0.0,0.0
20121204193400,13.3,0.0,0.0,0.0,0.0,86.7,0.0,0.0
20121204193500,3.8,0.0,0.0,0.0,0.0,96.2,0.0,0.0
20121204193600,82.8,0.0,0.0,0.0,0.0,17.2,0.0,0.0
20121204193700,86.8,0.0,0.0,0.0,0.0,13.2,0.0,0.0
20121204193800,47.8,0.1,0.0,0.1,0.0,52.0,0.0,0.0
20121204193900,9.9,0.1,0.1,0.1,0.0,86.2,0.8,2.9
20121204194000,11.2,0.1,0.0,0.0,0.2,87.4,0.6,0.4
20121204194100,4.9,0.0,0.4,0.0,0.4,91.1,0.2,2.9
20121204194200,10.7,0.0,0.1,0.6,0.1,84.4,0.4,3.6
20121204194300,0.1,0.0,0.0,0.0,0.0,94.3,0.2,5.4
20121204194400,1.0,0.0,0.0,0.0,0.0,94.6,1.5,2.8
20121204194500,0.3,0.0,0.0,0.0,0.0,98.7,0.1,1.0
20121204194600,0.0,0.1,0.0,0.0,0.1,98.9,0.6,0.3
20121204194700,1.1,0.1,0.0,0.1,0.0,23.5,0.5,74.6
20121204194800,0.0,0.0,0.0,0.0,0.0,99.7,0.0,0.1
20121204194900,0.1,0.1,0.0,0.0,0.1,97.9,0.9,0.9
20121204195000,0.0,0.0,0.0,0.0,0.0,99.5,0.0,0.4
20121204195100,0.0,0.0,0.0,0.0,0.0,99.7,0.0,0.2
20121204195200,0.3,0.1,0.1,0.0,0.1,86.7,1.2,11.6
20121204195300,0.6,0.2,0.2,0.0,0.3,97.0,0.2,1.5
20121204195400,0.0,0.0,0.0,0.0,0.0,99.7,0.1,0.0
20121204195500,0.9,0.0,0.1,0.0,0.0,97.9,0.4,0.6
20121204195600,0.1,0.0,0.1,0.0,0.0,99.2,0.5,0.1
20121204195700,0.0,0.0,0.0,0.1,0.0,99.4,0.1,0.4
20121204195800,0.4,0.0,0.0,0.1,0.0,96.9,0.2,2.4
20121204195900,0.0,0.0,0.0,0.0,0.0,99.8,0.1,0.0
20121204200000,0.1,0.0,0.1,0.0,0.0,98.5,0.8,0.5
20121204200100,1.2,0.1,1.7,0.0,0.0,96.7,0.1,0.2
20121204200200,0.3,0.0,0.1,0.0,0.1,96.6,0.4,2.5
20121204200300,0.0,0.0,0.0,0.0,0.0,100.0,0.0,0.0
20121204200400,0.0,0.0,0.0,0.0,0.0,100.0,0.0,0.0
20121204200500,0.0,0.0,0.0,0.0,0.0,100.0,0.0,0.0
20121204200600,0.0,0.0,0.0,0.0,0.0,100.0,0.0,0.0
20121204200700,0.0,0.0,0.0,0.0,0.0,100.0,0.0,0.0
20121204200800,0.0,0.0,0.0,0.0,0.0,99.2,0.3,0.4
20121204200900,0.1,0.0,0.0,0.0,0.0,94.8,3.9,1.2
20121204201000,0.0,0.0,0.0,0.0,0.0,99.9,0.1,0.0
20121204201100,2.0,0.0,0.0,0.0,0.0,98.0,0.0,0.0
20121204201200,99.6,0.0,0.0,0.0,0.3,0.2,0.0,0.0
20121204201300,99.8,0.0,0.0,0.0,0.0,0.2,0.0,0.0
20121204201400,99.1,0.0,0.0,0.1,0.7,0.0,0.0,0.0
20121204201500,86.6,0.4,0.3,0.1,0.7,11.9,0.0,0.0
20121204201600,91.3,0.3,0.4,0.1,0.2,7.8,0.0,0.0
20121204201700,58.1,0.2,4.3,0.5,0.1,36.7,0.0,0.1
20121204201800,98.3,0.1,0.0,0.1,0.5,1.0,0.0,0.0
20121204201900,18.7,0.0,0.0,13.8,0.3,64.0,0.0,3.1
20121204202000,2.0,0.1,4.3,0.1,1.1,84.8,0.2,7.5
20121204202100,0.8,0.4,62.4,7.2,2.7,12.6,1.1,12.8
20121204202200,0.6,0.1,30.6,3.9,0.0,59.3,2.6,2.8
20121204202300,2.0,0.5,14.0,81.9,0.2,1.3,0.1,0.1
20121204202400,6.6,0.1,60.3,24.0,0.0,8.9,0.0,0.0
20121204202500,0.6,0.0,87.5,0.3,0.0,9.8,1.5,0.3
20121204202600,0.1,0.0,79.4,1.4,0.0,18.9,0.2,0.0
20121204202700,2.8,0.0,82.9,12.5,0.0,1.5,0.1,0.2
20121204202800,0.1,0.0,88.9,10.3,0.0,0.7,0.0,0.0
20121204202900,0.0,0.0,93.1,0.6,0.0,2.3,3.6,0.4
20121204203000,0.0,0.1,2.1,0.0,0.0,1.3,93.6,2.9
20121204203100,0.0,0.0,6.1,0.3,0.0,0.4,60.5,32.6
20121204203200,0.0,0.0,40.2,0.9,0.0,16.2,39.0,3.7
20121204203300,0.0,0.0,1.5,0.0,0.0,1.2,97.1,0.2
20121204203400,0.0,0.0,0.5,0.0,0.0,0.1,99.4,0.1
20121204203500,0.0,0.0,13.1,0.0,0.0,9.1,77.7,0.1
20121204203600,0.0,0.0,3.9,0.0,0.0,0.1,95.7,0.2
20121204203700,0.0,0.0,61.3,0.1,0.0,1.1,36.3,1.1
20121204203800,0.0,0.0,3.0,0.9,0.0,0.5,84.5,11.0
20121204203900,0.1,0.0,9.1,4.3,0.2,1.5,37.9,47.0
20121204204000,0.0,0.1,30.8,2.8,0.1,0.5,42.4,23.3
20121204204100,0.0,0.0,17.5,0.7,0.0,0.0,73.1,8.6
20121204204200,0.0,0.0,4.2,0.0,0.0,0.0,95.3,0.4
20121204204300,0.0,0.0,12.5,0.4,0.0,0.2,86.7,0.2
20121204204400,0.1,0.0,42.7,0.2,0.0,0.9,51.9,4.2
20121204204500,0.1,0.1,6.4,2.4,0.1,0.3,89.9,0.8
20121204204600,0.0,0.0,2.3,0.6,0.1,0.0,93.4,3.5
20121204204700,0.0,0.1,3.4,0.4,0.1,0.0,76.7,19.2
20121204204800,0.0,0.0,2.5,0.6,0.0,0.0,94.1,2.8
20121204204900,0.0,0.0,0.3,0.1,0.0,0.0,98.9,0.6
20121204205000,0.2,0.0,3.0,8.7,0.1,0.1,83.8,4.1
20121204205100,0.1,0.0,1.1,4.7,0.1,1.4,86.2,6.5
20121204205200,0.1,0.0,3.8,0.1,0.0,5.0,90.3,0.7
20121204205300,0.0,0.0,1.6,0.0,0.0,1.3,96.8,0.2
20121204205400,0.0,0.0,0.0,0.1,0.0,0.0,98.1,1.7
20121204205500,0.0,0.0,0.8,0.0,0.0,0.2,95.3,3.6
20121204205600,0.0,0.0,0.0,0.0,0.0,0.0,99.8,0.2
20121204205700,0.0,0.1,0.0,0.0,0.0,0.0,97.5,2.3
20121204205800,0.0,0.0,0.0,0.0,0.0,0.0,99.5,0.5
20121204205900,0.0,0.0,0.0,0.0,0.0,0.0,98.4,1.6
20121204210000,0.0,0.0,0.3,0.2,0.0,0.0,98.5,0.9
20121204210100,0.0,0.0,0.0,0.0,0.0,0.0,99.9,0.0
20121204210200,0.0,0.0,0.0,0.0,0.0,0.0,100.0,0.0
20121204210300,0.0,0.2,0.6,4.9,0.0,6.3,86.7,1.2
20121204210400,0.0,0.0,0.0,0.0,0.0,0.7,98.4,0.9
20121204210500,0.0,0.2,0.1,0.4,0.0,36.6,62.0,0.7
20121204210600,0.0,0.0,0.1,0.1,0.0,2.1,95.3,2.4
20121204210700,0.0,0.0,0.3,0.8,0.0,2.4,94.1,2.3
20121204210800,0.0,0.0,1.9,0.1,0.0,0.4,94.8,2.8
20121204210900,0.0,0.0,0.5,0.0,0.0,1.3,97.9,0.2
20121204211000,0.0,0.1,0.1,0.3,0.0,4.1,94.0,1.5
20121204211100,0.0,0.0,0.0,0.0,0.0,2.9,96.9,0.2
20121204211200,0.0,0.1,0.0,0.0,0.0,95.8,3.0,1.0
20121204211300,0.0,0.0,0.0,1.5,0.0,21.9,69.5,7.0
20121204211400,0.0,0.0,0.0,0.0,0.0,24.9,69.9,5.1
20121204211500,0.0,0.0,0.0,0.0,0.0,12.6,74.5,12.9
20121204211600,0.0,0.0,0.5,0.0,0.0,0.7,94.1,4.7
20121204211700,0.0,0.0,0.8,0.0,0.0,3.7,51.7,43.8
20121204211800,0.7,6.6,0.3,8.7,0.0,20.6,13.5,49.6
20121204211900,0.2,0.6,0.7,0.8,0.0,35.3,36.9,25.6
20121204212000,0.0,0.3,0.1,0.0,0.0,6.0,92.2,1.4
20121204212100,0.1,0.1,0.2,0.1,0.0,32.4,57.1,9.9
20121204212200,0.0,0.0,0.5,0.0,0.0,4.5,94.6,0.4
20121204212300,0.0,0.0,1.0,0.0,0.0,0.2,96.3,2.4
20121204212400,0.0,0.0,0.0,0.0,0.0,0.0,98.8,1.2
20121204212500,0.0,0.0,0.1,0.0,0.0,0.2,82.6,17.1
20121204212600,0.0,0.0,0.4,0.0,0.0,0.1,22.1,77.4
20121204212700,0.0,0.0,0.0,0.0,0.0,0.0,0.6,99.4
20121204212800,0.0,0.0,0.1,0.0,0.0,0.1,1.2,98.7
20121204212900,0.0,0.0,2.1,0.0,0.0,0.5,27.0,70.4
20121204213000,0.0,0.0,0.1,0.1,0.0,3.5,87.2,9.0
20121204213100,0.2,0.1,1.0,0.2,0.0,43.7,13.2,41.7
20121204213200,0.0,0.0,2.7,0.0,0.0,79.8,8.9,8.5
20121204213300,0.1,0.0,0.1,0.0,0.0,5.3,35.1,59.4
20121204213400,0.0,0.0,0.9,0.0,0.0,14.3,25.0,59.8
20121204213500,0.0,0.0,0.1,0.0,0.0,0.2,25.6,74.2
20121204213600,0.0,0.0,1.1,0.0,0.0,0.2,64.3,34.4
20121204213700,0.0,0.0,0.0,0.0,0.0,0.0,1.3,98.7
20121204213800,0.0,0.0,0.4,0.0,0.0,0.1,4.9,94.6
20121204213900,0.0,0.3,0.0,0.0,0.0,13.2,13.8,72.6
20121204214000,0.0,0.9,0.0,0.0,0.0,68.9,25.4,4.7
20121204214100,0.0,0.1,0.0,0.0,0.0,2.7,73.6,23.6
20121204214200,0.0,0.7,0.0,0.0,0.0,53.0,4.7,41.5
20121204214300,0.0,0.1,0.0,0.0,0.0,82.4,6.9,10.6
20121204214400,0.0,0.0,0.0,0.0,0.0,97.9,2.0,0.1
20121204214500,0.0,0.2,0.0,0.0,0.0,88.0,3.3,8.4
20121204214600,0.0,0.2,0.0,0.0,0.0,98.7,0.6,0.5
20121204214700,0.0,0.2,0.0,0.0,0.0,65.6,12.9,21.3
20121204214800,0.0,0.2,0.0,0.0,0.0,73.5,5.4,20.8
20121204214900,0.0,0.0,0.0,0.0,0.0,21.5,45.5,32.9
20121204215000,0.0,0.0,0.0,0.0,0.0,46.6,28.9,24.4
20121204215100,0.0,0.1,0.0,0.0,0.0,69.3,10.0,20.6
20121204215200,0.0,0.0,0.0,0.0,0.0,0.1,0.4,99.5
20121204215300,0.0,0.0,0.0,0.0,0.0,0.1,0.1,99.8
20121204215400,0.0,0.0,0.0,0.0,0.0,0.0,0.3,99.7
20121204215500,0.0,0.0,0.1,0.0,0.0,0.0,3.0,96.9
20121204215600,0.0,0.0,0.6,0.0,0.0,0.0,0.3,99.1
20121204215700,0.0,0.1,2.1,0.0,0.0,1.1,35.6,61.1
20121204215800,0.1,0.4,3.1,0.0,0.0,10.8,24.0,61.6
20121204215900,0.0,0.0,0.0,0.0,0.0,0.2,35.9,63.8
20121204220000,0.0,0.0,0.2,0.0,0.0,0.2,98.8,0.8
20121204220100,0.0,0.0,0.0,0.0,0.0,0.0,98.9,1.0
20121204220200,0.0,0.0,0.0,0.0,0.0,0.0,100.0,0.0
20121204220300,0.0,0.0,0.0,0.0,0.0,0.0,98.1,1.9
20121204220400,0.0,0.0,0.0,0.0,0.0,0.0,99.5,0.5
20121204220500,0.0,0.0,0.1,0.0,0.0,0.0,96.7,3.2
20121204220600,0.0,0.1,0.2,0.0,0.0,0.0,95.1,4.6
20121204220700,0.0,0.0,0.1,0.1,0.0,0.0,86.3,13.4
20121204220800,0.0,0.1,3.1,0.4,0.0,0.0,93.8,2.5
20121204220900,0.0,0.0,0.2,0.0,0.0,0.0,99.8,0.0
20121204221000,0.0,0.0,0.0,0.0,0.0,0.0,99.9,0.1
20121204221100,0.0,0.0,12.1,0.0,0.0,0.1,86.3,1.5
20121204221200,0.0,0.0,7.0,0.0,0.0,0.1,92.1,0.8
20121204221300,0.0,0.0,2.4,0.0,0.0,0.1,86.5,10.9
20121204221400,0.0,0.0,0.0,0.0,0.0,0.0,50.1,49.8
20121204221500,0.0,0.0,0.0,0.0,0.0,0.2,81.5,18.3
20121204221600,0.0,0.0,0.0,0.0,0.0,93.8,0.6,5.6
20121204221700,0.0,0.0,0.0,0.0,0.0,97.0,0.0,2.9
20121204221800,0.0,0.0,0.0,0.0,0.0,98.5,0.0,1.5
20121204221900,0.0,0.0,0.0,0.0,0.0,99.9,0.0,0.1
20121204222000,0.1,0.0,0.0,0.0,0.0,96.7,0.1,3.2
20121204222100,0.1,0.0,0.0,0.0,0.0,96.5,0.6,2.6
20121204222200,0.9,0.1,0.1,0.1,0.2,92.0,2.7,4.1
20121204222300,0.6,0.0,0.0,0.0,0.4,75.6,0.3,23.1
20121204222400,0.5,0.0,0.0,0.0,0.0,38.6,0.1,60.7
20121204222500,0.1,0.0,0.0,0.0,0.1,72.8,0.1,26.9
20121204222600,0.0,0.0,0.0,0.0,0.1,82.7,0.0,17.1
20121204222700,0.0,0.0,0.0,0.0,0.0,82.3,0.6,17.0
20121204222800,0.5,0.0,0.1,0.0,1.6,29.1,0.3,68.4
20121204222900,0.3,0.0,0.0,0.0,0.0,96.7,0.4,2.6
20121204223000,0.1,0.0,0.0,0.0,0.1,52.3,0.4,47.1
20121204223100,2.3,0.0,0.0,0.0,0.4,55.9,0.3,41.0
20121204223200,1.9,0.0,0.0,0.0,0.0,97.0,0.0,1.0
20121204223300,0.2,0.0,0.0,0.0,0.0,99.2,0.5,0.1
20121204223400,0.5,0.0,0.2,0.0,0.0,77.7,14.3,7.3
20121204223500,0.1,0.0,0.0,0.0,0.0,11.0,17.8,71.0
20121204223600,0.2,0.0,0.1,0.0,0.1,16.1,80.1,3.4
20121204223700,0.2,0.1,0.2,0.0,1.3,94.8,2.9,0.4
20121204223800,1.2,0.3,0.1,0.0,0.4,44.4,51.3,2.3
20121204223900,15.0,0.7,2.7,0.4,10.6,22.0,20.3,28.3
20121204224000,6.2,0.3,1.1,1.2,19.9,40.1,17.6,13.7
20121204224100,9.9,2.9,6.3,0.1,2.6,44.8,24.9,8.5
20121204224200,2.6,0.9,0.8,0.1,13.2,4.1,63.4,14.9
20121204224300,1.4,3.8,1.0,0.2,25.9,5.6,39.0,23.2
20121204224400,0.1,0.7,0.6,1.2,6.4,26.9,20.0,43.9
20121204224500,2.4,0.5,0.9,2.1,16.7,24.9,13.1,39.4
20121204224600,0.6,0.5,0.2,0.0,34.1,14.8,2.8,47.0
20121204224700,1.6,0.1,0.5,0.0,0.9,11.6,38.4,46.9
20121204224800,0.7,0.0,0.7,0.0,0.3,48.4,39.2,10.7
20121204224900,0.1,0.2,0.7,0.1,1.5,4.3,89.1,3.9
20121204225000,0.1,0.0,1.0,0.1,0.4,3.6,93.5,1.3
20121204225100,7.3,0.9,4.9,0.5,22.7,31.8,28.1,3.8
20121204225200,3.0,0.6,0.5,0.7,23.5,30.9,17.9,22.9
20121204225300,2.4,2.0,2.9,0.2,8.6,65.4,14.7,3.6
20121204225400,4.0,0.3,0.4,0.3,20.8,57.1,5.7,11.4
20121204225500,4.4,0.9,2.4,0.4,6.8,36.9,42.6,5.7
20121204225600,4.1,0.5,3.7,0.4,71.1,1.4,8.1,10.7
20121204225700,1.7,0.1,4.4,0.3,35.7,4.0,4.6,49.1
20121204225800,0.8,0.8,3.4,0.5,83.0,8.2,2.7,0.6
20121204225900,0.4,0.3,0.1,0.1,75.5,11.9,7.4,4.2
20121204230000,0.3,0.0,0.1,0.0,97.6,1.8,0.1,0.1
20121204230100,5.4,2.3,1.8,1.0,77.2,2.8,7.0,2.4
20121204230200,1.9,0.5,1.0,1.1,65.6,6.4,3.1,20.5
20121204230300,0.7,1.2,0.9,0.2,31.3,22.7,13.4,29.7
20121204230400,2.6,2.0,0.1,0.5,19.5,21.2,4.8,49.3
20121204230500,5.8,1.8,0.1,0.4,47.5,8.1,8.8,27.6
20121204230600,0.4,0.3,0.0,0.1,39.4,3.3,10.8,45.7
20121204230700,0.3,0.2,0.0,0.0,5.7,4.5,0.7,88.6
20121204230800,11.0,2.3,5.1,0.1,21.6,39.2,1.8,18.9
20121204230900,1.6,0.6,1.9,0.8,4.1,22.9,1.8,66.4
20121204231000,0.8,4.0,3.6,0.1,27.0,27.7,4.2,32.6
20121204231100,2.5,0.6,0.8,0.2,6.5,20.9,30.0,38.5
20121204231200,0.5,0.1,0.0,0.1,0.1,2.2,49.2,47.8
20121204231300,1.4,0.5,0.0,0.2,2.1,4.3,65.7,25.8
20121204231400,0.0,0.1,0.0,0.0,0.5,0.4,97.9,1.0
20121204231500,0.1,0.1,0.1,0.1,0.6,33.6,4.1,61.4
20121204231600,0.5,1.7,0.2,0.0,8.6,21.4,26.5,41.1
20121204231700,0.1,0.1,0.2,0.4,1.0,3.7,2.7,91.8
20121204231800,0.2,0.6,0.1,0.2,0.3,35.7,2.8,60.1
20121204231900,0.1,0.4,0.0,0.1,1.6,14.6,10.4,72.9
20121204232000,0.3,0.4,0.1,0.1,1.2,1.9,3.3,92.7
20121204232100,2.5,0.6,0.1,0.1,1.4,35.9,47.8,11.7
20121204232200,0.1,0.3,0.2,0.0,0.9,31.9,4.0,62.4
20121204232300,0.8,1.3,1.3,0.1,7.3,43.0,5.8,40.4
20121204232400,0.3,3.7,0.3,0.2,1.2,9.6,14.5,70.3
20121204232500,1.1,0.5,1.0,0.2,15.3,38.8,11.2,32.0
20121204232600,0.5,3.7,0.2,0.0,14.7,10.0,32.9,38.0
20121204232700,0.3,0.5,0.1,0.0,5.9,25.0,9.0,59.1
20121204232800,0.0,0.3,0.0,0.0,0.6,3.6,5.9,89.6
20121204232900,0.0,0.2,0.1,0.0,0.3,28.4,34.9,36.1
20121204233000,0.0,0.0,0.0,0.0,0.1,3.6,1.3,95.0
20121204233100,0.0,0.0,0.0,0.0,0.0,0.7,0.5,98.8
20121204233200,0.0,0.0,0.0,0.0,0.2,1.5,1.0,97.2
20121204233300,0.3,1.0,0.3,0.0,1.4,70.7,3.5,22.8
20121204233400,0.8,2.0,0.0,0.0,1.5,46.7,4.8,44.2
20121204233500,0.1,0.0,0.1,0.0,0.1,91.8,0.3,7.7
20121204233600,0.0,0.0,0.0,0.0,0.0,0.4,0.1,99.5
20121204233700,0.0,0.0,0.0,0.0,0.0,0.4,0.0,99.5
20121204233800,0.0,0.0,0.0,0.0,0.0,0.3,0.5,99.2
20121204233900,0.1,0.1,0.1,0.0,2.1,12.0,6.4,79.3
20121204234000,0.1,0.2,0.0,0.0,0.1,3.3,0.7,95.6
20121204234100,0.0,0.4,0.0,0.0,0.1,17.1,1.1,81.3
20121204234200,0.2,0.5,0.0,0.0,2.7,79.6,3.3,13.6
20121204234300,0.1,0.1,3.1,0.0,0.5,86.6,2.7,7.0
20121204234400,0.5,0.1,0.1,0.1,1.3,18.4,0.7,78.7
20121204234500,0.3,2.8,0.1,0.0,4.4,89.7,1.1,1.6
20121204234600,0.1,0.5,0.1,0.1,0.6,21.7,1.1,75.8
20121204234700,0.1,3.7,0.1,0.0,1.9,32.0,12.8,49.4
20121204234800,0.0,0.1,0.0,0.0,0.7,2.8,2.7,93.6
20121204234900,0.4,1.7,0.1,0.0,8.7,11.6,17.8,59.6
20121204235000,0.2,0.3,0.0,0.0,1.4,33.8,15.6,48.7
20121204235100,0.6,0.2,0.1,0.1,12.6,9.8,10.3,66.4
20121204235200,0.1,0.2,0.0,0.0,0.5,4.3,5.6,89.3
20121204235300,0.0,0.0,0.0,0.0,0.6,57.8,7.1,34.4
20121204235400,0.7,0.5,0.1,0.0,11.4,63.0,6.3,18.0
20121204235500,0.1,0.5,0.0,0.0,5.5,23.5,1.6,68.8
20121204235600,0.1,0.2,0.0,0.0,5.8,6.0,4.4,83.5
20121204235700,0.0,0.1,0.0,0.0,0.3,0.1,2.1,97.3
20121204235800,0.1,0.0,0.0,0.0,0.4,1.7,3.9,93.8
20121204235900,0.1,0.1,0.1,0.0,35.9,2.3,19.5,41.9
20121205000000,0.0,0.1,0.0,0.0,9.8,0.4,16.2,73.4
20121205000100,1.6,0.2,1.4,0.0,3.8,16.9,29.4,46.6
20121205000200,0.1,0.1,0.6,0.0,2.6,9.6,15.5,71.5
20121205000300,0.0,0.1,0.1,0.1,0.8,3.7,20.8,74.4
20121205000400,0.1,0.3,0.2,0.0,1.4,6.9,13.2,77.9
20121205000500,0.1,0.7,0.4,0.1,2.4,6.9,21.8,67.6
20121205000600,0.4,0.2,1.6,0.0,8.8,28.5,23.5,36.9
20121205000700,0.1,0.3,0.1,0.1,6.7,6.3,18.7,67.7
20121205000800,0.0,0.0,0.0,0.0,0.5,0.1,3.1,96.3
20121205000900,0.0,0.1,0.3,0.0,0.6,0.9,1.6,96.4
20121205001000,0.1,0.1,0.1,0.2,3.4,0.6,7.9,87.7
20121205001100,0.0,0.0,0.1,0.0,5.3,0.7,30.9,62.9
20121205001200,0.1,0.0,0.3,0.0,2.9,5.5,76.8,14.5
20121205001300,0.1,0.0,0.3,0.2,27.5,3.3,52.6,15.9
20121205001400,0.0,0.0,0.0,0.0,46.2,0.8,32.1,20.8
20121205001500,0.1,0.1,0.1,0.3,3.8,0.9,8.4,86.4
20121205001600,0.1,0.3,0.1,0.1,3.6,9.0,14.4,72.4
20121205001700,0.1,0.1,0.0,0.1,1.6,2.4,11.6,84.2
20121205001800,0.0,0.1,0.1,0.2,1.5,0.7,27.6,69.8
20121205001900,0.1,0.0,0.0,0.0,3.2,1.3,34.5,60.7
20121205002000,0.0,0.0,0.0,0.0,0.3,0.3,10.1,89.3
20121205002100,0.0,0.0,0.1,0.0,1.1,0.3,26.5,71.9
20121205002200,0.0,0.0,0.0,0.0,0.0,0.1,3.5,96.4
20121205002300,0.0,0.0,0.0,0.0,0.3,0.3,5.9,93.5
20121205002400,0.0,0.1,0.0,0.0,0.5,0.5,14.8,84.1
20121205002500,0.0,0.1,0.1,0.2,1.2,0.8,76.6,21.0
20121205002600,0.0,0.0,0.0,0.1,0.5,1.0,30.9,67.6
20121205002700,0.0,0.0,0.0,0.0,0.0,0.0,0.7,99.3
20121205002800,0.0,0.0,0.0,0.0,0.4,0.0,1.2,98.3
20121205002900,0.0,0.0,0.0,0.0,0.1,0.1,3.8,96.0
20121205003000,0.0,0.3,0.3,0.0,0.6,0.2,2.8,95.8
20121205003100,0.0,0.0,0.1,0.0,0.0,0.3,2.0,97.6
20121205003200,0.0,0.0,0.1,0.0,0.4,0.1,1.9,97.5
20121205003300,0.0,0.0,0.1,0.0,1.3,0.3,5.8,92.6
20121205003400,0.0,0.0,0.0,0.0,0.0,0.0,0.2,99.8
20121205003500,0.0,0.0,0.3,0.0,0.2,0.1,3.8,95.5
20121205003600,0.0,0.0,0.0,0.0,0.1,0.0,0.4,99.3
20121205003700,0.1,0.0,0.2,0.1,1.8,0.3,24.1,73.5
20121205003800,0.0,0.0,0.2,0.0,2.6,0.1,22.3,74.7
20121205003900,0.1,0.0,0.2,0.1,2.6,0.2,70.0,26.8
20121205004000,0.0,0.0,0.3,0.0,0.3,0.3,54.1,45.0
20121205004100,0.1,0.1,0.8,0.1,2.7,0.8,33.8,61.6
20121205004200,0.0,0.0,0.0,0.0,1.1,0.3,52.8,45.7
20121205004300,0.0,0.0,0.0,0.0,0.2,0.0,18.3,81.4
20121205004400,0.0,0.0,0.0,0.0,0.0,0.0,1.8,98.1
20121205004500,0.0,0.0,0.0,0.0,0.0,0.0,0.9,99.1
20121205004600,0.0,0.0,0.0,0.0,0.2,0.3,9.5,90.0
20121205004700,0.0,0.0,0.0,0.0,0.4,2.6,29.1,67.9
20121205004800,0.0,0.0,0.0,0.0,0.1,0.3,14.9,84.7
20121205004900,0.0,0.0,0.0,0.0,0.1,0.3,2.9,96.6
20121205005000,0.0,0.0,0.0,0.0,0.0,0.3,23.0,76.6
20121205005100,0.0,0.0,0.0,0.0,0.0,0.6,9.1,90.3
20121205005200,0.0,0.0,0.0,0.0,0.7,2.1,6.0,91.1
20121205005300,0.0,0.0,0.0,0.0,0.0,0.4,2.5,97.0
20121205005400,0.0,0.0,0.0,0.0,0.0,0.1,0.9,98.9
20121205005500,0.0,0.0,0.1,0.0,0.1,3.5,4.8,91.4
20121205005600,0.0,0.0,0.1,0.0,0.1,0.3,11.1,88.5
20121205005700,0.0,0.0,0.1,0.0,0.1,0.0,68.6,31.2
20121205005800,0.0,0.0,0.1,0.0,0.0,0.0,78.7,21.2
20121205005900,0.0,0.0,0.0,0.0,0.0,0.0,0.6,99.4
20121205010000,0.0,0.0,0.0,0.0,0.0,0.0,0.4,99.6
20121205010100,0.0,0.0,0.0,0.0,0.0,0.0,0.0,100.0
20121205010200,0.0,0.0,0.0,0.0,0.0,0.0,0.0,100.0
20121205010300,0.0,0.0,0.0,0.0,0.0,0.0,0.1,99.8
20121205010400,0.0,0.0,0.0,0.0,0.0,0.2,0.2,99.5
20121205010500,0.0,0.0,0.1,0.0,0.1,0.8,1.9,97.1
20121205010600,0.0,0.0,0.1,0.0,0.0,4.1,4.4,91.3
20121205010700,0.0,0.0,0.2,0.0,0.0,0.1,2.2,97.5
20121205010800,0.1,0.0,0.7,0.0,0.0,1.0,18.8,79.3
20121205010900,0.0,0.0,0.1,0.0,0.0,0.0,0.3,99.6
20121205011000,0.0,0.0,0.1,0.0,0.0,0.1,0.6,99.1
20121205011100,0.0,0.0,0.1,0.0,0.0,2.4,0.3,97.2
20121205011200,0.0,0.0,0.0,0.0,0.0,2.2,0.9,96.8
20121205011300,0.0,0.0,0.1,0.0,0.0,0.7,1.1,98.2
20121205011400,0.0,0.0,0.5,0.0,0.0,0.2,0.3,99.0
20121205011500,0.0,0.0,0.2,0.0,0.0,1.9,0.4,97.4
20121205011600,0.0,0.0,0.0,0.0,0.0,0.0,0.1,99.9
20121205011700,0.0,0.0,0.1,0.0,0.0,0.5,0.1,99.2
20121205011800,0.0,0.0,0.1,0.0,0.0,0.1,0.2,99.6
20121205011900,0.0,0.0,0.2,0.0,0.0,0.4,0.2,99.2
20121205012000,0.0,0.0,0.0,0.0,0.0,0.0,0.1,99.8
20121205012100,0.0,0.0,0.1,0.0,0.0,0.3,0.1,99.4
20121205012200,0.0,0.0,0.0,0.0,0.0,0.1,0.2,99.6
20121205012300,0.0,0.0,0.0,0.0,0.0,0.2,0.1,99.7
20121205012400,0.0,0.0,0.0,0.0,0.0,0.2,0.1,99.7
20121205012500,0.0,0.0,0.0,0.0,0.0,0.1,0.0,99.9
20121205012600,0.0,0.0,0.0,0.0,0.0,0.1,0.1,99.8
20121205012700,0.0,0.0,0.1,0.0,0.0,0.1,0.0,99.8
20121205012800,0.0,0.0,0.0,0.0,0.0,0.4,0.0,99.5
20121205012900,0.0,0.0,0.0,0.0,0.0,0.0,0.0,99.9
20121205013000,0.0,0.0,0.1,0.0,0.0,0.5,0.1,99.3
20121205013100,0.0,0.0,0.0,0.0,0.0,0.2,0.0,99.8
20121205013458,0.0,0.0,0.1,0.0,0.0,1.4,0.1,98.4
20121205013558,0.0,0.0,0.0,0.0,0.0,0.2,0.0,99.8
20121205013658,0.0,0.0,0.0,0.0,0.0,0.3,0.0,99.6
20121205013758,0.0,0.0,0.0,0.0,0.0,0.3,0.0,99.7
20121205013858,0.0,0.0,0.0,0.0,0.0,1.1,0.0,98.9
20121205013958,0.0,0.0,0.0,0.0,0.0,0.8,0.0,99.2
20121205014058,0.0,0.0,0.0,0.0,0.0,0.0,0.0,99.9
20121205014158,0.0,0.0,0.0,0.0,0.0,0.4,0.0,99.6
20121205014258,0.0,0.0,0.0,0.0,0.0,0.8,0.0,99.1
20121205014358,0.0,0.0,0.0,0.0,0.0,0.2,0.0,99.7
20121205014458,0.0,0.0,0.0,0.0,0.0,0.2,0.0,99.8
20121205014558,0.0,0.0,0.0,0.0,0.0,1.3,0.0,98.6
20121205014658,0.0,0.0,0.0,0.0,0.0,3.2,0.1,96.7
20121205014758,0.0,0.0,0.3,0.0,0.1,2.5,19.4,77.8
20121205014858,0.0,0.1,0.0,0.0,0.2,1.1,62.0,36.6
20121205014958,0.0,0.0,0.0,0.0,0.0,0.2,2.1,97.7
20121205015058,0.1,0.0,0.0,0.0,0.6,2.3,10.0,86.9
20121205015158,0.6,0.1,0.2,0.0,27.5,14.1,34.6,22.9
20121205015258,0.0,0.0,0.0,0.0,0.5,0.6,4.1,94.8
20121205015358,0.0,0.0,0.0,0.0,5.3,0.4,19.3,75.0
20121205015458,0.0,0.0,0.0,0.0,0.0,0.3,0.8,98.9
20121205015558,0.0,0.0,0.0,0.0,0.0,0.6,0.2,99.2
20121205015658,0.0,0.0,0.0,0.0,0.4,5.2,0.7,93.7
20121205015758,0.0,0.0,0.0,0.0,0.1,0.7,3.2,96.0
20121205015858,0.0,0.0,0.0,0.0,0.0,0.0,6.3,93.6
20121205015958,0.0,0.0,0.0,0.0,0.7,0.1,1.9,97.4
20121205020058,0.0,0.0,0.0,0.0,0.3,10.1,81.4,8.2
20121205020158,0.0,0.0,0.0,0.0,0.4,33.9,49.5,16.1
20121205020258,0.1,0.1,0.0,0.0,13.5,17.5,19.8,49.0
20121205020358,0.0,0.0,0.0,0.0,2.0,14.6,3.9,79.4
20121205020458,0.0,0.0,0.0,0.0,1.0,22.6,0.2,76.1
20121205020558,0.0,0.0,0.0,0.0,0.4,3.0,0.1,96.5
20121205020658,0.0,0.0,0.0,0.0,35.5,10.2,8.8,45.5
20121205020758,0.1,0.2,0.1,0.0,32.7,15.4,3.7,47.8
20121205020858,0.0,0.1,0.1,0.0,0.8,2.0,35.7,61.3
20121205020958,0.0,0.0,0.0,0.0,0.1,10.3,0.1,89.4
20121205021058,0.0,0.0,0.0,0.0,0.0,49.0,0.0,50.9
20121205021158,0.1,0.0,0.0,0.0,0.0,56.5,0.1,43.4
20121205021258,0.0,0.0,0.0,0.0,0.0,41.8,0.2,57.9
20121205021358,0.0,0.0,0.0,0.0,0.1,23.0,1.5,75.4
20121205021458,0.0,0.0,0.0,0.0,0.3,27.6,0.3,71.8
20121205021558,0.0,0.0,0.0,0.0,0.1,41.4,0.3,58.2
20121205021658,0.0,0.0,0.0,0.0,0.3,17.0,1.8,80.8
20121205021758,0.0,0.0,0.0,0.0,0.1,5.0,5.8,89.1
20121205021858,0.0,0.0,0.0,0.0,0.0,37.2,1.3,61.5
20121205021958,0.0,0.0,0.0,0.0,0.0,34.1,0.4,65.5
20121205022058,0.0,0.0,0.0,0.0,0.0,3.7,1.8,94.5
20121205022158,0.0,0.0,0.0,0.0,0.1,12.4,2.0,85.5
20121205022258,0.0,0.0,0.0,0.0,0.2,2.7,78.8,18.3
20121205022358,0.0,0.0,0.0,0.0,0.6,0.0,92.2,7.1
20121205022458,0.0,0.0,0.0,0.0,0.1,0.0,90.7,9.1
20121205022558,0.0,0.0,0.0,0.0,0.1,0.0,88.1,11.8
20121205022658,0.0,0.0,0.0,0.0,1.0,0.0,90.8,8.2
20121205022758,0.0,0.0,0.2,0.1,12.0,0.0,55.7,32.0
20121205022858,0.0,0.0,0.1,0.0,26.7,0.0,29.4,43.8
20121205022958,0.0,0.0,0.0,0.0,0.2,0.3,2.8,96.7
20121205023058,0.0,0.0,0.0,0.0,16.1,0.0,6.9,77.0
20121205023158,0.0,0.0,0.0,0.0,2.0,0.0,22.8,75.2
20121205023258,0.0,0.0,0.0,0.0,0.7,0.0,7.3,92.0
20121205023358,0.0,0.0,0.0,0.0,0.0,0.0,6.2,93.8
20121205023458,0.0,0.0,0.0,0.0,0.2,0.1,9.3,90.4
20121205023558,0.0,0.0,0.0,0.0,28.4,0.1,48.2,23.2
20121205023658,0.0,0.0,0.0,0.0,3.8,0.1,1.1,95.0
20121205023758,0.0,0.0,0.0,0.0,1.4,0.0,1.5,97.0
20121205023858,0.0,0.0,0.0,0.0,0.1,0.0,1.8,98.1
20121205023958,0.0,0.0,0.0,0.0,0.2,0.0,1.0,98.8
20121205024058,0.0,0.0,0.0,0.0,0.1,0.0,0.4,99.5
20121205024158,0.0,0.0,0.0,0.1,2.8,0.0,3.9,93.1
20121205024258,0.0,0.0,0.0,0.0,0.0,0.0,2.3,97.7
20121205024358,0.0,0.0,0.0,0.0,0.5,0.0,1.4,98.0
20121205024458,0.0,0.0,0.0,0.1,1.1,0.1,11.9,86.8
20121205024558,0.0,0.0,0.0,0.0,1.3,0.3,31.5,67.0
20121205024658,0.0,0.0,0.0,0.0,0.1,0.0,0.3,99.6
20121205024758,0.0,0.0,0.0,0.0,0.0,0.2,6.1,93.6
20121205024858,0.0,0.1,0.1,0.0,1.8,0.3,69.9,27.9
20121205024958,0.0,0.0,0.1,0.0,1.8,0.2,57.5,40.4
20121205025058,0.0,0.0,0.0,0.0,0.0,0.0,12.7,87.2
20121205025158,0.0,0.0,0.0,0.0,0.1,0.0,2.4,97.5
20121205025258,0.0,0.1,0.2,0.1,0.4,0.5,31.0,67.7
20121205025358,0.0,0.0,0.0,0.0,0.2,0.0,4.5,95.2
20121205025458,0.0,0.0,0.0,0.0,1.1,0.0,56.4,42.4
20121205025558,0.0,0.0,0.1,0.0,0.5,0.0,15.6,83.8
20121205025658,0.0,0.0,0.0,0.0,0.1,0.1,26.8,72.9
20121205025758,0.0,0.0,0.2,0.0,1.4,0.0,6.6,91.8
20121205025858,0.0,0.0,0.0,0.0,2.3,0.0,3.7,93.9
20121205025958,0.0,0.0,0.0,0.0,1.1,0.1,7.1,91.6
