UT,arc,discrete,diffuse,ac,ab,clear,cloudy,dd
20120104132900,0.0,0.0,0.0,0.0,0.0,0.0,0.0,100.0
20120104133000,0.0,0.0,0.0,0.0,0.0,0.0,0.0,100.0
20120104133100,0.0,0.0,0.0,0.0,0.0,0.0,0.0,100.0
20120104133200,0.0,0.0,0.0,0.0,0.0,0.0,0.0,100.0
20120104133300,0.0,0.0,0.0,0.0,0.0,0.0,0.0,100.0
20120104133400,0.0,0.0,0.0,0.0,0.0,0.0,0.0,100.0
20120104133500,0.0,0.0,0.0,0.0,0.0,0.0,0.0,100.0
20120104133600,0.0,0.0,0.0,0.0,0.0,0.0,0.0,100.0
20120104133700,0.0,0.0,0.0,0.0,0.0,0.0,0.0,100.0
20120104133800,0.0,0.0,0.0,0.0,0.0,0.0,0.0,100.0
20120104133900,0.0,0.0,0.0,0.0,0.0,0.0,0.0,100.0
20120104134000,0.0,0.0,0.0,0.0,0.0,0.0,0.0,100.0
20120104134100,0.0,0.0,0.0,0.0,0.0,0.0,0.0,100.0
20120104134200,0.0,0.0,0.0,0.0,0.0,0.0,0.0,100.0
20120104134300,0.0,0.0,0.0,0.0,0.0,0.0,0.0,100.0
20120104134400,0.0,0.0,0.0,0.0,0.0,0.0,0.0,100.0
20120104134500,0.0,0.0,0.0,0.0,0.0,0.0,0.0,100.0
20120104134600,0.0,0.0,0.0,0.0,0.0,0.0,0.0,100.0
20120104134700,0.0,0.0,0.0,0.0,0.0,0.0,0.0,100.0
20120104134800,0.0,0.0,0.0,0.0,0.0,0.0,0.0,100.0
20120104134900,0.0,0.0,0.0,0.0,0.0,0.0,0.0,100.0
20120104135000,0.0,0.0,0.0,0.0,0.0,0.0,0.0,100.0
20120104135100,0.0,0.0,0.0,0.0,0.0,0.0,0.0,100.0
20120104135200,0.0,0.0,0.0,0.0,0.0,0.0,0.0,100.0
20120104135300,0.0,0.0,0.0,0.0,0.0,0.0,0.0,100.0
20120104135400,0.0,0.0,0.0,0.0,0.0,0.0,0.0,100.0
20120104135500,0.0,0.0,0.0,0.0,0.0,0.0,0.0,100.0
20120104135600,0.0,0.0,0.0,0.0,0.0,0.0,0.0,100.0
20120104135700,0.0,0.0,0.0,0.0,0.0,0.0,0.0,100.0
20120104135800,0.0,0.0,0.0,0.0,0.0,0.0,0.0,100.0
20120104135900,0.0,0.0,0.0,0.0,0.0,0.0,0.0,100.0
20120104140000,0.0,0.0,0.0,0.0,0.0,0.0,0.0,100.0
20120104140100,0.0,0.0,0.0,0.0,0.0,0.0,0.0,100.0
20120104140200,0.0,0.0,0.0,0.0,0.0,0.0,0.0,100.0
20120104140300,0.0,0.0,0.0,0.0,0.0,0.0,0.0,100.0
20120104140400,0.0,0.0,0.0,0.0,0.0,0.0,0.0,100.0
20120104140500,0.0,0.0,0.0,0.0,0.0,0.0,0.0,100.0
20120104140600,0.0,0.0,0.0,0.0,0.0,0.0,0.0,100.0
20120104140700,0.0,0.0,0.0,0.0,0.0,0.0,0.0,100.0
20120104140800,0.0,0.0,0.0,0.0,0.0,0.0,0.0,100.0
20120104140900,0.0,0.0,0.0,0.0,0.0,0.0,0.0,100.0
20120104141000,0.0,0.0,0.0,0.0,0.0,0.0,0.0,100.0
20120104141100,0.0,0.0,0.0,0.0,0.0,0.0,0.0,100.0
20120104141200,0.0,0.0,0.0,0.0,0.0,0.0,0.0,100.0
20120104141300,0.0,0.0,0.0,0.0,0.0,0.0,0.0,100.0
20120104141400,0.0,0.0,0.0,0.0,0.0,0.0,0.0,100.0
20120104141500,0.0,0.0,0.0,0.0,0.0,0.0,0.0,100.0
20120104141600,0.0,0.0,0.0,0.0,0.0,0.0,0.0,100.0
20120104141700,0.0,0.0,0.0,0.0,0.0,0.0,0.0,100.0
20120104141800,0.0,0.0,0.0,0.0,0.0,0.0,0.0,100.0
20120104141900,0.0,0.0,0.0,0.0,0.0,0.0,0.0,100.0
20120104142000,0.0,0.0,0.0,0.0,0.0,0.0,0.0,100.0
20120104142100,0.0,0.0,0.0,0.0,0.0,0.0,0.0,100.0
20120104142200,0.0,0.0,0.0,0.0,0.0,0.0,0.0,100.0
20120104142300,0.0,0.0,0.0,0.0,0.0,0.0,0.0,100.0
20120104142400,0.0,0.0,0.0,0.0,0.0,0.0,0.0,100.0
20120104142500,0.0,0.0,0.0,0.0,0.0,0.0,0.0,100.0
20120104142600,0.0,0.0,0.0,0.0,0.0,0.0,0.0,100.0
20120104142700,0.0,0.0,0.0,0.0,0.0,0.0,0.0,100.0
20120104142800,0.0,0.0,0.0,0.0,0.0,0.0,0.0,100.0
20120104142900,0.0,0.0,0.0,0.0,0.0,0.0,0.0,100.0
20120104143000,0.0,0.0,0.0,0.0,0.0,0.0,0.0,100.0
20120104143100,0.0,0.0,0.0,0.0,0.0,0.0,0.0,100.0
20120104143200,0.0,0.0,0.0,0.0,0.0,0.0,0.0,100.0
20120104143300,0.0,0.0,0.0,0.0,0.0,0.0,0.0,100.0
20120104143400,0.0,0.0,0.0,0.0,0.0,0.0,0.0,100.0
20120104143500,0.0,0.0,0.0,0.0,0.0,0.0,0.0,100.0
20120104143600,0.0,0.0,0.0,0.0,0.0,0.0,0.0,100.0
20120104143700,0.0,0.0,0.0,0.0,0.0,0.0,0.0,100.0
20120104143800,0.0,0.0,0.0,0.0,0.0,0.0,0.0,100.0
20120104143900,0.0,0.0,0.0,0.0,0.0,0.0,0.0,100.0
20120104144000,0.0,0.0,0.0,0.0,0.0,0.0,0.0,100.0
20120104144100,0.0,0.0,0.0,0.0,0.3,0.0,0.0,99.7
20120104144200,0.0,0.0,0.0,0.0,0.0,0.0,0.0,100.0
20120104144300,0.0,0.0,0.0,0.0,0.3,0.0,0.0,99.7
20120104144400,0.0,0.0,0.0,0.0,0.0,0.0,0.0,100.0
20120104144500,0.0,0.0,0.0,0.0,0.0,0.0,0.0,100.0
20120104144600,0.0,0.0,0.0,0.0,0.0,0.0,0.0,100.0
20120104144700,0.0,0.0,0.0,0.0,0.0,0.0,0.0,100.0
20120104144800,0.0,0.0,0.0,0.0,0.0,0.0,0.0,100.0
20120104144900,0.0,0.0,0.0,0.0,0.0,0.0,0.0,100.0
20120104145000,0.0,0.0,0.0,0.0,0.0,0.0,0.0,100.0
20120104145100,0.0,0.0,0.0,0.0,0.0,0.0,0.0,100.0
20120104145200,0.0,0.0,0.0,0.0,0.0,0.0,0.0,100.0
20120104145300,0.0,0.0,0.0,0.0,0.1,0.0,0.0,99.9
20120104145400,0.0,0.0,0.0,0.0,0.0,0.0,0.0,100.0
20120104145500,0.0,0.0,0.0,0.0,0.0,0.0,0.0,100.0
20120104145600,0.0,0.0,0.0,0.0,0.0,0.0,0.0,100.0
20120104145700,0.0,0.0,0.0,0.0,0.1,0.0,0.0,99.9
20120104145800,0.0,0.0,0.0,0.0,0.0,0.0,0.0,100.0
20120104145900,0.0,0.0,0.0,0.0,0.0,0.0,0.0,100.0
20120104150000,0.0,0.0,0.0,0.0,0.0,0.0,0.0,100.0
20120104150100,0.0,0.0,0.0,0.0,0.0,0.0,0.0,100.0
20120104150200,0.0,0.0,0.0,0.0,0.1,0.0,0.0,99.9
20120104150300,0.0,0.0,0.0,0.0,2.4,0.0,0.0,97.6
20120104150400,0.0,0.0,0.0,0.0,0.1,0.0,0.0,99.9
20120104150500,0.0,0.0,0.0,0.0,3.4,0.0,0.0,96.6
20120104150600,0.0,0.0,0.0,0.0,3.1,0.0,0.0,96.9
20120104150700,0.0,0.0,0.0,0.0,0.3,0.0,0.0,99.7
20120104150800,0.0,0.0,0.0,0.0,2.0,0.0,0.0,98.0
20120104150900,0.0,0.0,0.0,0.0,0.7,0.0,0.0,99.3
20120104151000,0.0,0.0,0.0,0.0,7.4,0.0,0.0,92.6
20120104151100,0.0,0.0,0.0,0.0,3.1,0.0,0.0,96.9
20120104151200,0.0,0.0,0.0,0.0,66.5,0.0,0.0,33.5
20120104151300,0.0,0.0,0.0,0.0,22.4,0.0,0.0,77.6
20120104151400,0.0,0.0,0.0,0.0,5.9,0.0,0.1,94.0
20120104151500,0.0,0.0,0.0,0.0,13.8,0.0,0.1,86.1
20120104151600,0.0,0.0,0.0,0.0,16.4,0.0,0.1,83.5
20120104151700,0.0,0.0,0.0,0.0,0.4,0.0,0.0,99.5
20120104151800,0.0,0.0,0.0,0.0,1.5,0.0,0.1,98.4
20120104151900,0.0,0.0,0.0,0.0,5.8,0.0,0.2,94.0
20120104152000,0.0,0.0,0.0,0.0,1.8,0.0,0.2,97.9
20120104152100,0.0,0.0,0.0,0.0,23.9,0.0,2.2,73.9
20120104152200,0.0,0.0,0.0,0.0,5.1,0.0,0.3,94.6
20120104152300,0.0,0.0,0.0,0.0,15.2,0.0,0.9,83.9
20120104152400,0.0,0.0,0.0,0.0,3.7,0.0,1.0,95.3
20120104152500,0.0,0.0,0.0,0.0,18.6,0.0,0.4,81.0
20120104152600,0.0,0.0,0.0,0.0,5.0,0.0,0.7,94.3
20120104152700,0.0,0.0,0.0,0.0,11.1,0.0,1.1,87.8
20120104152800,0.0,0.0,0.0,0.0,14.0,0.0,1.9,84.1
20120104152900,0.0,0.0,0.0,0.0,4.0,0.0,3.0,93.0
20120104153000,0.0,0.0,0.0,0.0,10.3,0.0,4.7,84.9
20120104153100,0.0,0.0,0.0,0.0,1.0,0.0,3.2,95.8
20120104153200,0.0,0.0,0.0,0.0,5.9,0.0,1.8,92.3
20120104153300,0.0,0.0,0.0,0.0,6.5,0.0,1.1,92.4
20120104153400,0.0,0.0,0.0,0.0,5.6,0.0,1.2,93.2
20120104153500,0.0,0.0,0.0,0.0,2.6,0.0,0.7,96.7
20120104153600,0.0,0.0,0.0,0.0,0.9,0.0,4.8,94.3
20120104153700,0.0,0.0,0.0,0.0,1.0,0.0,0.9,98.1
20120104153800,0.0,0.0,0.0,0.0,0.3,0.0,0.1,99.5
20120104153900,0.0,0.0,0.0,0.0,2.0,0.0,0.9,97.1
20120104154000,0.0,0.0,0.0,0.0,8.6,0.0,3.8,87.5
20120104154100,0.0,0.0,0.0,0.0,4.3,0.0,7.5,88.2
20120104154200,0.0,0.0,0.0,0.0,0.3,0.0,7.3,92.4
20120104154300,0.0,0.0,0.0,0.0,0.8,0.0,5.8,93.3
20120104154400,0.0,0.0,0.0,0.0,1.7,0.0,6.7,91.5
20120104154500,0.0,0.0,0.0,0.0,0.6,0.0,8.7,90.7
20120104154600,0.0,0.0,0.0,0.0,4.2,0.0,15.6,80.2
20120104154700,0.0,0.0,0.0,0.0,1.8,0.0,5.3,93.0
20120104154800,0.0,0.0,0.0,0.0,0.4,0.0,15.2,84.4
20120104154900,0.0,0.0,0.0,0.0,3.4,0.0,47.2,49.4
20120104155000,0.0,0.0,0.0,0.0,1.5,0.0,90.2,8.3
20120104155100,0.0,0.0,0.0,0.0,0.0,0.0,98.0,2.0
20120104155200,0.0,0.0,0.0,0.0,1.2,0.0,80.6,18.2
20120104155300,0.0,0.0,0.0,0.0,0.3,0.0,79.6,20.1
20120104155400,0.0,0.0,0.0,0.0,0.1,0.0,88.8,11.1
20120104155500,0.0,0.0,0.0,0.0,0.5,0.0,89.9,9.6
20120104155600,0.0,0.0,0.0,0.0,5.5,0.0,28.1,66.4
20120104155700,0.0,0.0,0.0,0.0,0.5,0.0,40.7,58.8
20120104155800,0.0,0.0,0.0,0.0,0.2,0.0,97.1,2.7
20120104155900,0.0,0.0,0.0,0.0,0.5,0.0,96.9,2.6
20120104160000,0.0,0.0,0.0,0.0,0.1,0.0,74.8,25.2
20120104160100,0.0,0.0,0.0,0.0,0.2,0.0,86.1,13.7
20120104160200,0.0,0.0,0.0,0.0,0.0,0.0,98.6,1.4
20120104160300,0.0,0.0,0.0,0.0,0.1,0.0,97.7,2.2
20120104160400,0.0,0.0,0.0,0.0,0.5,0.0,85.7,13.8
20120104160500,0.0,0.0,0.0,0.0,0.2,0.0,97.3,2.6
20120104160600,0.0,0.0,0.0,0.0,0.1,0.0,96.9,3.0
20120104160700,0.0,0.0,0.0,0.0,0.1,0.0,98.8,1.1
20120104160800,0.0,0.0,0.0,0.0,0.3,0.0,98.0,1.8
20120104160900,0.0,0.0,0.0,0.0,0.2,0.0,99.4,0.5
20120104161000,0.0,0.0,0.0,0.0,0.1,0.0,98.2,1.7
20120104161100,0.0,0.0,0.0,0.0,0.1,0.0,98.8,1.0
20120104161200,0.0,0.0,0.0,0.0,0.2,0.0,95.0,4.8
20120104161300,0.0,0.0,0.0,0.0,0.2,0.0,98.6,1.2
20120104161400,0.0,0.0,0.0,0.0,0.2,0.0,99.4,0.4
20120104161500,0.0,0.0,0.0,0.0,0.1,0.0,99.4,0.5
20120104161600,0.0,0.0,0.0,0.0,0.1,0.0,98.3,1.6
20120104161700,0.0,0.0,0.0,0.0,0.1,0.0,99.8,0.1
20120104161800,0.0,0.0,0.0,0.0,0.0,0.0,99.9,0.1
20120104161900,0.0,0.0,0.0,0.0,0.0,0.0,99.8,0.2
20120104162000,0.0,0.0,0.0,0.0,0.3,0.0,99.0,0.7
20120104162100,0.0,0.0,0.0,0.0,0.7,0.0,99.1,0.3
20120104162200,0.0,0.0,0.0,0.0,0.0,0.0,99.9,0.0
20120104162300,0.0,0.0,0.0,0.0,0.0,0.0,99.3,0.7
20120104162400,0.0,0.0,0.0,0.0,0.1,0.0,99.6,0.4
20120104162500,0.0,0.0,0.0,0.0,0.0,0.0,100.0,0.0
20120104162600,0.0,0.0,0.0,0.0,0.0,0.0,100.0,0.0
20120104162700,0.0,0.0,0.0,0.0,0.0,0.0,100.0,0.0
20120104162800,0.0,0.0,0.0,0.0,0.0,0.0,100.0,0.0
20120104162900,0.0,0.0,0.0,0.0,0.0,0.0,100.0,0.0
20120104163000,0.0,0.0,0.0,0.0,0.0,0.0,100.0,0.0
20120104163100,0.0,0.0,0.0,0.0,0.0,0.0,100.0,0.0
20120104163200,0.0,0.0,0.0,0.0,0.0,0.0,99.9,0.1
20120104163300,0.0,0.0,0.0,0.0,0.0,0.0,100.0,0.0
20120104163400,0.0,0.0,0.0,0.0,0.0,0.0,100.0,0.0
20120104163500,0.0,0.0,0.0,0.0,0.0,0.0,100.0,0.0
20120104163600,0.0,0.0,0.0,0.0,0.0,0.0,100.0,0.0
20120104163700,0.0,0.0,0.0,0.0,0.0,0.0,99.9,0.0
20120104163800,0.0,0.0,0.0,0.0,0.0,0.0,100.0,0.0
20120104163900,0.0,0.0,0.0,0.0,0.0,0.0,100.0,0.0
20120104164000,0.0,0.0,0.0,0.0,0.0,0.0,99.9,0.0
20120104164100,0.0,0.0,0.0,0.0,0.0,0.0,99.9,0.1
20120104164200,0.0,0.0,0.0,0.0,0.0,0.0,99.9,0.1
20120104164300,0.0,0.0,0.0,0.0,0.0,0.0,100.0,0.0
20120104164400,0.0,0.0,0.0,0.0,0.0,0.0,100.0,0.0
20120104164500,0.0,0.0,0.0,0.0,0.1,0.0,99.9,0.0
20120104164600,0.0,0.0,0.0,0.0,0.0,0.0,100.0,0.0
20120104164700,0.0,0.0,0.0,0.0,0.0,0.0,100.0,0.0
20120104164800,0.0,0.0,0.0,0.0,0.0,0.0,99.8,0.2
20120104164900,0.0,0.0,0.0,0.0,0.1,0.0,99.8,0.2
20120104165000,0.0,0.0,0.0,0.0,0.0,0.0,99.8,0.2
20120104165100,0.0,0.0,0.0,0.0,0.1,0.0,99.8,0.2
20120104165200,0.0,0.0,0.0,0.0,0.0,0.0,99.9,0.1
20120104165300,0.0,0.0,0.0,0.0,0.0,0.0,99.9,0.1
20120104165400,0.0,0.0,0.0,0.0,0.0,0.0,99.7,0.3
20120104165500,0.0,0.0,0.0,0.0,0.1,0.0,99.6,0.2
20120104165600,0.0,0.0,0.0,0.0,0.0,0.0,99.8,0.2
20120104165700,0.0,0.0,0.0,0.0,0.0,0.0,99.8,0.2
20120104165800,0.0,0.0,0.0,0.0,0.1,0.0,99.6,0.2
20120104165900,0.0,0.0,0.0,0.0,0.4,0.0,98.9,0.7
20120104170000,0.0,0.0,0.0,0.0,0.0,0.0,99.8,0.1
20120104170100,0.0,0.0,0.0,0.0,0.0,0.0,99.8,0.2
20120104170200,0.0,0.0,0.0,0.0,0.1,0.0,99.9,0.0
20120104170300,0.0,0.0,0.0,0.0,0.1,0.0,99.9,0.1
20120104170400,0.0,0.0,0.0,0.0,0.0,0.0,99.9,0.0
20120104170500,0.0,0.0,0.0,0.0,0.0,0.0,99.9,0.1
20120104170600,0.0,0.0,0.0,0.0,0.0,0.0,100.0,0.0
20120104170700,0.0,0.0,0.0,0.0,0.1,0.0,99.9,0.0
20120104170800,0.0,0.0,0.0,0.0,0.0,0.0,100.0,0.0
20120104170900,0.0,0.0,0.0,0.0,0.0,0.0,99.9,0.1
20120104171000,0.0,0.0,0.0,0.0,0.0,0.0,99.9,0.0
20120104171100,0.0,0.0,0.0,0.0,0.0,0.0,100.0,0.0
20120104171200,0.0,0.0,0.0,0.0,0.0,0.0,100.0,0.0
20120104171300,0.0,0.0,0.0,0.0,0.1,0.0,99.3,0.7
20120104171400,0.0,0.0,0.0,0.0,0.0,0.0,99.7,0.3
20120104171500,0.0,0.0,0.0,0.0,0.0,0.0,99.9,0.0
20120104171600,0.0,0.0,0.0,0.0,0.0,0.0,99.9,0.1
20120104171700,0.0,0.0,0.0,0.0,0.2,0.0,99.6,0.1
20120104171800,0.0,0.0,0.0,0.0,0.0,0.0,99.6,0.4
20120104171900,0.0,0.0,0.0,0.0,0.1,0.0,99.7,0.2
20120104172000,0.0,0.0,0.0,0.0,0.4,0.0,99.5,0.1
20120104172100,0.0,0.0,0.0,0.0,1.1,0.0,98.6,0.3
20120104172200,0.0,0.0,0.0,0.0,0.1,0.0,99.8,0.2
20120104172300,0.0,0.0,0.0,0.0,0.7,0.0,98.9,0.5
20120104172400,0.0,0.0,0.0,0.0,0.3,0.0,99.2,0.5
20120104172500,0.0,0.0,0.0,0.0,0.8,0.0,99.0,0.2
20120104172600,0.0,0.0,0.0,0.0,1.8,0.0,97.6,0.7
20120104172700,0.0,0.0,0.0,0.0,2.2,0.0,96.4,1.3
20120104172800,0.0,0.0,0.0,0.1,7.6,0.0,90.5,1.7
20120104172900,0.0,0.0,0.0,0.0,3.6,0.0,95.5,0.8
20120104173000,0.0,0.0,0.0,0.0,3.1,0.0,96.1,0.8
20120104173100,0.0,0.0,0.0,0.0,2.0,0.0,96.5,1.6
20120104173200,0.0,0.0,0.0,0.0,0.4,0.0,98.9,0.7
20120104173300,0.0,0.0,0.0,0.0,1.3,0.0,97.5,1.2
20120104173400,0.0,0.0,0.0,0.0,2.3,0.0,96.6,1.2
20120104173500,0.0,0.0,0.0,0.0,0.9,0.0,98.3,0.8
20120104173600,0.0,0.0,0.0,0.0,1.3,0.0,97.5,1.2
20120104173700,0.0,0.0,0.0,0.0,1.7,0.0,97.1,1.1
20120104173800,0.0,0.0,0.0,0.0,1.1,0.0,98.7,0.2
20120104173900,0.0,0.0,0.0,0.0,0.4,0.0,99.0,0.6
20120104174000,0.0,0.0,0.0,0.0,0.6,0.0,99.0,0.3
20120104174100,0.0,0.0,0.0,0.0,1.7,0.0,97.9,0.3
20120104174200,0.0,0.0,0.0,0.0,0.2,0.0,99.6,0.2
20120104174300,0.0,0.0,0.0,0.0,0.2,0.0,99.6,0.2
20120104174400,0.0,0.0,0.0,0.0,0.2,0.0,99.5,0.3
20120104174500,0.0,0.0,0.0,0.0,0.3,0.0,99.4,0.4
20120104174600,0.0,0.0,0.0,0.0,1.4,0.0,96.6,1.9
20120104174700,0.0,0.0,0.0,0.0,0.3,0.0,88.4,11.2
20120104174800,0.0,0.0,0.0,0.0,7.6,0.0,84.9,7.5
20120104174900,0.0,0.0,0.0,0.0,7.4,0.0,90.0,2.6
20120104175000,0.0,0.0,0.0,0.0,8.2,0.0,84.4,7.3
20120104175100,0.0,0.0,0.0,0.0,1.1,0.0,79.0,19.9
20120104175200,0.0,0.0,0.0,0.0,0.7,0.0,69.8,29.4
20120104175300,0.0,0.0,0.0,0.0,1.8,0.0,94.3,3.8
20120104175400,0.0,0.0,0.0,0.0,20.0,0.0,66.4,13.5
20120104175500,0.0,0.0,0.0,0.0,3.3,0.0,93.1,3.6
20120104175600,0.0,0.0,0.0,0.0,6.2,0.0,83.7,10.1
20120104175700,0.0,0.0,0.0,0.0,6.2,0.0,87.3,6.4
20120104175800,0.0,0.0,0.0,0.0,1.0,0.0,75.4,23.6
20120104175900,0.0,0.0,0.0,0.0,6.6,0.0,60.6,32.8
20120104180000,0.0,0.0,0.0,0.0,20.6,0.0,49.7,29.7
20120104180100,0.0,0.0,0.0,0.0,0.5,0.0,96.1,3.4
20120104180200,0.0,0.0,0.0,0.0,2.3,0.0,81.3,16.4
20120104180300,0.0,0.0,0.0,0.0,1.4,0.0,80.6,18.0
20120104180400,0.0,0.0,0.0,0.0,1.3,0.0,81.8,16.8
20120104180500,0.0,0.0,0.0,0.0,0.4,0.0,82.2,17.3
20120104180600,0.0,0.0,0.0,0.0,24.8,0.0,69.4,5.8
20120104180700,0.0,0.0,0.0,0.0,2.1,0.0,93.9,4.0
20120104180800,0.0,0.0,0.0,0.0,1.4,0.0,89.3,9.3
20120104180900,0.0,0.0,0.0,0.0,4.4,0.0,94.0,1.6
20120104181000,0.0,0.0,0.0,0.0,0.5,0.0,96.3,3.2
20120104181100,0.0,0.0,0.0,0.0,2.2,0.0,96.5,1.3
20120104181200,0.0,0.0,0.0,0.0,0.4,0.0,98.2,1.3
20120104181300,0.0,0.0,0.0,0.0,0.4,0.0,97.5,2.0
20120104181400,0.0,0.0,0.0,0.0,5.5,0.0,92.9,1.6
20120104181500,0.0,0.0,0.0,0.0,6.4,0.0,88.6,5.0
20120104181600,0.0,0.0,0.0,0.0,0.5,0.0,99.2,0.3
20120104181700,0.0,0.0,0.0,0.0,3.0,0.0,96.3,0.7
20120104181800,0.0,0.0,0.0,0.0,1.0,0.0,98.7,0.4
20120104181900,0.0,0.0,0.0,0.0,1.3,0.0,97.1,1.6
20120104182000,0.0,0.0,0.0,0.0,1.2,0.0,97.2,1.7
20120104182100,0.0,0.0,0.0,0.0,2.3,0.0,87.4,10.2
20120104182200,0.0,0.0,0.0,0.0,2.8,0.0,73.5,23.7
20120104182300,0.0,0.0,0.0,0.0,22.8,0.0,63.5,13.7
20120104182400,0.0,0.0,0.0,0.0,1.6,0.0,53.5,44.8
20120104182500,0.0,0.0,0.0,0.0,1.2,0.0,62.7,36.2
20120104182600,0.0,0.0,0.0,0.0,9.2,0.0,29.9,60.9
20120104182700,0.0,0.0,0.0,0.0,12.5,0.0,64.9,22.5
20120104182800,0.0,0.0,0.0,0.0,1.0,0.0,31.0,67.9
20120104182900,0.0,0.0,0.0,0.0,1.5,0.0,55.8,42.7
20120104183000,0.0,0.0,0.0,0.0,0.9,0.0,45.6,53.5
20120104183100,0.0,0.0,0.0,0.0,1.3,0.0,18.0,80.6
20120104183200,0.0,0.0,0.0,0.0,0.4,0.0,3.3,96.3
20120104183300,0.0,0.0,0.0,0.0,1.4,0.0,62.7,35.9
20120104183400,0.0,0.0,0.0,0.0,0.7,0.0,30.8,68.5
20120104183500,0.0,0.0,0.0,0.0,3.2,0.0,47.3,49.5
20120104183600,0.0,0.0,0.0,0.0,8.6,0.0,74.4,17.1
20120104183700,0.0,0.0,0.0,0.0,1.7,0.0,61.7,36.5
20120104183800,0.0,0.0,0.0,0.0,3.2,0.0,36.2,60.7
20120104183900,0.0,0.0,0.0,0.0,5.3,0.0,78.4,16.4
20120104184000,0.0,0.0,0.0,0.0,0.7,0.0,84.2,15.1
20120104184100,0.0,0.0,0.0,0.0,1.3,0.0,54.6,44.0
20120104184200,0.0,0.0,0.0,0.0,14.9,0.0,52.1,33.0
20120104184300,0.0,0.0,0.0,0.0,3.5,0.0,79.6,16.8
20120104184400,0.0,0.0,0.0,0.0,6.8,0.0,59.4,33.8
20120104184500,0.0,0.0,0.0,0.0,16.8,0.0,25.8,57.4
20120104184600,0.0,0.0,0.0,0.0,62.0,0.0,11.9,26.0
20120104184700,0.0,0.0,0.0,0.0,13.0,0.0,54.1,32.9
20120104184800,0.0,0.0,0.0,0.0,9.4,0.0,34.3,56.3
20120104184900,0.0,0.0,0.0,0.0,3.5,0.0,76.3,20.2
20120104185000,0.0,0.0,0.0,0.0,3.4,0.0,61.8,34.8
20120104185100,0.0,0.0,0.0,0.0,0.6,0.0,49.6,49.8
20120104185200,0.0,0.0,0.0,0.0,6.9,0.0,58.5,34.5
20120104185300,0.0,0.0,0.0,0.0,3.7,0.0,71.0,25.3
20120104185400,0.0,0.0,0.0,0.0,12.0,0.0,67.0,20.9
20120104185500,0.0,0.0,0.0,0.0,5.4,0.0,45.5,49.2
20120104185600,0.0,0.0,0.0,0.0,0.4,0.0,56.3,43.2
20120104185700,0.0,0.0,0.0,0.0,0.5,0.0,43.6,55.9
20120104185800,0.0,0.0,0.0,0.0,1.7,0.0,67.1,31.2
20120104185900,0.0,0.0,0.0,0.0,2.5,0.0,20.5,76.9
20120104190000,0.0,0.0,0.0,0.0,0.9,0.0,42.0,57.1
20120104190100,0.0,0.0,0.0,0.0,12.6,0.0,66.8,20.6
20120104190200,0.0,0.0,0.0,0.0,11.4,0.0,51.1,37.5
20120104190300,0.0,0.0,0.0,0.0,2.8,0.0,55.6,41.6
20120104190400,0.0,0.0,0.0,0.0,11.0,0.0,33.3,55.7
20120104190500,0.0,0.0,0.0,0.0,14.5,0.0,72.1,13.4
20120104190600,0.0,0.0,0.0,0.0,25.3,0.0,37.3,37.4
20120104190700,0.0,0.0,0.0,0.0,6.5,0.0,61.9,31.6
20120104190800,0.0,0.0,0.0,0.0,4.6,0.0,36.1,59.3
20120104190900,0.0,0.0,0.0,0.0,7.7,0.0,3.5,88.8
20120104191000,0.0,0.0,0.0,0.0,18.3,0.0,7.7,74.0
20120104191100,0.0,0.0,0.0,0.0,1.4,0.0,13.6,85.0
20120104191200,0.0,0.0,0.0,0.0,1.2,0.0,18.0,80.8
20120104191300,0.0,0.0,0.0,0.0,0.5,0.0,5.6,93.9
20120104191400,0.0,0.0,0.0,0.0,0.8,0.0,9.8,89.4
20120104191500,0.0,0.0,0.0,0.0,5.8,0.0,37.7,56.5
20120104191600,0.0,0.0,0.0,0.0,1.4,0.0,9.3,89.3
20120104191700,0.0,0.0,0.0,0.0,0.4,0.0,11.2,88.4
20120104191800,0.0,0.0,0.0,0.0,1.2,0.0,9.3,89.5
20120104191900,0.0,0.0,0.0,0.0,0.4,0.0,21.8,77.8
20120104192000,0.0,0.0,0.0,0.0,0.8,0.0,15.1,84.0
20120104192100,0.0,0.0,0.0,0.0,2.0,0.0,9.8,88.2
20120104192200,0.0,0.0,0.0,0.0,11.7,0.0,14.5,73.8
20120104192300,0.0,0.0,0.0,0.0,6.5,0.0,38.5,55.0
20120104192400,0.0,0.0,0.0,0.0,0.5,0.0,12.8,86.6
20120104192500,0.0,0.0,0.0,0.0,4.3,0.0,14.2,81.5
20120104192600,0.0,0.0,0.0,0.0,0.9,0.0,17.5,81.7
20120104192700,0.0,0.0,0.0,0.0,2.1,0.0,5.8,92.0
20120104192800,0.0,0.0,0.0,0.0,21.5,0.0,5.0,73.4
20120104192900,0.0,0.0,0.0,0.0,15.6,0.0,9.2,75.2
20120104193000,0.0,0.0,0.0,0.0,22.8,0.0,2.6,74.6
20120104193100,0.0,0.0,0.0,0.0,5.4,0.0,3.8,90.8
20120104193200,0.0,0.0,0.0,0.0,7.5,0.0,8.9,83.5
20120104193300,0.0,0.0,0.0,0.0,7.6,0.0,0.8,91.6
20120104193400,0.0,0.0,0.0,0.0,7.1,0.0,1.4,91.5
20120104193500,0.0,0.0,0.0,0.0,2.3,0.0,3.4,94.2
20120104193600,0.0,0.0,0.0,0.0,3.2,0.0,7.1,89.7
20120104193700,0.0,0.0,0.0,0.0,3.4,0.0,21.5,75.2
20120104193800,0.0,0.0,0.0,0.0,1.8,0.0,20.2,78.1
20120104193900,0.0,0.0,0.0,0.0,2.1,0.0,13.7,84.2
20120104194000,0.0,0.0,0.0,0.0,11.8,0.0,30.3,57.9
20120104194100,0.0,0.0,0.0,0.0,9.7,0.0,6.4,83.9
20120104194200,0.0,0.0,0.0,0.0,42.5,0.0,6.6,50.8
20120104194300,0.0,0.0,0.0,0.0,79.5,0.0,6.1,14.4
20120104194400,0.0,0.0,0.0,0.0,36.3,0.0,3.4,60.3
20120104194500,0.0,0.0,0.0,0.0,31.3,0.0,5.3,63.4
20120104194600,0.0,0.0,0.0,0.0,46.8,0.0,12.7,40.5
20120104194700,0.0,0.1,0.0,0.0,39.9,0.0,14.3,45.8
20120104194800,0.0,0.0,0.0,0.0,75.2,0.0,3.4,21.3
20120104194900,0.0,0.0,0.0,0.0,58.7,0.0,13.9,27.3
20120104195000,0.0,0.0,0.0,0.0,7.5,0.0,7.4,85.1
20120104195100,0.0,0.0,0.0,0.0,13.5,0.0,5.8,80.7
20120104195200,0.0,0.0,0.0,0.0,26.0,0.0,4.8,69.2
20120104195300,0.0,0.0,0.0,0.0,4.7,0.0,8.3,87.0
20120104195400,0.0,0.0,0.0,0.0,36.4,0.0,10.4,53.2
20120104195500,0.0,0.0,0.0,0.0,7.2,0.0,24.8,68.0
20120104195600,0.0,0.0,0.0,0.0,44.7,0.0,10.8,44.5
20120104195700,0.0,0.0,0.0,0.0,21.3,0.0,5.3,73.4
20120104195800,0.0,0.0,0.0,0.0,4.1,0.0,6.7,89.2
20120104195900,0.0,0.1,0.0,0.0,14.0,0.0,1.6,84.2
20120104200000,0.0,0.0,0.0,0.0,18.7,0.0,6.9,74.4
20120104200100,0.0,0.0,0.0,0.0,4.9,0.0,7.4,87.6
20120104200200,0.0,0.1,0.0,0.0,29.5,0.0,5.5,64.9
20120104200300,0.0,0.0,0.0,0.0,4.9,0.0,2.4,92.7
20120104200400,0.0,0.1,0.0,0.0,3.5,0.0,3.7,92.6
20120104200500,0.0,0.0,0.0,0.0,6.1,0.0,1.5,92.4
20120104200600,0.0,0.0,0.0,0.0,11.7,0.0,7.5,80.7
20120104200700,0.0,0.0,0.0,0.0,0.3,0.0,0.6,99.1
20120104200800,0.0,0.0,0.0,0.0,0.7,0.0,0.1,99.3
20120104200900,0.0,0.0,0.0,0.0,0.3,0.0,0.2,99.4
20120104201000,0.0,0.0,0.0,0.0,1.1,0.0,0.4,98.5
20120104201100,0.0,0.0,0.0,0.0,1.0,0.0,0.2,98.8
20120104201200,0.0,0.0,0.0,0.0,0.7,0.0,0.3,99.0
20120104201300,0.0,0.0,0.0,0.0,2.7,0.0,0.6,96.7
20120104201400,0.0,0.0,0.0,0.0,0.7,0.0,0.4,98.9
20120104201500,0.0,0.0,0.0,0.0,1.1,0.0,1.0,97.9
20120104201600,0.0,0.0,0.0,0.0,4.5,0.0,0.3,95.3
20120104201700,0.0,0.0,0.0,0.0,0.2,0.0,0.2,99.6
20120104201800,0.0,0.0,0.0,0.0,2.2,0.0,1.9,95.8
20120104201900,0.0,0.0,0.0,0.0,3.7,0.0,0.9,95.4
20120104202000,0.0,0.0,0.0,0.0,0.9,0.0,0.7,98.4
20120104202100,0.0,0.0,0.0,0.0,5.7,0.0,1.8,92.4
20120104202200,0.0,0.0,0.0,0.0,1.2,0.0,0.9,97.8
20120104202300,0.0,0.0,0.0,0.0,17.2,0.0,8.2,74.5
20120104202400,0.0,0.0,0.0,0.0,0.9,0.0,0.3,98.8
20120104202500,0.0,0.0,0.0,0.0,2.0,0.0,0.3,97.6
20120104202600,0.0,0.0,0.0,0.0,0.6,0.0,0.1,99.4
20120104202700,0.0,0.0,0.0,0.0,1.6,0.0,0.4,98.0
20120104202800,0.0,0.0,0.0,0.0,0.3,0.0,0.2,99.5
20120104202900,0.0,0.0,0.0,0.0,0.3,0.0,0.1,99.6
20120104203000,0.0,0.0,0.0,0.0,0.1,0.0,0.0,99.9
20120104203100,0.0,0.0,0.0,0.0,0.1,0.0,0.0,99.9
20120104203200,0.0,0.0,0.0,0.0,0.1,0.0,0.0,99.9
20120104203300,0.0,0.0,0.0,0.0,0.0,0.0,0.0,100.0
20120104203400,0.0,0.0,0.0,0.0,0.0,0.0,0.0,100.0
20120104203500,0.0,0.0,0.0,0.0,0.0,0.0,0.0,100.0
20120104203600,0.0,0.0,0.0,0.0,0.0,0.0,0.0,100.0
20120104203700,0.0,0.0,0.0,0.0,0.0,0.0,0.0,100.0
20120104203800,0.0,0.0,0.0,0.0,0.0,0.0,0.0,100.0
20120104203900,0.0,0.0,0.0,0.0,0.0,0.0,0.0,100.0
20120104204000,0.0,0.0,0.0,0.0,0.0,0.0,0.0,100.0
20120104204100,0.0,0.0,0.0,0.0,0.0,0.0,0.0,100.0
20120104204200,0.0,0.0,0.0,0.0,0.0,0.0,0.0,100.0
20120104204300,0.0,0.0,0.0,0.0,0.0,0.0,0.0,100.0
20120104204400,0.0,0.0,0.0,0.0,0.0,0.0,0.0,100.0
20120104204500,0.0,0.0,0.0,0.0,0.0,0.0,0.0,100.0
20120104204600,0.0,0.0,0.0,0.0,0.0,0.0,0.0,100.0
20120104204700,0.0,0.0,0.0,0.0,0.0,0.0,0.0,100.0
20120104204800,0.0,0.0,0.0,0.0,0.0,0.0,0.0,100.0
20120104204900,0.0,0.0,0.0,0.0,0.0,0.0,0.0,100.0
20120104205000,0.0,0.0,0.0,0.0,0.0,0.0,0.0,100.0
20120104205100,0.0,0.0,0.0,0.0,0.0,0.0,0.0,100.0
20120104205200,0.0,0.0,0.0,0.0,0.0,0.0,0.0,100.0
20120104205300,0.0,0.0,0.0,0.0,0.0,0.0,0.0,100.0
20120104205400,0.0,0.0,0.0,0.0,0.0,0.0,0.0,100.0
20120104205500,0.0,0.0,0.0,0.0,0.0,0.0,0.0,100.0
20120104205600,0.0,0.0,0.0,0.0,0.0,0.0,0.0,100.0
20120104205700,0.0,0.0,0.0,0.0,0.1,0.0,0.0,99.9
20120104205800,0.0,0.0,0.0,0.0,0.0,0.0,0.0,100.0
20120104205900,0.0,0.0,0.0,0.0,0.0,0.0,0.0,100.0
20120104210000,0.0,0.0,0.0,0.0,0.0,0.0,0.0,100.0
20120104210100,0.0,0.0,0.0,0.0,0.2,0.0,0.0,99.8
20120104210200,0.0,0.0,0.0,0.0,0.5,0.0,0.0,99.5
20120104210300,0.0,0.0,0.0,0.0,0.1,0.0,0.0,99.9
20120104210400,0.0,0.0,0.0,0.0,0.0,0.0,0.0,100.0
20120104210500,0.0,0.0,0.0,0.0,0.6,0.0,0.0,99.4
20120104210600,0.0,0.0,0.0,0.0,0.3,0.0,0.0,99.7
20120104210700,0.0,0.0,0.0,0.0,0.1,0.0,0.0,99.9
20120104210800,0.0,0.0,0.0,0.0,0.0,0.0,0.0,100.0
20120104210900,0.0,0.0,0.0,0.0,0.1,0.0,0.0,99.9
20120104211000,0.0,0.0,0.0,0.0,0.0,0.0,0.0,100.0
20120104211100,0.0,0.0,0.0,0.0,0.1,0.0,0.0,99.9
20120104211200,0.0,0.0,0.0,0.0,0.4,0.0,0.0,99.6
20120104211300,0.0,0.0,0.0,0.0,0.3,0.0,0.0,99.7
20120104211400,0.0,0.0,0.0,0.0,0.6,0.0,0.0,99.4
20120104211500,0.0,0.0,0.0,0.0,0.8,0.0,0.0,99.2
20120104211600,0.0,0.0,0.0,0.0,0.0,0.0,0.0,100.0
20120104211700,0.0,0.0,0.0,0.0,1.3,0.0,0.0,98.6
20120104211800,0.0,0.0,0.0,0.0,0.2,0.0,0.0,99.8
20120104211900,0.0,0.0,0.0,0.0,0.4,0.0,0.0,99.6
20120104212000,0.0,0.0,0.0,0.0,0.0,0.0,0.0,100.0
20120104212100,0.0,0.0,0.0,0.0,0.0,0.0,0.0,100.0
20120104212200,0.0,0.0,0.0,0.0,0.5,0.0,0.0,99.5
20120104212300,0.0,0.0,0.0,0.0,0.2,0.0,0.0,99.8
20120104212400,0.0,0.0,0.0,0.0,0.1,0.0,0.0,99.9
20120104212500,0.0,0.0,0.0,0.0,0.1,0.0,0.0,99.9
20120104212600,0.0,0.0,0.0,0.0,0.2,0.0,0.0,99.8
20120104212700,0.0,0.0,0.0,0.0,0.1,0.0,0.0,99.8
20120104212800,0.0,0.0,0.0,0.0,0.1,0.0,0.0,99.9
20120104212900,0.0,0.0,0.0,0.0,0.1,0.0,0.0,99.9
20120104213000,0.0,0.0,0.0,0.0,0.1,0.0,0.0,99.9
20120104213100,0.0,0.0,0.0,0.0,0.0,0.0,0.0,100.0
20120104213200,0.0,0.0,0.0,0.0,0.2,0.0,0.0,99.8
20120104213300,0.0,0.0,0.0,0.0,0.0,0.0,0.0,100.0
20120104213400,0.0,0.0,0.0,0.0,0.1,0.0,0.0,99.9
20120104213500,0.0,0.0,0.0,0.0,0.3,0.0,0.0,99.7
20120104213600,0.0,0.0,0.0,0.0,0.7,0.0,0.0,99.3
20120104213700,0.0,0.0,0.0,0.0,0.0,0.0,0.0,100.0
20120104213800,0.0,0.0,0.0,0.0,0.0,0.0,0.0,100.0
20120104213900,0.0,0.0,0.0,0.0,0.0,0.0,0.0,100.0
20120104214000,0.0,0.0,0.0,0.0,0.0,0.0,0.0,100.0
20120104214100,0.0,0.0,0.0,0.0,0.0,0.0,0.0,100.0
20120104214200,0.0,0.0,0.0,0.0,0.1,0.0,0.0,99.9
20120104214300,0.0,0.0,0.0,0.0,9.9,0.0,0.0,90.1
20120104214400,0.0,0.0,0.0,0.0,6.1,0.0,0.0,93.9
20120104214500,0.0,0.0,0.0,0.0,5.7,0.0,0.0,94.3
20120104214600,0.0,0.0,0.0,0.0,18.0,0.0,0.0,82.0
20120104214700,0.0,0.0,0.0,0.0,1.2,0.0,0.0,98.8
20120104214800,0.0,0.0,0.0,0.0,0.0,0.0,0.0,100.0
20120104214900,0.0,0.0,0.0,0.0,0.6,0.0,0.0,99.4
20120104215000,0.0,0.0,0.0,0.0,0.9,0.0,0.0,99.1
20120104215100,0.0,0.0,0.0,0.0,4.0,0.0,0.0,96.0
20120104215200,0.0,0.0,0.0,0.0,3.0,0.0,0.0,97.0
20120104215300,0.0,0.0,0.0,0.0,4.3,0.0,0.0,95.7
20120104215400,0.0,0.0,0.0,0.0,99.0,0.0,0.0,1.0
20120104215500,0.0,0.0,0.0,0.0,96.2,0.0,0.0,3.8
20120104215600,0.0,0.0,0.0,0.0,95.0,0.0,0.0,5.0
20120104215700,0.0,0.0,0.0,0.0,7.1,0.0,0.0,92.9
20120104215800,0.0,0.0,0.0,0.0,2.2,0.0,0.0,97.8
20120104215900,0.0,0.0,0.0,0.0,0.0,0.0,0.0,100.0
20120104220000,0.0,0.0,0.0,0.0,0.0,0.0,0.0,100.0
20120104220100,0.0,0.0,0.0,0.0,0.0,0.0,0.0,100.0
20120104220200,0.0,0.0,0.0,0.0,0.4,0.0,0.0,99.6
20120104220300,0.0,0.0,0.0,0.0,0.0,0.0,0.0,100.0
20120104220400,0.0,0.0,0.0,0.0,1.0,0.0,0.0,99.0
20120104220500,0.0,0.0,0.0,0.0,5.3,0.0,0.0,94.7
20120104220600,0.0,0.0,0.0,0.0,1.5,0.0,0.0,98.5
20120104220700,0.0,0.0,0.0,0.0,3.1,0.0,0.0,96.9
20120104220800,0.0,0.0,0.0,0.0,4.4,0.0,0.0,95.6
20120104220900,0.0,0.0,0.0,0.0,93.0,0.0,0.0,7.0
20120104221000,0.0,0.0,0.0,0.0,2.7,0.0,0.0,97.3
20120104221100,0.0,0.0,0.0,0.0,78.8,0.0,0.0,21.2
20120104221200,0.0,0.0,0.0,0.0,79.7,0.0,0.0,20.3
20120104221300,0.0,0.0,0.0,0.0,96.8,0.0,0.0,3.2
20120104221400,0.0,0.0,0.0,0.0,17.3,0.0,0.0,82.7
20120104221500,0.0,0.0,0.0,0.0,93.6,0.0,0.0,6.4
20120104221600,0.0,0.0,0.0,0.0,62.2,0.0,0.0,37.8
20120104221700,0.0,0.0,0.0,0.0,85.0,0.0,0.0,15.0
20120104221800,0.0,0.0,0.0,0.0,69.9,0.0,0.0,30.1
20120104221900,0.0,0.0,0.0,0.0,58.4,0.0,0.0,41.6
20120104222000,0.0,0.0,0.0,0.0,17.9,0.0,0.0,82.1
20120104222100,0.0,0.0,0.0,0.0,0.7,0.0,0.0,99.3
20120104222200,0.0,0.0,0.0,0.0,3.9,0.0,0.0,96.1
20120104222300,0.0,0.0,0.0,0.0,100.0,0.0,0.0,0.0
20120104222400,0.0,0.0,0.0,0.0,100.0,0.0,0.0,0.0
20120104222500,0.0,0.0,0.0,0.0,100.0,0.0,0.0,0.0
20120104222600,0.0,0.0,0.0,0.0,100.0,0.0,0.0,0.0
20120104222700,0.0,0.0,0.0,0.0,100.0,0.0,0.0,0.0
20120104222800,0.0,0.0,0.0,0.0,100.0,0.0,0.0,0.0
20120104222900,0.0,0.0,0.0,0.0,100.0,0.0,0.0,0.0
20120104223000,0.0,0.0,0.0,0.0,100.0,0.0,0.0,0.0
20120104223100,0.0,0.0,0.0,0.0,100.0,0.0,0.0,0.0
20120104223200,0.0,0.0,0.0,0.0,100.0,0.0,0.0,0.0
20120104223300,0.0,0.0,0.0,0.0,100.0,0.0,0.0,0.0
20120104223400,0.0,0.0,0.0,0.0,100.0,0.0,0.0,0.0
20120104223500,0.0,0.0,0.0,0.0,100.0,0.0,0.0,0.0
20120104223600,0.0,0.0,0.0,0.0,99.9,0.0,0.0,0.1
20120104223700,0.0,0.0,0.0,0.0,100.0,0.0,0.0,0.0
20120104223800,0.0,0.0,0.0,0.0,100.0,0.0,0.0,0.0
20120104223900,0.0,0.0,0.0,0.0,100.0,0.0,0.0,0.0
20120104224000,0.0,0.0,0.0,0.0,100.0,0.0,0.0,0.0
20120104224100,0.0,0.0,0.0,0.0,100.0,0.0,0.0,0.0
20120104224200,0.0,0.0,0.0,0.0,100.0,0.0,0.0,0.0
20120104224300,0.0,0.0,0.0,0.0,99.4,0.0,0.0,0.6
20120104224400,0.0,0.0,0.0,0.0,99.7,0.0,0.0,0.3
20120104224500,0.0,0.0,0.0,0.0,100.0,0.0,0.0,0.0
20120104224600,0.0,0.0,0.0,0.0,100.0,0.0,0.0,0.0
20120104224700,0.0,0.0,0.0,0.0,100.0,0.0,0.0,0.0
20120104224800,0.0,0.0,0.0,0.0,99.7,0.0,0.0,0.3
20120104224900,0.0,0.0,0.0,0.0,100.0,0.0,0.0,0.0
20120104225000,0.0,0.0,0.0,0.0,99.9,0.0,0.0,0.1
20120104225100,0.0,0.0,0.0,0.0,100.0,0.0,0.0,0.0
20120104225200,0.0,0.0,0.0,0.0,100.0,0.0,0.0,0.0
20120104225300,0.0,0.0,0.0,0.0,100.0,0.0,0.0,0.0
20120104225400,0.0,0.0,0.0,0.0,100.0,0.0,0.0,0.0
20120104225500,0.0,0.0,0.0,0.0,100.0,0.0,0.0,0.0
20120104225600,0.0,0.0,0.0,0.0,100.0,0.0,0.0,0.0
20120104225700,0.0,0.0,0.0,0.0,100.0,0.0,0.0,0.0
20120104225800,0.0,0.0,0.0,0.0,100.0,0.0,0.0,0.0
20120104225900,0.0,0.0,0.0,0.0,100.0,0.0,0.0,0.0
20120104230000,0.0,0.0,0.0,0.0,100.0,0.0,0.0,0.0
20120104230100,0.0,0.0,0.0,0.0,100.0,0.0,0.0,0.0
20120104230200,0.0,0.0,0.0,0.0,100.0,0.0,0.0,0.0
20120104230300,0.0,0.0,0.0,0.0,99.9,0.0,0.0,0.1
20120104230400,0.0,0.0,0.0,0.0,99.8,0.0,0.0,0.2
20120104230500,0.0,0.0,0.0,0.0,100.0,0.0,0.0,0.0
20120104230600,0.0,0.0,0.0,0.0,100.0,0.0,0.0,0.0
20120104230700,0.0,0.0,0.0,0.0,100.0,0.0,0.0,0.0
20120104230800,0.0,0.0,0.0,0.0,96.3,0.0,0.0,3.7
20120104230900,0.0,0.0,0.0,0.0,50.2,0.0,0.0,49.8
20120104231000,0.0,0.0,0.0,0.0,45.9,0.0,0.0,54.1
20120104231100,0.0,0.0,0.0,0.0,88.4,0.0,0.0,11.6
20120104231200,0.0,0.0,0.0,0.0,62.4,0.0,0.0,37.6
20120104231300,0.0,0.0,0.0,0.0,83.8,0.0,0.0,16.2
20120104231400,0.0,0.0,0.0,0.0,99.7,0.0,0.0,0.3
20120104231500,0.0,0.0,0.0,0.0,99.1,0.0,0.0,0.9
20120104231600,0.0,0.0,0.0,0.0,99.1,0.0,0.0,0.9
20120104231700,0.0,0.0,0.0,0.0,98.3,0.0,0.0,1.7
20120104231800,0.0,0.0,0.0,0.0,100.0,0.0,0.0,0.0
20120104231900,0.0,0.0,0.0,0.0,100.0,0.0,0.0,0.0
20120104232000,0.0,0.0,0.0,0.0,100.0,0.0,0.0,0.0
20120104232100,0.0,0.0,0.0,0.0,100.0,0.0,0.0,0.0
20120104232200,0.0,0.0,0.0,0.0,100.0,0.0,0.0,0.0
20120104232300,0.0,0.0,0.0,0.0,99.9,0.0,0.0,0.1
20120104232400,0.0,0.0,0.0,0.0,98.7,0.0,0.0,1.3
20120104232500,0.0,0.0,0.0,0.0,99.8,0.0,0.0,0.2
20120104232600,0.0,0.0,0.0,0.0,99.8,0.0,0.0,0.2
20120104232700,0.0,0.0,0.0,0.0,99.7,0.0,0.0,0.3
20120104232800,0.0,0.0,0.0,0.0,99.8,0.0,0.0,0.2
20120104232900,0.0,0.0,0.0,0.0,97.9,0.0,0.0,2.1
20120104233000,0.0,0.0,0.0,0.0,99.8,0.0,0.0,0.2
20120104233100,0.0,0.0,0.0,0.0,99.7,0.0,0.0,0.3
20120104233200,0.0,0.0,0.0,0.0,99.0,0.0,0.0,1.0
20120104233300,0.0,0.0,0.0,0.0,99.9,0.0,0.0,0.1
20120104233400,0.0,0.0,0.0,0.0,79.6,0.0,0.0,20.4
20120104233500,0.0,0.0,0.0,0.0,98.3,0.0,0.0,1.7
20120104233600,0.0,0.0,0.0,0.0,94.4,0.0,0.0,5.6
20120104233700,0.0,0.0,0.0,0.0,99.8,0.0,0.0,0.2
20120104233800,0.0,0.0,0.0,0.0,99.1,0.0,0.0,0.9
20120104233900,0.0,0.0,0.0,0.0,77.1,0.0,0.0,22.9
20120104234000,0.0,0.0,0.0,0.0,81.0,0.0,0.0,19.0
20120104234100,0.0,0.0,0.0,0.0,93.9,0.0,0.0,6.1
20120104234200,0.0,0.0,0.0,0.0,64.3,0.0,0.0,35.7
20120104234300,0.0,0.0,0.0,0.0,98.5,0.0,0.0,1.5
20120104234400,0.0,0.0,0.0,0.0,99.1,0.0,0.0,0.9
20120104234500,0.0,0.0,0.0,0.0,82.0,0.0,0.0,18.0
20120104234600,0.0,0.0,0.0,0.0,99.4,0.0,0.0,0.6
20120104234700,0.0,0.0,0.0,0.0,99.6,0.0,0.0,0.4
20120104234800,0.0,0.0,0.0,0.0,99.1,0.0,0.0,0.9
20120104234900,0.0,0.0,0.0,0.0,92.9,0.0,0.0,7.1
20120104235000,0.0,0.0,0.0,0.0,89.7,0.0,0.0,10.3
20120104235100,0.0,0.0,0.0,0.0,0.1,0.0,0.0,99.9
20120104235200,0.0,0.0,0.0,0.0,0.0,0.0,0.0,100.0
20120104235300,0.0,0.0,0.0,0.0,0.0,0.0,0.0,100.0
20120104235400,0.0,0.0,0.0,0.0,0.7,0.0,0.0,99.3
20120104235500,0.0,0.0,0.0,0.0,0.7,0.0,0.0,99.3
20120104235600,0.0,0.0,0.0,0.0,1.6,0.0,0.0,98.4
20120104235700,0.0,0.0,0.0,0.0,10.5,0.0,0.0,89.5
20120104235800,0.0,0.0,0.0,0.0,38.5,0.0,0.0,61.5
20120104235900,0.0,0.0,0.0,0.0,92.5,0.0,0.0,7.5
20120105000000,0.0,0.0,0.0,0.0,99.9,0.0,0.0,0.1
20120105000100,0.0,0.0,0.0,0.0,98.1,0.0,0.0,1.9
20120105000200,0.0,0.0,0.0,0.0,99.7,0.0,0.0,0.3
20120105000300,0.0,0.0,0.0,0.0,99.8,0.0,0.0,0.2
20120105000400,0.0,0.0,0.0,0.0,100.0,0.0,0.0,0.0
20120105000500,0.0,0.0,0.0,0.0,100.0,0.0,0.0,0.0
20120105000600,0.0,0.0,0.0,0.0,93.7,0.0,0.0,6.3
20120105000700,0.0,0.0,0.0,0.0,100.0,0.0,0.0,0.0
20120105000800,0.0,0.0,0.0,0.0,99.3,0.0,0.0,0.7
20120105000900,0.0,0.0,0.0,0.0,100.0,0.0,0.0,0.0
20120105001000,0.0,0.0,0.0,0.0,100.0,0.0,0.0,0.0
20120105001100,0.0,0.0,0.0,0.0,99.6,0.0,0.0,0.4
20120105001200,0.0,0.0,0.0,0.0,98.1,0.0,0.0,1.9
20120105001300,0.0,0.0,0.0,0.0,99.1,0.0,0.0,0.9
20120105001400,0.0,0.0,0.0,0.0,99.6,0.0,0.0,0.4
20120105001500,0.0,0.0,0.0,0.0,98.6,0.0,0.0,1.4
20120105001600,0.0,0.0,0.0,0.0,100.0,0.0,0.0,0.0
20120105001700,0.0,0.0,0.0,0.0,100.0,0.0,0.0,0.0
20120105001800,0.0,0.0,0.0,0.0,99.8,0.0,0.0,0.2
20120105001900,0.0,0.0,0.0,0.0,100.0,0.0,0.0,0.0
20120105002000,0.0,0.0,0.0,0.0,100.0,0.0,0.0,0.0
20120105002100,0.0,0.0,0.0,0.0,100.0,0.0,0.0,0.0
20120105002200,0.0,0.0,0.0,0.0,100.0,0.0,0.0,0.0
20120105002300,0.0,0.0,0.0,0.0,100.0,0.0,0.0,0.0
20120105002400,0.0,0.0,0.0,0.0,100.0,0.0,0.0,0.0
20120105002500,0.0,0.0,0.0,0.0,100.0,0.0,0.0,0.0
20120105002600,0.0,0.0,0.0,0.0,100.0,0.0,0.0,0.0
20120105002700,0.0,0.0,0.0,0.0,100.0,0.0,0.0,0.0
20120105002800,0.0,0.0,0.0,0.0,100.0,0.0,0.0,0.0
20120105002900,0.0,0.0,0.0,0.0,100.0,0.0,0.0,0.0
20120105003000,0.0,0.0,0.0,0.0,100.0,0.0,0.0,0.0
20120105003100,0.0,0.0,0.0,0.0,100.0,0.0,0.0,0.0
20120105003200,0.0,0.0,0.0,0.0,100.0,0.0,0.0,0.0
20120105003300,0.0,0.0,0.0,0.0,100.0,0.0,0.0,0.0
20120105003400,0.0,0.0,0.0,0.0,100.0,0.0,0.0,0.0
20120105003500,0.0,0.0,0.0,0.0,100.0,0.0,0.0,0.0
20120105003600,0.0,0.0,0.0,0.0,100.0,0.0,0.0,0.0
20120105003700,0.0,0.0,0.0,0.0,100.0,0.0,0.0,0.0
20120105003800,0.0,0.0,0.0,0.0,100.0,0.0,0.0,0.0
20120105003900,0.0,0.0,0.0,0.0,100.0,0.0,0.0,0.0
20120105004000,0.0,0.0,0.0,0.0,100.0,0.0,0.0,0.0
20120105004100,0.0,0.0,0.0,0.0,100.0,0.0,0.0,0.0
20120105004200,0.0,0.0,0.0,0.0,100.0,0.0,0.0,0.0
20120105004300,0.0,0.0,0.0,0.0,100.0,0.0,0.0,0.0
20120105004400,0.0,0.0,0.0,0.0,100.0,0.0,0.0,0.0
20120105004500,0.0,0.0,0.0,0.0,100.0,0.0,0.0,0.0
20120105004600,0.0,0.0,0.0,0.0,100.0,0.0,0.0,0.0
20120105004700,0.0,0.0,0.0,0.0,100.0,0.0,0.0,0.0
20120105004800,0.0,0.0,0.0,0.0,99.9,0.0,0.0,0.1
20120105004900,0.0,0.0,0.0,0.0,100.0,0.0,0.0,0.0
20120105005000,0.0,0.0,0.0,0.0,99.9,0.0,0.0,0.1
20120105005100,0.0,0.0,0.0,0.0,100.0,0.0,0.0,0.0
20120105005200,0.0,0.0,0.0,0.0,100.0,0.0,0.0,0.0
20120105005300,0.0,0.0,0.0,0.0,100.0,0.0,0.0,0.0
20120105005400,0.0,0.0,0.0,0.0,98.5,0.0,0.0,1.5
20120105005500,0.0,0.0,0.0,0.0,99.2,0.0,0.0,0.8
20120105005600,0.0,0.0,0.0,0.0,100.0,0.0,0.0,0.0
20120105005700,0.0,0.0,0.0,0.0,99.2,0.0,0.0,0.8
20120105005800,0.0,0.0,0.0,0.0,99.7,0.0,0.0,0.3
20120105005900,0.0,0.0,0.0,0.0,99.3,0.0,0.0,0.7
20120105010000,0.0,0.0,0.0,0.0,99.6,0.0,0.0,0.4
20120105010100,0.0,0.0,0.0,0.0,87.4,0.0,0.0,12.6
20120105010200,0.0,0.0,0.0,0.0,85.1,0.0,0.0,14.9
20120105010300,0.0,0.0,0.0,0.0,87.9,0.0,0.0,12.1
20120105010400,0.0,0.0,0.0,0.0,97.4,0.0,0.0,2.6
20120105010500,0.0,0.0,0.0,0.0,2.9,0.0,0.0,97.1
20120105010600,0.0,0.0,0.0,0.0,82.0,0.0,0.0,18.0
20120105010700,0.0,0.0,0.0,0.0,99.4,0.0,0.0,0.6
20120105010800,0.0,0.0,0.0,0.0,98.9,0.0,0.0,1.1
20120105010900,0.0,0.0,0.0,0.0,97.5,0.0,0.0,2.5
20120105011000,0.0,0.0,0.0,0.0,37.1,0.0,0.0,62.9
20120105011100,0.0,0.0,0.0,0.0,60.1,0.0,0.0,39.9
20120105011200,0.0,0.0,0.0,0.0,95.2,0.0,0.0,4.8
20120105011300,0.0,0.0,0.0,0.0,50.7,0.0,0.0,49.3
20120105011400,0.0,0.0,0.0,0.0,40.9,0.0,0.0,59.1
20120105011500,0.0,0.0,0.0,0.0,87.0,0.0,0.0,13.0
20120105011600,0.0,0.0,0.0,0.0,17.2,0.0,0.0,82.8
20120105011700,0.0,0.0,0.0,0.0,82.0,0.0,0.0,18.0
20120105011800,0.0,0.0,0.0,0.0,4.2,0.0,0.0,95.8
20120105011900,0.0,0.0,0.0,0.0,26.1,0.0,0.0,73.9
20120105012000,0.0,0.0,0.0,0.0,50.3,0.0,0.0,49.7
20120105012100,0.0,0.0,0.0,0.0,8.2,0.0,0.0,91.8
20120105012200,0.0,0.0,0.0,0.0,2.1,0.0,0.0,97.9
20120105012300,0.0,0.0,0.0,0.0,3.0,0.0,0.0,97.0
20120105012400,0.0,0.0,0.0,0.0,12.2,0.0,0.0,87.8
20120105012500,0.0,0.0,0.0,0.0,13.6,0.0,0.0,86.4
20120105012600,0.0,0.0,0.0,0.0,53.4,0.0,0.0,46.6
20120105012700,0.0,0.0,0.0,0.0,39.8,0.0,0.0,60.2
20120105012800,0.0,0.0,0.0,0.0,40.7,0.0,0.0,59.3
20120105012900,0.0,0.0,0.0,0.0,72.3,0.0,0.0,27.7
20120105013000,0.0,0.0,0.0,0.0,19.3,0.0,0.0,80.7
20120105013100,0.0,0.0,0.0,0.0,64.2,0.0,0.0,35.8
20120105013200,0.0,0.0,0.0,0.0,60.4,0.0,0.0,39.6
20120105013300,0.0,0.0,0.0,0.0,24.7,0.0,0.0,75.3
20120105013400,0.0,0.0,0.0,0.0,5.4,0.0,0.0,94.6
20120105013500,0.0,0.0,0.0,0.0,2.2,0.0,0.0,97.8
20120105013600,0.0,0.0,0.0,0.0,0.2,0.0,0.0,99.8
20120105013700,0.0,0.0,0.0,0.0,1.3,0.0,0.0,98.7
20120105013800,0.0,0.0,0.0,0.0,0.4,0.0,0.0,99.6
20120105013900,0.0,0.0,0.0,0.0,1.8,0.0,0.0,98.2
20120105014000,0.0,0.0,0.0,0.0,49.3,0.0,0.0,50.7
20120105014100,0.0,0.0,0.0,0.0,20.0,0.0,0.0,80.0
20120105014200,0.0,0.0,0.0,0.0,9.9,0.0,0.0,90.1
20120105014300,0.0,0.0,0.0,0.0,8.1,0.0,0.0,91.9
20120105014400,0.0,0.0,0.0,0.0,16.7,0.0,0.0,83.3
20120105014500,0.0,0.0,0.0,0.0,3.0,0.0,0.0,97.0
20120105014600,0.0,0.0,0.0,0.0,2.4,0.0,0.0,97.6
20120105014700,0.0,0.0,0.0,0.0,1.3,0.0,0.0,98.7
20120105014800,0.0,0.0,0.0,0.0,1.4,0.0,0.0,98.6
20120105014900,0.0,0.0,0.0,0.0,1.5,0.0,0.0,98.5
20120105015000,0.0,0.0,0.0,0.0,0.9,0.0,0.0,99.1
20120105015100,0.0,0.0,0.0,0.0,1.9,0.0,0.0,98.1
20120105015200,0.0,0.0,0.0,0.0,1.2,0.0,0.0,98.8
20120105015300,0.0,0.0,0.0,0.0,0.0,0.0,0.0,100.0
20120105015400,0.0,0.0,0.0,0.0,0.1,0.0,0.0,99.9
20120105015500,0.0,0.0,0.0,0.0,0.1,0.0,0.0,99.9
20120105015600,0.0,0.0,0.0,0.0,0.2,0.0,0.0,99.8
20120105015700,0.0,0.0,0.0,0.0,0.2,0.0,0.0,99.8
20120105015800,0.0,0.0,0.0,0.0,0.8,0.0,0.0,99.2
20120105015900,0.0,0.0,0.0,0.0,0.6,0.0,0.0,99.4
20120105020000,0.0,0.0,0.0,0.0,0.0,0.0,0.0,100.0
20120105020100,0.0,0.0,0.0,0.0,5.1,0.0,0.0,94.9
20120105020200,0.0,0.0,0.0,0.0,2.1,0.0,0.0,97.9
20120105020300,0.0,0.0,0.0,0.0,1.0,0.1,0.0,99.0
20120105020400,0.0,0.0,0.0,0.0,0.3,0.0,0.0,99.7
20120105020500,0.0,0.0,0.0,0.0,0.4,0.0,0.0,99.6
20120105020600,0.0,0.0,0.0,0.0,0.0,0.0,0.0,100.0
20120105020700,0.0,0.0,0.0,0.0,0.3,0.0,0.0,99.7
20120105020800,0.0,0.0,0.0,0.0,1.4,0.0,0.0,98.6
20120105020900,0.0,0.0,0.0,0.0,0.5,0.0,0.0,99.5
20120105021000,0.0,0.0,0.0,0.0,0.5,0.0,0.0,99.5
20120105021100,0.0,0.0,0.0,0.0,0.7,0.0,0.0,99.3
20120105021200,0.0,0.0,0.0,0.0,0.2,0.0,0.0,99.8
20120105021300,0.0,0.0,0.0,0.0,0.2,0.0,0.0,99.8
20120105021400,0.0,0.0,0.0,0.0,0.2,0.0,0.0,99.8
20120105021500,0.0,0.0,0.0,0.0,0.0,0.0,0.0,100.0
20120105021600,0.0,0.0,0.0,0.0,0.3,0.0,0.0,99.7
20120105021700,0.0,0.0,0.0,0.0,0.0,0.0,0.0,100.0
20120105021800,0.0,0.0,0.0,0.0,0.0,0.0,0.0,99.9
20120105021900,0.0,0.0,0.0,0.0,0.0,0.0,0.0,100.0
20120105022000,0.0,0.0,0.0,0.0,0.0,0.0,0.0,100.0
20120105022100,0.0,0.0,0.0,0.0,0.0,0.0,0.0,100.0
20120105022200,0.0,0.0,0.0,0.0,0.0,0.0,0.0,100.0
20120105022300,0.0,0.0,0.0,0.0,0.0,0.0,0.0,100.0
20120105022400,0.0,0.0,0.0,0.0,0.0,0.0,0.0,100.0
20120105022500,0.0,0.0,0.0,0.0,0.0,0.0,0.0,100.0
20120105022600,0.0,0.0,0.0,0.0,0.0,0.0,0.0,100.0
20120105022700,0.0,0.0,0.0,0.0,0.0,0.0,0.0,100.0
20120105022800,0.0,0.0,0.0,0.0,0.0,0.0,0.0,100.0
20120105022900,0.0,0.0,0.0,0.0,0.0,0.0,0.0,100.0
20120105023000,0.0,0.0,0.0,0.0,0.0,0.1,0.0,99.9
20120105023100,0.0,0.0,0.0,0.0,0.2,0.3,0.0,99.5
20120105023200,0.0,0.0,0.0,0.0,0.0,0.0,0.0,100.0
20120105023300,0.0,0.0,0.0,0.0,0.0,0.0,0.0,100.0
20120105023400,0.0,0.0,0.0,0.0,0.0,0.0,0.0,100.0
20120105023500,0.0,0.0,0.0,0.0,0.0,0.0,0.0,100.0
20120105023600,0.0,0.0,0.0,0.0,0.0,0.0,0.0,100.0
20120105023700,0.0,0.0,0.0,0.0,0.0,0.0,0.0,100.0
20120105023800,0.0,0.0,0.0,0.0,0.0,0.0,0.0,100.0
20120105023900,0.0,0.0,0.0,0.0,0.0,0.0,0.0,100.0
20120105024000,0.0,0.0,0.0,0.0,0.0,0.0,0.0,100.0
20120105024100,0.0,0.0,0.0,0.0,0.0,0.0,0.0,100.0
20120105024200,0.0,0.0,0.0,0.0,0.0,0.0,0.0,100.0
20120105024300,0.0,0.0,0.0,0.0,0.0,0.0,0.0,100.0
20120105024646,0.0,0.0,0.0,0.0,0.0,5.6,0.0,94.4
20120105024746,0.0,0.0,0.0,0.0,0.0,0.0,0.0,100.0
20120105024846,0.0,0.0,0.0,0.0,0.0,0.0,0.0,100.0
20120105024946,0.0,0.0,0.0,0.0,0.0,0.0,0.0,100.0
20120105025046,0.0,0.0,0.0,0.0,0.0,0.3,0.0,99.6
20120105025146,0.0,0.0,0.0,0.0,0.0,0.7,0.0,99.3
20120105025246,0.0,0.0,0.0,0.0,0.0,0.9,0.0,99.1
20120105025346,0.0,0.0,0.0,0.0,0.1,2.4,0.0,97.5
20120105025446,0.0,0.0,0.0,0.0,0.0,0.8,0.0,99.2
20120105025546,0.0,0.0,0.0,0.0,0.1,0.4,0.0,99.5
20120105025646,0.0,0.0,0.0,0.0,0.0,0.2,0.0,99.8
20120105025746,0.0,0.0,0.0,0.0,0.7,0.5,0.0,98.9
20120105025846,0.0,0.0,0.0,0.0,0.0,0.7,0.0,99.3
20120105025946,0.0,0.0,0.0,0.0,0.1,2.0,0.0,98.0
20120105030046,0.0,0.0,0.0,0.0,0.0,1.3,0.0,98.7
20120105030146,0.0,0.0,0.0,0.0,0.0,0.5,0.0,99.5
20120105030246,0.0,0.0,0.0,0.0,0.0,2.7,0.0,97.3
20120105030346,0.0,0.0,0.0,0.0,0.0,3.5,0.0,96.5
20120105030446,0.0,0.0,0.0,0.0,0.0,6.5,0.0,93.5
20120105030546,0.0,0.0,0.0,0.0,0.0,1.0,0.0,98.9
20120105030646,0.0,0.0,0.0,0.0,0.0,3.8,0.0,96.2
20120105030746,0.0,0.0,0.0,0.0,0.0,0.0,0.0,100.0
20120105030846,0.0,0.0,0.0,0.0,0.0,13.1,0.0,86.9
20120105030946,0.0,0.0,0.0,0.0,0.0,68.9,0.0,31.1
20120105031046,0.0,0.0,0.0,0.0,0.0,41.0,0.0,59.0
20120105031146,0.0,0.0,0.0,0.0,0.1,42.3,0.0,57.6
20120105031246,0.0,0.0,0.0,0.0,0.3,53.4,0.0,46.3
