UT,arc,discrete,diffuse,ac,ab,clear,cloudy,dd
20121003174300,0.0,0.0,0.0,0.0,0.0,0.0,0.0,100.0
20121003174400,0.0,0.0,0.0,0.0,0.0,0.0,0.0,100.0
20121003174500,0.0,0.0,0.0,0.0,0.0,0.0,0.0,100.0
20121003174600,0.0,0.0,0.0,0.0,0.0,0.0,0.0,100.0
20121003174700,0.0,0.0,0.0,0.0,0.0,0.0,0.0,100.0
20121003174800,0.0,0.0,0.0,0.0,0.0,0.0,0.0,100.0
20121003174900,0.0,0.0,0.0,0.0,0.0,0.0,0.3,99.7
20121003175000,0.0,0.0,0.0,0.0,0.0,0.0,0.3,99.7
20121003175100,0.0,0.0,0.0,0.0,0.0,0.0,0.1,99.9
20121003175200,0.0,0.0,0.0,0.0,0.0,0.0,0.0,99.9
20121003175300,0.0,0.0,0.0,0.0,0.0,0.0,0.0,100.0
20121003175400,0.0,0.0,0.0,0.0,0.0,0.0,0.0,100.0
20121003175500,0.0,0.0,0.0,0.0,0.0,0.0,0.0,100.0
20121003175600,0.0,0.0,0.0,0.0,0.0,0.0,0.1,99.9
20121003175700,0.0,0.0,0.0,0.0,0.0,0.0,0.0,100.0
20121003175800,0.0,0.0,0.0,0.0,0.0,0.0,0.0,100.0
20121003175900,0.0,0.0,0.0,0.0,0.0,0.0,0.6,99.4
20121003180000,0.0,0.0,0.0,0.0,0.0,0.0,0.0,100.0
20121003180100,0.0,0.0,0.0,0.0,0.0,0.0,0.1,99.9
20121003180200,0.0,0.0,0.0,0.0,0.0,0.0,0.7,99.3
20121003180300,0.0,0.0,0.0,0.0,0.0,0.0,0.1,99.9
20121003180400,0.0,0.0,0.0,0.0,0.0,0.0,7.4,92.6
20121003180500,0.0,0.0,0.0,0.0,0.0,0.0,0.1,99.9
20121003180600,0.0,0.0,0.0,0.0,0.0,0.0,0.0,100.0
20121003180700,0.0,0.0,0.0,0.0,0.0,0.0,0.1,99.9
20121003180800,0.0,0.0,0.0,0.0,0.0,0.0,22.8,77.2
20121003180900,0.0,0.0,0.0,0.1,0.0,0.0,41.7,58.3
20121003181000,0.0,0.0,0.0,0.1,0.0,0.0,35.8,64.0
20121003181100,0.0,0.0,0.0,0.0,0.0,0.0,1.5,98.5
20121003181200,0.0,0.0,0.0,0.1,0.0,0.0,26.1,73.8
20121003181300,0.0,0.0,0.0,0.0,0.0,0.0,79.1,20.9
20121003181400,0.0,0.0,0.0,0.1,0.0,0.0,92.8,7.1
20121003181500,0.0,0.0,0.0,0.0,0.0,0.0,99.7,0.3
20121003181600,0.0,0.0,0.0,0.0,0.0,0.0,99.9,0.1
20121003181700,0.0,0.0,0.0,0.0,0.0,0.0,99.7,0.3
20121003181800,0.0,0.0,0.0,0.1,0.0,0.0,94.5,5.4
20121003181900,0.0,0.0,0.0,0.2,0.0,0.0,90.5,9.3
20121003182000,0.0,0.0,0.0,2.4,0.0,0.0,67.3,30.4
20121003182100,0.0,0.0,0.0,0.3,0.0,0.0,89.5,10.1
20121003182200,0.0,0.0,0.0,0.0,0.0,0.0,98.6,1.4
20121003182300,0.0,0.0,0.0,0.5,0.0,0.0,91.6,7.9
20121003182400,0.0,0.0,0.0,0.1,0.0,0.0,96.6,3.3
20121003182500,0.0,0.0,0.0,0.0,0.0,0.0,99.8,0.2
20121003182600,0.0,0.0,0.0,0.0,0.0,0.0,96.7,3.3
20121003182700,0.0,0.0,0.0,0.0,0.0,0.0,86.2,13.7
20121003182800,0.0,0.0,0.0,0.1,0.0,0.0,47.2,52.7
20121003182900,0.0,0.0,0.0,0.1,0.0,0.0,0.7,99.2
20121003183000,0.0,0.0,0.0,0.0,0.0,0.0,0.0,100.0
20121003183100,0.0,0.0,0.0,0.1,0.0,0.0,4.8,95.1
20121003183200,0.0,0.0,0.0,0.0,0.0,0.0,0.9,99.1
20121003183300,0.0,0.0,0.0,0.1,0.0,0.0,4.8,95.1
20121003183400,0.0,0.0,0.0,0.1,0.0,0.0,1.9,98.0
20121003183500,0.0,0.0,0.0,0.0,0.0,0.0,1.2,98.8
20121003183600,0.0,0.0,0.0,0.4,0.0,0.0,61.8,37.8
20121003183700,0.0,0.0,0.0,0.3,0.0,0.0,32.2,67.5
20121003183800,0.0,0.0,0.0,0.0,0.0,0.0,2.1,97.9
20121003183900,0.0,0.0,0.0,0.0,0.0,0.0,0.5,99.5
20121003184000,0.0,0.0,0.0,0.1,0.0,0.0,29.6,70.4
20121003184100,0.0,0.0,0.0,0.0,0.0,0.0,36.7,63.2
20121003184200,0.0,0.0,0.0,3.8,0.0,0.0,19.2,77.0
20121003184300,0.0,0.0,0.0,1.5,0.0,0.0,2.7,95.8
20121003184400,0.0,0.0,0.0,2.2,0.0,0.0,0.3,97.5
20121003184500,0.0,0.0,0.0,3.9,0.0,0.0,0.3,95.8
20121003184600,0.0,0.0,0.0,27.5,0.0,0.0,1.2,71.4
20121003184700,0.0,0.0,0.0,7.3,0.0,0.0,1.1,91.5
20121003184800,0.0,0.0,0.0,5.7,0.0,0.0,0.5,93.8
20121003184900,0.0,0.0,0.0,2.8,0.0,0.0,17.3,79.9
20121003185000,0.0,0.0,0.0,8.7,0.0,0.0,8.9,82.4
20121003185100,0.0,0.0,0.0,2.0,0.0,0.0,6.3,91.7
20121003185200,0.0,0.0,0.0,1.6,0.0,0.0,0.1,98.4
20121003185300,0.0,0.0,0.0,0.3,0.0,0.0,2.8,96.8
20121003185400,0.0,0.0,0.0,0.4,0.0,0.0,18.6,80.9
20121003185500,0.0,0.0,0.0,1.1,0.0,0.0,78.6,20.3
20121003185600,0.0,0.0,0.0,0.4,0.0,0.0,13.0,86.6
20121003185700,0.0,0.0,0.0,4.2,0.0,0.0,48.8,47.0
20121003185800,0.0,0.0,0.0,0.4,0.0,0.0,75.6,24.0
20121003185900,0.0,0.0,0.0,3.3,0.0,0.0,60.4,36.3
20121003190000,0.0,0.0,0.0,4.1,0.0,0.0,66.2,29.7
20121003190100,0.0,0.0,0.0,49.1,0.0,0.0,1.4,49.5
20121003190200,0.0,0.0,0.0,7.5,0.0,0.0,1.6,90.9
20121003190300,0.0,0.0,0.0,31.5,0.0,0.0,0.7,67.8
20121003190400,0.0,0.0,0.0,41.8,0.0,0.0,11.4,46.7
20121003190500,0.0,0.0,0.0,20.3,0.0,0.0,1.8,77.9
20121003190600,0.0,0.0,0.0,2.4,0.0,0.0,9.1,88.4
20121003190700,0.0,0.0,0.0,8.3,0.0,0.0,0.7,91.0
20121003190800,0.0,0.0,0.0,10.9,0.0,0.0,0.2,88.9
20121003190900,0.0,0.0,0.1,11.9,0.0,0.0,0.3,87.6
20121003191000,0.0,0.0,0.0,2.6,0.0,0.0,0.4,97.0
20121003191100,0.0,0.0,0.1,5.8,0.4,0.0,15.4,78.3
20121003191200,0.0,0.0,0.0,7.6,0.0,0.0,67.8,24.5
20121003191300,0.0,0.0,0.0,0.9,0.0,0.0,38.1,61.0
20121003191400,0.0,0.0,0.0,0.2,0.0,0.0,94.7,5.1
20121003191500,0.0,0.0,0.0,0.6,0.0,0.0,98.6,0.8
20121003191600,0.0,0.0,0.0,1.7,0.0,0.0,98.2,0.1
20121003191700,0.0,0.0,0.0,9.4,0.0,0.0,90.0,0.6
20121003191800,0.0,0.0,0.0,8.6,0.0,0.0,88.8,2.6
20121003191900,0.0,0.0,0.1,17.0,0.0,0.0,82.8,0.2
20121003192000,0.0,0.0,0.0,20.8,0.0,0.0,76.0,3.2
20121003192100,0.0,0.0,0.0,18.5,0.0,0.0,0.6,80.9
20121003192200,0.0,0.0,0.0,0.8,0.0,0.0,0.6,98.6
20121003192300,0.0,0.0,0.0,6.4,0.0,0.0,61.9,31.6
20121003192400,0.0,0.0,0.0,10.5,0.0,0.0,88.1,1.3
20121003192500,0.0,0.0,0.0,13.3,0.0,0.0,80.0,6.7
20121003192600,0.0,0.0,0.0,0.5,0.0,0.0,99.5,0.0
20121003192700,0.0,0.0,0.0,16.8,0.0,0.0,58.2,24.9
20121003192800,0.0,0.0,0.0,8.4,0.0,0.0,87.8,3.8
20121003192900,0.0,0.0,0.1,25.3,0.0,0.0,73.8,0.8
20121003193000,0.0,0.0,0.0,41.7,0.0,0.0,58.3,0.0
20121003193100,0.0,0.0,0.1,57.7,0.0,0.0,42.2,0.1
20121003193200,0.0,0.0,0.1,75.7,0.0,0.0,24.1,0.0
20121003193300,0.0,0.0,0.1,14.7,0.0,0.0,84.8,0.4
20121003193400,0.0,0.0,0.0,75.7,0.0,0.0,23.2,1.1
20121003193500,0.0,0.0,0.0,99.0,0.0,0.0,1.0,0.0
20121003193600,0.0,0.0,0.0,100.0,0.0,0.0,0.0,0.0
20121003193700,0.0,0.0,0.0,99.9,0.0,0.0,0.1,0.0
20121003193800,0.0,0.0,0.0,100.0,0.0,0.0,0.0,0.0
20121003193900,0.0,0.0,0.0,94.9,0.0,0.0,5.0,0.0
20121003194000,0.0,0.0,0.0,93.6,0.0,0.0,6.3,0.0
20121003194100,0.0,0.0,0.0,1.9,0.0,0.0,98.1,0.0
20121003194200,0.0,0.0,0.0,10.8,0.0,0.0,89.1,0.1
20121003194300,0.0,0.0,0.0,3.3,0.0,0.0,96.7,0.0
20121003194400,0.0,0.0,0.0,64.4,0.0,0.0,35.6,0.0
20121003194500,0.0,0.0,0.0,97.2,0.0,0.0,2.8,0.0
20121003194600,0.0,0.0,0.0,73.6,0.0,0.0,26.3,0.1
20121003194700,0.0,0.0,0.1,15.0,0.1,0.0,84.6,0.1
20121003194800,0.0,0.0,0.3,39.8,0.0,0.0,59.9,0.0
20121003194900,0.0,0.0,0.1,2.6,0.1,0.0,97.2,0.0
20121003195000,0.0,0.0,0.0,67.7,0.0,0.0,32.3,0.0
20121003195100,0.0,0.0,0.0,99.7,0.0,0.0,0.3,0.0
20121003195200,0.0,0.0,0.0,98.8,0.0,0.0,1.2,0.0
20121003195300,0.0,0.0,0.0,99.6,0.0,0.0,0.4,0.0
20121003195400,0.0,0.0,0.1,64.2,0.3,0.0,35.1,0.2
20121003195500,0.0,0.0,0.4,26.8,0.3,0.0,72.1,0.3
20121003195600,0.0,0.0,0.6,46.6,0.3,0.0,52.2,0.2
20121003195700,0.0,0.0,0.5,9.6,11.7,0.1,77.4,0.8
20121003195800,0.0,0.1,1.9,2.9,12.2,0.1,81.8,1.0
20121003195900,0.1,0.0,1.0,0.7,13.9,0.1,83.2,0.8
20121003200000,0.0,0.0,0.1,1.6,0.0,0.0,98.3,0.0
20121003200100,0.0,0.0,0.0,0.3,0.0,0.0,99.7,0.0
20121003200200,0.0,0.0,0.0,0.5,0.0,0.0,99.5,0.0
20121003200300,0.0,0.0,0.0,0.4,0.0,0.0,99.5,0.0
20121003200400,0.0,0.0,0.0,0.1,0.0,0.0,99.5,0.4
20121003200500,0.0,0.0,0.0,0.0,0.0,0.0,100.0,0.0
20121003200600,0.0,0.0,0.0,0.1,0.0,0.0,99.9,0.0
20121003200700,0.0,0.0,0.0,0.1,0.0,0.0,99.8,0.0
20121003200800,0.0,0.0,0.0,0.3,0.0,0.0,99.7,0.0
20121003200900,0.0,0.0,0.0,1.1,0.0,0.0,98.9,0.0
20121003201000,0.0,0.0,0.0,3.4,0.1,0.0,96.4,0.1
20121003201100,0.0,0.0,0.0,61.6,1.8,0.0,36.5,0.1
20121003201200,0.0,0.0,0.4,33.2,8.0,0.0,58.0,0.3
20121003201300,0.0,0.0,0.0,0.4,0.1,0.0,99.4,0.0
20121003201400,0.0,0.0,0.0,27.7,3.4,0.0,68.6,0.3
20121003201500,0.0,0.0,0.0,25.8,0.2,0.0,73.8,0.2
20121003201600,0.0,0.0,0.0,41.5,0.1,0.0,53.7,4.7
20121003201700,0.0,0.0,0.0,43.8,0.0,0.0,56.2,0.0
20121003201800,0.0,0.0,0.0,30.2,0.0,0.0,69.8,0.0
20121003201900,0.0,0.0,0.0,97.8,0.0,0.0,2.1,0.0
20121003202000,0.0,0.0,0.0,54.8,0.0,0.0,41.1,4.1
20121003202100,0.0,0.0,0.0,67.1,0.1,0.0,32.1,0.8
20121003202200,0.0,0.0,0.0,1.2,0.0,0.0,97.9,0.9
20121003202300,0.0,0.0,0.0,72.9,0.0,0.0,23.2,3.9
20121003202400,0.0,0.0,0.1,91.5,0.0,0.0,7.7,0.7
20121003202500,0.0,0.0,0.0,93.2,0.0,0.0,5.5,1.4
20121003202600,0.0,0.0,0.0,57.2,0.0,0.0,39.0,3.8
20121003202700,0.0,0.0,0.0,85.0,0.0,0.0,14.7,0.3
20121003202800,0.0,0.0,0.0,25.0,0.0,0.0,74.8,0.2
20121003202900,0.0,0.0,0.0,3.4,0.0,0.0,95.0,1.6
20121003203000,0.0,0.0,0.0,0.4,0.0,0.0,99.6,0.0
20121003203100,0.0,0.0,0.0,0.3,0.0,0.0,99.7,0.0
20121003203200,0.0,0.0,0.0,0.3,0.0,0.0,99.3,0.3
20121003203300,0.0,0.0,0.0,0.7,0.0,0.0,98.5,0.8
20121003203400,0.0,0.0,0.0,10.4,0.0,0.0,88.9,0.7
20121003203500,0.0,0.0,0.0,2.2,0.0,0.0,97.8,0.0
20121003203600,0.0,0.0,0.0,5.9,0.0,0.0,93.6,0.5
20121003203700,0.0,0.0,0.0,4.9,0.0,0.0,94.7,0.4
20121003203800,0.0,0.0,0.0,5.0,0.0,0.0,94.7,0.2
20121003203900,0.0,0.0,0.0,0.4,0.0,0.0,99.1,0.5
20121003204000,0.0,0.0,0.0,1.4,0.0,0.0,98.0,0.6
20121003204100,0.0,0.0,0.0,7.5,0.0,0.0,92.3,0.2
20121003204200,0.0,0.0,0.0,11.3,0.0,0.0,88.6,0.1
20121003204300,0.0,0.0,0.0,0.1,0.0,0.0,99.9,0.0
20121003204400,0.0,0.0,0.0,0.1,0.0,0.0,99.9,0.0
20121003204500,0.0,0.0,0.0,0.3,0.0,0.0,99.7,0.0
20121003204600,0.0,0.0,0.0,0.1,0.0,0.0,99.8,0.1
20121003204700,0.0,0.0,0.0,0.1,0.0,0.0,99.8,0.0
20121003204800,0.0,0.0,0.0,0.0,0.0,0.0,100.0,0.0
20121003204900,0.0,0.0,0.0,0.0,0.0,0.0,99.9,0.1
20121003205000,0.0,0.0,0.0,0.1,0.0,0.0,99.8,0.1
20121003205100,0.0,0.0,0.0,61.7,0.0,0.0,37.0,1.2
20121003205200,0.0,0.0,0.0,2.1,0.0,0.0,97.7,0.2
20121003205300,0.0,0.0,0.0,0.0,0.0,0.0,99.7,0.3
20121003205400,0.0,0.1,0.0,0.6,0.0,0.0,97.6,1.7
20121003205500,0.0,0.0,0.0,15.3,0.2,0.0,84.1,0.4
20121003205600,0.0,0.0,0.0,90.2,0.5,0.0,9.3,0.0
20121003205700,0.0,0.0,0.0,92.5,0.3,0.0,7.0,0.2
20121003205800,0.0,0.0,0.0,96.4,0.2,0.0,3.5,0.0
20121003205900,0.0,0.0,0.0,2.0,0.1,0.0,97.9,0.0
20121003210000,0.0,0.0,0.0,0.2,0.1,0.0,99.7,0.0
20121003210100,0.0,0.0,0.0,0.0,0.0,0.0,100.0,0.0
20121003210200,0.0,0.0,0.0,0.0,0.0,0.0,100.0,0.0
20121003210300,0.0,0.0,0.0,0.0,0.0,0.0,100.0,0.0
20121003210400,0.0,0.0,0.0,0.0,0.0,0.0,100.0,0.0
20121003210500,0.0,0.0,0.0,2.9,0.0,0.0,97.0,0.1
20121003210600,0.0,0.0,0.0,1.0,0.0,0.0,98.9,0.1
20121003210700,0.0,0.0,0.0,15.8,0.5,0.0,83.6,0.0
20121003210800,0.0,0.0,0.0,0.0,0.0,0.0,100.0,0.0
20121003210900,0.0,0.0,0.0,0.1,0.0,0.0,99.9,0.0
20121003211000,0.0,0.0,0.0,41.7,0.1,0.0,54.7,3.4
20121003211100,0.0,0.1,0.0,91.9,5.4,0.0,1.7,0.9
20121003211200,0.0,0.0,0.0,92.8,0.8,0.0,5.4,0.9
20121003211300,0.0,0.0,0.0,78.7,0.4,0.0,20.3,0.6
20121003211400,0.0,0.0,0.0,15.8,0.0,0.0,83.1,1.0
20121003211500,0.0,0.0,0.0,0.2,0.0,0.0,98.9,0.8
20121003211600,0.0,0.0,0.0,1.0,0.0,0.0,98.4,0.7
20121003211700,0.0,0.0,0.0,0.1,0.6,0.0,99.3,0.0
20121003211800,0.0,0.0,0.0,0.7,0.9,0.0,97.9,0.4
20121003211900,0.0,0.0,0.0,0.1,0.0,0.0,99.9,0.0
20121003212000,0.0,0.0,0.0,32.1,0.4,0.0,67.4,0.1
20121003212100,0.0,0.0,0.0,1.4,0.0,0.0,97.2,1.4
20121003212200,0.0,0.0,0.0,2.8,0.1,0.0,96.3,0.8
20121003212300,0.0,0.0,0.0,2.9,0.0,0.0,93.1,3.9
20121003212400,0.0,0.0,0.0,0.1,0.0,0.0,98.1,1.8
20121003212500,0.0,0.1,0.0,21.0,1.4,0.0,56.7,20.8
20121003212600,0.0,0.0,0.0,8.3,0.2,0.0,70.4,21.0
20121003212700,0.0,0.0,0.0,80.1,0.2,0.0,12.1,7.6
20121003212800,0.0,0.2,0.0,67.8,0.3,0.0,27.4,4.3
20121003212900,0.0,0.2,0.0,15.6,0.1,0.0,11.6,72.5
20121003213000,0.0,0.0,0.0,0.0,0.0,0.0,98.7,1.3
20121003213100,0.0,0.0,0.0,0.0,0.0,0.0,99.9,0.1
20121003213200,0.0,0.0,0.0,0.0,0.0,0.0,99.9,0.1
20121003213300,0.0,0.0,0.0,0.0,0.0,0.0,94.3,5.7
20121003213400,0.0,0.0,0.0,2.1,0.1,0.0,26.9,71.0
20121003213500,0.0,0.0,0.0,0.0,0.0,0.0,99.8,0.2
20121003213600,0.0,0.0,0.0,0.0,0.0,0.0,100.0,0.0
20121003213700,0.0,0.0,0.0,0.0,0.0,0.0,100.0,0.0
20121003213800,0.0,0.0,0.0,0.0,0.0,0.0,99.9,0.1
20121003213900,0.0,0.0,0.0,1.0,0.6,0.0,96.0,2.4
20121003214000,0.0,0.1,0.0,7.3,1.4,0.0,84.4,6.8
20121003214100,0.0,0.3,0.0,14.5,45.3,0.0,39.7,0.2
20121003214200,0.0,5.5,0.0,5.5,88.6,0.0,0.3,0.1
20121003214300,0.0,0.2,0.0,1.3,97.1,0.0,0.0,1.3
20121003214400,0.0,0.0,0.0,0.1,99.9,0.0,0.0,0.0
20121003214500,0.0,0.0,0.0,0.1,99.9,0.0,0.0,0.0
20121003214600,0.0,0.0,0.0,0.0,100.0,0.0,0.0,0.0
20121003214700,0.0,0.0,0.0,0.0,100.0,0.0,0.0,0.0
20121003214800,0.0,0.0,0.0,0.0,100.0,0.0,0.0,0.0
20121003214900,0.0,0.0,0.0,0.0,100.0,0.0,0.0,0.0
20121003215000,0.0,0.0,0.0,0.0,100.0,0.0,0.0,0.0
20121003215100,0.0,0.0,0.0,0.0,100.0,0.0,0.0,0.0
20121003215200,0.0,0.0,0.0,0.0,100.0,0.0,0.0,0.0
20121003215300,0.0,0.0,0.0,0.0,100.0,0.0,0.0,0.0
20121003215400,0.0,0.0,0.0,0.0,99.9,0.0,0.0,0.1
20121003215500,0.0,0.0,0.0,0.0,99.4,0.0,0.0,0.6
20121003215600,0.0,0.0,0.0,0.0,15.8,0.0,0.0,84.2
20121003215700,0.0,0.0,0.0,0.0,0.2,0.0,0.0,99.8
20121003215800,0.0,0.0,0.0,0.0,46.6,0.0,0.0,53.4
20121003215900,0.0,0.0,0.0,0.0,4.8,0.0,0.0,95.2
20121003220000,0.0,0.0,0.0,0.0,0.0,0.0,0.0,100.0
20121003220100,0.0,0.0,0.0,0.0,0.8,0.0,0.0,99.2
20121003220200,0.0,0.0,0.0,0.0,0.8,0.0,0.0,99.2
20121003220300,0.0,0.0,0.0,0.0,27.4,0.0,1.1,71.5
20121003220400,0.0,0.0,0.0,0.0,37.3,0.0,21.9,40.8
20121003220500,0.0,0.0,0.0,0.2,20.1,0.0,48.0,31.7
20121003220600,0.0,0.0,0.0,0.0,0.2,0.0,92.8,6.9
20121003220700,0.0,0.0,0.0,0.1,0.0,0.0,97.6,2.3
20121003220800,0.0,0.0,0.0,0.0,0.0,0.0,99.5,0.5
20121003220900,0.0,0.0,0.0,0.0,0.0,0.0,97.4,2.6
20121003221000,0.0,0.0,0.0,0.0,0.0,0.0,96.0,4.0
20121003221100,0.0,0.0,0.0,0.0,0.0,0.0,85.2,14.8
20121003221200,0.0,0.0,0.0,0.2,0.0,0.0,77.8,22.0
20121003221300,0.0,0.0,0.0,0.2,0.0,0.0,67.9,31.8
20121003221400,0.0,0.0,0.0,9.6,0.0,0.0,75.8,14.6
20121003221500,0.0,0.0,0.0,2.1,0.0,0.0,82.1,15.8
20121003221600,0.0,0.0,0.0,28.6,0.1,0.0,69.6,1.8
20121003221700,0.0,0.0,0.0,56.8,0.2,0.0,41.2,1.8
20121003221800,0.0,0.0,0.0,94.6,0.0,0.0,5.3,0.1
20121003221900,0.0,0.0,0.0,49.6,33.8,0.0,15.6,1.0
20121003222000,0.0,0.0,0.0,52.5,2.6,0.0,43.8,1.1
20121003222100,0.0,0.0,0.0,96.3,0.7,0.0,2.8,0.2
20121003222200,0.0,0.0,0.0,99.3,0.0,0.0,0.7,0.0
20121003222300,0.0,0.0,0.0,0.4,0.0,0.0,99.6,0.0
20121003222400,0.0,0.0,0.0,4.9,0.0,0.0,95.1,0.0
20121003222500,0.0,0.0,0.0,0.0,0.0,0.0,100.0,0.0
20121003222600,0.0,0.0,0.0,0.0,0.0,0.0,100.0,0.0
20121003222700,0.0,0.0,0.0,0.0,0.0,0.0,100.0,0.0
20121003222800,0.0,0.0,0.0,0.0,0.0,0.0,100.0,0.0
20121003222900,0.0,0.0,0.0,0.0,0.0,0.0,100.0,0.0
20121003223000,0.0,0.0,0.0,0.0,0.0,0.0,100.0,0.0
20121003223100,0.0,0.0,0.0,0.0,0.0,0.0,100.0,0.0
20121003223200,0.0,0.0,0.0,0.0,0.0,0.0,100.0,0.0
20121003223300,0.0,0.0,0.0,0.0,0.0,0.0,100.0,0.0
20121003223400,0.0,0.0,0.0,0.0,0.0,0.0,100.0,0.0
20121003223500,0.0,0.0,0.0,0.0,0.0,0.0,100.0,0.0
20121003223600,0.0,0.0,0.0,0.7,0.0,0.0,99.3,0.0
20121003223700,0.0,0.0,0.0,0.0,0.0,0.0,100.0,0.0
20121003223800,0.0,0.0,0.0,0.0,0.0,0.0,100.0,0.0
20121003223900,0.0,0.0,0.0,0.0,0.0,0.0,100.0,0.0
20121003224000,0.0,0.0,0.0,0.2,0.0,0.0,99.8,0.0
20121003224100,0.0,0.0,0.0,0.3,0.0,0.0,99.7,0.0
20121003224200,0.0,0.0,0.0,0.1,0.0,0.0,99.9,0.0
20121003224300,0.0,0.0,0.0,22.8,0.0,0.0,77.2,0.0
20121003224400,0.0,0.0,0.0,1.5,0.0,0.0,98.5,0.0
20121003224500,0.0,0.0,0.0,15.9,0.0,0.0,84.1,0.0
20121003224600,0.2,0.0,0.0,98.7,0.6,0.0,0.4,0.0
20121003224700,0.4,0.0,0.0,92.3,7.3,0.0,0.0,0.0
20121003224800,0.4,0.0,0.0,86.7,11.2,0.0,1.7,0.0
20121003224900,0.0,0.0,0.0,12.3,9.0,0.0,78.6,0.1
20121003225000,0.1,0.0,0.0,13.3,22.2,0.0,64.3,0.1
20121003225100,0.0,0.0,0.0,18.5,4.9,0.0,76.5,0.0
20121003225200,0.0,0.0,0.0,2.9,81.8,0.0,15.3,0.0
20121003225300,0.0,0.0,0.0,2.2,5.4,0.0,92.4,0.0
20121003225400,0.0,0.0,0.0,0.1,93.4,0.0,6.5,0.0
20121003225500,0.0,0.0,0.0,0.9,26.0,0.0,73.1,0.0
20121003225600,0.0,0.0,0.0,0.6,0.9,0.0,97.7,0.9
20121003225700,0.0,0.0,0.0,3.1,4.1,0.0,90.7,2.1
20121003225800,0.0,0.0,0.0,0.1,0.0,0.0,96.1,3.8
20121003225900,0.0,0.0,0.0,0.0,0.0,0.0,99.9,0.1
20121003230000,0.0,0.0,0.0,0.1,0.0,0.0,99.5,0.4
20121003230100,0.0,0.0,0.0,0.0,0.0,0.0,99.6,0.4
20121003230200,0.0,0.0,0.0,0.3,0.0,0.0,99.6,0.1
20121003230300,0.0,0.0,0.0,4.7,1.0,0.0,94.1,0.1
20121003230400,0.0,0.0,0.0,0.6,1.5,0.0,97.8,0.0
20121003230500,0.0,0.0,0.0,0.1,0.1,0.0,99.8,0.0
20121003230600,0.0,0.0,0.0,0.0,0.0,0.0,99.9,0.0
20121003230700,0.0,0.0,0.0,0.0,0.0,0.0,100.0,0.0
20121003230800,0.0,0.0,0.0,0.0,0.0,0.0,100.0,0.0
20121003230900,0.0,0.0,0.0,0.1,0.5,0.0,99.3,0.0
20121003231000,0.0,0.0,0.0,0.0,0.2,0.0,99.8,0.0
20121003231100,0.0,0.0,0.0,0.0,0.0,0.0,99.9,0.1
20121003231200,0.0,0.0,0.0,0.0,0.0,0.0,99.9,0.1
20121003231300,0.0,0.0,0.0,0.0,0.0,0.0,100.0,0.0
20121003231400,0.0,0.0,0.0,1.3,1.1,0.0,97.5,0.0
20121003231500,0.0,0.0,0.0,0.2,0.1,0.0,99.6,0.0
20121003231600,0.0,0.0,0.0,0.0,0.0,0.0,100.0,0.0
20121003231700,0.0,0.0,0.0,0.0,0.0,0.0,100.0,0.0
20121003231800,0.0,0.0,0.0,0.0,0.0,0.0,100.0,0.0
20121003231900,0.0,0.0,0.0,0.0,0.0,0.0,100.0,0.0
20121003232000,0.0,0.0,0.0,0.0,0.0,0.0,100.0,0.0
20121003232100,0.0,0.0,0.0,0.0,0.0,0.0,100.0,0.0
20121003232200,0.0,0.0,0.0,0.0,0.0,0.0,100.0,0.0
20121003232300,0.0,0.0,0.0,0.0,0.0,0.0,100.0,0.0
20121003232400,0.0,0.0,0.0,0.0,0.0,0.0,100.0,0.0
20121003232500,0.0,0.0,0.0,0.0,0.0,0.0,100.0,0.0
20121003232600,0.0,0.0,0.0,0.0,0.0,0.0,100.0,0.0
20121003232700,0.0,0.0,0.0,0.0,0.0,0.0,100.0,0.0
20121003232800,0.0,0.0,0.0,0.0,0.0,0.0,100.0,0.0
20121003232900,0.0,0.0,0.0,0.0,0.0,0.0,100.0,0.0
20121003233000,0.0,0.0,0.0,0.0,0.0,0.0,100.0,0.0
20121003233100,0.0,0.0,0.0,0.0,0.0,0.0,100.0,0.0
20121003233200,0.0,0.0,0.0,0.0,0.0,0.0,100.0,0.0
20121003233300,0.0,0.0,0.0,0.0,0.0,0.0,100.0,0.0
20121003233400,0.0,0.0,0.0,0.0,0.0,0.0,100.0,0.0
20121003233500,0.0,0.0,0.0,0.0,0.0,0.0,100.0,0.0
20121003233600,0.0,0.0,0.0,0.0,0.0,0.0,99.9,0.1
20121003233700,0.0,0.0,0.0,0.0,0.0,0.0,99.8,0.2
20121003233800,0.0,0.0,0.0,0.0,0.0,0.0,100.0,0.0
20121003233900,0.0,0.0,0.0,0.0,0.0,0.0,100.0,0.0
20121003234000,0.0,0.0,0.0,0.0,0.0,0.0,100.0,0.0
20121003234100,0.0,0.0,0.0,0.0,0.0,0.0,99.6,0.4
20121003234200,0.0,0.0,0.0,0.0,0.0,0.0,100.0,0.0
20121003234300,0.0,0.0,0.0,0.0,0.0,0.0,100.0,0.0
20121003234400,0.0,0.0,0.0,0.0,0.0,0.0,100.0,0.0
20121003234500,0.0,0.0,0.0,0.0,0.0,0.0,99.9,0.1
20121003234600,0.0,0.0,0.0,0.0,0.0,0.0,100.0,0.0
20121003234700,0.0,0.0,0.0,0.0,0.0,0.0,100.0,0.0
20121003234800,0.0,0.0,0.0,0.0,0.0,0.0,100.0,0.0
20121003234900,0.0,0.0,0.0,0.0,0.0,0.0,100.0,0.0
20121003235000,0.0,0.0,0.0,0.0,0.0,0.0,100.0,0.0
20121003235100,0.0,0.0,0.0,0.0,0.0,0.0,100.0,0.0
20121003235200,0.0,0.0,0.0,0.0,0.0,0.0,100.0,0.0
20121003235300,0.0,0.0,0.0,0.0,0.0,0.0,100.0,0.0
20121003235400,0.0,0.0,0.0,0.0,0.0,0.0,100.0,0.0
20121003235500,0.0,0.0,0.0,0.0,0.0,0.0,100.0,0.0
20121003235600,0.0,0.0,0.0,0.0,0.0,0.0,100.0,0.0
20121003235700,0.0,0.0,0.0,0.0,0.0,0.0,100.0,0.0
20121003235800,0.0,0.0,0.0,0.0,0.0,0.0,100.0,0.0
20121003235900,0.0,0.0,0.0,0.0,0.0,0.0,100.0,0.0
20121004000000,0.0,0.0,0.0,0.0,0.0,0.0,100.0,0.0
20121004000100,0.0,0.0,0.0,0.0,0.0,0.0,100.0,0.0
20121004000200,0.0,0.0,0.0,0.0,0.0,0.0,100.0,0.0
20121004000300,0.0,0.0,0.0,0.0,0.0,0.0,100.0,0.0
20121004000400,0.0,0.0,0.0,0.0,0.0,0.0,100.0,0.0
20121004000500,0.0,0.0,0.0,0.0,0.0,0.0,100.0,0.0
20121004000600,0.0,0.0,0.0,0.0,0.0,0.0,100.0,0.0
20121004000700,0.0,0.0,0.0,0.0,0.0,0.0,100.0,0.0
20121004000800,0.0,0.0,0.0,0.0,0.0,0.0,100.0,0.0
20121004000900,0.0,0.0,0.0,0.0,0.0,0.0,100.0,0.0
20121004001000,0.0,0.0,0.0,0.0,0.0,0.0,100.0,0.0
20121004001100,0.0,0.0,0.0,0.0,0.0,0.0,100.0,0.0
20121004001200,0.0,0.0,0.0,0.0,0.0,0.0,100.0,0.0
20121004001300,0.0,0.0,0.0,0.0,0.0,0.0,100.0,0.0
20121004001400,0.0,0.0,0.0,0.0,0.0,0.0,100.0,0.0
20121004001500,0.0,0.0,0.0,0.0,0.0,0.0,100.0,0.0
20121004001600,0.0,0.0,0.0,0.0,0.0,0.0,100.0,0.0
20121004001700,0.0,0.0,0.0,0.0,0.0,0.0,100.0,0.0
20121004001800,0.0,0.0,0.0,0.0,0.0,0.0,100.0,0.0
20121004001900,0.0,0.0,0.0,0.0,0.0,0.0,99.8,0.2
20121004002000,0.0,0.0,0.0,0.0,0.0,0.0,100.0,0.0
20121004002100,0.0,0.0,0.0,0.0,0.0,0.0,100.0,0.0
20121004002200,0.0,0.0,0.0,0.0,0.0,0.0,100.0,0.0
20121004002300,0.0,0.0,0.0,0.0,0.0,0.0,100.0,0.0
20121004002400,0.0,0.0,0.0,0.0,0.0,0.0,100.0,0.0
20121004002500,0.0,0.0,0.0,0.0,0.0,0.0,100.0,0.0
20121004002600,0.0,0.0,0.0,0.0,0.0,0.0,100.0,0.0
20121004002700,0.0,0.0,0.0,0.0,0.0,0.0,100.0,0.0
20121004002800,0.0,0.0,0.0,0.0,0.0,0.0,100.0,0.0
20121004002900,0.0,0.0,0.0,0.0,0.0,0.0,100.0,0.0
20121004003000,0.0,0.0,0.0,0.0,0.0,0.0,100.0,0.0
20121004003100,0.0,0.0,0.0,0.0,0.0,0.0,100.0,0.0
20121004003200,0.0,0.0,0.0,0.0,0.0,0.0,100.0,0.0
20121004003300,0.0,0.0,0.0,0.0,0.0,0.0,100.0,0.0
20121004003400,0.0,0.0,0.0,0.0,0.0,0.0,100.0,0.0
20121004003500,0.0,0.0,0.0,0.0,0.0,0.0,100.0,0.0
20121004003600,0.0,0.0,0.0,0.0,0.0,0.0,100.0,0.0
20121004003700,0.0,0.0,0.0,0.0,0.0,0.0,100.0,0.0
20121004003800,0.0,0.0,0.0,0.0,0.0,0.0,99.8,0.2
20121004003900,0.0,0.0,0.0,0.0,0.0,0.0,99.9,0.1
20121004004000,0.0,0.0,0.0,0.0,0.0,0.0,99.0,1.0
20121004004100,0.0,0.0,0.0,0.0,0.0,0.0,82.6,17.4
20121004004200,0.0,0.0,0.0,0.0,0.0,0.0,99.6,0.4
20121004004300,0.0,0.0,0.0,0.0,0.0,0.0,97.5,2.5
20121004004400,0.0,0.0,0.0,0.0,0.0,0.0,88.0,12.0
20121004004500,0.0,0.0,0.0,0.0,0.0,0.0,73.2,26.8
20121004004600,0.0,0.0,0.0,0.0,0.0,0.0,92.5,7.4
20121004004700,0.0,0.0,0.0,0.0,0.0,0.0,97.4,2.5
20121004004800,0.0,0.0,0.0,0.0,0.0,0.0,99.0,1.0
20121004004900,0.0,0.0,0.0,0.0,0.0,0.0,96.4,3.6
20121004005000,0.0,0.0,0.0,0.0,0.0,0.0,88.9,11.1
20121004005100,0.0,0.0,0.0,0.0,0.0,0.0,96.9,3.1
20121004005200,0.0,0.0,0.0,0.0,0.0,0.0,99.9,0.1
20121004005300,0.0,0.0,0.0,0.0,0.0,0.0,99.4,0.6
20121004005400,0.0,0.0,0.0,0.0,0.0,0.0,100.0,0.0
20121004005500,0.0,0.0,0.0,0.0,0.0,0.0,100.0,0.0
20121004005600,0.0,0.0,0.0,0.0,0.0,0.0,100.0,0.0
20121004005700,0.0,0.0,0.0,0.0,0.0,0.0,100.0,0.0
20121004005800,0.0,0.0,0.0,0.0,0.0,0.0,100.0,0.0
20121004005900,0.0,0.0,0.0,0.0,0.0,0.0,100.0,0.0
20121004010000,0.0,0.0,0.0,0.0,0.0,0.0,99.6,0.3
20121004010100,0.0,0.0,0.0,0.0,0.0,0.0,99.9,0.1
20121004010200,0.0,0.0,0.0,0.0,0.0,0.0,99.8,0.2
20121004010300,0.0,0.0,0.0,0.0,0.0,0.0,99.2,0.8
20121004010400,0.0,0.0,0.0,0.0,0.0,0.0,90.0,10.0
20121004010500,0.0,0.0,0.0,0.0,0.0,0.0,99.8,0.2
20121004010600,0.0,0.0,0.0,0.0,0.0,0.0,99.5,0.4
20121004010700,0.0,0.0,0.0,0.0,0.0,0.0,98.5,1.4
20121004010800,0.0,0.0,0.0,0.0,0.0,0.0,98.1,1.9
20121004010900,0.0,0.0,0.0,0.0,0.0,0.0,98.3,1.7
20121004011000,0.0,0.0,0.0,0.0,0.0,0.0,97.2,2.8
20121004011100,0.0,0.0,0.0,0.0,0.0,0.0,98.5,1.5
20121004011200,0.0,0.0,0.0,0.0,0.0,0.0,99.4,0.6
20121004011300,0.0,0.0,0.0,0.0,0.0,0.0,99.2,0.8
20121004011400,0.0,0.0,0.0,0.0,0.1,0.1,89.4,10.5
20121004011500,0.0,0.0,0.0,0.0,0.0,0.1,47.2,52.7
20121004011600,0.0,0.0,0.0,0.0,0.0,0.0,45.3,54.7
20121004011700,0.0,0.0,0.0,0.0,0.0,0.1,76.2,23.7
20121004011800,0.0,0.0,0.0,0.0,0.0,0.1,93.4,6.6
20121004011900,0.0,0.0,0.0,0.0,0.0,0.0,98.8,1.2
20121004012000,0.0,0.0,0.0,0.0,0.0,0.0,99.5,0.5
20121004012100,0.0,0.0,0.0,0.0,0.0,0.0,99.7,0.3
20121004012200,0.0,0.0,0.0,0.0,0.0,0.0,99.4,0.6
20121004012300,0.0,0.0,0.0,0.0,0.0,0.0,99.9,0.1
20121004012400,0.0,0.0,0.0,0.0,0.0,0.0,97.1,2.9
20121004012500,0.0,0.0,0.0,0.0,0.0,0.0,31.5,68.5
20121004012600,0.0,0.0,0.0,0.0,0.0,0.0,97.6,2.4
20121004012700,0.0,0.0,0.0,0.0,0.0,0.0,93.7,6.3
20121004012800,0.0,0.0,0.0,0.0,0.0,0.0,90.3,9.7
20121004012900,0.0,0.0,0.0,0.0,0.0,0.0,29.7,70.3
20121004013000,0.0,0.0,0.0,0.0,0.0,0.0,6.9,93.1
20121004013100,0.0,0.0,0.0,0.0,0.0,0.0,8.9,91.1
20121004013200,0.0,0.0,0.0,0.0,0.5,0.0,2.8,96.7
20121004013300,0.0,0.0,0.0,0.0,0.0,0.0,0.3,99.7
20121004013400,0.0,0.0,0.0,0.0,0.0,0.0,0.2,99.7
20121004013500,0.0,0.0,0.0,0.0,0.0,0.0,0.3,99.7
20121004013600,0.0,0.0,0.0,0.0,0.1,0.0,28.6,71.3
20121004013700,0.0,0.0,0.0,0.0,0.1,0.1,1.6,98.2
20121004013800,0.0,0.0,0.0,0.0,0.0,0.0,0.0,100.0
20121004013900,0.0,0.0,0.0,0.0,0.8,0.0,0.1,99.1
20121004014000,0.0,0.0,0.0,0.0,0.0,0.0,0.0,100.0
20121004014100,0.0,0.0,0.0,0.0,0.0,0.0,0.0,100.0
20121004014200,0.0,0.0,0.0,0.0,0.0,0.0,0.0,100.0
20121004014300,0.0,0.0,0.0,0.0,0.0,0.0,0.0,100.0
20121004014400,0.0,0.0,0.0,0.0,0.0,0.0,0.0,100.0
20121004014500,0.0,0.0,0.0,0.0,0.0,0.0,0.0,100.0
20121004014600,0.0,0.0,0.0,0.0,0.0,0.0,0.0,100.0
20121004014700,0.0,0.0,0.0,0.0,0.4,0.0,2.7,96.9
20121004014800,0.0,0.0,0.0,0.0,0.0,0.0,0.4,99.6
20121004014900,0.0,0.0,0.0,0.0,0.0,0.0,0.1,99.9
20121004015000,0.0,0.0,0.0,0.0,0.0,0.0,1.5,98.5
20121004015100,0.0,0.0,0.0,0.0,0.0,0.0,1.6,98.4
20121004015200,0.0,0.0,0.0,0.0,0.0,0.0,0.0,100.0
20121004015300,0.0,0.0,0.0,0.0,0.0,0.0,0.3,99.7
20121004015400,0.0,0.0,0.0,0.0,0.0,0.0,0.0,100.0
20121004015500,0.0,0.0,0.0,0.0,0.1,0.0,0.0,99.9
20121004015600,0.0,0.0,0.0,0.0,0.0,0.0,0.0,100.0
20121004015700,0.0,0.0,0.0,0.0,0.0,0.0,0.0,100.0
20121004015800,0.0,0.0,0.0,0.0,0.0,0.0,0.0,100.0
20121004015900,0.0,0.0,0.0,0.0,0.0,0.0,0.0,100.0
20121004020000,0.0,0.0,0.0,0.0,0.2,0.0,0.2,99.6
20121004020100,0.0,0.0,0.0,0.0,0.1,0.0,0.0,99.9
20121004020200,0.0,0.0,0.0,0.0,0.0,0.0,0.0,100.0
20121004020300,0.0,0.0,0.0,0.0,0.1,0.0,0.0,99.9
20121004020400,0.0,0.0,0.0,0.0,0.4,0.0,0.0,99.6
20121004020500,0.0,0.0,0.0,0.0,0.1,0.0,0.0,99.9
20121004020600,0.0,0.0,0.0,0.0,0.2,0.0,0.0,99.8
20121004020700,0.0,0.0,0.0,0.0,0.0,0.0,0.0,100.0
20121004020800,0.0,0.0,0.0,0.0,0.0,0.0,0.0,100.0
20121004020900,0.0,0.0,0.0,0.0,0.0,0.0,0.0,100.0
20121004021000,0.0,0.0,0.0,0.0,0.0,0.0,0.0,100.0
20121004021100,0.0,0.0,0.0,0.0,0.0,0.0,0.0,100.0
20121004021200,0.0,0.0,0.0,0.0,0.0,0.0,0.0,100.0
20121004021300,0.0,0.0,0.0,0.0,0.0,0.0,0.0,100.0
20121004021400,0.0,0.0,0.0,0.0,0.0,0.0,0.0,100.0
20121004021500,0.0,0.0,0.0,0.0,0.0,0.0,0.0,100.0
20121004021600,0.0,0.0,0.0,0.0,0.0,0.0,0.0,100.0
20121004021700,0.0,0.0,0.0,0.0,0.0,0.0,0.0,100.0
20121004021800,0.0,0.0,0.0,0.0,0.0,0.0,0.0,100.0
20121004021900,0.0,0.0,0.0,0.0,0.0,0.0,0.0,100.0
20121004022000,0.0,0.0,0.0,0.0,0.2,0.0,0.0,99.8
20121004022100,0.0,0.0,0.0,0.0,0.1,0.0,0.0,99.9
20121004022200,0.0,0.0,0.0,0.0,0.1,0.0,0.0,99.9
20121004022300,0.0,0.0,0.0,0.0,0.0,0.0,0.0,100.0
20121004022400,0.0,0.0,0.0,0.0,0.0,0.0,0.0,100.0
20121004022500,0.0,0.0,0.0,0.0,0.0,0.0,0.0,100.0
20121004022600,0.0,0.0,0.0,0.0,0.0,0.0,0.0,100.0
20121004022700,0.0,0.0,0.0,0.0,0.1,0.0,0.0,99.9
20121004022800,0.0,0.0,0.0,0.0,0.3,0.0,0.0,99.7
20121004022900,0.0,0.0,0.0,0.0,0.3,0.0,0.0,99.7
20121004023000,0.0,0.0,0.0,0.0,0.2,0.0,0.0,99.8
20121004023100,0.0,0.0,0.0,0.0,1.6,0.0,0.0,98.4
20121004023200,0.0,0.0,0.0,0.0,0.1,0.0,0.0,99.9
20121004023300,0.0,0.0,0.0,0.0,1.3,0.0,0.0,98.7
20121004023400,0.0,0.0,0.0,0.0,4.7,0.0,0.0,95.3
20121004023500,0.0,0.0,0.0,0.0,4.2,0.0,0.0,95.8
20121004023600,0.0,0.0,0.0,0.0,0.3,0.0,0.0,99.7
20121004023700,0.0,0.0,0.0,0.0,44.6,0.0,0.0,55.4
20121004023800,0.0,0.0,0.0,0.0,50.1,0.0,0.0,49.9
20121004023900,0.0,0.0,0.0,0.0,39.5,0.0,0.0,60.5
20121004024000,0.0,0.0,0.0,0.0,23.1,0.0,0.0,76.9
20121004024100,0.0,0.0,0.0,0.0,27.7,0.0,0.0,72.3
20121004024200,0.0,0.0,0.0,0.0,35.4,0.0,0.0,64.6
20121004024300,0.0,0.0,0.0,0.0,3.9,0.0,0.0,96.1
20121004024400,0.0,0.0,0.0,0.0,0.4,0.0,0.0,99.6
20121004024500,0.0,0.0,0.0,0.0,2.7,0.0,0.0,97.3
20121004024600,0.0,0.0,0.0,0.0,8.8,0.0,0.0,91.2
20121004024700,0.0,0.0,0.0,0.0,0.3,0.0,0.0,99.7
20121004024800,0.0,0.0,0.0,0.0,18.4,0.0,0.0,81.6
20121004024900,0.0,0.0,0.0,0.0,77.1,0.0,0.0,22.9
20121004025000,0.0,0.0,0.0,0.0,3.0,0.0,0.0,97.0
20121004025100,0.0,0.0,0.0,0.0,60.1,0.0,0.0,39.9
20121004025200,0.0,0.0,0.0,0.0,76.4,0.0,0.0,23.6
20121004025300,0.0,0.0,0.0,0.0,59.7,0.0,0.0,40.3
20121004025400,0.0,0.0,0.0,0.0,3.1,0.0,0.0,96.9
20121004025500,0.0,0.0,0.0,0.0,8.2,0.0,0.0,91.8
20121004025600,0.0,0.0,0.0,0.0,1.0,0.0,0.0,99.0
20121004025700,0.0,0.0,0.0,0.0,2.9,0.0,0.0,97.1
20121004025800,0.0,0.0,0.0,0.0,4.1,0.0,0.0,95.9
20121004025900,0.0,0.0,0.0,0.0,0.0,0.0,0.0,100.0
20121004030000,0.0,0.0,0.0,0.0,1.9,0.0,0.0,98.1
20121004030100,0.0,0.0,0.0,0.0,1.7,0.0,0.0,98.3
20121004030200,0.0,0.0,0.0,0.0,0.7,0.0,0.0,99.3
20121004030300,0.0,0.0,0.0,0.0,3.7,0.0,0.0,96.3
20121004030400,0.0,0.0,0.0,0.0,0.7,0.0,0.0,99.3
20121004030500,0.0,0.0,0.0,0.0,0.2,0.0,0.0,99.8
20121004030600,0.0,0.0,0.0,0.0,0.1,0.0,0.0,99.9
20121004030700,0.0,0.0,0.0,0.0,0.1,0.0,0.0,99.9
20121004030800,0.0,0.0,0.0,0.0,0.0,0.0,0.0,100.0
20121004030900,0.0,0.0,0.0,0.0,0.0,0.0,0.0,100.0
20121004031000,0.0,0.0,0.0,0.0,0.0,0.0,0.0,100.0
20121004031100,0.0,0.0,0.0,0.0,0.0,0.0,0.0,100.0
20121004031200,0.0,0.0,0.0,0.0,0.0,0.0,0.0,100.0
20121004031300,0.0,0.0,0.0,0.0,0.0,0.0,0.0,100.0
20121004031400,0.0,0.0,0.0,0.0,0.0,0.0,0.0,100.0
20121004031500,0.0,0.0,0.0,0.0,0.0,0.0,0.0,100.0
20121004031600,0.0,0.0,0.0,0.0,0.0,0.0,0.0,100.0
20121004031700,0.0,0.0,0.0,0.0,0.0,0.0,0.0,100.0
20121004031800,0.0,0.0,0.0,0.0,0.0,0.0,0.0,100.0
20121004031900,0.0,0.0,0.0,0.0,0.0,0.0,0.0,100.0
20121004032000,0.0,0.0,0.0,0.0,0.0,0.0,0.0,100.0
20121004032100,0.0,0.0,0.0,0.0,0.0,0.0,0.0,100.0
20121004032200,0.0,0.0,0.0,0.0,0.0,0.0,0.0,100.0
20121004032300,0.0,0.0,0.0,0.0,0.0,0.0,0.0,100.0
