UT,arc,discrete,diffuse,ac,ab,clear,cloudy,dd
20121127141100,0.0,0.0,0.0,0.0,0.0,0.0,0.0,100.0
20121127141200,0.0,0.0,0.0,0.0,0.0,0.0,0.0,100.0
20121127141300,0.0,0.0,0.0,0.0,0.0,0.0,0.0,100.0
20121127141400,0.0,0.0,0.0,0.0,0.0,0.0,0.0,100.0
20121127141500,0.0,0.0,0.0,0.0,0.0,0.0,0.0,100.0
20121127141600,0.0,0.0,0.0,0.0,0.0,0.0,0.0,100.0
20121127141700,0.0,0.0,0.0,0.0,0.0,0.0,0.0,100.0
20121127141800,0.0,0.0,0.0,0.0,0.0,0.0,0.0,100.0
20121127141900,0.0,0.0,0.0,0.0,0.0,0.0,0.0,100.0
20121127142000,0.0,0.0,0.0,0.0,0.0,0.0,0.0,100.0
20121127142100,0.0,0.0,0.0,0.0,0.0,0.0,0.0,100.0
20121127142200,0.0,0.0,0.0,0.0,0.0,0.0,0.0,100.0
20121127142300,0.0,0.0,0.0,0.0,0.0,0.0,0.0,100.0
20121127142400,0.0,0.0,0.0,0.0,0.0,0.0,0.0,100.0
20121127142500,0.0,0.0,0.0,0.0,0.0,0.0,0.0,100.0
20121127142600,0.0,0.0,0.0,0.0,0.0,0.0,0.0,100.0
20121127142700,0.0,0.0,0.0,0.0,0.0,0.0,0.0,100.0
20121127142800,0.0,0.0,0.0,0.0,0.0,0.0,0.0,100.0
20121127142900,0.0,0.0,0.0,0.0,0.0,0.0,0.0,100.0
20121127143000,0.0,0.0,0.0,0.0,0.0,0.0,0.0,100.0
20121127143100,0.0,0.0,0.0,0.0,0.0,0.0,0.0,100.0
20121127143200,0.0,0.0,0.0,0.0,0.0,0.0,0.0,100.0
20121127143300,0.0,0.0,0.0,0.0,0.0,0.0,0.0,100.0
20121127143400,0.0,0.0,0.0,0.0,0.0,0.0,0.0,100.0
20121127143500,0.0,0.0,0.0,0.0,0.0,0.0,0.0,100.0
20121127143600,0.0,0.0,0.0,0.0,0.0,0.0,0.0,100.0
20121127143700,0.0,0.0,0.0,0.0,0.0,0.0,0.0,100.0
20121127143800,0.0,0.0,0.0,0.0,0.0,0.0,0.0,100.0
20121127143900,0.0,0.0,0.0,0.0,0.0,0.0,0.0,100.0
20121127144000,0.0,0.0,0.0,0.0,0.0,0.0,0.0,100.0
20121127144100,0.0,0.0,0.0,0.0,0.0,0.0,0.0,100.0
20121127144200,0.0,0.0,0.0,0.0,0.0,0.0,0.0,100.0
20121127144300,0.0,0.0,0.0,0.0,0.0,0.0,0.0,100.0
20121127144400,0.0,0.0,0.0,0.0,0.0,0.0,0.0,100.0
20121127144500,0.0,0.0,0.0,0.0,0.0,0.0,0.0,100.0
20121127144600,0.0,0.0,0.0,0.0,0.0,0.0,0.0,100.0
20121127144700,0.0,0.0,0.0,0.0,0.0,0.0,0.0,100.0
20121127144800,0.0,0.0,0.0,0.0,0.0,0.0,0.0,100.0
20121127144900,0.0,0.0,0.0,0.0,0.0,0.0,0.0,100.0
20121127145000,0.0,0.0,0.0,0.0,0.1,0.0,0.5,99.4
20121127145100,0.0,0.0,0.0,0.0,0.0,0.0,0.0,100.0
20121127145200,0.0,0.0,0.0,0.0,0.0,0.0,0.0,100.0
20121127145300,0.0,0.0,0.0,0.0,0.1,0.0,2.0,97.8
20121127145400,0.0,0.0,0.0,0.0,0.0,0.0,0.1,99.9
20121127145500,0.0,0.0,0.0,0.0,0.0,0.0,0.1,99.9
20121127145600,0.0,0.0,0.0,0.0,0.1,0.0,0.7,99.3
20121127145700,0.0,0.0,0.0,0.0,0.1,0.0,0.2,99.6
20121127145800,0.0,0.0,0.0,0.0,0.1,0.0,0.1,99.8
20121127145900,0.0,0.0,0.0,0.0,0.0,0.0,0.0,99.9
20121127150000,0.0,0.0,0.0,0.0,0.0,0.0,0.0,99.9
20121127150100,0.0,0.0,0.0,0.0,0.1,0.0,0.0,99.9
20121127150200,0.0,0.0,0.0,0.0,0.0,0.0,0.0,100.0
20121127150300,0.0,0.0,0.0,0.0,0.0,0.0,0.0,99.9
20121127150400,0.0,0.0,0.0,0.0,0.0,0.0,0.0,99.9
20121127150500,0.0,0.0,0.0,0.0,0.0,0.0,0.1,99.8
20121127150600,0.0,0.0,0.0,0.0,0.1,0.0,0.2,99.7
20121127150700,0.0,0.0,0.0,0.0,0.1,0.0,0.0,99.8
20121127150800,0.0,0.0,0.0,0.0,0.1,0.0,0.0,99.8
20121127150900,0.0,0.0,0.0,0.0,0.8,0.0,0.0,99.2
20121127151000,0.0,0.0,0.0,0.0,0.1,0.0,0.0,99.8
20121127151100,0.0,0.0,0.0,0.1,0.3,0.0,0.3,99.4
20121127151200,0.0,0.0,0.0,0.0,0.1,0.0,0.0,99.9
20121127151300,0.0,0.0,0.0,0.1,0.1,0.0,0.1,99.7
20121127151400,0.0,0.0,0.0,0.0,0.0,0.0,0.0,99.9
20121127151500,0.0,0.0,0.0,0.0,0.1,0.0,0.0,99.9
20121127151600,0.0,0.0,0.0,0.0,0.1,0.0,0.1,99.9
20121127151700,0.0,0.0,0.0,0.0,0.0,0.0,0.1,99.9
20121127151800,0.0,0.0,0.0,0.0,0.1,0.0,0.1,99.8
20121127151900,0.0,0.0,0.0,0.0,0.1,0.0,0.3,99.5
20121127152000,0.0,0.0,0.0,0.0,0.0,0.0,0.0,100.0
20121127152100,0.0,0.0,0.0,0.0,0.0,0.0,0.2,99.7
20121127152200,0.0,0.0,0.0,0.0,0.0,0.0,0.0,100.0
20121127152300,0.0,0.0,0.0,0.1,0.0,0.0,0.1,99.8
20121127152400,0.0,0.0,0.0,0.0,0.0,0.0,0.3,99.7
20121127152500,0.0,0.0,0.0,0.0,0.0,0.0,0.0,100.0
20121127152600,0.0,0.0,0.0,0.0,0.0,0.0,0.0,99.9
20121127152700,0.0,0.0,0.0,0.0,0.0,0.0,0.0,99.9
20121127152800,0.0,0.0,0.0,0.0,0.0,0.0,0.3,99.7
20121127152900,0.0,0.0,0.0,0.0,0.0,0.0,0.1,99.9
20121127153000,0.0,0.0,0.0,0.1,0.2,0.0,1.2,98.5
20121127153100,0.0,0.0,0.0,0.0,0.1,0.0,0.8,99.1
20121127153200,0.0,0.0,0.0,0.2,0.7,0.0,2.3,96.8
20121127153300,0.0,0.0,0.0,0.4,0.1,0.0,3.6,95.9
20121127153400,0.0,0.0,0.0,0.9,0.5,0.0,23.3,75.3
20121127153500,0.0,0.0,0.0,0.7,1.1,0.0,29.9,68.3
20121127153600,0.0,0.0,0.0,2.5,0.6,0.0,39.7,57.1
20121127153700,0.0,0.0,0.0,1.2,0.7,0.0,47.0,51.0
20121127153800,0.0,0.0,0.0,0.6,0.5,0.0,28.0,70.9
20121127153900,0.0,0.0,0.0,0.8,0.7,0.0,53.2,45.3
20121127154000,0.0,0.0,0.0,1.6,0.6,0.0,54.5,43.3
20121127154100,0.0,0.0,0.0,1.8,0.2,0.0,51.7,46.3
20121127154200,0.0,0.0,0.0,1.1,1.3,0.0,85.9,11.7
20121127154300,0.0,0.0,0.0,0.7,0.9,0.0,69.7,28.7
20121127154400,0.0,0.0,0.0,0.7,0.6,0.0,86.8,11.9
20121127154500,0.0,0.0,0.0,0.3,0.4,0.0,30.1,69.3
20121127154600,0.0,0.0,0.0,0.2,0.4,0.0,69.9,29.5
20121127154700,0.0,0.0,0.0,0.3,0.9,0.0,57.1,41.7
20121127154800,0.0,0.0,0.0,0.9,0.5,0.0,76.7,21.9
20121127154900,0.0,0.0,0.0,0.1,0.5,0.0,4.5,94.9
20121127155000,0.0,0.0,0.0,0.3,0.5,0.0,10.4,88.7
20121127155100,0.0,0.0,0.0,1.6,0.6,0.0,26.8,71.0
20121127155200,0.0,0.0,0.0,0.4,0.2,0.0,7.4,92.0
20121127155300,0.0,0.0,0.0,0.9,0.7,0.0,56.6,41.8
20121127155400,0.0,0.0,0.0,0.2,0.1,0.0,39.6,60.1
20121127155500,0.0,0.0,0.0,0.5,0.6,0.0,62.9,35.9
20121127155600,0.0,0.0,0.0,0.2,0.5,0.0,60.0,39.3
20121127155700,0.0,0.0,0.0,0.4,0.6,0.0,62.8,36.1
20121127155800,0.0,0.0,0.0,1.0,0.5,0.0,39.1,59.3
20121127155900,0.0,0.0,0.0,2.0,0.5,0.0,59.2,38.2
20121127160000,0.0,0.0,0.0,1.9,0.3,0.0,72.0,25.7
20121127160100,0.0,0.0,0.0,1.7,0.7,0.0,71.4,26.2
20121127160200,0.0,0.0,0.0,1.8,0.8,0.0,39.3,58.1
20121127160300,0.0,0.0,0.0,2.1,1.0,0.0,22.8,74.1
20121127160400,0.0,0.0,0.0,1.9,0.5,0.0,21.8,75.8
20121127160500,0.0,0.0,0.0,0.8,0.3,0.0,5.2,93.6
20121127160600,0.0,0.0,0.0,0.3,0.6,0.0,16.4,82.7
20121127160700,0.0,0.0,0.0,1.3,0.6,0.0,42.7,55.4
20121127160800,0.0,0.0,0.0,3.2,2.1,0.0,41.9,52.8
20121127160900,0.0,0.0,0.0,0.7,0.9,0.0,19.7,78.7
20121127161000,0.0,0.0,0.0,0.5,0.6,0.0,20.4,78.5
20121127161100,0.0,0.0,0.0,0.6,0.9,0.0,8.9,89.6
20121127161200,0.0,0.0,0.0,1.0,1.0,0.0,22.9,75.1
20121127161300,0.0,0.0,0.0,0.1,0.3,0.0,8.2,91.3
20121127161400,0.0,0.0,0.0,0.3,1.0,0.0,2.8,95.9
20121127161500,0.0,0.0,0.0,0.4,2.4,0.0,6.8,90.4
20121127161600,0.0,0.0,0.0,0.3,1.4,0.0,7.8,90.5
20121127161700,0.0,0.0,0.0,0.2,0.7,0.0,8.9,90.3
20121127161800,0.0,0.0,0.0,0.7,1.8,0.0,5.7,91.8
20121127161900,0.0,0.0,0.0,0.1,0.8,0.0,2.9,96.2
20121127162000,0.0,0.0,0.0,0.8,1.0,0.0,4.9,93.3
20121127162100,0.0,0.0,0.0,0.1,0.1,0.0,6.6,93.1
20121127162200,0.0,0.0,0.0,0.0,0.0,0.0,3.3,96.6
20121127162300,0.0,0.0,0.0,0.0,0.1,0.0,1.2,98.7
20121127162400,0.0,0.0,0.0,0.2,0.3,0.0,17.7,81.7
20121127162500,0.0,0.0,0.0,0.1,0.3,0.0,5.2,94.4
20121127162600,0.0,0.0,0.0,0.4,0.4,0.0,28.4,70.9
20121127162700,0.0,0.0,0.0,0.6,0.4,0.0,18.2,80.8
20121127162800,0.0,0.0,0.0,0.2,0.2,0.0,3.2,96.4
20121127162900,0.0,0.0,0.0,0.6,0.2,0.0,28.4,70.8
20121127163000,0.0,0.0,0.0,4.5,1.3,0.0,29.6,64.5
20121127163100,0.0,0.0,0.0,0.4,0.4,0.0,4.9,94.3
20121127163200,0.0,0.0,0.0,0.5,0.3,0.0,1.3,97.8
20121127163300,0.0,0.0,0.0,0.8,0.4,0.0,1.9,96.8
20121127163400,0.0,0.0,0.0,0.2,0.1,0.0,15.0,84.7
20121127163500,0.0,0.0,0.0,0.3,0.1,0.0,4.7,95.0
20121127163600,0.0,0.0,0.0,0.1,0.0,0.0,2.8,97.0
20121127163700,0.0,0.0,0.0,0.5,0.2,0.0,9.6,89.7
20121127163800,0.0,0.0,0.0,1.0,0.7,0.0,36.2,62.0
20121127163900,0.0,0.0,0.0,0.5,0.1,0.0,38.2,61.1
20121127164000,0.0,0.0,0.0,0.7,0.3,0.0,23.8,75.2
20121127164100,0.0,0.0,0.0,0.6,0.3,0.0,20.9,78.3
20121127164200,0.0,0.0,0.0,0.2,0.1,0.0,7.0,92.7
20121127164300,0.0,0.0,0.0,0.1,0.0,0.0,2.3,97.6
20121127164400,0.0,0.0,0.0,0.3,0.3,0.0,9.3,90.1
20121127164500,0.0,0.0,0.0,0.2,0.1,0.0,7.5,92.2
20121127164600,0.0,0.0,0.0,0.3,0.1,0.0,13.9,85.7
20121127164700,0.0,0.0,0.0,0.2,0.1,0.0,51.9,47.9
20121127164800,0.0,0.0,0.0,0.1,0.3,0.0,13.4,86.1
20121127164900,0.0,0.0,0.0,0.8,0.5,0.0,25.7,73.0
20121127165000,0.0,0.0,0.0,0.1,0.1,0.0,13.3,86.6
20121127165100,0.0,0.0,0.0,0.1,0.0,0.0,6.0,93.9
20121127165200,0.0,0.0,0.0,0.1,0.3,0.0,5.3,94.3
20121127165300,0.0,0.0,0.0,0.0,0.2,0.0,5.8,94.0
20121127165400,0.0,0.0,0.0,0.3,2.4,0.0,7.6,89.8
20121127165500,0.0,0.0,0.0,0.1,0.8,0.0,3.2,95.9
20121127165600,0.0,0.0,0.0,0.0,0.2,0.0,0.6,99.2
20121127165700,0.0,0.0,0.0,0.0,0.1,0.0,0.9,98.9
20121127165800,0.0,0.0,0.0,0.0,0.1,0.0,0.3,99.5
20121127165900,0.0,0.0,0.0,0.0,0.3,0.0,0.8,98.9
20121127170000,0.0,0.0,0.0,0.0,0.1,0.0,0.3,99.6
20121127170100,0.0,0.0,0.0,0.0,0.0,0.0,0.5,99.4
20121127170200,0.0,0.0,0.0,0.0,0.1,0.0,0.2,99.7
20121127170300,0.0,0.0,0.0,0.0,0.1,0.0,0.2,99.7
20121127170400,0.0,0.0,0.0,0.0,0.0,0.0,0.1,99.9
20121127170500,0.0,0.0,0.0,0.0,0.0,0.0,0.1,99.9
20121127170600,0.0,0.0,0.0,0.0,0.1,0.0,1.6,98.3
20121127170700,0.0,0.0,0.0,0.0,0.1,0.0,1.1,98.8
20121127170800,0.0,0.0,0.0,0.1,0.1,0.0,9.0,90.8
20121127170900,0.0,0.0,0.0,0.1,0.2,0.0,10.0,89.7
20121127171000,0.0,0.0,0.0,0.0,0.1,0.0,3.3,96.6
20121127171100,0.0,0.0,0.0,0.0,0.1,0.0,3.9,96.0
20121127171200,0.0,0.0,0.0,0.0,0.1,0.0,4.4,95.4
20121127171300,0.0,0.0,0.0,0.0,0.1,0.0,1.1,98.8
20121127171400,0.0,0.0,0.0,0.0,0.1,0.0,6.7,93.2
20121127171500,0.0,0.0,0.0,0.0,0.1,0.0,19.7,80.1
20121127171600,0.0,0.0,0.0,0.0,0.1,0.0,10.3,89.6
20121127171700,0.0,0.0,0.0,0.0,0.1,0.0,2.4,97.5
20121127171800,0.0,0.0,0.0,0.0,0.0,0.0,1.2,98.7
20121127171900,0.0,0.0,0.0,0.0,0.1,0.0,0.8,99.2
20121127172000,0.0,0.0,0.0,0.0,0.0,0.0,0.4,99.6
20121127172100,0.0,0.0,0.0,0.0,0.0,0.0,0.8,99.2
20121127172200,0.0,0.0,0.0,0.0,0.0,0.0,1.1,98.9
20121127172300,0.0,0.0,0.0,0.0,0.0,0.0,1.5,98.5
20121127172400,0.0,0.0,0.0,0.0,0.0,0.0,2.8,97.2
20121127172500,0.0,0.0,0.0,0.0,0.0,0.0,1.9,98.1
20121127172600,0.0,0.0,0.0,0.0,0.1,0.0,3.6,96.3
20121127172700,0.0,0.0,0.0,0.0,0.0,0.0,1.4,98.6
20121127172800,0.0,0.0,0.0,0.0,0.0,0.0,1.0,99.0
20121127172900,0.0,0.0,0.0,0.0,0.0,0.0,0.9,99.1
20121127173000,0.0,0.0,0.0,0.0,0.0,0.0,1.2,98.7
20121127173100,0.0,0.0,0.0,0.0,0.1,0.0,2.4,97.6
20121127173200,0.0,0.0,0.0,0.0,0.0,0.0,3.7,96.3
20121127173300,0.0,0.0,0.0,0.0,0.0,0.0,13.4,86.6
20121127173400,0.0,0.0,0.0,0.0,0.0,0.0,7.4,92.6
20121127173500,0.0,0.0,0.0,0.0,0.0,0.0,2.2,97.8
20121127173600,0.0,0.0,0.0,0.0,0.0,0.0,4.0,96.0
20121127173700,0.0,0.0,0.0,0.0,0.0,0.0,1.5,98.5
20121127173800,0.0,0.0,0.0,0.0,0.0,0.0,17.1,82.9
20121127173900,0.0,0.0,0.0,0.0,0.0,0.0,29.1,70.9
20121127174000,0.0,0.0,0.0,0.0,0.0,0.0,83.1,16.9
20121127174100,0.0,0.0,0.0,0.0,0.0,0.0,52.6,47.4
20121127174200,0.0,0.0,0.0,0.0,0.0,0.0,59.4,40.6
20121127174300,0.0,0.0,0.0,0.0,0.0,0.0,76.3,23.7
20121127174400,0.0,0.0,0.0,0.0,0.0,0.0,55.7,44.3
20121127174500,0.0,0.0,0.0,0.0,0.1,0.0,76.9,23.0
20121127174600,0.0,0.0,0.0,0.0,0.0,0.0,83.4,16.5
20121127174700,0.0,0.0,0.0,0.0,0.0,0.0,54.1,45.9
20121127174800,0.0,0.0,0.0,0.0,0.0,0.0,99.0,1.0
20121127174900,0.0,0.0,0.0,0.0,0.0,0.0,96.2,3.7
20121127175000,0.0,0.0,0.0,0.0,0.0,0.0,99.4,0.6
20121127175100,0.0,0.0,0.0,0.0,0.0,0.0,86.3,13.7
20121127175200,0.0,0.0,0.0,0.0,0.0,0.0,96.7,3.3
20121127175300,0.0,0.0,0.0,0.0,0.0,0.0,83.9,16.1
20121127175400,0.0,0.0,0.0,0.0,0.0,0.0,97.8,2.2
20121127175500,0.0,0.0,0.0,0.0,0.0,0.0,87.1,12.8
20121127175600,0.0,0.0,0.0,0.0,0.0,0.0,93.5,6.5
20121127175700,0.0,0.0,0.0,0.0,0.0,0.0,97.4,2.6
20121127175800,0.0,0.0,0.0,0.0,0.0,0.0,97.1,2.9
20121127175900,0.0,0.0,0.0,0.0,0.0,0.0,99.1,0.9
20121127180000,0.0,0.0,0.0,0.0,0.0,0.0,97.7,2.3
20121127180100,0.0,0.0,0.0,0.0,0.0,0.0,99.3,0.7
20121127180200,0.0,0.0,0.0,0.0,0.0,0.0,99.6,0.4
20121127180300,0.0,0.0,0.0,0.0,0.0,0.0,100.0,0.0
20121127180400,0.0,0.0,0.0,0.0,0.0,0.0,99.9,0.1
20121127180500,0.0,0.0,0.0,0.0,0.0,0.0,99.9,0.1
20121127180600,0.0,0.0,0.0,0.0,0.0,0.0,99.7,0.3
20121127180700,0.0,0.0,0.0,0.0,0.0,0.0,99.6,0.4
20121127180800,0.0,0.0,0.0,0.0,0.0,0.0,99.8,0.2
20121127180900,0.0,0.0,0.0,0.0,0.0,0.0,99.8,0.2
20121127181000,0.0,0.0,0.0,0.0,0.0,0.0,100.0,0.0
20121127181100,0.0,0.0,0.0,0.0,0.0,0.0,100.0,0.0
20121127181200,0.0,0.0,0.0,0.0,0.0,0.0,99.9,0.1
20121127181300,0.0,0.0,0.0,0.0,0.0,0.0,100.0,0.0
20121127181400,0.0,0.0,0.0,0.0,0.0,0.0,99.9,0.1
20121127181500,0.0,0.0,0.0,0.0,0.0,0.0,99.9,0.1
20121127181600,0.0,0.0,0.0,0.0,0.0,0.0,99.7,0.2
20121127181700,0.0,0.0,0.0,0.0,0.0,0.0,99.9,0.1
20121127181800,0.0,0.0,0.0,0.0,0.0,0.0,99.9,0.1
20121127181900,0.0,0.0,0.0,0.0,0.0,0.0,99.9,0.1
20121127182000,0.0,0.0,0.0,0.0,0.0,0.0,99.9,0.1
20121127182100,0.0,0.0,0.0,0.0,0.0,0.0,100.0,0.0
20121127182200,0.0,0.0,0.0,0.0,0.0,0.0,99.8,0.2
20121127182300,0.0,0.0,0.0,0.0,0.0,0.0,99.8,0.1
20121127182400,0.0,0.0,0.0,0.0,0.0,0.0,99.9,0.1
20121127182500,0.0,0.0,0.0,0.0,0.0,0.0,99.7,0.3
20121127182600,0.0,0.0,0.0,0.0,0.0,0.0,99.9,0.1
20121127182700,0.0,0.0,0.0,0.0,0.0,0.0,99.9,0.1
20121127182800,0.0,0.0,0.0,0.0,0.0,0.0,99.7,0.2
20121127182900,0.0,0.0,0.0,0.0,0.0,0.0,99.9,0.1
20121127183000,0.0,0.0,0.0,0.0,0.0,0.0,100.0,0.0
20121127183100,0.0,0.0,0.0,0.0,0.0,0.0,99.5,0.5
20121127183200,0.0,0.0,0.0,0.0,0.0,0.0,99.9,0.1
20121127183300,0.0,0.0,0.0,0.0,0.0,0.0,99.7,0.3
20121127183400,0.0,0.0,0.0,0.0,0.0,0.0,99.4,0.6
20121127183500,0.0,0.0,0.0,0.0,0.0,0.0,99.5,0.5
20121127183600,0.0,0.0,0.0,0.0,0.0,0.0,99.8,0.2
20121127183700,0.0,0.0,0.0,0.0,0.0,0.0,99.6,0.4
20121127183800,0.0,0.0,0.0,0.0,0.0,0.0,99.8,0.2
20121127183900,0.0,0.0,0.0,0.0,0.0,0.0,99.5,0.5
20121127184000,0.0,0.0,0.0,0.0,0.0,0.0,99.9,0.1
20121127184100,0.0,0.0,0.0,0.0,0.0,0.0,99.8,0.2
20121127184200,0.0,0.0,0.0,0.0,0.0,0.0,100.0,0.0
20121127184300,0.0,0.0,0.0,0.0,0.0,0.0,100.0,0.0
20121127184400,0.0,0.0,0.0,0.0,0.0,0.0,100.0,0.0
20121127184500,0.0,0.0,0.0,0.0,0.0,0.0,100.0,0.0
20121127184600,0.0,0.0,0.0,0.0,0.0,0.0,100.0,0.0
20121127184700,0.0,0.0,0.0,0.0,0.0,0.0,99.8,0.2
20121127184800,0.0,0.0,0.0,0.0,0.0,0.0,100.0,0.0
20121127184900,0.0,0.0,0.0,0.0,0.0,0.0,99.9,0.1
20121127185000,0.0,0.0,0.0,0.0,0.0,0.0,100.0,0.0
20121127185100,0.0,0.0,0.0,0.0,0.0,0.0,100.0,0.0
20121127185200,0.0,0.0,0.0,0.0,0.0,0.0,100.0,0.0
20121127185300,0.0,0.0,0.0,0.0,0.0,0.0,100.0,0.0
20121127185400,0.0,0.0,0.0,0.0,0.0,0.0,100.0,0.0
20121127185500,0.0,0.0,0.0,0.0,0.0,0.0,100.0,0.0
20121127185600,0.0,0.0,0.0,0.0,0.0,0.0,100.0,0.0
20121127185700,0.0,0.0,0.0,0.0,0.0,0.0,100.0,0.0
20121127185800,0.0,0.0,0.0,0.0,0.0,0.0,100.0,0.0
20121127185900,0.0,0.0,0.0,0.0,0.0,0.0,100.0,0.0
20121127190000,0.0,0.0,0.0,0.0,0.0,0.0,100.0,0.0
20121127190100,0.0,0.0,0.0,0.0,0.0,0.0,100.0,0.0
20121127190200,0.0,0.0,0.0,0.0,0.0,0.0,100.0,0.0
20121127190300,0.0,0.0,0.0,0.0,0.0,0.0,100.0,0.0
20121127190400,0.0,0.0,0.0,0.0,0.0,0.0,100.0,0.0
20121127190500,0.0,0.0,0.0,0.0,0.0,0.0,100.0,0.0
20121127190600,0.0,0.0,0.0,0.0,0.0,0.0,100.0,0.0
20121127190700,0.0,0.0,0.0,0.0,0.0,0.0,100.0,0.0
20121127190800,0.0,0.0,0.0,0.0,0.0,0.0,99.8,0.2
20121127190900,0.0,0.0,0.0,0.0,0.0,0.0,100.0,0.0
20121127191000,0.0,0.0,0.0,0.0,0.0,0.0,100.0,0.0
20121127191100,0.0,0.0,0.0,0.0,0.0,0.0,100.0,0.0
20121127191200,0.0,0.0,0.0,0.0,0.0,0.0,99.9,0.1
20121127191300,0.0,0.0,0.0,0.0,0.0,0.0,99.9,0.1
20121127191400,0.0,0.0,0.0,0.0,0.0,0.0,99.9,0.1
20121127191500,0.0,0.0,0.0,0.0,0.0,0.0,99.9,0.1
20121127191600,0.0,0.0,0.0,0.0,0.0,0.0,100.0,0.0
20121127191700,0.0,0.0,0.0,0.0,0.0,0.0,100.0,0.0
20121127191800,0.0,0.0,0.0,0.0,0.0,0.0,100.0,0.0
20121127191900,0.0,0.0,0.0,0.0,0.0,0.0,100.0,0.0
20121127192000,0.0,0.0,0.0,0.0,0.0,0.0,100.0,0.0
20121127192100,0.0,0.0,0.0,0.0,0.0,0.0,100.0,0.0
20121127192200,0.0,0.0,0.0,0.0,0.0,0.0,100.0,0.0
20121127192300,0.0,0.0,0.0,0.0,0.0,0.0,99.6,0.4
20121127192400,0.0,0.0,0.0,0.0,0.0,0.0,99.7,0.3
20121127192500,0.0,0.0,0.0,0.0,0.0,0.0,99.9,0.1
20121127192600,0.0,0.0,0.0,0.0,0.0,0.0,99.7,0.3
20121127192700,0.0,0.0,0.0,0.0,0.0,0.0,99.8,0.2
20121127192800,0.0,0.0,0.0,0.0,0.0,0.0,99.8,0.2
20121127192900,0.0,0.0,0.0,0.0,0.0,0.0,98.0,1.9
20121127193000,0.0,0.0,0.0,0.0,0.0,0.0,99.4,0.6
20121127193100,0.0,0.0,0.0,0.0,0.0,0.0,99.4,0.6
20121127193200,0.0,0.0,0.0,0.0,0.0,0.0,99.1,0.9
20121127193300,0.0,0.0,0.0,0.0,0.0,0.0,95.8,4.2
20121127193400,0.0,0.0,0.0,0.0,0.0,0.0,99.4,0.6
20121127193500,0.0,0.0,0.0,0.0,0.0,0.0,99.4,0.6
20121127193600,0.0,0.0,0.0,0.0,0.0,0.0,99.9,0.1
20121127193700,0.0,0.0,0.0,0.0,0.0,0.0,99.3,0.7
20121127193800,0.0,0.0,0.0,0.0,0.0,0.0,97.8,2.2
20121127193900,0.0,0.0,0.0,0.0,0.0,0.0,99.7,0.3
20121127194000,0.0,0.0,0.0,0.0,0.0,0.0,99.0,1.0
20121127194100,0.0,0.0,0.0,0.0,0.0,0.0,98.2,1.8
20121127194200,0.0,0.0,0.0,0.0,0.0,0.0,99.8,0.2
20121127194300,0.0,0.0,0.0,0.0,0.0,0.0,98.4,1.6
20121127194400,0.0,0.0,0.0,0.0,0.0,0.0,99.5,0.5
20121127194500,0.0,0.0,0.0,0.0,0.0,0.0,98.7,1.3
20121127194600,0.0,0.0,0.0,0.0,0.0,0.0,91.5,8.5
20121127194700,0.0,0.0,0.0,0.0,0.0,0.0,93.8,6.2
20121127194800,0.0,0.0,0.0,0.0,0.0,0.0,38.2,61.8
20121127194900,0.0,0.0,0.0,0.0,0.0,0.0,82.5,17.5
20121127195000,0.0,0.0,0.0,0.0,0.0,0.0,96.9,3.1
20121127195100,0.0,0.0,0.0,0.0,0.0,0.0,90.1,9.9
20121127195200,0.0,0.0,0.0,0.0,0.0,0.0,85.1,14.9
20121127195300,0.0,0.0,0.0,0.0,0.0,0.0,85.0,15.0
20121127195400,0.0,0.0,0.0,0.0,0.0,0.0,78.3,21.7
20121127195500,0.0,0.0,0.0,0.0,0.0,0.0,43.7,56.3
20121127195600,0.0,0.0,0.0,0.0,0.0,0.0,34.5,65.5
20121127195700,0.0,0.0,0.0,0.0,0.0,0.0,51.9,48.1
20121127195800,0.0,0.0,0.0,0.0,0.0,0.0,95.7,4.3
20121127195900,0.0,0.0,0.0,0.0,0.0,0.0,77.9,22.1
20121127200000,0.0,0.0,0.0,0.0,0.0,0.0,97.3,2.7
20121127200100,0.0,0.0,0.0,0.0,0.0,0.0,96.8,3.2
20121127200200,0.0,0.0,0.0,0.0,0.0,0.0,97.1,2.9
20121127200300,0.0,0.0,0.0,0.0,0.0,0.0,98.8,1.2
20121127200400,0.0,0.0,0.0,0.0,0.0,0.0,99.0,1.0
20121127200500,0.0,0.0,0.0,0.0,0.0,0.0,99.8,0.2
20121127200600,0.0,0.0,0.0,0.0,0.0,0.0,99.7,0.3
20121127200700,0.0,0.0,0.0,0.0,0.0,0.0,98.9,1.1
20121127200800,0.0,0.0,0.0,0.0,0.0,0.0,90.2,9.8
20121127200900,0.0,0.0,0.0,0.0,0.0,0.0,51.7,48.3
20121127201000,0.0,0.0,0.0,0.0,0.0,0.0,3.6,96.4
20121127201100,0.0,0.0,0.0,0.0,0.0,0.0,16.4,83.6
20121127201200,0.0,0.0,0.0,0.0,0.0,0.0,6.9,93.1
20121127201300,0.0,0.0,0.0,0.0,0.0,0.0,6.2,93.8
20121127201400,0.0,0.0,0.0,0.0,0.0,0.0,0.7,99.3
20121127201500,0.0,0.0,0.0,0.0,0.0,0.0,0.1,99.9
20121127201600,0.0,0.0,0.0,0.0,0.0,0.0,0.0,100.0
20121127201700,0.0,0.0,0.0,0.0,0.0,0.0,0.1,99.9
20121127201800,0.0,0.0,0.0,0.0,0.0,0.0,0.0,100.0
20121127201900,0.0,0.0,0.0,0.0,0.0,0.0,0.0,100.0
20121127202000,0.0,0.0,0.0,0.0,0.0,0.0,0.0,100.0
20121127202100,0.0,0.0,0.0,0.0,0.0,0.0,0.1,99.9
20121127202200,0.0,0.0,0.0,0.0,0.0,0.0,0.0,100.0
20121127202300,0.0,0.0,0.0,0.0,0.0,0.0,0.0,100.0
20121127202400,0.0,0.0,0.0,0.0,0.0,0.0,0.1,99.9
20121127202500,0.0,0.0,0.0,0.0,0.0,0.0,0.1,99.9
20121127202600,0.0,0.0,0.0,0.0,0.0,0.0,0.1,99.9
20121127202700,0.0,0.0,0.0,0.0,0.0,0.0,0.0,100.0
20121127202800,0.0,0.0,0.0,0.0,0.0,0.0,0.0,100.0
20121127202900,0.0,0.0,0.0,0.0,0.0,0.0,0.1,99.9
20121127203000,0.0,0.0,0.0,0.0,0.0,0.0,0.0,100.0
20121127203100,0.0,0.0,0.0,0.0,0.0,0.0,0.1,99.9
20121127203200,0.0,0.0,0.0,0.0,0.0,0.0,0.1,99.9
20121127203300,0.0,0.0,0.0,0.0,0.0,0.0,0.0,100.0
20121127203400,0.0,0.0,0.0,0.0,0.0,0.0,0.1,99.9
20121127203500,0.0,0.0,0.0,0.0,0.0,0.0,0.2,99.8
20121127203600,0.0,0.0,0.0,0.0,0.0,0.0,0.0,100.0
20121127203700,0.0,0.0,0.0,0.0,0.0,0.0,0.0,100.0
20121127203800,0.0,0.0,0.0,0.0,0.0,0.0,0.2,99.8
20121127203900,0.0,0.0,0.0,0.0,0.0,0.0,0.1,99.9
20121127204000,0.0,0.0,0.0,0.0,0.0,0.0,0.1,99.9
20121127204100,0.0,0.0,0.0,0.0,0.0,0.0,0.0,100.0
20121127204200,0.0,0.0,0.0,0.0,0.0,0.0,0.1,99.9
20121127204300,0.0,0.0,0.0,0.0,0.0,0.0,0.1,99.9
20121127204400,0.0,0.0,0.0,0.0,0.0,0.0,0.2,99.8
20121127204500,0.0,0.0,0.0,0.0,0.0,0.0,0.0,100.0
20121127204600,0.0,0.0,0.0,0.0,0.0,0.0,0.3,99.7
20121127204700,0.0,0.0,0.0,0.0,0.0,0.0,0.1,99.9
20121127204800,0.0,0.0,0.0,0.0,0.0,0.0,0.2,99.8
20121127204900,0.0,0.0,0.0,0.0,0.0,0.0,0.2,99.8
20121127205000,0.0,0.0,0.0,0.0,0.0,0.0,0.2,99.8
20121127205100,0.0,0.0,0.0,0.0,0.0,0.0,0.5,99.5
20121127205200,0.0,0.0,0.0,0.0,0.0,0.0,0.3,99.7
20121127205300,0.0,0.0,0.0,0.0,0.0,0.0,0.2,99.8
20121127205400,0.0,0.0,0.0,0.0,0.0,0.0,0.3,99.7
20121127205500,0.0,0.0,0.0,0.0,0.0,0.0,0.3,99.7
20121127205600,0.0,0.0,0.0,0.0,0.0,0.0,0.4,99.6
20121127205700,0.0,0.0,0.0,0.0,0.0,0.0,0.2,99.8
20121127205800,0.0,0.0,0.0,0.0,0.0,0.0,0.2,99.8
20121127205900,0.0,0.0,0.0,0.0,0.0,0.0,0.6,99.3
20121127210000,0.0,0.0,0.0,0.0,0.0,0.0,0.3,99.7
20121127210100,0.0,0.0,0.0,0.0,0.0,0.0,0.1,99.8
20121127210200,0.0,0.0,0.0,0.0,0.0,0.0,0.1,99.9
20121127210300,0.0,0.0,0.0,0.0,0.0,0.0,0.2,99.8
20121127210400,0.0,0.0,0.0,0.0,0.0,0.0,0.1,99.9
20121127210500,0.0,0.0,0.0,0.0,0.0,0.0,0.8,99.2
20121127210600,0.0,0.0,0.0,0.0,0.0,0.0,0.0,100.0
20121127210700,0.0,0.0,0.0,0.0,0.0,0.0,0.0,100.0
20121127210800,0.0,0.0,0.0,0.0,0.0,0.0,0.2,99.8
20121127210900,0.0,0.0,0.0,0.0,0.0,0.0,0.7,99.3
20121127211000,0.0,0.0,0.0,0.0,0.0,0.0,0.6,99.4
20121127211100,0.0,0.0,0.0,0.0,0.0,0.0,1.1,98.9
20121127211200,0.0,0.0,0.0,0.0,0.0,0.0,1.5,98.5
20121127211300,0.0,0.0,0.0,0.0,0.0,0.0,0.1,99.9
20121127211400,0.0,0.0,0.0,0.0,0.0,0.0,0.9,99.1
20121127211500,0.0,0.0,0.0,0.0,0.0,0.0,0.3,99.7
20121127211600,0.0,0.0,0.0,0.0,0.0,0.0,0.1,99.9
20121127211700,0.0,0.0,0.0,0.0,0.0,0.0,0.0,100.0
20121127211800,0.0,0.0,0.0,0.0,0.0,0.0,0.1,99.9
20121127211900,0.0,0.0,0.0,0.0,0.0,0.0,1.6,98.3
20121127212000,0.0,0.0,0.0,0.0,0.0,0.0,0.7,99.3
20121127212100,0.0,0.0,0.0,0.0,0.0,0.0,0.8,99.2
20121127212200,0.0,0.0,0.0,0.0,0.0,0.0,1.4,98.6
20121127212300,0.0,0.0,0.0,0.0,0.0,0.0,0.7,99.3
20121127212400,0.0,0.0,0.0,0.0,0.0,0.0,2.0,98.0
20121127212500,0.0,0.0,0.0,0.0,0.0,0.0,4.4,95.6
20121127212600,0.0,0.0,0.0,0.0,0.0,0.0,3.1,96.8
20121127212700,0.0,0.0,0.0,0.0,0.0,0.0,5.9,94.1
20121127212800,0.0,0.0,0.0,0.0,0.0,0.0,4.5,95.5
20121127212900,0.0,0.0,0.0,0.0,0.0,0.0,5.7,94.3
20121127213000,0.0,0.0,0.0,0.0,0.0,0.0,9.0,91.0
20121127213100,0.0,0.0,0.0,0.0,0.0,0.0,7.7,92.2
20121127213200,0.0,0.0,0.0,0.0,0.0,0.0,4.3,95.7
20121127213300,0.0,0.0,0.0,0.0,0.0,0.0,18.8,81.2
20121127213400,0.0,0.0,0.0,0.0,0.0,0.0,14.2,85.8
20121127213500,0.0,0.0,0.0,0.0,0.0,0.0,6.9,93.1
20121127213600,0.0,0.0,0.0,0.0,0.0,0.0,14.6,85.4
20121127213700,0.0,0.0,0.0,0.0,0.0,0.0,5.9,94.1
20121127213800,0.0,0.0,0.0,0.0,0.0,0.0,6.9,93.1
20121127213900,0.0,0.0,0.0,0.0,0.0,0.0,16.9,83.1
20121127214000,0.0,0.0,0.0,0.0,0.0,0.0,13.1,86.8
20121127214100,0.0,0.0,0.0,0.0,0.1,0.0,30.1,69.8
20121127214200,0.0,0.0,0.0,0.0,0.1,0.0,42.7,57.2
20121127214300,0.0,0.0,0.0,0.0,0.0,0.0,38.9,61.1
20121127214400,0.0,0.0,0.0,0.0,0.0,0.0,42.6,57.4
20121127214500,0.0,0.0,0.0,0.0,0.0,0.0,8.7,91.2
20121127214600,0.0,0.0,0.0,0.0,0.1,0.0,12.9,87.0
20121127214700,0.0,0.0,0.0,0.0,0.2,0.0,60.8,39.0
20121127214800,0.0,0.0,0.0,0.0,0.1,0.0,41.7,58.1
20121127214900,0.0,0.0,0.0,0.0,0.1,0.0,72.0,27.9
20121127215000,0.0,0.0,0.0,0.0,0.0,0.0,76.0,24.0
20121127215100,0.0,0.0,0.0,0.0,0.1,0.0,91.2,8.8
20121127215200,0.0,0.0,0.0,0.0,0.0,0.0,94.9,5.1
20121127215300,0.0,0.0,0.0,0.0,0.0,0.0,42.7,57.3
20121127215400,0.0,0.0,0.0,0.0,0.0,0.0,85.7,14.3
20121127215500,0.0,0.0,0.0,0.0,0.0,0.0,89.5,10.5
20121127215600,0.0,0.0,0.0,0.0,0.0,0.0,96.2,3.8
20121127215700,0.0,0.0,0.0,0.0,0.0,0.0,83.2,16.8
20121127215800,0.0,0.0,0.0,0.0,0.0,0.0,96.3,3.7
20121127215900,0.0,0.0,0.0,0.0,0.0,0.0,97.1,2.9
20121127220000,0.0,0.0,0.0,0.0,0.0,0.0,96.9,3.1
20121127220100,0.0,0.0,0.0,0.0,0.0,0.0,97.8,2.2
20121127220200,0.0,0.0,0.0,0.0,0.0,0.0,99.0,1.0
20121127220300,0.0,0.0,0.0,0.0,0.0,0.0,99.8,0.2
20121127220400,0.0,0.0,0.0,0.0,0.0,0.0,99.3,0.7
20121127220500,0.0,0.0,0.0,0.0,0.0,0.0,99.8,0.2
20121127220600,0.0,0.0,0.0,0.0,0.0,0.0,97.6,2.4
20121127220700,0.0,0.0,0.0,0.0,0.0,0.0,99.6,0.4
20121127220800,0.0,0.0,0.0,0.0,0.0,0.0,98.7,1.3
20121127220900,0.0,0.0,0.0,0.0,0.0,0.0,99.9,0.1
20121127221000,0.0,0.0,0.0,0.0,0.0,0.0,99.9,0.1
20121127221100,0.0,0.0,0.0,0.0,0.0,0.0,99.9,0.1
20121127221200,0.0,0.0,0.0,0.0,0.0,0.0,100.0,0.0
20121127221300,0.0,0.0,0.0,0.0,0.0,0.0,100.0,0.0
20121127221400,0.0,0.0,0.0,0.0,0.0,0.0,99.9,0.1
20121127221500,0.0,0.0,0.0,0.0,0.0,0.0,99.9,0.1
20121127221600,0.0,0.0,0.0,0.0,0.0,0.0,99.9,0.1
20121127221700,0.0,0.0,0.0,0.0,0.0,0.0,99.8,0.2
20121127221800,0.0,0.0,0.0,0.0,0.0,0.0,99.9,0.1
20121127221900,0.0,0.0,0.0,0.0,0.0,0.0,99.8,0.2
20121127222000,0.0,0.0,0.0,0.0,0.0,0.0,99.8,0.2
20121127222100,0.0,0.0,0.0,0.0,0.0,0.0,99.9,0.1
20121127222200,0.0,0.0,0.0,0.0,0.0,0.0,99.9,0.1
20121127222300,0.0,0.0,0.0,0.0,0.0,0.0,99.4,0.6
20121127222400,0.0,0.0,0.0,0.0,0.0,0.0,99.9,0.1
20121127222500,0.0,0.0,0.0,0.0,0.0,0.0,99.7,0.3
20121127222600,0.0,0.0,0.0,0.0,0.0,0.0,99.6,0.4
20121127222700,0.0,0.0,0.0,0.0,0.0,0.0,98.8,1.2
20121127222800,0.0,0.0,0.0,0.0,0.0,0.0,99.2,0.8
20121127222900,0.0,0.0,0.0,0.0,0.0,0.0,99.6,0.4
20121127223000,0.0,0.0,0.0,0.0,0.0,0.0,99.3,0.6
20121127223100,0.0,0.0,0.0,0.0,0.0,0.0,99.2,0.8
20121127223200,0.0,0.0,0.0,0.0,0.0,0.0,98.6,1.4
20121127223300,0.0,0.0,0.0,0.0,0.1,0.0,94.6,5.4
20121127223400,0.0,0.0,0.0,0.0,0.0,0.0,89.7,10.3
20121127223500,0.0,0.0,0.0,0.0,0.1,0.0,87.0,12.9
20121127223600,0.0,0.0,0.0,0.0,0.0,0.0,88.4,11.5
20121127223700,0.0,0.0,0.0,0.0,0.1,0.0,82.4,17.5
20121127223800,0.0,0.0,0.0,0.0,0.0,0.0,89.8,10.1
20121127223900,0.0,0.0,0.0,0.0,0.0,0.0,95.4,4.6
20121127224000,0.0,0.0,0.0,0.0,0.0,0.0,95.0,5.0
20121127224100,0.0,0.0,0.0,0.0,0.0,0.0,93.9,6.1
20121127224200,0.0,0.0,0.0,0.0,0.0,0.0,95.1,4.8
20121127224300,0.0,0.0,0.0,0.0,0.0,0.0,86.2,13.7
20121127224400,0.0,0.0,0.0,0.0,0.0,0.0,94.2,5.8
20121127224500,0.0,0.0,0.0,0.0,0.0,0.0,97.7,2.2
20121127224600,0.0,0.0,0.0,0.0,0.0,0.0,96.5,3.5
20121127224700,0.0,0.0,0.0,0.0,0.0,0.0,89.6,10.4
20121127224800,0.0,0.0,0.0,0.0,0.0,0.0,88.7,11.3
20121127224900,0.0,0.0,0.0,0.0,0.0,0.0,84.2,15.8
20121127225000,0.0,0.0,0.0,0.0,0.0,0.0,75.7,24.3
20121127225100,0.0,0.0,0.0,0.0,0.0,0.0,83.2,16.8
20121127225200,0.0,0.0,0.0,0.0,0.0,0.0,80.4,19.6
20121127225300,0.0,0.0,0.0,0.0,0.0,0.0,82.6,17.4
20121127225400,0.0,0.0,0.0,0.0,0.0,0.0,78.5,21.5
20121127225500,0.0,0.0,0.0,0.0,0.0,0.0,93.2,6.7
20121127225600,0.0,0.0,0.0,0.0,0.0,0.0,80.3,19.7
20121127225700,0.0,0.0,0.0,0.0,0.0,0.0,76.0,23.9
20121127225800,0.0,0.0,0.0,0.0,0.0,0.0,79.2,20.7
20121127225900,0.0,0.0,0.0,0.0,0.0,0.0,76.9,23.0
20121127230000,0.0,0.0,0.0,0.0,0.1,0.0,59.6,40.3
20121127230100,0.0,0.0,0.0,0.0,0.1,0.0,80.6,19.3
20121127230200,0.0,0.0,0.0,0.0,0.1,0.0,79.1,20.9
20121127230300,0.0,0.0,0.0,0.0,0.0,0.0,89.6,10.4
20121127230400,0.0,0.0,0.0,0.0,0.1,0.0,66.3,33.6
20121127230500,0.0,0.0,0.0,0.0,0.1,0.0,81.1,18.9
20121127230600,0.0,0.0,0.0,0.0,0.2,0.0,65.8,34.1
20121127230700,0.0,0.0,0.0,0.0,0.1,0.0,75.8,24.2
20121127230800,0.0,0.0,0.0,0.0,0.0,0.0,85.1,14.9
20121127230900,0.0,0.0,0.0,0.0,0.1,0.0,86.1,13.9
20121127231000,0.0,0.0,0.0,0.0,0.1,0.0,78.4,21.5
20121127231100,0.0,0.0,0.0,0.0,0.1,0.0,89.4,10.5
20121127231200,0.0,0.0,0.0,0.0,0.1,0.0,67.0,32.8
20121127231300,0.0,0.0,0.0,0.0,0.1,0.0,61.6,38.3
20121127231400,0.0,0.0,0.0,0.0,0.1,0.0,49.0,50.9
20121127231500,0.0,0.0,0.0,0.0,0.1,0.0,72.1,27.8
20121127231600,0.0,0.0,0.0,0.0,0.1,0.0,65.9,34.0
20121127231700,0.0,0.0,0.0,0.0,0.2,0.0,53.8,46.0
20121127231800,0.0,0.0,0.0,0.0,0.1,0.0,73.0,26.9
20121127231900,0.0,0.0,0.0,0.0,0.1,0.0,82.5,17.5
20121127232000,0.0,0.0,0.0,0.0,0.1,0.0,55.8,44.1
20121127232100,0.0,0.0,0.0,0.0,0.2,0.0,64.7,35.1
20121127232200,0.0,0.0,0.0,0.0,0.1,0.0,59.2,40.7
20121127232300,0.0,0.0,0.0,0.0,0.1,0.0,32.7,67.2
20121127232400,0.0,0.0,0.0,0.0,0.3,0.0,58.2,41.5
20121127232500,0.0,0.0,0.0,0.0,0.1,0.0,42.0,57.9
20121127232600,0.0,0.0,0.0,0.0,0.1,0.0,28.4,71.5
20121127232700,0.0,0.0,0.0,0.0,0.2,0.0,33.2,66.5
20121127232800,0.0,0.0,0.0,0.0,0.1,0.0,58.0,41.9
20121127232900,0.0,0.0,0.0,0.0,0.1,0.0,44.4,55.5
20121127233000,0.0,0.0,0.0,0.0,0.0,0.0,41.1,58.8
20121127233100,0.0,0.0,0.0,0.0,0.1,0.0,46.1,53.9
20121127233200,0.0,0.0,0.0,0.0,0.1,0.0,68.7,31.1
20121127233300,0.0,0.0,0.0,0.0,0.1,0.0,39.3,60.6
20121127233400,0.0,0.0,0.0,0.0,0.1,0.0,49.6,50.3
20121127233500,0.0,0.0,0.0,0.0,0.1,0.0,70.8,29.1
20121127233600,0.0,0.0,0.0,0.0,0.1,0.0,61.4,38.5
20121127233700,0.0,0.0,0.0,0.0,0.1,0.0,55.2,44.6
20121127233800,0.0,0.0,0.0,0.0,0.1,0.0,64.3,35.5
20121127233900,0.0,0.0,0.0,0.0,0.1,0.0,28.6,71.3
20121127234000,0.0,0.0,0.0,0.0,0.2,0.0,76.7,23.1
20121127234100,0.0,0.0,0.0,0.0,0.2,0.0,86.7,13.1
20121127234200,0.0,0.0,0.0,0.0,0.1,0.0,87.6,12.3
20121127234300,0.0,0.0,0.0,0.0,0.3,0.0,71.7,28.0
20121127234400,0.0,0.0,0.0,0.0,0.2,0.0,36.2,63.6
20121127234500,0.0,0.0,0.0,0.0,0.5,0.0,25.0,74.5
20121127234600,0.0,0.0,0.0,0.0,0.1,0.0,68.4,31.5
20121127234700,0.0,0.0,0.0,0.0,0.1,0.0,66.7,33.2
20121127234800,0.0,0.0,0.0,0.0,0.2,0.0,72.1,27.7
20121127234900,0.0,0.0,0.0,0.0,0.1,0.0,76.8,23.1
20121127235000,0.0,0.0,0.0,0.0,0.2,0.0,66.8,33.0
20121127235100,0.0,0.0,0.0,0.0,0.1,0.0,85.0,14.9
20121127235200,0.0,0.0,0.0,0.0,0.1,0.0,83.7,16.2
20121127235300,0.0,0.0,0.0,0.0,0.1,0.0,87.1,12.8
20121127235400,0.0,0.0,0.0,0.0,0.1,0.0,86.5,13.4
20121127235500,0.0,0.0,0.0,0.0,0.2,0.0,82.3,17.5
20121127235600,0.0,0.0,0.0,0.0,0.1,0.0,89.2,10.6
20121127235700,0.0,0.0,0.0,0.0,0.4,0.0,87.0,12.6
20121127235800,0.0,0.0,0.0,0.0,0.2,0.0,77.7,22.1
20121127235900,0.0,0.0,0.0,0.0,0.2,0.0,84.4,15.4
20121128000000,0.0,0.0,0.0,0.0,0.1,0.0,90.9,9.0
20121128000100,0.0,0.0,0.0,0.0,0.1,0.0,87.1,12.8
20121128000200,0.0,0.0,0.0,0.0,0.1,0.0,81.1,18.7
20121128000300,0.0,0.0,0.0,0.0,0.0,0.0,90.6,9.4
20121128000400,0.0,0.0,0.0,0.0,0.1,0.0,87.9,12.0
20121128000500,0.0,0.0,0.0,0.0,0.1,0.0,87.4,12.5
20121128000600,0.0,0.0,0.0,0.0,0.2,0.0,76.5,23.3
20121128000700,0.0,0.0,0.0,0.0,0.2,0.0,84.3,15.5
20121128000800,0.0,0.0,0.0,0.0,0.1,0.0,90.1,9.8
20121128000900,0.0,0.0,0.0,0.0,0.1,0.0,93.2,6.7
20121128001000,0.0,0.0,0.0,0.0,0.0,0.0,76.6,23.4
20121128001100,0.0,0.0,0.0,0.0,0.0,0.0,83.2,16.8
20121128001200,0.0,0.0,0.0,0.0,0.0,0.0,89.8,10.1
20121128001300,0.0,0.0,0.0,0.0,0.0,0.0,84.1,15.8
20121128001400,0.0,0.0,0.0,0.0,0.1,0.0,86.8,13.1
20121128001500,0.0,0.0,0.0,0.0,0.1,0.0,63.1,36.8
20121128001600,0.0,0.0,0.0,0.0,0.1,0.0,81.3,18.6
20121128001700,0.0,0.0,0.0,0.0,0.1,0.0,87.8,12.1
20121128001800,0.0,0.0,0.0,0.0,0.1,0.0,78.0,21.9
20121128001900,0.0,0.0,0.0,0.0,0.1,0.0,80.5,19.3
20121128002000,0.0,0.0,0.0,0.0,0.1,0.0,87.7,12.2
20121128002100,0.0,0.0,0.0,0.0,0.1,0.0,87.9,12.0
20121128002200,0.0,0.0,0.0,0.0,0.2,0.0,89.6,10.2
20121128002300,0.0,0.0,0.0,0.0,0.2,0.0,80.3,19.6
20121128002400,0.0,0.0,0.0,0.0,0.1,0.0,85.3,14.6
20121128002500,0.0,0.0,0.0,0.0,0.1,0.0,69.3,30.6
20121128002600,0.0,0.0,0.0,0.0,0.1,0.0,81.5,18.4
20121128002700,0.0,0.0,0.0,0.0,0.1,0.0,79.0,20.9
20121128002800,0.0,0.0,0.0,0.0,0.1,0.0,75.6,24.3
20121128002900,0.0,0.0,0.0,0.0,0.1,0.0,87.1,12.8
20121128003000,0.0,0.0,0.0,0.0,0.1,0.0,87.9,12.0
20121128003100,0.0,0.0,0.0,0.0,0.2,0.0,85.2,14.6
20121128003200,0.0,0.0,0.0,0.0,0.1,0.0,86.3,13.6
20121128003300,0.0,0.0,0.0,0.0,0.2,0.0,93.1,6.7
20121128003400,0.0,0.0,0.0,0.0,0.1,0.0,87.6,12.4
20121128003500,0.0,0.0,0.0,0.0,0.1,0.0,65.0,34.9
20121128003600,0.0,0.0,0.0,0.0,0.1,0.0,72.5,27.3
20121128003700,0.0,0.0,0.0,0.0,0.1,0.0,83.0,16.9
20121128003800,0.0,0.0,0.0,0.0,0.1,0.0,90.5,9.4
20121128003900,0.0,0.0,0.0,0.0,0.1,0.0,83.8,16.1
20121128004000,0.0,0.0,0.0,0.0,0.1,0.0,88.1,11.7
20121128004100,0.0,0.0,0.0,0.0,0.1,0.0,80.4,19.5
20121128004200,0.0,0.0,0.0,0.0,0.1,0.0,89.9,10.0
20121128004300,0.0,0.0,0.0,0.1,0.2,0.0,84.3,15.4
20121128004400,0.0,0.0,0.0,0.0,0.0,0.0,95.1,4.8
20121128004500,0.0,0.0,0.0,0.1,0.2,0.0,78.9,20.9
20121128004600,0.0,0.0,0.0,0.0,0.0,0.0,95.5,4.5
20121128004700,0.0,0.0,0.0,0.0,0.1,0.0,78.8,21.0
20121128004800,0.0,0.0,0.0,0.0,0.1,0.0,91.7,8.2
20121128004900,0.0,0.0,0.0,0.0,0.1,0.0,80.8,19.0
20121128005000,0.0,0.0,0.0,0.0,0.1,0.0,93.2,6.7
20121128005100,0.0,0.0,0.0,0.1,0.1,0.0,92.8,7.0
20121128005200,0.0,0.0,0.0,0.1,0.1,0.0,74.0,25.8
20121128005300,0.0,0.0,0.0,0.0,0.2,0.0,66.4,33.4
20121128005400,0.0,0.0,0.0,0.1,0.2,0.0,85.3,14.5
20121128005500,0.0,0.0,0.0,0.1,0.3,0.0,71.1,28.4
20121128005600,0.0,0.0,0.0,0.1,0.2,0.0,55.1,44.5
20121128005700,0.0,0.0,0.0,0.1,0.5,0.0,54.8,44.6
20121128005800,0.0,0.0,0.0,0.1,0.4,0.0,45.1,54.4
20121128005900,0.0,0.0,0.0,0.1,0.5,0.0,50.7,48.7
20121128010000,0.0,0.0,0.0,0.1,0.3,0.0,50.7,48.9
20121128010100,0.0,0.0,0.0,0.1,0.4,0.0,71.9,27.6
20121128010200,0.0,0.0,0.0,0.1,0.5,0.0,74.1,25.3
20121128010300,0.0,0.0,0.0,0.0,0.1,0.0,90.4,9.5
20121128010400,0.0,0.0,0.0,0.1,0.2,0.0,76.7,23.1
20121128010500,0.0,0.0,0.0,0.1,0.2,0.0,84.5,15.2
20121128010600,0.0,0.0,0.0,0.1,0.3,0.0,46.1,53.6
20121128010700,0.0,0.0,0.0,0.1,0.4,0.0,66.0,33.6
20121128010800,0.0,0.0,0.0,0.1,0.2,0.0,55.6,44.2
20121128010900,0.0,0.0,0.0,0.1,0.3,0.0,69.4,30.3
20121128011000,0.0,0.0,0.0,0.2,0.4,0.0,58.3,41.1
20121128011100,0.0,0.0,0.0,0.1,0.3,0.0,61.9,37.7
20121128011200,0.0,0.0,0.0,0.1,0.2,0.0,61.5,38.2
20121128011300,0.0,0.0,0.0,0.1,0.2,0.0,66.3,33.5
20121128011400,0.0,0.0,0.0,0.1,0.3,0.0,65.2,34.3
20121128011500,0.0,0.0,0.0,0.0,0.2,0.0,45.6,54.2
20121128011600,0.0,0.0,0.0,0.1,0.3,0.0,47.8,51.8
20121128011700,0.0,0.0,0.0,0.0,0.2,0.0,73.6,26.1
20121128011800,0.0,0.0,0.0,0.0,0.2,0.0,50.3,49.5
20121128011900,0.0,0.0,0.0,0.0,0.2,0.0,42.6,57.2
20121128012000,0.0,0.0,0.0,0.0,0.4,0.0,45.2,54.3
20121128012100,0.0,0.0,0.0,0.0,0.2,0.0,46.3,53.5
20121128012200,0.0,0.0,0.0,0.0,0.2,0.0,65.1,34.7
20121128012300,0.0,0.0,0.0,0.0,0.2,0.0,78.2,21.6
20121128012400,0.0,0.0,0.0,0.0,0.1,0.0,65.0,34.8
20121128012500,0.0,0.0,0.0,0.0,0.1,0.0,45.0,54.9
20121128012600,0.0,0.0,0.0,0.0,0.1,0.0,43.7,56.3
20121128012700,0.0,0.0,0.0,0.0,0.1,0.0,74.4,25.6
20121128012800,0.0,0.0,0.0,0.0,0.1,0.0,89.8,10.1
20121128012900,0.0,0.0,0.0,0.0,0.0,0.0,68.8,31.1
20121128013000,0.0,0.0,0.0,0.0,0.0,0.0,81.2,18.8
20121128013100,0.0,0.0,0.0,0.0,0.1,0.0,59.0,40.9
20121128013200,0.0,0.0,0.0,0.0,0.1,0.0,78.8,21.1
20121128013300,0.0,0.0,0.0,0.0,0.1,0.0,74.9,25.0
20121128013400,0.0,0.0,0.0,0.0,0.1,0.0,64.4,35.5
20121128013500,0.0,0.0,0.0,0.0,0.1,0.0,75.1,24.7
20121128013600,0.0,0.0,0.0,0.0,0.0,0.0,75.0,25.0
20121128013700,0.0,0.0,0.0,0.0,0.2,0.0,55.1,44.7
20121128013800,0.0,0.0,0.0,0.0,0.1,0.0,70.8,29.1
20121128013900,0.0,0.0,0.0,0.1,0.2,0.0,63.7,36.0
20121128014000,0.0,0.0,0.0,0.0,0.1,0.0,40.8,59.0
20121128014100,0.0,0.0,0.0,0.0,0.1,0.0,69.4,30.4
20121128014200,0.0,0.0,0.0,0.1,0.4,0.0,57.3,42.2
20121128014300,0.0,0.0,0.0,0.0,0.1,0.0,54.7,45.1
20121128014400,0.0,0.0,0.0,0.1,0.2,0.0,67.4,32.3
20121128014500,0.0,0.0,0.0,0.0,0.1,0.0,77.6,22.3
20121128014600,0.0,0.0,0.0,0.0,0.3,0.0,72.8,26.9
20121128014700,0.0,0.0,0.0,0.0,0.3,0.0,54.4,45.3
20121128014800,0.0,0.0,0.0,0.0,0.1,0.0,85.1,14.8
20121128014900,0.0,0.0,0.0,0.0,0.2,0.0,65.6,34.2
20121128015000,0.0,0.0,0.0,0.1,0.6,0.0,73.5,25.8
20121128015100,0.0,0.0,0.0,0.0,0.2,0.0,83.2,16.6
20121128015200,0.0,0.0,0.0,0.1,0.2,0.0,60.2,39.5
20121128015300,0.0,0.0,0.0,0.1,0.6,0.0,71.3,28.1
20121128015400,0.0,0.0,0.0,0.1,0.2,0.0,83.0,16.7
20121128015500,0.0,0.0,0.0,0.1,0.4,0.0,69.6,30.0
20121128015600,0.0,0.0,0.0,0.1,0.3,0.0,71.9,27.7
20121128015700,0.0,0.0,0.0,0.0,0.2,0.0,80.2,19.6
20121128015900,0.0,0.0,0.0,0.0,0.5,0.0,85.6,13.9
20121128020000,0.0,0.0,0.0,0.0,0.3,0.0,76.2,23.5
20121128020100,0.0,0.0,0.0,0.0,0.2,0.0,85.1,14.7
20121128020200,0.0,0.0,0.0,0.1,0.3,0.0,88.8,10.9
20121128020300,0.0,0.0,0.0,0.0,0.3,0.0,84.0,15.6
20121128020400,0.0,0.0,0.0,0.0,0.2,0.0,91.1,8.6
20121128020500,0.0,0.0,0.0,0.0,0.1,0.0,87.1,12.7
20121128020600,0.0,0.0,0.0,0.0,0.1,0.0,87.8,12.1
20121128020700,0.0,0.0,0.0,0.0,0.1,0.0,89.7,10.1
20121128020800,0.0,0.0,0.0,0.0,0.1,0.0,91.6,8.3
20121128020900,0.0,0.0,0.0,0.0,0.1,0.0,69.4,30.4
20121128021000,0.0,0.0,0.0,0.0,0.1,0.0,91.5,8.5
20121128021100,0.0,0.0,0.0,0.0,0.2,0.0,82.1,17.7
20121128021200,0.0,0.0,0.0,0.0,0.1,0.0,90.3,9.6
20121128021300,0.0,0.0,0.0,0.0,0.1,0.0,95.7,4.2
20121128021400,0.0,0.0,0.0,0.0,0.0,0.0,95.7,4.2
20121128021500,0.0,0.0,0.0,0.0,0.1,0.0,85.1,14.9
20121128021600,0.0,0.0,0.0,0.0,0.1,0.0,86.2,13.6
20121128021700,0.0,0.0,0.0,0.0,0.1,0.0,90.7,9.2
20121128021800,0.0,0.0,0.0,0.0,0.2,0.0,90.1,9.7
20121128021900,0.0,0.0,0.0,0.0,0.2,0.0,84.4,15.4
20121128022000,0.0,0.0,0.0,0.1,0.1,0.0,88.2,11.6
20121128022100,0.0,0.0,0.0,0.0,0.1,0.0,89.0,10.9
20121128022200,0.0,0.0,0.0,0.0,0.1,0.0,93.3,6.6
20121128022300,0.0,0.0,0.0,0.0,0.2,0.0,79.4,20.4
20121128022400,0.0,0.0,0.0,0.0,0.1,0.0,93.3,6.6
20121128022500,0.0,0.0,0.0,0.0,0.1,0.0,90.0,9.9
20121128022600,0.0,0.0,0.0,0.0,0.1,0.0,98.3,1.6
20121128022700,0.0,0.0,0.0,0.0,0.1,0.0,98.0,1.9
20121128022800,0.0,0.0,0.0,0.0,0.2,0.0,95.0,4.8
20121128022900,0.0,0.0,0.0,0.0,0.2,0.0,97.3,2.5
20121128023000,0.0,0.0,0.0,0.0,0.2,0.0,96.7,3.1
20121128023100,0.0,0.0,0.0,0.1,0.3,0.0,92.3,7.3
20121128023200,0.0,0.0,0.0,0.2,0.3,0.0,90.2,9.3
20121128023300,0.0,0.0,0.0,0.1,0.2,0.0,96.7,3.0
20121128023400,0.0,0.0,0.0,0.0,0.3,0.0,96.9,2.8
20121128023500,0.0,0.0,0.0,0.0,0.2,0.0,98.3,1.4
20121128023600,0.0,0.0,0.0,0.1,0.3,0.0,94.9,4.8
20121128023700,0.0,0.0,0.0,0.1,0.2,0.0,92.8,6.9
20121128023800,0.0,0.0,0.0,0.0,0.2,0.0,95.1,4.6
20121128023900,0.0,0.0,0.0,0.1,0.3,0.0,92.8,6.8
20121128024000,0.0,0.0,0.0,0.1,0.3,0.0,82.2,17.5
20121128024405,0.0,0.0,0.0,0.5,0.2,0.0,51.4,47.9
20121128024505,0.0,0.0,0.0,0.1,0.1,0.0,71.3,28.5
20121128024605,0.0,0.0,0.0,0.2,0.1,0.0,77.7,22.0
20121128024705,0.0,0.0,0.0,0.0,0.1,0.0,87.0,12.9
20121128024805,0.0,0.0,0.0,0.1,0.1,0.0,88.7,11.1
20121128024905,0.0,0.0,0.0,0.0,0.1,0.0,84.3,15.5
20121128025005,0.0,0.0,0.0,0.0,0.1,0.0,92.1,7.8
20121128025105,0.0,0.0,0.0,0.0,0.1,0.0,94.2,5.6
20121128025205,0.0,0.0,0.0,0.0,0.0,0.0,92.5,7.5
20121128025305,0.0,0.0,0.0,0.0,0.0,0.0,98.4,1.6
20121128025405,0.0,0.0,0.0,0.0,0.0,0.0,95.6,4.3
20121128025505,0.0,0.0,0.0,0.0,0.0,0.0,92.7,7.3
20121128025605,0.0,0.0,0.0,0.1,0.0,0.0,88.9,11.0
20121128025705,0.0,0.0,0.0,0.0,0.0,0.0,86.9,13.0
20121128025805,0.0,0.0,0.0,0.0,0.0,0.0,96.8,3.1
20121128025905,0.0,0.0,0.0,0.0,0.0,0.0,87.6,12.4
20121128030005,0.0,0.0,0.0,0.0,0.0,0.0,95.0,4.9
20121128030105,0.0,0.0,0.0,0.0,0.0,0.0,88.5,11.4
20121128030205,0.0,0.0,0.0,0.1,0.0,0.0,91.5,8.4
20121128030305,0.0,0.0,0.0,0.2,0.0,0.0,92.1,7.7
20121128030405,0.0,0.0,0.0,0.1,0.0,0.0,97.8,2.1
20121128030505,0.0,0.0,0.0,0.1,0.1,0.0,94.6,5.2
20121128030605,0.0,0.0,0.0,0.1,0.1,0.0,96.3,3.5
20121128030705,0.0,0.0,0.0,0.1,0.1,0.0,97.2,2.6
20121128030805,0.0,0.0,0.0,0.3,0.1,0.0,97.3,2.4
20121128030905,0.0,0.0,0.0,0.1,0.1,0.0,97.2,2.6
20121128031005,0.0,0.0,0.0,0.1,0.1,0.0,98.6,1.2
20121128031105,0.0,0.0,0.0,0.3,0.1,0.0,95.9,3.6
20121128031205,0.0,0.0,0.0,0.1,0.0,0.0,95.7,4.2
20121128031305,0.0,0.0,0.0,0.0,0.0,0.0,98.2,1.8
20121128031405,0.0,0.0,0.0,0.0,0.0,0.0,98.7,1.2
20121128031505,0.0,0.0,0.0,0.0,0.0,0.0,96.7,3.2
20121128031605,0.0,0.0,0.0,0.0,0.0,0.0,99.5,0.5
20121128031705,0.0,0.0,0.0,0.0,0.0,0.0,99.0,1.0
20121128031805,0.0,0.0,0.0,0.1,0.0,0.0,97.7,2.3
20121128031905,0.0,0.0,0.0,0.0,0.0,0.0,98.8,1.2
20121128032005,0.0,0.0,0.0,0.0,0.0,0.0,99.5,0.5
20121128032105,0.0,0.0,0.0,0.0,0.0,0.0,99.7,0.3
20121128032205,0.0,0.0,0.0,0.0,0.0,0.0,99.9,0.1
20121128032305,0.0,0.0,0.0,0.0,0.0,0.0,99.1,0.9
20121128032405,0.0,0.0,0.0,0.0,0.0,0.0,99.9,0.1
20121128032505,0.0,0.0,0.0,0.0,0.0,0.0,99.9,0.1
20121128032605,0.0,0.0,0.0,0.0,0.0,0.0,100.0,0.0
20121128032705,0.0,0.0,0.0,0.0,0.0,0.0,99.9,0.1
20121128032805,0.0,0.0,0.0,0.0,0.0,0.0,100.0,0.0
20121128032905,0.0,0.0,0.0,0.0,0.0,0.0,100.0,0.0
20121128033005,0.0,0.0,0.0,0.0,0.0,0.0,99.9,0.1
20121128033105,0.0,0.0,0.0,0.0,0.0,0.0,99.9,0.1
20121128033205,0.0,0.0,0.0,0.0,0.0,0.0,100.0,0.0
20121128033305,0.0,0.0,0.0,0.0,0.0,0.0,99.9,0.1
20121128033405,0.0,0.0,0.0,0.0,0.0,0.0,100.0,0.0
20121128033505,0.0,0.0,0.0,0.0,0.0,0.0,99.7,0.3
20121128033605,0.0,0.0,0.0,0.0,0.0,0.0,99.9,0.1
20121128033705,0.0,0.0,0.0,0.0,0.0,0.0,99.8,0.2
20121128033805,0.0,0.0,0.0,0.0,0.0,0.0,99.9,0.1
20121128033905,0.0,0.0,0.0,0.0,0.0,0.0,99.8,0.2
20121128034005,0.0,0.0,0.0,0.0,0.0,0.0,99.9,0.1
20121128034105,0.0,0.0,0.0,0.1,0.0,0.0,99.7,0.3
20121128034205,0.0,0.0,0.0,0.0,0.0,0.0,99.9,0.1
20121128034305,0.0,0.0,0.0,0.0,0.0,0.0,99.9,0.0
20121128034405,0.0,0.0,0.0,0.0,0.0,0.0,100.0,0.0
20121128034505,0.0,0.0,0.0,0.0,0.0,0.0,100.0,0.0
20121128034605,0.0,0.0,0.0,0.0,0.0,0.0,100.0,0.0
20121128034705,0.0,0.0,0.0,0.0,0.0,0.0,99.9,0.0
20121128034805,0.0,0.0,0.0,0.1,0.0,0.0,99.9,0.0
20121128034905,0.0,0.0,0.0,0.1,0.0,0.0,99.9,0.0
20121128035005,0.0,0.0,0.0,0.0,0.0,0.0,99.9,0.0
20121128035105,0.0,0.0,0.0,0.1,0.0,0.0,99.9,0.0
20121128035205,0.0,0.0,0.0,0.0,0.0,0.0,99.9,0.1
20121128035305,0.0,0.0,0.0,0.1,0.0,0.0,99.8,0.0
20121128035405,0.0,0.0,0.0,0.0,0.0,0.0,99.9,0.0
20121128035505,0.0,0.0,0.0,0.0,0.0,0.0,99.9,0.0
20121128035605,0.0,0.0,0.0,0.0,0.0,0.0,99.9,0.0
20121128035705,0.0,0.0,0.0,0.0,0.0,0.0,99.9,0.1
