UT,arc,discrete,diffuse,ac,ab,clear,cloudy,dd
20121221132000,0.0,0.0,0.0,0.0,0.0,0.0,0.0,100.0
20121221132100,0.0,0.0,0.0,0.0,0.0,0.0,0.0,100.0
20121221132200,0.0,0.0,0.0,0.0,0.0,0.0,0.0,100.0
20121221132300,0.0,0.0,0.0,0.0,0.0,0.0,0.0,100.0
20121221132400,0.0,0.0,0.0,0.0,0.0,0.0,0.0,100.0
20121221132500,0.0,0.0,0.0,0.0,0.0,0.0,0.0,100.0
20121221132600,0.0,0.0,0.0,0.0,0.0,0.0,0.0,100.0
20121221132700,0.0,0.0,0.0,0.0,0.0,0.0,0.0,100.0
20121221132800,0.0,0.0,0.0,0.0,0.0,0.0,0.0,100.0
20121221132900,0.0,0.0,0.0,0.0,0.0,0.0,0.0,100.0
20121221133000,0.0,0.0,0.0,0.0,0.0,0.0,0.0,100.0
20121221133100,0.0,0.0,0.0,0.0,0.0,0.0,0.0,100.0
20121221133200,0.0,0.0,0.0,0.0,0.0,0.0,0.0,100.0
20121221133300,0.0,0.0,0.0,0.0,0.0,0.0,0.0,100.0
20121221133400,0.0,0.0,0.0,0.0,0.0,0.0,0.0,100.0
20121221133500,0.0,0.0,0.0,0.0,0.0,0.0,0.0,100.0
20121221133600,0.0,0.0,0.0,0.0,0.0,0.0,0.0,100.0
20121221133700,0.0,0.0,0.0,0.0,0.0,0.0,0.0,100.0
20121221133800,0.0,0.0,0.0,0.0,0.0,0.0,0.0,100.0
20121221133900,0.0,0.0,0.0,0.0,0.0,0.0,0.0,100.0
20121221134000,0.0,0.0,0.0,0.0,0.0,0.0,0.0,100.0
20121221134100,0.0,0.0,0.0,0.0,0.0,0.0,0.0,100.0
20121221134200,0.0,0.0,0.0,0.0,0.0,0.0,0.0,100.0
20121221134300,0.0,0.0,0.0,0.0,0.0,0.0,0.0,100.0
20121221134400,0.0,0.0,0.0,0.0,0.0,0.0,0.0,100.0
20121221134500,0.0,0.0,0.0,0.0,0.0,0.0,0.0,100.0
20121221134600,0.0,0.0,0.0,0.0,0.0,0.0,0.0,100.0
20121221134700,0.0,0.0,0.0,0.0,0.0,0.0,0.0,100.0
20121221134800,0.0,0.0,0.0,0.0,0.0,0.0,0.0,100.0
20121221134900,0.0,0.0,0.0,0.0,0.0,0.0,0.0,100.0
20121221135000,0.0,0.0,0.0,0.0,0.0,0.0,0.0,100.0
20121221135100,0.0,0.0,0.0,0.0,0.0,0.0,0.0,100.0
20121221135200,0.0,0.0,0.0,0.0,0.0,0.0,0.1,99.9
20121221135300,0.0,0.0,0.0,0.0,0.0,0.0,0.0,100.0
20121221135400,0.0,0.0,0.0,0.0,0.0,0.0,0.1,99.9
20121221135500,0.0,0.0,0.0,0.0,0.0,0.0,0.1,99.9
20121221135600,0.0,0.0,0.0,0.0,0.0,0.0,0.2,99.8
20121221135700,0.0,0.0,0.0,0.0,0.0,0.0,0.1,99.9
20121221135800,0.0,0.0,0.0,0.0,0.0,0.0,0.1,99.9
20121221135900,0.0,0.0,0.0,0.0,0.0,0.0,0.1,99.9
20121221140000,0.0,0.0,0.0,0.0,0.0,0.0,0.0,99.9
20121221140100,0.0,0.0,0.0,0.0,0.5,0.0,0.0,99.5
20121221140200,0.0,0.0,0.0,0.0,3.0,0.0,0.3,96.7
20121221140300,0.0,0.0,0.0,0.0,2.3,0.0,0.2,97.5
20121221140400,0.0,0.0,0.0,0.0,4.6,0.0,0.1,95.2
20121221140500,0.0,0.0,0.0,0.0,8.8,0.0,0.0,91.2
20121221140600,0.0,0.0,0.0,0.0,23.8,0.0,0.1,76.0
20121221140700,0.0,0.0,0.0,0.0,8.9,0.0,0.0,91.1
20121221140800,0.0,0.0,0.0,0.0,18.5,0.0,0.1,81.4
20121221140900,0.0,0.0,0.0,0.0,61.5,0.0,0.0,38.5
20121221141000,0.0,0.0,0.0,0.0,67.7,0.0,0.0,32.3
20121221141100,0.0,0.0,0.0,0.0,94.3,0.0,0.0,5.7
20121221141200,0.0,0.0,0.0,0.0,80.8,0.0,0.0,19.2
20121221141300,0.0,0.0,0.0,0.0,96.7,0.0,0.0,3.3
20121221141400,0.0,0.0,0.0,0.0,75.9,0.0,0.0,24.1
20121221141500,0.0,0.0,0.0,0.0,99.7,0.0,0.0,0.3
20121221141600,0.0,0.0,0.0,0.0,99.6,0.0,0.0,0.4
20121221141700,0.0,0.0,0.0,0.0,99.7,0.0,0.0,0.3
20121221141800,0.0,0.0,0.0,0.0,100.0,0.0,0.0,0.0
20121221141900,0.0,0.0,0.0,0.0,99.7,0.0,0.0,0.3
20121221142000,0.0,0.0,0.0,0.0,99.1,0.0,0.0,0.9
20121221142100,0.0,0.0,0.0,0.0,99.5,0.0,0.0,0.5
20121221142200,0.0,0.0,0.0,0.0,99.0,0.0,0.0,1.0
20121221142300,0.0,0.0,0.0,0.0,82.0,0.0,0.0,18.0
20121221142400,0.0,0.0,0.0,0.0,96.0,0.0,0.0,4.0
20121221142500,0.0,0.0,0.0,0.0,91.5,0.0,0.0,8.5
20121221142600,0.0,0.0,0.0,0.0,50.1,0.0,0.0,49.9
20121221142700,0.0,0.0,0.0,0.0,38.8,0.0,0.0,61.1
20121221142800,0.0,0.0,0.0,0.0,16.7,0.0,0.1,83.2
20121221142900,0.0,0.0,0.0,0.0,42.7,0.0,0.2,57.1
20121221143000,0.0,0.0,0.0,0.0,5.7,0.0,0.1,94.2
20121221143100,0.0,0.0,0.0,0.0,3.4,0.0,0.1,96.6
20121221143200,0.0,0.0,0.0,0.0,7.3,0.0,0.3,92.4
20121221143300,0.0,0.0,0.0,0.0,16.0,0.0,0.1,83.9
20121221143400,0.0,0.0,0.0,0.0,0.9,0.0,0.0,99.1
20121221143500,0.0,0.0,0.0,0.0,1.9,0.0,0.0,98.1
20121221143600,0.0,0.0,0.0,0.0,5.4,0.0,0.0,94.6
20121221143700,0.0,0.0,0.0,0.0,1.1,0.0,0.0,98.9
20121221143800,0.0,0.0,0.0,0.0,0.7,0.0,0.1,99.2
20121221143900,0.0,0.0,0.0,0.0,1.2,0.0,0.0,98.8
20121221144000,0.0,0.0,0.0,0.0,2.3,0.0,0.1,97.6
20121221144100,0.0,0.0,0.0,0.0,2.9,0.0,0.0,97.0
20121221144200,0.0,0.0,0.0,0.0,2.9,0.0,0.0,97.1
20121221144300,0.0,0.0,0.0,0.0,0.7,0.0,0.0,99.3
20121221144400,0.0,0.0,0.0,0.0,3.4,0.0,0.0,96.5
20121221144500,0.0,0.0,0.0,0.0,0.6,0.0,0.0,99.4
20121221144600,0.0,0.0,0.0,0.0,1.8,0.0,0.0,98.2
20121221144700,0.0,0.0,0.0,0.0,0.9,0.0,0.0,99.1
20121221144800,0.0,0.0,0.0,0.0,1.0,0.0,0.0,98.9
20121221144900,0.0,0.0,0.0,0.0,1.9,0.2,0.0,97.9
20121221145000,0.0,0.0,0.0,0.0,0.4,0.0,0.0,99.5
20121221145100,0.0,0.0,0.0,0.0,2.1,0.8,0.0,97.0
20121221145200,0.0,0.0,0.0,0.0,1.4,0.3,0.0,98.3
20121221145300,0.0,0.0,0.0,0.0,0.2,0.1,0.0,99.7
20121221145400,0.0,0.0,0.0,0.0,0.9,4.0,0.1,95.0
20121221145500,0.0,0.0,0.0,0.0,0.3,0.4,0.0,99.3
20121221145600,0.0,0.0,0.0,0.0,0.4,2.6,0.0,97.0
20121221145700,0.0,0.0,0.0,0.0,0.9,1.0,0.1,98.0
20121221145800,0.0,0.0,0.0,0.0,0.1,0.6,0.0,99.2
20121221145900,0.0,0.0,0.0,0.0,0.3,2.0,0.1,97.6
20121221150000,0.0,0.0,0.0,0.0,1.1,1.3,0.1,97.5
20121221150100,0.0,0.0,0.0,0.0,0.3,2.2,0.1,97.4
20121221150200,0.0,0.0,0.0,0.0,0.5,6.3,0.1,93.1
20121221150300,0.0,0.0,0.0,0.0,0.0,5.8,0.0,94.1
20121221150400,0.0,0.0,0.0,0.0,0.0,0.5,0.0,99.5
20121221150500,0.0,0.0,0.0,0.0,0.5,3.9,0.1,95.5
20121221150600,0.0,0.0,0.0,0.0,2.4,16.3,0.1,81.2
20121221150700,0.0,0.0,0.0,0.0,0.8,8.9,0.0,90.2
20121221150800,0.0,0.0,0.0,0.0,1.4,14.9,2.2,81.5
20121221150900,0.0,0.0,0.0,0.0,0.1,0.9,0.0,99.0
20121221151000,0.0,0.0,0.0,0.0,0.2,11.2,0.5,88.1
20121221151100,0.0,0.0,0.0,0.0,0.3,5.8,0.1,93.7
20121221151200,0.0,0.0,0.0,0.0,0.4,15.2,0.1,84.3
20121221151300,0.0,0.0,0.0,0.0,0.2,72.4,0.2,27.2
20121221151400,0.0,0.0,0.0,0.0,0.3,87.8,0.3,11.6
20121221151500,0.0,0.0,0.0,0.0,0.5,18.8,0.5,80.1
20121221151600,0.0,0.0,0.0,0.0,1.2,19.7,1.4,77.7
20121221151700,0.2,0.0,0.0,0.0,1.2,65.2,3.9,29.5
20121221151800,0.0,0.0,0.0,0.0,1.2,70.0,0.1,28.7
20121221151900,0.0,0.0,0.0,0.0,0.1,88.6,0.1,11.2
20121221152000,0.0,0.0,0.0,0.0,0.2,90.3,0.3,9.2
20121221152100,0.0,0.0,0.0,0.0,0.3,78.5,0.2,21.1
20121221152200,0.0,0.0,0.0,0.0,0.1,94.7,0.1,5.0
20121221152300,0.0,0.0,0.0,0.0,0.2,90.3,0.1,9.4
20121221152400,0.0,0.0,0.0,0.0,1.3,85.8,0.1,12.7
20121221152500,0.0,0.0,0.0,0.0,0.2,96.8,0.1,2.9
20121221152600,0.0,0.0,0.0,0.0,0.6,89.8,0.3,9.2
20121221152700,0.0,0.0,0.0,0.0,1.0,93.4,0.3,5.2
20121221152800,0.0,0.0,0.0,0.0,0.1,97.8,0.1,2.0
20121221152900,0.2,0.0,0.0,0.0,0.4,78.5,0.0,20.8
20121221153000,0.1,0.0,0.0,0.0,0.7,55.5,0.8,42.9
20121221153100,0.0,0.0,0.0,0.0,0.4,63.1,1.0,35.4
20121221153200,0.1,0.0,0.0,0.0,0.2,87.2,0.1,12.5
20121221153300,0.1,0.0,0.0,0.0,0.1,92.5,0.1,7.3
20121221153400,0.1,0.0,0.0,0.0,0.1,93.3,0.1,6.4
20121221153500,0.0,0.0,0.0,0.0,0.1,97.8,0.1,2.0
20121221153600,0.1,0.0,0.0,0.0,0.3,46.6,0.7,52.2
20121221153700,0.1,0.0,0.0,0.0,0.9,85.2,0.4,13.5
20121221153800,0.1,0.0,0.0,0.0,0.3,77.0,0.7,21.9
20121221153900,0.1,0.0,0.0,0.0,2.4,82.0,1.0,14.4
20121221154000,0.0,0.0,0.0,0.0,0.4,92.5,0.3,6.9
20121221154100,0.1,0.0,0.0,0.0,10.2,63.9,0.6,25.2
20121221154200,0.0,0.0,0.0,0.0,2.4,86.8,0.3,10.4
20121221154300,0.0,0.0,0.0,0.0,2.4,93.9,0.4,3.3
20121221154400,0.0,0.0,0.0,0.0,2.4,72.8,0.9,23.8
20121221154500,0.0,0.0,0.0,0.0,0.5,94.2,1.1,4.1
20121221154600,0.0,0.0,0.0,0.0,1.5,49.9,0.3,48.2
20121221154700,0.0,0.0,0.0,0.0,0.2,77.2,1.0,21.6
20121221154800,0.0,0.0,0.0,0.0,0.1,97.5,0.4,2.0
20121221154900,0.0,0.0,0.0,0.0,0.0,89.6,0.1,10.4
20121221155000,0.1,0.0,0.1,0.0,0.3,73.0,0.5,26.1
20121221155100,0.1,0.0,0.0,0.0,0.3,25.9,0.5,73.2
20121221155200,0.3,0.0,0.0,0.0,0.1,11.5,1.6,86.4
20121221155300,0.2,0.0,0.1,0.0,0.2,7.6,0.5,91.5
20121221155400,1.6,0.0,0.1,0.0,1.1,28.9,1.4,66.9
20121221155500,0.3,0.0,0.0,0.0,0.5,50.7,1.0,47.5
20121221155600,0.1,0.0,0.0,0.0,0.8,71.9,0.3,27.0
20121221155700,0.1,0.0,0.0,0.0,0.1,65.7,0.3,33.9
20121221155800,0.3,0.0,0.0,0.0,0.7,10.8,1.3,87.0
20121221155900,0.7,0.0,0.0,0.0,0.4,19.5,0.3,79.0
20121221160000,0.1,0.0,0.0,0.0,0.1,10.9,0.3,88.6
20121221160100,0.1,0.0,0.0,0.0,0.1,21.9,0.3,77.6
20121221160200,0.1,0.0,0.0,0.0,0.3,5.3,0.7,93.7
20121221160300,0.1,0.0,0.0,0.0,0.4,13.7,1.1,84.7
20121221160400,0.2,0.0,0.0,0.0,0.3,19.2,1.8,78.5
20121221160500,0.1,0.0,0.0,0.0,0.2,46.0,1.5,52.2
20121221160600,0.1,0.0,0.0,0.0,0.0,17.8,0.4,81.7
20121221160700,0.0,0.0,0.0,0.0,0.0,0.9,0.4,98.7
20121221160800,0.0,0.0,0.0,0.0,0.1,1.3,0.2,98.5
20121221160900,0.6,0.0,0.0,0.0,2.3,47.0,2.5,47.6
20121221161000,0.2,0.0,0.0,0.0,1.0,35.9,0.9,62.0
20121221161100,0.1,0.0,0.0,0.0,0.1,10.6,0.4,88.8
20121221161200,0.1,0.0,0.0,0.0,0.2,61.6,0.4,37.7
20121221161300,0.0,0.0,0.0,0.0,0.5,3.6,1.2,94.7
20121221161400,0.0,0.0,0.0,0.0,0.4,23.2,0.2,76.2
20121221161500,0.1,0.0,0.0,0.0,0.2,30.4,0.6,68.7
20121221161600,0.0,0.0,0.0,0.0,0.1,15.6,0.0,84.3
20121221161700,0.0,0.0,0.0,0.0,0.1,8.6,0.1,91.2
20121221161800,0.0,0.0,0.0,0.0,0.1,21.7,0.3,77.8
20121221161900,0.0,0.0,0.0,0.0,0.0,1.3,1.5,97.2
20121221162000,0.0,0.0,0.0,0.0,0.2,4.0,0.3,95.6
20121221162100,0.0,0.0,0.0,0.0,0.9,10.8,2.2,86.1
20121221162200,0.1,0.0,0.0,0.0,1.2,12.3,0.2,86.3
20121221162300,0.1,0.0,0.0,0.0,1.0,25.3,0.3,73.4
20121221162400,0.0,0.0,0.0,0.0,0.6,38.0,0.8,60.5
20121221162500,0.1,0.0,0.0,0.0,0.5,15.2,0.2,84.1
20121221162600,0.0,0.0,0.0,0.0,0.6,25.4,0.3,73.6
20121221162700,0.2,0.0,0.0,0.0,0.5,16.1,0.3,82.9
20121221162800,0.1,0.0,0.0,0.0,0.3,15.0,0.2,84.4
20121221162900,0.0,0.0,0.0,0.0,1.0,5.4,0.3,93.2
20121221163000,0.0,0.0,0.0,0.0,0.6,92.3,0.1,6.9
20121221163100,0.0,0.0,0.0,0.0,2.6,14.0,0.5,82.8
20121221163200,0.0,0.0,0.0,0.0,0.9,48.7,0.1,50.2
20121221163300,0.1,0.0,0.0,0.0,0.8,13.1,0.6,85.3
20121221163400,0.1,0.0,0.0,0.0,3.8,57.2,1.8,37.1
20121221163500,0.0,0.0,0.0,0.0,2.0,16.4,1.4,80.2
20121221163600,0.0,0.0,0.0,0.0,0.4,23.8,0.5,75.3
20121221163700,0.0,0.0,0.0,0.0,0.0,1.9,0.1,97.9
20121221163800,0.0,0.0,0.0,0.0,2.5,9.7,0.3,87.6
20121221163900,0.0,0.0,0.0,0.0,1.1,26.9,0.3,71.7
20121221164000,0.0,0.0,0.0,0.0,0.3,23.0,0.3,76.4
20121221164100,0.0,0.0,0.0,0.0,1.0,28.9,0.8,69.2
20121221164200,0.0,0.0,0.0,0.0,0.7,3.4,0.1,95.9
20121221164300,0.2,0.0,0.1,0.0,6.4,19.4,0.3,73.6
20121221164400,0.1,0.0,0.0,0.0,1.9,3.5,0.6,93.9
20121221164500,0.1,0.0,0.0,0.0,1.4,14.8,0.1,83.6
20121221164600,0.1,0.0,0.0,0.0,0.5,24.2,0.8,74.3
20121221164700,0.1,0.0,0.0,0.0,14.0,54.0,0.6,31.3
20121221164800,0.1,0.0,0.0,0.0,2.7,46.2,3.7,47.4
20121221164900,0.1,0.0,0.0,0.0,1.8,11.0,0.6,86.5
20121221165000,0.1,0.0,0.0,0.0,2.1,27.9,6.6,63.2
20121221165100,0.1,0.0,0.0,0.0,1.7,21.4,3.7,73.1
20121221165200,0.1,0.0,0.0,0.0,11.2,7.8,3.4,77.4
20121221165300,0.2,0.0,0.0,0.0,5.5,14.8,5.0,74.5
20121221165400,0.0,0.0,0.0,0.0,10.0,12.8,1.9,75.2
20121221165500,0.1,0.0,0.0,0.0,2.7,81.3,2.0,13.8
20121221165600,0.1,0.0,0.0,0.0,2.4,19.6,3.1,74.7
20121221165700,0.0,0.0,0.0,0.0,1.0,18.7,0.4,79.9
20121221165800,0.1,0.0,0.0,0.0,2.7,22.0,0.6,74.5
20121221165900,0.0,0.0,0.0,0.0,3.4,5.7,1.8,89.1
20121221165959,0.1,0.0,0.0,0.0,7.8,3.3,0.9,88.0
20121221170059,0.8,0.0,0.0,0.1,9.0,38.1,10.9,41.1
20121221170159,0.0,0.0,0.0,0.0,0.5,1.6,2.1,95.9
20121221170259,0.5,0.0,0.0,0.0,7.3,54.3,5.2,32.6
20121221170359,0.0,0.0,0.0,0.0,3.8,2.3,1.0,92.8
20121221170459,0.1,0.0,0.0,0.0,0.8,25.0,2.4,71.8
20121221170559,0.1,0.0,0.0,0.0,3.2,0.5,1.3,94.9
20121221170659,0.0,0.0,0.0,0.0,1.1,6.0,0.5,92.4
20121221170759,0.0,0.0,0.0,0.0,0.2,1.2,2.2,96.3
20121221170859,0.0,0.0,0.0,0.0,0.9,0.9,1.3,96.8
20121221170959,0.0,0.0,0.0,0.0,3.4,2.1,3.7,90.9
20121221171059,0.0,0.0,0.0,0.0,1.4,1.5,1.6,95.5
20121221171200,0.0,0.0,0.0,0.0,0.6,13.8,1.0,84.6
20121221171259,0.0,0.0,0.0,0.0,0.8,1.3,0.6,97.3
20121221171359,0.0,0.0,0.0,0.0,0.1,3.2,1.2,95.4
20121221171459,0.0,0.0,0.0,0.0,0.2,5.0,0.4,94.4
20121221171559,0.0,0.0,0.0,0.0,0.2,2.2,0.5,97.1
20121221171659,0.0,0.0,0.0,0.0,0.4,7.4,1.0,91.2
20121221171759,0.0,0.0,0.0,0.0,0.3,2.2,0.6,96.9
20121221171859,0.0,0.0,0.0,0.0,1.0,3.3,0.8,94.8
20121221171959,0.0,0.0,0.0,0.0,0.2,1.8,0.6,97.3
20121221172059,0.0,0.0,0.0,0.0,0.5,4.7,4.0,90.8
20121221172159,0.0,0.0,0.0,0.0,2.1,15.9,1.3,80.7
20121221172259,0.0,0.0,0.0,0.0,1.1,19.4,2.1,77.3
20121221172359,0.0,0.0,0.0,0.0,0.2,0.1,0.1,99.5
20121221172500,0.0,0.0,0.0,0.0,7.3,4.6,1.2,86.9
20121221172559,0.0,0.0,0.0,0.0,0.2,0.6,0.2,99.0
20121221172659,0.0,0.0,0.0,0.0,3.4,4.6,0.5,91.5
20121221172759,0.0,0.0,0.0,0.0,0.3,0.3,0.1,99.2
20121221172859,0.0,0.0,0.0,0.0,0.3,0.2,0.1,99.3
20121221172959,0.0,0.0,0.0,0.0,2.5,3.7,0.3,93.4
20121221173100,0.0,0.0,0.0,0.0,0.4,2.4,0.2,97.1
20121221173159,0.0,0.0,0.0,0.0,0.0,0.1,0.0,99.9
20121221173259,0.0,0.0,0.0,0.0,0.7,1.7,0.3,97.4
20121221173400,0.0,0.0,0.0,0.0,0.1,1.0,0.3,98.7
20121221173459,0.0,0.0,0.0,0.0,0.0,0.3,0.2,99.4
20121221173559,0.0,0.0,0.0,0.0,1.3,5.1,0.9,92.7
20121221173659,0.0,0.0,0.0,0.0,0.0,1.5,0.2,98.3
20121221173759,0.0,0.0,0.0,0.0,0.1,0.7,1.6,97.6
20121221173859,0.0,0.0,0.0,0.0,0.3,3.0,0.9,95.9
20121221173959,0.0,0.0,0.0,0.0,0.1,0.7,0.1,99.1
20121221174100,0.0,0.0,0.0,0.0,1.5,0.7,0.1,97.8
20121221174159,0.0,0.0,0.0,0.0,1.1,0.8,0.2,97.9
20121221174259,0.0,0.0,0.0,0.0,0.2,2.0,0.1,97.7
20121221174359,0.0,0.0,0.0,0.0,0.9,0.5,0.2,98.5
20121221174459,0.0,0.0,0.0,0.0,0.3,1.1,0.4,98.2
20121221174559,0.0,0.0,0.0,0.0,0.5,0.3,0.0,99.2
20121221174659,0.0,0.0,0.0,0.0,0.4,0.2,0.2,99.2
20121221174759,0.0,0.0,0.0,0.0,0.0,0.0,0.0,100.0
20121221174859,0.0,0.0,0.0,0.0,1.4,0.5,0.1,98.0
20121221174959,0.0,0.0,0.0,0.0,0.2,0.0,0.0,99.7
20121221175100,0.0,0.0,0.0,0.0,0.9,3.4,0.0,95.6
20121221175159,0.0,0.0,0.0,0.0,1.0,0.5,0.0,98.5
20121221175259,0.0,0.0,0.0,0.0,1.7,1.2,1.8,95.3
20121221175359,0.0,0.0,0.0,0.0,0.8,0.7,0.1,98.5
20121221175459,0.0,0.0,0.0,0.0,0.3,0.8,0.0,98.9
20121221175559,0.0,0.0,0.0,0.0,0.4,0.1,0.0,99.6
20121221175659,0.0,0.0,0.0,0.0,0.4,0.4,0.1,99.1
20121221175759,0.0,0.0,0.0,0.0,0.6,1.9,0.2,97.2
20121221175900,0.0,0.0,0.0,0.0,0.8,1.0,0.2,98.0
20121221175959,0.0,0.0,0.0,0.0,0.4,0.5,0.1,99.0
20121221180059,0.0,0.0,0.0,0.0,0.1,0.4,0.0,99.5
20121221180159,0.0,0.0,0.0,0.0,0.2,1.0,0.0,98.7
20121221180259,0.0,0.0,0.0,0.0,1.7,0.5,0.1,97.7
20121221180359,0.0,0.0,0.0,0.0,0.4,0.2,0.0,99.3
20121221180459,0.0,0.0,0.0,0.0,0.2,0.2,0.0,99.6
20121221180600,0.0,0.0,0.0,0.0,2.0,1.8,0.0,96.2
20121221180659,0.2,0.0,0.0,0.0,52.3,3.3,0.1,44.1
20121221180759,0.0,0.0,0.0,0.0,4.6,6.6,0.1,88.7
20121221180859,0.0,0.0,0.0,0.0,4.1,1.0,0.0,94.9
20121221180959,0.0,0.0,0.0,0.0,10.5,5.8,0.2,83.5
20121221181059,0.0,0.0,0.0,0.0,8.0,1.3,0.1,90.5
20121221181159,0.0,0.0,0.0,0.1,70.0,2.1,0.1,27.7
20121221181259,0.1,0.0,0.0,0.0,14.6,16.3,0.5,68.4
20121221181359,0.0,0.0,0.0,0.0,4.3,1.0,0.1,94.6
20121221181459,0.0,0.0,0.0,0.0,4.7,0.8,0.7,93.7
20121221181559,0.0,0.0,0.0,0.0,2.0,2.1,0.2,95.6
20121221181659,0.0,0.0,0.0,0.0,1.2,0.2,0.1,98.5
20121221181759,0.0,0.0,0.0,0.0,24.6,3.0,1.1,71.2
20121221181859,0.1,0.0,0.0,0.0,10.3,1.4,1.2,87.1
20121221181959,0.0,0.0,0.0,0.0,13.1,0.7,0.0,86.1
20121221182059,0.0,0.0,0.0,0.0,1.6,0.4,0.1,97.8
20121221182159,0.0,0.0,0.0,0.0,1.2,6.5,0.1,92.2
20121221182259,0.0,0.0,0.0,0.0,1.4,2.5,0.0,96.0
20121221182359,0.0,0.0,0.0,0.0,2.6,3.2,0.7,93.4
20121221182459,0.0,0.0,0.0,0.0,1.1,1.8,0.0,97.1
20121221182559,0.0,0.0,0.0,0.0,0.7,10.1,0.1,89.1
20121221182659,0.0,0.0,0.0,0.0,18.2,3.9,0.0,77.9
20121221182759,0.0,0.0,0.0,0.0,1.3,0.8,0.1,97.8
20121221182859,0.1,0.0,0.0,0.0,12.4,4.3,0.2,83.0
20121221182959,0.0,0.0,0.0,0.0,2.3,2.1,0.2,95.4
20121221183059,0.0,0.0,0.0,0.0,2.7,1.0,0.4,95.9
20121221183159,0.0,0.0,0.0,0.0,0.9,3.0,0.1,96.0
20121221183300,0.0,0.0,0.0,0.0,6.1,0.7,0.1,93.1
20121221183359,0.0,0.0,0.0,0.0,2.1,0.9,0.1,97.0
20121221183459,0.0,0.0,0.0,0.0,1.4,0.5,0.2,97.9
20121221183559,0.0,0.0,0.0,0.0,2.5,1.8,0.3,95.3
20121221183659,0.0,0.0,0.0,0.0,0.5,0.5,0.1,98.9
20121221183759,0.0,0.0,0.0,0.0,0.2,0.5,0.1,99.2
20121221183900,0.0,0.0,0.0,0.0,0.9,1.8,0.2,97.1
20121221183959,0.0,0.0,0.0,0.0,0.9,0.7,0.4,98.0
20121221184100,0.1,0.0,0.0,0.0,1.5,1.2,0.6,96.7
20121221184159,0.1,0.0,0.0,0.0,2.3,1.6,1.2,94.8
20121221184259,0.0,0.0,0.0,0.0,1.5,0.2,0.1,98.2
20121221184359,0.0,0.0,0.0,0.0,1.7,1.3,0.5,96.5
20121221184459,0.0,0.0,0.0,0.0,0.3,0.2,0.2,99.3
20121221184559,0.0,0.0,0.0,0.0,1.3,0.9,0.2,97.6
20121221184659,0.0,0.0,0.0,0.0,5.0,1.9,0.5,92.6
20121221184759,0.1,0.0,0.0,0.0,8.4,2.8,0.6,88.0
20121221184859,0.1,0.0,0.0,0.0,1.6,2.1,0.1,96.2
20121221184959,0.0,0.0,0.0,0.0,3.3,2.8,0.3,93.5
20121221185059,0.0,0.0,0.0,0.0,0.7,0.8,0.1,98.4
20121221185159,0.0,0.0,0.0,0.0,1.0,1.4,0.3,97.4
20121221185259,0.0,0.0,0.0,0.0,1.1,2.6,0.1,96.2
20121221185359,0.0,0.0,0.0,0.0,2.9,0.8,0.0,96.2
20121221185459,0.0,0.0,0.0,0.0,2.3,4.9,0.1,92.6
20121221185559,0.0,0.0,0.0,0.0,0.5,0.6,0.0,98.9
20121221185659,0.0,0.0,0.0,0.0,0.7,5.3,0.0,93.9
20121221185759,0.0,0.0,0.0,0.0,2.7,3.1,0.1,94.1
20121221185859,0.0,0.0,0.0,0.0,1.1,3.8,0.1,95.0
20121221185959,0.0,0.0,0.0,0.0,3.7,1.9,0.4,93.9
20121221190059,0.0,0.0,0.0,0.0,1.5,3.6,0.2,94.7
20121221190159,0.0,0.0,0.0,0.0,0.9,0.3,0.0,98.8
20121221190259,0.0,0.0,0.0,0.0,1.1,0.7,0.1,98.2
20121221190359,0.0,0.0,0.0,0.0,0.2,0.2,0.0,99.6
20121221190500,0.0,0.0,0.0,0.0,1.4,0.9,0.0,97.6
20121221190559,0.0,0.0,0.0,0.0,1.4,1.4,0.0,97.1
20121221190659,0.0,0.0,0.0,0.0,2.5,0.8,0.0,96.7
20121221190759,0.0,0.0,0.0,0.0,1.6,3.0,0.1,95.3
20121221190859,0.0,0.0,0.0,0.0,1.5,2.9,0.1,95.4
20121221190959,0.0,0.0,0.0,0.0,0.4,5.0,0.0,94.6
20121221191059,0.0,0.0,0.0,0.0,0.2,3.1,0.0,96.6
20121221191159,0.0,0.0,0.0,0.0,0.3,4.6,0.0,95.1
20121221191259,0.0,0.0,0.0,0.0,0.4,0.1,0.0,99.5
20121221191359,0.0,0.0,0.0,0.0,0.7,0.3,0.0,99.0
20121221191459,0.0,0.0,0.0,0.0,0.3,1.9,0.0,97.8
20121221191559,0.0,0.0,0.0,0.0,0.6,1.0,0.0,98.3
20121221191659,0.0,0.0,0.0,0.0,0.3,0.7,0.0,99.0
20121221191759,0.0,0.0,0.0,0.0,0.9,0.4,0.1,98.6
20121221191859,0.0,0.0,0.0,0.0,0.1,0.3,0.0,99.6
20121221191959,0.0,0.0,0.0,0.0,5.1,0.2,0.1,94.6
20121221192100,0.0,0.0,0.0,0.0,0.8,0.7,0.0,98.5
20121221192159,0.0,0.0,0.0,0.0,0.6,10.1,0.1,89.3
20121221192259,0.0,0.0,0.0,0.0,0.1,1.3,0.0,98.6
20121221192359,0.0,0.0,0.0,0.0,1.0,5.1,0.0,93.9
20121221192500,0.0,0.0,0.0,0.0,0.5,0.8,0.0,98.6
20121221192559,0.0,0.0,0.0,0.0,1.1,0.8,0.0,98.1
20121221192659,0.0,0.0,0.0,0.0,0.3,0.5,0.0,99.2
20121221192759,0.0,0.0,0.0,0.0,0.6,2.2,0.0,97.1
20121221192859,0.0,0.0,0.0,0.0,0.1,0.5,0.0,99.3
20121221192959,0.0,0.0,0.0,0.0,5.3,2.5,0.0,92.1
20121221193100,0.0,0.0,0.0,0.0,1.3,0.5,0.0,98.2
20121221193159,0.0,0.0,0.0,0.0,1.0,1.7,0.0,97.3
20121221193259,0.0,0.0,0.0,0.0,3.2,1.7,0.1,94.9
20121221193359,0.0,0.0,0.0,0.0,2.7,0.3,0.0,96.9
20121221193459,0.0,0.0,0.0,0.0,0.4,2.0,0.1,97.5
20121221193559,0.0,0.0,0.0,0.0,0.2,0.2,0.0,99.5
20121221193659,0.0,0.0,0.0,0.0,0.4,0.5,0.0,99.1
20121221193759,0.0,0.0,0.0,0.0,0.2,0.2,0.0,99.7
20121221193859,0.0,0.0,0.0,0.0,1.6,0.3,0.0,98.2
20121221193959,0.0,0.0,0.0,0.0,3.8,0.3,0.0,95.9
20121221194100,0.0,0.0,0.0,0.0,0.1,0.1,0.0,99.9
20121221194159,0.0,0.0,0.0,0.0,5.4,0.1,0.2,94.3
20121221194259,0.0,0.0,0.0,0.0,4.0,0.2,0.0,95.8
20121221194359,0.0,0.0,0.0,0.0,1.6,0.2,0.0,98.2
20121221194459,0.0,0.0,0.0,0.0,0.8,0.4,0.0,98.8
20121221194559,0.0,0.0,0.0,0.0,6.9,1.4,0.1,91.6
20121221194659,0.0,0.0,0.0,0.0,3.5,0.3,0.0,96.2
20121221194759,0.0,0.0,0.0,0.0,12.3,0.1,0.0,87.5
20121221194900,0.0,0.0,0.0,0.0,3.1,0.7,0.0,96.1
20121221194959,0.0,0.0,0.0,0.0,2.3,0.1,0.0,97.5
20121221195059,0.0,0.0,0.0,0.0,3.7,0.1,0.0,96.2
20121221195159,0.0,0.0,0.0,0.0,0.5,0.1,0.0,99.4
20121221195259,0.0,0.0,0.0,0.0,7.4,0.1,0.1,92.5
20121221195359,0.0,0.0,0.0,0.0,2.9,0.5,0.1,96.6
20121221195459,0.0,0.0,0.0,0.0,9.6,2.9,0.4,87.1
20121221195559,0.0,0.0,0.0,0.0,0.6,0.9,0.0,98.5
20121221195659,0.0,0.0,0.0,0.0,2.0,0.1,0.0,97.9
20121221195759,0.0,0.0,0.0,0.0,0.4,0.1,0.0,99.5
20121221195859,0.0,0.0,0.0,0.0,1.2,1.2,0.0,97.5
20121221195959,0.0,0.0,0.0,0.0,0.6,0.1,0.0,99.2
20121221200059,0.0,0.0,0.0,0.0,0.2,0.1,0.0,99.7
20121221200159,0.0,0.0,0.0,0.0,1.2,0.1,0.0,98.7
20121221200259,0.0,0.0,0.0,0.0,0.0,0.0,0.0,100.0
20121221200359,0.0,0.0,0.0,0.0,0.4,0.1,0.0,99.5
20121221200459,0.0,0.0,0.0,0.0,1.4,0.7,0.0,97.9
20121221200559,0.0,0.0,0.0,0.0,0.2,1.3,0.0,98.4
20121221200659,0.0,0.0,0.0,0.0,1.8,0.1,0.0,98.1
20121221200759,0.0,0.0,0.0,0.0,0.5,0.7,0.0,98.8
20121221200859,0.0,0.0,0.0,0.0,1.5,0.9,0.0,97.6
20121221200959,0.0,0.0,0.0,0.0,1.6,0.4,0.1,97.9
20121221201059,0.0,0.0,0.0,0.0,1.0,0.4,0.0,98.5
20121221201159,0.0,0.0,0.0,0.0,1.3,0.1,0.0,98.6
20121221201259,0.0,0.0,0.0,0.0,0.2,0.2,0.0,99.6
20121221201359,0.0,0.0,0.0,0.0,4.9,3.6,0.0,91.5
20121221201500,0.0,0.0,0.0,0.0,0.8,0.1,0.0,99.1
20121221201559,0.0,0.0,0.0,0.0,0.7,0.2,0.0,99.1
20121221201659,0.0,0.0,0.0,0.0,1.2,0.2,0.0,98.6
20121221201759,0.0,0.0,0.0,0.0,0.7,0.7,0.0,98.6
20121221201900,0.0,0.0,0.0,0.0,0.0,0.1,0.0,99.9
20121221201959,0.0,0.0,0.0,0.0,0.8,0.1,0.0,99.1
20121221202059,0.0,0.0,0.0,0.0,2.6,2.3,0.0,95.1
20121221202159,0.0,0.0,0.0,0.0,2.1,3.3,0.0,94.6
20121221202259,0.0,0.0,0.0,0.0,1.8,7.5,0.1,90.6
20121221202359,0.0,0.0,0.0,0.0,1.6,0.8,0.0,97.6
20121221202459,0.0,0.0,0.0,0.0,1.6,1.2,0.0,97.2
20121221202559,0.0,0.0,0.0,0.0,9.6,1.3,0.0,89.1
20121221202659,0.0,0.0,0.0,0.0,1.8,0.5,0.0,97.8
20121221202759,0.0,0.0,0.0,0.0,4.5,3.7,0.1,91.7
20121221202859,0.0,0.0,0.0,0.0,7.8,1.7,0.1,90.4
20121221202959,0.0,0.0,0.0,0.0,0.7,0.0,0.0,99.2
20121221203059,0.0,0.0,0.0,0.0,23.7,1.4,0.1,74.9
20121221203159,0.0,0.0,0.0,0.0,4.4,3.5,0.0,92.0
20121221203259,0.0,0.0,0.0,0.0,10.6,25.5,0.1,63.8
20121221203359,0.0,0.0,0.0,0.0,24.1,3.4,0.1,72.4
20121221203459,0.0,0.0,0.0,0.0,21.9,22.1,0.0,55.9
20121221203559,0.0,0.0,0.0,0.0,8.7,6.5,0.1,84.8
20121221203659,0.0,0.0,0.0,0.0,14.3,0.8,0.0,85.0
20121221203759,0.0,0.0,0.0,0.0,0.6,4.0,0.0,95.4
20121221203859,0.0,0.0,0.0,0.0,0.9,0.4,0.0,98.6
20121221203959,0.0,0.0,0.0,0.0,2.5,0.6,0.0,96.8
20121221204059,0.0,0.0,0.0,0.0,2.9,6.6,0.0,90.4
20121221204159,0.0,0.0,0.0,0.0,2.3,3.4,0.0,94.3
20121221204300,0.0,0.0,0.0,0.0,7.9,9.6,0.1,82.5
20121221204400,0.0,0.0,0.0,0.0,10.6,3.0,0.0,86.3
20121221204459,0.0,0.0,0.0,0.0,10.9,0.8,0.0,88.2
20121221204559,0.0,0.0,0.0,0.0,13.2,3.9,0.0,82.9
20121221204659,0.0,0.0,0.0,0.0,8.8,1.4,0.0,89.8
20121221204759,0.0,0.0,0.0,0.0,27.4,10.2,0.0,62.4
20121221204859,0.0,0.0,0.0,0.0,6.6,9.1,0.0,84.3
20121221204959,0.0,0.0,0.0,0.0,12.8,0.8,0.0,86.3
20121221205059,0.0,0.0,0.0,0.0,3.8,1.5,0.0,94.7
20121221205159,0.0,0.0,0.0,0.0,0.9,0.4,0.0,98.6
20121221205300,0.0,0.0,0.0,0.0,69.2,4.4,0.0,26.4
20121221205359,0.0,0.0,0.0,0.0,75.9,10.6,0.1,13.4
20121221205459,0.0,0.0,0.0,0.0,95.2,3.7,0.0,1.1
20121221205559,0.7,0.0,0.0,0.0,98.5,0.3,0.0,0.6
20121221205659,0.2,0.0,0.0,0.0,99.6,0.0,0.0,0.2
20121221205759,0.0,0.0,0.0,0.0,99.8,0.0,0.0,0.2
20121221205859,0.0,0.0,0.0,0.0,19.6,0.2,0.0,80.2
20121221205959,0.0,0.0,0.0,0.0,79.9,0.7,0.0,19.4
20121221210059,0.0,0.0,0.0,0.0,67.3,0.9,0.0,31.7
20121221210159,0.0,0.0,0.0,0.0,1.7,0.1,0.0,98.2
20121221210259,0.0,0.0,0.0,0.0,0.8,0.1,0.0,99.2
20121221210400,0.0,0.0,0.0,0.0,1.3,0.6,0.0,98.0
20121221210459,0.0,0.0,0.0,0.0,1.0,11.3,0.0,87.7
20121221210559,0.0,0.0,0.0,0.0,2.3,1.0,0.0,96.7
20121221210659,0.0,0.0,0.0,0.0,0.5,0.2,0.0,99.3
20121221210759,0.0,0.0,0.0,0.0,2.2,3.3,0.0,94.5
20121221210859,0.0,0.0,0.0,0.0,0.4,9.2,0.0,90.5
20121221210959,0.0,0.0,0.0,0.0,0.1,1.7,0.0,98.2
20121221211100,0.0,0.0,0.0,0.0,0.2,11.2,0.0,88.6
20121221211159,0.0,0.0,0.0,0.0,1.0,8.1,0.0,90.9
20121221211300,0.0,0.0,0.0,0.0,0.8,12.2,0.0,87.0
20121221211359,0.0,0.0,0.0,0.0,3.9,26.8,0.0,69.3
20121221211459,0.0,0.0,0.0,0.0,0.3,16.0,0.1,83.7
20121221211559,0.0,0.0,0.0,0.0,0.8,25.6,0.0,73.6
20121221211659,0.0,0.0,0.0,0.0,0.3,12.7,0.0,87.0
20121221211759,0.0,0.0,0.0,0.0,1.4,24.2,0.0,74.4
20121221211859,0.0,0.0,0.0,0.0,4.1,31.7,0.0,64.3
20121221211959,0.0,0.0,0.0,0.0,91.1,4.1,0.0,4.8
20121221212059,0.9,0.0,0.0,0.0,85.9,11.9,0.0,1.3
20121221212159,3.3,0.0,0.0,0.0,96.5,0.0,0.0,0.1
20121221212259,1.3,0.0,0.0,0.0,83.7,0.1,0.0,14.9
20121221212359,0.2,0.0,0.0,0.0,99.0,0.1,0.0,0.7
20121221212459,2.5,0.1,0.0,0.0,93.3,2.8,0.0,1.3
20121221212559,0.0,0.0,0.0,0.0,90.3,1.9,0.0,7.7
20121221212659,0.0,0.0,0.0,0.0,45.9,27.4,0.1,26.6
20121221212759,0.0,0.0,0.0,0.0,36.2,0.7,0.0,63.1
20121221212859,0.0,0.0,0.0,0.0,27.4,5.8,0.0,66.8
20121221212959,0.0,0.0,0.0,0.0,0.7,1.7,0.0,97.7
20121221213059,0.0,0.0,0.0,0.0,4.9,0.8,0.0,94.2
20121221213159,0.0,0.0,0.0,0.0,3.4,1.6,0.0,94.9
20121221213259,0.0,0.0,0.0,0.0,0.5,0.3,0.0,99.2
20121221213359,0.0,0.0,0.0,0.0,1.4,0.7,0.0,97.9
20121221213459,0.0,0.0,0.0,0.0,23.9,15.0,0.0,61.1
20121221213559,0.0,0.0,0.0,0.0,2.6,4.0,0.0,93.3
20121221213700,0.0,0.0,0.0,0.0,6.2,4.3,0.0,89.5
20121221213759,0.0,0.0,0.0,0.0,6.8,41.9,0.1,51.2
20121221213859,0.0,0.0,0.0,0.0,5.8,28.0,0.4,65.8
20121221213959,0.0,0.0,0.0,0.0,14.6,26.6,0.3,58.5
20121221214059,0.0,0.0,0.0,0.0,14.5,0.5,0.3,84.6
20121221214159,0.0,0.0,0.0,0.0,3.7,69.0,0.3,27.0
20121221214300,0.0,0.0,0.0,0.0,7.3,65.7,0.1,26.8
20121221214359,0.0,0.0,0.0,0.0,11.1,72.1,0.5,16.4
20121221214459,0.0,0.0,0.0,0.0,10.0,25.1,0.0,64.9
20121221214559,0.0,0.0,0.0,0.0,8.5,73.9,0.1,17.5
20121221214659,0.0,0.0,0.0,0.0,18.5,74.1,0.5,6.9
20121221214759,0.0,0.0,0.0,0.0,44.3,30.5,0.5,24.7
20121221214859,0.0,0.0,0.0,0.0,5.4,85.8,0.4,8.4
20121221214959,0.0,0.0,0.0,0.0,16.6,70.2,1.3,11.9
20121221215059,0.0,0.0,0.0,0.0,25.3,68.8,0.8,5.1
20121221215159,0.0,0.0,0.0,0.0,20.2,75.1,0.7,3.9
20121221215259,0.0,0.0,0.0,0.0,9.8,29.5,4.7,56.1
20121221215359,0.0,0.0,0.0,0.0,24.0,32.6,2.2,41.1
20121221215459,0.0,0.0,0.0,0.0,12.7,72.4,1.2,13.7
20121221215559,0.0,0.0,0.0,0.0,49.9,24.2,2.6,23.3
20121221215659,0.0,0.0,0.0,0.0,26.6,29.6,19.8,24.0
20121221215759,0.0,0.0,0.0,0.0,42.3,13.7,13.2,30.8
20121221215859,0.0,0.0,0.0,0.0,29.2,36.9,16.9,17.1
20121221220000,0.0,0.0,0.0,0.0,14.0,81.1,2.9,2.0
20121221220059,0.0,0.0,0.0,0.0,26.6,62.1,3.3,8.1
20121221220159,0.0,0.0,0.0,0.0,7.8,81.4,2.4,8.4
20121221220259,0.0,0.0,0.0,0.0,82.6,14.2,1.1,2.1
20121221220359,0.0,0.0,0.0,0.0,4.3,88.5,0.9,6.3
20121221220459,0.0,0.0,0.0,0.0,8.5,89.0,0.5,2.0
20121221220559,0.0,0.0,0.0,0.0,3.8,84.3,0.3,11.6
20121221220659,0.0,0.0,0.0,0.0,9.7,72.0,4.9,13.5
20121221220759,0.0,0.0,0.0,0.0,4.9,86.2,2.3,6.6
20121221220859,0.0,0.0,0.0,0.0,14.3,46.2,28.0,11.6
20121221220959,0.0,0.0,0.0,0.0,1.1,96.3,1.9,0.7
20121221221100,0.0,0.0,0.0,0.0,6.0,86.2,4.1,3.7
20121221221159,0.0,0.0,0.0,0.0,5.7,93.1,0.7,0.5
20121221221259,0.0,0.0,0.0,0.0,6.5,73.2,14.0,6.4
20121221221359,0.0,0.0,0.0,0.0,39.2,47.9,1.6,11.2
20121221221459,0.0,0.0,0.0,0.0,13.6,78.8,5.3,2.2
20121221221559,0.0,0.0,0.0,0.0,10.4,82.7,0.5,6.4
20121221221659,0.0,0.0,0.0,0.0,5.7,90.4,0.4,3.4
20121221221759,0.0,0.0,0.0,0.0,2.2,95.2,1.7,0.8
20121221221859,0.2,0.0,0.1,0.0,14.9,80.1,3.8,0.8
20121221221959,0.1,0.0,0.0,0.0,13.8,85.0,0.6,0.5
20121221222100,0.0,0.0,0.0,0.0,0.7,88.7,10.0,0.6
20121221222200,0.0,0.0,0.0,0.0,1.3,94.2,4.1,0.4
20121221222259,0.0,0.0,0.0,0.1,19.6,44.5,31.3,4.5
20121221222359,0.0,0.0,0.0,0.0,4.6,0.6,68.7,26.0
20121221222459,0.0,0.0,0.1,0.0,0.5,4.0,74.7,20.6
20121221222559,0.0,0.0,0.0,0.0,0.4,0.4,95.7,3.5
20121221222659,0.0,0.0,0.0,0.1,0.2,0.1,80.3,19.3
20121221222759,0.0,0.0,0.0,0.0,0.0,0.0,99.9,0.0
20121221222859,0.0,0.0,0.0,0.0,0.0,0.0,100.0,0.0
20121221222959,0.0,0.0,0.0,0.0,0.0,0.0,99.9,0.1
20121221223059,0.0,0.0,0.0,0.0,0.0,0.0,100.0,0.0
20121221223159,0.0,0.0,0.0,0.0,0.0,0.0,100.0,0.0
20121221223259,0.0,0.0,0.0,0.0,0.0,0.0,98.3,1.7
20121221223359,0.0,0.0,0.0,0.0,0.0,0.0,99.9,0.1
20121221223459,0.0,0.0,0.0,0.0,0.0,0.0,100.0,0.0
20121221223559,0.0,0.0,0.0,0.0,0.0,0.0,99.9,0.1
20121221223659,0.0,0.0,0.0,0.0,0.0,0.0,99.9,0.1
20121221223759,0.0,0.0,0.0,0.0,0.0,0.0,99.8,0.2
20121221223859,0.0,0.0,0.0,0.0,0.0,0.0,99.9,0.1
20121221223959,0.0,0.0,0.0,0.0,0.0,0.0,99.5,0.5
20121221224100,0.0,0.0,0.0,0.0,0.0,0.0,100.0,0.0
20121221224159,0.0,0.0,0.0,0.0,0.0,0.0,100.0,0.0
20121221224259,0.0,0.0,0.0,0.0,0.0,0.0,100.0,0.0
20121221224359,0.0,0.0,0.0,0.0,0.0,0.0,100.0,0.0
20121221224459,0.0,0.0,0.0,0.0,0.0,0.0,100.0,0.0
20121221224559,0.0,0.0,0.0,0.0,0.0,0.0,100.0,0.0
20121221224659,0.0,0.0,0.0,0.0,0.0,0.0,99.9,0.1
20121221224800,0.0,0.0,0.0,0.0,0.0,0.0,99.7,0.3
20121221224859,0.0,0.0,0.0,0.0,0.0,0.0,99.9,0.1
20121221224959,0.0,0.0,0.0,0.0,0.0,0.0,100.0,0.0
20121221225100,0.0,0.0,0.0,0.0,0.0,0.0,100.0,0.0
20121221225159,0.0,0.0,0.0,0.0,0.0,0.0,100.0,0.0
20121221225259,0.0,0.0,0.0,0.0,0.0,0.0,100.0,0.0
20121221225359,0.0,0.0,0.0,0.0,0.0,0.0,100.0,0.0
20121221225459,0.0,0.0,0.0,0.0,0.0,0.0,100.0,0.0
20121221225559,0.0,0.0,0.0,0.0,0.0,0.0,100.0,0.0
20121221225659,0.0,0.0,0.0,0.0,0.0,0.0,100.0,0.0
20121221225759,0.0,0.0,0.0,0.0,0.0,0.0,100.0,0.0
20121221225859,0.0,0.0,0.0,0.0,0.0,0.0,100.0,0.0
20121221225959,0.0,0.0,0.0,0.0,0.0,0.0,100.0,0.0
20121221230059,0.0,0.0,0.0,0.0,0.0,0.0,100.0,0.0
20121221230159,0.0,0.0,0.0,0.0,0.0,0.0,100.0,0.0
20121221230259,0.0,0.0,0.0,0.0,0.0,0.0,100.0,0.0
20121221230359,0.0,0.0,0.0,0.0,0.0,0.0,100.0,0.0
20121221230459,0.0,0.0,0.0,0.0,0.0,0.0,100.0,0.0
20121221230559,0.0,0.0,0.0,0.0,0.0,0.0,100.0,0.0
20121221230659,0.0,0.0,0.0,0.0,0.0,0.0,100.0,0.0
20121221230759,0.0,0.0,0.0,0.0,0.0,0.0,100.0,0.0
20121221230859,0.0,0.0,0.0,0.0,0.0,0.0,100.0,0.0
20121221230959,0.0,0.0,0.0,0.0,0.0,0.0,100.0,0.0
20121221231059,0.0,0.0,0.0,0.0,0.0,0.0,100.0,0.0
20121221231159,0.0,0.0,0.0,0.0,0.0,0.0,100.0,0.0
20121221231259,0.0,0.0,0.0,0.0,0.0,0.0,100.0,0.0
20121221231359,0.0,0.0,0.0,0.0,0.0,0.0,100.0,0.0
20121221231459,0.0,0.0,0.0,0.0,0.0,0.0,100.0,0.0
20121221231559,0.0,0.0,0.0,0.0,0.0,0.0,100.0,0.0
20121221231659,0.0,0.0,0.0,0.0,0.0,0.0,100.0,0.0
20121221231800,0.0,0.0,0.0,0.0,0.0,0.0,100.0,0.0
20121221231859,0.0,0.0,0.0,0.0,0.0,0.0,100.0,0.0
20121221231959,0.0,0.0,0.0,0.0,0.0,0.0,100.0,0.0
20121221232059,0.0,0.0,0.0,0.0,0.0,0.0,100.0,0.0
20121221232159,0.0,0.0,0.0,0.0,0.0,0.0,100.0,0.0
20121221232259,0.0,0.0,0.0,0.0,0.0,0.0,100.0,0.0
20121221232359,0.0,0.0,0.0,0.0,0.0,0.0,100.0,0.0
20121221232500,0.0,0.0,0.0,0.0,0.0,0.0,100.0,0.0
20121221232559,0.0,0.0,0.0,0.0,0.0,0.0,100.0,0.0
20121221232659,0.0,0.0,0.0,0.0,0.0,0.0,100.0,0.0
20121221232759,0.0,0.0,0.0,0.0,0.0,0.0,100.0,0.0
20121221232859,0.0,0.0,0.0,0.0,0.0,0.0,100.0,0.0
20121221232959,0.0,0.0,0.0,0.0,0.0,0.0,100.0,0.0
20121221233059,0.0,0.0,0.0,0.0,0.0,0.0,100.0,0.0
20121221233159,0.0,0.0,0.0,0.0,0.0,0.0,100.0,0.0
20121221233259,0.0,0.0,0.0,0.0,0.0,0.0,100.0,0.0
20121221233359,0.0,0.0,0.0,0.0,0.0,0.0,100.0,0.0
20121221233459,0.0,0.0,0.0,0.0,0.0,0.0,100.0,0.0
20121221233559,0.0,0.0,0.0,0.0,0.0,0.0,100.0,0.0
20121221233659,0.0,0.0,0.0,0.0,0.0,0.0,100.0,0.0
20121221233759,0.0,0.0,0.0,0.0,0.0,0.0,100.0,0.0
20121221233859,0.0,0.0,0.0,0.0,0.0,0.0,100.0,0.0
20121221234000,0.0,0.0,0.0,0.0,0.0,0.0,100.0,0.0
20121221234059,0.0,0.0,0.0,0.0,0.0,0.0,100.0,0.0
20121221234159,0.0,0.0,0.0,0.0,0.0,0.0,100.0,0.0
20121221234259,0.0,0.0,0.0,0.0,0.0,0.0,100.0,0.0
20121221234359,0.0,0.0,0.0,0.0,0.0,0.0,100.0,0.0
20121221234459,0.0,0.0,0.0,0.0,0.0,0.0,100.0,0.0
20121221234559,0.0,0.0,0.0,0.0,0.0,0.0,100.0,0.0
20121221234659,0.0,0.0,0.0,0.0,0.0,0.0,100.0,0.0
20121221234759,0.0,0.0,0.0,0.0,0.0,0.0,100.0,0.0
20121221234859,0.0,0.0,0.0,0.0,0.0,0.0,100.0,0.0
20121221234959,0.0,0.0,0.0,0.0,0.0,0.0,100.0,0.0
20121221235059,0.0,0.0,0.0,0.0,0.0,0.0,100.0,0.0
20121221235159,0.0,0.0,0.0,0.0,0.0,0.0,100.0,0.0
20121221235259,0.0,0.0,0.0,0.0,0.0,0.0,100.0,0.0
20121221235359,0.0,0.0,0.0,0.0,0.0,0.0,100.0,0.0
20121221235459,0.0,0.0,0.0,0.0,0.0,0.0,100.0,0.0
20121221235559,0.0,0.0,0.0,0.0,0.0,0.0,100.0,0.0
20121221235659,0.0,0.0,0.0,0.0,0.0,0.0,100.0,0.0
20121221235759,0.0,0.0,0.0,0.0,0.0,0.0,100.0,0.0
20121221235859,0.0,0.0,0.0,0.0,0.0,0.0,100.0,0.0
20121221235959,0.0,0.0,0.0,0.0,0.0,0.0,100.0,0.0
20121222000059,0.0,0.0,0.0,0.0,0.0,0.0,100.0,0.0
20121222000159,0.0,0.0,0.0,0.0,0.0,0.0,100.0,0.0
20121222000259,0.0,0.0,0.0,0.0,0.0,0.0,100.0,0.0
20121222000359,0.0,0.0,0.0,0.0,0.0,0.0,100.0,0.0
20121222000459,0.0,0.0,0.0,0.0,0.0,0.0,100.0,0.0
20121222000559,0.0,0.0,0.0,0.0,0.0,0.0,100.0,0.0
20121222000659,0.0,0.0,0.0,0.0,0.0,0.0,100.0,0.0
20121222000759,0.0,0.0,0.0,0.0,0.0,0.0,100.0,0.0
20121222000859,0.0,0.0,0.0,0.0,0.0,0.0,100.0,0.0
20121222001000,0.0,0.0,0.0,0.0,0.0,0.0,100.0,0.0
20121222001059,0.0,0.0,0.0,0.0,0.0,0.0,100.0,0.0
20121222001159,0.0,0.0,0.0,0.0,0.0,0.0,100.0,0.0
20121222001259,0.0,0.0,0.0,0.0,0.0,0.0,100.0,0.0
20121222001359,0.0,0.0,0.0,0.0,0.0,0.0,100.0,0.0
20121222001459,0.0,0.0,0.0,0.0,0.0,0.0,100.0,0.0
20121222001559,0.0,0.0,0.0,0.0,0.0,0.0,100.0,0.0
20121222001659,0.0,0.0,0.0,0.0,0.0,0.0,100.0,0.0
20121222001759,0.0,0.0,0.0,0.0,0.0,0.0,100.0,0.0
20121222001859,0.0,0.0,0.0,0.0,0.0,0.0,100.0,0.0
20121222001959,0.0,0.0,0.0,0.0,0.0,0.0,100.0,0.0
20121222002100,0.0,0.0,0.0,0.0,0.0,0.0,100.0,0.0
20121222002159,0.0,0.0,0.0,0.0,0.0,0.0,100.0,0.0
20121222002259,0.0,0.0,0.0,0.0,0.0,0.0,100.0,0.0
20121222002359,0.0,0.0,0.0,0.0,0.0,0.0,100.0,0.0
20121222002459,0.0,0.0,0.0,0.0,0.0,0.0,100.0,0.0
20121222002559,0.0,0.0,0.0,0.0,0.0,0.0,100.0,0.0
20121222002659,0.0,0.0,0.0,0.0,0.0,0.0,100.0,0.0
20121222002800,0.0,0.0,0.0,0.0,0.0,0.0,100.0,0.0
20121222002859,0.0,0.0,0.0,0.0,0.0,0.0,100.0,0.0
20121222002959,0.0,0.0,0.0,0.0,0.0,0.0,100.0,0.0
20121222003100,0.0,0.0,0.0,0.0,0.0,0.0,100.0,0.0
20121222003159,0.0,0.0,0.0,0.0,0.0,0.0,100.0,0.0
20121222003259,0.0,0.0,0.0,0.0,0.0,0.0,100.0,0.0
20121222003359,0.0,0.0,0.0,0.0,0.0,0.0,100.0,0.0
20121222003459,0.0,0.0,0.0,0.0,0.0,0.0,100.0,0.0
20121222003559,0.0,0.0,0.0,0.0,0.0,0.0,100.0,0.0
20121222003659,0.0,0.0,0.0,0.0,0.0,0.0,100.0,0.0
20121222003759,0.0,0.0,0.0,0.0,0.0,0.0,100.0,0.0
20121222003900,0.0,0.0,0.0,0.0,0.0,0.0,100.0,0.0
20121222004000,0.0,0.0,0.0,0.0,0.0,0.0,100.0,0.0
20121222004059,0.0,0.0,0.0,0.0,0.0,0.0,100.0,0.0
20121222004200,0.0,0.0,0.0,0.0,0.0,0.0,100.0,0.0
20121222004300,0.0,0.0,0.0,0.0,0.0,0.0,100.0,0.0
20121222004400,0.0,0.0,0.0,0.0,0.0,0.0,100.0,0.0
20121222004459,0.0,0.0,0.0,0.0,0.0,0.0,100.0,0.0
20121222004600,0.0,0.0,0.0,0.0,0.0,0.0,100.0,0.0
20121222004659,0.0,0.0,0.0,0.0,0.0,0.0,100.0,0.0
20121222004759,0.0,0.0,0.0,0.0,0.0,0.0,100.0,0.0
20121222004859,0.0,0.0,0.0,0.0,0.0,0.0,100.0,0.0
20121222004959,0.0,0.0,0.0,0.0,0.0,0.0,100.0,0.0
20121222005100,0.0,0.0,0.0,0.0,0.0,0.0,100.0,0.0
20121222005159,0.0,0.0,0.0,0.0,0.0,0.0,100.0,0.0
20121222005300,0.0,0.0,0.0,0.0,0.0,0.0,100.0,0.0
20121222005359,0.0,0.0,0.0,0.0,0.0,0.0,100.0,0.0
20121222005500,0.0,0.0,0.0,0.0,0.0,0.0,100.0,0.0
20121222005559,0.0,0.0,0.0,0.0,0.0,0.0,100.0,0.0
20121222005659,0.0,0.0,0.0,0.0,0.0,0.0,100.0,0.0
20121222005759,0.0,0.0,0.0,0.0,0.0,0.0,100.0,0.0
20121222005900,0.0,0.0,0.0,0.0,0.0,0.0,100.0,0.0
20121222010000,0.0,0.0,0.0,0.0,0.0,0.0,100.0,0.0
20121222010059,0.0,0.0,0.0,0.0,0.0,0.0,100.0,0.0
20121222010159,0.0,0.0,0.0,0.0,0.0,0.0,100.0,0.0
20121222010300,0.0,0.0,0.0,0.0,0.0,0.0,100.0,0.0
20121222010359,0.0,0.0,0.0,0.0,0.0,0.0,100.0,0.0
20121222010500,0.0,0.0,0.0,0.0,0.0,0.0,100.0,0.0
20121222010600,0.0,0.0,0.0,0.0,0.0,0.0,100.0,0.0
20121222010659,0.0,0.0,0.0,0.0,0.0,0.0,100.0,0.0
20121222010759,0.0,0.0,0.0,0.0,0.0,0.0,100.0,0.0
20121222010900,0.0,0.0,0.0,0.0,0.0,0.0,100.0,0.0
20121222010959,0.0,0.0,0.0,0.0,0.0,0.0,100.0,0.0
20121222011059,0.0,0.0,0.0,0.0,0.0,0.0,100.0,0.0
20121222011200,0.0,0.0,0.0,0.0,0.0,0.0,100.0,0.0
20121222011300,0.0,0.0,0.0,0.0,0.0,0.0,100.0,0.0
20121222011359,0.0,0.0,0.0,0.0,0.0,0.0,100.0,0.0
20121222011500,0.0,0.0,0.0,0.0,0.0,0.0,100.0,0.0
20121222011600,0.0,0.0,0.0,0.0,0.0,0.0,100.0,0.0
20121222011659,0.0,0.0,0.0,0.0,0.0,0.0,100.0,0.0
20121222011800,0.0,0.0,0.0,0.0,0.0,0.0,100.0,0.0
20121222011900,0.0,0.0,0.0,0.0,0.0,0.0,100.0,0.0
20121222011959,0.0,0.0,0.0,0.0,0.0,0.0,100.0,0.0
20121222012100,0.0,0.0,0.0,0.0,0.0,0.0,100.0,0.0
20121222012200,0.0,0.0,0.0,0.0,0.0,0.0,100.0,0.0
20121222012259,0.0,0.0,0.0,0.0,0.0,0.0,100.0,0.0
20121222012359,0.0,0.0,0.0,0.0,0.0,0.0,100.0,0.0
20121222012500,0.0,0.0,0.0,0.0,0.0,0.0,100.0,0.0
20121222012600,0.0,0.0,0.0,0.0,0.0,0.0,100.0,0.0
20121222012659,0.0,0.0,0.0,0.0,0.0,0.0,100.0,0.0
20121222012759,0.0,0.0,0.0,0.0,0.0,0.0,100.0,0.0
20121222012859,0.0,0.0,0.0,0.0,0.0,0.0,100.0,0.0
20121222012959,0.0,0.0,0.0,0.0,0.0,0.0,100.0,0.0
20121222013100,0.0,0.0,0.0,0.0,0.0,0.0,100.0,0.0
20121222013159,0.0,0.0,0.0,0.0,0.0,0.0,100.0,0.0
20121222013300,0.0,0.0,0.0,0.0,0.0,0.0,100.0,0.0
20121222013400,0.0,0.0,0.0,0.0,0.0,0.0,100.0,0.0
20121222013459,0.0,0.0,0.0,0.0,0.0,0.0,100.0,0.0
20121222013559,0.0,0.0,0.0,0.0,0.0,0.0,100.0,0.0
20121222013659,0.0,0.0,0.0,0.0,0.0,0.0,100.0,0.0
20121222013800,0.0,0.0,0.0,0.0,0.0,0.0,100.0,0.0
20121222013900,0.0,0.0,0.0,0.0,0.0,0.0,100.0,0.0
20121222013959,0.0,0.0,0.0,0.0,0.0,0.0,100.0,0.0
20121222014100,0.0,0.0,0.0,0.0,0.0,0.0,100.0,0.0
20121222014159,0.0,0.0,0.0,0.0,0.0,0.0,100.0,0.0
20121222014259,0.0,0.0,0.0,0.0,0.0,0.0,100.0,0.0
20121222014400,0.0,0.0,0.0,0.0,0.0,0.0,100.0,0.0
20121222014459,0.0,0.0,0.0,0.0,0.0,0.0,100.0,0.0
20121222014559,0.0,0.0,0.0,0.0,0.0,0.0,100.0,0.0
20121222014700,0.0,0.0,0.0,0.0,0.0,0.0,100.0,0.0
20121222014759,0.0,0.0,0.0,0.0,0.0,0.0,100.0,0.0
20121222014859,0.0,0.0,0.0,0.0,0.0,0.0,100.0,0.0
20121222015000,0.0,0.0,0.0,0.0,0.0,0.0,99.9,0.0
20121222015059,0.0,0.0,0.0,0.0,0.0,0.0,100.0,0.0
20121222015200,0.0,0.0,0.0,0.0,0.0,0.0,100.0,0.0
20121222015259,0.0,0.0,0.0,0.0,0.0,0.0,100.0,0.0
20121222015359,0.0,0.0,0.0,0.0,0.0,0.0,100.0,0.0
20121222015459,0.0,0.0,0.0,0.0,0.0,0.0,100.0,0.0
20121222015559,0.0,0.0,0.0,0.0,0.0,0.0,100.0,0.0
20121222015659,0.0,0.0,0.0,0.0,0.0,0.0,100.0,0.0
20121222015759,0.0,0.0,0.0,0.0,0.0,0.0,100.0,0.0
20121222015859,0.0,0.0,0.0,0.0,0.0,0.0,100.0,0.0
20121222015959,0.0,0.0,0.0,0.0,0.0,0.0,100.0,0.0
20121222020100,0.0,0.0,0.0,0.0,0.0,0.0,100.0,0.0
20121222020159,0.0,0.0,0.0,0.0,0.0,0.0,100.0,0.0
20121222020259,0.0,0.0,0.0,0.0,0.0,0.0,100.0,0.0
20121222020359,0.0,0.0,0.0,0.0,0.0,0.0,100.0,0.0
20121222020500,0.0,0.0,0.0,0.0,0.0,0.0,100.0,0.0
20121222020600,0.0,0.0,0.0,0.0,0.0,0.0,100.0,0.0
20121222020659,0.0,0.0,0.0,0.0,0.0,0.0,100.0,0.0
20121222020800,0.0,0.0,0.0,0.0,0.0,0.0,100.0,0.0
20121222020859,0.0,0.0,0.0,0.0,0.0,0.0,100.0,0.0
20121222020959,0.0,0.0,0.0,0.0,0.0,0.0,100.0,0.0
20121222021100,0.0,0.0,0.0,0.0,0.0,0.0,100.0,0.0
20121222021159,0.0,0.0,0.0,0.0,0.0,0.0,100.0,0.0
20121222021300,0.0,0.0,0.0,0.0,0.0,0.0,100.0,0.0
20121222021400,0.0,0.0,0.0,0.0,0.0,0.0,100.0,0.0
20121222021459,0.0,0.0,0.0,0.0,0.0,0.0,100.0,0.0
20121222021600,0.0,0.0,0.0,0.0,0.0,0.0,100.0,0.0
20121222021659,0.0,0.0,0.0,0.0,0.0,0.0,100.0,0.0
20121222021759,0.0,0.0,0.0,0.0,0.0,0.0,99.9,0.0
20121222021900,0.0,0.0,0.0,0.0,0.0,0.0,100.0,0.0
20121222021959,0.0,0.0,0.0,0.0,0.0,0.0,100.0,0.0
20121222022100,0.0,0.0,0.0,0.0,0.0,0.0,99.9,0.1
20121222022159,0.0,0.0,0.0,0.0,0.0,0.0,99.9,0.0
20121222022259,0.0,0.0,0.0,0.1,0.0,0.0,99.8,0.1
20121222022359,0.0,0.0,0.0,0.0,0.0,0.0,100.0,0.0
20121222022500,0.0,0.0,0.0,0.0,0.0,0.0,100.0,0.0
20121222022559,0.0,0.0,0.0,0.0,0.0,0.0,99.9,0.1
20121222022700,0.0,0.0,0.0,0.0,0.0,0.0,100.0,0.0
20121222022759,0.0,0.0,0.0,0.0,0.0,0.0,100.0,0.0
20121222022900,0.0,0.0,0.0,0.0,0.0,0.0,100.0,0.0
20121222022959,0.0,0.0,0.0,0.0,0.0,0.0,100.0,0.0
20121222023059,0.0,0.0,0.0,0.0,0.0,0.0,100.0,0.0
20121222023159,0.0,0.0,0.0,0.0,0.0,0.0,100.0,0.0
20121222023259,0.0,0.0,0.0,0.0,0.0,0.0,100.0,0.0
20121222023400,0.0,0.0,0.0,0.0,0.0,0.0,100.0,0.0
20121222023500,0.0,0.0,0.0,0.0,0.0,0.0,100.0,0.0
20121222023600,0.0,0.0,0.0,0.0,0.0,0.0,100.0,0.0
20121222023700,0.0,0.0,0.0,0.0,0.0,0.0,100.0,0.0
20121222023759,0.0,0.0,0.0,0.0,0.0,0.0,100.0,0.0
20121222023900,0.0,0.0,0.0,0.0,0.0,0.0,99.9,0.0
20121222023959,0.0,0.0,0.0,0.0,0.0,0.0,100.0,0.0
20121222024100,0.0,0.0,0.0,0.0,0.0,0.0,100.0,0.0
20121222024159,0.0,0.0,0.0,0.0,0.0,0.0,99.9,0.1
20121222024259,0.0,0.0,0.0,0.0,0.0,0.0,100.0,0.0
20121222024359,0.0,0.0,0.0,0.0,0.0,0.0,100.0,0.0
20121222024500,0.0,0.0,0.0,0.0,0.0,0.0,99.9,0.1
20121222024559,0.0,0.0,0.0,0.0,0.0,0.0,100.0,0.0
20121222024659,0.0,0.0,0.0,0.0,0.0,0.0,100.0,0.0
20121222024759,0.0,0.0,0.0,0.0,0.0,0.0,100.0,0.0
20121222024859,0.0,0.0,0.0,0.0,0.0,0.0,100.0,0.0
20121222024959,0.0,0.0,0.0,0.0,0.0,0.0,100.0,0.0
20121222025059,0.0,0.0,0.0,0.0,0.0,0.0,99.9,0.1
20121222025159,0.0,0.0,0.0,0.0,0.0,0.0,100.0,0.0
20121222025300,0.0,0.0,0.0,0.0,0.0,0.0,100.0,0.0
20121222025359,0.0,0.0,0.0,0.0,0.0,0.0,100.0,0.0
20121222025500,0.0,0.0,0.0,0.0,0.0,0.0,100.0,0.0
20121222025559,0.0,0.0,0.0,0.0,0.0,0.0,100.0,0.0
20121222025659,0.0,0.0,0.0,0.0,0.0,0.0,100.0,0.0
20121222025800,0.0,0.0,0.0,0.0,0.0,0.0,100.0,0.0
20121222025859,0.0,0.0,0.0,0.0,0.0,0.0,99.9,0.1
20121222025959,0.0,0.0,0.0,0.0,0.0,0.0,99.9,0.1
20121222030100,0.0,0.0,0.0,0.0,0.0,0.0,99.9,0.1
