UT,arc,discrete,diffuse,ac,ab,clear,cloudy,dd
20120201145900,0.0,0.0,0.0,0.0,0.0,0.0,0.0,100.0
20120201150000,0.0,0.0,0.0,0.0,0.0,0.0,0.0,100.0
20120201150100,0.0,0.0,0.0,0.0,0.0,0.0,0.0,100.0
20120201150200,0.0,0.0,0.0,0.0,0.0,0.0,0.0,100.0
20120201150300,0.0,0.0,0.0,0.0,0.0,0.0,0.0,100.0
20120201150400,0.0,0.0,0.0,0.0,0.0,0.0,0.0,100.0
20120201150500,0.0,0.0,0.0,0.0,0.0,0.0,0.0,100.0
20120201150600,0.0,0.0,0.0,0.0,0.0,0.0,0.0,100.0
20120201150700,0.0,0.0,0.0,0.0,0.0,0.0,0.0,100.0
20120201150800,0.0,0.0,0.0,0.0,0.0,0.0,0.0,100.0
20120201150900,0.0,0.0,0.0,0.0,0.0,0.0,0.0,100.0
20120201151000,0.0,0.0,0.0,0.0,0.0,0.0,0.0,100.0
20120201151100,0.0,0.0,0.0,0.0,0.0,0.0,0.0,100.0
20120201151200,0.0,0.0,0.0,0.0,0.0,0.0,0.0,100.0
20120201151300,0.0,0.0,0.0,0.0,0.0,0.0,0.0,100.0
20120201151400,0.0,0.0,0.0,0.0,0.0,0.0,0.0,100.0
20120201151500,0.0,0.0,0.0,0.0,0.0,0.0,0.0,100.0
20120201151600,0.0,0.0,0.0,0.0,0.0,0.0,0.0,100.0
20120201151700,0.0,0.0,0.0,0.0,0.0,0.0,0.0,100.0
20120201151800,0.0,0.0,0.0,0.0,0.0,0.0,0.0,100.0
20120201151900,0.0,0.0,0.0,0.0,0.0,0.0,0.0,100.0
20120201152000,0.0,0.0,0.0,0.0,0.0,0.0,0.0,100.0
20120201152100,0.0,0.0,0.0,0.0,0.0,0.0,0.0,100.0
20120201152200,0.0,0.0,0.0,0.0,0.0,0.0,0.0,100.0
20120201152300,0.0,0.0,0.0,0.0,0.0,0.0,0.0,100.0
20120201152400,0.0,0.0,0.0,0.0,0.0,0.0,0.0,100.0
20120201152500,0.0,0.0,0.0,0.0,0.0,0.0,0.0,100.0
20120201152600,0.0,0.0,0.0,0.0,0.0,0.0,0.0,100.0
20120201152700,0.0,0.0,0.0,0.0,0.0,0.0,0.0,100.0
20120201152800,0.0,0.0,0.0,0.0,0.0,0.0,0.0,100.0
20120201152900,0.0,0.0,0.0,0.0,0.0,0.0,0.0,100.0
20120201153000,0.0,0.0,0.0,0.0,0.0,0.0,0.0,100.0
20120201153100,0.0,0.0,0.0,0.0,0.0,0.0,0.0,100.0
20120201153200,0.0,0.0,0.0,0.0,0.0,0.0,0.0,100.0
20120201153300,0.0,0.0,0.0,0.0,0.0,0.0,0.0,100.0
20120201153400,0.0,0.0,0.0,0.0,0.0,0.0,0.0,100.0
20120201153500,0.0,0.0,0.0,0.0,0.0,0.0,0.0,100.0
20120201153600,0.0,0.0,0.0,0.0,0.0,0.0,0.0,100.0
20120201153700,0.0,0.0,0.0,0.0,0.0,0.0,0.0,100.0
20120201153800,0.0,0.0,0.0,0.0,0.0,0.0,0.0,100.0
20120201153900,0.0,0.0,0.0,0.0,0.0,0.0,0.0,100.0
20120201154000,0.0,0.0,0.0,0.0,0.0,0.0,0.0,100.0
20120201154100,0.0,0.0,0.0,0.0,0.0,0.0,0.0,100.0
20120201154200,0.0,0.0,0.0,0.0,0.0,0.0,0.0,100.0
20120201154300,0.0,0.0,0.0,0.0,0.0,0.0,0.0,100.0
20120201154400,0.0,0.0,0.0,0.0,0.0,0.0,0.0,100.0
20120201154500,0.0,0.0,0.0,0.0,0.0,0.0,0.0,100.0
20120201154600,0.0,0.0,0.0,0.0,0.0,0.0,0.0,100.0
20120201154700,0.0,0.0,0.0,0.0,0.0,0.0,0.0,100.0
20120201154800,0.0,0.0,0.0,0.0,0.0,0.0,0.1,99.9
20120201154900,0.0,0.0,0.0,0.0,0.0,0.0,0.0,100.0
20120201155000,0.0,0.0,0.0,0.0,0.0,0.0,0.2,99.8
20120201155100,0.0,0.0,0.0,0.0,0.0,0.0,0.1,99.9
20120201155200,0.0,0.0,0.0,0.0,0.0,0.0,1.8,98.2
20120201155300,0.0,0.0,0.0,0.0,0.0,0.0,1.5,98.4
20120201155400,0.0,0.0,0.0,0.0,0.0,0.0,7.9,92.1
20120201155500,0.0,0.0,0.0,0.0,0.0,0.0,26.2,73.7
20120201155600,0.0,0.0,0.0,0.0,0.0,0.0,21.3,78.7
20120201155700,0.0,0.0,0.0,0.0,0.0,0.0,67.5,32.4
20120201155800,0.0,0.0,0.0,0.0,0.0,0.0,96.3,3.7
20120201155900,0.0,0.0,0.0,0.0,0.0,0.0,97.1,2.9
20120201160000,0.0,0.0,0.0,0.0,0.0,0.0,99.2,0.8
20120201160100,0.0,0.0,0.0,0.0,0.0,0.0,99.9,0.1
20120201160200,0.0,0.0,0.0,0.0,0.0,0.0,100.0,0.0
20120201160300,0.0,0.0,0.0,0.0,0.0,0.0,100.0,0.0
20120201160400,0.0,0.0,0.0,0.0,0.0,0.0,100.0,0.0
20120201160500,0.0,0.0,0.0,0.0,0.0,0.0,100.0,0.0
20120201160600,0.0,0.0,0.0,0.0,0.0,0.0,100.0,0.0
20120201160700,0.0,0.0,0.0,0.0,0.0,0.0,100.0,0.0
20120201160800,0.0,0.0,0.0,0.0,0.0,0.0,99.9,0.1
20120201160900,0.0,0.0,0.0,0.0,0.0,0.0,99.9,0.0
20120201161000,0.0,0.0,0.0,0.0,0.0,0.0,100.0,0.0
20120201161100,0.0,0.0,0.0,0.0,0.0,0.0,100.0,0.0
20120201161200,0.0,0.0,0.0,0.0,0.0,0.0,100.0,0.0
20120201161300,0.0,0.0,0.0,0.0,0.0,0.0,100.0,0.0
20120201161400,0.0,0.0,0.0,0.0,0.0,0.0,100.0,0.0
20120201161500,0.0,0.0,0.0,0.0,0.0,0.0,99.4,0.6
20120201161600,0.0,0.0,0.0,0.0,0.0,0.0,97.5,2.5
20120201161700,0.0,0.0,0.0,0.0,0.0,0.0,98.7,1.3
20120201161800,0.0,0.0,0.0,0.0,0.0,0.0,95.6,4.4
20120201161900,0.0,0.0,0.0,0.0,0.0,0.0,23.3,76.7
20120201162000,0.0,0.0,0.0,0.0,0.0,0.0,40.4,59.6
20120201162100,0.0,0.0,0.0,0.0,0.0,0.0,21.3,78.7
20120201162200,0.0,0.0,0.0,0.0,0.0,0.0,8.0,92.0
20120201162300,0.0,0.0,0.0,0.0,0.0,0.0,4.4,95.6
20120201162400,0.0,0.0,0.0,0.0,0.0,0.0,26.3,73.6
20120201162500,0.0,0.0,0.0,0.0,0.0,0.0,27.2,72.7
20120201162600,0.0,0.0,0.0,0.0,0.0,0.0,75.4,24.6
20120201162700,0.0,0.0,0.0,0.0,0.1,0.0,17.6,82.3
20120201162800,0.0,0.0,0.0,0.0,0.0,0.0,5.6,94.4
20120201162900,0.0,0.0,0.0,0.0,0.0,0.0,2.1,97.9
20120201163000,0.0,0.0,0.0,0.0,0.0,0.0,40.0,60.0
20120201163100,0.0,0.0,0.0,0.0,0.1,0.0,3.6,96.2
20120201163200,0.0,0.0,0.0,0.0,0.0,0.0,3.1,96.9
20120201163300,0.0,0.0,0.0,0.0,0.1,0.0,20.6,79.3
20120201163400,0.0,0.0,0.0,0.0,0.0,0.0,18.6,81.4
20120201163500,0.0,0.0,0.0,0.0,0.0,0.0,10.5,89.5
20120201163600,0.0,0.0,0.0,0.0,0.1,0.0,6.7,93.2
20120201163700,0.0,0.0,0.0,0.0,0.0,0.0,2.3,97.6
20120201163800,0.0,0.0,0.0,0.0,0.0,0.0,1.0,99.0
20120201163900,0.0,0.0,0.0,0.0,0.0,0.0,5.2,94.8
20120201164000,0.0,0.0,0.0,0.0,0.0,0.0,5.9,94.1
20120201164100,0.0,0.0,0.0,0.0,0.0,0.0,4.5,95.4
20120201164200,0.0,0.0,0.0,0.0,0.0,0.0,0.8,99.2
20120201164300,0.0,0.0,0.0,0.0,0.1,0.0,3.1,96.8
20120201164400,0.0,0.0,0.0,0.0,0.2,0.0,6.2,93.6
20120201164500,0.0,0.0,0.0,0.0,0.2,0.0,14.4,85.4
20120201164600,0.0,0.0,0.0,0.0,0.0,0.0,5.4,94.6
20120201164700,0.0,0.0,0.0,0.0,0.2,0.0,21.9,77.8
20120201164800,0.0,0.0,0.0,0.0,0.0,0.0,13.6,86.3
20120201164900,0.0,0.0,0.0,0.0,0.0,0.0,22.3,77.7
20120201165000,0.0,0.0,0.0,0.0,0.0,0.0,23.6,76.4
20120201165100,0.0,0.0,0.0,0.0,0.2,0.0,36.5,63.3
20120201165200,0.0,0.0,0.0,0.0,0.1,0.0,79.8,20.1
20120201165300,0.0,0.0,0.0,0.0,0.1,0.0,68.9,31.0
20120201165400,0.0,0.0,0.0,0.0,0.0,0.0,34.9,65.0
20120201165500,0.0,0.0,0.0,0.0,0.0,0.0,39.3,60.7
20120201165600,0.0,0.0,0.0,0.0,0.0,0.0,67.3,32.6
20120201165700,0.0,0.0,0.0,0.0,0.0,0.0,59.9,40.0
20120201165800,0.0,0.0,0.0,0.0,0.1,0.0,47.1,52.8
20120201165900,0.0,0.0,0.0,0.0,0.2,0.0,45.5,54.3
20120201170000,0.0,0.0,0.0,0.0,0.3,0.0,42.2,57.4
20120201170100,0.0,0.0,0.0,0.0,0.2,0.0,16.6,83.2
20120201170200,0.0,0.0,0.0,0.0,0.1,0.0,44.4,55.5
20120201170300,0.0,0.0,0.0,0.0,0.2,0.0,25.4,74.3
20120201170400,0.0,0.0,0.0,0.0,0.1,0.0,67.6,32.3
20120201170500,0.0,0.0,0.0,0.0,0.2,0.0,21.4,78.4
20120201170600,0.0,0.0,0.0,0.0,0.1,0.0,12.1,87.8
20120201170700,0.0,0.0,0.0,0.0,0.4,0.0,10.3,89.3
20120201170800,0.0,0.0,0.0,0.0,0.3,0.0,70.3,29.3
20120201170900,0.0,0.0,0.0,0.0,0.4,0.0,32.1,67.5
20120201171000,0.0,0.0,0.0,0.0,0.1,0.0,20.2,79.7
20120201171100,0.0,0.0,0.0,0.0,0.0,0.0,65.0,34.9
20120201171200,0.0,0.0,0.0,0.0,0.1,0.0,49.3,50.6
20120201171300,0.0,0.0,0.0,0.0,0.1,0.0,12.2,87.7
20120201171400,0.0,0.0,0.0,0.0,0.2,0.0,34.5,65.3
20120201171500,0.0,0.0,0.0,0.0,0.5,0.0,40.2,59.3
20120201171600,0.0,0.0,0.0,0.0,1.0,0.0,48.8,50.2
20120201171700,0.0,0.0,0.0,0.0,1.4,0.0,64.8,33.8
20120201171800,0.0,0.0,0.0,0.0,1.4,0.0,75.1,23.4
20120201171900,0.0,0.0,0.0,0.0,0.5,0.0,36.4,63.1
20120201172000,0.0,0.0,0.0,0.0,0.2,0.0,25.8,74.0
20120201172100,0.0,0.0,0.0,0.0,0.1,0.0,5.9,93.9
20120201172200,0.0,0.0,0.0,0.0,0.5,0.0,36.1,63.4
20120201172300,0.0,0.0,0.0,0.0,1.2,0.0,24.6,74.2
20120201172400,0.0,0.0,0.0,0.0,0.5,0.0,7.0,92.6
20120201172500,0.0,0.0,0.0,0.0,0.5,0.0,2.2,97.3
20120201172600,0.0,0.0,0.0,0.0,1.4,0.0,4.6,93.9
20120201172700,0.0,0.0,0.0,0.0,1.5,0.0,29.4,69.1
20120201172800,0.0,0.0,0.0,0.0,1.6,0.0,50.6,47.8
20120201172900,0.0,0.0,0.0,0.0,1.0,0.0,32.0,67.1
20120201173000,0.0,0.0,0.0,0.0,0.7,0.0,53.5,45.8
20120201173100,0.0,0.0,0.0,0.0,1.0,0.0,14.4,84.6
20120201173200,0.0,0.0,0.0,0.0,0.4,0.0,5.3,94.2
20120201173300,0.0,0.0,0.0,0.0,0.3,0.0,40.5,59.1
20120201173400,0.0,0.0,0.0,0.0,1.7,0.0,30.4,67.9
20120201173500,0.0,0.0,0.1,0.0,2.9,0.0,28.9,68.1
20120201173600,0.0,0.0,0.0,0.0,1.6,0.0,9.6,88.8
20120201173700,0.0,0.0,0.0,0.0,0.5,0.0,3.2,96.3
20120201173800,0.0,0.0,0.0,0.0,1.2,0.0,2.7,96.1
20120201173900,0.0,0.0,0.0,0.0,0.6,0.0,9.4,90.0
20120201174000,0.0,0.0,0.0,0.0,0.6,0.0,25.5,73.9
20120201174100,0.0,0.0,0.0,0.0,0.3,0.0,6.3,93.4
20120201174200,0.0,0.0,0.0,0.0,1.2,0.0,2.1,96.7
20120201174300,0.0,0.0,0.0,0.0,2.3,0.0,21.4,76.2
20120201174400,0.0,0.0,0.0,0.0,0.1,0.0,3.0,96.9
20120201174500,0.0,0.0,0.0,0.0,0.2,0.0,9.0,90.8
20120201174600,0.0,0.0,0.0,0.0,0.1,0.0,6.9,93.0
20120201174700,0.0,0.0,0.0,0.0,0.2,0.0,14.9,84.9
20120201174800,0.0,0.0,0.0,0.0,0.4,0.0,9.6,90.1
20120201174900,0.0,0.0,0.0,0.0,0.1,0.0,4.2,95.7
20120201175000,0.0,0.0,0.0,0.0,0.1,0.0,41.3,58.7
20120201175100,0.0,0.0,0.0,0.0,0.0,0.0,3.5,96.4
20120201175200,0.0,0.0,0.0,0.0,0.0,0.0,7.5,92.5
20120201175300,0.0,0.0,0.0,0.0,0.1,0.0,12.2,87.7
20120201175400,0.0,0.0,0.0,0.0,0.1,0.0,37.6,62.4
20120201175500,0.0,0.0,0.0,0.0,0.1,0.0,54.8,45.1
20120201175600,0.0,0.0,0.0,0.0,0.0,0.0,9.7,90.3
20120201175700,0.0,0.0,0.0,0.0,0.1,0.0,56.1,43.8
20120201175800,0.0,0.0,0.0,0.0,0.0,0.0,76.7,23.2
20120201175900,0.0,0.0,0.0,0.0,0.0,0.0,92.3,7.7
20120201180000,0.0,0.0,0.0,0.0,0.0,0.0,56.1,43.9
20120201180100,0.0,0.0,0.0,0.0,0.0,0.0,42.6,57.3
20120201180200,0.0,0.0,0.0,0.0,0.1,0.0,61.6,38.3
20120201180300,0.0,0.0,0.0,0.0,0.0,0.0,78.1,21.9
20120201180400,0.0,0.0,0.0,0.0,0.1,0.0,80.3,19.6
20120201180500,0.0,0.0,0.0,0.0,0.3,0.0,34.6,65.1
20120201180600,0.0,0.0,0.0,0.0,0.2,0.0,22.1,77.7
20120201180700,0.0,0.0,0.0,0.0,0.1,0.0,17.7,82.1
20120201180800,0.0,0.0,0.0,0.0,0.1,0.0,41.4,58.5
20120201180900,0.0,0.0,0.0,0.0,0.8,0.0,33.4,65.8
20120201181000,0.0,0.0,0.0,0.0,0.4,0.0,63.5,36.1
20120201181100,0.0,0.0,0.0,0.0,0.1,0.0,11.4,88.5
20120201181200,0.0,0.0,0.0,0.0,0.0,0.0,33.1,66.9
20120201181300,0.0,0.0,0.0,0.0,0.1,0.0,3.9,96.0
20120201181400,0.0,0.0,0.0,0.0,0.2,0.0,70.6,29.2
20120201181500,0.0,0.0,0.0,0.0,0.5,0.0,52.1,47.4
20120201181600,0.0,0.0,0.0,0.0,0.2,0.0,37.0,62.8
20120201181700,0.0,0.0,0.0,0.0,0.1,0.0,35.4,64.5
20120201181800,0.0,0.0,0.0,0.0,0.0,0.0,7.6,92.3
20120201181900,0.0,0.0,0.0,0.0,0.9,0.0,35.2,63.9
20120201182000,0.0,0.0,0.0,0.0,0.1,0.0,76.3,23.5
20120201182100,0.0,0.0,0.0,0.1,0.3,0.0,85.2,14.3
20120201182200,0.0,0.0,0.0,0.0,0.1,0.0,90.4,9.5
20120201182300,0.0,0.0,0.0,0.0,0.4,0.0,60.2,39.4
20120201182400,0.0,0.0,0.0,0.0,0.5,0.0,71.9,27.5
20120201182500,0.0,0.0,0.0,0.0,0.1,0.0,97.0,2.9
20120201182600,0.0,0.0,0.0,0.0,0.0,0.0,95.4,4.6
20120201182700,0.0,0.0,0.0,0.0,0.0,0.0,97.3,2.7
20120201182800,0.0,0.0,0.0,0.0,0.0,0.0,100.0,0.0
20120201182900,0.0,0.0,0.0,0.0,0.0,0.0,99.9,0.1
20120201183000,0.0,0.0,0.0,0.0,0.0,0.0,99.9,0.1
20120201183100,0.0,0.0,0.0,0.0,0.0,0.0,100.0,0.0
20120201183200,0.0,0.0,0.0,0.0,0.0,0.0,99.9,0.1
20120201183300,0.0,0.0,0.0,0.0,0.0,0.0,100.0,0.0
20120201183400,0.0,0.0,0.0,0.0,0.0,0.0,100.0,0.0
20120201183500,0.0,0.0,0.0,0.0,0.0,0.0,100.0,0.0
20120201183600,0.0,0.0,0.0,0.0,0.0,0.0,100.0,0.0
20120201183700,0.0,0.0,0.0,0.0,0.0,0.0,100.0,0.0
20120201183800,0.0,0.0,0.0,0.0,0.0,0.0,100.0,0.0
20120201183900,0.0,0.0,0.0,0.0,0.0,0.0,99.9,0.1
20120201184000,0.0,0.0,0.0,0.0,0.0,0.0,100.0,0.0
20120201184100,0.0,0.0,0.0,0.0,0.0,0.0,100.0,0.0
20120201184200,0.0,0.0,0.0,0.0,0.0,0.0,100.0,0.0
20120201184300,0.0,0.0,0.0,0.0,0.0,0.0,100.0,0.0
20120201184400,0.0,0.0,0.0,0.0,0.0,0.0,100.0,0.0
20120201184500,0.0,0.0,0.0,0.0,0.0,0.0,100.0,0.0
20120201184600,0.0,0.0,0.0,0.0,0.0,0.0,100.0,0.0
20120201184700,0.0,0.0,0.0,0.0,0.0,0.0,100.0,0.0
20120201184800,0.0,0.0,0.0,0.0,0.0,0.0,100.0,0.0
20120201184900,0.0,0.0,0.0,0.0,0.0,0.0,100.0,0.0
20120201185000,0.0,0.0,0.0,0.0,0.0,0.0,100.0,0.0
20120201185100,0.0,0.0,0.0,0.0,0.0,0.0,100.0,0.0
20120201185200,0.0,0.0,0.0,0.0,0.0,0.0,100.0,0.0
20120201185300,0.0,0.0,0.0,0.0,0.0,0.0,100.0,0.0
20120201185400,0.0,0.0,0.0,0.0,0.0,0.0,100.0,0.0
20120201185500,0.0,0.0,0.0,0.0,0.0,0.0,100.0,0.0
20120201185600,0.0,0.0,0.0,0.0,0.0,0.0,100.0,0.0
20120201185700,0.0,0.0,0.0,0.0,0.0,0.0,100.0,0.0
20120201185800,0.0,0.0,0.0,0.0,0.0,0.0,100.0,0.0
20120201185900,0.0,0.0,0.0,0.0,0.0,0.0,100.0,0.0
20120201190000,0.0,0.0,0.0,0.0,0.0,0.0,100.0,0.0
20120201190100,0.0,0.0,0.0,0.0,0.0,0.0,100.0,0.0
20120201190200,0.0,0.0,0.0,0.0,0.0,0.0,100.0,0.0
20120201190300,0.0,0.0,0.0,0.0,0.0,0.0,100.0,0.0
20120201190400,0.0,0.0,0.0,0.0,0.0,0.0,100.0,0.0
20120201190500,0.0,0.0,0.0,0.0,0.0,0.0,100.0,0.0
20120201190600,0.0,0.0,0.0,0.0,0.0,0.0,100.0,0.0
20120201190700,0.0,0.0,0.0,0.0,0.0,0.0,100.0,0.0
20120201190800,0.0,0.0,0.0,0.0,0.0,0.0,100.0,0.0
20120201190900,0.0,0.0,0.0,0.0,0.0,0.0,100.0,0.0
20120201191000,0.0,0.0,0.0,0.0,0.0,0.0,100.0,0.0
20120201191100,0.0,0.0,0.0,0.0,0.0,0.0,100.0,0.0
20120201191200,0.0,0.0,0.0,0.0,0.0,0.0,100.0,0.0
20120201191300,0.0,0.0,0.0,0.0,0.0,0.0,100.0,0.0
20120201191400,0.0,0.0,0.0,0.1,0.0,0.0,99.9,0.0
20120201191500,0.0,0.0,0.0,0.3,0.1,0.0,99.6,0.0
20120201191600,0.0,0.0,0.0,0.0,0.0,0.0,99.9,0.0
20120201191700,0.0,0.0,0.0,0.1,0.0,0.0,99.9,0.0
20120201191800,0.0,0.0,0.0,0.2,0.4,0.0,99.5,0.0
20120201191900,0.0,0.0,0.0,0.0,0.0,0.0,100.0,0.0
20120201192000,0.0,0.0,0.0,0.1,0.0,0.0,99.9,0.0
20120201192100,0.0,0.0,0.0,0.0,0.0,0.0,100.0,0.0
20120201192200,0.0,0.0,0.0,0.0,0.0,0.0,100.0,0.0
20120201192300,0.0,0.0,0.0,0.0,0.0,0.0,100.0,0.0
20120201192400,0.0,0.0,0.0,0.0,0.0,0.0,99.9,0.0
20120201192500,0.0,0.0,0.0,0.0,0.0,0.0,100.0,0.0
20120201192600,0.0,0.0,0.0,0.0,0.0,0.0,99.9,0.0
20120201192700,0.0,0.0,0.0,0.0,0.1,0.0,99.8,0.1
20120201192800,0.0,0.0,0.0,0.0,0.2,0.0,99.8,0.0
20120201192900,0.0,0.0,0.0,0.0,0.1,0.0,99.8,0.0
20120201193000,0.0,0.0,0.0,0.0,0.0,0.0,100.0,0.0
20120201193100,0.0,0.0,0.0,0.0,0.0,0.0,100.0,0.0
20120201193200,0.0,0.0,0.0,0.0,1.2,0.0,98.7,0.1
20120201193300,0.0,0.0,0.0,0.0,0.9,0.0,99.1,0.0
20120201193400,0.0,0.0,0.0,0.0,0.4,0.0,99.5,0.1
20120201193500,0.0,0.0,0.0,0.0,1.3,0.0,98.7,0.1
20120201193600,0.0,0.0,0.0,0.0,0.6,0.0,99.2,0.1
20120201193700,0.0,0.0,0.0,0.0,5.9,0.0,90.6,3.5
20120201193800,0.0,0.0,0.0,0.0,0.2,0.0,88.5,11.3
20120201193900,0.0,0.0,0.0,0.0,0.1,0.0,96.9,3.1
20120201194000,0.0,0.0,0.0,0.0,0.1,0.0,92.4,7.4
20120201194100,0.0,0.0,0.0,0.0,2.3,0.0,24.3,73.4
20120201194200,0.0,0.0,0.0,0.0,1.8,0.0,82.7,15.5
20120201194300,0.0,0.0,0.0,0.0,0.2,0.0,72.3,27.5
20120201194400,0.0,0.0,0.0,0.0,0.3,0.0,11.0,88.6
20120201194500,0.0,0.0,0.0,0.0,0.8,0.0,10.3,88.8
20120201194600,0.0,0.0,0.0,0.0,4.3,0.0,22.6,73.1
20120201194700,0.0,0.0,0.0,0.0,0.9,0.0,8.4,90.6
20120201194800,0.0,0.0,0.0,0.0,12.7,0.0,42.5,44.8
20120201194900,0.0,0.0,0.0,0.0,6.8,0.0,3.4,89.8
20120201195000,0.0,0.0,0.0,0.0,3.1,0.0,19.6,77.3
20120201195100,0.0,0.0,0.0,0.0,2.0,0.0,23.1,74.9
20120201195200,0.0,0.0,0.0,0.0,1.7,0.0,9.5,88.7
20120201195300,0.0,0.0,0.0,0.0,1.6,0.0,3.3,95.1
20120201195400,0.0,0.0,0.0,0.0,1.6,0.0,0.3,98.1
20120201195500,0.0,0.0,0.0,0.0,10.0,0.0,0.8,89.2
20120201195600,0.0,0.0,0.0,0.0,0.8,0.0,2.9,96.2
20120201195700,0.0,0.0,0.0,0.0,15.2,0.0,10.1,74.7
20120201195800,0.0,0.0,0.0,0.0,0.7,0.0,0.2,99.1
20120201195900,0.0,0.0,0.0,0.0,17.7,0.0,0.4,81.9
20120201200000,0.0,0.0,0.0,0.0,1.5,0.0,0.1,98.3
20120201200100,0.0,0.0,0.0,0.0,3.2,0.0,0.4,96.5
20120201200200,0.0,0.0,0.0,0.0,1.4,0.0,0.1,98.5
20120201200300,0.0,0.0,0.0,0.0,1.0,0.0,0.0,99.0
20120201200400,0.0,0.0,0.0,0.0,0.0,0.0,0.0,100.0
20120201200500,0.0,0.0,0.0,0.0,0.0,0.0,0.0,100.0
20120201200600,0.0,0.0,0.0,0.0,0.1,0.0,0.0,99.9
20120201200700,0.0,0.0,0.0,0.0,0.0,0.0,0.0,100.0
20120201200800,0.0,0.0,0.0,0.0,0.3,0.0,0.0,99.7
20120201200900,0.0,0.0,0.0,0.0,0.0,0.0,0.0,100.0
20120201201000,0.0,0.0,0.0,0.0,0.0,0.0,0.0,100.0
20120201201100,0.0,0.0,0.0,0.0,0.0,0.0,0.0,100.0
20120201201200,0.0,0.0,0.0,0.0,0.0,0.0,0.0,100.0
20120201201300,0.0,0.0,0.0,0.0,0.1,0.0,0.0,99.9
20120201201400,0.0,0.0,0.0,0.0,0.0,0.0,0.0,100.0
20120201201500,0.0,0.0,0.0,0.0,0.0,0.0,0.0,100.0
20120201201600,0.0,0.0,0.0,0.0,0.0,0.0,0.0,100.0
20120201201700,0.0,0.0,0.0,0.0,6.0,0.0,0.0,94.0
20120201201800,0.0,0.0,0.0,0.0,0.1,0.0,0.0,99.9
20120201201900,0.0,0.0,0.0,0.0,1.5,0.0,0.0,98.5
20120201202000,0.0,0.0,0.0,0.0,1.2,0.0,0.0,98.8
20120201202100,0.0,0.0,0.0,0.0,0.2,0.0,0.0,99.8
20120201202200,0.0,0.0,0.0,0.0,0.2,0.0,0.0,99.8
20120201202300,0.0,0.0,0.0,0.0,1.2,0.0,0.0,98.8
20120201202400,0.0,0.0,0.0,0.0,0.6,0.0,0.0,99.4
20120201202500,0.0,0.0,0.0,0.0,0.5,0.0,0.0,99.5
20120201202600,0.0,0.0,0.0,0.0,0.7,0.0,0.0,99.3
20120201202700,0.0,0.0,0.0,0.0,1.0,0.0,0.0,99.0
20120201202800,0.0,0.0,0.0,0.0,0.7,0.0,0.0,99.3
20120201202900,0.0,0.0,0.0,0.0,0.3,0.0,0.0,99.7
20120201203000,0.0,0.0,0.0,0.0,8.5,0.0,0.0,91.5
20120201203100,0.0,0.0,0.0,0.0,4.1,0.0,0.0,95.8
20120201203200,0.0,0.0,0.0,0.0,0.4,0.0,0.0,99.6
20120201203300,0.0,0.0,0.0,0.0,17.1,0.0,0.0,82.9
20120201203400,0.0,0.0,0.0,0.0,6.8,0.0,0.0,93.2
20120201203500,0.0,0.0,0.0,0.0,21.7,0.0,0.0,78.3
20120201203600,0.0,0.0,0.0,0.0,3.8,0.0,0.0,96.2
20120201203700,0.0,0.0,0.0,0.0,5.2,0.0,0.0,94.8
20120201203800,0.0,0.0,0.0,0.0,2.1,0.0,0.0,97.9
20120201203900,0.0,0.0,0.0,0.0,0.5,0.0,0.0,99.5
20120201204000,0.0,0.0,0.0,0.0,18.4,0.0,0.0,81.6
20120201204100,0.0,0.0,0.0,0.0,12.2,0.0,0.0,87.8
20120201204200,0.0,0.0,0.0,0.0,3.2,0.0,0.0,96.8
20120201204300,0.0,0.0,0.0,0.0,35.6,0.0,0.0,64.4
20120201204400,0.0,0.0,0.0,0.0,95.6,0.0,0.0,4.4
20120201204500,0.0,0.0,0.0,0.0,97.7,0.0,0.0,2.3
20120201204600,0.0,0.0,0.0,0.0,79.5,0.0,0.0,20.5
20120201204700,0.0,0.0,0.0,0.0,2.9,0.0,0.0,97.1
20120201204800,0.0,0.0,0.0,0.0,16.7,0.0,0.0,83.3
20120201204900,0.0,0.0,0.0,0.0,10.1,0.0,0.0,89.9
20120201205000,0.0,0.0,0.0,0.0,96.4,0.0,0.0,3.6
20120201205100,0.0,0.0,0.0,0.0,100.0,0.0,0.0,0.0
20120201205200,0.0,0.0,0.0,0.0,100.0,0.0,0.0,0.0
20120201205300,0.0,0.0,0.0,0.0,100.0,0.0,0.0,0.0
20120201205400,0.0,0.0,0.0,0.0,100.0,0.0,0.0,0.0
20120201205500,0.0,0.0,0.0,0.0,100.0,0.0,0.0,0.0
20120201205600,0.0,0.0,0.0,0.0,99.9,0.0,0.0,0.0
20120201205700,0.0,0.0,0.0,0.0,99.7,0.0,0.0,0.3
20120201205800,0.0,0.0,0.0,0.0,99.7,0.0,0.0,0.3
20120201205900,0.0,0.0,0.0,0.0,100.0,0.0,0.0,0.0
20120201210000,0.0,0.0,0.0,0.0,100.0,0.0,0.0,0.0
20120201210100,0.0,0.0,0.0,0.0,100.0,0.0,0.0,0.0
20120201210200,0.0,0.0,0.0,0.0,100.0,0.0,0.0,0.0
20120201210300,0.0,0.0,0.0,0.0,98.5,0.0,0.0,1.5
20120201210400,0.0,0.0,0.0,0.0,93.3,0.0,0.0,6.7
20120201210500,0.0,0.0,0.0,0.0,99.1,0.0,0.0,0.9
20120201210600,0.0,0.0,0.0,0.0,87.6,0.0,0.0,12.4
20120201210700,0.0,0.0,0.0,0.0,99.9,0.0,0.0,0.1
20120201210800,0.0,0.0,0.0,0.0,100.0,0.0,0.0,0.0
20120201210900,0.0,0.0,0.0,0.0,99.4,0.0,0.0,0.6
20120201211000,0.0,0.0,0.0,0.0,79.9,0.0,0.0,20.1
20120201211100,0.0,0.0,0.0,0.0,0.6,0.0,0.0,99.4
20120201211200,0.0,0.0,0.0,0.0,9.0,0.0,0.0,91.0
20120201211300,0.0,0.0,0.0,0.0,23.2,0.0,0.0,76.8
20120201211400,0.0,0.0,0.0,0.0,1.8,0.0,0.0,98.2
20120201211500,0.0,0.0,0.0,0.0,2.6,0.0,0.0,97.4
20120201211600,0.0,0.0,0.0,0.0,13.2,0.0,0.0,86.8
20120201211700,0.0,0.0,0.0,0.0,1.0,0.0,0.0,98.9
20120201211800,0.0,0.0,0.0,0.0,3.2,0.0,0.0,96.8
20120201211900,0.0,0.0,0.0,0.0,0.5,0.0,0.0,99.5
20120201212000,0.0,0.0,0.0,0.0,2.0,0.0,0.0,98.0
20120201212100,0.0,0.0,0.0,0.0,0.5,0.0,0.0,99.5
20120201212200,0.0,0.0,0.0,0.0,0.9,0.0,0.0,99.1
20120201212300,0.0,0.0,0.0,0.0,2.3,0.0,0.0,97.7
20120201212400,0.0,0.0,0.0,0.0,0.6,0.0,0.0,99.4
20120201212500,0.0,0.0,0.0,0.0,1.1,0.0,0.1,98.8
20120201212600,0.0,0.0,0.0,0.0,2.7,0.0,0.0,97.2
20120201212700,0.0,0.0,0.0,0.0,7.6,0.0,0.0,92.4
20120201212800,0.0,0.0,0.0,0.0,0.8,0.0,0.0,99.2
20120201212900,0.0,0.0,0.0,0.0,0.2,0.0,0.0,99.8
20120201213000,0.0,0.0,0.0,0.0,12.2,0.0,0.1,87.6
20120201213100,0.0,0.0,0.0,0.0,13.1,0.0,3.8,83.0
20120201213200,0.0,0.0,0.0,0.0,12.6,0.0,0.5,87.0
20120201213300,0.0,0.0,0.0,0.0,18.4,0.0,4.6,77.0
20120201213400,0.0,0.0,0.0,0.0,15.3,0.0,6.0,78.6
20120201213500,0.0,0.0,0.0,0.0,72.4,0.0,2.5,25.1
20120201213600,0.0,0.0,0.0,0.0,82.2,0.0,0.6,17.2
20120201213700,0.0,0.0,0.0,0.0,61.5,0.0,1.1,37.4
20120201213800,0.0,0.0,0.0,0.0,2.9,0.0,0.5,96.7
20120201213900,0.0,0.0,0.0,0.0,53.4,0.0,0.8,45.8
20120201214000,0.0,0.0,0.0,0.0,56.6,0.0,0.3,43.1
20120201214100,0.0,0.0,0.0,0.0,58.7,0.0,0.1,41.2
20120201214200,0.0,0.0,0.0,0.0,78.9,0.0,4.0,17.2
20120201214300,0.0,0.0,0.0,0.0,70.4,0.0,0.3,29.3
20120201214400,0.0,0.0,0.0,0.0,90.3,0.0,1.2,8.5
20120201214500,0.0,0.0,0.0,0.0,91.4,0.0,0.3,8.2
20120201214600,0.0,0.0,0.0,0.0,94.5,0.0,0.2,5.3
20120201214700,0.0,0.0,0.0,0.0,97.9,0.0,0.2,1.9
20120201214800,0.0,0.0,0.0,0.0,77.4,0.0,1.1,21.5
20120201214900,0.0,0.0,0.0,0.0,92.7,0.0,0.6,6.7
20120201215000,0.0,0.0,0.0,0.0,32.3,0.0,3.0,64.7
20120201215100,0.0,0.0,0.0,0.0,80.8,0.0,3.8,15.4
20120201215200,0.0,0.0,0.0,0.0,90.8,0.0,2.3,6.9
20120201215300,0.0,0.0,0.0,0.0,94.9,0.0,2.2,2.8
20120201215400,0.0,0.0,0.0,0.0,90.3,0.0,6.1,3.7
20120201215500,0.0,0.0,0.0,0.0,97.4,0.0,0.4,2.2
20120201215600,0.0,0.0,0.0,0.0,69.4,0.0,27.2,3.4
20120201215700,0.0,0.0,0.0,0.1,73.4,0.0,24.7,1.8
20120201215800,0.0,0.0,0.0,0.0,27.3,0.0,26.3,46.4
20120201215900,0.0,0.0,0.0,0.0,75.6,0.0,3.4,21.0
20120201220000,0.0,0.0,0.0,0.0,61.9,0.0,25.5,12.5
20120201220100,0.0,0.0,0.0,0.0,50.7,0.0,2.1,47.2
20120201220200,0.0,0.0,0.0,0.0,79.9,0.0,17.0,3.1
20120201220300,0.0,0.0,0.0,0.0,45.2,0.0,27.6,27.1
20120201220400,0.0,0.0,0.0,0.0,6.6,0.0,89.2,4.2
20120201220500,0.0,0.0,0.0,0.0,35.4,0.0,62.2,2.4
20120201220600,0.0,0.0,0.0,0.0,10.3,0.0,86.2,3.5
20120201220700,0.0,0.0,0.0,0.0,61.2,0.0,12.8,26.1
20120201220800,0.0,0.0,0.0,0.0,97.0,0.0,1.8,1.2
20120201220900,0.0,0.0,0.0,0.0,93.9,0.0,5.8,0.3
20120201221000,0.0,0.0,0.0,0.0,56.5,0.0,39.2,4.3
20120201221100,0.0,0.0,0.0,0.0,94.2,0.0,3.1,2.7
20120201221200,0.0,0.0,0.0,0.2,75.2,0.0,22.1,2.5
20120201221300,0.0,0.0,0.0,0.0,36.6,0.0,61.5,1.9
20120201221400,0.0,0.0,0.0,0.0,81.4,0.0,4.5,14.0
20120201221500,0.0,0.0,0.0,0.1,18.5,0.0,74.8,6.6
20120201221600,0.0,0.0,0.0,0.0,8.5,0.0,18.1,73.3
20120201221700,0.0,0.0,0.0,0.1,34.2,0.0,63.4,2.3
20120201221800,0.0,0.0,0.0,0.1,8.7,0.0,88.4,2.7
20120201221900,0.0,0.0,0.0,0.3,11.5,0.0,87.3,0.9
20120201222000,0.0,0.0,0.0,0.2,47.2,0.0,51.8,0.8
20120201222100,0.0,0.0,0.0,0.2,71.4,0.0,27.6,0.7
20120201222200,0.0,0.0,0.0,0.9,41.2,0.0,57.6,0.3
20120201222300,0.0,0.0,0.0,0.3,2.6,0.0,96.8,0.3
20120201222400,0.0,0.0,0.0,0.5,9.7,0.0,89.2,0.5
20120201222500,0.0,0.0,0.0,0.5,1.5,0.0,98.0,0.1
20120201222600,0.0,0.0,0.0,0.3,0.9,0.0,98.6,0.2
20120201222700,0.0,0.0,0.0,0.0,1.8,0.0,97.1,1.1
20120201222800,0.0,0.0,0.0,0.2,15.7,0.0,82.2,1.8
20120201222900,0.0,0.0,0.0,0.2,1.6,0.0,97.7,0.5
20120201223000,0.0,0.0,0.0,0.3,8.3,0.0,90.7,0.6
20120201223100,0.0,0.0,0.0,0.0,0.1,0.0,99.9,0.0
20120201223200,0.0,0.0,0.0,0.0,0.6,0.0,99.3,0.1
20120201223300,0.0,0.0,0.0,0.0,0.1,0.0,99.8,0.0
20120201223400,0.0,0.0,0.0,0.0,0.1,0.0,99.8,0.0
20120201223500,0.0,0.0,0.0,0.0,0.4,0.0,99.6,0.0
20120201223600,0.0,0.0,0.0,0.0,0.5,0.0,99.4,0.1
20120201223700,0.0,0.0,0.0,0.1,0.5,0.0,99.3,0.1
20120201223800,0.0,0.0,0.0,0.9,3.4,0.0,95.5,0.2
20120201223900,0.0,0.0,0.0,0.1,0.2,0.0,99.6,0.0
20120201224000,0.0,0.0,0.0,0.2,0.7,0.0,99.1,0.0
20120201224100,0.0,0.0,0.0,0.1,0.5,0.0,99.3,0.0
20120201224200,0.0,0.0,0.0,0.2,1.1,0.0,98.7,0.0
20120201224300,0.0,0.0,0.0,0.1,0.1,0.0,99.8,0.0
20120201224400,0.0,0.0,0.0,0.1,0.1,0.0,99.8,0.0
20120201224500,0.0,0.0,0.0,0.0,0.0,0.0,100.0,0.0
20120201224600,0.0,0.0,0.0,0.3,6.5,0.0,93.1,0.1
20120201224700,0.0,0.0,0.0,0.0,0.6,0.0,99.4,0.0
20120201224800,0.0,0.0,0.0,0.3,1.1,0.0,98.7,0.0
20120201224900,0.0,0.0,0.0,0.3,3.8,0.0,95.9,0.0
20120201225000,0.0,0.0,0.0,0.1,1.5,0.0,98.4,0.0
20120201225100,0.0,0.0,0.0,0.6,7.5,0.0,91.9,0.0
20120201225200,0.0,0.0,0.0,0.0,0.3,0.0,99.7,0.0
20120201225300,0.0,0.0,0.0,0.2,2.8,0.0,97.0,0.0
20120201225400,0.0,0.0,0.0,1.5,11.6,0.0,86.4,0.4
20120201225500,0.0,0.0,0.0,0.7,3.0,0.0,96.3,0.1
20120201225600,0.0,0.0,0.0,0.0,0.4,0.0,99.6,0.0
20120201225700,0.0,0.0,0.0,1.5,15.1,0.0,82.7,0.6
20120201225800,0.0,0.0,0.0,0.5,2.5,0.0,96.9,0.0
20120201225900,0.0,0.0,0.0,0.3,2.5,0.0,97.1,0.0
20120201230000,0.0,0.0,0.0,3.1,48.7,0.0,47.8,0.4
20120201230100,0.0,0.0,0.0,0.6,12.8,0.0,86.5,0.1
20120201230200,0.0,0.0,0.0,1.1,8.1,0.0,90.8,0.0
20120201230300,0.0,0.0,0.0,2.2,25.0,0.0,72.7,0.1
20120201230400,0.0,0.0,0.1,8.7,48.5,0.0,41.5,1.3
20120201230500,0.0,0.0,0.0,3.2,58.2,0.0,38.1,0.6
20120201230600,0.0,0.0,0.0,2.1,22.6,0.0,74.8,0.5
20120201230700,0.0,0.0,0.0,0.1,3.0,0.0,96.8,0.0
20120201230800,0.0,0.0,0.0,1.8,37.6,0.0,60.5,0.0
20120201230900,0.0,0.0,0.0,0.2,3.4,0.0,96.4,0.0
20120201231000,0.0,0.0,0.0,0.3,3.0,0.0,96.7,0.0
20120201231100,0.0,0.0,0.0,0.2,3.6,0.0,96.1,0.0
20120201231200,0.0,0.0,0.0,0.0,0.2,0.0,99.7,0.0
20120201231300,0.0,0.0,0.0,0.0,0.3,0.0,99.7,0.0
20120201231400,0.0,0.0,0.0,0.0,1.3,0.0,98.7,0.0
20120201231500,0.0,0.0,0.0,0.0,0.6,0.0,99.3,0.0
20120201231600,0.0,0.0,0.0,0.1,1.6,0.0,98.4,0.0
20120201231700,0.0,0.0,0.0,0.0,0.0,0.0,100.0,0.0
20120201231800,0.0,0.0,0.0,0.0,0.0,0.0,100.0,0.0
20120201231900,0.0,0.0,0.0,0.0,0.0,0.0,100.0,0.0
20120201232000,0.0,0.0,0.0,0.0,0.6,0.0,99.4,0.0
20120201232100,0.0,0.0,0.0,0.0,0.2,0.0,99.8,0.0
20120201232200,0.0,0.0,0.0,0.0,0.2,0.0,99.8,0.0
20120201232300,0.0,0.0,0.0,0.0,0.2,0.0,99.8,0.0
20120201232400,0.0,0.0,0.0,0.0,0.1,0.0,99.9,0.0
20120201232500,0.0,0.0,0.0,0.0,0.3,0.0,99.7,0.0
20120201232600,0.0,0.0,0.0,0.0,0.1,0.0,99.9,0.0
20120201232700,0.0,0.0,0.0,0.1,0.2,0.0,99.7,0.0
20120201232800,0.0,0.0,0.0,0.0,0.0,0.0,99.9,0.0
20120201232900,0.0,0.0,0.0,0.0,0.2,0.0,99.8,0.0
20120201233000,0.0,0.0,0.0,0.0,0.0,0.0,99.9,0.0
20120201233100,0.0,0.0,0.0,0.0,0.1,0.0,99.9,0.0
20120201233200,0.0,0.0,0.0,0.0,0.4,0.0,99.5,0.0
20120201233300,0.0,0.0,0.0,0.0,0.0,0.0,99.9,0.0
20120201233400,0.0,0.0,0.0,0.1,1.3,0.0,98.5,0.0
20120201233500,0.0,0.0,0.0,0.0,0.0,0.0,100.0,0.0
20120201233600,0.0,0.0,0.0,0.0,0.0,0.0,100.0,0.0
20120201233700,0.0,0.0,0.0,0.0,0.0,0.0,100.0,0.0
20120201233800,0.0,0.0,0.0,0.1,0.3,0.0,99.7,0.0
20120201233900,0.0,0.0,0.0,0.0,0.0,0.0,100.0,0.0
20120201234000,0.0,0.0,0.0,0.0,0.0,0.0,100.0,0.0
20120201234100,0.0,0.0,0.0,0.0,0.0,0.0,100.0,0.0
20120201234200,0.0,0.0,0.0,0.0,0.0,0.0,99.9,0.0
20120201234300,0.0,0.0,0.0,0.0,0.0,0.0,100.0,0.0
20120201234400,0.0,0.0,0.0,0.0,0.1,0.0,99.9,0.0
20120201234500,0.0,0.0,0.0,0.0,0.1,0.0,99.9,0.0
20120201234600,0.0,0.0,0.0,0.0,0.1,0.0,99.9,0.0
20120201234700,0.0,0.0,0.0,0.0,0.0,0.0,100.0,0.0
20120201234800,0.0,0.0,0.0,0.0,0.1,0.0,99.9,0.0
20120201234900,0.0,0.0,0.0,0.1,1.2,0.0,98.7,0.0
20120201235000,0.0,0.0,0.0,0.0,0.0,0.0,100.0,0.0
20120201235100,0.0,0.0,0.0,0.3,1.5,0.0,98.1,0.0
20120201235200,0.0,0.0,0.0,0.0,0.1,0.0,99.8,0.0
20120201235300,0.0,0.0,0.0,0.1,0.1,0.0,99.8,0.0
20120201235400,0.0,0.0,0.0,0.4,0.5,0.0,99.1,0.0
20120201235500,0.0,0.0,0.0,0.6,2.4,0.0,97.0,0.0
20120201235600,0.0,0.0,0.0,0.4,0.3,0.0,99.3,0.0
20120201235700,0.0,0.0,0.0,1.9,2.4,0.0,95.7,0.0
20120201235800,0.0,0.0,0.0,0.5,2.2,0.0,97.1,0.0
20120201235900,0.1,0.0,0.0,0.4,3.4,0.1,96.0,0.0
20120202000000,0.0,0.0,0.0,0.1,0.6,0.0,99.2,0.0
20120202000100,0.0,0.0,0.0,0.4,0.8,0.0,98.7,0.0
20120202000200,0.4,0.0,0.1,4.2,7.5,0.2,87.5,0.0
20120202000300,0.1,0.0,0.0,0.7,2.5,0.1,96.6,0.0
20120202000400,0.0,0.0,0.0,0.1,0.6,0.0,99.2,0.0
20120202000500,0.0,0.0,0.0,0.1,2.1,0.0,97.8,0.0
20120202000600,0.0,0.0,0.0,0.0,0.2,0.0,99.8,0.0
20120202000700,0.0,0.0,0.0,0.1,0.6,0.0,99.4,0.0
20120202000800,0.0,0.0,0.0,0.0,0.4,0.1,99.4,0.0
20120202000900,0.0,0.0,0.0,0.0,0.1,0.0,99.9,0.0
20120202001000,0.1,0.0,0.0,0.5,5.2,0.2,93.9,0.0
20120202001100,0.1,0.0,0.2,0.3,5.8,0.1,93.4,0.0
20120202001200,0.0,0.0,0.0,0.1,0.8,0.1,98.9,0.0
20120202001300,0.0,0.0,0.0,0.0,0.4,0.0,99.5,0.0
20120202001400,0.0,0.0,0.0,0.1,0.0,0.0,99.9,0.0
20120202001500,0.1,0.0,0.0,0.0,3.3,0.1,96.6,0.0
20120202001600,0.0,0.0,0.0,0.0,0.1,0.0,99.9,0.0
20120202001700,0.0,0.0,0.0,0.0,0.0,0.0,100.0,0.0
20120202001800,0.0,0.0,0.0,0.0,0.0,0.0,100.0,0.0
20120202001900,0.0,0.0,0.0,0.2,0.0,0.0,99.7,0.0
20120202002000,0.0,0.0,0.0,0.0,0.1,0.0,99.8,0.0
20120202002100,0.0,0.0,0.0,0.0,0.0,0.0,100.0,0.0
20120202002200,0.0,0.0,0.0,0.0,0.0,0.0,100.0,0.0
20120202002300,0.0,0.0,0.0,0.0,0.0,0.0,100.0,0.0
20120202002400,0.0,0.0,0.0,0.0,0.0,0.0,100.0,0.0
20120202002500,0.0,0.0,0.0,0.0,0.0,0.0,100.0,0.0
20120202002600,0.0,0.0,0.0,0.0,0.1,0.0,99.9,0.0
20120202002700,0.0,0.0,0.0,0.0,0.0,0.0,100.0,0.0
20120202002800,0.0,0.0,0.0,0.0,0.0,0.0,100.0,0.0
20120202002900,0.0,0.0,0.0,0.0,0.0,0.0,100.0,0.0
20120202003000,0.0,0.0,0.0,0.0,0.0,0.0,100.0,0.0
20120202003100,0.0,0.0,0.0,0.0,0.0,0.0,100.0,0.0
20120202003200,0.0,0.0,0.0,0.0,0.0,0.0,100.0,0.0
20120202003300,0.0,0.0,0.0,0.0,0.0,0.0,100.0,0.0
20120202003400,0.0,0.0,0.0,0.0,0.0,0.0,100.0,0.0
20120202003500,0.0,0.0,0.0,0.0,0.0,0.0,100.0,0.0
20120202003600,0.0,0.0,0.0,0.0,0.0,0.0,100.0,0.0
20120202003700,0.0,0.0,0.0,0.0,0.0,0.0,100.0,0.0
20120202003800,0.0,0.0,0.0,0.0,0.0,0.0,100.0,0.0
20120202003900,0.0,0.0,0.0,0.1,0.0,0.0,99.9,0.0
20120202004000,0.0,0.0,0.0,0.0,0.0,0.0,99.9,0.0
20120202004100,0.0,0.0,0.0,0.0,0.0,0.0,100.0,0.0
20120202004200,0.0,0.0,0.0,0.0,0.0,0.0,100.0,0.0
20120202004300,0.0,0.0,0.0,0.0,0.0,0.0,100.0,0.0
20120202004400,0.0,0.0,0.0,0.0,0.0,0.0,100.0,0.0
20120202004500,0.0,0.0,0.0,0.0,0.0,0.0,100.0,0.0
20120202004600,0.0,0.0,0.0,0.0,0.0,0.0,100.0,0.0
20120202004700,0.0,0.0,0.0,0.0,0.0,0.0,100.0,0.0
20120202004800,0.0,0.0,0.0,0.0,0.0,0.0,100.0,0.0
20120202004900,0.0,0.0,0.0,0.0,0.0,0.0,100.0,0.0
20120202005000,0.0,0.0,0.0,0.1,0.0,0.0,99.8,0.0
20120202005100,0.0,0.0,0.0,0.0,0.0,0.0,100.0,0.0
20120202005200,0.0,0.0,0.0,0.0,0.0,0.0,100.0,0.0
20120202005300,0.0,0.0,0.0,0.0,0.0,0.0,100.0,0.0
20120202005400,0.0,0.0,0.0,0.0,0.0,0.0,100.0,0.0
20120202005500,0.0,0.0,0.0,0.0,0.0,0.0,100.0,0.0
20120202005600,0.0,0.0,0.0,0.0,0.0,0.0,100.0,0.0
20120202005700,0.0,0.0,0.0,0.0,0.0,0.0,100.0,0.0
20120202005800,0.0,0.0,0.0,0.0,0.0,0.0,100.0,0.0
20120202005900,0.0,0.0,0.0,0.0,0.0,0.0,100.0,0.0
20120202010000,0.0,0.0,0.0,0.0,0.0,0.0,100.0,0.0
20120202010100,0.0,0.0,0.0,0.0,0.0,0.0,100.0,0.0
20120202010200,0.0,0.0,0.0,0.0,0.0,0.0,100.0,0.0
20120202010300,0.0,0.0,0.0,0.0,0.0,0.0,100.0,0.0
20120202010400,0.0,0.0,0.0,0.1,0.6,0.0,99.2,0.0
20120202010500,0.0,0.0,0.0,0.1,1.2,0.0,98.7,0.0
20120202010600,0.0,0.0,0.1,0.1,0.2,0.0,99.6,0.0
20120202010700,0.0,0.0,0.0,0.0,0.1,0.0,99.8,0.0
20120202010800,0.0,0.0,0.0,0.0,0.1,0.0,99.9,0.0
20120202010900,0.0,0.0,0.0,0.2,0.2,0.1,99.4,0.0
20120202011000,0.0,0.0,0.0,0.1,0.0,0.0,99.9,0.0
20120202011100,0.0,0.0,0.0,0.0,0.2,0.0,99.7,0.0
20120202011200,0.0,0.0,0.1,0.3,0.1,0.0,99.5,0.0
20120202011300,0.0,0.0,0.2,1.3,0.4,0.3,97.8,0.0
20120202011400,0.3,0.0,6.9,3.9,3.0,0.9,85.0,0.0
20120202011500,0.0,0.0,0.6,2.1,0.9,0.3,96.1,0.0
20120202011600,0.2,0.0,0.6,1.9,3.5,0.3,93.4,0.0
20120202011700,0.0,0.0,0.0,0.2,0.1,0.0,99.7,0.0
20120202011800,0.0,0.0,0.0,0.0,0.2,0.0,99.7,0.0
20120202011900,0.0,0.0,0.0,0.2,0.0,0.0,99.7,0.0
20120202012000,0.1,0.0,0.0,1.3,1.8,0.2,96.6,0.0
20120202012100,0.6,0.1,1.3,13.9,4.9,0.2,79.1,0.0
20120202012200,0.1,0.0,0.2,9.4,6.3,0.1,83.9,0.0
20120202012300,0.1,0.2,0.5,69.9,5.0,0.1,24.2,0.0
20120202012400,0.0,0.0,0.9,26.7,0.9,0.0,71.5,0.0
20120202012500,0.1,0.0,0.4,4.6,2.1,0.1,92.7,0.0
20120202012600,0.1,0.1,0.7,2.2,14.7,0.3,81.8,0.0
20120202012700,0.0,0.0,0.7,2.1,6.2,1.2,89.8,0.0
20120202012800,0.0,0.0,0.1,0.5,0.2,0.1,99.1,0.0
20120202012900,0.0,0.0,0.0,0.3,0.2,0.0,99.4,0.0
20120202013000,0.1,0.0,0.1,52.2,1.1,0.4,46.0,0.0
20120202013100,0.0,0.0,0.1,1.2,0.4,0.1,98.2,0.0
20120202013200,0.0,0.0,0.1,1.2,0.8,0.1,97.9,0.0
20120202013300,0.0,0.0,0.0,0.4,0.0,0.0,99.5,0.0
20120202013400,0.0,0.0,0.0,1.1,0.2,0.1,98.6,0.0
20120202013500,0.0,0.0,0.0,0.3,0.0,0.0,99.6,0.0
20120202013600,0.0,0.0,0.0,0.5,0.8,0.2,98.5,0.0
20120202013700,0.0,0.0,0.0,0.9,0.4,0.1,98.6,0.0
20120202013800,0.0,0.0,0.1,1.9,0.3,0.1,97.5,0.1
20120202013900,0.0,0.0,0.0,0.4,0.2,0.0,99.4,0.0
20120202014000,0.0,0.0,0.0,0.0,0.0,0.0,100.0,0.0
20120202014100,0.1,0.0,0.0,1.6,0.6,0.0,97.6,0.0
20120202014200,0.0,0.0,0.0,0.4,0.0,0.0,99.5,0.0
20120202014300,0.0,0.0,0.0,0.0,0.0,0.0,100.0,0.0
20120202014400,0.0,0.0,0.0,6.0,0.4,0.0,93.5,0.0
20120202014500,0.0,0.0,0.0,0.5,0.1,0.0,99.4,0.0
20120202014600,0.0,0.0,0.1,4.2,1.8,0.0,93.9,0.0
20120202014700,0.0,0.0,0.0,3.3,0.4,0.0,96.4,0.0
20120202014800,0.0,0.0,0.0,1.6,0.3,0.0,98.1,0.0
20120202014900,0.0,0.0,0.0,1.1,0.1,0.0,98.8,0.0
20120202015000,0.0,0.0,0.0,0.0,0.2,0.0,99.7,0.0
20120202015100,0.0,0.3,0.2,24.9,55.2,0.0,19.5,0.0
20120202015200,0.0,0.1,0.0,6.8,1.6,0.0,91.5,0.0
20120202015300,0.0,0.1,0.2,38.5,20.2,0.0,41.0,0.0
20120202015400,0.0,0.0,0.0,6.2,2.9,0.0,90.8,0.0
20120202015500,0.2,0.2,0.1,33.6,62.3,0.0,3.6,0.0
20120202015600,0.0,0.0,0.6,4.2,6.8,0.0,88.3,0.0
20120202015700,0.0,0.0,0.2,1.7,7.3,0.1,90.7,0.0
20120202015800,0.1,0.0,0.2,2.9,15.0,0.1,81.6,0.0
20120202015900,0.0,0.0,0.5,2.6,25.3,0.2,71.4,0.0
20120202020000,0.0,0.0,0.0,1.5,2.9,0.0,95.5,0.0
20120202020100,0.0,0.0,0.1,0.1,2.0,0.0,97.8,0.0
20120202020200,0.0,0.0,0.2,0.3,0.6,0.0,98.9,0.0
20120202020300,0.0,0.0,0.2,0.3,1.0,0.0,98.5,0.0
20120202020400,0.0,0.2,0.9,56.6,15.5,0.0,26.8,0.0
20120202020500,0.0,0.0,3.6,1.1,0.9,0.1,94.3,0.0
20120202020600,0.0,0.0,2.4,7.9,39.6,0.0,50.1,0.0
20120202020700,0.0,0.0,0.9,17.1,31.2,0.0,50.7,0.0
20120202020800,0.0,0.0,0.3,6.3,27.6,0.0,65.7,0.0
20120202020900,0.0,0.1,0.4,6.6,15.4,0.0,77.4,0.0
20120202021000,0.1,0.3,0.8,9.0,59.6,0.0,30.0,0.1
20120202021100,0.1,0.1,0.8,9.8,15.0,0.1,74.2,0.0
20120202021200,0.0,0.0,0.2,1.3,0.3,0.1,98.1,0.0
20120202021300,0.0,0.0,0.6,2.0,3.7,0.0,93.7,0.0
20120202021400,0.0,0.0,0.5,0.7,2.4,0.1,96.4,0.0
20120202021500,0.0,0.0,2.4,6.4,7.6,0.0,83.4,0.1
20120202021600,0.1,0.0,28.0,2.4,10.1,0.0,59.3,0.0
20120202021700,0.0,0.6,7.5,5.9,51.9,0.0,33.9,0.0
20120202021800,0.1,0.3,14.6,9.8,47.7,0.0,27.5,0.0
20120202021900,0.0,1.2,55.1,14.0,28.0,0.0,1.7,0.0
20120202022000,0.0,0.2,9.6,23.8,48.6,0.0,17.8,0.0
20120202022100,0.0,0.2,42.0,1.6,54.2,0.0,2.0,0.0
20120202022200,0.0,0.3,12.5,62.9,12.7,0.0,11.6,0.0
20120202022300,0.0,0.3,11.3,48.3,6.5,0.0,33.5,0.0
20120202022400,0.0,0.1,3.3,88.5,1.9,0.0,6.1,0.0
20120202022500,0.0,0.1,0.8,97.0,0.8,0.0,1.2,0.0
20120202022600,0.0,0.9,2.5,94.7,1.8,0.0,0.1,0.0
20120202022700,0.0,0.1,9.3,87.6,2.7,0.0,0.3,0.0
20120202022800,0.0,0.2,79.0,16.5,4.0,0.0,0.3,0.0
20120202022900,0.0,0.0,24.6,62.2,13.0,0.0,0.1,0.0
20120202023000,0.0,0.4,24.3,70.5,4.7,0.0,0.2,0.0
20120202023100,0.0,1.5,62.9,35.0,0.5,0.0,0.1,0.0
20120202023200,0.0,0.3,23.8,73.8,1.7,0.0,0.4,0.1
20120202023300,0.0,3.7,11.5,83.3,1.4,0.0,0.1,0.0
20120202023400,0.0,2.7,39.1,26.7,31.3,0.0,0.1,0.0
20120202023500,0.0,0.2,1.8,6.6,91.3,0.0,0.1,0.1
20120202023600,0.0,0.8,71.0,25.2,2.9,0.0,0.0,0.0
20120202023700,0.1,0.8,19.5,69.7,8.8,0.1,0.8,0.0
20120202023800,0.0,2.4,3.4,20.8,72.6,0.0,0.7,0.0
20120202023900,0.1,4.5,24.3,68.1,2.5,0.1,0.4,0.0
20120202024000,0.0,0.6,32.0,15.2,51.7,0.0,0.5,0.0
20120202024100,0.0,0.7,75.1,10.3,13.7,0.0,0.2,0.0
20120202024200,0.0,2.9,7.9,86.6,2.5,0.0,0.0,0.0
20120202024300,0.0,2.7,55.9,24.7,15.8,0.0,1.0,0.0
20120202024400,0.0,2.7,21.8,13.3,58.3,0.0,3.7,0.1
20120202024500,0.0,10.6,17.2,17.1,45.9,0.0,9.1,0.0
20120202024600,0.0,1.4,5.0,89.8,3.5,0.0,0.1,0.0
20120202024700,0.0,1.0,36.6,35.9,24.6,0.0,1.8,0.2
20120202024800,0.0,0.8,28.7,66.4,4.0,0.0,0.1,0.0
20120202024900,0.0,0.9,66.9,11.0,20.0,0.0,1.1,0.0
20120202025000,0.0,2.9,32.1,22.2,42.6,0.0,0.1,0.0
20120202025100,0.0,0.2,61.4,34.9,3.5,0.0,0.1,0.0
20120202025200,0.0,0.9,11.2,18.0,69.7,0.0,0.1,0.0
20120202025300,0.0,1.6,10.4,71.6,16.2,0.0,0.1,0.0
20120202025400,0.0,3.2,43.4,45.9,6.8,0.0,0.6,0.0
20120202025500,0.0,0.4,9.8,87.6,2.2,0.0,0.0,0.0
20120202025600,0.0,0.9,0.0,88.8,10.2,0.0,0.0,0.0
20120202025700,0.0,0.8,3.3,95.2,0.6,0.0,0.0,0.0
20120202025800,0.0,1.3,2.9,93.5,2.4,0.0,0.0,0.0
20120202025900,0.0,0.3,51.6,44.1,3.8,0.0,0.2,0.0
20120202030000,0.0,0.1,92.4,6.3,0.8,0.0,0.5,0.0
20120202030100,0.0,0.5,90.5,5.6,3.4,0.1,0.0,0.0
20120202030200,0.0,0.4,74.5,23.2,1.8,0.0,0.1,0.0
20120202030300,0.0,0.7,64.9,29.2,5.1,0.0,0.1,0.0
20120202030400,0.0,0.4,90.5,2.4,6.4,0.0,0.4,0.0
20120202030500,0.0,7.3,60.7,23.0,7.4,0.0,1.5,0.1
20120202030600,0.0,3.8,64.9,18.8,10.7,0.0,1.8,0.0
20120202030700,0.0,14.1,42.5,10.7,31.8,0.0,0.8,0.1
20120202030800,0.0,2.5,1.8,5.2,90.5,0.0,0.0,0.0
20120202030900,0.0,1.5,70.9,5.0,21.8,0.1,0.6,0.0
20120202031000,0.0,1.0,67.0,4.0,25.7,0.1,2.1,0.1
20120202031100,0.0,0.1,97.6,0.4,1.6,0.0,0.3,0.0
20120202031200,0.0,0.1,23.0,42.2,31.4,0.0,3.2,0.0
20120202031300,0.0,0.3,80.5,5.2,12.7,0.0,1.3,0.0
20120202031400,0.0,0.2,65.3,5.2,27.6,0.0,1.7,0.0
20120202031500,0.0,1.3,13.1,8.8,76.0,0.0,0.7,0.1
20120202031600,0.0,0.4,59.7,8.7,26.8,0.0,4.3,0.1
20120202031700,0.0,0.6,13.2,3.9,79.8,0.0,2.3,0.1
20120202031800,0.0,0.0,8.9,13.5,14.5,0.0,62.9,0.1
20120202031900,0.0,0.3,43.1,12.0,16.3,0.1,27.3,0.8
20120202032000,0.0,0.1,79.5,11.3,4.6,0.2,4.1,0.1
20120202032100,0.0,0.0,54.9,2.8,4.7,0.1,37.4,0.0
20120202032200,0.0,0.0,87.0,3.8,4.9,0.1,4.1,0.0
20120202032300,0.0,0.0,78.6,3.3,1.0,0.4,16.8,0.0
20120202032400,0.0,0.2,30.2,29.4,31.7,0.3,7.9,0.3
20120202032500,0.0,0.5,23.4,21.5,27.9,0.7,25.4,0.7
20120202032600,0.0,0.1,44.1,9.4,7.5,1.0,37.7,0.2
20120202032700,0.0,0.2,37.3,8.5,3.4,0.9,48.6,1.1
20120202032800,0.0,0.2,13.4,2.0,10.4,1.1,72.6,0.4
20120202032900,0.0,0.1,38.9,3.9,1.5,0.1,55.4,0.1
20120202033000,0.0,0.0,79.7,0.5,0.4,0.5,18.8,0.1
20120202033100,0.0,0.0,26.8,1.5,4.1,1.7,65.6,0.4
20120202033200,0.0,0.8,30.0,12.0,22.1,0.2,33.5,1.3
20120202033300,0.1,0.4,9.4,17.6,6.5,1.2,64.6,0.2
20120202033400,0.0,0.2,12.7,3.0,5.2,0.5,77.6,0.8
20120202033500,0.0,0.1,7.9,0.4,3.3,1.2,87.0,0.1
20120202033600,0.0,0.2,16.1,0.0,0.1,0.3,83.3,0.0
20120202033700,0.0,0.8,54.9,10.1,23.5,0.1,10.5,0.1
20120202033800,0.0,0.1,57.3,0.3,2.2,1.3,38.8,0.0
20120202033900,0.0,0.0,42.4,1.3,0.4,0.5,55.5,0.1
20120202034000,0.0,1.2,7.7,21.2,64.9,0.2,4.7,0.1
20120202034100,0.0,0.0,1.1,16.8,16.2,0.1,65.8,0.1
20120202034200,0.0,1.1,15.1,59.9,20.7,0.0,3.2,0.2
20120202034300,0.0,0.0,0.6,5.6,0.8,0.0,92.9,0.0
20120202034400,0.0,0.1,0.5,85.8,12.6,0.0,0.9,0.0
20120202034500,0.0,0.7,2.8,84.7,10.8,0.0,1.0,0.0
20120202034600,0.0,17.4,11.2,52.7,18.6,0.0,0.1,0.0
20120202034700,0.0,0.2,2.0,94.9,2.5,0.0,0.4,0.0
20120202034800,0.0,1.5,5.3,16.9,75.8,0.0,0.6,0.0
20120202034900,0.0,0.4,8.1,65.3,16.0,0.0,10.2,0.0
20120202035000,0.1,0.6,2.4,59.3,9.2,0.0,28.4,0.1
20120202035100,0.0,4.0,14.4,9.1,72.1,0.0,0.3,0.0
20120202035200,0.0,4.8,6.3,23.4,65.4,0.0,0.1,0.0
20120202035300,0.0,2.2,30.5,52.5,14.6,0.0,0.1,0.0
20120202035400,0.1,5.5,21.7,46.1,26.6,0.0,0.1,0.0
20120202035500,0.0,6.1,2.6,51.9,38.5,0.0,0.8,0.0
20120202035600,0.1,6.8,25.3,28.1,29.4,0.0,10.3,0.0
20120202035700,0.1,0.8,73.1,15.8,6.7,0.1,3.5,0.0
20120202035800,0.1,6.9,26.2,49.1,13.7,0.0,3.9,0.0
20120202035900,0.0,0.3,3.0,94.2,1.2,0.0,1.3,0.0
20120202040000,0.1,2.5,25.0,45.8,25.6,0.0,1.0,0.0
20120202040100,0.0,2.3,22.1,72.4,3.0,0.0,0.3,0.0
20120202040200,0.2,2.5,8.8,79.7,2.9,0.1,5.8,0.0
20120202040300,0.1,0.6,3.1,87.6,7.3,0.0,1.3,0.0
20120202040400,0.0,0.6,7.9,49.0,15.8,0.0,26.7,0.0
20120202040500,0.1,3.8,21.7,47.3,15.1,0.0,11.8,0.1
20120202040600,0.1,0.4,49.6,27.9,4.3,0.1,17.6,0.0
20120202040700,0.1,0.4,34.4,50.0,3.6,0.0,11.5,0.0
20120202040800,0.0,0.0,49.3,3.7,0.2,0.1,46.6,0.0
20120202040900,0.1,0.2,66.9,22.1,4.0,0.1,6.6,0.1
20120202041000,0.6,0.1,74.3,10.6,4.1,0.1,10.1,0.0
20120202041100,0.2,0.6,46.6,34.1,9.1,0.1,8.9,0.4
20120202041200,1.2,1.9,7.0,61.9,4.3,0.0,23.5,0.0
20120202041300,0.2,0.2,16.0,28.6,9.0,0.0,45.7,0.3
20120202041400,0.0,0.0,1.5,1.2,0.5,0.0,96.7,0.0
20120202041500,0.3,0.2,6.3,6.4,7.1,0.0,79.6,0.1
20120202041600,0.0,0.0,14.4,2.6,0.1,0.1,82.7,0.0
20120202041700,0.0,0.0,1.1,4.9,0.5,0.0,93.5,0.1
20120202041800,0.0,0.0,0.9,5.6,0.1,0.0,93.4,0.0
20120202041900,0.0,0.0,0.0,0.2,0.0,0.0,99.8,0.0
20120202042000,0.0,0.0,8.2,4.3,1.4,0.0,86.0,0.0
20120202042100,0.0,0.0,0.8,6.1,0.1,0.0,93.0,0.0
20120202042200,0.0,0.0,0.9,2.2,0.3,0.0,96.6,0.0
20120202042300,0.0,0.0,1.6,0.2,0.0,0.0,98.1,0.0
20120202042400,0.0,0.0,0.5,3.7,0.3,0.0,95.5,0.0
20120202042500,0.0,0.0,0.0,0.1,0.0,0.0,99.9,0.0
20120202042600,0.0,0.0,5.8,1.0,0.5,0.0,92.6,0.0
20120202042700,0.0,0.0,3.7,1.2,0.1,0.0,95.0,0.0
20120202042800,0.0,0.0,0.1,0.2,0.0,0.0,99.7,0.0
20120202042900,0.0,0.0,0.3,1.8,0.1,0.0,97.8,0.0
20120202043000,0.0,0.0,0.7,1.8,0.1,0.0,97.4,0.0
20120202043100,0.0,0.0,0.0,1.5,0.0,0.0,98.4,0.0
20120202043200,0.1,0.0,0.5,12.0,0.2,0.0,87.2,0.0
20120202043300,0.0,0.0,1.6,4.6,0.6,0.1,93.1,0.0
20120202043400,0.0,0.0,0.9,3.1,0.0,0.0,95.9,0.0
20120202043500,0.4,0.0,1.6,3.4,0.1,0.1,94.4,0.0
20120202043600,0.2,0.0,11.6,38.2,2.1,0.0,47.9,0.0
20120202043700,0.0,0.0,6.8,2.6,0.1,0.1,90.1,0.2
20120202043800,0.1,0.0,8.1,18.9,1.0,0.7,70.9,0.3
20120202043900,0.0,0.0,0.6,0.1,0.0,0.0,99.2,0.0
