UT,arc,discrete,diffuse,ac,ab,clear,cloudy,dd
20121103151800,0.0,0.0,0.0,0.0,0.0,0.0,0.0,100.0
20121103151900,0.0,0.0,0.0,0.0,0.0,0.0,0.0,100.0
20121103152000,0.0,0.0,0.0,0.0,0.0,0.0,0.0,100.0
20121103152100,0.0,0.0,0.0,0.0,0.0,0.0,0.0,100.0
20121103152200,0.0,0.0,0.0,0.0,0.0,0.0,0.0,100.0
20121103152300,0.0,0.0,0.0,0.0,0.0,0.0,0.0,100.0
20121103152400,0.0,0.0,0.0,0.0,0.0,0.0,0.0,100.0
20121103152500,0.0,0.0,0.0,0.0,0.0,0.0,0.0,100.0
20121103152600,0.0,0.0,0.0,0.0,0.0,0.0,0.0,100.0
20121103152700,0.0,0.0,0.0,0.0,0.0,0.0,0.0,100.0
20121103152800,0.0,0.0,0.0,0.0,0.0,0.0,0.0,100.0
20121103152900,0.0,0.0,0.0,0.0,0.0,0.0,0.0,100.0
20121103153000,0.0,0.0,0.0,0.0,0.0,0.0,0.0,100.0
20121103153100,0.0,0.0,0.0,0.0,0.0,0.0,0.0,100.0
20121103153200,0.0,0.0,0.0,0.0,0.0,0.0,0.0,100.0
20121103153300,0.0,0.0,0.0,0.0,0.0,0.0,0.0,100.0
20121103153400,0.0,0.0,0.0,0.0,0.0,0.0,0.0,100.0
20121103153500,0.0,0.0,0.0,0.0,0.0,0.0,0.0,100.0
20121103153600,0.0,0.0,0.0,0.0,0.0,0.0,0.0,100.0
20121103153700,0.0,0.0,0.0,0.0,0.0,0.0,0.0,100.0
20121103153800,0.0,0.0,0.0,0.0,0.0,0.0,0.0,100.0
20121103153900,0.0,0.0,0.0,0.0,0.0,0.0,0.0,100.0
20121103154000,0.0,0.0,0.0,0.0,0.0,0.0,0.0,100.0
20121103154100,0.0,0.0,0.0,0.0,0.0,0.0,0.0,100.0
20121103154200,0.0,0.0,0.0,0.0,0.0,0.0,0.0,100.0
20121103154300,0.0,0.0,0.0,0.0,0.0,0.0,0.0,100.0
20121103154400,0.0,0.0,0.0,0.0,0.0,0.0,0.0,100.0
20121103154500,0.0,0.0,0.0,0.0,0.0,0.0,0.0,100.0
20121103154600,0.0,0.0,0.0,0.0,0.0,0.0,0.0,100.0
20121103154700,0.0,0.0,0.0,0.0,0.0,0.0,0.0,100.0
20121103154800,0.0,0.0,0.0,0.0,0.0,0.0,0.0,100.0
20121103154900,0.0,0.0,0.0,0.0,0.0,0.0,0.0,100.0
20121103155000,0.0,0.0,0.0,0.0,0.0,0.0,0.0,100.0
20121103155100,0.0,0.0,0.0,0.0,0.0,0.0,0.0,100.0
20121103155200,0.0,0.0,0.0,0.0,0.0,0.0,0.0,100.0
20121103155300,0.0,0.0,0.0,0.0,0.0,0.0,0.0,100.0
20121103155400,0.0,0.0,0.0,0.0,0.0,0.0,0.0,100.0
20121103155500,0.0,0.0,0.0,0.0,0.0,0.0,0.0,100.0
20121103155600,0.0,0.0,0.0,0.0,0.0,0.0,0.0,100.0
20121103155700,0.0,0.0,0.0,0.0,0.0,0.0,0.0,100.0
20121103155800,0.0,0.0,0.0,0.0,0.0,0.0,0.0,100.0
20121103155900,0.0,0.0,0.0,0.0,0.0,0.0,0.0,100.0
20121103160000,0.0,0.0,0.0,0.0,0.0,0.0,0.0,100.0
20121103160100,0.0,0.0,0.0,0.0,0.0,0.0,0.0,100.0
20121103160200,0.0,0.0,0.0,0.0,0.0,0.0,0.0,100.0
20121103160300,0.0,0.0,0.0,0.0,0.0,0.0,0.0,100.0
20121103160400,0.0,0.0,0.0,0.0,0.0,0.0,0.0,100.0
20121103160500,0.0,0.0,0.0,0.0,0.0,0.0,0.0,100.0
20121103160600,0.0,0.0,0.0,0.0,0.0,0.0,0.0,100.0
20121103160700,0.0,0.0,0.0,0.0,0.0,0.0,0.8,99.2
20121103160800,0.0,0.0,0.0,0.0,0.0,0.0,0.3,99.6
20121103160900,0.0,0.0,0.0,0.0,0.0,0.0,0.2,99.8
20121103161000,0.0,0.0,0.0,0.0,0.0,0.1,3.4,96.6
20121103161100,0.0,0.0,0.0,0.0,0.0,0.8,4.7,94.5
20121103161200,0.1,0.0,0.0,0.0,0.0,2.5,39.2,58.1
20121103161300,0.1,0.0,0.0,0.1,0.0,1.6,34.4,63.7
20121103161400,0.1,0.0,0.1,0.3,0.1,3.0,87.6,8.8
20121103161500,0.0,0.0,0.0,0.1,0.0,0.5,98.3,1.0
20121103161600,0.1,0.0,0.0,0.1,0.0,0.3,99.3,0.2
20121103161700,0.0,0.0,0.0,0.1,0.0,0.0,98.6,1.2
20121103161800,0.0,0.0,0.0,0.6,0.0,0.1,98.7,0.6
20121103161900,0.0,0.0,0.0,0.6,0.0,0.4,98.6,0.4
20121103162000,0.0,0.0,0.0,0.1,0.0,0.1,99.7,0.1
20121103162100,0.0,0.0,0.0,0.0,0.0,0.0,99.7,0.3
20121103162200,0.0,0.0,0.0,0.1,0.0,0.1,99.6,0.2
20121103162300,0.0,0.0,0.0,0.2,0.0,0.2,99.6,0.1
20121103162400,0.0,0.0,0.0,0.1,0.0,0.0,99.8,0.0
20121103162500,0.1,0.0,0.0,0.6,0.0,0.1,99.2,0.0
20121103162600,0.1,0.0,0.0,0.2,0.0,0.4,99.0,0.2
20121103162700,0.4,0.0,0.1,2.0,0.0,1.1,96.1,0.3
20121103162800,0.1,0.0,0.1,0.4,0.0,0.4,98.7,0.3
20121103162900,0.0,0.0,0.1,0.7,0.0,0.4,98.3,0.4
20121103163000,0.2,0.0,0.2,2.4,0.0,0.9,95.8,0.6
20121103163100,0.1,0.0,0.1,1.5,0.0,0.7,97.2,0.3
20121103163200,0.7,0.0,0.2,6.3,0.0,1.3,90.3,1.2
20121103163300,1.3,0.0,1.0,21.0,0.1,1.2,74.1,1.5
20121103163400,0.3,0.0,0.9,0.8,0.0,2.2,95.6,0.1
20121103163500,0.0,0.0,0.2,0.0,0.0,0.2,99.3,0.3
20121103163600,0.1,0.0,0.2,0.8,0.0,0.7,98.0,0.1
20121103163700,0.0,0.0,0.4,1.2,0.0,0.2,97.9,0.2
20121103163800,0.0,0.0,0.4,2.9,0.0,0.9,95.5,0.2
20121103163900,0.1,0.0,2.2,28.4,0.0,2.6,66.4,0.3
20121103164000,0.0,0.0,0.4,0.9,0.0,0.0,98.5,0.2
20121103164100,0.0,0.0,0.2,0.3,0.0,0.1,99.4,0.0
20121103164200,0.5,0.0,0.6,93.8,0.0,0.7,3.4,0.9
20121103164300,0.5,0.0,0.1,99.3,0.0,0.0,0.1,0.0
20121103164400,0.2,0.0,0.3,99.4,0.0,0.0,0.0,0.0
20121103164500,2.1,0.0,0.3,97.5,0.0,0.0,0.1,0.0
20121103164600,0.7,0.0,0.2,98.9,0.0,0.0,0.1,0.0
20121103164700,4.7,0.2,10.4,73.1,0.2,0.8,10.5,0.1
20121103164800,16.6,0.1,2.7,79.5,0.5,0.1,0.5,0.0
20121103164900,16.0,0.1,2.6,54.1,0.9,0.4,25.3,0.6
20121103165000,3.5,0.1,0.7,70.1,0.3,0.4,24.4,0.5
20121103165100,6.4,0.1,1.9,62.8,0.1,0.4,27.7,0.5
20121103165200,2.0,0.0,2.8,19.2,0.1,1.0,74.4,0.4
20121103165300,1.5,0.0,14.4,21.5,0.3,0.4,61.4,0.4
20121103165400,3.3,0.0,3.7,88.7,0.2,0.1,4.0,0.0
20121103165500,1.4,0.1,0.4,97.2,0.1,0.2,0.6,0.0
20121103165600,0.3,0.0,0.1,99.5,0.0,0.0,0.0,0.0
20121103165700,0.8,0.0,0.0,99.0,0.1,0.0,0.0,0.0
20121103165800,6.9,0.0,0.0,93.1,0.0,0.0,0.0,0.0
20121103165900,2.5,0.0,0.0,97.5,0.1,0.0,0.0,0.0
20121103170000,0.1,0.0,0.3,99.5,0.0,0.0,0.0,0.0
20121103170100,0.1,0.0,0.1,99.8,0.0,0.0,0.0,0.0
20121103170200,0.1,0.0,0.1,99.7,0.0,0.0,0.0,0.0
20121103170300,0.5,0.0,4.4,95.0,0.1,0.0,0.0,0.0
20121103170400,0.1,0.0,3.1,96.2,0.5,0.0,0.0,0.0
20121103170500,0.4,0.0,0.0,99.6,0.0,0.0,0.0,0.0
20121103170600,2.3,0.0,0.0,97.5,0.2,0.0,0.0,0.0
20121103170700,1.2,0.0,0.0,98.8,0.1,0.0,0.0,0.0
20121103170800,0.1,0.0,0.0,99.9,0.0,0.0,0.0,0.0
20121103170900,3.1,0.1,3.6,92.8,0.3,0.1,0.1,0.0
20121103171000,1.1,0.0,0.7,97.9,0.1,0.0,0.2,0.0
20121103171100,0.6,0.0,1.9,97.3,0.1,0.1,0.0,0.0
20121103171200,0.0,0.0,0.0,99.9,0.0,0.0,0.1,0.0
20121103171300,0.2,0.0,0.2,98.9,0.0,0.0,0.6,0.0
20121103171400,0.5,0.0,0.0,99.4,0.0,0.0,0.0,0.0
20121103171500,2.1,0.0,0.2,97.4,0.2,0.0,0.1,0.0
20121103171600,11.7,0.1,1.0,84.4,1.9,0.0,0.8,0.0
20121103171700,7.0,0.1,16.1,73.9,1.9,0.1,0.8,0.1
20121103171800,7.5,0.1,15.3,75.6,1.1,0.0,0.2,0.0
20121103171900,2.1,0.1,1.5,95.6,0.4,0.0,0.3,0.0
20121103172000,0.9,0.0,10.5,87.4,0.5,0.1,0.6,0.0
20121103172100,6.1,0.0,7.6,82.9,3.2,0.0,0.1,0.0
20121103172200,3.9,0.1,17.1,76.2,1.8,0.1,0.8,0.1
20121103172300,2.9,0.1,50.8,42.1,2.2,0.2,1.4,0.4
20121103172400,1.8,0.1,20.8,61.2,1.2,1.5,12.9,0.5
20121103172500,1.3,0.1,23.6,53.5,1.5,1.3,17.9,0.8
20121103172600,0.5,0.0,16.6,23.5,0.3,0.1,57.7,1.3
20121103172700,0.6,0.1,6.4,75.1,0.1,0.1,17.5,0.1
20121103172800,0.1,0.0,2.9,53.0,0.2,0.1,43.5,0.3
20121103172900,0.0,0.0,0.4,17.7,0.0,0.1,81.6,0.2
20121103173000,0.0,0.0,1.5,4.3,0.1,0.2,93.8,0.1
20121103173100,0.0,0.0,1.7,3.8,0.1,0.1,93.9,0.3
20121103173200,0.2,0.0,9.2,9.0,0.0,0.2,81.1,0.1
20121103173300,0.1,0.0,7.9,67.7,0.2,0.0,24.0,0.0
20121103173400,1.4,0.0,2.1,92.1,0.4,0.0,3.8,0.1
20121103173500,0.3,0.0,0.6,95.6,0.0,0.0,3.4,0.1
20121103173600,0.0,0.0,4.8,28.3,0.1,0.0,65.6,1.2
20121103173700,0.0,0.0,0.1,5.7,0.0,0.0,94.0,0.3
20121103173800,0.0,0.0,0.2,19.9,0.0,0.0,79.8,0.1
20121103173900,0.0,0.0,0.3,3.3,0.0,0.0,96.1,0.3
20121103174000,0.0,0.0,5.4,2.8,0.0,0.0,91.0,0.7
20121103174100,0.0,0.0,0.3,6.3,0.0,0.0,93.0,0.4
20121103174200,0.0,0.0,0.3,4.8,0.0,0.0,94.5,0.4
20121103174300,0.0,0.0,13.8,0.3,0.0,0.1,84.9,0.9
20121103174400,0.1,0.0,3.0,13.7,0.1,0.1,82.4,0.6
20121103174500,0.1,0.0,7.7,3.2,0.0,0.0,88.7,0.2
20121103174600,0.0,0.0,1.5,1.3,0.0,0.0,97.0,0.1
20121103174700,0.0,0.0,0.8,0.2,0.0,0.0,98.7,0.3
20121103174800,0.0,0.0,1.2,0.2,0.0,0.0,98.2,0.3
20121103174900,0.0,0.0,0.5,0.0,0.0,0.0,99.4,0.1
20121103175000,0.0,0.0,2.5,0.1,0.0,0.0,97.3,0.1
20121103175100,0.0,0.0,0.5,0.4,0.0,0.0,98.8,0.4
20121103175200,0.0,0.0,2.2,12.7,0.1,0.0,83.5,1.5
20121103175300,0.0,0.0,4.4,0.6,0.0,0.0,93.3,1.6
20121103175400,0.0,0.0,4.6,5.9,0.1,0.0,87.3,2.0
20121103175500,0.1,0.0,31.2,35.5,0.5,0.0,26.6,6.2
20121103175600,0.0,0.0,32.6,11.1,0.7,0.0,53.9,1.6
20121103175700,0.2,0.1,29.5,53.1,1.5,0.0,15.3,0.4
20121103175800,0.1,0.0,2.9,2.3,0.1,0.1,92.9,1.6
20121103175900,0.3,0.0,12.3,55.5,2.0,0.1,28.1,1.7
20121103180000,0.0,0.0,2.9,4.3,0.1,0.0,92.1,0.5
20121103180100,0.0,0.0,0.1,0.4,0.0,0.0,99.4,0.2
20121103180200,0.0,0.0,0.0,0.1,0.0,0.0,99.8,0.1
20121103180300,0.0,0.0,0.7,4.0,0.2,0.0,93.6,1.5
20121103180400,0.1,0.0,6.2,3.9,0.3,0.0,84.6,4.8
20121103180500,0.0,0.0,1.6,1.2,0.0,0.0,93.2,4.0
20121103180600,0.0,0.0,0.4,0.1,0.0,0.0,98.8,0.7
20121103180700,0.0,0.0,0.7,0.1,0.0,0.0,98.3,0.9
20121103180800,0.0,0.0,1.2,0.0,0.0,0.0,98.6,0.1
20121103180900,0.0,0.0,8.5,1.0,0.0,0.0,89.3,1.1
20121103181000,0.0,0.0,22.4,2.8,0.1,0.0,74.3,0.4
20121103181100,0.0,0.0,6.5,1.2,0.1,0.0,91.0,1.3
20121103181200,0.0,0.0,12.4,58.5,0.4,0.0,27.6,1.0
20121103181300,0.0,0.0,2.0,0.9,0.0,0.0,96.9,0.1
20121103181400,0.0,0.0,0.4,0.0,0.0,0.0,99.6,0.1
20121103181500,0.0,0.0,0.6,0.1,0.0,0.0,99.2,0.2
20121103181600,0.1,0.0,17.0,25.0,0.6,0.0,54.1,3.2
20121103181700,0.0,0.0,13.4,10.7,0.3,0.0,75.1,0.6
20121103181800,0.0,0.0,0.0,0.1,0.0,0.0,99.8,0.1
20121103181900,0.0,0.0,1.0,0.2,0.0,0.1,98.6,0.1
20121103182000,0.0,0.0,0.1,0.0,0.0,0.0,99.8,0.1
20121103182100,0.0,0.0,0.1,0.1,0.0,0.0,98.8,0.9
20121103182200,0.0,0.0,0.2,0.0,0.0,0.0,99.4,0.4
20121103182300,0.0,0.0,0.1,0.0,0.0,0.0,99.6,0.2
20121103182400,0.3,0.1,2.2,33.4,2.2,0.0,54.1,7.6
20121103182500,1.9,0.1,0.7,79.8,0.6,0.1,9.7,7.1
20121103182600,1.0,0.1,3.2,52.8,0.7,0.2,19.2,22.7
20121103182700,1.9,0.2,0.9,65.1,1.6,0.2,13.7,16.3
20121103182800,4.0,0.4,0.4,92.0,1.7,0.0,0.8,0.7
20121103182900,17.7,0.5,0.2,79.0,0.4,0.0,0.7,1.5
20121103183000,6.8,0.6,0.5,69.0,1.0,0.1,15.4,6.7
20121103183100,0.8,0.1,0.2,19.1,0.5,0.1,69.6,9.5
20121103183200,0.1,0.0,0.1,4.5,0.2,0.0,93.4,1.6
20121103183300,0.0,0.0,0.0,0.1,0.0,0.0,99.0,0.9
20121103183400,0.0,0.0,0.0,0.1,0.0,0.0,98.0,1.8
20121103183500,0.0,0.0,0.0,0.0,0.0,0.0,99.7,0.2
20121103183600,0.1,0.0,0.9,1.0,0.1,0.1,96.5,1.3
20121103183700,0.0,0.0,0.2,1.4,0.1,0.0,97.7,0.5
20121103183800,0.6,0.1,0.5,39.6,1.8,0.1,54.9,2.3
20121103183900,0.0,0.0,0.0,0.1,0.0,0.0,99.3,0.5
20121103184000,0.0,0.0,0.1,0.4,0.0,0.1,96.1,3.3
20121103184100,0.0,0.1,0.3,2.6,0.1,0.1,87.8,8.9
20121103184200,0.0,0.0,0.0,1.9,0.0,0.0,97.4,0.6
20121103184300,0.0,0.1,0.4,3.6,0.0,0.1,90.7,5.0
20121103184400,0.0,0.0,0.3,0.1,0.0,0.0,96.5,3.0
20121103184500,0.0,0.0,0.2,0.4,0.0,0.0,96.1,3.2
20121103184600,0.0,0.0,2.8,0.0,0.0,0.1,92.4,4.7
20121103184700,0.0,0.0,0.2,0.2,0.0,0.1,64.1,35.3
20121103184800,0.0,0.1,1.5,0.2,0.0,0.3,82.0,15.9
20121103184900,0.0,0.0,2.4,0.4,0.0,0.3,87.4,9.4
20121103185000,0.0,0.0,0.3,0.1,0.0,0.1,91.8,7.6
20121103185100,0.0,0.0,0.3,0.2,0.0,0.0,94.6,4.8
20121103185200,0.0,0.1,1.3,0.2,0.2,0.1,88.7,9.5
20121103185300,0.0,0.0,0.5,0.3,0.1,0.1,35.4,63.6
20121103185400,0.1,0.0,0.2,0.1,0.1,0.1,70.5,28.9
20121103185500,0.0,0.0,0.1,0.0,0.0,0.1,86.9,12.8
20121103185600,0.0,0.1,0.4,0.2,0.3,0.0,83.5,15.6
20121103185700,0.0,0.1,1.1,0.2,0.2,0.3,72.7,25.3
20121103185800,0.0,0.1,0.2,0.1,0.1,0.3,79.8,19.5
20121103185900,0.0,0.1,0.1,0.1,0.1,0.1,87.1,12.5
20121103190000,0.0,0.1,0.2,0.4,0.2,0.3,58.9,39.9
20121103190100,0.0,0.0,0.1,0.2,0.2,0.6,50.1,48.7
20121103190200,0.0,0.1,0.3,0.8,2.4,0.1,13.7,82.5
20121103190300,0.0,0.0,0.1,0.1,0.1,0.2,91.9,7.6
20121103190400,0.0,0.0,0.1,0.1,0.0,0.1,95.9,3.7
20121103190500,0.0,0.0,0.1,0.0,0.0,0.1,90.9,8.8
20121103190600,0.0,0.0,0.3,0.1,0.1,0.1,55.0,44.4
20121103190700,0.0,0.0,0.1,0.0,0.0,0.0,93.2,6.7
20121103190800,0.0,0.0,0.1,0.1,0.1,0.1,53.0,46.7
20121103190900,0.1,0.1,0.3,0.3,0.5,0.2,55.1,43.5
20121103191000,0.0,0.0,0.1,0.2,0.4,0.3,45.3,53.7
20121103191100,0.0,0.1,0.3,0.1,0.1,0.1,73.7,25.6
20121103191200,0.0,0.0,0.1,0.1,0.1,0.2,79.8,19.8
20121103191300,0.0,0.1,0.3,0.0,0.0,0.0,95.8,3.7
20121103191400,0.0,0.0,0.0,0.0,0.0,0.0,95.7,4.2
20121103191500,0.0,0.0,0.0,0.0,0.0,0.0,98.2,1.7
20121103191600,0.0,0.1,0.9,0.0,0.7,0.0,92.5,5.6
20121103191700,0.0,0.1,0.5,0.1,0.3,0.0,81.8,17.3
20121103191800,0.0,0.2,2.4,0.2,1.2,0.1,52.7,43.2
20121103191900,0.0,0.0,0.1,0.1,0.1,0.0,90.6,9.1
20121103192000,0.0,0.0,0.2,0.3,0.2,0.0,82.7,16.5
20121103192100,0.0,0.0,0.0,0.0,0.0,0.0,96.3,3.7
20121103192200,0.1,0.7,0.1,0.2,0.6,0.5,79.2,18.5
20121103192300,0.0,0.1,0.2,0.2,1.2,0.1,53.4,44.8
20121103192400,0.0,0.2,0.1,0.2,0.3,0.1,31.9,67.2
20121103192500,0.1,9.1,1.8,5.3,45.0,0.2,8.8,29.7
20121103192600,0.1,0.4,3.3,0.1,1.1,0.1,72.5,22.3
20121103192700,0.0,0.1,0.1,0.2,2.0,0.0,73.9,23.6
20121103192800,0.0,0.1,0.2,0.1,5.2,0.1,47.0,47.4
20121103192900,0.0,0.2,0.3,0.2,0.9,0.1,87.1,11.2
20121103193000,0.0,0.0,0.0,0.0,0.3,0.0,86.5,13.1
20121103193100,0.0,0.0,0.0,0.0,0.1,0.0,98.5,1.4
20121103193200,0.0,0.0,0.2,0.1,8.4,0.0,81.7,9.5
20121103193300,0.0,0.0,0.0,0.1,1.3,0.0,96.0,2.5
20121103193400,0.0,0.0,0.0,0.0,0.2,0.0,98.8,1.0
20121103193500,0.0,0.0,0.0,0.0,1.3,0.1,95.4,3.2
20121103193600,0.0,0.0,0.0,0.0,0.5,0.0,96.7,2.7
20121103193700,0.0,0.0,0.0,0.1,1.0,0.3,93.5,5.1
20121103193800,0.3,0.1,0.1,1.2,3.3,0.4,78.0,16.7
20121103193900,0.0,0.0,0.0,0.1,2.1,0.1,95.4,2.2
20121103194000,0.0,0.0,0.2,0.3,0.9,0.1,95.8,2.7
20121103194100,0.0,0.0,0.1,0.2,2.1,0.1,94.8,2.8
20121103194200,0.1,0.1,1.0,3.0,20.8,0.1,44.5,30.5
20121103194300,0.1,0.0,0.1,3.8,51.9,0.0,13.3,30.7
20121103194400,0.0,0.0,0.0,0.0,0.3,0.0,97.3,2.3
20121103194500,0.0,0.0,0.0,0.1,0.3,0.0,98.3,1.3
20121103194600,0.0,0.0,0.1,0.3,2.6,0.0,58.5,38.5
20121103194700,0.0,0.0,0.0,0.5,1.1,0.0,91.2,7.2
20121103194800,0.0,0.0,0.0,0.1,0.3,0.0,62.8,36.7
20121103194900,0.0,0.0,0.0,0.0,0.2,0.0,94.7,5.0
20121103195000,0.0,0.0,0.0,0.1,1.1,0.0,97.8,1.0
20121103195100,0.0,0.0,0.0,0.0,0.5,0.0,98.5,0.9
20121103195200,0.0,0.0,0.0,0.1,0.2,0.0,98.5,1.1
20121103195300,0.0,0.0,0.0,0.0,0.1,0.0,96.5,3.3
20121103195400,0.0,0.0,0.0,0.0,0.1,0.0,94.4,5.4
20121103195500,0.0,0.0,0.0,0.1,0.8,0.0,85.9,13.1
20121103195600,0.0,0.0,0.0,0.0,0.2,0.0,98.2,1.5
20121103195700,0.0,0.0,0.0,0.0,0.3,0.0,97.2,2.5
20121103195800,0.0,0.0,0.0,0.1,2.4,0.0,95.4,2.1
20121103195900,0.1,0.0,0.0,0.2,5.4,0.1,87.5,6.7
20121103200001,0.9,0.0,0.0,0.7,10.6,0.2,86.3,1.3
20121103200101,0.1,0.0,0.3,1.7,43.8,0.1,48.9,5.0
20121103200201,0.0,0.0,0.0,0.5,4.7,0.1,79.0,15.6
20121103200301,0.0,0.0,0.1,0.1,2.7,0.0,90.8,6.2
20121103200401,0.0,0.0,0.0,0.1,2.3,0.0,96.2,1.3
20121103200501,0.0,0.0,0.0,0.1,2.1,0.1,97.1,0.6
20121103200601,0.0,0.0,0.0,0.0,1.8,0.0,97.7,0.3
20121103200701,0.0,0.0,0.1,0.0,0.5,0.0,98.6,0.8
20121103200801,0.1,0.0,0.1,0.4,5.5,0.1,89.9,4.0
20121103200901,0.0,0.0,0.0,0.1,0.3,0.0,98.7,0.9
20121103201001,0.0,0.0,0.0,0.0,0.4,0.0,95.4,4.1
20121103201101,0.0,0.0,0.0,0.2,7.6,0.0,81.9,10.1
20121103201201,0.2,0.0,0.5,1.0,19.9,0.0,64.3,14.1
20121103201301,0.1,0.0,0.2,2.4,17.3,0.0,47.3,32.6
20121103201401,0.0,0.0,0.2,0.5,10.4,0.0,67.2,21.6
20121103201501,0.0,0.0,0.0,0.1,3.4,0.0,93.9,2.6
20121103201601,0.0,0.0,0.0,0.0,1.8,0.0,98.0,0.2
20121103201701,0.0,0.0,0.0,0.0,0.9,0.0,98.5,0.5
20121103201801,0.0,0.0,0.0,0.0,1.5,0.0,97.8,0.6
20121103201901,0.0,0.0,0.0,0.2,1.3,0.0,96.3,2.2
20121103202001,0.0,0.0,0.0,0.2,2.7,0.0,94.7,2.4
20121103202101,0.0,0.0,0.0,0.2,1.6,0.0,95.5,2.7
20121103202201,0.1,0.0,0.1,0.4,1.6,0.1,96.3,1.6
20121103202301,0.0,0.0,0.0,0.1,1.7,0.0,94.2,3.9
20121103202401,0.0,0.0,0.2,0.3,2.7,0.0,92.8,3.9
20121103202501,0.0,0.0,0.3,0.1,2.0,0.0,95.5,2.2
20121103202601,0.0,0.0,0.0,0.0,0.5,0.0,98.9,0.5
20121103202701,0.0,0.0,0.0,0.0,0.4,0.0,97.9,1.6
20121103202801,0.0,0.0,0.0,0.0,0.0,0.0,99.9,0.1
20121103202901,0.0,0.0,0.0,0.0,0.1,0.0,99.8,0.1
20121103203001,0.0,0.0,0.0,0.0,0.4,0.0,99.5,0.1
20121103203101,0.0,0.0,0.0,0.0,0.0,0.0,99.9,0.1
20121103203201,0.0,0.0,0.0,0.0,0.0,0.0,99.9,0.1
20121103203301,0.0,0.0,0.0,0.0,0.2,0.0,99.0,0.7
20121103203401,0.0,0.0,0.0,0.1,0.5,0.0,97.3,2.1
20121103203501,0.0,0.0,0.0,0.5,1.0,0.0,96.2,2.2
20121103203601,0.0,0.0,0.0,0.2,1.0,0.0,97.0,1.8
20121103203701,0.0,0.0,0.0,0.0,0.1,0.0,98.9,1.0
20121103203801,0.0,0.0,0.1,0.1,1.4,0.0,90.7,7.7
20121103203901,0.0,0.0,0.0,0.2,1.5,0.0,96.6,1.8
20121103204001,0.0,0.0,0.0,0.0,0.1,0.0,98.2,1.7
20121103204101,0.0,0.0,0.0,0.2,0.1,0.0,95.1,4.5
20121103204201,0.0,0.0,0.0,0.1,0.2,0.0,93.4,6.2
20121103204301,0.0,0.0,0.0,0.1,0.1,0.0,98.9,0.8
20121103204401,0.0,0.0,0.1,2.1,5.2,0.0,89.3,3.3
20121103204501,0.0,0.0,0.0,0.1,1.3,0.0,96.8,1.9
20121103204601,0.0,0.0,0.0,0.3,3.2,0.0,91.1,5.4
20121103204701,0.0,0.0,0.0,0.2,0.7,0.0,98.2,0.9
20121103204801,0.0,0.0,0.0,0.2,0.3,0.0,98.4,1.1
20121103204901,0.0,0.0,0.1,3.6,1.1,0.0,90.3,4.9
20121103205001,0.0,0.0,0.0,1.9,1.2,0.0,94.7,2.1
20121103205101,0.0,0.0,0.1,0.6,0.4,0.0,86.9,12.1
20121103205201,0.0,0.0,0.0,0.5,0.3,0.0,93.1,6.1
20121103205301,0.0,0.0,0.0,0.1,0.0,0.0,99.4,0.5
20121103205401,0.0,0.0,0.0,0.1,0.0,0.0,99.2,0.7
20121103205501,0.0,0.0,0.0,0.4,0.0,0.0,98.8,0.7
20121103205601,0.0,0.0,0.0,0.2,0.0,0.0,99.1,0.7
20121103205701,0.0,0.0,0.0,0.4,0.0,0.0,98.7,0.9
20121103205801,0.0,0.0,0.0,1.2,0.0,0.0,98.0,0.9
20121103205901,0.0,0.0,0.0,1.0,0.0,0.0,96.3,2.8
20121103210001,0.0,0.0,0.0,2.0,0.0,0.0,89.5,8.5
20121103210101,0.0,0.0,0.0,0.2,0.0,0.0,89.4,10.5
20121103210201,0.0,0.0,0.0,0.7,0.0,0.0,90.8,8.5
20121103210301,0.0,0.0,0.0,0.3,0.0,0.0,82.5,17.1
20121103210401,0.0,0.0,0.0,0.4,0.0,0.0,84.3,15.3
20121103210501,0.0,0.0,0.0,1.6,0.1,0.0,76.6,21.8
20121103210601,0.0,0.0,0.0,2.2,0.1,0.0,83.8,14.0
20121103210701,0.0,0.0,0.0,9.8,0.1,0.0,67.3,22.8
20121103210801,0.0,0.0,0.0,34.0,0.3,0.0,44.7,21.0
20121103210901,0.0,0.0,0.0,69.0,0.2,0.0,24.1,6.7
20121103211001,0.0,0.0,0.0,94.9,0.4,0.0,2.8,1.8
20121103211101,0.0,0.0,0.0,99.5,0.0,0.0,0.2,0.3
20121103211201,0.0,0.0,0.0,94.9,0.2,0.0,2.1,2.8
20121103211301,0.0,0.0,0.0,19.0,0.3,0.0,42.0,38.7
20121103211401,0.0,0.0,0.0,49.3,4.1,0.0,9.0,37.6
20121103211501,0.0,0.0,0.0,28.4,2.9,0.0,36.4,32.3
20121103211601,0.0,0.0,0.0,6.5,0.3,0.0,64.9,28.4
20121103211701,0.0,0.0,0.0,0.8,0.0,0.0,47.2,52.0
20121103211801,0.0,0.0,0.0,1.1,0.0,0.0,67.8,31.0
20121103211901,0.0,0.0,0.0,4.6,0.1,0.0,88.7,6.6
20121103212001,0.0,0.0,0.0,1.1,0.1,0.0,83.3,15.5
20121103212101,0.0,0.0,0.0,5.2,0.1,0.0,84.8,9.9
20121103212201,0.0,0.0,0.0,14.2,0.2,0.0,70.1,15.5
20121103212301,0.0,0.0,0.0,4.8,0.1,0.0,81.7,13.4
20121103212401,0.0,0.0,0.0,12.7,0.5,0.0,33.1,53.7
20121103212501,0.0,0.0,0.0,15.4,0.2,0.0,36.8,47.7
20121103212601,0.0,0.0,0.0,13.8,0.4,0.0,54.6,31.3
20121103212701,0.0,0.0,0.0,3.7,0.0,0.0,79.5,16.8
20121103212801,0.0,0.0,0.0,6.1,0.2,0.0,43.9,49.8
20121103212901,0.0,0.0,0.0,7.2,0.1,0.0,77.2,15.6
20121103213001,0.0,0.0,0.0,4.3,0.1,0.0,64.7,30.9
20121103213101,0.0,0.0,0.0,2.4,0.0,0.0,42.3,55.2
20121103213201,0.0,0.0,0.0,9.4,0.1,0.0,54.9,35.6
20121103213301,0.0,0.0,0.0,5.1,0.0,0.0,88.2,6.6
20121103213401,0.0,0.0,0.0,1.2,0.0,0.0,66.0,32.8
20121103213501,0.0,0.0,0.0,5.3,0.1,0.0,77.9,16.7
20121103213601,0.0,0.0,0.0,5.3,0.1,0.0,84.2,10.4
20121103213701,0.0,0.0,0.0,4.0,0.0,0.0,60.5,35.5
20121103213801,0.0,0.0,0.0,3.3,0.1,0.0,86.6,10.0
20121103213901,0.0,0.0,0.0,2.8,0.1,0.0,75.0,22.1
20121103214001,0.0,0.0,0.0,2.8,0.0,0.0,68.8,28.5
20121103214101,0.0,0.0,0.0,4.2,0.1,0.0,81.2,14.5
20121103214201,0.0,0.0,0.0,1.2,0.1,0.0,67.1,31.7
20121103214301,0.0,0.0,0.0,2.7,0.1,0.0,68.4,28.8
20121103214401,0.0,0.0,0.0,0.5,0.2,0.0,75.0,24.4
20121103214501,0.0,0.0,0.0,0.4,0.2,0.0,57.9,41.4
20121103214601,0.0,0.0,0.0,2.0,0.1,0.0,57.8,40.1
20121103214701,0.0,0.0,0.0,0.4,0.1,0.0,84.0,15.4
20121103214801,0.0,0.0,0.0,1.2,0.3,0.0,70.2,28.3
20121103214901,0.0,0.0,0.0,0.9,0.0,0.0,59.3,39.7
20121103215001,0.0,0.0,0.0,1.9,0.2,0.0,57.3,40.6
20121103215101,0.0,0.0,0.0,0.6,0.1,0.0,86.7,12.6
20121103215201,0.0,0.0,0.0,0.6,0.1,0.0,75.6,23.6
20121103215301,0.0,0.0,0.0,1.3,0.2,0.0,76.3,22.2
20121103215401,0.0,0.0,0.0,0.7,0.2,0.0,52.8,46.3
20121103215501,0.0,0.0,0.0,0.6,0.0,0.0,73.6,25.7
20121103215601,0.0,0.0,0.0,1.6,0.2,0.0,46.4,51.8
20121103215701,0.0,0.0,0.0,2.7,0.2,0.0,75.3,21.9
20121103215801,0.0,0.0,0.0,0.8,0.1,0.0,39.8,59.4
20121103215901,0.0,0.0,0.0,0.9,0.1,0.0,11.2,87.7
20121103220001,0.0,0.0,0.0,0.4,0.0,0.0,37.0,62.6
20121103220101,0.0,0.0,0.0,1.1,0.1,0.0,53.4,45.3
20121103220201,0.0,0.0,0.0,0.2,0.0,0.0,42.6,57.1
20121103220301,0.0,0.0,0.0,0.7,0.1,0.0,72.8,26.5
20121103220401,0.0,0.0,0.0,0.7,0.2,0.0,76.5,22.6
20121103220501,0.0,0.0,0.0,1.9,0.3,0.0,70.6,27.2
20121103220601,0.0,0.0,0.0,1.7,0.4,0.0,46.5,51.4
20121103220701,0.0,0.0,0.0,0.6,0.1,0.0,56.2,43.1
20121103220801,0.0,0.0,0.0,1.0,0.2,0.0,69.3,29.6
20121103220901,0.0,0.0,0.0,1.6,0.2,0.0,40.5,57.7
20121103221001,0.0,0.0,0.0,2.7,1.0,0.0,68.6,27.7
20121103221101,0.0,0.0,0.0,0.8,0.3,0.0,62.1,36.7
20121103221201,0.0,0.0,0.0,0.5,0.3,0.0,76.0,23.3
20121103221301,0.0,0.0,0.0,0.4,0.1,0.0,85.6,13.9
20121103221401,0.0,0.0,0.0,0.6,0.5,0.0,16.8,82.1
20121103221501,0.0,0.0,0.0,2.5,0.2,0.0,40.9,56.4
20121103221601,0.0,0.0,0.0,1.1,0.1,0.0,33.3,65.5
20121103221701,0.0,0.0,0.0,2.0,0.3,0.0,57.5,40.2
20121103221801,0.0,0.0,0.0,0.9,0.4,0.0,73.4,25.3
20121103221901,0.0,0.0,0.0,1.1,0.9,0.0,57.0,41.0
20121103222001,0.0,0.0,0.0,0.5,1.3,0.0,17.5,80.8
20121103222101,0.0,0.0,0.0,1.4,0.8,0.0,40.7,57.1
20121103222201,0.0,0.0,0.0,0.4,0.4,0.0,27.3,71.9
20121103222301,0.0,0.0,0.0,0.2,0.6,0.0,32.7,66.5
20121103222401,0.0,0.0,0.0,0.1,0.2,0.0,5.3,94.3
20121103222501,0.0,0.0,0.0,0.3,0.2,0.0,31.2,68.4
20121103222601,0.0,0.0,0.0,0.8,0.4,0.0,49.3,49.5
20121103222701,0.0,0.0,0.0,0.1,0.7,0.0,39.1,60.0
20121103222801,0.0,0.0,0.0,0.7,1.6,0.0,30.8,67.0
20121103222901,0.0,0.0,0.0,1.2,1.5,0.0,25.7,71.7
20121103223001,0.0,0.0,0.0,0.9,0.8,0.0,53.3,44.9
20121103223101,0.0,0.0,0.0,0.6,0.7,0.0,45.6,53.0
20121103223201,0.0,0.0,0.0,0.9,2.6,0.0,27.1,69.5
20121103223301,0.0,0.0,0.0,0.4,0.1,0.0,47.8,51.6
20121103223401,0.0,0.0,0.0,0.4,0.5,0.0,58.8,40.3
20121103223501,0.0,0.0,0.0,0.6,0.4,0.0,49.5,49.5
20121103223601,0.0,0.0,0.0,0.4,0.4,0.0,45.4,53.7
20121103223701,0.0,0.0,0.0,0.3,0.1,0.0,28.4,71.1
20121103223801,0.0,0.0,0.0,0.6,0.3,0.0,26.9,72.2
20121103223901,0.0,0.0,0.0,0.2,0.1,0.0,27.4,72.3
20121103224001,0.0,0.0,0.0,0.3,0.1,0.0,46.6,53.0
20121103224101,0.0,0.0,0.0,0.3,0.1,0.0,33.2,66.4
20121103224201,0.0,0.0,0.0,0.9,0.8,0.0,45.7,52.5
20121103224301,0.0,0.0,0.0,1.3,0.4,0.0,48.6,49.7
20121103224401,0.0,0.0,0.0,0.2,0.4,0.0,26.5,72.8
20121103224501,0.0,0.0,0.0,0.2,0.4,0.0,10.5,88.8
20121103224601,0.0,0.0,0.0,0.3,0.2,0.0,34.0,65.6
20121103224701,0.0,0.0,0.0,0.3,0.2,0.0,41.5,58.0
20121103224801,0.0,0.0,0.0,0.5,0.1,0.0,13.6,85.8
20121103224901,0.0,0.0,0.0,0.4,0.1,0.0,20.4,79.1
20121103225001,0.0,0.0,0.0,0.1,0.2,0.0,47.5,52.2
20121103225101,0.0,0.0,0.0,0.1,0.1,0.0,64.5,35.2
20121103225201,0.0,0.0,0.0,0.1,0.1,0.0,37.5,62.2
20121103225301,0.0,0.0,0.0,0.1,0.1,0.0,35.9,64.0
20121103225401,0.0,0.0,0.0,0.5,0.1,0.0,65.5,33.9
20121103225501,0.0,0.0,0.0,0.3,0.1,0.0,36.3,63.4
20121103225601,0.0,0.0,0.0,0.6,0.3,0.0,40.1,59.0
20121103225701,0.0,0.0,0.0,0.5,0.3,0.0,60.9,38.2
20121103225801,0.0,0.0,0.0,0.7,0.6,0.0,51.0,47.6
20121103225901,0.0,0.0,0.0,1.3,0.7,0.0,45.3,52.8
20121103230001,0.0,0.0,0.0,0.4,0.6,0.0,33.4,65.6
20121103230101,0.0,0.0,0.0,0.2,0.2,0.0,29.7,70.0
20121103230201,0.0,0.0,0.0,0.4,0.5,0.0,36.5,62.6
20121103230301,0.0,0.0,0.0,0.4,0.4,0.0,32.9,66.4
20121103230401,0.0,0.0,0.0,0.7,0.8,0.0,24.8,73.6
20121103230501,0.0,0.0,0.0,0.7,0.6,0.0,45.4,53.2
20121103230601,0.0,0.0,0.0,0.4,0.3,0.0,48.2,51.1
20121103230701,0.0,0.0,0.0,0.1,0.3,0.0,21.8,77.8
20121103230801,0.0,0.0,0.0,0.5,0.3,0.0,32.5,66.7
20121103230901,0.0,0.0,0.0,0.2,0.0,0.0,52.0,47.8
20121103231001,0.0,0.0,0.0,0.3,0.0,0.0,44.1,55.6
20121103231101,0.0,0.0,0.0,0.2,0.2,0.0,38.5,61.1
20121103231201,0.0,0.0,0.0,0.1,0.2,0.0,20.5,79.2
20121103231301,0.0,0.0,0.0,0.2,0.1,0.0,31.0,68.6
20121103231401,0.0,0.0,0.0,0.2,0.1,0.0,40.9,58.8
20121103231501,0.0,0.0,0.0,0.4,0.1,0.0,32.9,66.6
20121103231601,0.0,0.0,0.0,0.3,0.1,0.0,18.1,81.6
20121103231701,0.0,0.0,0.0,0.4,0.2,0.0,29.1,70.3
20121103231801,0.0,0.0,0.0,0.3,0.1,0.0,17.2,82.5
20121103231901,0.0,0.0,0.0,0.5,0.0,0.0,25.0,74.4
20121103232001,0.0,0.0,0.0,0.2,0.0,0.0,16.9,82.9
20121103232101,0.0,0.0,0.0,0.0,0.0,0.0,2.8,97.2
20121103232201,0.0,0.0,0.0,0.1,0.0,0.0,6.6,93.3
20121103232301,0.0,0.0,0.0,0.1,0.0,0.0,7.6,92.3
20121103232401,0.0,0.0,0.0,0.1,0.0,0.0,22.8,77.1
20121103232501,0.0,0.0,0.0,0.1,0.0,0.0,22.5,77.3
20121103232601,0.0,0.0,0.0,0.1,0.0,0.0,19.7,80.2
20121103232701,0.0,0.0,0.0,0.1,0.0,0.0,14.0,85.9
20121103232801,0.0,0.0,0.0,0.1,0.0,0.0,7.9,92.0
20121103232901,0.0,0.0,0.0,0.2,0.0,0.0,9.7,90.1
20121103233001,0.0,0.0,0.0,0.1,0.0,0.0,12.4,87.5
20121103233101,0.0,0.0,0.0,0.4,0.0,0.0,22.2,77.4
20121103233201,0.0,0.0,0.0,0.1,0.1,0.0,19.3,80.5
20121103233301,0.0,0.0,0.0,0.5,0.1,0.0,37.2,62.2
20121103233401,0.0,0.0,0.0,0.1,0.0,0.0,7.6,92.3
20121103233501,0.0,0.0,0.0,0.6,0.0,0.0,24.1,75.3
20121103233601,0.0,0.0,0.0,0.4,0.0,0.0,43.9,55.7
20121103233701,0.0,0.0,0.0,0.3,0.0,0.0,19.5,80.3
20121103233801,0.0,0.0,0.0,0.5,0.0,0.0,6.5,92.9
20121103233901,0.0,0.0,0.0,0.7,0.0,0.0,13.7,85.6
20121103234001,0.0,0.0,0.0,1.3,0.0,0.0,30.1,68.6
20121103234101,0.0,0.0,0.0,0.3,0.0,0.0,8.5,91.2
20121103234201,0.0,0.0,0.0,0.4,0.0,0.0,31.0,68.5
20121103234301,0.0,0.0,0.0,0.6,0.1,0.0,30.4,69.0
20121103234401,0.0,0.0,0.0,0.2,0.0,0.0,13.6,86.2
20121103234501,0.0,0.0,0.0,0.2,0.0,0.0,21.4,78.4
20121103234601,0.0,0.0,0.0,0.4,0.0,0.0,18.3,81.2
20121103234701,0.0,0.0,0.0,0.1,0.1,0.0,18.1,81.7
20121103234801,0.0,0.0,0.0,0.7,0.0,0.0,31.7,67.6
20121103234901,0.0,0.0,0.0,0.6,0.1,0.0,30.4,68.9
20121103235001,0.0,0.0,0.0,0.4,0.0,0.0,60.4,39.1
20121103235101,0.0,0.0,0.0,0.5,0.1,0.0,41.5,57.9
20121103235201,0.0,0.0,0.0,0.3,0.0,0.0,77.5,22.1
20121103235301,0.0,0.0,0.0,3.2,0.3,0.0,16.9,79.6
20121103235401,0.0,0.0,0.0,0.2,0.1,0.0,6.0,93.7
20121103235501,0.0,0.0,0.0,1.4,0.2,0.0,31.5,66.9
20121103235601,0.0,0.0,0.0,2.1,0.2,0.0,27.5,70.2
20121103235701,0.0,0.0,0.0,1.2,0.0,0.0,61.4,37.4
20121103235801,0.0,0.0,0.0,2.5,0.0,0.0,53.6,43.9
20121103235901,0.0,0.0,0.0,0.8,0.1,0.0,29.3,69.9
20121104000001,0.0,0.0,0.0,0.8,0.1,0.0,17.2,82.0
20121104000101,0.0,0.0,0.0,4.1,0.3,0.0,46.8,48.9
20121104000201,0.0,0.0,0.0,0.8,0.0,0.0,23.4,75.8
20121104000301,0.0,0.0,0.0,0.7,0.1,0.0,19.2,80.1
20121104000401,0.0,0.0,0.0,0.5,0.1,0.0,12.4,87.0
20121104000501,0.0,0.0,0.0,1.5,0.1,0.0,18.9,79.6
20121104000601,0.0,0.0,0.0,1.4,0.0,0.0,18.9,79.6
20121104000701,0.0,0.0,0.0,1.6,0.1,0.0,32.4,65.9
20121104000801,0.0,0.0,0.0,1.5,0.0,0.0,13.1,85.4
20121104000901,0.0,0.0,0.0,1.4,0.1,0.0,37.5,61.0
20121104001001,0.0,0.0,0.0,0.7,0.1,0.0,36.0,63.2
20121104001101,0.0,0.0,0.0,1.0,0.1,0.0,9.1,89.8
20121104001201,0.0,0.0,0.0,1.1,0.2,0.0,35.0,63.7
20121104001301,0.0,0.0,0.0,4.0,0.9,0.0,40.7,54.4
20121104001401,0.0,0.0,0.0,1.1,0.1,0.0,10.5,88.4
20121104001501,0.0,0.0,0.0,0.7,0.2,0.0,18.0,81.1
20121104001601,0.0,0.0,0.0,0.5,0.0,0.0,67.9,31.6
20121104001701,0.0,0.0,0.0,0.3,0.0,0.0,7.0,92.6
20121104001801,0.0,0.0,0.0,0.5,0.1,0.0,14.3,85.1
20121104001901,0.0,0.0,0.0,0.3,0.1,0.0,21.4,78.2
20121104002001,0.0,0.0,0.0,0.2,0.0,0.0,9.7,90.0
20121104002101,0.0,0.0,0.0,0.3,0.0,0.0,13.4,86.2
20121104002201,0.0,0.0,0.0,0.1,0.2,0.0,12.1,87.6
20121104002301,0.0,0.0,0.0,0.2,0.2,0.0,4.6,95.0
20121104002401,0.0,0.0,0.0,0.5,0.3,0.0,7.1,92.1
20121104002501,0.0,0.0,0.0,0.3,0.1,0.0,7.0,92.7
20121104002601,0.0,0.0,0.0,0.1,0.0,0.0,3.9,95.9
20121104002701,0.0,0.0,0.0,0.3,0.2,0.0,4.8,94.8
20121104002801,0.0,0.0,0.0,1.0,0.5,0.0,33.2,65.3
20121104002901,0.0,0.0,0.0,0.1,0.0,0.0,3.5,96.4
20121104003001,0.0,0.0,0.0,0.1,0.1,0.0,3.3,96.6
20121104003101,0.0,0.0,0.0,0.1,0.1,0.0,4.2,95.6
20121104003201,0.0,0.0,0.0,0.1,0.3,0.0,3.8,95.9
20121104003301,0.0,0.0,0.0,0.1,0.0,0.0,5.5,94.3
20121104003401,0.0,0.0,0.0,0.1,0.1,0.0,1.2,98.7
20121104003501,0.0,0.0,0.0,0.1,0.1,0.0,3.5,96.3
20121104003601,0.0,0.0,0.0,0.1,0.6,0.0,22.2,77.1
20121104003701,0.0,0.0,0.0,0.1,0.2,0.0,9.6,90.0
20121104003801,0.0,0.0,0.0,0.0,0.0,0.0,5.3,94.6
20121104003901,0.0,0.0,0.0,0.0,0.1,0.0,2.6,97.4
20121104004001,0.0,0.0,0.0,0.1,0.1,0.0,3.8,96.1
20121104004101,0.0,0.0,0.0,0.1,0.0,0.0,3.6,96.3
20121104004201,0.0,0.0,0.0,0.1,0.0,0.0,1.8,98.1
20121104004301,0.0,0.0,0.0,0.1,0.1,0.0,4.2,95.5
20121104004401,0.0,0.0,0.0,0.1,0.1,0.0,4.6,95.3
20121104004501,0.0,0.0,0.0,0.0,0.0,0.0,0.3,99.7
20121104004601,0.0,0.0,0.0,0.0,0.1,0.0,0.6,99.3
20121104004701,0.0,0.0,0.0,0.0,0.0,0.0,0.4,99.6
20121104004801,0.0,0.0,0.0,0.0,0.0,0.0,0.4,99.6
20121104004901,0.0,0.0,0.0,0.0,0.1,0.0,1.4,98.5
20121104005001,0.0,0.0,0.0,0.0,0.0,0.0,0.1,99.9
20121104005101,0.0,0.0,0.0,0.0,0.1,0.0,1.7,98.2
20121104005201,0.0,0.0,0.0,0.0,0.0,0.0,3.0,97.0
20121104005301,0.0,0.0,0.0,0.0,0.0,0.0,0.2,99.8
20121104005401,0.0,0.0,0.0,0.0,0.1,0.0,0.2,99.8
20121104005501,0.0,0.0,0.0,0.0,0.1,0.0,3.1,96.8
20121104005601,0.0,0.0,0.0,0.0,0.1,0.0,0.7,99.2
20121104005701,0.0,0.0,0.0,0.0,0.1,0.0,0.3,99.6
20121104005801,0.0,0.0,0.0,0.0,0.0,0.0,0.5,99.4
20121104005901,0.0,0.0,0.0,0.0,0.0,0.0,0.1,99.9
20121104010001,0.0,0.0,0.0,0.0,0.0,0.0,0.2,99.8
20121104010101,0.0,0.0,0.0,0.0,0.0,0.0,0.1,99.9
20121104010201,0.0,0.0,0.0,0.0,0.0,0.0,0.4,99.5
20121104010301,0.0,0.0,0.0,0.0,0.0,0.0,0.0,100.0
20121104010401,0.0,0.0,0.0,0.0,0.2,0.0,0.6,99.2
20121104010501,0.0,0.0,0.0,0.0,0.1,0.0,0.6,99.3
20121104010601,0.0,0.0,0.0,0.0,0.0,0.0,0.0,100.0
20121104010701,0.0,0.0,0.0,0.0,0.0,0.0,0.3,99.7
20121104010801,0.0,0.0,0.0,0.0,0.0,0.0,0.2,99.8
20121104010901,0.0,0.0,0.0,0.0,0.0,0.0,0.1,99.9
20121104011001,0.0,0.0,0.0,0.0,0.0,0.0,0.2,99.7
20121104011101,0.0,0.0,0.0,0.0,0.0,0.0,0.2,99.8
20121104011201,0.0,0.0,0.0,0.0,0.0,0.0,0.0,99.9
20121104011301,0.0,0.0,0.0,0.0,0.0,0.0,0.1,99.8
20121104011401,0.0,0.0,0.0,0.0,0.0,0.0,0.0,99.9
20121104011501,0.0,0.0,0.0,0.0,0.0,0.0,1.1,98.8
20121104011601,0.0,0.0,0.0,0.0,0.2,0.0,0.6,99.2
20121104011701,0.0,0.0,0.0,0.0,0.0,0.0,0.1,99.9
20121104011801,0.0,0.0,0.0,0.0,0.1,0.0,0.2,99.7
20121104011901,0.0,0.0,0.0,0.0,0.0,0.0,0.2,99.7
20121104012001,0.0,0.0,0.0,0.0,0.1,0.0,0.2,99.7
20121104012101,0.0,0.0,0.0,0.0,0.0,0.0,0.0,99.9
20121104012201,0.0,0.0,0.0,0.0,0.0,0.0,0.0,100.0
20121104012301,0.0,0.0,0.0,0.0,0.0,0.0,0.3,99.7
20121104012401,0.0,0.0,0.0,0.0,0.1,0.0,0.3,99.6
20121104012501,0.0,0.0,0.0,0.0,0.2,0.0,0.1,99.7
20121104012601,0.0,0.0,0.0,0.0,0.0,0.0,0.1,99.9
20121104012701,0.0,0.0,0.0,0.0,0.0,0.0,0.1,99.9
20121104012801,0.0,0.0,0.0,0.0,0.0,0.0,0.0,99.9
20121104012901,0.0,0.0,0.0,0.0,0.1,0.0,0.9,99.1
20121104013001,0.0,0.0,0.0,0.0,0.1,0.0,0.3,99.6
20121104013101,0.0,0.0,0.0,0.0,0.0,0.0,0.5,99.5
20121104013201,0.0,0.0,0.0,0.0,0.1,0.0,0.4,99.5
20121104013301,0.0,0.0,0.0,0.0,0.0,0.0,0.1,99.9
20121104013401,0.0,0.0,0.0,0.0,0.1,0.0,0.9,99.0
20121104013501,0.0,0.0,0.0,0.0,0.1,0.0,0.4,99.5
20121104013601,0.0,0.0,0.0,0.0,0.3,0.0,0.6,99.2
20121104013701,0.0,0.0,0.0,0.0,0.1,0.0,0.5,99.4
20121104013801,0.0,0.0,0.0,0.0,0.4,0.0,0.8,98.9
20121104013901,0.0,0.0,0.0,0.0,1.4,0.0,1.0,97.6
20121104014001,0.0,0.0,0.0,0.0,0.4,0.0,0.6,99.0
20121104014101,0.0,0.0,0.0,0.0,0.8,0.0,0.3,98.9
20121104014201,0.0,0.0,0.0,0.0,0.0,0.0,1.4,98.5
20121104014301,0.0,0.0,0.0,0.0,0.1,0.0,0.3,99.6
20121104014401,0.0,0.0,0.0,0.0,0.0,0.0,0.1,99.8
20121104014501,0.0,0.0,0.0,0.0,0.3,0.0,1.6,98.1
20121104014601,0.0,0.0,0.0,0.0,0.8,0.0,2.3,96.9
20121104014701,0.0,0.0,0.0,0.0,0.1,0.0,0.5,99.4
20121104014801,0.0,0.0,0.0,0.0,0.0,0.0,0.4,99.5
20121104014901,0.0,0.0,0.0,0.0,0.4,0.0,0.5,99.2
20121104015001,0.0,0.0,0.0,0.0,1.5,0.0,2.0,96.5
20121104015101,0.0,0.0,0.0,0.0,0.3,0.0,0.4,99.2
20121104015201,0.0,0.0,0.0,0.0,0.4,0.0,2.4,97.2
20121104015301,0.0,0.0,0.0,0.0,1.8,0.0,1.1,97.1
20121104015401,0.0,0.0,0.0,0.0,0.3,0.0,1.4,98.2
20121104015501,0.0,0.0,0.0,0.0,0.1,0.0,0.5,99.4
20121104015601,0.0,0.0,0.0,0.1,0.9,0.0,4.5,94.6
20121104015701,0.0,0.0,0.0,0.0,0.5,0.0,0.9,98.6
20121104015801,0.0,0.0,0.0,0.0,1.6,0.0,2.1,96.3
20121104015901,0.0,0.0,0.0,0.0,0.4,0.0,0.7,98.8
20121104020001,0.0,0.0,0.0,0.0,0.1,0.0,0.5,99.4
20121104020101,0.0,0.0,0.0,0.0,0.2,0.0,0.1,99.8
20121104020201,0.0,0.0,0.0,0.0,0.2,0.0,0.4,99.4
20121104020301,0.0,0.0,0.0,0.0,0.2,0.0,0.3,99.4
20121104020401,0.0,0.0,0.0,0.0,0.7,0.0,0.4,98.9
20121104020501,0.0,0.0,0.0,0.0,0.2,0.0,0.3,99.5
20121104020601,0.0,0.0,0.0,0.0,0.1,0.0,0.4,99.4
20121104020701,0.0,0.0,0.0,0.0,0.2,0.0,0.3,99.5
20121104020801,0.0,0.0,0.0,0.0,0.4,0.0,0.6,99.1
20121104020901,0.0,0.0,0.0,0.0,0.3,0.0,0.6,99.0
20121104021001,0.0,0.0,0.0,0.0,0.3,0.0,0.3,99.4
20121104021101,0.0,0.0,0.0,0.0,0.1,0.0,0.1,99.8
20121104021201,0.0,0.0,0.0,0.0,0.1,0.0,0.8,99.1
20121104021301,0.0,0.0,0.0,0.1,0.2,0.0,0.7,99.0
20121104021401,0.0,0.0,0.0,0.0,0.2,0.0,0.4,99.4
20121104021501,0.0,0.0,0.0,0.0,0.3,0.0,0.2,99.5
20121104021601,0.0,0.0,0.0,0.1,0.8,0.0,1.8,97.3
20121104021701,0.0,0.0,0.0,0.0,0.1,0.0,0.4,99.5
20121104021801,0.0,0.0,0.0,0.0,0.1,0.0,0.2,99.7
20121104021901,0.0,0.0,0.0,0.0,0.4,0.0,0.4,99.2
20121104022001,0.0,0.0,0.0,0.0,0.0,0.0,0.2,99.7
20121104022101,0.0,0.0,0.0,0.0,0.1,0.0,0.2,99.7
20121104022201,0.0,0.0,0.0,0.0,0.1,0.0,0.2,99.7
20121104022301,0.0,0.0,0.0,0.0,0.3,0.0,0.5,99.2
20121104022401,0.0,0.0,0.0,0.0,0.3,0.0,0.1,99.6
20121104022501,0.0,0.0,0.0,0.1,0.4,0.0,0.3,99.3
20121104022601,0.0,0.0,0.0,0.0,0.1,0.0,0.3,99.5
20121104022701,0.0,0.0,0.0,0.0,0.1,0.0,0.1,99.8
20121104022801,0.0,0.0,0.0,0.0,0.3,0.0,0.1,99.5
20121104022901,0.0,0.0,0.0,0.0,0.3,0.0,0.2,99.5
20121104023001,0.0,0.0,0.0,0.0,0.1,0.0,0.2,99.7
20121104023101,0.0,0.0,0.0,0.0,0.1,0.0,0.2,99.6
20121104023201,0.0,0.0,0.0,0.0,0.5,0.0,0.2,99.2
20121104023301,0.0,0.0,0.0,0.0,0.1,0.0,0.1,99.8
20121104023401,0.0,0.0,0.0,0.0,0.2,0.0,0.3,99.5
20121104023501,0.0,0.0,0.0,0.0,0.2,0.0,0.1,99.7
20121104023601,0.0,0.0,0.0,0.0,0.3,0.0,0.2,99.5
20121104023701,0.0,0.0,0.0,0.0,0.4,0.0,0.2,99.4
20121104023801,0.0,0.0,0.0,0.0,0.3,0.0,0.3,99.4
20121104023901,0.0,0.0,0.0,0.0,0.1,0.0,0.1,99.8
20121104024001,0.0,0.0,0.0,0.0,0.3,0.0,0.1,99.5
20121104024101,0.0,0.0,0.0,0.0,0.2,0.0,0.1,99.7
20121104024201,0.0,0.0,0.0,0.0,0.2,0.0,0.2,99.6
20121104024301,0.0,0.0,0.0,0.1,0.7,0.0,0.8,98.3
20121104024401,0.0,0.0,0.0,0.0,0.0,0.0,0.1,99.9
20121104024501,0.0,0.0,0.0,0.0,0.0,0.0,0.0,100.0
20121104024601,0.0,0.0,0.0,0.0,0.0,0.0,0.1,99.9
20121104024701,0.0,0.0,0.0,0.0,0.1,0.0,0.2,99.8
20121104024801,0.0,0.0,0.0,0.0,0.4,0.0,0.1,99.5
20121104024901,0.0,0.0,0.0,0.0,0.1,0.0,0.1,99.9
20121104025001,0.0,0.0,0.0,0.0,0.1,0.0,0.2,99.7
20121104025101,0.0,0.0,0.0,0.0,0.3,0.0,0.3,99.5
20121104025201,0.0,0.0,0.0,0.0,0.0,0.0,0.1,99.9
20121104025301,0.0,0.0,0.0,0.0,0.1,0.0,0.0,99.9
20121104025401,0.0,0.0,0.0,0.0,0.0,0.0,0.1,99.9
20121104025501,0.0,0.0,0.0,0.0,0.3,0.0,0.0,99.7
20121104025601,0.0,0.0,0.0,0.0,0.0,0.0,0.0,99.9
20121104025701,0.0,0.0,0.0,0.0,0.2,0.0,0.1,99.7
20121104025801,0.0,0.0,0.0,0.0,0.2,0.0,0.2,99.6
20121104025901,0.0,0.0,0.0,0.0,0.1,0.0,0.0,99.9
20121104030001,0.0,0.0,0.0,0.0,0.0,0.0,0.0,99.9
20121104030101,0.0,0.0,0.0,0.0,0.0,0.0,0.1,99.9
20121104030201,0.0,0.0,0.0,0.0,0.0,0.0,0.0,99.9
20121104030301,0.0,0.0,0.0,0.0,0.1,0.0,0.0,99.8
20121104030401,0.0,0.0,0.0,0.0,0.1,0.0,0.1,99.8
20121104030501,0.0,0.0,0.0,0.0,0.1,0.0,0.0,99.9
20121104030601,0.0,0.0,0.0,0.0,0.2,0.0,0.1,99.7
20121104030701,0.0,0.0,0.0,0.0,0.2,0.0,0.2,99.6
20121104030801,0.0,0.0,0.0,0.0,0.1,0.0,0.1,99.8
20121104030901,0.0,0.0,0.0,0.0,0.0,0.0,0.1,99.9
20121104031001,0.0,0.0,0.0,0.0,0.0,0.0,0.1,99.9
20121104031101,0.0,0.0,0.0,0.0,0.0,0.0,0.0,100.0
20121104031201,0.0,0.0,0.0,0.0,0.0,0.0,0.0,100.0
20121104031301,0.0,0.0,0.0,0.0,0.0,0.0,0.0,99.9
20121104031401,0.0,0.0,0.0,0.0,0.1,0.0,0.1,99.8
20121104031501,0.0,0.0,0.0,0.0,0.1,0.0,0.0,99.9
20121104031601,0.0,0.0,0.0,0.0,0.0,0.0,0.0,100.0
20121104031701,0.0,0.0,0.0,0.0,0.0,0.0,0.0,100.0
20121104031801,0.0,0.0,0.0,0.0,0.0,0.0,0.0,100.0
20121104031901,0.0,0.0,0.0,0.0,0.0,0.0,0.0,100.0
20121104032001,0.0,0.0,0.0,0.0,0.1,0.0,0.0,99.9
20121104032101,0.0,0.0,0.0,0.0,0.0,0.0,0.0,100.0
20121104032201,0.0,0.0,0.0,0.0,0.0,0.0,0.0,100.0
20121104032301,0.0,0.0,0.0,0.0,0.0,0.0,0.0,100.0
20121104032401,0.0,0.0,0.0,0.0,0.1,0.0,0.0,99.9
20121104032501,0.0,0.0,0.0,0.0,0.0,0.0,0.0,100.0
20121104032601,0.0,0.0,0.0,0.0,0.0,0.0,0.0,100.0
20121104032701,0.0,0.0,0.0,0.0,0.0,0.0,0.1,99.9
20121104032801,0.0,0.0,0.0,0.0,0.0,0.0,0.0,100.0
20121104032901,0.0,0.0,0.0,0.0,0.1,0.0,0.0,99.9
20121104033001,0.0,0.0,0.0,0.0,0.0,0.0,0.0,99.9
20121104033101,0.0,0.0,0.0,0.0,0.0,0.0,0.0,100.0
20121104033201,0.0,0.0,0.0,0.0,0.0,0.0,0.0,99.9
20121104033301,0.0,0.0,0.0,0.0,0.0,0.0,0.0,99.9
20121104033401,0.0,0.0,0.0,0.0,0.3,0.0,0.1,99.7
20121104033501,0.0,0.0,0.0,0.0,0.3,0.0,0.3,99.3
20121104033601,0.0,0.0,0.0,0.0,0.1,0.0,0.3,99.7
20121104033701,0.0,0.0,0.0,0.0,0.1,0.0,0.0,99.9
20121104033801,0.0,0.0,0.0,0.0,0.0,0.0,0.0,99.9
20121104033901,0.0,0.0,0.0,0.0,0.2,0.0,0.1,99.7
20121104034001,0.0,0.0,0.0,0.0,0.1,0.0,0.1,99.8
20121104034101,0.0,0.0,0.0,0.0,0.1,0.0,0.0,99.9
20121104034201,0.0,0.0,0.0,0.0,0.1,0.0,0.0,99.9
20121104034301,0.0,0.0,0.0,0.0,0.1,0.0,0.0,99.9
20121104034401,0.0,0.0,0.0,0.0,0.1,0.0,0.0,99.9
20121104034501,0.0,0.0,0.0,0.0,0.2,0.0,0.1,99.7
20121104034601,0.0,0.0,0.0,0.0,0.1,0.0,0.1,99.8
20121104034701,0.0,0.0,0.0,0.0,0.1,0.0,0.0,99.9
20121104034801,0.0,0.0,0.0,0.0,0.0,0.0,0.0,99.9
20121104034901,0.0,0.0,0.0,0.0,0.1,0.0,0.1,99.8
20121104035001,0.0,0.0,0.0,0.0,0.5,0.0,0.1,99.3
20121104035101,0.0,0.0,0.0,0.0,0.4,0.0,0.1,99.5
20121104035201,0.0,0.0,0.0,0.0,0.2,0.0,0.2,99.6
20121104035301,0.0,0.0,0.0,0.0,0.1,0.0,0.0,99.9
20121104035401,0.0,0.0,0.0,0.0,0.4,0.0,0.1,99.5
20121104035501,0.0,0.0,0.0,0.0,0.1,0.0,0.0,99.9
20121104035601,0.0,0.0,0.0,0.0,0.2,0.0,0.2,99.6
20121104035701,0.0,0.0,0.0,0.1,0.5,0.0,0.2,99.3
20121104035801,0.0,0.0,0.0,0.0,0.1,0.0,0.2,99.6
20121104035901,0.0,0.0,0.0,0.0,0.5,0.0,0.2,99.3
20121104040001,0.0,0.0,0.0,0.0,0.9,0.0,0.1,99.0
20121104040101,0.0,0.0,0.0,0.0,0.2,0.0,0.1,99.7
20121104040201,0.0,0.0,0.0,0.1,0.4,0.0,1.3,98.2
20121104040301,0.0,0.0,0.0,0.0,0.6,0.0,0.1,99.3
20121104040401,0.0,0.0,0.0,0.0,0.5,0.0,0.3,99.1
20121104040501,0.0,0.0,0.0,0.0,0.1,0.0,0.0,99.8
20121104040601,0.0,0.0,0.0,0.0,0.3,0.0,0.2,99.5
20121104040701,0.0,0.0,0.0,0.0,2.2,0.0,0.1,97.7
20121104040801,0.0,0.0,0.0,0.0,0.9,0.0,0.2,99.0
20121104040901,0.0,0.0,0.0,0.1,0.8,0.0,0.2,99.0
20121104041001,0.0,0.0,0.0,0.1,1.4,0.0,0.3,98.3
20121104041101,0.0,0.0,0.0,0.0,0.2,0.0,0.2,99.6
20121104041201,0.0,0.0,0.0,0.0,0.1,0.0,0.0,99.9
20121104041301,0.0,0.0,0.0,0.0,0.2,0.0,0.3,99.5
20121104041401,0.0,0.0,0.0,0.0,0.3,0.0,0.1,99.6
20121104041501,0.0,0.0,0.0,0.0,0.8,0.0,0.1,99.1
20121104041601,0.0,0.0,0.0,0.0,0.5,0.0,0.2,99.3
20121104041701,0.0,0.0,0.0,0.0,1.5,0.0,0.3,98.2
20121104041801,0.0,0.0,0.0,0.0,0.9,0.0,0.1,99.0
20121104041901,0.0,0.0,0.0,0.0,0.8,0.0,0.6,98.5
20121104042001,0.0,0.0,0.0,0.0,1.2,0.0,0.6,98.1
20121104042101,0.0,0.0,0.0,0.0,0.6,0.0,0.1,99.3
20121104042201,0.0,0.0,0.0,0.0,0.2,0.0,0.4,99.3
20121104042301,0.0,0.0,0.0,0.0,0.2,0.0,0.2,99.5
20121104042401,0.0,0.0,0.0,0.0,0.3,0.0,0.1,99.6
20121104042501,0.0,0.0,0.0,0.0,0.4,0.0,0.1,99.5
20121104042601,0.0,0.0,0.0,0.0,0.2,0.0,0.3,99.5
20121104042701,0.0,0.0,0.0,0.1,1.0,0.0,0.2,98.7
20121104042801,0.0,0.0,0.0,0.1,1.2,0.0,1.0,97.8
20121104042901,0.0,0.0,0.0,0.0,0.2,0.0,0.1,99.7
20121104043001,0.0,0.0,0.0,0.0,0.7,0.0,0.6,98.7
20121104043101,0.0,0.0,0.0,0.0,0.1,0.0,0.0,99.8
20121104043201,0.0,0.0,0.0,0.0,0.2,0.0,0.1,99.7
20121104043301,0.0,0.0,0.0,0.0,0.4,0.0,0.0,99.6
20121104043401,0.0,0.0,0.0,0.0,0.6,0.0,0.2,99.2
20121104043501,0.0,0.0,0.0,0.0,0.3,0.0,0.2,99.5
20121104043601,0.0,0.0,0.0,0.0,0.2,0.0,0.0,99.8
20121104043701,0.0,0.0,0.0,0.0,1.5,0.0,0.2,98.3
20121104043801,0.0,0.0,0.0,0.0,0.7,0.0,0.1,99.2
20121104043901,0.0,0.0,0.0,0.0,0.1,0.0,0.0,99.9
20121104044001,0.0,0.0,0.0,0.2,2.5,0.0,0.6,96.7
20121104044101,0.0,0.0,0.0,0.0,1.4,0.0,0.3,98.3
20121104044201,0.0,0.0,0.0,0.1,4.5,0.0,0.2,95.2
20121104044301,0.0,0.0,0.0,0.7,1.2,0.0,5.9,92.1
20121104044401,0.0,0.0,0.0,0.3,2.7,0.0,2.9,94.1
20121104044501,0.0,0.0,0.0,0.1,1.3,0.0,2.0,96.6
20121104044601,0.0,0.0,0.0,0.2,1.2,0.0,3.4,95.2
20121104044701,0.0,0.0,0.0,0.4,0.7,0.0,8.9,89.9
20121104044801,0.0,0.0,0.0,0.1,2.1,0.0,6.0,91.8
20121104044901,0.0,0.0,0.0,0.4,2.1,0.0,17.2,80.3
20121104045001,0.0,0.0,0.0,0.2,1.5,0.0,77.3,21.0
20121104045101,0.0,0.0,0.0,0.3,3.3,0.0,45.6,50.8
20121104045201,0.0,0.0,0.0,0.2,6.8,0.0,26.1,67.0
20121104045301,0.0,0.0,0.0,0.0,2.1,0.0,13.0,84.8
20121104045401,0.0,0.0,0.0,0.0,2.7,0.0,13.3,84.0
20121104045501,0.0,0.0,0.0,0.0,0.9,0.0,10.2,88.9
20121104045601,0.0,0.0,0.0,0.0,0.9,0.0,19.6,79.5
20121104045701,0.0,0.0,0.0,0.1,0.3,0.0,41.5,58.1
20121104045801,0.0,0.0,0.0,0.0,0.1,0.0,3.7,96.2
20121104045901,0.0,0.0,0.0,0.0,0.0,0.0,1.7,98.3
20121104050001,0.0,0.0,0.0,0.0,0.0,0.0,9.0,90.9
20121104050101,0.0,0.0,0.0,0.0,0.0,0.0,4.3,95.7
