UT,arc,discrete,diffuse,ac,ab,clear,cloudy,dd
20121201140300,0.0,0.0,0.0,0.0,0.0,0.0,0.0,100.0
20121201140400,0.0,0.0,0.0,0.0,0.0,0.0,0.0,100.0
20121201140500,0.0,0.0,0.0,0.0,0.0,0.0,0.0,100.0
20121201140600,0.0,0.0,0.0,0.0,0.0,0.0,0.0,100.0
20121201140700,0.0,0.0,0.0,0.0,0.0,0.0,0.0,100.0
20121201140800,0.0,0.0,0.0,0.0,0.0,0.0,0.0,100.0
20121201140900,0.0,0.0,0.0,0.0,0.0,0.0,0.0,100.0
20121201141000,0.0,0.0,0.0,0.0,0.0,0.0,0.0,100.0
20121201141100,0.0,0.0,0.0,0.0,0.0,0.0,0.0,100.0
20121201141200,0.0,0.0,0.0,0.0,0.0,0.0,0.0,100.0
20121201141300,0.0,0.0,0.0,0.0,0.0,0.0,0.0,100.0
20121201141400,0.0,0.0,0.0,0.0,0.0,0.0,0.0,100.0
20121201141500,0.0,0.0,0.0,0.0,0.0,0.0,0.0,100.0
20121201141600,0.0,0.0,0.0,0.0,0.0,0.0,0.0,100.0
20121201141700,0.0,0.0,0.0,0.0,0.0,0.0,0.0,100.0
20121201141800,0.0,0.0,0.0,0.0,0.0,0.0,0.0,100.0
20121201141900,0.0,0.0,0.0,0.0,0.0,0.0,0.0,100.0
20121201142000,0.0,0.0,0.0,0.0,0.0,0.0,0.0,100.0
20121201142100,0.0,0.0,0.0,0.0,0.0,0.0,0.0,100.0
20121201142200,0.0,0.0,0.0,0.0,0.0,0.0,0.0,100.0
20121201142300,0.0,0.0,0.0,0.0,0.0,0.0,0.0,100.0
20121201142400,0.0,0.0,0.0,0.0,0.0,0.0,0.0,100.0
20121201142500,0.0,0.0,0.0,0.0,0.0,0.0,0.0,100.0
20121201142600,0.0,0.0,0.0,0.0,0.0,0.0,0.0,100.0
20121201142700,0.0,0.0,0.0,0.0,0.0,0.0,0.0,100.0
20121201142800,0.0,0.0,0.0,0.0,0.0,0.0,0.0,100.0
20121201142900,0.0,0.0,0.0,0.0,0.0,0.0,0.0,100.0
20121201143000,0.0,0.0,0.0,0.0,0.0,0.0,0.0,100.0
20121201143100,0.0,0.0,0.0,0.0,0.0,0.0,0.0,100.0
20121201143200,0.0,0.0,0.0,0.0,0.0,0.0,0.0,100.0
20121201143300,0.0,0.0,0.0,0.0,0.0,0.0,0.0,100.0
20121201143400,0.0,0.0,0.0,0.0,0.0,0.0,0.0,100.0
20121201143500,0.0,0.0,0.0,0.0,0.0,0.0,0.0,100.0
20121201143600,0.0,0.0,0.0,0.0,0.0,0.0,0.0,100.0
20121201143700,0.0,0.0,0.0,0.0,0.0,0.0,0.0,100.0
20121201143800,0.0,0.0,0.0,0.0,0.0,0.0,0.0,100.0
20121201143900,0.0,0.0,0.0,0.0,0.0,0.0,0.0,100.0
20121201144000,0.0,0.0,0.0,0.0,0.0,0.0,0.0,100.0
20121201144100,0.0,0.0,0.0,0.0,0.0,0.0,0.0,100.0
20121201144200,0.0,0.0,0.0,0.0,0.0,0.0,0.0,100.0
20121201144300,0.0,0.0,0.0,0.0,0.0,0.0,0.0,100.0
20121201144400,0.0,0.0,0.0,0.0,0.0,0.0,0.0,100.0
20121201144500,0.0,0.0,0.0,0.0,0.0,0.0,0.0,100.0
20121201144600,0.0,0.0,0.0,0.0,0.0,0.0,0.0,100.0
20121201144700,0.0,0.0,0.0,0.0,0.0,0.0,0.0,100.0
20121201144800,0.0,0.0,0.0,0.0,0.0,0.0,0.0,100.0
20121201144900,0.0,0.0,0.0,0.0,0.0,0.0,0.0,100.0
20121201145000,0.0,0.0,0.0,0.0,0.0,0.0,0.0,100.0
20121201145100,0.0,0.0,0.0,0.0,0.0,0.0,0.0,100.0
20121201145200,0.0,0.0,0.0,0.0,0.0,0.0,0.0,100.0
20121201145300,0.0,0.0,0.0,0.0,0.0,0.0,0.0,100.0
20121201145400,0.0,0.0,0.0,0.0,0.0,0.0,0.0,100.0
20121201145500,0.0,0.0,0.0,0.0,0.0,0.0,0.0,100.0
20121201145600,0.0,0.0,0.0,0.0,0.0,0.0,0.0,100.0
20121201145700,0.0,0.0,0.0,0.0,0.0,0.0,0.0,100.0
20121201145800,0.0,0.0,0.0,0.0,0.0,0.0,0.0,100.0
20121201145900,0.0,0.0,0.0,0.0,0.0,0.0,0.0,100.0
20121201150000,0.0,0.0,0.0,0.0,0.0,0.0,0.0,100.0
20121201150100,0.0,0.0,0.0,0.0,0.0,0.0,0.0,100.0
20121201150200,0.0,0.0,0.0,0.0,0.0,0.0,0.0,100.0
20121201150300,0.0,0.0,0.0,0.0,0.0,0.0,0.0,100.0
20121201150400,0.0,0.0,0.0,0.0,0.0,0.0,0.0,100.0
20121201150500,0.0,0.0,0.0,0.0,0.0,0.0,0.0,100.0
20121201150600,0.0,0.0,0.0,0.0,0.0,0.4,0.0,99.6
20121201150700,0.0,0.0,0.0,0.0,0.0,3.3,0.0,96.7
20121201150800,0.0,0.0,0.0,0.0,0.0,7.6,0.0,92.4
20121201150900,0.0,0.0,0.0,0.0,0.0,1.0,0.0,99.0
20121201151000,0.0,0.0,0.0,0.0,0.0,64.4,0.0,35.5
20121201151100,0.0,0.0,0.0,0.0,0.0,28.4,0.0,71.5
20121201151200,0.0,0.0,0.0,0.0,0.0,65.9,0.0,34.1
20121201151300,0.0,0.0,0.0,0.0,0.0,95.8,0.0,4.2
20121201151400,0.0,0.0,0.0,0.0,0.0,96.0,0.0,4.0
20121201151500,0.0,0.0,0.0,0.0,0.0,69.6,0.0,30.4
20121201151600,0.0,0.0,0.0,0.0,0.0,93.5,0.0,6.5
20121201151700,0.0,0.0,0.0,0.0,0.0,97.7,0.0,2.3
20121201151800,0.0,0.0,0.0,0.0,0.0,99.3,0.0,0.7
20121201151900,0.0,0.0,0.0,0.0,0.0,99.5,0.0,0.5
20121201152000,0.0,0.0,0.0,0.0,0.0,99.8,0.0,0.2
20121201152100,0.0,0.0,0.0,0.0,0.0,99.6,0.0,0.4
20121201152200,0.0,0.0,0.0,0.0,0.0,99.9,0.0,0.1
20121201152300,0.0,0.0,0.0,0.0,0.0,100.0,0.0,0.0
20121201152400,0.0,0.0,0.0,0.0,0.0,100.0,0.0,0.0
20121201152500,0.0,0.0,0.0,0.0,0.0,99.8,0.0,0.1
20121201152600,0.0,0.0,0.0,0.0,0.0,100.0,0.0,0.0
20121201152700,0.0,0.0,0.0,0.0,0.0,100.0,0.0,0.0
20121201152800,0.0,0.0,0.0,0.0,0.0,100.0,0.0,0.0
20121201152900,0.0,0.0,0.0,0.0,0.0,100.0,0.0,0.0
20121201153000,0.0,0.0,0.0,0.0,0.0,100.0,0.0,0.0
20121201153100,0.0,0.0,0.0,0.0,0.0,100.0,0.0,0.0
20121201153200,0.0,0.0,0.0,0.0,0.0,100.0,0.0,0.0
20121201153300,0.0,0.0,0.0,0.0,0.0,100.0,0.0,0.0
20121201153400,0.0,0.0,0.0,0.0,0.0,100.0,0.0,0.0
20121201153500,0.0,0.0,0.0,0.0,0.0,100.0,0.0,0.0
20121201153600,0.0,0.0,0.0,0.0,0.0,100.0,0.0,0.0
20121201153700,0.0,0.0,0.0,0.0,0.0,100.0,0.0,0.0
20121201153800,0.0,0.0,0.0,0.0,0.0,99.9,0.0,0.1
20121201153900,0.0,0.0,0.0,0.0,0.0,99.7,0.0,0.3
20121201154000,0.0,0.0,0.0,0.0,0.0,100.0,0.0,0.0
20121201154100,0.0,0.0,0.0,0.0,0.0,99.9,0.0,0.1
20121201154200,0.0,0.0,0.0,0.0,0.0,99.9,0.0,0.1
20121201154300,0.0,0.0,0.0,0.0,0.0,100.0,0.0,0.0
20121201154400,0.0,0.0,0.0,0.0,0.0,100.0,0.0,0.0
20121201154500,0.0,0.0,0.0,0.0,0.0,99.9,0.0,0.1
20121201154600,0.0,0.0,0.0,0.0,0.0,99.9,0.0,0.1
20121201154700,0.0,0.0,0.0,0.0,0.0,99.9,0.0,0.0
20121201154800,0.0,0.0,0.0,0.0,0.0,99.9,0.0,0.1
20121201154900,0.0,0.0,0.0,0.0,0.0,99.7,0.0,0.2
20121201155000,0.0,0.0,0.0,0.0,0.0,100.0,0.0,0.0
20121201155100,0.0,0.0,0.0,0.0,0.0,99.9,0.0,0.1
20121201155200,0.0,0.0,0.0,0.0,0.0,99.8,0.0,0.2
20121201155300,0.0,0.0,0.0,0.0,0.0,100.0,0.0,0.0
20121201155400,0.0,0.0,0.0,0.0,0.0,99.8,0.0,0.1
20121201155500,0.0,0.0,0.0,0.0,0.0,99.9,0.0,0.1
20121201155600,0.0,0.0,0.0,0.0,0.0,100.0,0.0,0.0
20121201155700,0.0,0.0,0.0,0.0,0.0,99.1,0.0,0.8
20121201155800,0.0,0.0,0.0,0.0,0.0,99.7,0.0,0.2
20121201155900,0.1,0.0,0.0,0.0,0.0,99.3,0.0,0.6
20121201160000,0.0,0.0,0.0,0.0,0.0,93.7,0.0,6.2
20121201160100,0.0,0.0,0.0,0.0,0.0,99.6,0.0,0.4
20121201160200,0.0,0.0,0.0,0.0,0.0,99.2,0.0,0.8
20121201160300,0.0,0.0,0.0,0.0,0.0,99.7,0.0,0.2
20121201160400,0.0,0.0,0.0,0.0,0.0,99.9,0.0,0.1
20121201160500,0.0,0.0,0.0,0.0,0.0,97.1,0.0,2.9
20121201160600,0.0,0.0,0.0,0.0,0.0,97.8,0.0,2.2
20121201160700,0.0,0.0,0.0,0.0,0.0,99.9,0.0,0.0
20121201160800,0.0,0.0,0.0,0.0,0.0,97.4,0.0,2.6
20121201160900,0.0,0.0,0.0,0.0,0.0,99.2,0.0,0.8
20121201161000,0.0,0.0,0.0,0.0,0.0,92.6,0.0,7.4
20121201161100,0.0,0.0,0.0,0.0,0.0,99.5,0.0,0.5
20121201161200,0.0,0.0,0.0,0.0,0.0,96.2,0.0,3.7
20121201161300,0.1,0.0,0.0,0.0,0.0,66.8,0.0,33.1
20121201161400,0.0,0.0,0.0,0.0,0.0,87.9,0.0,12.0
20121201161500,0.0,0.0,0.0,0.0,0.0,83.9,0.0,16.0
20121201161600,0.1,0.0,0.0,0.0,0.1,57.3,0.1,42.4
20121201161700,0.0,0.0,0.0,0.0,0.0,58.0,0.0,41.8
20121201161800,0.0,0.0,0.0,0.0,0.0,44.7,0.0,55.2
20121201161900,0.1,0.0,0.0,0.0,0.0,63.2,0.0,36.6
20121201162000,0.0,0.0,0.0,0.0,0.0,6.5,0.0,93.4
20121201162100,0.0,0.0,0.0,0.0,0.0,20.6,0.0,79.3
20121201162200,0.2,0.0,0.0,0.0,0.1,20.6,0.0,79.1
20121201162300,0.1,0.0,0.0,0.0,0.0,67.9,0.0,31.9
20121201162400,0.0,0.0,0.0,0.0,0.0,27.7,0.0,72.2
20121201162500,0.0,0.0,0.0,0.0,0.0,20.2,0.0,79.7
20121201162600,0.1,0.0,0.0,0.0,0.1,20.9,0.0,79.0
20121201162700,0.0,0.0,0.0,0.0,0.0,10.0,0.0,90.0
20121201162800,0.0,0.0,0.0,0.0,0.0,11.6,0.0,88.4
20121201162900,0.1,0.0,0.0,0.0,0.0,8.2,0.0,91.7
20121201163000,0.0,0.0,0.0,0.0,0.0,20.9,0.0,79.0
20121201163100,0.0,0.0,0.0,0.0,0.0,9.7,0.0,90.3
20121201163200,0.0,0.0,0.0,0.0,0.0,1.2,0.0,98.8
20121201163300,0.0,0.0,0.0,0.0,0.0,2.9,0.0,97.1
20121201163400,0.0,0.0,0.0,0.0,0.0,0.9,0.0,99.1
20121201163500,0.0,0.0,0.0,0.0,0.0,20.8,0.0,79.1
20121201163600,0.0,0.0,0.0,0.0,0.0,3.7,0.0,96.2
20121201163700,0.0,0.0,0.0,0.0,0.1,1.2,0.0,98.7
20121201163800,0.0,0.0,0.0,0.0,0.0,5.9,0.0,94.1
20121201163900,0.0,0.0,0.0,0.0,0.0,12.1,0.0,87.8
20121201164000,0.0,0.0,0.0,0.0,0.0,1.0,0.0,99.0
20121201164100,0.0,0.0,0.0,0.0,0.0,3.3,0.0,96.7
20121201164200,0.0,0.0,0.0,0.0,0.0,2.3,0.0,97.6
20121201164300,0.0,0.0,0.0,0.0,0.0,0.0,0.0,100.0
20121201164400,0.0,0.0,0.0,0.0,0.0,0.1,0.0,99.9
20121201164500,0.0,0.0,0.0,0.0,0.0,0.1,0.0,99.9
20121201164600,0.0,0.0,0.0,0.0,0.0,0.2,0.0,99.7
20121201164700,0.0,0.0,0.0,0.0,0.0,3.7,0.0,96.3
20121201164800,0.0,0.0,0.0,0.0,0.0,1.9,0.0,98.1
20121201164900,0.0,0.0,0.0,0.0,0.0,0.9,0.0,99.1
20121201165000,0.0,0.0,0.0,0.0,0.0,1.5,0.0,98.5
20121201165100,0.0,0.0,0.0,0.0,0.0,0.2,0.0,99.8
20121201165200,0.0,0.0,0.0,0.0,0.0,0.1,0.0,99.9
20121201165300,0.0,0.0,0.0,0.0,0.0,0.1,0.0,99.9
20121201165400,0.0,0.0,0.0,0.0,0.0,0.1,0.0,99.8
20121201165500,0.0,0.0,0.0,0.0,0.0,0.0,0.0,100.0
20121201165600,0.0,0.0,0.0,0.0,0.0,0.1,0.0,99.9
20121201165700,0.0,0.0,0.0,0.0,0.0,0.0,0.0,100.0
20121201165800,0.0,0.0,0.0,0.0,0.0,0.0,0.0,100.0
20121201165900,0.0,0.0,0.0,0.0,0.0,0.0,0.0,100.0
20121201170000,0.0,0.0,0.0,0.0,0.0,0.0,0.0,100.0
20121201170100,0.0,0.0,0.0,0.0,0.0,0.1,0.0,99.9
20121201170200,0.0,0.0,0.0,0.0,0.0,0.4,0.0,99.5
20121201170300,0.0,0.0,0.0,0.0,0.0,0.0,0.0,100.0
20121201170400,0.0,0.0,0.0,0.0,0.0,0.0,0.0,100.0
20121201170500,0.0,0.0,0.0,0.0,0.0,0.1,0.0,99.9
20121201170600,0.0,0.0,0.0,0.0,0.0,0.0,0.0,100.0
20121201170700,0.0,0.0,0.0,0.0,0.0,0.1,0.0,99.9
20121201170800,0.0,0.0,0.0,0.0,0.0,0.0,0.0,100.0
20121201170900,0.0,0.0,0.0,0.0,0.0,0.0,0.0,100.0
20121201171000,0.0,0.0,0.0,0.0,0.0,0.1,0.0,99.9
20121201171100,0.0,0.0,0.0,0.0,0.0,0.0,0.0,100.0
20121201171200,0.0,0.0,0.0,0.0,0.0,0.0,0.0,100.0
20121201171300,0.0,0.0,0.0,0.0,0.0,0.0,0.0,100.0
20121201171400,0.0,0.0,0.0,0.0,0.0,0.0,0.0,100.0
20121201171500,0.0,0.0,0.0,0.0,0.0,0.0,0.0,100.0
20121201171600,0.0,0.0,0.0,0.0,0.0,0.0,0.0,100.0
20121201171700,0.0,0.0,0.0,0.0,0.0,0.0,0.0,100.0
20121201171800,0.0,0.0,0.0,0.0,0.0,0.0,0.0,100.0
20121201171900,0.0,0.0,0.0,0.0,0.0,0.0,0.0,100.0
20121201172000,0.0,0.0,0.0,0.0,0.0,0.0,0.0,100.0
20121201172100,0.0,0.0,0.0,0.0,0.0,0.0,0.0,100.0
20121201172200,0.0,0.0,0.0,0.0,0.0,0.0,0.0,100.0
20121201172300,0.0,0.0,0.0,0.0,0.0,0.0,0.0,100.0
20121201172400,0.0,0.0,0.0,0.0,0.0,0.0,0.0,100.0
20121201172500,0.0,0.0,0.0,0.0,0.0,0.0,0.0,100.0
20121201172600,0.0,0.0,0.0,0.0,0.0,0.0,0.0,100.0
20121201172700,0.0,0.0,0.0,0.0,0.0,0.0,0.0,100.0
20121201172800,0.0,0.0,0.0,0.0,0.0,0.0,0.0,100.0
20121201172900,0.0,0.0,0.0,0.0,0.0,0.0,0.0,100.0
20121201173000,0.0,0.0,0.0,0.0,0.0,0.0,0.0,100.0
20121201173100,0.0,0.0,0.0,0.0,0.0,0.0,0.0,100.0
20121201173200,0.0,0.0,0.0,0.0,0.0,0.0,0.0,100.0
20121201173300,0.0,0.0,0.0,0.0,0.0,0.0,0.0,100.0
20121201173400,0.0,0.0,0.0,0.0,0.0,0.0,0.0,100.0
20121201173500,0.0,0.0,0.0,0.0,0.0,0.0,0.0,100.0
20121201173600,0.0,0.0,0.0,0.0,0.0,0.0,0.0,100.0
20121201173700,0.0,0.0,0.0,0.0,0.0,0.0,0.0,100.0
20121201173800,0.0,0.0,0.0,0.0,0.0,0.0,0.0,100.0
20121201173900,0.0,0.0,0.0,0.0,0.0,0.0,0.0,100.0
20121201174000,0.0,0.0,0.0,0.0,0.0,0.0,0.0,100.0
20121201174100,0.0,0.0,0.0,0.0,0.0,0.0,0.0,100.0
20121201174200,0.0,0.0,0.0,0.0,0.0,0.0,0.0,100.0
20121201174300,0.0,0.0,0.0,0.0,0.0,0.0,0.0,100.0
20121201174400,0.0,0.0,0.0,0.0,0.0,0.0,0.0,100.0
20121201174500,0.0,0.0,0.0,0.0,0.0,0.0,0.0,100.0
20121201174600,0.0,0.0,0.0,0.0,0.0,0.0,0.0,100.0
20121201174700,0.0,0.0,0.0,0.0,0.0,0.0,0.0,100.0
20121201174800,0.0,0.0,0.0,0.0,0.0,0.0,0.0,100.0
20121201174900,0.0,0.0,0.0,0.0,0.0,0.0,0.0,100.0
20121201175000,0.0,0.0,0.0,0.0,0.0,0.0,0.0,100.0
20121201175100,0.0,0.0,0.0,0.0,0.0,0.0,0.0,100.0
20121201175200,0.0,0.0,0.0,0.0,0.0,0.0,0.0,100.0
20121201175300,0.0,0.0,0.0,0.0,0.0,0.0,0.0,100.0
20121201175400,0.0,0.0,0.0,0.0,0.0,0.0,0.0,100.0
20121201175500,0.0,0.0,0.0,0.0,0.0,0.0,0.0,100.0
20121201175600,0.0,0.0,0.0,0.0,0.0,0.0,0.0,100.0
20121201175700,0.0,0.0,0.0,0.0,0.0,0.0,0.0,100.0
20121201175800,0.0,0.0,0.0,0.0,0.0,0.0,0.0,100.0
20121201175900,0.0,0.0,0.0,0.0,0.0,0.0,0.0,100.0
20121201180000,0.0,0.0,0.0,0.0,0.0,0.0,0.0,100.0
20121201180100,0.0,0.0,0.0,0.0,0.0,0.0,0.0,100.0
20121201180200,0.0,0.0,0.0,0.0,0.0,0.0,0.0,100.0
20121201180300,0.0,0.0,0.0,0.0,0.0,0.0,0.0,100.0
20121201180400,0.0,0.0,0.0,0.0,0.0,0.0,0.0,100.0
20121201180500,0.0,0.0,0.0,0.0,0.0,0.0,0.0,100.0
20121201180600,0.0,0.0,0.0,0.0,0.0,0.0,0.0,100.0
20121201180700,0.0,0.0,0.0,0.0,0.0,0.0,0.0,100.0
20121201180800,0.0,0.0,0.0,0.0,0.0,0.0,0.0,100.0
20121201180900,0.0,0.0,0.0,0.0,0.0,0.0,0.0,100.0
20121201181000,0.0,0.0,0.0,0.0,0.0,0.0,0.0,100.0
20121201181100,0.0,0.0,0.0,0.0,0.0,0.0,0.0,100.0
20121201181200,0.0,0.0,0.0,0.0,0.0,0.0,0.0,100.0
20121201181300,0.0,0.0,0.0,0.0,0.0,0.0,0.0,100.0
20121201181400,0.0,0.0,0.0,0.0,0.0,0.0,0.0,100.0
20121201181500,0.0,0.0,0.0,0.0,0.1,0.0,0.0,99.9
20121201181600,0.0,0.0,0.0,0.0,0.0,0.0,0.0,100.0
20121201181700,0.0,0.0,0.0,0.0,0.0,0.0,0.0,100.0
20121201181800,0.0,0.0,0.0,0.0,0.0,0.0,0.0,100.0
20121201181900,0.0,0.0,0.0,0.0,0.0,0.0,0.0,100.0
20121201182000,0.0,0.0,0.0,0.0,0.0,0.0,0.0,100.0
20121201182100,0.0,0.0,0.0,0.0,0.0,0.0,0.0,100.0
20121201182200,0.0,0.0,0.0,0.0,0.0,0.0,0.0,100.0
20121201182300,0.0,0.0,0.0,0.0,0.0,0.0,0.0,100.0
20121201182400,0.0,0.0,0.0,0.0,0.0,0.0,0.0,100.0
20121201182500,0.0,0.0,0.0,0.0,0.0,0.0,0.0,100.0
20121201182600,0.0,0.0,0.0,0.0,0.0,0.0,0.0,100.0
20121201182700,0.0,0.0,0.0,0.0,0.0,0.0,0.0,100.0
20121201182800,0.0,0.0,0.0,0.0,0.0,0.0,0.0,100.0
20121201182900,0.0,0.0,0.0,0.0,0.0,0.0,0.0,100.0
20121201183000,0.0,0.0,0.0,0.0,0.0,0.0,0.0,100.0
20121201183100,0.0,0.0,0.0,0.0,0.0,0.0,0.0,100.0
20121201183200,0.0,0.0,0.0,0.0,0.0,0.0,0.0,100.0
20121201183300,0.0,0.0,0.0,0.0,0.0,0.0,0.0,100.0
20121201183400,0.0,0.0,0.0,0.0,0.0,0.0,0.0,100.0
20121201183500,0.0,0.0,0.0,0.0,0.0,0.0,0.0,100.0
20121201183600,0.0,0.0,0.0,0.0,0.0,0.0,0.0,100.0
20121201183700,0.0,0.0,0.0,0.0,0.0,0.0,0.0,100.0
20121201183800,0.0,0.0,0.0,0.0,0.4,0.0,0.0,99.6
20121201183900,0.0,0.0,0.0,0.0,0.9,0.0,0.0,99.1
20121201184000,0.0,0.0,0.0,0.0,9.9,0.0,0.0,90.1
20121201184100,0.0,0.0,0.0,0.0,1.3,0.0,0.0,98.7
20121201184200,0.0,0.0,0.0,0.0,3.2,0.0,0.0,96.8
20121201184300,0.0,0.0,0.0,0.0,0.6,0.0,0.0,99.4
20121201184400,0.0,0.0,0.0,0.0,3.2,0.0,0.0,96.8
20121201184500,0.0,0.0,0.0,0.0,0.5,0.0,0.0,99.5
20121201184600,0.0,0.0,0.0,0.0,0.1,0.0,0.0,99.9
20121201184700,0.0,0.0,0.0,0.0,0.3,0.0,0.0,99.7
20121201184800,0.0,0.0,0.0,0.0,0.1,0.0,0.0,99.9
20121201184900,0.0,0.0,0.0,0.0,0.0,0.0,0.0,100.0
20121201185000,0.0,0.0,0.0,0.0,0.0,0.0,0.0,100.0
20121201185100,0.0,0.0,0.0,0.0,0.1,0.0,0.0,99.9
20121201185200,0.0,0.0,0.0,0.0,0.0,0.0,0.0,100.0
20121201185300,0.0,0.0,0.0,0.0,0.0,0.0,0.0,100.0
20121201185400,0.0,0.0,0.0,0.0,0.0,0.0,0.0,100.0
20121201185500,0.0,0.0,0.0,0.0,4.4,0.0,0.0,95.6
20121201185600,0.0,0.0,0.0,0.0,62.1,0.0,0.0,37.9
20121201185700,0.0,0.0,0.0,0.0,55.1,0.0,0.0,44.9
20121201185800,0.0,0.0,0.0,0.0,98.7,0.0,0.0,1.3
20121201185900,0.0,0.0,0.0,0.0,48.5,0.0,0.0,51.5
20121201190000,0.0,0.0,0.0,0.0,32.2,0.0,0.0,67.8
20121201190100,0.0,0.0,0.0,0.0,16.7,0.0,0.0,83.3
20121201190200,0.0,0.0,0.0,0.0,7.9,0.0,0.0,92.1
20121201190300,0.0,0.0,0.0,0.0,0.4,0.0,0.0,99.6
20121201190400,0.0,0.0,0.0,0.0,0.1,0.0,0.0,99.9
20121201190500,0.0,0.0,0.0,0.0,0.6,0.0,0.0,99.4
20121201190600,0.0,0.0,0.0,0.0,1.7,0.0,0.0,98.3
20121201190700,0.0,0.0,0.0,0.0,3.8,0.0,0.0,96.2
20121201190800,0.0,0.0,0.0,0.0,0.0,0.0,0.0,100.0
20121201190900,0.0,0.0,0.0,0.0,0.0,0.0,0.0,100.0
20121201191000,0.0,0.0,0.0,0.0,1.1,0.0,0.0,98.9
20121201191100,0.0,0.0,0.0,0.0,12.8,0.0,0.0,87.2
20121201191200,0.0,0.0,0.0,0.0,9.4,0.0,0.0,90.6
20121201191300,0.0,0.0,0.0,0.0,22.9,0.0,0.0,77.1
20121201191400,0.0,0.0,0.0,0.0,95.0,0.0,0.0,5.0
20121201191500,0.0,0.0,0.0,0.0,52.7,0.0,0.0,47.3
20121201191600,0.0,0.0,0.0,0.0,98.5,0.0,0.0,1.5
20121201191700,0.0,0.0,0.0,0.0,96.3,0.0,0.0,3.7
20121201191800,0.0,0.0,0.0,0.0,99.9,0.0,0.0,0.1
20121201191900,0.0,0.0,0.0,0.0,99.6,0.0,0.0,0.4
20121201192000,0.0,0.0,0.0,0.0,68.4,0.0,0.0,31.6
20121201192100,0.0,0.0,0.0,0.0,86.0,0.0,0.0,14.0
20121201192200,0.0,0.0,0.0,0.0,92.7,0.0,0.0,7.3
20121201192300,0.0,0.0,0.0,0.0,29.2,0.0,0.0,70.8
20121201192400,0.0,0.0,0.0,0.0,55.2,0.0,0.0,44.8
20121201192500,0.0,0.0,0.0,0.0,0.9,0.0,0.0,99.1
20121201192600,0.0,0.0,0.0,0.0,0.1,0.0,0.0,99.9
20121201192700,0.0,0.0,0.0,0.0,100.0,0.0,0.0,0.0
20121201192800,0.0,0.0,0.0,0.0,99.7,0.0,0.0,0.3
20121201192900,0.0,0.0,0.0,0.0,100.0,0.0,0.0,0.0
20121201193000,0.0,0.0,0.0,0.0,100.0,0.0,0.0,0.0
20121201193100,0.0,0.0,0.0,0.0,100.0,0.0,0.0,0.0
20121201193200,0.0,0.0,0.0,0.0,99.8,0.0,0.0,0.2
20121201193300,0.0,0.0,0.0,0.0,7.1,0.0,0.0,92.9
20121201193400,0.0,0.0,0.0,0.0,98.9,0.0,0.0,1.1
20121201193500,0.0,0.0,0.0,0.0,99.9,0.0,0.0,0.1
20121201193600,0.0,0.0,0.0,0.0,99.4,0.0,0.0,0.6
20121201193700,0.0,0.0,0.0,0.0,99.6,0.0,0.0,0.4
20121201193800,0.0,0.0,0.0,0.0,99.4,0.0,0.0,0.6
20121201193900,0.0,0.0,0.0,0.0,99.9,0.0,0.0,0.1
20121201194000,0.0,0.0,0.0,0.0,99.8,0.0,0.0,0.2
20121201194100,0.0,0.0,0.0,0.0,97.6,0.0,0.0,2.4
20121201194200,0.0,0.0,0.0,0.0,86.3,0.0,0.0,13.7
20121201194300,0.0,0.0,0.0,0.0,96.8,0.0,0.0,3.2
20121201194400,0.0,0.0,0.0,0.0,92.0,0.0,0.0,8.0
20121201194500,0.0,0.0,0.0,0.0,29.0,0.0,0.0,71.0
20121201194600,0.0,0.0,0.0,0.0,30.4,0.0,0.0,69.6
20121201194700,0.0,0.0,0.0,0.0,7.6,0.0,0.0,92.4
20121201194800,0.0,0.0,0.0,0.0,50.1,0.0,0.0,49.9
20121201194900,0.0,0.0,0.0,0.0,3.9,0.0,0.0,96.1
20121201195000,0.0,0.0,0.0,0.0,97.6,0.0,0.0,2.4
20121201195100,0.0,0.0,0.0,0.0,81.0,0.0,0.0,19.0
20121201195200,0.0,0.0,0.0,0.0,99.2,0.0,0.0,0.8
20121201195300,0.0,0.0,0.0,0.0,69.1,0.0,0.0,30.9
20121201195400,0.0,0.0,0.0,0.0,19.2,0.0,0.0,80.8
20121201195500,0.0,0.0,0.0,0.0,67.1,0.0,0.0,32.9
20121201195600,0.0,0.0,0.0,0.0,89.9,0.0,0.0,10.1
20121201195700,0.0,0.0,0.0,0.0,85.9,0.0,0.0,14.1
20121201195800,0.0,0.0,0.0,0.0,81.1,0.0,0.0,18.9
20121201195900,0.0,0.0,0.0,0.0,0.2,0.0,0.0,99.8
20121201200000,0.0,0.0,0.0,0.0,80.5,0.0,0.0,19.5
20121201200100,0.0,0.0,0.0,0.0,22.3,0.0,0.0,77.7
20121201200200,0.0,0.0,0.0,0.0,24.8,0.0,0.0,75.2
20121201200300,0.0,0.0,0.0,0.0,66.0,0.0,0.0,34.0
20121201200400,0.0,0.0,0.0,0.0,96.0,0.0,0.0,4.0
20121201200500,0.0,0.0,0.0,0.0,97.8,0.0,0.0,2.2
20121201200600,0.0,0.0,0.0,0.0,87.8,0.0,0.0,12.2
20121201200700,0.0,0.0,0.0,0.0,95.5,0.0,0.0,4.5
20121201200800,0.0,0.0,0.0,0.0,97.2,0.0,0.0,2.8
20121201200900,0.0,0.0,0.0,0.0,90.7,0.0,0.0,9.3
20121201201000,0.0,0.0,0.0,0.0,8.8,0.0,0.0,91.2
20121201201100,0.0,0.0,0.0,0.0,3.5,0.0,0.0,96.5
20121201201200,0.0,0.0,0.0,0.0,0.1,0.0,0.0,99.9
20121201201300,0.0,0.0,0.0,0.0,97.7,0.0,0.0,2.3
20121201201400,0.0,0.0,0.0,0.0,2.5,0.0,0.0,97.5
20121201201500,0.0,0.0,0.0,0.0,76.8,0.0,0.0,23.2
20121201201600,0.0,0.0,0.0,0.0,49.0,0.0,0.0,51.0
20121201201700,0.0,0.0,0.0,0.0,0.9,0.0,0.0,99.1
20121201201800,0.0,0.0,0.0,0.0,89.9,0.0,0.0,10.1
20121201201900,0.0,0.0,0.0,0.0,57.8,0.0,0.0,42.2
20121201202000,0.0,0.0,0.0,0.0,99.1,0.0,0.0,0.9
20121201202100,0.0,0.0,0.0,0.0,35.2,0.0,0.0,64.8
20121201202200,0.0,0.0,0.0,0.0,1.6,0.0,0.0,98.4
20121201202300,0.0,0.0,0.0,0.0,88.7,0.0,0.0,11.3
20121201202400,0.0,0.0,0.0,0.0,69.8,0.0,0.0,30.2
20121201202500,0.0,0.0,0.0,0.0,61.1,0.0,0.0,38.9
20121201202600,0.0,0.0,0.0,0.0,9.6,0.0,0.0,90.4
20121201202700,0.0,0.0,0.0,0.0,98.1,0.0,0.0,1.9
20121201202800,0.0,0.0,0.0,0.0,100.0,0.0,0.0,0.0
20121201202900,0.0,0.0,0.0,0.0,100.0,0.0,0.0,0.0
20121201203000,0.0,0.0,0.0,0.0,100.0,0.0,0.0,0.0
20121201203100,0.0,0.0,0.0,0.0,100.0,0.0,0.0,0.0
20121201203200,0.0,1.0,0.0,0.0,99.0,0.0,0.0,0.0
20121201203300,0.0,0.1,0.0,0.0,99.9,0.0,0.0,0.0
20121201203400,0.0,0.1,0.0,0.0,99.9,0.0,0.0,0.0
20121201203500,0.0,0.0,0.0,0.0,100.0,0.0,0.0,0.0
20121201203600,0.0,0.0,0.0,0.0,100.0,0.0,0.0,0.0
20121201203700,0.0,0.0,0.0,0.0,100.0,0.0,0.0,0.0
20121201203800,0.0,0.0,0.0,0.0,100.0,0.0,0.0,0.0
20121201203900,0.0,0.0,0.0,0.0,100.0,0.0,0.0,0.0
20121201204000,0.0,0.0,0.0,0.0,100.0,0.0,0.0,0.0
20121201204100,0.0,0.0,0.0,0.0,99.4,0.0,0.0,0.6
20121201204200,0.0,0.0,0.0,0.0,99.9,0.0,0.0,0.1
20121201204300,0.0,0.0,0.0,0.0,100.0,0.0,0.0,0.0
20121201204400,0.0,0.0,0.0,0.0,99.9,0.0,0.0,0.1
20121201204500,0.0,0.0,0.0,0.0,99.9,0.0,0.0,0.1
20121201204600,0.0,0.0,0.0,0.0,99.9,0.0,0.0,0.1
20121201204700,0.0,0.0,0.0,0.0,99.8,0.0,0.0,0.2
20121201204800,0.0,0.0,0.0,0.0,100.0,0.0,0.0,0.0
20121201204900,0.0,0.0,0.0,0.0,99.3,0.0,0.0,0.7
20121201205000,0.0,0.0,0.0,0.0,99.8,0.0,0.0,0.2
20121201205100,0.0,0.0,0.0,0.0,97.8,0.0,0.0,2.2
20121201205200,0.0,0.0,0.0,0.0,85.2,0.0,0.0,14.8
20121201205300,0.0,0.0,0.0,0.0,100.0,0.0,0.0,0.0
20121201205400,0.0,0.0,0.0,0.0,99.5,0.0,0.0,0.5
20121201205500,0.0,0.0,0.0,0.0,99.2,0.0,0.0,0.8
20121201205600,0.0,0.0,0.0,0.0,98.2,0.0,0.0,1.8
20121201205700,0.0,0.0,0.0,0.0,99.2,0.0,0.0,0.8
20121201205800,0.0,0.0,0.0,0.0,98.6,0.0,0.0,1.4
20121201205900,0.0,0.0,0.0,0.0,99.8,0.0,0.0,0.2
20121201210000,0.0,0.0,0.0,0.0,99.8,0.0,0.0,0.2
20121201210100,0.0,0.0,0.0,0.0,99.9,0.0,0.0,0.1
20121201210200,0.0,0.0,0.0,0.0,99.5,0.0,0.0,0.5
20121201210300,0.0,0.0,0.0,0.0,99.6,0.0,0.0,0.4
20121201210400,0.0,0.0,0.0,0.0,86.5,0.0,0.0,13.5
20121201210500,0.0,0.0,0.0,0.0,95.1,0.0,0.0,4.9
20121201210600,0.0,0.0,0.0,0.0,91.6,0.0,0.0,8.4
20121201210700,0.0,0.0,0.0,0.0,85.8,0.0,0.0,14.2
20121201210800,0.0,0.0,0.0,0.0,96.7,0.0,0.0,3.3
20121201210900,0.0,0.0,0.0,0.0,99.8,0.0,0.0,0.2
20121201211000,0.0,0.0,0.0,0.0,98.6,0.0,0.0,1.4
20121201211100,0.0,0.0,0.0,0.0,99.9,0.0,0.0,0.1
20121201211200,0.0,0.0,0.0,0.0,99.2,0.0,0.0,0.8
20121201211300,0.0,0.0,0.0,0.0,98.2,0.0,0.0,1.8
20121201211400,0.0,0.0,0.0,0.0,98.7,0.0,0.0,1.3
20121201211500,0.0,0.0,0.0,0.0,98.6,0.0,0.0,1.4
20121201211600,0.0,0.0,0.0,0.0,79.5,0.0,0.0,20.5
20121201211700,0.0,0.0,0.0,0.0,96.8,0.0,0.0,3.2
20121201211800,0.0,0.0,0.0,0.0,95.3,0.0,0.0,4.6
20121201211900,0.0,0.0,0.0,0.0,30.3,0.0,0.0,69.7
20121201212000,0.0,0.0,0.0,0.0,37.5,0.0,0.0,62.5
20121201212100,0.0,0.0,0.0,0.0,79.8,0.0,0.0,20.2
20121201212200,0.0,0.0,0.0,0.0,94.2,0.0,0.0,5.8
20121201212300,0.0,0.0,0.0,0.0,90.0,0.0,0.0,10.0
20121201212400,0.0,0.0,0.0,0.0,63.5,0.0,0.0,36.5
20121201212500,0.0,0.0,0.0,0.0,73.8,0.0,0.0,26.2
20121201212600,0.0,0.0,0.0,0.0,77.2,0.0,0.0,22.8
20121201212700,0.0,0.0,0.0,0.0,98.5,0.0,0.0,1.5
20121201212800,0.0,0.0,0.0,0.0,99.5,0.0,0.0,0.5
20121201212900,0.0,0.0,0.0,0.0,98.2,0.0,0.0,1.8
20121201213000,0.0,0.0,0.0,0.0,96.7,0.0,0.0,3.3
20121201213100,0.0,0.0,0.0,0.0,92.6,0.0,0.0,7.4
20121201213200,0.0,0.0,0.0,0.0,98.5,0.0,0.0,1.5
20121201213300,0.0,0.0,0.0,0.0,96.2,0.0,0.0,3.8
20121201213400,0.0,0.0,0.0,0.0,97.5,0.0,0.0,2.5
20121201213500,0.0,0.0,0.0,0.0,79.7,0.0,0.0,20.3
20121201213600,0.0,0.0,0.0,0.0,93.1,0.0,0.0,6.9
20121201213700,0.0,0.0,0.0,0.0,69.4,0.0,0.0,30.6
20121201213800,0.0,0.0,0.0,0.0,41.5,0.0,0.0,58.5
20121201213900,0.0,0.0,0.0,0.0,94.1,0.0,0.0,5.9
20121201214000,0.0,0.0,0.0,0.0,75.1,0.0,0.0,24.9
20121201214100,0.0,0.0,0.0,0.0,8.1,0.0,0.0,91.9
20121201214200,0.0,0.0,0.0,0.0,4.5,0.0,0.0,95.5
20121201214300,0.0,0.0,0.0,0.0,2.4,0.0,0.0,97.6
20121201214400,0.0,0.0,0.0,0.0,0.7,0.0,0.0,99.3
20121201214500,0.0,0.0,0.0,0.0,13.5,0.0,0.0,86.5
20121201214600,0.0,0.0,0.0,0.0,3.2,0.0,0.0,96.8
20121201214700,0.0,0.0,0.0,0.0,4.4,0.0,0.0,95.6
20121201214800,0.0,0.0,0.0,0.0,9.0,0.0,0.0,91.0
20121201214900,0.0,0.0,0.0,0.0,47.8,0.0,0.0,52.2
20121201215000,0.0,0.0,0.0,0.0,6.7,0.0,0.0,93.3
20121201215100,0.0,0.0,0.0,0.0,28.9,0.0,0.0,71.1
20121201215200,0.0,0.0,0.0,0.0,45.4,0.0,0.0,54.6
20121201215300,0.0,0.0,0.0,0.0,12.6,0.0,0.0,87.4
20121201215400,0.0,0.0,0.0,0.0,49.5,0.0,0.0,50.5
20121201215500,0.0,0.0,0.0,0.0,23.3,0.0,0.0,76.7
20121201215600,0.0,0.0,0.0,0.0,48.5,0.0,0.0,51.5
20121201215700,0.0,0.0,0.0,0.0,11.7,0.0,0.0,88.3
20121201215800,0.0,0.0,0.0,0.0,1.2,0.0,0.0,98.8
20121201215900,0.0,0.0,0.0,0.0,74.5,0.0,0.0,25.5
20121201220000,0.0,0.0,0.0,0.0,44.1,0.0,0.0,55.9
20121201220100,0.0,0.0,0.0,0.0,12.5,0.0,0.0,87.5
20121201220200,0.0,0.0,0.0,0.0,0.8,0.0,0.0,99.2
20121201220300,0.0,0.0,0.0,0.0,3.7,0.0,0.0,96.3
20121201220400,0.0,0.0,0.0,0.0,2.0,0.0,0.0,98.0
20121201220500,0.0,0.0,0.0,0.0,2.3,0.0,0.0,97.7
20121201220600,0.0,0.0,0.0,0.0,0.3,0.0,0.0,99.7
20121201220700,0.0,0.0,0.0,0.0,0.9,0.0,0.0,99.1
20121201220800,0.0,0.0,0.0,0.0,0.6,0.0,0.0,99.4
20121201220900,0.0,0.0,0.0,0.0,0.0,0.0,0.0,100.0
20121201221000,0.0,0.0,0.0,0.0,0.1,0.0,0.0,99.9
20121201221100,0.0,0.0,0.0,0.0,0.1,0.0,0.0,99.9
20121201221200,0.0,0.0,0.0,0.0,0.5,0.0,0.0,99.5
20121201221300,0.0,0.0,0.0,0.0,2.3,0.0,0.0,97.7
20121201221400,0.0,0.0,0.0,0.0,8.6,0.0,0.0,91.4
20121201221500,0.0,0.0,0.0,0.0,10.5,0.0,0.0,89.5
20121201221600,0.0,0.0,0.0,0.0,4.0,0.0,0.0,96.0
20121201221700,0.0,0.0,0.0,0.0,3.5,0.0,0.0,96.5
20121201221800,0.0,0.0,0.0,0.0,3.0,0.0,0.0,97.0
20121201221900,0.0,0.0,0.0,0.0,4.0,0.0,0.0,96.0
20121201222000,0.0,0.0,0.0,0.0,1.4,0.0,0.0,98.6
20121201222100,0.0,0.0,0.0,0.0,1.8,0.0,0.0,98.2
20121201222200,0.0,0.0,0.0,0.0,4.2,0.0,0.0,95.8
20121201222300,0.0,0.0,0.0,0.0,0.3,0.0,0.0,99.7
20121201222400,0.0,0.0,0.0,0.0,0.1,0.0,0.0,99.9
20121201222500,0.0,0.0,0.0,0.0,4.9,0.0,0.0,95.1
20121201222600,0.0,0.0,0.0,0.0,2.3,0.0,0.0,97.7
20121201222700,0.0,0.0,0.0,0.0,1.4,0.0,0.0,98.6
20121201222800,0.0,0.0,0.0,0.0,1.1,0.0,0.0,98.9
20121201222900,0.0,0.0,0.0,0.0,1.1,0.0,0.0,98.9
20121201223000,0.0,0.0,0.0,0.0,1.4,0.0,0.0,98.6
20121201223100,0.0,0.0,0.0,0.0,12.4,0.0,0.0,87.6
20121201223200,0.0,0.0,0.0,0.0,13.9,0.0,0.0,86.1
20121201223300,0.0,0.0,0.0,0.0,3.1,0.0,0.0,96.9
20121201223400,0.0,0.0,0.0,0.0,43.6,0.0,0.0,56.4
20121201223500,0.0,0.0,0.0,0.0,70.1,0.0,0.0,29.9
20121201223600,0.0,0.0,0.0,0.0,1.7,0.0,0.0,98.3
20121201223700,0.0,0.0,0.0,0.0,1.8,0.0,0.0,98.2
20121201223800,0.0,0.0,0.0,0.0,16.2,0.0,0.0,83.8
20121201223900,0.0,0.0,0.0,0.0,1.2,0.0,0.0,98.8
20121201224000,0.0,0.0,0.0,0.0,0.3,0.0,0.0,99.6
20121201224100,0.0,0.0,0.0,0.0,1.4,0.0,0.0,98.6
20121201224200,0.0,0.0,0.0,0.0,0.2,0.0,0.0,99.8
20121201224300,0.0,0.0,0.0,0.0,0.0,0.0,0.0,100.0
20121201224400,0.0,0.0,0.0,0.0,0.3,0.0,0.0,99.7
20121201224500,0.0,0.0,0.0,0.0,0.0,0.0,0.0,100.0
20121201224600,0.0,0.0,0.0,0.0,14.7,0.0,0.0,85.3
20121201224700,0.0,0.0,0.0,0.0,6.7,0.0,0.0,93.3
20121201224800,0.0,0.0,0.0,0.0,8.0,0.0,0.0,92.0
20121201224900,0.0,0.0,0.0,0.0,1.8,0.0,0.0,98.2
20121201225000,0.0,0.0,0.0,0.0,3.4,0.0,0.0,96.6
20121201225100,0.0,0.0,0.0,0.0,3.2,0.0,0.0,96.8
20121201225200,0.0,0.0,0.0,0.0,0.1,0.0,0.0,99.9
20121201225300,0.0,0.0,0.0,0.0,0.6,0.0,0.0,99.4
20121201225400,0.0,0.0,0.0,0.0,0.1,0.0,0.0,99.9
20121201225500,0.0,0.0,0.0,0.0,0.9,0.0,0.0,99.1
20121201225600,0.0,0.0,0.0,0.0,0.1,0.0,0.0,99.9
20121201225700,0.0,0.0,0.0,0.0,0.4,0.0,0.0,99.6
20121201225800,0.0,0.0,0.0,0.0,0.0,0.0,0.0,100.0
20121201225900,0.0,0.0,0.0,0.0,1.8,0.0,0.0,98.2
20121201230000,0.0,0.0,0.0,0.0,0.0,0.0,0.0,100.0
20121201230100,0.0,0.0,0.0,0.0,0.1,0.0,0.0,99.9
20121201230200,0.0,0.0,0.0,0.0,0.3,0.0,0.0,99.7
20121201230300,0.0,0.0,0.0,0.0,0.3,0.0,0.0,99.7
20121201230400,0.0,0.0,0.0,0.0,1.2,0.0,0.0,98.8
20121201230500,0.0,0.0,0.0,0.0,1.4,0.0,0.0,98.6
20121201230600,0.0,0.0,0.0,0.0,2.6,0.0,0.0,97.4
20121201230700,0.0,0.0,0.0,0.0,0.6,0.0,0.0,99.4
20121201230800,0.0,0.0,0.0,0.0,3.4,0.0,0.0,96.6
20121201230900,0.0,0.0,0.0,0.0,23.6,0.0,0.0,76.4
20121201231000,0.0,0.0,0.0,0.0,0.7,0.0,0.0,99.3
20121201231100,0.0,0.0,0.0,0.0,6.3,0.0,0.0,93.7
20121201231200,0.0,0.0,0.0,0.0,4.4,0.0,0.0,95.6
20121201231300,0.0,0.0,0.0,0.0,7.1,0.0,0.0,92.9
20121201231400,0.0,0.0,0.0,0.0,19.8,0.0,0.0,80.2
20121201231500,0.0,0.0,0.0,0.0,1.0,0.0,0.0,99.0
20121201231600,0.0,0.0,0.0,0.0,0.0,0.0,0.0,100.0
20121201231700,0.0,0.0,0.0,0.0,0.2,0.0,0.0,99.8
20121201231800,0.0,0.0,0.0,0.0,0.7,0.0,0.0,99.3
20121201231900,0.0,0.0,0.0,0.0,0.0,0.0,0.0,100.0
20121201232000,0.0,0.0,0.0,0.0,0.2,0.0,0.0,99.8
20121201232100,0.0,0.0,0.0,0.0,0.2,0.0,0.0,99.8
20121201232200,0.0,0.0,0.0,0.0,0.5,0.0,0.0,99.5
20121201232300,0.0,0.0,0.0,0.0,2.3,0.0,0.0,97.7
20121201232400,0.0,0.0,0.0,0.0,6.4,0.0,0.0,93.6
20121201232500,0.0,0.0,0.0,0.0,13.6,0.0,0.0,86.4
20121201232600,0.0,0.0,0.0,0.0,36.7,0.0,0.0,63.3
20121201232700,0.0,0.0,0.0,0.0,99.8,0.0,0.0,0.2
20121201232800,0.0,0.0,0.0,0.0,100.0,0.0,0.0,0.0
20121201232900,0.0,0.0,0.0,0.0,99.8,0.0,0.0,0.2
20121201233000,0.0,0.0,0.0,0.0,50.3,0.0,0.0,49.7
20121201233100,0.0,0.0,0.0,0.0,92.9,0.0,0.0,7.1
20121201233200,0.0,0.0,0.0,0.0,0.8,0.0,0.0,99.2
20121201233300,0.0,0.0,0.0,0.0,1.2,0.0,0.0,98.8
20121201233400,0.0,0.0,0.0,0.0,1.1,0.0,0.1,98.8
20121201233500,0.0,0.0,0.0,0.0,0.2,0.0,0.0,99.8
20121201233600,0.0,0.0,0.0,0.0,4.9,0.0,0.1,95.0
20121201233700,0.0,0.0,0.0,0.0,12.2,0.0,0.3,87.6
20121201233800,0.0,0.0,0.0,0.0,4.6,0.0,0.1,95.4
20121201233900,0.0,0.0,0.0,0.0,15.3,0.0,0.1,84.6
20121201234000,0.0,0.0,0.0,0.0,19.8,0.0,0.1,80.1
20121201234100,0.0,0.0,0.0,0.0,6.0,0.0,0.2,93.7
20121201234200,0.0,0.0,0.0,0.0,77.1,0.0,0.1,22.9
20121201234300,0.0,0.0,0.0,0.0,7.5,0.0,0.0,92.5
20121201234400,0.0,0.0,0.0,0.0,52.3,0.0,0.0,47.7
20121201234500,0.0,0.0,0.0,0.0,84.4,0.0,0.1,15.5
20121201234600,0.0,0.0,0.0,0.0,96.8,0.0,0.0,3.1
20121201234700,0.0,0.0,0.0,0.0,93.2,0.0,0.0,6.8
20121201234800,0.0,0.0,0.0,0.0,63.6,0.0,0.0,36.4
20121201234900,0.0,0.0,0.0,0.0,45.9,0.0,0.0,54.1
20121201235000,0.0,0.0,0.0,0.0,76.0,0.0,0.6,23.4
20121201235100,0.0,0.0,0.0,0.0,48.8,0.0,0.5,50.7
20121201235200,0.0,0.0,0.0,0.0,8.1,0.0,0.3,91.6
20121201235300,0.0,0.0,0.0,0.0,4.6,0.0,0.3,95.1
20121201235400,0.0,0.0,0.0,0.0,0.4,0.0,0.6,99.0
20121201235500,0.0,0.0,0.0,0.0,0.7,0.0,0.3,99.0
20121201235600,0.0,0.0,0.0,0.0,0.1,0.0,0.1,99.8
20121201235700,0.0,0.0,0.0,0.0,1.8,0.0,1.6,96.6
20121201235800,0.0,0.0,0.0,0.0,11.8,0.0,1.5,86.7
20121201235900,0.0,0.0,0.0,0.0,3.2,0.0,0.6,96.2
20121202000000,0.0,0.0,0.0,0.0,1.1,0.0,0.5,98.4
20121202000100,0.0,0.0,0.0,0.0,0.0,0.0,0.8,99.2
20121202000200,0.0,0.0,0.0,0.0,0.0,0.0,0.0,100.0
20121202000300,0.0,0.0,0.0,0.0,0.0,0.0,0.8,99.1
20121202000400,0.0,0.0,0.0,0.0,1.3,0.0,2.5,96.2
20121202000500,0.0,0.0,0.0,0.0,1.1,0.0,1.9,97.1
20121202000600,0.0,0.0,0.0,0.1,68.5,0.0,1.1,30.3
20121202000700,0.0,0.0,0.0,0.2,94.6,0.0,0.0,5.2
20121202000800,0.0,0.0,0.0,0.1,98.2,0.0,0.2,1.6
20121202000900,0.0,0.0,0.0,0.0,27.5,0.0,0.1,72.4
20121202001000,0.0,0.0,0.0,0.0,98.5,0.0,0.1,1.4
20121202001100,0.0,0.0,0.0,0.0,98.9,0.0,0.1,1.0
20121202001200,0.0,0.0,0.0,0.0,99.4,0.0,0.0,0.6
20121202001300,0.0,0.0,0.0,0.0,97.7,0.0,0.0,2.2
20121202001400,0.0,0.0,0.0,0.0,99.3,0.0,0.0,0.7
20121202001500,0.0,0.0,0.0,0.0,99.9,0.0,0.0,0.1
20121202001600,0.0,0.0,0.0,0.0,99.9,0.0,0.0,0.1
20121202001700,0.0,0.0,0.0,0.0,99.5,0.0,0.1,0.4
20121202001800,0.0,0.0,0.0,0.0,99.9,0.0,0.0,0.0
20121202001900,0.0,0.0,0.0,0.0,99.5,0.0,0.3,0.1
20121202002000,0.0,0.0,0.0,1.3,98.2,0.0,0.2,0.2
20121202002100,0.0,0.0,0.0,0.4,92.7,0.0,6.5,0.4
20121202002200,0.0,0.0,0.0,0.5,75.9,0.0,22.8,0.8
20121202002300,0.0,0.0,0.0,0.1,94.1,0.0,1.4,4.4
20121202002400,0.0,0.0,0.0,0.1,99.8,0.0,0.0,0.1
20121202002500,0.0,0.0,0.0,0.0,96.7,0.0,0.3,3.0
20121202002600,0.0,0.0,0.0,0.0,98.2,0.0,0.1,1.7
20121202002700,0.0,0.0,0.0,0.0,29.3,0.0,5.7,65.0
20121202002800,0.0,0.0,0.0,0.1,81.8,0.0,1.9,16.2
20121202002900,0.0,0.0,0.0,0.1,49.6,0.0,13.5,36.8
20121202003000,0.0,0.0,0.0,0.1,18.4,0.0,13.1,68.3
20121202003100,0.0,0.0,0.0,0.0,9.1,0.0,13.9,76.9
20121202003200,0.0,0.0,0.0,0.0,1.8,0.0,33.3,64.9
20121202003300,0.0,0.0,0.0,0.0,5.2,0.0,6.5,88.2
20121202003400,0.0,0.0,0.0,0.1,26.4,0.0,13.9,59.6
20121202003500,0.0,0.0,0.0,0.1,95.6,0.0,1.8,2.6
20121202003600,0.0,0.0,0.0,0.0,9.0,0.0,15.0,75.9
20121202003700,0.0,0.0,0.0,0.0,36.3,0.0,2.7,60.9
20121202003800,0.0,0.0,0.0,0.0,31.2,0.0,24.3,44.4
20121202003900,0.0,0.0,0.0,0.0,8.4,0.0,8.1,83.4
20121202004000,0.0,0.0,0.0,0.0,61.3,0.0,8.7,30.0
20121202004100,0.0,0.0,0.0,0.0,3.5,0.0,18.5,78.0
20121202004200,0.0,0.0,0.0,0.1,30.1,0.0,3.8,66.0
20121202004300,0.0,0.0,0.0,0.1,43.4,0.0,27.4,29.0
20121202004400,0.0,0.0,0.0,0.0,62.2,0.0,3.4,34.4
20121202004500,0.0,0.0,0.0,1.0,89.2,0.0,2.9,6.8
20121202004600,0.0,0.0,0.0,1.1,61.7,0.0,6.5,30.7
20121202004700,0.0,0.0,0.0,0.0,99.9,0.0,0.0,0.0
20121202004800,0.0,0.0,0.0,0.1,99.0,0.0,0.1,0.8
20121202004900,0.0,0.0,0.0,0.6,99.2,0.0,0.0,0.1
20121202005000,0.0,0.0,0.0,0.2,99.6,0.0,0.0,0.2
20121202005100,0.0,0.0,0.2,0.1,99.2,0.0,0.2,0.3
20121202005200,0.0,0.0,0.1,1.3,96.5,0.0,0.7,1.5
20121202005300,0.0,0.0,0.3,2.7,94.8,0.0,0.4,1.8
20121202005400,0.0,0.0,0.1,1.4,75.4,0.0,17.6,5.5
20121202005500,0.0,0.0,0.0,0.1,78.7,0.0,8.6,12.7
20121202005600,0.0,0.0,0.0,0.1,40.2,0.0,15.6,44.1
20121202005700,0.0,0.0,0.0,0.4,69.7,0.0,10.8,19.1
20121202005800,0.0,0.0,0.1,0.5,70.8,0.0,13.1,15.6
20121202005900,0.0,0.0,0.0,1.0,73.6,0.0,7.0,18.4
20121202010000,0.0,0.0,0.0,0.6,44.7,0.0,23.2,31.5
20121202010100,0.0,0.0,0.0,0.0,6.5,0.0,1.5,92.0
20121202010200,0.0,0.0,0.0,0.2,27.1,0.0,1.9,70.9
20121202010300,0.0,0.0,0.1,0.5,87.4,0.0,3.2,8.7
20121202010400,0.0,0.0,0.0,0.5,67.3,0.0,12.4,19.7
20121202010500,0.0,0.0,0.0,0.0,5.1,0.0,18.2,76.7
20121202010600,0.0,0.0,0.0,0.0,13.4,0.0,18.4,68.1
20121202010700,0.0,0.0,0.0,0.0,13.2,0.0,2.7,84.0
20121202010800,0.0,0.0,0.0,0.0,3.2,0.0,8.7,88.1
20121202010900,0.0,0.0,0.0,0.0,0.9,0.0,5.4,93.7
20121202011000,0.0,0.0,0.0,0.0,0.7,0.0,15.5,83.8
20121202011100,0.0,0.0,0.0,0.0,0.9,0.0,9.2,89.9
20121202011200,0.0,0.0,0.0,0.0,2.8,0.0,1.2,96.0
20121202011300,0.0,0.0,0.0,0.0,27.4,0.0,1.8,70.8
20121202011400,0.0,0.0,0.0,0.0,28.5,0.0,3.8,67.7
20121202011500,0.0,0.0,0.0,0.0,80.3,0.0,0.6,19.1
20121202011600,0.0,0.0,0.0,0.0,88.3,0.0,0.6,11.1
20121202011700,0.0,0.0,0.0,0.0,94.6,0.0,0.2,5.2
20121202012042,0.0,0.0,0.0,0.0,99.3,0.0,0.0,0.7
20121202012142,0.0,0.0,0.0,0.0,100.0,0.0,0.0,0.0
20121202012242,0.0,0.0,0.0,0.0,100.0,0.0,0.0,0.0
20121202012342,0.0,0.0,0.0,0.0,100.0,0.0,0.0,0.0
20121202012442,0.0,0.0,0.0,0.0,100.0,0.0,0.0,0.0
20121202012542,0.0,0.0,0.0,0.0,99.9,0.0,0.0,0.0
20121202012642,0.0,0.0,0.0,0.0,99.7,0.0,0.0,0.3
20121202012742,0.0,0.0,0.0,0.0,98.5,0.0,0.1,1.3
20121202012842,0.0,0.0,0.0,0.0,100.0,0.0,0.0,0.0
20121202012942,0.0,0.0,0.0,0.0,99.6,0.0,0.0,0.4
20121202013042,0.0,0.0,0.0,0.0,99.9,0.0,0.0,0.0
20121202013142,0.0,0.0,0.0,0.0,99.8,0.0,0.0,0.2
20121202013242,0.0,0.0,0.0,0.0,96.7,0.0,0.4,2.9
20121202013342,0.0,0.0,0.0,0.0,99.4,0.0,0.1,0.5
20121202013442,0.0,0.0,0.0,0.0,99.0,0.0,0.1,1.0
20121202013542,0.0,0.0,0.0,0.0,99.9,0.0,0.0,0.1
20121202013642,0.0,0.0,0.0,0.0,100.0,0.0,0.0,0.0
20121202013742,0.0,0.0,0.0,0.0,99.7,0.0,0.0,0.2
20121202013842,0.0,0.0,0.0,0.0,100.0,0.0,0.0,0.0
20121202013942,0.0,0.0,0.0,0.0,98.3,0.0,0.1,1.6
20121202014042,0.0,0.0,0.0,0.0,98.9,0.0,0.0,1.0
20121202014142,0.0,0.0,0.0,0.0,99.8,0.0,0.0,0.1
20121202014242,0.0,0.0,0.0,0.0,100.0,0.0,0.0,0.0
20121202014342,0.0,0.0,0.0,0.0,97.6,0.0,0.1,2.3
20121202014442,0.0,0.0,0.0,0.0,100.0,0.0,0.0,0.0
20121202014542,0.0,0.0,0.0,0.0,99.9,0.0,0.0,0.0
20121202014642,0.0,0.0,0.0,0.0,99.5,0.0,0.0,0.4
20121202014742,0.0,0.0,0.0,0.0,99.4,0.0,0.0,0.5
20121202014842,0.0,0.0,0.0,0.0,99.9,0.0,0.0,0.1
20121202014942,0.0,0.0,0.0,0.0,99.9,0.0,0.0,0.1
20121202015042,0.0,0.0,0.0,0.0,100.0,0.0,0.0,0.0
20121202015142,0.0,0.0,0.0,0.0,100.0,0.0,0.0,0.0
20121202015242,0.0,0.0,0.0,0.0,100.0,0.0,0.0,0.0
20121202015342,0.0,0.0,0.0,0.0,100.0,0.0,0.0,0.0
20121202015442,0.0,0.0,0.0,0.0,100.0,0.0,0.0,0.0
20121202015542,0.0,0.0,0.0,0.0,99.9,0.0,0.0,0.1
20121202015642,0.0,0.0,0.0,0.0,99.1,0.0,0.0,0.9
20121202015742,0.0,0.0,0.0,0.0,100.0,0.0,0.0,0.0
20121202015842,0.0,0.0,0.0,0.0,99.9,0.0,0.0,0.1
20121202015942,0.0,0.0,0.0,0.0,100.0,0.0,0.0,0.0
20121202020042,0.0,0.0,0.0,0.0,99.5,0.0,0.0,0.5
20121202020142,0.0,0.0,0.0,0.0,99.7,0.0,0.0,0.3
20121202020242,0.0,0.0,0.0,0.0,100.0,0.0,0.0,0.0
20121202020342,0.0,0.0,0.0,0.0,100.0,0.0,0.0,0.0
20121202020442,0.0,0.0,0.0,0.0,100.0,0.0,0.0,0.0
20121202020542,0.0,0.0,0.0,0.0,100.0,0.0,0.0,0.0
20121202020642,0.0,0.0,0.0,0.0,100.0,0.0,0.0,0.0
20121202020742,0.0,0.0,0.0,0.0,100.0,0.0,0.0,0.0
20121202020842,0.0,0.0,0.0,0.0,100.0,0.0,0.0,0.0
20121202020942,0.0,0.0,0.0,0.0,100.0,0.0,0.0,0.0
20121202021042,0.0,0.0,0.0,0.0,100.0,0.0,0.0,0.0
20121202021142,0.0,0.0,0.0,0.0,100.0,0.0,0.0,0.0
20121202021242,0.0,0.0,0.0,0.0,100.0,0.0,0.0,0.0
20121202021342,0.0,0.0,0.0,0.0,100.0,0.0,0.0,0.0
20121202021442,0.0,0.0,0.0,0.0,100.0,0.0,0.0,0.0
20121202021542,0.0,0.0,0.0,0.0,99.9,0.0,0.0,0.0
20121202021642,0.0,0.0,0.0,0.0,100.0,0.0,0.0,0.0
20121202021742,0.0,0.0,0.0,0.0,100.0,0.0,0.0,0.0
20121202021842,0.0,0.0,0.0,0.0,100.0,0.0,0.0,0.0
20121202021942,0.0,0.0,0.0,0.0,99.7,0.0,0.0,0.2
20121202022042,0.0,0.0,0.0,0.0,99.8,0.0,0.0,0.2
20121202022142,0.0,0.0,0.0,0.0,99.7,0.0,0.0,0.3
20121202022242,0.0,0.0,0.0,0.0,99.8,0.0,0.0,0.2
20121202022342,0.0,0.0,0.0,0.0,99.9,0.0,0.0,0.1
20121202022442,0.0,0.0,0.0,0.0,100.0,0.0,0.0,0.0
20121202022542,0.0,0.0,0.0,0.0,99.9,0.0,0.0,0.1
20121202022642,0.0,0.0,0.0,0.0,100.0,0.0,0.0,0.0
20121202022742,0.0,0.0,0.0,0.0,100.0,0.0,0.0,0.0
20121202022842,0.0,0.0,0.0,0.0,98.7,0.0,0.0,1.3
20121202022942,0.0,0.0,0.0,0.0,99.9,0.0,0.0,0.1
20121202023042,0.0,0.0,0.0,0.0,97.4,0.0,0.0,2.5
20121202023142,0.0,0.0,0.0,0.0,99.0,0.0,0.0,1.0
20121202023242,0.0,0.0,0.0,0.0,94.9,0.0,0.2,4.9
20121202023342,0.0,0.0,0.0,0.0,63.8,0.0,0.3,35.8
20121202023442,0.0,0.0,0.0,0.0,50.8,0.0,1.6,47.6
20121202023542,0.0,0.0,0.0,0.0,33.1,0.0,1.2,65.6
20121202023642,0.0,0.0,0.0,0.0,70.5,0.0,1.1,28.5
20121202023742,0.0,0.0,0.0,0.0,71.1,0.0,0.9,28.0
20121202023842,0.0,0.0,0.0,0.0,90.4,0.0,0.4,9.2
20121202023942,0.0,0.0,0.0,0.0,40.1,0.0,1.2,58.6
20121202024042,0.0,0.0,0.0,0.0,43.0,0.0,6.9,50.0
20121202024142,0.0,0.0,0.0,0.0,6.4,0.0,8.8,84.9
20121202024242,0.0,0.0,0.0,0.0,52.2,0.0,12.5,35.3
20121202024342,0.0,0.0,0.0,0.0,87.2,0.0,2.8,10.0
20121202024442,0.0,0.0,0.0,0.0,18.5,0.0,46.1,35.4
20121202024542,0.0,0.0,0.0,0.0,92.3,0.0,0.3,7.4
20121202024642,0.0,0.0,0.0,0.0,69.0,0.0,0.3,30.7
20121202024742,0.0,0.0,0.0,0.0,56.7,0.0,3.7,39.6
20121202024842,0.0,0.0,0.0,0.0,59.9,0.0,0.5,39.7
20121202024942,0.0,0.0,0.0,0.0,92.6,0.0,0.3,7.1
20121202025042,0.0,0.0,0.0,0.0,33.8,0.0,1.3,64.9
20121202025142,0.0,0.0,0.0,0.0,72.1,0.0,0.5,27.4
20121202025242,0.0,0.0,0.0,0.0,54.6,0.0,0.8,44.5
20121202025342,0.0,0.0,0.0,0.0,60.3,0.0,0.2,39.6
20121202025442,0.0,0.0,0.0,0.0,24.3,0.0,4.5,71.2
20121202025542,0.0,0.0,0.0,0.0,64.1,0.0,1.3,34.6
20121202025642,0.0,0.0,0.0,0.0,67.9,0.0,8.5,23.6
20121202025742,0.0,0.0,0.0,0.0,47.5,0.0,2.6,49.9
20121202025842,0.0,0.0,0.0,0.0,90.2,0.0,0.2,9.6
20121202025942,0.0,0.0,0.0,0.0,97.5,0.0,0.8,1.7
20121202030042,0.0,0.0,0.0,0.0,94.7,0.0,0.2,5.0
20121202030142,0.0,0.0,0.0,0.0,59.2,0.0,1.5,39.3
20121202030242,0.0,0.0,0.0,0.0,96.6,0.0,0.5,2.9
20121202030342,0.0,0.0,0.0,0.0,99.5,0.0,0.1,0.4
20121202030442,0.0,0.0,0.0,0.0,97.4,0.0,0.7,1.9
20121202030542,0.0,0.0,0.0,0.0,99.5,0.0,0.1,0.4
20121202030642,0.0,0.0,0.0,0.0,97.9,0.0,1.4,0.7
20121202030742,0.0,0.0,0.0,0.0,98.0,0.0,0.7,1.4
20121202030842,0.0,0.0,0.0,0.0,93.6,0.0,0.8,5.6
20121202030942,0.0,0.0,0.0,0.0,99.1,0.0,0.1,0.8
20121202031042,0.0,0.0,0.0,0.0,39.8,0.0,0.2,60.0
20121202031142,0.0,0.0,0.0,0.0,84.2,0.0,0.9,14.9
20121202031242,0.0,0.0,0.0,0.0,92.2,0.0,0.3,7.5
20121202031342,0.0,0.0,0.0,0.0,65.2,0.0,1.0,33.8
20121202031442,0.0,0.0,0.0,0.0,88.1,0.0,0.6,11.3
20121202031542,0.0,0.0,0.0,0.0,75.1,0.0,0.9,23.9
20121202031642,0.0,0.0,0.0,0.0,91.7,0.0,0.7,7.5
20121202031742,0.0,0.0,0.0,0.0,90.7,0.0,0.2,9.1
20121202031842,0.0,0.0,0.0,0.0,96.1,0.0,1.1,2.8
20121202031942,0.0,0.0,0.0,0.0,92.8,0.0,0.3,7.0
20121202032042,0.0,0.0,0.0,0.0,94.4,0.0,1.0,4.6
20121202032142,0.0,0.0,0.0,0.0,80.7,0.0,0.8,18.5
20121202032242,0.0,0.0,0.0,0.0,21.5,0.0,4.5,74.0
20121202032342,0.0,0.0,0.0,0.0,93.1,0.0,0.2,6.7
20121202032442,0.0,0.0,0.0,0.0,98.0,0.0,0.1,1.9
20121202032542,0.0,0.0,0.0,0.0,18.2,0.0,5.7,76.1
20121202032642,0.0,0.0,0.0,0.0,48.0,0.0,0.5,51.5
20121202032742,0.0,0.0,0.0,0.0,11.7,0.0,0.2,88.1
20121202032842,0.0,0.0,0.0,0.0,81.9,0.0,0.6,17.4
20121202032942,0.0,0.0,0.0,0.0,44.8,0.0,0.2,55.0
20121202033042,0.0,0.0,0.0,0.0,11.5,0.0,0.8,87.7
20121202033142,0.0,0.0,0.0,0.0,38.6,0.0,0.9,60.5
20121202033242,0.0,0.0,0.0,0.0,11.0,0.0,0.1,88.9
20121202033342,0.0,0.0,0.0,0.0,62.7,0.0,2.4,34.8
20121202033442,0.0,0.0,0.0,0.0,5.6,0.0,0.3,94.1
20121202033542,0.0,0.0,0.0,0.0,86.7,0.0,0.2,13.1
20121202033642,0.0,0.0,0.0,0.0,97.0,0.0,0.0,3.0
20121202033742,0.0,0.0,0.0,0.0,53.9,0.0,0.0,46.1
20121202033842,0.0,0.0,0.0,0.0,43.3,0.0,0.3,56.4
20121202033942,0.0,0.0,0.0,0.0,85.1,0.0,0.0,14.8
20121202034042,0.0,0.0,0.0,0.0,36.1,0.0,0.0,63.9
20121202034142,0.0,0.0,0.0,0.0,6.4,0.0,0.1,93.5
20121202034242,0.0,0.0,0.0,0.0,8.1,0.0,0.1,91.7
20121202034342,0.0,0.0,0.0,0.0,2.6,0.0,0.0,97.4
20121202034442,0.0,0.0,0.0,0.0,8.0,0.0,0.0,92.0
20121202034542,0.0,0.0,0.0,0.0,10.2,0.0,0.0,89.8
20121202034642,0.0,0.0,0.0,0.0,56.5,0.0,0.0,43.5
20121202034742,0.0,0.0,0.0,0.0,4.4,0.0,0.1,95.4
