UT,arc,discrete,diffuse,ac,ab,clear,cloudy,dd
20121124141700,0.0,0.0,0.0,0.0,0.0,0.0,0.0,100.0
20121124141800,0.0,0.0,0.0,0.0,0.0,0.0,0.0,100.0
20121124141900,0.0,0.0,0.0,0.0,0.0,0.0,0.0,100.0
20121124142000,0.0,0.0,0.0,0.0,0.0,0.0,0.0,100.0
20121124142100,0.0,0.0,0.0,0.0,0.0,0.0,0.0,100.0
20121124142200,0.0,0.0,0.0,0.0,0.0,0.0,0.0,100.0
20121124142300,0.0,0.0,0.0,0.0,0.0,0.0,0.0,100.0
20121124142400,0.0,0.0,0.0,0.0,0.0,0.0,0.0,100.0
20121124142500,0.0,0.0,0.0,0.0,0.0,0.0,0.0,100.0
20121124142600,0.0,0.0,0.0,0.0,0.0,0.0,0.0,100.0
20121124142700,0.0,0.0,0.0,0.0,0.0,0.0,0.0,100.0
20121124142800,0.0,0.0,0.0,0.0,0.0,0.0,0.0,100.0
20121124142900,0.0,0.0,0.0,0.0,0.0,0.0,0.0,100.0
20121124143000,0.0,0.0,0.0,0.0,0.0,0.0,0.0,100.0
20121124143100,0.0,0.0,0.0,0.0,0.0,0.0,0.0,100.0
20121124143200,0.0,0.0,0.0,0.0,0.0,0.0,0.0,100.0
20121124143300,0.0,0.0,0.0,0.0,0.0,0.0,0.0,100.0
20121124143400,0.0,0.0,0.0,0.0,0.0,0.0,0.0,100.0
20121124143500,0.0,0.0,0.0,0.0,0.0,0.0,0.0,100.0
20121124143600,0.0,0.0,0.0,0.0,0.0,0.0,0.0,100.0
20121124143700,0.0,0.0,0.0,0.0,0.0,0.0,0.0,100.0
20121124143800,0.0,0.0,0.0,0.0,0.0,0.0,0.0,100.0
20121124143900,0.0,0.0,0.0,0.0,0.0,0.0,0.0,100.0
20121124144000,0.0,0.0,0.0,0.0,0.0,0.0,0.0,100.0
20121124144100,0.0,0.0,0.0,0.0,0.0,0.0,0.0,100.0
20121124144200,0.0,0.0,0.0,0.0,0.0,0.0,0.0,100.0
20121124144300,0.0,0.0,0.0,0.0,0.0,0.0,0.0,100.0
20121124144400,0.0,0.0,0.0,0.0,0.0,0.0,0.0,100.0
20121124144500,0.0,0.0,0.0,0.0,0.0,0.0,0.0,100.0
20121124144600,0.0,0.0,0.0,0.0,0.0,0.0,0.0,100.0
20121124144700,0.0,0.0,0.0,0.0,0.0,0.0,0.0,100.0
20121124144800,0.0,0.0,0.0,0.0,0.0,0.0,0.0,100.0
20121124144900,0.0,0.0,0.0,0.0,0.0,0.0,0.0,100.0
20121124145000,0.0,0.0,0.0,0.0,0.0,0.0,0.0,100.0
20121124145100,0.0,0.0,0.0,0.0,0.0,0.0,0.0,100.0
20121124145200,0.0,0.0,0.0,0.0,0.0,0.0,0.0,100.0
20121124145300,0.0,0.0,0.0,0.0,0.0,0.0,0.0,100.0
20121124145400,0.0,0.0,0.0,0.0,0.0,0.0,0.0,100.0
20121124145500,0.0,0.0,0.0,0.0,0.6,0.0,0.0,99.4
20121124145600,0.0,0.0,0.0,0.0,0.1,0.0,0.0,99.8
20121124145700,0.0,0.0,0.0,0.0,0.1,0.0,0.0,99.9
20121124145800,0.0,0.0,0.0,0.0,0.0,0.0,0.0,100.0
20121124145900,0.0,0.0,0.0,0.0,0.1,0.0,0.0,99.9
20121124150000,0.0,0.0,0.0,0.0,0.2,0.0,0.0,99.8
20121124150100,0.0,0.0,0.0,0.0,0.1,0.0,0.0,99.9
20121124150200,0.0,0.0,0.0,0.0,0.8,0.0,0.0,99.2
20121124150300,0.0,0.0,0.0,0.0,0.7,0.0,0.2,99.1
20121124150400,0.0,0.0,0.0,0.0,0.7,0.0,0.1,99.2
20121124150500,0.0,0.0,0.0,0.0,11.2,0.0,0.1,88.7
20121124150600,0.0,0.0,0.0,0.0,6.1,0.0,0.1,93.8
20121124150700,0.0,0.0,0.0,0.0,2.3,0.0,0.1,97.6
20121124150800,0.0,0.0,0.0,0.0,0.7,0.0,0.2,99.1
20121124150900,0.0,0.0,0.0,0.0,0.5,0.0,0.6,98.9
20121124151000,0.0,0.0,0.0,0.0,1.6,0.0,1.4,97.0
20121124151100,0.0,0.0,0.0,0.0,1.9,0.0,1.9,96.2
20121124151200,0.0,0.0,0.0,0.0,2.2,0.0,0.3,97.5
20121124151300,0.0,0.0,0.0,0.0,3.1,0.0,1.1,95.8
20121124151400,0.0,0.0,0.0,0.0,3.1,0.0,0.7,96.2
20121124151500,0.0,0.0,0.0,0.0,0.3,0.0,0.5,99.2
20121124151600,0.0,0.0,0.0,0.0,5.5,0.0,0.2,94.3
20121124151700,0.0,0.0,0.0,0.0,1.0,0.0,0.2,98.8
20121124151800,0.0,0.0,0.0,0.0,6.6,0.0,2.3,91.0
20121124151900,0.0,0.0,0.0,0.0,8.4,0.0,0.3,91.4
20121124152000,0.0,0.0,0.0,0.0,1.2,0.0,0.9,97.9
20121124152100,0.0,0.0,0.0,0.0,2.7,0.0,4.5,92.8
20121124152200,0.0,0.0,0.0,0.0,0.6,0.0,0.5,99.0
20121124152300,0.0,0.0,0.0,0.0,0.3,0.0,2.6,97.1
20121124152400,0.0,0.0,0.0,0.0,8.0,0.0,12.1,79.9
20121124152500,0.0,0.0,0.0,0.0,5.3,0.0,15.5,79.3
20121124152600,0.0,0.0,0.0,0.0,22.2,0.0,47.0,30.8
20121124152700,0.0,0.0,0.0,0.0,25.6,0.0,18.8,55.6
20121124152800,0.1,0.0,0.0,0.0,7.5,0.0,29.0,63.4
20121124152900,0.0,0.0,0.0,0.0,36.6,0.0,33.4,29.9
20121124153000,0.1,0.0,0.0,0.0,64.6,0.0,20.1,15.2
20121124153100,0.0,0.0,0.0,0.0,21.3,0.0,55.5,23.1
20121124153200,0.0,0.0,0.0,0.0,20.9,0.0,58.2,20.9
20121124153300,0.0,0.0,0.0,0.0,14.9,0.0,19.0,66.1
20121124153400,0.0,0.0,0.0,0.0,20.8,0.0,41.7,37.4
20121124153500,0.0,0.0,0.0,0.0,12.1,0.0,50.6,37.2
20121124153600,0.0,0.0,0.0,0.0,5.7,0.0,76.8,17.4
20121124153700,0.0,0.0,0.0,0.0,7.8,0.0,87.1,5.1
20121124153800,0.0,0.0,0.0,0.0,14.4,0.0,47.6,37.9
20121124153900,0.0,0.0,0.0,0.0,23.1,0.0,61.4,15.5
20121124154000,0.0,0.0,0.0,0.0,10.3,0.0,81.8,7.9
20121124154100,0.0,0.0,0.0,0.0,6.8,0.0,63.5,29.6
20121124154200,0.0,0.0,0.0,0.0,26.9,0.0,54.7,18.4
20121124154300,0.0,0.0,0.0,0.0,16.2,0.0,70.2,13.6
20121124154400,0.0,0.0,0.0,0.0,30.0,0.0,61.7,8.3
20121124154500,0.0,0.0,0.0,0.0,11.2,0.0,66.4,22.4
20121124154600,0.0,0.0,0.0,0.0,10.4,0.0,86.1,3.5
20121124154700,0.0,0.0,0.0,0.0,11.9,0.0,82.9,5.2
20121124154800,0.0,0.0,0.0,0.0,11.1,0.0,85.0,3.9
20121124154900,0.0,0.0,0.0,0.0,3.8,0.0,86.9,9.3
20121124155000,0.0,0.0,0.0,0.0,9.0,0.0,72.7,18.3
20121124155100,0.0,0.0,0.0,0.0,0.2,0.0,99.1,0.7
20121124155200,0.0,0.0,0.0,0.0,5.4,0.0,82.3,12.4
20121124155300,0.0,0.0,0.0,0.0,7.6,0.0,91.3,1.1
20121124155400,0.0,0.0,0.0,0.0,47.1,0.0,50.0,2.8
20121124155500,0.1,0.0,0.1,0.0,36.7,0.0,59.7,3.5
20121124155600,0.0,0.0,0.1,0.0,68.3,0.0,29.6,2.1
20121124155700,0.1,0.0,0.0,0.0,37.1,0.0,55.0,7.8
20121124155800,0.0,0.0,0.1,0.0,24.9,0.0,61.9,13.1
20121124155900,0.0,0.0,0.0,0.0,7.1,0.0,91.9,1.0
20121124160000,0.0,0.0,0.0,0.0,3.0,0.0,96.0,0.9
20121124160100,0.0,0.0,0.0,0.0,13.9,0.0,83.3,2.7
20121124160200,0.0,0.0,0.0,0.0,6.5,0.0,79.6,13.9
20121124160300,0.1,0.0,0.0,0.0,18.1,0.0,70.9,10.8
20121124160400,0.0,0.0,0.0,0.0,0.7,0.0,98.3,0.9
20121124160500,0.0,0.0,0.0,0.0,0.7,0.0,99.1,0.2
20121124160600,0.0,0.0,0.0,0.0,4.5,0.0,92.8,2.7
20121124160700,0.1,0.0,0.0,0.0,10.3,0.0,86.9,2.8
20121124160800,0.0,0.0,0.0,0.0,1.8,0.0,96.8,1.3
20121124160900,0.0,0.0,0.0,0.0,13.5,0.0,83.8,2.7
20121124161000,0.0,0.0,0.0,0.0,2.8,0.0,95.2,2.0
20121124161100,0.0,0.0,0.0,0.0,3.8,0.0,88.6,7.6
20121124161200,0.0,0.0,0.0,0.0,0.9,0.0,84.5,14.5
20121124161300,0.0,0.0,0.0,0.0,5.8,0.0,82.2,11.9
20121124161400,0.0,0.0,0.0,0.1,4.0,0.1,80.9,14.9
20121124161500,0.0,0.0,0.1,0.4,9.8,0.0,75.0,14.7
20121124161600,0.0,0.0,0.1,0.5,25.1,0.1,68.0,6.2
20121124161700,0.2,0.0,0.1,0.6,11.2,0.1,69.9,17.8
20121124161800,0.1,0.0,0.1,0.1,10.2,0.1,77.0,12.6
20121124161900,0.0,0.0,0.0,0.0,3.1,0.0,94.4,2.5
20121124162000,0.0,0.0,0.0,0.0,2.8,0.0,95.3,1.9
20121124162100,0.0,0.0,0.0,0.0,3.3,0.0,95.7,1.0
20121124162200,0.0,0.0,0.0,0.0,3.8,0.0,95.6,0.6
20121124162300,0.0,0.0,0.0,0.0,2.6,0.0,96.5,0.8
20121124162400,0.0,0.0,0.0,0.0,0.9,0.0,98.0,1.1
20121124162500,0.0,0.0,0.0,0.0,3.5,0.0,95.3,1.2
20121124162600,0.0,0.0,0.0,0.0,0.4,0.0,99.0,0.6
20121124162700,0.0,0.0,0.0,0.0,0.5,0.0,99.1,0.3
20121124162800,0.0,0.0,0.0,0.0,0.2,0.0,99.6,0.2
20121124162900,0.0,0.0,0.0,0.0,0.9,0.0,96.2,2.9
20121124163000,0.0,0.0,0.0,0.0,0.8,0.0,98.2,1.0
20121124163100,0.0,0.0,0.0,0.0,1.8,0.0,97.1,1.1
20121124163200,0.0,0.0,0.0,0.0,2.0,0.0,97.6,0.4
20121124163300,0.0,0.0,0.0,0.0,1.9,0.0,97.7,0.4
20121124163400,0.0,0.0,0.0,0.0,1.5,0.0,97.8,0.6
20121124163500,0.0,0.0,0.0,0.0,0.6,0.0,99.2,0.2
20121124163600,0.0,0.0,0.0,0.0,0.6,0.0,99.0,0.3
20121124163700,0.0,0.0,0.0,0.0,1.4,0.0,97.9,0.7
20121124163800,0.0,0.0,0.0,0.0,0.1,0.0,99.7,0.2
20121124163900,0.0,0.0,0.0,0.0,0.1,0.0,99.5,0.4
20121124164000,0.0,0.0,0.0,0.0,0.2,0.0,99.3,0.4
20121124164100,0.0,0.0,0.0,0.0,0.6,0.0,97.3,2.0
20121124164200,0.0,0.0,0.0,0.0,1.8,0.0,96.8,1.3
20121124164300,0.0,0.0,0.0,0.0,9.7,0.1,87.2,3.0
20121124164400,0.0,0.0,0.0,0.0,4.5,0.0,94.5,1.0
20121124164500,0.0,0.0,0.0,0.0,7.0,0.0,90.9,2.1
20121124164600,0.0,0.0,0.0,0.0,3.8,0.0,93.6,2.5
20121124164700,0.0,0.0,0.0,0.0,4.6,0.0,92.8,2.5
20121124164800,0.0,0.0,0.0,0.0,0.9,0.0,98.0,1.0
20121124164900,0.0,0.0,0.0,0.0,8.4,0.0,90.3,1.3
20121124165000,0.0,0.0,0.0,0.0,1.2,0.0,98.1,0.6
20121124165100,0.0,0.0,0.0,0.0,1.0,0.0,98.6,0.4
20121124165200,0.0,0.0,0.0,0.0,11.2,0.0,87.4,1.3
20121124165300,0.0,0.0,0.0,0.0,4.5,0.0,93.9,1.6
20121124165400,0.0,0.0,0.0,0.0,2.0,0.0,97.7,0.3
20121124165500,0.0,0.0,0.0,0.0,23.2,0.1,69.9,6.8
20121124165600,0.0,0.0,0.0,0.0,3.4,0.0,96.1,0.5
20121124165700,0.0,0.0,0.0,0.0,3.4,0.0,91.7,4.9
20121124165800,0.0,0.0,0.0,0.0,11.2,0.0,87.4,1.4
20121124165900,0.0,0.0,0.0,0.0,7.1,0.0,90.6,2.2
20121124170000,0.0,0.0,0.0,0.0,17.3,0.0,76.9,5.8
20121124170100,0.0,0.0,0.0,0.0,28.6,0.0,66.0,5.4
20121124170200,0.1,0.0,0.0,0.0,28.0,0.0,60.0,11.9
20121124170300,0.0,0.0,0.0,0.0,3.0,0.0,95.5,1.5
20121124170400,0.0,0.0,0.0,0.0,3.5,0.0,89.7,6.8
20121124170500,0.0,0.0,0.0,0.0,1.0,0.0,90.9,8.1
20121124170600,0.0,0.0,0.0,0.0,6.1,0.0,83.9,10.0
20121124170700,0.0,0.0,0.0,0.0,0.8,0.0,97.8,1.4
20121124170800,0.0,0.0,0.0,0.0,1.7,0.0,78.9,19.4
20121124170900,0.0,0.0,0.0,0.0,9.6,0.0,50.3,40.0
20121124171000,0.0,0.0,0.0,0.0,3.9,0.0,71.3,24.7
20121124171100,0.0,0.0,0.1,0.0,16.7,0.0,49.2,34.0
20121124171200,0.0,0.0,0.0,0.0,34.4,0.1,39.9,25.5
20121124171300,0.0,0.0,0.0,0.1,29.4,0.1,20.6,49.8
20121124171400,0.0,0.0,0.1,0.0,24.9,0.0,18.9,56.1
20121124171500,0.0,0.0,0.0,0.1,17.6,0.0,37.4,44.8
20121124171600,0.0,0.0,0.0,0.0,8.3,0.0,5.6,86.0
20121124171700,0.0,0.0,0.0,0.0,20.9,0.1,15.0,63.9
20121124171800,0.0,0.0,0.0,0.0,26.6,0.0,26.8,46.4
20121124171900,0.0,0.0,0.0,0.0,11.3,0.1,14.4,74.2
20121124172000,0.0,0.0,0.0,0.0,19.7,0.2,38.4,41.6
20121124172100,0.0,0.0,0.0,0.1,11.7,0.4,31.3,56.4
20121124172200,0.0,0.0,0.0,0.0,1.3,0.0,13.8,84.8
20121124172300,0.0,0.0,0.0,0.0,1.8,0.0,9.6,88.5
20121124172400,0.0,0.0,0.0,0.0,1.4,0.0,9.2,89.4
20121124172500,0.0,0.0,0.0,0.0,2.5,0.0,45.0,52.5
20121124172600,0.0,0.0,0.0,0.0,1.3,0.0,84.9,13.8
20121124172700,0.0,0.0,0.0,0.0,0.7,0.0,86.3,12.9
20121124172800,0.0,0.0,0.0,0.0,2.3,0.0,91.3,6.3
20121124172900,0.0,0.0,0.0,0.0,4.7,0.0,78.2,17.0
20121124173000,0.0,0.0,0.0,0.0,4.5,0.0,74.9,20.6
20121124173100,0.0,0.0,0.0,0.0,2.0,0.0,43.1,54.9
20121124173200,0.0,0.0,0.0,0.0,3.4,0.0,75.7,21.0
20121124173300,0.0,0.0,0.0,0.0,6.4,0.0,58.3,35.3
20121124173400,0.0,0.0,0.0,0.0,5.7,0.0,87.0,7.2
20121124173500,0.0,0.0,0.0,0.0,2.1,0.0,62.6,35.3
20121124173600,0.0,0.0,0.0,0.0,6.8,0.0,71.0,22.2
20121124173700,0.0,0.0,0.0,0.0,11.1,0.0,67.1,21.8
20121124173800,0.0,0.0,0.0,0.0,2.4,0.0,47.3,50.3
20121124173900,0.0,0.0,0.0,0.0,2.8,0.0,67.4,29.8
20121124174000,0.0,0.0,0.0,0.0,7.5,0.0,81.7,10.7
20121124174100,0.0,0.0,0.0,0.0,3.2,0.0,88.8,8.0
20121124174200,0.0,0.0,0.0,0.0,11.8,0.0,38.7,49.4
20121124174300,0.0,0.0,0.0,0.0,6.4,0.0,57.9,35.7
20121124174400,0.0,0.0,0.0,0.0,6.3,0.0,50.4,43.3
20121124174500,0.0,0.0,0.0,0.0,5.8,0.0,61.7,32.5
20121124174600,0.0,0.0,0.0,0.0,6.6,0.1,41.9,51.4
20121124174700,0.0,0.0,0.0,0.0,2.9,0.0,72.9,24.1
20121124174800,0.0,0.0,0.0,0.0,4.3,0.0,91.3,4.4
20121124174900,0.0,0.0,0.0,0.0,6.8,0.1,51.7,41.3
20121124175000,0.0,0.0,0.0,0.0,1.7,0.0,80.7,17.6
20121124175100,0.0,0.0,0.0,0.0,1.2,0.0,95.7,3.1
20121124175200,0.0,0.0,0.0,0.0,1.6,0.0,85.4,13.0
20121124175300,0.0,0.0,0.0,0.0,0.5,0.0,72.0,27.5
20121124175400,0.0,0.0,0.0,0.0,1.2,0.0,85.1,13.8
20121124175500,0.0,0.0,0.0,0.0,3.7,0.0,59.8,36.5
20121124175600,0.0,0.0,0.0,0.0,5.2,0.0,81.5,13.3
20121124175700,0.0,0.0,0.0,0.0,5.2,0.0,93.2,1.6
20121124175800,0.0,0.0,0.0,0.0,1.2,0.0,95.6,3.1
20121124175900,0.0,0.0,0.0,0.1,21.7,0.0,64.5,13.6
20121124180000,0.0,0.0,0.0,0.1,4.4,0.0,78.7,16.8
20121124180100,0.0,0.0,0.0,0.1,4.5,0.0,78.3,17.0
20121124180200,0.0,0.0,0.0,0.0,7.7,0.0,82.3,9.9
20121124180300,0.0,0.0,0.0,0.1,4.7,0.0,81.5,13.7
20121124180400,0.0,0.0,0.0,0.2,7.5,0.0,33.9,58.4
20121124180500,0.0,0.0,0.0,0.1,3.5,0.0,87.5,8.9
20121124180600,0.0,0.0,0.0,0.1,3.6,0.0,82.2,14.2
20121124180700,0.0,0.0,0.0,0.0,3.3,0.0,92.1,4.6
20121124180800,0.0,0.0,0.0,0.0,2.3,0.0,82.3,15.3
20121124180900,0.0,0.0,0.0,0.0,7.0,0.0,66.1,26.8
20121124181000,0.0,0.0,0.0,0.0,9.9,0.0,69.2,20.9
20121124181100,0.0,0.0,0.0,0.0,0.9,0.0,90.9,8.2
20121124181200,0.0,0.0,0.0,0.0,1.6,0.0,93.4,5.0
20121124181300,0.0,0.0,0.0,0.1,6.3,0.0,26.4,67.2
20121124181400,0.0,0.0,0.0,0.0,5.2,0.0,76.5,18.2
20121124181500,0.0,0.0,0.0,0.0,8.1,0.0,75.8,16.0
20121124181600,0.0,0.0,0.0,0.0,6.4,0.0,89.4,4.2
20121124181700,0.0,0.0,0.0,0.1,9.1,0.0,87.7,3.0
20121124181800,0.0,0.0,0.0,0.2,11.4,0.0,84.9,3.5
20121124181900,0.0,0.0,0.0,0.1,16.5,0.0,69.6,13.8
20121124182000,0.0,0.0,0.0,0.1,24.5,0.0,70.6,4.8
20121124182100,0.0,0.0,0.0,0.0,5.3,0.0,88.6,6.0
20121124182200,0.0,0.0,0.0,0.0,18.3,0.0,68.5,13.1
20121124182300,0.0,0.0,0.0,0.0,2.6,0.0,94.0,3.4
20121124182400,0.0,0.0,0.0,0.0,2.6,0.0,83.2,14.1
20121124182500,0.0,0.0,0.0,0.0,5.2,0.0,63.3,31.5
20121124182600,0.0,0.0,0.0,0.0,9.8,0.1,73.8,16.4
20121124182700,0.0,0.0,0.0,0.0,2.8,0.0,88.6,8.6
20121124182800,0.0,0.0,0.0,0.0,3.6,0.0,90.0,6.4
20121124182900,0.0,0.0,0.0,0.0,2.0,0.0,68.2,29.8
20121124183000,0.0,0.0,0.0,0.0,2.6,0.0,82.8,14.5
20121124183100,0.0,0.0,0.0,0.0,2.2,0.0,88.3,9.5
20121124183200,0.0,0.0,0.0,0.0,0.7,0.0,71.4,28.0
20121124183300,0.0,0.0,0.0,0.0,1.9,0.0,83.0,15.1
20121124183400,0.0,0.0,0.0,0.0,0.9,0.0,74.0,25.1
20121124183500,0.0,0.0,0.0,0.0,0.2,0.0,94.3,5.4
20121124183600,0.0,0.0,0.0,0.0,0.2,0.0,94.3,5.5
20121124183700,0.0,0.0,0.0,0.0,0.5,0.0,97.5,1.9
20121124183800,0.0,0.0,0.0,0.0,2.8,0.0,95.9,1.2
20121124183900,0.0,0.0,0.0,0.0,1.0,0.0,95.4,3.6
20121124184000,0.0,0.0,0.0,0.0,1.1,0.0,94.8,4.1
20121124184100,0.0,0.0,0.0,0.1,21.3,0.0,70.7,7.8
20121124184200,0.0,0.0,0.0,0.0,3.5,0.0,77.8,18.7
20121124184300,0.0,0.0,0.0,0.0,2.7,0.0,79.8,17.4
20121124184400,0.0,0.0,0.0,0.1,1.3,0.0,86.3,12.3
20121124184500,0.0,0.0,0.0,0.0,1.0,0.0,89.3,9.6
20121124184600,0.0,0.0,0.0,0.0,0.7,0.0,85.9,13.4
20121124184700,0.0,0.0,0.0,0.0,3.5,0.0,82.3,14.1
20121124184800,0.0,0.0,0.0,0.0,1.5,0.0,55.1,43.4
20121124184900,0.0,0.0,0.0,0.1,7.6,0.0,21.9,70.4
20121124185000,0.0,0.0,0.0,0.0,1.6,0.0,34.5,63.8
20121124185100,0.0,0.0,0.0,0.2,12.3,0.2,34.2,53.0
20121124185200,0.0,0.0,0.0,0.0,14.4,0.0,39.0,46.5
20121124185300,0.0,0.0,0.0,0.1,3.3,0.1,45.0,51.5
20121124185400,0.0,0.0,0.0,0.0,3.0,0.1,76.4,20.5
20121124185500,0.0,0.0,0.0,0.0,2.0,0.1,57.6,40.4
20121124185600,0.0,0.0,0.0,0.0,2.7,0.0,65.2,32.1
20121124185700,0.0,0.0,0.0,0.0,3.6,0.0,78.2,18.2
20121124185800,0.0,0.0,0.0,0.0,0.5,0.0,67.2,32.3
20121124185900,0.0,0.0,0.0,0.0,1.1,0.0,87.6,11.3
20121124190000,0.0,0.0,0.0,0.0,1.3,0.0,47.8,50.9
20121124190100,0.0,0.0,0.0,0.0,1.5,0.0,33.6,64.8
20121124190200,0.0,0.0,0.0,0.1,6.3,0.0,33.5,60.1
20121124190300,0.0,0.0,0.0,0.0,1.0,0.0,7.6,91.3
20121124190400,0.0,0.0,0.0,0.0,0.5,0.0,8.5,91.0
20121124190500,0.0,0.0,0.0,0.0,1.9,0.0,18.8,79.3
20121124190600,0.0,0.0,0.0,0.0,1.4,0.0,64.0,34.5
20121124190700,0.0,0.0,0.0,0.0,1.4,0.0,45.3,53.3
20121124190800,0.0,0.0,0.0,0.1,1.5,0.0,44.9,53.5
20121124190900,0.0,0.0,0.0,0.0,0.4,0.0,39.2,60.3
20121124191000,0.0,0.0,0.0,0.1,3.6,0.0,38.5,57.8
20121124191100,0.0,0.0,0.0,0.1,3.9,0.0,45.5,50.6
20121124191200,0.0,0.0,0.0,0.0,0.9,0.0,42.4,56.7
20121124191300,0.0,0.0,0.0,0.1,5.7,0.0,51.6,42.6
20121124191400,0.0,0.0,0.0,0.1,3.6,0.0,39.4,57.0
20121124191500,0.0,0.0,0.0,0.0,2.4,0.0,31.7,65.9
20121124191600,0.0,0.0,0.0,0.0,0.8,0.0,30.3,68.8
20121124191700,0.0,0.0,0.0,0.0,1.1,0.0,49.7,49.2
20121124191800,0.0,0.0,0.0,0.0,1.8,0.0,48.3,49.8
20121124191900,0.0,0.0,0.0,0.0,1.0,0.0,47.1,51.8
20121124192000,0.0,0.0,0.0,0.0,0.7,0.0,48.3,51.0
20121124192100,0.0,0.0,0.0,0.0,5.7,0.0,39.0,55.2
20121124192200,0.0,0.0,0.0,0.0,1.0,0.0,19.7,79.3
20121124192300,0.0,0.0,0.0,0.0,3.4,0.0,52.7,43.9
20121124192400,0.0,0.0,0.0,0.1,0.6,0.0,66.5,32.8
20121124192500,0.0,0.0,0.0,0.0,1.5,0.0,54.7,43.8
20121124192600,0.0,0.0,0.0,0.1,0.6,0.0,74.2,25.1
20121124192700,0.0,0.0,0.0,0.1,3.1,0.0,40.4,56.4
20121124192800,0.0,0.0,0.0,0.1,6.4,0.0,76.6,17.0
20121124192900,0.0,0.0,0.0,0.1,2.6,0.0,85.3,12.1
20121124193000,0.0,0.0,0.0,0.1,2.4,0.0,76.4,21.2
20121124193100,0.0,0.0,0.0,0.0,2.4,0.0,93.6,3.9
20121124193200,0.0,0.0,0.0,0.1,3.6,0.0,86.2,10.2
20121124193300,0.0,0.0,0.0,0.0,2.3,0.0,74.0,23.7
20121124193400,0.0,0.0,0.0,0.0,0.8,0.0,73.8,25.3
20121124193500,0.0,0.0,0.0,0.0,1.8,0.0,81.3,16.9
20121124193600,0.0,0.0,0.0,0.0,2.1,0.0,82.8,15.1
20121124193700,0.0,0.0,0.0,0.3,8.4,0.0,61.7,29.6
20121124193800,0.0,0.0,0.0,0.4,13.7,0.0,76.6,9.3
20121124193900,0.0,0.0,0.0,0.2,7.0,0.0,88.1,4.7
20121124194000,0.0,0.0,0.0,0.1,2.5,0.0,93.8,3.7
20121124194100,0.0,0.0,0.0,0.1,5.5,0.0,91.0,3.5
20121124194200,0.0,0.0,0.0,0.1,7.7,0.0,56.6,35.7
20121124194300,0.0,0.0,0.0,0.0,1.1,0.0,97.6,1.3
20121124194400,0.0,0.0,0.0,0.1,7.5,0.0,83.0,9.4
20121124194500,0.0,0.0,0.0,0.1,3.2,0.0,95.3,1.4
20121124194600,0.0,0.0,0.0,0.1,2.6,0.0,96.0,1.3
20121124194700,0.0,0.0,0.0,0.0,0.3,0.0,99.2,0.4
20121124194800,0.0,0.0,0.0,0.1,4.1,0.0,94.9,0.9
20121124194900,0.0,0.0,0.0,0.0,1.8,0.0,97.6,0.6
20121124195000,0.0,0.0,0.0,0.0,0.2,0.0,99.6,0.2
20121124195100,0.0,0.0,0.0,0.0,0.5,0.0,99.3,0.1
20121124195200,0.0,0.0,0.0,0.0,4.8,0.0,92.3,2.9
20121124195300,0.0,0.0,0.0,0.0,1.5,0.0,96.4,2.1
20121124195400,0.0,0.0,0.0,0.4,4.3,0.0,90.8,4.5
20121124195500,0.0,0.0,0.0,0.3,3.4,0.0,86.1,10.1
20121124195600,0.0,0.0,0.0,0.2,9.5,0.0,84.0,6.3
20121124195700,0.0,0.0,0.0,0.1,1.9,0.0,84.1,14.0
20121124195800,0.0,0.0,0.0,0.2,8.7,0.0,86.6,4.5
20121124195900,0.0,0.0,0.0,0.0,3.4,0.0,93.6,3.0
20121124200000,0.0,0.0,0.0,0.0,5.9,0.0,90.6,3.5
20121124200100,0.0,0.0,0.0,0.0,0.5,0.0,98.3,1.2
20121124200200,0.0,0.0,0.0,0.0,3.6,0.0,94.9,1.5
20121124200300,0.0,0.0,0.0,0.0,5.5,0.0,92.3,2.2
20121124200400,0.0,0.0,0.0,0.0,5.6,0.0,75.3,19.0
20121124200500,0.0,0.0,0.0,0.0,0.5,0.0,98.4,1.0
20121124200600,0.0,0.0,0.0,0.0,2.5,0.0,97.0,0.5
20121124200700,0.0,0.0,0.0,0.0,14.0,0.0,83.5,2.5
20121124200800,0.0,0.0,0.0,0.0,0.6,0.0,98.1,1.3
20121124200900,0.0,0.0,0.0,0.1,15.0,0.0,64.5,20.4
20121124201000,0.0,0.0,0.0,0.0,9.6,0.0,84.4,5.9
20121124201100,0.0,0.0,0.0,0.0,3.9,0.0,87.5,8.6
20121124201200,0.0,0.0,0.0,0.1,9.1,0.0,82.4,8.4
20121124201300,0.0,0.0,0.0,0.0,2.0,0.0,93.2,4.8
20121124201400,0.0,0.0,0.0,0.0,2.8,0.0,96.9,0.3
20121124201500,0.0,0.0,0.0,0.0,1.9,0.0,95.9,2.2
20121124201600,0.0,0.0,0.0,0.0,4.4,0.0,95.2,0.5
20121124201700,0.0,0.0,0.0,0.0,0.1,0.0,99.7,0.2
20121124201800,0.0,0.0,0.0,0.0,0.5,0.0,99.2,0.4
20121124201900,0.0,0.0,0.0,0.0,1.6,0.0,97.0,1.4
20121124202000,0.0,0.0,0.0,0.0,0.1,0.0,99.6,0.3
20121124202100,0.0,0.0,0.0,0.0,0.1,0.0,99.6,0.3
20121124202200,0.0,0.0,0.0,0.0,0.1,0.0,99.6,0.3
20121124202300,0.0,0.0,0.0,0.0,0.3,0.0,98.9,0.8
20121124202400,0.0,0.0,0.0,0.0,0.3,0.0,96.8,2.9
20121124202500,0.0,0.0,0.0,0.0,0.8,0.0,97.7,1.5
20121124202600,0.0,0.0,0.0,0.0,0.5,0.0,97.9,1.6
20121124202700,0.0,0.0,0.0,0.0,0.3,0.0,98.8,0.9
20121124202800,0.0,0.0,0.0,0.0,0.1,0.0,98.7,1.2
20121124202900,0.0,0.0,0.0,0.0,0.5,0.0,96.7,2.8
20121124203000,0.0,0.0,0.0,0.0,1.5,0.0,93.3,5.2
20121124203100,0.0,0.0,0.0,0.0,1.0,0.0,88.5,10.5
20121124203200,0.0,0.0,0.0,0.0,1.7,0.0,91.4,6.9
20121124203300,0.0,0.0,0.0,0.0,5.4,0.0,93.6,1.0
20121124203400,0.0,0.0,0.0,0.0,2.7,0.0,94.2,3.1
20121124203500,0.0,0.0,0.0,0.0,0.3,0.0,97.7,2.0
20121124203600,0.0,0.0,0.0,0.1,1.7,0.0,97.0,1.2
20121124203700,0.0,0.0,0.0,0.0,0.6,0.0,99.0,0.3
20121124203800,0.0,0.0,0.0,0.0,1.9,0.0,97.4,0.7
20121124203900,0.0,0.0,0.0,0.0,0.7,0.0,98.9,0.4
20121124204000,0.0,0.0,0.0,0.0,0.7,0.0,98.4,0.9
20121124204100,0.0,0.0,0.0,0.0,0.8,0.0,98.1,1.0
20121124204200,0.0,0.0,0.0,0.0,0.3,0.0,99.5,0.1
20121124204300,0.0,0.0,0.0,0.0,0.6,0.0,99.0,0.4
20121124204400,0.0,0.0,0.0,0.1,3.0,0.0,96.1,0.8
20121124204500,0.0,0.0,0.0,0.1,0.9,0.0,98.6,0.5
20121124204600,0.0,0.0,0.0,0.1,3.5,0.0,95.9,0.5
20121124204700,0.0,0.0,0.0,0.0,2.1,0.0,97.2,0.7
20121124204800,0.0,0.0,0.0,0.0,3.9,0.0,95.4,0.7
20121124204900,0.0,0.0,0.0,0.1,22.1,0.0,74.5,3.3
20121124205000,0.0,0.0,0.0,0.1,3.2,0.0,95.8,1.0
20121124205100,0.0,0.0,0.0,0.1,5.8,0.0,93.0,1.1
20121124205200,0.0,0.0,0.0,0.1,4.4,0.0,94.8,0.8
20121124205300,0.0,0.0,0.0,0.4,14.2,0.0,83.0,2.5
20121124205400,0.0,0.0,0.0,0.2,29.7,0.0,66.1,3.9
20121124205500,0.0,0.0,0.0,0.0,1.1,0.0,98.5,0.4
20121124205600,0.0,0.0,0.0,0.0,1.7,0.0,96.9,1.3
20121124205700,0.0,0.0,0.0,0.4,4.6,0.0,93.0,2.0
20121124205800,0.0,0.0,0.0,0.2,23.3,0.0,70.3,6.2
20121124205900,0.0,0.0,0.0,0.4,23.0,0.0,55.5,21.1
20121124210000,0.0,0.0,0.0,0.2,58.3,0.0,28.9,12.6
20121124210100,0.0,0.0,0.0,0.2,9.3,0.0,75.2,15.2
20121124210200,0.0,0.0,0.0,0.4,23.5,0.0,26.4,49.7
20121124210300,0.0,0.0,0.0,0.1,22.0,0.0,65.4,12.4
20121124210400,0.0,0.0,0.0,0.1,10.1,0.0,80.2,9.6
20121124210500,0.0,0.0,0.0,0.0,26.3,0.0,54.5,19.2
20121124210600,0.0,0.0,0.0,0.0,26.4,0.0,52.0,21.6
20121124210700,0.0,0.0,0.0,0.0,47.9,0.0,21.2,30.8
20121124210800,0.0,0.0,0.0,0.0,79.9,0.0,16.8,3.3
20121124210900,0.0,0.0,0.0,0.1,86.6,0.0,7.9,5.4
20121124211000,0.0,0.0,0.0,0.0,65.8,0.0,24.0,10.1
20121124211100,0.0,0.0,0.0,0.1,43.1,0.0,52.4,4.4
20121124211200,0.0,0.0,0.0,0.1,28.1,0.0,58.2,13.6
20121124211300,0.0,0.0,0.0,0.0,35.0,0.0,63.0,2.0
20121124211400,0.0,0.0,0.0,0.1,19.8,0.0,71.5,8.6
20121124211500,0.0,0.0,0.0,0.0,63.1,0.0,35.4,1.5
20121124211600,0.0,0.0,0.0,0.0,59.9,0.0,33.5,6.5
20121124211700,0.0,0.0,0.0,0.0,48.6,0.0,37.9,13.5
20121124211800,0.0,0.0,0.0,0.0,47.0,0.0,43.5,9.5
20121124211900,0.0,0.0,0.0,0.0,61.9,0.0,14.6,23.5
20121124212000,0.0,0.0,0.0,0.0,42.6,0.0,29.9,27.5
20121124212100,0.0,0.0,0.0,0.0,78.7,0.0,7.8,13.5
20121124212200,0.0,0.0,0.0,0.0,4.2,0.0,73.7,22.2
20121124212300,0.0,0.0,0.0,0.0,17.6,0.0,60.9,21.5
20121124212400,0.0,0.0,0.0,0.0,12.6,0.0,57.5,29.8
20121124212500,0.0,0.0,0.0,0.0,14.2,0.0,27.0,58.9
20121124212600,0.0,0.0,0.0,0.0,1.1,0.0,2.8,96.0
20121124212700,0.0,0.0,0.0,0.0,5.3,0.0,16.3,78.4
20121124212800,0.0,0.0,0.0,0.0,4.4,0.0,27.0,68.6
20121124212900,0.0,0.0,0.0,0.0,4.6,0.0,5.2,90.3
20121124213000,0.0,0.0,0.0,0.0,0.8,0.0,1.3,97.9
20121124213100,0.0,0.0,0.0,0.0,0.9,0.0,14.5,84.5
20121124213200,0.0,0.0,0.0,0.0,2.3,0.0,1.9,95.8
20121124213300,0.0,0.0,0.0,0.0,0.3,0.0,0.3,99.4
20121124213400,0.0,0.0,0.0,0.0,0.5,0.0,0.8,98.7
20121124213500,0.0,0.0,0.0,0.0,0.4,0.0,1.1,98.5
20121124213600,0.0,0.0,0.0,0.0,1.9,0.0,0.8,97.3
20121124213700,0.0,0.0,0.0,0.1,24.9,0.0,0.3,74.7
20121124213800,0.0,0.0,0.0,0.0,15.9,0.0,0.0,84.1
20121124213900,0.0,0.0,0.0,0.0,88.9,0.0,0.0,11.0
20121124214000,0.0,0.0,0.0,1.3,76.0,0.0,0.0,22.6
20121124214100,0.0,0.0,0.0,0.0,96.0,0.0,0.0,4.0
20121124214200,0.0,0.0,0.0,0.1,84.1,0.0,0.0,15.8
20121124214300,0.0,0.0,0.0,0.3,99.0,0.0,0.0,0.6
20121124214400,0.0,0.0,0.0,0.0,100.0,0.0,0.0,0.0
20121124214500,0.0,0.0,0.0,0.0,100.0,0.0,0.0,0.0
20121124214600,0.0,0.0,0.0,0.0,92.8,0.0,0.0,7.2
20121124214700,0.0,0.0,0.0,0.0,14.3,0.0,0.1,85.6
20121124214800,0.0,0.0,0.0,0.0,10.3,0.0,1.3,88.4
20121124214900,0.0,0.0,0.0,0.0,0.2,0.0,0.4,99.3
20121124215000,0.0,0.0,0.0,0.0,0.0,0.0,0.1,99.9
20121124215100,0.0,0.0,0.0,0.0,0.7,0.0,1.4,97.9
20121124215200,0.0,0.0,0.0,0.0,0.1,0.0,0.3,99.6
20121124215300,0.0,0.0,0.0,0.0,0.4,0.0,6.6,93.0
20121124215400,0.0,0.0,0.0,0.0,0.3,0.0,0.3,99.5
20121124215500,0.0,0.0,0.0,0.0,0.4,0.0,0.3,99.3
20121124215600,0.0,0.0,0.0,0.0,0.2,0.0,0.0,99.8
20121124215700,0.0,0.0,0.0,0.0,0.7,0.0,0.1,99.2
20121124215800,0.0,0.0,0.0,0.0,12.4,0.0,0.6,87.0
20121124215900,0.0,0.0,0.0,0.0,89.4,0.0,0.5,10.1
20121124220000,0.0,0.0,0.0,0.0,47.7,0.0,0.4,51.9
20121124220100,0.0,0.0,0.0,0.0,90.8,0.0,0.2,9.0
20121124220200,0.0,0.0,0.0,0.0,85.8,0.0,0.0,14.2
20121124220300,0.0,0.0,0.0,0.0,96.0,0.0,0.0,4.0
20121124220400,0.0,0.0,0.0,0.0,23.2,0.0,0.0,76.8
20121124220500,0.0,0.0,0.0,0.0,14.1,0.0,0.2,85.7
20121124220600,0.0,0.0,0.0,0.0,4.1,0.0,0.1,95.7
20121124220700,0.0,0.0,0.0,0.0,21.9,0.0,1.3,76.7
20121124220800,0.0,0.0,0.0,0.0,15.8,0.0,0.1,84.1
20121124220900,0.0,0.0,0.0,0.0,3.5,0.0,0.0,96.4
20121124221000,0.0,0.0,0.0,0.0,44.2,0.0,0.0,55.7
20121124221100,0.0,0.0,0.0,0.0,99.9,0.0,0.0,0.1
20121124221200,0.0,0.0,0.0,0.0,100.0,0.0,0.0,0.0
20121124221300,0.0,0.0,0.0,0.0,100.0,0.0,0.0,0.0
20121124221400,0.0,0.0,0.0,0.0,100.0,0.0,0.0,0.0
20121124221500,0.0,0.0,0.0,0.0,100.0,0.0,0.0,0.0
20121124221600,0.0,0.0,0.0,0.0,100.0,0.0,0.0,0.0
20121124221700,0.0,0.0,0.0,0.0,100.0,0.0,0.0,0.0
20121124221800,0.0,0.0,0.0,0.0,100.0,0.0,0.0,0.0
20121124221900,0.0,0.0,0.0,0.0,100.0,0.0,0.0,0.0
20121124222000,0.0,0.0,0.0,0.0,100.0,0.0,0.0,0.0
20121124222100,0.0,0.0,0.0,0.0,100.0,0.0,0.0,0.0
20121124222200,0.0,0.0,0.0,0.0,99.8,0.0,0.0,0.1
20121124222300,0.0,0.0,0.0,0.1,96.7,0.0,0.0,3.3
20121124222400,0.0,0.0,0.0,0.0,100.0,0.0,0.0,0.0
20121124222500,0.0,0.0,0.0,0.0,99.8,0.0,0.0,0.1
20121124222600,0.0,0.0,0.0,0.0,67.1,0.0,0.0,32.8
20121124222700,0.0,0.0,0.0,0.0,7.0,0.0,0.0,93.0
20121124222800,0.0,0.0,0.0,0.0,82.9,0.0,0.0,17.1
20121124222900,0.0,0.0,0.0,0.0,95.4,0.0,0.0,4.6
20121124223000,0.0,0.0,0.0,0.0,100.0,0.0,0.0,0.0
20121124223100,0.0,0.0,0.0,0.0,100.0,0.0,0.0,0.0
20121124223200,0.0,0.0,0.0,0.0,99.1,0.0,0.0,0.9
20121124223300,0.0,0.0,0.0,0.0,82.2,0.0,0.0,17.8
20121124223400,0.0,0.0,0.0,0.0,88.2,0.0,0.0,11.8
20121124223500,0.0,0.0,0.0,0.0,96.4,0.0,0.0,3.6
20121124223600,0.0,0.0,0.0,0.0,82.4,0.0,0.0,17.6
20121124223700,0.0,0.0,0.0,0.0,91.2,0.0,0.1,8.8
20121124223800,0.0,0.0,0.0,0.0,100.0,0.0,0.0,0.0
20121124223900,0.0,0.0,0.0,0.0,99.9,0.0,0.0,0.1
20121124224000,0.0,0.0,0.0,0.0,100.0,0.0,0.0,0.0
20121124224100,0.0,0.0,0.0,0.0,100.0,0.0,0.0,0.0
20121124224200,0.0,0.0,0.0,0.0,100.0,0.0,0.0,0.0
20121124224300,0.0,0.0,0.0,0.0,100.0,0.0,0.0,0.0
20121124224400,0.0,0.0,0.0,0.0,100.0,0.0,0.0,0.0
20121124224500,0.0,0.0,0.0,0.0,100.0,0.0,0.0,0.0
20121124224600,0.0,0.0,0.0,0.0,100.0,0.0,0.0,0.0
20121124224700,0.0,0.0,0.0,0.0,100.0,0.0,0.0,0.0
20121124224800,0.0,0.0,0.0,0.0,99.5,0.0,0.0,0.5
20121124224900,0.0,0.0,0.0,0.0,32.0,0.0,0.4,67.6
20121124225000,0.0,0.0,0.0,0.0,62.3,0.0,0.0,37.7
20121124225100,0.0,0.0,0.0,0.0,82.8,0.0,0.3,16.9
20121124225200,0.0,0.0,0.0,0.0,20.7,0.0,0.0,79.3
20121124225300,0.0,0.0,0.0,0.0,8.4,0.0,0.0,91.6
20121124225400,0.0,0.0,0.0,0.0,25.1,0.0,0.0,74.9
20121124225500,0.0,0.0,0.0,0.0,0.5,0.0,0.0,99.5
20121124225600,0.0,0.0,0.0,0.0,0.2,0.0,0.2,99.6
20121124225700,0.0,0.0,0.0,0.0,1.0,0.0,0.3,98.6
20121124225800,0.0,0.0,0.0,0.0,1.6,0.0,0.2,98.3
20121124225900,0.0,0.0,0.0,0.0,8.2,0.0,14.1,77.6
20121124230000,0.0,0.0,0.0,0.0,1.0,0.0,4.8,94.2
20121124230100,0.0,0.0,0.0,0.0,0.5,0.0,6.6,93.0
20121124230200,0.0,0.0,0.0,0.1,1.5,0.0,20.1,78.3
20121124230300,0.0,0.0,0.0,0.0,0.1,0.0,36.6,63.2
20121124230400,0.0,0.0,0.0,0.1,0.8,0.0,0.8,98.3
20121124230500,0.0,0.0,0.0,0.0,7.3,0.0,23.1,69.5
20121124230600,0.0,0.0,0.0,0.0,0.4,0.0,13.6,85.9
20121124230700,0.0,0.0,0.0,0.0,0.7,0.0,15.0,84.3
20121124230800,0.0,0.0,0.0,0.0,1.4,0.0,11.6,87.0
20121124230900,0.0,0.0,0.0,0.0,0.6,0.0,22.4,77.0
20121124231000,0.0,0.0,0.0,0.1,0.9,0.0,23.1,75.9
20121124231100,0.0,0.0,0.0,0.0,0.5,0.0,21.4,78.1
20121124231200,0.0,0.0,0.0,0.1,2.8,0.0,18.2,79.0
20121124231300,0.0,0.0,0.0,0.1,2.3,0.0,12.3,85.3
20121124231400,0.0,0.0,0.0,0.0,7.4,0.0,4.7,87.9
20121124231500,0.0,0.0,0.0,0.1,7.7,0.0,27.7,64.6
20121124231600,0.0,0.0,0.0,0.0,9.5,0.0,4.9,85.5
20121124231700,0.0,0.0,0.0,0.1,21.3,0.0,11.9,66.7
20121124231800,0.0,0.0,0.0,0.1,12.5,0.0,15.7,71.7
20121124231900,0.0,0.0,0.0,0.2,17.6,0.0,4.8,77.5
20121124232000,0.0,0.0,0.0,0.7,51.3,0.0,9.3,38.7
20121124232100,0.0,0.0,0.0,0.1,3.3,0.0,3.4,93.2
20121124232200,0.0,0.0,0.0,0.2,21.5,0.0,19.8,58.5
20121124232300,0.0,0.0,0.0,0.2,5.4,0.0,39.0,55.3
20121124232400,0.0,0.0,0.0,1.5,15.3,0.0,31.4,51.8
20121124232500,0.0,0.0,0.0,1.8,10.4,0.0,52.3,35.5
20121124232600,0.0,0.0,0.0,0.2,0.5,0.0,81.9,17.5
20121124232700,0.0,0.0,0.0,0.1,0.2,0.0,82.4,17.3
20121124232800,0.0,0.0,0.0,0.3,0.5,0.0,96.4,2.8
20121124232900,0.0,0.0,0.0,0.3,1.2,0.0,82.6,15.9
20121124233000,0.0,0.0,0.0,0.1,0.1,0.0,86.8,13.1
20121124233100,0.0,0.0,0.0,0.0,0.2,0.0,58.1,41.6
20121124233200,0.0,0.0,0.0,0.0,0.2,0.0,63.7,36.0
20121124233300,0.0,0.0,0.0,0.0,0.0,0.0,18.9,81.0
20121124233400,0.0,0.0,0.0,0.0,0.0,0.0,59.1,40.9
20121124233500,0.0,0.0,0.0,0.0,0.0,0.0,96.5,3.4
20121124233600,0.0,0.0,0.0,0.0,0.0,0.0,87.3,12.6
20121124233700,0.0,0.0,0.0,0.0,0.0,0.0,97.9,2.1
20121124233800,0.0,0.0,0.0,0.0,0.0,0.0,95.9,4.1
20121124233900,0.0,0.0,0.0,0.0,0.0,0.0,79.2,20.7
20121124234000,0.0,0.0,0.0,0.0,0.0,0.0,94.4,5.6
20121124234100,0.0,0.0,0.0,0.0,0.0,0.0,58.5,41.4
20121124234200,0.0,0.0,0.0,0.0,0.0,0.0,96.4,3.6
20121124234300,0.0,0.0,0.0,0.0,0.0,0.0,93.4,6.6
20121124234400,0.0,0.0,0.0,0.1,0.0,0.0,75.0,24.9
20121124234500,0.0,0.0,0.0,0.0,0.0,0.0,17.1,82.8
20121124234600,0.0,0.0,0.0,0.0,0.1,0.0,8.0,91.9
20121124234700,0.0,0.0,0.0,0.0,0.2,0.0,60.4,39.4
20121124234800,0.0,0.0,0.0,0.0,0.3,0.0,34.7,65.0
20121124234900,0.0,0.0,0.0,0.0,0.4,0.0,12.2,87.3
20121124235000,0.0,0.0,0.0,0.0,0.2,0.0,12.4,87.4
20121124235100,0.0,0.0,0.0,0.0,0.1,0.0,3.5,96.4
20121124235200,0.0,0.0,0.0,0.0,0.1,0.0,0.9,99.0
20121124235300,0.0,0.0,0.0,0.0,0.0,0.0,0.3,99.7
20121124235400,0.0,0.0,0.0,0.0,0.0,0.0,0.0,99.9
20121124235500,0.0,0.0,0.0,0.0,0.0,0.0,0.0,100.0
20121124235600,0.0,0.0,0.0,0.0,0.0,0.0,0.0,99.9
20121124235700,0.0,0.0,0.0,0.0,0.1,0.0,0.3,99.6
20121124235800,0.0,0.0,0.0,0.0,0.1,0.0,0.2,99.7
20121124235900,0.0,0.0,0.0,0.0,0.0,0.0,0.0,100.0
20121125000000,0.0,0.0,0.0,0.0,0.1,0.0,0.0,99.9
20121125000100,0.0,0.0,0.0,0.0,0.0,0.0,0.0,100.0
20121125000200,0.0,0.0,0.0,0.0,0.0,0.0,0.0,100.0
20121125000300,0.0,0.0,0.0,0.0,0.0,0.0,0.0,100.0
20121125000400,0.0,0.0,0.0,0.0,0.0,0.0,0.0,100.0
20121125000500,0.0,0.0,0.0,0.0,0.0,0.0,0.0,100.0
20121125000600,0.0,0.0,0.0,0.0,0.0,0.0,0.1,99.9
20121125000700,0.0,0.0,0.0,0.0,0.0,0.0,0.0,100.0
20121125000800,0.0,0.0,0.0,0.0,0.0,0.0,0.0,100.0
20121125000900,0.0,0.0,0.0,0.0,0.0,0.0,0.0,99.9
20121125001000,0.0,0.0,0.0,0.0,0.0,0.0,0.0,100.0
20121125001100,0.0,0.0,0.0,0.0,0.0,0.0,0.0,100.0
20121125001200,0.0,0.0,0.0,0.0,0.0,0.0,0.0,100.0
20121125001300,0.0,0.0,0.0,0.0,0.0,0.0,0.0,100.0
20121125001400,0.0,0.0,0.0,0.0,0.0,0.0,0.0,100.0
20121125001500,0.0,0.0,0.0,0.0,0.0,0.0,0.0,100.0
20121125001600,0.0,0.0,0.0,0.0,0.0,0.0,0.0,100.0
20121125001700,0.0,0.0,0.0,0.0,0.0,0.0,0.0,100.0
20121125001800,0.0,0.0,0.0,0.0,0.0,0.0,0.0,100.0
20121125001900,0.0,0.0,0.0,0.0,0.0,0.0,0.0,100.0
20121125002000,0.0,0.0,0.0,0.0,0.0,0.0,0.0,100.0
20121125002100,0.0,0.0,0.0,0.0,0.0,0.0,0.0,100.0
20121125002200,0.0,0.0,0.0,0.0,0.0,0.0,0.0,100.0
20121125002300,0.0,0.0,0.0,0.0,0.0,0.0,0.0,99.9
20121125002400,0.0,0.0,0.0,0.0,0.0,0.0,0.1,99.9
20121125002500,0.0,0.0,0.0,0.0,0.0,0.0,0.2,99.8
20121125002600,0.0,0.0,0.0,0.0,0.1,0.0,0.6,99.3
20121125002700,0.0,0.0,0.0,0.1,0.1,0.0,1.6,98.2
20121125002800,0.0,0.0,0.0,0.1,0.0,0.0,6.5,93.4
20121125002900,0.0,0.0,0.0,0.1,0.0,0.0,13.4,86.4
20121125003000,0.0,0.0,0.0,0.2,0.2,0.0,9.2,90.5
20121125003100,0.0,0.0,0.0,0.0,0.1,0.0,55.5,44.3
20121125003200,0.0,0.0,0.0,0.0,0.2,0.0,7.2,92.7
20121125003300,0.0,0.0,0.0,0.1,0.5,0.0,50.8,48.6
20121125003400,0.0,0.0,0.0,0.2,0.6,0.0,72.0,27.2
20121125003500,0.0,0.0,0.0,0.0,0.1,0.0,86.6,13.3
20121125003600,0.0,0.0,0.0,0.2,1.0,0.0,86.0,12.8
20121125003700,0.0,0.0,0.0,0.0,0.5,0.0,72.0,27.5
20121125003800,0.0,0.0,0.0,0.1,0.9,0.0,73.1,26.0
20121125003900,0.0,0.0,0.0,0.1,1.5,0.0,49.4,48.9
20121125004000,0.0,0.0,0.0,0.0,1.5,0.0,57.3,41.1
20121125004100,0.0,0.0,0.0,0.1,0.8,0.0,77.1,21.9
20121125004200,0.0,0.0,0.0,0.0,1.0,0.0,79.9,19.1
20121125004300,0.0,0.0,0.0,0.1,1.3,0.0,64.6,34.0
20121125004400,0.0,0.0,0.0,0.1,1.5,0.0,65.2,33.2
20121125004500,0.0,0.0,0.0,0.1,0.6,0.0,87.3,12.0
20121125004600,0.0,0.0,0.0,0.0,3.3,0.0,72.3,24.4
20121125004700,0.0,0.0,0.0,0.1,7.6,0.0,52.9,39.3
20121125004800,0.0,0.0,0.0,0.1,13.1,0.0,19.8,67.0
20121125004900,0.0,0.0,0.0,0.0,0.8,0.0,63.8,35.3
20121125005000,0.0,0.0,0.0,0.0,2.1,0.0,92.4,5.5
20121125005100,0.0,0.0,0.0,0.0,1.8,0.0,79.2,19.0
20121125005200,0.0,0.0,0.0,0.1,2.6,0.0,76.8,20.5
20121125005300,0.0,0.0,0.0,0.1,6.3,0.0,72.0,21.6
20121125005400,0.0,0.0,0.0,0.1,3.2,0.0,43.2,53.5
20121125005500,0.0,0.0,0.0,0.0,0.4,0.0,80.4,19.1
20121125005600,0.0,0.0,0.0,0.0,0.2,0.0,96.9,3.0
20121125005700,0.0,0.0,0.0,0.0,0.1,0.0,95.1,4.8
20121125005800,0.0,0.0,0.0,0.0,0.4,0.0,90.5,9.0
20121125005900,0.0,0.0,0.0,0.0,2.5,0.0,92.3,5.2
20121125010000,0.0,0.0,0.0,0.1,6.3,0.0,82.3,11.2
20121125010100,0.0,0.0,0.0,0.0,0.5,0.0,97.8,1.7
20121125010200,0.0,0.0,0.0,0.0,0.1,0.0,98.7,1.2
20121125010300,0.0,0.0,0.0,0.0,0.1,0.0,98.2,1.7
20121125010400,0.0,0.0,0.0,0.0,0.1,0.0,98.8,1.1
20121125010500,0.0,0.0,0.0,0.0,1.0,0.0,97.4,1.6
20121125010600,0.0,0.0,0.0,0.0,0.3,0.0,98.4,1.2
20121125010700,0.0,0.0,0.0,0.0,0.0,0.0,99.3,0.7
20121125010800,0.0,0.0,0.0,0.0,0.2,0.0,95.7,4.1
20121125010900,0.0,0.0,0.0,0.0,0.8,0.0,54.3,44.8
20121125011000,0.0,0.0,0.0,0.0,2.6,0.0,41.4,55.9
20121125011100,0.0,0.0,0.0,0.0,0.4,0.0,92.2,7.4
20121125011200,0.0,0.0,0.0,0.0,0.0,0.0,94.4,5.6
20121125011300,0.0,0.0,0.0,0.0,0.0,0.0,84.5,15.4
20121125011400,0.0,0.0,0.0,0.0,0.0,0.0,70.1,29.9
20121125011500,0.0,0.0,0.0,0.0,0.0,0.0,91.1,8.9
20121125011600,0.0,0.0,0.0,0.0,0.0,0.0,89.5,10.5
20121125011700,0.0,0.0,0.0,0.0,0.2,0.0,29.5,70.3
20121125011800,0.0,0.0,0.0,0.0,0.3,0.0,22.9,76.7
20121125011900,0.0,0.0,0.0,0.0,0.0,0.0,7.3,92.6
20121125012000,0.0,0.0,0.0,0.0,0.1,0.0,16.2,83.7
20121125012100,0.0,0.0,0.0,0.0,0.2,0.0,29.1,70.7
20121125012200,0.0,0.0,0.0,0.0,0.2,0.0,11.8,88.0
20121125012300,0.0,0.0,0.0,0.0,0.1,0.0,42.4,57.5
20121125012400,0.0,0.0,0.0,0.0,0.2,0.0,11.3,88.5
20121125012500,0.0,0.0,0.0,0.0,0.0,0.0,2.5,97.5
20121125012600,0.0,0.0,0.0,0.0,0.0,0.0,8.0,92.0
20121125012700,0.0,0.0,0.0,0.0,0.0,0.0,55.7,44.3
20121125012800,0.0,0.0,0.0,0.0,0.0,0.0,60.7,39.3
20121125012900,0.0,0.0,0.0,0.0,0.0,0.0,97.7,2.3
20121125013000,0.0,0.0,0.0,0.0,0.0,0.0,92.4,7.6
20121125013100,0.0,0.0,0.0,0.0,0.0,0.0,27.8,72.1
20121125013200,0.0,0.0,0.0,0.0,0.0,0.0,81.6,18.4
20121125013300,0.0,0.0,0.0,0.0,0.0,0.0,73.2,26.8
20121125013400,0.0,0.0,0.0,0.0,0.0,0.0,93.5,6.4
20121125013500,0.0,0.0,0.0,0.0,0.0,0.0,87.1,12.9
20121125013600,0.0,0.0,0.0,0.0,0.0,0.0,88.1,11.9
20121125014002,0.0,0.0,0.0,0.0,0.0,0.0,0.1,99.9
20121125014102,0.0,0.0,0.0,0.0,0.0,0.0,0.0,100.0
20121125014202,0.0,0.0,0.0,0.0,0.0,0.0,0.0,100.0
20121125014302,0.0,0.0,0.0,0.0,0.0,0.0,0.1,99.9
20121125014402,0.0,0.0,0.0,0.0,0.0,0.0,1.5,98.5
20121125014502,0.0,0.0,0.0,0.0,0.0,0.0,0.1,99.9
20121125014602,0.0,0.0,0.0,0.0,0.0,0.0,0.6,99.4
20121125014702,0.0,0.0,0.0,0.0,0.0,0.0,0.6,99.4
20121125014802,0.0,0.0,0.0,0.0,0.0,0.0,1.5,98.5
20121125014902,0.0,0.0,0.0,0.0,0.0,0.0,3.6,96.4
20121125015002,0.0,0.0,0.0,0.0,0.0,0.0,10.7,89.3
20121125015102,0.0,0.0,0.0,0.0,0.0,0.0,6.9,93.1
20121125015202,0.0,0.0,0.0,0.0,0.0,0.0,0.3,99.6
20121125015302,0.0,0.0,0.0,0.0,0.0,0.0,0.1,99.9
20121125015402,0.0,0.0,0.0,0.0,0.0,0.0,0.8,99.2
20121125015502,0.0,0.0,0.0,0.0,0.0,0.0,2.0,98.0
20121125015602,0.0,0.0,0.0,0.0,0.1,0.0,3.0,97.0
20121125015702,0.0,0.0,0.0,0.0,0.2,0.0,6.6,93.1
20121125015802,0.0,0.0,0.0,0.0,0.2,0.0,5.1,94.7
20121125015902,0.0,0.0,0.0,0.0,0.0,0.0,0.9,99.1
20121125020002,0.0,0.0,0.0,0.0,0.0,0.0,1.7,98.3
20121125020102,0.0,0.0,0.0,0.0,0.0,0.0,0.7,99.3
20121125020202,0.0,0.0,0.0,0.0,0.0,0.0,0.8,99.2
20121125020302,0.0,0.0,0.0,0.0,0.0,0.0,8.1,91.9
20121125020402,0.0,0.0,0.0,0.0,0.0,0.0,6.8,93.2
20121125020502,0.0,0.0,0.0,0.0,0.0,0.0,1.1,98.9
20121125020602,0.0,0.0,0.0,0.0,0.0,0.0,0.5,99.5
20121125020702,0.0,0.0,0.0,0.0,0.0,0.0,25.6,74.4
20121125020802,0.0,0.0,0.0,0.0,0.0,0.0,0.1,99.9
20121125020902,0.0,0.0,0.0,0.0,0.0,0.0,0.9,99.1
20121125021002,0.0,0.0,0.0,0.0,0.0,0.0,0.7,99.3
20121125021102,0.0,0.0,0.0,0.0,0.0,0.0,17.6,82.4
20121125021202,0.0,0.0,0.0,0.0,0.0,0.0,0.1,99.9
20121125021302,0.0,0.0,0.0,0.0,0.0,0.0,0.0,100.0
20121125021402,0.0,0.0,0.0,0.0,0.0,0.0,0.3,99.7
20121125021502,0.0,0.0,0.0,0.0,0.0,0.0,0.8,99.2
20121125021602,0.0,0.0,0.0,0.0,0.0,0.0,0.6,99.4
20121125021702,0.0,0.0,0.0,0.0,0.0,0.0,0.0,100.0
20121125021802,0.0,0.0,0.0,0.0,0.0,0.0,0.0,100.0
20121125021902,0.0,0.0,0.0,0.0,0.0,0.0,0.1,99.9
20121125022002,0.0,0.0,0.0,0.0,0.0,0.0,0.2,99.8
20121125022102,0.0,0.0,0.0,0.0,0.0,0.0,0.3,99.7
20121125022202,0.0,0.0,0.0,0.0,0.0,0.0,0.1,99.9
20121125022302,0.0,0.0,0.0,0.0,0.0,0.0,1.3,98.7
20121125022402,0.0,0.0,0.0,0.0,0.0,0.0,0.2,99.8
20121125022502,0.0,0.0,0.0,0.0,0.0,0.0,0.0,100.0
20121125022602,0.0,0.0,0.0,0.0,0.0,0.0,0.5,99.5
20121125022702,0.0,0.0,0.0,0.0,0.0,0.0,0.1,99.9
20121125022802,0.0,0.0,0.0,0.0,0.0,0.0,0.6,99.4
20121125022902,0.0,0.0,0.0,0.0,0.0,0.0,0.1,99.9
20121125023002,0.0,0.0,0.0,0.0,0.0,0.0,0.1,99.9
20121125023102,0.0,0.0,0.0,0.0,0.0,0.0,0.1,99.9
20121125023202,0.0,0.0,0.0,0.0,0.0,0.0,0.2,99.8
20121125023302,0.0,0.0,0.0,0.0,0.0,0.0,1.3,98.7
20121125023402,0.0,0.0,0.0,0.0,0.0,0.0,0.2,99.8
20121125023502,0.0,0.0,0.0,0.0,0.0,0.0,0.0,100.0
20121125023602,0.0,0.0,0.0,0.0,0.0,0.0,0.0,100.0
20121125023702,0.0,0.0,0.0,0.0,0.0,0.0,2.1,97.9
20121125023802,0.0,0.0,0.1,0.0,0.0,0.0,30.8,69.1
20121125023902,0.0,0.0,0.0,0.0,0.0,0.0,24.3,75.7
20121125024002,0.0,0.0,0.0,0.0,0.0,0.0,69.5,30.4
20121125024102,0.0,0.0,0.0,0.0,0.0,0.0,96.9,3.1
20121125024202,0.0,0.0,0.0,0.0,0.0,0.0,96.7,3.3
20121125024302,0.0,0.0,0.0,0.0,0.0,0.0,98.5,1.5
20121125024402,0.0,0.0,0.0,0.0,0.0,0.0,99.9,0.1
20121125024502,0.0,0.0,0.0,0.0,0.0,0.0,96.1,3.9
20121125024602,0.0,0.0,0.0,0.0,0.0,0.0,98.6,1.4
20121125024702,0.0,0.0,0.0,0.0,0.0,0.0,98.9,1.1
20121125024802,0.0,0.0,0.0,0.0,0.0,0.0,98.4,1.6
20121125024902,0.0,0.0,0.0,0.0,0.0,0.0,96.6,3.4
20121125025002,0.0,0.0,0.0,0.0,0.0,0.0,92.7,7.3
20121125025102,0.0,0.0,0.0,0.0,0.0,0.0,93.5,6.5
20121125025202,0.0,0.0,0.0,0.0,0.0,0.0,88.3,11.6
20121125025302,0.0,0.0,0.0,0.0,0.0,0.0,90.5,9.4
20121125025402,0.0,0.0,0.1,0.0,0.0,0.0,97.4,2.6
20121125025502,0.0,0.0,0.0,0.0,0.0,0.0,96.7,3.3
20121125025602,0.0,0.0,0.0,0.0,0.0,0.0,99.3,0.7
20121125025702,0.0,0.0,0.0,0.0,0.0,0.0,98.6,1.4
20121125025802,0.0,0.0,0.0,0.0,0.0,0.0,99.5,0.5
20121125025902,0.0,0.0,0.3,0.0,0.0,0.0,95.5,4.3
20121125030002,0.0,0.0,1.2,0.0,0.0,0.0,82.0,16.8
20121125030102,0.0,0.0,1.1,0.0,0.0,0.0,89.9,9.0
20121125030202,0.0,0.0,0.1,0.0,0.0,0.0,67.3,32.6
20121125030302,0.0,0.0,0.1,0.0,0.0,0.0,99.1,0.8
20121125030402,0.0,0.0,0.1,0.0,0.0,0.0,86.9,12.9
20121125030502,0.0,0.0,0.1,0.0,0.0,0.0,99.2,0.8
20121125030602,0.0,0.0,0.1,0.0,0.0,0.0,98.5,1.4
20121125030702,0.0,0.0,0.0,0.0,0.0,0.0,91.4,8.6
20121125030802,0.0,0.0,0.2,0.0,0.0,0.0,98.5,1.2
20121125030902,0.0,0.0,0.4,0.0,0.0,0.0,97.3,2.3
20121125031002,0.0,0.0,0.0,0.0,0.0,0.0,96.4,3.6
20121125031102,0.0,0.0,0.2,0.0,0.0,0.0,98.5,1.3
20121125031202,0.0,0.0,0.0,0.0,0.0,0.0,99.8,0.1
20121125031302,0.0,0.0,0.0,0.0,0.0,0.0,99.8,0.1
20121125031402,0.0,0.0,0.0,0.0,0.0,0.0,98.9,1.1
20121125031502,0.0,0.0,0.0,0.0,0.0,0.0,99.9,0.1
20121125031602,0.0,0.0,0.0,0.0,0.0,0.0,100.0,0.0
20121125031702,0.0,0.0,0.1,0.0,0.0,0.0,99.8,0.1
20121125031802,0.0,0.0,0.0,0.0,0.0,0.0,100.0,0.0
20121125031902,0.0,0.0,0.0,0.0,0.0,0.0,100.0,0.0
20121125032002,0.0,0.0,0.0,0.0,0.0,0.0,100.0,0.0
20121125032102,0.0,0.0,0.0,0.0,0.0,0.0,100.0,0.0
20121125032202,0.0,0.0,0.0,0.0,0.0,0.0,100.0,0.0
20121125032302,0.0,0.0,0.0,0.0,0.0,0.0,100.0,0.0
20121125032402,0.0,0.0,0.0,0.0,0.0,0.0,100.0,0.0
20121125032502,0.0,0.0,0.0,0.0,0.0,0.0,100.0,0.0
20121125032602,0.0,0.0,0.0,0.0,0.0,0.0,100.0,0.0
20121125032702,0.0,0.0,0.0,0.0,0.0,0.0,100.0,0.0
20121125032802,0.0,0.0,0.0,0.0,0.0,0.1,99.9,0.0
20121125032902,0.0,0.0,0.0,0.0,0.0,0.1,99.8,0.0
20121125033002,0.0,0.0,0.0,0.0,0.0,0.2,99.6,0.1
20121125033102,0.0,0.0,0.1,0.0,0.0,0.1,99.7,0.0
20121125033202,0.0,0.0,0.0,0.0,0.0,0.1,99.9,0.0
20121125033302,0.0,0.0,0.0,0.0,0.0,0.2,99.7,0.0
20121125033402,0.0,0.0,0.0,0.0,0.0,0.2,99.8,0.0
20121125033502,0.0,0.0,0.0,0.0,0.0,0.1,99.8,0.0
20121125033602,0.0,0.0,0.0,0.0,0.0,0.1,99.9,0.0
20121125033702,0.0,0.0,0.1,0.0,0.0,0.2,99.7,0.0
20121125033802,0.0,0.0,0.0,0.0,0.0,0.4,99.6,0.0
20121125033902,0.0,0.0,0.1,0.0,0.0,0.8,99.1,0.0
20121125034002,0.0,0.0,0.9,0.0,0.0,4.4,94.5,0.1
20121125034102,0.0,0.0,0.2,0.0,0.0,22.1,77.7,0.0
20121125034202,0.0,0.0,0.2,0.0,0.0,17.5,82.1,0.1
20121125034302,0.0,0.0,0.1,0.0,0.0,9.2,90.7,0.0
20121125034402,0.0,0.0,0.0,0.0,0.0,46.1,53.8,0.0
20121125034502,0.0,0.0,0.0,0.0,0.0,5.1,94.8,0.0
20121125034602,0.0,0.0,0.2,0.0,0.0,29.9,69.8,0.1
20121125034702,0.0,0.0,0.2,0.0,0.0,42.7,57.0,0.1
20121125034802,0.0,0.0,0.1,0.0,0.0,8.3,91.6,0.1
20121125034902,0.0,0.0,0.1,0.0,0.0,4.7,95.2,0.0
20121125035002,0.0,0.0,1.5,0.0,0.0,8.3,89.6,0.6
20121125035102,0.0,0.0,0.1,0.0,0.0,9.2,90.6,0.0
20121125035202,0.0,0.0,0.1,0.0,0.0,4.7,95.2,0.0
20121125035302,0.0,0.0,0.7,0.1,0.0,16.9,81.7,0.6
20121125035402,0.0,0.0,0.1,0.0,0.0,5.1,94.5,0.3
20121125035502,0.0,0.0,0.5,0.0,0.0,9.4,90.0,0.1
20121125035602,0.0,0.0,0.2,0.0,0.0,8.3,91.1,0.3
20121125035702,0.0,0.0,0.5,0.0,0.0,31.2,68.1,0.1
20121125035802,0.0,0.0,0.1,0.0,0.0,9.7,90.1,0.0
20121125035902,0.0,0.0,0.1,0.0,0.0,3.8,96.1,0.0
20121125040002,0.0,0.0,0.0,0.0,0.0,23.5,76.5,0.0
