UT,arc,discrete,diffuse,ac,ab,clear,cloudy,dd
20121122142200,0.0,0.0,0.0,0.0,0.0,0.0,0.0,100.0
20121122142300,0.0,0.0,0.0,0.0,0.0,0.0,0.0,100.0
20121122142400,0.0,0.0,0.0,0.0,0.0,0.0,0.0,100.0
20121122142500,0.0,0.0,0.0,0.0,0.4,0.0,0.0,99.6
20121122142600,0.0,0.0,0.0,0.0,2.6,0.0,0.0,97.4
20121122142700,0.0,0.0,0.0,0.0,4.3,0.0,0.0,95.7
20121122142800,0.0,0.0,0.0,0.0,0.1,0.0,0.0,99.9
20121122142900,0.0,0.0,0.0,0.0,0.3,0.0,0.0,99.7
20121122143000,0.0,0.0,0.0,0.0,0.7,0.0,0.0,99.3
20121122143100,0.0,0.0,0.0,0.0,0.0,0.0,0.0,100.0
20121122143200,0.0,0.0,0.0,0.0,0.0,0.0,0.0,100.0
20121122143300,0.0,0.0,0.0,0.0,0.0,0.0,0.0,100.0
20121122143400,0.0,0.0,0.0,0.0,0.0,0.0,0.0,100.0
20121122143500,0.0,0.0,0.0,0.0,0.0,0.0,0.0,100.0
20121122143600,0.0,0.0,0.0,0.0,0.2,0.0,0.0,99.8
20121122143700,0.0,0.0,0.0,0.0,0.0,0.0,0.0,100.0
20121122143800,0.0,0.0,0.0,0.0,0.0,0.0,0.0,100.0
20121122143900,0.0,0.0,0.0,0.0,0.0,0.0,0.0,100.0
20121122144000,0.0,0.0,0.0,0.0,0.0,0.0,0.0,100.0
20121122144100,0.0,0.0,0.0,0.0,0.0,0.0,0.0,100.0
20121122144200,0.0,0.0,0.0,0.0,0.0,0.0,0.0,100.0
20121122144300,0.0,0.0,0.0,0.0,0.0,0.0,0.0,100.0
20121122144400,0.0,0.0,0.0,0.0,0.0,0.0,0.0,100.0
20121122144500,0.0,0.0,0.0,0.0,0.0,0.0,0.0,100.0
20121122144600,0.0,0.0,0.0,0.0,0.0,0.0,0.0,100.0
20121122144700,0.0,0.0,0.0,0.0,0.0,0.0,0.0,100.0
20121122144800,0.0,0.0,0.0,0.0,0.0,0.0,0.0,100.0
20121122144900,0.0,0.0,0.0,0.0,0.0,0.0,0.0,100.0
20121122145000,0.0,0.0,0.0,0.0,0.0,0.0,0.0,100.0
20121122145100,0.0,0.0,0.0,0.0,0.0,0.0,0.0,100.0
20121122145200,0.0,0.0,0.0,0.0,0.0,0.0,0.0,100.0
20121122145300,0.0,0.0,0.0,0.0,0.0,0.0,0.0,100.0
20121122145400,0.0,0.0,0.0,0.0,0.0,0.0,0.0,100.0
20121122145500,0.0,0.0,0.0,0.0,0.0,0.0,0.0,100.0
20121122145600,0.0,0.0,0.0,0.0,0.0,0.0,0.0,100.0
20121122145700,0.0,0.0,0.0,0.0,0.0,0.0,0.0,100.0
20121122145800,0.0,0.0,0.0,0.0,0.0,0.0,0.0,100.0
20121122145900,0.0,0.0,0.0,0.0,0.0,0.0,0.0,100.0
20121122150000,0.0,0.0,0.0,0.0,0.0,0.0,0.0,100.0
20121122150100,0.0,0.0,0.0,0.0,0.0,0.0,0.0,100.0
20121122150200,0.0,0.0,0.0,0.0,0.0,0.0,0.0,100.0
20121122150300,0.0,0.0,0.0,0.0,0.0,0.0,0.0,100.0
20121122150400,0.0,0.0,0.0,0.0,0.0,0.0,0.0,100.0
20121122150500,0.0,0.0,0.0,0.0,0.0,0.0,0.0,100.0
20121122150600,0.0,0.0,0.0,0.0,0.0,0.0,0.0,100.0
20121122150700,0.0,0.0,0.0,0.0,0.0,0.0,0.4,99.6
20121122150800,0.0,0.0,0.0,0.0,0.0,0.0,0.1,99.9
20121122150900,0.0,0.0,0.0,0.0,0.0,0.0,0.4,99.6
20121122151000,0.0,0.0,0.0,0.0,0.0,0.0,0.2,99.8
20121122151100,0.0,0.0,0.0,0.0,0.0,0.0,0.0,100.0
20121122151200,0.0,0.0,0.0,0.0,0.0,0.0,3.7,96.3
20121122151300,0.0,0.0,0.0,0.0,0.0,0.0,0.4,99.6
20121122151400,0.0,0.0,0.0,0.0,0.0,0.0,3.7,96.3
20121122151500,0.0,0.0,0.0,0.0,0.0,0.0,12.7,87.3
20121122151600,0.0,0.0,0.0,0.0,0.0,0.0,27.9,72.1
20121122151700,0.0,0.0,0.0,0.0,0.0,0.0,23.4,76.5
20121122151800,0.0,0.0,0.0,0.0,0.0,0.0,87.0,13.0
20121122151900,0.0,0.0,0.0,0.0,0.0,0.0,12.0,88.0
20121122152000,0.0,0.0,0.0,0.0,0.0,0.0,97.0,3.0
20121122152100,0.0,0.0,0.0,0.0,0.0,0.0,94.1,5.9
20121122152200,0.0,0.0,0.0,0.0,0.0,0.0,92.2,7.8
20121122152300,0.0,0.0,0.0,0.0,0.0,0.0,90.8,9.2
20121122152400,0.0,0.0,0.0,0.0,0.0,0.0,98.0,1.9
20121122152500,0.0,0.0,0.0,0.0,0.0,0.0,89.2,10.8
20121122152600,0.0,0.0,0.0,0.0,0.0,0.0,98.1,1.9
20121122152700,0.0,0.0,0.0,0.0,0.0,0.0,99.4,0.6
20121122152800,0.0,0.0,0.0,0.0,0.0,0.0,96.7,3.2
20121122152900,0.0,0.0,0.0,0.0,0.0,0.0,98.9,1.1
20121122153000,0.0,0.0,0.0,0.0,0.0,0.0,98.7,1.3
20121122153100,0.0,0.0,0.0,0.0,0.0,0.0,89.7,10.3
20121122153200,0.0,0.0,0.0,0.0,0.0,0.0,89.8,10.2
20121122153300,0.0,0.0,0.0,0.1,0.0,0.0,96.5,3.4
20121122153400,0.0,0.0,0.0,0.0,0.0,0.0,99.2,0.8
20121122153500,0.0,0.0,0.0,0.0,0.0,0.0,99.6,0.4
20121122153600,0.0,0.0,0.0,0.0,0.0,0.0,99.8,0.2
20121122153700,0.0,0.0,0.0,0.0,0.0,0.0,99.6,0.4
20121122153800,0.0,0.0,0.0,0.1,0.0,0.0,99.8,0.2
20121122153900,0.0,0.0,0.0,0.0,0.0,0.0,99.8,0.2
20121122154000,0.0,0.0,0.0,0.0,0.0,0.0,100.0,0.0
20121122154100,0.0,0.0,0.0,0.0,0.0,0.0,99.9,0.1
20121122154200,0.0,0.0,0.0,0.0,0.0,0.0,99.8,0.2
20121122154300,0.0,0.0,0.0,0.0,0.0,0.0,99.8,0.2
20121122154400,0.0,0.0,0.0,0.0,0.0,0.0,99.7,0.3
20121122154500,0.0,0.0,0.0,0.0,0.0,0.0,99.5,0.5
20121122154600,0.0,0.0,0.0,0.1,0.0,0.0,99.1,0.8
20121122154700,0.0,0.0,0.0,0.1,0.0,0.0,99.5,0.4
20121122154800,0.0,0.0,0.0,0.1,0.0,0.0,98.8,1.2
20121122154900,0.0,0.0,0.0,0.0,0.0,0.0,99.6,0.3
20121122155000,0.0,0.0,0.0,0.0,0.0,0.0,99.9,0.1
20121122155100,0.0,0.0,0.0,0.1,0.0,0.0,98.8,1.1
20121122155200,0.0,0.0,0.0,0.2,0.0,0.0,98.9,0.8
20121122155300,0.0,0.0,0.0,0.1,0.0,0.0,99.5,0.4
20121122155400,0.0,0.0,0.0,0.1,0.0,0.0,99.7,0.2
20121122155500,0.0,0.0,0.0,0.0,0.0,0.0,99.5,0.5
20121122155600,0.0,0.0,0.0,0.0,0.0,0.0,99.7,0.2
20121122155700,0.0,0.0,0.0,0.0,0.0,0.0,99.9,0.1
20121122155800,0.0,0.0,0.0,0.0,0.0,0.0,100.0,0.0
20121122155900,0.0,0.0,0.0,0.0,0.0,0.0,99.8,0.2
20121122160000,0.0,0.0,0.0,0.0,0.0,0.0,99.9,0.1
20121122160100,0.0,0.0,0.0,0.0,0.0,0.0,99.8,0.2
20121122160200,0.0,0.0,0.0,0.0,0.0,0.0,100.0,0.0
20121122160300,0.0,0.0,0.0,0.0,0.0,0.0,99.9,0.1
20121122160400,0.0,0.0,0.0,0.0,0.0,0.0,99.9,0.1
20121122160500,0.0,0.0,0.0,0.1,0.0,0.0,99.8,0.1
20121122160600,0.0,0.0,0.0,0.0,0.0,0.0,99.9,0.1
20121122160700,0.0,0.0,0.0,0.0,0.0,0.0,99.9,0.1
20121122160800,0.0,0.0,0.0,0.0,0.0,0.0,99.7,0.2
20121122160900,0.0,0.0,0.0,0.0,0.0,0.0,99.9,0.1
20121122161000,0.0,0.0,0.0,0.1,0.0,0.0,99.0,0.9
20121122161100,0.0,0.0,0.0,0.0,0.0,0.0,99.6,0.4
20121122161200,0.0,0.0,0.0,0.0,0.0,0.0,99.5,0.4
20121122161300,0.0,0.0,0.0,0.0,0.0,0.0,99.6,0.3
20121122161400,0.0,0.0,0.0,0.1,0.0,0.0,99.2,0.8
20121122161500,0.0,0.0,0.0,0.0,0.0,0.0,99.7,0.3
20121122161600,0.0,0.0,0.0,0.0,0.0,0.0,99.2,0.8
20121122161700,0.0,0.0,0.0,0.0,0.0,0.0,98.8,1.2
20121122161800,0.0,0.0,0.0,0.0,0.0,0.0,100.0,0.0
20121122161900,0.0,0.0,0.0,0.0,0.0,0.0,100.0,0.0
20121122162000,0.0,0.0,0.0,0.0,0.0,0.0,99.8,0.2
20121122162100,0.0,0.0,0.0,0.0,0.0,0.0,99.0,0.9
20121122162200,0.0,0.0,0.0,0.0,0.0,0.0,98.8,1.2
20121122162300,0.0,0.0,0.0,0.1,0.0,0.0,97.5,2.5
20121122162400,0.0,0.0,0.0,0.0,0.0,0.0,99.7,0.3
20121122162500,0.0,0.0,0.0,0.0,0.0,0.0,99.9,0.1
20121122162600,0.0,0.0,0.0,0.0,0.0,0.0,98.2,1.8
20121122162700,0.0,0.0,0.0,0.0,0.0,0.0,97.5,2.5
20121122162800,0.0,0.0,0.0,0.0,0.0,0.0,98.2,1.8
20121122162900,0.0,0.0,0.0,0.0,0.0,0.0,98.6,1.4
20121122163000,0.0,0.0,0.0,0.0,0.0,0.0,99.0,1.0
20121122163100,0.0,0.0,0.0,0.0,0.0,0.0,99.4,0.6
20121122163200,0.0,0.0,0.0,0.1,0.0,0.0,96.6,3.4
20121122163300,0.0,0.0,0.0,0.0,0.0,0.0,99.5,0.5
20121122163400,0.0,0.0,0.0,0.0,0.0,0.0,99.2,0.8
20121122163500,0.0,0.0,0.0,0.0,0.0,0.0,96.6,3.4
20121122163600,0.0,0.0,0.0,0.0,0.0,0.0,98.1,1.9
20121122163700,0.0,0.0,0.0,0.0,0.0,0.0,98.7,1.2
20121122163800,0.0,0.0,0.0,0.0,0.0,0.0,89.4,10.6
20121122163900,0.0,0.0,0.0,0.3,0.0,0.0,96.8,2.9
20121122164000,0.0,0.0,0.0,0.0,0.0,0.0,99.1,0.8
20121122164100,0.0,0.0,0.0,0.0,0.0,0.0,97.8,2.1
20121122164200,0.0,0.0,0.0,0.1,0.0,0.0,86.5,13.4
20121122164300,0.0,0.0,0.0,0.1,0.0,0.0,64.3,35.5
20121122164400,0.0,0.0,0.0,0.2,0.0,0.0,73.2,26.6
20121122164500,0.0,0.0,0.0,0.0,0.0,0.0,94.8,5.2
20121122164600,0.0,0.0,0.0,0.0,0.0,0.0,92.1,7.9
20121122164700,0.0,0.0,0.0,0.0,0.0,0.0,91.9,8.1
20121122164800,0.0,0.0,0.0,0.0,0.0,0.0,98.7,1.3
20121122164900,0.0,0.0,0.0,0.0,0.0,0.0,86.0,14.0
20121122165000,0.0,0.0,0.0,0.0,0.0,0.0,63.0,36.9
20121122165100,0.0,0.0,0.0,0.0,0.0,0.0,81.3,18.7
20121122165200,0.0,0.0,0.0,0.0,0.0,0.0,35.1,64.8
20121122165300,0.0,0.0,0.0,0.1,0.0,0.0,52.2,47.8
20121122165400,0.0,0.0,0.0,0.0,0.0,0.0,16.8,83.2
20121122165500,0.0,0.0,0.0,0.0,0.0,0.0,29.2,70.8
20121122165600,0.0,0.0,0.0,0.0,0.0,0.0,57.7,42.3
20121122165700,0.0,0.0,0.0,0.1,0.0,0.0,10.1,89.8
20121122165800,0.0,0.0,0.0,0.1,0.0,0.0,6.5,93.4
20121122165900,0.0,0.0,0.0,0.0,0.0,0.0,36.8,63.2
20121122170000,0.0,0.0,0.0,0.0,0.0,0.0,2.0,97.9
20121122170100,0.0,0.0,0.0,0.0,0.0,0.0,46.8,53.2
20121122170200,0.0,0.0,0.0,0.0,0.0,0.0,38.1,61.9
20121122170300,0.0,0.0,0.0,0.0,0.0,0.0,16.1,83.9
20121122170400,0.0,0.0,0.0,0.0,0.0,0.0,59.7,40.3
20121122170500,0.0,0.0,0.0,0.0,0.0,0.0,29.8,70.1
20121122170600,0.0,0.0,0.0,0.0,0.0,0.0,16.3,83.6
20121122170700,0.0,0.0,0.0,0.0,0.0,0.0,84.2,15.8
20121122170800,0.0,0.0,0.0,0.0,0.0,0.0,9.6,90.4
20121122170900,0.0,0.0,0.0,0.0,0.1,0.0,3.4,96.5
20121122171000,0.0,0.0,0.0,0.0,0.1,0.0,15.8,84.0
20121122171100,0.0,0.0,0.0,0.0,0.2,0.0,57.2,42.6
20121122171200,0.0,0.0,0.0,0.0,0.5,0.0,25.8,73.6
20121122171300,0.0,0.0,0.0,0.1,0.1,0.0,12.0,87.8
20121122171400,0.0,0.0,0.0,0.0,0.2,0.0,8.1,91.7
20121122171500,0.0,0.0,0.0,0.1,2.7,0.0,44.8,52.3
20121122171600,0.0,0.0,0.0,0.2,5.1,0.0,54.2,40.4
20121122171700,0.0,0.0,0.0,0.0,0.5,0.0,16.7,82.8
20121122171800,0.0,0.0,0.1,0.4,3.0,0.0,56.0,40.5
20121122171900,0.0,0.0,0.0,0.1,0.2,0.0,10.9,88.8
20121122172000,0.0,0.0,0.0,0.2,0.5,0.0,25.4,73.8
20121122172100,0.0,0.0,0.0,0.0,0.0,0.0,2.3,97.6
20121122172200,0.0,0.0,0.0,0.0,0.2,0.0,4.3,95.5
20121122172300,0.0,0.0,0.0,0.0,0.4,0.0,9.7,89.9
20121122172400,0.0,0.0,0.0,0.1,0.1,0.0,20.3,79.5
20121122172500,0.0,0.0,0.0,0.0,0.0,0.0,4.5,95.5
20121122172600,0.0,0.0,0.0,0.0,0.0,0.0,3.2,96.8
20121122172700,0.0,0.0,0.0,0.0,0.0,0.0,0.1,99.9
20121122172800,0.0,0.0,0.0,0.0,0.0,0.0,1.0,99.0
20121122172900,0.0,0.0,0.0,0.0,0.0,0.0,2.0,98.0
20121122173000,0.0,0.0,0.0,0.0,0.0,0.0,14.9,85.0
20121122173100,0.0,0.0,0.0,0.1,0.0,0.0,79.1,20.7
20121122173200,0.0,0.0,0.0,0.0,0.0,0.0,86.3,13.6
20121122173300,0.0,0.0,0.0,0.0,0.0,0.0,90.6,9.4
20121122173400,0.0,0.0,0.0,0.0,0.0,0.0,35.8,64.1
20121122173500,0.0,0.0,0.1,0.0,0.0,0.0,1.7,98.2
20121122173600,0.0,0.0,0.9,0.0,0.0,0.0,2.6,96.5
20121122173700,0.0,0.0,0.1,0.0,0.0,0.0,1.5,98.4
20121122173800,0.0,0.0,0.1,0.0,0.0,0.0,19.7,80.2
20121122173900,0.0,0.0,0.0,0.0,0.0,0.0,29.2,70.8
20121122174000,0.0,0.0,0.0,0.0,0.0,0.0,18.7,81.3
20121122174100,0.0,0.0,0.0,0.0,0.0,0.0,12.4,87.6
20121122174200,0.0,0.0,0.0,0.0,0.0,0.0,4.3,95.7
20121122174300,0.0,0.0,0.0,0.0,0.0,0.0,3.8,96.2
20121122174400,0.0,0.0,0.0,0.0,0.0,0.0,24.5,75.5
20121122174500,0.0,0.0,0.0,0.0,0.0,0.0,81.9,18.0
20121122174600,0.0,0.0,0.0,0.0,0.0,0.0,69.5,30.5
20121122174700,0.0,0.0,0.0,0.0,0.0,0.0,95.1,4.8
20121122174800,0.0,0.0,0.1,0.1,0.0,0.0,89.8,10.0
20121122174900,0.0,0.0,0.0,0.0,0.0,0.0,99.8,0.1
20121122175000,0.0,0.0,0.0,0.1,0.0,0.0,98.1,1.7
20121122175100,0.0,0.0,0.0,0.0,0.0,0.0,99.9,0.1
20121122175200,0.0,0.0,0.0,0.0,0.0,0.0,99.8,0.2
20121122175300,0.0,0.0,0.0,0.0,0.0,0.0,99.4,0.6
20121122175400,0.0,0.0,0.0,0.0,0.0,0.0,99.9,0.1
20121122175500,0.0,0.0,0.0,0.0,0.0,0.0,99.9,0.1
20121122175600,0.0,0.0,0.0,0.0,0.0,0.0,99.7,0.3
20121122175700,0.0,0.0,0.0,0.0,0.0,0.0,99.8,0.2
20121122175800,0.0,0.0,0.0,0.0,0.0,0.0,99.7,0.2
20121122175900,0.0,0.0,0.0,0.0,0.0,0.0,99.8,0.1
20121122180000,0.0,0.0,0.0,0.4,0.0,0.1,99.4,0.1
20121122180100,0.0,0.0,0.0,0.0,0.0,0.0,100.0,0.0
20121122180200,0.0,0.0,0.0,0.1,0.0,0.0,99.8,0.1
20121122180300,0.0,0.0,0.0,0.1,0.0,0.0,99.8,0.1
20121122180400,0.0,0.0,0.0,0.0,0.0,0.0,99.9,0.0
20121122180500,0.0,0.0,0.0,0.0,0.0,0.0,99.9,0.0
20121122180600,0.0,0.0,0.0,0.0,0.0,0.0,100.0,0.0
20121122180700,0.0,0.0,0.0,0.0,0.0,0.0,100.0,0.0
20121122180800,0.0,0.0,0.0,0.0,0.0,0.0,100.0,0.0
20121122180900,0.0,0.0,0.0,0.0,0.0,0.0,100.0,0.0
20121122181000,0.0,0.0,0.0,0.0,0.0,0.0,100.0,0.0
20121122181100,0.0,0.0,0.0,0.0,0.0,0.0,100.0,0.0
20121122181200,0.0,0.0,0.0,0.0,0.0,0.0,99.8,0.1
20121122181300,0.0,0.0,0.0,0.1,0.0,0.0,98.8,1.0
20121122181400,0.0,0.0,0.0,0.1,0.0,0.0,98.7,1.1
20121122181500,0.0,0.0,0.0,0.0,0.0,0.0,99.5,0.5
20121122181600,0.0,0.0,0.0,0.0,0.0,0.0,99.8,0.2
20121122181700,0.0,0.0,0.0,0.0,0.0,0.0,99.9,0.1
20121122181800,0.0,0.0,0.0,0.0,0.0,0.0,99.7,0.2
20121122181900,0.0,0.0,0.0,0.1,0.0,0.0,99.6,0.2
20121122182000,0.0,0.0,0.0,0.1,0.0,0.0,99.7,0.2
20121122182100,0.0,0.0,0.0,0.0,0.0,0.0,99.9,0.0
20121122182200,0.0,0.0,0.0,0.0,0.0,0.0,100.0,0.0
20121122182300,0.0,0.0,0.0,0.0,0.0,0.0,99.9,0.0
20121122182400,0.0,0.0,0.0,0.0,0.0,0.0,99.9,0.0
20121122182500,0.0,0.0,0.0,0.0,0.0,0.0,100.0,0.0
20121122182600,0.0,0.0,0.0,0.0,0.0,0.0,99.9,0.1
20121122182700,0.0,0.0,0.0,0.0,0.0,0.0,100.0,0.0
20121122182800,0.0,0.0,0.0,0.1,0.0,0.0,99.9,0.0
20121122182900,0.0,0.0,0.0,0.5,0.0,0.0,99.3,0.2
20121122183000,0.0,0.0,0.0,0.0,0.0,0.0,99.8,0.2
20121122183100,0.0,0.0,0.0,0.0,0.0,0.0,99.9,0.0
20121122183200,0.0,0.0,0.0,0.0,0.0,0.0,100.0,0.0
20121122183300,0.0,0.0,0.0,0.0,0.0,0.0,100.0,0.0
20121122183400,0.0,0.0,0.0,0.0,0.0,0.0,99.8,0.1
20121122183500,0.0,0.0,0.0,0.0,0.0,0.0,100.0,0.0
20121122183600,0.0,0.0,0.0,0.0,0.0,0.0,99.7,0.3
20121122183700,0.0,0.0,0.0,0.0,0.0,0.0,99.8,0.2
20121122183800,0.0,0.0,0.0,0.0,0.0,0.0,99.4,0.6
20121122183900,0.0,0.0,0.0,0.0,0.0,0.0,99.5,0.5
20121122184000,0.0,0.0,0.0,0.0,0.0,0.0,98.5,1.4
20121122184100,0.0,0.0,0.0,0.0,0.0,0.0,99.3,0.7
20121122184200,0.0,0.0,0.0,0.0,0.0,0.0,99.8,0.2
20121122184300,0.0,0.0,0.0,0.0,0.0,0.0,97.8,2.2
20121122184400,0.0,0.0,0.0,0.0,0.0,0.0,98.7,1.2
20121122184500,0.0,0.0,0.0,0.1,0.0,0.0,95.2,4.7
20121122184600,0.0,0.0,0.0,0.1,0.0,0.0,91.6,8.3
20121122184700,0.0,0.0,0.0,0.0,0.0,0.0,72.8,27.1
20121122184800,0.0,0.0,0.0,0.0,0.0,0.0,7.1,92.8
20121122184900,0.0,0.0,0.0,0.0,0.3,0.0,56.4,43.1
20121122185000,0.0,0.0,0.0,0.0,0.0,0.0,3.5,96.5
20121122185100,0.0,0.0,0.0,0.0,0.0,0.0,17.2,82.8
20121122185200,0.0,0.0,0.0,0.0,0.1,0.0,35.6,64.3
20121122185300,0.0,0.0,0.0,0.0,0.0,0.0,64.7,35.2
20121122185400,0.0,0.0,0.0,0.0,0.1,0.0,24.5,75.4
20121122185500,0.0,0.0,0.0,0.0,0.0,0.0,52.7,47.2
20121122185600,0.0,0.0,0.0,0.0,0.1,0.0,73.1,26.7
20121122185700,0.0,0.0,0.0,0.0,0.1,0.0,19.0,80.9
20121122185800,0.0,0.0,0.0,0.0,0.0,0.0,13.9,86.0
20121122185900,0.0,0.0,0.0,0.0,0.0,0.0,59.8,40.1
20121122190000,0.0,0.0,0.0,0.1,0.0,0.0,36.7,63.2
20121122190100,0.0,0.0,0.0,0.2,0.0,0.0,56.6,43.2
20121122190200,0.0,0.0,0.0,0.0,0.0,0.0,47.2,52.8
20121122190300,0.0,0.0,0.0,0.0,0.0,0.0,61.6,38.3
20121122190400,0.0,0.0,0.0,0.0,0.0,0.0,69.4,30.6
20121122190500,0.0,0.0,0.0,0.0,0.0,0.0,85.0,15.0
20121122190600,0.0,0.0,0.0,0.0,0.0,0.0,88.7,11.3
20121122190700,0.0,0.0,0.0,0.0,0.0,0.0,66.0,33.9
20121122190800,0.0,0.0,0.0,0.0,0.0,0.0,61.9,38.1
20121122190900,0.0,0.0,0.0,0.0,0.0,0.0,85.3,14.7
20121122191000,0.0,0.0,0.0,0.0,0.0,0.0,34.4,65.6
20121122191100,0.0,0.0,0.0,0.0,0.0,0.0,94.7,5.3
20121122191200,0.0,0.0,0.0,0.0,0.0,0.0,81.5,18.5
20121122191300,0.0,0.0,0.0,0.0,0.0,0.0,97.1,2.9
20121122191400,0.0,0.0,0.0,0.0,0.0,0.0,88.9,11.0
20121122191500,0.0,0.0,0.0,0.0,0.0,0.0,98.7,1.3
20121122191600,0.0,0.0,0.0,0.0,0.0,0.0,94.5,5.5
20121122191700,0.0,0.0,0.0,0.0,0.0,0.0,99.6,0.4
20121122191800,0.0,0.0,0.0,0.0,0.0,0.0,99.6,0.4
20121122191900,0.0,0.0,0.0,0.0,0.0,0.0,99.7,0.3
20121122192000,0.0,0.0,0.0,0.0,0.0,0.0,98.0,2.0
20121122192100,0.0,0.0,0.0,0.0,0.0,0.0,89.0,11.0
20121122192200,0.0,0.0,0.0,0.0,0.0,0.0,96.6,3.4
20121122192300,0.0,0.0,0.0,0.0,0.0,0.0,89.2,10.8
20121122192400,0.0,0.0,0.0,0.0,0.0,0.0,96.2,3.8
20121122192500,0.0,0.0,0.0,0.0,0.0,0.0,99.1,0.9
20121122192600,0.0,0.0,0.0,0.0,0.0,0.0,99.2,0.8
20121122192700,0.0,0.0,0.0,0.0,0.0,0.0,99.3,0.7
20121122192800,0.0,0.0,0.0,0.0,0.0,0.0,94.9,5.0
20121122192900,0.0,0.0,0.0,0.0,0.0,0.0,93.1,6.9
20121122193000,0.0,0.0,0.0,0.0,0.0,0.0,98.2,1.8
20121122193100,0.0,0.0,0.0,0.0,0.0,0.0,98.6,1.4
20121122193200,0.0,0.0,0.0,0.0,0.0,0.0,98.9,1.1
20121122193300,0.0,0.0,0.0,0.0,0.0,0.0,97.6,2.4
20121122193400,0.0,0.0,0.0,0.0,0.0,0.0,99.5,0.5
20121122193500,0.0,0.0,0.0,0.0,0.0,0.0,99.1,0.8
20121122193600,0.0,0.0,0.0,0.0,0.0,0.0,99.8,0.2
20121122193700,0.0,0.0,0.0,0.0,0.0,0.0,99.6,0.4
20121122193800,0.0,0.0,0.0,0.0,0.0,0.0,97.6,2.4
20121122193900,0.0,0.0,0.0,0.0,0.0,0.0,100.0,0.0
20121122194000,0.0,0.0,0.0,0.0,0.0,0.0,99.9,0.1
20121122194100,0.0,0.0,0.0,0.0,0.0,0.0,99.3,0.7
20121122194200,0.0,0.0,0.0,0.0,0.0,0.0,99.3,0.7
20121122194300,0.0,0.0,0.0,0.0,0.0,0.0,99.2,0.8
20121122194400,0.0,0.0,0.0,0.0,0.0,0.0,99.3,0.7
20121122194500,0.0,0.0,0.0,0.0,0.0,0.0,99.3,0.7
20121122194600,0.0,0.0,0.0,0.0,0.0,0.0,98.6,1.4
20121122194700,0.0,0.0,0.0,0.0,0.0,0.0,99.8,0.2
20121122194800,0.0,0.0,0.0,0.0,0.0,0.0,97.0,3.0
20121122194900,0.0,0.0,0.0,0.0,0.0,0.0,96.2,3.8
20121122195000,0.0,0.0,0.0,0.0,0.0,0.0,95.9,4.1
20121122195100,0.0,0.0,0.0,0.0,0.0,0.0,99.9,0.1
20121122195200,0.0,0.0,0.0,0.0,0.0,0.0,99.3,0.7
20121122195300,0.0,0.0,0.0,0.0,0.0,0.0,99.5,0.5
20121122195400,0.0,0.0,0.0,0.0,0.0,0.0,100.0,0.0
20121122195500,0.0,0.0,0.0,0.0,0.0,0.0,99.9,0.1
20121122195600,0.0,0.0,0.0,0.0,0.0,0.0,99.4,0.6
20121122195700,0.0,0.0,0.0,0.0,0.0,0.0,99.6,0.4
20121122195800,0.0,0.0,0.0,0.0,0.0,0.0,98.7,1.3
20121122195900,0.0,0.0,0.0,0.0,0.0,0.0,93.7,6.2
20121122200000,0.0,0.0,0.0,0.0,0.0,0.0,99.7,0.3
20121122200100,0.0,0.0,0.0,0.0,0.0,0.0,97.9,2.0
20121122200200,0.0,0.0,0.0,0.0,0.0,0.0,99.7,0.3
20121122200300,0.0,0.0,0.0,0.0,0.0,0.0,96.4,3.6
20121122200400,0.0,0.0,0.0,0.0,0.0,0.0,99.2,0.8
20121122200500,0.0,0.0,0.0,0.0,0.0,0.0,98.9,1.1
20121122200600,0.0,0.0,0.0,0.0,0.0,0.0,99.1,0.9
20121122200700,0.0,0.0,0.0,0.0,0.0,0.0,99.4,0.6
20121122200800,0.0,0.0,0.0,0.0,0.0,0.0,99.6,0.4
20121122200900,0.0,0.0,0.0,0.0,0.0,0.0,96.2,3.8
20121122201000,0.0,0.0,0.0,0.0,0.0,0.0,85.1,14.9
20121122201100,0.0,0.0,0.0,0.0,0.0,0.0,64.1,35.9
20121122201200,0.0,0.0,0.1,0.0,0.0,0.0,43.8,56.1
20121122201300,0.0,0.0,0.0,0.0,0.0,0.0,83.9,16.1
20121122201400,0.0,0.0,0.0,0.0,0.0,0.0,74.7,25.3
20121122201500,0.0,0.0,0.0,0.0,0.0,0.0,35.4,64.6
20121122201600,0.0,0.0,0.0,0.0,0.0,0.0,40.1,59.9
20121122201700,0.0,0.0,0.0,0.0,0.0,0.0,9.6,90.4
20121122201800,0.0,0.0,0.0,0.0,0.0,0.0,52.4,47.6
20121122201900,0.0,0.0,0.0,0.0,0.0,0.0,78.5,21.4
20121122202000,0.0,0.0,0.1,0.0,0.0,0.0,51.7,48.2
20121122202100,0.0,0.0,0.1,0.0,0.0,0.0,54.5,45.4
20121122202200,0.0,0.0,0.1,0.0,0.0,0.0,25.1,74.8
20121122202300,0.0,0.0,0.0,0.0,0.0,0.0,56.9,43.0
20121122202400,0.0,0.0,0.0,0.0,0.0,0.0,98.0,2.0
20121122202500,0.0,0.0,0.0,0.0,0.0,0.0,91.6,8.3
20121122202600,0.0,0.0,0.2,0.2,0.0,0.0,81.6,18.1
20121122202700,0.0,0.0,0.3,2.4,0.1,0.0,93.0,4.2
20121122202800,0.0,0.0,0.0,0.1,0.0,0.0,97.6,2.3
20121122202900,0.0,0.0,0.1,0.0,0.0,0.0,95.1,4.8
20121122203000,0.0,0.0,0.3,0.0,0.0,0.0,91.4,8.3
20121122203100,0.0,0.0,0.1,0.1,0.0,0.0,92.1,7.6
20121122203200,0.0,0.0,0.0,0.1,0.0,0.0,99.5,0.4
20121122203300,0.0,0.0,1.0,0.5,0.1,0.0,92.5,5.8
20121122203400,0.0,0.0,0.0,0.0,0.0,0.0,99.1,0.9
20121122203500,0.0,0.0,0.0,0.0,0.0,0.0,99.1,0.8
20121122203600,0.0,0.0,0.0,0.0,0.0,0.0,98.9,1.0
20121122203700,0.0,0.0,0.0,0.0,0.0,0.0,99.3,0.6
20121122203800,0.0,0.0,0.1,0.0,0.0,0.0,99.0,0.9
20121122203900,0.0,0.0,0.0,0.0,0.0,0.0,90.3,9.7
20121122204000,0.0,0.0,0.0,0.0,0.0,0.0,97.6,2.4
20121122204100,0.0,0.0,0.0,0.0,0.0,0.0,86.8,13.1
20121122204200,0.0,0.0,0.0,0.0,0.0,0.0,91.8,8.2
20121122204300,0.0,0.0,0.0,0.0,0.0,0.0,86.8,13.1
20121122204400,0.0,0.0,0.1,0.0,0.0,0.0,78.1,21.8
20121122204500,0.0,0.0,0.1,0.0,0.3,0.0,59.1,40.5
20121122204600,0.0,0.0,0.1,0.0,0.0,0.0,73.4,26.5
20121122204700,0.0,0.0,0.0,0.0,0.0,0.0,95.4,4.5
20121122204800,0.0,0.0,0.0,0.0,0.1,0.0,88.9,10.9
20121122204900,0.0,0.0,0.1,0.4,0.6,0.0,58.0,40.9
20121122205000,0.0,0.0,0.1,0.2,0.3,0.1,55.5,43.8
20121122205100,0.0,0.0,0.0,0.0,0.3,0.1,80.6,19.0
20121122205200,0.0,0.0,0.0,0.2,0.3,0.0,49.1,50.3
20121122205300,0.0,0.0,0.1,0.1,0.3,0.1,76.3,23.1
20121122205400,0.0,0.0,0.1,0.0,0.2,0.0,11.2,88.4
20121122205500,0.0,0.0,0.9,0.3,0.8,0.0,3.4,94.5
20121122205600,0.0,0.0,0.1,0.1,0.2,0.1,46.8,52.8
20121122205700,0.0,0.0,0.2,0.0,1.0,0.1,8.2,90.5
20121122205800,0.0,0.0,0.0,0.0,0.1,0.0,12.8,87.0
20121122205900,0.0,0.0,0.0,0.0,0.3,0.1,1.5,98.1
20121122210000,0.0,0.0,0.0,0.0,0.1,0.0,1.4,98.5
20121122210100,0.0,0.0,0.0,0.0,0.1,0.0,2.1,97.7
20121122210200,0.0,0.0,0.0,0.0,1.9,0.0,0.5,97.5
20121122210300,0.0,0.0,0.1,7.1,32.1,0.1,0.7,59.9
20121122210400,0.0,0.0,0.0,2.1,9.1,0.0,0.2,88.5
20121122210500,0.0,0.0,0.0,3.8,74.7,0.1,0.1,21.3
20121122210600,0.3,0.1,0.0,12.2,62.0,0.6,0.3,24.6
20121122210700,0.1,0.0,0.1,24.7,36.8,1.6,6.7,30.0
20121122210800,0.0,0.0,0.0,1.4,1.3,4.2,13.4,79.7
20121122210900,0.5,0.0,0.0,39.0,55.2,1.5,2.8,1.0
20121122211000,1.1,0.0,0.0,22.2,75.9,0.3,0.1,0.4
20121122211100,12.9,0.0,0.0,27.2,59.2,0.4,0.0,0.3
20121122211200,3.8,0.0,0.0,19.1,76.9,0.1,0.0,0.1
20121122211300,7.6,0.0,0.0,3.3,89.0,0.0,0.0,0.0
20121122211400,0.3,0.0,0.0,10.8,88.7,0.0,0.0,0.1
20121122211500,0.5,0.0,0.1,11.2,56.4,19.6,1.1,11.1
20121122211600,0.0,0.0,0.0,98.0,1.9,0.0,0.0,0.0
20121122211700,0.0,0.0,0.0,90.2,9.8,0.0,0.0,0.0
20121122211800,0.1,0.0,0.1,20.4,76.9,0.1,2.4,0.1
20121122211900,0.5,0.0,0.1,71.9,23.2,0.9,2.5,0.8
20121122212000,0.3,0.0,0.0,44.8,51.1,0.2,3.3,0.1
20121122212100,0.2,0.0,0.1,34.1,44.6,0.7,18.8,1.4
20121122212200,0.0,0.0,0.0,0.9,0.8,0.6,97.0,0.7
20121122212300,0.0,0.0,0.0,26.6,4.9,1.1,66.8,0.6
20121122212400,0.0,0.0,0.0,41.7,23.4,2.2,31.8,0.9
20121122212500,0.0,0.0,0.0,9.6,4.7,0.3,84.3,1.0
20121122212600,0.0,0.0,0.0,4.0,1.0,0.4,92.4,2.2
20121122212700,0.0,0.0,0.0,0.3,0.0,0.4,99.2,0.1
20121122212800,0.0,0.0,0.0,0.4,0.8,1.2,96.6,1.0
20121122212900,0.0,0.0,0.0,0.7,0.1,0.0,99.0,0.2
20121122213000,0.0,0.0,0.0,0.0,0.0,0.0,99.9,0.0
20121122213100,0.0,0.0,0.0,0.0,0.0,0.0,99.9,0.0
20121122213200,0.0,0.0,0.0,0.0,0.0,0.0,100.0,0.0
20121122213300,0.0,0.0,0.0,0.0,0.0,0.0,100.0,0.0
20121122213400,0.0,0.0,0.0,96.5,3.3,0.0,0.1,0.0
20121122213500,0.0,0.0,0.1,73.0,0.1,0.1,26.5,0.1
20121122213600,0.0,0.0,0.0,99.4,0.5,0.0,0.1,0.0
20121122213700,0.1,0.0,0.0,97.6,2.1,0.0,0.1,0.0
20121122213800,0.2,0.0,0.2,94.2,3.5,0.2,1.6,0.1
20121122213900,6.9,0.0,0.3,43.6,44.2,0.7,4.1,0.2
20121122214000,0.2,0.1,0.8,74.9,13.6,0.7,9.7,0.1
20121122214100,0.1,0.0,0.2,73.2,26.3,0.0,0.1,0.1
20121122214200,0.1,0.0,0.7,38.9,36.6,1.3,22.2,0.3
20121122214300,0.2,0.0,0.9,54.3,9.0,4.3,30.3,1.0
20121122214400,13.2,0.0,0.0,72.1,14.6,0.0,0.0,0.0
20121122214500,1.7,0.0,0.5,82.5,1.8,0.7,12.3,0.5
20121122214600,1.2,0.1,0.2,84.3,13.8,0.0,0.4,0.0
20121122214700,0.2,0.0,0.6,58.0,18.6,1.2,21.3,0.1
20121122214800,0.5,0.0,1.2,13.6,11.8,0.4,72.4,0.2
20121122214900,0.1,0.0,0.2,2.4,7.5,1.6,88.1,0.0
20121122215000,0.1,0.0,0.5,5.9,1.4,0.5,91.6,0.0
20121122215100,0.1,0.0,0.4,3.1,14.7,0.6,81.2,0.0
20121122215200,0.4,0.0,1.6,23.3,16.8,2.1,55.6,0.2
20121122215300,0.8,0.0,0.4,39.4,25.5,0.8,33.0,0.0
20121122215400,0.1,0.0,0.7,35.7,1.9,0.4,61.2,0.1
20121122215500,2.4,0.1,1.6,27.8,31.6,3.3,32.9,0.4
20121122215600,0.2,0.0,2.5,24.2,9.7,1.8,59.8,1.9
20121122215700,0.3,0.1,2.4,4.5,9.0,1.8,81.7,0.2
20121122215800,1.4,0.1,0.7,23.0,19.1,2.4,53.3,0.0
20121122215900,0.9,0.2,2.5,28.3,30.3,2.1,35.6,0.2
20121122220000,1.7,0.5,6.2,37.0,4.0,2.5,47.9,0.2
20121122220100,0.9,0.0,10.2,26.5,23.8,1.6,36.1,0.9
20121122220200,0.9,0.2,3.0,31.9,26.1,2.1,35.2,0.5
20121122220300,0.0,0.0,4.6,24.8,1.9,1.3,67.0,0.4
20121122220400,0.0,0.0,2.2,88.3,2.2,0.2,7.0,0.1
20121122220500,0.0,0.0,0.2,0.8,0.2,0.5,98.2,0.1
20121122220600,0.1,0.0,0.3,6.9,2.0,0.9,89.7,0.1
20121122220700,0.0,0.0,2.1,14.8,1.1,2.7,79.1,0.2
20121122220800,0.0,0.0,0.5,5.3,0.2,0.5,93.4,0.0
20121122220900,0.0,0.0,1.0,0.5,0.4,0.8,97.1,0.2
20121122221000,0.0,0.0,0.5,1.4,0.1,1.5,96.5,0.1
20121122221100,0.0,0.0,0.0,0.0,0.0,0.2,99.8,0.0
20121122221200,0.0,0.0,2.8,42.9,2.6,0.3,51.4,0.1
20121122221300,0.0,0.0,0.1,0.8,0.1,0.4,98.6,0.0
20121122221400,0.0,0.0,0.0,0.0,0.0,0.1,99.8,0.0
20121122221500,0.0,0.0,0.0,0.0,0.0,0.1,99.9,0.0
20121122221600,0.0,0.0,0.0,0.0,0.0,0.0,100.0,0.0
20121122221700,0.0,0.0,0.0,0.0,0.0,0.0,100.0,0.0
20121122221800,0.0,0.0,0.0,0.0,0.0,0.1,99.8,0.0
20121122221900,0.0,0.0,0.1,0.0,0.0,0.6,99.3,0.0
20121122222000,0.0,0.0,0.1,0.0,0.0,0.4,99.5,0.0
20121122222100,0.0,0.0,0.1,0.0,0.0,0.3,99.5,0.0
20121122222200,0.0,0.0,0.1,0.0,0.0,0.4,99.4,0.0
20121122222300,0.0,0.0,0.1,0.4,0.0,0.5,98.9,0.1
20121122222400,0.0,0.0,0.4,0.6,0.0,1.7,97.3,0.0
20121122222500,0.0,0.0,0.2,0.4,0.0,0.1,99.0,0.2
20121122222600,0.0,0.0,0.1,0.1,0.0,0.4,99.3,0.0
20121122222700,0.0,0.0,0.1,0.2,0.0,0.1,99.6,0.0
20121122222800,0.0,0.0,0.1,0.2,0.0,0.0,99.6,0.0
20121122222900,0.0,0.0,0.0,0.1,0.0,0.0,99.6,0.2
20121122223000,0.0,0.0,0.0,0.1,0.0,0.0,99.8,0.1
20121122223100,0.0,0.0,0.1,0.0,0.0,0.0,99.9,0.1
20121122223200,0.0,0.0,0.0,0.1,0.0,0.0,99.8,0.1
20121122223300,0.0,0.0,0.0,0.1,0.0,0.0,99.8,0.0
20121122223400,0.0,0.0,0.0,0.1,0.0,0.0,99.9,0.0
20121122223500,0.0,0.0,0.0,1.3,0.0,0.0,98.7,0.0
20121122223600,0.0,0.0,0.0,0.5,0.0,0.0,99.4,0.0
20121122223700,0.0,0.0,0.0,0.0,0.0,0.0,100.0,0.0
20121122223800,0.0,0.0,0.0,1.6,0.0,0.0,98.2,0.1
20121122223900,0.0,0.0,0.0,0.4,0.0,0.0,99.6,0.0
20121122224000,0.0,0.0,0.0,0.0,0.0,0.0,99.9,0.0
20121122224100,0.0,0.0,0.1,0.2,0.0,0.0,99.7,0.0
20121122224200,0.0,0.0,0.1,0.3,0.0,0.0,99.6,0.0
20121122224300,0.0,0.0,0.0,0.2,0.0,0.0,99.8,0.0
20121122224400,0.0,0.0,0.0,0.1,0.0,0.0,99.8,0.0
20121122224500,0.0,0.0,0.0,0.0,0.0,0.0,100.0,0.0
20121122224600,0.0,0.0,0.0,0.1,0.0,0.0,99.9,0.0
20121122224700,0.0,0.0,0.1,5.4,0.0,0.0,94.4,0.0
20121122224800,0.0,0.0,0.4,35.6,0.1,0.0,63.9,0.0
20121122224900,0.0,0.0,1.2,56.9,0.1,0.1,41.5,0.2
20121122225000,0.0,0.0,0.0,0.5,0.0,0.0,99.4,0.1
20121122225100,0.0,0.0,0.0,0.1,0.0,0.0,99.9,0.0
20121122225200,0.0,0.0,0.0,0.1,0.0,0.0,99.8,0.0
20121122225300,0.0,0.0,0.0,0.0,0.0,0.0,100.0,0.0
20121122225400,0.0,0.0,0.0,0.0,0.0,0.0,99.9,0.0
20121122225500,0.0,0.0,0.0,0.0,0.0,0.0,99.9,0.0
20121122225600,0.0,0.0,0.0,0.7,0.0,0.0,99.3,0.0
20121122225700,0.0,0.0,0.8,38.6,0.1,0.0,58.8,1.7
20121122225800,0.0,0.0,2.9,47.6,0.1,0.0,48.6,0.8
20121122225900,0.0,0.0,1.6,82.7,0.1,0.0,15.4,0.2
20121122230000,0.0,0.0,3.5,12.0,0.0,0.0,84.3,0.1
20121122230100,0.0,0.0,0.9,12.2,0.0,0.0,86.1,0.8
20121122230200,0.0,0.0,3.6,58.8,0.1,0.0,37.1,0.4
20121122230300,0.0,0.0,5.0,82.3,0.0,0.1,12.4,0.1
20121122230400,0.1,0.0,0.9,78.4,0.3,0.0,19.7,0.6
20121122230500,0.0,0.0,0.4,67.9,0.0,0.0,30.7,1.0
20121122230600,0.0,0.0,0.0,2.8,0.0,0.0,97.0,0.2
20121122230700,0.0,0.0,1.0,36.3,0.0,0.0,62.5,0.2
20121122230800,0.0,0.0,0.2,7.1,0.0,0.0,92.5,0.1
20121122230900,0.0,0.0,0.7,24.8,0.2,0.0,74.1,0.1
20121122231000,0.0,0.0,0.3,1.7,0.0,0.0,97.7,0.3
20121122231100,0.0,0.0,0.1,2.8,0.0,0.0,97.0,0.0
20121122231200,0.0,0.0,0.1,0.5,0.0,0.0,99.3,0.1
20121122231300,0.0,0.0,0.8,3.7,0.0,0.0,95.3,0.3
20121122231400,0.0,0.0,0.3,3.8,0.0,0.0,95.6,0.3
20121122231500,0.0,0.0,0.1,91.5,0.1,0.0,8.3,0.0
20121122231600,0.0,0.0,0.1,66.1,0.1,0.0,33.7,0.0
20121122231700,0.0,0.0,0.1,79.7,0.1,0.0,20.0,0.0
20121122231800,0.0,0.0,0.0,45.2,0.1,0.0,54.4,0.3
20121122231900,0.0,0.0,0.0,3.0,0.0,0.0,97.0,0.0
20121122232000,0.0,0.0,0.0,0.0,0.0,0.0,100.0,0.0
20121122232100,0.0,0.0,0.0,7.6,0.1,0.0,92.0,0.2
20121122232200,0.0,0.0,0.0,1.7,0.0,0.0,98.2,0.1
20121122232300,0.0,0.0,0.0,14.1,0.0,0.0,85.9,0.0
20121122232400,0.0,0.0,0.0,98.3,0.0,0.0,1.7,0.0
20121122232500,0.0,0.0,0.0,53.2,0.8,0.0,45.9,0.1
20121122232600,0.0,0.0,0.0,0.5,0.0,0.0,99.4,0.1
20121122232700,0.0,0.0,0.0,1.7,0.0,0.0,98.3,0.0
20121122232800,0.0,0.0,0.0,10.6,0.0,0.0,89.4,0.0
20121122232900,0.0,0.0,0.0,36.3,0.0,0.0,63.4,0.3
20121122233000,0.0,0.0,0.1,24.7,0.1,0.0,73.7,1.4
20121122233100,0.0,0.0,0.0,10.3,0.1,0.0,89.0,0.5
20121122233200,0.0,0.0,0.0,0.6,0.0,0.0,99.2,0.1
20121122233300,0.0,0.0,0.0,0.3,0.0,0.0,99.7,0.0
20121122233400,0.0,0.0,0.0,1.1,0.0,0.0,98.9,0.0
20121122233500,0.0,0.0,0.0,0.8,0.0,0.0,99.2,0.0
20121122233600,0.0,0.0,0.0,0.0,0.0,0.0,100.0,0.0
20121122233700,0.0,0.0,0.0,0.1,0.0,0.0,99.8,0.1
20121122233800,0.0,0.0,0.0,0.0,0.0,0.0,100.0,0.0
20121122233900,0.0,0.0,0.0,0.0,0.0,0.0,100.0,0.0
20121122234000,0.0,0.0,0.0,0.2,0.0,0.0,99.8,0.0
20121122234100,0.0,0.0,0.0,0.0,0.0,0.0,100.0,0.0
20121122234200,0.0,0.0,0.0,0.0,0.0,0.0,100.0,0.0
20121122234300,0.0,0.0,0.0,0.2,0.0,0.0,99.6,0.1
20121122234400,0.0,0.0,0.0,0.0,0.0,0.0,100.0,0.0
20121122234500,0.0,0.0,0.0,0.0,0.0,0.0,100.0,0.0
20121122234600,0.0,0.0,0.0,0.0,0.0,0.0,100.0,0.0
20121122234700,0.0,0.0,0.0,0.0,0.0,0.0,100.0,0.0
20121122234800,0.0,0.0,0.0,0.0,0.0,0.0,100.0,0.0
20121122234900,0.0,0.0,0.0,0.9,0.0,0.0,99.0,0.0
20121122235000,0.0,0.0,0.0,0.0,0.0,0.0,100.0,0.0
20121122235100,0.0,0.0,0.0,0.3,0.0,0.0,99.7,0.0
20121122235200,0.0,0.0,0.0,0.2,0.0,0.0,99.8,0.0
20121122235300,0.0,0.0,0.0,0.0,0.0,0.0,100.0,0.0
20121122235400,0.0,0.0,0.0,0.1,0.0,0.0,99.8,0.0
20121122235500,0.0,0.0,0.2,22.2,0.0,0.0,77.3,0.3
20121122235600,0.0,0.0,0.2,12.2,0.0,0.0,84.6,2.9
20121122235700,0.0,0.0,0.0,0.1,0.0,0.0,99.8,0.1
20121122235800,0.0,0.0,0.0,0.0,0.0,0.0,99.9,0.1
20121122235900,0.0,0.0,0.0,0.0,0.0,0.0,100.0,0.0
20121123000000,0.0,0.0,0.0,0.0,0.0,0.0,100.0,0.0
20121123000100,0.0,0.0,0.0,0.0,0.0,0.0,99.9,0.0
20121123000200,0.0,0.0,0.0,0.0,0.0,0.0,100.0,0.0
20121123000300,0.0,0.0,0.0,0.0,0.0,0.0,100.0,0.0
20121123000400,0.0,0.0,0.0,0.0,0.0,0.0,100.0,0.0
20121123000500,0.0,0.0,0.0,0.0,0.0,0.0,100.0,0.0
20121123000600,0.0,0.0,0.0,0.0,0.0,0.0,100.0,0.0
20121123000700,0.0,0.0,0.1,0.9,0.0,0.0,98.8,0.2
20121123000800,0.0,0.0,0.0,0.0,0.0,0.0,100.0,0.0
20121123000900,0.0,0.0,0.0,0.0,0.0,0.0,100.0,0.0
20121123001000,0.0,0.0,0.0,0.0,0.0,0.0,99.9,0.0
20121123001100,0.0,0.0,0.0,0.0,0.0,0.0,100.0,0.0
20121123001200,0.0,0.0,0.0,0.0,0.0,0.0,99.9,0.1
20121123001300,0.0,0.0,0.0,0.0,0.0,0.0,100.0,0.0
20121123001400,0.0,0.0,0.0,0.0,0.0,0.0,99.9,0.1
20121123001500,0.0,0.0,0.0,0.0,0.0,0.0,100.0,0.0
20121123001600,0.0,0.0,0.0,0.0,0.0,0.0,100.0,0.0
20121123001700,0.0,0.0,0.0,0.0,0.0,0.0,100.0,0.0
20121123001800,0.0,0.0,0.0,0.0,0.0,0.0,100.0,0.0
20121123001900,0.0,0.0,0.0,0.0,0.0,0.0,100.0,0.0
20121123002000,0.0,0.0,0.0,0.0,0.0,0.0,100.0,0.0
20121123002100,0.0,0.0,0.0,0.0,0.0,0.0,100.0,0.0
20121123002200,0.0,0.0,0.0,0.0,0.0,0.0,100.0,0.0
20121123002300,0.0,0.0,0.0,0.0,0.0,0.0,100.0,0.0
20121123002400,0.0,0.0,0.0,0.0,0.0,0.0,100.0,0.0
20121123002500,0.0,0.0,0.0,0.0,0.0,0.0,100.0,0.0
20121123002600,0.0,0.0,0.0,0.0,0.0,0.0,100.0,0.0
20121123002700,0.0,0.0,0.0,0.0,0.0,0.0,100.0,0.0
20121123002800,0.0,0.0,0.0,0.0,0.0,0.0,99.9,0.0
20121123002900,0.0,0.0,0.0,0.0,0.0,0.0,100.0,0.0
20121123003000,0.0,0.0,0.0,0.0,0.0,0.0,100.0,0.0
20121123003100,0.0,0.0,0.0,0.0,0.0,0.0,100.0,0.0
20121123003200,0.0,0.0,0.0,0.3,0.0,0.1,99.6,0.0
20121123003300,0.0,0.0,0.0,0.0,0.0,0.3,99.7,0.0
20121123003400,0.0,0.0,0.0,0.0,0.0,0.0,99.9,0.0
20121123003500,0.0,0.0,0.0,0.0,0.0,0.0,100.0,0.0
20121123003600,0.0,0.0,0.0,0.0,0.0,0.0,100.0,0.0
20121123003700,0.0,0.0,0.0,0.0,0.0,0.0,100.0,0.0
20121123003800,0.0,0.0,0.0,0.3,0.0,0.0,99.7,0.0
20121123003900,0.0,0.0,0.0,0.0,0.0,0.0,100.0,0.0
20121123004000,0.0,0.0,0.0,0.0,0.0,0.0,100.0,0.0
20121123004100,0.0,0.0,0.0,0.0,0.0,0.0,100.0,0.0
20121123004200,0.0,0.0,0.0,0.0,0.0,0.0,100.0,0.0
20121123004300,0.0,0.0,0.0,0.0,0.0,0.0,99.9,0.0
20121123004400,0.0,0.0,0.0,0.0,0.0,0.0,100.0,0.0
20121123004500,0.0,0.0,0.0,0.0,0.0,0.1,99.9,0.0
20121123004600,0.0,0.0,0.0,0.0,0.0,4.5,95.4,0.0
20121123004700,0.0,0.0,0.0,0.0,0.0,0.2,99.7,0.0
20121123004800,0.0,0.0,0.0,0.0,0.0,0.2,99.7,0.0
20121123004900,0.0,0.0,0.0,0.3,0.0,0.3,99.4,0.0
20121123005000,0.0,0.0,0.0,0.1,0.0,0.2,99.6,0.0
20121123005100,0.0,0.0,0.0,0.1,0.0,0.1,99.5,0.4
20121123005200,0.0,0.0,0.0,0.1,0.0,0.0,99.9,0.0
20121123005300,0.0,0.0,0.0,0.4,0.0,0.7,98.8,0.0
20121123005400,0.0,0.0,0.0,0.4,0.0,0.3,99.2,0.0
20121123005500,0.0,0.0,0.0,0.0,0.0,0.0,99.9,0.0
20121123005600,0.0,0.0,0.0,0.5,0.0,0.1,99.4,0.0
20121123005700,0.0,0.0,0.0,0.0,0.0,0.1,99.9,0.0
20121123005800,0.0,0.0,0.0,0.1,0.0,0.0,99.9,0.0
20121123005900,0.0,0.0,0.0,0.1,0.0,0.1,99.8,0.0
20121123010000,0.0,0.0,0.0,0.0,0.0,0.2,99.8,0.0
20121123010100,0.0,0.0,0.0,0.1,0.0,0.5,99.4,0.0
20121123010200,0.0,0.0,0.0,0.0,0.0,0.1,99.9,0.0
20121123010300,0.0,0.0,0.0,0.0,0.0,0.0,100.0,0.0
20121123010400,0.0,0.0,0.0,0.0,0.0,1.8,98.1,0.1
20121123010500,0.0,0.0,0.0,0.4,0.0,3.9,95.6,0.1
20121123010600,0.0,0.0,0.0,0.3,0.0,2.9,96.8,0.0
20121123010700,0.0,0.0,0.0,0.0,0.0,0.2,99.8,0.0
20121123010800,0.0,0.0,0.0,0.1,0.0,0.4,99.5,0.0
20121123010900,0.0,0.0,0.0,0.1,0.0,0.5,99.4,0.0
20121123011000,0.0,0.0,0.0,0.0,0.0,0.2,99.7,0.0
20121123011100,0.0,0.0,0.0,0.0,0.0,0.1,99.9,0.0
20121123011200,0.0,0.0,0.0,0.0,0.0,0.0,100.0,0.0
20121123011300,0.0,0.0,0.0,0.0,0.0,0.2,99.7,0.0
20121123011400,0.0,0.0,0.0,0.5,0.0,0.1,99.4,0.0
20121123011500,0.0,0.0,0.0,0.1,0.0,0.0,99.9,0.0
20121123011600,0.0,0.0,0.0,0.0,0.0,0.0,100.0,0.0
20121123011700,0.0,0.0,0.0,0.0,0.0,0.0,99.9,0.0
20121123011800,0.0,0.0,0.0,0.0,0.0,0.0,100.0,0.0
20121123011900,0.0,0.0,0.0,0.0,0.0,0.0,100.0,0.0
20121123012000,0.0,0.0,0.0,0.0,0.0,0.0,100.0,0.0
20121123012100,0.0,0.0,0.0,0.0,0.0,0.0,100.0,0.0
20121123012200,0.0,0.0,0.0,0.0,0.0,0.0,100.0,0.0
20121123012300,0.0,0.0,0.0,0.0,0.0,0.0,100.0,0.0
20121123012400,0.0,0.0,0.0,0.0,0.0,0.0,100.0,0.0
20121123012500,0.0,0.0,0.0,0.0,0.0,0.0,100.0,0.0
20121123012600,0.0,0.0,0.0,0.0,0.0,0.0,100.0,0.0
20121123012700,0.0,0.0,0.0,0.0,0.0,0.0,100.0,0.0
20121123012800,0.0,0.0,0.0,0.0,0.0,0.0,100.0,0.0
20121123012900,0.0,0.0,0.0,0.0,0.0,0.0,100.0,0.0
20121123013000,0.0,0.0,0.0,0.0,0.0,0.0,100.0,0.0
20121123013100,0.0,0.0,0.0,0.0,0.0,0.0,100.0,0.0
20121123013200,0.0,0.0,0.0,0.0,0.0,0.0,100.0,0.0
20121123013300,0.0,0.0,0.0,0.0,0.0,2.2,97.8,0.0
20121123013400,0.0,0.0,0.0,0.0,0.0,0.0,100.0,0.0
20121123013500,0.0,0.0,0.0,0.0,0.0,1.6,98.4,0.0
20121123013600,0.0,0.0,0.0,0.0,0.0,0.0,100.0,0.0
20121123013700,0.0,0.0,0.0,0.0,0.0,1.8,98.2,0.0
20121123013800,0.0,0.0,0.0,0.0,0.0,1.7,98.2,0.0
20121123013900,0.0,0.0,0.0,0.0,0.0,6.6,93.3,0.0
20121123014000,0.0,0.0,0.0,0.0,0.0,1.4,98.6,0.0
20121123014100,0.0,0.0,0.0,0.0,0.0,4.7,95.3,0.0
20121123014200,0.0,0.0,0.0,0.0,0.0,68.1,31.9,0.0
20121123014300,0.0,0.0,0.0,0.0,0.0,27.3,72.7,0.0
20121123014400,0.0,0.0,0.0,0.1,0.0,15.7,84.2,0.0
20121123014500,0.0,0.0,0.0,0.0,0.0,9.0,91.0,0.0
20121123014600,0.0,0.0,0.0,0.0,0.0,67.5,32.5,0.0
20121123014700,0.0,0.0,0.0,0.0,0.0,5.9,94.1,0.0
20121123014800,0.0,0.0,0.0,0.0,0.0,28.4,71.5,0.0
20121123014900,0.0,0.0,0.0,0.0,0.0,80.4,19.6,0.0
20121123015000,0.0,0.0,0.0,0.0,0.0,18.8,81.2,0.0
20121123015100,0.0,0.0,0.0,0.1,0.0,13.6,86.2,0.0
20121123015200,0.0,0.0,0.0,0.0,0.0,84.5,15.5,0.0
20121123015300,0.0,0.0,0.0,0.1,0.0,51.3,48.6,0.0
20121123015400,0.0,0.0,0.0,0.0,0.0,98.6,1.4,0.0
20121123015500,2.7,0.0,0.3,3.3,0.0,82.0,11.6,0.1
20121123015600,0.2,0.0,0.0,0.2,0.0,91.8,7.8,0.0
20121123015700,0.0,0.0,0.0,0.1,0.0,94.8,5.0,0.0
20121123015800,0.0,0.0,0.0,0.0,0.0,2.2,97.7,0.0
20121123015900,0.0,0.0,0.0,1.8,0.0,59.1,39.1,0.0
20121123020000,0.0,0.0,0.6,0.1,0.0,53.2,46.0,0.1
20121123020100,0.0,0.0,0.0,0.1,0.0,0.4,99.5,0.0
20121123020200,0.0,0.0,0.0,0.1,0.0,2.9,96.9,0.0
20121123020300,0.0,0.0,0.0,0.3,0.0,0.4,99.3,0.0
20121123020400,0.0,0.0,0.1,1.8,0.0,7.8,90.2,0.2
20121123020500,0.0,0.0,0.0,0.2,0.0,11.0,88.7,0.0
20121123020600,0.0,0.0,0.2,4.6,0.0,0.5,94.7,0.0
20121123020700,0.0,0.0,0.0,0.6,0.0,0.4,98.9,0.0
20121123020800,0.0,0.0,0.0,1.3,0.0,4.0,94.7,0.0
20121123020900,0.0,0.0,0.0,0.4,0.0,0.0,99.6,0.0
20121123021000,0.1,0.0,0.2,1.3,0.0,0.2,98.2,0.1
20121123021100,0.0,0.0,0.2,0.5,0.0,0.2,99.1,0.0
20121123021200,0.0,0.0,0.1,0.1,0.0,0.0,99.8,0.0
20121123021300,0.0,0.0,0.0,0.1,0.0,0.5,99.4,0.0
20121123021400,0.0,0.0,0.0,0.4,0.0,0.4,99.2,0.0
20121123021500,0.0,0.0,0.0,0.5,0.0,0.7,98.8,0.0
20121123021600,0.0,0.0,0.1,0.6,0.0,0.2,99.1,0.0
20121123021700,0.0,0.0,0.0,0.0,0.0,14.2,85.7,0.0
20121123021800,0.0,0.0,0.0,0.0,0.0,41.6,58.4,0.0
20121123021900,0.0,0.0,0.0,0.0,0.0,19.4,80.6,0.0
20121123022000,0.0,0.0,0.0,0.0,0.0,0.4,99.6,0.0
20121123022100,0.0,0.0,0.0,0.5,0.0,60.0,39.4,0.0
20121123022200,0.0,0.0,0.0,0.2,0.0,63.5,36.3,0.0
20121123022300,0.0,0.0,0.2,0.1,0.0,71.8,27.9,0.0
20121123022400,0.0,0.0,0.3,0.3,0.0,83.9,15.5,0.0
20121123022500,0.0,0.0,0.0,1.1,0.0,37.5,61.1,0.2
20121123022600,0.0,0.0,0.0,0.5,0.0,11.6,87.6,0.2
20121123022700,0.0,0.0,0.3,0.2,0.0,1.6,97.7,0.1
20121123022800,0.0,0.0,0.2,0.2,0.0,4.6,94.9,0.0
20121123022900,0.0,0.0,0.1,0.0,0.0,98.2,1.7,0.0
20121123023001,0.0,0.0,0.0,0.0,0.0,95.8,4.2,0.0
20121123023100,0.0,0.0,0.0,0.0,0.0,97.4,2.6,0.0
20121123023201,0.0,0.0,0.0,0.0,0.0,96.3,3.7,0.0
20121123023300,0.0,0.0,0.0,0.0,0.0,73.1,26.9,0.0
20121123023400,0.0,0.0,0.0,0.0,0.0,99.1,0.9,0.0
20121123023500,0.0,0.0,0.0,0.0,0.0,99.7,0.3,0.0
20121123023600,0.0,0.0,0.0,0.0,0.0,95.5,4.5,0.0
20121123023700,0.0,0.0,0.0,0.0,0.0,97.8,2.2,0.0
20121123023800,0.0,0.0,0.0,0.0,0.0,92.2,7.7,0.0
20121123023900,0.0,0.0,0.0,0.0,0.0,87.2,12.7,0.0
20121123024000,0.0,0.0,0.0,0.0,0.0,98.6,1.4,0.0
20121123024100,0.0,0.0,0.0,0.0,0.0,99.3,0.7,0.0
20121123024201,0.0,0.0,0.0,0.0,0.0,96.5,3.5,0.0
20121123024300,0.0,0.0,0.0,0.0,0.0,99.7,0.3,0.0
20121123024401,0.0,0.0,0.0,0.0,0.0,99.9,0.1,0.0
20121123024500,0.0,0.0,0.0,0.0,0.0,99.8,0.2,0.0
20121123024601,0.0,0.0,0.0,0.0,0.0,99.5,0.5,0.0
20121123024701,0.0,0.0,0.0,0.0,0.0,98.6,1.3,0.0
20121123024801,0.0,0.0,0.0,0.0,0.0,99.1,0.9,0.0
20121123024900,0.0,0.0,0.0,0.0,0.0,99.3,0.7,0.0
20121123025000,0.0,0.0,0.0,0.0,0.0,99.9,0.1,0.0
20121123025100,0.0,0.0,0.0,0.0,0.0,99.6,0.4,0.0
20121123025200,0.0,0.0,0.0,0.0,0.0,99.9,0.1,0.0
20121123025300,0.0,0.0,0.0,0.0,0.0,100.0,0.0,0.0
20121123025400,0.0,0.0,0.0,0.0,0.0,99.9,0.1,0.0
20121123025500,0.0,0.0,0.0,0.0,0.0,100.0,0.0,0.0
20121123025600,0.0,0.0,0.0,0.0,0.0,99.9,0.1,0.0
20121123025701,0.0,0.0,0.0,0.0,0.0,99.9,0.1,0.0
20121123025801,0.0,0.0,0.0,0.0,0.0,99.9,0.1,0.0
20121123025900,0.0,0.0,0.0,0.0,0.0,100.0,0.0,0.0
20121123030000,0.0,0.0,0.0,0.0,0.0,99.9,0.1,0.0
20121123030101,0.0,0.0,0.0,0.0,0.0,99.9,0.1,0.0
20121123030200,0.0,0.0,0.0,0.0,0.0,100.0,0.0,0.0
20121123030301,0.0,0.0,0.0,0.0,0.0,99.9,0.1,0.0
20121123030400,0.0,0.0,0.0,0.0,0.0,99.9,0.1,0.0
20121123030500,0.0,0.0,0.0,0.0,0.0,100.0,0.0,0.0
20121123030600,0.0,0.0,0.0,0.0,0.0,100.0,0.0,0.0
20121123030701,0.0,0.0,0.0,0.0,0.0,99.9,0.0,0.0
20121123030800,0.0,0.0,0.0,0.0,0.0,100.0,0.0,0.0
20121123030900,0.0,0.0,0.0,0.0,0.0,99.8,0.2,0.0
20121123031000,0.0,0.0,0.0,0.0,0.0,100.0,0.0,0.0
20121123031100,0.0,0.0,0.0,0.0,0.0,99.9,0.1,0.0
20121123031200,0.0,0.0,0.0,0.0,0.0,99.7,0.3,0.0
20121123031300,0.0,0.0,0.0,0.0,0.0,99.9,0.1,0.0
20121123031400,0.0,0.0,0.0,0.0,0.0,99.9,0.1,0.0
20121123031500,0.0,0.0,0.0,0.0,0.0,98.1,1.9,0.0
20121123031600,0.0,0.0,0.0,0.0,0.0,99.8,0.2,0.0
20121123031701,0.0,0.0,0.0,0.0,0.0,99.8,0.2,0.0
20121123031801,0.0,0.0,0.0,0.0,0.0,99.9,0.1,0.0
20121123031900,0.0,0.0,0.0,0.0,0.0,99.9,0.1,0.0
20121123032000,0.0,0.0,0.0,0.0,0.0,99.8,0.2,0.0
20121123032100,0.0,0.0,0.0,0.0,0.0,99.9,0.1,0.0
20121123032200,0.0,0.0,0.0,0.0,0.0,99.9,0.1,0.0
20121123032300,0.0,0.0,0.0,0.0,0.0,100.0,0.0,0.0
20121123032401,0.0,0.0,0.0,0.0,0.0,100.0,0.0,0.0
20121123032500,0.0,0.0,0.0,0.0,0.0,99.9,0.1,0.0
20121123032600,0.0,0.0,0.0,0.0,0.0,100.0,0.0,0.0
20121123032701,0.0,0.0,0.0,0.0,0.0,99.9,0.1,0.0
20121123032800,0.0,0.0,0.0,0.0,0.0,100.0,0.0,0.0
20121123032901,0.0,0.0,0.0,0.0,0.0,99.4,0.6,0.0
20121123033000,0.0,0.0,0.0,0.0,0.0,99.7,0.3,0.0
20121123033100,0.0,0.0,0.0,0.0,0.0,99.9,0.1,0.0
20121123033201,0.0,0.0,0.0,0.0,0.0,100.0,0.0,0.0
20121123033301,0.0,0.0,0.0,0.0,0.0,99.6,0.4,0.0
20121123033400,0.0,0.0,0.0,0.0,0.0,100.0,0.0,0.0
20121123033500,0.0,0.0,0.0,0.0,0.0,99.9,0.1,0.0
20121123033600,0.0,0.0,0.0,0.0,0.0,100.0,0.0,0.0
20121123033701,0.0,0.0,0.0,0.0,0.0,99.8,0.2,0.0
20121123033800,0.0,0.0,0.0,0.0,0.0,100.0,0.0,0.0
20121123033901,0.0,0.0,0.0,0.0,0.0,100.0,0.0,0.0
20121123034000,0.0,0.0,0.0,0.0,0.0,99.9,0.1,0.0
20121123034100,0.0,0.0,0.0,0.0,0.0,100.0,0.0,0.0
20121123034200,0.0,0.0,0.0,0.0,0.0,100.0,0.0,0.0
20121123034301,0.0,0.0,0.0,0.0,0.0,99.6,0.4,0.0
20121123034400,0.0,0.0,0.0,0.0,0.0,100.0,0.0,0.0
20121123034500,0.0,0.0,0.0,0.0,0.0,100.0,0.0,0.0
20121123034600,0.0,0.0,0.0,0.0,0.0,99.9,0.1,0.0
20121123034700,0.0,0.0,0.0,0.0,0.0,100.0,0.0,0.0
20121123034801,0.0,0.0,0.0,0.0,0.0,100.0,0.0,0.0
20121123034900,0.0,0.0,0.0,0.0,0.0,100.0,0.0,0.0
20121123035000,0.0,0.0,0.0,0.0,0.0,100.0,0.0,0.0
20121123035100,0.0,0.0,0.0,0.0,0.0,99.9,0.1,0.0
20121123035200,0.0,0.0,0.0,0.0,0.0,100.0,0.0,0.0
20121123035301,0.0,0.0,0.0,0.0,0.0,99.9,0.1,0.0
20121123035401,0.0,0.0,0.0,0.0,0.0,100.0,0.0,0.0
20121123035500,0.0,0.0,0.0,0.0,0.0,99.9,0.1,0.0
20121123035600,0.0,0.0,0.0,0.0,0.0,99.1,0.9,0.0
20121123035700,0.0,0.0,0.0,0.0,0.0,99.7,0.3,0.0
20121123035801,0.0,0.0,0.0,0.0,0.0,99.9,0.1,0.0
20121123035900,0.0,0.0,0.0,0.0,0.0,100.0,0.0,0.0
20121123040000,0.0,0.0,0.0,0.0,0.0,99.9,0.1,0.0
20121123040100,0.0,0.0,0.0,0.0,0.0,99.9,0.1,0.0
20121123040200,0.0,0.0,0.0,0.0,0.0,99.9,0.1,0.0
20121123040301,0.0,0.0,0.0,0.0,0.0,100.0,0.0,0.0
20121123040400,0.0,0.0,0.0,0.0,0.0,99.9,0.1,0.0
20121123040500,0.0,0.0,0.0,0.0,0.0,99.7,0.3,0.0
