UT,arc,discrete,diffuse,ac,ab,clear,cloudy,dd
20121004033600,0.0,0.0,0.0,0.0,0.0,0.0,0.0,100.0
20121004033700,0.0,0.0,0.0,0.0,0.0,0.0,0.0,100.0
20121004033800,0.0,0.0,0.0,0.0,0.0,0.0,0.0,100.0
20121004033900,0.0,0.0,0.0,0.0,0.0,0.0,0.0,100.0
20121004034000,0.0,0.0,0.0,0.0,0.0,0.0,0.0,100.0
20121004041000,0.0,0.0,0.0,0.0,0.0,0.0,0.6,99.4
20121004041100,0.0,0.0,0.0,0.0,0.0,0.0,1.9,98.1
20121004041200,0.0,0.0,0.0,0.0,0.0,0.0,1.7,98.3
20121004041300,0.0,0.0,0.0,0.0,0.0,0.0,1.2,98.8
20121004041400,0.0,0.0,0.0,0.0,0.0,0.0,0.1,99.9
20121004041500,0.0,0.0,0.0,0.0,0.0,0.0,0.2,99.8
20121004041600,0.0,0.0,0.0,0.0,0.0,0.0,0.6,99.4
20121004041700,0.0,0.0,0.0,0.0,0.0,0.0,0.8,99.2
20121004041800,0.0,0.0,0.0,0.0,0.0,0.0,0.2,99.8
20121004041900,0.0,0.0,0.0,0.0,0.0,0.0,0.2,99.8
20121004050500,1.2,0.1,0.4,4.3,0.8,7.2,44.8,41.3
20121004050600,1.2,0.1,0.4,4.3,0.8,7.2,44.8,41.3
20121004050700,1.2,0.1,0.4,4.3,0.8,7.2,44.8,41.3
20121004050800,1.2,0.1,0.4,4.3,0.8,7.2,44.8,41.3
20121004050900,1.2,0.1,0.4,4.3,0.8,7.2,44.8,41.3
20121004051000,1.2,0.1,0.4,4.3,0.8,7.2,44.8,41.3
20121004051100,1.2,0.1,0.4,4.3,0.8,7.2,44.8,41.3
20121004051200,1.2,0.1,0.4,4.3,0.8,7.2,44.8,41.3
20121004051300,1.2,0.1,0.4,4.3,0.8,7.2,44.8,41.3
20121004051400,1.2,0.1,0.4,4.3,0.8,7.2,44.8,41.3
20121004173800,0.0,0.0,0.0,0.0,0.0,0.0,0.0,100.0
20121004173900,0.0,0.0,0.0,0.0,0.0,0.0,0.0,100.0
20121004174000,0.0,0.0,0.0,0.0,0.0,0.0,0.0,100.0
20121004174100,0.0,0.0,0.0,0.0,0.0,0.0,0.0,100.0
20121004174200,0.0,0.0,0.0,0.0,0.0,0.0,0.0,100.0
20121004174300,0.0,0.0,0.0,0.0,0.0,0.0,0.0,100.0
20121004174400,0.0,0.0,0.0,0.0,0.0,0.0,0.0,100.0
20121004174500,0.0,0.0,0.0,0.0,0.0,0.0,0.0,100.0
20121004174600,0.0,0.0,0.0,0.0,0.0,0.0,0.0,100.0
20121004174700,0.0,0.0,0.0,0.0,0.0,0.0,0.0,100.0
20121004174800,0.0,0.0,0.0,0.2,0.0,0.0,0.0,99.8
20121004174900,0.0,0.0,0.0,0.0,0.0,0.0,0.0,100.0
20121004175000,0.0,0.0,0.0,0.0,0.0,0.0,0.0,100.0
20121004175100,0.0,0.0,0.0,0.0,0.0,0.0,0.0,100.0
20121004175200,0.0,0.0,0.0,0.0,0.0,0.0,0.0,100.0
20121004175300,0.0,0.0,0.0,0.0,0.0,0.0,0.0,100.0
20121004175400,0.0,0.0,0.0,0.0,0.0,0.0,0.0,100.0
20121004175500,0.0,0.0,0.0,0.0,0.0,0.0,0.0,100.0
20121004175600,0.0,0.0,0.0,3.5,0.0,0.0,0.0,96.5
20121004175700,0.0,0.0,0.0,4.3,0.0,0.0,0.0,95.7
20121004175800,0.0,0.0,0.0,15.7,0.0,0.0,0.7,83.6
20121004175900,0.0,0.0,0.0,4.9,0.0,0.0,2.0,93.1
20121004180000,0.0,0.0,0.0,4.1,0.0,0.0,8.7,87.2
20121004180100,0.0,0.0,0.0,5.4,0.0,0.0,2.5,92.1
20121004180200,0.0,0.0,0.0,5.7,0.0,0.0,0.2,94.2
20121004180300,0.0,0.0,0.0,0.3,0.0,0.0,2.3,97.4
20121004180400,0.0,0.0,0.0,0.4,0.0,0.0,19.1,80.5
20121004180500,0.0,0.0,0.0,0.2,0.0,0.0,5.8,94.0
20121004180600,0.0,0.0,0.0,0.0,0.0,0.0,0.9,99.1
20121004180700,0.0,0.0,0.0,0.1,0.0,0.0,2.8,97.1
20121004180800,0.0,0.0,0.0,1.0,0.1,0.0,17.1,81.8
20121004180900,0.0,0.0,0.0,0.8,0.0,0.0,0.7,98.5
20121004181000,0.0,0.0,0.0,3.5,0.0,0.0,4.5,92.0
20121004181100,0.0,0.0,0.0,4.4,0.0,0.0,1.6,94.0
20121004181200,0.0,0.0,0.0,9.6,0.0,0.0,1.8,88.6
20121004181300,0.0,0.0,0.0,10.1,0.0,0.0,1.2,88.7
20121004181400,0.0,0.0,0.0,18.0,0.0,0.0,3.3,78.7
20121004181500,0.0,0.0,0.0,1.4,0.0,0.0,0.1,98.5
20121004181600,0.0,0.0,0.0,0.1,0.0,0.0,0.2,99.6
20121004181700,0.0,0.0,0.0,1.5,0.0,0.0,0.3,98.1
20121004181800,0.0,0.0,0.0,9.1,0.0,0.0,0.2,90.7
20121004181900,0.0,0.0,0.0,1.3,0.2,0.0,0.1,98.4
20121004182000,0.0,0.0,0.0,1.4,0.0,0.0,0.5,98.0
20121004182100,0.0,0.0,0.0,0.1,0.3,0.0,0.1,99.5
20121004182200,0.0,0.0,0.0,0.0,0.0,0.0,0.4,99.6
20121004182300,0.0,0.0,0.0,0.0,0.0,0.0,1.0,99.0
20121004182400,0.0,0.0,0.0,0.0,0.1,0.0,0.7,99.2
20121004182500,0.0,0.0,0.0,0.0,0.1,0.0,0.2,99.7
20121004182600,0.0,0.0,0.0,0.0,0.1,0.0,0.2,99.7
20121004182700,0.0,0.0,0.0,0.0,0.1,0.0,0.1,99.8
20121004182800,0.0,0.0,0.0,0.0,0.0,0.0,0.0,100.0
20121004182900,0.0,0.0,0.0,0.0,0.0,0.0,0.0,99.9
20121004183000,0.0,0.0,0.0,0.0,0.0,0.0,0.0,100.0
20121004183100,0.0,0.0,0.0,0.0,0.0,0.0,0.0,100.0
20121004183200,0.0,0.0,0.0,0.0,0.1,0.0,0.0,99.9
20121004183300,0.0,0.0,0.0,0.0,0.0,0.0,0.0,100.0
20121004183400,0.0,0.0,0.0,0.0,0.0,0.0,0.0,100.0
20121004183500,0.0,0.0,0.0,0.0,0.0,0.0,0.2,99.8
20121004183600,0.0,0.0,0.0,0.0,0.1,0.0,0.5,99.4
20121004183700,0.0,0.0,0.0,0.0,0.0,0.0,0.0,100.0
20121004183800,0.0,0.0,0.0,0.0,0.1,0.0,0.6,99.3
20121004183900,0.0,0.0,0.0,0.0,0.0,0.0,0.2,99.8
20121004184000,0.0,0.0,0.0,0.0,0.0,0.0,0.0,100.0
20121004184100,0.0,0.0,0.0,0.1,0.2,0.0,0.8,98.9
20121004184200,0.0,0.0,0.0,0.1,0.0,0.0,0.3,99.6
20121004184300,0.0,0.1,0.0,0.4,0.3,0.0,1.5,97.8
20121004184400,0.0,0.1,0.0,1.2,0.4,0.0,3.7,94.6
20121004184500,0.0,0.1,0.0,1.1,1.7,0.0,10.2,86.8
20121004184600,0.0,0.1,0.0,0.4,0.2,0.0,17.6,81.6
20121004184700,0.0,0.2,0.0,2.5,0.2,0.0,37.2,59.8
20121004184800,0.0,3.4,0.4,6.6,5.0,0.0,67.9,16.8
20121004184900,0.0,9.1,4.1,40.7,1.8,0.0,24.6,19.8
20121004185000,0.0,1.0,0.3,50.8,1.0,0.0,21.2,25.7
20121004185100,0.0,0.6,0.0,61.4,0.2,0.0,33.6,4.0
20121004185200,0.0,4.2,5.3,56.0,7.5,0.0,26.3,0.6
20121004185300,0.0,0.2,0.4,80.1,0.8,0.0,15.9,2.5
20121004185400,0.0,0.1,0.6,67.6,0.3,0.0,30.4,1.0
20121004185500,0.0,1.1,1.2,55.1,1.9,0.0,34.0,6.8
20121004185600,0.0,0.1,0.2,96.7,0.1,0.0,2.2,0.7
20121004185700,0.0,0.2,0.8,80.4,0.3,0.0,11.0,7.3
20121004185800,0.0,0.7,1.4,42.2,0.0,0.0,13.7,42.0
20121004185900,0.0,0.0,0.0,0.0,0.0,0.0,0.1,99.9
20121004190000,0.0,0.0,0.0,0.2,0.0,0.0,4.4,95.3
20121004190100,0.0,0.1,0.1,0.1,0.1,0.0,21.2,78.4
20121004190200,0.0,0.0,0.0,0.0,0.0,0.0,3.9,96.1
20121004190300,0.0,0.0,0.1,0.1,0.0,0.0,85.1,14.8
20121004190400,0.0,0.0,0.0,0.0,0.0,0.0,60.8,39.2
20121004190500,0.0,0.0,0.0,0.0,0.0,0.0,97.1,2.9
20121004190600,0.0,0.0,0.0,0.0,0.0,0.0,98.9,1.1
20121004190700,0.0,0.0,0.0,0.1,0.0,0.0,64.4,35.5
20121004190800,0.0,0.0,0.0,0.0,0.0,0.0,85.1,14.8
20121004190900,0.0,0.0,0.0,0.1,0.0,0.0,58.4,41.5
20121004191000,0.0,0.0,0.0,0.3,0.0,0.0,88.5,11.1
20121004191100,0.0,0.1,0.0,2.3,0.0,0.0,29.7,67.9
20121004191200,0.0,0.0,0.0,22.9,0.2,0.0,37.5,39.4
20121004191300,0.0,0.2,0.0,25.4,0.1,0.0,69.2,5.1
20121004191400,0.0,0.0,0.0,2.7,0.0,0.0,87.1,10.2
20121004191500,0.0,0.0,0.0,1.6,0.0,0.0,98.0,0.3
20121004191600,0.0,0.0,0.0,1.5,0.0,0.0,98.5,0.0
20121004191700,0.0,0.0,0.0,0.4,0.0,0.0,99.5,0.0
20121004191800,0.0,0.0,0.0,1.1,0.0,0.0,97.9,0.9
20121004191900,0.0,0.0,0.0,0.4,0.0,0.0,99.2,0.3
20121004192000,0.0,0.0,0.0,1.9,0.0,0.0,96.7,1.4
20121004192100,0.0,0.0,0.1,7.0,0.0,0.0,87.5,5.4
20121004192200,0.0,0.0,0.3,10.3,0.3,0.0,70.3,18.8
20121004192300,0.0,0.0,0.2,7.7,0.2,0.0,85.8,6.0
20121004192400,0.0,0.0,0.0,4.1,1.0,0.0,27.2,67.6
20121004192500,0.0,0.0,0.0,2.1,0.2,0.0,87.4,10.2
20121004192600,0.0,0.0,0.0,0.2,0.0,0.0,99.1,0.7
20121004192700,0.0,0.1,0.0,0.4,0.0,0.0,96.8,2.8
20121004192800,0.0,0.1,0.0,1.2,0.0,0.0,83.3,15.4
20121004192900,0.0,0.0,0.0,0.1,0.0,0.0,95.9,4.0
20121004193000,0.0,0.0,0.0,0.1,0.0,0.0,99.0,0.9
20121004193100,0.0,0.0,0.0,0.2,0.0,0.0,99.0,0.8
20121004193200,0.0,0.3,0.0,1.4,0.0,0.0,95.9,2.4
20121004193300,0.0,0.2,0.0,26.8,0.1,0.0,69.3,3.7
20121004193400,0.0,0.0,0.0,2.0,0.1,0.0,85.4,12.4
20121004193500,0.0,0.2,0.0,15.5,0.5,0.0,49.1,34.8
20121004193600,0.0,0.6,0.0,6.4,0.0,0.0,88.4,4.5
20121004193700,0.0,1.0,0.0,19.1,0.1,0.0,72.2,7.6
20121004193800,0.0,1.2,0.0,73.7,0.0,0.0,24.8,0.3
20121004193900,0.0,0.7,0.0,32.9,0.0,0.0,66.3,0.1
20121004194000,0.0,0.7,0.0,17.0,0.4,0.0,80.2,1.6
20121004194100,0.0,0.3,0.0,4.5,0.0,0.0,25.4,69.8
20121004194200,0.0,0.1,0.0,12.3,0.0,0.0,84.2,3.4
20121004194300,0.0,0.0,0.0,4.1,0.0,0.0,18.3,77.6
20121004194400,0.0,0.0,0.0,0.3,0.0,0.0,69.9,29.7
20121004194500,0.0,0.6,0.0,0.0,0.0,0.0,58.6,40.8
20121004194600,0.0,0.1,0.0,0.0,0.0,0.0,80.8,19.1
20121004194700,0.0,0.0,0.0,0.0,0.0,0.0,97.6,2.4
20121004194800,0.0,0.0,0.0,0.0,0.0,0.0,99.2,0.8
20121004194900,0.0,0.0,0.0,0.0,0.0,0.0,99.9,0.1
20121004195000,0.0,0.0,0.0,0.0,0.0,0.0,97.3,2.6
20121004195100,0.0,0.0,0.0,0.0,0.0,0.0,96.4,3.6
20121004195200,0.0,0.1,0.0,1.8,0.0,0.0,84.1,14.0
20121004195300,0.0,0.0,0.0,0.0,0.0,0.0,99.9,0.0
20121004195400,0.0,0.0,0.0,0.0,0.0,0.0,99.4,0.6
20121004195500,0.0,0.0,0.0,0.0,0.0,0.0,99.9,0.1
20121004195600,0.0,0.0,0.0,0.0,0.0,0.0,99.9,0.0
20121004195700,0.0,0.0,0.0,0.0,0.0,0.0,100.0,0.0
20121004195800,0.0,0.0,0.0,0.1,0.0,0.0,99.7,0.3
20121004195900,0.0,0.4,0.0,0.8,0.0,0.0,96.8,1.9
20121004200000,0.0,0.2,0.0,0.1,0.0,0.0,97.2,2.5
20121004200100,0.0,0.0,0.0,0.1,0.0,0.0,91.4,8.4
20121004200200,0.0,1.1,0.0,0.0,0.1,0.0,49.7,49.0
20121004200300,0.0,17.0,0.0,0.5,0.8,0.0,45.9,35.8
20121004200400,0.0,0.2,0.0,1.6,0.2,0.0,92.2,5.7
20121004200500,0.0,0.1,0.0,0.1,0.0,0.0,75.6,24.1
20121004200600,0.0,0.0,0.0,0.0,0.0,0.0,98.8,1.2
20121004200700,0.0,0.0,0.0,0.0,0.0,0.0,99.7,0.3
20121004200800,0.0,0.0,0.0,0.0,0.0,0.0,95.9,4.1
20121004200900,0.0,0.0,0.0,0.0,0.0,0.0,87.5,12.4
20121004201000,0.0,0.1,0.0,0.0,0.0,0.0,97.3,2.6
20121004201100,0.0,0.0,0.0,0.0,0.0,0.0,99.3,0.7
20121004201200,0.0,0.0,0.0,0.0,0.0,0.0,98.7,1.2
20121004201300,0.0,0.0,0.0,0.0,0.0,0.0,97.6,2.4
20121004201400,0.0,0.0,0.0,0.0,0.0,0.0,99.8,0.2
20121004201500,0.0,0.0,0.0,0.0,0.0,0.0,98.5,1.5
20121004201600,0.0,0.0,0.0,0.0,0.0,0.0,99.4,0.5
20121004201700,0.0,0.1,0.0,0.0,0.0,0.0,99.8,0.1
20121004201800,0.0,0.3,0.0,0.0,0.0,0.0,94.7,5.1
20121004201900,0.0,0.0,0.0,0.0,0.0,0.0,97.4,2.6
20121004202000,0.0,0.0,0.0,0.0,0.0,0.0,99.7,0.3
20121004202100,0.0,0.1,0.0,0.0,0.0,0.0,95.7,4.3
20121004202200,0.0,0.4,0.0,0.0,0.0,0.0,97.8,1.8
20121004202300,0.0,0.3,0.0,0.1,0.0,0.0,95.1,4.4
20121004202400,0.0,2.7,0.0,0.1,0.2,0.0,94.1,2.9
20121004202500,0.0,0.0,0.0,0.0,0.0,0.0,99.9,0.0
20121004202600,0.0,0.0,0.0,0.0,0.0,0.0,99.4,0.6
20121004202700,0.0,0.0,0.0,0.0,0.0,0.0,88.0,12.0
20121004202800,0.0,0.0,0.0,0.0,0.0,0.0,99.1,0.9
20121004202900,0.0,0.0,0.0,0.0,0.0,0.0,98.3,1.6
20121004203000,0.0,0.0,0.0,0.0,0.0,0.0,99.1,0.9
20121004203100,0.0,0.0,0.0,0.1,0.0,0.0,63.2,36.8
20121004203200,0.0,0.0,0.0,0.0,0.0,0.0,66.3,33.7
20121004203300,0.0,0.0,0.0,0.0,0.0,0.0,84.9,15.0
20121004203400,0.0,0.1,0.0,0.1,0.1,0.0,37.9,61.9
20121004203500,0.0,0.0,0.0,0.1,0.0,0.0,77.1,22.8
20121004203600,0.0,0.0,0.0,0.0,0.0,0.0,55.0,44.9
20121004203700,0.0,0.0,0.0,0.1,0.1,0.0,88.4,11.4
20121004203800,0.0,0.0,0.0,0.1,0.2,0.0,95.7,4.1
20121004203900,0.0,0.0,0.0,0.0,0.1,0.0,74.6,25.3
20121004204000,0.0,0.0,0.0,0.0,0.0,0.0,77.3,22.7
20121004204100,0.0,0.0,0.0,0.1,0.0,0.0,93.3,6.5
20121004204200,0.0,0.0,0.0,0.0,0.0,0.0,98.5,1.4
20121004204300,0.0,0.0,0.0,0.3,0.0,0.0,12.5,87.1
20121004204400,0.0,0.0,0.0,0.0,0.0,0.0,99.1,0.9
20121004204500,0.0,0.0,0.0,0.0,0.0,0.0,100.0,0.0
20121004204600,0.0,0.0,0.0,0.0,0.0,0.0,99.9,0.1
20121004204700,0.0,0.0,0.0,0.0,0.0,0.0,99.9,0.1
20121004204800,0.0,0.0,0.0,0.0,0.0,0.0,99.8,0.2
20121004204900,0.0,0.0,0.0,0.0,0.0,0.0,99.9,0.1
20121004205000,0.0,0.0,0.0,0.0,0.0,0.0,99.6,0.4
20121004205100,0.0,0.0,0.0,0.0,0.0,0.0,99.9,0.1
20121004205200,0.0,0.0,0.0,0.0,0.0,0.0,99.8,0.2
20121004205300,0.0,0.0,0.0,0.0,0.0,0.0,99.3,0.7
20121004205400,0.0,0.0,0.0,0.0,0.0,0.0,99.4,0.6
20121004205500,0.0,0.0,0.0,0.0,0.1,0.0,95.2,4.7
20121004205600,0.0,0.0,0.0,0.0,0.0,0.0,99.8,0.2
20121004205700,0.0,0.0,0.0,0.0,0.0,0.0,99.5,0.5
20121004205800,0.0,0.0,0.0,0.0,0.0,0.0,98.8,1.1
20121004205900,0.0,0.0,0.0,0.0,0.0,0.0,95.1,4.9
20121004210000,0.0,0.0,0.0,0.0,0.3,0.0,99.6,0.2
20121004210100,0.0,0.1,0.0,0.0,1.7,0.0,59.2,39.1
20121004210200,0.0,0.0,0.0,0.1,0.8,0.0,58.8,40.2
20121004210300,0.0,0.0,0.0,0.0,1.2,0.0,6.1,92.7
20121004210400,0.0,0.1,0.0,0.0,0.0,0.0,97.0,2.8
20121004210500,0.0,0.0,0.0,0.0,0.0,0.0,99.8,0.2
20121004210600,0.0,0.0,0.0,0.0,0.0,0.0,99.9,0.1
20121004210700,0.0,0.0,0.0,0.0,0.0,0.0,96.6,3.3
20121004210800,0.0,0.0,0.0,0.1,0.0,0.0,89.8,10.0
20121004210900,0.0,0.0,0.0,0.0,0.0,0.0,98.9,1.1
20121004211000,0.0,0.0,0.0,0.0,0.0,0.0,98.8,1.2
20121004211100,0.0,0.0,0.0,0.0,0.0,0.0,94.2,5.8
20121004211200,0.0,0.0,0.0,0.0,0.0,0.0,86.5,13.5
20121004211300,0.0,0.0,0.0,0.0,0.0,0.0,93.6,6.4
20121004211400,0.0,0.0,0.0,0.0,0.0,0.0,99.4,0.6
20121004211500,0.0,0.0,0.0,0.0,0.0,0.0,100.0,0.0
20121004211600,0.0,0.0,0.0,0.0,0.0,0.0,99.0,1.0
20121004211700,0.0,0.0,0.0,0.0,0.0,0.0,99.3,0.7
20121004211800,0.0,0.0,0.0,0.0,0.0,0.0,98.7,1.3
20121004211900,0.0,0.0,0.0,0.0,0.0,0.0,99.8,0.2
20121004212000,0.0,0.0,0.0,0.0,0.0,0.0,98.8,1.1
20121004212100,0.0,0.0,0.0,0.1,0.0,0.0,99.0,0.9
20121004212200,0.0,0.0,0.0,0.0,0.0,0.0,99.9,0.0
20121004212300,0.0,0.0,0.0,0.0,0.0,0.0,99.8,0.2
20121004212400,0.0,0.0,0.0,0.1,0.0,0.0,99.6,0.3
20121004212500,0.0,0.0,0.0,0.5,0.0,0.0,99.0,0.5
20121004212600,0.0,0.0,0.0,0.1,0.0,0.0,99.8,0.1
20121004212700,0.0,0.0,0.0,0.3,0.0,0.0,99.7,0.0
20121004212800,0.0,0.0,0.0,0.8,0.0,0.0,98.9,0.3
20121004212900,0.0,0.0,0.0,1.0,0.0,0.0,98.9,0.0
20121004213000,0.0,0.0,0.0,0.1,0.0,0.0,99.8,0.0
20121004213100,0.0,0.0,0.0,1.0,0.0,0.0,98.9,0.0
20121004213200,0.0,0.0,0.0,5.7,0.0,0.0,94.3,0.0
20121004213300,0.0,0.0,0.0,4.0,0.0,0.0,95.9,0.0
20121004213400,0.0,0.0,0.0,0.5,0.0,0.0,99.4,0.0
20121004213500,0.0,0.0,0.0,0.3,0.0,0.0,99.7,0.0
20121004213600,0.0,0.0,0.0,0.2,0.0,0.0,99.7,0.0
20121004213700,0.0,0.0,0.0,0.3,0.0,0.0,99.7,0.0
20121004213800,0.0,0.0,0.0,0.5,0.0,0.0,99.5,0.0
20121004213900,0.0,0.0,0.0,0.4,0.0,0.0,99.6,0.0
20121004214000,0.0,0.0,0.0,0.7,0.0,0.0,99.3,0.0
20121004214100,0.0,0.0,0.0,5.2,0.1,0.0,94.7,0.0
20121004214200,0.0,0.0,0.0,32.3,0.2,0.0,67.3,0.1
20121004214300,0.0,0.0,0.0,15.0,0.2,0.0,84.6,0.1
20121004214400,0.0,0.0,0.0,1.3,0.0,0.0,98.6,0.0
20121004214500,0.0,0.0,0.0,0.4,0.0,0.0,99.6,0.0
20121004214600,0.0,0.0,0.0,0.9,0.0,0.0,99.0,0.0
20121004214700,0.0,0.0,0.0,1.4,0.0,0.0,98.6,0.0
20121004214800,0.0,0.0,0.0,6.3,0.6,0.0,93.1,0.0
20121004214900,0.0,0.0,0.0,2.3,0.1,0.0,97.6,0.0
20121004215000,0.0,0.0,0.1,16.3,0.6,0.0,83.0,0.1
20121004215100,0.0,0.0,0.0,6.8,0.2,0.0,93.0,0.0
20121004215200,0.0,0.0,0.0,0.6,0.1,0.0,99.2,0.1
20121004215300,0.0,0.0,0.0,0.2,0.1,0.0,99.7,0.0
20121004215400,0.0,0.0,0.0,0.1,0.2,0.0,99.7,0.0
20121004215500,0.0,0.0,0.1,0.8,0.8,0.0,98.3,0.0
20121004215600,0.0,0.0,0.0,0.1,0.9,0.0,98.9,0.0
20121004215700,0.0,0.0,0.2,1.4,0.6,0.0,97.8,0.0
20121004215800,0.0,0.0,0.3,2.0,0.7,0.0,97.0,0.0
20121004215900,0.0,0.0,5.1,11.0,7.0,0.0,76.5,0.4
20121004220000,0.0,0.3,0.5,6.4,1.7,0.0,91.0,0.2
20121004220100,0.0,0.0,1.2,10.4,1.6,0.0,86.6,0.1
20121004220200,0.0,0.1,1.5,22.9,5.3,0.0,70.0,0.2
20121004220300,0.0,0.2,3.7,54.5,19.3,0.0,22.2,0.0
20121004220400,0.0,0.0,0.5,21.9,0.8,0.0,76.8,0.0
20121004220500,0.0,0.0,0.3,29.8,1.8,0.0,68.0,0.1
20121004220600,0.0,0.0,0.1,3.3,3.5,0.0,92.9,0.3
20121004220700,0.0,0.1,0.1,10.1,5.5,0.0,83.7,0.4
20121004220800,0.0,0.0,0.0,0.1,0.2,0.0,94.0,5.7
20121004220900,0.0,0.0,0.1,24.2,32.0,0.0,43.6,0.1
20121004221000,0.0,0.0,0.0,12.4,28.2,0.0,58.7,0.7
20121004221100,0.0,0.0,0.0,40.4,28.4,0.0,29.1,2.0
20121004221200,0.0,0.0,0.2,8.7,3.5,0.0,86.6,1.0
20121004221300,0.0,0.0,0.2,10.3,1.0,0.0,88.0,0.5
20121004221400,0.0,0.1,0.8,14.2,0.7,0.0,83.6,0.6
20121004221500,0.0,0.0,0.3,14.0,0.4,0.0,84.2,1.1
20121004221600,0.0,0.0,0.8,71.4,0.5,0.0,26.4,0.9
20121004221700,0.0,0.0,0.2,52.5,0.3,0.0,39.5,7.4
20121004221800,0.0,0.0,0.0,51.7,3.9,0.0,41.6,2.7
20121004221900,0.0,0.0,0.2,38.5,2.9,0.0,35.2,23.2
20121004222000,0.0,0.0,1.5,2.0,0.2,0.0,74.7,21.6
20121004222100,0.0,0.0,0.4,1.7,0.4,0.0,37.5,60.0
20121004222200,0.0,0.0,0.1,1.1,0.6,0.0,79.6,18.6
20121004222300,0.0,0.0,0.0,0.1,0.1,0.0,54.4,45.5
20121004222400,0.0,0.0,0.0,0.1,0.1,0.0,22.0,77.8
20121004222500,0.0,0.0,0.0,1.0,0.1,0.0,28.8,70.1
20121004222600,0.0,0.0,0.0,0.9,0.0,0.0,32.8,66.2
20121004222700,0.0,0.0,0.0,0.0,0.0,0.0,99.6,0.4
20121004222800,0.0,0.0,0.0,0.0,0.0,0.0,99.6,0.4
20121004222900,0.0,0.0,0.0,0.0,0.0,0.0,99.6,0.3
20121004223000,0.0,0.0,0.0,0.0,0.0,0.0,98.3,1.7
20121004223100,0.0,0.0,0.0,0.0,0.0,0.0,99.6,0.4
20121004223200,0.0,0.0,0.0,0.0,0.0,0.0,86.4,13.6
20121004223300,0.0,0.0,0.0,0.0,0.0,0.0,99.1,0.9
20121004223400,0.0,0.0,0.0,0.0,0.0,0.0,97.4,2.5
20121004223500,0.0,0.0,0.0,0.0,0.0,0.0,97.7,2.2
20121004223600,0.0,0.0,0.0,0.0,0.0,0.0,96.6,3.3
20121004223700,0.0,0.0,0.0,0.0,0.0,0.0,98.3,1.7
20121004223800,0.0,0.0,0.0,0.0,0.0,0.0,84.5,15.5
20121004223900,0.0,0.0,0.0,0.0,0.0,0.0,80.9,19.0
20121004224000,0.0,0.0,0.0,0.2,0.0,0.0,78.3,21.5
20121004224100,0.0,0.0,0.0,0.2,0.0,0.0,83.4,16.3
20121004224200,0.0,0.0,0.0,0.1,0.0,0.0,53.0,46.9
20121004224300,0.0,0.0,0.0,0.1,0.0,0.0,33.7,66.2
20121004224400,0.0,0.5,0.0,0.1,0.0,0.0,9.2,90.1
20121004224500,0.0,0.0,0.0,0.0,0.0,0.0,76.0,23.9
20121004224600,0.0,0.0,0.0,0.0,0.0,0.0,94.5,5.4
20121004224700,0.0,0.0,0.2,0.2,0.0,0.0,62.6,37.0
20121004224800,0.0,0.4,0.8,0.5,0.6,0.0,58.6,39.1
20121004224900,0.0,0.5,1.4,0.9,0.6,0.0,15.7,80.8
20121004225000,0.0,0.0,0.0,0.1,0.0,0.0,27.6,72.3
20121004225100,0.0,0.0,0.0,0.1,0.0,0.0,1.9,98.0
20121004225200,0.0,0.0,0.1,0.6,0.0,0.0,27.6,71.7
20121004225300,0.0,0.0,0.3,0.9,0.0,0.0,73.5,25.2
20121004225400,0.0,0.0,0.9,0.6,0.0,0.0,63.9,34.5
20121004225500,0.0,0.0,5.7,5.3,0.7,0.0,84.9,3.4
20121004225600,0.0,0.0,8.9,10.0,0.9,0.0,79.2,1.0
20121004225700,0.0,0.0,7.8,10.1,0.1,0.0,81.5,0.5
20121004225800,0.0,0.0,0.7,5.8,0.0,0.0,93.2,0.2
20121004225900,0.0,0.0,0.1,1.3,0.0,0.0,98.1,0.4
20121004230000,0.0,0.0,0.0,0.0,0.0,0.0,100.0,0.0
20121004230100,0.0,0.0,0.0,0.0,0.0,0.0,99.9,0.1
20121004230200,0.0,0.0,0.0,0.0,0.0,0.0,100.0,0.0
20121004230300,0.0,0.0,0.0,0.1,0.0,0.0,99.1,0.7
20121004230400,0.0,0.0,0.1,0.6,0.5,0.0,92.6,6.2
20121004230500,0.0,0.0,0.0,0.0,0.0,0.0,98.2,1.7
20121004230600,0.0,0.0,0.0,0.1,0.1,0.0,86.3,13.5
20121004230700,0.0,0.0,0.0,0.0,0.0,0.0,99.4,0.6
20121004230800,0.0,0.0,0.0,0.0,0.0,0.0,98.9,1.1
20121004230900,0.0,0.0,0.0,0.0,0.0,0.0,94.2,5.8
20121004231000,0.0,0.0,0.0,0.0,0.0,0.0,94.2,5.8
20121004231100,0.0,0.0,0.0,0.0,0.0,0.0,87.4,12.5
20121004231200,0.0,0.0,0.0,0.0,0.2,0.0,58.9,40.9
20121004231300,0.0,0.0,0.0,0.0,0.0,0.0,25.3,74.7
20121004231400,0.0,0.0,0.0,0.0,0.2,0.0,31.7,68.1
20121004231500,0.0,0.0,0.0,0.0,0.1,0.0,83.4,16.5
20121004231600,0.0,0.0,0.0,0.0,0.0,0.0,99.9,0.1
20121004231700,0.0,0.0,0.0,0.0,0.0,0.0,99.5,0.5
20121004231800,0.0,0.0,0.0,0.0,0.0,0.0,24.1,75.9
20121004231900,0.0,0.0,0.0,0.0,0.0,0.0,18.6,81.4
20121004232000,0.0,0.0,0.0,0.0,0.0,0.0,28.5,71.5
20121004232100,0.0,0.0,0.0,0.0,0.0,0.0,0.7,99.3
20121004232200,0.0,0.0,0.0,0.0,0.0,0.0,0.1,99.9
20121004232300,0.0,0.0,0.0,0.0,0.0,0.0,0.3,99.7
20121004232400,0.0,0.0,0.0,0.0,0.0,0.0,0.1,99.9
20121004232500,0.0,0.0,0.0,0.0,0.0,0.0,0.0,100.0
20121004232600,0.0,0.0,0.0,0.0,0.0,0.0,0.0,100.0
20121004232700,0.0,0.0,0.0,0.0,0.0,0.0,0.0,100.0
20121004232800,0.0,0.0,0.0,0.0,0.0,0.0,0.8,99.2
20121004232900,0.0,0.0,0.0,0.0,0.0,0.0,5.1,94.9
20121004233000,0.0,0.0,0.0,0.0,0.0,0.0,0.3,99.7
20121004233100,0.0,0.0,0.0,0.0,0.1,0.0,0.1,99.8
20121004233200,0.0,0.0,0.0,0.0,0.0,0.0,0.0,100.0
20121004233300,0.0,0.0,0.0,0.0,0.0,0.0,0.2,99.8
20121004233400,0.0,0.0,0.0,0.0,0.0,0.0,0.3,99.7
20121004233500,0.0,0.0,0.0,0.0,0.0,0.0,0.1,99.9
20121004233600,0.0,0.0,0.0,0.0,0.0,0.0,7.4,92.6
20121004233700,0.0,0.0,0.0,0.0,0.0,0.0,17.6,82.4
20121004233800,0.0,0.0,0.0,0.0,0.0,0.0,1.3,98.7
20121004233900,0.0,0.0,0.0,0.0,0.0,0.0,59.3,40.6
20121004234000,0.0,0.0,0.0,0.0,0.0,0.0,46.6,53.4
20121004234100,0.0,0.0,0.0,0.0,0.0,0.0,19.6,80.4
20121004234200,0.0,0.0,0.0,0.0,0.0,0.0,91.5,8.5
20121004234300,0.0,0.0,0.0,0.0,0.0,0.0,61.4,38.6
20121004234400,0.0,0.0,0.0,0.0,0.0,0.0,54.9,45.1
20121004234500,0.0,0.0,0.0,0.0,0.0,0.0,78.2,21.8
20121004234600,0.0,0.0,0.0,0.0,0.0,0.0,69.0,31.0
20121004234700,0.0,0.0,0.0,0.0,0.0,0.0,95.6,4.4
20121004234800,0.0,0.0,0.0,0.0,0.0,0.0,98.0,2.0
20121004234900,0.0,0.0,0.0,0.0,0.0,0.0,99.9,0.1
20121004235000,0.0,0.0,0.0,0.1,0.0,0.0,99.7,0.2
20121004235100,0.0,0.0,0.0,0.0,0.0,0.0,99.9,0.1
20121004235200,0.0,0.0,0.0,0.0,0.0,0.0,99.4,0.5
20121004235300,0.0,0.0,0.0,0.4,0.0,0.0,97.1,2.5
20121004235400,0.0,0.0,0.0,0.1,0.0,0.0,98.0,1.9
20121004235500,0.0,0.0,0.0,0.1,0.0,0.0,99.5,0.4
20121004235600,0.0,0.0,0.0,0.6,0.0,0.0,96.7,2.7
20121004235700,0.0,0.0,0.0,0.2,0.0,0.0,97.3,2.5
20121004235800,0.0,0.0,0.0,0.8,0.1,0.0,91.0,8.1
20121004235900,0.0,0.0,0.0,0.2,0.0,0.0,98.5,1.3
20121005000000,0.0,0.0,0.0,0.4,0.0,0.0,99.4,0.3
20121005000100,0.0,0.0,0.0,0.8,0.0,0.0,97.9,1.3
20121005000200,0.0,0.0,0.0,1.0,0.1,0.0,91.2,7.7
20121005000300,0.0,0.0,0.0,0.5,0.0,0.0,97.9,1.6
20121005000400,0.0,0.0,0.0,0.8,0.0,0.0,78.7,20.5
20121005000500,0.0,0.1,0.0,16.2,3.4,0.0,33.0,47.2
20121005000600,0.0,0.1,0.0,14.4,0.5,0.0,77.5,7.5
20121005000700,0.0,0.0,0.0,1.5,0.1,0.0,98.0,0.4
20121005000800,0.0,0.0,0.0,5.0,0.0,0.0,84.3,10.6
20121005000900,0.0,0.0,0.0,6.2,0.0,0.0,91.4,2.4
20121005001000,0.0,0.0,0.1,14.4,0.1,0.0,85.0,0.5
20121005001100,0.0,0.0,0.1,16.5,0.1,0.0,82.6,0.8
20121005001200,0.0,0.0,0.0,18.6,0.0,0.0,81.3,0.1
20121005001300,0.0,0.0,0.0,47.4,0.0,0.0,51.8,0.7
20121005001400,0.0,0.0,0.0,50.6,0.0,0.0,49.2,0.2
20121005001500,0.0,0.0,0.0,35.4,0.0,0.0,64.2,0.4
20121005001600,0.0,0.0,0.1,9.7,0.0,0.0,90.2,0.0
20121005001700,0.0,0.0,0.0,2.3,0.0,0.0,97.6,0.0
20121005001800,0.0,0.0,0.0,44.8,0.0,0.0,55.1,0.1
20121005001900,0.0,0.0,0.0,2.8,0.0,0.0,97.2,0.1
20121005002000,0.0,0.0,0.0,8.6,0.0,0.0,91.2,0.3
20121005002100,0.0,0.0,0.0,6.0,0.0,0.0,93.1,0.9
20121005002200,0.0,0.0,0.0,6.7,0.0,0.0,92.9,0.3
20121005002300,0.0,0.0,0.0,2.6,0.0,0.0,95.9,1.5
20121005002400,0.0,0.0,0.0,4.1,0.0,0.0,95.2,0.6
20121005002500,0.0,0.0,0.0,13.9,0.0,0.0,85.7,0.4
20121005002600,0.0,0.0,0.0,9.2,0.0,0.0,90.0,0.8
20121005002700,0.0,0.0,0.0,28.0,0.0,0.0,69.4,2.5
20121005002800,0.0,0.0,3.3,27.7,0.2,0.0,48.9,19.9
20121005002900,0.0,0.0,3.6,43.7,1.1,0.0,38.0,13.5
20121005003000,0.0,0.0,0.1,7.7,0.2,0.0,83.0,9.1
20121005003100,0.0,0.0,0.0,9.8,0.1,0.0,71.6,18.5
20121005003200,0.0,0.0,0.0,13.5,0.0,0.0,47.2,39.3
20121005003300,0.0,0.0,0.0,11.2,0.0,0.0,76.9,11.9
20121005003400,0.0,0.0,0.0,54.6,0.0,0.0,44.7,0.6
20121005003500,0.0,0.0,0.0,1.6,0.0,0.0,98.3,0.1
20121005003600,0.0,0.0,0.0,19.9,0.0,0.0,79.6,0.4
20121005003700,0.0,0.0,0.0,4.7,0.0,0.0,95.2,0.1
20121005003800,0.0,0.0,0.1,11.2,0.0,0.0,86.8,1.8
20121005003900,0.0,0.0,0.1,71.2,0.0,0.0,28.2,0.4
20121005004000,0.0,0.0,0.5,59.5,0.0,0.0,38.9,1.1
20121005004100,0.0,0.0,0.0,61.2,0.0,0.0,38.7,0.1
20121005004200,0.0,0.0,0.1,61.4,0.0,0.0,38.3,0.1
20121005004300,0.0,0.0,0.0,95.5,0.0,0.0,4.4,0.1
20121005004400,0.0,0.0,0.3,83.5,0.1,0.0,15.9,0.2
20121005004500,0.0,0.0,1.0,84.5,0.1,0.0,14.3,0.1
20121005004600,0.0,0.0,0.0,56.8,0.0,0.0,43.0,0.2
20121005004700,0.0,0.0,0.1,81.4,0.0,0.0,18.0,0.5
20121005004800,0.0,0.0,0.0,52.2,0.0,0.0,47.5,0.2
20121005004900,0.0,0.0,0.0,89.8,0.0,0.0,9.8,0.3
20121005005000,0.0,0.0,0.0,73.8,0.1,0.0,26.0,0.2
20121005005100,0.0,0.0,0.0,85.0,0.0,0.0,15.0,0.0
20121005005200,0.0,0.0,0.0,62.1,0.0,0.0,37.9,0.0
20121005005300,0.0,0.0,0.0,91.3,0.0,0.0,8.7,0.0
20121005005400,0.0,0.0,0.0,89.3,0.0,0.0,10.7,0.0
20121005005500,0.1,0.0,0.0,45.0,0.0,0.0,54.8,0.1
20121005005600,0.0,0.0,0.4,32.8,0.0,0.0,66.5,0.2
20121005005700,0.0,0.0,0.3,24.7,0.0,0.0,74.5,0.4
20121005005800,0.0,0.0,0.1,11.1,0.0,0.0,88.7,0.1
20121005005900,0.0,0.0,0.6,12.2,0.1,0.0,86.6,0.6
20121005010000,0.0,0.0,0.0,13.7,0.0,0.0,85.9,0.4
20121005010100,0.0,0.0,0.0,18.8,0.0,0.0,80.7,0.5
20121005010200,0.0,0.0,0.0,61.5,0.0,0.0,35.3,3.1
20121005010300,0.0,0.0,0.0,62.9,0.0,0.0,24.2,12.9
20121005010400,0.0,0.0,0.0,94.8,0.0,0.0,1.8,3.3
20121005010500,0.0,0.0,0.0,52.4,0.0,0.0,1.1,46.5
20121005010600,0.0,0.0,0.0,21.0,0.1,0.0,4.5,74.3
20121005010700,0.0,0.0,0.0,3.3,0.0,0.0,7.3,89.4
20121005010800,0.0,0.0,0.0,1.3,0.0,0.0,3.7,95.0
20121005010900,0.0,0.0,0.0,41.8,0.0,0.0,19.9,38.3
20121005011000,0.0,0.0,0.0,3.2,0.0,0.0,33.4,63.3
20121005011100,0.0,0.0,0.0,8.2,0.0,0.0,60.5,31.2
20121005011200,0.0,0.0,0.1,15.9,0.1,0.0,3.9,80.0
20121005011300,0.0,0.0,0.0,1.5,0.0,0.0,4.1,94.4
20121005011400,0.0,0.0,0.0,2.2,0.0,0.0,12.8,84.9
20121005011500,0.0,0.0,0.1,1.2,0.1,0.0,17.8,80.8
20121005011600,0.0,0.0,0.1,17.3,0.2,0.0,11.6,70.8
20121005011700,0.0,0.0,0.0,0.2,0.0,0.0,1.9,97.8
20121005011800,0.0,0.0,0.1,6.1,0.0,0.0,9.6,84.2
20121005011900,0.0,0.0,0.1,5.7,0.0,0.0,85.1,9.1
20121005012000,0.0,0.0,0.0,0.1,0.0,0.0,2.7,97.2
20121005012100,0.0,0.0,0.0,0.0,0.0,0.0,0.2,99.7
20121005012200,0.0,0.0,0.0,0.1,0.0,0.0,0.6,99.4
20121005012300,0.0,0.0,0.4,12.6,0.1,0.0,4.7,82.2
20121005012400,0.0,0.0,0.0,11.0,0.0,0.0,11.9,77.0
20121005012500,0.0,0.0,0.0,1.1,0.0,0.0,13.7,85.2
20121005012600,0.0,0.0,0.0,2.7,0.0,0.0,11.1,86.1
20121005012700,0.0,0.0,0.0,17.9,0.0,0.0,6.9,75.2
20121005012800,0.0,0.0,0.0,52.4,0.0,0.0,3.7,43.8
20121005012900,0.0,0.0,0.0,84.4,0.0,0.0,4.5,11.1
20121005013000,0.0,0.0,0.1,25.9,0.6,0.0,31.1,42.3
20121005013100,0.0,0.0,0.0,79.7,0.1,0.0,5.2,15.0
20121005013200,0.0,0.0,1.1,82.2,0.1,0.0,9.4,7.2
20121005013300,0.0,0.0,0.9,57.1,0.1,0.0,7.0,35.0
20121005013400,0.0,0.0,0.6,47.6,0.1,0.0,5.2,46.6
20121005013500,0.0,0.0,0.5,88.9,0.1,0.0,4.8,5.7
20121005013600,0.0,0.0,0.8,65.5,0.4,0.0,20.5,12.6
20121005013700,0.0,0.1,2.6,64.3,0.2,0.0,16.4,16.4
20121005013800,0.0,0.0,0.7,66.6,0.2,0.0,6.3,26.3
20121005013900,0.0,0.0,0.1,8.5,0.2,0.0,3.3,87.9
20121005014000,0.0,0.0,0.0,74.2,0.1,0.0,2.4,23.3
20121005014100,0.0,0.0,0.2,89.8,0.2,0.0,4.2,5.5
20121005014200,0.0,0.0,0.1,63.0,0.0,0.0,15.3,21.6
20121005014300,0.0,0.0,0.0,10.4,0.0,0.0,12.1,77.4
20121005014400,0.0,0.0,0.0,33.4,0.1,0.0,9.0,57.5
20121005014500,0.0,0.0,0.0,75.6,0.2,0.0,16.1,8.1
20121005014600,0.0,0.0,0.0,70.0,0.0,0.0,8.9,21.1
20121005014700,0.0,0.0,0.0,67.0,0.0,0.0,19.2,13.8
20121005014800,0.0,0.0,0.0,79.1,0.0,0.0,10.1,10.7
20121005014900,0.0,0.0,0.0,78.7,0.0,0.0,10.9,10.3
20121005015000,0.0,0.0,0.1,84.7,0.1,0.0,11.1,4.0
20121005015100,0.0,0.0,0.0,92.2,0.0,0.0,4.6,3.1
20121005015200,0.0,0.0,0.0,88.2,0.0,0.0,11.3,0.4
20121005015300,0.0,0.0,0.0,94.6,0.0,0.0,3.0,2.4
20121005015400,0.0,0.0,0.0,85.4,0.0,0.0,11.2,3.3
20121005015500,0.0,0.0,0.2,70.3,0.1,0.0,23.9,5.5
20121005015600,0.0,0.0,0.0,91.4,0.0,0.0,3.8,4.8
20121005015700,0.0,0.0,0.0,99.7,0.0,0.0,0.0,0.2
20121005015800,0.0,0.0,0.0,94.7,0.0,0.0,1.8,3.5
20121005015900,0.0,0.0,0.0,89.6,0.0,0.0,3.8,6.6
20121005020000,0.0,0.0,0.0,94.4,0.0,0.0,3.2,2.4
20121005020100,0.0,0.0,0.0,79.4,0.0,0.0,10.4,10.2
20121005020200,0.0,0.0,0.0,32.1,0.0,0.0,54.9,13.0
20121005020300,0.0,0.0,0.0,18.8,0.0,0.0,55.6,25.6
20121005020400,0.0,0.0,0.0,23.3,0.0,0.0,65.4,11.2
20121005020500,0.0,0.0,0.0,24.1,0.0,0.0,61.4,14.4
20121005020600,0.0,0.0,0.0,54.1,0.2,0.1,40.9,4.7
20121005020700,0.0,0.0,0.0,53.3,0.0,0.0,46.1,0.5
20121005020800,0.0,0.0,0.0,8.2,0.0,0.0,91.1,0.7
20121005020900,0.0,0.0,0.0,5.1,0.0,0.0,94.8,0.1
20121005021000,0.0,0.0,0.0,8.1,0.0,0.0,91.2,0.6
20121005021100,0.0,0.0,0.0,9.8,0.0,0.0,90.0,0.1
20121005021200,0.0,0.0,0.0,15.6,0.0,0.0,84.4,0.1
20121005021300,0.0,0.0,0.0,10.8,0.0,0.0,89.2,0.0
20121005021400,0.0,0.0,0.0,1.2,0.0,0.0,98.8,0.0
20121005021500,0.0,0.0,0.0,0.2,0.0,0.0,99.8,0.0
20121005021600,0.0,0.0,0.0,0.3,0.0,0.0,99.5,0.1
20121005021700,0.0,0.0,0.0,0.3,0.0,0.0,99.6,0.1
20121005021800,0.0,0.0,0.0,0.0,0.0,0.0,100.0,0.0
20121005021900,0.0,0.0,0.0,0.4,0.0,0.0,99.6,0.0
20121005022000,0.0,0.0,0.0,0.7,0.0,0.0,99.1,0.1
20121005022100,0.0,0.0,0.0,0.3,0.0,0.0,99.6,0.0
20121005022200,0.0,0.0,0.0,0.1,0.0,0.0,99.9,0.0
20121005022300,0.0,0.0,0.0,0.1,0.0,0.0,99.9,0.0
20121005022400,0.0,0.0,0.0,0.3,0.0,0.0,99.7,0.0
20121005022500,0.0,0.0,0.0,1.0,0.0,0.0,98.7,0.3
20121005022600,0.0,0.0,0.1,4.5,0.0,0.0,94.5,0.9
20121005022700,0.0,0.0,0.0,7.8,0.0,0.0,91.9,0.2
20121005022800,0.0,0.0,0.0,3.1,0.0,0.0,96.9,0.1
20121005022900,0.0,0.0,0.1,1.6,0.0,0.0,97.8,0.5
20121005023000,0.0,0.0,0.1,2.8,0.0,0.0,96.5,0.6
20121005023100,0.0,0.0,0.2,9.7,0.0,0.0,89.8,0.2
20121005023200,0.0,0.0,0.3,2.4,0.0,0.0,96.7,0.6
20121005023300,0.0,0.0,0.0,2.0,0.0,0.0,97.3,0.6
20121005023400,0.0,0.0,0.0,2.6,0.0,0.0,97.4,0.0
20121005023500,0.0,0.0,0.0,4.2,0.0,0.0,95.8,0.1
20121005023600,0.0,0.0,0.0,7.8,0.0,0.0,91.5,0.7
20121005023700,0.0,0.0,0.0,1.1,0.0,0.0,98.6,0.2
20121005023800,0.0,0.0,0.0,4.2,0.0,0.0,95.7,0.1
20121005023900,0.0,0.0,0.0,5.7,0.0,0.0,93.9,0.3
20121005024000,0.0,0.0,0.0,2.4,0.0,0.0,97.6,0.0
20121005024100,0.0,0.0,0.0,0.7,0.0,0.0,99.2,0.0
20121005024200,0.0,0.0,0.0,3.6,0.0,0.0,96.4,0.0
20121005024300,0.0,0.0,0.0,0.6,0.0,0.0,99.4,0.0
20121005024400,0.0,0.0,0.0,0.8,0.0,0.0,99.2,0.0
20121005024500,0.0,0.0,0.0,0.8,0.0,0.0,99.2,0.0
20121005024600,0.0,0.0,0.0,2.0,0.0,0.0,97.9,0.0
20121005024700,0.0,0.0,0.0,1.2,0.1,0.0,98.7,0.0
20121005024800,0.0,0.0,0.0,0.6,0.0,0.0,99.3,0.0
20121005024900,0.0,0.0,0.0,5.8,0.1,0.0,94.0,0.0
20121005025000,0.0,0.0,0.0,1.1,0.0,0.0,98.8,0.0
20121005025100,0.0,0.0,0.1,11.6,0.1,0.0,88.0,0.3
20121005025200,0.0,0.0,0.0,7.6,0.0,0.0,92.3,0.0
20121005025300,0.0,0.0,0.0,17.2,0.0,0.0,82.6,0.1
20121005025400,0.0,0.0,0.0,23.9,0.0,0.0,75.2,0.9
20121005025500,0.0,0.0,0.0,2.6,0.0,0.0,97.3,0.1
20121005025600,0.0,0.0,0.0,17.4,0.1,0.0,82.4,0.0
20121005025700,0.0,0.0,0.0,20.3,0.0,0.0,79.6,0.1
20121005025800,0.0,0.0,0.0,13.1,0.0,0.0,86.9,0.1
20121005025900,0.0,0.0,0.0,3.9,0.0,0.0,95.9,0.2
20121005030000,0.0,0.0,0.0,2.4,0.0,0.0,97.3,0.2
20121005030100,0.0,0.0,0.0,61.7,0.0,0.0,38.2,0.1
20121005030200,0.0,0.0,0.0,52.2,0.0,0.0,47.6,0.1
20121005030300,0.0,0.0,0.0,4.6,0.0,0.0,95.4,0.0
20121005030400,0.0,0.0,0.0,1.4,0.0,0.0,98.5,0.0
20121005030500,0.0,0.0,0.0,0.7,0.0,0.0,99.2,0.1
20121005030600,0.0,0.0,0.0,21.2,0.0,0.0,77.9,0.9
20121005030700,0.0,0.0,0.0,19.0,0.0,0.0,76.8,4.2
20121005030800,0.0,0.0,0.0,7.0,0.0,0.0,92.7,0.2
20121005030900,0.0,0.0,0.0,1.6,0.0,0.0,97.8,0.6
20121005031000,0.0,0.0,0.0,1.2,0.0,0.0,98.7,0.2
20121005031100,0.0,0.0,0.0,0.1,0.0,0.0,99.8,0.1
20121005031200,0.0,0.0,0.0,5.1,0.0,0.0,94.8,0.1
20121005031300,0.0,0.0,0.0,0.5,0.0,0.0,99.3,0.1
20121005031400,0.0,0.0,0.0,0.6,0.0,0.0,99.3,0.2
20121005031500,0.0,0.0,0.0,0.4,0.0,0.0,99.6,0.1
20121005031600,0.0,0.0,0.0,0.4,0.0,0.0,98.9,0.7
20121005031700,0.0,0.0,0.0,2.1,0.0,0.0,87.3,10.6
20121005031800,0.0,0.0,0.0,4.0,0.0,0.0,90.3,5.7
20121005031900,0.0,0.0,0.0,2.3,0.0,0.0,91.2,6.5
20121005032000,0.0,0.0,0.0,2.1,0.0,0.0,89.2,8.6
20121005032100,0.0,0.0,0.0,0.3,0.0,0.0,83.3,16.4
20121005032200,0.0,0.0,0.0,0.0,0.0,0.0,75.1,24.9
20121005032300,0.0,0.0,0.0,0.0,0.0,0.0,17.2,82.8
20121005032400,0.0,0.0,0.0,0.6,0.0,0.0,25.1,74.3
20121005032500,0.0,0.0,0.0,0.1,0.0,0.0,78.1,21.8
20121005032600,0.0,0.0,0.0,0.0,0.0,0.0,22.7,77.3
20121005032700,0.0,0.0,0.0,0.0,0.0,0.0,10.5,89.4
