UT,arc,discrete,diffuse,ac,ab,clear,cloudy,dd
20120208152300,0.0,0.0,0.0,0.0,0.0,0.0,0.0,100.0
20120208152400,0.0,0.0,0.0,0.0,0.0,0.0,0.0,100.0
20120208152500,0.0,0.0,0.0,0.0,0.0,0.0,0.0,100.0
20120208152600,0.0,0.0,0.0,0.0,0.0,0.0,0.0,100.0
20120208152700,0.0,0.0,0.0,0.0,0.0,0.0,0.0,100.0
20120208152800,0.0,0.0,0.0,0.0,0.0,0.0,0.0,100.0
20120208152900,0.0,0.0,0.0,0.0,0.0,0.0,0.0,100.0
20120208153000,0.0,0.0,0.0,0.0,0.0,0.0,0.0,100.0
20120208153100,0.0,0.0,0.0,0.0,0.0,0.0,0.0,100.0
20120208153200,0.0,0.0,0.0,0.0,0.0,0.0,0.0,100.0
20120208153300,0.0,0.0,0.0,0.0,0.0,0.0,0.0,100.0
20120208153400,0.0,0.0,0.0,0.0,0.0,0.0,0.0,100.0
20120208153500,0.0,0.0,0.0,0.0,0.0,0.0,0.0,100.0
20120208153600,0.0,0.0,0.0,0.0,0.0,0.0,0.0,100.0
20120208153700,0.0,0.0,0.0,0.0,0.0,0.0,0.0,100.0
20120208153800,0.0,0.0,0.0,0.0,0.0,0.0,0.0,100.0
20120208153900,0.0,0.0,0.0,0.0,0.0,0.0,0.0,100.0
20120208154000,0.0,0.0,0.0,0.0,0.0,0.0,0.0,100.0
20120208154100,0.0,0.0,0.0,0.0,0.0,0.0,0.0,100.0
20120208154200,0.0,0.0,0.0,0.0,0.0,0.0,0.0,100.0
20120208154300,0.0,0.0,0.0,0.0,0.0,0.0,0.0,100.0
20120208154400,0.0,0.0,0.0,0.0,0.0,0.0,0.0,100.0
20120208154500,0.0,0.0,0.0,0.0,0.0,0.0,0.0,100.0
20120208154600,0.0,0.0,0.0,0.0,0.0,0.0,0.0,100.0
20120208154700,0.0,0.0,0.0,0.0,0.0,0.0,0.0,100.0
20120208154800,0.0,0.0,0.0,0.0,0.0,0.0,0.0,100.0
20120208154900,0.0,0.0,0.0,0.0,0.0,0.0,0.0,100.0
20120208155000,0.0,0.0,0.0,0.0,0.0,0.0,0.0,100.0
20120208155100,0.0,0.0,0.0,0.0,0.0,0.0,0.0,100.0
20120208155200,0.0,0.0,0.0,0.0,0.0,0.0,0.0,100.0
20120208155300,0.0,0.0,0.0,0.0,0.0,0.0,0.0,100.0
20120208155400,0.0,0.0,0.0,0.0,0.0,0.0,0.0,100.0
20120208155500,0.0,0.0,0.0,0.0,0.0,0.0,0.0,100.0
20120208155600,0.0,0.0,0.0,0.0,1.5,0.0,0.0,98.5
20120208155700,0.0,0.0,0.0,0.0,0.0,0.0,0.0,100.0
20120208155800,0.0,0.0,0.0,0.0,0.0,0.0,0.0,100.0
20120208155900,0.0,0.0,0.0,0.0,0.0,0.0,0.0,100.0
20120208160000,0.0,0.0,0.0,0.0,0.0,0.0,0.0,100.0
20120208160100,0.0,0.0,0.0,0.0,0.0,0.0,0.0,100.0
20120208160200,0.0,0.0,0.0,0.0,0.0,0.0,0.0,100.0
20120208160300,0.0,0.0,0.0,0.0,0.0,0.0,0.0,100.0
20120208160400,0.0,0.0,0.0,0.0,0.0,0.0,0.0,100.0
20120208160500,0.0,0.0,0.0,0.0,0.0,0.0,0.0,100.0
20120208160600,0.0,0.0,0.0,0.0,0.0,0.0,0.0,100.0
20120208160700,0.0,0.0,0.0,0.0,0.0,0.0,0.0,100.0
20120208160800,0.0,0.0,0.0,0.0,0.0,0.0,0.0,100.0
20120208160900,0.0,0.0,0.0,0.0,0.0,0.0,0.0,100.0
20120208161000,0.0,0.0,0.0,0.0,0.0,0.0,0.0,100.0
20120208161100,0.0,0.0,0.0,0.0,0.0,0.0,0.0,100.0
20120208161159,0.0,0.0,0.0,0.0,0.0,0.0,0.0,100.0
20120208161259,0.0,0.0,0.0,0.0,0.0,0.0,0.0,100.0
20120208161359,0.0,0.0,0.0,0.0,0.0,0.0,0.0,100.0
20120208161459,0.0,0.0,0.0,0.0,0.0,0.0,0.0,100.0
20120208161559,0.0,0.0,0.0,0.0,0.0,0.0,0.0,100.0
20120208161659,0.0,0.0,0.0,0.0,0.0,0.0,0.0,100.0
20120208161759,0.0,0.0,0.0,0.0,0.0,0.0,0.0,100.0
20120208161859,0.0,0.0,0.0,0.0,0.0,0.0,0.0,100.0
20120208161959,0.0,0.0,0.0,0.0,0.0,0.0,0.0,100.0
20120208162059,0.0,0.0,0.0,0.0,0.0,0.0,0.0,100.0
20120208162159,0.0,0.0,0.0,0.0,0.0,0.0,0.0,100.0
20120208162259,0.0,0.0,0.0,0.0,0.0,0.0,0.0,100.0
20120208162359,0.0,0.0,0.0,0.0,0.0,0.0,0.0,100.0
20120208162459,0.0,0.0,0.0,0.0,0.0,0.0,0.0,100.0
20120208162559,0.0,0.0,0.0,0.0,0.0,0.0,0.0,100.0
20120208162659,0.0,0.0,0.0,0.0,0.0,0.0,0.0,100.0
20120208162759,0.0,0.0,0.0,0.0,0.0,0.0,0.0,100.0
20120208162859,0.0,0.0,0.0,0.0,0.0,0.0,0.0,100.0
20120208162959,0.0,0.0,0.0,0.0,0.0,0.0,0.0,100.0
20120208163059,0.0,0.0,0.0,0.0,0.0,0.0,0.0,100.0
20120208163159,0.0,0.0,0.0,0.0,0.0,0.0,0.0,100.0
20120208163259,0.0,0.0,0.0,0.0,0.0,0.0,0.0,100.0
20120208163359,0.0,0.0,0.0,0.0,0.0,0.0,0.0,100.0
20120208163459,0.0,0.0,0.0,0.0,0.0,0.0,0.0,100.0
20120208163559,0.0,0.0,0.0,0.0,0.0,0.0,0.1,99.9
20120208163659,0.0,0.0,0.0,0.0,0.0,0.0,0.0,100.0
20120208163759,0.0,0.0,0.0,0.0,0.0,0.0,0.0,100.0
20120208163859,0.0,0.0,0.0,0.0,0.0,0.0,0.0,100.0
20120208163959,0.0,0.0,0.0,0.0,0.0,0.0,0.7,99.3
20120208164059,0.0,0.0,0.0,0.0,0.0,0.0,0.3,99.6
20120208164159,0.0,0.0,0.0,0.0,0.0,0.0,1.8,98.1
20120208164259,0.0,0.0,0.0,0.0,0.0,0.0,0.2,99.8
20120208164359,0.0,0.0,0.0,0.0,0.0,0.0,0.3,99.7
20120208164459,0.0,0.0,0.0,0.0,0.0,0.0,0.2,99.8
20120208164559,0.0,0.0,0.0,0.0,0.0,0.0,4.9,95.1
20120208164659,0.0,0.0,0.0,0.0,0.0,0.0,6.0,94.0
20120208164759,0.0,0.0,0.0,0.0,0.0,0.0,15.6,84.3
20120208164859,0.0,0.0,0.0,0.0,0.0,0.0,14.7,85.3
20120208164959,0.0,0.0,0.0,0.0,0.0,0.0,55.0,45.0
20120208165059,0.0,0.0,0.0,0.0,0.0,0.0,24.1,75.9
20120208165159,0.0,0.0,0.0,0.0,0.0,0.0,34.3,65.7
20120208165259,0.0,0.0,0.0,0.0,0.0,0.0,33.5,66.5
20120208165359,0.0,0.0,0.0,0.0,0.0,0.0,89.6,10.4
20120208165500,0.0,0.0,0.0,0.0,0.0,0.0,21.2,78.8
20120208165600,0.0,0.0,0.0,0.0,0.0,0.0,69.1,30.9
20120208165700,0.0,0.0,0.0,0.1,0.0,0.0,95.6,4.4
20120208165800,0.0,0.0,0.0,0.0,0.0,0.0,9.9,90.1
20120208165900,0.0,0.0,0.0,0.0,0.0,0.0,6.6,93.4
20120208170000,0.0,0.0,0.0,0.0,0.0,0.0,23.3,76.7
20120208170100,0.0,0.0,0.0,0.0,0.0,0.0,67.9,32.1
20120208170200,0.0,0.0,0.0,0.0,0.0,0.0,25.4,74.6
20120208170300,0.0,0.0,0.0,0.0,0.0,0.0,4.3,95.6
20120208170400,0.0,0.0,0.0,0.0,0.0,0.0,5.9,94.1
20120208170500,0.0,0.0,0.0,0.0,0.0,0.0,10.1,89.9
20120208170600,0.0,0.0,0.0,0.0,0.0,0.0,6.7,93.3
20120208170700,0.0,0.0,0.0,0.0,0.0,0.0,1.2,98.8
20120208170800,0.0,0.0,0.0,0.0,0.0,0.0,2.0,98.0
20120208170900,0.0,0.0,0.0,0.0,0.0,0.0,32.1,67.9
20120208171000,0.0,0.0,0.0,0.0,0.0,0.0,5.8,94.2
20120208171100,0.0,0.0,0.0,0.0,0.0,0.0,0.1,99.9
20120208171200,0.0,0.0,0.0,0.0,0.0,0.0,4.6,95.4
20120208171300,0.0,0.0,0.0,0.0,0.0,0.0,0.2,99.8
20120208171400,0.0,0.0,0.0,0.0,0.0,0.0,2.9,97.1
20120208171500,0.0,0.0,0.0,0.0,0.0,0.0,0.7,99.3
20120208171600,0.0,0.0,0.0,0.0,0.0,0.0,0.6,99.4
20120208171700,0.0,0.0,0.0,0.0,0.0,0.0,20.8,79.2
20120208171800,0.0,0.0,0.0,0.0,0.0,0.0,63.7,36.3
20120208171900,0.0,0.0,0.0,0.0,0.0,0.0,48.5,51.5
20120208172000,0.0,0.0,0.0,0.0,0.0,0.0,16.9,83.1
20120208172100,0.0,0.0,0.0,0.0,0.0,0.0,29.0,71.0
20120208172200,0.0,0.0,0.0,0.0,0.0,0.0,69.5,30.5
20120208172300,0.0,0.0,0.0,0.0,0.0,0.0,91.3,8.7
20120208172400,0.0,0.0,0.0,0.0,0.0,0.0,6.4,93.6
20120208172500,0.0,0.0,0.0,0.0,0.0,0.0,65.5,34.5
20120208172600,0.0,0.0,0.0,0.0,0.0,0.0,97.3,2.7
20120208172700,0.0,0.1,0.0,0.0,0.0,0.0,60.7,39.2
20120208172800,0.0,0.0,0.0,0.0,0.0,0.0,5.6,94.4
20120208172900,0.0,0.0,0.0,0.0,0.0,0.0,10.9,89.1
20120208173000,0.0,0.0,0.0,0.0,0.0,0.0,16.5,83.5
20120208173100,0.0,0.0,0.0,0.0,0.0,0.0,6.8,93.2
20120208173200,0.0,0.0,0.0,0.0,0.0,0.0,9.6,90.4
20120208173300,0.0,0.0,0.0,0.0,0.0,0.0,2.3,97.6
20120208173400,0.0,0.0,0.0,0.0,0.1,0.0,47.4,52.5
20120208173500,0.0,0.0,0.0,0.0,0.0,0.0,0.8,99.2
20120208173600,0.0,0.0,0.0,0.0,0.0,0.0,0.3,99.7
20120208173700,0.0,0.0,0.0,0.0,0.0,0.0,2.6,97.4
20120208173800,0.0,0.0,0.0,0.0,0.0,0.0,0.1,99.9
20120208173900,0.0,0.0,0.0,0.0,0.0,0.0,13.3,86.7
20120208174000,0.0,0.0,0.0,0.0,0.0,0.0,4.8,95.2
20120208174100,0.0,0.0,0.0,0.0,0.0,0.0,0.3,99.7
20120208174200,0.0,0.0,0.0,0.0,0.0,0.0,0.1,99.9
20120208174300,0.0,0.0,0.0,0.0,0.0,0.0,0.1,99.9
20120208174400,0.0,0.0,0.0,0.0,0.0,0.0,0.0,100.0
20120208174500,0.0,0.0,0.0,0.0,0.0,0.0,0.0,100.0
20120208174600,0.0,0.0,0.0,0.0,0.0,0.0,0.0,100.0
20120208174700,0.0,0.0,0.0,0.0,0.0,0.0,0.0,100.0
20120208174800,0.0,0.0,0.0,0.0,0.0,0.0,0.0,100.0
20120208174900,0.0,0.0,0.0,0.0,0.0,0.0,0.0,100.0
20120208175000,0.0,0.0,0.0,0.0,0.0,0.0,0.0,100.0
20120208175100,0.0,0.0,0.0,0.0,0.0,0.0,0.1,99.9
20120208175200,0.0,0.0,0.0,0.0,0.0,0.0,0.0,100.0
20120208175300,0.0,0.0,0.0,0.0,0.0,0.0,0.0,100.0
20120208175400,0.0,0.0,0.0,0.0,0.0,0.0,0.0,100.0
20120208175500,0.0,0.0,0.0,0.0,0.0,0.0,0.0,100.0
20120208175600,0.0,0.0,0.0,0.0,0.0,0.0,0.0,100.0
20120208175700,0.0,0.0,0.0,0.0,0.0,0.0,0.0,100.0
20120208175800,0.0,0.0,0.0,0.0,0.1,0.0,0.1,99.8
20120208175900,0.0,0.0,0.0,0.0,0.0,0.0,0.1,99.9
20120208180000,0.0,0.0,0.0,0.0,0.1,0.0,0.1,99.8
20120208180100,0.0,0.0,0.0,0.0,0.0,0.0,0.1,99.9
20120208180200,0.0,0.0,0.0,0.0,0.0,0.0,0.0,100.0
20120208180300,0.0,0.0,0.0,0.0,0.0,0.0,0.1,99.9
20120208180400,0.0,0.0,0.0,0.0,0.0,0.0,0.0,100.0
20120208180500,0.0,0.0,0.0,0.0,0.0,0.0,0.0,100.0
20120208180600,0.0,0.0,0.0,0.0,0.0,0.0,0.0,100.0
20120208180700,0.0,0.0,0.0,0.0,0.0,0.0,0.0,100.0
20120208180800,0.0,0.0,0.0,0.0,0.0,0.0,0.0,100.0
20120208180900,0.0,0.0,0.0,0.0,0.0,0.0,0.0,100.0
20120208181000,0.0,0.0,0.0,0.0,0.0,0.0,0.0,100.0
20120208181100,0.0,0.0,0.0,0.0,0.0,0.0,0.0,100.0
20120208181200,0.0,0.0,0.0,0.0,0.0,0.0,0.0,100.0
20120208181300,0.0,0.0,0.0,0.0,0.0,0.0,0.0,100.0
20120208181400,0.0,0.0,0.0,0.0,0.0,0.0,0.0,100.0
20120208181500,0.0,0.0,0.0,0.0,0.0,0.0,0.0,100.0
20120208181600,0.0,0.0,0.0,0.0,0.0,0.0,0.0,100.0
20120208181700,0.0,0.0,0.0,0.0,0.0,0.0,2.1,97.9
20120208181800,0.0,0.0,0.0,0.0,0.0,0.0,0.0,100.0
20120208181900,0.0,0.0,0.0,0.0,0.0,0.0,0.0,100.0
20120208182000,0.0,0.0,0.0,0.0,0.0,0.0,0.0,100.0
20120208182100,0.0,0.0,0.0,0.0,0.0,0.0,0.0,100.0
20120208182200,0.0,0.0,0.0,0.0,0.0,0.0,0.1,99.9
20120208182300,0.0,0.0,0.0,0.0,0.0,0.0,0.8,99.2
20120208182400,0.0,0.0,0.0,0.0,0.0,0.0,1.8,98.2
20120208182500,0.0,0.0,0.0,0.0,0.0,0.0,0.9,99.1
20120208182600,0.0,0.0,0.0,0.0,0.0,0.0,0.0,100.0
20120208182700,0.0,0.0,0.0,0.0,0.0,0.0,0.8,99.2
20120208182800,0.0,0.0,0.0,0.0,0.0,0.0,0.1,99.9
20120208182900,0.0,0.0,0.0,0.0,0.0,0.0,1.5,98.5
20120208183000,0.0,0.0,0.0,0.0,0.0,0.0,2.0,98.0
20120208183100,0.0,0.0,0.0,0.0,0.0,0.0,0.3,99.7
20120208183200,0.0,0.0,0.0,0.0,0.0,0.0,1.6,98.4
20120208183300,0.0,0.0,0.0,0.0,0.0,0.0,1.4,98.6
20120208183400,0.0,0.0,0.0,0.0,0.0,0.0,0.4,99.6
20120208183500,0.0,0.0,0.0,0.0,0.0,0.0,10.9,89.1
20120208183600,0.0,0.0,0.0,0.0,0.0,0.0,15.9,84.1
20120208183700,0.0,0.0,0.0,0.0,0.0,0.0,2.5,97.5
20120208183800,0.0,0.0,0.0,0.0,0.0,0.0,2.0,98.0
20120208183900,0.0,0.0,0.0,0.0,0.0,0.0,1.7,98.3
20120208184000,0.0,0.0,0.0,0.0,0.0,0.0,0.6,99.4
20120208184100,0.0,0.0,0.0,0.0,0.0,0.0,3.1,96.9
20120208184200,0.0,0.0,0.0,0.0,0.0,0.0,0.3,99.7
20120208184300,0.0,0.0,0.0,0.0,0.0,0.0,2.1,97.9
20120208184400,0.0,0.0,0.0,0.0,0.0,0.0,2.1,97.9
20120208184500,0.0,0.0,0.0,0.0,0.0,0.0,18.5,81.5
20120208184600,0.0,0.0,0.0,0.0,0.0,0.0,17.4,82.6
20120208184700,0.0,0.0,0.0,0.0,1.9,0.0,22.0,76.1
20120208184800,0.0,0.0,0.0,0.0,0.0,0.0,14.2,85.8
20120208184900,0.0,0.0,0.0,0.0,0.0,0.0,80.3,19.7
20120208185000,0.0,0.0,0.0,0.0,0.0,0.0,89.9,10.1
20120208185100,0.0,0.0,0.0,0.0,0.0,0.0,21.3,78.7
20120208185200,0.0,0.4,0.0,0.0,2.8,0.0,13.6,83.2
20120208185300,0.0,0.1,0.0,0.1,2.2,0.0,57.5,40.1
20120208185400,0.0,0.0,0.0,0.0,0.8,0.0,39.6,59.7
20120208185500,0.0,0.0,0.0,0.0,0.2,0.0,59.3,40.4
20120208185600,0.0,0.0,0.0,0.0,0.1,0.0,28.0,71.9
20120208185700,0.0,0.0,0.0,0.0,0.4,0.0,51.2,48.5
20120208185800,0.0,0.0,0.0,0.0,0.1,0.0,27.3,72.5
20120208185900,0.0,0.0,0.0,0.0,0.4,0.0,73.0,26.5
20120208190000,0.0,0.0,0.0,0.0,0.1,0.0,84.6,15.3
20120208190100,0.0,0.0,0.0,0.2,0.0,0.0,70.2,29.5
20120208190200,0.0,0.0,0.0,0.1,7.3,0.0,58.6,33.9
20120208190300,0.0,0.0,0.0,1.6,5.2,0.0,9.3,83.9
20120208190400,0.0,0.0,0.0,8.7,24.2,0.0,16.5,50.6
20120208190500,0.0,0.3,0.0,3.8,13.3,0.0,1.9,80.7
20120208190600,0.0,0.0,0.0,11.2,31.9,0.0,3.9,53.0
20120208190700,0.0,0.0,0.0,48.0,48.8,0.0,0.8,2.4
20120208190800,0.0,0.0,0.0,0.7,8.7,0.0,89.0,1.7
20120208190900,0.0,0.0,0.0,4.6,3.8,0.0,90.2,1.3
20120208191000,0.0,0.0,0.0,10.1,12.2,0.0,75.1,2.5
20120208191100,0.0,0.1,0.0,17.7,14.0,0.0,31.5,36.6
20120208191200,0.0,0.0,0.0,11.1,5.7,0.0,74.2,8.9
20120208191300,0.0,0.0,0.0,1.2,1.5,0.0,97.0,0.3
20120208191400,0.0,0.0,0.0,0.0,2.0,0.0,97.1,0.9
20120208191500,0.0,0.0,0.0,0.0,1.8,0.0,84.5,13.7
20120208191600,0.0,0.0,0.0,0.0,0.6,0.0,98.9,0.5
20120208191700,0.0,0.0,0.0,0.0,0.0,0.0,39.2,60.7
20120208191800,0.0,0.0,0.0,0.0,0.2,0.0,90.9,8.9
20120208191900,0.0,0.0,0.0,0.0,0.0,0.0,98.2,1.8
20120208192000,0.0,0.0,0.0,0.0,0.0,0.0,91.7,8.3
20120208192100,0.0,0.0,0.0,0.0,0.0,0.0,53.5,46.5
20120208192200,0.0,0.0,0.0,0.0,0.0,0.0,40.3,59.7
20120208192300,0.0,0.0,0.0,0.0,0.0,0.0,7.3,92.7
20120208192400,0.0,0.0,0.0,0.0,0.0,0.0,14.1,85.9
20120208192500,0.0,0.0,0.0,0.0,0.0,0.0,46.0,54.0
20120208192600,0.0,0.0,0.0,0.0,0.0,0.0,3.8,96.2
20120208192700,0.0,0.0,0.0,0.0,0.0,0.0,0.9,99.1
20120208192800,0.0,0.0,0.0,0.0,0.0,0.0,0.1,99.9
20120208192900,0.0,0.0,0.0,0.0,0.0,0.0,0.2,99.8
20120208193000,0.0,0.0,0.0,0.0,0.0,0.0,0.1,99.9
20120208193100,0.0,0.0,0.0,0.0,0.0,0.0,0.3,99.7
20120208193200,0.0,0.0,0.0,0.0,0.0,0.0,2.6,97.4
20120208193300,0.0,0.0,0.0,0.0,0.1,0.0,1.4,98.5
20120208193400,0.0,0.0,0.0,0.0,0.0,0.0,1.5,98.5
20120208193500,0.0,0.0,0.0,0.8,88.7,0.0,0.0,10.4
20120208193600,0.0,0.0,0.0,2.7,96.9,0.0,0.0,0.4
20120208193700,0.0,0.1,0.0,44.7,17.8,0.0,6.7,30.6
20120208193800,0.0,0.1,0.0,54.8,3.2,0.0,9.6,32.3
20120208193900,0.0,0.0,0.0,0.2,0.1,0.0,97.2,2.5
20120208194000,0.0,0.0,0.0,0.0,0.0,0.0,94.3,5.7
20120208194100,0.0,0.0,0.0,0.0,0.0,0.0,98.3,1.6
20120208194200,0.0,0.0,0.0,0.0,0.1,0.0,99.9,0.0
20120208194300,0.0,0.0,0.0,0.0,6.2,0.0,92.8,1.0
20120208194400,0.0,5.0,0.0,1.0,83.3,0.0,7.1,3.5
20120208194500,0.0,0.0,0.0,0.8,98.6,0.0,0.5,0.1
20120208194600,0.0,0.1,0.0,5.7,92.9,0.0,1.1,0.2
20120208194700,0.0,0.0,0.0,15.3,84.1,0.0,0.4,0.1
20120208194800,0.0,0.0,0.0,20.2,42.4,0.0,6.8,30.5
20120208194900,0.0,0.0,0.0,8.6,58.4,0.0,30.4,2.5
20120208195000,0.0,0.0,0.0,27.1,38.6,0.0,30.0,4.4
20120208195100,0.0,0.0,0.0,3.3,79.1,0.0,16.5,1.1
20120208195200,0.0,0.0,0.0,15.2,16.4,0.0,67.8,0.5
20120208195300,0.0,0.0,0.0,0.0,0.0,0.0,99.7,0.2
20120208195400,0.0,0.0,0.0,0.0,0.0,0.0,99.9,0.1
20120208195500,0.0,0.0,0.1,1.0,17.5,0.0,77.5,3.8
20120208195600,0.0,0.0,0.0,0.2,72.7,0.0,26.7,0.4
20120208195700,0.0,0.0,0.0,0.1,1.3,0.0,94.1,4.5
20120208195800,0.0,0.0,0.0,69.5,29.0,0.0,0.6,0.9
20120208195900,0.0,0.1,0.0,3.1,96.8,0.0,0.0,0.0
20120208200000,0.0,0.1,0.0,13.4,72.2,0.0,11.7,2.6
20120208200100,0.0,0.2,0.0,4.9,73.6,0.0,21.1,0.3
20120208200200,0.0,4.8,0.0,49.3,41.9,0.0,2.7,1.3
20120208200300,0.0,8.3,0.0,44.9,46.6,0.0,0.2,0.0
20120208200400,0.0,6.3,0.0,49.4,38.8,0.0,4.9,0.5
20120208200500,0.0,0.2,0.0,32.4,40.6,0.0,26.8,0.1
20120208200600,0.0,0.1,0.0,36.7,24.8,0.0,36.2,2.2
20120208200700,0.0,0.1,0.0,32.1,5.1,0.0,53.5,9.1
20120208200800,0.0,0.6,0.0,54.2,45.2,0.0,0.0,0.0
20120208200900,0.0,0.6,0.0,51.3,48.0,0.0,0.0,0.1
20120208201000,0.0,12.5,0.0,48.6,38.9,0.0,0.0,0.0
20120208201100,0.0,8.1,0.0,3.1,88.8,0.0,0.0,0.0
20120208201200,0.0,23.7,0.0,0.0,76.1,0.0,0.1,0.0
20120208201300,0.0,0.1,0.0,0.1,99.8,0.0,0.0,0.0
20120208201400,0.0,0.0,0.0,56.2,43.8,0.0,0.0,0.0
20120208201500,0.0,0.0,0.0,20.9,54.8,0.0,20.7,3.5
20120208201600,0.0,0.0,0.0,12.7,85.0,0.0,2.1,0.2
20120208201700,0.0,0.0,0.0,74.7,13.4,0.0,2.6,9.3
20120208201800,0.0,0.0,0.0,6.0,77.4,0.0,10.4,6.2
20120208201900,0.0,0.0,0.0,1.7,92.8,0.0,0.5,4.9
20120208202000,0.0,0.0,0.0,19.2,78.1,0.0,2.3,0.5
20120208202100,0.0,0.0,0.0,3.1,20.9,0.0,69.9,6.1
20120208202200,0.0,0.0,0.0,0.5,0.1,0.0,99.3,0.1
20120208202300,0.0,0.0,0.0,0.0,0.0,0.0,95.7,4.3
20120208202400,0.0,0.0,0.0,0.0,0.0,0.0,97.0,3.0
20120208202500,0.0,0.0,0.0,0.0,0.0,0.0,38.1,61.9
20120208202600,0.0,0.0,0.0,0.0,0.0,0.0,12.3,87.7
20120208202700,0.0,0.0,0.0,0.0,0.0,0.0,26.0,74.0
20120208202800,0.0,0.0,0.0,0.0,0.0,0.0,77.5,22.5
20120208202900,0.0,0.0,0.0,0.0,0.0,0.0,38.5,61.5
20120208203000,0.0,0.0,0.0,0.0,0.0,0.0,78.1,21.9
20120208203100,0.0,0.0,0.0,0.0,0.0,0.0,57.9,42.1
20120208203200,0.0,0.0,0.0,0.0,0.0,0.0,91.3,8.7
20120208203300,0.0,0.0,0.0,0.0,0.0,0.0,38.6,61.4
20120208203400,0.0,0.0,0.0,0.0,0.0,0.0,61.3,38.7
20120208203500,0.0,0.0,0.0,0.0,0.0,0.0,65.8,34.2
20120208203600,0.0,0.0,0.0,0.0,0.0,0.0,91.4,8.5
20120208203700,0.0,0.0,0.0,0.0,0.0,0.0,93.5,6.5
20120208203800,0.0,0.0,0.0,0.0,0.0,0.0,67.6,32.4
20120208203900,0.0,0.0,0.0,0.0,0.0,0.0,66.8,33.2
20120208204000,0.0,0.0,0.0,0.0,0.0,0.0,96.0,4.0
20120208204100,0.0,0.0,0.0,0.0,0.0,0.0,99.3,0.7
20120208204200,0.0,0.0,0.0,0.0,0.0,0.0,99.7,0.3
20120208204300,0.0,0.0,0.0,0.0,0.0,0.0,99.8,0.2
20120208204400,0.0,0.0,0.0,0.0,0.0,0.0,98.9,1.1
20120208204500,0.0,0.0,0.0,0.0,0.0,0.0,99.2,0.8
20120208204600,0.0,0.0,0.0,0.0,0.0,0.0,99.1,0.9
20120208204700,0.0,0.0,0.0,0.0,0.0,0.0,95.0,5.0
20120208204800,0.0,0.0,0.0,0.0,0.1,0.0,90.6,9.4
20120208204900,0.0,0.0,0.0,0.0,0.0,0.0,88.8,11.2
20120208205000,0.0,0.0,0.0,0.0,0.0,0.0,82.2,17.8
20120208205100,0.0,0.0,0.0,0.0,0.0,0.0,85.6,14.4
20120208205200,0.0,0.0,0.0,0.0,0.0,0.0,80.8,19.2
20120208205300,0.0,0.0,0.0,0.0,0.0,0.0,74.3,25.7
20120208205400,0.0,0.0,0.0,0.0,0.0,0.0,19.9,80.1
20120208205500,0.0,0.0,0.0,0.0,0.0,0.0,76.8,23.1
20120208205600,0.0,0.0,0.0,0.0,0.0,0.0,83.6,16.3
20120208205700,0.0,0.0,0.0,0.0,0.0,0.0,97.8,2.2
20120208205800,0.0,0.0,0.0,0.0,0.0,0.0,96.1,3.9
20120208205900,0.0,0.0,0.0,0.0,0.0,0.0,98.9,1.1
20120208210000,0.0,0.0,0.0,0.0,0.0,0.0,99.7,0.3
20120208210100,0.0,0.0,0.0,0.0,0.0,0.0,99.2,0.8
20120208210200,0.0,0.0,0.0,0.0,0.0,0.0,96.6,3.4
20120208210300,0.0,0.0,0.0,0.0,0.0,0.0,95.8,4.2
20120208210400,0.0,0.0,0.0,0.0,0.0,0.0,97.2,2.7
20120208210500,0.0,0.0,0.0,0.0,0.0,0.0,99.7,0.3
20120208210600,0.0,0.0,0.0,0.0,0.0,0.0,98.3,1.7
20120208210700,0.0,0.0,0.0,0.0,0.0,0.0,99.8,0.2
20120208210800,0.0,0.0,0.0,0.0,0.0,0.0,99.5,0.5
20120208210900,0.0,0.0,0.0,0.0,0.0,0.0,99.7,0.3
20120208211000,0.0,0.0,0.0,0.0,0.0,0.0,99.8,0.2
20120208211100,0.0,0.0,0.0,0.0,0.0,0.0,98.6,1.4
20120208211200,0.0,0.0,0.0,0.0,0.0,0.0,98.8,1.2
20120208211300,0.0,0.0,0.0,0.0,0.0,0.0,99.4,0.6
20120208211400,0.0,0.0,0.0,0.0,0.0,0.0,94.9,5.1
20120208211500,0.0,0.0,0.0,0.0,0.0,0.0,99.9,0.1
20120208211600,0.0,0.0,0.0,0.0,0.0,0.0,99.8,0.2
20120208211700,0.0,0.0,0.0,0.0,0.0,0.0,99.1,0.9
20120208211800,0.0,0.0,0.0,0.0,0.0,0.0,98.0,2.0
20120208211900,0.0,0.0,0.0,0.0,0.0,0.0,97.8,2.1
20120208212000,0.0,0.0,0.0,0.0,0.0,0.0,98.9,1.0
20120208212100,0.0,0.0,0.0,0.0,0.0,0.0,98.6,1.4
20120208212200,0.0,0.0,0.1,0.0,0.2,0.0,95.4,4.3
20120208212300,0.0,0.0,0.0,0.0,0.0,0.0,97.2,2.7
20120208212400,0.0,0.0,0.0,0.0,0.1,0.0,96.0,3.8
20120208212500,0.0,0.0,0.0,0.0,0.1,0.0,98.8,1.0
20120208212600,0.0,0.0,0.0,0.0,0.1,0.0,91.6,8.3
20120208212700,0.0,0.0,0.0,0.0,0.1,0.0,97.5,2.4
20120208212800,0.0,0.0,0.0,0.0,0.0,0.0,97.7,2.3
20120208212900,0.0,0.0,0.0,0.0,0.2,0.0,92.8,7.0
20120208213000,0.0,0.0,0.0,0.0,0.0,0.0,97.8,2.2
20120208213100,0.0,0.0,0.0,0.0,0.0,0.0,99.6,0.4
20120208213200,0.0,0.0,0.0,0.0,0.0,0.0,98.8,1.2
20120208213300,0.0,0.0,0.0,0.0,0.0,0.0,96.5,3.4
20120208213400,0.0,0.0,0.0,0.0,0.0,0.0,94.1,5.9
20120208213500,0.0,0.0,0.0,0.0,0.0,0.0,96.3,3.7
20120208213600,0.0,0.0,0.0,0.0,0.1,0.0,89.8,10.0
20120208213700,0.0,0.0,0.0,0.0,0.0,0.0,99.4,0.6
20120208213800,0.0,0.0,0.0,0.0,0.0,0.0,98.3,1.7
20120208213900,0.0,0.0,0.0,0.0,0.0,0.0,86.2,13.8
20120208214000,0.0,0.0,0.0,0.0,0.1,0.0,84.2,15.7
20120208214100,0.0,0.0,0.0,0.0,0.0,0.0,95.4,4.6
20120208214200,0.0,0.0,0.0,0.0,0.0,0.0,81.1,18.8
20120208214300,0.0,0.0,0.0,0.0,0.0,0.0,97.7,2.2
20120208214400,0.0,0.0,0.0,0.0,0.0,0.0,97.2,2.8
20120208214500,0.0,0.0,0.0,0.0,0.0,0.0,85.7,14.3
20120208214600,0.0,0.0,0.0,0.0,0.0,0.0,96.9,3.1
20120208214700,0.0,0.0,0.0,0.0,0.0,0.0,77.9,22.1
20120208214800,0.0,0.0,0.0,0.0,0.0,0.0,95.4,4.6
20120208214900,0.0,0.0,0.0,0.0,0.0,0.0,95.0,5.0
20120208215000,0.0,0.0,0.0,0.0,0.0,0.0,95.1,4.8
20120208215100,0.0,0.0,0.0,0.0,0.0,0.0,81.4,18.6
20120208215200,0.0,0.0,0.0,0.0,0.0,0.0,92.0,7.9
20120208215300,0.0,0.0,0.0,0.0,0.0,0.0,74.5,25.5
20120208215400,0.0,0.0,0.0,0.0,0.0,0.0,75.0,25.0
20120208215500,0.0,0.0,0.0,0.1,0.1,0.0,40.6,59.2
20120208215600,0.0,0.0,0.0,0.0,0.1,0.0,69.6,30.3
20120208215700,0.0,0.0,0.0,0.0,0.0,0.0,93.3,6.7
20120208215800,0.0,0.0,0.0,0.0,0.0,0.0,93.1,6.9
20120208215900,0.0,0.0,0.0,0.0,0.0,0.0,89.3,10.6
20120208220000,0.0,0.0,0.0,0.0,0.0,0.0,95.7,4.3
20120208220100,0.0,0.0,0.0,0.0,0.0,0.0,91.1,8.9
20120208220200,0.0,0.0,0.0,0.0,0.0,0.0,83.8,16.2
20120208220300,0.0,0.0,0.0,0.0,0.1,0.0,67.0,32.9
20120208220400,0.0,0.0,0.0,0.0,0.0,0.0,87.0,13.0
20120208220500,0.0,0.0,0.0,0.0,0.0,0.0,98.9,1.1
20120208220600,0.0,0.0,0.0,0.0,0.0,0.0,90.3,9.6
20120208220700,0.0,0.0,0.0,0.0,0.0,0.0,97.1,2.9
20120208220800,0.0,0.0,0.0,0.0,0.0,0.0,72.6,27.4
20120208220900,0.0,0.0,0.0,0.0,0.0,0.0,95.4,4.6
20120208221000,0.0,0.0,0.0,0.0,0.0,0.0,90.2,9.8
20120208221100,0.0,0.0,0.0,0.0,0.0,0.0,86.2,13.8
20120208221200,0.0,0.0,0.0,0.0,0.0,0.0,92.0,8.0
20120208221300,0.0,0.0,0.0,0.0,0.0,0.0,95.7,4.3
20120208221400,0.0,0.0,0.0,0.0,0.0,0.0,92.3,7.6
20120208221500,0.0,0.0,0.0,0.0,0.0,0.0,99.9,0.1
20120208221600,0.0,0.0,0.0,0.0,0.0,0.0,99.7,0.3
20120208221700,0.0,0.0,0.0,0.0,0.0,0.0,99.0,1.0
20120208221800,0.0,0.0,0.0,0.0,0.0,0.0,99.6,0.4
20120208221900,0.0,0.0,0.0,0.0,0.0,0.0,99.9,0.1
20120208222000,0.0,0.0,0.0,0.0,0.0,0.0,99.7,0.3
20120208222100,0.0,0.0,0.0,0.0,0.0,0.0,99.8,0.2
20120208222200,0.0,0.0,0.0,0.0,0.0,0.0,98.1,1.9
20120208222300,0.0,0.0,0.0,0.0,0.0,0.0,99.2,0.8
20120208222400,0.0,0.0,0.0,0.0,0.0,0.0,99.7,0.3
20120208222500,0.0,0.0,0.0,0.0,0.0,0.0,99.0,1.0
20120208222600,0.0,0.0,0.0,0.0,0.0,0.0,95.9,4.1
20120208222700,0.0,0.0,0.0,0.0,0.0,0.0,93.5,6.5
20120208222800,0.0,0.0,0.0,0.0,0.0,0.0,97.9,2.1
20120208222900,0.0,0.0,0.0,0.0,0.0,0.0,99.6,0.4
20120208223000,0.0,0.0,0.0,0.0,0.0,0.0,98.6,1.4
20120208223100,0.0,0.0,0.0,0.0,0.0,0.0,98.1,1.9
20120208223200,0.0,0.0,0.0,0.0,0.0,0.0,99.2,0.8
20120208223300,0.0,0.0,0.0,0.0,0.0,0.0,98.2,1.8
20120208223400,0.0,0.0,0.0,0.0,0.0,0.0,99.5,0.5
20120208223500,0.0,0.0,0.0,0.0,0.0,0.0,98.4,1.6
20120208223600,0.0,0.0,0.0,0.0,0.0,0.0,99.7,0.3
20120208223700,0.0,0.0,0.0,0.0,0.0,0.0,99.5,0.5
20120208223800,0.0,0.0,0.0,0.0,0.0,0.0,99.9,0.1
20120208223900,0.0,0.0,0.0,0.0,0.0,0.0,99.7,0.3
20120208224000,0.0,0.0,0.0,0.0,0.0,0.0,99.2,0.8
20120208224100,0.0,0.0,0.0,0.0,0.0,0.0,94.7,5.3
20120208224200,0.0,0.0,0.0,0.0,0.0,0.0,99.0,1.0
20120208224300,0.0,0.0,0.0,0.0,0.0,0.0,99.5,0.5
20120208224400,0.0,0.0,0.0,0.0,0.0,0.0,99.8,0.2
20120208224500,0.0,0.0,0.0,0.0,0.0,0.0,99.4,0.6
20120208224600,0.0,0.0,0.0,0.0,0.0,0.0,99.8,0.2
20120208224700,0.0,0.0,0.0,0.0,0.0,0.0,100.0,0.0
20120208224800,0.0,0.0,0.0,0.0,0.0,0.0,99.3,0.7
20120208224900,0.0,0.0,0.0,0.0,0.0,0.0,99.3,0.7
20120208225000,0.0,0.0,0.0,0.0,0.0,0.0,99.6,0.4
20120208225100,0.0,0.0,0.0,0.0,0.0,0.0,99.4,0.6
20120208225200,0.0,0.0,0.0,0.0,0.0,0.0,99.1,0.9
20120208225300,0.0,0.0,0.0,0.0,0.0,0.0,99.7,0.3
20120208225400,0.0,0.0,0.0,0.0,0.0,0.0,98.7,1.3
20120208225500,0.0,0.0,0.0,0.0,0.0,0.0,99.9,0.1
20120208225600,0.0,0.0,0.0,0.0,0.0,0.0,99.9,0.1
20120208225700,0.0,0.0,0.0,0.0,0.0,0.0,100.0,0.0
20120208225800,0.0,0.0,0.0,0.0,0.0,0.0,100.0,0.0
20120208225900,0.0,0.0,0.0,0.0,0.0,0.0,100.0,0.0
20120208230000,0.0,0.0,0.0,0.0,0.0,0.0,100.0,0.0
20120208230100,0.0,0.0,0.0,0.0,0.0,0.0,100.0,0.0
20120208230200,0.0,0.0,0.0,0.0,0.0,0.0,100.0,0.0
20120208230300,0.0,0.0,0.0,0.0,0.0,0.0,100.0,0.0
20120208230400,0.0,0.0,0.0,0.0,0.0,0.0,100.0,0.0
20120208230500,0.0,0.0,0.0,0.0,0.0,0.0,99.8,0.2
20120208230600,0.0,0.0,0.0,0.0,0.0,0.0,100.0,0.0
20120208230700,0.0,0.0,0.0,0.0,0.0,0.0,99.9,0.1
20120208230800,0.0,0.0,0.0,0.0,0.0,0.0,100.0,0.0
20120208230900,0.0,0.0,0.0,0.0,0.0,0.0,99.9,0.1
20120208231000,0.0,0.0,0.0,0.0,0.0,0.0,99.7,0.3
20120208231100,0.0,0.0,0.0,0.0,0.0,0.0,98.6,1.4
20120208231200,0.0,0.0,0.0,0.0,0.0,0.0,99.9,0.1
20120208231300,0.0,0.0,0.0,0.0,0.0,0.0,99.5,0.5
20120208231400,0.0,0.0,0.0,0.0,0.0,0.0,99.9,0.1
20120208231500,0.0,0.0,0.0,0.0,0.0,0.0,99.4,0.6
20120208231600,0.0,0.0,0.0,0.0,0.0,0.0,99.0,1.0
20120208231700,0.0,0.0,0.0,0.0,0.0,0.0,96.2,3.8
20120208231800,0.0,0.0,0.0,0.0,0.0,0.0,97.3,2.7
20120208231900,0.0,0.0,0.0,0.0,0.0,0.0,96.3,3.7
20120208232000,0.0,0.0,0.0,0.0,0.0,0.0,98.0,2.0
20120208232100,0.0,0.0,0.0,0.0,0.0,0.0,95.5,4.5
20120208232200,0.0,0.0,0.0,0.0,0.0,0.0,96.6,3.4
20120208232300,0.0,0.0,0.0,0.0,0.0,0.0,99.2,0.8
20120208232400,0.0,0.0,0.0,0.0,0.0,0.0,98.6,1.4
20120208232500,0.0,0.0,0.0,0.0,0.0,0.0,99.6,0.4
20120208232600,0.0,0.0,0.0,0.0,0.0,0.0,99.5,0.5
20120208232700,0.0,0.0,0.0,0.0,0.0,0.0,98.1,1.9
20120208232800,0.0,0.0,0.0,0.0,0.0,0.0,97.3,2.6
20120208232900,0.0,0.0,0.0,0.0,0.0,0.0,95.9,4.1
20120208233000,0.0,0.0,0.0,0.0,0.0,0.0,100.0,0.0
20120208233100,0.0,0.0,0.0,0.0,0.0,0.0,96.7,3.3
20120208233200,0.0,0.0,0.0,0.0,0.0,0.0,98.5,1.5
20120208233300,0.0,0.0,0.0,0.0,0.0,0.0,99.9,0.1
20120208233400,0.0,0.0,0.0,0.0,0.0,0.0,99.5,0.5
20120208233500,0.0,0.0,0.0,0.0,0.0,0.0,99.2,0.8
20120208233600,0.0,0.0,0.0,0.0,0.0,0.0,99.9,0.1
20120208233700,0.0,0.0,0.0,0.0,0.0,0.0,99.8,0.2
20120208233800,0.0,0.0,0.0,0.0,0.0,0.0,100.0,0.0
20120208233900,0.0,0.0,0.0,0.0,0.0,0.0,99.7,0.3
20120208234000,0.0,0.0,0.0,0.0,0.0,0.0,99.0,1.0
20120208234100,0.0,0.0,0.0,0.0,0.0,0.0,95.9,4.1
20120208234200,0.0,0.0,0.0,0.0,0.0,0.0,99.1,0.9
20120208234300,0.0,0.0,0.0,0.0,0.0,0.0,95.5,4.4
20120208234400,0.0,0.0,0.0,0.0,0.0,0.0,99.2,0.8
20120208234500,0.0,0.0,0.0,0.0,0.0,0.0,99.7,0.3
20120208234600,0.0,0.0,0.0,0.0,0.0,0.0,99.5,0.5
20120208234700,0.0,0.0,0.0,0.0,0.0,0.0,98.7,1.3
20120208234800,0.0,0.0,0.0,0.0,0.0,0.0,99.6,0.4
20120208234900,0.0,0.0,0.0,0.0,0.0,0.0,99.4,0.6
20120208235000,0.0,0.0,0.0,0.0,0.0,0.0,100.0,0.0
20120208235100,0.0,0.0,0.0,0.0,0.0,0.0,99.3,0.7
20120208235200,0.0,0.0,0.0,0.0,0.0,0.0,99.9,0.1
20120208235300,0.0,0.0,0.0,0.0,0.0,0.0,99.8,0.2
20120208235400,0.0,0.0,0.0,0.0,0.0,0.0,98.0,2.0
20120208235500,0.0,0.0,0.0,0.0,0.0,0.0,97.7,2.3
20120208235600,0.0,0.0,0.0,0.0,0.0,0.0,92.7,7.3
20120208235700,0.0,0.0,0.0,0.0,0.0,0.0,93.6,6.4
20120208235800,0.0,0.0,0.0,0.0,0.0,0.0,97.1,2.9
20120208235900,0.0,0.0,0.0,0.0,0.0,0.0,99.1,0.9
20120209000000,0.0,0.0,0.0,0.0,0.0,0.0,98.7,1.3
20120209000100,0.0,0.0,0.0,0.0,0.0,0.0,97.2,2.8
20120209000200,0.0,0.0,0.0,0.0,0.0,0.0,92.8,7.2
20120209000300,0.0,0.0,0.0,0.0,0.0,0.0,98.6,1.4
20120209000400,0.0,0.0,0.0,0.0,0.0,0.0,90.3,9.7
20120209000500,0.0,0.0,0.0,0.0,0.0,0.0,98.7,1.3
20120209000600,0.0,0.0,0.0,0.0,0.0,0.0,100.0,0.0
20120209000700,0.0,0.0,0.0,0.0,0.0,0.0,99.1,0.9
20120209000800,0.0,0.0,0.0,0.0,0.0,0.0,99.6,0.3
20120209000900,0.0,0.0,0.0,0.0,0.0,0.0,99.8,0.2
20120209001000,0.0,0.0,0.0,0.0,0.0,0.0,99.1,0.8
20120209001100,0.0,0.0,0.0,0.0,0.0,0.0,98.8,1.2
20120209001200,0.0,0.0,0.0,0.0,0.0,0.0,98.7,1.3
20120209001300,0.0,0.0,0.0,0.0,0.0,0.0,73.7,26.3
20120209001400,0.0,0.0,0.0,0.1,0.0,0.0,96.2,3.7
20120209001500,0.0,0.0,0.0,0.0,0.0,0.0,93.7,6.2
20120209001600,0.0,0.0,0.0,0.1,0.0,0.0,94.5,5.4
20120209001700,0.0,0.0,0.0,0.0,0.0,0.0,98.9,1.1
20120209001800,0.0,0.0,0.0,0.0,0.0,0.0,99.5,0.5
20120209001900,0.0,0.0,0.0,0.0,0.0,0.0,98.2,1.7
20120209002000,0.0,0.0,0.0,0.1,0.0,0.0,99.5,0.4
20120209002100,0.0,0.0,0.0,0.0,0.0,0.0,98.5,1.5
20120209002200,0.0,0.0,0.0,0.0,0.0,0.0,99.5,0.5
20120209002300,0.0,0.0,0.0,0.0,0.0,0.0,98.3,1.7
20120209002400,0.0,0.0,0.0,0.0,0.0,0.0,90.0,10.0
20120209002500,0.0,0.0,0.0,0.0,0.0,0.0,94.8,5.1
20120209002600,0.0,0.0,0.0,0.0,0.0,0.0,85.0,14.9
20120209002700,0.0,0.0,0.0,0.0,0.0,0.0,97.9,2.1
20120209002800,0.0,0.0,0.0,0.1,0.0,0.0,86.9,13.0
20120209002900,0.0,0.0,0.0,0.1,0.0,0.0,78.3,21.5
20120209003000,0.0,0.0,0.0,0.1,0.0,0.0,56.5,43.4
20120209003100,0.0,0.0,0.0,0.7,0.1,0.0,82.0,17.2
20120209003200,0.0,0.0,0.0,0.1,0.1,0.0,94.8,5.0
20120209003300,0.0,0.0,0.0,0.4,0.2,0.0,97.2,2.2
20120209003400,0.0,0.0,0.0,0.2,0.0,0.0,97.2,2.6
20120209003500,0.0,0.0,0.0,0.1,0.0,0.0,90.5,9.4
20120209003600,0.0,0.0,0.0,0.0,0.0,0.0,96.6,3.3
20120209003700,0.0,0.0,0.0,0.0,0.1,0.0,95.4,4.5
20120209003800,0.0,0.0,0.0,0.0,0.0,0.0,98.5,1.4
20120209003900,0.0,0.0,0.0,0.0,0.0,0.0,98.9,1.0
20120209004000,0.0,0.0,0.0,0.0,0.0,0.0,99.6,0.4
20120209004100,0.0,0.0,0.0,0.1,0.1,0.0,97.0,2.8
20120209004200,0.0,0.0,0.0,0.0,0.0,0.0,98.6,1.3
20120209004300,0.0,0.0,0.0,0.0,0.0,0.0,99.5,0.5
20120209004400,0.0,0.0,0.0,0.1,0.0,0.0,99.5,0.4
20120209004500,0.0,0.0,0.0,0.7,0.1,0.0,97.7,1.6
20120209004600,0.0,0.0,0.0,0.0,0.0,0.0,99.3,0.7
20120209004700,0.0,0.0,0.0,0.0,0.0,0.0,99.5,0.5
20120209004800,0.0,0.0,0.0,0.0,0.0,0.0,99.6,0.3
20120209004900,0.0,0.0,0.0,0.1,0.0,0.0,99.3,0.6
20120209005000,0.0,0.0,0.0,0.1,0.0,0.0,99.8,0.1
20120209005100,0.0,0.0,0.0,0.4,0.0,0.0,99.2,0.4
20120209005200,0.0,0.0,0.0,0.1,0.0,0.0,99.7,0.3
20120209005300,0.0,0.0,0.1,0.2,0.0,0.0,98.8,0.9
20120209005400,0.0,0.0,0.0,0.5,0.0,0.0,98.7,0.8
20120209005500,0.0,0.0,0.1,0.2,0.1,0.0,95.3,4.3
20120209005600,0.0,0.0,0.1,0.2,0.1,0.0,93.7,5.9
20120209005700,0.0,0.0,0.1,0.2,0.1,0.0,81.5,18.1
20120209005800,0.0,0.0,0.0,0.3,0.0,0.0,85.9,13.8
20120209005900,0.0,0.0,0.0,0.2,0.1,0.0,88.4,11.3
20120209010000,0.0,0.0,0.0,0.1,0.0,0.0,98.8,1.1
20120209010100,0.0,0.0,0.0,0.1,0.0,0.0,99.2,0.7
20120209010200,0.0,0.0,0.0,0.0,0.0,0.0,96.7,3.2
20120209010300,0.0,0.0,0.0,0.3,0.0,0.0,97.5,2.2
20120209010400,0.0,0.0,0.0,0.4,0.0,0.0,98.0,1.5
20120209010500,0.0,0.0,0.0,0.2,0.0,0.0,99.5,0.3
20120209010600,0.0,0.0,0.0,0.6,0.1,0.0,90.1,9.2
20120209010700,0.0,0.0,0.0,0.2,0.1,0.0,89.3,10.3
20120209010800,0.0,0.0,0.1,0.9,0.2,0.0,90.1,8.7
20120209010900,0.0,0.0,0.0,0.7,0.2,0.0,98.2,0.9
20120209011000,0.0,0.0,0.0,0.2,0.1,0.0,98.6,1.1
20120209011100,0.0,0.0,0.0,0.1,0.0,0.0,99.8,0.1
20120209011200,0.0,0.0,0.0,0.3,0.0,0.0,98.2,1.5
20120209011300,0.0,0.0,0.0,0.1,0.0,0.0,98.1,1.8
20120209011400,0.0,0.0,0.0,0.1,0.0,0.0,95.8,4.1
20120209011500,0.0,0.0,0.0,0.1,0.0,0.0,96.4,3.4
20120209011600,0.0,0.0,0.0,0.1,0.0,0.0,98.9,1.0
20120209011700,0.0,0.0,0.0,0.1,0.0,0.0,99.5,0.4
20120209011800,0.0,0.0,0.0,0.4,0.1,0.0,98.4,1.1
20120209011900,0.0,0.0,0.0,0.2,0.1,0.0,99.0,0.8
20120209012000,0.0,0.0,0.0,0.1,0.1,0.0,98.6,1.2
20120209012100,0.0,0.0,0.0,0.3,0.1,0.0,98.9,0.7
20120209012200,0.0,0.0,0.0,1.6,0.4,0.0,96.0,2.0
20120209012300,0.0,0.0,0.1,0.8,0.4,0.0,91.5,7.2
20120209012400,0.0,0.0,0.0,0.2,0.1,0.0,99.3,0.4
20120209012500,0.0,0.0,0.0,0.1,0.0,0.0,99.5,0.4
20120209012600,0.0,0.0,0.0,0.3,0.1,0.0,96.9,2.6
20120209012700,0.0,0.0,0.0,0.0,0.0,0.0,100.0,0.0
20120209012800,0.0,0.0,0.0,0.1,0.0,0.0,99.7,0.1
20120209012900,0.0,0.0,0.0,0.2,0.0,0.0,99.7,0.1
20120209013000,0.0,0.0,0.0,0.9,0.3,0.0,97.9,0.9
20120209013100,0.0,0.0,0.0,0.2,0.0,0.0,98.0,1.7
20120209013200,0.0,0.0,0.0,0.4,0.1,0.0,97.5,2.1
20120209013300,0.0,0.0,0.0,0.2,0.0,0.0,99.8,0.1
20120209013400,0.0,0.0,0.0,0.3,0.0,0.0,99.6,0.2
20120209013500,0.0,0.0,0.0,0.0,0.0,0.0,99.9,0.1
20120209013600,0.0,0.0,0.0,0.0,0.0,0.0,100.0,0.0
20120209013700,0.0,0.0,0.0,0.1,0.0,0.0,99.9,0.0
20120209013800,0.0,0.0,0.0,0.1,0.0,0.0,99.8,0.0
20120209013900,0.0,0.0,0.0,0.1,0.0,0.0,99.8,0.1
20120209014000,0.0,0.0,0.0,0.4,0.0,0.0,99.6,0.0
20120209014100,0.0,0.0,0.0,0.2,0.1,0.0,99.6,0.1
20120209014200,0.0,0.0,0.0,1.0,0.0,0.0,98.8,0.1
20120209014300,0.0,0.0,0.0,0.8,0.1,0.0,98.7,0.4
20120209014400,0.0,0.0,0.0,0.1,0.0,0.0,99.3,0.6
20120209014500,0.0,0.0,0.0,0.5,0.0,0.0,98.8,0.6
20120209014600,0.0,0.0,0.0,0.2,0.0,0.0,99.1,0.6
20120209014700,0.0,0.0,0.0,0.2,0.1,0.0,97.4,2.3
20120209014800,0.0,0.0,0.0,0.0,0.0,0.0,99.9,0.1
20120209014900,0.0,0.0,0.0,0.3,0.0,0.0,96.2,3.5
20120209015000,0.0,0.0,0.0,0.1,0.0,0.0,99.8,0.1
20120209015100,0.0,0.0,0.0,0.1,0.0,0.0,94.8,5.1
20120209015200,0.0,0.0,0.0,0.1,0.0,0.0,99.3,0.6
20120209015300,0.0,0.0,0.0,0.0,0.0,0.0,99.8,0.1
20120209015400,0.0,0.0,0.0,0.1,0.0,0.0,99.4,0.5
20120209015500,0.0,0.0,0.0,0.0,0.0,0.0,99.5,0.4
20120209015600,0.0,0.0,0.0,0.1,0.0,0.0,98.7,1.3
20120209015700,0.0,0.0,0.0,0.0,0.0,0.0,99.0,0.9
20120209015800,0.0,0.0,0.0,0.1,0.0,0.0,99.5,0.4
20120209015900,0.0,0.0,0.0,0.1,0.0,0.0,98.2,1.7
20120209020000,0.0,0.0,0.0,0.1,0.0,0.0,97.9,1.9
20120209020100,0.0,0.0,0.0,0.0,0.0,0.0,99.9,0.0
20120209020200,0.0,0.0,0.0,0.0,0.0,0.0,98.4,1.5
20120209020300,0.0,0.0,0.0,0.0,0.0,0.0,99.9,0.1
20120209020400,0.0,0.0,0.0,0.0,0.0,0.0,99.9,0.1
20120209020500,0.0,0.0,0.0,0.0,0.0,0.0,99.9,0.1
20120209020600,0.0,0.0,0.0,0.0,0.0,0.0,99.8,0.2
20120209020700,0.0,0.0,0.0,0.1,0.0,0.0,97.0,2.9
20120209020800,0.0,0.0,0.0,0.0,0.0,0.0,99.6,0.4
20120209020900,0.0,0.0,0.0,0.0,0.0,0.0,98.8,1.1
20120209021000,0.0,0.0,0.0,0.0,0.0,0.0,99.6,0.4
20120209021100,0.0,0.0,0.0,0.0,0.0,0.0,99.3,0.6
20120209021200,0.0,0.0,0.0,0.0,0.0,0.0,98.7,1.3
20120209021300,0.0,0.0,0.0,0.0,0.0,0.0,99.0,1.0
20120209021400,0.0,0.0,0.0,0.0,0.0,0.0,99.2,0.8
20120209021500,0.0,0.0,0.0,0.0,0.0,0.0,98.6,1.4
20120209021600,0.0,0.0,0.0,0.0,0.0,0.0,99.2,0.8
20120209021700,0.0,0.0,0.0,0.0,0.0,0.0,96.3,3.7
20120209021800,0.0,0.0,0.0,0.0,0.0,0.0,99.3,0.7
20120209021900,0.0,0.0,0.0,0.0,0.0,0.0,99.3,0.7
20120209022000,0.0,0.0,0.0,0.0,0.0,0.0,97.5,2.5
20120209022100,0.0,0.0,0.0,0.0,0.0,0.0,97.5,2.4
20120209022200,0.0,0.0,0.0,0.0,0.0,0.0,99.9,0.1
20120209022300,0.0,0.0,0.0,0.0,0.0,0.0,93.1,6.9
20120209022400,0.0,0.0,0.0,0.0,0.0,0.0,96.9,3.1
20120209022500,0.0,0.0,0.0,0.0,0.0,0.0,95.0,5.0
20120209022600,0.0,0.0,0.0,0.0,0.0,0.0,99.6,0.4
20120209022700,0.0,0.0,0.0,0.0,0.0,0.0,99.6,0.4
20120209022800,0.0,0.0,0.0,0.0,0.0,0.0,95.3,4.6
20120209022900,0.0,0.0,0.0,0.0,0.0,0.0,91.2,8.7
20120209023000,0.0,0.0,0.0,0.0,0.0,0.0,92.3,7.7
20120209023100,0.0,0.0,0.0,0.0,0.0,0.0,71.2,28.7
20120209023200,0.0,0.0,0.0,0.0,0.0,0.0,52.9,47.0
20120209023300,0.0,0.0,0.0,0.0,0.2,0.0,88.2,11.6
20120209023400,0.0,0.0,0.0,0.0,0.0,0.0,98.0,1.9
20120209023500,0.0,0.0,0.0,0.0,0.0,0.0,70.9,29.1
20120209023600,0.0,0.0,0.0,0.0,0.0,0.0,95.1,4.9
20120209023700,0.0,0.0,0.0,0.0,0.0,0.0,91.0,9.0
20120209023800,0.0,0.0,0.0,0.0,0.0,0.0,91.6,8.3
20120209023900,0.0,0.0,0.0,0.0,0.0,0.0,99.6,0.4
20120209024000,0.0,0.0,0.0,0.0,0.1,0.0,42.1,57.9
20120209024100,0.0,0.0,0.0,0.0,0.0,0.0,88.4,11.6
20120209024200,0.0,0.0,0.0,0.0,0.0,0.0,82.9,17.1
20120209024300,0.0,0.0,0.0,0.0,0.0,0.0,93.7,6.2
20120209024400,0.0,0.0,0.0,0.0,0.0,0.0,47.6,52.4
20120209024500,0.0,0.0,0.0,0.0,0.0,0.0,40.0,60.0
20120209024600,0.0,0.0,0.0,0.0,0.0,0.0,85.9,14.1
20120209024700,0.0,0.0,0.0,0.0,0.0,0.0,30.9,69.1
20120209024800,0.0,0.0,0.0,0.0,0.1,0.0,49.6,50.3
20120209024900,0.0,0.0,0.0,0.0,0.0,0.0,48.9,51.1
20120209025000,0.0,0.0,0.0,0.0,0.0,0.0,49.1,50.9
20120209025100,0.0,0.0,0.0,0.0,0.3,0.0,14.0,85.7
20120209025200,0.0,0.0,0.0,0.0,0.0,0.0,11.5,88.5
20120209025300,0.0,0.0,0.0,0.0,0.1,0.0,29.4,70.6
20120209025400,0.0,0.0,0.0,0.0,0.0,0.0,45.1,54.8
20120209025500,0.0,0.0,0.0,0.0,0.0,0.0,88.0,12.0
20120209025600,0.0,0.0,0.0,0.0,0.0,0.0,72.9,27.1
20120209025700,0.0,0.0,0.0,0.0,0.0,0.0,32.0,68.0
20120209025800,0.0,0.0,0.0,0.0,0.0,0.0,74.7,25.2
20120209025900,0.0,0.0,0.0,0.0,0.0,0.0,36.9,63.0
20120209030000,0.0,0.0,0.0,0.0,0.0,0.0,22.2,77.8
20120209030100,0.0,0.0,0.0,0.0,0.0,0.0,55.3,44.6
20120209030200,0.0,0.0,0.0,0.0,0.1,0.0,7.8,92.0
20120209030300,0.0,0.0,0.0,0.2,0.3,0.0,35.9,63.6
20120209030400,0.0,0.0,0.0,0.0,0.1,0.0,79.5,20.4
20120209030500,0.0,0.0,0.0,0.0,0.1,0.0,47.4,52.4
20120209030600,0.0,0.0,0.0,0.0,0.0,0.0,78.0,22.0
20120209030700,0.0,0.0,0.0,0.1,0.1,0.0,83.1,16.7
20120209030800,0.0,0.0,0.0,0.0,0.0,0.0,92.4,7.6
20120209030900,0.0,0.0,0.0,0.1,0.0,0.0,79.1,20.8
20120209031000,0.0,0.0,0.0,0.0,0.0,0.0,96.6,3.3
20120209031100,0.0,0.0,0.0,0.1,0.1,0.0,94.3,5.6
20120209031200,0.0,0.0,0.0,0.4,0.3,0.0,98.1,1.3
20120209031300,0.0,0.0,0.0,0.1,0.2,0.0,93.0,6.8
20120209031400,0.0,0.0,0.0,0.3,0.3,0.0,90.8,8.6
20120209031500,0.0,0.0,0.0,3.4,0.1,0.0,84.7,11.7
20120209031600,0.0,0.0,0.0,0.4,0.7,0.0,93.6,5.3
20120209031700,0.0,0.0,0.0,0.0,0.1,0.0,13.5,86.4
20120209031800,0.0,0.0,0.0,0.1,0.1,0.0,81.9,17.9
20120209031900,0.0,0.0,0.0,0.0,0.0,0.0,96.5,3.5
20120209032000,0.0,0.0,0.0,0.0,0.0,0.0,93.6,6.4
20120209032100,0.0,0.0,0.0,0.1,0.0,0.0,98.7,1.2
20120209032200,0.0,0.0,0.0,0.2,0.3,0.0,91.7,7.9
20120209032300,0.0,0.0,0.0,1.2,0.4,0.0,92.7,5.7
20120209032400,0.0,0.0,0.0,1.1,0.7,0.0,88.9,9.2
20120209032500,0.0,0.0,0.0,1.5,0.9,0.0,58.6,39.0
20120209032600,0.0,0.0,0.0,0.3,0.3,0.0,66.4,32.9
20120209032700,0.0,0.0,0.0,0.0,0.0,0.0,85.0,14.9
20120209032800,0.0,0.0,0.0,0.1,0.1,0.0,69.4,30.4
20120209032900,0.0,0.0,0.0,0.4,0.2,0.0,91.7,7.6
20120209033000,0.0,0.0,0.0,0.2,0.3,0.0,94.4,5.1
20120209033100,0.0,0.0,0.0,0.4,0.1,0.0,70.6,28.8
20120209033200,0.0,0.0,0.0,0.2,0.1,0.0,90.4,9.4
20120209033300,0.0,0.0,0.0,0.3,0.1,0.0,95.5,4.1
20120209033400,0.0,0.0,0.0,0.1,0.0,0.0,99.4,0.5
20120209033500,0.0,0.0,0.0,0.0,0.0,0.0,98.2,1.8
20120209033600,0.0,0.0,0.0,0.2,0.2,0.0,95.0,4.6
20120209033700,0.0,0.0,0.0,0.6,0.0,0.0,98.6,0.7
20120209033800,0.0,0.0,0.0,0.1,0.1,0.0,99.1,0.7
20120209033900,0.0,0.0,0.0,0.0,0.0,0.0,99.8,0.1
20120209034000,0.0,0.0,0.0,1.3,0.0,0.0,98.5,0.3
20120209034100,0.0,0.0,0.0,0.2,0.0,0.0,99.4,0.5
20120209034200,0.0,0.0,0.0,0.1,0.0,0.0,99.8,0.1
20120209034300,0.0,0.0,0.0,0.1,0.0,0.0,99.8,0.1
20120209034400,0.0,0.0,0.0,0.2,0.1,0.0,99.5,0.2
20120209034500,0.0,0.0,0.0,0.3,0.0,0.0,99.6,0.1
20120209034600,0.0,0.0,0.0,0.1,0.0,0.0,99.7,0.2
20120209034700,0.0,0.0,0.0,0.1,0.0,0.0,99.5,0.4
20120209034800,0.0,0.0,0.0,0.0,0.0,0.0,99.9,0.1
20120209034900,0.0,0.0,0.0,0.0,0.0,0.0,99.9,0.1
20120209035000,0.0,0.0,0.0,0.0,0.0,0.0,99.8,0.2
20120209035100,0.0,0.0,0.0,0.0,0.0,0.0,99.9,0.1
20120209035200,0.0,0.0,0.0,0.2,0.0,0.0,93.6,6.2
20120209035300,0.0,0.0,0.0,0.1,0.0,0.0,91.9,8.1
20120209035400,0.0,0.0,0.0,0.0,0.0,0.0,96.3,3.7
20120209035500,0.0,0.0,0.0,0.0,0.0,0.0,54.5,45.5
20120209035600,0.0,0.0,0.0,0.1,0.0,0.0,33.7,66.2
20120209035700,0.0,0.0,0.0,0.0,0.0,0.0,47.4,52.6
20120209035800,0.0,0.0,0.0,0.1,0.0,0.0,18.3,81.6
20120209035900,0.0,0.0,0.0,0.0,0.0,0.0,13.7,86.3
20120209040000,0.0,0.0,0.0,0.0,0.0,0.0,6.5,93.5
20120209040100,0.0,0.0,0.0,0.1,0.1,0.0,1.5,98.3
20120209040200,0.0,0.0,0.0,0.0,0.0,0.0,0.3,99.7
20120209040300,0.0,0.0,0.0,0.0,0.0,0.0,0.5,99.5
20120209040400,0.0,0.0,0.0,0.0,0.0,0.0,0.0,100.0
20120209040500,0.0,0.0,0.0,0.0,0.0,0.0,0.7,99.3
20120209040600,0.0,0.0,0.0,0.0,0.0,0.0,0.0,100.0
20120209040700,0.0,0.0,0.0,0.0,0.0,0.0,0.1,99.9
20120209040800,0.0,0.0,0.0,0.0,0.0,0.0,0.8,99.2
20120209040900,0.0,0.0,0.0,0.0,0.1,0.0,0.2,99.8
20120209041000,0.0,0.0,0.0,0.0,0.0,0.0,0.1,99.9
20120209041100,0.0,0.0,0.0,0.0,0.0,0.0,0.0,100.0
20120209041200,0.0,0.0,0.0,0.0,0.0,0.0,0.0,100.0
20120209041300,0.0,0.0,0.0,0.0,0.0,0.0,0.1,99.9
20120209041400,0.0,0.0,0.0,0.0,0.0,0.0,0.0,100.0
20120209041500,0.0,0.0,0.0,0.0,0.0,0.0,0.0,100.0
20120209041600,0.0,0.0,0.0,0.0,0.0,0.0,0.0,100.0
20120209041700,0.0,0.0,0.0,0.0,0.0,0.0,0.2,99.8
20120209041800,0.0,0.0,0.0,0.0,0.0,0.0,0.0,100.0
20120209041900,0.0,0.0,0.0,0.0,0.0,0.0,0.0,100.0
20120209042000,0.0,0.0,0.0,0.0,0.0,0.0,0.1,99.9
20120209042100,0.0,0.0,0.0,0.0,0.0,0.0,0.0,100.0
20120209042200,0.0,0.0,0.0,0.0,0.0,0.0,0.0,100.0
20120209042300,0.0,0.0,0.0,0.0,0.0,0.0,0.0,100.0
20120209042400,0.0,0.0,0.0,0.0,0.0,0.0,0.0,100.0
20120209042500,0.0,0.0,0.0,0.0,0.0,0.0,0.0,100.0
20120209042600,0.0,0.0,0.0,0.0,0.0,0.0,0.0,100.0
20120209042700,0.0,0.0,0.0,0.0,0.0,0.0,0.0,100.0
20120209042800,0.0,0.0,0.0,0.0,0.0,0.0,0.0,100.0
20120209042900,0.0,0.0,0.0,0.0,0.0,0.0,0.0,100.0
20120209043000,0.0,0.0,0.0,0.0,0.0,0.0,0.0,100.0
20120209043100,0.0,0.0,0.0,0.0,0.0,0.0,0.0,100.0
20120209043200,0.0,0.0,0.0,0.0,0.0,0.0,0.0,100.0
20120209043300,0.0,0.0,0.0,0.0,0.0,0.0,0.0,100.0
20120209043400,0.0,0.0,0.0,0.0,0.0,0.0,0.0,100.0
20120209043500,0.0,0.0,0.0,0.0,0.0,0.0,0.0,100.0
20120209043600,0.0,0.0,0.0,0.0,0.0,0.0,0.1,99.9
20120209043700,0.0,0.0,0.0,0.0,0.0,0.0,0.1,99.9
20120209043800,0.0,0.0,0.0,0.0,0.0,0.0,0.6,99.4
20120209043900,0.0,0.0,0.0,0.0,0.0,0.0,0.0,100.0
20120209044000,0.0,0.0,0.0,0.0,0.0,0.0,0.0,100.0
20120209044100,0.0,0.0,0.0,0.0,0.0,0.0,0.1,99.9
20120209044503,0.0,0.0,0.0,0.0,0.0,0.0,1.0,99.0
20120209044603,0.0,0.0,0.0,0.0,0.0,0.0,0.1,99.9
20120209044703,0.0,0.0,0.0,0.0,0.0,0.0,49.4,50.6
20120209044803,0.0,0.0,0.0,0.0,0.0,0.0,0.1,99.9
20120209044903,0.0,0.0,0.0,0.0,0.0,0.0,0.6,99.4
20120209045003,0.0,0.0,0.0,0.0,0.0,0.0,0.1,99.9
20120209045103,0.0,0.0,0.0,0.0,0.0,0.0,0.1,99.9
20120209045203,0.0,0.0,0.0,0.0,0.0,0.0,0.0,100.0
20120209045303,0.0,0.0,0.0,0.0,0.0,0.0,0.0,100.0
20120209045403,0.0,0.0,0.0,0.0,0.0,0.0,0.1,99.9
20120209045503,0.0,0.0,0.0,0.0,0.0,0.0,0.0,100.0
20120209045603,0.0,0.0,0.0,0.0,0.0,0.0,0.0,100.0
20120209045703,0.0,0.0,0.0,0.0,0.0,0.0,0.0,100.0
20120209045803,0.0,0.0,0.0,0.0,0.0,0.0,0.0,100.0
20120209045903,0.0,0.0,0.0,0.0,0.0,0.0,0.0,100.0
20120209050003,0.0,0.0,0.0,0.0,0.0,0.0,0.0,100.0
20120209050103,0.0,0.0,0.0,0.0,0.0,0.0,0.0,100.0
20120209050203,0.0,0.0,0.0,0.0,0.0,0.0,0.0,100.0
20120209050303,0.0,0.0,0.0,0.0,0.0,0.0,0.0,100.0
20120209050403,0.0,0.0,0.0,0.0,0.0,0.0,0.0,100.0
20120209050503,0.0,0.0,0.0,0.0,0.0,0.0,0.0,100.0
20120209050603,0.0,0.0,0.0,0.0,0.0,0.0,0.0,100.0
20120209050703,0.0,0.0,0.0,0.0,0.0,0.0,0.0,100.0
20120209050803,0.0,0.0,0.0,0.0,0.0,0.0,0.0,100.0
20120209050903,0.0,0.0,0.0,0.0,0.0,0.0,0.0,100.0
