UT,arc,discrete,diffuse,ac,ab,clear,cloudy,dd
20121229132700,0.0,0.0,0.0,0.0,0.0,0.0,0.0,100.0
20121229132800,0.0,0.0,0.0,0.0,0.0,0.0,0.0,100.0
20121229132900,0.0,0.0,0.0,0.0,0.0,0.0,0.0,100.0
20121229133000,0.0,0.0,0.0,0.0,0.0,0.0,0.0,100.0
20121229133100,0.0,0.0,0.0,0.0,0.0,0.0,0.0,100.0
20121229133200,0.0,0.0,0.0,0.0,0.0,0.0,0.0,100.0
20121229133300,0.0,0.0,0.0,0.0,0.0,0.0,0.0,100.0
20121229133400,0.0,0.0,0.0,0.0,0.0,0.0,0.0,100.0
20121229133500,0.0,0.0,0.0,0.0,0.0,0.0,0.0,100.0
20121229133600,0.0,0.0,0.0,0.0,0.0,0.0,0.0,100.0
20121229133700,0.0,0.0,0.0,0.0,0.0,0.0,0.0,100.0
20121229133800,0.0,0.0,0.0,0.0,0.0,0.0,0.0,100.0
20121229133900,0.0,0.0,0.0,0.0,0.0,0.0,0.0,100.0
20121229134000,0.0,0.0,0.0,0.0,0.0,0.0,0.0,100.0
20121229134100,0.0,0.0,0.0,0.0,0.0,0.0,0.0,100.0
20121229134200,0.0,0.0,0.0,0.0,0.0,0.0,0.0,100.0
20121229134300,0.0,0.0,0.0,0.0,0.0,0.0,0.0,100.0
20121229134400,0.0,0.0,0.0,0.0,0.0,0.0,0.0,100.0
20121229134500,0.0,0.0,0.0,0.0,0.0,0.0,0.0,100.0
20121229134600,0.0,0.0,0.0,0.0,0.0,0.0,0.0,100.0
20121229134700,0.0,0.0,0.0,0.0,0.0,0.0,0.0,100.0
20121229134800,0.0,0.0,0.0,0.0,0.0,0.0,0.0,100.0
20121229134900,0.0,0.0,0.0,0.0,0.0,0.0,0.0,100.0
20121229135000,0.0,0.0,0.0,0.0,0.0,0.0,0.0,100.0
20121229135100,0.0,0.0,0.0,0.0,0.0,0.0,0.0,100.0
20121229135200,0.0,0.0,0.0,0.0,0.0,0.0,0.0,100.0
20121229135300,0.0,0.0,0.0,0.0,0.0,0.0,0.0,100.0
20121229135400,0.0,0.0,0.0,0.0,0.0,0.0,0.0,100.0
20121229135500,0.0,0.0,0.0,0.0,0.0,0.0,0.0,100.0
20121229135600,0.0,0.0,0.0,0.0,0.0,0.0,0.0,100.0
20121229135700,0.0,0.0,0.0,0.0,0.0,0.0,0.0,100.0
20121229135800,0.0,0.0,0.0,0.0,0.0,0.0,0.0,100.0
20121229135900,0.0,0.0,0.0,0.0,0.0,0.0,0.0,100.0
20121229140000,0.0,0.0,0.0,0.0,0.0,0.0,0.0,100.0
20121229140100,0.0,0.0,0.0,0.0,0.0,0.0,0.0,100.0
20121229140200,0.0,0.0,0.0,0.0,0.0,0.0,0.0,100.0
20121229140300,0.0,0.0,0.0,0.0,0.0,0.0,0.0,100.0
20121229140400,0.0,0.0,0.0,0.0,0.0,0.0,0.0,100.0
20121229140500,0.0,0.0,0.0,0.0,0.0,0.0,0.0,100.0
20121229140600,0.0,0.0,0.0,0.0,0.0,0.0,0.0,100.0
20121229140700,0.0,0.0,0.0,0.0,0.0,0.0,0.0,100.0
20121229140800,0.0,0.0,0.0,0.0,0.0,0.0,0.0,100.0
20121229140900,0.0,0.0,0.0,0.0,0.0,0.0,0.0,100.0
20121229141000,0.0,0.0,0.0,0.0,0.0,0.0,0.0,100.0
20121229141100,0.0,0.0,0.0,0.0,0.0,0.0,0.0,100.0
20121229141200,0.0,0.0,0.0,0.0,0.0,0.0,0.0,100.0
20121229141300,0.0,0.0,0.0,0.0,0.0,0.0,0.0,100.0
20121229141400,0.0,0.0,0.0,0.0,0.0,0.0,0.0,100.0
20121229141500,0.0,0.0,0.0,0.0,0.0,0.0,0.0,100.0
20121229141600,0.0,0.0,0.0,0.0,0.0,0.0,0.0,100.0
20121229141700,0.0,0.0,0.0,0.0,0.0,0.0,0.0,100.0
20121229141800,0.0,0.0,0.0,0.0,0.0,0.0,0.0,100.0
20121229141900,0.0,0.0,0.0,0.0,0.0,0.0,0.0,100.0
20121229142000,0.0,0.0,0.0,0.0,0.0,0.0,0.0,100.0
20121229142100,0.0,0.0,0.0,0.0,0.0,0.0,0.0,100.0
20121229142200,0.0,0.0,0.0,0.0,0.0,0.0,0.0,100.0
20121229142300,0.0,0.0,0.0,0.0,0.0,0.0,0.0,100.0
20121229142400,0.0,0.0,0.0,0.0,0.0,0.0,0.0,100.0
20121229142500,0.0,0.0,0.0,0.0,0.0,0.0,0.0,100.0
20121229142600,0.0,0.0,0.0,0.0,0.0,0.0,0.0,100.0
20121229142700,0.0,0.0,0.0,0.0,0.0,0.0,0.0,100.0
20121229142800,0.0,0.0,0.0,0.0,0.0,0.0,0.0,100.0
20121229142900,0.0,0.0,0.0,0.0,0.0,0.0,0.0,100.0
20121229143000,0.0,0.0,0.0,0.0,0.0,0.0,0.0,100.0
20121229143100,0.0,0.0,0.0,0.0,0.0,0.0,0.0,100.0
20121229143200,0.0,0.0,0.0,0.0,0.0,0.0,0.0,100.0
20121229143300,0.0,0.0,0.0,0.0,0.0,0.0,0.0,100.0
20121229143400,0.0,0.0,0.0,0.0,0.0,0.0,0.0,100.0
20121229143500,0.0,0.0,0.0,0.0,0.0,0.0,0.0,100.0
20121229143600,0.0,0.0,0.0,0.0,0.0,0.0,0.0,100.0
20121229143700,0.0,0.0,0.0,0.0,0.0,0.0,0.0,100.0
20121229143800,0.0,0.0,0.0,0.0,0.0,0.0,0.0,100.0
20121229143900,0.0,0.0,0.0,0.0,0.0,0.0,0.0,100.0
20121229144000,0.0,0.0,0.0,0.0,0.0,0.0,0.0,100.0
20121229144100,0.0,0.0,0.0,0.0,0.0,0.0,0.1,99.9
20121229144200,0.0,0.0,0.0,0.0,0.0,0.0,0.0,99.9
20121229144300,0.0,0.0,0.0,0.0,0.0,0.0,0.4,99.5
20121229144400,0.0,0.0,0.0,0.0,0.0,0.0,0.3,99.6
20121229144500,0.0,0.0,0.0,0.0,0.0,0.0,4.0,96.0
20121229144600,0.0,0.0,0.0,0.0,0.0,0.0,4.5,95.5
20121229144700,0.0,0.0,0.0,0.0,0.0,0.0,2.0,98.0
20121229144800,0.0,0.0,0.0,0.0,0.0,0.0,6.5,93.5
20121229144900,0.0,0.0,0.0,0.0,0.0,0.0,3.5,96.5
20121229145000,0.0,0.0,0.0,0.0,0.0,0.0,7.4,92.5
20121229145100,0.0,0.0,0.0,0.0,0.0,0.0,36.1,63.9
20121229145200,0.0,0.0,0.0,0.0,0.0,0.0,42.1,57.8
20121229145300,0.0,0.0,0.0,0.0,0.0,0.0,37.6,62.4
20121229145400,0.0,0.0,0.0,0.0,0.0,0.0,18.8,81.1
20121229145500,0.0,0.0,0.0,0.0,0.0,0.0,40.0,60.0
20121229145600,0.0,0.0,0.0,0.0,0.0,0.0,33.1,66.9
20121229145700,0.0,0.0,0.0,0.0,0.0,0.0,29.5,70.4
20121229145800,0.0,0.0,0.0,0.0,0.0,0.0,79.4,20.6
20121229145900,0.0,0.0,0.0,0.0,0.0,0.0,70.2,29.8
20121229150000,0.0,0.0,0.0,0.0,0.0,0.0,63.6,36.4
20121229150100,0.0,0.0,0.0,0.0,0.0,0.0,79.6,20.4
20121229150200,0.0,0.0,0.0,0.0,0.0,0.0,90.1,9.9
20121229150300,0.0,0.0,0.0,0.0,0.0,0.0,86.5,13.5
20121229150400,0.0,0.0,0.0,0.0,0.0,0.0,12.2,87.8
20121229150500,0.0,0.0,0.0,0.0,0.0,0.0,61.0,39.0
20121229150600,0.0,0.0,0.0,0.0,0.0,0.0,45.8,54.2
20121229150700,0.0,0.0,0.0,0.0,0.0,0.0,59.2,40.8
20121229150800,0.0,0.0,0.0,0.0,0.0,0.0,20.7,79.3
20121229150900,0.0,0.0,0.0,0.0,0.0,0.0,9.9,90.1
20121229151000,0.0,0.0,0.0,0.0,0.0,0.0,23.9,76.1
20121229151100,0.0,0.0,0.0,0.0,0.0,0.0,61.4,38.6
20121229151200,0.0,0.0,0.0,0.0,0.0,0.0,83.6,16.4
20121229151300,0.0,0.0,0.0,0.0,0.0,0.0,36.3,63.7
20121229151400,0.0,0.0,0.0,0.0,0.0,0.0,40.3,59.7
20121229151500,0.0,0.0,0.0,0.0,0.0,0.0,76.1,23.9
20121229151600,0.0,0.0,0.0,0.0,0.0,0.0,2.0,97.9
20121229151700,0.0,0.0,0.0,0.0,0.0,0.0,84.1,15.9
20121229151800,0.0,0.0,0.0,0.0,0.0,0.0,49.7,50.3
20121229151900,0.0,0.0,0.0,0.0,0.0,0.0,61.8,38.2
20121229152000,0.0,0.0,0.0,0.0,0.0,0.0,68.2,31.8
20121229152100,0.0,0.0,0.0,0.0,0.0,0.0,40.2,59.8
20121229152200,0.0,0.0,0.0,0.0,0.0,0.0,83.8,16.2
20121229152300,0.0,0.0,0.0,0.0,0.0,0.0,88.3,11.7
20121229152400,0.0,0.0,0.0,0.0,0.0,0.0,93.4,6.6
20121229152500,0.0,0.0,0.0,0.0,0.0,0.0,88.8,11.2
20121229152600,0.0,0.0,0.0,0.0,0.0,0.0,72.6,27.4
20121229152700,0.0,0.0,0.0,0.0,0.0,0.0,55.5,44.5
20121229152800,0.0,0.0,0.0,0.0,0.0,0.0,88.7,11.3
20121229152900,0.0,0.0,0.0,0.0,0.0,0.0,54.6,45.4
20121229153000,0.0,0.0,0.0,0.0,0.0,0.0,70.6,29.4
20121229153100,0.0,0.0,0.0,0.0,0.0,0.0,44.8,55.2
20121229153200,0.0,0.0,0.0,0.0,0.0,0.0,61.1,38.9
20121229153300,0.0,0.0,0.0,0.0,0.0,0.0,87.7,12.3
20121229153400,0.0,0.0,0.0,0.0,0.0,0.0,16.2,83.8
20121229153500,0.0,0.0,0.0,0.0,0.0,0.0,63.5,36.5
20121229153600,0.0,0.0,0.0,0.0,0.0,0.0,80.2,19.8
20121229153700,0.0,0.0,0.0,0.0,0.0,0.0,92.4,7.6
20121229153800,0.0,0.0,0.0,0.0,0.0,0.0,82.0,18.0
20121229153900,0.0,0.0,0.0,0.0,0.0,0.0,71.8,28.2
20121229154000,0.0,0.0,0.0,0.0,0.0,0.0,77.4,22.6
20121229154100,0.0,0.0,0.0,0.0,0.0,0.0,66.0,34.0
20121229154200,0.0,0.0,0.0,0.0,0.0,0.0,48.4,51.6
20121229154300,0.0,0.0,0.0,0.0,0.0,0.0,33.8,66.1
20121229154400,0.0,0.0,0.0,0.0,0.0,0.0,25.9,74.1
20121229154500,0.0,0.0,0.0,0.0,0.0,0.0,14.4,85.6
20121229154600,0.0,0.0,0.0,0.0,0.0,0.0,36.4,63.6
20121229154700,0.0,0.0,0.0,0.0,0.0,0.0,50.2,49.8
20121229154800,0.0,0.0,0.0,0.0,0.0,0.0,33.8,66.2
20121229154900,0.0,0.0,0.0,0.0,0.0,0.0,73.8,26.2
20121229155000,0.0,0.0,0.0,0.0,0.0,0.0,75.0,25.0
20121229155100,0.0,0.0,0.0,0.0,0.0,0.0,75.3,24.7
20121229155200,0.0,0.0,0.0,0.0,0.0,0.0,72.7,27.3
20121229155300,0.0,0.0,0.0,0.0,0.0,0.0,81.4,18.6
20121229155400,0.0,0.0,0.0,0.0,0.0,0.0,93.3,6.7
20121229155500,0.0,0.0,0.0,0.0,0.0,0.0,92.0,8.0
20121229155600,0.0,0.0,0.0,0.0,0.0,0.0,62.4,37.6
20121229155700,0.0,0.0,0.0,0.0,0.0,0.0,73.1,26.8
20121229155800,0.0,0.0,0.0,0.0,0.0,0.0,41.3,58.7
20121229155900,0.0,0.0,0.0,0.0,0.0,0.0,59.7,40.3
20121229160000,0.0,0.0,0.0,0.0,0.0,0.0,56.9,43.1
20121229160100,0.0,0.0,0.0,0.0,0.0,0.0,76.3,23.7
20121229160200,0.0,0.0,0.0,0.0,0.0,0.0,58.9,41.1
20121229160300,0.0,0.0,0.0,0.0,0.0,0.0,75.0,25.0
20121229160400,0.0,0.0,0.0,0.0,0.0,0.0,48.1,51.9
20121229160500,0.0,0.0,0.0,0.0,0.0,0.0,33.6,66.4
20121229160600,0.0,0.0,0.0,0.0,0.0,0.0,52.5,47.5
20121229160700,0.0,0.0,0.0,0.0,0.0,0.0,48.5,51.5
20121229160800,0.0,0.0,0.0,0.0,0.0,0.0,16.4,83.6
20121229160900,0.0,0.0,0.0,0.0,0.0,0.0,6.1,93.9
20121229161000,0.0,0.0,0.0,0.0,0.0,0.0,18.1,81.9
20121229161100,0.0,0.0,0.0,0.0,0.0,0.0,26.7,73.3
20121229161200,0.0,0.0,0.0,0.0,0.0,0.0,6.8,93.2
20121229161300,0.0,0.0,0.0,0.0,0.0,0.0,98.0,2.0
20121229161400,0.0,0.0,0.0,0.0,0.0,0.0,0.6,99.4
20121229161500,0.0,0.0,0.0,0.0,0.0,0.0,22.5,77.5
20121229161600,0.0,0.0,0.0,0.0,0.0,0.0,7.6,92.4
20121229161700,0.0,0.0,0.0,0.0,0.0,0.0,35.7,64.3
20121229161800,0.0,0.0,0.0,0.0,0.0,0.0,6.5,93.5
20121229161900,0.0,0.0,0.0,0.0,0.0,0.0,75.2,24.8
20121229162000,0.0,0.0,0.0,0.0,0.0,0.0,17.5,82.5
20121229162100,0.0,0.0,0.0,0.0,0.0,0.0,27.2,72.8
20121229162200,0.0,0.0,0.0,0.0,0.0,0.0,55.0,45.0
20121229162300,0.0,0.0,0.0,0.0,0.0,0.0,98.0,2.0
20121229162400,0.0,0.0,0.0,0.0,0.0,0.0,54.0,46.0
20121229162500,0.0,0.0,0.0,0.0,0.0,0.0,49.6,50.4
20121229162600,0.0,0.0,0.0,0.0,0.0,0.0,27.6,72.4
20121229162700,0.0,0.0,0.0,0.0,0.0,0.0,16.4,83.6
20121229162800,0.0,0.0,0.0,0.1,0.0,0.0,52.7,47.2
20121229162900,0.0,0.0,0.0,0.0,0.0,0.0,55.5,44.5
20121229163000,0.0,0.0,0.0,0.0,0.0,0.0,91.0,9.0
20121229163100,0.0,0.0,0.0,0.0,0.0,0.0,90.0,9.9
20121229163200,0.0,0.0,0.0,0.0,0.0,0.0,99.1,0.9
20121229163300,0.0,0.0,0.0,0.1,0.0,0.0,86.1,13.8
20121229163400,0.0,0.0,0.0,0.1,0.0,0.0,80.4,19.5
20121229163500,0.0,0.0,0.0,0.0,0.0,0.0,65.5,34.5
20121229163600,0.0,0.0,0.0,0.1,0.0,0.0,48.4,51.4
20121229163700,0.0,0.0,0.0,0.0,0.0,0.0,6.7,93.3
20121229163800,0.0,0.0,0.0,0.0,0.0,0.0,63.6,36.4
20121229163900,0.0,0.0,0.0,0.0,0.0,0.0,29.2,70.8
20121229164000,0.0,0.0,0.0,0.1,0.0,0.0,29.2,70.7
20121229164100,0.0,0.0,0.0,0.0,0.0,0.0,21.9,78.1
20121229164200,0.0,0.0,0.0,0.0,0.0,0.0,14.0,86.0
20121229164300,0.0,0.0,0.0,0.0,0.0,0.0,26.8,73.2
20121229164400,0.0,0.0,0.0,0.0,0.0,0.0,61.0,39.0
20121229164500,0.0,0.0,0.0,0.0,0.0,0.0,2.6,97.4
20121229164600,0.0,0.0,0.0,0.0,0.0,0.0,13.4,86.6
20121229164700,0.0,0.0,0.0,0.0,0.0,0.0,23.4,76.6
20121229164800,0.0,0.0,0.0,0.0,0.0,0.0,2.8,97.2
20121229164900,0.0,0.0,0.0,0.0,0.0,0.0,6.5,93.5
20121229165000,0.0,0.0,0.0,0.0,0.0,0.0,16.8,83.2
20121229165100,0.0,0.0,0.0,0.0,0.0,0.0,22.6,77.3
20121229165200,0.0,0.0,0.0,0.0,0.0,0.0,56.6,43.4
20121229165300,0.0,0.0,0.0,0.0,0.0,0.0,12.6,87.4
20121229165400,0.0,0.0,0.0,0.0,0.0,0.0,4.3,95.7
20121229165500,0.0,0.0,0.0,0.0,0.0,0.0,15.9,84.1
20121229165600,0.0,0.0,0.0,0.1,0.0,0.0,12.3,87.6
20121229165700,0.0,0.0,0.0,0.0,0.0,0.0,4.4,95.6
20121229165800,0.0,0.0,0.0,0.1,0.0,0.0,29.5,70.4
20121229165900,0.0,0.0,0.0,0.0,0.0,0.0,7.5,92.5
20121229170000,0.0,0.0,0.0,0.0,0.0,0.0,28.6,71.4
20121229170100,0.0,0.0,0.0,0.1,0.0,0.0,8.4,91.5
20121229170200,0.0,0.0,0.0,0.3,0.1,0.0,3.1,96.5
20121229170300,0.0,0.0,0.0,0.5,0.0,0.0,31.9,67.5
20121229170400,0.0,0.0,0.0,0.4,0.1,0.0,3.0,96.5
20121229170500,0.0,0.0,0.0,0.2,0.2,0.0,0.7,98.9
20121229170600,0.0,0.0,0.0,1.4,0.1,0.0,9.0,89.5
20121229170700,0.0,0.0,0.0,0.2,0.4,0.0,1.1,98.3
20121229170800,0.0,0.0,0.0,0.0,0.0,0.0,0.5,99.5
20121229170900,0.0,0.0,0.0,0.0,0.0,0.0,0.1,99.9
20121229171000,0.0,0.0,0.0,0.3,0.6,0.0,4.9,94.3
20121229171100,0.0,0.0,0.0,1.2,0.2,0.0,4.5,94.1
20121229171200,0.0,0.0,0.0,0.1,0.1,0.0,0.3,99.6
20121229171300,0.0,0.0,0.0,0.3,0.2,0.0,1.4,98.1
20121229171400,0.0,0.0,0.0,0.1,0.0,0.0,0.2,99.7
20121229171500,0.0,0.0,0.0,0.4,0.0,0.0,0.3,99.3
20121229171600,0.0,0.0,0.0,0.1,0.0,0.0,0.1,99.8
20121229171700,0.0,0.0,0.0,0.0,0.0,0.0,0.0,99.9
20121229171800,0.0,0.0,0.0,0.2,0.0,0.0,0.8,99.0
20121229171900,0.0,0.0,0.0,0.1,0.0,0.0,0.7,99.3
20121229172000,0.0,0.0,0.0,0.1,0.0,0.0,0.4,99.6
20121229172100,0.0,0.0,0.0,0.0,0.0,0.0,0.2,99.8
20121229172200,0.0,0.0,0.0,0.1,0.0,0.0,1.2,98.7
20121229172300,0.0,0.0,0.0,0.0,0.0,0.0,0.8,99.2
20121229172400,0.0,0.0,0.0,0.0,0.0,0.0,2.1,97.9
20121229172500,0.0,0.0,0.0,0.0,0.0,0.0,24.2,75.8
20121229172600,0.0,0.0,0.0,0.0,0.0,0.0,10.4,89.5
20121229172700,0.0,0.0,0.0,0.0,0.0,0.0,3.6,96.4
20121229172800,0.0,0.0,0.0,0.0,0.0,0.0,5.8,94.2
20121229172900,0.0,0.0,0.0,0.3,0.1,0.0,72.6,27.0
20121229173000,0.0,0.0,0.0,0.1,0.1,0.0,29.4,70.5
20121229173100,0.0,0.0,0.0,0.1,0.0,0.0,64.6,35.3
20121229173200,0.0,0.0,0.0,0.0,0.1,0.0,29.3,70.7
20121229173300,0.0,0.0,0.0,0.1,0.0,0.0,13.7,86.2
20121229173400,0.0,0.0,0.0,0.0,0.0,0.0,4.1,95.9
20121229173500,0.0,0.0,0.0,0.0,0.0,0.0,7.2,92.8
20121229173600,0.0,0.0,0.0,0.0,0.0,0.0,4.3,95.7
20121229173700,0.0,0.0,0.0,0.0,0.0,0.0,2.1,97.8
20121229173800,0.0,0.0,0.0,0.1,0.0,0.0,4.0,96.0
20121229173900,0.0,0.0,0.0,0.0,0.0,0.0,6.8,93.2
20121229174000,0.0,0.0,0.0,0.0,0.0,0.0,7.5,92.5
20121229174100,0.0,0.0,0.0,0.0,0.0,0.0,12.7,87.3
20121229174200,0.0,0.0,0.0,0.0,0.0,0.0,0.8,99.2
20121229174300,0.0,0.0,0.0,0.0,0.0,0.0,18.4,81.6
20121229174400,0.0,0.0,0.0,0.0,0.0,0.0,25.3,74.6
20121229174500,0.0,0.0,0.0,0.0,0.0,0.0,5.1,94.9
20121229174600,0.0,0.0,0.0,0.0,0.0,0.0,5.9,94.1
20121229174700,0.0,0.0,0.0,0.0,0.0,0.0,19.1,80.9
20121229174800,0.0,0.0,0.0,0.0,0.0,0.0,23.3,76.7
20121229174900,0.0,0.0,0.0,0.0,0.0,0.0,19.8,80.1
20121229175000,0.0,0.0,0.0,0.0,0.0,0.0,16.0,84.0
20121229175100,0.0,0.0,0.0,0.0,0.0,0.0,13.7,86.3
20121229175200,0.0,0.0,0.0,0.0,0.0,0.0,30.0,70.0
20121229175300,0.0,0.0,0.0,0.0,0.0,0.0,8.9,91.1
20121229175400,0.0,0.0,0.0,0.0,0.0,0.0,15.2,84.8
20121229175500,0.0,0.0,0.0,0.0,0.0,0.0,15.9,84.1
20121229175600,0.0,0.0,0.0,0.0,0.0,0.0,25.3,74.7
20121229175700,0.0,0.0,0.0,0.0,0.0,0.0,24.7,75.2
20121229175800,0.0,0.0,0.0,0.0,0.0,0.0,54.9,45.1
20121229175900,0.0,0.0,0.0,0.0,0.0,0.0,53.4,46.6
20121229180000,0.0,0.0,0.0,0.0,0.0,0.0,5.1,94.9
20121229180100,0.0,0.0,0.0,0.0,0.0,0.0,93.6,6.4
20121229180200,0.0,0.0,0.0,0.0,0.0,0.0,5.4,94.6
20121229180300,0.0,0.0,0.0,0.0,0.1,0.0,14.0,86.0
20121229180400,0.0,0.0,0.0,0.0,0.0,0.0,34.5,65.5
20121229180500,0.0,0.0,0.0,0.0,0.0,0.0,4.9,95.1
20121229180600,0.0,0.0,0.0,0.0,0.0,0.0,5.2,94.8
20121229180700,0.0,0.0,0.0,0.0,0.0,0.0,24.8,75.2
20121229180800,0.0,0.0,0.0,0.0,0.0,0.0,78.7,21.3
20121229180900,0.0,0.0,0.0,0.0,0.0,0.0,62.1,37.9
20121229181000,0.0,0.0,0.0,0.0,0.0,0.0,17.4,82.6
20121229181100,0.0,0.0,0.0,0.0,0.0,0.0,47.6,52.4
20121229181200,0.0,0.0,0.0,0.0,0.0,0.0,9.1,90.9
20121229181300,0.0,0.0,0.0,0.0,0.2,0.0,23.8,76.0
20121229181400,0.0,0.0,0.0,0.0,0.0,0.0,96.8,3.1
20121229181500,0.0,0.0,0.0,0.0,0.0,0.0,96.5,3.5
20121229181600,0.0,0.0,0.0,0.1,0.0,0.0,77.9,22.0
20121229181700,0.0,0.0,0.0,0.1,0.0,0.0,61.8,38.1
20121229181800,0.0,0.0,0.0,0.1,0.0,0.0,14.8,85.1
20121229181900,0.0,0.0,0.0,0.0,0.0,0.0,15.1,84.9
20121229182000,0.0,0.0,0.0,0.0,0.0,0.0,0.9,99.1
20121229182100,0.0,0.0,0.0,0.0,0.1,0.0,4.0,95.9
20121229182200,0.0,0.0,0.0,0.1,0.0,0.0,18.0,81.9
20121229182300,0.0,0.0,0.0,0.0,0.0,0.0,4.5,95.4
20121229182400,0.0,0.0,0.0,0.0,0.1,0.0,11.0,88.9
20121229182500,0.0,0.0,0.0,0.1,0.0,0.0,23.8,76.1
20121229182600,0.0,0.0,0.0,0.2,0.0,0.0,78.6,21.2
20121229182700,0.0,0.0,0.0,0.1,0.0,0.0,80.2,19.7
20121229182800,0.0,0.0,0.0,2.0,0.1,0.0,90.0,7.9
20121229182900,0.0,0.0,0.0,0.3,0.0,0.0,92.2,7.4
20121229183000,0.0,0.0,0.0,0.6,0.4,0.0,86.4,12.6
20121229183100,0.0,0.0,0.0,6.8,3.8,0.0,67.6,21.8
20121229183200,0.0,0.0,0.0,2.7,1.0,0.0,89.0,7.3
20121229183300,0.0,0.0,0.0,4.7,0.6,0.0,78.6,16.1
20121229183400,0.0,0.0,0.0,5.7,4.3,0.0,69.0,21.1
20121229183500,0.0,0.0,0.0,10.5,2.3,0.0,85.0,2.2
20121229183600,0.0,0.0,0.0,0.7,7.7,0.0,89.7,1.8
20121229183700,0.0,0.0,0.0,1.8,5.0,0.0,91.5,1.7
20121229183800,0.0,0.0,0.0,1.8,8.8,0.0,86.3,3.1
20121229183900,0.0,0.0,0.0,11.8,15.8,0.0,66.2,6.2
20121229184000,0.0,0.0,0.0,0.6,1.7,0.0,97.2,0.5
20121229184100,0.0,0.0,0.0,2.0,2.7,0.0,94.0,1.3
20121229184200,0.0,0.0,0.0,0.3,2.1,0.0,96.6,0.9
20121229184300,0.0,0.0,0.0,0.3,1.0,0.0,98.1,0.6
20121229184400,0.0,0.0,0.0,0.0,1.5,0.0,97.9,0.5
20121229184500,0.0,0.0,0.0,0.2,10.5,0.0,86.5,2.8
20121229184600,0.0,0.0,0.0,1.4,8.7,0.0,88.0,1.9
20121229184700,0.0,0.0,0.0,0.6,6.5,0.0,92.3,0.6
20121229184800,0.0,0.0,0.0,0.1,2.9,0.0,96.8,0.2
20121229184900,0.0,0.0,0.0,0.1,0.6,0.0,99.2,0.2
20121229185000,0.0,0.0,0.0,1.8,6.6,0.0,90.9,0.7
20121229185100,0.0,0.0,0.0,0.7,4.1,0.0,95.2,0.0
20121229185200,0.0,0.0,0.0,0.2,3.0,0.0,96.6,0.1
20121229185300,0.0,0.0,0.0,0.1,3.6,0.0,96.2,0.1
20121229185400,0.0,0.0,0.0,0.1,0.9,0.0,99.0,0.1
20121229185500,0.0,0.0,0.0,0.0,0.5,0.0,99.4,0.1
20121229185600,0.0,0.0,0.0,0.0,0.1,0.0,99.8,0.1
20121229185700,0.0,0.0,0.0,0.1,0.1,0.0,99.7,0.1
20121229185800,0.0,0.0,0.0,0.0,0.1,0.0,99.9,0.0
20121229185900,0.0,0.0,0.0,0.1,0.2,0.0,99.6,0.1
20121229190000,0.0,0.0,0.0,0.0,0.2,0.0,99.8,0.0
20121229190100,0.0,0.0,0.0,0.0,0.2,0.0,99.7,0.1
20121229190200,0.0,0.0,0.0,0.1,0.5,0.0,99.2,0.2
20121229190300,0.0,0.0,0.0,0.1,1.9,0.0,90.5,7.4
20121229190400,0.0,0.0,0.0,0.0,0.1,0.0,99.4,0.4
20121229190500,0.0,0.0,0.0,0.0,0.1,0.0,97.6,2.2
20121229190600,0.0,0.0,0.0,0.9,2.8,0.0,48.3,48.0
20121229190700,0.0,0.0,0.0,0.6,2.2,0.0,91.3,5.9
20121229190800,0.0,0.0,0.0,0.3,1.6,0.0,95.2,2.8
20121229190900,0.0,0.0,0.0,0.0,0.4,0.0,98.1,1.5
20121229191000,0.0,0.0,0.0,0.1,1.6,0.0,95.7,2.6
20121229191100,0.0,0.0,0.0,0.0,1.7,0.0,97.0,1.2
20121229191200,0.0,0.0,0.0,0.3,1.0,0.0,98.0,0.8
20121229191300,0.0,0.0,0.0,0.2,5.1,0.0,93.8,0.9
20121229191400,0.0,0.0,0.0,0.1,2.1,0.0,96.7,1.1
20121229191500,0.0,0.0,0.0,0.0,0.3,0.0,99.6,0.1
20121229191600,0.0,0.0,0.0,0.0,0.4,0.0,99.2,0.3
20121229191700,0.0,0.0,0.0,0.0,0.4,0.0,99.0,0.5
20121229191800,0.0,0.0,0.0,0.0,0.0,0.0,99.9,0.0
20121229191900,0.0,0.0,0.0,0.0,1.4,0.0,95.9,2.6
20121229192000,0.0,0.0,0.0,0.1,3.3,0.0,94.7,1.8
20121229192100,0.0,0.0,0.0,0.1,0.7,0.0,98.8,0.4
20121229192200,0.0,0.0,0.0,0.0,0.3,0.0,99.3,0.3
20121229192300,0.0,0.0,0.0,0.1,0.6,0.0,98.5,0.8
20121229192400,0.0,0.0,0.0,0.1,0.3,0.0,99.1,0.5
20121229192500,0.0,0.0,0.0,0.1,0.2,0.0,99.6,0.2
20121229192600,0.0,0.0,0.0,0.1,0.3,0.0,99.1,0.5
20121229192700,0.0,0.0,0.0,0.0,0.2,0.0,99.6,0.2
20121229192800,0.0,0.0,0.0,0.0,0.3,0.0,99.6,0.1
20121229192900,0.0,0.0,0.0,0.0,0.0,0.0,99.9,0.1
20121229193000,0.0,0.0,0.0,0.0,0.0,0.0,99.9,0.0
20121229193100,0.0,0.0,0.0,0.0,0.3,0.0,99.6,0.0
20121229193200,0.0,0.0,0.0,0.0,2.9,0.0,96.9,0.2
20121229193300,0.0,0.0,0.0,0.0,0.1,0.0,99.8,0.1
20121229193400,0.0,0.0,0.0,0.1,0.5,0.0,99.0,0.5
20121229193500,0.0,0.0,0.0,0.0,0.2,0.0,99.5,0.3
20121229193600,0.0,0.0,0.0,0.0,0.2,0.0,99.4,0.4
20121229193700,0.0,0.0,0.0,0.1,0.6,0.0,98.7,0.6
20121229193800,0.0,0.0,0.0,0.1,0.9,0.0,98.2,0.7
20121229193900,0.0,0.0,0.0,0.1,1.7,0.0,97.9,0.4
20121229194000,0.0,0.0,0.0,0.0,1.0,0.0,98.3,0.6
20121229194100,0.0,0.0,0.0,0.0,0.1,0.0,99.9,0.0
20121229194200,0.0,0.0,0.0,0.1,1.9,0.0,97.0,1.1
20121229194300,0.0,0.0,0.0,0.2,1.6,0.0,98.1,0.1
20121229194400,0.0,0.0,0.0,0.2,4.4,0.0,94.7,0.7
20121229194500,0.0,0.0,0.0,0.2,18.2,0.0,73.9,7.8
20121229194600,0.0,0.0,0.0,0.0,0.7,0.0,99.0,0.3
20121229194700,0.0,0.0,0.0,0.1,0.3,0.0,99.5,0.1
20121229194800,0.0,0.0,0.0,0.0,0.0,0.0,99.9,0.1
20121229194900,0.0,0.0,0.0,0.0,0.0,0.0,99.7,0.3
20121229195000,0.0,0.0,0.0,0.0,0.0,0.0,99.8,0.1
20121229195100,0.0,0.0,0.0,0.0,0.2,0.0,99.1,0.7
20121229195200,0.0,0.0,0.0,0.0,0.1,0.0,99.6,0.3
20121229195300,0.0,0.0,0.0,0.0,0.0,0.0,99.9,0.1
20121229195400,0.0,0.0,0.0,0.0,0.0,0.0,99.5,0.5
20121229195500,0.0,0.0,0.0,0.0,0.0,0.0,99.9,0.1
20121229195600,0.0,0.0,0.0,0.0,0.0,0.0,99.9,0.0
20121229195700,0.0,0.0,0.0,0.0,0.3,0.0,99.3,0.3
20121229195800,0.0,0.0,0.0,0.1,0.3,0.0,95.8,3.8
20121229195900,0.0,0.0,0.0,0.0,0.7,0.0,96.9,2.4
20121229200000,0.0,0.0,0.0,0.1,0.7,0.0,97.1,2.0
20121229200100,0.0,0.0,0.0,0.4,1.8,0.0,94.7,3.1
20121229200200,0.0,0.0,0.0,0.0,1.0,0.0,98.8,0.2
20121229200300,0.0,0.0,0.0,0.0,1.5,0.0,98.0,0.5
20121229200400,0.0,0.0,0.0,0.0,1.7,0.0,96.9,1.3
20121229200500,0.0,0.0,0.0,0.1,3.0,0.0,96.3,0.6
20121229200600,0.0,0.0,0.0,0.1,0.7,0.0,98.9,0.3
20121229200700,0.0,0.0,0.0,0.0,0.3,0.0,99.6,0.1
20121229200800,0.0,0.0,0.0,0.0,1.6,0.0,97.9,0.5
20121229200900,0.0,0.0,0.0,0.1,0.7,0.0,98.3,0.9
20121229201000,0.0,0.0,0.0,0.0,0.4,0.0,99.4,0.2
20121229201100,0.0,0.0,0.0,0.1,2.2,0.0,97.5,0.2
20121229201200,0.0,0.0,0.0,0.0,0.3,0.0,99.6,0.1
20121229201300,0.0,0.0,0.0,0.0,2.1,0.0,97.8,0.1
20121229201400,0.0,0.0,0.0,0.0,4.6,0.0,95.2,0.2
20121229201500,0.0,0.0,0.0,0.0,5.4,0.0,94.4,0.1
20121229201600,0.0,0.0,0.0,0.3,28.9,0.0,70.4,0.4
20121229201700,0.0,0.0,0.0,0.1,38.0,0.0,61.4,0.5
20121229201800,0.0,0.0,0.0,0.1,5.4,0.0,94.3,0.2
20121229201900,0.0,0.0,0.0,0.0,6.3,0.0,93.3,0.4
20121229202000,0.0,0.0,0.0,0.0,6.1,0.0,93.4,0.4
20121229202100,0.0,0.0,0.0,0.0,2.7,0.0,96.5,0.7
20121229202200,0.0,0.0,0.0,0.1,1.5,0.0,98.1,0.4
20121229202300,0.0,0.0,0.0,0.0,3.3,0.0,96.5,0.2
20121229202400,0.0,0.0,0.0,0.0,2.8,0.0,97.0,0.2
20121229202500,0.0,0.0,0.0,0.0,1.4,0.0,98.3,0.3
20121229202600,0.0,0.0,0.0,0.0,0.4,0.0,99.2,0.3
20121229202700,0.0,0.0,0.0,0.2,0.8,0.0,97.2,1.9
20121229202800,0.0,0.0,0.0,0.0,0.7,0.0,98.8,0.5
20121229202900,0.0,0.0,0.0,0.0,0.6,0.0,98.8,0.6
20121229203000,0.0,0.0,0.0,0.0,0.2,0.0,99.1,0.7
20121229203100,0.0,0.0,0.0,0.0,0.7,0.0,99.0,0.4
20121229203200,0.0,0.0,0.0,0.0,0.2,0.0,99.4,0.3
20121229203300,0.0,0.0,0.0,0.0,0.8,0.0,98.8,0.4
20121229203400,0.0,0.0,0.0,0.0,0.3,0.0,98.8,0.9
20121229203500,0.0,0.0,0.0,0.0,0.3,0.0,98.8,0.9
20121229203600,0.0,0.0,0.0,0.0,0.2,0.0,99.1,0.6
20121229203700,0.0,0.0,0.0,0.0,0.3,0.0,99.0,0.7
20121229203800,0.0,0.0,0.0,0.0,0.7,0.0,98.2,1.0
20121229203900,0.0,0.0,0.0,0.0,0.0,0.0,99.7,0.2
20121229204000,0.0,0.0,0.0,0.0,0.1,0.0,99.7,0.2
20121229204100,0.0,0.0,0.0,0.0,0.0,0.0,99.8,0.1
20121229204200,0.0,0.0,0.0,0.0,0.1,0.0,99.5,0.3
20121229204300,0.0,0.0,0.0,0.0,0.1,0.0,99.7,0.1
20121229204400,0.0,0.0,0.0,0.1,0.6,0.0,98.8,0.5
20121229204500,0.0,0.0,0.0,0.2,1.3,0.0,97.6,0.9
20121229204600,0.0,0.0,0.0,0.1,0.5,0.0,98.9,0.5
20121229204700,0.0,0.0,0.0,0.0,0.2,0.0,99.6,0.2
20121229204800,0.0,0.0,0.0,0.0,0.2,0.0,98.9,0.9
20121229204900,0.0,0.0,0.0,0.0,0.3,0.0,99.4,0.2
20121229205000,0.0,0.0,0.0,0.0,0.2,0.0,99.7,0.1
20121229205100,0.0,0.0,0.0,0.0,0.2,0.0,99.7,0.1
20121229205200,0.0,0.0,0.0,0.0,0.2,0.0,99.6,0.2
20121229205300,0.0,0.0,0.0,0.0,0.1,0.0,99.8,0.1
20121229205400,0.0,0.0,0.0,0.1,0.3,0.0,99.5,0.1
20121229205500,0.0,0.0,0.0,0.1,0.3,0.0,99.6,0.0
20121229205600,0.0,0.0,0.0,0.1,1.0,0.0,98.8,0.1
20121229205700,0.0,0.0,0.0,0.0,0.2,0.0,99.7,0.0
20121229205800,0.0,0.0,0.0,0.4,2.3,0.0,96.1,1.2
20121229205900,0.0,0.0,0.0,0.2,1.6,0.0,97.2,0.9
20121229210000,0.0,0.0,0.0,0.2,0.7,0.0,97.7,1.4
20121229210100,0.0,0.0,0.0,0.1,0.2,0.0,99.0,0.7
20121229210200,0.0,0.0,0.0,0.0,0.2,0.0,99.5,0.2
20121229210300,0.0,0.0,0.0,0.0,0.1,0.0,99.7,0.1
20121229210400,0.0,0.0,0.0,0.1,0.1,0.0,99.7,0.1
20121229210500,0.0,0.0,0.0,0.1,0.1,0.0,99.8,0.1
20121229210600,0.0,0.0,0.0,0.0,0.1,0.0,99.7,0.2
20121229210700,0.0,0.0,0.0,0.0,0.0,0.0,99.9,0.1
20121229210800,0.0,0.0,0.0,0.0,0.0,0.0,99.9,0.0
20121229210900,0.0,0.0,0.0,0.0,0.1,0.0,99.9,0.0
20121229211000,0.0,0.0,0.0,0.0,0.0,0.0,100.0,0.0
20121229211100,0.0,0.0,0.0,0.0,0.0,0.0,100.0,0.0
20121229211200,0.0,0.0,0.0,0.0,0.1,0.0,99.9,0.0
20121229211300,0.0,0.0,0.0,0.0,0.1,0.0,99.9,0.1
20121229211400,0.0,0.0,0.0,0.0,0.0,0.0,99.9,0.0
20121229211500,0.0,0.0,0.0,0.0,0.1,0.0,99.7,0.2
20121229211600,0.0,0.0,0.0,0.0,0.1,0.0,99.8,0.1
20121229211700,0.0,0.0,0.0,0.0,0.1,0.0,99.2,0.6
20121229211800,0.0,0.0,0.0,0.0,0.0,0.0,99.7,0.2
20121229211900,0.0,0.0,0.0,0.0,0.0,0.0,99.8,0.1
20121229212000,0.0,0.0,0.0,0.0,0.1,0.0,99.8,0.1
20121229212100,0.0,0.0,0.0,0.0,0.0,0.0,99.9,0.0
20121229212200,0.0,0.0,0.0,0.0,0.0,0.0,99.9,0.1
20121229212300,0.0,0.0,0.0,0.0,0.0,0.0,99.9,0.1
20121229212400,0.0,0.0,0.0,0.0,0.1,0.0,99.7,0.2
20121229212500,0.0,0.0,0.0,0.0,0.4,0.0,98.9,0.7
20121229212600,0.0,0.0,0.0,0.1,0.3,0.0,99.2,0.5
20121229212700,0.0,0.0,0.0,0.0,0.2,0.0,99.0,0.9
20121229212800,0.0,0.0,0.0,0.0,0.1,0.0,99.6,0.3
20121229212900,0.0,0.0,0.0,0.1,0.1,0.0,99.6,0.2
20121229213000,0.0,0.0,0.0,0.1,0.6,0.0,98.8,0.5
20121229213100,0.0,0.0,0.0,0.0,0.1,0.0,99.7,0.1
20121229213200,0.0,0.0,0.0,0.1,0.7,0.0,98.5,0.7
20121229213300,0.0,0.0,0.0,0.1,0.9,0.0,98.5,0.6
20121229213400,0.0,0.0,0.0,0.1,0.3,0.0,99.4,0.2
20121229213500,0.0,0.0,0.0,0.7,9.6,0.0,88.6,1.1
20121229213600,0.0,0.0,0.0,0.6,8.4,0.0,90.1,0.9
20121229213700,0.0,0.0,0.0,0.1,10.7,0.0,87.8,1.4
20121229213800,0.0,0.0,0.0,0.1,1.9,0.0,97.6,0.4
20121229213900,0.0,0.0,0.0,0.1,10.9,0.0,88.2,0.7
20121229214000,0.0,0.0,0.0,1.0,16.7,0.0,80.2,2.1
20121229214100,0.0,0.0,0.0,0.1,9.4,0.0,89.7,0.8
20121229214200,0.0,0.0,0.0,1.6,7.1,0.0,89.1,2.2
20121229214300,0.0,0.0,0.0,0.2,3.0,0.0,96.6,0.2
20121229214400,0.0,0.0,0.0,0.7,3.0,0.0,95.7,0.5
20121229214500,0.0,0.0,0.0,0.0,2.6,0.0,97.1,0.2
20121229214600,0.0,0.0,0.0,0.0,0.9,0.0,98.9,0.2
20121229214700,0.0,0.0,0.0,0.3,3.0,0.0,95.3,1.4
20121229214800,0.0,0.0,0.0,0.0,0.5,0.0,98.7,0.8
20121229214900,0.0,0.0,0.0,0.2,1.5,0.0,97.5,0.8
20121229215000,0.0,0.0,0.0,0.1,4.3,0.0,93.1,2.5
20121229215100,0.0,0.0,0.0,0.0,0.6,0.0,98.8,0.6
20121229215200,0.0,0.0,0.0,0.0,1.0,0.0,97.4,1.6
20121229215300,0.0,0.0,0.0,0.1,1.1,0.0,98.4,0.5
20121229215400,0.0,0.0,0.0,0.1,0.4,0.0,98.6,0.9
20121229215500,0.0,0.0,0.0,0.1,2.4,0.0,92.9,4.6
20121229215600,0.0,0.0,0.0,0.1,1.3,0.0,98.0,0.7
20121229215700,0.0,0.0,0.0,0.1,2.0,0.0,96.8,1.1
20121229215800,0.0,0.0,0.0,0.0,0.1,0.0,99.8,0.1
20121229215900,0.0,0.0,0.0,0.0,0.2,0.0,99.7,0.1
20121229220000,0.0,0.0,0.0,0.0,0.3,0.0,99.5,0.1
20121229220100,0.0,0.0,0.0,0.0,0.1,0.0,99.8,0.1
20121229220200,0.0,0.0,0.0,0.0,0.4,0.0,99.4,0.3
20121229220300,0.0,0.0,0.0,0.1,0.6,0.0,99.2,0.1
20121229220400,0.0,0.0,0.0,0.0,0.4,0.0,99.6,0.0
20121229220500,0.0,0.0,0.0,0.0,0.1,0.0,99.9,0.0
20121229220600,0.0,0.0,0.0,0.0,0.1,0.0,99.9,0.0
20121229220700,0.0,0.0,0.0,0.0,0.3,0.0,99.6,0.1
20121229220800,0.0,0.0,0.0,0.1,0.6,0.0,99.3,0.1
20121229220900,0.0,0.0,0.0,0.0,0.3,0.0,99.5,0.1
20121229221000,0.0,0.0,0.0,0.0,0.6,0.0,99.3,0.1
20121229221100,0.0,0.0,0.0,0.1,0.3,0.0,99.6,0.0
20121229221200,0.0,0.0,0.0,0.0,0.2,0.0,99.8,0.0
20121229221300,0.0,0.0,0.0,0.0,0.1,0.0,99.9,0.0
20121229221400,0.0,0.0,0.0,0.0,0.4,0.0,99.5,0.1
20121229221500,0.0,0.0,0.0,0.0,0.3,0.0,99.7,0.0
20121229221600,0.0,0.0,0.0,0.0,0.3,0.0,99.7,0.0
20121229221700,0.0,0.0,0.0,0.0,1.0,0.0,98.9,0.1
20121229221800,0.0,0.0,0.0,0.1,3.1,0.0,96.5,0.3
20121229221900,0.0,0.0,0.0,0.0,1.4,0.0,98.6,0.0
20121229222000,0.0,0.0,0.0,0.1,1.2,0.0,98.7,0.1
20121229222100,0.0,0.0,0.0,0.2,8.8,0.0,90.5,0.5
20121229222200,0.0,0.0,0.0,0.1,1.2,0.0,98.6,0.1
20121229222300,0.0,0.0,0.0,0.1,1.8,0.0,98.0,0.1
20121229222400,0.0,0.0,0.0,0.1,0.7,0.0,99.2,0.1
20121229222500,0.0,0.0,0.0,0.0,0.9,0.0,98.9,0.1
20121229222600,0.0,0.0,0.0,0.1,2.0,0.0,97.6,0.3
20121229222700,0.0,0.0,0.0,0.0,9.8,0.0,90.1,0.1
20121229222800,0.0,0.0,0.0,0.1,6.3,0.0,93.3,0.4
20121229222900,0.0,0.0,0.0,0.1,4.2,0.0,95.3,0.4
20121229223000,0.0,0.0,0.0,0.0,0.5,0.0,99.3,0.1
20121229223100,0.0,0.0,0.0,0.0,2.2,0.0,97.6,0.2
20121229223200,0.0,0.0,0.0,0.0,13.6,0.0,85.9,0.5
20121229223300,0.0,0.0,0.0,0.1,3.0,0.0,96.7,0.2
20121229223400,0.0,0.0,0.0,0.5,8.0,0.0,89.5,2.0
20121229223500,0.0,0.0,0.0,0.1,9.3,0.0,88.3,2.3
20121229223600,0.0,0.0,0.0,0.3,4.3,0.0,93.4,1.9
20121229223700,0.0,0.0,0.0,0.4,2.1,0.0,95.7,1.8
20121229223800,0.0,0.0,0.0,1.3,2.5,0.0,93.7,2.5
20121229223900,0.0,0.0,0.0,0.1,2.1,0.0,97.2,0.6
20121229224000,0.0,0.0,0.0,0.1,1.9,0.0,97.1,0.9
20121229224100,0.0,0.0,0.0,0.2,2.8,0.0,95.7,1.2
20121229224200,0.0,0.0,0.0,0.1,1.1,0.0,98.3,0.5
20121229224300,0.0,0.0,0.0,0.1,0.7,0.0,97.8,1.4
20121229224400,0.0,0.0,0.0,0.1,1.7,0.0,97.2,1.0
20121229224500,0.0,0.0,0.0,0.0,0.4,0.0,99.4,0.1
20121229224600,0.0,0.0,0.0,0.0,0.9,0.0,99.0,0.1
20121229224700,0.0,0.0,0.0,0.0,0.5,0.0,99.3,0.2
20121229224800,0.0,0.0,0.0,0.1,2.0,0.0,97.5,0.5
20121229224900,0.0,0.0,0.0,0.0,4.1,0.0,95.1,0.8
20121229225000,0.0,0.0,0.0,0.0,0.2,0.0,99.5,0.2
20121229225100,0.0,0.0,0.0,0.1,0.2,0.0,98.6,1.1
20121229225200,0.0,0.0,0.0,0.1,2.3,0.0,95.6,2.0
20121229225300,0.0,0.0,0.0,0.1,0.9,0.0,98.7,0.3
20121229225400,0.0,0.0,0.0,0.0,1.1,0.0,98.4,0.5
20121229225500,0.0,0.0,0.0,0.1,1.1,0.0,96.4,2.4
20121229225600,0.0,0.0,0.0,0.1,2.6,0.0,96.0,1.3
20121229225700,0.0,0.0,0.0,0.0,0.6,0.0,99.0,0.4
20121229225800,0.0,0.0,0.0,0.0,0.2,0.0,99.7,0.1
20121229225900,0.0,0.0,0.0,0.0,1.0,0.0,97.0,2.0
20121229230000,0.0,0.0,0.0,0.0,0.5,0.0,98.6,0.9
20121229230100,0.0,0.0,0.0,0.1,1.6,0.0,97.4,1.0
20121229230200,0.0,0.0,0.0,0.0,0.3,0.0,99.5,0.2
20121229230300,0.0,0.0,0.0,0.2,1.8,0.0,96.6,1.4
20121229230400,0.0,0.0,0.0,0.3,2.3,0.0,96.0,1.4
20121229230500,0.0,0.0,0.0,0.1,0.7,0.0,98.9,0.3
20121229230600,0.0,0.0,0.0,0.4,3.1,0.0,96.3,0.2
20121229230700,0.0,0.0,0.0,0.1,1.2,0.0,98.5,0.1
20121229230800,0.0,0.0,0.0,0.1,5.7,0.0,93.9,0.4
20121229230900,0.0,0.0,0.0,0.2,22.1,0.0,76.5,1.1
20121229231000,0.0,0.0,0.0,0.1,10.1,0.0,89.2,0.6
20121229231100,0.0,0.0,0.0,0.1,7.6,0.0,90.6,1.7
20121229231200,0.0,0.0,0.0,0.1,2.7,0.0,93.6,3.6
20121229231300,0.0,0.0,0.0,0.1,2.5,0.0,96.6,0.7
20121229231400,0.0,0.0,0.0,0.0,1.1,0.0,98.4,0.4
20121229231500,0.0,0.0,0.0,0.1,1.1,0.0,98.2,0.6
20121229231600,0.0,0.0,0.0,0.1,1.3,0.0,98.1,0.6
20121229231700,0.0,0.0,0.0,0.1,0.7,0.0,98.5,0.6
20121229231800,0.0,0.0,0.0,0.1,0.3,0.0,99.5,0.2
20121229231900,0.0,0.0,0.0,0.0,0.3,0.0,99.3,0.3
20121229232000,0.0,0.0,0.0,0.1,0.6,0.0,98.2,1.1
20121229232100,0.0,0.0,0.0,0.0,0.6,0.0,98.4,1.0
20121229232200,0.0,0.0,0.0,0.0,0.8,0.0,99.0,0.1
20121229232300,0.0,0.0,0.0,0.1,2.3,0.0,95.5,2.2
20121229232400,0.0,0.0,0.0,0.0,1.9,0.0,97.6,0.4
20121229232500,0.0,0.0,0.0,0.0,1.2,0.0,98.5,0.3
20121229232600,0.0,0.0,0.0,0.0,0.5,0.0,99.1,0.4
20121229232700,0.0,0.0,0.0,0.0,0.5,0.0,99.4,0.1
20121229232800,0.0,0.0,0.0,0.0,1.1,0.0,98.4,0.5
20121229232900,0.0,0.0,0.0,0.1,1.9,0.0,97.1,0.8
20121229233000,0.0,0.0,0.0,0.0,0.5,0.0,99.1,0.3
20121229233100,0.0,0.0,0.0,0.0,2.0,0.0,96.7,1.2
20121229233200,0.0,0.0,0.0,0.1,1.2,0.0,97.7,1.0
20121229233300,0.0,0.0,0.0,0.1,0.9,0.0,98.6,0.4
20121229233400,0.0,0.0,0.0,0.1,4.6,0.0,94.1,1.1
20121229233500,0.0,0.0,0.0,0.2,3.9,0.0,94.5,1.3
20121229233600,0.0,0.0,0.0,0.1,0.9,0.0,98.7,0.3
20121229233700,0.0,0.0,0.0,0.3,1.5,0.0,95.6,2.5
20121229233800,0.0,0.0,0.0,0.1,0.6,0.0,99.0,0.3
20121229233900,0.0,0.0,0.0,0.1,3.1,0.0,96.6,0.2
20121229234000,0.0,0.0,0.0,0.5,15.3,0.0,83.3,0.8
20121229234100,0.0,0.0,0.0,0.2,2.5,0.0,96.9,0.4
20121229234200,0.0,0.0,0.0,0.0,0.8,0.0,99.0,0.1
20121229234300,0.0,0.0,0.0,0.0,0.4,0.0,99.5,0.1
20121229234400,0.0,0.0,0.0,0.1,0.8,0.0,98.6,0.6
20121229234500,0.0,0.0,0.0,0.1,3.2,0.0,95.9,0.8
20121229234600,0.0,0.0,0.0,0.4,10.3,0.0,88.1,1.2
20121229234700,0.0,0.0,0.0,0.1,0.6,0.0,99.2,0.1
20121229234800,0.0,0.0,0.0,0.1,0.1,0.0,99.8,0.1
20121229234900,0.0,0.0,0.0,0.0,0.2,0.0,99.7,0.1
20121229235000,0.0,0.0,0.0,0.1,0.2,0.0,99.4,0.3
20121229235100,0.0,0.0,0.0,0.0,1.3,0.0,98.1,0.5
20121229235201,0.0,0.0,0.0,0.0,0.6,0.0,99.2,0.1
20121229235300,0.0,0.0,0.0,0.0,0.3,0.0,99.4,0.2
20121229235400,0.0,0.0,0.0,0.0,0.3,0.0,99.4,0.2
20121229235500,0.0,0.0,0.0,0.0,0.2,0.0,99.6,0.2
20121229235601,0.0,0.0,0.0,0.0,0.5,0.0,99.1,0.4
20121229235700,0.0,0.0,0.0,0.0,0.8,0.0,98.4,0.8
20121229235800,0.0,0.0,0.0,0.0,0.3,0.0,99.2,0.6
20121229235900,0.0,0.0,0.0,0.0,0.5,0.0,99.2,0.3
20121230000000,0.0,0.0,0.0,0.0,0.8,0.0,99.0,0.2
20121230000100,0.0,0.0,0.0,0.0,0.2,0.0,99.7,0.1
20121230000200,0.0,0.0,0.0,0.0,0.2,0.0,99.6,0.2
20121230000300,0.0,0.0,0.0,0.0,0.4,0.0,99.4,0.1
20121230000400,0.0,0.0,0.0,0.0,0.3,0.0,99.4,0.2
20121230000501,0.0,0.0,0.0,0.0,0.5,0.0,99.4,0.1
20121230000600,0.0,0.0,0.0,0.0,0.4,0.0,99.3,0.3
20121230000700,0.0,0.0,0.0,0.1,2.3,0.0,95.8,1.9
20121230000800,0.0,0.0,0.0,0.1,8.8,0.0,87.6,3.4
20121230000900,0.0,0.0,0.0,0.1,1.5,0.0,97.1,1.3
20121230001000,0.0,0.0,0.0,0.1,1.1,0.0,96.3,2.5
20121230001100,0.0,0.0,0.0,0.1,0.5,0.0,98.4,1.0
20121230001200,0.0,0.0,0.0,0.0,0.8,0.0,97.4,1.7
20121230001300,0.0,0.0,0.0,0.0,1.1,0.0,98.2,0.8
20121230001400,0.0,0.0,0.0,0.0,2.1,0.0,97.6,0.2
20121230001804,0.0,0.0,0.0,0.0,0.8,0.0,98.9,0.2
20121230001904,0.0,0.0,0.0,0.0,1.6,0.0,97.4,0.9
20121230002004,0.0,0.0,0.0,0.0,1.0,0.0,98.6,0.3
20121230002104,0.0,0.0,0.0,0.0,0.1,0.0,99.7,0.2
20121230002204,0.0,0.0,0.0,0.0,1.0,0.0,98.5,0.5
20121230002304,0.0,0.0,0.0,0.0,0.1,0.0,99.7,0.2
20121230002404,0.0,0.0,0.0,0.0,0.1,0.0,99.8,0.1
20121230002504,0.0,0.0,0.0,0.0,0.1,0.0,99.7,0.2
20121230002604,0.0,0.0,0.0,0.0,0.1,0.0,99.5,0.4
20121230002704,0.0,0.0,0.0,0.0,0.6,0.0,98.8,0.6
20121230002804,0.0,0.0,0.0,0.0,0.1,0.0,99.8,0.1
20121230002904,0.0,0.0,0.0,0.0,0.1,0.0,99.8,0.1
20121230003004,0.0,0.0,0.0,0.0,0.2,0.0,99.7,0.2
20121230003104,0.0,0.0,0.0,0.0,1.3,0.0,98.3,0.4
20121230003204,0.0,0.0,0.0,0.0,0.3,0.0,99.4,0.2
20121230003304,0.0,0.0,0.0,0.0,0.2,0.0,99.4,0.4
20121230003404,0.0,0.0,0.0,0.0,0.3,0.0,99.3,0.4
20121230003504,0.0,0.0,0.0,0.0,0.8,0.0,98.8,0.4
20121230003604,0.0,0.0,0.0,0.0,0.6,0.0,98.8,0.5
20121230003704,0.0,0.0,0.0,0.0,0.4,0.0,99.2,0.4
20121230003804,0.0,0.0,0.0,0.0,2.0,0.0,97.1,0.9
20121230003904,0.0,0.0,0.0,0.0,1.4,0.0,97.9,0.7
20121230004004,0.0,0.0,0.0,0.1,0.6,0.0,98.2,1.1
20121230004104,0.0,0.0,0.0,0.1,0.1,0.0,99.7,0.1
20121230004204,0.0,0.0,0.0,0.0,0.3,0.0,99.6,0.1
20121230004304,0.0,0.0,0.0,0.1,1.5,0.0,98.3,0.1
20121230004404,0.0,0.0,0.0,0.2,5.2,0.0,93.2,1.4
20121230004504,0.0,0.0,0.0,0.1,0.7,0.0,99.2,0.1
20121230004604,0.0,0.0,0.0,0.1,1.5,0.0,97.9,0.6
20121230004704,0.0,0.0,0.0,0.0,0.4,0.0,98.9,0.7
20121230004804,0.0,0.0,0.0,0.0,0.2,0.0,99.7,0.1
20121230004904,0.0,0.0,0.0,0.0,0.7,0.0,99.0,0.2
20121230005004,0.0,0.0,0.0,0.0,0.5,0.0,99.0,0.5
20121230005104,0.0,0.0,0.0,0.0,0.1,0.0,99.8,0.0
20121230005204,0.0,0.0,0.0,0.1,0.2,0.0,99.6,0.1
20121230005304,0.0,0.0,0.0,0.1,0.4,0.0,99.1,0.4
20121230005404,0.0,0.0,0.0,0.0,1.0,0.0,98.4,0.6
20121230005504,0.0,0.0,0.0,0.0,0.6,0.0,99.0,0.4
20121230005604,0.0,0.0,0.0,0.0,0.4,0.0,99.5,0.1
20121230005704,0.0,0.0,0.0,0.0,0.1,0.0,99.9,0.1
20121230005804,0.0,0.0,0.0,0.0,0.3,0.0,99.5,0.2
20121230005904,0.0,0.0,0.0,0.0,0.3,0.0,99.7,0.1
20121230010004,0.0,0.0,0.0,0.0,0.5,0.0,99.4,0.1
20121230010104,0.0,0.0,0.0,0.0,0.3,0.0,99.6,0.1
20121230010204,0.0,0.0,0.0,0.0,0.4,0.0,99.3,0.3
20121230010304,0.0,0.0,0.0,0.0,0.3,0.0,99.3,0.4
20121230010404,0.0,0.0,0.0,0.0,0.4,0.0,99.4,0.2
20121230010504,0.0,0.0,0.0,0.0,0.5,0.0,99.4,0.1
20121230010604,0.0,0.0,0.0,0.0,0.2,0.0,99.8,0.0
20121230010704,0.0,0.0,0.0,0.0,0.3,0.0,99.6,0.2
20121230010804,0.0,0.0,0.0,0.0,1.3,0.0,97.9,0.8
20121230010904,0.0,0.0,0.0,0.0,1.4,0.0,96.4,2.3
20121230011004,0.0,0.0,0.0,0.0,0.1,0.0,99.8,0.0
20121230011104,0.0,0.0,0.0,0.0,0.5,0.0,99.4,0.1
20121230011204,0.0,0.0,0.0,0.0,2.1,0.0,97.0,0.9
20121230011304,0.0,0.0,0.0,0.0,0.5,0.0,99.3,0.2
20121230011404,0.0,0.0,0.0,0.0,0.6,0.0,99.0,0.4
20121230011504,0.0,0.0,0.0,0.0,0.4,0.0,99.5,0.1
20121230011604,0.0,0.0,0.0,0.0,0.4,0.0,99.4,0.2
20121230011704,0.0,0.0,0.0,0.0,0.4,0.0,99.4,0.1
20121230011804,0.0,0.0,0.0,0.0,0.3,0.0,99.6,0.1
20121230011904,0.0,0.0,0.0,0.0,0.2,0.0,99.8,0.1
20121230012004,0.0,0.0,0.0,0.0,0.1,0.0,99.8,0.0
20121230012104,0.0,0.0,0.0,0.0,0.2,0.0,99.7,0.1
20121230012204,0.0,0.0,0.0,0.0,0.2,0.0,99.0,0.9
20121230012304,0.0,0.0,0.0,0.0,0.1,0.0,99.8,0.1
20121230012404,0.0,0.0,0.0,0.0,0.3,0.0,98.8,0.8
20121230012504,0.0,0.0,0.0,0.0,0.2,0.0,99.3,0.5
20121230012604,0.0,0.0,0.0,0.0,0.2,0.0,99.6,0.2
20121230012704,0.0,0.0,0.0,0.0,0.1,0.0,99.8,0.1
20121230012804,0.0,0.0,0.0,0.0,0.9,0.0,94.3,4.7
20121230012904,0.0,0.0,0.0,0.0,0.6,0.0,92.0,7.3
20121230013004,0.0,0.0,0.0,0.0,1.8,0.0,89.2,9.0
20121230013104,0.0,0.0,0.0,0.0,1.0,0.0,97.0,2.0
20121230013204,0.0,0.0,0.0,0.0,0.5,0.0,98.2,1.3
20121230013304,0.0,0.0,0.0,0.0,0.4,0.0,97.9,1.7
20121230013404,0.0,0.0,0.0,0.0,0.6,0.0,98.1,1.3
20121230013504,0.0,0.0,0.0,0.0,2.4,0.0,95.3,2.2
20121230013604,0.0,0.0,0.0,0.0,0.4,0.0,98.7,0.9
20121230013704,0.0,0.0,0.0,0.1,2.1,0.0,93.8,4.1
20121230013804,0.0,0.0,0.0,0.0,2.6,0.0,89.7,7.6
20121230013904,0.0,0.0,0.0,0.1,3.4,0.0,91.2,5.2
20121230014004,0.0,0.0,0.0,0.0,0.4,0.0,97.4,2.1
20121230014104,0.0,0.0,0.0,0.1,2.6,0.0,90.7,6.6
20121230014204,0.0,0.0,0.0,0.0,0.7,0.0,97.9,1.4
20121230014304,0.0,0.0,0.0,0.0,0.5,0.0,98.3,1.2
20121230014404,0.0,0.0,0.0,0.0,0.3,0.0,98.6,1.0
20121230014504,0.0,0.0,0.0,0.0,1.8,0.0,95.9,2.3
20121230014604,0.0,0.0,0.0,0.1,6.7,0.0,82.5,10.8
20121230014704,0.0,0.0,0.0,0.0,0.3,0.0,96.8,2.8
20121230014804,0.0,0.0,0.0,0.0,0.5,0.0,98.4,1.1
20121230014904,0.0,0.0,0.0,0.0,1.8,0.0,92.3,5.9
20121230015004,0.0,0.0,0.0,0.0,0.4,0.0,98.4,1.2
20121230015104,0.0,0.0,0.0,0.0,0.6,0.0,97.2,2.2
20121230015204,0.0,0.0,0.0,0.0,0.4,0.0,99.0,0.6
20121230015304,0.0,0.0,0.0,0.0,0.5,0.0,98.0,1.5
20121230015404,0.0,0.0,0.0,0.0,6.0,0.0,88.3,5.7
20121230015504,0.0,0.0,0.0,0.0,0.7,0.0,97.0,2.3
20121230015604,0.0,0.0,0.0,0.1,0.3,0.0,98.3,1.4
20121230015704,0.0,0.0,0.0,0.0,0.4,0.0,98.8,0.8
20121230015804,0.0,0.0,0.0,0.0,0.9,0.0,97.9,1.2
20121230015904,0.0,0.0,0.0,0.0,0.3,0.0,99.0,0.7
20121230020004,0.0,0.0,0.0,0.0,0.8,0.0,98.8,0.4
20121230020104,0.0,0.0,0.0,0.0,0.3,0.0,99.2,0.5
20121230020204,0.0,0.0,0.0,0.0,0.1,0.0,99.7,0.2
20121230020304,0.0,0.0,0.0,0.0,0.5,0.0,98.5,1.0
20121230020404,0.0,0.0,0.0,0.0,1.3,0.0,89.6,9.0
20121230020504,0.0,0.0,0.0,0.0,0.6,0.0,97.4,2.0
20121230020604,0.0,0.0,0.0,0.0,1.3,0.0,95.6,3.0
20121230020704,0.0,0.0,0.0,0.0,0.4,0.0,98.4,1.2
20121230020804,0.0,0.0,0.0,0.1,0.8,0.0,90.8,8.2
20121230020904,0.0,0.0,0.0,0.0,1.3,0.0,90.2,8.5
20121230021004,0.0,0.0,0.0,0.0,2.5,0.0,80.9,16.5
20121230021104,0.0,0.0,0.0,0.1,0.2,0.0,90.1,9.6
20121230021204,0.0,0.0,0.0,0.0,0.2,0.0,98.0,1.8
20121230021304,0.0,0.0,0.0,0.1,0.6,0.0,88.3,11.0
20121230021404,0.0,0.0,0.0,0.0,0.2,0.0,98.3,1.5
20121230021504,0.0,0.0,0.0,0.0,1.0,0.0,92.9,6.1
20121230021604,0.0,0.0,0.0,0.0,0.5,0.0,97.9,1.6
20121230021704,0.0,0.0,0.0,0.0,0.1,0.0,98.6,1.2
20121230021804,0.0,0.0,0.0,0.0,0.6,0.0,90.5,8.9
20121230021904,0.0,0.0,0.0,0.0,0.1,0.0,99.3,0.6
20121230022004,0.0,0.0,0.0,0.0,0.2,0.0,98.9,0.9
20121230022104,0.0,0.0,0.0,0.0,0.2,0.0,99.6,0.3
20121230022204,0.0,0.0,0.0,0.0,0.2,0.0,99.6,0.2
20121230022304,0.0,0.0,0.0,0.0,0.3,0.0,99.1,0.7
20121230022404,0.0,0.0,0.0,0.0,1.2,0.0,97.7,1.1
20121230022504,0.0,0.0,0.0,0.0,1.9,0.0,94.6,3.4
20121230022604,0.0,0.0,0.0,0.0,1.2,0.0,91.9,6.8
20121230022704,0.0,0.0,0.0,0.1,2.6,0.0,91.8,5.6
20121230022804,0.0,0.0,0.0,0.0,0.5,0.0,98.2,1.3
20121230022904,0.0,0.0,0.0,0.1,1.3,0.0,93.5,5.1
20121230023004,0.0,0.0,0.0,0.1,2.4,0.0,91.1,6.4
20121230023104,0.0,0.0,0.0,0.0,2.3,0.0,85.3,12.4
20121230023204,0.0,0.0,0.0,0.0,0.2,0.0,99.0,0.9
20121230023304,0.0,0.0,0.0,0.0,0.7,0.0,98.0,1.3
20121230023404,0.0,0.0,0.0,0.0,0.2,0.0,98.3,1.5
20121230023504,0.0,0.0,0.0,0.0,0.6,0.0,95.0,4.3
20121230023604,0.0,0.0,0.0,0.0,1.3,0.0,95.5,3.2
20121230023704,0.0,0.0,0.0,0.0,0.3,0.0,99.1,0.6
20121230023804,0.0,0.0,0.0,0.0,0.6,0.0,95.8,3.6
20121230023904,0.0,0.0,0.0,0.0,0.2,0.0,99.5,0.4
20121230024004,0.0,0.0,0.0,0.0,0.3,0.0,98.9,0.7
20121230024104,0.0,0.0,0.0,0.0,1.2,0.0,94.2,4.6
20121230024204,0.0,0.0,0.0,0.0,0.2,0.0,98.8,1.0
20121230024304,0.0,0.0,0.0,0.0,0.3,0.0,98.4,1.3
20121230024404,0.0,0.0,0.0,0.0,0.2,0.0,98.2,1.6
20121230024504,0.0,0.0,0.0,0.0,0.1,0.0,99.5,0.4
20121230024604,0.0,0.0,0.0,0.0,0.1,0.0,99.5,0.4
20121230024704,0.0,0.0,0.0,0.0,0.7,0.0,93.4,5.9
20121230024804,0.0,0.0,0.0,0.0,0.3,0.0,98.0,1.7
20121230024904,0.0,0.0,0.0,0.1,0.2,0.0,99.2,0.5
20121230025004,0.0,0.0,0.0,0.0,0.9,0.0,94.9,4.2
20121230025104,0.0,0.0,0.0,0.0,0.2,0.0,97.8,2.0
20121230025204,0.0,0.0,0.0,0.0,0.2,0.0,99.0,0.8
20121230025304,0.0,0.0,0.0,0.0,0.1,0.0,99.4,0.5
20121230025404,0.0,0.0,0.0,0.0,0.2,0.0,97.4,2.4
20121230025504,0.0,0.0,0.0,0.1,2.2,0.0,81.0,16.7
20121230025604,0.0,0.0,0.0,0.1,1.6,0.0,83.2,15.1
20121230025704,0.0,0.0,0.0,0.0,4.1,0.0,90.3,5.6
20121230025804,0.0,0.0,0.0,0.0,0.1,0.0,98.2,1.6
20121230025904,0.0,0.0,0.0,0.0,0.1,0.0,98.4,1.4
20121230030004,0.0,0.0,0.0,0.0,1.1,0.0,94.6,4.3
20121230030104,0.0,0.0,0.0,0.0,0.3,0.0,96.7,3.0
20121230030204,0.0,0.0,0.0,0.0,2.7,0.0,89.8,7.5
20121230030304,0.0,0.0,0.0,0.1,0.5,0.0,93.4,5.9
20121230030404,0.0,0.0,0.0,0.0,0.6,0.0,82.5,16.8
20121230030504,0.0,0.0,0.0,0.1,0.3,0.0,93.4,6.2
20121230030604,0.0,0.0,0.0,0.2,0.5,0.0,86.9,12.4
20121230030704,0.0,0.0,0.0,0.0,0.1,0.0,97.8,2.1
20121230030804,0.0,0.0,0.0,0.1,0.7,0.0,94.3,4.8
20121230030904,0.0,0.0,0.0,0.0,0.5,0.0,96.2,3.3
20121230031004,0.0,0.0,0.0,0.1,0.5,0.0,91.7,7.7
20121230031104,0.0,0.0,0.0,0.0,0.4,0.0,97.3,2.2
20121230031204,0.0,0.0,0.0,0.1,0.7,0.0,91.0,8.2
20121230031304,0.0,0.0,0.0,0.1,1.1,0.0,94.5,4.2
20121230031404,0.0,0.0,0.0,0.1,0.8,0.0,92.4,6.8
20121230031504,0.0,0.0,0.0,0.0,0.0,0.0,98.5,1.5
20121230031604,0.0,0.0,0.0,0.1,0.7,0.0,96.2,3.1
