UT,arc,discrete,diffuse,ac,ab,clear,cloudy,dd
20121222132000,0.0,0.0,0.0,0.0,0.0,0.0,0.0,100.0
20121222132101,0.0,0.0,0.0,0.0,0.0,0.0,0.0,100.0
20121222132200,0.0,0.0,0.0,0.0,0.0,0.0,0.0,100.0
20121222132301,0.0,0.0,0.0,0.0,0.0,0.0,0.0,100.0
20121222132400,0.0,0.0,0.0,0.0,0.0,0.0,0.0,100.0
20121222132500,0.0,0.0,0.0,0.0,0.0,0.0,0.0,100.0
20121222132600,0.0,0.0,0.0,0.0,0.0,0.0,0.0,100.0
20121222132700,0.0,0.0,0.0,0.0,0.0,0.0,0.0,100.0
20121222132800,0.0,0.0,0.0,0.0,0.0,0.0,0.0,100.0
20121222132901,0.0,0.0,0.0,0.0,0.0,0.0,0.0,100.0
20121222133000,0.0,0.0,0.0,0.0,0.0,0.0,0.0,100.0
20121222133100,0.0,0.0,0.0,0.0,0.0,0.0,0.0,100.0
20121222133200,0.0,0.0,0.0,0.0,0.0,0.0,0.0,100.0
20121222133300,0.0,0.0,0.0,0.0,0.0,0.0,0.0,100.0
20121222133400,0.0,0.0,0.0,0.0,0.0,0.0,0.0,100.0
20121222133501,0.0,0.0,0.0,0.0,0.0,0.0,0.0,100.0
20121222133600,0.0,0.0,0.0,0.0,0.1,0.0,0.0,99.9
20121222133700,0.0,0.0,0.0,0.0,0.2,0.0,0.0,99.8
20121222133800,0.0,0.0,0.0,0.0,0.3,0.0,0.0,99.7
20121222133901,0.0,0.0,0.0,0.0,0.2,0.0,0.1,99.7
20121222134000,0.0,0.0,0.0,0.0,1.9,0.0,0.2,97.9
20121222134100,0.0,0.0,0.0,0.0,0.5,0.0,0.1,99.4
20121222134200,0.0,0.0,0.0,0.0,1.9,0.0,0.2,97.9
20121222134300,0.0,0.0,0.0,0.0,2.1,0.0,0.1,97.8
20121222134400,0.0,0.0,0.0,0.0,3.1,0.0,0.2,96.6
20121222134500,0.0,0.0,0.0,0.0,10.9,0.0,0.4,88.6
20121222134600,0.0,0.0,0.0,0.1,30.0,0.0,1.3,68.6
20121222134701,0.0,0.0,0.0,0.0,5.4,0.0,9.2,85.3
20121222134800,0.0,0.0,0.0,0.0,14.5,0.0,2.3,83.1
20121222134900,0.0,0.0,0.1,0.1,39.9,0.0,2.2,57.7
20121222135000,0.0,0.0,0.0,0.1,23.5,0.0,2.8,73.5
20121222135100,0.0,0.0,0.0,0.2,16.9,0.0,8.7,74.2
20121222135200,0.0,0.0,0.0,0.1,12.3,0.0,7.5,80.1
20121222135300,0.0,0.0,0.0,0.2,23.0,0.0,5.0,71.8
20121222135400,0.0,0.0,0.0,0.1,6.7,0.0,10.1,83.0
20121222135500,0.0,0.0,0.0,0.1,6.1,0.0,22.8,71.0
20121222135600,0.0,0.0,0.0,0.1,1.5,0.0,8.4,89.9
20121222135700,0.0,0.0,0.0,0.2,1.6,0.0,18.1,80.1
20121222135800,0.0,0.0,0.0,0.2,0.3,0.0,11.3,88.2
20121222135900,0.0,0.0,0.0,0.1,0.6,0.0,35.1,64.2
20121222140000,0.0,0.0,0.0,0.3,0.5,0.0,39.6,59.5
20121222140100,0.0,0.0,0.0,0.1,0.2,0.0,20.7,79.1
20121222140200,0.0,0.0,0.0,0.1,0.2,0.0,10.2,89.6
20121222140300,0.0,0.0,0.0,0.1,0.3,0.0,14.5,85.1
20121222140400,0.0,0.0,0.0,0.0,0.1,0.0,4.9,95.0
20121222140501,0.0,0.0,0.0,0.0,0.1,0.0,2.2,97.7
20121222140600,0.0,0.0,0.0,0.0,0.1,0.0,3.8,96.1
20121222140700,0.0,0.0,0.0,0.2,0.2,0.0,12.9,86.7
20121222140800,0.0,0.0,0.0,0.2,0.1,0.0,7.4,92.2
20121222140900,0.0,0.0,0.0,0.1,0.0,0.0,1.8,98.1
20121222141000,0.0,0.0,0.0,0.2,0.0,0.0,4.6,95.1
20121222141100,0.0,0.0,0.0,0.3,0.0,0.0,3.8,95.9
20121222141200,0.0,0.0,0.0,0.2,0.0,0.0,10.1,89.7
20121222141300,0.0,0.0,0.0,0.1,0.0,0.0,4.8,95.0
20121222141400,0.0,0.0,0.0,0.2,0.0,0.0,3.6,96.1
20121222141501,0.0,0.0,0.0,1.1,0.0,0.0,13.1,85.8
20121222141600,0.0,0.0,0.0,2.8,0.0,0.0,37.1,60.1
20121222141700,0.0,0.0,0.0,0.7,0.0,0.0,4.0,95.3
20121222141800,0.0,0.0,0.0,2.3,0.0,0.0,8.1,89.6
20121222141901,0.0,0.0,0.0,0.4,0.0,0.0,4.7,94.8
20121222142000,0.0,0.0,0.0,0.7,0.0,0.0,9.1,90.2
20121222142100,0.0,0.0,0.0,1.2,0.0,0.0,17.1,81.6
20121222142200,0.0,0.0,0.0,0.0,0.0,0.0,0.3,99.7
20121222142300,0.0,0.0,0.0,0.4,0.0,0.0,4.1,95.5
20121222142400,0.0,0.0,0.0,0.1,0.0,0.0,1.8,98.0
20121222142500,0.0,0.0,0.0,0.1,0.0,0.0,4.3,95.6
20121222142600,0.0,0.0,0.0,0.4,0.0,0.0,37.8,61.8
20121222142700,0.0,0.0,0.0,0.3,0.0,0.0,18.3,81.4
20121222142800,0.0,0.0,0.0,0.3,0.1,0.0,54.0,45.6
20121222142900,0.0,0.0,0.0,0.4,0.0,0.0,30.3,69.3
20121222143000,0.0,0.0,0.0,0.1,0.0,0.0,31.6,68.3
20121222143100,0.0,0.0,0.0,0.2,0.0,0.0,19.1,80.7
20121222143200,0.0,0.0,0.0,0.3,0.1,0.0,52.7,46.9
20121222143301,0.0,0.0,0.0,0.1,0.1,0.0,21.9,77.9
20121222143400,0.0,0.0,0.0,0.4,0.3,0.0,51.7,47.6
20121222143500,0.0,0.0,0.0,0.2,0.1,0.0,67.9,31.9
20121222143600,0.0,0.0,0.0,0.2,0.3,0.0,48.5,50.9
20121222143700,0.0,0.0,0.0,0.3,0.0,0.0,92.6,7.1
20121222143800,0.0,0.0,0.0,0.3,0.0,0.0,96.7,3.0
20121222143901,0.0,0.0,0.0,0.4,0.1,0.0,77.6,21.9
20121222144000,0.0,0.0,0.0,0.0,0.0,0.0,99.7,0.2
20121222144100,0.0,0.0,0.0,0.0,0.0,0.0,99.8,0.2
20121222144200,0.0,0.0,0.0,0.0,0.0,0.0,99.9,0.1
20121222144300,0.0,0.0,0.0,0.0,0.0,0.0,99.7,0.2
20121222144400,0.0,0.0,0.0,0.0,0.1,0.0,99.8,0.1
20121222144500,0.0,0.0,0.0,0.0,0.1,0.0,99.4,0.5
20121222144600,0.0,0.0,0.0,0.0,0.0,0.0,99.3,0.7
20121222144700,0.0,0.0,0.0,0.1,0.0,0.0,99.4,0.5
20121222144800,0.0,0.0,0.0,0.0,0.1,0.0,98.7,1.2
20121222144900,0.0,0.0,0.0,0.0,0.1,0.0,98.7,1.2
20121222145000,0.0,0.0,0.0,0.0,0.0,0.0,99.7,0.3
20121222145100,0.0,0.0,0.0,0.2,0.0,0.0,95.4,4.3
20121222145200,0.0,0.0,0.0,0.0,0.1,0.0,98.0,1.9
20121222145300,0.0,0.0,0.0,0.1,0.0,0.0,97.9,2.0
20121222145400,0.0,0.0,0.0,0.0,0.0,0.0,96.8,3.1
20121222145500,0.0,0.0,0.0,0.0,1.0,0.0,63.7,35.2
20121222145600,0.0,0.0,0.0,0.1,0.4,0.0,92.9,6.6
20121222145700,0.0,0.0,0.0,0.1,0.0,0.0,92.0,7.9
20121222145800,0.0,0.0,0.0,0.1,0.1,0.0,95.0,4.8
20121222145900,0.0,0.0,0.0,0.0,0.0,0.0,90.4,9.5
20121222150000,0.0,0.0,0.0,0.1,0.0,0.0,94.0,5.8
20121222150100,0.0,0.0,0.0,0.0,0.0,0.0,88.0,12.0
20121222150200,0.0,0.0,0.0,0.1,0.1,0.0,81.6,18.2
20121222150300,0.0,0.0,0.0,0.1,0.0,0.0,83.3,16.6
20121222150400,0.0,0.0,0.0,0.0,0.0,0.0,93.4,6.5
20121222150500,0.0,0.0,0.0,0.1,0.2,0.0,90.4,9.3
20121222150600,0.0,0.0,0.0,0.0,0.1,0.0,59.9,40.0
20121222150700,0.0,0.0,0.0,0.0,0.2,0.0,79.1,20.7
20121222150800,0.0,0.0,0.0,0.0,0.1,0.0,77.1,22.7
20121222150900,0.0,0.0,0.0,0.0,0.2,0.0,40.7,59.1
20121222151000,0.0,0.0,0.0,0.2,0.1,0.0,87.3,12.5
20121222151100,0.0,0.0,0.0,0.1,0.9,0.0,30.6,68.5
20121222151200,0.0,0.0,0.0,0.0,0.1,0.0,80.3,19.5
20121222151300,0.0,0.0,0.0,0.1,0.5,0.0,75.0,24.4
20121222151400,0.0,0.0,0.0,0.0,0.1,0.0,98.3,1.6
20121222151500,0.0,0.0,0.0,0.0,0.0,0.0,91.9,8.0
20121222151600,0.0,0.0,0.0,0.2,0.4,0.0,55.8,43.5
20121222151700,0.0,0.0,0.0,0.1,0.3,0.0,21.5,78.1
20121222151800,0.0,0.0,0.0,0.1,0.2,0.0,82.1,17.7
20121222151900,0.0,0.0,0.0,0.2,0.1,0.0,51.1,48.6
20121222152000,0.0,0.0,0.0,0.4,0.4,0.0,73.6,25.5
20121222152100,0.0,0.0,0.1,0.1,0.2,0.0,73.2,26.3
20121222152200,0.0,0.0,0.0,0.2,0.2,0.0,90.2,9.3
20121222152300,0.0,0.0,0.2,0.4,0.5,0.0,85.2,13.7
20121222152400,0.0,0.0,0.1,0.5,0.8,0.0,39.5,59.1
20121222152500,0.0,0.0,0.1,0.1,0.2,0.0,21.5,78.2
20121222152600,0.0,0.0,0.3,0.2,1.4,0.0,60.6,37.6
20121222152700,0.0,0.0,0.0,0.0,0.1,0.0,93.1,6.8
20121222152800,0.0,0.0,0.0,0.0,0.1,0.0,74.5,25.4
20121222152900,0.0,0.0,0.0,0.0,0.2,0.0,68.5,31.3
20121222153000,0.0,0.0,0.0,0.1,0.3,0.0,57.2,42.4
20121222153100,0.0,0.0,0.0,0.1,0.6,0.0,62.1,37.2
20121222153200,0.0,0.0,0.0,0.1,0.6,0.0,69.4,29.9
20121222153300,0.0,0.0,0.0,0.1,1.7,0.0,33.7,64.5
20121222153400,0.0,0.0,0.0,0.1,1.5,0.0,28.2,70.2
20121222153500,0.0,0.0,0.0,0.0,0.9,0.0,20.2,78.8
20121222153600,0.0,0.0,0.0,0.0,0.2,0.0,0.9,98.9
20121222153700,0.0,0.0,0.0,0.1,0.2,0.0,3.3,96.5
20121222153800,0.0,0.0,0.0,0.0,0.1,0.0,1.2,98.7
20121222153900,0.0,0.0,0.0,0.0,0.4,0.0,5.7,93.9
20121222154000,0.0,0.0,0.0,0.0,0.5,0.0,24.9,74.5
20121222154100,0.0,0.0,0.0,0.0,0.3,0.0,3.4,96.3
20121222154200,0.0,0.0,0.1,0.1,0.4,0.0,13.8,85.7
20121222154300,0.0,0.0,0.2,0.2,1.7,0.0,28.7,69.3
20121222154400,0.0,0.0,0.0,0.0,0.1,0.0,1.0,98.9
20121222154501,0.0,0.0,0.0,0.0,0.2,0.0,0.7,99.1
20121222154600,0.0,0.0,0.0,0.0,0.1,0.0,1.3,98.6
20121222154700,0.0,0.0,0.0,0.0,0.4,0.0,9.8,89.8
20121222154800,0.0,0.0,0.0,0.0,0.1,0.0,0.6,99.3
20121222154900,0.0,0.0,0.0,0.0,0.1,0.0,0.9,99.0
20121222155000,0.0,0.0,0.0,0.0,0.1,0.0,2.3,97.6
20121222155100,0.0,0.0,0.1,0.0,0.1,0.0,9.1,90.7
20121222155200,0.0,0.0,0.0,0.0,0.2,0.0,2.5,97.3
20121222155300,0.0,0.0,0.0,0.0,0.0,0.0,0.0,99.9
20121222155400,0.0,0.0,0.1,0.0,0.1,0.0,2.5,97.4
20121222155500,0.0,0.0,0.3,0.0,0.2,0.0,2.9,96.6
20121222155600,0.0,0.0,0.0,0.0,0.1,0.0,10.3,89.5
20121222155700,0.0,0.0,0.0,0.1,0.1,0.0,9.4,90.4
20121222155800,0.0,0.0,0.0,0.1,0.2,0.0,8.8,90.9
20121222155900,0.0,0.0,0.0,0.0,0.1,0.0,11.1,88.8
20121222160000,0.0,0.0,0.0,0.0,0.1,0.0,4.3,95.6
20121222160100,0.0,0.0,0.0,0.0,0.1,0.0,0.4,99.6
20121222160200,0.0,0.0,0.0,0.0,0.1,0.0,1.6,98.4
20121222160300,0.0,0.0,0.0,0.0,0.0,0.0,1.6,98.3
20121222160400,0.0,0.0,0.0,0.0,0.1,0.0,5.0,94.9
20121222160500,0.0,0.0,0.0,0.0,0.0,0.0,4.1,95.8
20121222160600,0.0,0.0,0.0,0.0,0.0,0.0,3.5,96.4
20121222160700,0.0,0.0,0.0,0.0,0.0,0.0,0.1,99.9
20121222160800,0.0,0.0,0.0,0.0,0.0,0.0,0.2,99.8
20121222160900,0.0,0.0,0.0,0.0,0.0,0.0,0.6,99.3
20121222161000,0.0,0.0,0.0,0.0,0.0,0.0,0.4,99.5
20121222161100,0.0,0.0,0.0,0.0,0.0,0.0,0.2,99.8
20121222161200,0.0,0.0,0.0,0.0,0.0,0.0,0.7,99.2
20121222161300,0.0,0.0,0.0,0.0,0.0,0.0,0.9,99.1
20121222161400,0.0,0.0,0.0,0.0,0.0,0.0,0.3,99.6
20121222161500,0.0,0.0,0.0,0.0,0.0,0.0,0.0,99.9
20121222161600,0.0,0.0,0.0,0.0,0.4,0.0,0.1,99.5
20121222161700,0.0,0.0,0.0,0.0,0.2,0.0,0.2,99.6
20121222161800,0.0,0.0,0.0,0.0,0.2,0.0,0.1,99.7
20121222161900,0.0,0.0,0.0,0.0,0.1,0.0,0.2,99.7
20121222162000,0.0,0.0,0.0,0.0,0.1,0.0,0.2,99.7
20121222162100,0.0,0.0,0.0,0.0,0.2,0.0,0.2,99.6
20121222162200,0.0,0.0,0.0,0.0,0.1,0.0,0.1,99.8
20121222162301,0.0,0.0,0.0,0.0,0.0,0.0,0.4,99.6
20121222162400,0.0,0.0,0.0,0.0,0.1,0.0,2.0,97.9
20121222162500,0.0,0.0,0.0,0.0,0.0,0.0,4.5,95.4
20121222162600,0.0,0.0,0.0,0.0,0.1,0.0,0.8,99.2
20121222162700,0.0,0.0,0.0,0.0,0.0,0.0,1.4,98.6
20121222162800,0.0,0.0,0.0,0.0,0.0,0.0,9.6,90.3
20121222162900,0.0,0.0,0.0,0.0,0.0,0.0,7.3,92.7
20121222163000,0.0,0.0,0.0,0.0,0.1,0.0,8.1,91.8
20121222163100,0.0,0.0,0.0,0.0,0.1,0.0,1.6,98.3
20121222163200,0.0,0.0,0.0,0.0,0.2,0.0,1.5,98.3
20121222163301,0.0,0.0,0.0,0.0,0.1,0.0,0.1,99.8
20121222163400,0.0,0.0,0.0,0.0,0.1,0.0,1.1,98.8
20121222163500,0.0,0.0,0.0,0.0,0.0,0.0,0.2,99.8
20121222163600,0.0,0.0,0.0,0.0,0.0,0.0,0.1,99.9
20121222163700,0.0,0.0,0.0,0.0,0.0,0.0,0.2,99.8
20121222163800,0.0,0.0,0.0,0.0,0.1,0.0,0.7,99.2
20121222163900,0.0,0.0,0.0,0.0,0.1,0.0,0.2,99.7
20121222164000,0.0,0.0,0.0,0.0,0.1,0.0,0.3,99.6
20121222164100,0.0,0.0,0.0,0.0,0.0,0.0,0.1,99.9
20121222164200,0.0,0.0,0.0,0.0,0.1,0.0,0.1,99.8
20121222164300,0.0,0.0,0.0,0.0,0.3,0.0,0.2,99.5
20121222164400,0.0,0.0,0.0,0.0,0.1,0.0,0.0,99.9
20121222164500,0.0,0.0,0.0,0.0,0.0,0.0,0.7,99.2
20121222164600,0.0,0.0,0.0,0.0,0.1,0.0,0.4,99.5
20121222164700,0.0,0.0,0.0,0.0,0.1,0.0,0.3,99.5
20121222164800,0.0,0.0,0.0,0.0,0.1,0.0,1.4,98.4
20121222164901,0.0,0.0,0.0,0.0,0.0,0.0,0.9,99.1
20121222165000,0.0,0.0,0.0,0.0,0.1,0.0,5.8,94.1
20121222165101,0.0,0.0,0.0,0.0,0.4,0.0,6.6,93.0
20121222165200,0.0,0.0,0.0,0.0,0.1,0.0,2.3,97.6
20121222165300,0.0,0.0,0.0,0.0,0.1,0.0,0.9,99.0
20121222165400,0.0,0.0,0.0,0.0,0.3,0.0,1.2,98.5
20121222165500,0.0,0.0,0.0,0.0,0.1,0.0,0.7,99.3
20121222165600,0.0,0.0,0.0,0.0,0.1,0.0,0.1,99.8
20121222165700,0.0,0.0,0.0,0.0,0.1,0.0,4.4,95.6
20121222165800,0.0,0.0,0.0,0.0,0.1,0.0,3.0,96.8
20121222165900,0.0,0.0,0.0,0.0,0.2,0.0,1.0,98.8
20121222170000,0.0,0.0,0.0,0.0,0.2,0.0,2.0,97.8
20121222170100,0.0,0.0,0.0,0.0,0.1,0.0,2.2,97.7
20121222170200,0.0,0.0,0.0,0.0,0.0,0.0,3.1,96.9
20121222170300,0.0,0.0,0.0,0.0,0.0,0.0,2.1,97.9
20121222170400,0.0,0.0,0.0,0.0,0.1,0.0,0.9,99.0
20121222170500,0.0,0.0,0.0,0.1,0.2,0.0,0.7,99.0
20121222170600,0.0,0.0,0.0,0.0,0.1,0.0,0.3,99.5
20121222170700,0.0,0.0,0.0,0.0,0.1,0.0,1.2,98.7
20121222170800,0.0,0.0,0.0,0.0,0.0,0.0,0.3,99.6
20121222170900,0.0,0.0,0.0,0.0,0.0,0.0,0.3,99.7
20121222171000,0.0,0.0,0.0,0.0,0.0,0.0,0.2,99.8
20121222171100,0.0,0.0,0.0,0.0,0.0,0.0,0.7,99.3
20121222171200,0.0,0.0,0.0,0.0,0.1,0.0,2.3,97.6
20121222171300,0.0,0.0,0.0,0.0,0.0,0.0,0.8,99.2
20121222171400,0.0,0.0,0.0,0.0,0.0,0.0,0.2,99.8
20121222171500,0.0,0.0,0.0,0.0,0.1,0.0,1.1,98.7
20121222171600,0.0,0.0,0.0,0.0,0.1,0.0,0.1,99.9
20121222171701,0.0,0.0,0.0,0.0,0.0,0.0,0.0,99.9
20121222171800,0.0,0.0,0.0,0.0,0.0,0.0,0.9,99.1
20121222171900,0.0,0.0,0.0,0.1,0.1,0.0,80.9,18.9
20121222172000,0.0,0.0,0.0,0.1,0.2,0.0,73.5,26.2
20121222172100,0.0,0.0,0.0,0.0,0.2,0.0,25.2,74.6
20121222172200,0.0,0.0,0.0,0.0,0.2,0.0,26.4,73.4
20121222172300,0.0,0.0,0.0,0.0,0.1,0.0,51.2,48.6
20121222172400,0.0,0.0,0.0,0.0,0.1,0.0,57.5,42.4
20121222172500,0.0,0.0,0.0,0.0,0.0,0.0,52.4,47.6
20121222172600,0.0,0.0,0.0,0.0,0.1,0.0,7.4,92.6
20121222172700,0.0,0.0,0.0,0.0,0.4,0.0,19.8,79.8
20121222172800,0.0,0.0,0.0,0.0,0.2,0.0,2.7,97.1
20121222172900,0.0,0.0,0.0,0.0,0.2,0.0,3.5,96.3
20121222173000,0.0,0.0,0.0,0.0,0.1,0.0,6.2,93.8
20121222173100,0.0,0.0,0.0,0.0,0.5,0.0,1.7,97.8
20121222173200,0.0,0.0,0.0,0.1,0.4,0.0,9.1,90.3
20121222173300,0.0,0.0,0.0,0.0,0.2,0.0,3.3,96.4
20121222173400,0.0,0.0,0.0,0.0,0.2,0.0,6.4,93.4
20121222173500,0.0,0.0,0.0,0.0,0.2,0.0,21.4,78.4
20121222173600,0.0,0.0,0.0,0.0,0.2,0.0,30.6,69.2
20121222173700,0.0,0.0,0.0,0.0,0.3,0.0,14.6,85.0
20121222173800,0.0,0.0,0.0,0.0,0.2,0.0,31.5,68.2
20121222173900,0.0,0.0,0.0,0.0,0.1,0.0,75.5,24.3
20121222174000,0.0,0.0,0.0,0.0,0.1,0.0,94.9,5.0
20121222174100,0.0,0.0,0.0,0.0,0.1,0.0,82.4,17.5
20121222174200,0.0,0.0,0.0,0.0,0.1,0.0,97.9,2.0
20121222174301,0.0,0.0,0.0,0.0,0.0,0.0,99.4,0.6
20121222174400,0.0,0.0,0.0,0.1,0.1,0.0,98.6,1.3
20121222174500,0.0,0.0,0.0,0.1,0.1,0.0,96.0,3.8
20121222174600,0.0,0.0,0.0,0.1,0.0,0.0,98.9,1.0
20121222174700,0.0,0.0,0.0,0.0,0.0,0.0,99.7,0.3
20121222174800,0.0,0.0,0.0,0.0,0.0,0.0,99.8,0.2
20121222174900,0.0,0.0,0.0,0.0,0.0,0.0,99.7,0.3
20121222175000,0.0,0.0,0.0,0.0,0.0,0.0,99.9,0.1
20121222175100,0.0,0.0,0.0,0.0,0.0,0.0,99.9,0.1
20121222175200,0.0,0.0,0.0,0.0,0.0,0.0,99.7,0.3
20121222175300,0.0,0.0,0.0,0.0,0.0,0.0,100.0,0.0
20121222175400,0.0,0.0,0.0,0.0,0.0,0.0,99.8,0.1
20121222175500,0.0,0.0,0.0,0.0,0.0,0.0,99.8,0.2
20121222175600,0.0,0.0,0.0,0.0,0.0,0.0,99.8,0.2
20121222175700,0.0,0.0,0.0,0.1,0.1,0.0,98.6,1.2
20121222175800,0.0,0.0,0.0,0.0,0.0,0.0,99.8,0.2
20121222175900,0.0,0.0,0.0,0.0,0.0,0.0,99.3,0.6
20121222180000,0.0,0.0,0.1,0.0,0.1,0.0,99.0,0.8
20121222180101,0.0,0.0,0.1,0.1,0.2,0.0,98.6,1.1
20121222180200,0.0,0.0,0.0,0.1,0.1,0.0,98.7,1.0
20121222180300,0.0,0.0,0.2,0.2,2.0,0.0,94.8,2.8
20121222180400,0.0,0.0,0.1,0.1,0.8,0.0,96.7,2.3
20121222180500,0.0,0.0,0.3,0.5,2.2,0.0,91.2,5.8
20121222180600,0.0,0.0,0.0,0.0,0.4,0.0,96.1,3.4
20121222180701,0.0,0.0,0.0,0.2,0.2,0.0,98.7,1.0
20121222180800,0.0,0.0,0.0,0.1,0.1,0.0,99.7,0.1
20121222180900,0.0,0.0,0.0,0.0,0.0,0.0,99.9,0.0
20121222181000,0.0,0.0,0.0,0.0,0.0,0.0,99.9,0.1
20121222181100,0.0,0.0,0.0,0.0,0.0,0.0,99.9,0.0
20121222181200,0.0,0.0,0.0,0.0,0.0,0.0,99.9,0.0
20121222181300,0.0,0.0,0.0,0.0,0.0,0.0,100.0,0.0
20121222181400,0.0,0.0,0.0,0.0,0.0,0.0,99.9,0.1
20121222181500,0.0,0.0,0.0,0.0,0.0,0.0,100.0,0.0
20121222181600,0.0,0.0,0.0,0.0,0.0,0.0,100.0,0.0
20121222181701,0.0,0.0,0.0,0.0,0.0,0.0,100.0,0.0
20121222181800,0.0,0.0,0.0,0.0,0.0,0.0,99.9,0.1
20121222181900,0.0,0.0,0.0,0.0,0.0,0.0,99.9,0.1
20121222182000,0.0,0.0,0.0,0.0,0.0,0.0,100.0,0.0
20121222182100,0.0,0.0,0.0,0.0,0.0,0.0,99.9,0.1
20121222182201,0.0,0.0,0.0,0.0,0.1,0.0,99.5,0.5
20121222182300,0.0,0.0,0.0,0.0,0.0,0.0,99.7,0.3
20121222182400,0.0,0.0,0.0,0.0,0.0,0.0,99.8,0.2
20121222182500,0.0,0.0,0.0,0.0,0.0,0.0,99.9,0.0
20121222182600,0.0,0.0,0.0,0.0,0.0,0.0,100.0,0.0
20121222182700,0.0,0.0,0.0,0.0,0.0,0.0,99.9,0.1
20121222182800,0.0,0.0,0.0,0.0,0.0,0.0,99.7,0.3
20121222182900,0.0,0.0,0.0,0.0,0.0,0.0,99.9,0.1
20121222183000,0.0,0.0,0.0,0.0,0.0,0.0,99.3,0.7
20121222183100,0.0,0.0,0.0,0.0,0.0,0.0,99.9,0.1
20121222183200,0.0,0.0,0.0,0.0,0.0,0.0,96.9,3.0
20121222183301,0.0,0.0,0.0,0.0,0.0,0.0,99.3,0.7
20121222183400,0.0,0.0,0.0,0.0,0.0,0.0,98.9,1.1
20121222183500,0.0,0.0,0.0,0.0,0.0,0.0,99.7,0.3
20121222183600,0.0,0.0,0.0,0.0,0.0,0.0,99.9,0.1
20121222183700,0.0,0.0,0.0,0.0,0.0,0.0,100.0,0.0
20121222183800,0.0,0.0,0.0,0.0,0.0,0.0,99.7,0.3
20121222183901,0.0,0.0,0.0,0.0,0.0,0.0,99.4,0.6
20121222184000,0.0,0.0,0.0,0.0,0.0,0.0,99.2,0.8
20121222184100,0.0,0.0,0.0,0.0,0.0,0.0,99.8,0.1
20121222184200,0.0,0.0,0.0,0.0,0.0,0.0,99.9,0.1
20121222184300,0.0,0.0,0.0,0.0,0.0,0.0,99.9,0.1
20121222184400,0.0,0.0,0.0,0.0,0.0,0.0,99.9,0.0
20121222184500,0.0,0.0,0.0,0.0,0.0,0.0,99.9,0.1
20121222184600,0.0,0.0,0.0,0.0,0.0,0.0,99.8,0.2
20121222184700,0.0,0.0,0.0,0.0,0.0,0.0,99.8,0.2
20121222184800,0.0,0.0,0.0,0.0,0.0,0.0,99.8,0.2
20121222184900,0.0,0.0,0.0,0.0,0.0,0.0,99.7,0.3
20121222185000,0.0,0.0,0.0,0.0,0.0,0.0,99.7,0.3
20121222185100,0.0,0.0,0.0,0.0,0.1,0.0,90.6,9.3
20121222185200,0.0,0.0,0.0,0.0,0.0,0.0,97.0,2.9
20121222185300,0.0,0.0,0.0,0.0,0.0,0.0,98.3,1.7
20121222185400,0.0,0.0,0.0,0.0,0.0,0.0,98.6,1.4
20121222185500,0.0,0.0,0.0,0.0,0.0,0.0,99.6,0.3
20121222185600,0.0,0.0,0.0,0.0,0.0,0.0,99.5,0.5
20121222185700,0.0,0.0,0.0,0.0,0.0,0.0,99.2,0.8
20121222185800,0.0,0.0,0.0,0.0,0.0,0.0,99.7,0.3
20121222185900,0.0,0.0,0.0,0.0,0.0,0.0,99.4,0.6
20121222190000,0.0,0.0,0.0,0.0,0.0,0.0,99.2,0.8
20121222190100,0.0,0.0,0.0,0.0,0.0,0.0,99.6,0.4
20121222190201,0.0,0.0,0.0,0.0,0.0,0.0,99.4,0.6
20121222190300,0.0,0.0,0.0,0.0,0.0,0.0,99.5,0.5
20121222190400,0.0,0.0,0.0,0.0,0.0,0.0,99.5,0.5
20121222190500,0.0,0.0,0.0,0.0,0.0,0.0,99.9,0.1
20121222190600,0.0,0.0,0.0,0.0,0.0,0.0,99.8,0.2
20121222190700,0.0,0.0,0.0,0.0,0.0,0.0,99.9,0.1
20121222190800,0.0,0.0,0.0,0.0,0.0,0.0,99.9,0.1
20121222190900,0.0,0.0,0.0,0.1,0.0,0.0,99.8,0.1
20121222191000,0.0,0.0,0.0,0.0,0.0,0.0,99.9,0.1
20121222191100,0.0,0.0,0.0,0.0,0.0,0.0,99.9,0.1
20121222191200,0.0,0.0,0.0,0.0,0.0,0.0,99.9,0.1
20121222191300,0.0,0.0,0.0,0.0,0.0,0.0,99.5,0.4
20121222191400,0.0,0.0,0.0,0.0,0.0,0.0,98.3,1.6
20121222191500,0.0,0.0,0.0,0.0,0.0,0.0,99.1,0.8
20121222191600,0.0,0.0,0.0,0.0,0.0,0.0,99.9,0.1
20121222191700,0.0,0.0,0.0,0.0,0.0,0.0,99.6,0.4
20121222191800,0.0,0.0,0.0,0.0,0.0,0.0,99.8,0.2
20121222191900,0.0,0.0,0.0,0.0,0.0,0.0,99.9,0.1
20121222192000,0.0,0.0,0.0,0.0,0.0,0.0,99.6,0.3
20121222192100,0.0,0.0,0.0,0.0,0.0,0.0,100.0,0.0
20121222192200,0.0,0.0,0.0,0.0,0.0,0.0,99.8,0.1
20121222192300,0.0,0.0,0.0,0.0,0.0,0.0,99.9,0.1
20121222192400,0.0,0.0,0.0,0.0,0.0,0.0,100.0,0.0
20121222192500,0.0,0.0,0.0,0.1,0.0,0.0,99.8,0.1
20121222192600,0.0,0.0,0.0,0.0,0.0,0.0,99.9,0.0
20121222192700,0.0,0.0,0.0,0.0,0.0,0.0,99.9,0.1
20121222192800,0.0,0.0,0.0,0.0,0.0,0.0,99.8,0.1
20121222192900,0.0,0.0,0.0,0.0,0.0,0.0,99.8,0.2
20121222193000,0.0,0.0,0.0,0.0,0.0,0.0,99.8,0.2
20121222193100,0.0,0.0,0.0,0.0,0.0,0.0,98.7,1.3
20121222193200,0.0,0.0,0.0,0.0,0.0,0.0,97.5,2.4
20121222193300,0.0,0.0,0.0,0.0,0.0,0.0,99.8,0.2
20121222193400,0.0,0.0,0.0,0.0,0.0,0.0,97.6,2.3
20121222193500,0.0,0.0,0.0,0.0,0.1,0.0,99.6,0.2
20121222193600,0.0,0.0,0.0,0.0,0.0,0.0,99.8,0.2
20121222193700,0.0,0.0,0.0,0.1,0.0,0.0,99.4,0.5
20121222193800,0.0,0.0,0.0,0.0,0.0,0.0,99.8,0.2
20121222193901,0.0,0.0,0.0,0.0,0.0,0.0,99.9,0.1
20121222194000,0.0,0.0,0.0,0.0,0.0,0.0,100.0,0.0
20121222194100,0.0,0.0,0.0,0.0,0.0,0.0,99.9,0.0
20121222194200,0.0,0.0,0.0,0.1,0.0,0.0,99.7,0.2
20121222194300,0.0,0.0,0.0,0.3,0.0,0.0,98.9,0.8
20121222194400,0.0,0.0,0.2,0.5,0.5,0.0,93.1,5.8
20121222194500,0.0,0.0,0.1,0.6,0.2,0.0,96.9,2.3
20121222194600,0.0,0.0,0.3,0.7,0.0,0.0,97.5,1.5
20121222194700,0.0,0.0,0.1,0.6,0.1,0.0,96.2,2.9
20121222194800,0.0,0.0,0.7,2.2,1.4,0.0,84.7,11.1
20121222194900,0.0,0.0,0.6,0.5,2.0,0.0,60.2,36.6
20121222195000,0.0,0.0,0.4,0.2,0.3,0.0,27.8,71.3
20121222195100,0.0,0.0,0.6,0.8,31.0,0.1,3.2,64.3
20121222195200,0.0,0.0,0.0,0.2,0.3,0.1,16.7,82.6
20121222195300,0.0,0.0,0.1,0.2,1.3,0.1,40.2,58.1
20121222195400,0.0,0.0,0.2,0.3,1.5,0.1,65.7,32.2
20121222195500,0.0,0.0,0.0,0.1,0.2,0.1,93.6,6.1
20121222195600,0.0,0.0,0.1,0.2,2.3,0.2,70.1,27.2
20121222195700,0.0,0.0,0.0,0.5,2.3,0.2,32.8,64.1
20121222195800,0.0,0.0,0.0,0.1,0.8,0.0,9.1,90.0
20121222195900,0.0,0.0,0.1,0.1,0.4,0.1,68.3,30.9
20121222200000,0.0,0.0,0.7,0.7,10.7,0.1,13.1,74.6
20121222200100,0.0,0.0,0.2,0.2,6.4,0.1,27.4,65.7
20121222200200,0.0,0.0,0.1,0.2,3.5,0.0,12.7,83.5
20121222200300,0.0,0.0,0.1,0.1,1.3,0.0,23.2,75.2
20121222200400,0.0,0.0,0.0,2.1,2.7,0.1,12.4,82.7
20121222200500,0.0,0.0,0.0,0.7,2.7,0.0,1.1,95.5
20121222200600,0.0,0.0,0.0,0.7,3.7,0.0,0.3,95.3
20121222200700,0.0,0.0,0.1,1.1,20.9,0.1,1.8,76.1
20121222200800,0.0,0.0,0.1,1.9,31.1,0.0,0.6,66.3
20121222200900,0.0,0.0,0.3,0.7,13.7,0.8,40.0,44.5
20121222201000,0.0,0.0,0.0,3.2,31.9,0.2,9.7,55.0
20121222201101,0.0,0.0,0.0,2.0,30.3,0.1,6.3,61.3
20121222201200,0.0,0.0,0.0,0.2,2.5,0.0,0.5,96.8
20121222201300,0.0,0.0,0.0,1.1,7.4,0.1,0.5,90.9
20121222201400,0.0,0.0,0.0,0.1,4.1,0.2,0.4,95.2
20121222201500,0.0,0.0,0.0,0.2,4.3,0.1,1.0,94.4
20121222201600,0.0,0.0,0.0,0.0,1.9,0.0,0.6,97.4
20121222201700,0.0,0.0,0.3,0.8,27.0,0.4,2.2,69.4
20121222201800,0.0,0.0,0.0,0.1,12.2,0.1,1.1,86.4
20121222201900,0.0,0.0,0.1,0.0,78.9,0.0,0.0,20.9
20121222202000,0.0,0.0,0.1,0.1,48.9,0.2,1.7,48.9
20121222202100,0.0,0.0,0.0,0.1,7.4,0.1,2.3,90.1
20121222202200,0.0,0.0,0.0,0.2,16.1,0.2,1.2,82.3
20121222202300,0.0,0.0,0.0,0.0,19.9,0.0,1.0,79.1
20121222202400,0.0,0.0,0.0,0.0,0.8,0.0,1.7,97.4
20121222202500,0.0,0.0,0.0,0.0,4.8,0.1,2.8,92.3
20121222202600,0.0,0.0,0.0,0.0,1.1,0.0,5.3,93.6
20121222202701,0.0,0.0,0.0,0.1,1.1,0.0,5.9,92.9
20121222202800,0.0,0.0,0.0,0.2,1.0,0.0,12.0,86.8
20121222202900,0.0,0.0,0.0,0.0,0.2,0.0,27.1,72.7
20121222203000,0.0,0.0,0.0,0.0,4.8,0.0,5.7,89.4
20121222203100,0.0,0.0,0.0,0.1,2.3,0.0,12.0,85.6
20121222203200,0.0,0.0,0.0,0.1,1.5,0.0,21.8,76.6
20121222203300,0.0,0.0,0.0,0.0,1.7,0.0,59.9,38.4
20121222203400,0.0,0.0,0.0,0.1,2.6,0.0,8.5,88.7
20121222203500,0.0,0.0,0.0,0.0,9.4,0.1,2.3,88.3
20121222203600,0.0,0.0,0.0,0.1,1.8,0.0,14.7,83.4
20121222203700,0.0,0.0,0.0,0.1,6.9,0.0,53.5,39.4
20121222203800,0.0,0.0,0.0,0.1,40.0,0.0,30.6,29.3
20121222203900,0.0,0.0,0.0,0.2,4.0,0.0,40.5,55.2
20121222204000,0.0,0.0,0.0,0.1,2.8,0.0,73.4,23.8
20121222204100,0.0,0.0,0.0,0.3,69.2,0.0,19.7,10.8
20121222204200,0.0,0.0,0.0,0.0,10.3,0.0,74.9,14.8
20121222204300,0.0,0.0,0.0,0.1,4.8,0.0,63.3,31.8
20121222204400,0.0,0.0,0.0,0.2,1.8,0.0,39.7,58.3
20121222204500,0.0,0.0,0.0,0.8,5.1,0.0,20.2,73.9
20121222204600,0.0,0.0,0.0,0.8,1.6,0.0,71.6,26.0
20121222204700,0.0,0.0,0.0,0.1,14.0,0.0,42.8,43.1
20121222204800,0.0,0.0,0.0,0.2,39.3,0.0,7.1,53.3
20121222204900,0.0,0.0,0.0,0.0,1.1,0.0,62.7,36.2
20121222205000,0.0,0.0,0.0,0.0,0.5,0.0,77.7,21.7
20121222205100,0.0,0.0,0.0,0.0,0.1,0.0,98.4,1.5
20121222205200,0.0,0.0,0.0,0.0,3.6,0.0,90.4,5.9
20121222205300,0.0,0.0,0.0,0.1,0.6,0.0,97.1,2.3
20121222205400,0.0,0.0,0.0,0.0,0.2,0.0,89.8,10.0
20121222205501,0.0,0.0,0.0,0.1,0.6,0.0,87.5,11.8
20121222205600,0.0,0.0,0.0,0.0,0.4,0.0,91.6,7.9
20121222205700,0.0,0.0,0.0,0.2,4.0,0.0,90.7,5.2
20121222205800,0.0,0.0,0.0,0.0,0.5,0.0,86.9,12.7
20121222205900,0.0,0.0,0.0,0.0,0.2,0.0,91.8,8.0
20121222210000,0.0,0.0,0.0,0.0,0.7,0.0,62.4,36.9
20121222210101,0.0,0.0,0.0,0.0,0.0,0.0,91.5,8.5
20121222210200,0.0,0.0,0.0,0.0,0.2,0.0,72.3,27.5
20121222210300,0.0,0.0,0.0,1.0,16.3,0.0,41.3,41.4
20121222210400,0.0,0.0,0.0,0.1,0.1,0.0,98.7,1.0
20121222210500,0.0,0.0,0.0,0.0,0.1,0.0,97.1,2.8
20121222210600,0.0,0.0,0.0,0.1,0.5,0.0,63.9,35.5
20121222210700,0.0,0.0,0.0,0.1,1.6,0.0,68.3,30.0
20121222210800,0.0,0.0,0.0,0.1,0.8,0.0,71.7,27.4
20121222210900,0.0,0.0,0.0,0.2,2.5,0.0,90.9,6.4
20121222211000,0.0,0.0,0.0,0.3,8.4,0.0,80.6,10.7
20121222211100,0.0,0.0,0.0,0.0,0.6,0.0,92.9,6.4
20121222211200,0.0,0.0,0.0,0.0,0.4,0.0,98.1,1.5
20121222211300,0.0,0.0,0.0,0.1,2.6,0.0,90.3,7.1
20121222211400,0.0,0.0,0.0,0.4,16.0,0.0,53.7,30.0
20121222211500,0.0,0.0,0.0,0.0,1.0,0.0,95.7,3.2
20121222211600,0.0,0.0,0.0,0.0,0.2,0.0,98.2,1.7
20121222211700,0.0,0.0,0.0,0.0,0.3,0.0,97.6,2.0
20121222211800,0.0,0.0,0.0,0.2,3.6,0.0,74.9,21.4
20121222211900,0.0,0.0,0.0,0.0,0.2,0.0,78.4,21.4
20121222212000,0.0,0.0,0.0,0.0,8.6,0.0,66.0,25.3
20121222212100,0.0,0.0,0.0,0.1,1.3,0.0,93.0,5.5
20121222212200,0.0,0.0,0.0,0.1,3.3,0.0,94.8,1.8
20121222212301,0.0,0.0,0.0,0.0,0.1,0.0,97.1,2.8
20121222212400,0.0,0.0,0.0,0.0,0.2,0.0,98.4,1.5
20121222212500,0.0,0.0,0.0,0.2,10.3,0.0,75.1,14.3
20121222212601,0.0,0.0,0.0,0.0,0.2,0.0,86.8,13.0
20121222212700,0.0,0.0,0.0,0.0,0.1,0.0,99.2,0.7
20121222212800,0.0,0.0,0.0,0.0,0.2,0.0,97.7,2.1
20121222212900,0.0,0.0,0.0,0.0,0.4,0.0,89.0,10.6
20121222213000,0.0,0.0,0.0,0.0,0.4,0.0,91.1,8.5
20121222213100,0.0,0.0,0.0,0.0,0.1,0.0,99.2,0.8
20121222213200,0.0,0.0,0.0,0.0,0.0,0.0,99.3,0.6
20121222213300,0.0,0.0,0.0,0.0,0.0,0.0,97.5,2.5
20121222213400,0.0,0.0,0.0,0.0,0.0,0.0,96.9,3.1
20121222213500,0.0,0.0,0.0,0.0,0.0,0.0,99.4,0.6
20121222213600,0.0,0.0,0.0,0.0,0.0,0.0,99.2,0.8
20121222213701,0.0,0.0,0.0,0.0,0.0,0.0,99.7,0.3
20121222213800,0.0,0.0,0.0,0.0,0.3,0.0,85.7,14.0
20121222213900,0.0,0.0,0.0,0.0,0.0,0.0,99.5,0.4
20121222214000,0.0,0.0,0.0,0.0,0.0,0.0,99.6,0.4
20121222214100,0.0,0.0,0.0,0.0,0.0,0.0,99.8,0.2
20121222214200,0.0,0.0,0.0,0.0,0.0,0.0,99.6,0.3
20121222214300,0.0,0.0,0.0,0.0,0.0,0.0,97.4,2.6
20121222214400,0.0,0.0,0.0,0.0,0.3,0.0,99.2,0.5
20121222214500,0.0,0.0,0.0,0.0,0.0,0.0,99.5,0.4
20121222214600,0.0,0.0,0.0,0.0,0.0,0.0,99.9,0.1
20121222214700,0.0,0.0,0.0,0.0,0.0,0.0,99.8,0.1
20121222214800,0.0,0.0,0.0,0.0,0.0,0.0,99.3,0.6
20121222214900,0.0,0.0,0.0,0.0,0.0,0.0,95.3,4.7
20121222215000,0.0,0.0,0.0,0.0,0.0,0.0,99.1,0.9
20121222215100,0.0,0.0,0.0,0.0,0.0,0.0,98.8,1.1
20121222215200,0.0,0.0,0.0,0.0,0.0,0.0,99.9,0.1
20121222215300,0.0,0.0,0.0,0.0,0.1,0.0,81.8,18.1
20121222215400,0.0,0.0,0.0,0.0,0.0,0.0,99.6,0.4
20121222215500,0.0,0.0,0.0,0.0,1.4,0.0,80.3,18.3
20121222215600,0.0,0.0,0.0,0.0,0.1,0.0,99.6,0.3
20121222215700,0.0,0.0,0.0,0.0,0.0,0.0,99.7,0.2
20121222215800,0.0,0.0,0.0,0.0,0.2,0.0,98.6,1.2
20121222215900,0.0,0.0,0.0,0.0,0.4,0.0,99.1,0.5
20121222220000,0.0,0.0,0.0,0.0,0.1,0.0,98.8,1.1
20121222220100,0.0,0.0,0.0,0.0,0.4,0.0,98.3,1.3
20121222220200,0.0,0.0,0.0,0.0,0.3,0.0,98.8,0.8
20121222220300,0.0,0.0,0.0,0.0,0.1,0.0,98.7,1.2
20121222220400,0.0,0.0,0.0,0.0,0.0,0.0,99.7,0.3
20121222220500,0.0,0.0,0.0,0.0,0.1,0.0,98.6,1.3
20121222220600,0.0,0.0,0.0,0.0,0.0,0.0,99.9,0.1
20121222220700,0.0,0.0,0.0,0.0,0.0,0.0,100.0,0.0
20121222220800,0.0,0.0,0.0,0.0,0.0,0.0,99.9,0.0
20121222220900,0.0,0.0,0.0,0.0,0.0,0.0,99.9,0.1
20121222221000,0.0,0.0,0.0,0.0,0.0,0.0,99.9,0.1
20121222221101,0.0,0.0,0.0,0.0,0.0,0.0,99.9,0.1
20121222221200,0.0,0.0,0.0,0.0,0.0,0.0,100.0,0.0
20121222221300,0.0,0.0,0.0,0.0,0.0,0.0,99.9,0.0
20121222221400,0.0,0.0,0.0,0.0,0.0,0.0,100.0,0.0
20121222221500,0.0,0.0,0.0,0.0,0.0,0.0,99.8,0.2
20121222221600,0.0,0.0,0.0,0.0,0.0,0.0,99.9,0.1
20121222221700,0.0,0.0,0.0,0.0,0.0,0.0,100.0,0.0
20121222221800,0.0,0.0,0.0,0.0,0.0,0.0,100.0,0.0
20121222221900,0.0,0.0,0.0,0.0,0.0,0.0,99.9,0.1
20121222222000,0.0,0.0,0.0,0.0,0.0,0.0,99.6,0.3
20121222222100,0.0,0.0,0.0,0.0,0.0,0.0,99.9,0.1
20121222222200,0.0,0.0,0.0,0.0,0.0,0.0,100.0,0.0
20121222222300,0.0,0.0,0.0,0.0,0.0,0.0,100.0,0.0
20121222222400,0.0,0.0,0.0,0.0,0.0,0.0,98.8,1.2
20121222222500,0.0,0.0,0.0,0.0,0.0,0.0,99.8,0.2
20121222222600,0.0,0.0,0.0,0.0,0.0,0.0,99.9,0.1
20121222222700,0.0,0.0,0.0,0.0,0.0,0.0,99.2,0.8
20121222222800,0.0,0.0,0.0,0.0,0.0,0.0,99.8,0.2
20121222222900,0.0,0.0,0.0,0.0,0.0,0.0,98.1,1.9
20121222223000,0.0,0.0,0.0,0.0,0.0,0.0,96.1,3.9
20121222223100,0.0,0.0,0.0,0.0,0.0,0.0,81.3,18.7
20121222223200,0.0,0.0,0.0,0.0,0.0,0.0,96.0,4.0
20121222223300,0.0,0.0,0.0,0.0,0.0,0.0,99.4,0.6
20121222223400,0.0,0.0,0.0,0.0,0.0,0.0,94.5,5.5
20121222223500,0.0,0.0,0.0,0.0,0.0,0.0,97.2,2.8
20121222223600,0.0,0.0,0.0,0.0,0.1,0.0,79.6,20.2
20121222223700,0.0,0.0,0.0,0.0,0.3,0.0,37.8,61.8
20121222223800,0.0,0.0,0.0,0.0,0.0,0.0,81.3,18.7
20121222223900,0.0,0.0,0.0,0.0,0.0,0.0,36.4,63.6
20121222224000,0.0,0.0,0.0,0.0,0.1,0.0,36.1,63.8
20121222224100,0.0,0.0,0.0,0.0,0.2,0.0,56.5,43.3
20121222224200,0.0,0.0,0.0,0.0,0.4,0.0,62.5,37.1
20121222224300,0.0,0.0,0.0,0.0,0.4,0.0,44.1,55.5
20121222224400,0.0,0.0,0.0,0.0,2.5,0.0,74.8,22.7
20121222224500,0.0,0.0,0.0,0.0,0.2,0.0,37.8,61.9
20121222224600,0.0,0.0,0.0,0.0,0.4,0.0,14.2,85.4
20121222224700,0.0,0.0,0.0,0.0,0.3,0.0,32.9,66.7
20121222224800,0.0,0.0,0.0,0.0,0.1,0.0,9.4,90.5
20121222224900,0.0,0.0,0.0,0.0,0.1,0.0,2.6,97.3
20121222225000,0.0,0.0,0.0,0.0,0.0,0.0,2.7,97.2
20121222225100,0.0,0.0,0.0,0.0,0.0,0.0,1.9,98.0
20121222225200,0.0,0.0,0.0,0.0,0.8,0.0,0.5,98.7
20121222225301,0.0,0.0,0.0,0.0,0.8,0.0,0.1,99.1
20121222225400,0.0,0.0,0.0,0.0,1.0,0.0,0.2,98.8
20121222225500,0.0,0.0,0.0,0.0,0.0,0.0,0.0,100.0
20121222225600,0.0,0.0,0.0,0.0,0.0,0.0,0.0,100.0
20121222225700,0.0,0.0,0.0,0.0,0.0,0.0,0.0,99.9
20121222225800,0.0,0.0,0.0,0.0,0.0,0.0,0.0,99.9
20121222225900,0.0,0.0,0.0,0.0,0.1,0.0,0.0,99.8
20121222230000,0.0,0.0,0.0,0.0,0.2,0.0,0.0,99.8
20121222230101,0.0,0.0,0.0,0.0,0.1,0.0,0.0,99.8
20121222230200,0.0,0.0,0.0,0.0,0.1,0.0,0.0,99.8
20121222230300,0.0,0.0,0.0,0.0,1.2,0.0,0.0,98.8
20121222230400,0.0,0.0,0.0,0.0,0.2,0.0,0.0,99.8
20121222230500,0.0,0.0,0.0,0.0,0.1,0.0,0.0,99.9
20121222230600,0.0,0.0,0.0,0.0,0.0,0.0,0.0,100.0
20121222230700,0.0,0.0,0.0,0.0,0.0,0.0,0.0,100.0
20121222230800,0.0,0.0,0.0,0.0,0.1,0.0,0.0,99.9
20121222230900,0.0,0.0,0.0,0.0,0.0,0.0,0.0,100.0
20121222231000,0.0,0.0,0.0,0.0,0.0,0.0,0.0,100.0
20121222231100,0.0,0.0,0.0,0.0,0.0,0.0,0.0,99.9
20121222231200,0.0,0.0,0.0,0.0,0.0,0.0,0.0,100.0
20121222231300,0.0,0.0,0.0,0.0,0.1,0.0,0.0,99.9
20121222231400,0.0,0.0,0.0,0.0,0.0,0.0,0.0,100.0
20121222231501,0.0,0.0,0.0,0.0,0.1,0.0,0.0,99.9
20121222231600,0.0,0.0,0.0,0.0,0.6,0.2,0.0,99.2
20121222231700,0.0,0.0,0.0,0.0,0.1,0.0,0.0,99.9
20121222231800,0.0,0.0,0.0,0.0,0.1,0.0,0.0,99.9
20121222231900,0.0,0.0,0.0,0.0,1.5,0.3,0.0,98.2
20121222232000,0.0,0.0,0.0,0.0,3.3,1.4,0.1,95.2
20121222232100,0.0,0.0,0.0,0.0,0.1,0.2,0.0,99.7
20121222232200,0.0,0.0,0.0,0.0,1.7,1.3,0.0,97.0
20121222232300,0.0,0.0,0.0,0.0,6.0,1.0,0.1,92.9
20121222232400,0.0,0.0,0.0,0.0,2.0,0.7,0.0,97.3
20121222232500,0.0,0.0,0.0,0.0,2.2,0.1,0.0,97.7
20121222232600,0.0,0.0,0.0,0.0,1.0,0.5,0.0,98.4
20121222232700,0.0,0.0,0.0,0.0,5.0,1.7,0.0,93.2
20121222232800,0.0,0.0,0.0,0.0,3.1,1.7,0.1,95.2
20121222232900,0.0,0.0,0.0,0.0,0.2,0.2,0.0,99.6
20121222233000,0.0,0.0,0.0,0.0,1.8,0.9,0.0,97.3
20121222233100,0.0,0.0,0.0,0.0,2.6,23.5,0.0,73.8
20121222233200,0.0,0.0,0.0,0.0,2.8,6.3,0.0,90.9
20121222233300,0.0,0.0,0.0,0.0,1.2,0.5,0.0,98.3
20121222233400,0.0,0.0,0.0,0.0,0.3,0.6,0.0,99.1
20121222233500,0.0,0.0,0.0,0.0,1.6,8.4,0.0,89.9
20121222233600,0.0,0.0,0.0,0.0,0.7,2.7,0.0,96.6
20121222233700,0.0,0.0,0.0,0.0,0.2,0.8,0.0,98.9
20121222233800,0.0,0.0,0.0,0.0,0.7,21.7,0.0,77.6
20121222233901,0.0,0.0,0.0,0.0,1.7,5.7,0.1,92.6
20121222234000,0.0,0.0,0.0,0.0,0.1,0.1,0.0,99.9
20121222234100,0.0,0.0,0.0,0.0,0.8,5.1,0.1,93.9
20121222234200,0.0,0.0,0.0,0.0,0.6,0.7,0.0,98.6
20121222234300,0.0,0.0,0.0,0.0,0.7,1.4,0.0,97.9
20121222234400,0.0,0.0,0.0,0.0,3.5,5.5,0.0,91.0
20121222234500,0.0,0.0,0.0,0.0,4.5,33.3,0.1,62.0
20121222234600,0.0,0.0,0.0,0.0,0.6,28.9,0.1,70.4
20121222234700,0.1,0.0,0.0,0.0,2.6,27.8,0.2,69.4
20121222234800,0.0,0.0,0.0,0.0,1.2,1.4,0.0,97.4
20121222234900,0.0,0.0,0.0,0.0,0.6,11.8,0.0,87.6
20121222235000,0.0,0.0,0.0,0.0,0.1,0.0,0.0,99.9
20121222235100,0.0,0.0,0.0,0.0,0.6,1.7,0.0,97.7
20121222235200,0.0,0.0,0.0,0.0,2.7,1.2,0.0,96.1
20121222235300,0.0,0.0,0.0,0.0,2.0,0.9,0.0,97.1
20121222235400,0.1,0.0,0.0,0.0,8.7,8.1,0.3,82.8
20121222235500,0.0,0.0,0.0,0.0,0.5,0.5,0.0,99.0
20121222235600,0.3,0.0,0.0,0.0,3.0,8.9,0.1,87.7
20121222235700,0.1,0.0,0.0,0.0,0.9,3.6,0.3,95.0
20121222235800,0.0,0.0,0.0,0.0,0.1,0.9,0.0,99.0
20121222235900,0.2,0.0,0.0,0.0,4.3,8.2,0.0,87.3
20121223000000,0.1,0.0,0.0,0.0,2.2,16.1,0.1,81.4
20121223000100,0.0,0.0,0.0,0.0,8.5,9.5,0.0,81.9
20121223000200,0.1,0.0,0.0,0.0,1.9,30.8,0.0,67.2
20121223000300,0.0,0.0,0.0,0.0,0.2,8.3,0.0,91.4
20121223000400,0.0,0.0,0.0,0.0,0.0,0.2,0.0,99.7
20121223000500,0.1,0.0,0.0,0.0,1.5,31.4,0.0,67.0
20121223000600,0.2,0.0,0.0,0.0,1.0,72.2,0.1,26.6
20121223000700,0.3,0.0,0.0,0.0,7.1,65.0,0.0,27.6
20121223000800,0.1,0.0,0.0,0.0,5.6,70.3,0.1,23.9
20121223000900,0.1,0.0,0.0,0.0,2.6,10.7,0.0,86.6
20121223001000,0.0,0.0,0.0,0.0,0.3,3.2,0.0,96.5
20121223001100,0.2,0.0,0.0,0.0,28.0,48.1,0.0,23.7
20121223001200,0.7,0.0,0.0,0.0,12.6,76.2,0.1,10.4
20121223001300,0.1,0.0,0.0,0.0,5.5,85.0,0.1,9.3
20121223001401,0.0,0.0,0.0,0.0,6.1,18.6,0.0,75.3
20121223001500,0.2,0.0,0.0,0.0,7.1,22.0,0.0,70.6
20121223001600,0.1,0.0,0.0,0.0,1.6,3.8,0.0,94.5
20121223001700,0.7,0.0,0.0,0.0,5.0,63.2,0.2,30.9
20121223001800,0.2,0.0,0.0,0.0,2.3,75.5,0.2,21.8
20121223001901,0.2,0.0,0.0,0.0,0.5,91.9,0.1,7.4
20121223002000,0.2,0.0,0.0,0.0,0.6,92.8,0.1,6.4
20121223002101,0.0,0.0,0.0,0.0,0.2,91.5,0.1,8.1
20121223002200,0.0,0.0,0.0,0.0,0.1,99.8,0.0,0.0
20121223002300,0.6,0.0,0.0,0.0,1.1,89.5,0.1,8.7
20121223002400,0.2,0.0,0.0,0.0,0.2,98.7,0.0,0.9
20121223002500,0.1,0.0,0.0,0.0,0.1,99.6,0.0,0.3
20121223002600,0.1,0.0,0.0,0.0,0.1,99.6,0.0,0.1
20121223002700,0.1,0.0,0.0,0.0,0.0,99.8,0.0,0.1
20121223002800,0.1,0.0,0.0,0.0,0.1,99.8,0.0,0.1
20121223002900,0.1,0.0,0.0,0.0,0.2,99.5,0.1,0.1
20121223003000,0.0,0.0,0.0,0.0,0.0,99.9,0.0,0.0
20121223003100,0.1,0.0,0.0,0.0,0.2,99.5,0.0,0.2
20121223003200,0.1,0.0,0.0,0.0,0.1,99.1,0.0,0.7
20121223003300,0.3,0.0,0.0,0.0,0.6,96.6,0.3,2.3
20121223003400,0.2,0.0,0.0,0.0,0.6,96.0,0.6,2.6
20121223003500,0.1,0.0,0.0,0.0,0.2,99.0,0.0,0.7
20121223003600,0.9,0.0,0.0,0.0,0.6,97.3,0.3,0.9
20121223003700,0.2,0.0,0.0,0.0,0.2,99.1,0.1,0.5
20121223003800,0.0,0.0,0.0,0.0,0.0,99.8,0.0,0.2
20121223003900,0.0,0.0,0.0,0.0,0.0,99.9,0.0,0.0
20121223004000,0.0,0.0,0.0,0.0,0.0,99.9,0.0,0.0
20121223004100,0.0,0.0,0.0,0.0,0.0,99.9,0.0,0.0
20121223004200,0.1,0.0,0.0,0.0,0.1,99.8,0.0,0.1
20121223004300,0.0,0.0,0.0,0.0,0.0,99.9,0.0,0.0
20121223004400,0.0,0.0,0.0,0.0,0.1,99.7,0.0,0.2
20121223004500,0.0,0.0,0.0,0.0,0.0,100.0,0.0,0.0
20121223004600,0.0,0.0,0.0,0.0,0.0,100.0,0.0,0.0
20121223004700,0.0,0.0,0.0,0.0,0.1,99.2,0.0,0.7
20121223004800,0.0,0.0,0.0,0.0,0.1,99.8,0.0,0.2
20121223004900,0.1,0.0,0.0,0.0,0.2,98.7,0.0,0.9
20121223005000,0.1,0.0,0.0,0.0,0.1,99.7,0.0,0.2
20121223005100,0.1,0.0,0.0,0.0,0.0,99.6,0.0,0.3
20121223005200,0.3,0.0,0.0,0.0,0.1,99.3,0.0,0.3
20121223005300,0.0,0.0,0.0,0.0,0.0,99.8,0.0,0.1
20121223005400,0.0,0.0,0.0,0.0,0.0,100.0,0.0,0.0
20121223005500,0.0,0.0,0.0,0.0,0.0,100.0,0.0,0.0
20121223005600,0.0,0.0,0.0,0.0,0.0,100.0,0.0,0.0
20121223005700,0.0,0.0,0.0,0.0,0.0,100.0,0.0,0.0
20121223005800,0.0,0.0,0.0,0.0,0.0,100.0,0.0,0.0
20121223005900,0.0,0.0,0.0,0.0,0.0,100.0,0.0,0.0
20121223010000,0.0,0.0,0.0,0.0,0.0,100.0,0.0,0.0
20121223010100,0.0,0.0,0.0,0.0,0.0,100.0,0.0,0.0
20121223010200,0.0,0.0,0.0,0.0,0.0,100.0,0.0,0.0
20121223010301,0.0,0.0,0.0,0.0,0.0,100.0,0.0,0.0
20121223010400,0.0,0.0,0.0,0.0,0.0,99.9,0.0,0.0
20121223010500,0.0,0.0,0.0,0.0,0.0,100.0,0.0,0.0
20121223010600,0.0,0.0,0.0,0.0,0.0,100.0,0.0,0.0
20121223010700,0.0,0.0,0.0,0.0,0.0,99.9,0.0,0.1
20121223010800,0.0,0.0,0.0,0.0,0.0,100.0,0.0,0.0
20121223010900,0.0,0.0,0.0,0.0,0.0,100.0,0.0,0.0
20121223011000,0.0,0.0,0.0,0.0,0.0,99.9,0.0,0.1
20121223011100,0.0,0.0,0.0,0.0,0.0,99.9,0.0,0.1
20121223011200,0.0,0.0,0.0,0.0,0.0,100.0,0.0,0.0
20121223011300,0.0,0.0,0.0,0.0,0.0,99.9,0.0,0.0
20121223011400,0.0,0.0,0.0,0.0,0.0,100.0,0.0,0.0
20121223011500,0.0,0.0,0.0,0.0,0.0,100.0,0.0,0.0
20121223011600,0.0,0.0,0.0,0.0,0.0,99.9,0.0,0.0
20121223011700,0.0,0.0,0.0,0.0,0.0,100.0,0.0,0.0
20121223011800,0.0,0.0,0.0,0.0,0.0,100.0,0.0,0.0
20121223011900,0.0,0.0,0.0,0.0,0.0,100.0,0.0,0.0
20121223012000,0.0,0.0,0.0,0.0,0.0,100.0,0.0,0.0
20121223012100,0.0,0.0,0.0,0.0,0.0,99.9,0.0,0.1
20121223012200,0.1,0.0,0.0,0.0,0.0,99.8,0.0,0.1
20121223012300,0.0,0.0,0.0,0.0,0.0,100.0,0.0,0.0
20121223012400,0.0,0.0,0.0,0.0,0.0,99.9,0.1,0.0
20121223012500,0.0,0.0,0.0,0.0,0.0,100.0,0.0,0.0
20121223012601,0.0,0.0,0.0,0.0,0.0,100.0,0.0,0.0
20121223012700,0.0,0.0,0.0,0.0,0.0,100.0,0.0,0.0
20121223012800,0.0,0.0,0.0,0.0,0.0,100.0,0.0,0.0
20121223012900,0.0,0.0,0.0,0.0,0.0,100.0,0.0,0.0
20121223013000,0.0,0.0,0.0,0.0,0.0,100.0,0.0,0.0
20121223013100,0.0,0.0,0.0,0.0,0.0,100.0,0.0,0.0
20121223013200,0.0,0.0,0.0,0.0,0.0,100.0,0.0,0.0
20121223013301,0.0,0.0,0.0,0.0,0.0,100.0,0.0,0.0
20121223013400,0.0,0.0,0.0,0.0,0.0,100.0,0.0,0.0
20121223013500,0.0,0.0,0.0,0.0,0.0,100.0,0.0,0.0
20121223013600,0.0,0.0,0.0,0.0,0.0,100.0,0.0,0.0
20121223013701,0.0,0.0,0.0,0.0,0.0,100.0,0.0,0.0
20121223013800,0.0,0.0,0.0,0.0,0.0,100.0,0.0,0.0
20121223013900,0.0,0.0,0.0,0.0,0.0,100.0,0.0,0.0
20121223014000,0.0,0.0,0.0,0.0,0.0,100.0,0.0,0.0
20121223014100,0.0,0.0,0.0,0.0,0.0,100.0,0.0,0.0
20121223014200,0.0,0.0,0.0,0.0,0.0,100.0,0.0,0.0
20121223014300,0.0,0.0,0.0,0.0,0.0,100.0,0.0,0.0
20121223014401,0.0,0.0,0.0,0.0,0.0,100.0,0.0,0.0
20121223014500,0.0,0.0,0.0,0.0,0.0,100.0,0.0,0.0
20121223014600,0.0,0.0,0.0,0.0,0.0,100.0,0.0,0.0
20121223014700,0.0,0.0,0.0,0.0,0.0,100.0,0.0,0.0
20121223014800,0.0,0.0,0.0,0.0,0.0,100.0,0.0,0.0
20121223014900,0.0,0.0,0.0,0.0,0.0,100.0,0.0,0.0
20121223015000,0.0,0.0,0.0,0.0,0.0,100.0,0.0,0.0
20121223015100,0.0,0.0,0.0,0.0,0.0,100.0,0.0,0.0
20121223015200,0.0,0.0,0.0,0.0,0.0,100.0,0.0,0.0
20121223015300,0.0,0.0,0.0,0.0,0.0,100.0,0.0,0.0
20121223015401,0.0,0.0,0.0,0.0,0.0,100.0,0.0,0.0
20121223015500,0.0,0.0,0.0,0.0,0.0,100.0,0.0,0.0
20121223015600,0.0,0.0,0.0,0.0,0.0,100.0,0.0,0.0
20121223015701,0.0,0.0,0.0,0.0,0.0,100.0,0.0,0.0
20121223015801,0.0,0.0,0.0,0.0,0.0,100.0,0.0,0.0
20121223015900,0.0,0.0,0.0,0.0,0.0,100.0,0.0,0.0
20121223020000,0.0,0.0,0.0,0.0,0.0,100.0,0.0,0.0
20121223020100,0.0,0.0,0.0,0.0,0.0,100.0,0.0,0.0
20121223020200,0.0,0.0,0.0,0.0,0.0,100.0,0.0,0.0
20121223020300,0.0,0.0,0.0,0.0,0.0,100.0,0.0,0.0
20121223020400,0.0,0.0,0.0,0.0,0.0,100.0,0.0,0.0
20121223020500,0.0,0.0,0.0,0.0,0.0,100.0,0.0,0.0
20121223020600,0.0,0.0,0.0,0.0,0.0,100.0,0.0,0.0
20121223020700,0.0,0.0,0.0,0.0,0.0,100.0,0.0,0.0
20121223020800,0.0,0.0,0.0,0.0,0.0,100.0,0.0,0.0
20121223020900,0.0,0.0,0.0,0.0,0.0,100.0,0.0,0.0
20121223021000,0.0,0.0,0.0,0.0,0.0,100.0,0.0,0.0
20121223021100,0.0,0.0,0.0,0.0,0.0,100.0,0.0,0.0
20121223021200,0.0,0.0,0.0,0.0,0.0,100.0,0.0,0.0
20121223021300,0.0,0.0,0.0,0.0,0.0,100.0,0.0,0.0
20121223021400,0.0,0.0,0.0,0.0,0.0,100.0,0.0,0.0
20121223021501,0.0,0.0,0.0,0.0,0.0,100.0,0.0,0.0
20121223021600,0.0,0.0,0.0,0.0,0.0,100.0,0.0,0.0
20121223021700,0.0,0.0,0.0,0.0,0.0,100.0,0.0,0.0
20121223021800,0.0,0.0,0.0,0.0,0.0,100.0,0.0,0.0
20121223021900,0.0,0.0,0.0,0.0,0.0,100.0,0.0,0.0
20121223022000,0.0,0.0,0.0,0.0,0.0,100.0,0.0,0.0
20121223022101,0.0,0.0,0.0,0.0,0.0,100.0,0.0,0.0
20121223022200,0.0,0.0,0.0,0.0,0.0,100.0,0.0,0.0
20121223022300,0.0,0.0,0.0,0.0,0.0,100.0,0.0,0.0
20121223022400,0.0,0.0,0.0,0.0,0.0,100.0,0.0,0.0
20121223022500,0.0,0.0,0.0,0.0,0.0,100.0,0.0,0.0
20121223022600,0.0,0.0,0.0,0.0,0.0,100.0,0.0,0.0
20121223022700,0.0,0.0,0.0,0.0,0.0,100.0,0.0,0.0
20121223022800,0.0,0.0,0.0,0.0,0.0,100.0,0.0,0.0
20121223022900,0.0,0.0,0.0,0.0,0.0,100.0,0.0,0.0
20121223023559,0.0,0.0,0.0,0.0,0.0,100.0,0.0,0.0
20121223023659,0.0,0.0,0.0,0.0,0.0,100.0,0.0,0.0
20121223023759,0.0,0.0,0.0,0.0,0.0,99.6,0.4,0.0
20121223023859,0.0,0.0,0.0,0.0,0.0,99.9,0.1,0.0
20121223023959,0.0,0.0,0.0,0.0,0.0,100.0,0.0,0.0
20121223024059,0.0,0.0,0.0,0.0,0.0,100.0,0.0,0.0
20121223024159,0.0,0.0,0.0,0.0,0.0,98.7,1.3,0.0
20121223024259,0.0,0.0,0.0,0.0,0.0,99.6,0.4,0.0
20121223024359,0.0,0.0,0.0,0.0,0.0,99.9,0.1,0.0
20121223024459,0.0,0.0,0.0,0.0,0.0,100.0,0.0,0.0
20121223024559,0.0,0.0,0.0,0.0,0.0,100.0,0.0,0.0
20121223024659,0.0,0.0,0.0,0.0,0.0,100.0,0.0,0.0
20121223024759,0.0,0.0,0.0,0.0,0.0,100.0,0.0,0.0
20121223024859,0.0,0.0,0.0,0.0,0.0,99.8,0.2,0.0
20121223024959,0.0,0.0,0.0,0.0,0.0,100.0,0.0,0.0
20121223025059,0.0,0.0,0.0,0.0,0.0,99.1,0.9,0.0
20121223025159,0.0,0.0,0.0,0.0,0.0,100.0,0.0,0.0
20121223025259,0.0,0.0,0.0,0.0,0.0,99.9,0.1,0.0
20121223025359,0.0,0.0,0.0,0.0,0.0,98.9,1.1,0.0
20121223025459,0.0,0.0,0.0,0.0,0.0,100.0,0.0,0.0
20121223025559,0.0,0.0,0.0,0.0,0.0,100.0,0.0,0.0
20121223025659,0.0,0.0,0.0,0.0,0.0,100.0,0.0,0.0
20121223025759,0.0,0.0,0.0,0.0,0.0,99.9,0.1,0.0
20121223025859,0.0,0.0,0.0,0.0,0.0,99.5,0.5,0.0
20121223025959,0.0,0.0,0.0,0.0,0.0,98.6,1.4,0.0
20121223030059,0.0,0.0,0.0,0.0,0.0,99.9,0.1,0.0
20121223030159,0.0,0.0,0.0,0.0,0.0,99.8,0.2,0.0
20121223030259,0.0,0.0,0.0,0.0,0.0,99.9,0.1,0.0
20121223030359,0.0,0.0,0.0,0.0,0.0,100.0,0.0,0.0
20121223030459,0.0,0.0,0.0,0.0,0.0,99.9,0.1,0.0
20121223030559,0.0,0.0,0.0,0.0,0.0,99.9,0.1,0.0
20121223030659,0.0,0.0,0.0,0.0,0.0,99.8,0.2,0.0
20121223030759,0.0,0.0,0.0,0.0,0.0,100.0,0.0,0.0
20121223030859,0.0,0.0,0.0,0.0,0.0,100.0,0.0,0.0
20121223030959,0.0,0.0,0.0,0.0,0.0,100.0,0.0,0.0
