UT,arc,discrete,diffuse,ac,ab,clear,cloudy,dd
20121026160700,0.0,0.0,0.0,0.0,0.0,0.0,0.1,99.9
20121026160800,0.0,0.0,0.0,0.0,0.0,0.0,0.0,100.0
20121026160900,0.0,0.0,0.0,0.0,0.0,0.0,0.1,99.9
20121026161000,0.0,0.0,0.0,0.0,0.0,0.0,0.1,99.9
20121026161100,0.0,0.0,0.0,0.0,0.0,0.0,0.9,99.0
20121026161200,0.0,0.0,0.0,0.0,0.0,0.0,3.1,96.9
20121026161300,0.0,0.0,0.0,0.0,0.0,0.0,1.4,98.6
20121026161400,0.0,0.0,0.0,0.0,0.0,0.0,3.8,96.2
20121026161500,0.0,0.0,0.0,0.0,0.0,0.0,8.3,91.6
20121026161600,0.0,0.0,0.0,0.0,0.0,0.0,12.6,87.4
20121026161700,0.0,0.0,0.0,0.0,0.1,0.0,62.4,37.5
20121026161800,0.0,0.0,0.0,0.1,0.0,0.0,51.2,48.7
20121026161900,0.0,0.0,0.0,0.0,0.0,0.0,76.1,23.9
20121026162000,0.0,0.0,0.0,0.0,0.0,0.0,87.1,12.8
20121026162100,0.0,0.0,0.0,0.0,0.0,0.0,79.1,20.8
20121026162200,0.0,0.0,0.0,0.1,0.1,0.0,61.9,37.8
20121026162300,0.0,0.0,0.0,0.0,0.0,0.0,95.7,4.2
20121026162400,0.0,0.0,0.0,0.0,0.0,0.0,98.9,1.1
20121026162500,0.0,0.0,0.0,0.0,0.0,0.0,99.0,1.0
20121026162600,0.0,0.0,0.0,0.0,0.0,0.0,99.9,0.1
20121026162700,0.0,0.0,0.0,0.0,0.0,0.0,100.0,0.0
20121026162800,0.0,0.0,0.0,0.0,0.0,0.0,100.0,0.0
20121026162900,0.0,0.0,0.0,0.0,0.0,0.0,100.0,0.0
20121026163000,0.0,0.0,0.0,0.0,0.0,0.0,100.0,0.0
20121026163100,0.0,0.0,0.0,0.0,0.0,0.0,99.8,0.2
20121026163200,0.0,0.0,0.0,0.0,0.0,0.0,100.0,0.0
20121026163300,0.0,0.0,0.0,0.0,0.0,0.0,99.9,0.1
20121026163400,0.0,0.0,0.0,0.0,0.0,0.0,99.9,0.1
20121026163500,0.0,0.0,0.0,0.0,0.0,0.0,100.0,0.0
20121026163600,0.0,0.0,0.0,0.0,0.0,0.0,98.1,1.9
20121026163700,0.0,0.0,0.0,0.0,0.0,0.0,99.6,0.4
20121026163800,0.0,0.0,0.0,0.0,0.0,0.0,99.5,0.5
20121026163900,0.0,0.0,0.0,0.0,0.0,0.0,99.8,0.2
20121026164000,0.0,0.0,0.0,0.0,0.0,0.0,97.7,2.3
20121026164100,0.0,0.0,0.0,0.0,0.0,0.0,94.6,5.4
20121026164200,0.0,0.0,0.0,0.0,0.0,0.0,98.9,1.1
20121026164300,0.0,0.0,0.0,0.0,0.0,0.0,100.0,0.0
20121026164400,0.0,0.0,0.0,0.0,0.0,0.0,100.0,0.0
20121026164500,0.0,0.0,0.0,0.0,0.0,0.0,100.0,0.0
20121026164600,0.0,0.0,0.0,0.0,0.0,0.0,100.0,0.0
20121026164700,0.0,0.0,0.0,0.0,0.0,0.0,100.0,0.0
20121026164800,0.0,0.0,0.0,0.0,0.0,0.0,100.0,0.0
20121026164900,0.0,0.0,0.0,0.0,0.0,0.0,100.0,0.0
20121026165000,0.0,0.0,0.0,0.0,0.0,0.0,100.0,0.0
20121026165100,0.0,0.0,0.0,0.0,0.0,0.0,99.9,0.1
20121026165200,0.0,0.0,0.0,0.0,0.0,0.0,100.0,0.0
20121026165300,0.0,0.0,0.0,0.0,0.0,0.0,100.0,0.0
20121026165400,0.0,0.0,0.0,0.0,0.0,0.0,100.0,0.0
20121026165500,0.0,0.0,0.0,0.0,0.0,0.0,100.0,0.0
20121026165600,0.0,0.0,0.0,0.0,0.0,0.0,100.0,0.0
20121026165700,0.0,0.0,0.0,0.0,0.0,0.0,100.0,0.0
20121026165800,0.0,0.0,0.0,0.0,0.0,0.0,99.9,0.1
20121026165900,0.0,0.0,0.0,0.0,0.0,0.0,100.0,0.0
20121026170000,0.0,0.0,0.0,0.0,0.0,0.0,99.0,1.0
20121026170100,0.0,0.0,0.0,0.0,0.0,0.0,99.8,0.2
20121026170200,0.0,0.0,0.0,0.1,0.0,0.0,90.9,9.0
20121026170300,0.0,0.0,0.0,0.0,0.0,0.0,99.2,0.8
20121026170400,0.0,0.0,0.0,0.7,0.0,0.0,72.4,26.9
20121026170500,0.0,0.0,0.0,0.1,0.0,0.0,98.9,1.0
20121026170600,0.0,0.0,0.0,0.9,0.0,0.0,92.0,7.0
20121026170700,0.0,0.0,0.0,0.2,0.0,0.0,99.7,0.1
20121026170800,0.0,0.0,0.0,0.0,0.0,0.0,100.0,0.0
20121026170900,0.0,0.0,0.0,0.0,0.0,0.0,100.0,0.0
20121026171000,0.0,0.0,0.0,0.0,0.0,0.0,100.0,0.0
20121026171100,0.0,0.0,0.0,0.0,0.0,0.0,99.4,0.6
20121026171200,0.0,0.0,0.0,0.0,0.0,0.0,99.4,0.6
20121026171300,0.0,0.0,0.0,0.0,0.0,0.0,99.7,0.3
20121026171400,0.0,0.0,0.0,0.0,0.0,0.0,100.0,0.0
20121026171500,0.0,0.0,0.0,0.0,0.0,0.0,100.0,0.0
20121026171600,0.0,0.0,0.0,0.0,0.0,0.0,100.0,0.0
20121026171700,0.0,0.0,0.0,0.0,0.0,0.0,99.8,0.2
20121026171800,0.0,0.0,0.0,0.0,0.0,0.0,99.2,0.8
20121026171900,0.0,0.0,0.0,0.0,0.0,0.0,100.0,0.0
20121026172000,0.0,0.0,0.0,0.0,0.0,0.0,100.0,0.0
20121026172100,0.0,0.0,0.0,0.0,0.0,0.0,100.0,0.0
20121026172200,0.0,0.0,0.0,0.0,0.0,0.0,100.0,0.0
20121026172300,0.0,0.0,0.0,0.0,0.0,0.0,100.0,0.0
20121026172400,0.0,0.0,0.0,0.0,0.0,0.0,100.0,0.0
20121026172500,0.0,0.0,0.0,0.0,0.0,0.0,100.0,0.0
20121026172600,0.0,0.0,0.0,0.0,0.0,0.0,100.0,0.0
20121026172700,0.0,0.0,0.0,0.0,0.0,0.0,100.0,0.0
20121026172800,0.0,0.0,0.0,0.0,0.0,0.0,100.0,0.0
20121026172900,0.0,0.0,0.0,0.0,0.0,0.0,100.0,0.0
20121026173000,0.0,0.0,0.0,0.0,0.0,0.0,100.0,0.0
20121026173100,0.0,0.0,0.0,0.0,0.0,0.0,100.0,0.0
20121026173200,0.0,0.0,0.0,0.0,0.0,0.0,100.0,0.0
20121026173300,0.0,0.0,0.0,0.0,0.0,0.0,100.0,0.0
20121026173400,0.0,0.0,0.0,0.0,0.0,0.0,100.0,0.0
20121026173500,0.0,0.0,0.0,0.0,0.0,0.0,99.7,0.3
20121026173600,0.0,0.0,0.0,0.0,0.0,0.0,99.9,0.1
20121026173700,0.0,0.0,0.0,0.1,0.0,0.0,99.5,0.4
20121026173800,0.0,0.0,0.0,0.0,0.0,0.0,99.9,0.1
20121026173900,0.0,0.0,0.0,0.4,0.1,0.0,90.5,9.0
20121026174000,0.0,0.0,0.0,0.2,0.0,0.0,98.3,1.5
20121026174100,0.0,0.0,0.0,0.3,0.1,0.0,95.7,3.8
20121026174200,0.0,0.0,0.0,1.5,0.6,0.0,69.6,28.3
20121026174300,0.0,0.0,0.0,4.9,1.1,0.0,48.1,45.9
20121026174400,0.0,0.0,0.0,0.4,0.4,0.0,23.4,75.8
20121026174500,0.0,0.0,0.0,1.9,0.7,0.0,88.0,9.5
20121026174600,0.0,0.0,0.0,1.1,0.6,0.0,51.8,46.5
20121026174700,0.0,0.0,0.0,13.3,0.2,0.0,29.9,56.6
20121026174800,0.0,0.0,0.0,13.9,0.1,0.0,63.6,22.4
20121026174900,0.0,0.0,0.0,3.3,0.0,0.0,95.2,1.5
20121026175000,0.0,0.0,0.0,1.0,0.0,0.0,94.0,5.0
20121026175100,0.0,0.0,0.0,0.7,0.1,0.0,85.9,13.4
20121026175200,0.0,0.0,0.0,0.8,0.0,0.0,95.6,3.6
20121026175300,0.0,0.0,0.0,2.2,1.6,0.0,31.3,65.0
20121026175400,0.0,0.0,0.0,0.4,0.1,0.0,82.2,17.3
20121026175500,0.0,0.0,0.0,0.2,0.2,0.0,95.0,4.6
20121026175600,0.0,0.0,0.0,0.3,0.0,0.0,99.0,0.8
20121026175700,0.0,0.0,0.0,0.7,0.1,0.0,57.1,42.1
20121026175800,0.0,0.0,0.0,0.3,0.1,0.0,38.6,61.0
20121026175900,0.0,0.0,0.0,1.0,0.2,0.0,94.6,4.1
20121026180000,0.0,0.0,0.0,0.2,0.4,0.0,56.6,42.8
20121026180100,0.0,0.0,0.0,0.0,0.0,0.0,86.9,13.1
20121026180200,0.0,0.0,0.0,0.0,0.0,0.0,0.9,99.1
20121026180300,0.0,0.0,0.0,0.1,0.0,0.0,5.3,94.6
20121026180400,0.0,0.0,0.0,0.0,0.0,0.0,10.9,89.1
20121026180500,0.0,0.0,0.0,0.3,0.0,0.0,66.9,32.8
20121026180600,0.0,0.0,0.0,0.5,0.0,0.0,98.3,1.2
20121026180700,0.0,0.0,0.0,0.6,0.0,0.0,98.7,0.7
20121026180800,0.0,0.0,0.0,5.2,0.1,0.0,89.1,5.7
20121026180900,0.0,0.0,0.0,1.2,0.0,0.0,98.4,0.3
20121026181000,0.0,0.0,0.0,1.1,0.0,0.0,98.6,0.3
20121026181100,0.0,0.0,0.0,0.0,0.0,0.0,99.9,0.1
20121026181200,0.0,0.0,0.0,1.4,0.0,0.0,98.0,0.6
20121026181300,0.0,0.0,0.0,0.4,0.0,0.0,99.1,0.5
20121026181400,0.0,0.0,0.0,1.3,0.1,0.0,97.7,0.9
20121026181500,0.0,0.0,0.0,0.4,0.0,0.0,99.1,0.5
20121026181600,0.0,0.0,0.0,0.7,0.0,0.0,98.5,0.8
20121026181700,0.0,0.0,0.0,0.4,0.0,0.0,99.5,0.2
20121026181800,0.0,0.0,0.0,0.6,0.0,0.0,97.9,1.5
20121026181900,0.0,0.0,0.0,2.4,0.0,0.0,87.5,10.1
20121026182000,0.0,0.0,0.0,0.3,0.0,0.0,98.9,0.7
20121026182100,0.0,0.0,0.0,0.7,0.1,0.0,84.0,15.2
20121026182200,0.0,0.0,0.0,0.4,0.0,0.0,98.6,1.0
20121026182300,0.0,0.0,0.0,0.4,0.0,0.0,98.8,0.8
20121026182400,0.0,0.0,0.0,2.0,0.0,0.0,74.2,23.8
20121026182500,0.0,0.0,0.0,0.4,0.0,0.0,94.7,4.8
20121026182600,0.0,0.0,0.0,0.3,0.0,0.0,61.3,38.3
20121026182700,0.0,0.0,0.0,0.2,0.0,0.0,98.3,1.5
20121026182800,0.0,0.0,0.0,2.1,0.0,0.0,35.9,62.0
20121026182900,0.0,0.0,0.0,0.0,0.1,0.0,37.7,62.2
20121026183000,0.0,0.0,0.0,0.4,0.0,0.0,62.0,37.6
20121026183100,0.0,0.0,0.0,0.5,0.3,0.0,16.8,82.4
20121026183200,0.0,0.0,0.0,0.2,0.2,0.0,19.7,79.9
20121026183300,0.0,0.0,0.0,0.2,0.0,0.0,19.1,80.7
20121026183400,0.0,0.0,0.0,0.2,0.1,0.0,44.4,55.3
20121026183500,0.0,0.0,0.0,1.3,0.1,0.0,14.9,83.7
20121026183600,0.0,0.0,0.0,0.4,0.1,0.0,31.3,68.2
20121026183700,0.0,0.0,0.0,3.5,0.1,0.0,84.5,12.0
20121026183800,0.0,0.0,0.0,0.9,0.0,0.0,56.2,42.9
20121026183900,0.0,0.0,0.0,0.7,0.0,0.0,88.4,10.9
20121026184000,0.0,0.0,0.0,0.5,0.0,0.0,80.2,19.2
20121026184100,0.0,0.0,0.0,0.8,0.0,0.0,94.1,5.0
20121026184200,0.0,0.0,0.0,0.7,0.0,0.0,94.6,4.7
20121026184300,0.0,0.0,0.0,0.2,0.0,0.0,34.3,65.5
20121026184400,0.0,0.0,0.0,0.1,0.0,0.0,98.3,1.6
20121026184500,0.0,0.0,0.0,0.3,0.0,0.0,98.0,1.7
20121026184600,0.0,0.0,0.0,0.2,0.0,0.0,99.5,0.3
20121026184700,0.0,0.0,0.0,0.3,0.1,0.0,93.6,6.0
20121026184800,0.0,0.0,0.0,0.2,0.0,0.0,99.2,0.6
20121026184900,0.0,0.0,0.0,0.1,0.1,0.0,93.3,6.5
20121026185000,0.0,0.0,0.0,0.2,0.0,0.0,99.2,0.6
20121026185100,0.0,0.0,0.0,0.0,0.0,0.0,98.8,1.2
20121026185200,0.0,0.0,0.0,0.3,0.0,0.0,99.5,0.2
20121026185300,0.0,0.0,0.0,0.1,0.0,0.0,99.9,0.1
20121026185400,0.0,0.0,0.0,0.9,0.0,0.0,99.0,0.1
20121026185500,0.0,0.0,0.0,0.4,0.1,0.0,81.6,17.9
20121026185600,0.0,0.0,0.0,0.1,0.0,0.0,99.0,0.9
20121026185700,0.0,0.0,0.0,0.6,0.1,0.0,97.6,1.7
20121026185800,0.0,0.0,0.0,0.1,0.0,0.0,99.8,0.1
20121026185900,0.0,0.0,0.0,0.3,0.2,0.0,98.6,0.9
20121026190000,0.0,0.0,0.0,0.3,0.6,0.0,87.2,11.9
20121026190100,0.0,0.0,0.0,0.2,0.2,0.0,95.1,4.4
20121026190200,0.0,0.0,0.0,0.2,0.1,0.0,98.4,1.3
20121026190300,0.0,0.0,0.0,0.3,0.0,0.0,98.7,1.0
20121026190400,0.0,0.0,0.0,0.2,0.0,0.0,99.1,0.7
20121026190500,0.0,0.0,0.0,0.0,0.0,0.0,99.0,0.9
20121026190600,0.0,0.0,0.0,0.6,0.0,0.0,98.4,1.0
20121026190700,0.0,0.0,0.0,0.3,0.0,0.0,99.1,0.6
20121026190800,0.0,0.0,0.0,1.2,0.4,0.0,95.1,3.4
20121026190900,0.0,0.0,0.0,0.1,0.0,0.0,94.5,5.4
20121026191000,0.0,0.0,0.0,0.2,0.0,0.0,98.9,0.9
20121026191100,0.0,0.0,0.0,5.6,0.2,0.0,90.9,3.3
20121026191200,0.0,0.0,0.0,0.9,2.5,0.0,92.5,4.1
20121026191300,0.0,0.0,0.0,1.7,0.6,0.0,96.2,1.5
20121026191400,0.0,0.0,0.0,4.8,0.7,0.0,93.4,1.1
20121026191500,0.0,0.0,0.0,0.3,1.7,0.0,76.8,21.2
20121026191600,0.0,0.0,0.0,0.0,0.3,0.0,95.5,4.2
20121026191700,0.0,0.0,0.0,0.1,0.0,0.0,99.5,0.3
20121026191800,0.0,0.0,0.0,0.2,0.1,0.0,99.1,0.6
20121026191900,0.0,0.0,0.0,0.1,0.1,0.0,99.1,0.7
20121026192000,0.0,0.0,0.0,0.1,0.3,0.0,98.5,1.1
20121026192100,0.0,0.0,0.0,0.1,0.3,0.0,95.1,4.5
20121026192200,0.0,0.0,0.0,1.3,0.1,0.0,96.4,2.2
20121026192300,0.0,0.0,0.0,0.4,0.0,0.0,95.4,4.2
20121026192400,0.0,0.0,0.0,0.1,0.0,0.0,99.0,0.9
20121026192500,0.0,0.0,0.0,0.2,0.0,0.0,97.9,1.8
20121026192600,0.0,0.0,0.0,0.1,0.0,0.0,99.8,0.1
20121026192700,0.0,0.0,0.0,1.4,0.1,0.0,98.5,0.1
20121026192800,0.0,0.0,0.0,0.3,0.0,0.0,99.6,0.1
20121026192900,0.0,0.0,0.0,0.0,0.0,0.0,100.0,0.0
20121026193000,0.0,0.0,0.0,0.0,0.1,0.0,99.9,0.0
20121026193100,0.0,0.0,0.0,0.0,0.0,0.0,100.0,0.0
20121026193200,0.0,0.0,0.0,0.0,0.0,0.0,99.9,0.0
20121026193300,0.0,0.0,0.0,0.0,0.0,0.0,100.0,0.0
20121026193400,0.0,0.0,0.0,0.0,0.0,0.0,100.0,0.0
20121026193500,0.0,0.0,0.0,0.0,0.0,0.0,100.0,0.0
20121026193600,0.0,0.0,0.0,0.0,0.0,0.0,100.0,0.0
20121026193700,0.0,0.0,0.0,0.0,0.0,0.0,99.8,0.2
20121026193800,0.0,0.0,0.0,0.3,0.0,0.0,99.6,0.1
20121026193900,0.0,0.0,0.0,0.9,0.0,0.0,98.9,0.3
20121026194000,0.0,0.0,0.0,0.0,0.0,0.0,99.9,0.0
20121026194100,0.0,0.0,0.0,0.0,0.0,0.0,100.0,0.0
20121026194200,0.0,0.0,0.0,0.0,0.0,0.0,99.9,0.1
20121026194300,0.0,0.0,0.0,0.0,0.0,0.0,99.9,0.1
20121026194400,0.0,0.0,0.0,0.1,0.0,0.0,80.7,19.2
20121026194500,0.0,0.0,0.0,0.1,0.0,0.0,2.7,97.2
20121026194600,0.0,0.0,0.0,1.8,0.3,0.0,38.9,59.0
20121026194700,0.0,0.0,0.0,0.3,0.1,0.0,28.1,71.5
20121026194800,0.0,0.0,0.0,0.8,0.0,0.0,73.1,26.1
20121026194900,0.0,0.0,0.0,0.5,0.1,0.0,88.9,10.5
20121026195000,0.0,0.0,0.0,0.1,0.0,0.0,85.0,14.9
20121026195100,0.0,0.0,0.0,0.5,0.0,0.0,34.9,64.6
20121026195200,0.0,0.0,0.0,0.0,0.0,0.0,59.5,40.4
20121026195300,0.0,0.0,0.0,0.0,0.0,0.0,99.9,0.1
20121026195400,0.0,0.0,0.0,0.0,0.0,0.0,99.5,0.5
20121026195500,0.0,0.0,0.0,0.0,0.0,0.0,99.8,0.1
20121026195600,0.0,0.0,0.0,0.0,0.0,0.0,99.7,0.3
20121026195700,0.0,0.0,0.0,0.0,0.0,0.0,99.6,0.4
20121026195800,0.0,0.0,0.0,0.0,0.0,0.0,99.9,0.1
20121026195900,0.0,0.0,0.0,0.2,0.0,0.0,97.4,2.4
20121026200000,0.0,0.0,0.0,0.4,0.0,0.0,57.3,42.3
20121026200100,0.0,0.0,0.0,0.0,0.0,0.0,100.0,0.0
20121026200200,0.0,0.0,0.0,0.1,0.0,0.0,99.8,0.1
20121026200300,0.0,0.0,0.0,0.0,0.0,0.0,99.9,0.1
20121026200400,0.0,0.0,0.0,0.3,0.0,0.0,71.4,28.3
20121026200500,0.0,0.0,0.0,0.2,0.0,0.0,73.5,26.3
20121026200600,0.0,0.0,0.0,0.7,0.2,0.0,90.4,8.7
20121026200700,0.0,0.0,0.0,0.5,0.2,0.0,98.9,0.4
20121026200800,0.0,0.0,0.0,0.1,0.2,0.0,98.3,1.3
20121026200900,0.0,0.0,0.0,0.0,0.0,0.0,99.9,0.1
20121026201000,0.0,0.0,0.0,0.0,0.0,0.0,99.9,0.1
20121026201100,0.0,0.0,0.0,0.0,0.0,0.0,99.7,0.3
20121026201200,0.0,0.0,0.0,0.0,0.0,0.0,96.6,3.4
20121026201300,0.0,0.0,0.0,0.1,0.1,0.0,96.9,2.9
20121026201400,0.0,0.0,0.0,0.1,0.0,0.0,99.7,0.2
20121026201500,0.0,0.0,0.0,0.0,0.0,0.0,99.9,0.1
20121026201600,0.0,0.0,0.0,0.1,0.0,0.0,99.9,0.1
20121026201700,0.0,0.0,0.0,0.1,0.0,0.0,99.7,0.2
20121026201800,0.0,0.0,0.0,0.1,0.0,0.0,99.7,0.2
20121026201900,0.0,0.0,0.0,0.0,0.0,0.0,99.6,0.4
20121026202000,0.0,0.0,0.0,0.0,0.0,0.0,99.7,0.3
20121026202100,0.0,0.0,0.0,0.0,0.0,0.0,99.6,0.4
20121026202200,0.0,0.0,0.0,0.5,0.0,0.0,94.7,4.7
20121026202300,0.0,0.0,0.0,0.0,0.0,0.0,99.5,0.5
20121026202400,0.0,0.0,0.0,0.0,0.0,0.0,99.6,0.4
20121026202500,0.0,0.0,0.0,0.0,0.0,0.0,99.9,0.1
20121026202600,0.0,0.0,0.0,0.0,0.0,0.0,99.1,0.9
20121026202700,0.0,0.0,0.0,0.0,0.0,0.0,71.7,28.2
20121026202800,0.0,0.0,0.0,0.0,0.0,0.0,74.5,25.5
20121026202900,0.0,0.0,0.0,0.1,0.2,0.0,21.1,78.7
20121026203000,0.0,0.0,0.0,1.1,0.1,0.0,19.2,79.7
20121026203100,0.0,0.0,0.0,0.2,0.1,0.0,42.6,57.0
20121026203200,0.0,0.0,0.0,0.1,0.0,0.0,4.9,94.9
20121026203300,0.0,0.0,0.0,0.1,0.1,0.0,66.5,33.3
20121026203400,0.0,0.0,0.0,0.1,0.0,0.0,24.6,75.4
20121026203500,0.0,0.0,0.0,0.0,0.0,0.0,99.0,0.9
20121026203600,0.0,0.0,0.0,0.1,0.0,0.0,89.0,10.9
20121026203700,0.0,0.0,0.0,0.1,0.0,0.0,69.3,30.6
20121026203800,0.0,0.0,0.0,0.3,0.5,0.0,29.3,69.9
20121026203900,0.0,0.0,0.0,0.5,1.6,0.0,30.0,67.9
20121026204000,0.0,0.0,0.0,0.2,0.7,0.0,7.5,91.5
20121026204100,0.0,0.0,0.0,0.3,0.4,0.0,3.8,95.5
20121026204200,0.0,0.0,0.0,0.0,0.4,0.0,8.4,91.1
20121026204300,0.0,0.0,0.0,0.1,0.3,0.0,55.0,44.6
20121026204400,0.0,0.0,0.0,0.1,0.2,0.0,71.4,28.4
20121026204500,0.0,0.0,0.0,0.0,0.2,0.0,84.6,15.2
20121026204600,0.0,0.0,0.0,0.0,0.0,0.0,97.5,2.4
20121026204700,0.0,0.0,0.0,0.0,0.4,0.0,99.2,0.4
20121026204800,0.0,0.0,0.0,1.4,10.7,0.0,87.4,0.5
20121026204900,0.0,0.0,0.0,0.0,0.3,0.0,99.2,0.5
20121026205000,0.0,0.0,0.1,0.2,17.7,0.0,80.9,1.1
20121026205100,0.0,0.0,0.0,0.5,37.4,0.0,60.9,1.3
20121026205200,0.0,0.0,0.0,0.1,1.9,0.0,96.8,1.2
20121026205300,0.0,0.0,0.0,0.0,0.4,0.0,98.5,1.1
20121026205400,0.0,0.0,0.0,0.1,0.1,0.0,98.1,1.7
20121026205500,0.0,0.0,0.0,9.4,51.2,0.0,32.4,7.0
20121026205600,0.0,0.0,0.0,28.6,18.1,0.0,34.3,18.9
20121026205700,0.0,0.0,0.0,4.2,10.2,0.0,72.1,13.5
20121026205800,0.0,0.0,0.0,6.0,65.7,0.0,14.4,13.8
20121026205900,0.0,0.0,0.0,73.5,26.0,0.0,0.1,0.4
20121026210000,0.0,0.0,0.0,31.0,69.0,0.0,0.0,0.0
20121026210100,0.0,0.0,0.0,0.1,70.4,0.0,1.2,28.3
20121026210200,0.0,0.0,0.0,1.7,22.7,0.0,5.2,70.4
20121026210300,0.0,0.0,0.0,18.1,76.5,0.0,0.8,4.5
20121026210400,0.0,0.0,0.0,55.7,43.0,0.0,0.1,1.2
20121026210500,0.0,0.0,0.0,22.5,77.3,0.0,0.1,0.1
20121026210600,0.0,0.0,0.0,4.5,95.3,0.0,0.2,0.0
20121026210700,0.0,0.0,0.0,12.7,85.0,0.0,1.4,0.9
20121026210800,0.0,0.0,0.0,0.4,91.5,0.0,5.7,2.4
20121026210900,0.0,0.0,0.0,13.5,83.0,0.0,0.3,3.3
20121026211000,0.0,0.0,0.0,25.6,66.7,0.0,3.1,4.6
20121026211100,0.0,0.0,0.0,7.3,47.2,0.0,2.8,42.7
20121026211200,0.0,0.0,0.0,6.7,69.0,0.0,0.2,24.1
20121026211300,0.0,0.0,0.0,4.0,79.4,0.0,0.1,16.5
20121026211400,0.0,0.0,0.0,3.6,94.5,0.0,0.3,1.6
20121026211500,0.0,0.0,0.0,1.1,97.5,0.0,0.3,1.2
20121026211600,0.0,0.0,0.0,3.9,84.0,0.0,5.3,6.7
20121026211700,0.0,0.0,0.0,7.4,73.4,0.0,11.3,7.9
20121026211800,0.0,0.0,0.0,5.2,81.5,0.0,0.7,12.5
20121026211900,0.0,0.0,0.0,2.3,20.7,0.0,15.8,61.2
20121026212000,0.0,0.0,0.0,1.6,18.8,0.0,77.0,2.6
20121026212100,0.0,0.0,0.0,0.1,14.1,0.0,81.1,4.8
20121026212200,0.0,0.0,0.0,0.0,0.0,0.0,99.7,0.2
20121026212300,0.0,0.0,0.0,0.1,0.2,0.0,99.5,0.3
20121026212400,0.0,0.0,0.0,0.0,0.2,0.0,99.5,0.2
20121026212500,0.0,0.0,0.0,0.1,0.2,0.0,99.4,0.3
20121026212600,0.0,0.0,0.0,6.0,1.0,0.0,92.3,0.6
20121026212700,0.0,0.0,0.0,2.1,0.6,0.0,97.1,0.2
20121026212800,0.0,0.0,0.0,0.9,3.1,0.0,95.1,0.9
20121026212900,0.0,0.0,0.0,0.2,1.6,0.0,96.6,1.5
20121026213000,0.0,0.0,0.0,0.4,0.1,0.0,99.3,0.2
20121026213100,0.0,0.0,0.0,2.5,3.8,0.0,93.7,0.0
20121026213200,0.0,0.0,0.0,0.1,22.9,0.0,76.8,0.2
20121026213300,0.0,0.0,0.0,0.0,0.0,0.0,99.2,0.7
20121026213400,0.0,0.0,0.0,0.0,0.1,0.0,84.2,15.7
20121026213500,0.0,0.0,0.0,0.0,0.1,0.0,99.7,0.3
20121026213600,0.0,0.0,0.0,0.0,0.0,0.0,99.6,0.3
20121026213700,0.0,0.0,0.0,0.0,0.1,0.0,97.4,2.5
20121026213800,0.0,0.0,0.0,0.0,0.0,0.0,99.9,0.0
20121026213900,0.0,0.0,0.0,0.2,0.5,0.0,98.4,0.9
20121026214000,0.0,0.0,0.0,0.4,0.1,0.0,98.6,0.9
20121026214100,0.0,0.0,0.0,0.3,0.2,0.0,96.0,3.5
20121026214200,0.0,0.0,0.0,0.1,0.0,0.0,98.7,1.2
20121026214300,0.0,0.0,0.0,1.0,0.2,0.0,97.9,0.9
20121026214400,0.0,0.0,0.0,1.7,2.1,0.0,92.1,4.1
20121026214500,0.0,0.0,0.0,0.9,1.9,0.0,89.1,8.2
20121026214600,0.0,0.0,0.0,6.9,37.0,0.0,54.5,1.7
20121026214700,0.0,0.0,0.0,69.0,20.9,0.0,9.5,0.5
20121026214800,0.0,0.0,0.0,35.8,55.4,0.0,2.9,5.8
20121026214900,0.0,0.0,0.0,65.4,33.9,0.0,0.1,0.6
20121026215000,0.0,0.0,0.0,33.2,66.6,0.0,0.0,0.2
20121026215100,0.0,0.0,0.0,23.5,76.4,0.0,0.0,0.1
20121026215200,0.0,0.0,0.0,75.2,24.6,0.0,0.0,0.1
20121026215300,0.0,0.0,0.0,85.3,10.2,0.0,0.1,4.3
20121026215400,0.0,0.0,0.1,83.8,12.1,0.0,0.2,3.8
20121026215500,0.0,0.0,0.2,55.5,7.9,0.0,8.4,28.0
20121026215600,0.0,0.0,0.1,6.7,14.3,0.0,68.2,10.8
20121026215700,0.0,0.0,0.0,1.6,0.8,0.0,49.0,48.6
20121026215800,0.0,0.0,0.0,5.2,11.4,0.0,48.1,35.3
20121026215900,0.0,0.0,0.0,10.9,57.0,0.0,2.9,29.2
20121026220000,0.0,0.0,0.0,2.6,95.8,0.0,0.3,1.3
20121026220100,0.0,0.0,0.0,10.1,73.1,0.0,1.4,15.4
20121026220200,0.0,0.0,0.2,1.8,80.0,0.0,8.8,9.2
20121026220300,0.0,0.0,0.1,1.7,10.7,0.0,82.9,4.6
20121026220400,0.0,0.0,0.1,0.6,10.2,0.0,77.7,11.5
20121026220500,0.0,0.0,0.3,11.9,59.9,0.0,8.8,19.0
20121026220600,0.0,0.0,0.0,2.0,16.7,0.0,78.0,3.3
20121026220700,0.0,0.0,0.0,0.1,0.8,0.0,98.1,1.0
20121026220800,0.0,0.0,0.0,0.2,1.5,0.0,94.9,3.4
20121026220900,0.0,0.0,0.0,0.0,0.0,0.0,99.2,0.8
20121026221000,0.0,0.0,0.0,0.1,0.6,0.0,94.0,5.4
20121026221100,0.0,0.0,0.0,2.9,0.8,0.0,65.7,30.6
20121026221200,0.0,0.0,0.0,16.2,18.5,0.0,39.4,25.9
20121026221300,0.0,0.0,0.0,12.3,2.4,0.0,84.4,1.0
20121026221400,0.0,0.0,0.0,24.9,38.1,0.0,26.2,10.8
20121026221500,0.0,0.0,0.0,36.4,13.2,0.0,35.3,15.1
20121026221600,0.0,0.0,0.0,75.6,18.6,0.0,1.8,4.0
20121026221700,0.0,0.0,0.0,78.7,14.4,0.0,4.1,2.9
20121026221800,0.0,0.0,0.0,47.5,4.3,0.0,19.0,29.2
20121026221900,0.0,0.0,0.0,5.0,1.5,0.0,42.3,51.2
20121026222000,0.0,0.0,0.0,5.1,0.7,0.0,82.8,11.4
20121026222100,0.0,0.0,0.0,0.4,0.6,0.0,36.4,62.6
20121026222200,0.0,0.0,0.0,3.1,1.4,0.0,78.5,17.0
20121026222300,0.0,0.0,0.0,0.5,1.8,0.0,79.7,18.0
20121026222400,0.0,0.0,0.0,0.1,0.3,0.0,90.5,9.1
20121026222500,0.0,0.0,0.0,0.0,0.0,0.0,98.7,1.2
20121026222600,0.0,0.0,0.0,0.1,0.1,0.0,92.5,7.3
20121026222700,0.0,0.0,0.0,0.3,0.1,0.0,94.7,4.9
20121026222800,0.0,0.0,0.0,0.2,0.1,0.0,90.7,9.0
20121026222900,0.0,0.0,0.0,0.3,0.0,0.0,55.4,44.3
20121026223000,0.0,0.0,0.0,1.5,0.2,0.0,40.7,57.5
20121026223100,0.0,0.0,0.0,0.3,0.0,0.0,97.5,2.2
20121026223200,0.0,0.0,0.0,0.4,0.3,0.0,76.9,22.4
20121026223300,0.0,0.0,0.0,25.3,2.3,0.0,67.6,4.8
20121026223400,0.0,0.0,0.0,8.7,7.8,0.0,62.0,21.5
20121026223500,0.0,0.0,0.0,74.1,2.2,0.0,20.8,2.9
20121026223600,0.0,0.0,0.0,95.4,0.9,0.0,2.7,1.0
20121026223700,0.0,0.0,0.0,97.8,1.2,0.0,0.6,0.3
20121026223800,0.0,0.0,0.0,3.4,0.9,0.0,10.5,85.2
20121026223900,0.0,0.0,0.0,3.4,10.4,0.0,56.4,29.8
20121026224000,0.0,0.0,0.0,67.0,4.2,0.0,25.1,3.7
20121026224100,0.0,0.0,0.0,46.3,2.2,0.0,39.4,12.1
20121026224200,0.0,0.0,0.0,22.8,0.5,0.0,50.0,26.7
20121026224300,0.0,0.0,0.0,25.7,2.3,0.0,26.5,45.4
20121026224400,0.0,0.0,0.0,2.5,8.6,0.0,31.2,57.7
20121026224500,0.0,0.0,0.0,4.5,9.8,0.0,56.4,29.4
20121026224600,0.0,0.0,0.0,1.3,6.3,0.0,5.0,87.5
20121026224700,0.0,0.0,0.0,1.4,8.5,0.0,19.3,70.8
20121026224800,0.0,0.0,0.0,1.2,10.8,0.0,3.2,84.9
20121026224900,0.0,0.0,0.0,13.8,4.9,0.0,8.7,72.5
20121026225000,0.0,0.0,0.0,65.2,25.6,0.0,0.4,8.8
20121026225100,0.0,0.0,0.0,5.7,0.5,0.0,16.4,77.4
20121026225200,0.0,0.0,0.0,11.3,0.9,0.0,47.9,39.9
20121026225300,0.0,0.0,0.0,7.4,36.4,0.0,10.8,45.4
20121026225400,0.0,0.0,0.0,35.6,63.6,0.0,0.4,0.4
20121026225500,0.0,0.0,0.0,13.9,80.7,0.0,4.8,0.5
20121026225600,0.0,0.0,0.0,25.5,69.4,0.0,4.5,0.6
20121026225700,0.0,0.0,0.0,4.4,94.8,0.0,0.7,0.1
20121026225800,0.0,0.0,0.0,9.6,75.9,0.0,13.5,1.0
20121026225900,0.0,0.0,0.0,1.7,80.1,0.0,17.1,1.1
20121026230000,0.0,0.0,0.0,3.2,23.0,0.0,64.9,8.9
20121026230100,0.0,0.0,0.0,10.7,35.2,0.0,47.2,6.9
20121026230200,0.0,0.0,0.0,6.2,42.3,0.0,50.5,1.0
20121026230300,0.0,0.0,0.0,13.2,9.4,0.0,76.0,1.4
20121026230400,0.0,0.0,0.0,3.3,2.2,0.0,91.8,2.7
20121026230500,0.0,0.0,0.0,3.7,3.6,0.0,82.3,10.3
20121026230600,0.0,0.0,0.0,6.5,7.3,0.0,76.6,9.5
20121026230700,0.0,0.0,0.0,1.9,3.1,0.0,88.4,6.5
20121026230800,0.0,0.0,0.0,30.7,5.5,0.0,56.9,6.9
20121026230900,0.0,0.0,0.0,4.3,1.7,0.0,87.9,6.1
20121026231000,0.0,0.0,0.0,12.8,1.5,0.0,79.5,6.2
20121026231100,0.0,0.0,0.0,3.9,0.3,0.0,89.4,6.5
20121026231200,0.0,0.0,0.0,16.2,74.2,0.0,1.0,8.6
20121026231300,0.0,0.0,0.0,23.2,47.0,0.0,27.9,1.9
20121026231400,0.0,0.0,0.0,1.7,18.1,0.0,64.2,16.0
20121026231500,0.0,0.0,0.0,0.4,0.4,0.0,97.5,1.7
20121026231600,0.0,0.0,0.0,0.4,0.0,0.0,95.5,4.1
20121026231700,0.0,0.0,0.0,2.0,0.7,0.0,72.8,24.5
20121026231800,0.0,0.0,0.0,21.5,1.2,0.0,63.2,14.0
20121026231900,0.0,0.0,0.0,0.3,0.1,0.0,98.7,1.0
20121026232000,0.0,0.0,0.0,0.0,0.1,0.0,98.4,1.6
20121026232100,0.0,0.0,0.0,0.2,0.5,0.0,97.2,2.1
20121026232200,0.0,0.0,0.0,0.2,0.1,0.0,94.9,4.9
20121026232300,0.0,0.0,0.0,0.0,0.0,0.0,98.0,1.9
20121026232400,0.0,0.0,0.0,0.1,0.2,0.0,92.6,7.1
20121026232500,0.0,0.0,0.0,0.6,0.3,0.0,88.5,10.6
20121026232600,0.0,0.0,0.0,0.0,0.5,0.0,98.4,1.1
20121026232700,0.0,0.0,0.0,0.1,0.3,0.0,98.5,1.0
20121026232800,0.0,0.0,0.0,0.0,0.0,0.0,93.9,6.1
20121026232900,0.0,0.0,0.0,0.0,0.0,0.0,99.8,0.2
20121026233000,0.0,0.0,0.0,0.0,0.0,0.0,99.9,0.1
20121026233100,0.0,0.0,0.0,0.0,0.1,0.0,98.7,1.1
20121026233200,0.0,0.0,0.0,0.0,0.0,0.0,99.9,0.1
20121026233300,0.0,0.0,0.0,0.0,0.0,0.0,99.9,0.1
20121026233400,0.0,0.0,0.0,0.0,0.1,0.0,96.4,3.5
20121026233500,0.0,0.0,0.0,0.0,0.2,0.0,64.1,35.6
20121026233600,0.0,0.0,0.0,0.0,0.0,0.0,96.4,3.6
20121026233700,0.0,0.0,0.0,0.0,0.1,0.0,89.6,10.3
20121026233800,0.0,0.0,0.0,0.0,0.0,0.0,96.1,3.9
20121026233900,0.0,0.0,0.0,0.0,0.0,0.0,86.9,13.1
20121026234000,0.0,0.0,0.0,0.0,0.0,0.0,95.7,4.3
20121026234100,0.0,0.0,0.0,0.0,0.0,0.0,91.0,9.0
20121026234200,0.0,0.0,0.0,0.0,0.1,0.0,60.4,39.5
20121026234300,0.0,0.0,0.0,0.0,0.0,0.0,91.1,8.9
20121026234400,0.0,0.0,0.0,0.0,0.0,0.0,98.3,1.7
20121026234500,0.0,0.0,0.0,0.0,0.0,0.0,99.6,0.4
20121026234600,0.0,0.0,0.0,0.0,0.0,0.0,94.4,5.6
20121026234700,0.0,0.0,0.0,0.0,0.0,0.0,80.4,19.6
20121026234800,0.0,0.0,0.0,0.0,0.0,0.0,98.7,1.3
20121026234900,0.0,0.0,0.0,0.0,0.0,0.0,99.4,0.6
20121026235000,0.0,0.0,0.0,0.0,0.0,0.0,99.9,0.1
20121026235100,0.0,0.0,0.0,0.0,0.0,0.0,99.8,0.2
20121026235200,0.0,0.0,0.0,0.1,0.0,0.0,99.4,0.5
20121026235300,0.0,0.0,0.0,0.1,0.0,0.0,99.7,0.2
20121026235400,0.0,0.0,0.0,0.2,0.0,0.0,99.6,0.1
20121026235500,0.0,0.0,0.1,9.1,0.1,0.0,90.6,0.1
20121026235600,0.0,0.0,0.1,75.5,0.6,0.0,23.4,0.3
20121026235700,0.0,0.0,0.0,98.2,1.2,0.0,0.5,0.0
20121026235800,0.0,0.0,0.1,72.6,7.0,0.0,19.5,0.8
20121026235900,0.0,0.0,0.1,99.2,0.4,0.0,0.2,0.1
20121027000000,0.0,0.0,0.6,89.9,4.6,0.0,1.0,3.8
20121027000100,0.0,0.0,0.1,95.6,1.4,0.0,0.4,2.5
20121027000200,0.0,0.0,0.0,97.8,1.2,0.0,0.1,0.9
20121027000300,0.0,0.0,0.0,67.1,17.8,0.0,1.4,13.6
20121027000400,0.0,0.0,0.1,84.1,14.3,0.0,0.0,1.5
20121027000500,0.0,0.0,0.0,81.0,19.0,0.0,0.0,0.0
20121027000600,0.0,0.0,0.0,86.8,10.4,0.0,0.8,2.0
20121027000700,0.0,0.0,0.0,80.5,13.8,0.0,0.1,5.6
20121027000800,0.0,0.0,0.1,27.8,69.4,0.0,0.1,2.6
20121027000900,0.0,0.0,0.1,57.9,24.7,0.0,0.2,17.3
20121027001000,0.0,0.0,0.0,26.1,70.7,0.0,0.1,3.0
20121027001100,0.0,0.0,0.2,22.7,73.8,0.0,0.4,2.9
20121027001200,0.0,0.0,0.0,5.2,94.5,0.0,0.0,0.3
20121027001300,0.0,0.0,0.0,78.6,21.4,0.0,0.0,0.0
20121027001400,0.0,0.0,0.0,93.3,6.7,0.0,0.0,0.0
20121027001500,0.0,0.0,0.0,99.2,0.8,0.0,0.0,0.0
20121027001600,0.0,0.0,0.0,98.7,1.3,0.0,0.0,0.0
20121027001700,0.0,0.0,0.0,98.6,1.4,0.0,0.0,0.0
20121027001800,0.0,0.0,0.0,98.5,1.5,0.0,0.0,0.0
20121027001900,0.0,0.0,0.0,80.9,19.1,0.0,0.0,0.0
20121027002000,0.0,0.0,0.0,97.6,2.4,0.0,0.0,0.0
20121027002100,0.0,0.0,0.0,84.2,15.5,0.0,0.0,0.2
20121027002200,0.0,0.0,0.0,39.0,59.9,0.0,0.5,0.5
20121027002300,0.0,0.0,0.0,41.5,50.8,0.0,5.2,2.5
20121027002400,0.0,0.0,0.0,90.1,9.6,0.0,0.2,0.0
20121027002500,0.0,0.0,0.0,90.7,9.2,0.0,0.1,0.1
20121027002600,0.0,0.0,0.0,95.2,2.0,0.0,1.1,1.6
20121027002700,0.0,0.0,0.0,83.0,5.7,0.0,6.5,4.8
20121027002800,0.0,0.0,0.0,49.7,48.3,0.0,0.6,1.4
20121027002900,0.0,0.0,0.0,87.1,12.0,0.0,0.1,0.7
20121027003000,0.0,0.0,0.0,85.0,14.0,0.0,0.3,0.8
20121027003100,0.0,0.0,0.0,91.0,9.0,0.0,0.0,0.0
20121027003200,0.0,0.0,0.0,95.8,4.2,0.0,0.0,0.0
20121027003300,0.0,0.0,0.0,95.6,4.4,0.0,0.0,0.0
20121027003400,0.0,0.0,0.0,99.3,0.7,0.0,0.0,0.0
20121027003500,0.0,0.0,0.0,72.0,28.0,0.0,0.0,0.0
20121027003600,0.0,0.0,0.0,80.9,19.1,0.0,0.0,0.0
20121027003700,0.0,0.0,0.0,75.3,24.7,0.0,0.0,0.0
20121027003800,0.0,0.0,0.0,98.0,1.9,0.0,0.0,0.1
20121027003900,0.0,0.0,0.0,80.5,19.5,0.0,0.0,0.0
20121027004000,0.0,0.0,0.0,91.6,8.2,0.0,0.1,0.1
20121027004100,0.0,0.0,0.0,97.9,2.1,0.0,0.0,0.0
20121027004200,0.0,0.0,0.0,96.7,3.1,0.0,0.1,0.0
20121027004300,0.0,0.0,0.0,99.9,0.1,0.0,0.0,0.0
20121027004400,0.0,0.0,0.0,99.5,0.5,0.0,0.0,0.0
20121027004500,0.0,0.0,0.0,97.7,0.2,0.0,1.3,0.8
20121027004600,0.0,0.0,0.0,99.8,0.0,0.0,0.1,0.0
20121027004700,0.0,0.0,0.0,98.9,0.2,0.0,0.8,0.2
20121027004800,0.0,0.0,0.0,99.2,0.8,0.0,0.0,0.0
20121027004900,0.0,0.0,0.0,100.0,0.0,0.0,0.0,0.0
20121027005000,0.0,0.0,0.0,99.9,0.1,0.0,0.0,0.0
20121027005100,0.0,0.0,0.0,99.2,0.8,0.0,0.0,0.0
20121027005200,0.0,0.0,0.0,99.9,0.1,0.0,0.0,0.0
20121027005300,0.0,0.0,0.0,99.0,0.9,0.0,0.0,0.1
20121027005400,0.0,0.0,0.0,99.6,0.4,0.0,0.0,0.1
20121027005500,0.0,0.0,0.0,99.7,0.2,0.0,0.0,0.1
20121027005600,0.0,0.0,0.0,98.7,0.5,0.0,0.2,0.7
20121027005700,0.0,0.0,0.0,98.8,0.6,0.0,0.2,0.4
20121027005800,0.0,0.0,0.0,96.4,0.1,0.0,3.1,0.4
20121027005900,0.0,0.0,0.0,99.6,0.1,0.0,0.3,0.0
20121027010000,0.0,0.0,0.0,99.8,0.1,0.0,0.2,0.0
20121027010100,0.0,0.0,0.0,76.5,0.3,0.0,23.1,0.1
20121027010200,0.0,0.0,0.0,24.0,0.1,0.0,75.9,0.1
20121027010300,0.0,0.0,0.0,0.0,0.0,0.0,99.9,0.0
20121027010400,0.0,0.0,0.0,0.1,0.0,0.0,99.9,0.0
20121027010500,0.0,0.0,0.0,0.0,0.0,0.0,99.9,0.0
20121027010600,0.0,0.0,0.0,0.0,0.0,0.0,100.0,0.0
20121027010700,0.0,0.0,0.0,0.0,0.0,0.0,100.0,0.0
20121027010800,0.0,0.0,0.0,0.0,0.0,0.0,100.0,0.0
20121027010900,0.0,0.0,0.0,0.0,0.0,0.0,100.0,0.0
20121027011000,0.0,0.0,0.0,0.0,0.0,0.0,99.9,0.1
20121027011100,0.0,0.0,0.0,0.0,0.0,0.0,99.8,0.2
20121027011200,0.0,0.0,0.0,0.0,0.0,0.0,99.9,0.1
20121027011300,0.0,0.0,0.0,0.0,0.0,0.0,99.9,0.0
20121027011400,0.0,0.0,0.0,0.0,0.0,0.0,99.9,0.1
20121027011500,0.0,0.0,0.0,0.0,0.0,0.0,100.0,0.0
20121027011600,0.0,0.0,0.0,0.1,0.0,0.0,99.5,0.4
20121027011700,0.0,0.0,0.0,0.1,0.0,0.0,99.6,0.3
20121027011800,0.0,0.0,0.0,0.0,0.0,0.0,99.9,0.1
20121027011900,0.0,0.0,0.0,0.3,0.0,0.0,98.5,1.2
20121027012000,0.0,0.0,0.0,98.0,0.0,0.0,1.9,0.1
20121027012100,0.0,0.0,0.0,12.6,0.0,0.0,86.5,0.9
20121027012200,0.0,0.0,0.0,4.8,0.0,0.0,95.0,0.2
20121027012300,0.0,0.0,0.0,0.0,0.0,0.0,99.7,0.2
20121027012400,0.0,0.0,0.0,0.1,0.0,0.0,99.4,0.5
20121027012500,0.0,0.0,0.0,11.4,0.0,0.0,87.8,0.8
20121027012600,0.0,0.0,0.0,87.0,0.0,0.0,12.5,0.4
20121027012700,0.0,0.0,0.0,72.5,0.0,0.0,26.4,1.0
20121027012800,0.0,0.0,0.0,87.6,0.0,0.0,11.5,0.9
20121027012900,0.0,0.0,0.0,29.9,0.1,0.0,65.7,4.3
20121027013000,0.0,0.0,0.0,1.8,0.0,0.0,97.1,1.1
20121027013100,0.0,0.0,0.0,0.0,0.0,0.0,99.7,0.3
20121027013200,0.0,0.0,0.0,0.1,0.0,0.0,99.5,0.3
20121027013300,0.0,0.0,0.0,0.2,0.0,0.0,99.5,0.3
20121027013400,0.0,0.0,0.0,0.0,0.0,0.0,99.9,0.1
20121027013500,0.0,0.0,0.0,0.0,0.0,0.0,99.9,0.1
20121027013600,0.0,0.0,0.0,0.0,0.0,0.0,99.8,0.1
20121027013700,0.0,0.0,0.0,0.0,0.0,0.0,99.7,0.3
20121027013800,0.0,0.0,0.0,0.0,0.0,0.0,99.9,0.1
20121027013900,0.0,0.0,0.0,0.0,0.0,0.0,99.5,0.5
20121027014000,0.0,0.0,0.0,0.0,0.0,0.0,100.0,0.0
20121027014100,0.0,0.0,0.0,0.0,0.0,0.0,100.0,0.0
20121027014200,0.0,0.0,0.0,0.0,0.0,0.0,100.0,0.0
20121027014300,0.0,0.0,0.0,0.0,0.0,0.0,100.0,0.0
20121027014400,0.0,0.0,0.0,0.0,0.0,0.0,100.0,0.0
20121027014500,0.0,0.0,0.0,0.0,0.0,0.0,100.0,0.0
20121027014600,0.0,0.0,0.0,0.0,0.0,0.0,100.0,0.0
20121027014700,0.0,0.0,0.0,0.0,0.0,0.0,99.9,0.1
20121027014800,0.0,0.0,0.0,0.0,0.0,0.0,100.0,0.0
20121027014900,0.0,0.0,0.0,0.0,0.0,0.0,99.7,0.3
20121027015000,0.0,0.0,0.0,0.0,0.0,0.0,99.8,0.2
20121027015100,0.0,0.0,0.0,0.0,0.0,0.0,100.0,0.0
20121027015200,0.0,0.0,0.0,0.0,0.0,0.0,100.0,0.0
20121027015300,0.0,0.0,0.0,0.0,0.0,0.0,99.9,0.1
20121027015400,0.0,0.0,0.0,0.0,0.0,0.0,99.9,0.0
20121027015500,0.0,0.0,0.0,0.0,0.0,0.0,99.9,0.1
20121027015600,0.0,0.0,0.0,0.1,0.0,0.0,99.9,0.0
20121027015700,0.0,0.0,0.0,0.8,0.0,0.0,99.0,0.1
20121027015800,0.0,0.0,0.0,0.0,0.0,0.0,100.0,0.0
20121027015900,0.0,0.0,0.0,0.0,0.0,0.0,100.0,0.0
20121027020000,0.0,0.0,0.0,0.0,0.0,0.0,100.0,0.0
20121027020100,0.0,0.0,0.0,0.0,0.0,0.0,100.0,0.0
20121027020200,0.0,0.0,0.0,0.0,0.0,0.0,100.0,0.0
20121027020300,0.0,0.0,0.0,0.0,0.0,0.0,100.0,0.0
20121027020400,0.0,0.0,0.0,0.0,0.0,0.0,100.0,0.0
20121027020500,0.0,0.0,0.0,0.0,0.0,0.0,100.0,0.0
20121027020600,0.0,0.0,0.0,0.0,0.0,0.0,100.0,0.0
20121027020700,0.0,0.0,0.0,0.0,0.0,0.0,100.0,0.0
20121027020800,0.0,0.0,0.0,0.0,0.0,0.0,100.0,0.0
20121027020900,0.0,0.0,0.0,0.0,0.0,0.0,100.0,0.0
20121027021000,0.0,0.0,0.0,0.0,0.0,0.0,100.0,0.0
20121027021100,0.0,0.0,0.0,0.0,0.0,0.0,100.0,0.0
20121027021200,0.0,0.0,0.0,0.0,0.0,0.0,100.0,0.0
20121027021300,0.0,0.0,0.0,0.0,0.0,0.0,100.0,0.0
20121027021400,0.0,0.0,0.0,0.0,0.0,0.0,100.0,0.0
20121027021500,0.0,0.0,0.0,0.0,0.0,0.0,100.0,0.0
20121027021600,0.0,0.0,0.0,0.0,0.0,0.0,100.0,0.0
20121027021700,0.0,0.0,0.0,0.0,0.0,0.0,100.0,0.0
20121027021800,0.0,0.0,0.0,0.0,0.0,0.0,99.9,0.0
20121027021900,0.0,0.0,0.0,0.0,0.0,0.0,100.0,0.0
20121027022000,0.0,0.0,0.0,0.0,0.0,0.0,100.0,0.0
20121027022100,0.0,0.0,0.0,0.0,0.0,0.0,100.0,0.0
20121027022200,0.0,0.0,0.0,0.0,0.0,0.0,100.0,0.0
20121027022300,0.0,0.0,0.0,0.0,0.0,0.0,100.0,0.0
20121027022400,0.0,0.0,0.0,0.0,0.0,0.0,100.0,0.0
20121027022500,0.0,0.0,0.0,0.0,0.0,0.0,100.0,0.0
20121027022600,0.0,0.0,0.0,0.0,0.0,0.0,100.0,0.0
20121027022700,0.0,0.0,0.0,0.0,0.0,0.0,100.0,0.0
20121027022800,0.0,0.0,0.0,0.0,0.0,0.0,100.0,0.0
20121027022900,0.0,0.0,0.0,0.0,0.0,0.0,100.0,0.0
20121027023000,0.0,0.0,0.0,0.0,0.0,0.0,100.0,0.0
20121027023100,0.0,0.0,0.0,0.0,0.0,0.0,100.0,0.0
20121027023200,0.0,0.0,0.0,0.0,0.0,0.0,100.0,0.0
20121027023300,0.0,0.0,0.0,0.0,0.0,0.0,100.0,0.0
20121027023400,0.0,0.0,0.0,0.0,0.0,0.0,100.0,0.0
20121027023500,0.0,0.0,0.0,0.0,0.0,0.0,100.0,0.0
20121027023600,0.0,0.0,0.0,0.0,0.0,0.0,100.0,0.0
20121027023700,0.0,0.0,0.0,0.0,0.0,0.0,100.0,0.0
20121027023800,0.0,0.0,0.0,0.0,0.0,0.0,100.0,0.0
20121027023900,0.0,0.0,0.0,0.0,0.0,0.0,100.0,0.0
20121027024000,0.0,0.0,0.0,0.0,0.0,0.0,100.0,0.0
20121027024100,0.0,0.0,0.0,0.0,0.0,0.0,100.0,0.0
20121027024200,0.0,0.0,0.0,0.0,0.0,0.0,100.0,0.0
20121027024300,0.0,0.0,0.0,0.0,0.0,0.0,100.0,0.0
20121027024400,0.0,0.0,0.0,0.0,0.0,0.0,100.0,0.0
20121027024500,0.0,0.0,0.0,0.0,0.0,0.0,100.0,0.0
20121027024600,0.0,0.0,0.0,0.0,0.0,0.0,100.0,0.0
20121027024700,0.0,0.0,0.0,0.0,0.0,0.0,100.0,0.0
20121027024800,0.0,0.0,0.0,0.0,0.0,0.0,100.0,0.0
20121027024900,0.0,0.0,0.0,0.0,0.0,0.0,100.0,0.0
20121027025000,0.0,0.0,0.0,0.0,0.0,0.0,100.0,0.0
20121027025100,0.0,0.0,0.0,0.0,0.0,0.0,100.0,0.0
20121027025200,0.0,0.0,0.0,0.0,0.0,0.0,100.0,0.0
20121027025300,0.0,0.0,0.0,0.0,0.0,0.0,100.0,0.0
20121027025400,0.0,0.0,0.0,0.0,0.0,0.0,100.0,0.0
20121027025500,0.0,0.0,0.0,0.0,0.0,0.0,100.0,0.0
20121027025600,0.0,0.0,0.0,0.0,0.0,0.0,100.0,0.0
20121027025700,0.0,0.0,0.0,0.0,0.0,0.0,100.0,0.0
20121027025800,0.0,0.0,0.0,0.0,0.0,0.0,100.0,0.0
20121027025900,0.0,0.0,0.0,0.0,0.0,0.0,100.0,0.0
20121027030000,0.0,0.0,0.0,0.0,0.0,0.0,100.0,0.0
20121027030100,0.0,0.0,0.0,0.0,0.0,0.0,100.0,0.0
20121027030200,0.0,0.0,0.0,0.0,0.0,0.0,100.0,0.0
20121027030300,0.0,0.0,0.0,0.0,0.0,0.0,100.0,0.0
20121027030400,0.0,0.0,0.0,0.0,0.0,0.0,100.0,0.0
20121027030500,0.0,0.0,0.0,0.0,0.0,0.0,100.0,0.0
20121027030600,0.0,0.0,0.0,0.0,0.0,0.0,100.0,0.0
20121027030700,0.0,0.0,0.0,0.0,0.0,0.0,100.0,0.0
20121027030800,0.0,0.0,0.0,0.0,0.0,0.0,100.0,0.0
20121027030900,0.0,0.0,0.0,0.0,0.0,0.0,100.0,0.0
20121027031000,0.0,0.0,0.0,0.0,0.0,0.0,100.0,0.0
20121027031100,0.0,0.0,0.0,0.0,0.0,0.0,100.0,0.0
20121027031200,0.0,0.0,0.0,0.0,0.0,0.0,100.0,0.0
20121027031300,0.0,0.0,0.0,0.0,0.0,0.0,100.0,0.0
20121027031400,0.0,0.0,0.0,0.0,0.0,0.0,100.0,0.0
20121027031500,0.0,0.0,0.0,0.0,0.0,0.0,100.0,0.0
20121027031600,0.0,0.0,0.0,0.0,0.0,0.0,100.0,0.0
20121027031700,0.0,0.0,0.0,0.0,0.0,0.0,100.0,0.0
20121027031800,0.0,0.0,0.0,0.0,0.0,0.0,100.0,0.0
20121027031900,0.0,0.0,0.0,0.0,0.0,0.0,100.0,0.0
20121027032000,0.0,0.0,0.0,0.0,0.0,0.0,100.0,0.0
20121027032100,0.0,0.0,0.0,0.0,0.0,0.0,100.0,0.0
20121027032200,0.0,0.0,0.0,0.0,0.0,0.0,100.0,0.0
20121027032300,0.0,0.0,0.0,0.0,0.0,0.0,100.0,0.0
20121027032400,0.0,0.0,0.0,0.0,0.0,0.0,100.0,0.0
20121027032500,0.0,0.0,0.0,0.0,0.0,0.0,100.0,0.0
20121027032600,0.0,0.0,0.0,0.0,0.0,0.0,100.0,0.0
20121027032700,0.0,0.0,0.0,0.0,0.0,0.0,100.0,0.0
20121027032800,0.0,0.0,0.0,0.0,0.0,0.0,100.0,0.0
20121027032900,0.0,0.0,0.0,0.0,0.0,0.0,100.0,0.0
20121027033000,0.0,0.0,0.0,0.0,0.0,0.0,100.0,0.0
20121027033100,0.0,0.0,0.0,0.0,0.0,0.0,100.0,0.0
20121027033200,0.0,0.0,0.0,0.0,0.0,0.0,100.0,0.0
20121027033300,0.0,0.0,0.0,0.0,0.0,0.0,100.0,0.0
20121027033400,0.0,0.0,0.0,0.0,0.0,0.0,100.0,0.0
20121027033500,0.0,0.0,0.0,0.0,0.0,0.0,100.0,0.0
20121027033600,0.0,0.0,0.0,0.0,0.0,0.0,100.0,0.0
20121027033700,0.0,0.0,0.0,0.0,0.0,0.0,100.0,0.0
20121027033800,0.0,0.0,0.0,0.0,0.0,0.0,100.0,0.0
20121027033900,0.0,0.0,0.0,0.2,0.0,0.0,99.8,0.0
20121027034000,0.0,0.0,0.0,0.1,0.0,0.0,99.8,0.1
20121027034100,0.0,0.0,0.0,0.0,0.0,0.0,100.0,0.0
20121027034200,0.0,0.0,0.0,0.0,0.0,0.0,100.0,0.0
20121027034300,0.0,0.0,0.0,0.0,0.0,0.0,100.0,0.0
20121027034400,0.0,0.0,0.0,0.0,0.0,0.0,100.0,0.0
20121027034500,0.0,0.0,0.0,0.0,0.0,0.0,100.0,0.0
20121027034600,0.0,0.0,0.0,0.0,0.0,0.0,100.0,0.0
20121027034700,0.0,0.0,0.0,0.0,0.0,0.0,99.9,0.0
20121027034800,0.0,0.0,0.0,0.2,0.0,0.0,99.6,0.3
20121027034900,0.0,0.0,0.0,0.2,0.0,0.0,99.7,0.1
20121027035000,0.0,0.0,0.0,1.8,0.0,0.0,98.2,0.0
20121027035100,0.0,0.0,0.0,1.6,0.0,0.0,98.4,0.0
20121027035200,0.0,0.0,0.0,0.2,0.0,0.0,99.8,0.1
20121027035300,0.0,0.0,0.0,5.0,0.0,0.0,94.9,0.0
20121027035400,0.0,0.0,0.0,5.7,0.0,0.0,93.8,0.5
20121027035500,0.0,0.0,0.0,0.0,0.0,0.0,100.0,0.0
20121027035600,0.0,0.0,0.0,0.1,0.0,0.0,99.9,0.0
20121027035700,0.0,0.0,0.0,0.1,0.0,0.0,99.9,0.0
20121027035800,0.0,0.0,0.0,0.3,0.0,0.0,99.7,0.1
20121027035900,0.0,0.0,0.0,0.2,0.0,0.0,99.8,0.0
20121027040000,0.0,0.0,0.0,93.7,0.0,0.0,6.2,0.1
20121027040100,0.0,0.0,0.0,4.6,0.0,0.0,95.4,0.0
20121027040200,0.0,0.0,0.0,0.0,0.0,0.0,99.9,0.0
20121027040300,0.0,0.0,0.0,0.0,0.0,0.0,100.0,0.0
20121027040400,0.0,0.0,0.0,0.0,0.0,0.0,100.0,0.0
20121027040500,0.0,0.0,0.0,0.0,0.0,0.0,100.0,0.0
20121027040600,0.0,0.0,0.0,0.0,0.0,0.0,100.0,0.0
20121027040700,0.0,0.0,0.0,0.0,0.0,0.0,100.0,0.0
20121027040800,0.0,0.0,0.0,0.0,0.0,0.0,100.0,0.0
20121027040900,0.0,0.0,0.0,0.0,0.0,0.0,100.0,0.0
20121027041000,0.0,0.0,0.0,0.0,0.0,0.0,100.0,0.0
20121027041100,0.0,0.0,0.0,0.0,0.0,0.0,100.0,0.0
20121027041200,0.0,0.0,0.0,0.0,0.0,0.0,100.0,0.0
20121027041300,0.0,0.0,0.0,0.0,0.0,0.0,100.0,0.0
20121027041400,0.0,0.0,0.0,0.0,0.0,0.0,100.0,0.0
20121027041500,0.0,0.0,0.0,0.0,0.0,0.0,100.0,0.0
20121027041600,0.0,0.0,0.0,0.0,0.0,0.0,100.0,0.0
20121027041700,0.0,0.0,0.0,0.0,0.0,0.0,100.0,0.0
20121027041800,0.0,0.0,0.0,0.0,0.0,0.0,100.0,0.0
20121027041900,0.0,0.0,0.0,0.0,0.0,0.0,100.0,0.0
20121027042000,0.0,0.0,0.0,0.0,0.0,0.0,100.0,0.0
20121027042100,0.0,0.0,0.0,0.0,0.0,0.0,100.0,0.0
20121027042200,0.0,0.0,0.0,0.0,0.0,0.0,100.0,0.0
20121027042300,0.0,0.0,0.0,0.0,0.0,0.0,100.0,0.0
20121027042400,0.0,0.0,0.0,0.0,0.0,0.0,100.0,0.0
20121027042500,0.0,0.0,0.0,0.0,0.0,0.0,100.0,0.0
20121027042600,0.0,0.0,0.0,0.0,0.0,0.0,100.0,0.0
20121027042700,0.0,0.0,0.0,0.0,0.0,0.0,100.0,0.0
20121027042800,0.0,0.0,0.0,0.0,0.0,0.0,100.0,0.0
20121027042900,0.0,0.0,0.0,0.0,0.0,0.0,100.0,0.0
20121027043000,0.0,0.0,0.0,0.0,0.0,0.0,100.0,0.0
20121027043100,0.0,0.0,0.0,0.0,0.0,0.0,100.0,0.0
20121027043200,0.0,0.0,0.0,0.0,0.0,0.0,100.0,0.0
20121027043300,0.0,0.0,0.0,0.0,0.0,0.0,93.7,6.2
20121027043400,0.0,0.0,0.0,0.0,0.0,0.0,68.6,31.4
20121027043500,0.0,0.0,0.0,0.0,0.0,0.0,83.1,16.9
20121027043600,0.0,0.0,0.0,0.0,0.0,0.0,67.2,32.8
20121027043700,0.0,0.0,0.0,0.0,0.1,0.0,34.1,65.8
20121027043800,0.0,0.0,0.0,0.0,0.0,0.0,2.5,97.4
20121027043900,0.0,0.0,0.0,0.0,0.3,0.0,5.9,93.8
20121027044000,0.0,0.0,0.0,0.0,0.0,0.0,4.4,95.6
20121027044100,0.0,0.0,0.0,0.0,0.0,0.0,3.0,96.9
20121027044200,0.0,0.0,0.0,0.0,0.0,0.0,0.1,99.9
20121027044300,0.0,0.0,0.0,0.0,0.0,0.0,0.0,100.0
20121027044400,0.0,0.0,0.0,0.0,0.0,0.0,0.0,100.0
20121027044500,0.0,0.0,0.0,0.0,0.0,0.0,0.0,100.0
20121027044600,0.0,0.0,0.0,0.0,0.0,0.0,0.0,100.0
20121027044700,0.0,0.0,0.0,0.0,0.0,0.0,0.0,100.0
20121027044800,0.0,0.0,0.0,0.0,0.0,0.0,0.0,100.0
20121027044900,0.0,0.0,0.0,0.0,0.5,0.0,0.0,99.5
