UT,arc,discrete,diffuse,ac,ab,clear,cloudy,dd
20211026150700,0.0,0.0,0.0,0.0,0.0,0.0,0.0,100.0
20211026150730,0.0,0.0,0.0,0.0,0.0,0.0,0.0,100.0
20211026150800,0.0,0.0,0.0,0.0,0.0,0.0,0.0,100.0
20211026150830,0.0,0.0,0.0,0.0,0.0,0.0,0.0,100.0
20211026150900,0.0,0.0,0.0,0.0,0.0,0.0,0.0,100.0
20211026150930,0.0,0.0,0.0,0.0,0.0,0.0,0.0,100.0
20211026151000,0.0,0.0,0.0,0.0,0.0,0.0,0.0,100.0
20211026151030,0.0,0.0,0.0,0.0,0.0,0.0,0.0,100.0
20211026151100,0.0,0.0,0.0,0.0,0.0,0.0,0.0,100.0
20211026151130,0.0,0.0,0.0,0.0,0.0,0.0,0.0,100.0
20211026151200,0.0,0.0,0.0,0.0,0.0,0.0,0.0,100.0
20211026151230,0.0,0.0,0.0,0.0,0.0,0.0,0.0,100.0
20211026151300,0.0,0.0,0.0,0.0,0.0,0.0,0.0,100.0
20211026151330,0.0,0.0,0.0,0.0,0.0,0.0,0.0,100.0
20211026151400,0.0,0.0,0.0,0.0,0.0,0.0,0.0,100.0
20211026151430,0.0,0.0,0.0,0.0,0.0,0.0,0.0,100.0
20211026151500,0.0,0.0,0.0,0.0,0.0,0.0,0.0,100.0
20211026151530,0.0,0.0,0.0,0.0,0.0,0.0,0.0,100.0
20211026151600,0.0,0.0,0.0,0.0,0.0,0.0,0.0,100.0
20211026151630,0.0,0.0,0.0,0.0,0.0,0.0,0.0,100.0
20211026151700,0.0,0.0,0.0,0.0,0.0,0.0,0.0,100.0
20211026151730,0.0,0.0,0.0,0.0,0.0,0.0,0.0,100.0
20211026151800,0.0,0.0,0.0,0.0,0.0,0.0,0.0,100.0
20211026151830,0.0,0.0,0.0,0.0,0.0,0.0,0.0,100.0
20211026151900,0.0,0.0,0.0,0.0,0.0,0.0,0.0,100.0
20211026151930,0.0,0.0,0.0,0.0,0.0,0.0,0.0,100.0
20211026152000,0.0,0.0,0.0,0.0,0.0,0.0,0.0,100.0
20211026152030,0.0,0.0,0.0,0.0,0.0,0.0,0.0,100.0
20211026152100,0.0,0.0,0.0,0.0,0.0,0.0,0.0,100.0
20211026152130,0.0,0.0,0.0,0.0,0.0,0.0,0.0,100.0
20211026152200,0.0,0.0,0.0,0.0,0.0,0.0,0.0,100.0
20211026152230,0.0,0.0,0.0,0.0,0.0,0.0,0.0,100.0
20211026152300,0.0,0.0,0.0,0.0,0.0,0.0,0.0,100.0
20211026152330,0.0,0.0,0.0,0.0,0.0,0.0,0.0,100.0
20211026152400,0.0,0.0,0.0,0.0,0.0,0.0,0.0,100.0
20211026152430,0.0,0.0,0.0,0.0,0.0,0.0,0.0,100.0
20211026152500,0.0,0.0,0.0,0.0,0.0,0.0,0.0,100.0
20211026152530,0.0,0.0,0.0,0.0,0.0,0.0,0.0,100.0
20211026152600,0.0,0.0,0.0,0.0,0.0,0.0,0.0,100.0
20211026152630,0.0,0.0,0.0,0.0,0.0,0.0,0.0,100.0
20211026152700,0.0,0.0,0.0,0.0,0.0,0.0,0.0,100.0
20211026152730,0.0,0.0,0.0,0.0,0.0,0.0,0.0,100.0
20211026152800,0.0,0.0,0.0,0.0,0.0,0.0,0.0,100.0
20211026152830,0.0,0.0,0.0,0.0,0.0,0.0,0.0,100.0
20211026152900,0.0,0.0,0.0,0.0,0.0,0.0,0.0,100.0
20211026152930,0.0,0.0,0.0,0.0,0.0,0.0,0.0,100.0
20211026153000,0.0,0.0,0.0,0.0,0.0,0.0,0.0,100.0
20211026153030,0.0,0.0,0.0,0.0,0.0,0.0,0.0,100.0
20211026153100,0.0,0.0,0.0,0.0,0.0,0.0,0.0,100.0
20211026153130,0.0,0.0,0.0,0.0,0.0,0.0,0.0,100.0
20211026153200,0.0,0.0,0.0,0.0,0.0,0.0,0.0,100.0
20211026153230,0.0,0.0,0.0,0.0,0.0,0.0,0.0,100.0
20211026153300,0.0,0.0,0.0,0.0,0.0,0.0,0.0,100.0
20211026153330,0.0,0.0,0.0,0.0,0.0,0.0,0.0,100.0
20211026153400,0.0,0.0,0.0,0.0,0.0,0.0,0.0,100.0
20211026153430,0.0,0.0,0.0,0.0,0.0,0.0,0.0,100.0
20211026153500,0.0,0.0,0.0,0.0,0.0,0.0,0.0,100.0
20211026153530,0.0,0.0,0.0,0.0,0.0,0.0,0.0,100.0
20211026153600,0.0,0.0,0.0,0.0,0.0,0.0,0.0,100.0
20211026153630,0.0,0.0,0.0,0.0,0.0,0.0,0.0,100.0
20211026153701,0.0,0.0,0.0,0.0,0.0,0.0,0.0,100.0
20211026153731,0.0,0.0,0.0,0.0,0.0,0.0,0.0,100.0
20211026153801,0.0,0.0,0.0,0.0,0.0,0.0,0.0,100.0
20211026153831,0.0,0.0,0.0,0.0,0.0,0.0,0.0,100.0
20211026153901,0.0,0.0,0.0,0.0,0.0,0.0,0.0,100.0
20211026153931,0.0,0.0,0.0,0.0,0.0,0.0,0.0,100.0
20211026154001,0.0,0.0,0.0,0.0,0.0,0.0,0.0,100.0
20211026154031,0.0,0.0,0.0,0.0,0.0,0.0,0.0,100.0
20211026154101,0.0,0.0,0.0,0.0,0.0,0.0,0.0,100.0
20211026154131,0.0,0.0,0.0,0.0,0.0,0.0,0.0,100.0
20211026154201,0.0,0.0,0.0,0.0,0.0,0.0,0.0,100.0
20211026154231,0.0,0.0,0.0,0.0,0.0,0.0,0.0,100.0
20211026154301,0.0,0.0,0.0,0.0,0.0,0.0,0.0,100.0
20211026154331,0.0,0.0,0.0,0.0,0.0,0.0,0.0,100.0
20211026154401,0.0,0.0,0.0,0.0,0.0,0.0,0.0,100.0
20211026154431,0.0,0.0,0.0,0.0,0.0,0.0,0.0,100.0
20211026154501,0.0,0.0,0.0,0.0,0.0,0.0,0.0,100.0
20211026154531,0.0,0.0,0.0,0.0,0.0,0.0,0.0,100.0
20211026154601,0.0,0.0,0.0,0.0,0.0,0.0,0.0,100.0
20211026154631,0.0,0.0,0.0,0.0,0.0,0.0,0.0,100.0
20211026154701,0.0,0.0,0.0,0.0,0.0,0.0,0.0,100.0
20211026154731,0.0,0.0,0.0,0.0,0.0,0.0,0.0,100.0
20211026154801,0.0,0.0,0.0,0.0,0.0,0.0,0.0,100.0
20211026154831,0.0,0.0,0.0,0.0,0.0,0.0,0.0,100.0
20211026154901,0.0,0.0,0.0,0.0,0.0,0.0,0.0,100.0
20211026154931,0.0,0.0,0.0,0.0,0.0,0.0,0.0,100.0
20211026155001,0.0,0.0,0.0,0.0,0.0,0.0,0.0,100.0
20211026155031,0.0,0.0,0.0,0.0,0.0,0.0,0.0,100.0
20211026155101,0.0,0.0,0.0,0.0,0.0,0.0,0.0,100.0
20211026155131,0.0,0.0,0.0,0.0,0.0,0.0,0.0,100.0
20211026155201,0.0,0.0,0.0,0.0,0.0,0.0,0.0,100.0
20211026155231,0.0,0.0,0.0,0.0,0.0,0.0,0.0,100.0
20211026155301,0.0,0.0,0.0,0.0,0.0,0.0,0.0,100.0
20211026155331,0.0,0.0,0.0,0.0,0.0,0.0,0.0,100.0
20211026155401,0.0,0.0,0.0,0.0,0.0,0.0,0.0,100.0
20211026155431,0.0,0.0,0.0,0.0,0.0,0.0,0.0,100.0
20211026155501,0.0,0.0,0.0,0.0,0.0,0.0,0.0,100.0
20211026155531,0.0,0.0,0.0,0.0,0.0,0.0,0.0,100.0
20211026155601,0.0,0.0,0.0,0.0,0.0,0.0,0.0,100.0
20211026155631,0.0,0.0,0.0,0.0,0.0,0.0,0.0,100.0
20211026155701,0.0,0.0,0.0,0.0,0.0,0.0,0.0,100.0
20211026155731,0.0,0.0,0.0,0.0,0.0,0.0,0.0,100.0
20211026155801,0.0,0.0,0.0,0.0,0.0,0.0,0.0,100.0
20211026155831,0.0,0.0,0.0,0.0,0.0,0.0,0.0,100.0
20211026155901,0.0,0.0,0.0,0.0,0.0,0.0,0.0,100.0
20211026155931,0.0,0.0,0.0,0.0,0.0,0.0,0.0,100.0
20211026160001,0.0,0.0,0.0,0.0,0.0,0.0,0.0,100.0
20211026160031,0.0,0.0,0.0,0.0,0.0,0.1,0.0,99.9
20211026160101,0.0,0.0,0.0,0.0,0.0,0.1,0.0,99.9
20211026160131,0.0,0.0,0.0,0.0,0.0,0.1,0.0,99.9
20211026160201,0.0,0.0,0.0,0.0,0.0,0.1,0.1,99.8
20211026160231,0.0,0.0,0.0,0.0,0.0,0.1,0.1,99.8
20211026160301,0.0,0.0,0.0,0.0,0.0,0.6,0.4,99.0
20211026160331,0.0,0.0,0.0,0.0,0.0,1.4,0.3,98.2
20211026160402,0.1,0.0,0.0,0.1,0.0,4.4,1.2,94.2
20211026160432,0.1,0.0,0.0,0.2,0.0,1.6,2.1,96.1
20211026160502,0.1,0.0,0.0,0.1,0.1,1.9,0.4,97.4
20211026160532,0.1,0.0,0.0,0.1,0.0,2.7,2.8,94.3
20211026160602,0.2,0.0,0.0,0.0,0.0,3.0,1.6,95.1
20211026160632,0.6,0.0,0.1,0.1,0.1,6.5,5.0,87.7
20211026160832,0.0,0.0,0.0,0.0,0.0,0.0,0.0,100.0
20211026160902,0.0,0.0,0.0,0.0,0.1,0.0,0.0,99.9
20211026160932,0.0,0.0,0.0,0.0,0.0,0.0,0.0,100.0
20211026161002,0.0,0.0,0.0,0.0,0.0,0.0,0.0,100.0
20211026161032,0.0,0.0,0.0,0.0,0.1,0.0,0.0,99.9
20211026161102,0.0,0.0,0.0,0.0,0.1,0.0,0.0,99.9
20211026161132,0.0,0.0,0.0,0.0,0.2,0.0,0.0,99.8
20211026161202,0.0,0.0,0.0,0.0,0.4,0.0,0.0,99.6
20211026161232,0.0,0.0,0.0,0.0,0.1,0.0,0.0,99.9
20211026161302,0.0,0.0,0.0,0.0,0.1,0.0,0.0,99.9
20211026161332,0.0,0.0,0.0,0.0,0.1,0.0,0.0,99.9
20211026161402,0.0,0.0,0.0,0.0,0.2,0.0,0.0,99.8
20211026161432,0.0,0.0,0.0,0.0,0.1,0.0,0.0,99.9
20211026161502,0.0,0.0,0.0,0.0,0.2,0.0,0.0,99.7
20211026161532,0.0,0.0,0.0,0.0,0.1,0.0,0.0,99.9
20211026161602,0.0,0.0,0.0,0.0,0.0,0.0,0.0,100.0
20211026161632,0.0,0.0,0.0,0.0,0.0,0.0,0.0,100.0
20211026161702,0.0,0.0,0.0,0.1,0.2,0.0,0.0,99.8
20211026161732,0.0,0.0,0.0,0.0,0.3,0.0,0.0,99.6
20211026161802,0.0,0.0,0.0,0.0,0.7,0.0,0.0,99.3
20211026161832,0.0,0.0,0.0,0.1,0.8,0.0,0.1,99.0
20211026161902,0.0,0.0,0.0,0.0,5.8,0.0,0.1,94.0
20211026161932,0.0,0.0,0.0,0.1,4.0,0.0,0.8,95.2
20211026162002,0.0,0.0,0.0,0.1,11.0,0.0,1.5,87.5
20211026162032,0.0,0.0,0.0,0.1,7.7,0.0,1.8,90.4
20211026162102,0.0,0.0,0.0,0.1,9.9,0.0,1.1,88.9
20211026162132,0.0,0.0,0.0,0.2,9.9,0.0,4.8,85.2
20211026162202,0.0,0.0,0.0,0.3,26.3,0.0,3.5,69.8
20211026162232,0.1,0.0,0.0,1.2,49.2,0.0,4.5,44.9
20211026162302,0.0,0.0,0.0,4.7,29.4,0.0,5.0,60.8
20211026162332,0.0,0.0,0.0,2.8,24.2,0.0,2.9,70.1
20211026162402,0.0,0.3,0.4,6.6,24.1,0.0,13.8,54.7
20211026162432,0.0,0.0,0.1,3.1,42.5,0.0,16.2,38.1
20211026162502,0.0,0.0,0.0,0.2,9.4,0.0,2.8,87.5
20211026162532,0.0,0.0,0.3,2.0,11.2,0.0,14.6,71.9
20211026162602,0.0,0.1,0.0,1.2,31.7,0.0,19.8,47.2
20211026162632,0.0,1.3,0.1,1.8,34.4,0.0,18.1,44.2
20211026162702,0.1,0.6,0.1,12.5,22.1,0.0,21.9,42.7
20211026162732,0.0,1.6,0.1,13.6,45.5,0.0,5.4,33.8
20211026162802,0.0,0.2,0.1,8.2,10.8,0.0,44.6,36.1
20211026162832,0.0,0.1,0.0,9.0,34.3,0.0,41.3,15.1
20211026162902,0.1,0.2,0.1,11.7,37.5,0.0,24.3,26.1
20211026162932,0.1,0.9,0.2,8.7,51.8,0.0,26.6,11.8
20211026163002,0.0,0.2,0.1,14.3,39.5,0.0,42.6,3.2
20211026163032,0.2,0.4,0.4,41.4,12.3,0.0,40.2,5.2
20211026163102,0.1,0.4,0.1,40.9,5.5,0.0,42.7,10.3
20211026163132,0.0,0.2,0.0,60.4,0.8,0.0,31.2,7.3
20211026163202,0.0,0.6,0.0,33.2,4.3,0.0,47.6,14.2
20211026163232,0.1,1.5,0.0,83.5,1.3,0.0,10.7,2.9
20211026163302,0.8,5.4,0.3,63.8,10.2,0.0,11.9,7.6
20211026163332,1.2,1.0,0.0,79.4,2.3,0.0,15.7,0.5
20211026163402,0.1,0.4,0.0,62.1,0.3,0.0,36.7,0.3
20211026163432,0.7,1.4,0.1,50.2,0.6,0.0,46.8,0.2
20211026163502,0.2,0.2,0.0,37.0,0.3,0.0,62.1,0.2
20211026163532,0.1,0.3,0.0,31.2,0.1,0.0,68.2,0.1
20211026163602,1.6,0.5,0.1,18.0,0.2,0.0,78.5,1.0
20211026163632,1.0,8.4,0.4,14.8,0.5,0.0,74.8,0.2
20211026163702,13.4,9.1,7.5,14.7,1.5,0.0,53.5,0.3
20211026163732,10.6,4.6,2.1,42.7,1.8,0.0,37.6,0.7
20211026163803,3.3,2.1,0.8,11.6,0.6,0.0,81.1,0.4
20211026163833,13.3,3.3,1.4,13.7,1.2,0.0,66.8,0.3
20211026163903,29.8,2.2,0.7,3.2,0.8,0.0,62.9,0.4
20211026163933,19.1,0.7,5.6,3.2,0.6,0.0,70.6,0.1
20211026164003,47.5,0.5,0.9,0.9,0.7,0.1,49.4,0.1
20211026164033,4.7,0.8,3.9,0.8,0.2,0.1,89.4,0.1
20211026164103,0.8,0.5,2.4,0.2,0.0,0.0,95.9,0.2
20211026164133,7.8,1.9,4.9,1.3,0.2,0.0,83.7,0.2
20211026164203,0.3,0.1,0.6,0.2,0.0,0.0,98.7,0.1
20211026164233,0.7,0.1,0.2,0.2,0.0,0.0,98.3,0.4
20211026164303,0.4,0.5,0.1,0.7,0.0,0.0,97.7,0.6
20211026164333,0.1,0.2,0.1,0.0,0.0,0.0,99.2,0.3
20211026164403,0.1,1.3,0.1,0.7,0.0,0.0,97.7,0.1
20211026164433,0.4,0.2,0.4,0.4,0.0,0.0,98.4,0.2
20211026164503,0.0,0.0,0.0,0.3,0.0,0.0,99.6,0.0
20211026164533,0.0,0.1,0.1,0.1,0.0,0.0,99.7,0.0
20211026164603,0.0,0.2,0.0,0.0,0.0,0.0,99.7,0.0
20211026164633,0.0,0.5,0.0,0.0,0.0,0.0,99.4,0.0
20211026164703,0.0,0.0,0.0,0.0,0.0,0.0,100.0,0.0
20211026164733,0.0,0.0,0.0,0.0,0.0,0.0,100.0,0.0
20211026164803,0.0,0.0,0.2,0.0,0.0,0.0,99.7,0.0
20211026164833,0.0,0.0,0.0,0.0,0.0,0.0,99.8,0.1
20211026164903,0.0,0.0,0.0,0.0,0.0,0.0,99.9,0.0
20211026164933,0.0,0.0,0.0,0.0,0.0,0.0,99.9,0.0
20211026165003,0.0,0.0,0.0,0.0,0.0,0.0,99.9,0.0
20211026165033,0.0,0.0,0.0,0.0,0.0,0.0,99.8,0.0
20211026165103,0.0,0.0,0.0,0.0,0.0,0.0,100.0,0.0
20211026165133,0.0,0.0,0.0,0.0,0.0,0.0,100.0,0.0
20211026165203,0.0,0.0,0.0,0.0,0.0,0.0,100.0,0.0
20211026165233,0.0,0.0,0.0,0.0,0.0,0.0,100.0,0.0
20211026165303,0.0,0.0,0.1,0.2,0.0,0.0,99.6,0.0
20211026165333,0.0,0.0,0.0,0.0,0.0,0.0,100.0,0.0
20211026165403,0.0,0.0,0.0,0.0,0.0,0.0,100.0,0.0
20211026165433,0.0,0.0,0.0,0.0,0.0,0.0,100.0,0.0
20211026165503,0.0,0.3,0.0,0.0,0.0,0.0,99.6,0.0
20211026165533,0.0,0.0,0.0,0.1,0.0,0.0,99.9,0.0
20211026165603,0.0,0.0,0.0,0.2,0.0,0.0,99.8,0.0
20211026165633,0.0,0.0,0.0,0.7,0.0,0.0,99.3,0.0
20211026165703,0.0,0.0,0.0,1.0,0.0,0.0,98.9,0.0
20211026165733,0.0,0.0,0.0,2.0,0.0,0.0,98.0,0.0
20211026165803,0.0,0.0,0.0,0.4,0.0,0.0,99.6,0.0
20211026165833,0.0,0.0,0.0,0.1,0.0,0.0,99.9,0.0
20211026165903,0.0,0.0,0.0,1.2,0.0,0.0,98.8,0.0
20211026165933,0.0,0.0,0.0,0.2,0.0,0.0,99.8,0.0
20211026170003,0.0,0.0,0.0,0.1,0.0,0.0,99.9,0.0
20211026170033,0.0,0.0,0.0,0.1,0.0,0.0,99.9,0.0
20211026170103,0.0,0.0,0.0,0.0,0.0,0.0,100.0,0.0
20211026170133,0.0,0.1,0.0,0.1,0.0,0.0,99.8,0.0
20211026170203,0.0,0.0,0.0,0.1,0.0,0.0,99.9,0.0
20211026170233,0.0,0.0,0.0,0.1,0.0,0.0,99.9,0.0
20211026170303,0.0,0.0,0.0,0.1,0.0,0.0,99.9,0.0
20211026170333,0.0,0.1,0.0,0.3,0.0,0.0,99.6,0.0
20211026170403,0.0,0.0,0.1,0.5,0.0,0.0,99.4,0.0
20211026170433,0.0,0.0,0.0,6.4,0.0,0.0,93.5,0.1
20211026170503,0.0,0.0,0.0,1.3,0.0,0.0,98.6,0.0
20211026170533,0.0,0.0,0.1,0.4,0.0,0.0,99.5,0.1
20211026170603,0.0,0.0,0.2,0.9,0.0,0.0,98.8,0.1
20211026170633,0.0,0.0,0.1,0.1,0.0,0.0,99.8,0.0
20211026170703,0.0,0.0,0.1,0.3,0.0,0.0,99.6,0.0
20211026170733,0.0,0.0,0.1,0.3,0.0,0.0,99.6,0.0
20211026170803,0.0,0.0,0.1,0.4,0.0,0.0,99.4,0.1
20211026170833,0.0,0.0,0.0,0.2,0.0,0.0,99.8,0.0
20211026170903,0.0,0.0,0.0,0.1,0.0,0.0,99.9,0.0
20211026170933,0.0,0.0,0.0,0.1,0.0,0.0,99.9,0.0
20211026171003,0.0,0.0,0.0,0.2,0.0,0.0,99.8,0.0
20211026171033,0.0,0.0,0.0,0.2,0.0,0.0,99.8,0.0
20211026171103,0.0,0.0,0.0,0.1,0.0,0.0,99.8,0.1
20211026171133,0.0,0.0,0.1,0.6,0.0,0.0,99.2,0.1
20211026171203,0.0,0.0,0.0,0.0,0.0,0.0,99.9,0.0
20211026171234,0.0,0.0,0.0,0.0,0.0,0.0,99.8,0.1
20211026171304,0.0,0.0,0.0,0.8,0.0,0.0,99.1,0.1
20211026171334,0.0,0.0,0.0,0.0,0.0,0.0,99.8,0.2
20211026171404,0.0,0.0,0.1,0.2,0.0,0.0,99.4,0.4
20211026171434,0.0,0.0,0.2,0.2,0.0,0.0,99.3,0.3
20211026171504,0.0,0.0,0.1,1.1,0.0,0.0,98.6,0.2
20211026171534,0.0,0.0,0.2,1.1,0.0,0.0,98.6,0.2
20211026171604,0.0,0.0,0.1,2.5,0.0,0.0,97.0,0.3
20211026171634,0.0,0.0,0.2,0.7,0.0,0.0,99.0,0.1
20211026171704,0.0,0.1,0.2,0.7,0.0,0.0,98.8,0.2
20211026171734,0.0,0.0,0.0,0.5,0.0,0.0,99.2,0.2
20211026171804,0.0,0.0,0.0,1.4,0.0,0.0,98.6,0.0
20211026171834,0.0,0.0,0.0,0.7,0.0,0.0,99.2,0.1
20211026171904,0.0,0.0,0.0,0.7,0.0,0.0,99.0,0.2
20211026171934,0.0,0.1,0.0,5.9,0.0,0.0,92.4,1.5
20211026172004,0.0,0.0,0.0,3.8,0.0,0.0,95.4,0.7
20211026172034,0.0,0.1,0.2,5.4,0.0,0.0,93.2,1.1
20211026172104,0.1,0.1,0.1,4.7,0.0,0.0,94.6,0.4
20211026172134,0.0,0.1,0.2,3.1,0.0,0.0,96.4,0.2
20211026172204,0.0,0.0,0.0,0.4,0.0,0.0,99.4,0.1
20211026172234,0.0,0.0,0.0,0.6,0.0,0.0,99.2,0.1
20211026172304,0.0,0.0,0.0,0.5,0.0,0.0,99.2,0.1
20211026172334,0.0,0.0,0.1,0.6,0.0,0.0,99.1,0.1
20211026172404,0.0,0.1,0.1,0.0,0.0,0.0,99.8,0.0
20211026172434,0.0,0.3,0.3,0.2,0.0,0.0,99.1,0.0
20211026172504,0.0,0.1,0.1,0.3,0.0,0.0,99.4,0.1
20211026172534,0.0,0.0,0.0,0.4,0.0,0.0,99.5,0.0
20211026172604,0.0,0.2,0.3,0.2,0.0,0.0,99.3,0.1
20211026172634,0.0,0.1,0.2,0.1,0.0,0.0,99.5,0.0
20211026172704,0.0,0.0,0.1,0.1,0.0,0.0,99.7,0.1
20211026172734,0.0,0.0,0.2,0.4,0.0,0.0,99.2,0.1
20211026172804,0.0,0.0,0.1,0.3,0.0,0.0,99.6,0.0
20211026172834,0.0,0.0,0.0,0.5,0.0,0.0,99.4,0.0
20211026172904,0.0,0.0,0.0,0.3,0.0,0.0,99.5,0.1
20211026172934,0.0,0.0,0.1,0.2,0.0,0.0,99.7,0.0
20211026173004,0.0,0.0,0.0,0.2,0.0,0.0,99.6,0.1
20211026173034,0.0,0.0,0.0,0.0,0.0,0.0,99.9,0.0
20211026173104,0.0,0.0,0.2,0.2,0.0,0.0,99.5,0.0
20211026173134,0.0,0.0,0.3,0.2,0.0,0.0,99.4,0.1
20211026173204,0.0,0.0,0.3,1.6,0.0,0.0,97.3,0.7
20211026173234,0.2,0.5,3.9,4.5,0.3,0.1,85.1,5.5
20211026173304,0.8,1.1,27.5,15.6,0.2,0.1,51.8,3.0
20211026173334,0.5,2.3,13.2,3.4,0.1,0.0,78.4,2.1
20211026173404,0.3,2.1,27.4,7.6,0.1,0.2,61.4,1.0
20211026173434,1.7,2.1,4.3,35.8,0.1,0.1,55.7,0.3
20211026173504,1.3,4.5,4.1,23.5,0.1,0.1,65.9,0.4
20211026173534,1.2,10.5,6.1,14.2,0.3,0.1,67.3,0.3
20211026173604,0.7,4.7,9.7,23.4,0.3,0.1,61.0,0.2
20211026173634,0.3,6.1,2.6,38.0,0.3,0.1,52.4,0.3
20211026173704,0.7,9.6,2.0,11.0,0.6,0.1,75.6,0.2
20211026173734,0.1,2.8,2.5,17.2,0.2,0.1,77.0,0.2
20211026173804,0.3,15.7,6.2,14.0,0.5,0.0,63.1,0.1
20211026173834,0.1,11.6,23.0,20.1,0.3,0.0,44.8,0.1
20211026173904,0.2,58.7,4.0,7.4,0.1,0.2,29.4,0.1
20211026173935,0.0,15.8,7.7,6.9,0.0,0.0,69.5,0.0
20211026174005,0.0,1.3,1.4,3.1,0.0,0.1,94.1,0.0
20211026174035,0.0,25.4,0.9,3.7,0.0,0.1,69.9,0.1
20211026174105,0.0,32.5,2.8,8.8,0.0,0.0,55.8,0.0
20211026174135,0.0,3.0,2.3,1.0,0.0,0.0,93.6,0.1
20211026174205,0.1,8.2,14.8,1.0,0.1,0.0,74.9,0.9
20211026174235,0.9,14.2,14.4,7.6,0.1,0.0,60.9,1.8
20211026174305,1.2,28.3,16.6,7.8,0.4,0.1,45.4,0.4
20211026174335,0.8,11.0,4.4,17.2,0.5,0.3,64.7,1.1
20211026174405,0.2,10.0,14.8,19.3,0.1,0.0,55.1,0.5
20211026174435,0.5,4.5,3.1,61.6,0.5,0.1,29.6,0.1
20211026174505,0.1,0.9,1.9,9.1,0.0,0.0,87.5,0.5
20211026174535,0.0,3.2,1.3,16.0,0.0,0.0,79.1,0.4
20211026174605,0.1,3.3,1.8,9.5,0.1,0.0,84.1,1.1
20211026174635,0.1,1.6,2.0,23.7,0.0,0.0,72.2,0.4
20211026174705,1.1,9.6,1.2,10.7,0.1,0.2,73.9,3.2
20211026174735,2.5,21.4,4.0,43.5,1.4,0.7,23.1,3.4
20211026174805,0.3,1.6,0.9,11.2,0.1,0.1,82.9,3.0
20211026174835,0.3,16.0,0.7,14.6,0.2,0.1,61.5,6.5
20211026174905,0.1,0.7,0.6,5.4,0.0,0.0,91.1,2.1
20211026174935,0.2,1.1,1.8,2.4,0.3,0.0,87.6,6.6
20211026175005,0.1,1.4,1.0,3.8,0.3,0.1,88.7,4.6
20211026175035,0.1,0.6,1.8,1.4,0.2,0.0,93.4,2.5
20211026175105,0.1,0.2,0.6,0.4,0.1,0.0,96.9,1.7
20211026175135,0.2,2.9,1.8,1.0,0.1,0.0,92.8,1.2
20211026175205,0.2,1.9,1.4,2.0,0.4,0.0,89.1,5.0
20211026175235,0.3,4.7,5.4,6.6,0.4,0.0,78.1,4.5
20211026175305,0.0,4.6,0.2,1.5,0.5,0.0,90.0,3.1
20211026175335,0.0,6.9,0.1,17.1,0.3,0.0,75.0,0.5
20211026175405,0.0,37.1,0.7,12.9,1.1,0.0,47.5,0.6
20211026175435,0.0,3.8,0.4,12.1,0.4,0.0,82.4,1.0
20211026175505,0.0,1.7,1.6,18.8,0.2,0.0,76.3,1.3
20211026175535,0.0,2.6,0.5,12.4,0.1,0.0,82.4,2.0
20211026175605,0.0,0.7,0.1,0.3,0.0,0.0,97.6,1.3
20211026175635,0.0,0.4,0.1,0.7,0.0,0.0,97.8,1.0
20211026175705,0.0,0.3,0.1,0.9,0.0,0.0,96.9,1.7
20211026175735,0.0,2.4,0.5,12.9,0.0,0.2,80.5,3.5
20211026175805,0.0,1.2,0.9,2.6,0.0,0.0,90.8,4.4
20211026175835,0.0,0.6,0.3,3.5,0.0,0.0,94.5,1.1
20211026175905,0.0,0.3,0.3,4.7,0.0,0.0,91.8,2.9
20211026175935,0.1,0.4,1.6,4.3,0.0,0.1,88.4,5.0
20211026180005,0.1,0.9,0.3,3.6,0.0,0.1,93.1,2.0
20211026180035,0.3,0.3,0.1,8.0,0.0,0.0,73.9,17.3
20211026180105,0.0,0.0,0.2,1.1,0.0,0.0,93.8,4.9
20211026180135,0.0,0.0,0.0,0.8,0.0,0.0,94.9,4.2
20211026180205,0.0,0.0,0.0,0.2,0.0,0.0,99.1,0.7
20211026180235,0.0,0.0,0.0,0.3,0.0,0.0,99.2,0.5
20211026180305,0.0,0.0,0.0,0.3,0.0,0.0,97.4,2.3
20211026180335,0.0,0.0,0.0,0.1,0.0,0.0,99.8,0.1
20211026180405,0.0,0.0,0.0,0.5,0.0,0.0,98.9,0.6
20211026180435,0.0,0.0,0.0,0.0,0.0,0.0,99.8,0.2
20211026180505,0.0,0.0,0.0,0.1,0.0,0.0,99.5,0.4
20211026180535,0.0,0.0,0.0,0.4,0.0,0.0,97.8,1.8
20211026180605,0.0,0.0,0.0,0.1,0.0,0.0,98.6,1.3
20211026180635,0.0,0.0,0.0,0.4,0.0,0.0,98.4,1.1
20211026180705,0.0,0.1,0.0,0.7,0.0,0.0,98.6,0.6
20211026180735,0.0,0.3,0.1,2.7,0.0,0.0,95.4,1.4
20211026180805,0.0,0.0,0.0,0.2,0.0,0.0,99.6,0.1
20211026180835,0.0,0.3,0.1,1.3,0.0,0.0,97.9,0.4
20211026180905,0.0,0.1,0.0,1.1,0.0,0.0,97.3,1.4
20211026180935,0.0,0.0,0.0,1.3,0.0,0.0,97.0,1.6
20211026181005,0.0,0.0,0.0,1.3,0.0,0.0,97.6,1.0
20211026181035,0.0,0.0,0.0,0.1,0.0,0.0,99.6,0.3
20211026181105,0.0,0.0,0.0,0.2,0.0,0.0,99.1,0.7
20211026181135,0.0,0.0,0.0,0.5,0.0,0.0,98.7,0.7
20211026181205,0.0,0.0,0.0,0.4,0.0,0.0,99.5,0.1
20211026181235,0.0,0.0,0.0,1.0,0.0,0.0,98.6,0.5
20211026181305,0.0,0.0,0.0,0.2,0.0,0.0,99.6,0.3
20211026181335,0.0,0.0,0.0,0.1,0.0,0.0,99.9,0.0
20211026181406,0.0,0.0,0.0,0.2,0.0,0.0,99.7,0.1
20211026181436,0.0,0.0,0.0,0.1,0.0,0.0,99.9,0.1
20211026181506,0.0,0.0,0.0,0.1,0.0,0.0,99.8,0.1
20211026181536,0.0,0.0,0.0,0.1,0.0,0.0,99.8,0.0
20211026181606,0.0,0.0,0.0,0.5,0.0,0.0,99.4,0.0
20211026181636,0.0,0.0,0.0,0.8,0.0,0.0,99.0,0.2
20211026181706,0.0,0.0,0.0,2.6,0.0,0.0,96.0,1.3
20211026181736,0.0,0.0,0.0,1.5,0.0,0.0,97.2,1.3
20211026181806,0.0,0.1,0.0,1.9,0.0,0.1,96.7,1.2
20211026181836,0.0,0.0,0.0,1.5,0.0,0.0,92.2,6.2
20211026181906,0.1,0.1,0.2,1.0,0.0,0.1,94.1,4.4
20211026181936,0.1,0.4,0.1,0.8,0.0,0.1,94.9,3.7
20211026182006,0.0,0.1,0.1,0.3,0.0,0.0,98.7,0.7
20211026182036,0.0,0.0,0.0,0.4,0.0,0.0,97.8,1.7
20211026182106,0.0,0.0,0.0,0.0,0.0,0.0,99.8,0.2
20211026182136,0.0,0.0,0.0,0.0,0.0,0.0,99.7,0.3
20211026182206,0.0,0.0,0.0,0.2,0.0,0.0,99.6,0.2
20211026182236,0.0,0.0,0.0,0.1,0.0,0.0,99.6,0.3
20211026182306,0.0,0.0,0.0,0.0,0.0,0.0,99.9,0.1
20211026182336,0.0,0.0,0.0,0.1,0.0,0.0,99.6,0.3
20211026182406,0.0,0.0,0.0,0.0,0.0,0.0,99.8,0.1
20211026182436,0.0,0.0,0.0,0.1,0.0,0.0,99.8,0.1
20211026182506,0.0,0.0,0.0,0.1,0.0,0.0,99.9,0.0
20211026182536,0.0,0.0,0.0,0.2,0.0,0.0,99.7,0.0
20211026182606,0.0,0.0,0.0,0.2,0.0,0.0,99.8,0.0
20211026182636,0.0,0.0,0.0,0.0,0.0,0.0,99.9,0.0
20211026182706,0.0,0.0,0.0,0.0,0.0,0.0,100.0,0.0
20211026182736,0.0,0.0,0.0,0.0,0.0,0.0,100.0,0.0
20211026182806,0.0,0.0,0.0,0.2,0.0,0.0,99.8,0.0
20211026182836,0.0,0.0,0.0,0.0,0.0,0.0,100.0,0.0
20211026182906,0.0,0.0,0.0,0.0,0.0,0.0,100.0,0.0
20211026182936,0.0,0.0,0.0,0.3,0.0,0.0,99.5,0.2
20211026183006,0.0,0.0,0.0,0.1,0.0,0.0,99.9,0.0
20211026183036,0.0,0.0,0.0,0.1,0.0,0.0,99.9,0.0
20211026183106,0.0,0.0,0.0,0.3,0.0,0.0,99.6,0.1
20211026183136,0.0,0.0,0.0,0.5,0.0,0.0,99.4,0.1
20211026183206,0.0,0.0,0.0,2.3,0.0,0.0,97.6,0.1
20211026183236,0.0,0.0,0.0,0.3,0.0,0.0,99.5,0.2
20211026183306,0.0,0.0,0.0,2.0,0.0,0.0,97.8,0.2
20211026183336,0.0,0.0,0.0,0.6,0.0,0.0,99.4,0.1
20211026183406,0.0,0.0,0.0,0.1,0.0,0.0,99.9,0.0
20211026183436,0.0,0.0,0.0,0.1,0.0,0.0,99.7,0.2
20211026183506,0.0,0.0,0.0,0.0,0.0,0.0,100.0,0.0
20211026183536,0.0,0.0,0.0,0.0,0.0,0.0,100.0,0.0
20211026183606,0.0,0.0,0.0,0.0,0.0,0.0,100.0,0.0
20211026183636,0.0,0.0,0.0,0.0,0.0,0.0,100.0,0.0
20211026183706,0.0,0.0,0.0,0.0,0.0,0.0,100.0,0.0
20211026183736,0.0,0.0,0.0,0.0,0.0,0.0,100.0,0.0
20211026183806,0.0,0.0,0.0,0.0,0.0,0.0,100.0,0.0
20211026183836,0.0,0.0,0.0,0.0,0.0,0.0,100.0,0.0
20211026183906,0.0,0.0,0.0,0.1,0.0,0.0,99.9,0.0
20211026183936,0.0,0.0,0.0,0.1,0.0,0.0,99.9,0.0
20211026184006,0.0,0.0,0.0,0.0,0.0,0.0,99.9,0.0
20211026184036,0.0,0.0,0.0,0.1,0.0,0.0,99.9,0.0
20211026184106,0.0,0.0,0.0,1.0,0.0,0.0,98.7,0.3
20211026184136,0.0,0.0,0.0,0.4,0.0,0.0,99.4,0.2
20211026184206,0.0,0.0,0.0,0.2,0.0,0.0,99.7,0.0
20211026184236,0.0,0.0,0.0,0.0,0.0,0.0,100.0,0.0
20211026184306,0.0,0.0,0.0,0.0,0.0,0.0,100.0,0.0
20211026184336,0.0,0.0,0.0,0.0,0.0,0.0,100.0,0.0
20211026184406,0.0,0.0,0.0,0.2,0.0,0.0,99.8,0.0
20211026184436,0.0,0.0,0.0,0.5,0.0,0.0,99.5,0.0
20211026184506,0.0,0.0,0.0,0.1,0.0,0.0,99.9,0.0
20211026184536,0.0,0.0,0.0,0.3,0.0,0.0,99.6,0.0
20211026184606,0.0,0.0,0.0,0.1,0.0,0.0,99.9,0.0
20211026184636,0.0,0.0,0.0,0.3,0.0,0.0,99.7,0.0
20211026184706,0.0,0.0,0.0,0.1,0.0,0.0,99.9,0.0
20211026184736,0.0,0.0,0.0,0.3,0.0,0.0,99.7,0.1
20211026184807,0.0,0.0,0.0,0.9,0.0,0.0,99.0,0.1
20211026184837,0.0,0.0,0.0,0.0,0.0,0.0,99.9,0.0
20211026184907,0.0,0.0,0.0,0.0,0.0,0.0,100.0,0.0
20211026184937,0.0,0.0,0.0,0.4,0.0,0.0,99.6,0.0
20211026185007,0.0,0.0,0.0,0.1,0.0,0.0,99.9,0.0
20211026185037,0.0,0.0,0.0,0.0,0.0,0.0,100.0,0.0
20211026185107,0.0,0.0,0.0,0.0,0.0,0.0,99.9,0.0
20211026185137,0.0,0.0,0.0,0.0,0.0,0.0,100.0,0.0
20211026185207,0.0,0.0,0.0,0.1,0.0,0.0,99.8,0.1
20211026185237,0.0,0.0,0.0,0.0,0.0,0.0,100.0,0.0
20211026185307,0.0,0.0,0.0,0.0,0.0,0.0,100.0,0.0
20211026185337,0.0,0.0,0.0,0.0,0.0,0.0,100.0,0.0
20211026185407,0.0,0.0,0.0,0.0,0.0,0.0,100.0,0.0
20211026185437,0.0,0.0,0.0,0.0,0.0,0.0,100.0,0.0
20211026185507,0.0,0.0,0.0,0.0,0.0,0.0,100.0,0.0
20211026185537,0.0,0.0,0.0,0.0,0.0,0.0,100.0,0.0
20211026185607,0.0,0.0,0.0,0.0,0.0,0.0,100.0,0.0
20211026185637,0.0,0.0,0.0,0.0,0.0,0.0,100.0,0.0
20211026185707,0.0,0.0,0.0,0.0,0.0,0.0,100.0,0.0
20211026185737,0.0,0.0,0.0,0.0,0.0,0.0,100.0,0.0
20211026185807,0.0,0.0,0.0,0.0,0.0,0.0,100.0,0.0
20211026185837,0.0,0.0,0.0,0.0,0.0,0.0,100.0,0.0
20211026185907,0.0,0.0,0.0,0.0,0.0,0.0,100.0,0.0
20211026185937,0.0,0.0,0.0,0.0,0.0,0.0,100.0,0.0
20211026190007,0.0,0.0,0.0,0.0,0.0,0.0,100.0,0.0
20211026190037,0.0,0.0,0.0,0.0,0.0,0.0,100.0,0.0
20211026190107,0.0,0.0,0.0,0.0,0.0,0.0,100.0,0.0
20211026190137,0.0,0.0,0.0,0.0,0.0,0.0,100.0,0.0
20211026190207,0.0,0.0,0.0,0.0,0.0,0.0,100.0,0.0
20211026190237,0.0,0.0,0.0,0.0,0.0,0.0,100.0,0.0
20211026190307,0.0,0.0,0.0,0.1,0.0,0.0,99.8,0.1
20211026190337,0.0,0.0,0.0,0.1,0.0,0.0,99.8,0.0
20211026190407,0.0,0.0,0.0,0.2,0.0,0.0,99.8,0.0
20211026190437,0.0,0.0,0.0,0.0,0.0,0.0,99.9,0.0
20211026190507,0.0,0.0,0.0,0.1,0.0,0.0,99.8,0.1
20211026190537,0.0,0.0,0.0,0.0,0.0,0.0,99.9,0.1
20211026190607,0.0,0.0,0.0,0.0,0.0,0.0,100.0,0.0
20211026190637,0.0,0.0,0.0,0.0,0.0,0.0,100.0,0.0
20211026190707,0.0,0.0,0.0,0.0,0.0,0.0,100.0,0.0
20211026190737,0.0,0.0,0.0,0.0,0.0,0.0,100.0,0.0
20211026190807,0.0,0.0,0.0,0.0,0.0,0.0,100.0,0.0
20211026190837,0.0,0.0,0.0,0.0,0.0,0.0,100.0,0.0
20211026190907,0.0,0.0,0.0,0.0,0.0,0.0,100.0,0.0
20211026190937,0.0,0.0,0.0,0.0,0.0,0.0,100.0,0.0
20211026191007,0.0,0.0,0.0,0.0,0.0,0.0,100.0,0.0
20211026191037,0.0,0.0,0.0,0.0,0.0,0.0,100.0,0.0
20211026191107,0.0,0.0,0.0,0.0,0.0,0.0,100.0,0.0
20211026191137,0.0,0.0,0.0,0.1,0.0,0.0,99.9,0.0
20211026191207,0.0,0.1,0.0,0.1,0.0,0.0,99.8,0.0
20211026191237,0.0,0.1,0.0,0.1,0.0,0.0,99.8,0.1
20211026191307,0.0,1.5,0.0,0.1,0.0,0.0,96.4,1.9
20211026191337,0.0,1.0,0.0,0.2,0.0,0.0,97.4,1.4
20211026191407,0.0,0.4,0.0,0.1,0.0,0.0,98.9,0.6
20211026191437,0.0,1.2,0.1,0.6,0.0,0.0,97.6,0.6
20211026191507,0.0,3.6,0.1,1.0,0.0,0.0,93.6,1.7
20211026191537,0.0,0.2,0.0,0.3,0.0,0.0,99.4,0.1
20211026191607,0.0,0.1,0.0,0.4,0.0,0.0,99.5,0.1
20211026191638,0.0,0.0,0.0,0.4,0.0,0.0,99.3,0.2
20211026191708,0.0,0.0,0.0,0.0,0.0,0.0,100.0,0.0
20211026191738,0.0,0.0,0.0,0.0,0.0,0.0,100.0,0.0
20211026191808,0.0,0.0,0.0,0.0,0.0,0.0,100.0,0.0
20211026191838,0.0,0.0,0.0,0.0,0.0,0.0,100.0,0.0
20211026191908,0.0,0.0,0.0,0.0,0.0,0.0,100.0,0.0
20211026191938,0.0,0.0,0.0,0.0,0.0,0.0,100.0,0.0
20211026192008,0.0,0.0,0.0,0.2,0.0,0.0,99.8,0.0
20211026192038,0.0,0.0,0.0,0.6,0.0,0.0,99.2,0.2
20211026192108,0.0,0.0,0.0,0.1,0.0,0.0,99.8,0.1
20211026192138,0.0,0.0,0.0,0.1,0.0,0.0,99.8,0.1
20211026192208,0.0,0.0,0.0,0.4,0.0,0.0,99.5,0.1
20211026192238,0.0,0.0,0.0,0.1,0.0,0.0,99.9,0.0
20211026192308,0.0,0.0,0.0,0.2,0.0,0.0,99.7,0.1
20211026192338,0.0,0.0,0.0,0.0,0.0,0.0,99.8,0.1
20211026192408,0.0,0.0,0.0,0.0,0.0,0.0,99.8,0.2
20211026192438,0.0,0.0,0.0,0.1,0.0,0.0,99.9,0.0
20211026192508,0.0,0.0,0.1,0.1,0.0,0.0,99.7,0.1
20211026192538,0.0,0.0,0.2,0.1,0.0,0.0,99.6,0.1
20211026192608,0.0,0.0,0.2,0.1,0.0,0.0,99.6,0.1
20211026192638,0.0,0.0,0.2,0.3,0.0,0.0,99.4,0.1
20211026192708,0.0,0.0,0.0,0.1,0.0,0.0,99.8,0.0
20211026192738,0.0,0.0,0.1,0.0,0.0,0.0,99.9,0.0
20211026192808,0.0,0.0,0.0,0.2,0.0,0.0,99.7,0.1
20211026192838,0.0,0.0,0.0,0.0,0.0,0.0,99.9,0.1
20211026192908,0.0,0.0,0.0,0.2,0.0,0.0,98.2,1.6
20211026192938,0.0,0.0,0.0,0.0,0.0,0.0,99.7,0.2
20211026193008,0.0,0.0,0.0,0.1,0.0,0.0,99.3,0.6
20211026193038,0.0,0.0,0.0,0.1,0.0,0.0,99.4,0.5
20211026193108,0.0,0.0,0.3,1.1,0.0,0.0,96.4,2.1
20211026193138,0.0,0.0,0.0,0.1,0.0,0.0,94.3,5.6
20211026193208,0.0,0.0,0.0,0.2,0.0,0.0,71.9,27.9
20211026193238,0.0,0.0,0.0,0.1,0.0,0.0,32.2,67.7
20211026193308,0.0,0.0,0.0,0.0,0.0,0.0,54.0,46.0
20211026193338,0.0,0.0,0.0,0.0,0.0,0.0,68.1,31.9
20211026193408,0.0,0.0,0.0,0.0,0.0,0.0,39.3,60.6
20211026193438,0.0,0.0,0.0,0.0,0.0,0.0,43.6,56.4
20211026193508,0.0,0.0,0.0,0.0,0.0,0.0,95.1,4.8
20211026193538,0.0,0.0,0.0,0.0,0.0,0.0,36.6,63.4
20211026193608,0.0,0.0,0.0,0.0,0.0,0.0,28.2,71.8
20211026193638,0.0,0.0,0.0,0.0,0.0,0.0,2.8,97.2
20211026193708,0.0,0.0,0.0,0.0,0.0,0.0,2.9,97.1
20211026193738,0.0,0.0,0.0,0.0,0.0,0.0,15.8,84.2
20211026193808,0.0,0.0,0.0,0.0,0.0,0.0,73.7,26.3
20211026193838,0.0,0.0,0.0,0.0,0.0,0.0,57.6,42.4
20211026193908,0.0,0.0,0.0,0.0,0.0,0.0,22.1,77.9
20211026193938,0.0,0.0,0.0,0.0,0.0,0.0,93.9,6.1
20211026194008,0.0,0.0,0.0,0.0,0.0,0.0,68.9,31.1
20211026194038,0.0,0.0,0.0,0.0,0.0,0.0,25.1,74.9
20211026194108,0.0,0.0,0.0,0.0,0.0,0.0,78.5,21.5
20211026194138,0.0,0.0,0.0,0.0,0.0,0.0,31.7,68.3
20211026194208,0.0,0.0,0.0,0.0,0.0,0.0,30.1,69.9
20211026194238,0.0,0.0,0.0,0.0,0.0,0.0,25.6,74.4
20211026194308,0.0,0.0,0.0,0.0,0.0,0.0,24.9,75.1
20211026194338,0.0,0.0,0.0,0.0,0.0,0.0,6.2,93.8
20211026194408,0.0,0.0,0.0,0.0,0.0,0.0,50.2,49.8
20211026194438,0.0,0.0,0.0,0.0,0.0,0.0,43.8,56.2
20211026194508,0.0,0.0,0.0,0.0,0.0,0.0,12.8,87.2
20211026194538,0.0,0.0,0.0,0.0,0.0,0.0,63.1,36.9
20211026194608,0.0,0.0,0.0,0.0,0.0,0.0,16.2,83.8
20211026194638,0.0,0.0,0.0,0.0,0.0,0.0,41.2,58.8
20211026194708,0.0,0.0,0.0,0.0,0.0,0.0,15.3,84.7
20211026194738,0.0,0.0,0.0,0.0,0.0,0.0,12.5,87.5
20211026194808,0.0,0.0,0.0,0.0,0.0,0.0,33.8,66.2
20211026194838,0.0,0.0,0.0,0.0,0.0,0.0,7.1,92.9
20211026194908,0.0,0.0,0.0,0.0,0.0,0.0,1.9,98.1
20211026194939,0.0,0.0,0.0,0.0,0.0,0.0,0.3,99.7
20211026195009,0.0,0.0,0.0,0.0,0.0,0.0,4.6,95.4
20211026195039,0.0,0.0,0.0,0.0,0.0,0.0,25.4,74.6
20211026195109,0.0,0.0,0.0,0.0,0.0,0.0,7.2,92.8
20211026195139,0.0,0.0,0.0,0.0,0.0,0.0,7.4,92.6
20211026195209,0.0,0.0,0.0,0.0,0.0,0.0,5.8,94.2
20211026195239,0.0,0.0,0.0,0.0,0.0,0.0,10.7,89.3
20211026195309,0.0,0.0,0.0,0.0,0.0,0.0,30.7,69.3
20211026195339,0.0,0.0,0.0,0.0,0.0,0.0,13.4,86.6
20211026195409,0.0,0.0,0.0,0.0,0.0,0.0,78.7,21.3
20211026195439,0.0,0.0,0.0,0.0,0.0,0.0,77.8,22.2
20211026195509,0.0,0.0,0.0,0.0,0.0,0.0,82.4,17.6
20211026195539,0.0,0.0,0.0,0.0,0.0,0.0,67.3,32.7
20211026195609,0.0,0.0,0.0,0.0,0.0,0.0,37.5,62.5
20211026195639,0.0,0.0,0.0,0.0,0.0,0.0,43.3,56.7
20211026195709,0.0,0.0,0.0,0.0,0.0,0.0,13.6,86.4
20211026195739,0.0,0.0,0.0,0.0,0.0,0.0,25.4,74.6
20211026195809,0.0,0.0,0.0,0.0,0.0,0.0,19.7,80.3
20211026195839,0.0,0.0,0.0,0.0,0.0,0.0,20.7,79.3
20211026195909,0.0,0.0,0.0,0.0,0.0,0.0,56.2,43.8
20211026195939,0.0,0.0,0.0,0.0,0.0,0.0,27.1,72.9
20211026200009,0.0,0.0,0.0,0.0,0.0,0.0,37.8,62.2
20211026200039,0.0,0.0,0.0,0.0,0.0,0.0,20.5,79.5
20211026200109,0.0,0.0,0.0,0.0,0.0,0.0,19.2,80.8
20211026200139,0.0,0.0,0.0,0.0,0.0,0.0,63.1,36.9
20211026200209,0.0,0.0,0.0,0.0,0.0,0.0,49.0,51.0
20211026200239,0.0,0.0,0.0,0.0,0.0,0.0,80.5,19.5
20211026200309,0.0,0.0,0.0,0.0,0.0,0.0,69.4,30.6
20211026200339,0.0,0.0,0.0,0.0,0.0,0.0,79.2,20.8
20211026200409,0.0,0.0,0.0,0.0,0.0,0.0,91.9,8.1
20211026200439,0.0,0.0,0.0,0.0,0.0,0.0,94.7,5.3
20211026200509,0.0,0.0,0.0,0.0,0.0,0.0,96.6,3.4
20211026200539,0.0,0.0,0.0,0.0,0.0,0.0,98.5,1.5
20211026200609,0.0,0.0,0.0,0.0,0.0,0.0,87.3,12.7
20211026200639,0.0,0.0,0.0,0.0,0.0,0.0,91.9,8.1
20211026200709,0.0,0.0,0.0,0.0,0.0,0.0,92.6,7.4
20211026200739,0.0,0.0,0.0,0.0,0.0,0.0,99.7,0.3
20211026200809,0.0,0.0,0.0,0.0,0.0,0.0,99.8,0.2
20211026200839,0.0,0.0,0.0,0.0,0.0,0.0,87.9,12.1
20211026200909,0.0,0.0,0.0,0.0,0.0,0.0,94.1,5.9
20211026200939,0.0,0.0,0.0,0.0,0.0,0.0,54.6,45.4
20211026201009,0.0,0.0,0.0,0.0,0.0,0.0,95.7,4.3
20211026201039,0.0,0.0,0.0,0.0,0.0,0.0,99.9,0.1
20211026201109,0.0,0.0,0.0,0.0,0.0,0.0,99.9,0.0
20211026201139,0.0,0.0,0.1,0.1,0.0,0.0,99.7,0.0
20211026201209,0.0,0.0,0.0,0.1,0.0,0.0,99.9,0.0
20211026201239,0.0,0.0,0.0,0.1,0.0,0.0,99.9,0.0
20211026201309,0.0,0.0,0.0,0.0,0.0,0.0,100.0,0.0
20211026201339,0.0,0.0,0.0,0.0,0.0,0.0,100.0,0.0
20211026201409,0.0,0.0,0.0,0.0,0.0,0.0,100.0,0.0
20211026201439,0.0,0.0,0.0,0.0,0.0,0.0,99.4,0.6
20211026201509,0.0,0.0,0.0,0.0,0.0,0.0,82.5,17.5
20211026201539,0.0,0.0,0.0,0.0,0.0,0.0,83.9,16.1
20211026201609,0.0,0.0,0.0,0.0,0.0,0.0,53.5,46.5
20211026201639,0.0,0.0,0.0,0.0,0.0,0.0,81.7,18.3
20211026201709,0.0,0.0,0.0,0.0,0.0,0.0,56.4,43.6
20211026201739,0.0,0.0,0.0,0.0,0.0,0.0,33.8,66.2
20211026201809,0.0,0.0,0.0,0.0,0.0,0.0,25.5,74.5
20211026201839,0.0,0.0,0.0,0.0,0.0,0.0,36.1,63.9
20211026201909,0.0,0.0,0.0,0.0,0.0,0.0,46.8,53.2
20211026201939,0.0,0.0,0.0,0.0,0.0,0.0,61.0,39.0
20211026202009,0.0,0.0,0.0,0.0,0.0,0.0,19.3,80.7
20211026202039,0.0,0.0,0.0,0.0,0.0,0.0,71.6,28.4
20211026202109,0.0,0.0,0.0,0.0,0.0,0.0,99.7,0.3
20211026202139,0.0,0.0,0.0,0.0,0.0,0.0,100.0,0.0
20211026202209,0.0,0.0,0.0,0.0,0.0,0.0,100.0,0.0
20211026202239,0.0,0.0,0.0,0.0,0.0,0.0,100.0,0.0
20211026202309,0.0,0.0,0.0,0.0,0.0,0.0,100.0,0.0
20211026202340,0.0,0.0,0.0,0.0,0.0,0.0,100.0,0.0
20211026202410,0.0,0.0,0.0,0.2,0.0,0.0,99.8,0.0
20211026202440,0.0,0.0,0.0,0.1,0.0,0.0,99.9,0.1
20211026202510,0.0,0.0,0.0,1.5,0.0,0.0,97.4,1.1
20211026202540,0.0,0.0,0.0,0.5,0.0,0.0,99.2,0.3
20211026202610,0.0,0.0,0.0,0.4,0.0,0.0,99.3,0.4
20211026202640,0.0,0.0,0.0,0.1,0.0,0.0,99.9,0.0
20211026202710,0.0,0.0,0.0,0.1,0.0,0.0,99.9,0.0
20211026202740,0.0,0.0,0.0,0.1,0.0,0.0,99.9,0.0
20211026202810,0.0,0.0,0.0,0.3,0.0,0.0,99.5,0.2
20211026202840,0.0,0.0,0.0,0.4,0.0,0.0,99.2,0.4
20211026202910,0.0,0.0,0.0,0.1,0.0,0.0,99.9,0.0
20211026202940,0.0,0.0,0.0,0.1,0.0,0.0,99.9,0.0
20211026203010,0.0,0.0,0.0,0.2,0.0,0.0,99.6,0.2
20211026203040,0.0,0.0,0.0,0.0,0.0,0.0,99.9,0.1
20211026203110,0.0,0.0,0.0,0.0,0.0,0.0,99.9,0.0
20211026203140,0.0,0.0,0.0,0.0,0.0,0.0,100.0,0.0
20211026203210,0.0,0.0,0.0,0.0,0.0,0.0,100.0,0.0
20211026203240,0.0,0.0,0.0,0.0,0.0,0.0,99.8,0.2
20211026203310,0.0,0.0,0.0,0.0,0.0,0.0,100.0,0.0
20211026203340,0.0,0.0,0.0,0.0,0.0,0.0,99.6,0.4
20211026203410,0.0,0.0,0.0,0.0,0.0,0.0,99.3,0.7
20211026203440,0.0,0.0,0.0,0.0,0.0,0.0,94.5,5.5
20211026203510,0.0,0.0,0.0,0.0,0.0,0.0,99.1,0.9
20211026203540,0.0,0.0,0.0,0.0,0.0,0.0,88.9,11.0
20211026203610,0.0,0.0,0.0,0.1,0.0,0.0,99.9,0.0
20211026203640,0.0,0.0,0.0,0.1,0.0,0.0,99.9,0.0
20211026203710,0.0,0.0,0.0,0.2,0.0,0.0,99.8,0.0
20211026203740,0.0,0.0,0.0,0.0,0.0,0.0,100.0,0.0
20211026203810,0.0,0.0,0.0,0.8,0.0,0.0,99.1,0.2
20211026203840,0.0,0.0,0.0,0.4,0.0,0.0,99.5,0.1
20211026203910,0.0,0.0,0.0,0.1,0.0,0.0,99.4,0.5
20211026203940,0.0,0.0,0.0,0.2,0.0,0.0,98.7,1.2
20211026204010,0.0,0.0,0.0,0.1,0.0,0.0,97.9,1.9
20211026204040,0.0,0.0,0.0,0.2,0.0,0.0,98.3,1.6
20211026204110,0.0,0.0,0.0,0.2,0.0,0.0,96.9,3.0
20211026204140,0.0,0.0,0.0,0.0,0.0,0.0,99.6,0.4
20211026204210,0.0,0.0,0.0,0.0,0.0,0.0,99.2,0.8
20211026204240,0.0,0.0,0.0,0.0,0.0,0.0,93.4,6.6
20211026204310,0.0,0.0,0.0,0.0,0.0,0.0,80.0,20.0
20211026204340,0.0,0.0,0.0,0.0,0.0,0.0,85.0,15.0
20211026204410,0.0,0.0,0.0,0.0,0.0,0.0,81.8,18.2
20211026204440,0.0,0.0,0.0,0.0,0.0,0.0,72.0,28.0
20211026204510,0.0,0.0,0.0,0.0,0.0,0.0,20.3,79.7
20211026204540,0.0,0.0,0.0,0.0,0.0,0.0,4.7,95.3
20211026204610,0.0,0.0,0.0,0.0,0.0,0.0,3.8,96.2
20211026204640,0.0,0.0,0.0,0.0,0.0,0.0,22.8,77.2
20211026204710,0.0,0.0,0.0,0.0,0.0,0.0,34.7,65.3
20211026204740,0.0,0.0,0.0,0.0,0.0,0.0,92.1,7.9
20211026204810,0.0,0.0,0.0,0.0,0.0,0.0,5.1,94.9
20211026204840,0.0,0.0,0.0,0.0,0.0,0.0,2.5,97.5
20211026204910,0.0,0.0,0.0,0.0,0.0,0.0,26.2,73.8
20211026204940,0.0,0.0,0.0,0.0,0.0,0.0,0.5,99.5
20211026205010,0.0,0.0,0.0,0.0,0.0,0.0,7.7,92.2
20211026205040,0.0,0.0,0.0,0.0,0.0,0.0,7.4,92.6
20211026205110,0.0,0.0,0.0,0.0,0.0,0.0,2.7,97.3
20211026205140,0.0,0.0,0.0,0.0,0.0,0.0,10.3,89.7
20211026205210,0.0,0.0,0.0,0.0,0.0,0.0,7.9,92.0
20211026205240,0.0,0.0,0.0,0.0,0.0,0.0,0.4,99.6
20211026205310,0.0,0.0,0.0,0.0,0.0,0.0,0.7,99.3
20211026205340,0.0,0.0,0.0,0.0,0.0,0.0,0.1,99.9
20211026205410,0.0,0.0,0.0,0.0,0.0,0.0,1.9,98.1
20211026205440,0.0,0.0,0.0,0.0,0.0,0.0,5.9,94.1
20211026205510,0.0,0.0,0.0,0.0,0.0,0.0,28.2,71.8
20211026205540,0.0,0.0,0.0,0.0,0.0,0.0,38.8,61.1
20211026205610,0.0,0.0,0.0,0.0,0.0,0.0,79.8,20.1
20211026205640,0.0,0.0,0.0,0.0,0.0,0.0,69.3,30.7
20211026205710,0.0,0.0,0.1,0.4,0.0,0.0,93.1,6.4
20211026205740,0.0,0.0,0.0,0.0,0.0,0.0,99.9,0.1
20211026205811,0.0,0.0,0.0,0.0,0.0,0.0,100.0,0.0
20211026205841,0.0,0.0,0.0,0.2,0.0,0.0,99.8,0.0
20211026205911,0.0,0.0,0.0,0.1,0.0,0.0,99.8,0.1
20211026205941,0.0,0.0,0.0,0.3,0.0,0.0,98.4,1.3
20211026210011,0.0,0.0,0.0,0.1,0.0,0.0,99.5,0.4
20211026210041,0.0,0.0,0.0,0.1,0.0,0.0,99.3,0.6
20211026210111,0.0,0.0,0.0,0.0,0.0,0.0,98.1,1.8
20211026210141,0.0,0.0,0.0,0.2,0.0,0.0,97.0,2.8
20211026210211,0.0,0.0,0.0,0.0,0.0,0.0,100.0,0.0
20211026210241,0.0,0.0,0.0,0.0,0.0,0.0,100.0,0.0
20211026210311,0.0,0.0,0.0,0.0,0.0,0.0,100.0,0.0
20211026210341,0.0,0.0,0.0,0.0,0.0,0.0,99.4,0.6
20211026210411,0.0,0.0,0.0,0.0,0.0,0.0,99.8,0.2
20211026210441,0.0,0.0,0.0,0.0,0.0,0.0,97.8,2.2
20211026210511,0.0,0.0,0.0,0.0,0.0,0.0,80.8,19.2
20211026210541,0.0,0.0,0.0,0.0,0.0,0.0,73.9,26.1
20211026210611,0.0,0.0,0.0,0.0,0.0,0.0,37.8,62.2
20211026210641,0.0,0.0,0.0,0.0,0.0,0.0,94.0,6.0
20211026210711,0.0,0.0,0.0,0.0,0.0,0.0,66.7,33.3
20211026210741,0.0,0.0,0.0,0.0,0.0,0.0,18.1,81.9
20211026210811,0.0,0.0,0.0,0.0,0.0,0.0,99.1,0.9
20211026210841,0.0,0.0,0.0,0.0,0.0,0.0,100.0,0.0
20211026210911,0.0,0.0,0.0,0.0,0.0,0.0,99.7,0.3
20211026210941,0.0,0.0,0.0,0.0,0.0,0.0,100.0,0.0
20211026211011,0.0,0.0,0.0,0.0,0.0,0.0,99.6,0.4
20211026211041,0.0,0.0,0.0,0.0,0.0,0.0,99.8,0.2
20211026211111,0.0,0.0,0.0,0.0,0.0,0.0,92.8,7.2
20211026211141,0.0,0.0,0.0,0.0,0.0,0.0,43.4,56.6
20211026211211,0.0,0.0,0.0,0.0,0.0,0.0,35.7,64.3
20211026211241,0.0,0.0,0.0,0.0,0.0,0.0,16.5,83.5
20211026211311,0.0,0.0,0.0,0.0,0.0,0.0,7.9,92.1
20211026211341,0.0,0.0,0.0,0.0,0.0,0.0,44.6,55.4
20211026211411,0.0,0.0,0.0,0.0,0.0,0.0,4.0,96.0
20211026211441,0.0,0.0,0.0,0.0,0.0,0.0,10.6,89.4
20211026211511,0.0,0.0,0.0,0.0,0.0,0.0,97.5,2.5
20211026211541,0.0,0.0,0.0,0.0,0.0,0.0,73.1,26.9
20211026211611,0.0,0.0,0.0,0.0,0.0,0.0,76.7,23.3
20211026211641,0.0,0.0,0.0,0.0,0.0,0.0,73.7,26.3
20211026211711,0.0,0.0,0.0,0.0,0.0,0.0,86.6,13.4
20211026211741,0.0,0.0,0.0,0.0,0.0,0.0,98.9,1.1
20211026211811,0.0,0.0,0.0,0.0,0.0,0.0,96.9,3.1
20211026211841,0.0,0.0,0.0,0.0,0.0,0.0,92.8,7.2
20211026211911,0.0,0.0,0.0,0.0,0.0,0.0,82.9,17.1
20211026211941,0.0,0.0,0.0,0.0,0.0,0.0,54.9,45.1
20211026212011,0.0,0.0,0.0,0.0,0.0,0.0,21.6,78.4
20211026212041,0.0,0.0,0.0,0.0,0.0,0.0,11.8,88.2
20211026212111,0.0,0.0,0.0,0.0,0.0,0.0,93.2,6.8
20211026212141,0.0,0.0,0.0,0.0,0.0,0.0,99.6,0.4
20211026212211,0.0,0.0,0.0,0.0,0.0,0.0,99.9,0.1
20211026212241,0.0,0.0,0.0,0.0,0.0,0.0,100.0,0.0
20211026212311,0.0,0.0,0.0,0.0,0.0,0.0,99.9,0.1
20211026212341,0.0,0.0,0.0,0.0,0.0,0.0,80.1,19.9
20211026212411,0.0,0.0,0.0,0.0,0.0,0.0,49.4,50.6
20211026212441,0.0,0.0,0.0,0.0,0.0,0.0,45.1,54.9
20211026212512,0.0,0.0,0.0,0.0,0.0,0.0,48.5,51.5
20211026212542,0.0,0.0,0.0,0.0,0.0,0.0,76.4,23.6
20211026212612,0.0,0.0,0.0,0.0,0.0,0.0,63.8,36.2
20211026212642,0.0,0.0,0.0,0.0,0.0,0.0,31.5,68.5
20211026212712,0.0,0.0,0.0,0.0,0.0,0.0,32.1,67.9
20211026212742,0.0,0.0,0.0,0.0,0.0,0.0,69.5,30.5
20211026212812,0.0,0.0,0.0,0.0,0.0,0.0,54.2,45.8
20211026212842,0.0,0.0,0.0,0.0,0.0,0.0,33.6,66.4
20211026212912,0.0,0.0,0.0,0.0,0.0,0.0,15.7,84.3
20211026212942,0.0,0.0,0.0,0.0,0.0,0.0,20.8,79.2
20211026213012,0.0,0.0,0.0,0.0,0.0,0.0,3.1,96.9
20211026213042,0.0,0.0,0.0,0.0,0.0,0.0,30.3,69.7
20211026213112,0.0,0.0,0.0,0.0,0.0,0.0,12.1,87.9
20211026213142,0.0,0.0,0.0,0.0,0.0,0.0,12.2,87.8
20211026213212,0.0,0.0,0.0,0.0,0.0,0.0,38.8,61.2
20211026213242,0.0,0.0,0.0,0.0,0.0,0.0,4.8,95.2
20211026213312,0.0,0.0,0.0,0.0,0.0,0.0,2.0,98.0
20211026213342,0.0,0.0,0.0,0.0,0.0,0.0,66.9,33.1
20211026213412,0.0,0.0,0.0,0.0,0.0,0.0,85.1,14.9
20211026213442,0.0,0.0,0.0,0.0,0.0,0.0,99.7,0.3
20211026213512,0.0,0.0,0.0,0.0,0.0,0.0,89.9,10.1
20211026213542,0.0,0.0,0.0,0.0,0.0,0.0,64.0,36.0
20211026213612,0.0,0.0,0.0,0.0,0.0,0.0,9.3,90.7
20211026213642,0.0,0.0,0.0,0.0,0.0,0.0,2.0,98.0
20211026213712,0.0,0.0,0.0,0.0,0.0,0.0,12.4,87.6
20211026213742,0.0,0.0,0.0,0.0,0.0,0.0,5.0,95.0
20211026213812,0.0,0.0,0.0,0.0,0.0,0.0,33.0,67.0
20211026213842,0.0,0.0,0.0,0.0,0.0,0.0,26.0,74.0
20211026213912,0.0,0.0,0.0,0.0,0.0,0.0,44.6,55.4
20211026213942,0.0,0.0,0.0,0.0,0.0,0.0,39.2,60.8
20211026214012,0.0,0.0,0.0,0.0,0.0,0.0,23.3,76.7
20211026214042,0.0,0.0,0.0,0.0,0.0,0.0,16.9,83.1
20211026214112,0.0,0.0,0.0,0.0,0.0,0.0,28.6,71.4
20211026214142,0.0,0.0,0.0,0.0,0.0,0.0,13.1,86.9
20211026214212,0.0,0.0,0.0,0.0,0.0,0.0,12.2,87.8
20211026214242,0.0,0.0,0.0,0.0,0.0,0.0,15.4,84.6
20211026214312,0.0,0.0,0.0,0.0,0.0,0.0,22.5,77.5
20211026214342,0.0,0.0,0.0,0.0,0.0,0.0,3.0,97.0
20211026214412,0.0,0.0,0.0,0.0,0.0,0.0,10.8,89.2
20211026214442,0.0,0.0,0.0,0.0,0.0,0.0,13.9,86.1
20211026214512,0.0,0.0,0.0,0.0,0.0,0.0,4.0,96.0
20211026214542,0.0,0.0,0.0,0.0,0.0,0.0,0.4,99.6
20211026214612,0.0,0.0,0.0,0.0,0.0,0.0,5.8,94.2
20211026214642,0.0,0.0,0.0,0.0,0.0,0.0,4.1,95.9
20211026214712,0.0,0.0,0.0,0.0,0.0,0.0,33.0,67.0
20211026214742,0.0,0.0,0.0,0.0,0.0,0.0,3.0,97.0
20211026214812,0.0,0.0,0.0,0.0,0.0,0.0,6.7,93.3
20211026214842,0.0,0.0,0.0,0.0,0.0,0.0,5.2,94.8
20211026214912,0.0,0.0,0.0,0.0,0.0,0.0,76.1,23.9
20211026214942,0.0,0.0,0.0,0.5,0.2,0.0,52.6,46.7
20211026215012,0.0,0.0,0.1,20.9,0.2,0.0,46.5,32.2
20211026215042,0.0,0.1,0.0,91.1,0.6,0.0,6.8,1.4
20211026215112,0.0,0.2,0.0,98.8,0.1,0.0,0.7,0.2
20211026215142,0.0,0.0,0.1,14.4,0.0,0.0,85.3,0.2
20211026215212,0.0,0.0,0.0,0.6,0.0,0.0,99.4,0.0
20211026215242,0.0,0.3,0.1,79.3,1.1,0.0,18.5,0.8
20211026215312,0.0,0.7,0.0,95.8,0.6,0.0,2.3,0.7
20211026215342,0.0,0.4,0.0,96.2,0.4,0.0,2.8,0.2
20211026215412,0.0,0.2,0.0,93.7,1.5,0.0,1.8,2.8
20211026215442,0.0,0.1,0.0,18.5,0.4,0.0,79.5,1.6
20211026215512,0.0,0.4,0.0,68.2,0.6,0.0,28.1,2.6
20211026215542,0.0,0.0,0.0,0.1,0.0,0.0,99.9,0.0
20211026215612,0.0,0.0,0.0,0.0,0.0,0.0,99.9,0.1
20211026215642,0.0,0.0,0.0,0.0,0.0,0.0,99.3,0.7
20211026215712,0.0,0.0,0.0,0.2,0.0,0.0,99.5,0.2
20211026215742,0.0,0.0,0.0,0.0,0.0,0.0,99.7,0.2
20211026215812,0.0,0.0,0.0,0.0,0.0,0.0,99.8,0.1
20211026215842,0.0,0.0,0.0,0.1,0.0,0.0,99.7,0.2
20211026215912,0.0,0.0,0.0,0.0,0.0,0.0,100.0,0.0
20211026215943,0.0,0.0,0.0,0.0,0.0,0.0,100.0,0.0
