UT,arc,discrete,diffuse,ac,ab,clear,cloudy,dd
20210122141600,0.0,0.0,0.0,0.0,0.0,0.0,0.0,100.0
20210122141630,0.0,0.0,0.0,0.0,0.0,0.0,0.0,100.0
20210122141700,0.0,0.0,0.0,0.0,0.0,0.0,0.0,100.0
20210122141730,0.0,0.0,0.0,0.0,0.0,0.0,0.0,100.0
20210122141800,0.0,0.0,0.0,0.0,0.0,0.0,0.0,100.0
20210122141830,0.0,0.0,0.0,0.0,0.0,0.0,0.0,100.0
20210122141900,0.0,0.0,0.0,0.0,0.0,0.0,0.0,100.0
20210122141930,0.0,0.0,0.0,0.0,0.0,0.0,0.0,100.0
20210122142000,0.0,0.0,0.0,0.0,0.0,0.0,0.0,100.0
20210122142030,0.0,0.0,0.0,0.0,0.0,0.0,0.0,100.0
20210122142100,0.0,0.0,0.0,0.0,0.0,0.0,0.0,100.0
20210122142130,0.0,0.0,0.0,0.0,0.0,0.0,0.0,100.0
20210122142200,0.0,0.0,0.0,0.0,0.0,0.0,0.0,100.0
20210122142230,0.0,0.0,0.0,0.0,0.0,0.0,0.0,100.0
20210122142300,0.0,0.0,0.0,0.0,0.0,0.0,0.0,100.0
20210122142330,0.0,0.0,0.0,0.0,0.0,0.0,0.0,100.0
20210122142400,0.0,0.0,0.0,0.0,0.0,0.0,0.0,100.0
20210122142430,0.0,0.0,0.0,0.0,0.0,0.0,0.0,100.0
20210122142500,0.0,0.0,0.0,0.0,0.0,0.0,0.0,100.0
20210122142530,0.0,0.0,0.0,0.0,0.0,0.0,0.0,100.0
20210122142600,0.0,0.0,0.0,0.0,0.0,0.0,0.0,100.0
20210122142630,0.0,0.0,0.0,0.0,0.0,0.0,0.0,100.0
20210122142700,0.0,0.0,0.0,0.0,0.0,0.0,0.0,100.0
20210122142730,0.0,0.0,0.0,0.0,0.0,0.0,0.0,100.0
20210122142800,0.0,0.0,0.0,0.0,0.0,0.0,0.0,100.0
20210122142830,0.0,0.0,0.0,0.0,0.0,0.0,0.0,100.0
20210122142900,0.0,0.0,0.0,0.0,0.0,0.0,0.0,100.0
20210122142930,0.0,0.0,0.0,0.0,0.0,0.0,0.0,100.0
20210122143000,0.0,0.0,0.0,0.0,0.0,0.0,0.0,100.0
20210122143030,0.0,0.0,0.0,0.0,0.0,0.0,0.0,100.0
20210122143100,0.0,0.0,0.0,0.0,0.0,0.0,0.0,100.0
20210122143130,0.0,0.0,0.0,0.0,0.0,0.0,0.0,100.0
20210122143200,0.0,0.0,0.0,0.0,0.0,0.0,0.0,100.0
20210122143231,0.0,0.0,0.0,0.0,0.0,0.0,0.0,100.0
20210122143301,0.0,0.0,0.0,0.0,0.0,0.0,0.0,100.0
20210122143331,0.0,0.0,0.0,0.0,0.0,0.0,0.0,100.0
20210122143401,0.0,0.0,0.0,0.0,0.0,0.0,0.0,100.0
20210122143431,0.0,0.0,0.0,0.0,0.0,0.0,0.0,100.0
20210122143501,0.0,0.0,0.0,0.0,0.0,0.0,0.0,100.0
20210122143531,0.0,0.0,0.0,0.0,0.0,0.0,0.0,100.0
20210122143601,0.0,0.0,0.0,0.0,0.0,0.0,0.0,100.0
20210122143631,0.0,0.0,0.0,0.0,0.0,0.0,0.0,100.0
20210122143701,0.0,0.0,0.0,0.0,0.0,0.0,0.0,100.0
20210122143731,0.0,0.0,0.0,0.0,0.0,0.0,0.0,100.0
20210122143801,0.0,0.0,0.0,0.0,0.0,0.0,0.0,100.0
20210122143831,0.0,0.0,0.0,0.0,0.0,0.0,0.0,100.0
20210122143901,0.0,0.0,0.0,0.0,0.0,0.0,0.0,100.0
20210122143931,0.0,0.0,0.0,0.0,0.0,0.0,0.0,100.0
20210122144001,0.0,0.0,0.0,0.0,0.0,0.0,0.0,100.0
20210122144031,0.0,0.0,0.0,0.0,0.0,0.0,0.0,100.0
20210122144101,0.0,0.0,0.0,0.0,0.0,0.0,0.0,100.0
20210122144131,0.0,0.0,0.0,0.0,0.0,0.0,0.0,100.0
20210122144201,0.0,0.0,0.0,0.0,0.0,0.0,0.0,100.0
20210122144231,0.0,0.0,0.0,0.0,0.0,0.0,0.0,100.0
20210122144301,0.0,0.0,0.0,0.0,0.0,0.0,0.0,100.0
20210122144331,0.0,0.0,0.0,0.0,0.0,0.0,0.0,100.0
20210122144401,0.0,0.0,0.0,0.0,0.0,0.0,0.0,100.0
20210122144431,0.0,0.0,0.0,0.0,0.0,0.0,0.0,100.0
20210122144501,0.0,0.0,0.0,0.0,0.0,0.0,0.0,100.0
20210122144531,0.0,0.0,0.0,0.0,0.0,0.0,0.0,100.0
20210122144601,0.0,0.0,0.0,0.0,0.0,0.0,0.0,100.0
20210122144631,0.0,0.0,0.0,0.0,0.0,0.0,0.0,100.0
20210122144701,0.0,0.0,0.0,0.0,0.0,0.0,0.0,100.0
20210122144731,0.0,0.0,0.0,0.0,0.0,0.0,0.0,100.0
20210122144801,0.0,0.0,0.0,0.0,0.0,0.0,0.0,100.0
20210122144831,0.0,0.0,0.0,0.0,0.0,0.0,0.0,100.0
20210122144901,0.0,0.0,0.0,0.0,0.0,0.0,0.0,100.0
20210122144931,0.0,0.0,0.0,0.0,0.0,0.0,0.0,100.0
20210122145001,0.0,0.0,0.0,0.0,0.0,0.0,0.0,100.0
20210122145031,0.0,0.0,0.0,0.0,0.0,0.0,0.0,100.0
20210122145101,0.0,0.0,0.0,0.0,0.0,0.0,0.0,100.0
20210122145131,0.0,0.0,0.0,0.0,0.0,0.0,0.0,100.0
20210122145201,0.0,0.0,0.0,0.0,0.0,0.0,0.0,100.0
20210122145231,0.0,0.0,0.0,0.0,0.0,0.0,0.0,100.0
20210122145301,0.0,0.0,0.0,0.0,0.0,0.0,0.0,100.0
20210122145331,0.0,0.0,0.0,0.0,0.0,0.0,0.0,100.0
20210122145401,0.0,0.0,0.0,0.0,0.0,0.0,0.0,100.0
20210122145431,0.0,0.0,0.0,0.0,0.0,0.0,0.0,100.0
20210122145501,0.0,0.0,0.0,0.0,0.0,0.0,0.0,100.0
20210122145531,0.0,0.0,0.0,0.0,0.0,0.0,0.0,100.0
20210122145601,0.0,0.0,0.0,0.0,0.0,0.0,0.0,100.0
20210122145631,0.0,0.0,0.0,0.0,0.0,0.0,0.0,100.0
20210122145701,0.0,0.0,0.0,0.0,0.0,0.0,0.0,100.0
20210122145731,0.0,0.0,0.0,0.0,0.0,0.0,0.0,100.0
20210122145801,0.0,0.0,0.0,0.0,0.0,0.0,0.0,100.0
20210122145831,0.0,0.0,0.0,0.0,0.0,0.0,0.0,100.0
20210122145901,0.0,0.0,0.0,0.0,0.0,0.0,0.0,100.0
20210122145931,0.0,0.0,0.0,0.0,0.0,0.0,0.0,100.0
20210122150001,0.0,0.0,0.0,0.0,0.0,0.0,0.0,100.0
20210122150031,0.0,0.0,0.0,0.0,0.0,0.0,0.0,100.0
20210122150101,0.0,0.0,0.0,0.0,0.0,0.0,0.0,100.0
20210122150131,0.0,0.0,0.0,0.0,0.0,0.0,0.0,100.0
20210122150201,0.0,0.0,0.0,0.0,0.0,0.0,0.0,100.0
20210122150231,0.0,0.0,0.0,0.0,0.0,0.0,0.0,100.0
20210122150301,0.0,0.0,0.0,0.0,0.0,0.0,0.0,100.0
20210122150331,0.0,0.0,0.0,0.0,0.0,0.0,0.0,100.0
20210122150401,0.0,0.0,0.0,0.0,0.0,0.0,0.0,100.0
20210122150431,0.0,0.0,0.0,0.0,0.0,0.0,0.0,100.0
20210122150501,0.0,0.0,0.0,0.0,0.0,0.0,0.0,100.0
20210122150531,0.0,0.0,0.0,0.0,0.0,0.0,0.0,100.0
20210122150601,0.0,0.0,0.0,0.0,0.0,0.0,0.0,100.0
20210122150632,0.0,0.0,0.0,0.0,0.0,0.0,0.0,100.0
20210122150702,0.0,0.0,0.0,0.0,0.0,0.0,0.0,100.0
20210122150732,0.0,0.0,0.0,0.0,0.0,0.0,0.0,100.0
20210122150802,0.0,0.0,0.0,0.0,0.0,0.0,0.0,100.0
20210122150832,0.0,0.0,0.0,0.0,0.0,0.0,0.0,100.0
20210122150902,0.0,0.0,0.0,0.0,0.0,0.0,0.0,100.0
20210122150932,0.0,0.0,0.0,0.0,0.0,0.0,0.0,100.0
20210122151002,0.0,0.0,0.0,0.0,0.0,0.0,0.0,100.0
20210122151032,0.0,0.0,0.0,0.0,0.0,0.0,0.0,100.0
20210122151102,0.0,0.0,0.0,0.0,0.0,0.0,0.0,100.0
20210122151132,0.0,0.0,0.0,0.0,0.0,0.0,0.0,100.0
20210122151202,0.0,0.0,0.0,0.0,0.0,0.0,0.0,100.0
20210122151232,0.0,0.0,0.0,0.0,0.0,0.0,0.0,100.0
20210122151302,0.0,0.0,0.0,0.0,0.0,0.0,0.0,100.0
20210122151332,0.0,0.0,0.0,0.0,0.1,0.0,0.0,99.9
20210122151402,0.0,0.0,0.0,0.0,0.1,0.0,0.0,99.9
20210122151432,0.0,0.0,0.0,0.0,0.0,0.0,0.0,100.0
20210122151502,0.0,0.0,0.0,0.0,0.0,0.0,0.0,100.0
20210122151532,0.0,0.0,0.0,0.0,0.0,0.0,0.0,100.0
20210122151732,0.0,0.0,0.0,0.0,42.7,0.0,0.0,57.3
20210122151802,0.0,0.0,0.0,0.0,27.8,0.0,0.0,72.2
20210122151832,0.0,0.0,0.0,0.0,31.6,0.0,0.0,68.4
20210122151902,0.0,0.0,0.0,0.0,26.2,0.0,0.0,73.8
20210122151932,0.0,0.0,0.0,0.0,50.2,0.0,0.0,49.8
20210122152002,0.0,0.0,0.0,0.0,23.5,0.0,0.0,76.5
20210122152032,0.0,0.0,0.0,0.0,73.9,0.0,0.0,26.1
20210122152102,0.0,0.0,0.0,0.0,90.6,0.0,0.0,9.4
20210122152132,0.0,0.0,0.0,0.0,34.6,0.0,0.0,65.4
20210122152202,0.0,0.0,0.0,0.0,18.1,0.0,0.0,81.9
20210122152232,0.0,0.0,0.0,0.0,19.9,0.0,0.0,80.1
20210122152302,0.0,0.0,0.0,0.0,67.9,0.0,0.0,32.1
20210122152332,0.0,0.0,0.0,0.0,8.2,0.0,0.0,91.8
20210122152402,0.0,0.0,0.0,0.0,21.9,0.0,0.0,78.1
20210122152432,0.0,0.0,0.0,0.0,36.0,0.0,0.0,64.0
20210122152502,0.0,0.0,0.0,0.0,76.7,0.0,0.0,23.3
20210122152532,0.0,0.0,0.0,0.0,93.1,0.0,0.0,6.9
20210122152602,0.0,0.0,0.0,0.0,24.8,0.0,0.0,75.2
20210122152632,0.0,0.0,0.0,0.0,4.6,0.0,0.0,95.4
20210122152702,0.0,0.0,0.0,0.0,5.9,0.0,0.0,94.1
20210122152732,0.0,0.0,0.0,0.0,1.6,0.0,0.0,98.4
20210122152802,0.0,0.0,0.0,0.0,1.2,0.0,0.0,98.8
20210122152832,0.0,0.0,0.0,0.0,0.2,0.0,0.0,99.8
20210122152902,0.0,0.0,0.0,0.0,0.3,0.0,0.0,99.7
20210122152932,0.0,0.0,0.0,0.0,0.3,0.0,0.0,99.7
20210122153002,0.0,0.0,0.0,0.0,0.6,0.0,0.0,99.4
20210122153032,0.0,0.0,0.0,0.0,2.6,0.0,0.0,97.4
20210122153102,0.0,0.0,0.0,0.0,1.4,0.0,0.0,98.6
20210122153132,0.0,0.0,0.0,0.0,0.4,0.0,0.0,99.6
20210122153202,0.0,0.0,0.0,0.0,0.2,0.0,0.0,99.8
20210122153232,0.0,0.0,0.0,0.0,0.1,0.0,0.0,99.9
20210122153302,0.0,0.0,0.0,0.0,4.3,0.0,0.0,95.7
20210122153332,0.0,0.0,0.0,0.0,3.3,0.0,0.0,96.7
20210122153402,0.0,0.0,0.0,0.0,1.7,0.0,0.0,98.3
20210122153432,0.0,0.0,0.0,0.0,0.2,0.0,0.0,99.8
20210122153502,0.0,0.0,0.0,0.0,0.1,0.0,0.0,99.9
20210122153532,0.0,0.0,0.0,0.0,0.3,0.0,0.0,99.7
20210122153602,0.0,0.0,0.0,0.0,0.2,0.0,0.0,99.8
20210122153632,0.0,0.0,0.0,0.0,0.2,0.0,0.0,99.8
20210122153702,0.0,0.0,0.0,0.0,0.2,0.0,0.0,99.8
20210122153732,0.0,0.0,0.0,0.0,50.0,0.0,0.0,49.9
20210122153802,0.0,0.0,0.0,0.0,0.8,0.0,0.0,99.2
20210122153832,0.0,0.0,0.0,0.0,3.7,0.0,0.0,96.3
20210122153902,0.0,0.0,0.0,0.0,1.4,0.0,0.0,98.6
20210122153932,0.0,0.0,0.0,0.0,1.8,0.0,0.0,98.2
20210122154002,0.0,0.0,0.0,0.0,4.0,0.0,0.0,96.0
20210122154032,0.0,0.0,0.0,0.0,3.3,0.0,0.0,96.7
20210122154102,0.0,0.0,0.0,0.0,4.1,0.0,0.0,95.9
20210122154133,0.0,0.0,0.0,0.0,3.3,0.0,0.0,96.7
20210122154203,0.0,0.0,0.0,0.0,5.0,0.0,0.0,95.0
20210122154233,0.0,0.0,0.0,0.0,7.4,0.0,0.0,92.5
20210122154303,0.0,0.0,0.0,0.0,1.2,0.0,0.0,98.8
20210122154333,0.0,0.0,0.0,0.0,2.6,0.0,0.1,97.3
20210122154403,0.0,0.0,0.0,0.0,1.7,0.0,0.1,98.1
20210122154433,0.0,0.0,0.0,0.0,12.4,0.0,0.3,87.3
20210122154503,0.0,0.0,0.0,0.0,9.8,0.0,1.5,88.7
20210122154533,0.0,0.0,0.0,0.0,22.2,0.0,1.1,76.7
20210122154603,0.0,0.0,0.0,0.0,3.1,0.0,0.7,96.1
20210122154633,0.0,0.0,0.0,0.0,3.8,0.0,0.7,95.6
20210122154703,0.0,0.0,0.0,0.0,2.0,0.0,0.5,97.6
20210122154733,0.0,0.0,0.0,0.0,2.8,0.0,0.2,97.0
20210122154803,0.0,0.0,0.0,0.0,0.9,0.0,0.1,98.9
20210122154833,0.0,0.0,0.0,0.0,0.9,0.0,0.5,98.6
20210122154903,0.0,0.0,0.0,0.0,3.3,0.0,0.4,96.3
20210122154933,0.0,0.0,0.0,0.0,7.3,0.0,0.3,92.4
20210122155003,0.0,0.0,0.0,0.0,0.9,0.0,1.2,98.0
20210122155033,0.0,0.0,0.0,0.0,2.9,0.0,1.0,96.0
20210122155103,0.0,0.0,0.0,0.0,6.3,0.0,1.9,91.8
20210122155133,0.0,0.0,0.0,0.0,1.1,0.0,0.1,98.8
20210122155203,0.0,0.0,0.0,0.0,9.7,0.0,0.3,89.9
20210122155233,0.0,0.0,0.0,0.0,6.6,0.0,1.2,92.2
20210122155303,0.0,0.0,0.0,0.0,2.0,0.0,0.3,97.7
20210122155333,0.0,0.0,0.0,0.0,7.7,0.0,0.6,91.7
20210122155403,0.0,0.0,0.0,0.0,3.5,0.0,0.6,95.9
20210122155433,0.0,0.0,0.0,0.0,6.5,0.0,0.7,92.8
20210122155503,0.0,0.0,0.0,0.0,1.3,0.0,0.5,98.3
20210122155533,0.0,0.0,0.0,0.0,0.9,0.0,0.3,98.8
20210122155603,0.0,0.0,0.0,0.0,0.5,0.0,0.9,98.7
20210122155633,0.0,0.0,0.0,0.0,2.8,0.0,1.8,95.4
20210122155703,0.0,0.0,0.0,0.0,2.5,0.0,2.5,95.0
20210122155733,0.0,0.0,0.0,0.0,4.6,0.1,0.7,94.6
20210122155803,0.0,0.0,0.0,0.0,8.7,0.0,0.1,91.2
20210122155833,0.0,0.0,0.0,0.0,1.6,0.0,0.8,97.6
20210122155903,0.0,0.0,0.0,0.0,23.5,0.1,2.4,74.0
20210122155933,0.0,0.0,0.0,0.0,35.7,0.0,0.4,63.8
20210122160003,0.0,0.0,0.0,0.0,1.1,0.0,1.1,97.8
20210122160033,0.0,0.0,0.0,0.0,0.8,0.0,0.2,98.9
20210122160103,0.0,0.0,0.0,0.0,0.9,0.0,0.9,98.2
20210122160133,0.0,0.0,0.0,0.0,1.3,0.0,0.4,98.2
20210122160203,0.0,0.0,0.0,0.0,62.9,0.1,0.1,36.9
20210122160233,0.0,0.0,0.0,0.0,25.5,0.4,0.1,73.9
20210122160303,0.0,0.0,0.0,0.0,16.6,0.8,3.5,79.0
20210122160333,0.0,0.0,0.0,0.0,3.2,0.2,2.4,94.3
20210122160403,0.0,0.0,0.0,0.0,18.4,0.1,2.2,79.2
20210122160433,0.0,0.0,0.0,0.0,3.5,0.5,11.5,84.5
20210122160503,0.0,0.0,0.0,0.0,66.5,0.2,1.1,32.3
20210122160533,0.0,0.0,0.0,0.0,30.3,0.2,1.4,68.2
20210122160603,0.0,0.0,0.0,0.0,26.7,0.4,3.4,69.5
20210122160633,0.0,0.0,0.0,0.0,41.3,2.7,0.9,55.1
20210122160703,0.0,0.0,0.0,0.0,70.5,0.5,1.5,27.5
20210122160733,0.0,0.0,0.0,0.0,16.1,1.3,3.8,78.8
20210122160803,0.0,0.0,0.0,0.0,18.0,1.3,0.5,80.3
20210122160834,0.0,0.0,0.0,0.0,28.2,1.6,0.5,69.8
20210122160904,0.0,0.0,0.0,0.0,91.9,0.1,0.1,7.9
20210122160934,0.0,0.0,0.0,0.0,97.7,0.1,0.2,1.9
20210122161004,0.0,0.0,0.0,0.0,83.1,0.9,2.3,13.7
20210122161034,0.0,0.0,0.0,0.0,98.4,0.0,0.0,1.5
20210122161104,0.0,0.0,0.0,0.0,91.9,0.5,0.1,7.4
20210122161134,0.0,0.0,0.0,0.0,40.3,3.6,2.6,53.4
20210122161204,0.0,0.0,0.0,0.0,95.9,0.5,0.0,3.6
20210122161234,0.0,0.0,0.0,0.0,42.4,1.0,0.2,56.3
20210122161304,0.0,0.0,0.0,0.0,70.4,4.9,1.3,23.4
20210122161334,0.0,0.0,0.0,0.0,75.6,10.3,0.5,13.6
20210122161404,0.0,0.0,0.0,0.0,56.0,30.2,0.2,13.6
20210122161434,0.0,0.0,0.0,0.0,93.2,2.6,2.7,1.5
20210122161504,0.0,0.0,0.0,0.0,82.8,8.3,5.4,3.5
20210122161534,0.0,0.0,0.0,0.0,91.0,4.6,1.5,2.8
20210122161604,0.0,0.0,0.1,0.0,55.1,7.2,26.7,10.9
20210122161634,0.0,0.0,0.1,0.0,26.2,38.9,26.4,8.4
20210122161704,0.0,0.0,0.0,0.0,9.4,78.0,3.7,9.0
20210122161734,0.0,0.0,0.0,0.0,20.3,19.2,15.5,45.0
20210122161804,0.0,0.0,0.0,0.0,12.3,6.6,20.2,60.8
20210122161834,0.0,0.0,0.0,0.1,17.5,12.0,15.4,55.1
20210122161904,0.0,0.0,0.0,0.0,18.7,0.7,13.2,67.4
20210122161934,0.0,0.0,0.0,0.0,16.7,0.5,56.3,26.5
20210122162004,0.0,0.0,0.0,0.0,2.2,1.0,49.5,47.3
20210122162034,0.0,0.0,0.0,0.0,1.0,1.0,54.0,44.0
20210122162104,0.0,0.0,0.0,0.0,7.9,15.9,16.8,59.4
20210122162134,0.0,0.0,0.0,0.0,4.2,51.0,4.9,39.8
20210122162204,0.0,0.0,0.0,0.0,3.2,76.0,0.9,19.9
20210122162234,0.0,0.0,0.0,0.1,11.8,19.2,7.2,61.7
20210122162304,0.0,0.0,0.0,0.1,7.2,22.2,8.9,61.6
20210122162334,0.0,0.0,0.0,0.1,4.0,9.2,7.2,79.5
20210122162404,0.0,0.0,0.1,0.0,3.8,32.8,38.6,24.7
20210122162434,0.0,0.0,0.1,0.0,11.1,15.0,14.5,59.2
20210122162504,0.0,0.0,0.0,0.0,0.8,32.4,56.8,10.0
20210122162534,0.0,0.0,0.0,0.0,1.9,14.4,48.5,35.3
20210122162604,0.0,0.0,0.0,0.0,0.5,7.7,86.3,5.5
20210122162634,0.0,0.0,0.0,0.0,1.4,31.7,25.1,41.8
20210122162704,0.0,0.0,0.0,0.0,3.7,8.1,20.3,67.8
20210122162734,0.0,0.0,0.0,0.0,4.8,30.5,33.1,31.6
20210122162804,0.0,0.0,0.0,0.0,5.2,20.2,13.6,61.0
20210122162834,0.0,0.0,0.0,0.0,13.4,4.4,50.4,31.7
20210122162904,0.0,0.0,0.0,0.0,2.1,2.6,75.2,20.0
20210122162934,0.0,0.0,0.0,0.0,14.2,60.8,6.4,18.5
20210122163004,0.0,0.0,0.0,0.0,6.0,3.6,31.7,58.8
20210122163034,0.0,0.0,0.0,0.0,7.2,18.2,6.4,68.3
20210122163104,0.0,0.0,0.0,0.0,7.6,38.6,24.7,29.1
20210122163134,0.0,0.0,0.0,0.0,21.5,25.5,20.7,32.3
20210122163204,0.0,0.0,0.0,0.0,33.1,24.6,18.1,24.2
20210122163234,0.0,0.0,0.0,0.0,7.9,46.2,35.3,10.6
20210122163304,0.0,0.0,0.0,0.0,16.9,28.7,23.7,30.7
20210122163334,0.0,0.0,0.0,0.0,26.0,29.5,27.5,16.9
20210122163404,0.0,0.0,0.0,0.0,21.9,33.3,32.5,12.2
20210122163434,0.0,0.0,0.1,0.0,35.9,19.2,30.9,13.9
20210122163504,0.0,0.0,0.0,0.0,27.2,53.4,6.3,13.0
20210122163534,0.0,0.0,0.0,0.0,18.5,63.4,8.7,9.3
20210122163604,0.2,0.0,0.0,0.0,26.1,36.9,24.8,11.9
20210122163634,0.0,0.0,0.0,0.0,8.6,67.4,13.2,10.8
20210122163704,0.0,0.0,0.0,0.0,57.7,26.7,9.7,5.9
20210122163734,0.0,0.0,0.0,0.0,1.8,10.0,22.7,65.6
20210122163804,0.0,0.0,0.0,0.0,1.6,4.1,9.3,85.0
20210122163834,0.0,0.0,0.0,0.0,0.5,3.1,62.7,33.7
20210122163904,0.0,0.0,0.0,0.0,0.1,2.4,96.1,1.4
20210122163934,0.0,0.0,0.0,0.0,0.5,2.5,83.5,13.5
20210122164004,0.0,0.0,0.0,0.0,0.2,0.7,78.4,20.7
20210122164034,0.0,0.0,0.0,0.0,0.4,1.1,78.6,19.8
20210122164104,0.0,0.0,0.0,0.0,2.8,0.6,38.0,58.6
20210122164134,0.0,0.0,0.0,0.0,4.3,0.9,45.0,49.9
20210122164204,0.0,0.0,0.0,0.0,1.5,0.5,32.1,65.9
20210122164235,0.0,0.0,0.0,0.0,5.0,0.2,57.7,37.1
20210122164305,0.0,0.0,0.0,0.0,1.9,0.1,70.2,27.8
20210122164335,0.0,0.0,0.0,0.0,2.6,0.4,35.1,61.8
20210122164405,0.0,0.0,0.0,0.0,3.3,0.2,35.8,60.8
20210122164435,0.0,0.0,0.0,0.0,2.6,0.2,38.1,59.1
20210122164505,0.0,0.0,0.0,0.0,1.1,0.0,13.2,85.7
20210122164535,0.0,0.0,0.0,0.0,1.4,0.1,37.1,61.4
20210122164605,0.0,0.0,0.0,0.0,13.2,0.1,9.7,77.0
20210122164635,0.0,0.0,0.0,0.0,9.8,0.1,33.4,56.7
20210122164705,0.0,0.0,0.0,0.0,5.9,0.0,78.4,15.6
20210122164735,0.0,0.0,0.0,0.0,2.2,0.0,72.5,25.3
20210122164805,0.0,0.0,0.0,0.0,5.8,0.0,61.7,32.4
20210122164835,0.0,0.0,0.0,0.0,6.2,0.1,41.8,51.9
20210122164905,0.0,0.0,0.0,0.0,5.7,0.1,55.5,38.8
20210122164935,0.0,0.0,0.0,0.1,36.3,0.1,56.7,6.8
20210122165005,0.0,0.0,0.0,0.1,8.8,0.1,61.9,29.2
20210122165035,0.0,0.0,0.0,0.1,7.3,0.0,88.1,4.5
20210122165105,0.0,0.0,0.0,0.1,4.6,0.0,92.6,2.6
20210122165135,0.0,0.0,0.0,0.0,0.3,0.0,99.4,0.2
20210122165205,0.0,0.0,0.0,0.0,2.4,0.0,94.0,3.6
20210122165235,0.0,0.0,0.0,0.0,0.4,0.0,97.4,2.2
20210122165305,0.0,0.0,0.0,0.0,0.4,0.0,99.3,0.4
20210122165335,0.0,0.0,0.0,0.0,0.2,0.0,99.2,0.6
20210122165405,0.0,0.0,0.0,0.0,0.2,0.0,99.5,0.3
20210122165435,0.0,0.0,0.0,0.0,0.6,0.0,99.1,0.4
20210122165505,0.0,0.0,0.0,0.0,0.4,0.0,99.5,0.1
20210122165535,0.0,0.0,0.0,0.0,1.1,0.0,98.8,0.1
20210122165605,0.0,0.0,0.0,0.0,0.2,0.0,99.5,0.4
20210122165635,0.0,0.0,0.0,0.0,0.0,0.0,99.8,0.1
20210122165705,0.0,0.0,0.0,0.1,0.6,0.0,99.2,0.1
20210122165735,0.0,0.0,0.0,0.1,0.2,0.0,99.7,0.0
20210122165805,0.0,0.0,0.0,0.0,0.0,0.0,99.9,0.0
20210122165835,0.0,0.0,0.0,0.0,0.0,0.0,99.5,0.5
20210122165905,0.0,0.0,0.0,0.0,0.0,0.0,99.6,0.4
20210122165935,0.0,0.0,0.0,0.1,0.1,0.0,98.3,1.5
20210122170005,0.0,0.0,0.0,0.0,0.0,0.0,99.8,0.2
20210122170035,0.0,0.0,0.0,0.0,0.0,0.0,98.6,1.4
20210122170105,0.0,0.0,0.0,0.0,0.0,0.0,99.1,0.9
20210122170135,0.0,0.0,0.0,0.0,0.0,0.0,99.8,0.1
20210122170205,0.0,0.0,0.0,0.1,0.0,0.0,99.7,0.2
20210122170235,0.0,0.0,0.0,0.0,0.0,0.0,99.9,0.1
20210122170305,0.0,0.0,0.0,0.0,0.0,0.0,99.8,0.2
20210122170335,0.0,0.0,0.0,0.2,0.1,0.0,89.2,10.4
20210122170405,0.0,0.0,0.0,0.0,0.0,0.0,28.7,71.3
20210122170435,0.0,0.0,0.0,0.0,0.0,0.0,2.2,97.8
20210122170505,0.0,0.0,0.0,0.0,0.0,0.0,0.0,100.0
20210122170535,0.0,0.0,0.0,0.0,0.0,0.0,0.0,100.0
20210122170605,0.0,0.0,0.0,0.0,0.0,0.0,0.0,100.0
20210122170635,0.0,0.0,0.0,0.0,0.0,0.0,0.0,100.0
20210122170705,0.0,0.0,0.0,0.0,0.0,0.0,0.0,100.0
20210122170735,0.0,0.0,0.0,0.0,0.0,0.0,0.0,100.0
20210122170805,0.0,0.0,0.0,0.0,0.0,0.0,0.0,100.0
20210122170835,0.0,0.0,0.0,0.0,0.0,0.0,0.0,100.0
20210122170905,0.0,0.0,0.0,0.0,0.0,0.0,0.0,100.0
20210122170935,0.0,0.0,0.0,0.0,0.0,0.0,0.0,100.0
20210122171005,0.0,0.0,0.0,0.0,0.0,0.0,0.0,100.0
20210122171035,0.0,0.0,0.0,0.0,0.0,0.0,0.1,99.9
20210122171105,0.0,0.0,0.0,0.0,0.0,0.0,0.0,100.0
20210122171135,0.0,0.0,0.0,0.0,0.0,0.0,0.0,100.0
20210122171205,0.0,0.0,0.0,0.0,0.0,0.0,0.0,100.0
20210122171235,0.0,0.0,0.0,0.0,0.0,0.0,0.0,100.0
20210122171305,0.0,0.0,0.0,0.0,0.0,0.0,0.0,100.0
20210122171335,0.0,0.0,0.0,0.0,0.0,0.0,0.0,100.0
20210122171405,0.0,0.0,0.0,0.0,0.0,0.0,0.0,100.0
20210122171435,0.0,0.0,0.0,0.0,0.0,0.0,0.0,100.0
20210122171505,0.0,0.0,0.0,0.0,0.0,0.0,0.0,100.0
20210122171535,0.0,0.0,0.0,0.0,0.0,0.0,0.0,100.0
20210122171605,0.0,0.0,0.0,0.0,0.0,0.0,0.0,100.0
20210122171635,0.0,0.0,0.0,0.0,0.0,0.0,0.0,100.0
20210122171706,0.0,0.0,0.0,0.0,0.0,0.0,0.0,100.0
20210122171736,0.0,0.0,0.0,0.0,0.0,0.0,0.0,100.0
20210122171806,0.0,0.0,0.0,0.0,0.0,0.0,0.0,100.0
20210122171836,0.0,0.0,0.0,0.0,0.0,0.0,0.0,100.0
20210122171906,0.0,0.0,0.0,0.0,0.0,0.0,0.0,100.0
20210122171936,0.0,0.0,0.0,0.0,0.0,0.0,0.0,100.0
20210122172006,0.0,0.0,0.0,0.0,0.0,0.0,0.0,100.0
20210122172036,0.0,0.0,0.0,0.0,0.0,0.0,0.0,100.0
20210122172106,0.0,0.0,0.0,0.0,0.0,0.0,0.0,100.0
20210122172136,0.0,0.0,0.0,0.0,0.0,0.0,0.0,100.0
20210122172206,0.0,0.0,0.0,0.0,0.0,0.0,0.1,99.9
20210122172236,0.0,0.0,0.0,0.0,0.0,0.0,0.0,100.0
20210122172306,0.0,0.0,0.0,0.0,0.0,0.0,0.0,100.0
20210122172336,0.0,0.0,0.0,0.0,0.0,0.0,0.1,99.9
20210122172406,0.0,0.0,0.0,0.0,0.0,0.0,0.0,100.0
20210122172436,0.0,0.0,0.0,0.0,0.0,0.0,0.1,99.9
20210122172506,0.0,0.0,0.0,0.0,0.0,0.0,0.1,99.9
20210122172536,0.0,0.0,0.0,0.0,0.0,0.0,0.3,99.7
20210122172606,0.0,0.0,0.0,0.0,0.0,0.0,0.1,99.9
20210122172636,0.0,0.0,0.0,0.0,0.0,0.0,0.4,99.6
20210122172706,0.0,0.0,0.0,0.0,0.0,0.0,0.4,99.6
20210122172736,0.0,0.0,0.0,0.0,0.0,0.0,0.1,99.9
20210122172806,0.0,0.0,0.0,0.0,0.0,0.0,0.1,99.9
20210122172836,0.0,0.0,0.0,0.0,0.0,0.0,0.0,100.0
20210122172906,0.0,0.0,0.0,0.0,0.0,0.0,0.0,100.0
20210122172936,0.0,0.0,0.0,0.0,0.0,0.0,0.0,100.0
20210122173006,0.0,0.0,0.0,0.0,0.0,0.0,0.0,100.0
20210122173036,0.0,0.0,0.0,0.0,0.0,0.0,0.1,99.9
20210122173106,0.0,0.0,0.0,0.0,0.0,0.0,0.0,100.0
20210122173136,0.0,0.0,0.0,0.0,0.0,0.0,0.0,100.0
20210122173206,0.0,0.0,0.0,0.0,0.0,0.0,0.3,99.7
20210122173236,0.0,0.0,0.0,0.0,0.0,0.0,0.1,99.9
20210122173306,0.0,0.0,0.0,0.0,0.0,0.0,0.1,99.9
20210122173336,0.0,0.0,0.0,0.0,0.0,0.0,0.0,100.0
20210122173406,0.0,0.0,0.0,0.0,0.0,0.0,0.1,99.9
20210122173436,0.0,0.0,0.0,0.0,0.0,0.0,0.1,99.9
20210122173506,0.0,0.0,0.0,0.0,0.0,0.0,0.0,100.0
20210122173536,0.0,0.0,0.0,0.0,0.0,0.0,0.0,100.0
20210122173606,0.0,0.0,0.0,0.0,0.0,0.0,0.0,100.0
20210122173636,0.0,0.0,0.0,0.0,0.0,0.0,0.0,99.9
20210122173706,0.0,0.0,0.0,0.0,0.0,0.0,0.0,100.0
20210122173736,0.0,0.0,0.0,0.0,0.0,0.0,0.0,100.0
20210122173806,0.0,0.0,0.0,0.0,0.0,0.0,0.1,99.9
20210122173836,0.0,0.0,0.0,0.0,0.0,0.0,0.2,99.8
20210122173906,0.0,0.0,0.0,0.0,0.0,0.0,0.1,99.9
20210122173936,0.0,0.0,0.0,0.0,0.0,0.0,0.3,99.7
20210122174006,0.0,0.0,0.0,0.0,0.0,0.0,0.4,99.6
20210122174036,0.0,0.0,0.0,0.0,0.1,0.0,0.0,99.9
20210122174106,0.0,0.0,0.0,0.0,0.1,0.0,0.1,99.9
20210122174136,0.0,0.0,0.0,0.0,0.1,0.0,0.1,99.8
20210122174206,0.0,0.0,0.0,0.0,0.0,0.0,0.2,99.8
20210122174236,0.0,0.0,0.0,0.0,0.0,0.0,0.1,99.9
20210122174306,0.0,0.0,0.0,0.0,0.0,0.0,0.6,99.4
20210122174336,0.0,0.0,0.0,0.0,0.0,0.0,0.1,99.9
20210122174406,0.0,0.0,0.0,0.0,0.0,0.0,0.2,99.8
20210122174436,0.0,0.0,0.0,0.0,0.0,0.0,0.7,99.3
20210122174506,0.0,0.0,0.0,0.0,0.0,0.0,0.1,99.9
20210122174536,0.0,0.0,0.0,0.0,0.0,0.0,0.4,99.6
20210122174606,0.0,0.0,0.0,0.0,0.0,0.0,0.4,99.6
20210122174636,0.0,0.0,0.0,0.0,0.2,0.0,1.9,97.9
20210122174706,0.0,0.0,0.0,0.0,0.1,0.0,4.5,95.4
20210122174736,0.0,0.0,0.0,0.0,0.0,0.0,0.1,99.9
20210122174806,0.0,0.0,0.0,0.0,0.0,0.0,0.5,99.5
20210122174836,0.0,0.0,0.0,0.0,0.1,0.0,1.7,98.2
20210122174906,0.0,0.0,0.0,0.0,0.0,0.0,1.2,98.8
20210122174936,0.0,0.0,0.0,0.0,0.0,0.0,0.4,99.6
20210122175006,0.0,0.0,0.0,0.0,0.0,0.0,0.1,99.9
20210122175036,0.0,0.0,0.0,0.0,0.0,0.0,3.3,96.7
20210122175107,0.0,0.0,0.0,0.0,0.0,0.0,1.0,99.0
20210122175137,0.0,0.0,0.0,0.0,0.0,0.0,0.1,99.9
20210122175207,0.0,0.0,0.0,0.0,0.0,0.0,1.6,98.4
20210122175237,0.0,0.0,0.0,0.0,0.1,0.0,3.0,96.9
20210122175307,0.0,0.0,0.0,0.0,0.0,0.0,4.1,95.9
20210122175337,0.0,0.0,0.0,0.0,0.0,0.0,35.0,65.0
20210122175407,0.0,0.0,0.0,0.0,0.0,0.0,18.3,81.7
20210122175437,0.0,0.0,0.0,0.0,0.0,0.0,2.9,97.1
20210122175507,0.0,0.0,0.0,0.0,0.0,0.0,3.9,96.1
20210122175537,0.0,0.0,0.0,0.0,0.0,0.0,0.6,99.4
20210122175607,0.0,0.0,0.0,0.0,0.0,0.0,1.9,98.0
20210122175637,0.0,0.0,0.0,0.0,0.0,0.0,4.6,95.4
20210122175707,0.0,0.0,0.0,0.0,0.0,0.0,2.8,97.2
20210122175737,0.0,0.0,0.0,0.0,0.1,0.0,14.3,85.6
20210122175807,0.0,0.0,0.0,0.0,0.2,0.0,63.5,36.3
20210122175837,0.0,0.0,0.0,0.1,0.9,0.0,19.5,79.6
20210122175907,0.0,0.0,0.0,0.0,0.1,0.0,2.3,97.6
20210122175937,0.0,0.0,0.0,0.0,0.7,0.0,6.8,92.4
20210122180007,0.0,0.0,0.0,0.0,0.0,0.0,4.4,95.6
20210122180037,0.0,0.0,0.0,0.1,0.1,0.0,10.6,89.3
20210122180107,0.0,0.0,0.0,0.0,0.3,0.0,3.7,96.1
20210122180137,0.0,0.0,0.0,0.0,0.9,0.0,33.9,65.2
20210122180207,0.0,0.0,0.0,0.1,0.1,0.0,65.1,34.8
20210122180237,0.0,0.0,0.0,0.0,0.0,0.0,2.3,97.7
20210122180307,0.0,0.0,0.0,0.0,0.0,0.0,16.4,83.6
20210122180337,0.0,0.0,0.0,0.0,0.0,0.0,2.3,97.7
20210122180407,0.0,0.0,0.0,0.0,0.0,0.0,9.1,90.9
20210122180437,0.0,0.0,0.0,0.0,0.0,0.0,1.5,98.5
20210122180507,0.0,0.0,0.0,0.0,0.0,0.0,5.8,94.2
20210122180537,0.0,0.0,0.0,0.0,0.0,0.0,26.3,73.7
20210122180607,0.0,0.0,0.0,0.0,0.0,0.0,17.3,82.7
20210122180637,0.0,0.0,0.0,0.0,0.0,0.0,14.6,85.3
20210122180707,0.0,0.0,0.0,0.0,0.0,0.0,12.8,87.2
20210122180737,0.0,0.0,0.0,0.0,0.0,0.0,9.3,90.7
20210122180807,0.0,0.0,0.0,0.0,0.0,0.0,0.3,99.7
20210122180837,0.0,0.0,0.0,0.0,0.0,0.0,9.7,90.2
20210122180907,0.0,0.0,0.0,0.0,0.0,0.0,17.3,82.6
20210122180937,0.0,0.0,0.0,0.0,0.0,0.0,10.0,89.9
20210122181007,0.0,0.0,0.0,0.0,0.0,0.0,3.4,96.5
20210122181037,0.0,0.0,0.0,0.0,0.0,0.0,2.8,97.2
20210122181107,0.0,0.0,0.0,0.0,0.1,0.0,14.0,85.9
20210122181137,0.0,0.0,0.0,0.1,0.3,0.0,43.6,56.0
20210122181207,0.0,0.0,0.0,0.0,0.0,0.0,6.5,93.5
20210122181237,0.0,0.0,0.0,0.0,0.1,0.0,23.9,76.0
20210122181307,0.0,0.0,0.0,0.0,0.0,0.0,29.3,70.7
20210122181337,0.0,0.0,0.0,0.0,0.2,0.0,1.3,98.4
20210122181407,0.0,0.0,0.0,0.0,0.0,0.0,6.9,93.1
20210122181437,0.0,0.0,0.0,0.0,0.0,0.0,4.1,95.9
20210122181507,0.0,0.0,0.0,0.0,0.0,0.0,32.6,67.3
20210122181537,0.0,0.0,0.0,0.0,0.0,0.0,5.2,94.7
20210122181607,0.0,0.0,0.0,0.0,0.0,0.0,1.6,98.4
20210122181637,0.0,0.0,0.0,0.0,0.0,0.0,1.3,98.7
20210122181707,0.0,0.0,0.0,0.0,0.8,0.0,13.0,86.1
20210122181737,0.0,0.0,0.0,0.0,0.1,0.0,2.7,97.1
20210122181807,0.0,0.0,0.0,0.0,0.3,0.0,2.4,97.3
20210122181838,0.0,0.0,0.0,0.0,0.1,0.0,2.6,97.3
20210122181908,0.0,0.0,0.0,0.0,0.0,0.0,1.8,98.2
20210122181938,0.0,0.0,0.0,0.0,0.1,0.0,57.7,42.2
20210122182008,0.0,0.0,0.0,0.0,0.1,0.0,40.2,59.7
20210122182038,0.0,0.0,0.0,0.0,0.2,0.0,7.5,92.4
20210122182108,0.0,0.0,0.0,0.0,0.1,0.0,10.8,89.0
20210122182138,0.0,0.0,0.0,0.0,0.2,0.0,16.4,83.4
20210122182208,0.0,0.0,0.0,0.0,0.1,0.0,1.1,98.9
20210122182238,0.0,0.0,0.0,0.0,1.1,0.0,2.6,96.3
20210122182308,0.0,0.0,0.0,0.0,0.7,0.0,13.9,85.4
20210122182338,0.0,0.0,0.0,0.0,1.5,0.0,7.3,91.2
20210122182408,0.0,0.0,0.0,0.0,0.0,0.0,0.4,99.5
20210122182438,0.0,0.0,0.0,0.0,0.0,0.0,0.8,99.2
20210122182508,0.0,0.0,0.0,0.0,0.1,0.0,1.9,98.0
20210122182538,0.0,0.0,0.0,0.0,0.2,0.0,26.7,73.1
20210122182608,0.0,0.0,0.0,0.0,0.2,0.0,0.4,99.4
20210122182638,0.0,0.0,0.0,0.0,0.6,0.0,22.7,76.6
20210122182708,0.0,0.0,0.0,0.0,1.3,0.0,26.7,72.0
20210122182738,0.0,0.0,0.0,0.0,0.8,0.0,24.8,74.4
20210122182808,0.0,0.0,0.0,0.0,0.5,0.0,48.9,50.5
20210122182838,0.0,0.0,0.0,0.0,0.1,0.0,10.3,89.5
20210122182908,0.0,0.0,0.0,0.0,0.2,0.0,21.1,78.8
20210122182938,0.0,0.0,0.0,0.0,0.1,0.0,25.4,74.5
20210122183008,0.0,0.0,0.0,0.0,0.0,0.0,73.9,26.1
20210122183038,0.0,0.0,0.0,0.0,0.3,0.0,47.4,52.3
20210122183108,0.0,0.0,0.0,0.0,0.5,0.0,44.9,54.5
20210122183138,0.0,0.0,0.0,0.0,0.4,0.0,0.4,99.2
20210122183208,0.0,0.0,0.0,0.0,0.6,0.0,20.7,78.7
20210122183238,0.0,0.0,0.0,0.0,0.1,0.0,26.0,74.0
20210122183308,0.0,0.0,0.0,0.0,0.1,0.0,93.1,6.8
20210122183338,0.0,0.0,0.0,0.0,0.0,0.0,94.1,5.9
20210122183408,0.0,0.0,0.0,0.0,0.5,0.0,54.0,45.4
20210122183438,0.0,0.0,0.0,0.0,0.3,0.0,53.8,45.9
20210122183508,0.0,0.0,0.0,0.0,0.3,0.0,46.4,53.2
20210122183538,0.0,0.0,0.0,0.0,0.2,0.0,71.1,28.7
20210122183608,0.0,0.0,0.0,0.0,0.3,0.0,49.2,50.5
20210122183638,0.0,0.0,0.0,0.0,0.0,0.0,56.3,43.6
20210122183708,0.0,0.0,0.0,0.0,0.0,0.0,78.2,21.7
20210122183738,0.0,0.0,0.0,0.0,0.3,0.0,43.7,56.0
20210122183808,0.0,0.0,0.0,0.0,0.1,0.0,47.9,52.1
20210122183838,0.0,0.0,0.0,0.0,0.0,0.0,56.6,43.4
20210122183908,0.0,0.0,0.0,0.0,0.1,0.0,30.8,69.1
20210122183938,0.0,0.0,0.0,0.0,0.1,0.0,66.5,33.4
20210122184008,0.0,0.0,0.0,0.0,0.1,0.0,8.3,91.6
20210122184038,0.0,0.0,0.0,0.0,0.1,0.0,47.4,52.6
20210122184108,0.0,0.0,0.0,0.0,0.1,0.0,21.1,78.8
20210122184138,0.0,0.0,0.0,0.0,0.0,0.0,15.3,84.6
20210122184208,0.0,0.0,0.0,0.0,0.0,0.0,5.5,94.5
20210122184238,0.0,0.0,0.0,0.0,0.0,0.0,14.3,85.6
20210122184308,0.0,0.0,0.0,0.0,0.0,0.0,10.9,89.1
20210122184338,0.0,0.0,0.0,0.0,0.1,0.0,21.2,78.7
20210122184408,0.0,0.0,0.0,0.0,0.0,0.0,0.5,99.5
20210122184438,0.0,0.0,0.0,0.0,0.2,0.0,29.2,70.6
20210122184508,0.0,0.0,0.0,0.0,0.0,0.0,3.0,97.0
20210122184538,0.0,0.0,0.0,0.0,0.1,0.0,7.4,92.5
20210122184608,0.0,0.0,0.0,0.0,0.2,0.0,11.9,87.9
20210122184638,0.0,0.0,0.0,0.0,0.1,0.0,22.8,77.0
20210122184708,0.0,0.0,0.0,0.0,0.1,0.0,30.0,69.9
20210122184738,0.0,0.0,0.0,0.0,0.1,0.0,5.6,94.4
20210122184808,0.0,0.0,0.0,0.0,0.2,0.0,12.5,87.3
20210122184838,0.0,0.0,0.0,0.0,0.1,0.0,0.1,99.8
20210122184908,0.0,0.0,0.0,0.0,0.3,0.0,0.8,98.9
20210122184938,0.0,0.0,0.0,0.0,0.1,0.0,4.6,95.2
20210122185008,0.0,0.0,0.0,0.0,0.0,0.0,2.7,97.3
20210122185038,0.0,0.0,0.0,0.0,0.3,0.0,2.8,96.9
20210122185108,0.0,0.0,0.0,0.0,0.2,0.0,4.9,94.9
20210122185138,0.0,0.0,0.0,0.0,0.5,0.0,1.0,98.4
20210122185208,0.0,0.0,0.0,0.0,0.2,0.0,6.9,92.9
20210122185239,0.0,0.0,0.0,0.0,0.3,0.0,9.3,90.4
20210122185309,0.0,0.0,0.0,0.0,0.2,0.0,2.9,96.9
20210122185339,0.0,0.0,0.0,0.0,0.1,0.0,0.8,99.1
20210122185409,0.0,0.0,0.0,0.0,0.1,0.0,3.6,96.3
20210122185439,0.0,0.0,0.0,0.0,0.2,0.0,5.9,94.0
20210122185509,0.0,0.0,0.0,0.0,0.6,0.0,1.7,97.6
20210122185539,0.0,0.0,0.0,0.0,3.0,0.0,12.7,84.3
20210122185609,0.0,0.0,0.0,0.0,1.2,0.0,0.6,98.2
20210122185639,0.0,0.0,0.0,0.0,0.6,0.0,13.6,85.8
20210122185709,0.0,0.0,0.0,0.0,0.1,0.0,4.2,95.7
20210122185739,0.0,0.0,0.0,0.0,0.3,0.0,29.8,69.9
20210122185809,0.0,0.0,0.0,0.0,0.1,0.0,1.9,97.9
20210122185839,0.0,0.0,0.0,0.0,0.0,0.0,0.3,99.7
20210122185909,0.0,0.0,0.0,0.0,0.2,0.0,34.7,65.1
20210122185939,0.0,0.0,0.0,0.0,0.2,0.0,34.8,65.0
20210122190009,0.0,0.0,0.0,0.0,0.7,0.0,21.8,77.5
20210122190039,0.0,0.0,0.0,0.0,0.3,0.0,1.1,98.6
20210122190109,0.0,0.0,0.0,0.0,0.4,0.0,7.1,92.5
20210122190139,0.0,0.0,0.0,0.0,0.1,0.0,1.3,98.7
20210122190209,0.0,0.0,0.0,0.0,0.2,0.0,2.5,97.3
20210122190239,0.0,0.0,0.0,0.0,0.3,0.0,11.8,87.9
20210122190309,0.0,0.0,0.0,0.0,0.1,0.0,23.4,76.5
20210122190339,0.0,0.0,0.0,0.0,0.1,0.0,75.8,24.1
20210122190409,0.0,0.0,0.0,0.0,0.1,0.0,18.2,81.7
20210122190439,0.0,0.0,0.0,0.0,0.2,0.0,22.4,77.3
20210122190509,0.0,0.0,0.0,0.0,0.4,0.0,12.9,86.8
20210122190539,0.0,0.0,0.0,0.0,0.2,0.0,40.4,59.4
20210122190609,0.0,0.0,0.0,0.0,0.1,0.0,37.2,62.7
20210122190639,0.0,0.0,0.0,0.0,0.1,0.0,15.5,84.4
20210122190709,0.0,0.0,0.0,0.0,0.0,0.0,1.6,98.3
20210122190739,0.0,0.0,0.0,0.0,0.3,0.0,40.3,59.4
20210122190809,0.0,0.0,0.0,0.0,0.2,0.0,8.4,91.4
20210122190839,0.0,0.0,0.0,0.0,0.0,0.0,3.1,96.8
20210122190909,0.0,0.0,0.0,0.0,0.0,0.0,1.5,98.4
20210122190939,0.0,0.0,0.0,0.0,0.0,0.0,5.2,94.8
20210122191009,0.0,0.0,0.0,0.0,0.1,0.0,9.9,90.1
20210122191039,0.0,0.0,0.0,0.0,0.0,0.0,1.5,98.5
20210122191109,0.0,0.0,0.0,0.0,0.2,0.0,1.2,98.7
20210122191139,0.0,0.0,0.0,0.0,0.1,0.0,7.0,93.0
20210122191209,0.0,0.0,0.0,0.0,0.3,0.0,4.0,95.7
20210122191239,0.0,0.0,0.0,0.0,0.0,0.0,2.4,97.6
20210122191309,0.0,0.0,0.0,0.0,0.0,0.0,19.1,80.9
20210122191339,0.0,0.0,0.0,0.0,0.0,0.0,5.4,94.5
20210122191409,0.0,0.0,0.0,0.0,0.0,0.0,41.1,58.9
20210122191439,0.0,0.0,0.0,0.0,0.0,0.0,3.3,96.7
20210122191509,0.0,0.0,0.0,0.0,0.0,0.0,17.4,82.6
20210122191539,0.0,0.0,0.0,0.0,0.0,0.0,36.4,63.6
20210122191609,0.0,0.0,0.0,0.0,0.0,0.0,36.2,63.8
20210122191639,0.0,0.0,0.0,0.0,0.0,0.0,5.2,94.8
20210122191709,0.0,0.0,0.0,0.0,0.0,0.0,23.4,76.6
20210122191739,0.0,0.0,0.0,0.0,0.0,0.0,30.6,69.4
20210122191809,0.0,0.0,0.0,0.0,0.0,0.0,52.3,47.7
20210122191839,0.0,0.0,0.0,0.0,0.0,0.0,7.6,92.3
20210122191909,0.0,0.0,0.0,0.0,0.1,0.0,17.1,82.8
20210122191939,0.0,0.0,0.0,0.0,0.3,0.0,10.6,89.2
20210122192009,0.0,0.0,0.0,0.0,0.1,0.0,33.8,66.1
20210122192039,0.0,0.0,0.0,0.0,0.0,0.0,18.8,81.1
20210122192109,0.0,0.0,0.0,0.0,0.0,0.0,73.3,26.7
20210122192139,0.0,0.0,0.0,0.0,0.0,0.0,59.1,40.9
20210122192209,0.0,0.0,0.0,0.0,0.2,0.0,27.3,72.4
20210122192239,0.0,0.0,0.0,0.0,0.3,0.0,55.2,44.5
20210122192309,0.0,0.0,0.0,0.0,0.2,0.0,8.0,91.7
20210122192339,0.0,0.0,0.0,0.0,0.3,0.0,19.3,80.4
20210122192409,0.0,0.0,0.0,0.0,0.2,0.0,41.0,58.7
20210122192439,0.0,0.0,0.0,0.0,0.0,0.0,10.9,89.1
20210122192509,0.0,0.0,0.0,0.0,0.2,0.0,17.3,82.5
20210122192539,0.0,0.0,0.0,0.0,0.1,0.0,8.3,91.6
20210122192609,0.0,0.0,0.0,0.0,0.2,0.0,6.2,93.6
20210122192639,0.0,0.0,0.0,0.0,0.1,0.0,4.3,95.6
20210122192710,0.0,0.0,0.0,0.0,0.1,0.0,3.6,96.4
20210122192740,0.0,0.0,0.0,0.0,0.8,0.0,17.4,81.8
20210122192810,0.0,0.0,0.0,0.0,0.0,0.0,2.0,98.0
20210122192840,0.0,0.0,0.0,0.0,0.0,0.0,7.2,92.8
20210122192910,0.0,0.0,0.0,0.0,0.3,0.0,12.4,87.3
20210122192940,0.0,0.0,0.0,0.0,0.6,0.0,9.3,90.1
20210122193010,0.0,0.0,0.0,0.0,0.3,0.0,7.9,91.9
20210122193040,0.0,0.0,0.0,0.0,0.3,0.0,8.3,91.4
20210122193110,0.0,0.0,0.0,0.0,1.3,0.0,2.7,96.0
20210122193140,0.0,0.0,0.0,0.0,1.9,0.0,23.0,75.2
20210122193210,0.0,0.0,0.0,0.0,0.4,0.0,29.1,70.5
20210122193240,0.0,0.0,0.0,0.0,0.2,0.0,26.7,73.1
20210122193310,0.0,0.0,0.0,0.0,1.7,0.0,23.0,75.3
20210122193340,0.0,0.0,0.0,0.0,1.0,0.0,68.4,30.6
20210122193410,0.0,0.0,0.0,0.0,1.4,0.0,77.6,21.0
20210122193440,0.0,0.0,0.0,0.0,1.3,0.0,81.1,17.6
20210122193510,0.0,0.0,0.0,0.0,0.7,0.0,41.6,57.7
20210122193540,0.0,0.0,0.0,0.0,0.9,0.0,24.3,74.7
20210122193610,0.0,0.0,0.0,0.0,0.4,0.0,6.9,92.7
20210122193640,0.0,0.0,0.0,0.0,5.7,0.0,29.0,65.3
20210122193710,0.0,0.0,0.0,0.0,0.3,0.0,85.3,14.4
20210122193740,0.0,0.0,0.0,0.0,1.3,0.0,12.4,86.3
20210122193810,0.0,0.0,0.0,0.0,0.7,0.0,16.6,82.6
20210122193840,0.0,0.0,0.0,0.0,1.0,0.0,68.8,30.2
20210122193910,0.0,0.0,0.0,0.0,0.4,0.0,52.9,46.6
20210122193940,0.0,0.0,0.0,0.0,1.3,0.0,26.0,72.8
20210122194010,0.0,0.0,0.0,0.0,0.2,0.0,16.5,83.3
20210122194040,0.0,0.0,0.0,0.0,0.1,0.0,10.6,89.4
20210122194110,0.0,0.0,0.0,0.0,0.1,0.0,80.0,20.0
20210122194140,0.0,0.0,0.0,0.0,0.1,0.0,46.8,53.1
20210122194210,0.0,0.0,0.0,0.0,0.2,0.0,85.9,13.9
20210122194240,0.0,0.0,0.0,0.0,0.8,0.0,28.6,70.6
20210122194310,0.0,0.0,0.0,0.0,0.2,0.0,12.2,87.6
20210122194340,0.0,0.0,0.0,0.0,3.8,0.0,59.9,36.4
20210122194410,0.0,0.0,0.0,0.0,0.1,0.0,81.1,18.8
20210122194440,0.0,0.0,0.0,0.0,0.1,0.0,86.7,13.2
20210122194510,0.0,0.0,0.0,0.0,0.3,0.0,92.4,7.3
20210122194540,0.0,0.0,0.0,0.0,2.7,0.0,70.3,27.0
20210122194610,0.0,0.0,0.0,0.0,1.2,0.0,74.9,24.0
20210122194640,0.0,0.0,0.0,0.0,4.3,0.0,64.3,31.4
20210122194710,0.0,0.0,0.0,0.0,2.6,0.0,18.4,79.0
20210122194740,0.0,0.0,0.0,0.0,2.2,0.0,12.7,85.2
20210122194810,0.0,0.0,0.0,0.0,8.5,0.0,12.3,79.3
20210122194840,0.0,0.0,0.0,0.0,1.0,0.0,19.2,79.8
20210122194910,0.0,0.0,0.0,0.0,0.8,0.0,11.6,87.6
20210122194940,0.0,0.0,0.0,0.0,1.8,0.0,48.5,49.7
20210122195010,0.0,0.0,0.0,0.0,0.9,0.0,80.2,18.9
20210122195040,0.0,0.0,0.0,0.0,0.1,0.0,84.2,15.7
20210122195110,0.0,0.0,0.0,0.0,0.0,0.0,81.6,18.4
20210122195140,0.0,0.0,0.0,0.0,0.0,0.0,44.1,55.9
20210122195210,0.0,0.0,0.0,0.0,0.1,0.0,70.9,29.1
20210122195240,0.0,0.0,0.0,0.0,0.1,0.0,25.4,74.6
20210122195310,0.0,0.0,0.0,0.0,0.4,0.0,33.7,65.9
20210122195340,0.0,0.0,0.0,0.0,0.2,0.0,26.5,73.4
20210122195411,0.0,0.0,0.0,0.0,0.3,0.0,62.5,37.1
20210122195441,0.0,0.0,0.0,0.0,0.2,0.0,88.1,11.7
20210122195511,0.0,0.0,0.0,0.0,0.5,0.0,76.1,23.4
20210122195541,0.0,0.0,0.0,0.0,0.0,0.0,99.3,0.7
20210122195611,0.0,0.0,0.0,0.0,0.0,0.0,97.7,2.3
20210122195641,0.0,0.0,0.0,0.0,0.1,0.0,59.7,40.2
20210122195711,0.0,0.0,0.0,0.0,0.0,0.0,59.3,40.7
20210122195741,0.0,0.0,0.0,0.0,0.0,0.0,16.7,83.3
20210122195811,0.0,0.0,0.0,0.0,0.1,0.0,24.4,75.5
20210122195841,0.0,0.0,0.0,0.0,0.1,0.0,41.7,58.2
20210122195911,0.0,0.0,0.0,0.0,3.9,0.0,20.1,76.1
20210122195941,0.0,0.0,0.0,0.0,0.0,0.0,57.8,42.2
20210122200011,0.0,0.0,0.0,0.0,0.0,0.0,54.6,45.4
20210122200041,0.0,0.0,0.0,0.0,0.1,0.0,1.0,98.9
20210122200111,0.0,0.0,0.0,0.0,0.0,0.0,11.1,88.8
20210122200141,0.0,0.0,0.0,0.0,0.0,0.0,2.1,97.9
20210122200211,0.0,0.0,0.0,0.0,0.0,0.0,13.5,86.5
20210122200241,0.0,0.0,0.0,0.0,0.0,0.0,6.4,93.6
20210122200311,0.0,0.0,0.0,0.0,0.0,0.0,1.2,98.7
20210122200341,0.0,0.0,0.0,0.0,0.0,0.0,0.7,99.3
20210122200411,0.0,0.0,0.0,0.0,1.1,0.0,5.1,93.8
20210122200441,0.0,0.0,0.0,0.0,0.0,0.0,0.5,99.5
20210122200511,0.0,0.0,0.0,0.0,0.1,0.0,0.0,99.9
20210122200541,0.0,0.0,0.0,0.0,0.1,0.0,0.2,99.7
20210122200611,0.0,0.0,0.0,0.0,0.2,0.0,1.1,98.7
20210122200641,0.0,0.0,0.0,0.0,0.0,0.0,1.6,98.4
20210122200711,0.0,0.0,0.0,0.0,0.0,0.0,0.7,99.2
20210122200741,0.0,0.0,0.0,0.0,0.0,0.0,0.3,99.7
20210122200811,0.0,0.0,0.0,0.0,0.1,0.0,1.0,98.9
20210122200841,0.0,0.0,0.0,0.0,0.1,0.0,0.4,99.5
20210122200911,0.0,0.0,0.0,0.0,0.3,0.0,0.6,99.2
20210122200941,0.0,0.0,0.0,0.0,0.1,0.0,0.8,99.1
20210122201011,0.0,0.0,0.0,0.0,0.1,0.0,1.0,98.9
20210122201041,0.0,0.0,0.0,0.0,0.1,0.0,4.6,95.3
20210122201111,0.0,0.0,0.0,0.0,0.1,0.0,0.8,99.0
20210122201141,0.0,0.0,0.0,0.0,0.4,0.0,2.0,97.7
20210122201211,0.0,0.0,0.0,0.0,0.0,0.0,0.2,99.8
20210122201241,0.0,0.0,0.0,0.0,0.0,0.0,0.1,99.8
20210122201311,0.0,0.0,0.0,0.0,0.4,0.0,3.4,96.3
20210122201341,0.0,0.0,0.0,0.0,0.1,0.0,6.0,93.9
20210122201411,0.0,0.0,0.0,0.0,0.0,0.0,0.1,99.9
20210122201441,0.0,0.0,0.0,0.0,0.1,0.0,0.8,99.2
20210122201511,0.0,0.0,0.0,0.0,0.1,0.0,4.5,95.5
20210122201541,0.0,0.0,0.0,0.0,0.2,0.0,5.9,93.9
20210122201611,0.0,0.0,0.0,0.0,0.1,0.0,0.1,99.8
20210122201641,0.0,0.0,0.0,0.0,0.3,0.0,0.1,99.7
20210122201711,0.0,0.0,0.0,0.0,0.0,0.0,0.7,99.3
20210122201741,0.0,0.0,0.0,0.0,0.0,0.0,0.0,100.0
20210122201811,0.0,0.0,0.0,0.0,0.0,0.0,0.0,99.9
20210122201841,0.0,0.0,0.0,0.0,0.0,0.0,0.0,100.0
20210122201911,0.0,0.0,0.0,0.0,0.2,0.0,0.2,99.6
20210122201941,0.0,0.0,0.0,0.0,0.3,0.0,4.4,95.3
20210122202011,0.0,0.0,0.0,0.0,0.0,0.0,0.1,99.9
20210122202041,0.0,0.0,0.0,0.0,0.0,0.0,0.5,99.5
20210122202111,0.0,0.0,0.0,0.0,0.0,0.0,3.4,96.6
20210122202141,0.0,0.0,0.0,0.0,0.0,0.0,0.1,99.9
20210122202211,0.0,0.0,0.0,0.0,0.0,0.0,0.1,99.9
20210122202241,0.0,0.0,0.0,0.0,0.0,0.0,2.0,97.9
20210122202311,0.0,0.0,0.0,0.0,0.0,0.0,0.5,99.5
20210122202341,0.0,0.0,0.0,0.0,0.0,0.0,0.5,99.5
20210122202411,0.0,0.0,0.0,0.0,0.2,0.0,5.9,93.8
20210122202441,0.0,0.0,0.0,0.0,0.0,0.0,3.8,96.1
20210122202511,0.0,0.0,0.0,0.0,0.1,0.0,0.2,99.7
20210122202541,0.0,0.0,0.0,0.0,0.3,0.0,0.1,99.6
20210122202611,0.0,0.0,0.0,0.0,0.9,0.0,0.1,99.0
20210122202641,0.0,0.0,0.0,0.0,0.2,0.0,0.3,99.6
20210122202711,0.0,0.0,0.0,0.0,0.2,0.0,4.6,95.2
20210122202741,0.0,0.0,0.0,0.0,0.1,0.0,0.0,99.9
20210122202812,0.0,0.0,0.0,0.0,0.0,0.0,0.1,99.9
20210122202842,0.0,0.0,0.0,0.0,0.0,0.0,0.3,99.6
20210122202912,0.0,0.0,0.0,0.0,0.0,0.0,0.3,99.7
20210122202942,0.0,0.0,0.0,0.0,0.0,0.0,0.1,99.9
20210122203012,0.0,0.0,0.0,0.0,0.0,0.0,0.4,99.6
20210122203042,0.0,0.0,0.0,0.0,0.0,0.0,0.0,100.0
20210122203112,0.0,0.0,0.0,0.0,0.1,0.0,0.5,99.3
20210122203142,0.0,0.0,0.0,0.0,0.0,0.0,0.1,99.8
20210122203212,0.0,0.0,0.0,0.0,0.0,0.0,0.3,99.7
20210122203242,0.0,0.0,0.0,0.0,0.4,0.0,1.5,98.1
20210122203312,0.0,0.0,0.0,0.0,0.0,0.0,0.1,99.8
20210122203342,0.0,0.0,0.0,0.0,0.6,0.0,0.4,99.0
20210122203412,0.0,0.0,0.0,0.0,0.2,0.0,0.8,99.1
20210122203442,0.0,0.0,0.0,0.0,0.3,0.0,0.2,99.5
20210122203512,0.0,0.0,0.0,0.0,0.0,0.0,0.3,99.6
20210122203542,0.0,0.0,0.0,0.0,0.0,0.0,0.1,99.9
20210122203612,0.0,0.0,0.0,0.0,0.2,0.0,0.1,99.7
20210122203642,0.0,0.0,0.0,0.0,0.1,0.0,0.2,99.7
20210122203712,0.0,0.0,0.0,0.0,1.8,0.0,0.3,97.9
20210122203742,0.0,0.0,0.0,0.0,0.6,0.0,0.2,99.1
20210122203812,0.0,0.0,0.0,0.0,4.3,0.0,4.3,91.4
20210122203842,0.0,0.0,0.0,0.0,0.1,0.0,0.8,99.2
20210122203912,0.0,0.0,0.0,0.0,0.2,0.0,10.8,89.1
20210122203942,0.0,0.0,0.0,0.0,0.1,0.0,3.4,96.5
20210122204012,0.0,0.0,0.0,0.0,0.1,0.0,2.4,97.4
20210122204042,0.0,0.0,0.0,0.0,0.0,0.0,1.1,98.9
20210122204112,0.0,0.0,0.0,0.0,0.0,0.0,3.4,96.5
20210122204142,0.0,0.0,0.0,0.0,0.0,0.0,2.0,98.0
20210122204212,0.0,0.0,0.0,0.0,0.4,0.0,2.4,97.2
20210122204242,0.0,0.0,0.0,0.0,0.0,0.0,0.5,99.5
20210122204312,0.0,0.0,0.0,0.0,0.2,0.0,3.8,95.9
20210122204342,0.0,0.0,0.0,0.0,0.0,0.0,1.2,98.7
20210122204412,0.0,0.0,0.0,0.0,1.0,0.0,31.1,67.9
20210122204442,0.0,0.0,0.0,0.0,0.1,0.0,82.8,17.1
20210122204512,0.0,0.0,0.0,0.0,2.0,0.0,13.0,85.0
20210122204542,0.0,0.0,0.0,0.1,4.3,0.0,27.7,67.9
20210122204612,0.0,0.0,0.0,0.1,4.8,0.0,20.2,75.0
20210122204642,0.0,0.0,0.0,0.1,11.3,0.0,10.4,78.2
20210122204712,0.0,0.0,0.0,0.0,0.7,0.0,9.8,89.5
20210122204742,0.0,0.0,0.0,0.0,0.1,0.0,0.8,99.2
20210122204812,0.0,0.0,0.0,0.0,0.2,0.0,0.7,99.1
20210122204842,0.0,0.0,0.0,0.0,0.0,0.0,0.3,99.7
20210122204912,0.0,0.0,0.0,0.0,0.0,0.0,0.6,99.4
20210122204942,0.0,0.0,0.0,0.0,0.1,0.0,7.8,92.1
20210122205012,0.0,0.0,0.0,0.0,0.0,0.0,15.3,84.7
20210122205042,0.0,0.0,0.0,0.0,0.0,0.0,1.5,98.5
20210122205112,0.0,0.0,0.0,0.0,0.0,0.0,0.5,99.5
20210122205142,0.0,0.0,0.0,0.0,0.1,0.0,2.3,97.6
20210122205212,0.0,0.0,0.0,0.0,0.0,0.0,17.0,83.0
20210122205242,0.0,0.0,0.0,0.0,0.0,0.0,4.0,96.0
20210122205312,0.0,0.0,0.0,0.0,0.0,0.0,0.6,99.4
20210122205342,0.0,0.0,0.0,0.0,0.0,0.0,0.2,99.8
20210122205412,0.0,0.0,0.0,0.0,0.0,0.0,1.0,99.0
20210122205442,0.0,0.0,0.0,0.0,0.0,0.0,1.9,98.1
20210122205512,0.0,0.0,0.0,0.0,0.0,0.0,18.0,82.0
20210122205542,0.0,0.0,0.0,0.0,0.0,0.0,24.2,75.7
20210122205612,0.0,0.0,0.0,0.0,0.0,0.0,2.3,97.7
20210122205642,0.0,0.0,0.0,0.0,0.0,0.0,5.8,94.2
20210122205712,0.0,0.0,0.0,0.0,0.0,0.0,7.0,93.0
20210122205742,0.0,0.0,0.0,0.0,0.0,0.0,51.0,49.0
20210122205812,0.0,0.0,0.0,0.0,0.0,0.0,11.1,88.9
20210122205842,0.0,0.0,0.0,0.0,0.0,0.0,50.6,49.4
20210122205912,0.0,0.0,0.0,0.0,0.0,0.0,96.5,3.5
20210122205942,0.0,0.0,0.0,0.0,0.0,0.0,75.6,24.4
20210122210012,0.0,0.0,0.0,0.0,0.0,0.0,83.7,16.3
20210122210042,0.0,0.0,0.0,0.0,0.0,0.0,4.6,95.4
20210122210112,0.0,0.0,0.0,0.0,0.0,0.0,4.0,96.0
20210122210142,0.0,0.0,0.0,0.0,0.0,0.0,10.1,89.9
20210122210212,0.0,0.0,0.0,0.0,0.0,0.0,1.8,98.2
20210122210243,0.0,0.0,0.0,0.0,0.0,0.0,0.7,99.3
20210122210313,0.0,0.0,0.0,0.0,0.0,0.0,7.3,92.7
20210122210343,0.0,0.0,0.0,0.0,0.0,0.0,0.8,99.2
20210122210413,0.0,0.0,0.0,0.0,0.0,0.0,1.1,98.9
20210122210443,0.0,0.0,0.0,0.0,0.0,0.0,3.8,96.2
20210122210513,0.0,0.0,0.0,0.0,0.0,0.0,0.0,100.0
20210122210543,0.0,0.0,0.0,0.0,0.0,0.0,0.1,99.9
20210122210613,0.0,0.0,0.0,0.0,0.0,0.0,0.4,99.6
20210122210643,0.0,0.0,0.0,0.0,0.0,0.0,0.2,99.8
20210122210713,0.0,0.0,0.0,0.0,0.0,0.0,3.8,96.2
20210122210743,0.0,0.0,0.0,0.0,0.0,0.0,2.3,97.7
20210122210813,0.0,0.0,0.0,0.0,0.0,0.0,0.3,99.7
