UT,arc,discrete,diffuse,ac,ab,clear,cloudy,dd
20210123141900,0.0,0.0,0.0,0.0,0.0,0.0,0.0,100.0
20210123141930,0.0,0.0,0.0,0.0,0.0,0.0,0.0,100.0
20210123142000,0.0,0.0,0.0,0.0,0.0,0.0,0.0,100.0
20210123142030,0.0,0.0,0.0,0.0,0.0,0.0,0.0,100.0
20210123142100,0.0,0.0,0.0,0.0,0.0,0.0,0.0,100.0
20210123142130,0.0,0.0,0.0,0.0,0.0,0.0,0.0,100.0
20210123142200,0.0,0.0,0.0,0.0,0.0,0.0,0.0,100.0
20210123142230,0.0,0.0,0.0,0.0,0.0,0.0,0.0,100.0
20210123142300,0.0,0.0,0.0,0.0,0.0,0.0,0.0,100.0
20210123142330,0.0,0.0,0.0,0.0,0.0,0.0,0.0,100.0
20210123142400,0.0,0.0,0.0,0.0,0.0,0.0,0.0,100.0
20210123142430,0.0,0.0,0.0,0.0,0.0,0.0,0.0,100.0
20210123142500,0.0,0.0,0.0,0.0,0.0,0.0,0.0,100.0
20210123142530,0.0,0.0,0.0,0.0,0.0,0.0,0.0,100.0
20210123142600,0.0,0.0,0.0,0.0,0.0,0.0,0.0,100.0
20210123142630,0.0,0.0,0.0,0.0,0.0,0.0,0.0,100.0
20210123142700,0.0,0.0,0.0,0.0,0.0,0.0,0.0,100.0
20210123142730,0.0,0.0,0.0,0.0,0.0,0.0,0.0,100.0
20210123142800,0.0,0.0,0.0,0.0,0.0,0.0,0.0,100.0
20210123142830,0.0,0.0,0.0,0.0,0.0,0.0,0.0,100.0
20210123142900,0.0,0.0,0.0,0.0,0.0,0.0,0.0,100.0
20210123142930,0.0,0.0,0.0,0.0,0.0,0.0,0.0,100.0
20210123143000,0.0,0.0,0.0,0.0,0.0,0.0,0.0,100.0
20210123143030,0.0,0.0,0.0,0.0,0.0,0.0,0.0,100.0
20210123143100,0.0,0.0,0.0,0.0,0.0,0.0,0.0,100.0
20210123143130,0.0,0.0,0.0,0.0,0.0,0.0,0.0,100.0
20210123143200,0.0,0.0,0.0,0.0,0.0,0.0,0.0,100.0
20210123143230,0.0,0.0,0.0,0.0,0.0,0.0,0.0,100.0
20210123143300,0.0,0.0,0.0,0.0,0.0,0.0,0.0,100.0
20210123143330,0.0,0.0,0.0,0.0,0.0,0.0,0.0,100.0
20210123143400,0.0,0.0,0.0,0.0,0.0,0.0,0.0,100.0
20210123143430,0.0,0.0,0.0,0.0,0.0,0.0,0.0,100.0
20210123143500,0.0,0.0,0.0,0.0,0.0,0.0,0.0,100.0
20210123143530,0.0,0.0,0.0,0.0,0.0,0.0,0.0,100.0
20210123143600,0.0,0.0,0.0,0.0,0.0,0.0,0.0,100.0
20210123143630,0.0,0.0,0.0,0.0,0.0,0.0,0.0,100.0
20210123143700,0.0,0.0,0.0,0.0,0.0,0.0,0.0,100.0
20210123143730,0.0,0.0,0.0,0.0,0.0,0.0,0.0,100.0
20210123143800,0.0,0.0,0.0,0.0,0.0,0.0,0.0,100.0
20210123143830,0.0,0.0,0.0,0.0,0.0,0.0,0.0,100.0
20210123143900,0.0,0.0,0.0,0.0,0.0,0.0,0.0,100.0
20210123143930,0.0,0.0,0.0,0.0,0.0,0.0,0.0,100.0
20210123144000,0.0,0.0,0.0,0.0,0.0,0.0,0.0,100.0
20210123144030,0.0,0.0,0.0,0.0,0.0,0.0,0.0,100.0
20210123144100,0.0,0.0,0.0,0.0,0.0,0.0,0.0,100.0
20210123144130,0.0,0.0,0.0,0.0,0.0,0.0,0.0,100.0
20210123144200,0.0,0.0,0.0,0.0,0.0,0.0,0.0,100.0
20210123144231,0.0,0.0,0.0,0.0,0.0,0.0,0.0,100.0
20210123144301,0.0,0.0,0.0,0.0,0.0,0.0,0.0,100.0
20210123144331,0.0,0.0,0.0,0.0,0.0,0.0,0.0,100.0
20210123144401,0.0,0.0,0.0,0.0,0.0,0.0,0.0,100.0
20210123144431,0.0,0.0,0.0,0.0,0.0,0.0,0.0,100.0
20210123144501,0.0,0.0,0.0,0.0,0.0,0.0,0.0,100.0
20210123144531,0.0,0.0,0.0,0.0,0.0,0.0,0.0,100.0
20210123144601,0.0,0.0,0.0,0.0,0.0,0.0,0.0,100.0
20210123144631,0.0,0.0,0.0,0.0,0.0,0.0,0.0,100.0
20210123144701,0.0,0.0,0.0,0.0,0.0,0.0,0.0,100.0
20210123144731,0.0,0.0,0.0,0.0,0.0,0.0,0.0,100.0
20210123144801,0.0,0.0,0.0,0.0,0.0,0.0,0.0,100.0
20210123144831,0.0,0.0,0.0,0.0,0.0,0.0,0.0,100.0
20210123144901,0.0,0.0,0.0,0.0,0.0,0.0,0.0,100.0
20210123144931,0.0,0.0,0.0,0.0,0.0,0.0,0.0,100.0
20210123145001,0.0,0.0,0.0,0.0,0.0,0.0,0.0,100.0
20210123145031,0.0,0.0,0.0,0.0,0.0,0.0,0.0,100.0
20210123145101,0.0,0.0,0.0,0.0,0.0,0.0,0.0,100.0
20210123145131,0.0,0.0,0.0,0.0,0.0,0.0,0.0,100.0
20210123145201,0.0,0.0,0.0,0.0,0.0,0.0,0.0,100.0
20210123145231,0.0,0.0,0.0,0.0,0.0,0.0,0.0,100.0
20210123145301,0.0,0.0,0.0,0.0,0.0,0.0,0.0,100.0
20210123145331,0.0,0.0,0.0,0.0,0.0,0.0,0.0,100.0
20210123145401,0.0,0.0,0.0,0.0,0.0,0.0,0.0,100.0
20210123145431,0.0,0.0,0.0,0.0,0.0,0.0,0.0,100.0
20210123145501,0.0,0.0,0.0,0.0,0.0,0.0,0.0,100.0
20210123145531,0.0,0.0,0.0,0.0,0.0,0.0,0.0,100.0
20210123145601,0.0,0.0,0.0,0.0,0.0,0.0,0.0,100.0
20210123145631,0.0,0.0,0.0,0.0,0.0,0.0,0.0,100.0
20210123145701,0.0,0.0,0.0,0.0,0.0,0.0,0.0,100.0
20210123145731,0.0,0.0,0.0,0.0,0.0,0.0,0.0,100.0
20210123145801,0.0,0.0,0.0,0.0,0.1,0.0,0.0,99.9
20210123145831,0.0,0.0,0.0,0.0,0.0,0.0,0.0,100.0
20210123145901,0.0,0.0,0.0,0.0,0.0,0.0,0.0,100.0
20210123145931,0.0,0.0,0.0,0.0,0.1,0.0,0.0,99.9
20210123150001,0.0,0.0,0.0,0.0,0.0,0.0,0.0,100.0
20210123150031,0.0,0.0,0.0,0.0,0.0,0.0,0.0,100.0
20210123150101,0.0,0.0,0.0,0.0,0.0,0.0,0.0,100.0
20210123150131,0.0,0.0,0.0,0.0,0.0,0.0,0.0,100.0
20210123150201,0.0,0.0,0.0,0.0,0.0,0.0,0.0,100.0
20210123150231,0.0,0.0,0.0,0.0,0.0,0.0,0.0,100.0
20210123150301,0.0,0.0,0.0,0.0,0.0,0.0,0.0,100.0
20210123150331,0.0,0.0,0.0,0.0,0.0,0.0,0.0,100.0
20210123150401,0.0,0.0,0.0,0.0,0.0,0.0,0.0,100.0
20210123150431,0.0,0.0,0.0,0.0,0.0,0.0,0.0,100.0
20210123150501,0.0,0.0,0.0,0.0,0.0,0.0,0.0,100.0
20210123150531,0.0,0.0,0.0,0.0,0.0,0.0,0.0,100.0
20210123150601,0.0,0.0,0.0,0.0,0.0,0.0,0.0,100.0
20210123150631,0.0,0.0,0.0,0.0,0.0,0.0,0.0,100.0
20210123150701,0.0,0.0,0.0,0.0,0.0,0.0,0.0,100.0
20210123150731,0.0,0.0,0.0,0.0,0.0,0.0,0.0,100.0
20210123150801,0.0,0.0,0.0,0.0,0.0,0.0,0.0,100.0
20210123150831,0.0,0.0,0.0,0.0,0.0,0.0,0.0,100.0
20210123150901,0.0,0.0,0.0,0.0,0.0,0.0,0.0,100.0
20210123150931,0.0,0.0,0.0,0.0,0.0,0.0,0.0,100.0
20210123151001,0.0,0.0,0.0,0.0,0.0,0.0,0.0,100.0
20210123151031,0.0,0.0,0.0,0.0,0.0,0.0,0.0,100.0
20210123151101,0.0,0.0,0.0,0.0,0.0,0.0,0.0,100.0
20210123151131,0.0,0.0,0.0,0.0,0.0,0.0,0.0,100.0
20210123151201,0.0,0.0,0.0,0.0,0.0,0.0,0.0,100.0
20210123151231,0.0,0.0,0.0,0.0,0.0,0.0,0.0,100.0
20210123151301,0.0,0.0,0.0,0.0,0.0,0.0,0.0,100.0
20210123151331,0.0,0.0,0.0,0.0,0.0,0.0,0.0,100.0
20210123151401,0.0,0.0,0.0,0.0,0.0,0.0,0.0,100.0
20210123151431,0.0,0.0,0.0,0.0,0.0,0.0,0.0,100.0
20210123151501,0.0,0.0,0.0,0.0,0.0,0.0,0.0,100.0
20210123151531,0.0,0.0,0.0,0.0,0.0,0.0,0.0,100.0
20210123151601,0.0,0.0,0.0,0.0,0.0,0.0,0.0,100.0
20210123151631,0.0,0.0,0.0,0.0,0.0,0.0,0.0,100.0
20210123151701,0.0,0.0,0.0,0.0,0.0,0.0,0.0,100.0
20210123151732,0.0,0.0,0.0,0.0,0.0,0.0,0.0,100.0
20210123151802,0.0,0.0,0.0,0.0,0.0,0.0,0.0,100.0
20210123151832,0.0,0.0,0.0,0.0,0.0,0.0,0.0,100.0
20210123152032,0.0,0.0,0.0,0.0,0.0,0.0,0.0,100.0
20210123152102,0.0,0.0,0.0,0.0,0.0,0.0,0.0,100.0
20210123152132,0.0,0.0,0.0,0.0,0.0,0.0,0.0,100.0
20210123152202,0.0,0.0,0.0,0.0,0.0,0.0,0.0,100.0
20210123152232,0.0,0.0,0.0,0.0,0.0,0.0,0.0,100.0
20210123152302,0.0,0.0,0.0,0.0,0.0,0.0,0.0,100.0
20210123152332,0.0,0.0,0.0,0.0,0.0,0.0,0.0,100.0
20210123152402,0.0,0.0,0.0,0.0,0.0,0.0,0.0,100.0
20210123152432,0.0,0.0,0.0,0.0,0.0,0.0,0.0,100.0
20210123152502,0.0,0.0,0.0,0.0,0.0,0.0,0.0,100.0
20210123152532,0.0,0.0,0.0,0.0,0.0,0.0,0.0,100.0
20210123152602,0.0,0.0,0.0,0.0,0.0,0.0,0.0,100.0
20210123152632,0.0,0.0,0.0,0.0,0.0,0.0,0.0,100.0
20210123152702,0.0,0.0,0.0,0.0,0.0,0.0,0.0,100.0
20210123152732,0.0,0.0,0.0,0.0,0.0,0.0,0.0,100.0
20210123152802,0.0,0.0,0.0,0.0,0.0,0.0,0.0,100.0
20210123152832,0.0,0.0,0.0,0.0,0.0,0.0,0.0,100.0
20210123152902,0.0,0.0,0.0,0.0,0.0,0.0,0.0,100.0
20210123152932,0.0,0.0,0.0,0.0,0.0,0.0,0.0,100.0
20210123153002,0.0,0.0,0.0,0.0,0.0,0.0,0.0,100.0
20210123153032,0.0,0.0,0.0,0.0,0.0,0.0,0.0,100.0
20210123153102,0.0,0.0,0.0,0.0,0.0,0.0,0.0,100.0
20210123153132,0.0,0.0,0.0,0.0,0.0,0.0,0.0,100.0
20210123153202,0.0,0.0,0.0,0.0,0.0,0.0,0.0,100.0
20210123153232,0.0,0.0,0.0,0.0,0.0,0.0,0.0,100.0
20210123153302,0.0,0.0,0.0,0.0,0.0,0.0,0.0,100.0
20210123153332,0.0,0.0,0.0,0.0,0.0,0.0,0.0,100.0
20210123153402,0.0,0.0,0.0,0.0,0.0,0.0,0.0,100.0
20210123153432,0.0,0.0,0.0,0.0,0.0,0.0,0.0,100.0
20210123153502,0.0,0.0,0.0,0.0,0.0,0.0,0.0,100.0
20210123153532,0.0,0.0,0.0,0.0,0.0,0.0,0.0,100.0
20210123153602,0.0,0.0,0.0,0.0,0.1,0.0,0.0,99.9
20210123153632,0.0,0.0,0.0,0.0,0.1,0.0,0.0,99.9
20210123153702,0.0,0.0,0.0,0.0,0.0,0.0,0.0,100.0
20210123153732,0.0,0.0,0.0,0.0,0.0,0.0,0.0,100.0
20210123153802,0.0,0.0,0.0,0.0,0.0,0.0,0.0,100.0
20210123153832,0.0,0.0,0.0,0.0,0.0,0.0,0.0,100.0
20210123153902,0.0,0.0,0.0,0.0,0.0,0.0,0.0,100.0
20210123153932,0.0,0.0,0.0,0.0,0.0,0.0,0.0,100.0
20210123154002,0.0,0.0,0.0,0.0,0.0,0.0,0.0,100.0
20210123154032,0.0,0.0,0.0,0.0,0.0,0.0,0.0,100.0
20210123154102,0.0,0.0,0.0,0.0,0.0,0.0,0.0,100.0
20210123154132,0.0,0.0,0.0,0.0,0.0,0.0,0.0,100.0
20210123154202,0.0,0.0,0.0,0.0,0.0,0.0,0.0,100.0
20210123154232,0.0,0.0,0.0,0.0,0.0,0.0,0.0,100.0
20210123154302,0.0,0.0,0.0,0.0,0.0,0.0,0.0,100.0
20210123154332,0.0,0.0,0.0,0.0,0.0,0.0,0.0,100.0
20210123154402,0.0,0.0,0.0,0.0,0.0,0.0,0.0,100.0
20210123154433,0.0,0.0,0.0,0.0,0.0,0.0,0.0,100.0
20210123154503,0.0,0.0,0.0,0.0,0.0,0.0,0.0,100.0
20210123154533,0.0,0.0,0.0,0.0,0.0,0.0,0.0,100.0
20210123154603,0.0,0.0,0.0,0.0,0.0,0.0,0.0,100.0
20210123154633,0.0,0.0,0.0,0.0,0.0,0.0,0.0,100.0
20210123154703,0.0,0.0,0.0,0.0,0.0,0.0,0.0,100.0
20210123154733,0.0,0.0,0.0,0.0,0.0,0.0,0.0,100.0
20210123154803,0.0,0.0,0.0,0.0,0.0,0.0,0.0,100.0
20210123154833,0.0,0.0,0.0,0.0,0.0,0.0,0.0,100.0
20210123154903,0.0,0.0,0.0,0.0,0.0,0.0,0.0,100.0
20210123154933,0.0,0.0,0.0,0.0,0.0,0.0,0.0,100.0
20210123155003,0.0,0.0,0.0,0.0,0.0,0.0,0.0,100.0
20210123155033,0.0,0.0,0.0,0.0,0.0,0.0,0.5,99.5
20210123155103,0.0,0.0,0.0,0.0,0.0,0.0,0.4,99.6
20210123155133,0.0,0.0,0.0,0.0,0.0,0.0,0.1,99.8
20210123155203,0.0,0.0,0.0,0.0,0.1,0.0,0.0,99.8
20210123155233,0.0,0.0,0.0,0.0,0.0,0.0,0.0,100.0
20210123155303,0.0,0.0,0.0,0.0,0.0,0.0,0.1,99.9
20210123155333,0.0,0.0,0.0,0.0,0.0,0.0,0.0,100.0
20210123155403,0.0,0.0,0.0,0.0,0.0,0.0,0.0,100.0
20210123155433,0.0,0.0,0.0,0.0,0.0,0.0,0.0,100.0
20210123155503,0.0,0.0,0.0,0.0,0.0,0.0,0.0,100.0
20210123155533,0.0,0.0,0.0,0.0,0.0,0.0,0.0,100.0
20210123155603,0.0,0.0,0.0,0.0,0.0,0.0,0.1,99.9
20210123155633,0.0,0.0,0.0,0.0,0.0,0.0,0.1,99.9
20210123155703,0.0,0.0,0.0,0.0,0.0,0.0,0.1,99.9
20210123155733,0.0,0.0,0.0,0.0,0.0,0.0,1.2,98.8
20210123155803,0.0,0.0,0.0,0.0,0.0,0.0,0.9,99.0
20210123155833,0.0,0.0,0.0,0.0,0.0,0.0,0.0,100.0
20210123155903,0.0,0.0,0.0,0.0,0.0,0.0,3.6,96.4
20210123155933,0.0,0.0,0.0,0.0,0.0,0.0,0.4,99.6
20210123160003,0.0,0.0,0.0,0.0,0.0,0.0,9.2,90.8
20210123160033,0.0,0.0,0.0,0.0,0.0,0.0,69.5,30.5
20210123160103,0.0,0.0,0.0,0.0,0.0,0.0,33.5,66.5
20210123160133,0.0,0.0,0.0,0.0,0.0,0.0,3.1,96.9
20210123160203,0.0,0.0,0.0,0.0,0.0,0.0,23.9,76.1
20210123160233,0.0,0.0,0.0,0.0,0.0,0.0,40.6,59.4
20210123160303,0.0,0.0,0.0,0.0,0.0,0.0,3.0,97.0
20210123160333,0.0,0.0,0.0,0.0,0.0,0.0,2.0,98.0
20210123160403,0.0,0.0,0.0,0.0,0.0,0.0,57.1,42.9
20210123160433,0.0,0.0,0.0,0.0,0.0,0.0,32.7,67.3
20210123160503,0.0,0.0,0.0,0.0,0.0,0.0,46.2,53.8
20210123160533,0.0,0.0,0.0,0.0,0.0,0.0,56.1,43.9
20210123160603,0.0,0.0,0.0,0.0,0.0,0.0,85.4,14.6
20210123160633,0.0,0.0,0.0,0.0,0.0,0.0,99.4,0.6
20210123160703,0.0,0.0,0.0,0.0,0.0,0.0,99.9,0.1
20210123160733,0.0,0.0,0.0,0.0,0.0,0.0,99.3,0.7
20210123160803,0.0,0.0,0.0,0.0,0.0,0.0,99.8,0.2
20210123160833,0.0,0.0,0.0,0.0,0.0,0.0,99.0,1.0
20210123160903,0.0,0.0,0.0,0.0,0.0,0.0,99.5,0.5
20210123160933,0.0,0.0,0.0,0.0,0.0,0.0,90.3,9.7
20210123161003,0.0,0.0,0.0,0.0,0.0,0.0,60.4,39.6
20210123161033,0.0,0.0,0.0,0.0,0.0,0.0,97.3,2.7
20210123161103,0.0,0.0,0.0,0.0,0.0,0.0,98.7,1.3
20210123161133,0.0,0.0,0.0,0.0,0.0,0.0,99.9,0.1
20210123161203,0.0,0.0,0.0,0.0,0.0,0.0,99.2,0.8
20210123161233,0.0,0.0,0.0,0.0,0.0,0.0,94.0,6.0
20210123161303,0.0,0.0,0.0,0.0,0.0,0.0,98.6,1.4
20210123161333,0.0,0.0,0.0,0.0,0.0,0.0,99.0,1.0
20210123161403,0.0,0.0,0.0,0.0,0.0,0.0,93.5,6.5
20210123161433,0.0,0.0,0.0,0.0,0.0,0.0,48.9,51.1
20210123161503,0.0,0.0,0.0,0.0,0.0,0.0,6.5,93.5
20210123161533,0.0,0.0,0.0,0.0,0.0,0.0,60.7,39.3
20210123161603,0.0,0.0,0.0,0.0,0.0,0.0,90.8,9.2
20210123161633,0.0,0.0,0.0,0.0,0.0,0.0,65.3,34.7
20210123161703,0.0,0.0,0.0,0.0,0.0,0.0,36.9,63.1
20210123161733,0.0,0.0,0.0,0.0,0.0,0.0,12.0,88.0
20210123161803,0.0,0.0,0.0,0.0,0.0,0.0,77.2,22.8
20210123161834,0.0,0.0,0.0,0.0,0.0,0.0,0.7,99.3
20210123161904,0.0,0.0,0.0,0.0,0.0,0.0,1.2,98.8
20210123161934,0.0,0.0,0.0,0.0,0.0,0.0,6.4,93.6
20210123162004,0.0,0.0,0.0,0.0,0.0,0.0,11.6,88.4
20210123162034,0.0,0.0,0.0,0.0,0.0,0.0,66.6,33.4
20210123162104,0.0,0.0,0.0,0.0,0.0,0.0,33.3,66.7
20210123162134,0.0,0.0,0.0,0.0,0.0,0.0,3.7,96.3
20210123162204,0.0,0.0,0.0,0.0,0.0,0.0,16.9,83.1
20210123162234,0.0,0.0,0.0,0.0,0.0,0.0,20.0,79.9
20210123162304,0.0,0.0,0.0,0.0,0.0,0.0,3.0,97.0
20210123162334,0.0,0.0,0.0,0.0,0.0,0.0,1.0,99.0
20210123162404,0.0,0.0,0.0,0.0,0.0,0.0,6.0,93.9
20210123162434,0.0,0.0,0.0,0.0,0.0,0.0,2.3,97.7
20210123162504,0.0,0.0,0.0,0.0,0.0,0.0,13.8,86.2
20210123162534,0.0,0.0,0.0,0.0,0.0,0.0,34.3,65.7
20210123162604,0.0,0.0,0.0,0.0,0.0,0.0,17.7,82.3
20210123162634,0.0,0.0,0.0,0.0,0.0,0.0,21.1,78.9
20210123162704,0.0,0.0,0.0,0.0,0.0,0.0,91.7,8.3
20210123162734,0.0,0.0,0.0,0.0,0.0,0.0,26.6,73.4
20210123162804,0.0,0.0,0.0,0.0,0.0,0.0,52.1,47.9
20210123162834,0.0,0.0,0.0,0.0,0.0,0.0,69.6,30.4
20210123162904,0.0,0.0,0.0,0.0,0.0,0.0,95.4,4.6
20210123162934,0.0,0.0,0.0,0.0,0.0,0.0,98.0,2.0
20210123163004,0.0,0.0,0.0,0.0,0.0,0.0,88.7,11.3
20210123163034,0.0,0.0,0.0,0.0,0.0,0.0,94.1,5.9
20210123163104,0.0,0.0,0.0,0.0,0.0,0.0,99.2,0.8
20210123163134,0.0,0.0,0.0,0.0,0.0,0.0,81.5,18.5
20210123163204,0.0,0.0,0.0,0.0,0.0,0.0,42.7,57.3
20210123163234,0.0,0.0,0.0,0.0,0.0,0.0,12.0,88.0
20210123163304,0.0,0.0,0.0,0.0,0.0,0.0,81.3,18.7
20210123163334,0.0,0.0,0.0,0.0,0.0,0.0,95.7,4.3
20210123163404,0.0,0.0,0.0,0.0,0.0,0.0,50.5,49.5
20210123163434,0.0,0.0,0.0,0.0,0.0,0.0,31.3,68.7
20210123163504,0.0,0.0,0.0,0.0,0.0,0.0,39.1,60.9
20210123163534,0.0,0.0,0.0,0.0,0.0,0.0,93.9,6.1
20210123163604,0.0,0.0,0.0,0.0,0.0,0.0,89.7,10.3
20210123163634,0.0,0.0,0.0,0.0,0.0,0.0,71.2,28.8
20210123163704,0.0,0.0,0.0,0.0,0.0,0.0,78.7,21.3
20210123163734,0.0,0.0,0.0,0.0,0.0,0.0,73.0,27.0
20210123163804,0.0,0.0,0.0,0.0,0.0,0.0,89.6,10.4
20210123163834,0.0,0.0,0.0,0.0,0.0,0.0,92.8,7.1
20210123163904,0.0,0.0,0.0,0.0,0.0,0.0,61.8,38.2
20210123163934,0.0,0.0,0.0,0.0,0.0,0.0,16.1,83.9
20210123164004,0.0,0.0,0.0,0.0,0.0,0.0,66.5,33.5
20210123164034,0.0,0.0,0.0,0.0,0.0,0.0,15.4,84.6
20210123164104,0.0,0.0,0.0,0.0,0.0,0.0,33.6,66.4
20210123164134,0.0,0.0,0.0,0.0,0.0,0.0,17.2,82.8
20210123164204,0.0,0.0,0.0,0.0,0.0,0.0,88.1,11.9
20210123164234,0.0,0.0,0.0,0.0,0.0,0.0,73.1,26.9
20210123164304,0.0,0.0,0.0,0.0,0.0,0.0,39.6,60.4
20210123164334,0.0,0.0,0.0,0.0,0.0,0.0,46.1,53.8
20210123164404,0.0,0.0,0.0,0.0,0.0,0.0,17.8,82.2
20210123164434,0.0,0.0,0.0,0.0,0.0,0.0,2.9,97.1
20210123164504,0.0,0.0,0.0,0.0,0.1,0.0,3.3,96.6
20210123164534,0.0,0.0,0.0,0.0,0.1,0.0,14.1,85.8
20210123164604,0.0,0.0,0.0,0.0,0.4,0.0,11.5,88.1
20210123164634,0.0,0.0,0.0,0.0,0.0,0.0,7.9,92.1
20210123164704,0.0,0.0,0.0,0.0,0.0,0.0,5.8,94.1
20210123164734,0.0,0.0,0.0,0.0,0.0,0.0,73.1,26.9
20210123164804,0.0,0.0,0.0,0.0,0.0,0.0,34.7,65.3
20210123164834,0.0,0.0,0.0,0.0,0.1,0.0,24.2,75.8
20210123164904,0.0,0.0,0.0,0.0,0.0,0.0,1.2,98.8
20210123164934,0.0,0.0,0.0,0.0,0.0,0.0,7.2,92.7
20210123165004,0.0,0.0,0.0,0.0,0.0,0.0,13.5,86.5
20210123165034,0.0,0.0,0.0,0.0,0.3,0.0,1.6,98.1
20210123165104,0.0,0.0,0.0,0.0,0.1,0.0,7.8,92.1
20210123165134,0.0,0.0,0.0,0.0,0.1,0.0,4.2,95.7
20210123165204,0.0,0.0,0.0,0.0,0.1,0.0,9.5,90.5
20210123165234,0.0,0.0,0.0,0.0,0.0,0.0,18.4,81.6
20210123165305,0.0,0.0,0.0,0.0,0.0,0.0,6.8,93.2
20210123165335,0.0,0.0,0.0,0.0,0.0,0.0,21.5,78.5
20210123165405,0.0,0.0,0.1,0.0,0.1,0.0,53.6,46.1
20210123165435,0.0,0.0,0.0,0.0,0.0,0.0,27.8,72.1
20210123165505,0.0,0.0,0.0,0.0,0.0,0.0,1.9,98.1
20210123165535,0.0,0.0,0.0,0.0,0.0,0.0,1.5,98.5
20210123165605,0.0,0.0,0.0,0.0,0.0,0.0,10.3,89.7
20210123165635,0.0,0.0,0.0,0.0,0.0,0.0,8.6,91.4
20210123165705,0.0,0.0,0.0,0.0,0.0,0.0,16.7,83.2
20210123165735,0.0,0.0,0.0,0.0,0.0,0.0,9.8,90.1
20210123165805,0.0,0.0,0.0,0.0,0.0,0.0,13.9,86.1
20210123165835,0.0,0.0,0.0,0.0,0.0,0.0,8.0,92.0
20210123165905,0.0,0.0,0.0,0.0,0.0,0.0,55.3,44.7
20210123165935,0.0,0.0,0.0,0.0,0.0,0.0,95.2,4.8
20210123170005,0.0,0.0,0.0,0.0,0.0,0.0,96.7,3.3
20210123170035,0.0,0.0,0.0,0.0,0.0,0.0,86.0,14.0
20210123170105,0.0,0.0,0.0,0.0,0.0,0.0,17.8,82.1
20210123170135,0.0,0.0,0.0,0.0,0.0,0.0,7.7,92.3
20210123170205,0.0,0.0,0.0,0.0,0.0,0.0,4.3,95.7
20210123170235,0.0,0.0,0.0,0.0,0.0,0.0,80.2,19.8
20210123170305,0.0,0.0,0.0,0.0,0.0,0.0,91.8,8.2
20210123170335,0.0,0.0,0.0,0.0,0.0,0.0,94.4,5.6
20210123170405,0.0,0.0,0.0,0.0,0.0,0.0,19.7,80.3
20210123170435,0.0,0.0,0.0,0.0,0.0,0.0,22.0,78.0
20210123170505,0.0,0.0,0.0,0.0,0.0,0.0,43.4,56.6
20210123170535,0.0,0.0,0.0,0.0,0.0,0.0,98.7,1.3
20210123170605,0.0,0.0,0.0,0.0,0.0,0.0,87.2,12.8
20210123170635,0.0,0.0,0.0,0.0,0.0,0.0,100.0,0.0
20210123170705,0.0,0.0,0.0,0.0,0.0,0.0,100.0,0.0
20210123170735,0.0,0.0,0.0,0.0,0.0,0.0,100.0,0.0
20210123170805,0.0,0.0,0.0,0.0,0.0,0.0,100.0,0.0
20210123170835,0.0,0.0,0.0,0.0,0.0,0.0,100.0,0.0
20210123170905,0.0,0.0,0.0,0.0,0.0,0.0,100.0,0.0
20210123170935,0.0,0.0,0.0,0.0,0.0,0.0,100.0,0.0
20210123171005,0.0,0.0,0.0,0.0,0.0,0.0,99.9,0.1
20210123171035,0.0,0.0,0.0,0.0,0.0,0.0,99.3,0.6
20210123171105,0.0,0.0,0.0,0.0,0.0,0.0,91.1,8.9
20210123171135,0.0,0.0,0.0,0.0,0.1,0.0,84.2,15.7
20210123171205,0.0,0.0,0.0,0.0,0.0,0.0,75.4,24.5
20210123171235,0.0,0.0,0.0,0.0,0.2,0.0,89.0,10.7
20210123171305,0.0,0.0,0.0,0.0,0.1,0.0,73.9,26.0
20210123171335,0.0,0.0,0.0,0.0,0.1,0.0,81.5,18.4
20210123171405,0.0,0.0,0.0,0.0,0.0,0.0,17.4,82.5
20210123171435,0.0,0.0,0.0,0.0,0.0,0.0,24.2,75.8
20210123171505,0.0,0.0,0.0,0.0,0.0,0.0,36.9,63.1
20210123171535,0.0,0.0,0.0,0.0,0.0,0.0,45.1,54.8
20210123171605,0.0,0.0,0.0,0.0,0.1,0.0,10.1,89.8
20210123171635,0.0,0.0,0.0,0.0,0.1,0.0,46.7,53.2
20210123171705,0.0,0.0,0.0,0.0,0.0,0.0,80.9,19.1
20210123171735,0.0,0.0,0.0,0.0,0.0,0.0,38.4,61.6
20210123171805,0.0,0.0,0.0,0.0,0.0,0.0,65.9,34.1
20210123171835,0.0,0.0,0.0,0.0,0.0,0.0,47.7,52.3
20210123171905,0.0,0.0,0.0,0.0,0.0,0.0,63.0,37.0
20210123171935,0.0,0.0,0.0,0.0,0.0,0.0,17.3,82.7
20210123172005,0.0,0.0,0.0,0.0,0.0,0.0,10.9,89.1
20210123172035,0.0,0.0,0.0,0.0,0.0,0.0,43.5,56.5
20210123172105,0.0,0.0,0.0,0.0,0.0,0.0,47.9,52.1
20210123172135,0.0,0.0,0.0,0.0,0.0,0.0,50.9,49.1
20210123172205,0.0,0.0,0.0,0.0,0.2,0.0,31.9,67.9
20210123172235,0.0,0.0,0.0,0.0,0.2,0.0,12.9,86.8
20210123172305,0.0,0.0,0.0,0.0,0.2,0.0,20.0,79.8
20210123172335,0.0,0.0,0.0,0.0,0.0,0.0,75.0,24.9
20210123172405,0.0,0.0,0.0,0.0,0.1,0.0,15.7,84.1
20210123172435,0.0,0.0,0.0,0.0,0.0,0.0,7.7,92.3
20210123172505,0.0,0.0,0.0,0.0,0.1,0.0,49.7,50.2
20210123172535,0.0,0.0,0.0,0.0,0.1,0.0,18.8,81.1
20210123172605,0.0,0.0,0.0,0.0,0.2,0.0,20.5,79.3
20210123172635,0.0,0.0,0.0,0.0,0.0,0.0,61.2,38.8
20210123172706,0.0,0.0,0.0,0.0,0.0,0.0,35.0,65.0
20210123172736,0.0,0.0,0.0,0.0,0.1,0.0,41.2,58.6
20210123172806,0.0,0.0,0.0,0.0,0.2,0.0,49.3,50.6
20210123172836,0.0,0.0,0.0,0.0,0.1,0.0,29.1,70.8
20210123172906,0.0,0.0,0.0,0.0,0.1,0.0,63.1,36.8
20210123172936,0.0,0.0,0.0,0.0,0.0,0.0,88.0,12.0
20210123173006,0.0,0.0,0.0,0.0,0.1,0.0,9.0,90.9
20210123173036,0.0,0.0,0.0,0.0,0.3,0.0,8.6,91.2
20210123173106,0.0,0.0,0.0,0.0,0.0,0.0,1.0,99.0
20210123173136,0.0,0.0,0.0,0.0,0.0,0.0,2.2,97.8
20210123173206,0.0,0.0,0.0,0.0,0.0,0.0,0.0,100.0
20210123173236,0.0,0.0,0.0,0.0,0.0,0.0,1.6,98.4
20210123173306,0.0,0.0,0.0,0.0,0.0,0.0,2.1,97.9
20210123173336,0.0,0.0,0.0,0.0,0.1,0.0,25.7,74.2
20210123173406,0.0,0.0,0.0,0.0,0.0,0.0,29.6,70.4
20210123173436,0.0,0.0,0.0,0.0,0.0,0.0,5.0,95.0
20210123173506,0.0,0.0,0.0,0.0,0.0,0.0,17.6,82.4
20210123173536,0.0,0.0,0.0,0.0,0.0,0.0,2.1,97.8
20210123173606,0.0,0.0,0.0,0.0,0.0,0.0,2.1,97.9
20210123173636,0.0,0.0,0.0,0.0,0.0,0.0,3.4,96.6
20210123173706,0.0,0.0,0.0,0.0,0.0,0.0,2.3,97.7
20210123173736,0.0,0.0,0.0,0.0,0.0,0.0,2.1,97.9
20210123173806,0.0,0.0,0.0,0.0,0.1,0.0,0.5,99.4
20210123173836,0.0,0.0,0.0,0.0,0.0,0.0,0.6,99.4
20210123173906,0.0,0.0,0.0,0.0,0.0,0.0,0.3,99.7
20210123173936,0.0,0.0,0.0,0.0,0.0,0.0,0.5,99.4
20210123174006,0.0,0.0,0.0,0.0,0.0,0.0,0.1,99.8
20210123174036,0.0,0.0,0.0,0.0,0.0,0.0,0.6,99.3
20210123174106,0.0,0.0,0.0,0.1,4.3,0.0,36.6,59.1
20210123174136,0.0,0.0,0.0,0.0,0.1,0.0,6.8,93.1
20210123174206,0.0,0.0,0.0,0.0,0.1,0.0,29.9,70.0
20210123174236,0.0,0.0,0.0,0.1,0.0,0.0,17.9,82.0
20210123174306,0.0,0.0,0.0,0.0,0.1,0.0,15.1,84.8
20210123174336,0.0,0.0,0.0,0.0,0.0,0.0,2.3,97.6
20210123174406,0.0,0.0,0.0,0.1,0.0,0.0,18.0,81.9
20210123174436,0.0,0.0,0.0,0.0,0.0,0.0,0.2,99.8
20210123174506,0.0,0.0,0.0,0.0,0.1,0.0,4.2,95.8
20210123174536,0.0,0.0,0.0,0.0,0.0,0.0,0.1,99.9
20210123174606,0.0,0.0,0.0,0.0,0.0,0.0,1.4,98.6
20210123174636,0.0,0.0,0.0,0.0,0.0,0.0,1.6,98.4
20210123174706,0.0,0.0,0.0,0.0,0.0,0.0,3.2,96.8
20210123174736,0.0,0.0,0.0,0.0,0.0,0.0,3.6,96.4
20210123174806,0.0,0.0,0.0,0.0,0.0,0.0,2.3,97.7
20210123174836,0.0,0.0,0.0,0.0,0.0,0.0,22.2,77.7
20210123174906,0.0,0.0,0.0,0.0,0.9,0.0,18.7,80.4
20210123174936,0.0,0.0,0.0,0.0,1.1,0.0,34.3,64.6
20210123175006,0.0,0.0,0.0,0.0,0.6,0.0,18.1,81.3
20210123175036,0.0,0.0,0.0,0.0,0.5,0.0,85.9,13.6
20210123175106,0.0,0.0,0.0,0.0,0.5,0.0,16.7,82.7
20210123175136,0.0,0.0,0.1,0.0,1.5,0.0,58.8,39.5
20210123175206,0.0,0.0,0.0,0.0,0.9,0.0,61.0,38.0
20210123175236,0.0,0.0,0.0,0.0,1.3,0.0,78.4,20.2
20210123175306,0.0,0.0,0.0,0.1,2.1,0.0,34.2,63.6
20210123175336,0.0,0.0,0.0,0.2,6.4,0.0,26.3,67.2
20210123175406,0.0,0.0,0.0,0.1,7.1,0.0,7.3,85.4
20210123175437,0.0,0.0,0.0,0.0,1.4,0.0,18.8,79.8
20210123175507,0.0,0.0,0.0,0.0,1.6,0.0,1.6,96.8
20210123175537,0.0,0.0,0.0,0.0,0.4,0.0,14.7,84.9
20210123175607,0.0,0.0,0.0,0.0,0.3,0.0,1.1,98.6
20210123175637,0.0,0.0,0.0,0.0,1.3,0.0,9.6,89.0
20210123175707,0.0,0.0,0.0,0.0,2.6,0.0,5.5,91.9
20210123175737,0.0,0.0,0.0,0.0,4.0,0.0,0.4,95.6
20210123175807,0.0,0.0,0.0,0.0,2.2,0.0,4.7,93.1
20210123175837,0.0,0.0,0.0,0.0,3.3,0.0,2.7,94.0
20210123175907,0.0,0.0,0.0,0.0,0.4,0.0,0.2,99.3
20210123175937,0.0,0.0,0.0,0.0,3.9,0.0,2.4,93.7
20210123180007,0.0,0.0,0.0,0.0,1.9,0.0,0.8,97.3
20210123180037,0.0,0.0,0.0,0.0,0.8,0.0,1.9,97.2
20210123180107,0.0,0.0,0.0,0.0,1.5,0.0,17.5,80.9
20210123180137,0.0,0.0,0.0,0.0,0.7,0.0,16.8,82.5
20210123180207,0.0,0.0,0.0,0.0,0.1,0.0,6.6,93.3
20210123180237,0.0,0.0,0.0,0.0,0.1,0.0,44.2,55.6
20210123180307,0.0,0.0,0.0,0.0,0.1,0.0,23.5,76.5
20210123180337,0.0,0.0,0.0,0.0,0.0,0.0,31.7,68.3
20210123180407,0.0,0.0,0.0,0.0,0.1,0.0,69.2,30.7
20210123180437,0.0,0.0,0.0,0.0,0.1,0.0,58.3,41.6
20210123180507,0.0,0.0,0.0,0.0,0.0,0.0,93.8,6.2
20210123180537,0.0,0.0,0.0,0.0,0.3,0.0,39.9,59.8
20210123180607,0.0,0.0,0.0,0.0,0.3,0.0,17.7,82.0
20210123180637,0.0,0.0,0.0,0.0,2.0,0.0,44.0,54.0
20210123180707,0.0,0.0,0.0,0.0,0.1,0.0,26.6,73.3
20210123180737,0.0,0.0,0.0,0.0,0.4,0.0,5.5,94.1
20210123180807,0.0,0.0,0.0,0.0,0.1,0.0,46.4,53.5
20210123180837,0.0,0.0,0.0,0.0,0.2,0.0,47.9,51.9
20210123180907,0.0,0.0,0.0,0.0,0.2,0.0,33.7,66.1
20210123180937,0.0,0.0,0.0,0.0,0.0,0.0,42.1,57.9
20210123181007,0.0,0.0,0.0,0.0,0.0,0.0,2.4,97.6
20210123181037,0.0,0.0,0.0,0.0,0.0,0.0,1.1,98.9
20210123181107,0.0,0.0,0.0,0.0,0.0,0.0,15.2,84.8
20210123181137,0.0,0.0,0.0,0.0,0.2,0.0,1.5,98.3
20210123181207,0.0,0.0,0.0,0.0,0.1,0.0,74.0,26.0
20210123181237,0.0,0.0,0.0,0.0,0.0,0.0,88.3,11.7
20210123181307,0.0,0.0,0.0,0.0,0.0,0.0,81.1,18.8
20210123181337,0.0,0.0,0.0,0.0,0.1,0.0,18.2,81.8
20210123181407,0.0,0.0,0.0,0.0,0.0,0.0,10.4,89.6
20210123181437,0.0,0.0,0.0,0.0,0.0,0.0,18.2,81.8
20210123181507,0.0,0.0,0.0,0.1,0.2,0.0,47.7,52.0
20210123181537,0.0,0.0,0.0,0.1,0.5,0.0,13.2,86.2
20210123181607,0.0,0.0,0.0,0.2,0.2,0.0,4.7,94.9
20210123181637,0.0,0.0,0.0,0.1,0.1,0.0,34.7,65.0
20210123181707,0.0,0.0,0.0,0.1,0.6,0.0,18.5,80.8
20210123181737,0.0,0.0,0.0,0.0,0.1,0.0,18.1,81.8
20210123181807,0.0,0.0,0.0,0.0,0.0,0.0,0.6,99.4
20210123181837,0.0,0.0,0.0,0.0,0.0,0.0,0.5,99.5
20210123181907,0.0,0.0,0.0,0.0,0.1,0.0,4.7,95.2
20210123181937,0.0,0.0,0.0,0.0,0.0,0.0,11.3,88.7
20210123182007,0.0,0.0,0.0,0.0,0.0,0.0,1.6,98.4
20210123182037,0.0,0.0,0.0,0.0,0.0,0.0,16.8,83.2
20210123182107,0.0,0.0,0.0,0.0,0.1,0.0,16.1,83.9
20210123182137,0.0,0.0,0.0,0.0,0.0,0.0,0.4,99.6
20210123182207,0.0,0.0,0.0,0.0,0.0,0.0,1.0,99.0
20210123182237,0.0,0.0,0.0,0.0,0.0,0.0,2.6,97.4
20210123182307,0.0,0.0,0.0,0.0,0.0,0.0,36.7,63.2
20210123182337,0.0,0.0,0.0,0.0,0.0,0.0,2.1,97.9
20210123182407,0.0,0.0,0.0,0.0,0.0,0.0,7.3,92.7
20210123182437,0.0,0.0,0.0,0.0,0.1,0.0,11.4,88.4
20210123182507,0.0,0.0,0.0,0.0,0.1,0.0,14.2,85.7
20210123182537,0.0,0.0,0.0,0.0,0.0,0.0,11.5,88.4
20210123182607,0.0,0.0,0.0,0.0,0.0,0.0,5.2,94.8
20210123182637,0.0,0.0,0.0,0.0,0.0,0.0,0.4,99.6
20210123182707,0.0,0.0,0.0,0.0,0.0,0.0,4.2,95.8
20210123182737,0.0,0.0,0.0,0.0,0.0,0.0,1.6,98.4
20210123182807,0.0,0.0,0.0,0.0,0.0,0.0,0.1,99.8
20210123182838,0.0,0.0,0.0,0.0,0.0,0.0,7.4,92.6
20210123182908,0.0,0.0,0.0,0.0,0.2,0.0,1.4,98.4
20210123182938,0.0,0.0,0.0,0.0,0.1,0.0,1.1,98.8
20210123183008,0.0,0.0,0.0,0.0,0.5,0.0,3.8,95.6
20210123183038,0.0,0.0,0.0,0.0,0.5,0.0,16.6,82.9
20210123183108,0.0,0.0,0.0,0.0,0.2,0.0,5.3,94.6
20210123183138,0.0,0.0,0.0,0.0,0.1,0.0,11.3,88.6
20210123183208,0.0,0.0,0.0,0.0,0.0,0.0,72.8,27.2
20210123183238,0.0,0.0,0.0,0.0,0.0,0.0,88.4,11.6
20210123183308,0.0,0.0,0.0,0.0,0.0,0.0,80.2,19.8
20210123183338,0.0,0.0,0.0,0.0,0.1,0.0,35.0,64.9
20210123183408,0.0,0.0,0.0,0.0,0.0,0.0,91.0,8.9
20210123183438,0.0,0.0,0.0,0.0,0.3,0.0,29.9,69.8
20210123183508,0.0,0.0,0.0,0.0,0.2,0.0,33.3,66.6
20210123183538,0.0,0.0,0.0,0.0,0.9,0.0,28.8,70.3
20210123183608,0.0,0.0,0.0,0.0,0.6,0.0,66.5,32.8
20210123183638,0.0,0.0,0.0,0.0,1.2,0.0,57.7,41.1
20210123183708,0.0,0.0,0.0,0.0,0.1,0.0,59.0,40.9
20210123183738,0.0,0.0,0.0,0.0,0.2,0.0,64.0,35.8
20210123183808,0.0,0.0,0.0,0.0,0.0,0.0,91.3,8.7
20210123183838,0.0,0.0,0.0,0.0,0.0,0.0,45.8,54.2
20210123183908,0.0,0.0,0.0,0.0,0.0,0.0,15.6,84.4
20210123183938,0.0,0.0,0.0,0.0,0.0,0.0,45.3,54.7
20210123184008,0.0,0.0,0.0,0.0,0.0,0.0,71.7,28.3
20210123184038,0.0,0.0,0.0,0.0,0.0,0.0,87.9,12.1
20210123184108,0.0,0.0,0.0,0.0,0.1,0.0,87.7,12.2
20210123184138,0.0,0.0,0.0,0.0,0.0,0.0,91.7,8.3
20210123184208,0.0,0.0,0.0,0.0,0.1,0.0,90.3,9.6
20210123184238,0.0,0.0,0.0,0.0,0.0,0.0,92.0,8.0
20210123184308,0.0,0.0,0.0,0.0,0.0,0.0,98.1,1.8
20210123184338,0.0,0.0,0.0,0.0,0.1,0.0,91.5,8.4
20210123184408,0.0,0.0,0.0,0.0,0.1,0.0,77.8,22.1
20210123184438,0.0,0.0,0.0,0.0,0.1,0.0,73.0,26.9
20210123184508,0.0,0.0,0.0,0.0,0.1,0.0,92.6,7.3
20210123184538,0.0,0.0,0.0,0.0,0.1,0.0,56.9,43.0
20210123184608,0.0,0.0,0.0,0.0,0.0,0.0,65.6,34.4
20210123184638,0.0,0.0,0.0,0.0,0.0,0.0,86.5,13.4
20210123184708,0.0,0.0,0.0,0.0,0.0,0.0,90.3,9.7
20210123184738,0.0,0.0,0.0,0.0,0.0,0.0,54.2,45.8
20210123184808,0.0,0.0,0.0,0.0,0.1,0.0,29.6,70.3
20210123184838,0.0,0.0,0.0,0.0,0.0,0.0,16.4,83.6
20210123184908,0.0,0.0,0.0,0.0,0.0,0.0,6.0,94.0
20210123184938,0.0,0.0,0.0,0.0,0.0,0.0,17.5,82.4
20210123185008,0.0,0.0,0.0,0.0,0.1,0.0,9.3,90.5
20210123185038,0.0,0.0,0.0,0.0,0.2,0.0,33.7,66.1
20210123185108,0.0,0.0,0.0,0.0,0.0,0.0,70.7,29.3
20210123185138,0.0,0.0,0.0,0.0,0.0,0.0,42.2,57.8
20210123185208,0.0,0.0,0.0,0.0,0.1,0.0,40.9,58.9
20210123185238,0.0,0.0,0.0,0.0,0.0,0.0,100.0,0.0
20210123185308,0.0,0.0,0.0,0.0,0.0,0.0,99.4,0.6
20210123185338,0.0,0.0,0.0,0.0,0.0,0.0,97.1,2.9
20210123185408,0.0,0.0,0.0,0.0,0.1,0.0,81.6,18.4
20210123185438,0.0,0.0,0.0,0.0,0.1,0.0,73.9,26.0
20210123185508,0.0,0.0,0.0,0.0,0.1,0.0,43.8,56.2
20210123185538,0.0,0.0,0.0,0.0,0.1,0.0,54.1,45.8
20210123185608,0.0,0.0,0.0,0.0,0.3,0.0,55.4,44.3
20210123185638,0.0,0.0,0.0,0.0,0.1,0.0,47.0,52.9
20210123185708,0.0,0.0,0.0,0.0,0.0,0.0,44.3,55.6
20210123185738,0.0,0.0,0.0,0.0,0.5,0.0,5.2,94.3
20210123185808,0.0,0.0,0.0,0.0,0.3,0.0,29.9,69.8
20210123185838,0.0,0.0,0.0,0.0,0.1,0.0,62.8,37.0
20210123185908,0.0,0.0,0.0,0.0,0.0,0.0,21.3,78.6
20210123185938,0.0,0.0,0.0,0.0,0.0,0.0,0.8,99.2
20210123190008,0.0,0.0,0.0,0.0,0.0,0.0,0.2,99.8
20210123190038,0.0,0.0,0.0,0.0,0.0,0.0,2.7,97.3
20210123190108,0.0,0.0,0.0,0.0,0.0,0.0,0.2,99.8
20210123190138,0.0,0.0,0.0,0.0,0.2,0.0,0.7,99.0
20210123190208,0.0,0.0,0.0,0.0,0.1,0.0,63.4,36.5
20210123190238,0.0,0.0,0.0,0.0,0.1,0.0,61.9,38.0
20210123190308,0.0,0.0,0.0,0.0,0.4,0.0,62.2,37.4
20210123190339,0.0,0.0,0.0,0.0,0.0,0.0,98.9,1.1
20210123190409,0.0,0.0,0.0,0.0,0.0,0.0,100.0,0.0
20210123190439,0.0,0.0,0.0,0.0,0.0,0.0,100.0,0.0
20210123190509,0.0,0.0,0.0,0.0,0.1,0.0,99.9,0.0
20210123190539,0.0,0.0,0.0,0.0,0.0,0.0,100.0,0.0
20210123190609,0.0,0.0,0.0,0.0,0.0,0.0,100.0,0.0
20210123190639,0.0,0.0,0.0,0.0,0.0,0.0,100.0,0.0
20210123190709,0.0,0.0,0.0,0.0,0.0,0.0,100.0,0.0
20210123190739,0.0,0.0,0.0,0.0,0.0,0.0,100.0,0.0
20210123190809,0.0,0.0,0.0,0.0,0.0,0.0,100.0,0.0
20210123190839,0.0,0.0,0.0,0.0,0.0,0.0,100.0,0.0
20210123190909,0.0,0.0,0.0,0.0,0.0,0.0,100.0,0.0
20210123190939,0.0,0.0,0.0,0.0,0.0,0.0,100.0,0.0
20210123191009,0.0,0.0,0.0,0.0,0.0,0.0,100.0,0.0
20210123191039,0.0,0.0,0.0,0.0,0.0,0.0,100.0,0.0
20210123191109,0.0,0.0,0.0,0.0,0.0,0.0,100.0,0.0
20210123191139,0.0,0.0,0.0,0.0,0.0,0.0,100.0,0.0
20210123191209,0.0,0.0,0.0,0.0,0.0,0.0,100.0,0.0
20210123191239,0.0,0.0,0.0,0.0,0.0,0.0,100.0,0.0
20210123191309,0.0,0.0,0.0,0.0,0.0,0.0,100.0,0.0
20210123191339,0.0,0.0,0.0,0.0,0.0,0.0,100.0,0.0
20210123191409,0.0,0.0,0.0,0.0,0.0,0.0,100.0,0.0
20210123191439,0.0,0.0,0.0,0.0,0.0,0.0,100.0,0.0
20210123191509,0.0,0.0,0.0,0.0,0.0,0.0,100.0,0.0
20210123191539,0.0,0.0,0.0,0.0,0.0,0.0,100.0,0.0
20210123191609,0.0,0.0,0.0,0.0,0.0,0.0,99.9,0.1
20210123191639,0.0,0.0,0.0,0.0,0.0,0.0,99.4,0.6
20210123191709,0.0,0.0,0.0,0.0,0.0,0.0,99.5,0.5
20210123191739,0.0,0.0,0.0,0.0,0.0,0.0,100.0,0.0
20210123191809,0.0,0.0,0.0,0.0,0.0,0.0,99.9,0.1
20210123191839,0.0,0.0,0.0,0.0,0.0,0.0,99.8,0.2
20210123191909,0.0,0.0,0.0,0.0,0.0,0.0,91.1,8.9
20210123191939,0.0,0.0,0.0,0.0,0.0,0.0,81.0,19.0
20210123192009,0.0,0.0,0.0,0.0,0.1,0.0,66.5,33.4
20210123192039,0.0,0.0,0.0,0.0,0.3,0.0,42.5,57.2
20210123192109,0.0,0.0,0.0,0.0,0.2,0.0,17.0,82.8
20210123192139,0.0,0.0,0.0,0.0,0.2,0.0,8.0,91.8
20210123192209,0.0,0.0,0.0,0.0,0.0,0.0,41.3,58.7
20210123192239,0.0,0.0,0.0,0.0,0.0,0.0,12.7,87.2
20210123192309,0.0,0.0,0.0,0.0,0.0,0.0,14.3,85.7
20210123192339,0.0,0.0,0.0,0.0,0.1,0.0,12.6,87.4
20210123192409,0.0,0.0,0.0,0.0,0.1,0.0,4.5,95.4
20210123192439,0.0,0.0,0.0,0.0,0.4,0.0,18.4,81.2
20210123192509,0.0,0.0,0.0,0.0,0.0,0.0,99.2,0.8
20210123192539,0.0,0.0,0.0,0.0,0.0,0.0,99.9,0.1
20210123192609,0.0,0.0,0.0,0.0,0.0,0.0,100.0,0.0
20210123192639,0.0,0.0,0.0,0.0,0.0,0.0,100.0,0.0
20210123192709,0.0,0.0,0.0,0.0,0.0,0.0,100.0,0.0
20210123192739,0.0,0.0,0.0,0.0,0.0,0.0,100.0,0.0
20210123192809,0.0,0.0,0.0,0.0,0.0,0.0,100.0,0.0
20210123192839,0.0,0.0,0.0,0.0,0.0,0.0,100.0,0.0
20210123192909,0.0,0.0,0.0,0.0,0.0,0.0,100.0,0.0
20210123192939,0.0,0.0,0.0,0.0,0.0,0.0,100.0,0.0
20210123193009,0.0,0.0,0.0,0.0,0.0,0.0,100.0,0.0
20210123193040,0.0,0.0,0.0,0.0,0.0,0.0,100.0,0.0
20210123193110,0.0,0.0,0.0,0.0,0.0,0.0,100.0,0.0
20210123193140,0.0,0.0,0.0,0.0,0.0,0.0,100.0,0.0
20210123193210,0.0,0.0,0.0,0.0,0.0,0.0,100.0,0.0
20210123193240,0.0,0.0,0.0,0.0,0.0,0.0,100.0,0.0
20210123193310,0.0,0.0,0.0,0.0,0.0,0.0,100.0,0.0
20210123193340,0.0,0.0,0.0,0.0,0.0,0.0,99.9,0.1
20210123193410,0.0,0.0,0.0,0.0,0.0,0.0,96.5,3.5
20210123193440,0.0,0.0,0.0,0.0,0.0,0.0,90.4,9.6
20210123193510,0.0,0.0,0.0,0.0,0.0,0.0,94.8,5.2
20210123193540,0.0,0.0,0.0,0.0,0.0,0.0,0.6,99.4
20210123193610,0.0,0.0,0.0,0.0,0.0,0.0,3.5,96.5
20210123193640,0.0,0.0,0.0,0.0,0.0,0.0,0.4,99.6
20210123193710,0.0,0.0,0.0,0.0,0.0,0.0,0.2,99.8
20210123193740,0.0,0.0,0.0,0.0,0.0,0.0,2.5,97.5
20210123193810,0.0,0.0,0.0,0.0,0.0,0.0,0.6,99.4
20210123193840,0.0,0.0,0.0,0.0,0.1,0.0,4.7,95.1
20210123193910,0.0,0.0,0.0,0.0,0.0,0.0,0.6,99.4
20210123193940,0.0,0.0,0.0,0.0,0.1,0.0,2.1,97.9
20210123194010,0.0,0.0,0.0,0.0,0.0,0.0,0.9,99.1
20210123194040,0.0,0.0,0.0,0.0,0.0,0.0,0.1,99.9
20210123194110,0.0,0.0,0.0,0.0,0.0,0.0,0.0,100.0
20210123194140,0.0,0.0,0.0,0.0,0.0,0.0,0.0,100.0
20210123194210,0.0,0.0,0.0,0.0,0.0,0.0,0.0,100.0
20210123194240,0.0,0.0,0.0,0.0,0.0,0.0,0.0,100.0
20210123194310,0.0,0.0,0.0,0.0,0.0,0.0,0.0,100.0
20210123194340,0.0,0.0,0.0,0.0,0.0,0.0,0.0,100.0
20210123194410,0.0,0.0,0.0,0.0,0.0,0.0,0.0,100.0
20210123194440,0.0,0.0,0.0,0.0,0.0,0.0,0.0,100.0
20210123194510,0.0,0.0,0.0,0.0,0.0,0.0,0.0,100.0
20210123194540,0.0,0.0,0.0,0.0,0.0,0.0,0.0,100.0
20210123194610,0.0,0.0,0.0,0.0,0.0,0.0,0.2,99.8
20210123194640,0.0,0.0,0.0,0.0,0.0,0.0,0.0,100.0
20210123194710,0.0,0.0,0.0,0.0,0.0,0.0,0.0,100.0
20210123194740,0.0,0.0,0.0,0.0,0.0,0.0,1.2,98.8
20210123194810,0.0,0.0,0.0,0.0,0.0,0.0,0.7,99.3
20210123194840,0.0,0.0,0.0,0.0,0.0,0.0,3.4,96.6
20210123194910,0.0,0.0,0.0,0.0,0.0,0.0,0.1,99.8
20210123194940,0.0,0.0,0.0,0.0,0.0,0.0,0.0,100.0
20210123195010,0.0,0.0,0.0,0.0,0.0,0.0,0.0,99.9
20210123195040,0.0,0.0,0.0,0.0,0.0,0.0,1.4,98.6
20210123195110,0.0,0.0,0.0,0.0,0.0,0.0,0.1,99.9
20210123195140,0.0,0.0,0.0,0.0,0.0,0.0,1.9,98.1
20210123195210,0.0,0.0,0.0,0.0,0.0,0.0,6.3,93.6
20210123195240,0.0,0.0,0.0,0.0,0.0,0.0,31.6,68.4
20210123195310,0.0,0.0,0.0,0.0,0.0,0.0,13.2,86.8
20210123195340,0.0,0.0,0.0,0.0,0.0,0.0,3.5,96.5
20210123195410,0.0,0.0,0.0,0.0,0.0,0.0,13.2,86.8
20210123195440,0.0,0.0,0.0,0.0,0.0,0.0,1.7,98.3
20210123195510,0.0,0.0,0.0,0.0,0.0,0.0,1.6,98.4
20210123195540,0.0,0.0,0.0,0.0,0.0,0.0,0.2,99.8
20210123195610,0.0,0.0,0.0,0.0,0.0,0.0,0.8,99.2
20210123195640,0.0,0.0,0.0,0.0,0.0,0.0,1.0,99.0
20210123195710,0.0,0.0,0.0,0.0,0.0,0.0,1.4,98.5
20210123195740,0.0,0.0,0.0,0.0,0.0,0.0,1.3,98.7
20210123195810,0.0,0.0,0.0,0.0,0.0,0.0,0.0,99.9
20210123195840,0.0,0.0,0.0,0.0,0.1,0.0,1.1,98.9
20210123195910,0.0,0.0,0.0,0.0,0.0,0.0,0.2,99.7
20210123195940,0.0,0.0,0.0,0.0,0.0,0.0,0.6,99.4
20210123200010,0.0,0.0,0.0,0.0,0.0,0.0,0.3,99.6
20210123200040,0.0,0.0,0.0,0.0,0.0,0.0,0.4,99.6
20210123200110,0.0,0.0,0.0,0.0,0.1,0.0,0.6,99.2
20210123200140,0.0,0.0,0.0,0.0,0.0,0.0,97.3,2.6
20210123200210,0.0,0.0,0.0,0.0,0.0,0.0,97.5,2.5
20210123200240,0.0,0.0,0.0,0.0,0.0,0.0,96.8,3.2
20210123200310,0.0,0.0,0.0,0.0,0.0,0.0,93.9,6.1
20210123200340,0.0,0.0,0.0,0.0,0.0,0.0,1.1,98.9
20210123200410,0.0,0.0,0.0,0.0,0.0,0.0,0.7,99.3
20210123200441,0.0,0.0,0.0,0.0,0.0,0.0,1.1,98.9
20210123200511,0.0,0.0,0.0,0.0,0.0,0.0,12.4,87.6
20210123200541,0.0,0.0,0.0,0.0,0.0,0.0,99.9,0.1
20210123200611,0.0,0.0,0.0,0.0,0.0,0.0,100.0,0.0
20210123200641,0.0,0.0,0.0,0.0,0.0,0.0,100.0,0.0
20210123200711,0.0,0.0,0.0,0.1,0.0,0.0,99.9,0.0
20210123200741,0.0,0.0,0.0,0.1,0.0,0.0,99.9,0.0
20210123200811,0.0,0.0,0.0,0.0,0.0,0.0,99.9,0.0
20210123200841,0.0,0.0,0.0,0.0,0.0,0.0,100.0,0.0
20210123200911,0.0,0.0,0.0,0.0,0.0,0.0,100.0,0.0
20210123200941,0.0,0.0,0.0,0.0,0.0,0.0,99.7,0.3
20210123201011,0.0,0.0,0.0,0.0,0.0,0.0,99.2,0.8
20210123201041,0.0,0.0,0.0,0.0,0.0,0.0,96.0,4.0
20210123201111,0.0,0.0,0.0,0.0,0.0,0.0,84.8,15.2
20210123201141,0.0,0.0,0.0,0.0,0.0,0.0,57.1,42.9
20210123201211,0.0,0.0,0.0,0.0,0.0,0.0,10.8,89.2
20210123201241,0.0,0.0,0.0,0.0,0.0,0.0,62.9,37.1
20210123201311,0.0,0.0,0.0,0.0,0.0,0.0,1.1,98.9
20210123201341,0.0,0.0,0.0,0.0,0.0,0.0,9.6,90.4
20210123201411,0.0,0.0,0.0,0.0,0.0,0.0,18.2,81.8
20210123201441,0.0,0.0,0.0,0.0,0.0,0.0,9.5,90.5
20210123201511,0.0,0.0,0.0,0.0,0.0,0.0,6.1,93.9
20210123201541,0.0,0.0,0.0,0.0,0.0,0.0,40.0,60.0
20210123201611,0.0,0.0,0.0,0.0,0.0,0.0,24.3,75.7
20210123201641,0.0,0.0,0.0,0.0,0.0,0.0,20.8,79.2
20210123201711,0.0,0.0,0.0,0.0,0.0,0.0,13.2,86.8
20210123201741,0.0,0.0,0.0,0.0,0.0,0.0,22.2,77.8
20210123201811,0.0,0.0,0.0,0.0,0.0,0.0,18.0,82.0
20210123201841,0.0,0.0,0.0,0.0,0.0,0.0,75.8,24.2
20210123201911,0.0,0.0,0.0,0.0,0.0,0.0,46.3,53.7
20210123201941,0.0,0.0,0.0,0.0,0.0,0.0,25.1,74.9
20210123202011,0.0,0.0,0.0,0.0,0.0,0.0,9.9,90.1
20210123202041,0.0,0.0,0.0,0.0,0.0,0.0,19.0,81.0
20210123202111,0.0,0.0,0.0,0.0,0.0,0.0,66.1,33.9
20210123202141,0.0,0.0,0.0,0.0,0.0,0.0,81.4,18.6
20210123202211,0.0,0.0,0.0,0.0,0.0,0.0,50.4,49.6
20210123202241,0.0,0.0,0.0,0.0,0.0,0.0,55.3,44.7
20210123202311,0.0,0.0,0.0,0.0,0.0,0.0,44.9,55.1
20210123202341,0.0,0.0,0.0,0.0,0.0,0.0,5.5,94.5
20210123202411,0.0,0.0,0.0,0.0,0.0,0.0,1.4,98.6
20210123202441,0.0,0.0,0.0,0.0,0.0,0.0,0.7,99.3
20210123202511,0.0,0.0,0.0,0.0,0.0,0.0,0.5,99.5
20210123202541,0.0,0.0,0.0,0.0,0.0,0.0,0.1,99.9
20210123202611,0.0,0.0,0.0,0.0,0.0,0.0,0.0,100.0
20210123202641,0.0,0.0,0.0,0.0,0.0,0.0,1.1,98.9
20210123202711,0.0,0.0,0.0,0.0,0.0,0.0,0.0,100.0
20210123202741,0.0,0.0,0.0,0.0,0.0,0.0,0.1,99.9
20210123202811,0.0,0.0,0.0,0.0,0.0,0.0,0.9,99.1
20210123202841,0.0,0.0,0.0,0.0,0.0,0.0,0.4,99.6
20210123202911,0.0,0.0,0.0,0.0,0.0,0.0,0.2,99.8
20210123202941,0.0,0.0,0.0,0.0,0.0,0.0,15.6,84.4
20210123203011,0.0,0.0,0.0,0.0,0.0,0.0,5.5,94.5
20210123203041,0.0,0.0,0.0,0.0,0.0,0.0,0.8,99.2
20210123203111,0.0,0.0,0.0,0.0,0.0,0.0,2.1,97.9
20210123203141,0.0,0.0,0.0,0.0,0.0,0.0,9.7,90.3
20210123203211,0.0,0.0,0.0,0.0,0.0,0.0,1.7,98.3
20210123203241,0.0,0.0,0.0,0.0,0.0,0.0,2.3,97.7
20210123203311,0.0,0.0,0.0,0.0,0.0,0.0,0.1,99.9
20210123203341,0.0,0.0,0.0,0.0,0.0,0.0,2.5,97.5
20210123203411,0.0,0.0,0.0,0.0,0.0,0.0,0.6,99.4
20210123203441,0.0,0.0,0.0,0.0,0.0,0.0,13.4,86.6
20210123203511,0.0,0.0,0.0,0.0,0.0,0.0,4.9,95.1
20210123203541,0.0,0.0,0.0,0.0,0.0,0.0,11.3,88.7
20210123203611,0.0,0.0,0.0,0.0,0.0,0.0,9.4,90.6
20210123203641,0.0,0.0,0.0,0.0,0.0,0.0,2.6,97.4
20210123203711,0.0,0.0,0.0,0.0,0.0,0.0,7.0,93.0
20210123203741,0.0,0.0,0.0,0.0,0.0,0.0,98.9,1.1
20210123203811,0.0,0.0,0.0,0.0,0.0,0.0,92.4,7.6
20210123203841,0.0,0.0,0.0,0.0,0.0,0.0,57.9,42.1
20210123203912,0.0,0.0,0.0,0.0,0.0,0.0,45.0,55.0
20210123203942,0.0,0.0,0.0,0.0,0.0,0.0,2.8,97.2
20210123204012,0.0,0.0,0.0,0.0,0.0,0.0,1.4,98.6
20210123204042,0.0,0.0,0.0,0.0,0.0,0.0,5.4,94.6
20210123204112,0.0,0.0,0.0,0.0,0.0,0.0,6.8,93.2
20210123204142,0.0,0.0,0.0,0.0,0.0,0.0,0.6,99.4
20210123204212,0.0,0.0,0.0,0.0,0.0,0.0,2.6,97.4
20210123204242,0.0,0.0,0.0,0.0,0.0,0.0,11.2,88.8
20210123204312,0.0,0.0,0.0,0.0,0.0,0.0,4.3,95.7
20210123204342,0.0,0.0,0.0,0.0,0.0,0.0,0.7,99.3
20210123204412,0.0,0.0,0.0,0.0,0.0,0.0,2.6,97.4
20210123204442,0.0,0.0,0.0,0.0,0.0,0.0,2.4,97.6
20210123204512,0.0,0.0,0.0,0.0,0.0,0.0,0.3,99.7
20210123204542,0.0,0.0,0.0,0.0,0.0,0.0,2.9,97.1
20210123204612,0.0,0.0,0.0,0.0,0.0,0.0,4.5,95.5
20210123204642,0.0,0.0,0.0,0.0,0.0,0.0,33.4,66.6
20210123204712,0.0,0.0,0.0,0.0,0.0,0.0,17.2,82.8
20210123204742,0.0,0.0,0.0,0.0,0.0,0.0,11.3,88.7
20210123204812,0.0,0.0,0.0,0.0,0.0,0.0,51.1,48.9
20210123204842,0.0,0.0,0.0,0.0,0.0,0.0,63.5,36.5
20210123204912,0.0,0.0,0.0,0.0,0.0,0.0,77.9,22.1
20210123204942,0.0,0.0,0.0,0.0,0.0,0.0,30.2,69.8
20210123205012,0.0,0.0,0.0,0.0,0.0,0.0,57.4,42.6
20210123205042,0.0,0.0,0.0,0.0,0.0,0.0,46.5,53.5
20210123205112,0.0,0.0,0.0,0.0,0.0,0.0,33.6,66.4
20210123205142,0.0,0.0,0.0,0.0,0.0,0.0,12.5,87.5
20210123205212,0.0,0.0,0.0,0.0,0.0,0.0,22.9,77.1
20210123205242,0.0,0.0,0.0,0.0,0.0,0.0,15.7,84.3
20210123205312,0.0,0.0,0.0,0.0,0.0,0.0,19.1,80.9
20210123205342,0.0,0.0,0.0,0.0,0.0,0.0,19.0,81.0
20210123205412,0.0,0.0,0.0,0.0,0.0,0.0,14.6,85.4
20210123205442,0.0,0.0,0.0,0.0,0.0,0.0,9.1,90.9
20210123205512,0.0,0.0,0.0,0.0,0.0,0.0,80.3,19.7
20210123205542,0.0,0.0,0.0,0.0,0.0,0.0,71.0,29.0
20210123205612,0.0,0.0,0.0,0.0,0.0,0.0,30.5,69.5
20210123205642,0.0,0.0,0.0,0.0,0.0,0.0,75.9,24.1
20210123205712,0.0,0.0,0.0,0.0,0.0,0.0,58.8,41.2
20210123205742,0.0,0.0,0.0,0.0,0.0,0.0,45.9,54.1
20210123205812,0.0,0.0,0.0,0.0,0.0,0.0,52.8,47.2
20210123205842,0.0,0.0,0.0,0.0,0.0,0.0,34.9,65.1
20210123205912,0.0,0.0,0.0,0.0,0.0,0.0,65.7,34.3
20210123205942,0.0,0.0,0.0,0.0,0.0,0.0,36.5,63.5
20210123210012,0.0,0.0,0.0,0.0,0.0,0.0,32.8,67.2
20210123210042,0.0,0.0,0.0,0.0,0.0,0.0,6.1,93.9
20210123210112,0.0,0.0,0.0,0.0,0.0,0.0,3.4,96.6
20210123210142,0.0,0.0,0.0,0.0,0.0,0.0,1.7,98.3
20210123210212,0.0,0.0,0.0,0.0,0.0,0.0,7.5,92.5
20210123210242,0.0,0.0,0.0,0.0,0.0,0.0,23.9,76.1
20210123210312,0.0,0.0,0.0,0.0,0.0,0.0,61.9,38.1
20210123210342,0.0,0.0,0.0,0.0,0.0,0.0,62.5,37.5
20210123210412,0.0,0.0,0.0,0.0,0.0,0.0,49.5,50.5
20210123210442,0.0,0.0,0.0,0.0,0.0,0.0,23.9,76.1
20210123210512,0.0,0.0,0.0,0.0,0.0,0.0,7.4,92.6
20210123210542,0.0,0.0,0.0,0.0,0.0,0.0,2.8,97.2
20210123210613,0.0,0.0,0.0,0.0,0.0,0.0,9.9,90.1
20210123210643,0.0,0.0,0.0,0.0,0.0,0.0,37.4,62.6
20210123210713,0.0,0.0,0.0,0.0,0.0,0.0,13.6,86.4
20210123210743,0.0,0.0,0.0,0.0,0.0,0.0,51.9,48.1
20210123210813,0.0,0.0,0.0,0.0,0.0,0.0,3.1,96.9
20210123210843,0.0,0.0,0.0,0.0,0.0,0.0,20.2,79.8
20210123210913,0.0,0.0,0.0,0.0,0.0,0.0,6.3,93.7
20210123210943,0.0,0.0,0.0,0.0,0.0,0.0,10.7,89.3
20210123211013,0.0,0.0,0.0,0.0,0.0,0.0,6.2,93.8
20210123211043,0.0,0.0,0.0,0.0,0.0,0.0,0.2,99.8
