UT,arc,discrete,diffuse,ac,ab,clear,cloudy,dd
20210919175100,0.0,0.0,0.0,0.0,0.0,0.0,0.0,100.0
20210919175130,0.0,0.0,0.0,0.0,0.0,0.0,0.0,100.0
20210919175200,0.0,0.0,0.0,0.0,0.0,0.0,0.0,100.0
20210919175230,0.0,0.0,0.0,0.0,0.0,0.0,0.0,100.0
20210919175300,0.0,0.0,0.0,0.0,0.0,0.0,0.0,100.0
20210919175330,0.0,0.0,0.0,0.0,0.0,0.0,0.0,100.0
20210919175400,0.0,0.0,0.0,0.0,0.0,0.0,0.0,100.0
20210919175430,0.0,0.0,0.0,0.0,0.0,0.0,0.0,100.0
20210919175500,0.0,0.0,0.0,0.0,0.0,0.0,0.0,100.0
20210919175530,0.0,0.0,0.0,0.0,0.0,0.0,0.0,100.0
20210919175600,0.0,0.0,0.0,0.0,0.0,0.0,0.0,100.0
20210919175630,0.0,0.0,0.0,0.0,0.0,0.0,0.0,100.0
20210919175700,0.0,0.0,0.0,0.0,0.0,0.0,0.0,100.0
20210919175730,0.0,0.0,0.0,0.0,0.0,0.0,0.0,100.0
20210919175800,0.0,0.0,0.0,0.0,0.0,0.0,0.0,100.0
20210919175830,0.0,0.0,0.0,0.0,0.0,0.0,0.0,100.0
20210919175900,0.0,0.0,0.0,0.0,0.0,0.0,0.0,100.0
20210919175930,0.0,0.0,0.0,0.0,0.0,0.0,0.0,100.0
20210919180000,0.0,0.0,0.0,0.0,0.0,0.0,0.0,100.0
20210919180030,0.0,0.0,0.0,0.0,0.0,0.0,0.0,100.0
20210919180100,0.0,0.0,0.0,0.0,0.0,0.0,0.0,100.0
20210919180130,0.0,0.0,0.0,0.0,0.0,0.0,0.0,100.0
20210919180200,0.0,0.0,0.0,0.0,0.0,0.0,0.0,100.0
20210919180230,0.0,0.0,0.0,0.0,0.0,0.0,0.0,100.0
20210919180300,0.0,0.0,0.0,0.0,0.0,0.0,0.0,100.0
20210919180330,0.0,0.0,0.0,0.0,0.0,0.0,0.0,100.0
20210919180401,0.0,0.0,0.0,0.0,0.0,0.0,0.0,100.0
20210919180431,0.0,0.0,0.0,0.0,0.0,0.0,0.0,100.0
20210919180501,0.0,0.0,0.0,0.0,0.0,0.0,0.0,100.0
20210919180531,0.0,0.0,0.0,0.0,0.0,0.0,0.0,100.0
20210919180601,0.0,0.0,0.0,0.0,0.0,0.0,0.0,100.0
20210919180631,0.0,0.0,0.0,0.0,0.0,0.0,0.0,100.0
20210919180701,0.0,0.0,0.0,0.0,0.0,0.0,0.0,100.0
20210919180731,0.0,0.0,0.0,0.0,0.0,0.0,0.0,100.0
20210919180801,0.0,0.0,0.0,0.0,0.0,0.0,0.0,100.0
20210919180831,0.0,0.0,0.0,0.0,0.0,0.0,0.0,100.0
20210919180901,0.0,0.0,0.0,0.0,0.0,0.0,0.0,100.0
20210919180931,0.0,0.0,0.0,0.0,0.0,0.0,0.0,100.0
20210919181001,0.0,0.0,0.0,0.0,0.0,0.0,0.0,100.0
20210919181031,0.0,0.0,0.0,0.0,0.0,0.0,0.0,100.0
20210919181101,0.0,0.0,0.0,0.0,0.0,0.0,0.0,100.0
20210919181131,0.0,0.0,0.0,0.0,0.0,0.0,0.0,100.0
20210919181201,0.0,0.0,0.0,0.0,0.0,0.0,0.0,100.0
20210919181231,0.0,0.0,0.0,0.0,0.0,0.0,0.0,100.0
20210919181301,0.0,0.0,0.0,0.0,0.0,0.0,0.0,100.0
20210919181331,0.0,0.0,0.0,0.0,0.0,0.0,0.0,100.0
20210919181401,0.0,0.0,0.0,0.0,0.0,0.0,0.0,100.0
20210919181431,0.0,0.0,0.0,0.0,0.0,0.0,0.0,100.0
20210919181501,0.0,0.0,0.0,0.0,0.0,0.0,0.0,100.0
20210919181531,0.0,0.0,0.0,0.0,0.0,0.0,0.0,100.0
20210919181601,0.0,0.0,0.0,0.0,0.0,0.0,0.0,100.0
20210919181631,0.0,0.0,0.0,0.0,0.0,0.0,0.0,100.0
20210919181701,0.0,0.0,0.0,0.0,0.0,0.0,0.0,100.0
20210919181731,0.0,0.0,0.0,0.0,0.0,0.0,0.0,100.0
20210919181801,0.0,0.0,0.0,0.0,0.0,0.0,0.0,100.0
20210919181831,0.0,0.0,0.0,0.0,0.0,0.0,0.0,100.0
20210919181901,0.0,0.0,0.0,0.0,0.0,0.0,0.0,100.0
20210919181931,0.0,0.0,0.0,0.0,0.0,0.0,0.0,100.0
20210919182001,0.0,0.0,0.0,0.0,0.0,0.0,0.0,100.0
20210919182031,0.0,0.0,0.0,0.0,0.0,0.0,0.0,100.0
20210919182101,0.0,0.0,0.0,0.0,0.0,0.0,0.0,100.0
20210919182131,0.0,0.0,0.0,0.0,0.0,0.0,0.0,100.0
20210919182201,0.0,0.0,0.0,0.0,0.0,0.0,0.0,100.0
20210919182231,0.0,0.0,0.0,0.0,0.0,0.0,0.0,100.0
20210919182301,0.0,0.0,0.0,0.0,0.0,0.0,0.0,100.0
20210919182331,0.0,0.0,0.0,0.0,0.0,0.0,0.0,100.0
20210919182401,0.0,0.0,0.0,0.0,0.0,0.0,0.0,100.0
20210919182431,0.0,0.0,0.0,0.0,0.0,0.0,0.0,100.0
20210919182501,0.0,0.0,0.0,0.0,0.0,0.0,0.0,100.0
20210919182531,0.0,0.0,0.0,0.0,0.0,0.0,0.0,100.0
20210919182601,0.0,0.0,0.0,0.0,0.0,0.0,0.0,100.0
20210919182631,0.0,0.0,0.0,0.0,0.0,0.0,0.0,100.0
20210919182701,0.0,0.0,0.0,0.0,0.0,0.0,0.0,100.0
20210919182731,0.0,0.0,0.0,0.0,0.0,0.0,0.0,100.0
20210919182801,0.0,0.0,0.0,0.0,0.0,0.0,0.0,100.0
20210919182831,0.0,0.0,0.0,0.0,0.0,0.0,0.0,100.0
20210919182901,0.0,0.0,0.0,0.0,0.0,0.0,0.0,100.0
20210919182931,0.0,0.0,0.0,0.0,0.0,0.0,0.0,100.0
20210919183001,0.0,0.0,0.0,0.0,0.0,0.0,0.0,100.0
20210919183031,0.0,0.0,0.0,0.0,0.0,0.0,0.0,100.0
20210919183102,0.0,0.0,0.0,0.0,0.0,0.0,0.0,100.0
20210919183132,0.0,0.0,0.0,0.0,0.0,0.0,0.0,100.0
20210919183202,0.0,0.0,0.0,0.0,0.0,0.0,0.0,100.0
20210919183232,0.0,0.0,0.0,0.0,0.0,0.0,0.0,100.0
20210919183302,0.0,0.0,0.0,0.0,0.0,0.0,0.0,100.0
20210919183332,0.0,0.0,0.0,0.0,0.0,0.0,0.0,100.0
20210919183402,0.0,0.0,0.0,0.0,0.0,0.0,0.0,100.0
20210919183432,0.0,0.0,0.0,0.0,0.0,0.0,0.0,100.0
20210919183502,0.0,0.0,0.0,0.0,0.0,0.0,0.0,100.0
20210919183532,0.0,0.0,0.0,0.0,0.0,0.0,0.0,100.0
20210919183602,0.0,0.0,0.0,0.0,0.0,0.0,0.0,100.0
20210919183632,0.0,0.0,0.0,0.0,0.0,0.0,0.0,100.0
20210919183702,0.0,0.0,0.0,0.0,0.0,0.0,0.0,100.0
20210919183732,0.0,0.0,0.0,0.0,0.0,0.0,0.0,100.0
20210919183802,0.0,0.0,0.0,0.0,0.0,0.0,0.0,100.0
20210919183832,0.0,0.0,0.0,0.0,0.0,0.0,0.0,100.0
20210919183902,0.0,0.0,0.0,0.0,0.0,0.0,0.0,100.0
20210919183932,0.0,0.0,0.0,0.0,0.0,0.0,0.0,100.0
20210919184002,0.0,0.0,0.0,0.0,0.0,0.0,0.0,100.0
20210919184032,0.0,0.0,0.0,0.0,0.0,0.0,0.0,100.0
20210919184102,0.0,0.0,0.0,0.0,0.0,0.0,0.0,100.0
20210919184132,0.0,0.0,0.0,0.0,0.0,0.0,0.0,100.0
20210919184202,0.0,0.0,0.0,0.0,0.0,0.0,0.0,100.0
20210919184232,0.0,0.0,0.0,0.0,0.0,0.0,0.0,100.0
20210919184302,0.0,0.0,0.0,0.0,0.0,0.0,0.0,100.0
20210919184332,0.0,0.0,0.0,0.0,0.0,0.0,0.0,100.0
20210919184402,0.0,0.0,0.0,0.0,0.0,0.0,0.0,100.0
20210919184432,0.0,0.0,0.0,0.0,0.0,0.0,0.0,100.0
20210919184502,0.0,0.0,0.0,0.0,0.0,0.0,0.0,100.0
20210919184532,0.0,0.0,0.0,0.0,0.0,0.0,0.0,100.0
20210919184602,0.0,0.0,0.0,0.0,0.0,0.0,0.0,100.0
20210919184632,0.0,0.0,0.0,0.0,0.0,0.0,0.0,100.0
20210919184702,0.0,0.0,0.0,0.0,0.0,0.0,0.0,100.0
20210919184732,0.0,0.0,0.0,0.0,0.0,0.0,0.0,100.0
20210919184802,0.0,0.0,0.0,0.0,0.0,0.0,0.0,100.0
20210919184832,0.0,0.0,0.0,0.0,0.0,0.0,0.0,100.0
20210919184902,0.0,0.0,0.0,0.0,0.0,0.0,0.0,100.0
20210919184932,0.0,0.0,0.0,0.0,0.0,0.0,0.0,100.0
20210919185002,0.0,0.0,0.0,0.0,0.0,0.0,0.0,100.0
20210919185032,0.0,0.0,0.0,0.0,0.0,0.0,0.0,100.0
20210919185232,0.0,0.0,0.0,0.0,0.0,0.0,0.0,100.0
20210919185302,0.0,0.0,0.0,0.0,0.0,0.0,0.0,100.0
20210919185332,0.0,0.0,0.0,0.0,0.0,0.0,0.0,100.0
20210919185402,0.0,0.0,0.0,0.0,0.0,0.0,0.0,100.0
20210919185432,0.0,0.0,0.0,0.0,0.0,0.0,0.0,100.0
20210919185502,0.0,0.0,0.0,0.0,0.2,0.0,0.0,99.8
20210919185532,0.0,0.0,0.0,0.0,0.0,0.0,0.0,100.0
20210919185602,0.0,0.0,0.0,0.0,0.0,0.0,0.0,100.0
20210919185632,0.0,0.0,0.0,0.0,0.0,0.0,0.0,100.0
20210919185702,0.0,0.0,0.0,0.0,0.0,0.0,0.0,100.0
20210919185732,0.0,0.0,0.0,0.0,0.0,0.0,0.0,100.0
20210919185802,0.0,0.0,0.0,0.0,0.0,0.0,0.0,100.0
20210919185832,0.0,0.0,0.0,0.0,0.0,0.0,0.0,100.0
20210919185902,0.0,0.0,0.0,0.0,0.0,0.0,0.0,100.0
20210919185932,0.0,0.0,0.0,0.0,0.0,0.0,0.0,100.0
20210919190002,0.0,0.0,0.0,0.0,0.0,0.0,0.0,100.0
20210919190032,0.0,0.0,0.0,0.0,0.0,0.0,0.0,100.0
20210919190102,0.0,0.0,0.0,0.0,0.0,0.0,0.0,100.0
20210919190132,0.0,0.0,0.0,0.0,0.0,0.0,0.0,100.0
20210919190202,0.0,0.0,0.0,0.0,0.0,0.0,0.0,100.0
20210919190232,0.0,0.0,0.0,0.0,0.8,0.0,0.0,99.2
20210919190302,0.0,0.0,0.0,0.0,6.6,0.0,0.0,93.3
20210919190332,0.0,0.0,0.0,0.0,0.5,0.0,0.0,99.5
20210919190402,0.0,0.0,0.0,0.0,0.3,0.0,0.0,99.7
20210919190432,0.0,0.0,0.0,0.0,0.1,0.0,0.0,99.9
20210919190502,0.0,0.0,0.0,0.0,0.2,0.0,0.0,99.8
20210919190532,0.0,0.0,0.0,0.0,0.1,0.0,0.0,99.9
20210919190603,0.0,0.0,0.0,0.0,0.3,0.0,0.0,99.7
20210919190633,0.0,0.0,0.0,0.0,4.4,0.0,0.0,95.6
20210919190703,0.0,0.0,0.0,0.0,16.2,0.0,0.0,83.8
20210919190733,0.0,0.0,0.0,0.0,0.2,0.0,0.0,99.8
20210919190803,0.0,0.0,0.0,0.0,2.4,0.0,0.0,97.6
20210919190833,0.0,0.0,0.0,0.0,0.4,0.0,0.0,99.6
20210919190903,0.0,0.0,0.0,0.0,13.3,0.0,0.0,86.7
20210919190933,0.0,0.0,0.0,0.0,16.0,0.0,0.0,84.0
20210919191003,0.0,0.0,0.0,0.0,87.8,0.0,0.0,12.2
20210919191033,0.0,0.0,0.0,0.0,95.9,0.0,0.0,4.1
20210919191103,0.0,0.0,0.0,0.0,24.0,0.0,0.0,76.0
20210919191133,0.0,0.0,0.0,0.0,58.6,0.0,0.0,41.4
20210919191203,0.2,0.0,0.0,0.0,65.9,0.0,0.0,34.0
20210919191233,0.0,0.0,0.0,0.0,52.7,0.0,0.0,47.3
20210919191303,0.0,0.0,0.0,0.0,0.7,0.0,0.0,99.3
20210919191333,0.0,0.0,0.0,0.0,93.4,0.0,0.0,6.6
20210919191403,0.0,0.0,0.0,0.0,78.4,0.0,0.0,21.6
20210919191433,0.1,0.0,0.0,0.0,93.4,0.0,0.0,6.5
20210919191503,0.1,0.0,0.0,0.0,94.8,0.0,0.0,5.1
20210919191533,1.1,0.0,0.0,0.0,87.1,0.0,0.0,11.8
20210919191603,0.1,0.0,0.0,0.0,99.8,0.0,0.0,0.1
20210919191633,0.4,0.0,0.0,0.0,80.2,0.0,0.0,19.3
20210919191703,0.4,0.0,0.0,0.0,94.3,0.0,0.0,5.3
20210919191733,0.3,0.0,0.0,0.0,91.4,0.0,0.0,8.3
20210919191803,0.3,0.0,0.0,0.0,71.7,0.0,0.0,28.0
20210919191833,1.1,0.0,0.0,0.0,40.1,0.0,0.0,58.8
20210919191903,0.6,0.0,0.0,0.0,22.3,0.0,0.0,77.1
20210919191933,1.4,0.0,0.0,0.0,85.2,0.0,0.0,13.3
20210919192003,0.6,0.0,0.0,0.0,79.3,0.0,0.0,20.1
20210919192033,1.0,0.0,0.0,0.0,75.7,0.0,0.0,23.2
20210919192103,6.7,0.0,0.0,0.0,84.6,0.0,0.0,8.7
20210919192133,2.1,0.0,0.0,0.0,91.7,0.0,0.0,6.2
20210919192203,0.4,0.0,0.0,0.0,73.7,0.0,0.0,25.9
20210919192233,0.4,0.0,0.0,0.0,15.7,0.0,0.0,83.8
20210919192303,1.8,0.0,0.0,0.0,3.7,0.0,0.0,94.5
20210919192333,1.3,0.0,0.0,0.0,3.2,0.1,0.1,95.3
20210919192403,0.4,0.0,0.0,0.0,0.7,0.0,0.0,98.9
20210919192433,0.3,0.0,0.0,0.0,13.1,0.0,0.0,86.5
20210919192503,0.7,0.0,0.0,0.0,79.5,0.0,0.0,19.8
20210919192533,4.0,0.0,0.0,0.0,83.8,0.0,0.0,12.1
20210919192603,0.0,0.0,0.0,0.0,0.7,0.0,0.0,99.2
20210919192633,19.5,0.0,0.0,0.0,29.5,0.1,0.0,50.8
20210919192703,30.1,0.0,0.0,0.0,9.9,0.0,0.0,59.9
20210919192733,45.2,0.0,0.0,0.0,23.1,0.0,0.0,31.6
20210919192803,32.9,0.0,0.0,0.0,59.7,0.0,0.0,7.4
20210919192833,54.5,0.1,0.0,0.0,43.9,0.0,0.0,1.5
20210919192903,32.1,0.0,0.0,0.0,65.6,0.0,0.0,2.2
20210919192933,5.8,0.0,0.0,0.0,90.1,0.0,0.0,4.1
20210919193003,9.9,0.0,0.0,0.0,88.0,0.0,0.0,2.1
20210919193033,34.3,0.1,0.0,0.0,63.6,0.0,0.0,2.0
20210919193103,10.1,0.0,0.0,0.0,83.6,0.0,0.0,6.2
20210919193133,27.3,0.0,0.0,0.0,72.5,0.0,0.0,0.2
20210919193203,14.8,0.0,0.0,0.0,84.2,0.0,0.0,1.0
20210919193233,44.9,0.1,0.0,0.0,50.5,0.0,0.0,4.5
20210919193303,9.0,0.0,0.0,0.0,14.1,0.0,0.1,76.8
20210919193333,18.6,0.0,0.0,0.0,9.7,0.1,0.2,71.5
20210919193403,39.2,0.0,0.0,0.0,50.5,0.0,0.0,10.1
20210919193433,15.8,0.0,0.0,0.0,82.1,0.0,0.0,2.0
20210919193503,61.8,0.0,0.0,0.0,3.9,0.1,0.2,33.8
20210919193533,23.0,0.0,0.0,0.0,58.4,0.0,0.1,18.5
20210919193603,24.1,0.0,0.0,0.0,31.3,0.0,0.1,44.4
20210919193633,3.1,0.0,0.0,0.0,0.4,0.1,0.1,96.2
20210919193703,33.7,0.0,0.0,0.0,4.6,0.2,1.7,59.8
20210919193733,11.2,0.0,0.0,0.0,13.0,0.1,3.7,71.9
20210919193803,32.2,0.0,0.1,0.1,31.4,1.6,1.9,32.7
20210919193833,71.7,0.0,0.0,0.0,12.1,0.4,1.7,14.1
20210919193903,88.7,0.0,0.0,0.0,6.8,0.1,0.2,4.2
20210919193933,90.9,0.0,0.0,0.0,7.0,0.0,0.1,2.0
20210919194004,83.3,0.0,0.0,0.0,8.8,0.0,0.0,7.8
20210919194034,91.7,0.0,0.0,0.0,4.1,0.0,0.3,3.9
20210919194104,29.9,0.0,0.0,0.0,3.0,0.0,0.2,66.8
20210919194134,11.1,0.0,0.0,0.0,2.1,0.0,2.8,83.9
20210919194204,18.7,0.0,0.0,0.1,61.0,0.0,0.3,19.9
20210919194234,18.3,0.0,0.0,0.4,46.6,0.0,0.0,34.7
20210919194304,62.8,0.0,0.0,0.2,36.7,0.0,0.0,0.3
20210919194334,6.9,0.0,0.0,0.0,93.1,0.0,0.0,0.0
20210919194404,12.7,0.2,0.0,0.2,78.8,0.0,0.0,8.1
20210919194434,50.8,0.2,0.2,0.7,41.7,0.0,0.0,6.5
20210919194504,85.3,1.3,0.0,0.0,13.3,0.0,0.0,0.0
20210919194534,1.3,0.2,0.0,0.1,98.3,0.0,0.0,0.0
20210919194604,30.4,1.5,0.0,2.0,66.1,0.0,0.0,0.0
20210919194634,14.2,1.4,0.0,0.1,84.3,0.0,0.0,0.0
20210919194704,29.0,12.7,0.0,0.5,57.8,0.0,0.0,0.0
20210919194734,22.3,24.3,0.0,1.1,51.9,0.0,0.0,0.4
20210919194804,3.9,12.5,0.0,0.3,83.2,0.0,0.0,0.0
20210919194834,3.9,16.0,0.0,0.2,80.0,0.0,0.0,0.0
20210919194904,2.7,2.2,0.0,0.0,95.1,0.0,0.0,0.0
20210919194934,13.1,1.4,0.0,0.0,85.4,0.0,0.0,0.1
20210919195004,93.9,0.1,0.0,0.0,6.0,0.0,0.0,0.0
20210919195034,87.9,0.0,0.0,0.0,12.0,0.0,0.0,0.0
20210919195104,99.0,0.0,0.0,0.0,1.0,0.0,0.0,0.0
20210919195134,97.2,0.0,0.0,0.0,2.8,0.0,0.0,0.0
20210919195204,65.3,0.1,0.0,0.0,34.6,0.0,0.0,0.0
20210919195234,66.3,0.0,0.0,0.0,33.6,0.0,0.0,0.0
20210919195304,94.3,0.0,0.0,0.0,5.7,0.0,0.0,0.0
20210919195334,75.7,0.1,0.0,0.0,24.1,0.0,0.0,0.0
20210919195404,89.9,0.1,0.0,0.0,9.9,0.0,0.0,0.1
20210919195434,57.6,0.2,0.0,0.0,41.8,0.0,0.0,0.3
20210919195504,16.7,0.5,0.0,0.0,82.7,0.0,0.0,0.0
20210919195534,46.6,0.3,0.0,0.3,52.7,0.0,0.0,0.0
20210919195604,25.8,0.2,0.0,0.3,73.6,0.0,0.0,0.0
20210919195634,18.5,0.6,0.0,0.3,80.5,0.0,0.0,0.2
20210919195704,4.7,0.2,0.0,0.2,94.7,0.0,0.0,0.2
20210919195734,14.9,0.1,0.0,0.0,85.0,0.0,0.0,0.0
20210919195804,40.5,0.5,0.0,0.1,58.9,0.0,0.0,0.0
20210919195834,3.3,0.2,0.0,0.0,96.5,0.0,0.0,0.0
20210919195904,25.5,0.2,0.0,0.0,74.3,0.0,0.0,0.0
20210919195934,5.0,0.1,0.0,0.0,94.6,0.0,0.0,0.3
20210919200004,1.8,0.0,0.0,0.0,98.2,0.0,0.0,0.0
20210919200034,0.8,0.0,0.0,0.0,99.0,0.0,0.0,0.1
20210919200104,2.0,0.0,0.0,0.0,95.8,0.1,0.1,2.0
20210919200134,2.7,0.0,0.0,0.0,95.5,0.0,0.0,1.6
20210919200204,1.4,0.0,0.0,0.6,97.9,0.0,0.0,0.0
20210919200234,3.3,0.0,0.0,0.0,96.4,0.0,0.0,0.3
20210919200304,1.2,0.1,0.0,0.1,98.5,0.0,0.0,0.1
20210919200334,1.1,0.0,0.0,0.0,98.8,0.0,0.0,0.0
20210919200404,1.5,0.1,0.0,0.1,98.2,0.0,0.0,0.1
20210919200434,14.6,0.1,0.0,0.1,84.8,0.0,0.0,0.3
20210919200504,30.1,0.0,0.0,0.0,69.8,0.0,0.0,0.1
20210919200534,57.2,0.0,0.0,0.0,42.7,0.0,0.0,0.1
20210919200604,31.9,1.0,0.0,0.1,66.1,0.0,0.0,0.9
20210919200634,58.2,0.2,0.0,0.0,41.5,0.0,0.0,0.0
20210919200704,9.6,0.1,0.0,0.0,90.3,0.0,0.0,0.0
20210919200735,3.1,0.0,0.0,0.0,96.9,0.0,0.0,0.0
20210919200805,0.5,0.0,0.0,0.0,99.1,0.0,0.0,0.2
20210919200835,0.3,0.0,0.0,0.0,99.1,0.0,0.0,0.5
20210919200905,0.5,0.0,0.1,0.0,98.4,0.0,0.0,0.9
20210919200935,0.4,0.0,0.1,0.0,96.0,0.0,0.1,3.4
20210919201005,0.5,0.1,0.2,0.3,77.6,0.1,0.2,21.0
20210919201035,0.5,0.0,0.3,0.0,92.1,0.1,0.4,6.6
20210919201105,0.2,0.0,0.1,0.1,98.2,0.0,0.1,1.5
20210919201135,3.5,0.2,0.3,0.2,93.7,0.0,0.1,2.1
20210919201205,1.8,0.1,0.3,0.2,93.8,0.0,0.1,3.6
20210919201235,0.4,0.1,0.3,0.0,91.9,0.1,1.1,6.1
20210919201305,0.2,0.0,0.3,0.0,30.2,0.1,3.3,65.9
20210919201335,0.1,0.4,0.6,0.9,30.6,0.2,6.6,60.7
20210919201405,5.6,0.6,1.0,0.2,47.3,0.2,2.2,42.9
20210919201435,0.7,0.2,0.9,0.1,13.6,0.6,21.5,62.4
20210919201505,0.5,2.3,0.2,0.1,77.6,0.1,1.3,17.9
20210919201535,0.4,0.4,0.1,0.1,95.4,0.0,0.2,3.4
20210919201605,26.9,0.6,0.1,0.1,72.1,0.0,0.0,0.2
20210919201635,6.0,0.0,0.0,0.0,94.0,0.0,0.0,0.0
20210919201705,0.0,0.0,0.0,0.0,98.9,0.0,0.0,1.0
20210919201735,0.1,0.2,0.0,0.0,98.1,0.0,0.0,1.6
20210919201805,0.1,0.2,0.1,0.0,91.4,0.0,0.8,7.5
20210919201835,4.7,0.2,0.2,0.2,83.7,0.1,0.8,10.1
20210919201905,0.3,0.0,0.1,0.1,52.9,0.0,0.4,46.1
20210919201935,0.1,0.0,0.4,0.0,41.5,0.0,1.0,56.9
20210919202005,0.1,0.0,0.4,0.0,33.6,0.1,3.3,62.4
20210919202035,0.1,0.0,0.5,0.1,9.4,0.1,4.9,84.9
20210919202105,0.1,0.1,0.4,0.0,33.6,0.2,4.4,61.2
20210919202135,0.0,0.0,0.8,0.0,45.9,0.0,1.0,52.2
20210919202205,0.0,0.0,0.1,0.0,70.0,0.0,0.2,29.7
20210919202235,0.0,0.0,0.1,0.0,50.5,0.1,0.6,48.7
20210919202305,0.1,0.1,0.7,0.0,44.4,0.4,10.7,43.4
20210919202335,0.2,0.0,0.2,0.1,26.7,1.7,15.5,55.6
20210919202405,0.4,0.0,0.1,0.0,32.3,2.6,10.5,53.9
20210919202435,0.1,0.0,0.2,0.0,62.2,2.1,9.5,26.0
20210919202505,0.3,0.0,0.6,0.1,56.7,0.8,10.9,30.6
20210919202535,0.6,0.0,0.5,0.1,42.9,1.0,27.7,27.2
20210919202605,0.2,0.1,0.4,0.1,18.1,0.8,38.5,41.9
20210919202635,0.2,0.0,0.3,0.1,65.7,0.3,17.2,16.2
20210919202705,0.1,0.0,0.1,0.1,70.1,0.2,22.2,7.1
20210919202735,0.1,0.0,0.3,0.1,45.6,0.6,23.6,29.7
20210919202805,0.1,0.0,0.2,0.0,32.1,0.3,17.1,50.2
20210919202835,0.1,0.0,0.6,0.2,19.1,0.4,20.6,59.0
20210919202905,0.3,0.0,2.4,0.2,28.5,1.3,58.5,8.9
20210919202935,0.0,0.0,2.9,0.1,14.5,0.9,69.5,12.1
20210919203005,0.1,0.0,1.8,0.1,2.9,1.1,92.1,2.1
20210919203035,0.0,0.0,0.4,0.1,2.3,0.9,93.1,3.2
20210919203105,0.1,0.0,1.9,0.2,12.0,0.7,77.5,7.6
20210919203135,0.4,0.0,2.5,0.9,32.3,1.9,54.1,7.9
20210919203205,0.3,0.0,3.7,0.2,18.5,3.7,70.8,2.7
20210919203235,1.5,0.0,12.4,0.2,8.6,7.8,65.3,4.3
20210919203305,1.4,0.0,2.4,0.1,3.6,5.4,86.9,0.3
20210919203335,0.3,0.0,3.9,0.2,5.3,4.9,83.7,1.6
20210919203405,1.5,0.0,8.9,0.1,2.4,5.1,81.4,0.5
20210919203435,1.1,0.0,12.9,0.1,9.0,7.2,67.7,1.8
20210919203505,1.2,0.0,12.3,0.1,22.6,5.7,54.3,3.8
20210919203535,0.1,0.0,2.0,0.1,12.2,0.7,83.5,1.5
20210919203605,0.3,0.0,3.5,0.1,5.0,0.7,89.0,1.4
20210919203635,0.2,0.0,6.6,0.2,4.3,0.4,86.2,2.1
20210919203705,0.4,0.0,11.9,0.2,6.1,1.3,79.1,0.9
20210919203735,0.1,0.0,3.0,0.1,2.8,0.4,92.6,1.0
20210919203805,0.1,0.0,2.3,0.1,2.7,0.3,94.0,0.6
20210919203835,0.1,0.0,1.4,0.1,6.0,0.9,90.4,1.1
20210919203905,0.1,0.0,1.5,0.1,2.9,0.3,93.5,1.6
20210919203935,0.3,0.0,2.9,0.2,1.7,1.1,91.3,2.5
20210919204005,0.1,0.0,0.3,0.1,1.8,0.1,94.4,3.3
20210919204035,0.2,0.0,1.0,0.0,6.3,0.3,89.6,2.5
20210919204105,1.0,0.0,1.2,0.1,8.5,0.9,87.6,0.6
20210919204136,0.4,0.0,2.6,0.1,5.6,2.7,87.6,1.0
20210919204206,0.8,0.0,0.6,0.0,1.4,2.7,93.9,0.5
20210919204236,0.5,0.0,0.1,0.1,1.2,1.1,93.9,3.1
20210919204306,0.4,0.0,0.2,0.0,0.5,1.6,95.4,1.9
20210919204336,0.7,0.0,0.1,0.0,0.6,0.5,97.8,0.4
20210919204406,0.8,0.0,0.2,0.1,3.0,1.1,93.3,1.5
20210919204436,0.3,0.0,0.3,0.0,0.2,2.0,96.3,0.8
20210919204506,0.0,0.0,0.1,0.0,0.1,0.2,99.3,0.3
20210919204536,0.2,0.0,0.1,0.0,0.4,0.3,98.3,0.6
20210919204606,0.6,0.0,0.1,0.1,1.7,0.3,95.6,1.6
20210919204636,0.7,0.0,0.1,0.0,17.0,0.2,78.5,3.4
20210919204706,1.4,0.0,0.2,0.2,19.8,0.2,76.5,1.7
20210919204736,1.0,0.0,0.2,0.1,17.5,0.4,69.0,11.7
20210919204806,0.3,0.0,0.1,0.1,7.5,0.1,84.9,7.1
20210919204836,0.6,0.0,0.2,0.2,17.2,0.1,65.1,16.6
20210919204906,0.0,0.0,0.0,0.0,0.2,0.0,98.5,1.2
20210919204936,0.4,0.0,0.2,0.1,12.7,0.1,62.7,23.8
20210919205006,0.1,0.0,0.0,0.0,1.6,0.1,86.8,11.2
20210919205036,0.8,0.0,0.2,0.1,2.4,0.7,88.8,7.2
20210919205106,0.5,0.0,0.1,0.1,6.1,0.5,89.3,3.5
20210919205136,0.2,0.0,0.0,0.0,3.3,0.1,95.8,0.6
20210919205206,0.2,0.0,0.0,0.0,5.9,0.5,91.9,1.3
20210919205236,10.0,0.1,0.7,1.4,24.8,0.7,57.2,5.0
20210919205306,43.2,0.3,0.3,3.8,8.3,1.6,39.4,3.2
20210919205336,1.7,0.3,0.2,2.6,37.4,1.3,40.9,15.6
20210919205406,0.3,0.0,0.2,0.2,22.0,2.1,71.4,3.9
20210919205436,0.1,0.0,0.0,0.1,1.0,0.4,98.2,0.2
20210919205506,0.2,0.0,0.2,0.4,3.3,0.6,95.2,0.1
20210919205536,0.8,0.0,0.8,1.9,16.5,1.1,77.7,1.2
20210919205606,8.0,0.2,0.6,7.6,30.8,2.7,39.3,10.9
20210919205636,0.3,0.2,0.2,2.4,86.3,0.2,6.4,4.0
20210919205706,0.5,0.0,0.1,0.5,13.6,0.5,82.7,2.0
20210919205736,0.7,0.0,0.2,0.6,8.6,0.3,88.6,1.1
20210919205806,0.2,0.0,0.1,0.0,4.6,0.2,94.7,0.2
20210919205836,0.5,0.0,0.1,0.0,2.4,1.8,94.7,0.5
20210919205906,0.0,0.0,0.0,0.0,0.1,0.1,99.7,0.0
20210919205936,0.0,0.0,0.0,0.0,0.2,0.1,99.6,0.0
20210919210006,0.0,0.0,0.0,0.0,0.0,0.1,99.9,0.0
20210919210036,0.0,0.0,0.0,0.0,0.0,0.6,99.3,0.0
20210919210106,0.0,0.0,0.0,0.0,0.0,0.4,99.6,0.0
20210919210136,0.0,0.0,0.0,0.0,0.0,2.4,97.6,0.0
20210919210206,0.0,0.0,0.0,0.0,0.0,6.9,93.1,0.0
20210919210236,0.0,0.0,0.0,0.0,0.0,1.2,98.8,0.0
20210919210306,0.0,0.0,0.0,0.0,0.0,2.2,97.8,0.0
20210919210336,0.0,0.0,0.0,0.0,0.1,2.1,97.7,0.0
20210919210406,0.0,0.0,0.0,0.0,0.0,4.8,95.1,0.0
20210919210436,0.0,0.0,0.0,0.0,0.0,0.8,99.2,0.0
20210919210506,0.0,0.0,0.0,0.0,0.1,2.6,97.3,0.0
20210919210536,0.0,0.0,0.0,0.0,0.0,24.2,75.8,0.0
20210919210606,0.0,0.0,0.0,0.0,0.0,6.9,93.1,0.0
20210919210636,0.0,0.0,0.0,0.0,0.0,37.9,62.1,0.0
20210919210706,0.0,0.0,0.0,0.0,0.0,56.3,43.7,0.0
20210919210736,0.0,0.0,0.0,0.0,0.0,43.6,56.4,0.0
20210919210806,0.0,0.0,0.0,0.0,0.1,8.1,91.8,0.0
20210919210836,0.0,0.0,0.0,0.0,0.1,30.0,69.9,0.0
20210919210906,0.0,0.0,0.0,0.0,0.1,34.3,65.7,0.0
20210919210936,0.0,0.0,0.0,0.0,0.0,14.3,85.6,0.0
20210919211006,0.0,0.0,0.0,0.0,0.3,9.4,90.3,0.0
20210919211036,0.0,0.0,0.0,0.0,0.3,1.0,98.7,0.0
20210919211106,0.0,0.0,0.0,0.0,0.1,1.8,98.1,0.0
20210919211136,0.0,0.0,0.0,0.0,0.3,3.3,96.3,0.0
20210919211206,0.0,0.0,0.0,0.0,0.2,6.3,93.4,0.0
20210919211236,0.0,0.0,0.0,0.0,0.1,1.8,98.1,0.0
20210919211306,0.0,0.0,0.0,0.0,0.2,6.4,93.4,0.0
20210919211336,0.1,0.0,0.0,0.0,0.1,14.1,85.6,0.2
20210919211406,0.0,0.0,0.0,0.0,0.2,9.3,90.5,0.0
20210919211436,0.0,0.0,0.0,0.0,0.2,13.5,86.3,0.1
20210919211506,0.0,0.0,0.0,0.0,0.1,11.6,88.3,0.0
20210919211537,0.1,0.0,0.0,0.0,0.3,27.9,71.4,0.3
20210919211607,0.0,0.0,0.0,0.0,0.2,20.0,79.7,0.1
20210919211637,0.1,0.0,0.0,0.0,0.1,18.5,81.2,0.1
20210919211707,0.0,0.0,0.0,0.0,0.1,16.7,83.1,0.0
20210919211737,0.0,0.0,0.0,0.0,0.1,3.8,95.9,0.2
20210919211807,0.1,0.0,0.0,0.0,0.2,16.7,82.8,0.2
20210919211837,0.1,0.0,0.0,0.0,0.2,19.6,80.1,0.1
20210919211907,0.0,0.0,0.0,0.0,0.0,22.4,77.6,0.0
20210919211937,0.0,0.0,0.0,0.0,0.0,6.6,93.4,0.0
20210919212007,0.0,0.0,0.0,0.0,0.0,17.0,82.9,0.1
20210919212037,0.0,0.0,0.0,0.0,0.0,6.6,93.3,0.0
20210919212107,0.0,0.0,0.0,0.0,0.1,15.8,84.0,0.0
20210919212137,0.0,0.0,0.0,0.0,0.1,22.6,77.3,0.0
20210919212207,0.0,0.0,0.0,0.0,0.1,7.1,92.7,0.1
20210919212237,0.0,0.0,0.0,0.0,0.1,10.6,89.3,0.0
20210919212307,0.0,0.0,0.0,0.0,0.0,5.7,94.2,0.1
20210919212337,0.0,0.0,0.0,0.0,0.1,3.2,96.7,0.0
20210919212407,0.0,0.0,0.0,0.0,0.0,19.2,80.7,0.0
20210919212437,0.0,0.0,0.0,0.0,0.1,17.9,81.8,0.1
20210919212507,0.0,0.0,0.0,0.0,0.0,5.6,94.4,0.0
20210919212537,0.0,0.0,0.0,0.0,0.0,1.4,98.6,0.0
20210919212607,0.0,0.0,0.0,0.0,0.0,1.9,98.1,0.0
20210919212637,0.0,0.0,0.0,0.0,0.0,13.8,86.2,0.0
20210919212707,0.0,0.0,0.0,0.0,0.0,1.4,98.5,0.0
20210919212737,0.0,0.0,0.0,0.0,0.0,34.6,65.4,0.0
20210919212807,0.0,0.0,0.0,0.0,0.0,19.7,80.3,0.0
20210919212837,0.0,0.0,0.0,0.0,0.0,28.2,71.8,0.0
20210919212907,0.0,0.0,0.0,0.0,0.0,35.1,64.9,0.0
20210919212937,0.0,0.0,0.0,0.0,0.0,70.3,29.6,0.0
20210919213007,0.0,0.0,0.0,0.0,0.0,65.9,34.0,0.0
20210919213037,0.0,0.0,0.0,0.0,0.1,40.7,59.2,0.0
20210919213107,0.0,0.0,0.0,0.0,0.0,44.0,55.9,0.0
20210919213137,0.0,0.0,0.0,0.0,0.0,32.5,67.5,0.0
20210919213207,0.0,0.0,0.0,0.0,0.1,79.5,20.5,0.0
20210919213237,0.0,0.0,0.0,0.0,0.0,11.0,88.9,0.0
20210919213307,0.0,0.0,0.0,0.0,0.0,41.4,58.2,0.4
20210919213337,0.0,0.0,0.0,0.0,0.1,90.7,9.0,0.1
20210919213407,0.0,0.0,0.0,0.0,0.1,72.6,27.0,0.3
20210919213437,0.0,0.0,0.0,0.0,0.1,87.7,11.9,0.4
20210919213507,0.0,0.0,0.0,0.0,0.1,86.4,13.0,0.5
20210919213537,0.0,0.0,0.0,0.0,0.1,72.8,26.7,0.4
20210919213607,0.0,0.0,0.0,0.0,0.0,79.4,20.4,0.2
20210919213637,0.0,0.0,0.0,0.0,0.1,34.8,61.3,3.8
20210919213707,0.0,0.0,0.0,0.0,0.0,36.8,62.5,0.7
20210919213737,0.0,0.0,0.0,0.0,0.1,15.9,43.8,40.2
20210919213807,0.0,0.0,0.0,0.0,0.0,20.1,45.6,34.4
20210919213837,0.0,0.0,0.0,0.0,0.1,5.6,28.2,66.0
20210919213907,0.0,0.0,0.0,0.0,0.0,4.7,13.7,81.6
20210919213937,0.0,0.0,0.0,0.0,0.0,14.1,16.3,69.5
20210919214007,0.0,0.0,0.0,0.0,0.1,9.2,14.7,76.0
20210919214037,0.0,0.0,0.0,0.0,0.0,2.5,14.4,83.1
20210919214107,0.0,0.0,0.0,0.0,0.0,23.6,32.3,44.0
20210919214137,0.0,0.0,0.0,0.0,0.1,6.0,7.7,86.2
20210919214207,0.0,0.0,0.0,0.0,0.1,68.9,14.0,17.0
20210919214237,0.0,0.0,0.0,0.0,0.1,8.6,14.6,76.6
20210919214308,0.0,0.0,0.0,0.0,0.1,34.8,35.8,29.2
20210919214338,0.0,0.0,0.0,0.0,0.1,14.4,14.9,70.6
20210919214408,0.0,0.0,0.0,0.0,0.1,42.9,9.5,47.5
20210919214438,0.0,0.0,0.0,0.0,0.2,16.7,20.9,62.1
20210919214508,0.0,0.0,0.0,0.0,0.2,10.7,2.3,86.9
20210919214538,0.0,0.0,0.0,0.0,0.3,2.5,10.6,86.5
20210919214608,0.0,0.0,0.0,0.0,0.7,6.0,12.5,80.8
20210919214638,0.0,0.0,0.0,0.0,0.1,0.4,2.1,97.4
20210919214708,0.0,0.0,0.0,0.0,0.1,4.9,0.7,94.3
20210919214738,0.0,0.0,0.0,0.0,0.5,7.5,4.3,87.7
20210919214808,0.0,0.0,0.0,0.0,0.0,0.0,0.5,99.5
20210919214838,0.0,0.0,0.0,0.0,0.0,0.0,1.0,99.0
20210919214908,0.0,0.0,0.0,0.0,0.1,1.3,1.0,97.7
20210919214938,0.0,0.0,0.0,0.0,0.4,11.0,0.9,87.7
20210919215008,0.0,0.0,0.0,0.0,0.5,36.4,4.7,58.3
20210919215038,0.0,0.0,0.0,0.0,0.1,94.9,1.2,3.8
20210919215108,0.0,0.0,0.0,0.0,0.0,93.8,0.1,6.1
20210919215138,0.0,0.0,0.0,0.0,0.5,81.4,1.7,16.4
20210919215208,0.0,0.0,0.0,0.0,0.1,61.9,3.8,34.2
20210919215238,0.0,0.0,0.0,0.0,0.5,67.8,3.0,28.7
20210919215308,0.0,0.0,0.0,0.0,0.1,49.7,1.1,49.1
20210919215338,0.0,0.0,0.0,0.0,0.1,41.4,3.5,54.9
20210919215408,0.0,0.0,0.0,0.0,0.9,22.5,13.0,63.6
20210919215438,0.0,0.0,0.0,0.0,0.0,0.1,0.0,99.9
20210919215508,0.0,0.0,0.0,0.0,0.0,4.3,0.2,95.5
20210919215538,0.0,0.0,0.0,0.0,0.0,96.6,0.6,2.7
20210919215608,0.0,0.0,0.0,0.0,0.0,99.9,0.1,0.0
20210919215638,0.0,0.0,0.0,0.0,0.0,99.7,0.1,0.2
20210919215708,0.0,0.0,0.0,0.0,0.0,98.7,0.0,1.3
20210919215738,0.0,0.0,0.0,0.0,0.1,81.2,7.2,11.5
20210919215808,0.0,0.0,0.0,0.0,0.1,31.5,6.8,61.6
20210919215838,0.0,0.0,0.0,0.0,0.1,18.9,0.3,80.7
20210919215908,0.0,0.0,0.0,0.0,0.1,15.5,5.6,78.8
20210919215938,0.0,0.0,0.0,0.0,0.1,8.2,1.7,90.0
20210919220008,0.0,0.0,0.0,0.0,0.1,46.3,1.4,52.3
20210919220038,0.0,0.0,0.0,0.0,0.2,8.0,2.8,89.0
20210919220108,0.0,0.0,0.0,0.0,0.3,9.5,1.2,88.9
20210919220138,0.0,0.0,0.0,0.0,0.1,2.5,0.8,96.6
20210919220208,0.0,0.0,0.0,0.0,0.1,53.1,3.3,43.5
20210919220238,0.0,0.0,0.0,0.0,0.7,63.9,16.6,18.7
20210919220308,0.0,0.0,0.0,0.0,0.0,96.9,3.1,0.0
20210919220338,0.0,0.0,0.0,0.0,0.0,99.6,0.3,0.1
20210919220408,0.0,0.0,0.0,0.0,0.0,99.4,0.3,0.3
20210919220438,0.0,0.0,0.0,0.0,0.0,99.9,0.0,0.0
20210919220508,0.0,0.0,0.0,0.0,0.1,97.7,0.3,2.0
20210919220538,0.0,0.0,0.0,0.0,0.0,99.3,0.3,0.4
20210919220608,0.0,0.0,0.0,0.0,0.0,99.7,0.1,0.2
20210919220638,0.0,0.0,0.0,0.0,0.0,99.9,0.1,0.0
20210919220708,0.0,0.0,0.0,0.0,0.0,98.7,1.3,0.0
20210919220738,0.0,0.0,0.0,0.0,0.0,98.2,1.8,0.0
20210919220808,0.0,0.0,0.0,0.0,0.0,65.8,34.2,0.0
20210919220838,0.0,0.0,0.0,0.0,0.0,90.6,9.4,0.0
20210919220908,0.0,0.0,0.0,0.0,0.0,96.2,3.8,0.0
20210919220938,0.0,0.0,0.0,0.0,0.0,99.8,0.2,0.0
20210919221008,0.0,0.0,0.0,0.0,0.0,99.9,0.1,0.0
20210919221038,0.0,0.0,0.0,0.0,0.0,99.9,0.1,0.0
20210919221108,0.0,0.0,0.0,0.0,0.0,99.2,0.0,0.8
20210919221138,0.0,0.0,0.0,0.0,0.0,98.4,0.1,1.4
20210919221208,0.0,0.0,0.0,0.0,0.2,73.1,0.3,26.4
20210919221238,0.0,0.0,0.0,0.0,0.1,78.0,0.3,21.7
20210919221308,0.0,0.0,0.0,0.0,0.0,83.2,0.3,16.5
20210919221338,0.0,0.0,0.0,0.0,0.1,71.4,1.5,27.0
20210919221408,0.0,0.0,0.0,0.0,0.1,55.1,2.8,42.1
20210919221438,0.0,0.0,0.0,0.0,0.0,63.4,4.4,32.2
20210919221508,0.0,0.0,0.0,0.0,0.0,49.9,14.7,35.4
20210919221538,0.0,0.0,0.0,0.0,0.2,70.5,19.8,9.5
20210919221608,0.0,0.0,0.0,0.0,0.0,83.1,15.4,1.4
20210919221638,0.0,0.0,0.0,0.0,0.0,91.6,8.1,0.3
20210919221709,0.0,0.0,0.0,0.0,0.0,58.2,20.9,20.9
20210919221739,0.0,0.0,0.0,0.0,0.0,52.9,13.1,34.0
20210919221809,0.0,0.0,0.0,0.0,0.0,81.3,11.7,7.0
20210919221839,0.0,0.0,0.0,0.0,0.2,70.7,3.4,25.7
20210919221909,0.0,0.0,0.0,0.0,0.0,37.6,2.9,59.5
20210919221939,0.0,0.0,0.0,0.0,0.6,39.3,4.6,55.5
20210919222009,0.0,0.0,0.0,0.0,0.1,25.3,4.7,70.0
20210919222039,0.0,0.0,0.0,0.0,0.2,45.4,6.9,47.5
20210919222109,0.0,0.0,0.0,0.0,0.0,0.2,2.3,97.5
20210919222139,0.0,0.0,0.0,0.0,0.1,0.4,4.0,95.5
20210919222209,0.0,0.0,0.0,0.0,0.0,0.3,1.2,98.5
20210919222239,0.0,0.0,0.0,0.0,0.1,2.0,9.0,89.0
20210919222309,0.0,0.0,0.0,0.0,0.0,0.8,1.7,97.5
20210919222339,0.0,0.0,0.0,0.0,0.0,0.0,1.0,99.0
20210919222409,0.0,0.0,0.0,0.0,0.0,1.1,4.2,94.7
20210919222439,0.0,0.0,0.0,0.0,0.0,0.0,0.1,99.9
20210919222509,0.0,0.0,0.0,0.0,0.0,0.0,0.3,99.7
20210919222539,0.0,0.0,0.0,0.0,0.0,0.0,0.3,99.7
20210919222609,0.0,0.0,0.0,0.0,0.0,0.0,0.0,100.0
20210919222639,0.0,0.0,0.0,0.0,0.0,0.0,0.0,100.0
20210919222709,0.0,0.0,0.0,0.0,0.0,0.0,0.0,100.0
20210919222739,0.0,0.0,0.0,0.0,0.0,0.0,0.0,100.0
20210919222809,0.0,0.0,0.0,0.0,0.0,0.0,0.0,100.0
20210919222839,0.0,0.0,0.0,0.0,0.0,0.0,0.0,100.0
20210919222909,0.0,0.0,0.0,0.0,0.0,0.0,0.0,100.0
20210919222939,0.0,0.0,0.0,0.0,0.0,0.0,0.0,100.0
20210919223009,0.0,0.0,0.0,0.0,0.0,0.0,0.0,100.0
20210919223039,0.0,0.0,0.0,0.0,0.0,0.0,0.0,100.0
20210919223109,0.0,0.0,0.0,0.0,0.0,0.0,0.0,100.0
20210919223139,0.0,0.0,0.0,0.0,0.0,0.0,0.1,99.9
20210919223209,0.0,0.0,0.0,0.0,0.1,0.2,2.9,96.8
20210919223239,0.0,0.0,0.0,0.0,0.0,0.0,0.0,99.9
20210919223309,0.0,0.0,0.0,0.0,0.0,0.0,0.0,100.0
20210919223339,0.0,0.0,0.0,0.0,0.0,0.0,0.2,99.8
20210919223409,0.0,0.0,0.0,0.0,0.0,0.0,0.0,100.0
20210919223439,0.0,0.0,0.0,0.0,0.0,0.0,0.0,100.0
20210919223509,0.0,0.0,0.0,0.0,0.0,0.0,0.0,100.0
20210919223539,0.0,0.0,0.0,0.0,0.0,0.0,0.0,100.0
20210919223609,0.0,0.0,0.0,0.0,0.0,0.0,0.0,100.0
20210919223639,0.0,0.0,0.0,0.0,0.0,0.0,0.0,100.0
20210919223709,0.0,0.0,0.0,0.0,0.0,0.0,0.0,100.0
20210919223739,0.0,0.0,0.0,0.0,0.0,0.0,0.0,100.0
20210919223809,0.0,0.0,0.0,0.0,0.0,0.0,0.0,100.0
20210919223839,0.0,0.0,0.0,0.0,0.0,0.0,0.0,100.0
20210919223909,0.0,0.0,0.0,0.0,0.0,0.0,0.0,100.0
20210919223939,0.0,0.0,0.0,0.0,0.0,0.0,0.0,100.0
20210919224009,0.0,0.0,0.0,0.0,0.0,0.0,0.0,100.0
20210919224039,0.0,0.0,0.0,0.0,0.0,0.0,0.0,100.0
20210919224109,0.0,0.0,0.0,0.0,0.0,0.0,0.0,100.0
20210919224139,0.0,0.0,0.0,0.0,0.0,0.0,0.0,100.0
20210919224209,0.0,0.0,0.0,0.0,0.0,0.0,0.0,100.0
20210919224239,0.0,0.0,0.0,0.0,0.0,0.0,0.0,100.0
20210919224309,0.0,0.0,0.0,0.0,0.0,0.0,0.0,100.0
20210919224339,0.0,0.0,0.0,0.0,0.0,0.0,0.0,100.0
20210919224409,0.0,0.0,0.0,0.0,0.0,0.0,0.0,100.0
20210919224439,0.0,0.0,0.0,0.0,0.0,0.0,0.0,100.0
20210919224509,0.0,0.0,0.0,0.0,0.0,0.0,0.0,100.0
20210919224539,0.0,0.0,0.0,0.0,0.0,0.0,0.0,100.0
20210919224609,0.0,0.0,0.0,0.0,0.0,0.0,0.0,100.0
20210919224639,0.0,0.0,0.0,0.0,0.0,0.0,0.0,100.0
20210919224709,0.0,0.0,0.0,0.0,0.0,0.0,0.0,100.0
20210919224739,0.0,0.0,0.0,0.0,0.0,0.0,0.0,100.0
20210919224809,0.0,0.0,0.0,0.0,0.0,0.0,0.0,100.0
20210919224839,0.0,0.0,0.0,0.0,0.0,0.0,0.0,100.0
20210919224909,0.0,0.0,0.0,0.0,0.0,0.0,0.0,100.0
20210919224939,0.0,0.0,0.0,0.0,0.0,0.0,0.0,100.0
20210919225009,0.0,0.0,0.0,0.0,0.0,0.0,0.0,100.0
20210919225039,0.0,0.0,0.0,0.0,0.0,0.0,0.0,100.0
20210919225109,0.0,0.0,0.0,0.0,0.0,0.0,0.0,100.0
20210919225139,0.0,0.0,0.0,0.0,0.0,0.0,0.0,99.9
20210919225210,0.0,0.0,0.0,0.0,0.0,0.0,1.4,98.6
20210919225240,0.0,0.0,0.0,0.0,0.0,0.0,1.4,98.6
20210919225310,0.0,0.0,0.0,0.0,0.0,0.0,6.5,93.5
20210919225340,0.0,0.0,0.0,0.0,0.0,0.0,13.5,86.4
20210919225410,0.0,0.0,0.0,0.0,0.0,0.0,26.3,73.7
20210919225440,0.0,0.0,0.0,0.0,0.0,0.0,7.2,92.8
20210919225510,0.0,0.0,0.0,0.0,0.1,0.1,35.0,64.9
20210919225540,0.0,0.0,0.0,0.0,0.0,0.0,25.8,74.2
20210919225610,0.0,0.0,0.0,0.0,0.0,0.0,26.7,73.3
20210919225640,0.0,0.0,0.0,0.0,0.0,0.0,50.6,49.4
20210919225710,0.0,0.0,0.0,0.0,0.0,0.0,31.2,68.7
20210919225740,0.0,0.0,0.0,0.0,0.0,0.0,75.1,24.8
20210919225810,0.0,0.0,0.0,0.0,0.0,0.0,74.6,25.3
20210919225840,0.0,0.0,0.0,0.0,0.0,0.0,74.9,25.0
20210919225910,0.0,0.0,0.0,0.0,0.0,0.0,82.2,17.8
20210919225940,0.0,0.0,0.0,0.0,0.0,0.0,97.5,2.5
20210919230010,0.0,0.0,0.0,0.0,0.0,0.0,98.9,1.1
20210919230040,0.0,0.0,0.0,0.0,0.0,0.0,92.6,7.3
20210919230110,0.0,0.0,0.0,0.0,0.0,0.1,78.3,21.6
20210919230140,0.0,0.0,0.0,0.0,0.0,0.1,92.0,7.9
20210919230210,0.0,0.0,0.0,0.0,0.0,0.0,91.3,8.6
20210919230240,0.0,0.0,0.0,0.0,0.0,0.0,65.8,34.2
20210919230310,0.0,0.0,0.0,0.0,0.0,0.0,55.5,44.5
20210919230340,0.0,0.0,0.0,0.0,0.0,0.1,75.3,24.6
20210919230410,0.0,0.0,0.0,0.0,0.0,0.0,16.1,83.9
20210919230440,0.0,0.0,0.0,0.0,0.0,0.1,74.5,25.4
20210919230510,0.0,0.0,0.0,0.0,0.0,0.0,63.0,36.9
20210919230540,0.0,0.0,0.0,0.0,0.0,0.0,64.2,35.7
20210919230610,0.0,0.0,0.0,0.0,0.0,0.0,84.6,15.4
20210919230640,0.0,0.0,0.0,0.0,0.0,0.0,85.2,14.8
20210919230710,0.0,0.0,0.0,0.0,0.0,0.0,72.7,27.3
20210919230740,0.0,0.0,0.0,0.0,0.0,0.0,83.0,17.0
20210919230810,0.0,0.0,0.0,0.0,0.0,0.0,7.4,92.6
20210919230840,0.0,0.0,0.0,0.0,0.0,0.0,60.0,40.0
20210919230910,0.0,0.0,0.0,0.0,0.0,0.0,76.2,23.7
20210919230940,0.0,0.0,0.0,0.0,0.0,0.0,25.1,74.9
20210919231010,0.0,0.0,0.0,0.0,0.0,0.0,35.3,64.7
20210919231040,0.0,0.0,0.0,0.0,0.0,0.0,2.5,97.5
20210919231110,0.0,0.0,0.0,0.0,0.0,0.0,2.4,97.6
20210919231140,0.0,0.0,0.0,0.0,0.0,0.0,1.6,98.4
20210919231210,0.0,0.0,0.0,0.0,0.0,0.0,0.5,99.5
20210919231240,0.0,0.0,0.0,0.0,0.0,0.0,0.3,99.7
20210919231310,0.0,0.0,0.0,0.0,0.0,0.0,0.6,99.4
20210919231340,0.0,0.0,0.0,0.0,0.0,0.0,0.2,99.8
20210919231410,0.0,0.0,0.0,0.0,0.0,0.0,0.2,99.8
20210919231440,0.0,0.0,0.0,0.0,0.0,0.0,0.2,99.8
20210919231510,0.0,0.0,0.0,0.0,0.0,0.0,0.7,99.3
20210919231540,0.0,0.0,0.0,0.0,0.0,0.0,0.5,99.5
20210919231610,0.0,0.0,0.0,0.0,0.0,0.0,0.5,99.5
20210919231640,0.0,0.0,0.0,0.0,0.0,0.0,1.0,99.0
20210919231710,0.0,0.0,0.0,0.0,0.0,0.0,0.3,99.7
20210919231740,0.0,0.0,0.0,0.0,0.0,0.0,0.4,99.6
20210919231810,0.0,0.0,0.0,0.0,0.0,0.0,0.2,99.8
20210919231840,0.0,0.0,0.0,0.0,0.0,0.0,0.1,99.9
20210919231910,0.0,0.0,0.0,0.0,0.0,0.0,0.0,100.0
20210919231940,0.0,0.0,0.0,0.0,0.0,0.0,0.0,100.0
20210919232010,0.0,0.0,0.0,0.0,0.0,0.0,0.0,100.0
20210919232040,0.0,0.0,0.0,0.0,0.0,0.0,0.0,100.0
20210919232110,0.0,0.0,0.0,0.0,0.0,0.0,0.0,100.0
20210919232140,0.0,0.0,0.0,0.0,0.0,0.0,0.0,100.0
20210919232211,0.0,0.0,0.0,0.0,0.0,0.0,0.0,100.0
20210919232241,0.0,0.0,0.0,0.0,0.0,0.0,0.0,100.0
20210919232311,0.0,0.0,0.0,0.0,0.0,0.0,0.0,100.0
20210919232341,0.0,0.0,0.0,0.0,0.0,0.0,0.0,100.0
20210919232411,0.0,0.0,0.0,0.0,0.0,0.0,0.0,100.0
20210919232441,0.0,0.0,0.0,0.0,0.0,0.0,0.0,100.0
20210919232511,0.0,0.0,0.0,0.0,0.0,0.0,0.0,100.0
20210919232541,0.0,0.0,0.0,0.0,0.0,0.0,0.0,100.0
20210919232611,0.0,0.0,0.0,0.0,0.0,0.0,0.0,100.0
20210919232641,0.0,0.0,0.0,0.0,0.0,0.0,0.1,99.9
20210919232711,0.0,0.0,0.0,0.0,0.0,0.0,0.0,100.0
20210919232741,0.0,0.0,0.0,0.0,0.0,0.0,0.0,100.0
20210919232811,0.0,0.0,0.0,0.0,0.0,0.0,0.0,100.0
20210919232841,0.0,0.0,0.0,0.0,0.0,0.0,0.0,100.0
20210919232911,0.0,0.0,0.0,0.0,0.0,0.0,0.0,100.0
20210919232941,0.0,0.0,0.0,0.0,0.0,0.0,0.0,100.0
20210919233011,0.0,0.0,0.0,0.0,0.0,0.0,0.0,100.0
20210919233041,0.0,0.0,0.0,0.0,0.0,0.0,0.0,100.0
20210919233111,0.0,0.0,0.0,0.0,0.0,0.0,0.0,100.0
20210919233141,0.0,0.0,0.0,0.0,0.0,0.0,0.0,100.0
20210919233211,0.0,0.0,0.0,0.0,0.0,0.0,0.0,100.0
20210919233241,0.0,0.0,0.0,0.0,0.0,0.0,0.0,100.0
20210919233311,0.0,0.0,0.0,0.0,0.0,0.0,0.0,100.0
20210919233341,0.0,0.0,0.0,0.0,0.0,0.0,0.0,100.0
20210919233411,0.0,0.0,0.0,0.0,0.0,0.0,0.0,100.0
20210919233441,0.0,0.0,0.0,0.0,0.0,0.0,0.0,100.0
20210919233511,0.0,0.0,0.0,0.0,0.0,0.0,0.0,100.0
20210919233541,0.0,0.0,0.0,0.0,0.0,0.0,0.0,100.0
20210919233611,0.0,0.0,0.0,0.0,0.0,0.0,0.0,100.0
20210919233641,0.0,0.0,0.0,0.0,0.0,0.0,0.7,99.3
20210919233711,0.0,0.0,0.0,0.0,0.0,0.0,0.6,99.4
20210919233741,0.0,0.0,0.0,0.0,0.0,0.0,1.6,98.4
20210919233811,0.0,0.0,0.0,0.0,0.0,0.0,10.3,89.7
20210919233841,0.0,0.0,0.0,0.0,0.0,0.0,1.2,98.8
20210919233911,0.0,0.0,0.0,0.0,0.0,0.0,0.5,99.5
20210919233941,0.0,0.0,0.0,0.0,0.0,0.0,3.8,96.2
20210919234011,0.0,0.0,0.0,0.0,0.0,0.0,0.5,99.5
20210919234041,0.0,0.0,0.0,0.0,0.0,0.0,0.1,99.9
20210919234111,0.0,0.0,0.0,0.0,0.0,0.0,0.1,99.9
20210919234141,0.0,0.0,0.0,0.0,0.0,0.0,0.0,100.0
20210919234211,0.0,0.0,0.0,0.0,0.0,0.0,0.0,100.0
20210919234241,0.0,0.0,0.0,0.0,0.0,0.0,0.2,99.8
20210919234311,0.0,0.0,0.0,0.0,0.0,0.0,1.5,98.5
20210919234341,0.0,0.0,0.0,0.0,0.0,0.1,2.7,97.1
20210919234411,0.0,0.0,0.0,0.0,0.0,0.0,6.2,93.8
20210919234441,0.0,0.0,0.0,0.0,0.0,0.1,7.2,92.6
20210919234511,0.0,0.0,0.0,0.0,0.0,0.0,4.6,95.3
20210919234541,0.0,0.0,0.0,0.0,0.0,0.0,0.3,99.7
20210919234611,0.0,0.0,0.0,0.0,0.0,0.0,0.0,100.0
20210919234641,0.0,0.0,0.0,0.0,0.0,0.0,0.0,100.0
20210919234711,0.0,0.0,0.0,0.0,0.0,0.0,0.0,100.0
20210919234741,0.0,0.0,0.0,0.0,0.0,0.0,0.0,100.0
20210919234811,0.0,0.0,0.0,0.0,0.0,0.0,0.0,100.0
20210919234841,0.0,0.0,0.0,0.0,0.0,0.0,0.0,100.0
20210919234911,0.0,0.0,0.0,0.0,0.0,0.0,0.0,100.0
20210919234941,0.0,0.0,0.0,0.0,0.0,0.0,0.0,100.0
20210919235011,0.0,0.0,0.0,0.0,0.0,0.0,0.0,100.0
20210919235041,0.0,0.0,0.0,0.0,0.0,0.0,0.0,100.0
20210919235111,0.0,0.0,0.0,0.0,0.0,0.0,0.0,100.0
20210919235141,0.0,0.0,0.0,0.0,0.0,0.0,0.0,100.0
20210919235211,0.0,0.0,0.0,0.0,0.0,0.0,0.0,100.0
20210919235241,0.0,0.0,0.0,0.0,0.0,0.0,0.0,100.0
20210919235311,0.0,0.0,0.0,0.0,0.0,0.0,0.0,100.0
20210919235342,0.0,0.0,0.0,0.0,0.0,0.0,0.0,100.0
20210919235412,0.0,0.0,0.0,0.0,0.0,0.0,0.0,100.0
20210919235442,0.0,0.0,0.0,0.0,0.0,0.0,0.0,100.0
20210919235512,0.0,0.0,0.0,0.0,0.0,0.0,0.0,100.0
20210919235542,0.0,0.0,0.0,0.0,0.0,0.0,0.0,100.0
20210919235612,0.0,0.0,0.0,0.0,0.0,0.0,0.0,100.0
20210919235642,0.0,0.0,0.0,0.0,0.0,0.0,0.0,100.0
20210919235712,0.0,0.0,0.0,0.0,0.0,0.0,0.0,100.0
20210919235742,0.0,0.0,0.0,0.0,0.0,0.0,0.0,100.0
20210919235812,0.0,0.0,0.0,0.0,0.0,0.0,0.0,100.0
20210919235842,0.0,0.0,0.0,0.0,0.0,0.0,0.0,100.0
20210919235912,0.0,0.0,0.0,0.0,0.0,0.0,0.0,100.0
20210919235942,0.0,0.0,0.0,0.0,0.0,0.0,0.0,100.0
20210920000012,0.0,0.0,0.0,0.0,0.0,0.0,0.0,100.0
20210920000042,0.0,0.0,0.0,0.0,0.0,0.0,0.0,100.0
20210920000112,0.0,0.0,0.0,0.0,0.0,0.0,0.0,100.0
20210920000142,0.0,0.0,0.0,0.0,0.0,0.0,0.0,100.0
20210920000212,0.0,0.0,0.0,0.0,0.0,0.0,0.0,100.0
20210920000242,0.0,0.0,0.0,0.0,0.0,0.0,0.0,100.0
20210920000312,0.0,0.0,0.0,0.0,0.0,0.0,0.0,100.0
20210920000342,0.0,0.0,0.0,0.0,0.0,0.0,0.0,100.0
20210920000412,0.0,0.0,0.0,0.0,0.0,0.0,0.0,100.0
20210920000442,0.0,0.0,0.0,0.0,0.0,0.0,0.0,100.0
20210920000512,0.0,0.0,0.0,0.0,0.0,0.0,0.0,100.0
20210920000542,0.0,0.0,0.0,0.0,0.0,0.0,0.0,100.0
20210920000612,0.0,0.0,0.0,0.0,0.0,0.0,0.0,100.0
20210920000642,0.0,0.0,0.0,0.0,0.0,0.0,0.0,100.0
20210920000712,0.0,0.0,0.0,0.0,0.0,0.0,0.0,100.0
20210920000742,0.0,0.0,0.0,0.0,0.0,0.0,0.0,100.0
20210920000812,0.0,0.0,0.0,0.0,0.0,0.0,0.1,99.9
20210920000842,0.0,0.0,0.0,0.0,0.0,0.1,1.0,98.9
20210920000912,0.0,0.0,0.0,0.0,0.0,0.0,0.3,99.6
20210920000942,0.0,0.0,0.0,0.0,0.0,0.0,2.1,97.9
20210920001012,0.0,0.0,0.0,0.0,0.0,0.1,7.8,92.1
20210920001042,0.0,0.0,0.0,0.0,0.0,0.0,0.3,99.7
20210920001112,0.0,0.0,0.0,0.0,0.0,0.0,2.1,97.8
20210920001142,0.0,0.0,0.0,0.0,0.0,0.1,2.4,97.5
20210920001212,0.0,0.0,0.0,0.0,0.0,0.3,1.7,98.0
20210920001242,0.0,0.0,0.0,0.0,0.0,1.3,24.2,74.5
20210920001312,0.0,0.0,0.0,0.0,0.0,7.8,43.2,48.9
20210920001342,0.0,0.0,0.0,0.0,0.0,26.1,38.8,35.1
20210920001412,0.0,0.0,0.0,0.0,0.0,9.9,72.7,17.3
20210920001442,0.0,0.0,0.0,0.0,0.0,7.0,75.2,17.8
20210920001512,0.0,0.0,0.0,0.0,0.0,5.3,30.4,64.3
20210920001542,0.0,0.0,0.0,0.0,0.0,1.5,53.2,45.2
20210920001612,0.0,0.0,0.0,0.0,0.0,1.0,86.4,12.6
20210920001642,0.0,0.0,0.0,0.0,0.0,0.6,84.0,15.5
20210920001712,0.0,0.0,0.0,0.0,0.0,1.4,86.7,11.9
20210920001742,0.0,0.0,0.0,0.0,0.0,0.7,90.9,8.4
20210920001812,0.0,0.0,0.0,0.0,0.0,0.2,23.8,76.0
20210920001842,0.0,0.0,0.0,0.0,0.0,0.6,64.1,35.3
20210920001912,0.0,0.0,0.0,0.0,0.0,2.0,78.3,19.6
20210920001942,0.0,0.0,0.0,0.0,0.0,1.5,81.9,16.5
20210920002012,0.0,0.0,0.0,0.0,0.0,0.9,81.9,17.2
20210920002042,0.0,0.0,0.0,0.0,0.0,0.1,96.5,3.3
20210920002112,0.0,0.0,0.0,0.0,0.0,0.5,97.4,2.1
20210920002142,0.0,0.0,0.0,0.0,0.0,0.6,92.5,6.9
20210920002212,0.0,0.0,0.0,0.0,0.0,1.9,95.5,2.6
20210920002242,0.0,0.0,0.0,0.0,0.0,10.4,87.7,1.8
20210920002312,0.0,0.0,0.0,0.0,0.0,2.2,81.0,16.8
20210920002342,0.0,0.0,0.0,0.0,0.0,1.2,96.5,2.4
20210920002412,0.0,0.0,0.0,0.0,0.0,0.5,97.9,1.5
20210920002442,0.0,0.0,0.0,0.0,0.0,0.2,98.2,1.6
20210920002512,0.0,0.0,0.0,0.0,0.0,0.8,74.4,24.8
20210920002542,0.0,0.0,0.0,0.0,0.0,0.3,73.8,25.9
20210920002612,0.0,0.0,0.0,0.0,0.0,0.6,13.4,86.0
20210920002642,0.0,0.0,0.0,0.0,0.0,2.5,56.5,40.9
20210920002712,0.0,0.0,0.0,0.0,0.0,0.7,92.4,6.8
20210920002743,0.0,0.0,0.0,0.0,0.0,1.2,95.5,3.2
20210920002813,0.0,0.0,0.2,0.0,0.0,23.5,73.7,2.7
20210920002843,0.0,0.0,0.0,0.0,0.0,4.0,95.1,0.9
20210920002913,0.0,0.0,0.0,0.0,0.0,2.0,97.3,0.7
20210920002943,0.0,0.0,0.0,0.0,0.0,0.5,98.8,0.7
20210920003013,0.0,0.0,0.0,0.0,0.0,0.2,99.2,0.5
20210920003043,0.0,0.0,0.0,0.0,0.0,0.3,98.9,0.8
20210920003113,0.0,0.0,0.0,0.0,0.0,0.7,95.8,3.5
20210920003143,0.0,0.0,0.0,0.0,0.0,1.6,97.7,0.6
20210920003213,0.0,0.0,0.0,0.0,0.0,0.1,99.7,0.2
20210920003243,0.0,0.0,0.0,0.0,0.0,0.2,99.4,0.4
20210920003313,0.0,0.0,0.0,0.0,0.0,0.2,99.6,0.2
20210920003343,0.0,0.0,0.0,0.0,0.0,0.3,99.5,0.2
20210920003413,0.0,0.0,0.0,0.0,0.0,0.1,99.7,0.1
20210920003443,0.0,0.0,0.0,0.0,0.0,1.2,98.7,0.0
20210920003513,0.0,0.0,0.0,0.0,0.0,0.5,99.5,0.0
20210920003543,0.0,0.0,0.0,0.0,0.0,0.3,99.7,0.0
20210920003613,0.0,0.0,0.0,0.0,0.0,0.3,99.6,0.1
20210920003643,0.0,0.0,0.0,0.0,0.0,0.2,99.8,0.0
20210920003713,0.0,0.0,0.0,0.0,0.0,1.8,97.8,0.4
20210920003743,0.0,0.0,0.0,0.0,0.0,0.1,99.9,0.0
20210920003813,0.0,0.0,0.0,0.0,0.0,1.1,98.9,0.0
20210920003843,0.0,0.0,0.0,0.0,0.0,0.4,99.5,0.1
20210920003913,0.0,0.0,0.0,0.0,0.0,0.8,99.0,0.1
20210920003943,0.0,0.0,0.0,0.0,0.0,0.1,99.9,0.0
20210920004013,0.0,0.0,0.0,0.0,0.0,0.6,99.2,0.2
20210920004043,0.0,0.0,0.0,0.0,0.0,0.1,99.7,0.2
20210920004113,0.0,0.0,0.0,0.0,0.0,0.1,99.8,0.2
20210920004143,0.0,0.0,0.0,0.0,0.0,0.1,99.9,0.0
20210920004213,0.0,0.0,0.0,0.0,0.0,0.3,99.3,0.3
