UT,arc,discrete,diffuse,ac,ab,clear,cloudy,dd
20211022152200,0.0,0.0,0.0,0.0,0.0,0.0,0.0,100.0
20211022152230,0.0,0.0,0.0,0.0,0.0,0.0,0.0,100.0
20211022152300,0.0,0.0,0.0,0.0,0.0,0.0,0.0,100.0
20211022152330,0.0,0.0,0.0,0.0,0.0,0.0,0.0,100.0
20211022152400,0.0,0.0,0.0,0.0,0.0,0.0,0.0,100.0
20211022152430,0.0,0.0,0.0,0.0,0.0,0.0,0.0,100.0
20211022152500,0.0,0.0,0.0,0.0,0.0,0.0,0.0,100.0
20211022152530,0.0,0.0,0.0,0.0,0.0,0.0,0.0,100.0
20211022152600,0.0,0.0,0.0,0.0,0.0,0.0,0.0,100.0
20211022152630,0.0,0.0,0.0,0.0,0.0,0.0,0.0,100.0
20211022152700,0.0,0.0,0.0,0.0,0.0,0.0,0.0,100.0
20211022152730,0.0,0.0,0.0,0.0,0.0,0.0,0.0,100.0
20211022152800,0.0,0.0,0.0,0.0,0.0,0.0,0.0,100.0
20211022152830,0.0,0.0,0.0,0.0,0.0,0.0,0.0,100.0
20211022152900,0.0,0.0,0.0,0.0,0.0,0.0,0.0,100.0
20211022152930,0.0,0.0,0.0,0.0,0.0,0.0,0.0,100.0
20211022153000,0.0,0.0,0.0,0.0,0.0,0.0,0.0,100.0
20211022153030,0.0,0.0,0.0,0.0,0.0,0.0,0.0,100.0
20211022153100,0.0,0.0,0.0,0.0,0.0,0.0,0.0,100.0
20211022153130,0.0,0.0,0.0,0.0,0.0,0.0,0.0,100.0
20211022153200,0.0,0.0,0.0,0.0,0.0,0.0,0.0,100.0
20211022153230,0.0,0.0,0.0,0.0,0.0,0.0,0.0,100.0
20211022153300,0.0,0.0,0.0,0.0,0.0,0.0,0.0,100.0
20211022153330,0.0,0.0,0.0,0.0,0.0,0.0,0.0,100.0
20211022153400,0.0,0.0,0.0,0.0,0.0,0.0,0.0,100.0
20211022153430,0.0,0.0,0.0,0.0,0.0,0.0,0.0,100.0
20211022153500,0.0,0.0,0.0,0.0,0.0,0.0,0.0,100.0
20211022153530,0.0,0.0,0.0,0.0,0.0,0.0,0.0,100.0
20211022153600,0.0,0.0,0.0,0.0,0.0,0.0,0.0,100.0
20211022153630,0.0,0.0,0.0,0.0,0.0,0.0,0.0,100.0
20211022153700,0.0,0.0,0.0,0.0,0.0,0.0,0.0,100.0
20211022153730,0.0,0.0,0.0,0.0,0.0,0.0,0.0,100.0
20211022153801,0.0,0.0,0.0,0.0,0.0,0.0,0.0,100.0
20211022153831,0.0,0.0,0.0,0.0,0.0,0.0,0.0,100.0
20211022153901,0.0,0.0,0.0,0.0,0.0,0.0,0.0,100.0
20211022153931,0.0,0.0,0.0,0.0,0.0,0.0,0.0,100.0
20211022154001,0.0,0.0,0.0,0.0,0.0,0.0,0.0,100.0
20211022154031,0.0,0.0,0.0,0.0,0.0,0.0,0.0,100.0
20211022154101,0.0,0.0,0.0,0.0,0.0,0.0,0.0,100.0
20211022154131,0.0,0.0,0.0,0.0,0.0,0.0,0.0,100.0
20211022154201,0.0,0.0,0.0,0.0,0.0,0.0,0.0,100.0
20211022154231,0.0,0.0,0.0,0.0,0.0,0.0,0.0,100.0
20211022154301,0.0,0.0,0.0,0.0,0.0,0.0,0.0,100.0
20211022154331,0.0,0.0,0.0,0.0,0.0,0.0,0.0,100.0
20211022154401,0.0,0.0,0.0,0.0,0.0,0.0,0.0,100.0
20211022154431,0.0,0.0,0.0,0.0,0.0,0.0,0.0,100.0
20211022154501,0.0,0.0,0.0,0.0,0.0,0.0,0.0,100.0
20211022154531,0.0,0.0,0.0,0.0,0.0,0.0,0.0,100.0
20211022154601,0.0,0.0,0.0,0.0,0.0,0.0,0.0,100.0
20211022154631,0.0,0.0,0.0,0.0,0.0,0.0,0.0,100.0
20211022154701,0.0,0.0,0.0,0.0,0.0,0.0,0.0,100.0
20211022154731,0.0,0.0,0.0,0.0,0.0,0.0,0.0,100.0
20211022154801,0.0,0.0,0.0,0.0,0.0,0.0,0.0,100.0
20211022154831,0.0,0.0,0.0,0.0,0.0,0.0,0.0,100.0
20211022154901,0.0,0.0,0.0,0.0,0.0,0.0,0.0,100.0
20211022154931,0.0,0.0,0.0,0.0,0.0,0.0,0.0,100.0
20211022155001,0.0,0.0,0.0,0.0,0.0,0.0,0.0,100.0
20211022155031,0.0,0.0,0.0,0.0,0.0,0.0,0.0,100.0
20211022155101,0.0,0.0,0.0,0.0,0.0,0.0,0.0,100.0
20211022155131,0.0,0.0,0.0,0.0,0.0,0.0,0.0,100.0
20211022155201,0.0,0.0,0.0,0.0,0.0,0.0,0.0,100.0
20211022155231,0.0,0.0,0.0,0.0,0.0,0.0,0.0,100.0
20211022155301,0.0,0.0,0.0,0.0,0.0,0.0,0.0,100.0
20211022155331,0.0,0.0,0.0,0.0,0.0,0.0,0.0,100.0
20211022155401,0.0,0.0,0.0,0.0,0.0,0.0,0.0,100.0
20211022155431,0.0,0.0,0.0,0.0,0.0,0.0,0.0,100.0
20211022155501,0.0,0.0,0.0,0.0,0.0,0.0,0.0,100.0
20211022155531,0.0,0.0,0.0,0.0,0.0,0.0,0.0,100.0
20211022155601,0.0,0.0,0.0,0.0,0.0,0.0,0.0,100.0
20211022155631,0.0,0.0,0.0,0.0,0.0,0.0,0.0,100.0
20211022155701,0.0,0.0,0.0,0.0,0.0,0.0,0.0,100.0
20211022155731,0.0,0.0,0.0,0.0,0.0,0.0,0.0,100.0
20211022155801,0.0,0.0,0.0,0.0,0.0,0.0,0.0,100.0
20211022155831,0.0,0.0,0.0,0.0,0.0,0.0,0.0,100.0
20211022155901,0.0,0.0,0.0,0.0,0.0,0.0,0.0,100.0
20211022155931,0.0,0.0,0.0,0.0,0.0,0.0,0.0,100.0
20211022160001,0.0,0.0,0.0,0.0,0.0,0.0,0.0,100.0
20211022160031,0.0,0.0,0.0,0.0,0.0,0.0,0.0,100.0
20211022160101,0.0,0.0,0.0,0.0,0.0,0.0,0.0,100.0
20211022160131,0.0,0.0,0.0,0.0,0.0,0.0,0.0,100.0
20211022160201,0.0,0.0,0.0,0.0,0.0,0.0,0.0,100.0
20211022160231,0.0,0.0,0.0,0.0,0.0,0.0,0.0,100.0
20211022160301,0.0,0.0,0.0,0.0,0.0,0.0,0.0,100.0
20211022160331,0.0,0.0,0.0,0.0,0.0,0.0,0.0,100.0
20211022160401,0.0,0.0,0.0,0.0,0.0,0.0,0.0,100.0
20211022160431,0.0,0.0,0.0,0.0,0.0,0.0,0.0,100.0
20211022160501,0.0,0.0,0.0,0.0,0.0,0.0,0.0,100.0
20211022160531,0.0,0.0,0.0,0.0,0.0,0.0,0.0,100.0
20211022160601,0.0,0.0,0.0,0.0,0.0,0.0,0.0,100.0
20211022160631,0.0,0.0,0.0,0.0,0.0,0.0,0.0,100.0
20211022160701,0.0,0.0,0.0,0.0,0.0,0.0,0.0,100.0
20211022160731,0.0,0.0,0.0,0.0,0.0,0.0,0.0,100.0
20211022160801,0.0,0.0,0.0,0.0,0.0,0.0,0.0,100.0
20211022160831,0.0,0.0,0.0,0.0,0.0,0.0,0.0,100.0
20211022160901,0.0,0.0,0.0,0.0,0.0,0.0,0.0,100.0
20211022160931,0.0,0.0,0.0,0.0,0.0,0.0,0.0,100.0
20211022161001,0.0,0.0,0.0,0.0,0.0,0.0,0.0,100.0
20211022161031,0.0,0.0,0.0,0.0,0.0,0.0,0.0,100.0
20211022161101,0.0,0.0,0.0,0.0,0.0,0.0,0.0,100.0
20211022161131,0.0,0.0,0.0,0.0,0.0,0.0,0.0,100.0
20211022161202,0.0,0.0,0.0,0.0,0.0,0.0,0.0,100.0
20211022161232,0.0,0.0,0.0,0.0,0.0,0.0,0.0,100.0
20211022161302,0.0,0.0,0.0,0.0,0.0,0.0,0.0,100.0
20211022161332,0.0,0.0,0.0,0.0,0.0,0.0,0.0,100.0
20211022161402,0.0,0.0,0.0,0.0,0.0,0.0,0.0,100.0
20211022161432,0.0,0.0,0.0,0.0,0.0,0.0,0.0,100.0
20211022161502,0.0,0.0,0.0,0.0,0.0,0.0,0.0,100.0
20211022161532,0.0,0.0,0.0,0.0,0.0,0.0,0.0,100.0
20211022161602,0.0,0.0,0.0,0.0,0.0,0.0,0.0,100.0
20211022161632,0.0,0.0,0.0,0.0,0.0,0.0,0.0,100.0
20211022161702,0.0,0.0,0.0,0.0,0.0,0.0,0.0,100.0
20211022161732,0.0,0.0,0.0,0.0,0.0,0.0,0.0,100.0
20211022161802,0.0,0.0,0.0,0.0,0.0,0.0,0.0,100.0
20211022161832,0.0,0.0,0.0,0.0,0.0,0.0,0.0,100.0
20211022161902,0.0,0.0,0.0,0.0,0.0,0.0,0.0,100.0
20211022161932,0.0,0.0,0.0,0.0,0.0,0.0,0.0,100.0
20211022162002,0.0,0.0,0.0,0.0,0.0,0.0,0.0,100.0
20211022162032,0.0,0.0,0.0,0.0,0.0,0.0,0.0,100.0
20211022162102,0.0,0.0,0.0,0.0,0.0,0.1,0.1,99.8
20211022162132,0.0,0.0,0.0,0.0,0.0,0.2,0.6,99.2
20211022162332,0.0,0.0,0.0,0.0,0.0,0.0,0.0,100.0
20211022162402,0.0,0.0,0.0,0.0,0.0,0.0,0.0,100.0
20211022162432,0.0,0.0,0.0,0.0,0.0,0.0,0.0,100.0
20211022162502,0.0,0.0,0.0,0.0,0.0,0.0,0.0,100.0
20211022162532,0.0,0.0,0.0,0.0,0.0,0.0,0.0,100.0
20211022162602,0.0,0.0,0.0,0.0,0.0,0.0,0.0,100.0
20211022162632,0.0,0.0,0.0,0.0,0.0,0.0,0.0,100.0
20211022162702,0.0,0.0,0.0,0.0,0.0,0.0,0.0,100.0
20211022162732,0.0,0.0,0.0,0.0,0.0,0.0,0.0,100.0
20211022162802,0.0,0.0,0.0,0.0,0.0,0.0,0.0,100.0
20211022162832,0.0,0.0,0.0,0.0,0.0,0.0,0.0,100.0
20211022162902,0.0,0.0,0.0,0.0,0.0,0.0,0.0,100.0
20211022162932,0.0,0.0,0.0,0.0,0.0,0.0,0.0,100.0
20211022163002,0.0,0.0,0.0,0.0,0.0,0.0,0.0,100.0
20211022163032,0.0,0.0,0.0,0.0,0.0,0.0,0.1,99.9
20211022163102,0.0,0.0,0.0,0.0,0.0,0.0,0.1,99.9
20211022163132,0.0,0.0,0.0,0.0,0.0,0.0,0.2,99.8
20211022163202,0.0,0.0,0.0,0.0,0.1,0.0,0.3,99.6
20211022163232,0.0,0.0,0.0,0.0,0.0,0.0,0.4,99.6
20211022163302,0.0,0.0,0.0,0.0,0.0,0.0,0.0,100.0
20211022163332,0.0,0.0,0.0,0.0,0.1,0.0,0.1,99.8
20211022163402,0.0,0.0,0.0,0.0,0.0,0.0,0.3,99.7
20211022163432,0.0,0.0,0.0,0.1,0.1,0.0,0.4,99.4
20211022163502,0.0,0.0,0.0,0.1,0.3,0.0,0.5,99.1
20211022163532,0.0,0.0,0.0,0.2,0.3,0.0,1.2,98.3
20211022163602,0.0,0.0,0.0,1.5,0.8,0.0,10.5,87.2
20211022163632,0.0,0.0,0.3,1.9,2.9,0.0,8.1,86.8
20211022163702,0.0,0.0,0.1,0.3,1.1,0.0,21.9,76.6
20211022163732,0.0,0.0,1.2,6.5,1.6,0.0,51.2,39.6
20211022163802,0.0,0.0,0.2,3.4,0.3,0.0,46.2,49.9
20211022163832,0.0,0.0,1.6,23.7,0.8,0.0,61.1,12.7
20211022163902,0.0,0.0,1.0,2.5,3.2,0.0,10.5,82.7
20211022163932,0.0,0.0,0.3,5.8,4.3,0.0,60.1,29.4
20211022164002,0.0,0.0,0.3,2.7,0.9,0.0,91.7,4.3
20211022164032,0.0,0.0,0.3,3.7,0.7,0.0,40.6,54.6
20211022164102,0.0,0.0,1.1,5.6,0.7,0.0,43.9,48.6
20211022164132,0.0,0.0,4.2,10.6,0.9,0.0,53.9,30.4
20211022164202,0.0,0.0,14.3,12.3,0.2,0.0,48.4,24.7
20211022164232,0.0,0.0,2.5,27.6,0.0,0.0,55.8,14.1
20211022164302,0.0,0.0,2.8,3.8,0.0,0.0,86.9,6.5
20211022164332,0.0,0.0,25.2,12.8,0.1,0.0,46.7,15.2
20211022164402,0.0,0.0,6.8,16.2,0.1,0.0,65.1,11.9
20211022164432,0.0,0.0,3.2,13.7,0.0,0.0,81.0,2.0
20211022164502,0.0,0.0,1.4,14.6,0.0,0.0,80.0,4.0
20211022164532,0.0,0.0,0.5,53.8,0.0,0.0,44.1,1.5
20211022164603,0.0,0.0,2.8,56.7,0.0,0.0,39.4,1.1
20211022164633,0.0,0.0,4.8,77.0,0.0,0.0,13.8,4.3
20211022164703,0.0,0.0,0.9,37.6,0.0,0.0,58.5,3.0
20211022164733,0.0,0.0,0.4,9.2,0.0,0.0,89.8,0.7
20211022164803,0.0,0.0,2.2,28.2,0.1,0.0,60.7,8.8
20211022164833,0.0,0.0,1.0,10.4,0.0,0.0,87.6,1.0
20211022164903,0.0,0.0,0.8,4.8,0.0,0.0,93.9,0.5
20211022164933,0.0,0.0,1.5,32.4,0.0,0.0,64.7,1.5
20211022165003,0.0,0.0,0.3,27.8,0.0,0.0,71.7,0.2
20211022165033,0.0,0.0,0.7,86.2,0.0,0.0,12.3,0.8
20211022165103,0.0,0.0,1.8,53.3,0.1,0.0,41.5,3.4
20211022165133,0.0,0.0,2.3,80.0,0.1,0.0,15.5,2.1
20211022165203,0.0,0.0,2.1,90.5,0.0,0.0,5.8,1.6
20211022165233,0.0,0.0,3.0,68.2,0.0,0.0,27.7,1.2
20211022165303,0.0,0.0,13.1,45.1,0.1,0.0,39.6,2.1
20211022165333,0.0,0.0,4.5,39.7,0.1,0.0,53.3,2.4
20211022165403,0.0,0.0,1.2,38.4,0.0,0.0,59.7,0.7
20211022165433,0.0,0.0,0.5,27.4,0.0,0.0,65.0,7.1
20211022165503,0.0,0.0,0.8,41.7,0.0,0.0,54.1,3.5
20211022165533,0.0,0.0,0.3,2.2,0.0,0.0,96.5,0.9
20211022165603,0.0,0.0,0.7,4.2,0.0,0.0,91.7,3.5
20211022165633,0.0,0.0,8.7,11.4,0.0,0.0,67.0,12.9
20211022165703,0.0,0.0,0.7,5.0,0.0,0.0,92.8,1.5
20211022165733,0.0,0.0,1.1,17.1,0.0,0.0,78.6,3.2
20211022165803,0.0,0.0,0.4,5.6,0.0,0.0,90.7,3.3
20211022165833,0.0,0.0,0.0,5.6,0.0,0.0,91.1,3.2
20211022165903,0.0,0.0,0.0,5.6,0.0,0.0,93.5,0.8
20211022165933,0.0,0.0,0.0,7.9,0.0,0.0,90.1,2.0
20211022170003,0.0,0.0,0.0,3.7,0.0,0.0,94.2,2.1
20211022170033,0.0,0.0,0.1,8.4,0.0,0.0,87.4,4.1
20211022170103,0.0,0.0,0.1,8.2,0.0,0.0,89.5,2.3
20211022170133,0.0,0.0,0.7,6.2,0.0,0.0,85.7,7.3
20211022170203,0.0,0.0,0.6,46.4,0.0,0.0,51.3,1.6
20211022170233,0.0,0.0,0.6,42.2,0.0,0.0,50.8,6.4
20211022170303,0.0,0.0,0.9,20.7,0.0,0.0,64.8,13.5
20211022170333,0.0,0.0,1.1,23.7,0.0,0.0,66.9,8.3
20211022170403,0.0,0.0,0.2,12.4,0.0,0.0,83.6,3.7
20211022170433,0.0,0.0,0.3,20.9,0.1,0.0,71.5,7.2
20211022170503,0.0,0.0,0.9,36.1,0.1,0.0,48.4,14.4
20211022170533,0.0,0.0,0.1,5.7,0.0,0.0,88.8,5.4
20211022170603,0.0,0.0,0.7,8.1,0.1,0.0,87.7,3.4
20211022170633,0.0,0.0,11.3,32.1,0.1,0.0,54.8,1.7
20211022170703,0.0,0.0,30.4,28.0,0.5,0.0,37.0,4.0
20211022170733,0.0,0.0,1.1,28.2,0.2,0.0,18.4,52.1
20211022170803,0.0,0.0,0.3,32.2,0.0,0.0,57.4,10.0
20211022170833,0.0,0.0,0.1,4.2,0.0,0.0,94.2,1.5
20211022170903,0.0,0.0,0.6,18.1,0.0,0.0,43.6,37.6
20211022170933,0.0,0.0,0.3,28.8,0.3,0.0,64.8,5.9
20211022171003,0.0,0.0,0.8,39.4,0.3,0.0,39.7,19.8
20211022171033,0.0,0.0,0.0,12.2,0.0,0.0,86.8,1.0
20211022171103,0.0,0.0,0.4,26.8,0.1,0.0,70.3,2.5
20211022171133,0.0,0.0,0.0,2.9,0.0,0.0,96.7,0.4
20211022171203,0.0,0.0,0.0,4.5,0.0,0.0,94.6,0.8
20211022171233,0.0,0.0,0.3,3.3,0.0,0.0,95.9,0.5
20211022171303,0.0,0.0,0.0,7.3,0.0,0.0,92.4,0.3
20211022171333,0.0,0.0,0.0,8.5,0.0,0.0,90.5,0.9
20211022171403,0.0,0.0,0.0,4.2,0.0,0.0,95.5,0.2
20211022171433,0.0,0.0,0.0,9.1,0.0,0.0,90.4,0.5
20211022171503,0.0,0.0,0.1,4.8,0.0,0.0,94.1,0.9
20211022171533,0.0,0.0,0.0,1.2,0.0,0.0,98.4,0.3
20211022171603,0.0,0.0,0.0,1.0,0.0,0.0,98.7,0.3
20211022171633,0.0,0.0,0.0,0.9,0.0,0.0,99.0,0.1
20211022171703,0.0,0.0,0.0,0.9,0.0,0.0,99.0,0.1
20211022171733,0.0,0.0,0.0,0.1,0.0,0.0,99.8,0.1
20211022171803,0.0,0.0,0.0,0.7,0.0,0.0,99.0,0.3
20211022171833,0.0,0.0,0.0,0.1,0.0,0.0,99.5,0.4
20211022171903,0.0,0.0,0.0,0.1,0.0,0.0,99.6,0.3
20211022171933,0.0,0.0,0.0,0.1,0.0,0.0,99.3,0.5
20211022172004,0.0,0.0,0.2,1.0,0.0,0.0,98.4,0.4
20211022172034,0.0,0.0,0.1,0.7,0.0,0.0,98.3,0.9
20211022172104,0.0,0.0,3.2,5.6,0.0,0.0,87.8,3.4
20211022172134,0.0,0.0,0.6,1.1,0.0,0.0,97.6,0.7
20211022172204,0.0,0.0,5.8,2.7,0.0,0.0,88.5,3.0
20211022172234,0.0,0.0,2.6,1.2,0.0,0.0,92.4,3.8
20211022172304,0.0,0.0,0.8,0.2,0.0,0.0,98.1,1.0
20211022172334,0.0,0.0,0.1,0.1,0.0,0.0,99.0,0.7
20211022172404,0.0,0.0,0.1,0.1,0.0,0.0,99.6,0.2
20211022172434,0.0,0.0,0.7,2.3,0.0,0.0,95.8,1.2
20211022172504,0.0,0.0,0.1,0.1,0.0,0.0,99.5,0.3
20211022172534,0.0,0.0,0.5,1.2,0.0,0.0,94.2,4.1
20211022172604,0.0,0.0,0.3,2.6,0.1,0.0,92.4,4.5
20211022172634,0.0,0.0,0.1,0.9,0.0,0.0,96.1,2.8
20211022172704,0.0,0.0,0.2,2.5,0.0,0.0,90.0,7.2
20211022172734,0.0,0.0,0.4,1.5,0.0,0.0,95.5,2.5
20211022172804,0.0,0.0,0.1,1.8,0.0,0.0,95.9,2.2
20211022172834,0.0,0.0,0.0,0.5,0.1,0.0,96.5,2.9
20211022172904,0.0,0.0,0.0,0.4,0.0,0.0,93.2,6.3
20211022172934,0.0,0.0,0.0,0.6,0.1,0.0,69.6,29.6
20211022173004,0.0,0.0,0.0,0.8,0.0,0.0,75.5,23.6
20211022173034,0.0,0.0,0.0,1.6,0.2,0.0,57.8,40.4
20211022173104,0.0,0.0,0.0,0.3,0.0,0.0,94.7,4.9
20211022173134,0.0,0.0,0.0,0.8,0.1,0.0,77.0,22.1
20211022173204,0.0,0.0,0.0,0.1,0.1,0.0,96.7,3.1
20211022173234,0.0,0.0,0.0,0.0,0.0,0.0,98.8,1.2
20211022173304,0.0,0.0,0.0,0.1,0.0,0.0,99.7,0.2
20211022173334,0.0,0.0,0.0,0.6,0.1,0.0,97.6,1.7
20211022173404,0.0,0.0,0.0,2.4,0.0,0.0,74.4,23.2
20211022173434,0.0,0.0,0.0,1.2,0.1,0.0,97.2,1.5
20211022173504,0.0,0.0,0.0,0.0,0.0,0.0,98.8,1.2
20211022173534,0.0,0.0,0.0,0.0,0.0,0.0,99.4,0.6
20211022173604,0.0,0.0,0.0,0.1,0.0,0.0,97.8,2.0
20211022173634,0.0,0.0,0.0,0.1,0.0,0.0,99.6,0.3
20211022173704,0.0,0.0,0.0,0.0,0.0,0.0,99.6,0.4
20211022173734,0.0,0.0,0.0,0.0,0.0,0.0,99.9,0.1
20211022173804,0.0,0.0,0.0,0.0,0.0,0.0,100.0,0.0
20211022173834,0.0,0.0,0.0,0.1,0.0,0.0,99.5,0.3
20211022173904,0.0,0.0,0.0,0.1,0.1,0.0,99.2,0.6
20211022173934,0.0,0.0,0.0,0.1,0.0,0.0,99.2,0.7
20211022174004,0.0,0.0,0.0,0.0,0.0,0.0,99.4,0.5
20211022174034,0.0,0.0,0.0,0.0,0.0,0.0,99.6,0.4
20211022174104,0.0,0.0,0.0,0.1,0.0,0.0,99.3,0.5
20211022174134,0.0,0.0,0.0,0.1,0.0,0.0,98.7,1.2
20211022174204,0.0,0.0,0.0,0.0,0.0,0.0,99.1,0.8
20211022174234,0.0,0.0,0.0,0.1,0.0,0.0,98.0,1.9
20211022174304,0.0,0.0,0.0,0.1,0.1,0.0,63.4,36.4
20211022174334,0.0,0.0,0.0,0.0,0.0,0.0,94.9,5.0
20211022174404,0.0,0.0,0.0,0.2,0.4,0.0,49.9,49.5
20211022174434,0.0,0.0,0.1,0.2,0.4,0.0,50.0,49.4
20211022174504,0.0,0.0,0.3,0.5,0.6,0.0,68.2,30.4
20211022174534,0.0,0.0,0.1,0.1,0.4,0.0,91.3,8.1
20211022174604,0.0,0.0,0.1,0.1,0.4,0.0,87.3,12.0
20211022174634,0.0,0.0,0.1,0.1,0.4,0.0,92.5,6.9
20211022174704,0.0,0.0,0.0,0.1,0.1,0.0,96.7,3.2
20211022174735,0.0,0.0,0.0,0.1,0.0,0.0,97.1,2.7
20211022174805,0.0,0.0,0.0,0.2,0.0,0.0,96.4,3.4
20211022174835,0.0,0.0,0.0,0.2,0.2,0.0,92.4,7.2
20211022174905,0.0,0.0,0.0,0.0,0.0,0.0,99.0,1.0
20211022174935,0.0,0.0,0.0,0.1,0.0,0.0,88.5,11.3
20211022175005,0.0,0.0,0.0,0.2,0.0,0.0,93.3,6.4
20211022175035,0.0,0.0,0.0,0.0,0.0,0.0,99.0,0.9
20211022175105,0.0,0.0,0.0,0.4,0.4,0.0,82.2,16.9
20211022175135,0.0,0.0,0.0,0.4,0.4,0.0,78.7,20.4
20211022175205,0.0,0.0,0.1,0.9,0.1,0.0,83.7,15.1
20211022175235,0.0,0.0,0.1,1.0,0.4,0.0,87.5,11.0
20211022175305,0.0,0.0,0.2,1.7,0.6,0.0,80.1,17.4
20211022175335,0.0,0.0,0.2,0.5,0.2,0.0,77.2,22.0
20211022175405,0.0,0.0,0.1,0.6,0.0,0.0,45.8,53.5
20211022175435,0.0,0.0,0.1,2.3,0.1,0.0,63.3,34.2
20211022175505,0.0,0.0,0.0,0.4,0.0,0.0,41.1,58.4
20211022175535,0.0,0.0,0.0,0.1,0.0,0.0,79.0,20.9
20211022175605,0.0,0.0,0.0,0.1,0.0,0.0,98.0,1.9
20211022175635,0.0,0.0,0.0,0.3,0.0,0.0,96.5,3.2
20211022175705,0.0,0.0,0.1,0.1,0.0,0.0,87.6,12.2
20211022175735,0.0,0.0,0.2,1.6,0.0,0.0,20.1,78.1
20211022175805,0.0,0.0,0.2,1.0,0.0,0.0,42.0,56.8
20211022175835,0.0,0.0,0.5,3.1,0.0,0.0,53.5,42.9
20211022175905,0.0,0.0,0.1,6.3,0.0,0.0,71.0,22.5
20211022175935,0.0,0.0,0.4,3.7,0.1,0.0,43.6,52.1
20211022180005,0.0,0.0,0.7,13.7,0.2,0.0,38.3,47.1
20211022180035,0.0,0.0,0.0,0.4,0.0,0.0,97.9,1.7
20211022180105,0.0,0.0,0.1,13.3,0.1,0.0,74.6,11.8
20211022180135,0.0,0.0,0.1,4.3,0.0,0.0,92.1,3.4
20211022180205,0.0,0.0,0.0,1.3,0.0,0.0,75.9,22.7
20211022180235,0.0,0.0,0.0,0.3,0.0,0.0,97.2,2.4
20211022180305,0.0,0.0,0.0,0.1,0.0,0.0,98.6,1.2
20211022180335,0.0,0.0,0.1,1.1,0.0,0.0,93.9,4.9
20211022180405,0.0,0.0,0.0,0.3,0.0,0.0,98.7,0.9
20211022180435,0.0,0.0,0.1,1.1,0.0,0.0,97.4,1.4
20211022180505,0.0,0.0,0.6,0.7,0.5,0.0,94.4,3.7
20211022180535,0.0,0.0,0.3,0.3,0.5,0.0,92.2,6.7
20211022180605,0.0,0.0,0.2,0.1,0.4,0.0,79.9,19.4
20211022180635,0.0,0.0,0.3,0.5,2.1,0.0,31.7,65.3
20211022180705,0.0,0.0,0.9,0.6,0.2,0.0,67.7,30.7
20211022180735,0.0,0.0,0.1,0.3,0.1,0.0,98.9,0.7
20211022180805,0.0,0.0,0.1,0.7,0.0,0.0,93.6,5.5
20211022180835,0.0,0.0,0.1,1.0,0.1,0.0,97.1,1.8
20211022180905,0.0,0.0,0.1,0.2,0.0,0.0,94.2,5.5
20211022180935,0.0,0.0,0.1,0.1,0.0,0.0,99.0,0.8
20211022181005,0.0,0.0,0.1,0.5,0.0,0.0,98.1,1.3
20211022181035,0.0,0.0,0.2,0.5,0.0,0.0,98.7,0.6
20211022181105,0.0,0.0,0.1,0.0,0.0,0.0,99.3,0.6
20211022181135,0.0,0.0,0.4,0.0,0.0,0.0,97.5,2.0
20211022181205,0.0,0.0,0.1,0.0,0.0,0.0,99.4,0.5
20211022181235,0.0,0.0,0.2,0.1,0.0,0.0,98.8,0.9
20211022181305,0.0,0.0,0.6,0.1,0.0,0.0,97.8,1.4
20211022181335,0.0,0.0,1.3,0.1,0.0,0.0,96.8,1.8
20211022181405,0.0,0.0,0.3,0.1,0.0,0.0,94.6,5.1
20211022181435,0.0,0.0,0.1,0.1,0.0,0.0,98.9,0.9
20211022181505,0.0,0.0,0.2,0.4,0.0,0.0,97.0,2.4
20211022181535,0.0,0.0,0.0,0.0,0.0,0.0,99.9,0.1
20211022181605,0.0,0.0,0.0,0.0,0.0,0.0,100.0,0.0
20211022181635,0.0,0.0,0.0,0.0,0.0,0.0,99.6,0.3
20211022181705,0.0,0.0,0.0,0.0,0.0,0.0,99.9,0.1
20211022181735,0.0,0.0,0.0,0.0,0.0,0.0,100.0,0.0
20211022181805,0.0,0.0,0.0,0.0,0.0,0.0,99.9,0.1
20211022181835,0.0,0.0,0.0,0.0,0.0,0.0,99.9,0.1
20211022181905,0.0,0.0,0.0,0.0,0.0,0.0,99.8,0.2
20211022181935,0.0,0.0,0.0,0.0,0.0,0.0,99.9,0.1
20211022182005,0.0,0.0,0.0,0.0,0.0,0.0,99.7,0.3
20211022182035,0.0,0.0,0.0,0.0,0.0,0.0,99.0,1.0
20211022182105,0.0,0.0,0.1,0.0,0.0,0.0,97.3,2.5
20211022182135,0.0,0.0,0.1,0.0,0.0,0.0,97.1,2.7
20211022182205,0.0,0.0,0.0,0.0,0.0,0.0,99.1,0.9
20211022182236,0.0,0.0,0.0,0.0,0.0,0.0,97.6,2.3
20211022182306,0.0,0.0,0.0,0.0,0.0,0.0,98.6,1.3
20211022182336,0.0,0.0,0.1,0.0,0.0,0.0,96.5,3.4
20211022182406,0.0,0.0,0.0,0.0,0.0,0.0,99.6,0.4
20211022182436,0.0,0.0,0.1,0.0,0.0,0.0,99.6,0.3
20211022182506,0.0,0.0,0.0,0.0,0.0,0.0,99.9,0.1
20211022182536,0.0,0.0,0.0,0.0,0.0,0.0,99.9,0.1
20211022182606,0.0,0.0,0.0,0.0,0.0,0.0,99.8,0.2
20211022182636,0.0,0.0,0.0,0.0,0.0,0.0,99.2,0.8
20211022182706,0.0,0.0,0.0,0.0,0.0,0.0,100.0,0.0
20211022182736,0.0,0.0,0.0,0.0,0.0,0.0,100.0,0.0
20211022182806,0.0,0.0,0.0,0.0,0.0,0.0,100.0,0.0
20211022182836,0.0,0.0,0.0,0.0,0.0,0.0,100.0,0.0
20211022182906,0.0,0.0,0.0,0.0,0.0,0.0,99.9,0.1
20211022182936,0.0,0.0,0.0,0.0,0.0,0.0,99.9,0.1
20211022183006,0.0,0.0,0.0,0.0,0.0,0.0,99.7,0.3
20211022183036,0.0,0.0,0.0,0.0,0.0,0.0,99.8,0.2
20211022183106,0.0,0.0,0.0,0.0,0.0,0.0,100.0,0.0
20211022183136,0.0,0.0,0.0,0.0,0.0,0.0,100.0,0.0
20211022183206,0.0,0.0,0.0,0.0,0.0,0.0,100.0,0.0
20211022183236,0.0,0.0,0.0,0.0,0.0,0.0,99.7,0.3
20211022183306,0.0,0.0,0.0,0.0,0.0,0.0,98.7,1.3
20211022183336,0.0,0.0,0.2,0.0,0.0,0.0,99.2,0.6
20211022183406,0.0,0.0,0.1,0.3,0.0,0.0,98.8,0.7
20211022183436,0.0,0.0,0.0,0.0,0.0,0.0,100.0,0.0
20211022183506,0.0,0.0,0.0,0.0,0.0,0.0,99.8,0.1
20211022183536,0.0,0.0,0.0,0.0,0.0,0.0,100.0,0.0
20211022183606,0.0,0.0,0.0,0.0,0.0,0.0,100.0,0.0
20211022183636,0.0,0.0,0.1,0.0,0.0,0.0,99.8,0.1
20211022183706,0.0,0.0,0.1,0.0,0.0,0.0,99.8,0.1
20211022183736,0.0,0.0,0.0,0.0,0.0,0.0,100.0,0.0
20211022183806,0.0,0.0,0.0,0.0,0.0,0.0,100.0,0.0
20211022183836,0.0,0.0,0.0,0.0,0.1,0.0,99.9,0.0
20211022183906,0.0,0.0,0.0,0.0,0.0,0.0,99.9,0.0
20211022183936,0.0,0.0,0.0,0.0,0.0,0.0,99.9,0.1
20211022184006,0.0,0.0,0.0,0.0,0.0,0.0,100.0,0.0
20211022184036,0.0,0.0,0.0,0.0,0.0,0.0,99.9,0.1
20211022184106,0.0,0.0,0.0,0.0,0.0,0.0,99.9,0.1
20211022184136,0.0,0.0,0.0,0.0,0.0,0.0,99.9,0.1
20211022184206,0.0,0.0,0.0,0.0,0.0,0.0,99.9,0.1
20211022184236,0.0,0.0,0.0,0.0,0.0,0.0,100.0,0.0
20211022184306,0.0,0.0,0.0,0.0,0.0,0.0,100.0,0.0
20211022184336,0.0,0.0,0.0,0.0,0.0,0.0,99.8,0.2
20211022184406,0.0,0.0,0.0,0.0,0.0,0.0,99.9,0.1
20211022184436,0.0,0.0,0.0,0.0,0.0,0.0,99.9,0.1
20211022184506,0.0,0.0,0.0,0.0,0.0,0.0,99.9,0.1
20211022184536,0.0,0.0,0.0,0.0,0.0,0.0,99.9,0.1
20211022184606,0.0,0.0,0.0,0.0,0.0,0.0,99.9,0.1
20211022184636,0.0,0.0,0.0,0.0,0.0,0.0,98.3,1.7
20211022184706,0.0,0.0,0.1,0.0,0.0,0.0,98.7,1.2
20211022184736,0.0,0.0,0.0,0.0,0.0,0.0,91.1,8.9
20211022184806,0.0,0.0,0.0,0.0,0.0,0.0,98.4,1.6
20211022184836,0.0,0.0,0.0,0.0,0.0,0.0,100.0,0.0
20211022184906,0.0,0.0,0.0,0.0,0.0,0.0,99.8,0.1
20211022184936,0.0,0.0,0.0,0.0,0.0,0.0,99.6,0.3
20211022185006,0.0,0.0,0.0,0.0,0.0,0.0,99.9,0.1
20211022185036,0.0,0.0,0.0,0.0,0.0,0.0,100.0,0.0
20211022185106,0.0,0.0,0.0,0.0,0.0,0.0,99.9,0.1
20211022185136,0.0,0.0,0.0,0.0,0.0,0.0,100.0,0.0
20211022185206,0.0,0.0,0.0,0.0,0.0,0.0,99.9,0.1
20211022185236,0.0,0.0,0.0,0.0,0.0,0.0,99.9,0.1
20211022185306,0.0,0.0,0.0,0.0,0.0,0.0,99.9,0.1
20211022185336,0.0,0.0,0.0,0.0,0.0,0.0,99.6,0.4
20211022185406,0.0,0.0,0.0,0.0,0.0,0.0,99.9,0.1
20211022185436,0.0,0.0,0.0,0.0,0.3,0.0,99.6,0.0
20211022185506,0.0,0.0,0.0,0.0,0.2,0.0,99.8,0.0
20211022185536,0.0,0.0,0.0,0.0,0.1,0.0,99.9,0.0
20211022185606,0.0,0.0,0.0,0.0,0.5,0.0,99.4,0.1
20211022185637,0.0,0.0,0.0,0.0,0.5,0.0,99.4,0.1
20211022185707,0.0,0.0,0.0,0.0,1.7,0.0,98.0,0.2
20211022185737,0.0,0.0,0.0,0.0,0.4,0.0,99.5,0.1
20211022185807,0.0,0.0,0.1,0.0,1.5,0.0,98.3,0.1
20211022185837,0.0,0.0,0.1,0.0,0.6,0.0,98.8,0.5
20211022185907,0.0,0.0,0.0,0.0,1.6,0.0,98.2,0.2
20211022185937,0.0,0.0,0.0,0.0,0.7,0.0,99.2,0.2
20211022190007,0.0,0.0,0.0,0.0,0.2,0.0,99.6,0.2
20211022190037,0.0,0.0,0.0,0.0,0.3,0.0,99.6,0.1
20211022190107,0.0,0.0,0.0,0.0,0.3,0.0,99.6,0.1
20211022190137,0.0,0.0,0.0,0.0,0.3,0.0,99.4,0.2
20211022190207,0.0,0.0,0.0,0.0,0.2,0.0,98.7,1.1
20211022190237,0.0,0.0,0.0,0.0,0.0,0.0,99.9,0.0
20211022190307,0.0,0.0,0.0,0.0,0.1,0.0,99.9,0.1
20211022190337,0.0,0.0,0.0,0.0,0.3,0.0,99.6,0.1
20211022190407,0.0,0.0,0.0,0.0,0.6,0.0,99.4,0.0
20211022190437,0.0,0.0,0.0,0.0,0.5,0.0,99.5,0.0
20211022190507,0.0,0.0,0.0,0.0,0.4,0.0,99.6,0.0
20211022190537,0.0,0.0,0.0,0.0,5.2,0.0,94.6,0.2
20211022190607,0.0,0.0,0.0,0.0,3.3,0.0,96.4,0.2
20211022190637,0.0,0.0,0.0,0.0,29.5,0.0,69.9,0.5
20211022190707,0.0,0.0,0.1,0.0,56.4,0.0,42.3,1.2
20211022190737,0.0,0.0,0.2,0.0,17.1,0.0,80.3,2.5
20211022190807,0.0,0.0,0.2,0.0,42.2,0.0,51.6,6.0
20211022190837,0.1,0.0,0.1,0.0,54.7,0.0,39.3,5.7
20211022190907,0.1,0.0,0.0,0.0,35.6,0.0,59.5,4.7
20211022190937,0.2,0.0,0.1,0.0,28.1,0.0,62.9,8.7
20211022191007,0.2,0.0,0.2,0.0,65.6,0.2,29.0,4.7
20211022191037,0.2,0.0,0.1,0.0,81.3,0.1,15.4,2.8
20211022191107,0.1,0.0,0.1,0.0,72.5,0.0,7.3,20.0
20211022191137,0.3,0.0,0.0,0.0,47.0,0.1,44.8,7.8
20211022191207,0.3,0.0,0.1,0.0,27.4,0.2,47.7,24.4
20211022191237,0.2,0.0,0.0,0.0,58.3,0.1,22.8,18.5
20211022191307,0.3,0.0,0.0,0.0,60.8,0.0,17.8,21.0
20211022191337,0.1,0.0,0.0,0.0,72.2,0.1,21.3,6.2
20211022191407,0.4,0.0,0.0,0.0,51.5,0.1,31.0,17.0
20211022191437,0.1,0.0,0.0,0.0,83.0,0.0,7.9,9.0
20211022191507,0.1,0.0,0.0,0.0,87.7,0.0,6.1,6.0
20211022191537,0.1,0.0,0.0,0.0,61.9,0.0,29.9,8.1
20211022191607,0.2,0.0,0.0,0.0,68.1,0.0,23.8,7.9
20211022191637,0.1,0.0,0.0,0.0,54.5,0.0,38.7,6.7
20211022191707,0.2,0.0,0.0,0.0,80.3,0.0,13.6,5.9
20211022191737,0.3,0.0,0.0,0.0,82.5,0.0,12.6,4.6
20211022191807,0.1,0.0,0.0,0.0,86.4,0.0,3.2,10.3
20211022191837,0.1,0.0,0.0,0.0,76.5,0.0,11.5,11.8
20211022191907,0.0,0.0,0.0,0.0,94.9,0.0,2.3,2.8
20211022191937,0.2,0.0,0.0,0.0,72.4,0.0,16.7,10.7
20211022192007,0.1,0.0,0.0,0.0,75.0,0.0,6.9,18.0
20211022192037,0.0,0.0,0.0,0.0,55.5,0.0,3.5,41.0
20211022192107,0.0,0.0,0.0,0.0,26.2,0.0,2.1,71.7
20211022192137,0.0,0.0,0.0,0.0,13.8,0.0,2.7,83.5
20211022192207,0.0,0.0,0.0,0.0,30.8,0.0,1.1,68.0
20211022192237,0.0,0.0,0.0,0.0,48.6,0.0,0.9,50.4
20211022192307,0.0,0.0,0.0,0.0,55.1,0.0,0.5,44.4
20211022192337,0.0,0.0,0.0,0.0,58.3,0.0,0.2,41.5
20211022192408,0.0,0.0,0.0,0.0,14.3,0.0,0.3,85.4
20211022192438,0.0,0.0,0.0,0.0,24.1,0.0,1.4,74.6
20211022192508,0.0,0.0,0.0,0.0,7.9,0.0,0.1,92.1
20211022192538,0.0,0.0,0.0,0.0,8.7,0.0,0.2,91.1
20211022192608,0.0,0.0,0.0,0.0,10.5,0.0,0.1,89.4
20211022192638,0.0,0.0,0.0,0.0,18.2,0.0,4.6,77.2
20211022192708,0.0,0.0,0.0,0.0,4.2,0.0,0.2,95.6
20211022192738,0.0,0.0,0.0,0.0,8.1,0.0,0.8,91.1
20211022192808,0.0,0.0,0.0,0.0,9.8,0.0,7.2,82.9
20211022192838,0.0,0.0,0.0,0.0,12.3,0.0,1.4,86.3
20211022192908,0.0,0.0,0.0,0.0,40.2,0.0,0.2,59.6
20211022192938,0.1,0.0,0.0,0.0,62.3,0.0,2.8,34.8
20211022193008,0.0,0.0,0.0,0.0,10.8,0.0,0.5,88.7
20211022193038,0.0,0.0,0.0,0.0,10.5,0.0,1.5,88.0
20211022193108,0.0,0.0,0.0,0.0,0.4,0.0,0.0,99.6
20211022193138,0.0,0.0,0.0,0.0,3.7,0.0,0.2,96.1
20211022193208,0.0,0.0,0.0,0.0,5.2,0.0,0.2,94.6
20211022193238,0.0,0.0,0.0,0.0,4.5,0.0,0.1,95.4
20211022193308,0.0,0.0,0.0,0.0,5.4,0.0,0.1,94.6
20211022193338,0.0,0.0,0.0,0.0,4.9,0.0,0.3,94.8
20211022193408,0.0,0.0,0.0,0.0,0.9,0.0,0.0,99.1
20211022193438,0.0,0.0,0.0,0.0,0.5,0.0,0.1,99.4
20211022193508,0.0,0.0,0.0,0.0,1.1,0.0,0.0,98.9
20211022193538,0.0,0.0,0.0,0.0,1.3,0.0,0.1,98.7
20211022193608,0.0,0.0,0.0,0.0,0.6,0.0,0.0,99.4
20211022193638,0.0,0.0,0.0,0.0,0.8,0.0,0.0,99.2
20211022193708,0.0,0.0,0.0,0.0,6.8,0.0,0.0,93.2
20211022193738,0.0,0.0,0.0,0.0,7.0,0.0,0.0,93.0
20211022193808,0.0,0.0,0.0,0.0,10.0,0.0,0.0,90.0
20211022193838,0.0,0.0,0.0,0.0,0.8,0.0,0.0,99.2
20211022193908,0.0,0.0,0.0,0.0,1.6,0.0,0.0,98.4
20211022193938,0.0,0.0,0.0,0.0,2.2,0.0,0.0,97.7
20211022194008,0.0,0.0,0.0,0.0,0.9,0.0,0.0,99.1
20211022194038,0.0,0.0,0.0,0.0,3.5,0.0,0.0,96.5
20211022194108,0.0,0.0,0.0,0.0,0.7,0.0,0.0,99.3
20211022194138,0.0,0.0,0.0,0.0,1.0,0.0,0.0,99.0
20211022194208,0.0,0.0,0.0,0.0,2.0,0.0,0.0,98.0
20211022194238,0.0,0.0,0.0,0.0,0.1,0.0,0.0,99.9
20211022194308,0.0,0.0,0.0,0.0,0.1,0.0,0.0,99.9
20211022194338,0.0,0.0,0.0,0.0,0.1,0.0,0.0,99.9
20211022194408,0.0,0.0,0.0,0.0,0.4,0.0,0.0,99.5
20211022194438,0.0,0.0,0.0,0.0,0.5,0.0,0.0,99.5
20211022194508,0.0,0.0,0.0,0.0,0.6,0.0,0.0,99.4
20211022194538,0.0,0.0,0.0,0.0,1.1,0.0,0.0,98.9
20211022194608,0.0,0.0,0.0,0.0,0.3,0.0,0.1,99.6
20211022194638,0.0,0.0,0.0,0.0,1.4,0.0,0.0,98.6
20211022194708,0.0,0.0,0.0,0.0,0.4,0.0,0.0,99.6
20211022194738,0.0,0.0,0.0,0.0,0.3,0.0,0.0,99.7
20211022194808,0.0,0.0,0.0,0.0,3.0,0.0,0.0,97.0
20211022194838,0.0,0.0,0.0,0.0,1.1,0.0,0.0,98.9
20211022194908,0.0,0.0,0.0,0.0,1.7,0.0,0.0,98.3
20211022194938,0.0,0.0,0.0,0.0,0.9,0.0,0.0,99.1
20211022195008,0.0,0.0,0.0,0.0,1.1,0.0,0.0,98.9
20211022195038,0.0,0.0,0.0,0.0,0.1,0.0,0.0,99.9
20211022195108,0.0,0.0,0.0,0.0,0.2,0.0,0.0,99.8
20211022195138,0.0,0.0,0.0,0.0,0.3,0.0,0.0,99.7
20211022195208,0.0,0.0,0.0,0.0,0.5,0.0,0.0,99.5
20211022195238,0.0,0.0,0.0,0.0,0.5,0.0,0.0,99.5
20211022195308,0.0,0.0,0.0,0.0,2.8,0.0,0.0,97.2
20211022195338,0.0,0.0,0.0,0.0,0.5,0.0,0.0,99.5
20211022195408,0.0,0.0,0.0,0.0,0.9,0.0,0.0,99.1
20211022195438,0.0,0.0,0.0,0.0,2.1,0.0,0.0,97.8
20211022195508,0.0,0.0,0.0,0.0,1.6,0.0,0.0,98.4
20211022195538,0.0,0.0,0.0,0.0,7.5,0.0,0.0,92.5
20211022195608,0.0,0.0,0.0,0.0,2.8,0.0,0.1,97.1
20211022195638,0.0,0.0,0.0,0.0,4.8,0.0,0.0,95.2
20211022195708,0.0,0.0,0.0,0.0,0.8,0.0,0.0,99.2
20211022195738,0.0,0.0,0.0,0.0,2.5,0.0,0.4,97.1
20211022195809,0.0,0.0,0.0,0.0,2.5,0.0,0.1,97.4
20211022195839,0.0,0.0,0.0,0.0,2.8,0.0,1.0,96.2
20211022195909,0.0,0.0,0.0,0.0,4.2,0.0,0.1,95.7
20211022195939,0.0,0.0,0.0,0.0,9.8,0.0,0.2,90.1
20211022200009,0.0,0.0,0.0,0.0,2.6,0.0,0.0,97.4
20211022200039,0.0,0.0,0.0,0.0,7.3,0.0,0.2,92.5
20211022200109,0.0,0.0,0.0,0.0,16.9,0.0,0.5,82.7
20211022200139,0.0,0.0,0.0,0.0,19.6,0.0,0.6,79.9
20211022200209,0.0,0.0,0.0,0.0,29.4,0.0,3.1,67.5
20211022200239,0.0,0.0,0.0,0.0,11.3,0.0,0.2,88.5
20211022200309,0.0,0.0,0.0,0.0,4.4,0.0,0.6,95.0
20211022200339,0.0,0.0,0.0,0.0,1.1,0.0,1.1,97.8
20211022200409,0.0,0.0,0.0,0.0,1.7,0.0,0.3,98.0
20211022200439,0.0,0.0,0.0,0.0,2.1,0.0,1.6,96.3
20211022200509,0.0,0.0,0.0,0.0,1.2,0.0,1.5,97.3
20211022200539,0.0,0.0,0.0,0.0,1.4,0.0,2.7,95.9
20211022200609,0.0,0.0,0.0,0.0,2.2,0.0,12.4,85.4
20211022200639,0.0,0.0,0.0,0.0,1.6,0.0,13.6,84.8
20211022200709,0.0,0.0,0.0,0.0,1.7,0.0,2.8,95.5
20211022200739,0.0,0.0,0.0,0.0,0.3,0.0,5.6,94.1
20211022200809,0.0,0.0,0.0,0.0,0.4,0.0,1.1,98.5
20211022200839,0.0,0.0,0.0,0.0,0.3,0.0,2.4,97.2
20211022200909,0.0,0.0,0.0,0.0,0.0,0.0,0.2,99.7
20211022200939,0.0,0.0,0.0,0.0,0.1,0.0,0.2,99.8
20211022201009,0.0,0.0,0.0,0.0,0.0,0.0,0.1,99.8
20211022201039,0.0,0.0,0.0,0.0,0.1,0.0,0.5,99.4
20211022201109,0.0,0.0,0.0,0.0,0.1,0.0,0.8,99.1
20211022201139,0.0,0.0,0.0,0.0,0.0,0.0,0.1,99.8
20211022201209,0.0,0.0,0.0,0.0,0.2,0.0,2.1,97.7
20211022201239,0.0,0.0,0.0,0.0,0.3,0.0,1.2,98.6
20211022201309,0.0,0.0,0.0,0.0,0.2,0.0,0.3,99.5
20211022201339,0.0,0.0,0.0,0.0,0.2,0.0,1.5,98.3
20211022201409,0.0,0.0,0.0,0.0,0.8,0.0,7.2,92.0
20211022201439,0.0,0.0,0.0,0.0,1.0,0.0,4.0,95.0
20211022201509,0.0,0.0,0.0,0.0,0.6,0.0,11.1,88.2
20211022201539,0.0,0.0,0.0,0.0,0.8,0.0,9.5,89.7
20211022201609,0.0,0.0,0.0,0.0,0.5,0.0,14.1,85.4
20211022201639,0.0,0.0,0.0,0.0,0.6,0.0,14.8,84.6
20211022201709,0.0,0.0,0.0,0.0,0.7,0.0,35.9,63.4
20211022201739,0.0,0.0,0.0,0.0,0.3,0.0,53.4,46.3
20211022201809,0.0,0.0,0.0,0.0,0.0,0.0,42.5,57.4
20211022201839,0.0,0.0,0.0,0.0,0.2,0.0,31.7,68.1
20211022201909,0.0,0.0,0.0,0.0,0.0,0.0,71.4,28.6
20211022201939,0.0,0.0,0.0,0.0,0.1,0.0,37.6,62.3
20211022202009,0.0,0.0,0.0,0.0,0.1,0.0,74.0,25.9
20211022202039,0.0,0.0,0.0,0.0,0.1,0.0,11.1,88.8
20211022202109,0.0,0.0,0.0,0.0,0.1,0.0,55.0,45.0
20211022202139,0.0,0.0,0.0,0.0,0.3,0.0,12.8,86.9
20211022202209,0.0,0.0,0.0,0.0,0.5,0.0,33.7,65.8
20211022202239,0.0,0.0,0.0,0.0,0.2,0.0,33.4,66.4
20211022202309,0.0,0.0,0.0,0.0,0.3,0.0,43.8,55.9
20211022202339,0.0,0.0,0.0,0.0,0.1,0.0,23.8,76.1
20211022202409,0.0,0.0,0.0,0.0,0.1,0.0,22.2,77.7
20211022202439,0.0,0.0,0.0,0.0,0.1,0.0,1.7,98.2
20211022202509,0.0,0.0,0.0,0.0,0.1,0.0,35.2,64.7
20211022202539,0.0,0.0,0.0,0.0,0.1,0.0,13.1,86.8
20211022202609,0.0,0.0,0.0,0.0,0.0,0.0,18.0,82.0
20211022202639,0.0,0.0,0.0,0.0,0.0,0.0,36.4,63.6
20211022202709,0.0,0.0,0.0,0.0,0.0,0.0,6.7,93.3
20211022202739,0.0,0.0,0.0,0.0,0.0,0.0,26.5,73.4
20211022202809,0.0,0.0,0.0,0.0,0.0,0.0,6.5,93.5
20211022202839,0.0,0.0,0.0,0.0,0.0,0.0,7.2,92.8
20211022202909,0.0,0.0,0.0,0.0,0.0,0.0,8.8,91.1
20211022202939,0.0,0.0,0.0,0.0,0.0,0.0,2.9,97.1
20211022203009,0.0,0.0,0.0,0.0,0.0,0.0,2.0,98.0
20211022203039,0.0,0.0,0.0,0.0,0.0,0.0,1.4,98.5
20211022203109,0.0,0.0,0.0,0.0,0.1,0.0,1.3,98.5
20211022203139,0.0,0.0,0.0,0.0,0.1,0.0,1.0,98.9
20211022203210,0.0,0.0,0.0,0.0,0.0,0.0,2.5,97.5
20211022203240,0.0,0.0,0.0,0.0,0.1,0.0,7.1,92.8
20211022203310,0.0,0.0,0.0,0.0,0.1,0.0,7.6,92.2
20211022203340,0.0,0.0,0.0,0.0,0.1,0.0,4.2,95.8
20211022203410,0.0,0.0,0.0,0.0,0.1,0.0,3.2,96.7
20211022203440,0.0,0.0,0.0,0.0,0.1,0.0,14.5,85.4
20211022203510,0.0,0.0,0.0,0.0,0.1,0.0,22.1,77.9
20211022203540,0.0,0.0,0.0,0.0,0.3,0.0,12.2,87.5
20211022203610,0.0,0.0,0.0,0.0,0.1,0.0,4.9,95.1
20211022203640,0.0,0.0,0.0,0.0,0.1,0.0,1.7,98.3
20211022203710,0.0,0.0,0.0,0.0,0.1,0.0,9.2,90.7
20211022203740,0.0,0.0,0.0,0.0,0.2,0.0,7.3,92.5
20211022203810,0.0,0.0,0.0,0.0,0.2,0.0,15.1,84.8
20211022203840,0.0,0.0,0.0,0.0,0.0,0.0,28.4,71.5
20211022203910,0.0,0.0,0.0,0.0,0.0,0.0,11.3,88.7
20211022203940,0.0,0.0,0.0,0.0,0.0,0.0,6.1,93.9
20211022204010,0.0,0.0,0.0,0.0,0.0,0.0,2.4,97.5
20211022204040,0.0,0.0,0.0,0.0,0.0,0.0,16.7,83.3
20211022204110,0.0,0.0,0.0,0.0,0.1,0.0,24.4,75.5
20211022204140,0.0,0.0,0.0,0.0,0.0,0.0,7.0,93.0
20211022204210,0.0,0.0,0.0,0.0,0.1,0.0,2.7,97.2
20211022204240,0.0,0.0,0.0,0.0,0.1,0.0,0.4,99.6
20211022204310,0.0,0.0,0.0,0.0,0.1,0.0,0.6,99.3
20211022204340,0.0,0.0,0.0,0.0,0.2,0.0,5.3,94.4
20211022204410,0.0,0.0,0.0,0.0,0.2,0.0,20.3,79.5
20211022204440,0.0,0.0,0.0,0.0,0.1,0.0,4.9,95.1
20211022204510,0.0,0.0,0.0,0.0,0.1,0.0,2.6,97.3
20211022204540,0.0,0.0,0.0,0.0,0.6,0.0,4.1,95.3
20211022204610,0.0,0.0,0.0,0.0,0.4,0.0,12.9,86.7
20211022204640,0.0,0.0,0.0,0.0,0.7,0.0,45.6,53.7
20211022204710,0.0,0.0,0.0,0.0,0.6,0.0,27.2,72.1
20211022204740,0.0,0.0,0.0,0.0,0.8,0.0,21.3,77.9
20211022204810,0.0,0.0,0.0,0.0,1.0,0.0,25.9,73.1
20211022204840,0.0,0.0,0.0,0.0,1.1,0.0,17.0,81.9
20211022204910,0.0,0.0,0.0,0.0,0.8,0.0,19.5,79.7
20211022204940,0.0,0.0,0.0,0.0,2.8,0.0,13.4,83.9
20211022205010,0.0,0.0,0.0,0.0,1.2,0.0,10.7,88.1
20211022205040,0.0,0.0,0.0,0.0,0.2,0.0,10.8,89.0
20211022205110,0.0,0.0,0.0,0.0,0.9,0.0,10.3,88.8
20211022205140,0.0,0.0,0.0,0.0,0.7,0.0,8.1,91.2
20211022205210,0.0,0.0,0.0,0.0,0.4,0.0,3.1,96.5
20211022205240,0.0,0.0,0.0,0.0,0.4,0.0,27.8,71.8
20211022205310,0.0,0.0,0.0,0.0,0.0,0.0,19.0,81.0
20211022205340,0.0,0.0,0.0,0.0,0.0,0.0,7.8,92.2
20211022205410,0.0,0.0,0.0,0.0,0.0,0.0,7.2,92.8
20211022205440,0.0,0.0,0.0,0.0,0.0,0.0,3.8,96.2
20211022205510,0.0,0.0,0.0,0.0,0.0,0.0,10.2,89.7
20211022205540,0.0,0.0,0.0,0.0,0.0,0.0,1.7,98.3
20211022205610,0.0,0.0,0.0,0.0,0.0,0.0,0.5,99.5
20211022205640,0.0,0.0,0.0,0.0,0.0,0.0,0.2,99.8
20211022205710,0.0,0.0,0.0,0.0,0.0,0.0,0.4,99.6
20211022205740,0.0,0.0,0.0,0.0,0.1,0.0,0.3,99.6
20211022205810,0.0,0.0,0.0,0.0,0.0,0.0,0.9,99.1
20211022205840,0.0,0.0,0.0,0.0,0.0,0.0,0.3,99.6
20211022205910,0.0,0.0,0.0,0.0,0.0,0.0,0.4,99.6
20211022205941,0.0,0.0,0.0,0.0,0.0,0.0,0.6,99.4
20211022210011,0.0,0.0,0.0,0.0,0.2,0.0,1.4,98.4
20211022210041,0.0,0.0,0.0,0.0,0.6,0.0,1.2,98.3
20211022210111,0.0,0.0,0.0,0.0,0.1,0.0,0.6,99.3
20211022210141,0.0,0.0,0.0,0.0,0.1,0.0,1.9,98.0
20211022210211,0.0,0.0,0.0,0.0,0.1,0.0,0.4,99.5
20211022210241,0.0,0.0,0.0,0.0,0.1,0.0,0.2,99.8
20211022210311,0.0,0.0,0.0,0.0,0.0,0.0,0.4,99.5
20211022210341,0.0,0.0,0.0,0.0,0.1,0.0,0.2,99.7
20211022210411,0.0,0.0,0.0,0.0,0.0,0.0,0.4,99.6
20211022210441,0.0,0.0,0.0,0.0,0.0,0.0,3.2,96.8
20211022210511,0.0,0.0,0.0,0.0,0.4,0.0,12.7,86.9
20211022210541,0.0,0.0,0.0,0.0,0.0,0.0,9.9,90.1
20211022210611,0.0,0.0,0.0,0.0,0.0,0.0,0.7,99.3
20211022210641,0.0,0.0,0.0,0.0,0.0,0.0,0.3,99.6
20211022210711,0.0,0.0,0.0,0.0,0.1,0.0,1.8,98.2
20211022210741,0.0,0.0,0.0,0.0,0.0,0.0,1.3,98.6
20211022210811,0.0,0.0,0.0,0.0,0.0,0.0,0.3,99.7
20211022210841,0.0,0.0,0.0,0.0,0.0,0.0,0.1,99.9
20211022210911,0.0,0.0,0.0,0.0,0.0,0.0,0.2,99.8
20211022210941,0.0,0.0,0.0,0.0,0.0,0.0,1.6,98.4
20211022211011,0.0,0.0,0.0,0.0,0.0,0.0,1.1,98.9
20211022211041,0.0,0.0,0.0,0.0,0.0,0.0,0.5,99.5
20211022211111,0.0,0.0,0.0,0.0,0.0,0.0,0.2,99.8
20211022211141,0.0,0.0,0.0,0.0,0.0,0.0,0.3,99.7
20211022211211,0.0,0.0,0.0,0.0,0.0,0.0,0.0,100.0
20211022211241,0.0,0.0,0.0,0.0,0.0,0.0,0.3,99.7
20211022211311,0.0,0.0,0.0,0.0,0.0,0.0,0.4,99.6
20211022211341,0.0,0.0,0.0,0.0,0.0,0.0,0.6,99.4
20211022211411,0.0,0.0,0.0,0.0,0.0,0.0,5.8,94.2
20211022211441,0.0,0.0,0.0,0.0,0.0,0.0,4.0,96.0
20211022211511,0.0,0.0,0.0,0.0,0.0,0.0,1.4,98.6
20211022211541,0.0,0.0,0.0,0.0,0.0,0.0,0.8,99.2
20211022211611,0.0,0.0,0.0,0.0,0.1,0.0,1.0,98.9
20211022211641,0.0,0.0,0.0,0.0,0.0,0.0,3.2,96.8
20211022211711,0.0,0.0,0.0,0.0,0.0,0.0,1.1,98.9
20211022211741,0.0,0.0,0.0,0.0,0.0,0.0,0.7,99.3
20211022211811,0.0,0.0,0.0,0.0,0.0,0.0,0.6,99.4
20211022211841,0.0,0.0,0.0,0.0,0.0,0.0,0.0,99.9
20211022211911,0.0,0.0,0.0,0.0,0.0,0.0,2.7,97.2
20211022211941,0.0,0.0,0.0,0.0,0.2,0.0,2.9,96.9
20211022212011,0.0,0.0,0.0,0.0,0.0,0.0,14.3,85.7
20211022212041,0.0,0.0,0.0,0.0,0.0,0.0,0.0,100.0
20211022212111,0.0,0.0,0.0,0.0,0.0,0.0,0.0,100.0
20211022212141,0.0,0.0,0.0,0.0,0.0,0.0,0.7,99.3
20211022212211,0.0,0.0,0.0,0.0,0.0,0.0,0.1,99.9
20211022212241,0.0,0.0,0.0,0.0,0.0,0.0,0.1,99.9
20211022212311,0.0,0.0,0.0,0.0,0.0,0.0,0.3,99.6
20211022212341,0.0,0.0,0.0,0.0,0.0,0.0,1.2,98.8
20211022212411,0.0,0.0,0.0,0.0,0.0,0.0,0.2,99.8
20211022212441,0.0,0.0,0.0,0.0,0.0,0.0,0.2,99.8
20211022212511,0.0,0.0,0.0,0.0,0.0,0.0,0.0,100.0
20211022212541,0.0,0.0,0.0,0.0,0.0,0.0,0.0,99.9
20211022212611,0.0,0.0,0.0,0.0,0.0,0.0,0.2,99.8
20211022212641,0.0,0.0,0.0,0.0,0.0,0.0,0.1,99.8
20211022212711,0.0,0.0,0.0,0.0,0.1,0.0,0.7,99.2
20211022212741,0.0,0.0,0.0,0.0,0.0,0.0,0.0,100.0
20211022212811,0.0,0.0,0.0,0.0,0.0,0.0,0.1,99.8
20211022212841,0.0,0.0,0.0,0.0,0.0,0.0,0.1,99.8
20211022212911,0.0,0.0,0.0,0.0,0.1,0.0,0.7,99.2
20211022212941,0.0,0.0,0.0,0.0,0.0,0.0,0.1,99.9
20211022213011,0.0,0.0,0.0,0.0,0.0,0.0,0.0,100.0
20211022213041,0.0,0.0,0.0,0.0,0.0,0.0,0.0,100.0
20211022213111,0.0,0.0,0.0,0.0,0.2,0.0,0.0,99.8
20211022213141,0.0,0.0,0.0,0.0,2.5,0.0,0.0,97.5
20211022213211,0.0,0.0,0.0,0.0,9.6,0.0,0.0,90.4
20211022213241,0.0,0.0,0.0,0.0,5.0,0.0,0.0,95.0
20211022213311,0.0,0.0,0.0,0.0,1.2,0.0,0.0,98.8
20211022213342,0.0,0.0,0.0,0.0,0.5,0.0,0.0,99.5
20211022213412,0.0,0.0,0.0,0.0,0.2,0.0,0.0,99.8
20211022213442,0.0,0.0,0.0,0.0,0.3,0.0,0.0,99.7
20211022213512,0.0,0.0,0.0,0.0,0.1,0.0,0.0,99.9
20211022213542,0.0,0.0,0.0,0.0,0.1,0.0,0.0,99.9
20211022213612,0.0,0.0,0.0,0.0,0.1,0.0,0.0,99.9
20211022213642,0.0,0.0,0.0,0.0,0.0,0.0,0.0,100.0
20211022213712,0.0,0.0,0.0,0.0,0.5,0.0,0.0,99.5
20211022213742,0.0,0.0,0.0,0.0,1.3,0.0,0.0,98.7
20211022213812,0.0,0.0,0.0,0.0,0.0,0.0,0.0,100.0
20211022213842,0.0,0.0,0.0,0.0,0.1,0.0,0.0,99.9
20211022213912,0.0,0.0,0.0,0.0,0.3,0.0,0.0,99.7
20211022213942,0.0,0.0,0.0,0.0,0.2,0.0,0.0,99.8
20211022214012,0.0,0.0,0.0,0.0,3.1,0.0,0.0,96.9
20211022214042,0.0,0.0,0.0,0.0,0.1,0.0,0.0,99.9
20211022214112,0.0,0.0,0.0,0.0,0.0,0.0,0.0,100.0
20211022214142,0.0,0.0,0.0,0.0,0.0,0.0,0.0,99.9
20211022214212,0.0,0.0,0.0,0.0,0.1,0.0,0.0,99.9
20211022214242,0.0,0.0,0.0,0.0,0.0,0.0,0.0,100.0
20211022214312,0.0,0.0,0.0,0.0,0.0,0.0,0.0,100.0
20211022214342,0.0,0.0,0.0,0.0,0.0,0.0,0.0,100.0
20211022214412,0.0,0.0,0.0,0.0,0.0,0.0,0.2,99.8
20211022214442,0.0,0.0,0.0,0.0,0.0,0.0,0.1,99.9
20211022214512,0.0,0.0,0.0,0.0,0.0,0.0,2.8,97.2
20211022214542,0.0,0.0,0.0,0.0,0.0,0.0,0.5,99.5
20211022214612,0.0,0.0,0.0,0.0,0.0,0.0,1.2,98.8
20211022214642,0.0,0.0,0.0,0.0,0.4,0.0,2.0,97.5
20211022214712,0.0,0.0,0.0,0.0,57.8,0.0,2.9,39.3
20211022214742,0.0,0.0,0.0,0.0,54.8,0.0,0.1,45.1
20211022214812,0.0,0.0,0.0,0.0,94.1,0.0,0.0,5.9
20211022214842,0.0,0.0,0.0,0.0,100.0,0.0,0.0,0.0
20211022214912,0.0,0.0,0.0,0.0,100.0,0.0,0.0,0.0
20211022214942,0.0,0.0,0.0,0.0,100.0,0.0,0.0,0.0
20211022215012,0.0,0.0,0.0,0.0,100.0,0.0,0.0,0.0
20211022215042,0.0,0.0,0.0,0.0,100.0,0.0,0.0,0.0
20211022215112,0.0,0.0,0.0,0.0,99.9,0.0,0.0,0.1
20211022215142,0.0,0.0,0.0,0.0,100.0,0.0,0.0,0.0
20211022215212,0.0,0.0,0.0,0.0,91.8,0.0,0.0,8.2
20211022215242,0.0,0.0,0.0,0.0,99.9,0.0,0.0,0.1
20211022215312,0.0,0.0,0.0,0.0,98.4,0.0,0.0,1.6
20211022215342,0.0,0.0,0.0,0.0,96.4,0.0,0.0,3.6
20211022215412,0.0,0.0,0.0,0.0,99.1,0.0,0.0,0.9
20211022215442,0.0,0.0,0.0,0.0,74.2,0.0,2.3,23.5
20211022215512,0.0,0.0,0.0,0.0,61.4,0.0,4.5,34.1
20211022215542,0.0,0.0,0.0,0.0,68.3,0.0,10.0,21.8
20211022215612,0.0,0.0,0.0,0.0,48.9,0.0,9.8,41.3
20211022215642,0.0,0.0,0.0,0.0,49.8,0.0,14.5,35.6
20211022215712,0.0,0.0,0.0,0.0,99.5,0.0,0.0,0.4
20211022215742,0.0,0.0,0.0,0.0,86.2,0.0,1.7,12.0
20211022215812,0.0,0.0,0.0,0.0,46.1,0.0,2.2,51.7
20211022215842,0.0,0.0,0.0,0.0,97.6,0.0,0.8,1.6
20211022215912,0.0,0.0,0.0,0.3,52.7,0.0,7.5,39.6
20211022215942,0.0,0.0,0.0,0.0,97.1,0.0,0.7,2.2
20211022220012,0.0,0.0,0.0,0.0,88.6,0.0,4.4,7.0
20211022220042,0.0,0.0,0.0,0.0,99.8,0.0,0.1,0.0
20211022220112,0.0,0.0,0.0,0.0,98.8,0.0,0.8,0.4
20211022220142,0.0,0.0,0.0,0.0,37.2,0.0,42.4,20.4
20211022220212,0.0,0.0,0.0,0.0,18.5,0.0,59.2,22.3
20211022220242,0.0,0.0,0.0,0.0,29.4,0.0,16.7,54.0
20211022220312,0.0,0.0,0.0,0.0,9.0,0.0,64.4,26.7
20211022220342,0.0,0.0,0.0,0.0,6.9,0.0,54.7,38.4
20211022220412,0.0,0.0,0.0,0.0,47.6,0.0,37.4,14.9
20211022220442,0.0,0.0,0.0,0.0,17.9,0.0,76.5,5.6
20211022220512,0.0,0.0,0.0,0.0,8.2,0.0,66.9,24.8
20211022220542,0.0,0.0,0.0,0.0,4.5,0.0,91.2,4.3
20211022220612,0.0,0.0,0.0,0.0,1.1,0.0,88.9,10.0
20211022220642,0.0,0.0,0.0,0.0,2.9,0.0,72.3,24.8
20211022220712,0.0,0.0,0.0,0.0,8.9,0.0,62.3,28.8
20211022220742,0.0,0.0,0.0,0.0,2.4,0.0,82.4,15.2
20211022220813,0.0,0.0,0.0,0.0,1.5,0.0,92.1,6.3
20211022220843,0.0,0.0,0.0,0.0,1.4,0.0,85.3,13.3
20211022220913,0.0,0.0,0.0,0.0,10.7,0.0,81.5,7.8
20211022220943,0.0,0.0,0.0,0.0,2.7,0.0,69.8,27.5
20211022221013,0.0,0.0,0.0,0.0,5.6,0.0,72.3,22.1
20211022221043,0.0,0.0,0.0,0.0,5.7,0.0,71.8,22.5
20211022221113,0.0,0.0,0.0,0.0,14.4,0.0,52.7,32.8
20211022221143,0.0,0.0,0.0,0.0,8.5,0.0,76.4,15.0
20211022221213,0.0,0.0,0.0,0.0,60.1,0.0,36.9,2.9
20211022221243,0.0,0.0,0.0,0.0,20.7,0.0,75.3,3.9
20211022221313,0.0,0.0,0.0,0.0,18.9,0.0,77.6,3.4
20211022221343,0.0,0.0,0.0,0.0,3.2,0.0,96.1,0.6
20211022221413,0.0,0.0,0.0,0.0,6.9,0.0,92.2,0.9
20211022221443,0.0,0.0,0.0,0.0,9.3,0.0,89.8,0.8
