UT,arc,discrete,diffuse,ac,ab,clear,cloudy,dd
20211024151500,0.0,0.0,0.0,0.0,0.0,0.0,0.0,100.0
20211024151530,0.0,0.0,0.0,0.0,0.0,0.0,0.0,100.0
20211024151600,0.0,0.0,0.0,0.0,0.0,0.0,0.0,100.0
20211024151630,0.0,0.0,0.0,0.0,0.0,0.0,0.0,100.0
20211024151700,0.0,0.0,0.0,0.0,0.0,0.0,0.0,100.0
20211024151730,0.0,0.0,0.0,0.0,0.0,0.0,0.0,100.0
20211024151800,0.0,0.0,0.0,0.0,0.0,0.0,0.0,100.0
20211024151830,0.0,0.0,0.0,0.0,0.0,0.0,0.0,100.0
20211024151900,0.0,0.0,0.0,0.0,0.0,0.0,0.0,100.0
20211024151930,0.0,0.0,0.0,0.0,0.0,0.0,0.0,100.0
20211024152000,0.0,0.0,0.0,0.0,0.0,0.0,0.0,100.0
20211024152030,0.0,0.0,0.0,0.0,0.0,0.0,0.0,100.0
20211024152100,0.0,0.0,0.0,0.0,0.0,0.0,0.0,100.0
20211024152130,0.0,0.0,0.0,0.0,0.0,0.0,0.0,100.0
20211024152200,0.0,0.0,0.0,0.0,0.0,0.0,0.0,100.0
20211024152230,0.0,0.0,0.0,0.0,0.0,0.0,0.0,100.0
20211024152300,0.0,0.0,0.0,0.0,0.0,0.0,0.0,100.0
20211024152330,0.0,0.0,0.0,0.0,0.0,0.0,0.0,100.0
20211024152400,0.0,0.0,0.0,0.0,0.0,0.0,0.0,100.0
20211024152430,0.0,0.0,0.0,0.0,0.0,0.0,0.0,100.0
20211024152500,0.0,0.0,0.0,0.0,0.0,0.0,0.0,100.0
20211024152530,0.0,0.0,0.0,0.0,0.0,0.0,0.0,100.0
20211024152600,0.0,0.0,0.0,0.0,0.0,0.0,0.0,100.0
20211024152630,0.0,0.0,0.0,0.0,0.0,0.0,0.0,100.0
20211024152700,0.0,0.0,0.0,0.0,0.0,0.0,0.0,100.0
20211024152730,0.0,0.0,0.0,0.0,0.0,0.0,0.0,100.0
20211024152800,0.0,0.0,0.0,0.0,0.0,0.0,0.0,100.0
20211024152830,0.0,0.0,0.0,0.0,0.0,0.0,0.0,100.0
20211024152900,0.0,0.0,0.0,0.0,0.0,0.0,0.0,100.0
20211024152930,0.0,0.0,0.0,0.0,0.0,0.0,0.0,100.0
20211024153000,0.0,0.0,0.0,0.0,0.0,0.0,0.0,100.0
20211024153030,0.0,0.0,0.0,0.0,0.0,0.0,0.0,100.0
20211024153100,0.0,0.0,0.0,0.0,0.0,0.0,0.0,100.0
20211024153130,0.0,0.0,0.0,0.0,0.0,0.0,0.0,100.0
20211024153200,0.0,0.0,0.0,0.0,0.0,0.0,0.0,100.0
20211024153230,0.0,0.0,0.0,0.0,0.0,0.0,0.0,100.0
20211024153300,0.0,0.0,0.0,0.0,0.0,0.0,0.0,100.0
20211024153330,0.0,0.0,0.0,0.0,0.0,0.0,0.0,100.0
20211024153400,0.0,0.0,0.0,0.0,0.0,0.0,0.0,100.0
20211024153430,0.0,0.0,0.0,0.0,0.0,0.0,0.0,100.0
20211024153500,0.0,0.0,0.0,0.0,0.0,0.0,0.0,100.0
20211024153530,0.0,0.0,0.0,0.0,0.0,0.0,0.0,100.0
20211024153600,0.0,0.0,0.0,0.0,0.0,0.0,0.0,100.0
20211024153630,0.0,0.0,0.0,0.0,0.0,0.0,0.0,100.0
20211024153701,0.0,0.0,0.0,0.0,0.0,0.0,0.0,100.0
20211024153731,0.0,0.0,0.0,0.0,0.0,0.0,0.0,100.0
20211024153801,0.0,0.0,0.0,0.0,0.0,0.0,0.0,100.0
20211024153831,0.0,0.0,0.0,0.0,0.0,0.0,0.0,100.0
20211024153901,0.0,0.0,0.0,0.0,0.0,0.0,0.0,100.0
20211024153931,0.0,0.0,0.0,0.0,0.0,0.0,0.0,100.0
20211024154001,0.0,0.0,0.0,0.0,0.0,0.0,0.0,100.0
20211024154031,0.0,0.0,0.0,0.0,0.0,0.0,0.0,100.0
20211024154101,0.0,0.0,0.0,0.0,0.0,0.0,0.0,100.0
20211024154131,0.0,0.0,0.0,0.0,0.0,0.0,0.0,100.0
20211024154201,0.0,0.0,0.0,0.0,0.0,0.0,0.0,100.0
20211024154231,0.0,0.0,0.0,0.0,0.0,0.0,0.0,100.0
20211024154301,0.0,0.0,0.0,0.0,0.0,0.0,0.0,100.0
20211024154331,0.0,0.0,0.0,0.0,0.0,0.0,0.0,100.0
20211024154401,0.0,0.0,0.0,0.0,0.0,0.0,0.0,100.0
20211024154431,0.0,0.0,0.0,0.0,0.0,0.0,0.0,100.0
20211024154501,0.0,0.0,0.0,0.0,0.0,0.0,0.0,100.0
20211024154531,0.0,0.0,0.0,0.0,0.0,0.0,0.0,100.0
20211024154601,0.0,0.0,0.0,0.0,0.0,0.0,0.0,100.0
20211024154631,0.0,0.0,0.0,0.0,0.0,0.0,0.0,100.0
20211024154701,0.0,0.0,0.0,0.0,0.0,0.0,0.0,100.0
20211024154731,0.0,0.0,0.0,0.0,0.0,0.0,0.0,100.0
20211024154801,0.0,0.0,0.0,0.0,0.0,0.0,0.0,100.0
20211024154831,0.0,0.0,0.0,0.0,0.0,0.0,0.0,100.0
20211024154901,0.0,0.0,0.0,0.0,0.0,0.0,0.0,100.0
20211024154931,0.0,0.0,0.0,0.0,0.0,0.0,0.0,100.0
20211024155001,0.0,0.0,0.0,0.0,0.0,0.0,0.0,100.0
20211024155031,0.0,0.0,0.0,0.0,0.0,0.0,0.0,100.0
20211024155101,0.0,0.0,0.0,0.0,0.0,0.0,0.0,100.0
20211024155131,0.0,0.0,0.0,0.0,0.0,0.0,0.0,100.0
20211024155201,0.0,0.0,0.0,0.0,0.0,0.0,0.0,100.0
20211024155231,0.0,0.0,0.0,0.0,0.0,0.0,0.0,100.0
20211024155301,0.0,0.0,0.0,0.0,0.0,0.0,0.0,100.0
20211024155331,0.0,0.0,0.0,0.0,0.0,0.0,0.0,100.0
20211024155401,0.0,0.0,0.0,0.0,0.0,0.0,0.0,100.0
20211024155431,0.0,0.0,0.0,0.0,0.0,0.0,0.0,100.0
20211024155501,0.0,0.0,0.0,0.0,0.0,0.0,0.0,100.0
20211024155531,0.0,0.0,0.0,0.0,0.0,0.0,0.0,100.0
20211024155601,0.0,0.0,0.0,0.0,0.0,0.0,0.0,100.0
20211024155631,0.0,0.0,0.0,0.0,0.0,0.0,0.0,100.0
20211024155701,0.0,0.0,0.0,0.0,0.0,0.0,0.0,100.0
20211024155731,0.0,0.0,0.0,0.0,0.0,0.0,0.0,100.0
20211024155801,0.0,0.0,0.0,0.0,0.0,0.0,0.0,100.0
20211024155831,0.0,0.0,0.0,0.0,0.0,0.0,0.0,100.0
20211024155901,0.0,0.0,0.0,0.0,0.0,0.0,0.0,100.0
20211024155931,0.0,0.0,0.0,0.0,0.0,0.0,0.0,100.0
20211024160001,0.0,0.0,0.0,0.0,0.0,0.0,0.0,100.0
20211024160031,0.0,0.0,0.0,0.0,0.0,0.0,0.0,100.0
20211024160101,0.0,0.0,0.0,0.0,0.0,0.0,0.0,100.0
20211024160131,0.0,0.0,0.0,0.0,0.0,0.0,0.0,100.0
20211024160201,0.0,0.0,0.0,0.0,0.0,0.0,0.0,100.0
20211024160231,0.0,0.0,0.0,0.0,0.0,0.0,0.0,100.0
20211024160301,0.0,0.0,0.0,0.0,0.0,0.0,0.0,100.0
20211024160331,0.0,0.0,0.0,0.0,0.0,0.0,0.0,100.0
20211024160401,0.0,0.0,0.0,0.0,0.0,0.0,0.0,100.0
20211024160431,0.0,0.0,0.0,0.0,0.0,0.0,0.0,100.0
20211024160501,0.0,0.0,0.0,0.0,0.0,0.0,0.0,100.0
20211024160531,0.0,0.0,0.0,0.0,0.0,0.0,0.0,100.0
20211024160601,0.0,0.0,0.0,0.0,0.0,0.0,0.0,100.0
20211024160631,0.0,0.0,0.0,0.0,0.0,0.0,0.0,100.0
20211024160701,0.0,0.0,0.0,0.0,0.0,0.0,0.0,100.0
20211024160731,0.0,0.0,0.0,0.0,0.0,0.0,0.0,100.0
20211024160801,0.0,0.0,0.0,0.0,0.0,0.0,0.0,100.0
20211024160831,0.0,0.0,0.0,0.0,0.0,0.0,0.0,100.0
20211024160901,0.0,0.0,0.0,0.0,0.0,0.0,0.0,100.0
20211024160931,0.0,0.0,0.0,0.0,0.0,0.0,0.0,100.0
20211024161001,0.0,0.0,0.0,0.0,0.0,0.0,0.0,100.0
20211024161031,0.0,0.0,0.0,0.0,0.0,0.0,0.0,100.0
20211024161101,0.0,0.0,0.0,0.0,0.0,0.0,0.0,100.0
20211024161132,0.0,0.0,0.0,0.0,0.0,0.0,0.0,100.0
20211024161202,0.0,0.0,0.0,0.0,0.0,0.0,0.0,100.0
20211024161232,0.0,0.0,0.0,0.0,0.0,0.0,0.0,100.0
20211024161302,0.0,0.0,0.0,0.0,0.0,0.0,0.0,100.0
20211024161332,0.0,0.0,0.0,0.0,0.0,0.0,0.0,100.0
20211024161402,0.0,0.0,0.0,0.0,0.0,0.0,0.0,100.0
20211024161432,0.0,0.0,0.0,0.0,0.0,0.0,0.0,100.0
20211024161632,0.0,0.0,0.0,0.0,0.0,0.0,0.0,100.0
20211024161702,0.0,0.0,0.0,0.0,0.0,0.0,0.0,100.0
20211024161732,0.0,0.0,0.0,0.0,0.0,0.0,0.0,100.0
20211024161802,0.0,0.0,0.0,0.0,0.0,0.0,0.0,100.0
20211024161832,0.0,0.0,0.0,0.0,0.0,0.0,0.0,100.0
20211024161902,0.0,0.0,0.0,0.0,0.0,0.0,0.0,100.0
20211024161932,0.0,0.0,0.0,0.0,0.0,0.0,0.0,100.0
20211024162002,0.0,0.0,0.0,0.0,0.0,0.0,0.0,100.0
20211024162032,0.0,0.0,0.0,0.0,0.0,0.0,0.0,100.0
20211024162102,0.0,0.0,0.0,0.0,0.0,0.0,0.0,100.0
20211024162132,0.0,0.0,0.0,0.0,0.0,0.0,0.0,100.0
20211024162202,0.0,0.0,0.0,0.0,0.0,0.0,0.0,100.0
20211024162232,0.0,0.0,0.0,0.0,0.0,0.0,0.0,100.0
20211024162302,0.0,0.0,0.0,0.0,0.0,0.0,0.0,100.0
20211024162332,0.0,0.0,0.0,0.0,0.0,0.0,0.0,100.0
20211024162402,0.0,0.0,0.0,0.0,0.0,0.0,0.0,100.0
20211024162432,0.0,0.0,0.0,0.0,0.0,0.0,0.0,100.0
20211024162502,0.0,0.0,0.0,0.0,0.0,0.0,0.0,100.0
20211024162532,0.0,0.0,0.0,0.0,0.0,0.0,0.0,100.0
20211024162602,0.0,0.0,0.0,0.0,0.0,0.0,0.0,100.0
20211024162632,0.0,0.0,0.0,0.0,0.0,0.0,0.0,100.0
20211024162702,0.0,0.0,0.0,0.0,0.0,0.0,0.0,100.0
20211024162732,0.0,0.0,0.0,0.0,0.1,0.0,0.0,99.9
20211024162802,0.0,0.0,0.0,0.0,0.0,0.0,0.0,100.0
20211024162832,0.0,0.0,0.0,0.0,0.0,0.0,0.0,100.0
20211024162902,0.0,0.0,0.0,0.0,0.0,0.0,0.0,100.0
20211024162932,0.0,0.0,0.0,0.0,0.0,0.0,0.0,100.0
20211024163002,0.0,0.0,0.0,0.0,0.0,0.0,0.0,100.0
20211024163032,0.0,0.0,0.0,0.0,0.0,0.0,0.0,100.0
20211024163102,0.0,0.0,0.0,0.0,0.0,0.0,0.0,100.0
20211024163132,0.0,0.0,0.0,0.0,0.0,0.0,0.0,100.0
20211024163202,0.0,0.0,0.0,0.0,0.0,0.0,0.0,100.0
20211024163232,0.0,0.0,0.0,0.0,0.0,0.0,0.0,100.0
20211024163302,0.0,0.0,0.0,0.0,0.1,0.0,0.0,99.9
20211024163332,0.0,0.0,0.0,0.0,0.2,0.0,0.0,99.8
20211024163402,0.0,0.0,0.0,0.0,0.1,0.0,0.4,99.5
20211024163432,0.0,0.0,0.0,0.0,0.0,0.0,0.0,100.0
20211024163502,0.0,0.0,0.0,0.0,0.1,0.0,0.2,99.8
20211024163532,0.0,0.0,0.0,0.1,0.8,0.0,1.2,97.9
20211024163602,0.0,0.0,0.0,0.1,0.3,0.0,0.5,99.1
20211024163632,0.0,0.0,0.0,0.0,0.6,0.0,0.3,99.2
20211024163702,0.0,0.0,0.0,0.1,0.3,0.0,2.8,96.7
20211024163732,0.0,0.0,0.0,0.1,0.7,0.0,0.6,98.5
20211024163802,0.0,0.0,0.0,0.1,1.2,0.0,1.6,97.0
20211024163832,0.0,0.0,0.0,0.3,0.9,0.0,1.8,97.0
20211024163902,0.1,0.0,0.0,3.5,13.8,0.1,6.5,76.0
20211024163932,0.1,0.0,0.1,4.2,7.8,0.2,4.5,83.1
20211024164002,0.2,0.2,0.1,1.2,22.9,0.1,11.5,63.9
20211024164032,0.1,0.2,0.0,1.6,6.8,0.2,5.4,85.7
20211024164102,0.8,0.7,0.1,3.4,39.0,0.1,3.4,52.4
20211024164132,1.0,0.5,0.1,3.1,26.7,0.4,14.7,53.5
20211024164202,0.3,0.6,0.1,8.7,28.2,0.4,11.8,49.9
20211024164232,0.4,0.2,0.1,1.9,15.2,0.3,45.9,36.2
20211024164302,1.5,3.0,0.3,4.9,17.7,3.1,15.2,54.3
20211024164332,0.1,0.2,0.2,1.2,4.3,1.4,37.0,55.4
20211024164402,0.2,0.1,0.4,0.6,1.5,0.6,23.1,73.5
20211024164432,0.5,0.6,0.9,2.8,3.6,1.2,26.4,64.0
20211024164502,0.1,0.1,0.2,4.5,3.6,0.4,9.9,81.1
20211024164532,0.1,0.3,0.1,2.0,1.4,1.6,5.0,89.6
20211024164603,0.3,0.1,0.2,9.2,3.5,1.6,24.1,61.0
20211024164633,0.2,0.2,0.1,5.2,3.3,1.5,12.8,76.8
20211024164703,0.5,0.5,0.4,7.2,4.4,4.2,44.5,38.4
20211024164733,1.2,0.9,0.6,18.0,3.2,3.8,16.5,55.7
20211024164803,0.7,0.5,0.7,6.0,1.7,6.8,18.0,65.5
20211024164833,0.4,0.8,1.4,9.2,0.8,11.4,36.4,39.7
20211024164903,3.3,1.5,1.1,35.9,7.0,5.6,6.7,38.9
20211024164933,1.1,1.1,8.7,10.1,5.7,5.6,9.6,58.1
20211024165003,0.9,0.6,1.1,6.8,2.9,47.3,8.1,32.5
20211024165033,0.4,0.5,11.8,6.5,3.2,17.5,44.2,15.9
20211024165103,0.8,1.3,1.8,12.7,4.9,34.3,33.0,11.4
20211024165133,0.3,0.7,3.1,6.7,2.7,24.0,15.2,47.3
20211024165203,4.5,0.8,3.4,2.7,4.5,32.0,42.1,10.0
20211024165233,2.8,1.1,3.6,2.6,3.1,33.1,48.1,5.6
20211024165303,1.5,0.7,2.1,3.6,1.8,19.2,68.8,2.3
20211024165333,1.0,0.7,1.4,5.6,2.9,23.2,61.8,3.5
20211024165403,0.5,0.2,0.8,3.0,0.7,13.2,80.4,1.2
20211024165433,1.4,1.6,2.7,14.8,5.9,11.0,47.1,15.5
20211024165503,1.5,0.5,0.7,11.8,1.7,11.2,69.8,2.8
20211024165533,0.7,0.3,0.0,0.9,1.7,30.5,13.6,52.3
20211024165603,0.0,0.0,0.0,0.0,0.7,3.4,0.2,95.5
20211024165633,0.2,0.1,0.1,0.1,4.9,5.0,9.4,80.4
20211024165703,0.2,0.3,0.0,0.3,4.4,28.0,7.8,59.1
20211024165733,1.4,0.7,0.3,4.0,8.5,26.3,22.1,36.6
20211024165803,0.4,0.2,0.0,1.0,14.1,7.5,3.7,73.0
20211024165833,0.1,0.0,0.0,0.1,0.7,1.0,0.3,97.7
20211024165903,0.0,0.0,0.0,0.0,0.5,1.1,0.2,98.2
20211024165933,0.0,0.0,0.0,0.0,0.9,0.3,0.1,98.7
20211024170003,0.0,0.0,0.0,0.0,0.1,0.0,0.0,99.8
20211024170033,0.0,0.0,0.0,0.0,0.1,0.0,0.0,99.9
20211024170103,0.0,0.0,0.0,0.0,0.0,0.0,0.0,100.0
20211024170133,0.0,0.0,0.0,0.0,0.1,0.0,0.0,99.8
20211024170203,0.0,0.0,0.0,0.0,1.0,0.1,0.0,98.9
20211024170233,0.5,0.2,0.7,0.1,14.7,1.6,0.5,81.8
20211024170303,0.3,0.1,0.1,0.6,5.7,3.1,28.9,61.3
20211024170333,0.1,0.0,0.5,9.7,13.0,0.7,55.6,20.5
20211024170403,0.5,0.1,0.1,0.5,5.8,1.6,4.0,87.4
20211024170433,0.2,0.1,0.1,0.0,2.0,0.2,0.4,97.1
20211024170503,0.3,0.0,0.0,0.0,1.2,0.4,4.1,93.8
20211024170533,0.1,0.0,0.1,0.0,1.7,0.1,0.2,97.8
20211024170603,0.2,0.0,0.1,0.0,2.8,0.1,1.1,95.6
20211024170633,0.4,0.4,0.1,0.1,8.4,0.1,0.5,90.1
20211024170703,0.5,0.2,0.1,0.1,4.4,0.3,4.2,90.2
20211024170733,0.3,0.2,0.2,0.1,16.7,0.2,1.0,81.2
20211024170803,0.1,0.3,0.2,0.1,7.9,0.4,1.2,89.8
20211024170833,0.5,0.3,1.8,0.4,13.3,1.2,7.5,75.0
20211024170903,0.4,0.1,0.5,0.4,8.5,0.7,3.4,85.9
20211024170933,2.6,0.1,1.5,2.4,24.4,0.9,45.5,22.6
20211024171003,2.4,0.0,0.5,6.3,5.7,0.7,76.7,7.7
20211024171033,0.6,0.0,0.1,2.3,0.5,0.2,96.1,0.3
20211024171103,0.3,0.0,0.0,1.5,0.2,0.1,97.9,0.1
20211024171133,0.3,0.0,0.0,1.2,0.2,0.1,98.2,0.1
20211024171203,0.1,0.0,0.0,0.6,0.1,0.0,99.1,0.0
20211024171233,0.2,0.0,0.0,0.8,0.1,0.0,98.9,0.0
20211024171303,0.1,0.0,0.1,2.0,0.2,0.0,97.6,0.0
20211024171333,0.4,0.0,0.1,4.8,1.0,0.0,93.5,0.1
20211024171403,0.4,0.0,0.3,13.5,0.8,0.0,84.9,0.0
20211024171433,0.1,0.0,0.1,1.6,0.3,0.0,98.0,0.0
20211024171503,0.1,0.0,0.0,0.6,0.2,0.0,99.0,0.0
20211024171533,0.1,0.0,0.0,1.9,0.1,0.0,97.8,0.0
20211024171603,0.0,0.0,0.0,2.3,0.1,0.0,97.6,0.0
20211024171633,0.0,0.0,0.1,1.1,0.1,0.0,98.6,0.0
20211024171703,0.0,0.0,0.0,1.2,0.1,0.0,98.6,0.0
20211024171733,0.0,0.0,0.0,2.8,0.1,0.0,97.0,0.0
20211024171803,0.0,0.0,0.1,3.6,0.1,0.0,96.3,0.0
20211024171833,0.0,0.0,0.0,3.8,0.1,0.0,96.1,0.0
20211024171903,0.0,0.0,0.0,1.4,0.0,0.0,98.5,0.0
20211024171933,0.0,0.0,0.0,2.1,0.1,0.0,97.8,0.0
20211024172004,0.0,0.0,0.1,3.5,0.3,0.0,96.0,0.1
20211024172034,0.0,0.1,0.3,5.0,0.2,0.0,93.9,0.4
20211024172104,0.3,0.2,0.3,23.0,0.9,0.0,74.4,0.8
20211024172134,0.3,0.1,0.3,17.6,1.4,0.0,79.6,0.7
20211024172204,0.1,0.0,0.2,24.9,0.1,0.0,72.6,2.1
20211024172234,0.1,0.0,0.2,10.2,0.2,0.0,88.0,1.3
20211024172304,0.1,0.0,0.0,11.1,0.1,0.0,86.0,2.7
20211024172334,0.2,0.1,0.0,41.3,0.3,0.0,43.6,14.4
20211024172404,0.1,0.0,0.0,32.2,0.1,0.0,64.1,3.4
20211024172434,0.0,0.0,0.0,46.0,0.1,0.0,50.7,3.1
20211024172504,0.0,0.0,0.0,17.5,0.0,0.0,81.5,1.0
20211024172534,0.0,0.0,0.0,25.7,0.1,0.0,72.5,1.7
20211024172604,0.0,0.0,0.0,12.9,0.5,0.0,81.9,4.7
20211024172634,0.2,0.1,0.1,28.1,0.3,0.0,68.8,2.4
20211024172704,0.0,0.0,0.0,23.3,0.1,0.0,76.3,0.3
20211024172734,0.0,0.0,0.0,31.1,0.1,0.0,67.3,1.5
20211024172804,0.0,0.0,0.0,10.8,0.1,0.0,88.6,0.5
20211024172834,0.1,0.0,0.1,28.4,0.6,0.1,66.1,4.5
20211024172904,0.0,0.0,0.1,7.1,0.2,0.0,90.3,2.3
20211024172934,0.0,0.0,0.0,2.6,0.1,0.0,95.3,2.0
20211024173004,0.0,0.0,0.0,1.6,0.2,0.0,97.1,1.1
20211024173034,0.0,0.0,0.1,8.2,1.4,0.0,89.2,1.0
20211024173104,0.0,0.0,0.1,5.3,0.3,0.0,93.7,0.6
20211024173134,0.0,0.0,0.0,6.1,0.3,0.0,92.6,1.0
20211024173204,0.0,0.0,0.0,10.3,0.4,0.0,88.4,0.9
20211024173234,0.0,0.0,0.0,1.7,0.2,0.0,97.7,0.4
20211024173304,0.0,0.0,0.0,5.9,0.2,0.0,92.8,1.1
20211024173334,0.0,0.0,0.0,1.5,0.3,0.0,96.9,1.3
20211024173404,0.0,0.0,0.0,2.7,0.4,0.0,96.0,0.9
20211024173434,0.0,0.0,0.0,0.8,0.1,0.0,98.0,1.1
20211024173504,0.0,0.0,0.0,1.4,0.1,0.0,97.5,1.0
20211024173534,0.0,0.0,0.0,2.0,0.1,0.0,96.1,1.8
20211024173604,0.0,0.0,0.0,4.1,0.3,0.0,93.3,2.3
20211024173634,0.0,0.0,0.0,0.9,0.0,0.0,97.8,1.3
20211024173704,0.0,0.0,0.0,1.0,0.0,0.0,97.7,1.2
20211024173734,0.0,0.0,0.0,2.2,0.0,0.0,96.5,1.3
20211024173804,0.0,0.0,0.0,0.7,0.0,0.0,98.7,0.6
20211024173834,0.0,0.0,0.0,1.8,0.0,0.0,97.7,0.5
20211024173904,0.0,0.0,0.0,4.8,0.0,0.0,94.3,0.8
20211024173934,0.0,0.0,0.0,3.7,0.0,0.0,95.5,0.7
20211024174004,0.0,0.0,0.0,6.1,0.1,0.0,92.8,1.0
20211024174034,0.0,0.1,0.0,1.8,0.0,0.0,97.8,0.3
20211024174104,0.0,0.0,0.0,1.8,0.0,0.0,97.9,0.3
20211024174134,0.0,0.0,0.0,6.1,0.1,0.0,92.9,0.9
20211024174204,0.0,0.0,0.0,5.1,0.0,0.0,94.7,0.2
20211024174234,0.0,0.0,0.0,3.9,0.1,0.0,95.7,0.2
20211024174304,0.0,0.0,0.0,3.1,0.0,0.0,96.7,0.2
20211024174334,0.0,0.0,0.0,6.3,0.0,0.0,93.6,0.1
20211024174404,0.0,0.0,0.0,9.8,0.0,0.0,90.1,0.1
20211024174434,0.0,0.0,0.0,7.0,0.0,0.0,92.9,0.1
20211024174504,0.0,0.0,0.0,8.9,0.0,0.0,91.0,0.1
20211024174534,0.0,0.0,0.0,10.1,0.0,0.0,89.7,0.1
20211024174604,0.0,0.0,0.0,31.6,0.1,0.0,66.9,1.3
20211024174634,0.0,0.0,0.0,1.8,0.1,0.0,97.7,0.4
20211024174704,0.0,0.0,0.0,3.8,0.2,0.0,95.1,0.9
20211024174735,0.0,0.0,0.0,1.4,0.2,0.0,97.8,0.6
20211024174805,0.0,0.0,0.0,1.3,0.0,0.0,98.4,0.3
20211024174835,0.0,0.0,0.0,1.4,0.0,0.0,97.7,0.8
20211024174905,0.0,0.0,0.0,1.5,0.0,0.0,97.4,1.1
20211024174935,0.0,0.0,0.0,4.9,0.1,0.0,93.4,1.6
20211024175005,0.0,0.0,0.0,7.2,0.1,0.0,91.7,0.9
20211024175035,0.0,0.0,0.0,2.9,0.1,0.0,95.2,1.8
20211024175105,0.0,0.0,0.0,5.3,0.1,0.0,93.7,0.9
20211024175135,0.0,0.0,0.0,2.7,0.0,0.0,96.9,0.4
20211024175205,0.0,0.0,0.0,4.7,0.1,0.0,92.2,3.0
20211024175235,0.0,0.0,0.0,2.6,0.0,0.0,96.5,0.8
20211024175305,0.0,0.0,0.0,5.5,0.0,0.0,89.8,4.7
20211024175335,0.0,0.0,0.0,2.9,0.0,0.0,94.9,2.2
20211024175405,0.0,0.0,0.0,14.7,0.1,0.0,84.2,1.0
20211024175435,0.0,0.0,0.0,2.0,0.0,0.0,97.3,0.6
20211024175505,0.0,0.0,0.0,1.6,0.0,0.0,97.9,0.4
20211024175535,0.0,0.0,0.0,2.6,0.0,0.0,96.9,0.5
20211024175605,0.0,0.0,0.0,2.2,0.0,0.0,96.1,1.6
20211024175635,0.0,0.0,0.0,1.0,0.0,0.0,98.9,0.2
20211024175705,0.0,0.0,0.0,2.2,0.0,0.0,97.5,0.2
20211024175735,0.0,0.0,0.0,0.5,0.0,0.0,99.3,0.2
20211024175805,0.0,0.0,0.0,5.8,0.0,0.0,93.9,0.4
20211024175835,0.0,0.0,0.0,2.0,0.0,0.0,97.9,0.1
20211024175905,0.0,0.0,0.0,3.4,0.0,0.0,96.5,0.1
20211024175935,0.0,0.0,0.0,2.0,0.0,0.0,97.9,0.1
20211024180005,0.0,0.0,0.0,3.8,0.0,0.0,95.9,0.2
20211024180035,0.0,0.0,0.0,0.7,0.0,0.0,99.1,0.2
20211024180105,0.0,0.0,0.0,2.6,0.1,0.0,97.1,0.3
20211024180135,0.0,0.0,0.0,1.0,0.0,0.0,99.0,0.1
20211024180205,0.0,0.0,0.0,3.4,0.0,0.0,96.5,0.1
20211024180235,0.0,0.0,0.0,0.7,0.0,0.0,99.2,0.1
20211024180305,0.0,0.0,0.0,2.7,0.0,0.0,97.2,0.1
20211024180335,0.0,0.0,0.0,1.1,0.0,0.0,98.9,0.0
20211024180405,0.0,0.0,0.0,7.2,0.0,0.0,92.5,0.3
20211024180435,0.0,0.0,0.0,1.2,0.0,0.0,98.7,0.1
20211024180505,0.0,0.0,0.0,0.6,0.0,0.0,99.3,0.1
20211024180535,0.0,0.0,0.0,2.5,0.0,0.0,97.4,0.2
20211024180605,0.0,0.0,0.0,0.6,0.0,0.0,99.3,0.0
20211024180635,0.0,0.0,0.0,0.5,0.0,0.0,99.5,0.0
20211024180705,0.0,0.0,0.0,0.5,0.0,0.0,99.3,0.1
20211024180735,0.0,0.0,0.0,1.4,0.0,0.0,98.5,0.1
20211024180805,0.0,0.0,0.0,0.4,0.0,0.0,99.5,0.1
20211024180835,0.0,0.0,0.0,0.6,0.0,0.0,99.1,0.3
20211024180905,0.0,0.0,0.0,0.5,0.0,0.0,99.4,0.1
20211024180935,0.0,0.0,0.0,0.4,0.0,0.0,99.6,0.0
20211024181005,0.0,0.0,0.0,0.8,0.0,0.0,99.0,0.2
20211024181035,0.0,0.0,0.0,0.6,0.0,0.0,99.4,0.0
20211024181105,0.0,0.0,0.0,1.0,0.1,0.0,98.8,0.1
20211024181135,0.0,0.0,0.0,1.1,0.0,0.0,98.7,0.2
20211024181205,0.0,0.0,0.0,1.1,0.1,0.0,98.7,0.2
20211024181235,0.0,0.0,0.0,3.3,0.1,0.0,96.3,0.3
20211024181305,0.0,0.0,0.0,2.2,0.1,0.0,97.6,0.1
20211024181335,0.0,0.0,0.0,2.0,0.0,0.0,97.9,0.0
20211024181405,0.0,0.0,0.0,1.9,0.0,0.0,98.0,0.0
20211024181435,0.0,0.0,0.0,1.9,0.0,0.0,98.0,0.0
20211024181505,0.0,0.0,0.0,4.3,0.0,0.0,95.6,0.1
20211024181535,0.0,0.0,0.0,3.4,0.0,0.0,96.6,0.0
20211024181605,0.0,0.0,0.0,2.1,0.0,0.0,97.9,0.1
20211024181635,0.0,0.0,0.0,5.2,0.0,0.0,94.7,0.1
20211024181705,0.0,0.0,0.0,2.4,0.1,0.0,97.5,0.0
20211024181735,0.0,0.0,0.0,3.2,0.1,0.0,96.5,0.1
20211024181805,0.0,0.0,0.0,7.6,0.1,0.0,92.2,0.1
20211024181835,0.0,0.0,0.0,10.9,0.0,0.0,88.9,0.1
20211024181905,0.0,0.0,0.0,6.4,0.0,0.0,93.6,0.0
20211024181935,0.0,0.0,0.0,2.4,0.1,0.0,97.4,0.1
20211024182005,0.0,0.0,0.0,4.8,0.0,0.0,95.2,0.0
20211024182035,0.0,0.0,0.0,8.7,0.1,0.0,91.0,0.2
20211024182105,0.0,0.0,0.0,5.3,0.1,0.0,94.4,0.1
20211024182136,0.0,0.0,0.0,3.7,0.0,0.0,96.2,0.1
20211024182206,0.0,0.0,0.0,3.0,0.0,0.0,96.8,0.2
20211024182236,0.0,0.0,0.0,9.5,0.0,0.0,90.0,0.5
20211024182306,0.0,0.0,0.0,2.6,0.0,0.0,97.3,0.1
20211024182336,0.0,0.0,0.0,2.8,0.0,0.0,97.1,0.0
20211024182406,0.0,0.0,0.0,2.1,0.0,0.0,97.8,0.0
20211024182436,0.0,0.0,0.0,10.3,0.0,0.0,89.6,0.1
20211024182506,0.0,0.0,0.0,5.8,0.0,0.0,94.1,0.1
20211024182536,0.0,0.0,0.0,9.3,0.1,0.0,90.4,0.1
20211024182606,0.0,0.0,0.0,16.7,0.0,0.0,83.2,0.0
20211024182636,0.0,0.0,0.0,2.7,0.0,0.0,97.3,0.0
20211024182706,0.0,0.0,0.0,8.9,0.0,0.0,91.0,0.1
20211024182736,0.0,0.0,0.0,13.0,0.0,0.0,86.9,0.1
20211024182806,0.0,0.0,0.0,20.8,0.0,0.0,79.2,0.0
20211024182836,0.0,0.0,0.0,35.2,0.1,0.0,64.6,0.1
20211024182906,0.0,0.0,0.0,10.0,0.1,0.0,89.6,0.2
20211024182936,0.0,0.0,0.0,41.9,0.1,0.0,57.9,0.1
20211024183006,0.0,0.0,0.0,47.4,0.0,0.0,52.4,0.2
20211024183036,0.0,0.0,0.0,29.6,0.0,0.0,70.2,0.1
20211024183106,0.0,0.0,0.0,11.3,0.0,0.0,88.6,0.0
20211024183136,0.0,0.0,0.0,11.4,0.0,0.0,88.5,0.0
20211024183206,0.0,0.0,0.0,17.0,0.1,0.0,82.3,0.6
20211024183236,0.0,0.0,0.0,17.2,0.5,0.0,81.5,0.7
20211024183306,0.0,0.0,0.0,71.1,0.3,0.0,27.9,0.6
20211024183336,0.0,0.0,0.0,50.1,0.1,0.0,48.6,1.1
20211024183406,0.0,0.0,0.0,66.1,0.2,0.0,32.7,0.9
20211024183436,0.0,0.0,0.0,91.7,0.0,0.0,7.9,0.4
20211024183506,0.0,0.0,0.0,51.0,0.3,0.0,47.5,1.1
20211024183536,0.0,0.0,0.0,73.3,0.2,0.0,26.4,0.1
20211024183606,0.0,0.0,0.0,70.4,0.1,0.0,28.9,0.5
20211024183636,0.0,0.0,0.0,27.7,0.1,0.0,71.6,0.4
20211024183706,0.0,0.0,0.0,16.1,0.1,0.0,83.6,0.2
20211024183736,0.0,0.0,0.0,7.1,0.2,0.0,92.6,0.2
20211024183806,0.0,0.0,0.0,25.5,0.4,0.0,73.9,0.2
20211024183836,0.0,0.0,0.0,5.6,0.1,0.0,94.0,0.3
20211024183906,0.0,0.0,0.0,30.5,1.0,0.0,67.7,0.8
20211024183936,0.0,0.0,0.0,18.6,0.2,0.0,81.1,0.2
20211024184006,0.0,0.0,0.0,70.1,0.5,0.0,29.4,0.1
20211024184036,0.0,0.0,0.1,73.2,0.8,0.0,25.7,0.1
20211024184106,0.0,0.0,0.1,71.6,0.7,0.0,27.4,0.1
20211024184136,0.0,0.0,0.2,35.4,1.0,0.0,63.3,0.1
20211024184206,0.0,0.0,0.0,4.3,0.0,0.0,95.6,0.0
20211024184236,0.0,0.0,0.0,0.8,0.1,0.0,99.1,0.0
20211024184306,0.0,0.0,0.0,0.9,0.1,0.0,98.9,0.1
20211024184336,0.0,0.0,0.0,0.4,0.0,0.0,99.5,0.1
20211024184406,0.0,0.0,0.0,0.6,0.0,0.0,99.2,0.1
20211024184436,0.0,0.0,0.0,0.4,0.1,0.0,99.5,0.0
20211024184506,0.0,0.0,0.0,0.6,0.0,0.0,99.3,0.0
20211024184536,0.0,0.0,0.0,0.7,0.0,0.0,99.3,0.0
20211024184606,0.0,0.0,0.0,0.4,0.0,0.0,99.6,0.0
20211024184636,0.0,0.0,0.0,5.4,0.0,0.0,94.5,0.1
20211024184706,0.0,0.0,0.0,1.8,0.0,0.0,98.0,0.2
20211024184736,0.0,0.0,0.0,1.6,0.1,0.0,97.6,0.7
20211024184806,0.0,0.0,0.0,2.7,0.1,0.0,94.8,2.3
20211024184836,0.0,0.0,0.0,1.6,0.1,0.0,97.1,1.2
20211024184906,0.0,0.0,0.0,0.5,0.1,0.0,99.0,0.4
20211024184936,0.0,0.0,0.0,2.1,0.2,0.0,97.1,0.6
20211024185006,0.0,0.0,0.0,2.3,0.0,0.0,96.8,0.8
20211024185036,0.0,0.0,0.0,2.9,0.0,0.0,96.5,0.5
20211024185106,0.0,0.0,0.0,3.5,0.0,0.0,96.1,0.4
20211024185136,0.0,0.0,0.0,0.8,0.0,0.0,99.1,0.0
20211024185206,0.0,0.0,0.0,0.6,0.0,0.0,99.3,0.1
20211024185236,0.0,0.0,0.0,3.4,0.1,0.0,96.3,0.2
20211024185306,0.0,0.0,0.0,2.5,0.1,0.0,97.3,0.1
20211024185336,0.0,0.0,0.0,2.4,0.0,0.0,97.4,0.1
20211024185406,0.0,0.0,0.0,2.7,0.1,0.0,97.1,0.1
20211024185436,0.0,0.0,0.0,1.7,0.2,0.0,97.7,0.4
20211024185506,0.0,0.0,0.0,1.2,0.0,0.0,98.7,0.1
20211024185536,0.0,0.0,0.0,17.8,0.1,0.0,81.8,0.4
20211024185607,0.0,0.0,0.0,6.1,0.1,0.0,93.5,0.3
20211024185637,0.0,0.0,0.0,5.8,0.2,0.0,93.1,0.9
20211024185707,0.0,0.0,0.0,2.9,0.0,0.0,96.3,0.8
20211024185737,0.0,0.0,0.0,10.4,0.4,0.0,85.1,4.1
20211024185807,0.0,0.0,0.0,15.3,0.2,0.0,80.6,3.9
20211024185837,0.0,0.0,0.0,10.7,0.2,0.0,87.0,2.1
20211024185907,0.0,0.0,0.0,31.6,0.9,0.0,57.4,10.1
20211024185937,0.0,0.0,0.0,48.8,0.5,0.0,44.5,6.2
20211024190007,0.0,0.0,0.0,27.2,0.4,0.0,70.2,2.2
20211024190037,0.0,0.0,0.0,5.9,0.1,0.0,92.1,1.9
20211024190107,0.0,0.0,0.0,19.7,0.2,0.0,77.6,2.5
20211024190137,0.0,0.0,0.0,18.9,0.4,0.0,75.4,5.3
20211024190207,0.0,0.0,0.0,3.9,0.0,0.0,93.6,2.5
20211024190237,0.0,0.0,0.0,1.9,0.0,0.0,96.5,1.6
20211024190307,0.0,0.0,0.0,2.0,0.1,0.0,96.4,1.5
20211024190337,0.0,0.0,0.0,1.8,0.0,0.0,97.3,0.9
20211024190407,0.0,0.0,0.0,5.3,0.1,0.0,92.7,1.9
20211024190437,0.0,0.0,0.0,3.4,0.0,0.0,94.8,1.7
20211024190507,0.0,0.0,0.0,7.5,0.6,0.0,86.6,5.3
20211024190537,0.0,0.0,0.0,3.3,0.3,0.0,90.0,6.3
20211024190607,0.0,0.0,0.0,4.1,0.1,0.0,89.6,6.2
20211024190637,0.0,0.0,0.0,8.7,0.1,0.0,90.3,0.9
20211024190707,0.0,0.0,0.0,5.2,0.1,0.0,92.3,2.4
20211024190737,0.0,0.0,0.0,5.5,0.1,0.0,93.4,1.0
20211024190807,0.0,0.0,0.0,3.7,0.1,0.0,95.3,0.9
20211024190837,0.0,0.0,0.0,1.7,0.1,0.0,96.9,1.3
20211024190907,0.0,0.0,0.0,1.3,0.0,0.0,98.0,0.7
20211024190937,0.0,0.0,0.0,2.9,0.2,0.0,95.3,1.6
20211024191007,0.0,0.0,0.0,0.4,0.0,0.0,99.2,0.4
20211024191037,0.0,0.0,0.0,0.8,0.0,0.0,98.8,0.3
20211024191107,0.0,0.0,0.0,0.3,0.0,0.0,99.4,0.3
20211024191137,0.0,0.0,0.0,0.7,0.0,0.0,98.5,0.8
20211024191207,0.0,0.0,0.0,2.2,0.0,0.0,97.0,0.7
20211024191237,0.0,0.0,0.0,3.2,0.0,0.0,92.4,4.4
20211024191307,0.0,0.0,0.0,3.4,0.0,0.0,95.2,1.3
20211024191337,0.0,0.0,0.0,4.3,0.1,0.0,94.1,1.4
20211024191407,0.0,0.0,0.0,4.0,0.1,0.0,95.0,1.0
20211024191437,0.0,0.0,0.0,2.0,0.1,0.0,97.0,1.0
20211024191507,0.0,0.0,0.0,0.2,0.0,0.0,99.3,0.4
20211024191537,0.0,0.0,0.0,0.3,0.0,0.0,99.3,0.3
20211024191607,0.0,0.0,0.0,3.6,0.1,0.0,96.0,0.3
20211024191637,0.0,0.0,0.0,1.1,0.0,0.0,98.6,0.3
20211024191707,0.0,0.0,0.0,1.9,0.0,0.0,97.9,0.2
20211024191737,0.0,0.0,0.0,5.8,0.1,0.0,92.1,2.0
20211024191807,0.0,0.0,0.0,1.9,0.1,0.0,97.3,0.8
20211024191837,0.0,0.0,0.0,9.6,0.1,0.0,89.6,0.7
20211024191907,0.0,0.0,0.0,1.6,0.0,0.0,98.2,0.2
20211024191937,0.0,0.0,0.0,1.4,0.0,0.0,98.5,0.1
20211024192007,0.0,0.0,0.0,3.3,0.0,0.0,96.6,0.1
20211024192037,0.0,0.0,0.0,4.2,0.1,0.0,95.5,0.2
20211024192107,0.0,0.0,0.0,0.8,0.0,0.0,99.1,0.1
20211024192137,0.0,0.0,0.0,1.7,0.0,0.0,98.3,0.0
20211024192207,0.0,0.0,0.0,1.5,0.0,0.0,98.5,0.0
20211024192237,0.0,0.0,0.0,0.4,0.0,0.0,99.5,0.0
20211024192308,0.0,0.0,0.0,1.9,0.0,0.0,97.9,0.1
20211024192338,0.0,0.0,0.0,4.5,0.2,0.0,95.2,0.1
20211024192408,0.0,0.0,0.0,0.3,0.0,0.0,99.7,0.0
20211024192438,0.0,0.0,0.0,2.2,0.2,0.0,97.3,0.3
20211024192508,0.0,0.0,0.0,1.4,0.4,0.0,87.7,10.6
20211024192538,0.0,0.0,0.0,1.1,0.1,0.0,84.1,14.7
20211024192608,0.0,0.0,0.0,0.3,0.0,0.0,29.7,70.0
20211024192638,0.0,0.0,0.0,0.0,0.0,0.0,4.5,95.5
20211024192708,0.0,0.0,0.0,0.0,0.0,0.0,13.1,86.8
20211024192738,0.0,0.0,0.0,0.0,0.0,0.0,2.0,98.0
20211024192808,0.0,0.0,0.0,0.0,0.0,0.0,2.6,97.3
20211024192838,0.0,0.0,0.0,0.0,0.0,0.0,7.1,92.9
20211024192908,0.0,0.0,0.0,0.0,0.0,0.0,1.9,98.1
20211024192938,0.0,0.0,0.0,0.0,0.0,0.0,0.5,99.5
20211024193008,0.0,0.0,0.0,0.0,0.0,0.0,2.1,97.9
20211024193038,0.0,0.0,0.0,0.0,0.0,0.0,8.6,91.4
20211024193108,0.0,0.0,0.0,0.0,0.0,0.0,7.2,92.8
20211024193138,0.0,0.0,0.0,0.0,0.0,0.0,2.2,97.8
20211024193208,0.0,0.0,0.0,1.2,0.0,0.0,67.3,31.5
20211024193238,0.0,0.0,0.0,0.1,0.0,0.0,14.3,85.6
20211024193308,0.0,0.0,0.0,0.0,0.0,0.0,2.3,97.7
20211024193338,0.0,0.0,0.0,0.0,0.0,0.0,3.4,96.6
20211024193408,0.0,0.0,0.0,0.0,0.0,0.0,0.6,99.4
20211024193438,0.0,0.0,0.0,0.0,0.0,0.0,0.2,99.8
20211024193508,0.0,0.0,0.0,0.0,0.0,0.0,1.3,98.7
20211024193538,0.0,0.0,0.0,0.0,0.0,0.0,0.8,99.2
20211024193608,0.0,0.0,0.0,0.0,0.0,0.0,1.2,98.8
20211024193638,0.0,0.0,0.0,0.0,0.0,0.0,0.2,99.8
20211024193708,0.0,0.0,0.0,0.0,0.0,0.0,4.2,95.8
20211024193738,0.0,0.0,0.0,0.0,0.0,0.0,1.4,98.6
20211024193808,0.0,0.0,0.0,0.0,0.0,0.0,1.7,98.3
20211024193838,0.0,0.0,0.0,0.0,0.0,0.0,6.6,93.4
20211024193908,0.0,0.0,0.0,0.0,0.0,0.0,19.6,80.4
20211024193938,0.0,0.0,0.0,0.0,0.0,0.0,1.7,98.3
20211024194008,0.0,0.0,0.0,0.0,0.0,0.0,11.0,89.0
20211024194038,0.0,0.0,0.0,0.0,0.0,0.0,5.9,94.1
20211024194108,0.0,0.0,0.0,0.0,0.0,0.0,1.6,98.4
20211024194138,0.0,0.0,0.0,0.0,0.0,0.0,3.0,97.0
20211024194208,0.0,0.0,0.0,0.0,0.0,0.0,0.0,100.0
20211024194238,0.0,0.0,0.0,0.0,0.0,0.0,0.4,99.6
20211024194308,0.0,0.0,0.0,0.0,0.0,0.0,3.7,96.3
20211024194338,0.0,0.0,0.0,0.0,0.0,0.0,1.6,98.4
20211024194408,0.0,0.0,0.0,0.1,0.0,0.0,43.4,56.5
20211024194438,0.0,0.0,0.0,0.2,0.0,0.0,91.9,7.8
20211024194508,0.0,0.0,0.0,0.1,0.0,0.0,75.9,23.9
20211024194538,0.0,0.0,0.0,0.1,0.0,0.0,36.9,63.0
20211024194608,0.0,0.0,0.0,0.2,0.0,0.0,82.0,17.8
20211024194638,0.0,0.0,0.0,0.2,0.0,0.0,99.3,0.5
20211024194708,0.0,0.0,0.0,0.3,0.0,0.0,99.6,0.1
20211024194738,0.0,0.0,0.0,1.3,0.0,0.0,95.1,3.5
20211024194808,0.0,0.0,0.0,1.5,0.0,0.0,95.1,3.3
20211024194838,0.0,0.0,0.0,0.8,0.0,0.0,98.9,0.3
20211024194908,0.0,0.0,0.0,1.1,0.0,0.0,98.9,0.0
20211024194938,0.0,0.0,0.0,0.4,0.0,0.0,99.2,0.4
20211024195008,0.0,0.0,0.0,1.1,0.0,0.0,98.8,0.1
20211024195038,0.0,0.0,0.0,0.1,0.0,0.0,99.8,0.2
20211024195108,0.0,0.0,0.0,0.1,0.0,0.0,99.7,0.2
20211024195138,0.0,0.0,0.0,0.0,0.0,0.0,99.8,0.2
20211024195208,0.0,0.0,0.0,0.0,0.0,0.0,87.0,12.9
20211024195238,0.0,0.0,0.0,0.0,0.0,0.0,83.6,16.4
20211024195308,0.0,0.0,0.0,0.0,0.0,0.0,27.8,72.2
20211024195338,0.0,0.0,0.0,0.0,0.0,0.0,19.4,80.6
20211024195408,0.0,0.0,0.0,0.0,0.0,0.0,13.9,86.0
20211024195438,0.0,0.0,0.0,0.0,0.0,0.0,4.3,95.7
20211024195508,0.0,0.0,0.0,0.0,0.0,0.0,7.0,93.0
20211024195538,0.0,0.0,0.0,0.0,0.0,0.0,6.0,94.0
20211024195608,0.0,0.0,0.0,0.0,0.0,0.0,4.1,95.9
20211024195638,0.0,0.0,0.0,0.0,0.0,0.0,0.7,99.3
20211024195708,0.0,0.0,0.0,0.0,0.0,0.0,1.6,98.4
20211024195739,0.0,0.0,0.0,0.0,0.0,0.0,2.6,97.4
20211024195809,0.0,0.0,0.0,0.0,0.0,0.0,0.3,99.7
20211024195839,0.0,0.0,0.0,0.0,0.0,0.0,2.5,97.5
20211024195909,0.0,0.0,0.0,0.0,0.0,0.0,0.9,99.1
20211024195939,0.0,0.0,0.0,0.0,0.0,0.0,1.2,98.8
20211024200009,0.0,0.0,0.0,0.0,0.0,0.0,1.0,99.0
20211024200039,0.0,0.0,0.0,0.0,0.0,0.0,2.4,97.6
20211024200109,0.0,0.0,0.0,0.0,0.0,0.0,5.7,94.3
20211024200139,0.0,0.0,0.0,0.0,0.0,0.0,5.1,94.9
20211024200209,0.0,0.0,0.0,0.0,0.0,0.0,2.3,97.7
20211024200239,0.0,0.0,0.0,0.0,0.0,0.0,5.5,94.5
20211024200309,0.0,0.0,0.0,0.0,0.0,0.0,9.6,90.4
20211024200339,0.0,0.0,0.0,0.0,0.0,0.0,12.0,88.0
20211024200409,0.0,0.0,0.0,0.0,0.0,0.0,1.0,99.0
20211024200439,0.0,0.0,0.0,0.0,0.0,0.0,13.9,86.1
20211024200509,0.0,0.0,0.0,0.0,0.0,0.0,6.5,93.5
20211024200539,0.0,0.0,0.0,0.0,0.0,0.0,2.8,97.2
20211024200609,0.0,0.0,0.0,0.0,0.0,0.0,2.2,97.8
20211024200639,0.0,0.0,0.0,0.0,0.0,0.0,4.8,95.2
20211024200709,0.0,0.0,0.0,0.0,0.0,0.0,12.1,87.9
20211024200739,0.0,0.0,0.0,0.0,0.0,0.0,8.1,91.9
20211024200809,0.0,0.0,0.0,0.0,0.0,0.0,7.4,92.6
20211024200839,0.0,0.0,0.0,0.0,0.0,0.0,3.9,96.1
20211024200909,0.0,0.0,0.0,0.0,0.0,0.0,2.7,97.3
20211024200939,0.0,0.0,0.0,0.0,0.0,0.0,4.0,96.0
20211024201009,0.0,0.0,0.0,0.0,0.0,0.0,5.3,94.7
20211024201039,0.0,0.0,0.0,0.0,0.0,0.0,1.7,98.3
20211024201109,0.0,0.0,0.0,0.0,0.0,0.0,1.3,98.7
20211024201139,0.0,0.0,0.0,0.0,0.0,0.0,0.7,99.3
20211024201209,0.0,0.0,0.0,0.0,0.0,0.0,6.3,93.7
20211024201239,0.0,0.0,0.0,0.0,0.0,0.0,0.4,99.6
20211024201309,0.0,0.0,0.0,0.0,0.0,0.0,0.2,99.8
20211024201339,0.0,0.0,0.0,0.0,0.0,0.0,1.0,99.0
20211024201409,0.0,0.0,0.0,0.0,0.0,0.0,1.7,98.3
20211024201439,0.0,0.0,0.0,0.0,0.0,0.0,6.3,93.7
20211024201509,0.0,0.0,0.0,0.0,0.0,0.0,4.2,95.8
20211024201539,0.0,0.0,0.0,0.0,0.0,0.0,1.2,98.8
20211024201609,0.0,0.0,0.0,0.0,0.0,0.0,1.1,98.9
20211024201639,0.0,0.0,0.0,0.0,0.0,0.0,5.5,94.5
20211024201709,0.0,0.0,0.0,0.0,0.0,0.0,5.6,94.4
20211024201739,0.0,0.0,0.0,0.0,0.0,0.0,17.7,82.3
20211024201809,0.0,0.0,0.0,0.0,0.0,0.0,10.1,89.9
20211024201839,0.0,0.0,0.0,0.0,0.0,0.0,30.5,69.5
20211024201909,0.0,0.0,0.0,0.0,0.0,0.0,6.0,94.0
20211024201939,0.0,0.0,0.0,0.0,0.0,0.0,11.9,88.1
20211024202009,0.0,0.0,0.0,0.0,0.0,0.0,5.2,94.8
20211024202039,0.0,0.0,0.0,0.0,0.0,0.0,9.9,90.1
20211024202109,0.0,0.0,0.0,0.0,0.0,0.0,6.6,93.4
20211024202139,0.0,0.0,0.0,0.0,0.0,0.0,4.5,95.5
20211024202209,0.0,0.0,0.0,0.0,0.0,0.0,5.7,94.3
20211024202239,0.0,0.0,0.0,0.0,0.0,0.0,2.4,97.6
20211024202309,0.0,0.0,0.0,0.0,0.0,0.0,38.4,61.6
20211024202339,0.0,0.0,0.0,0.0,0.0,0.0,14.5,85.5
20211024202409,0.0,0.0,0.0,0.0,0.0,0.0,4.5,95.5
20211024202439,0.0,0.0,0.0,0.0,0.0,0.0,4.8,95.2
20211024202509,0.0,0.0,0.0,0.0,0.0,0.0,1.4,98.6
20211024202539,0.0,0.0,0.0,0.0,0.0,0.0,3.2,96.8
20211024202609,0.0,0.0,0.0,0.0,0.0,0.0,4.6,95.4
20211024202639,0.0,0.0,0.0,0.0,0.0,0.0,17.1,82.9
20211024202709,0.0,0.0,0.0,0.0,0.0,0.0,7.1,92.9
20211024202739,0.0,0.0,0.0,0.0,0.0,0.0,12.5,87.5
20211024202809,0.0,0.0,0.0,0.0,0.0,0.0,13.6,86.4
20211024202839,0.0,0.0,0.0,0.0,0.0,0.0,3.7,96.3
20211024202909,0.0,0.0,0.0,0.0,0.0,0.0,9.8,90.2
20211024202939,0.0,0.0,0.0,0.0,0.0,0.0,7.1,92.9
20211024203009,0.0,0.0,0.0,0.0,0.0,0.0,1.1,98.9
20211024203039,0.0,0.0,0.0,0.0,0.0,0.0,0.6,99.4
20211024203109,0.0,0.0,0.0,0.0,0.0,0.0,2.8,97.2
20211024203140,0.0,0.0,0.0,0.0,0.0,0.0,2.0,98.0
20211024203210,0.0,0.0,0.0,0.0,0.0,0.0,3.1,96.9
20211024203240,0.0,0.0,0.0,0.0,0.0,0.0,20.2,79.8
20211024203310,0.0,0.0,0.0,0.0,0.0,0.0,9.8,90.2
20211024203340,0.0,0.0,0.0,0.0,0.0,0.0,2.5,97.5
20211024203410,0.0,0.0,0.0,0.0,0.0,0.0,42.2,57.8
20211024203440,0.0,0.0,0.0,0.0,0.0,0.0,15.5,84.5
20211024203510,0.0,0.0,0.0,0.0,0.0,0.0,1.5,98.5
20211024203540,0.0,0.0,0.0,0.0,0.0,0.0,39.5,60.5
20211024203610,0.0,0.0,0.0,0.0,0.0,0.0,22.3,77.7
20211024203640,0.0,0.0,0.0,0.0,0.0,0.0,8.8,91.2
20211024203710,0.0,0.0,0.0,0.0,0.0,0.0,13.8,86.2
20211024203740,0.0,0.0,0.0,0.0,0.0,0.0,24.1,75.9
20211024203810,0.0,0.0,0.0,0.0,0.0,0.0,31.0,68.9
20211024203840,0.0,0.0,0.0,0.0,0.0,0.0,23.9,76.0
20211024203910,0.0,0.0,0.0,0.0,0.0,0.0,7.1,92.9
20211024203940,0.0,0.0,0.0,0.0,0.0,0.0,13.0,87.0
20211024204010,0.0,0.0,0.0,0.0,0.0,0.0,34.5,65.5
20211024204040,0.0,0.0,0.0,0.0,0.0,0.0,21.7,78.3
20211024204110,0.0,0.0,0.0,0.0,0.0,0.0,19.0,81.0
20211024204140,0.0,0.0,0.0,0.0,0.0,0.0,25.5,74.5
20211024204210,0.0,0.0,0.0,0.0,0.0,0.0,9.8,90.2
20211024204240,0.0,0.0,0.0,0.0,0.0,0.0,8.2,91.7
20211024204310,0.0,0.0,0.0,0.0,0.0,0.0,2.1,97.9
20211024204340,0.0,0.0,0.0,0.0,0.0,0.0,21.4,78.6
20211024204410,0.0,0.0,0.0,0.0,0.0,0.0,8.7,91.2
20211024204440,0.0,0.0,0.0,0.0,0.0,0.0,8.6,91.4
20211024204510,0.0,0.0,0.0,0.0,0.0,0.0,6.1,93.9
20211024204540,0.0,0.0,0.0,0.0,0.0,0.0,10.5,89.5
20211024204610,0.0,0.0,0.0,0.0,0.0,0.0,0.9,99.1
20211024204640,0.0,0.0,0.0,0.0,0.0,0.0,12.0,88.0
20211024204710,0.0,0.0,0.0,0.0,0.0,0.0,14.3,85.7
20211024204740,0.0,0.0,0.0,0.0,0.0,0.0,1.8,98.2
20211024204810,0.0,0.0,0.0,0.0,0.0,0.0,2.7,97.3
20211024204840,0.0,0.0,0.0,0.0,0.0,0.0,3.8,96.2
20211024204910,0.0,0.0,0.0,0.0,0.0,0.0,6.0,94.0
20211024204940,0.0,0.0,0.0,0.0,0.0,0.0,3.9,96.1
20211024205010,0.0,0.0,0.0,0.0,0.0,0.0,1.2,98.8
20211024205040,0.0,0.0,0.0,0.0,0.0,0.0,1.9,98.1
20211024205110,0.0,0.0,0.0,0.0,0.0,0.0,3.1,96.9
20211024205140,0.0,0.0,0.0,0.0,0.0,0.0,2.8,97.2
20211024205210,0.0,0.0,0.0,0.0,0.0,0.0,2.3,97.7
20211024205240,0.0,0.0,0.0,0.0,0.0,0.0,3.0,97.0
20211024205310,0.0,0.0,0.0,0.0,0.0,0.0,2.2,97.7
20211024205340,0.0,0.0,0.0,0.0,0.0,0.0,0.9,99.1
20211024205410,0.0,0.0,0.0,0.0,0.0,0.0,6.5,93.5
20211024205440,0.0,0.0,0.0,0.0,0.0,0.0,3.1,96.9
20211024205510,0.0,0.0,0.0,0.0,0.0,0.0,2.8,97.2
20211024205540,0.0,0.0,0.0,0.0,0.0,0.0,3.5,96.5
20211024205610,0.0,0.0,0.0,0.0,0.0,0.0,7.7,92.3
20211024205640,0.0,0.0,0.0,0.0,0.0,0.0,28.5,71.5
20211024205710,0.0,0.0,0.0,0.0,0.0,0.0,6.7,93.3
20211024205740,0.0,0.0,0.0,0.0,0.0,0.0,4.3,95.7
20211024205810,0.0,0.0,0.0,0.0,0.0,0.0,7.5,92.5
20211024205841,0.0,0.0,0.0,0.0,0.0,0.0,4.7,95.3
20211024205911,0.0,0.0,0.0,0.0,0.0,0.0,1.7,98.3
20211024205941,0.0,0.0,0.0,0.0,0.0,0.0,20.9,79.1
20211024210011,0.0,0.0,0.0,0.0,0.0,0.0,5.4,94.6
20211024210041,0.0,0.0,0.0,0.0,0.0,0.0,9.5,90.5
20211024210111,0.0,0.0,0.0,0.0,0.0,0.0,3.4,96.6
20211024210141,0.0,0.0,0.0,0.0,0.0,0.0,33.4,66.6
20211024210211,0.0,0.0,0.0,0.0,0.0,0.0,2.4,97.6
20211024210241,0.0,0.0,0.0,0.0,0.0,0.0,7.6,92.4
20211024210311,0.0,0.0,0.0,0.0,0.0,0.0,1.5,98.5
20211024210341,0.0,0.0,0.0,0.0,0.0,0.0,12.2,87.8
20211024210411,0.0,0.0,0.0,0.0,0.0,0.0,2.2,97.8
20211024210441,0.0,0.0,0.0,0.0,0.0,0.0,1.2,98.8
20211024210511,0.0,0.0,0.0,0.0,0.0,0.0,14.0,86.0
20211024210541,0.0,0.0,0.0,0.0,0.0,0.0,4.0,96.0
20211024210611,0.0,0.0,0.0,0.0,0.0,0.0,4.5,95.5
20211024210641,0.0,0.0,0.0,0.0,0.0,0.0,6.0,94.0
20211024210711,0.0,0.0,0.0,0.0,0.0,0.0,0.4,99.6
20211024210741,0.0,0.0,0.0,0.0,0.0,0.0,1.0,99.0
20211024210811,0.0,0.0,0.0,0.0,0.0,0.0,6.6,93.4
20211024210841,0.0,0.0,0.0,0.0,0.0,0.0,4.5,95.5
20211024210911,0.0,0.0,0.0,0.0,0.0,0.0,9.2,90.8
20211024210941,0.0,0.0,0.0,0.0,0.0,0.0,25.8,74.2
20211024211011,0.0,0.0,0.0,0.0,0.0,0.0,11.6,88.4
20211024211041,0.0,0.0,0.0,0.0,0.0,0.0,2.3,97.7
20211024211111,0.0,0.0,0.0,0.0,0.0,0.0,2.1,97.9
20211024211141,0.0,0.0,0.0,0.0,0.0,0.0,0.8,99.2
20211024211211,0.0,0.0,0.0,0.0,0.0,0.0,5.4,94.6
20211024211241,0.0,0.0,0.0,0.0,0.0,0.0,9.7,90.3
20211024211311,0.0,0.0,0.0,0.0,0.0,0.0,0.7,99.3
20211024211341,0.0,0.0,0.0,0.0,0.0,0.0,2.0,98.0
20211024211411,0.0,0.0,0.0,0.0,0.0,0.0,3.7,96.3
20211024211441,0.0,0.0,0.0,0.0,0.0,0.0,15.4,84.5
20211024211511,0.0,0.0,0.0,0.0,0.0,0.0,5.0,95.0
20211024211541,0.0,0.0,0.0,0.0,0.0,0.0,1.0,99.0
20211024211611,0.0,0.0,0.0,0.0,0.0,0.0,2.5,97.5
20211024211641,0.0,0.0,0.0,0.0,0.0,0.0,7.3,92.7
20211024211711,0.0,0.0,0.0,0.0,0.0,0.0,2.3,97.7
20211024211741,0.0,0.0,0.0,0.0,0.0,0.0,2.7,97.3
20211024211811,0.0,0.0,0.0,0.0,0.0,0.0,4.9,95.1
20211024211841,0.0,0.0,0.0,0.0,0.0,0.0,6.6,93.4
20211024211911,0.0,0.0,0.0,0.0,0.0,0.0,0.9,99.1
20211024211941,0.0,0.0,0.0,0.0,0.0,0.0,1.4,98.6
20211024212011,0.0,0.0,0.0,0.0,0.0,0.0,1.9,98.1
20211024212041,0.0,0.0,0.0,0.0,0.0,0.0,0.9,99.1
20211024212111,0.0,0.0,0.0,0.0,0.0,0.0,1.6,98.4
20211024212141,0.0,0.0,0.0,0.0,0.0,0.0,0.2,99.8
20211024212211,0.0,0.0,0.0,0.0,0.0,0.0,2.2,97.8
20211024212241,0.0,0.0,0.0,0.0,0.0,0.0,6.4,93.6
20211024212311,0.0,0.0,0.0,0.0,0.0,0.0,4.5,95.5
20211024212341,0.0,0.0,0.0,0.0,0.0,0.0,2.2,97.8
20211024212411,0.0,0.0,0.0,0.0,0.0,0.0,0.2,99.8
20211024212441,0.0,0.0,0.0,0.0,0.0,0.0,3.9,96.1
20211024212511,0.0,0.0,0.0,0.0,0.0,0.0,0.7,99.3
20211024212541,0.0,0.0,0.0,0.0,0.0,0.0,2.3,97.7
20211024212611,0.0,0.0,0.0,0.0,0.0,0.0,4.2,95.8
20211024212641,0.0,0.0,0.0,0.0,0.0,0.0,1.0,99.0
20211024212711,0.0,0.0,0.0,0.0,0.0,0.0,0.5,99.5
20211024212741,0.0,0.0,0.0,0.0,0.0,0.0,3.5,96.5
20211024212811,0.0,0.0,0.0,0.0,0.0,0.0,2.7,97.3
20211024212841,0.0,0.0,0.0,0.0,0.0,0.0,2.8,97.2
20211024212911,0.0,0.0,0.0,0.0,0.0,0.0,0.5,99.5
20211024212941,0.0,0.0,0.0,0.0,0.0,0.0,0.5,99.5
20211024213011,0.0,0.0,0.0,0.0,0.0,0.0,4.3,95.7
20211024213041,0.0,0.0,0.0,0.0,0.0,0.0,5.3,94.7
20211024213111,0.0,0.0,0.0,0.0,0.0,0.0,1.8,98.2
20211024213141,0.0,0.0,0.0,0.0,0.0,0.0,0.7,99.3
20211024213211,0.0,0.0,0.0,0.0,0.0,0.0,0.7,99.3
20211024213241,0.0,0.0,0.0,0.0,0.0,0.0,4.1,95.9
20211024213312,0.0,0.0,0.0,0.0,0.0,0.0,7.2,92.8
20211024213342,0.0,0.0,0.0,0.0,0.0,0.0,2.3,97.7
20211024213412,0.0,0.0,0.0,0.0,0.0,0.0,1.0,99.0
20211024213442,0.0,0.0,0.0,0.0,0.0,0.0,2.4,97.6
20211024213512,0.0,0.0,0.0,0.0,0.0,0.0,1.2,98.8
20211024213542,0.0,0.0,0.0,0.0,0.0,0.0,2.8,97.2
20211024213612,0.0,0.0,0.0,0.0,0.0,0.0,3.4,96.6
20211024213642,0.0,0.0,0.0,0.0,0.0,0.0,0.9,99.1
20211024213712,0.0,0.0,0.0,0.0,0.0,0.0,0.1,99.9
20211024213742,0.0,0.0,0.0,0.0,0.0,0.0,0.6,99.4
20211024213812,0.0,0.0,0.0,0.0,0.0,0.0,0.1,99.9
20211024213842,0.0,0.0,0.0,0.0,0.0,0.0,0.6,99.4
20211024213912,0.0,0.0,0.0,0.0,0.0,0.0,0.7,99.3
20211024213942,0.0,0.0,0.0,0.0,0.0,0.0,3.5,96.5
20211024214012,0.0,0.0,0.0,0.0,0.0,0.0,0.1,99.9
20211024214042,0.0,0.0,0.0,0.0,0.0,0.0,0.3,99.7
20211024214112,0.0,0.0,0.0,0.0,0.0,0.0,0.6,99.4
20211024214142,0.0,0.0,0.0,0.0,0.0,0.0,0.0,100.0
20211024214212,0.0,0.0,0.0,0.0,0.0,0.0,1.2,98.8
20211024214242,0.0,0.0,0.0,0.0,0.0,0.0,3.2,96.8
20211024214312,0.0,0.0,0.0,0.0,0.0,0.0,2.0,98.0
20211024214342,0.0,0.0,0.0,0.0,0.0,0.0,0.5,99.5
20211024214412,0.0,0.0,0.0,0.0,0.0,0.0,0.3,99.7
20211024214442,0.0,0.0,0.0,0.0,0.0,0.0,0.1,99.9
20211024214512,0.0,0.0,0.0,0.0,0.0,0.0,0.5,99.5
20211024214542,0.0,0.0,0.0,0.0,0.0,0.0,0.3,99.7
20211024214612,0.0,0.0,0.0,0.0,0.0,0.0,3.4,96.6
20211024214642,0.0,0.0,0.0,0.0,0.0,0.0,1.4,98.6
20211024214712,0.0,0.0,0.0,0.0,0.0,0.0,1.8,98.2
20211024214742,0.0,0.0,0.0,0.0,0.0,0.0,0.2,99.8
20211024214812,0.0,0.0,0.0,0.0,0.0,0.0,0.4,99.6
20211024214842,0.0,0.0,0.0,0.0,0.0,0.0,0.5,99.5
20211024214912,0.0,0.0,0.0,0.0,0.0,0.0,0.6,99.4
20211024214942,0.0,0.0,0.0,0.0,0.0,0.0,0.8,99.2
20211024215012,0.0,0.0,0.0,0.0,0.0,0.0,0.4,99.6
20211024215042,0.0,0.0,0.0,0.0,0.0,0.0,0.4,99.6
20211024215112,0.0,0.0,0.0,0.0,0.0,0.0,1.9,98.1
20211024215142,0.0,0.0,0.0,0.0,0.0,0.0,1.9,98.1
20211024215212,0.0,0.0,0.0,0.0,0.0,0.0,5.0,95.0
20211024215242,0.0,0.0,0.0,0.0,0.0,0.0,0.9,99.1
20211024215312,0.0,0.0,0.0,0.0,0.0,0.0,4.1,95.9
20211024215342,0.0,0.0,0.0,0.0,0.0,0.0,0.5,99.5
20211024215412,0.0,0.0,0.0,0.0,0.0,0.0,1.1,98.9
20211024215442,0.0,0.0,0.0,0.0,0.0,0.0,1.6,98.4
20211024215512,0.0,0.0,0.0,0.0,0.0,0.0,0.9,99.1
20211024215542,0.0,0.0,0.0,0.0,0.0,0.0,3.1,96.9
20211024215612,0.0,0.0,0.0,0.0,0.0,0.0,0.5,99.5
20211024215642,0.0,0.0,0.0,0.0,0.0,0.0,1.2,98.8
20211024215712,0.0,0.0,0.0,0.0,0.0,0.0,8.9,91.1
20211024215742,0.0,0.0,0.0,0.0,0.0,0.0,2.7,97.3
20211024215812,0.0,0.0,0.0,0.0,0.0,0.0,1.6,98.4
20211024215842,0.0,0.0,0.0,0.0,0.0,0.0,2.5,97.5
20211024215912,0.0,0.0,0.0,0.0,0.0,0.0,2.6,97.4
20211024215942,0.0,0.0,0.0,0.0,0.0,0.0,1.0,99.0
20211024220012,0.0,0.0,0.0,0.0,0.0,0.0,1.8,98.2
20211024220042,0.0,0.0,0.0,0.0,0.0,0.0,1.3,98.7
20211024220112,0.0,0.0,0.0,0.0,0.0,0.0,1.6,98.4
20211024220142,0.0,0.0,0.0,0.0,0.0,0.0,0.1,99.9
20211024220212,0.0,0.0,0.0,0.0,0.0,0.0,1.0,99.0
20211024220242,0.0,0.0,0.0,0.0,0.0,0.0,0.7,99.3
20211024220312,0.0,0.0,0.0,0.0,0.0,0.0,0.2,99.8
20211024220342,0.0,0.0,0.0,0.0,0.0,0.0,0.9,99.1
20211024220412,0.0,0.0,0.0,0.0,0.0,0.0,0.5,99.5
20211024220442,0.0,0.0,0.0,0.0,0.0,0.0,1.9,98.1
20211024220512,0.0,0.0,0.0,0.0,0.0,0.0,0.4,99.6
20211024220542,0.0,0.0,0.0,0.0,0.0,0.0,1.4,98.5
20211024220612,0.0,0.0,0.0,0.0,0.0,0.0,2.1,97.9
20211024220642,0.0,0.0,0.0,0.0,0.0,0.0,0.4,99.6
20211024220713,0.0,0.0,0.0,0.0,0.0,0.0,0.2,99.8
20211024220743,0.0,0.0,0.0,0.0,0.0,0.0,0.9,99.1
20211024220813,0.0,0.0,0.0,0.0,0.0,0.0,0.2,99.8
20211024220843,0.0,0.0,0.0,0.0,0.0,0.0,0.7,99.3
