UT,arc,discrete,diffuse,ac,ab,clear,cloudy,dd
20211213131000,0.0,0.0,0.0,0.0,0.0,0.0,0.0,100.0
20211213131030,0.0,0.0,0.0,0.0,0.0,0.0,0.0,100.0
20211213131100,0.0,0.0,0.0,0.0,0.0,0.0,0.0,100.0
20211213131130,0.0,0.0,0.0,0.0,0.0,0.0,0.0,100.0
20211213131200,0.0,0.0,0.0,0.0,0.0,0.0,0.0,100.0
20211213131230,0.0,0.0,0.0,0.0,0.0,0.0,0.0,100.0
20211213131300,0.0,0.0,0.0,0.0,0.0,0.0,0.0,100.0
20211213131330,0.0,0.0,0.0,0.0,0.0,0.0,0.0,100.0
20211213131400,0.0,0.0,0.0,0.0,0.0,0.0,0.0,100.0
20211213131430,0.0,0.0,0.0,0.0,0.0,0.0,0.0,100.0
20211213131500,0.0,0.0,0.0,0.0,0.0,0.0,0.0,100.0
20211213131530,0.0,0.0,0.0,0.0,0.0,0.0,0.0,100.0
20211213131600,0.0,0.0,0.0,0.0,0.0,0.0,0.0,100.0
20211213131630,0.0,0.0,0.0,0.0,0.0,0.0,0.0,100.0
20211213131700,0.0,0.0,0.0,0.0,0.0,0.0,0.0,100.0
20211213131730,0.0,0.0,0.0,0.0,0.0,0.0,0.0,100.0
20211213131800,0.0,0.0,0.0,0.0,0.0,0.0,0.0,100.0
20211213131830,0.0,0.0,0.0,0.0,0.0,0.0,0.0,100.0
20211213131900,0.0,0.0,0.0,0.0,0.0,0.0,0.0,100.0
20211213131930,0.0,0.0,0.0,0.0,0.0,0.0,0.0,100.0
20211213132000,0.0,0.0,0.0,0.0,0.0,0.0,0.0,100.0
20211213132030,0.0,0.0,0.0,0.0,0.0,0.0,0.0,100.0
20211213132100,0.0,0.0,0.0,0.0,0.0,0.0,0.0,100.0
20211213132130,0.0,0.0,0.0,0.0,0.0,0.0,0.0,100.0
20211213132200,0.0,0.0,0.0,0.0,0.0,0.0,0.0,100.0
20211213132230,0.0,0.0,0.0,0.0,0.0,0.0,0.0,100.0
20211213132300,0.0,0.0,0.0,0.0,0.0,0.0,0.0,100.0
20211213132330,0.0,0.0,0.0,0.0,0.0,0.0,0.0,100.0
20211213132400,0.0,0.0,0.0,0.0,0.0,0.0,0.0,100.0
20211213132430,0.0,0.0,0.0,0.0,0.0,0.0,0.0,100.0
20211213132500,0.0,0.0,0.0,0.0,0.0,0.0,0.0,100.0
20211213132530,0.0,0.0,0.0,0.0,0.0,0.0,0.0,100.0
20211213132600,0.0,0.0,0.0,0.0,0.0,0.0,0.0,100.0
20211213132630,0.0,0.0,0.0,0.0,0.0,0.0,0.0,100.0
20211213132700,0.0,0.0,0.0,0.0,0.0,0.0,0.0,100.0
20211213132730,0.0,0.0,0.0,0.0,0.0,0.0,0.0,100.0
20211213132800,0.0,0.0,0.0,0.0,0.0,0.0,0.0,100.0
20211213132830,0.0,0.0,0.0,0.0,0.0,0.0,0.0,100.0
20211213132900,0.0,0.0,0.0,0.0,0.0,0.0,0.0,100.0
20211213132930,0.0,0.0,0.0,0.0,0.0,0.0,0.0,100.0
20211213133000,0.0,0.0,0.0,0.0,0.0,0.0,0.0,100.0
20211213133030,0.0,0.0,0.0,0.0,0.0,0.0,0.0,100.0
20211213133100,0.0,0.0,0.0,0.0,0.0,0.0,0.0,100.0
20211213133130,0.0,0.0,0.0,0.0,0.0,0.0,0.0,100.0
20211213133201,0.0,0.0,0.0,0.0,0.0,0.0,0.0,100.0
20211213133231,0.0,0.0,0.0,0.0,0.0,0.0,0.0,100.0
20211213133301,0.0,0.0,0.0,0.0,0.0,0.0,0.0,100.0
20211213133331,0.0,0.0,0.0,0.0,0.0,0.0,0.0,100.0
20211213133401,0.0,0.0,0.0,0.0,0.0,0.0,0.0,100.0
20211213133431,0.0,0.0,0.0,0.0,0.0,0.0,0.0,100.0
20211213133501,0.0,0.0,0.0,0.0,0.0,0.0,0.0,100.0
20211213133531,0.0,0.0,0.0,0.0,0.0,0.0,0.0,100.0
20211213133601,0.0,0.0,0.0,0.0,0.0,0.0,0.0,100.0
20211213133631,0.0,0.0,0.0,0.0,0.0,0.0,0.0,100.0
20211213133701,0.0,0.0,0.0,0.0,0.0,0.0,0.0,100.0
20211213133731,0.0,0.0,0.0,0.0,0.0,0.0,0.0,100.0
20211213133801,0.0,0.0,0.0,0.0,0.0,0.0,0.0,100.0
20211213133831,0.0,0.0,0.0,0.0,0.0,0.0,0.0,100.0
20211213133901,0.0,0.0,0.0,0.0,0.0,0.0,0.0,100.0
20211213133931,0.0,0.0,0.0,0.0,0.0,0.0,0.0,100.0
20211213134001,0.0,0.0,0.0,0.0,0.0,0.0,0.0,100.0
20211213134031,0.0,0.0,0.0,0.0,0.0,0.0,0.0,100.0
20211213134101,0.0,0.0,0.0,0.0,0.0,0.0,0.0,100.0
20211213134131,0.0,0.0,0.0,0.0,0.0,0.0,0.0,100.0
20211213134201,0.0,0.0,0.0,0.0,0.0,0.0,0.0,100.0
20211213134231,0.0,0.0,0.0,0.0,0.0,0.0,0.0,100.0
20211213134301,0.0,0.0,0.0,0.0,0.0,0.0,0.0,100.0
20211213134331,0.0,0.0,0.0,0.0,0.0,0.0,0.0,100.0
20211213134401,0.0,0.0,0.0,0.0,0.0,0.0,0.0,100.0
20211213134431,0.0,0.0,0.0,0.0,0.0,0.0,0.0,100.0
20211213134501,0.0,0.0,0.0,0.0,0.0,0.0,0.0,100.0
20211213134531,0.0,0.0,0.0,0.0,0.0,0.0,0.0,100.0
20211213134601,0.0,0.0,0.0,0.0,0.0,0.0,0.0,100.0
20211213134631,0.0,0.0,0.0,0.0,0.0,0.0,0.0,100.0
20211213134701,0.0,0.0,0.0,0.0,0.0,0.0,0.0,100.0
20211213134731,0.0,0.0,0.0,0.0,0.0,0.0,0.0,100.0
20211213134801,0.0,0.0,0.0,0.0,0.0,0.0,0.0,100.0
20211213134831,0.0,0.0,0.0,0.0,0.0,0.0,0.0,100.0
20211213134901,0.0,0.0,0.0,0.0,0.0,0.0,0.0,100.0
20211213134931,0.0,0.0,0.0,0.0,0.0,0.0,0.0,100.0
20211213135001,0.0,0.0,0.0,0.0,0.0,0.0,0.0,100.0
20211213135031,0.0,0.0,0.0,0.0,0.0,0.0,0.0,100.0
20211213135101,0.0,0.0,0.0,0.0,0.0,0.0,0.0,100.0
20211213135131,0.0,0.0,0.0,0.0,0.0,0.0,0.0,100.0
20211213135201,0.0,0.0,0.0,0.0,0.0,0.0,0.0,100.0
20211213135231,0.0,0.0,0.0,0.0,0.0,0.0,0.0,100.0
20211213135301,0.0,0.0,0.0,0.0,0.0,0.0,0.0,100.0
20211213135331,0.0,0.0,0.0,0.0,0.0,0.0,0.0,100.0
20211213135401,0.0,0.0,0.0,0.0,0.0,0.0,0.0,100.0
20211213135431,0.0,0.0,0.0,0.0,0.0,0.0,0.0,100.0
20211213135501,0.0,0.0,0.0,0.0,0.0,0.0,0.0,100.0
20211213135531,0.0,0.0,0.0,0.0,0.0,0.0,0.0,100.0
20211213135601,0.0,0.0,0.0,0.0,0.0,0.0,0.0,100.0
20211213135631,0.0,0.0,0.0,0.0,0.0,0.0,0.0,100.0
20211213135701,0.0,0.0,0.0,0.0,0.0,0.0,0.0,100.0
20211213135731,0.0,0.0,0.0,0.0,0.0,0.0,0.0,100.0
20211213135801,0.0,0.0,0.0,0.0,0.0,0.0,0.0,100.0
20211213135831,0.0,0.0,0.0,0.0,0.0,0.0,0.0,100.0
20211213135901,0.0,0.0,0.0,0.0,0.0,0.0,0.0,100.0
20211213135931,0.0,0.0,0.0,0.0,0.0,0.0,0.0,100.0
20211213140001,0.0,0.0,0.0,0.0,0.0,0.0,0.0,100.0
20211213140031,0.0,0.0,0.0,0.0,0.0,0.0,0.0,100.0
20211213140101,0.0,0.0,0.0,0.0,0.0,0.0,0.0,100.0
20211213140131,0.0,0.0,0.0,0.0,0.0,0.0,0.0,100.0
20211213140201,0.0,0.0,0.0,0.0,0.0,0.0,0.1,99.9
20211213140231,0.0,0.0,0.0,0.0,0.0,0.0,0.0,100.0
20211213140301,0.0,0.0,0.0,0.0,0.0,0.0,0.0,100.0
20211213140331,0.0,0.0,0.0,0.0,0.0,0.0,0.0,100.0
20211213140401,0.0,0.0,0.0,0.0,0.0,0.0,0.0,100.0
20211213140431,0.0,0.0,0.0,0.0,0.0,0.0,0.0,100.0
20211213140501,0.0,0.0,0.0,0.0,0.0,0.0,0.0,100.0
20211213140531,0.0,0.0,0.0,0.0,0.0,0.0,0.0,100.0
20211213140602,0.0,0.0,0.0,0.0,0.0,0.0,0.0,100.0
20211213140632,0.0,0.0,0.0,0.0,0.0,0.0,0.0,100.0
20211213140702,0.0,0.0,0.0,0.0,0.0,0.0,0.1,99.9
20211213140732,0.0,0.0,0.0,0.0,0.0,0.0,0.0,100.0
20211213140802,0.0,0.0,0.0,0.0,0.0,0.0,0.0,100.0
20211213140832,0.0,0.0,0.0,0.0,0.0,0.0,0.0,100.0
20211213140902,0.0,0.0,0.0,0.0,0.0,0.0,0.0,100.0
20211213140932,0.0,0.0,0.0,0.0,0.0,0.0,0.0,100.0
20211213141132,0.0,0.0,0.0,0.0,0.0,0.0,0.0,100.0
20211213141202,0.0,0.0,0.0,0.0,0.0,0.0,0.0,100.0
20211213141232,0.0,0.0,0.0,0.0,0.0,0.0,0.0,100.0
20211213141302,0.0,0.0,0.0,0.0,0.0,0.0,0.0,100.0
20211213141332,0.0,0.0,0.0,0.0,0.0,0.0,0.0,100.0
20211213141402,0.0,0.0,0.0,0.0,0.0,0.0,0.0,100.0
20211213141432,0.0,0.0,0.0,0.0,0.0,0.0,0.0,100.0
20211213141502,0.0,0.0,0.0,0.0,0.0,0.0,0.0,100.0
20211213141532,0.0,0.0,0.0,0.0,0.0,0.0,0.0,100.0
20211213141602,0.0,0.0,0.0,0.0,0.0,0.0,0.0,100.0
20211213141632,0.0,0.0,0.0,0.0,0.0,0.0,0.0,100.0
20211213141702,0.0,0.0,0.0,0.0,0.0,0.0,0.0,100.0
20211213141732,0.0,0.0,0.0,0.0,0.0,0.0,0.0,100.0
20211213141802,0.0,0.0,0.0,0.0,0.0,0.0,0.0,100.0
20211213141832,0.0,0.0,0.0,0.0,0.0,0.0,0.0,100.0
20211213141902,0.0,0.0,0.0,0.0,0.0,0.0,0.0,100.0
20211213141932,0.0,0.0,0.0,0.0,0.0,0.0,0.0,100.0
20211213142002,0.0,0.0,0.0,0.0,0.0,0.0,0.0,100.0
20211213142032,0.0,0.0,0.0,0.0,0.0,0.0,0.0,100.0
20211213142102,0.0,0.0,0.0,0.0,0.0,0.0,0.0,100.0
20211213142132,0.0,0.0,0.0,0.0,0.0,0.0,0.0,100.0
20211213142202,0.0,0.0,0.0,0.0,0.0,0.0,0.0,100.0
20211213142232,0.0,0.0,0.0,0.0,0.0,0.0,0.0,100.0
20211213142302,0.0,0.0,0.0,0.0,0.0,0.0,0.0,100.0
20211213142332,0.0,0.0,0.0,0.0,0.0,0.0,0.0,100.0
20211213142402,0.0,0.0,0.0,0.0,0.0,0.0,0.1,99.9
20211213142432,0.0,0.0,0.0,0.0,0.0,0.0,0.1,99.9
20211213142502,0.0,0.0,0.0,0.0,0.0,0.0,0.0,99.9
20211213142532,0.0,0.0,0.0,0.0,0.0,0.0,0.1,99.9
20211213142602,0.0,0.0,0.0,0.0,0.0,0.0,0.0,100.0
20211213142632,0.0,0.0,0.0,0.0,0.0,0.0,0.0,100.0
20211213142702,0.0,0.0,0.0,0.0,0.0,0.0,0.1,99.9
20211213142732,0.0,0.0,0.0,0.0,0.0,0.0,0.1,99.9
20211213142802,0.0,0.0,0.0,0.0,0.0,0.0,0.1,99.9
20211213142832,0.0,0.0,0.0,0.0,0.1,0.0,0.3,99.6
20211213142902,0.0,0.0,0.0,0.0,0.0,0.0,0.6,99.4
20211213142932,0.0,0.0,0.0,0.0,0.1,0.0,1.2,98.7
20211213143002,0.0,0.0,0.0,0.0,2.7,0.0,0.4,96.9
20211213143032,0.0,0.0,0.0,0.0,0.3,0.0,0.1,99.6
20211213143102,0.0,0.0,0.0,0.0,3.0,0.0,0.6,96.4
20211213143132,0.0,0.0,0.0,0.0,10.5,0.0,4.5,85.0
20211213143202,0.0,0.0,0.0,0.0,5.8,0.0,2.7,91.4
20211213143232,0.0,0.0,0.0,0.0,11.4,0.0,4.2,84.4
20211213143302,0.0,0.0,0.0,0.0,57.4,0.0,2.4,40.2
20211213143332,0.0,0.0,0.0,0.0,7.0,0.0,1.0,92.0
20211213143402,0.0,0.0,0.0,0.0,0.7,0.0,0.4,98.9
20211213143432,0.0,0.0,0.0,0.0,4.1,0.0,0.6,95.3
20211213143502,0.0,0.0,0.0,0.0,1.7,0.0,0.1,98.2
20211213143532,0.0,0.0,0.0,0.1,8.8,0.0,1.4,89.7
20211213143602,0.0,0.0,0.0,0.0,21.3,0.0,0.8,77.9
20211213143632,0.0,0.0,0.0,0.0,72.3,0.0,0.8,26.8
20211213143702,0.0,0.0,0.0,0.0,33.1,0.0,28.3,38.5
20211213143732,0.0,0.0,0.0,0.0,79.5,0.0,13.3,7.1
20211213143802,0.0,0.0,0.0,0.0,96.2,0.0,1.9,1.8
20211213143832,0.0,0.0,0.0,0.2,57.4,0.0,29.2,13.1
20211213143902,0.0,0.0,0.0,0.1,63.4,0.0,31.5,5.0
20211213143932,0.0,0.0,0.0,0.1,80.2,0.0,12.8,6.9
20211213144002,0.0,0.0,0.0,0.1,54.1,0.0,20.9,24.9
20211213144032,0.0,0.0,0.0,1.1,16.7,0.0,41.8,40.3
20211213144103,0.0,0.0,0.0,0.6,65.0,0.0,7.9,26.5
20211213144133,0.0,0.0,0.0,2.8,50.5,0.0,22.9,23.8
20211213144203,0.0,0.0,0.0,2.4,46.9,0.0,34.6,16.2
20211213144233,0.0,0.0,0.0,3.3,55.6,0.0,23.7,17.4
20211213144303,0.0,0.0,0.0,6.1,35.1,0.0,23.9,34.8
20211213144333,0.0,0.0,0.0,5.8,13.6,0.0,71.3,9.3
20211213144403,0.0,0.0,0.0,0.9,74.9,0.0,16.0,8.1
20211213144433,0.0,0.0,0.0,2.7,9.3,0.0,83.3,4.6
20211213144503,0.0,0.0,0.0,0.7,1.4,0.0,96.4,1.6
20211213144533,0.0,0.0,0.0,0.9,2.1,0.0,91.5,5.4
20211213144603,0.0,0.0,0.0,1.9,2.0,0.0,93.8,2.3
20211213144633,0.0,0.0,0.0,2.3,1.4,0.0,93.3,3.0
20211213144703,0.0,0.0,0.0,0.8,6.1,0.0,92.6,0.4
20211213144733,0.0,0.0,0.0,0.6,0.2,0.0,98.9,0.3
20211213144803,0.0,0.0,0.0,0.9,5.7,0.0,88.9,4.4
20211213144833,0.0,0.0,0.1,0.5,15.4,0.0,83.8,0.3
20211213144903,0.0,0.0,0.1,0.6,30.1,0.0,69.0,0.2
20211213144933,0.0,0.0,0.0,0.3,2.1,0.0,97.4,0.1
20211213145003,0.0,0.0,0.0,0.0,0.3,0.0,99.7,0.0
20211213145033,0.0,0.0,0.0,0.0,0.5,0.0,99.5,0.0
20211213145103,0.0,0.0,0.0,0.1,2.5,0.0,95.9,1.4
20211213145133,0.0,0.0,0.1,0.2,3.7,0.0,93.9,2.1
20211213145203,0.0,0.0,0.1,0.4,1.2,0.0,97.1,1.2
20211213145233,0.0,0.0,0.1,0.1,3.6,0.0,47.8,48.4
20211213145303,0.0,0.0,0.1,0.6,3.6,0.0,86.4,9.4
20211213145333,0.0,0.0,0.1,0.9,5.2,0.0,92.0,1.9
20211213145403,0.0,0.0,0.2,2.3,18.1,0.0,78.1,1.3
20211213145433,0.0,0.0,0.1,1.1,4.4,0.0,93.8,0.6
20211213145503,0.0,0.0,0.0,1.1,10.3,0.0,88.2,0.4
20211213145533,0.0,0.0,0.0,0.0,0.1,0.0,99.8,0.1
20211213145603,0.0,0.0,0.0,0.0,0.1,0.0,99.8,0.1
20211213145633,0.0,0.0,0.4,0.6,3.6,0.0,75.1,20.3
20211213145703,0.0,0.0,0.3,0.4,12.6,0.0,73.9,12.8
20211213145733,0.0,0.0,0.1,0.9,5.8,0.0,89.7,3.4
20211213145803,0.0,0.0,0.0,0.2,13.1,0.0,86.0,0.6
20211213145833,0.0,0.0,0.0,0.1,3.4,0.0,96.3,0.1
20211213145903,0.0,0.0,0.0,0.0,0.1,0.0,99.9,0.0
20211213145933,0.0,0.0,0.0,0.0,0.3,0.0,99.7,0.0
20211213150003,0.0,0.0,0.0,0.0,0.0,0.0,100.0,0.0
20211213150033,0.0,0.0,0.0,0.0,0.0,0.0,99.9,0.0
20211213150103,0.0,0.0,0.0,0.0,0.0,0.0,100.0,0.0
20211213150133,0.0,0.0,0.0,0.0,0.0,0.0,100.0,0.0
20211213150203,0.0,0.0,0.0,0.0,0.0,0.0,100.0,0.0
20211213150233,0.0,0.0,0.0,0.0,0.0,0.0,100.0,0.0
20211213150303,0.0,0.0,0.0,0.0,0.1,0.0,99.9,0.0
20211213150333,0.0,0.0,0.0,0.0,0.9,0.0,99.1,0.0
20211213150403,0.0,0.0,0.0,0.0,0.2,0.0,99.8,0.0
20211213150433,0.0,0.0,0.0,0.0,0.0,0.0,99.9,0.0
20211213150503,0.0,0.0,0.0,0.0,0.1,0.0,99.9,0.0
20211213150533,0.0,0.0,0.0,0.0,0.0,0.0,100.0,0.0
20211213150603,0.0,0.0,0.0,0.0,0.0,0.0,100.0,0.0
20211213150633,0.0,0.0,0.0,0.0,0.0,0.0,100.0,0.0
20211213150703,0.0,0.0,0.0,0.0,0.0,0.0,100.0,0.0
20211213150733,0.0,0.0,0.0,0.0,0.2,0.0,99.8,0.0
20211213150804,0.0,0.0,0.0,0.0,0.0,0.0,100.0,0.0
20211213150834,0.0,0.0,0.0,0.0,0.0,0.0,100.0,0.0
20211213150904,0.0,0.0,0.0,0.0,0.0,0.0,100.0,0.0
20211213150934,0.0,0.0,0.0,0.0,0.0,0.0,100.0,0.0
20211213151004,0.0,0.0,0.0,0.0,0.0,0.0,100.0,0.0
20211213151034,0.0,0.0,0.0,0.0,0.0,0.0,100.0,0.0
20211213151104,0.0,0.0,0.0,0.0,0.0,0.0,99.9,0.0
20211213151134,0.0,0.0,0.1,0.0,3.0,0.0,96.8,0.0
20211213151204,0.0,0.0,0.0,0.0,0.8,0.0,99.2,0.0
20211213151234,0.0,0.0,0.2,0.0,5.0,0.0,94.7,0.0
20211213151304,0.0,0.0,0.1,0.0,4.3,0.0,95.6,0.0
20211213151334,0.0,0.0,0.2,0.0,1.6,0.0,98.1,0.0
20211213151404,0.0,0.0,0.3,0.0,1.7,0.0,98.0,0.0
20211213151434,0.0,0.0,0.1,0.0,1.3,0.0,98.6,0.0
20211213151504,0.0,0.0,0.0,0.0,0.2,0.0,99.7,0.0
20211213151534,0.0,0.0,0.3,0.0,1.5,0.0,98.1,0.1
20211213151604,0.0,0.0,0.3,0.0,0.8,0.0,98.7,0.2
20211213151634,0.0,0.0,0.2,0.0,0.9,0.1,98.1,0.7
20211213151704,0.0,0.0,0.6,0.0,5.2,0.0,90.5,3.6
20211213151734,0.0,0.0,0.8,0.0,8.1,0.1,90.4,0.6
20211213151804,0.0,0.0,1.1,0.0,15.3,0.4,81.9,1.3
20211213151834,0.0,0.0,0.2,0.0,14.1,0.0,85.4,0.2
20211213151904,0.1,0.0,9.4,0.0,19.9,0.3,69.6,0.6
20211213151934,0.1,0.0,1.2,0.0,37.9,0.7,57.3,2.8
20211213152004,0.0,0.0,4.6,0.0,2.8,0.1,91.9,0.5
20211213152034,0.0,0.0,5.4,0.0,5.4,0.5,86.9,1.6
20211213152104,0.1,0.0,4.6,0.0,8.7,0.2,84.6,1.8
20211213152134,0.0,0.0,2.8,0.0,8.9,0.5,85.5,2.3
20211213152204,0.0,0.0,5.2,0.0,35.5,1.0,57.3,1.0
20211213152234,0.1,0.0,11.7,0.0,25.6,0.4,61.5,0.7
20211213152304,0.1,0.0,10.9,0.0,11.9,0.4,74.2,2.5
20211213152334,0.1,0.0,3.5,0.0,32.3,1.3,53.6,9.2
20211213152404,0.1,0.0,10.2,0.0,39.9,1.7,36.6,11.5
20211213152434,0.0,0.0,5.7,0.0,56.2,0.3,33.0,4.8
20211213152504,0.0,0.0,3.9,0.0,67.7,0.3,24.1,3.9
20211213152534,0.0,0.0,4.6,0.0,14.1,0.4,77.0,3.9
20211213152604,0.0,0.0,3.4,0.0,21.8,0.3,64.0,10.4
20211213152634,0.0,0.0,1.0,0.0,1.3,0.0,96.5,1.1
20211213152704,0.0,0.0,0.1,0.0,0.3,0.0,92.8,6.8
20211213152734,0.0,0.0,0.2,0.0,1.1,0.0,97.4,1.3
20211213152804,0.0,0.0,0.0,0.0,0.5,0.0,99.0,0.5
20211213152834,0.0,0.0,0.1,0.0,3.4,0.0,95.9,0.5
20211213152904,0.0,0.0,0.2,0.0,11.9,0.1,87.1,0.6
20211213152934,0.0,0.0,0.1,0.0,2.7,0.1,96.4,0.6
20211213153004,0.0,0.0,2.6,0.0,14.9,0.6,81.4,0.3
20211213153034,0.0,0.0,0.1,0.0,2.9,0.1,96.6,0.3
20211213153104,0.0,0.0,0.2,0.0,0.7,0.0,96.9,2.2
20211213153134,0.0,0.0,0.1,0.0,0.5,0.0,98.6,0.7
20211213153204,0.0,0.0,0.2,0.0,4.0,0.0,93.8,1.9
20211213153234,0.0,0.0,0.1,0.0,0.5,0.0,97.4,1.9
20211213153304,0.0,0.0,0.1,0.0,0.2,0.0,98.5,1.1
20211213153334,0.0,0.0,0.1,0.0,2.2,0.0,95.5,2.2
20211213153404,0.0,0.0,0.1,0.0,0.9,0.0,96.4,2.6
20211213153434,0.0,0.0,0.5,0.0,2.2,0.1,95.3,1.8
20211213153504,0.0,0.0,1.1,0.0,7.6,0.1,81.4,9.8
20211213153534,0.0,0.0,9.1,0.0,7.2,0.1,77.8,5.7
20211213153604,0.0,0.0,1.9,0.0,5.6,0.0,90.9,1.5
20211213153634,0.0,0.0,2.5,0.0,2.1,0.1,93.6,1.7
20211213153704,0.0,0.0,0.6,0.0,1.3,0.0,97.3,0.8
20211213153734,0.0,0.0,0.0,0.0,0.1,0.0,99.7,0.1
20211213153804,0.0,0.0,0.4,0.0,0.9,0.0,98.4,0.2
20211213153834,0.0,0.0,3.0,0.0,13.8,0.4,82.6,0.2
20211213153904,0.0,0.0,1.5,0.0,24.4,0.1,73.6,0.4
20211213153934,0.0,0.0,0.1,0.0,5.3,0.0,94.4,0.1
20211213154004,0.0,0.0,0.2,0.0,4.1,0.0,95.6,0.1
20211213154034,0.0,0.0,0.0,0.0,0.3,0.0,99.5,0.1
20211213154104,0.0,0.0,0.1,0.0,0.3,0.0,99.5,0.1
20211213154134,0.0,0.0,0.0,0.0,1.3,0.0,98.7,0.0
20211213154204,0.0,0.0,0.0,0.0,0.4,0.0,99.5,0.0
20211213154235,0.0,0.0,0.3,0.0,9.7,0.0,89.7,0.1
20211213154305,0.0,0.0,0.1,0.0,0.7,0.0,99.1,0.1
20211213154335,0.0,0.0,0.0,0.0,0.0,0.0,100.0,0.0
20211213154405,0.0,0.0,0.0,0.0,0.2,0.1,99.5,0.3
20211213154435,0.0,0.0,1.1,0.0,0.8,0.1,97.8,0.1
20211213154505,0.0,0.0,1.9,0.0,1.1,0.3,96.1,0.5
20211213154535,0.0,0.0,0.1,0.0,4.3,0.1,95.3,0.2
20211213154605,0.0,0.0,0.1,0.0,1.8,0.1,97.8,0.2
20211213154635,0.0,0.0,0.2,0.0,2.6,0.3,96.5,0.4
20211213154705,0.0,0.0,0.3,0.0,4.0,0.6,94.3,0.8
20211213154735,0.0,0.0,0.6,0.0,3.1,0.1,95.9,0.2
20211213154805,0.0,0.0,0.1,0.0,2.3,0.3,96.8,0.4
20211213154835,0.0,0.0,0.1,0.0,2.2,0.2,96.6,0.9
20211213154905,0.0,0.0,0.0,0.0,1.6,0.1,97.8,0.5
20211213154935,0.0,0.0,0.0,0.0,1.1,0.0,98.6,0.3
20211213155005,0.0,0.0,0.5,0.0,3.1,0.1,96.2,0.1
20211213155035,0.0,0.0,0.0,0.0,0.1,0.0,99.2,0.6
20211213155105,0.0,0.0,0.0,0.0,0.4,0.0,99.3,0.2
20211213155135,0.0,0.0,0.0,0.0,0.5,0.2,99.0,0.4
20211213155205,0.0,0.0,0.8,0.0,5.5,0.2,93.0,0.5
20211213155235,0.0,0.0,0.2,0.0,2.3,0.1,97.0,0.3
20211213155305,0.0,0.0,0.0,0.0,0.3,0.1,99.4,0.3
20211213155335,0.0,0.0,0.2,0.0,1.9,0.1,97.1,0.7
20211213155405,0.0,0.0,0.1,0.0,5.8,0.1,93.6,0.5
20211213155435,0.0,0.0,0.1,0.0,8.1,0.3,90.7,0.9
20211213155505,0.0,0.0,0.2,0.0,13.3,0.3,85.3,0.8
20211213155535,0.0,0.0,0.1,0.0,1.0,0.2,98.3,0.5
20211213155605,0.0,0.0,0.1,0.0,2.1,0.3,96.9,0.5
20211213155635,0.0,0.0,0.1,0.0,1.0,0.1,98.6,0.1
20211213155705,0.0,0.0,0.2,0.0,1.9,0.1,97.6,0.1
20211213155735,0.0,0.0,5.3,0.0,5.2,0.4,88.7,0.5
20211213155805,0.0,0.0,0.3,0.0,0.1,0.0,99.2,0.3
20211213155835,0.0,0.0,4.6,0.0,1.3,0.0,93.9,0.2
20211213155905,0.0,0.0,0.4,0.0,0.1,0.0,99.3,0.1
20211213155935,0.0,0.0,1.2,0.0,1.6,0.5,95.8,0.8
20211213160005,0.0,0.0,2.2,0.2,0.8,1.3,94.2,1.3
20211213160035,0.0,0.0,0.1,0.0,0.2,0.1,99.3,0.3
20211213160105,0.0,0.0,1.3,0.1,1.2,2.1,93.7,1.7
20211213160135,0.0,0.0,0.5,0.0,2.4,0.2,96.5,0.4
20211213160205,0.0,0.0,1.3,0.1,6.9,0.3,91.2,0.2
20211213160235,0.0,0.0,4.3,0.1,13.0,1.6,79.3,1.6
20211213160305,0.0,0.0,3.3,0.1,14.8,0.7,70.2,10.9
20211213160335,0.0,0.0,22.5,0.1,14.6,1.4,58.0,3.4
20211213160405,0.1,0.0,31.6,0.0,11.1,0.5,53.8,2.9
20211213160435,0.0,0.0,20.1,0.0,14.1,1.7,47.6,16.5
20211213160505,0.0,0.0,5.0,0.0,9.7,0.9,79.6,4.8
20211213160535,0.0,0.0,9.5,0.0,14.6,0.6,68.0,7.4
20211213160605,0.0,0.0,2.5,0.0,3.1,0.2,91.5,2.7
20211213160635,0.0,0.0,5.3,0.0,0.7,1.1,85.4,7.5
20211213160705,0.1,0.0,6.3,0.0,3.3,4.1,37.1,49.1
20211213160735,0.0,0.0,0.6,0.0,1.1,0.9,49.9,47.4
20211213160805,0.1,0.0,0.5,0.0,3.2,2.6,30.1,63.5
20211213160835,0.0,0.0,1.0,0.0,14.3,7.5,28.0,49.2
20211213160905,0.0,0.0,0.5,0.0,0.8,0.4,89.9,8.4
20211213160935,0.0,0.0,0.1,0.0,2.7,4.3,90.5,2.2
20211213161005,0.0,0.0,0.0,0.0,5.2,3.4,86.1,5.2
20211213161035,0.0,0.0,0.0,0.0,2.5,0.9,87.7,8.9
20211213161105,0.0,0.0,0.0,0.0,1.8,1.5,70.9,25.7
20211213161135,0.0,0.0,0.0,0.0,1.6,0.5,64.9,33.0
20211213161205,0.2,0.0,0.0,0.0,6.9,5.7,62.2,25.0
20211213161235,0.0,0.0,0.0,0.0,0.2,0.3,91.7,7.8
20211213161305,0.1,0.0,0.0,0.0,6.4,3.7,66.3,23.5
20211213161335,0.0,0.0,0.0,0.0,3.6,1.8,65.6,28.9
20211213161405,0.0,0.0,0.1,0.0,7.8,2.5,67.5,22.1
20211213161435,0.1,0.0,0.1,0.0,20.4,1.3,29.0,49.3
20211213161505,0.0,0.0,0.0,0.0,1.6,3.5,42.6,52.3
20211213161535,0.0,0.0,0.0,0.0,5.1,9.2,41.7,44.0
20211213161605,0.0,0.0,0.2,0.0,20.2,4.9,25.7,48.9
20211213161636,0.1,0.0,0.4,0.0,41.7,12.0,34.3,11.4
20211213161706,0.0,0.0,0.2,0.0,29.3,10.7,32.7,27.1
20211213161736,0.1,0.0,0.6,0.0,18.8,28.0,21.0,31.5
20211213161806,0.2,0.0,2.0,0.0,17.7,30.4,4.2,45.4
20211213161836,0.1,0.0,0.1,0.0,3.2,1.0,0.9,94.7
20211213161906,0.2,0.0,0.2,0.0,14.7,23.0,4.8,57.1
20211213161936,0.2,0.0,0.3,0.0,31.5,55.7,3.6,8.7
20211213162006,0.0,0.0,0.0,0.0,0.7,43.2,0.4,55.7
20211213162036,0.2,0.0,0.0,0.0,11.1,38.9,3.4,46.4
20211213162106,0.0,0.0,0.0,0.0,1.6,78.4,0.7,19.2
20211213162136,0.0,0.0,0.0,0.0,3.4,80.2,2.3,14.0
20211213162206,0.0,0.0,0.0,0.0,2.7,72.7,2.0,22.5
20211213162236,0.0,0.0,0.0,0.0,1.9,68.5,1.2,28.3
20211213162306,0.0,0.0,0.0,0.0,1.2,82.3,0.8,15.6
20211213162336,0.0,0.0,0.0,0.0,1.0,55.8,0.3,42.9
20211213162406,0.0,0.0,0.0,0.0,0.5,89.4,0.8,9.2
20211213162436,0.0,0.0,0.0,0.0,0.4,86.3,0.3,12.9
20211213162506,0.0,0.0,0.0,0.0,0.7,72.1,0.2,26.9
20211213162536,0.0,0.0,0.0,0.0,0.4,83.6,0.1,15.9
20211213162606,0.0,0.0,0.0,0.0,0.5,10.7,0.2,88.6
20211213162636,0.0,0.0,0.0,0.0,3.7,49.6,0.2,46.4
20211213162706,0.0,0.0,0.0,0.0,0.8,70.0,0.0,29.2
20211213162736,0.0,0.0,0.0,0.0,0.4,52.3,0.1,47.3
20211213162806,0.0,0.0,0.0,0.0,0.3,69.5,0.2,30.0
20211213162836,0.0,0.0,0.0,0.0,0.6,48.2,0.1,51.1
20211213162906,0.0,0.0,0.0,0.0,0.4,54.8,0.0,44.8
20211213162936,0.0,0.0,0.0,0.0,0.8,36.0,0.0,63.2
20211213163006,0.0,0.0,0.0,0.0,0.2,83.8,0.2,15.8
20211213163036,0.0,0.0,0.0,0.0,0.2,63.5,0.1,36.3
20211213163106,0.0,0.0,0.0,0.0,0.1,89.5,0.0,10.4
20211213163136,0.0,0.0,0.0,0.0,0.1,81.8,0.0,18.1
20211213163206,0.0,0.0,0.0,0.0,0.2,69.5,0.0,30.3
20211213163236,0.0,0.0,0.0,0.0,0.1,94.3,0.0,5.6
20211213163306,0.0,0.0,0.0,0.0,0.3,36.2,0.0,63.5
20211213163336,0.0,0.0,0.0,0.0,0.1,48.7,0.0,51.2
20211213163406,0.0,0.0,0.0,0.0,0.4,22.2,0.0,77.3
20211213163436,0.0,0.0,0.0,0.0,1.6,36.9,0.1,61.3
20211213163506,0.0,0.0,0.0,0.0,0.3,55.2,0.1,44.4
20211213163536,0.0,0.0,0.0,0.0,0.1,85.0,0.0,14.9
20211213163606,0.0,0.0,0.0,0.0,0.1,83.9,0.0,15.9
20211213163636,0.0,0.0,0.0,0.0,0.4,51.3,0.0,48.3
20211213163706,0.0,0.0,0.0,0.0,0.0,95.3,0.0,4.6
20211213163736,0.0,0.0,0.0,0.0,0.3,62.8,0.0,36.9
20211213163806,0.0,0.0,0.0,0.0,0.1,88.0,0.0,11.8
20211213163836,0.0,0.0,0.0,0.0,0.1,94.9,0.0,5.0
20211213163906,0.0,0.0,0.0,0.0,0.1,71.5,0.0,28.4
20211213163936,0.0,0.0,0.0,0.0,0.6,91.0,0.0,8.3
20211213164006,0.0,0.0,0.0,0.0,0.1,37.6,0.0,62.3
20211213164036,0.0,0.0,0.0,0.0,0.1,63.5,0.0,36.4
20211213164106,0.0,0.0,0.0,0.0,0.1,57.8,0.0,42.1
20211213164136,0.0,0.0,0.0,0.0,0.0,86.7,0.0,13.3
20211213164206,0.0,0.0,0.0,0.0,0.1,17.4,0.0,82.4
20211213164236,0.0,0.0,0.0,0.0,0.1,57.5,0.0,42.4
20211213164306,0.0,0.0,0.0,0.0,0.0,97.2,0.1,2.7
20211213164337,0.0,0.0,0.0,0.0,0.0,96.7,0.0,3.3
20211213164407,0.0,0.0,0.0,0.0,0.0,96.8,0.0,3.2
20211213164437,0.0,0.0,0.0,0.0,0.0,97.4,0.0,2.5
20211213164507,0.0,0.0,0.0,0.0,0.0,99.4,0.0,0.6
20211213164537,0.0,0.0,0.0,0.0,0.1,95.3,0.0,4.6
20211213164607,0.0,0.0,0.0,0.0,0.1,89.8,0.0,10.0
20211213164637,0.0,0.0,0.0,0.0,0.1,46.4,0.1,53.5
20211213164707,0.0,0.0,0.0,0.0,0.2,84.2,0.1,15.5
20211213164737,0.0,0.0,0.0,0.0,0.0,66.1,0.0,33.8
20211213164807,0.0,0.0,0.0,0.0,0.0,33.3,0.1,66.6
20211213164837,0.0,0.0,0.0,0.0,0.0,18.4,0.1,81.5
20211213164907,0.0,0.0,0.0,0.0,0.0,34.2,0.1,65.7
20211213164937,0.0,0.0,0.0,0.0,0.0,67.5,0.1,32.4
20211213165007,0.0,0.0,0.0,0.0,0.0,81.0,0.0,18.9
20211213165037,0.0,0.0,0.0,0.0,0.0,89.9,0.1,10.1
20211213165107,0.0,0.0,0.0,0.0,0.0,54.2,0.0,45.8
20211213165137,0.0,0.0,0.0,0.0,0.0,90.2,0.0,9.7
20211213165207,0.0,0.0,0.0,0.0,0.0,65.0,0.0,35.0
20211213165237,0.0,0.0,0.0,0.0,0.0,57.1,0.1,42.9
20211213165307,0.0,0.0,0.0,0.0,0.0,72.8,0.1,27.1
20211213165337,0.0,0.0,0.0,0.0,0.0,70.0,0.0,30.0
20211213165407,0.0,0.0,0.0,0.0,0.0,34.1,0.1,65.8
20211213165437,0.0,0.0,0.0,0.0,0.1,31.6,0.0,68.3
20211213165507,0.0,0.0,0.0,0.0,0.1,55.4,0.1,44.5
20211213165537,0.0,0.0,0.0,0.0,0.0,91.7,0.1,8.2
20211213165607,0.0,0.0,0.0,0.0,0.0,98.8,0.0,1.2
20211213165637,0.0,0.0,0.0,0.0,0.0,88.4,0.1,11.5
20211213165707,0.0,0.0,0.0,0.0,0.0,89.7,0.0,10.3
20211213165737,0.0,0.0,0.0,0.0,0.0,97.9,0.0,2.0
20211213165807,0.0,0.0,0.0,0.0,0.0,96.8,0.0,3.2
20211213165837,0.0,0.0,0.0,0.0,0.0,92.5,0.0,7.5
20211213165907,0.0,0.0,0.0,0.0,0.0,93.1,0.1,6.9
20211213165937,0.0,0.0,0.0,0.0,0.0,83.0,0.0,17.0
20211213170007,0.0,0.0,0.0,0.0,0.0,42.5,0.1,57.4
20211213170037,0.0,0.0,0.0,0.0,0.1,10.2,0.0,89.7
20211213170107,0.0,0.0,0.0,0.0,0.1,77.5,0.0,22.4
20211213170137,0.0,0.0,0.0,0.0,0.1,46.4,0.1,53.4
20211213170207,0.0,0.0,0.0,0.0,0.0,82.1,0.0,17.9
20211213170237,0.0,0.0,0.0,0.0,0.1,53.9,0.0,46.0
20211213170307,0.0,0.0,0.0,0.0,0.0,36.0,0.1,63.9
20211213170337,0.0,0.0,0.0,0.0,0.0,93.2,0.0,6.8
20211213170407,0.0,0.0,0.0,0.0,0.0,82.6,0.0,17.4
20211213170437,0.0,0.0,0.0,0.0,0.0,84.9,0.0,15.1
20211213170507,0.0,0.0,0.0,0.0,0.0,87.4,0.0,12.5
20211213170537,0.0,0.0,0.0,0.0,0.0,96.7,0.0,3.2
20211213170607,0.0,0.0,0.0,0.0,0.0,99.4,0.0,0.6
20211213170637,0.0,0.0,0.0,0.0,0.0,98.2,0.0,1.7
20211213170707,0.0,0.0,0.0,0.0,0.0,96.7,0.1,3.2
20211213170737,0.0,0.0,0.0,0.0,0.0,65.1,0.0,34.8
20211213170807,0.0,0.0,0.0,0.0,0.0,88.4,0.0,11.6
20211213170837,0.0,0.0,0.0,0.0,0.0,82.9,0.0,17.1
20211213170907,0.0,0.0,0.0,0.0,0.0,72.7,0.0,27.3
20211213170937,0.0,0.0,0.0,0.0,0.0,25.3,0.0,74.7
20211213171007,0.0,0.0,0.0,0.0,0.0,17.4,0.0,82.6
20211213171037,0.0,0.0,0.0,0.0,0.0,32.5,0.0,67.5
20211213171107,0.0,0.0,0.0,0.0,0.0,17.9,0.0,82.1
20211213171137,0.0,0.0,0.0,0.0,0.0,30.6,0.0,69.4
20211213171207,0.0,0.0,0.0,0.0,0.1,11.9,0.0,88.0
20211213171237,0.0,0.0,0.0,0.0,0.1,16.4,0.1,83.4
20211213171307,0.0,0.0,0.0,0.0,0.1,30.4,0.0,69.5
20211213171337,0.0,0.0,0.0,0.0,0.1,50.0,0.0,49.9
20211213171407,0.0,0.0,0.0,0.0,0.0,81.0,0.0,18.9
20211213171437,0.0,0.0,0.0,0.0,0.1,67.8,0.0,32.0
20211213171507,0.0,0.0,0.0,0.0,0.1,58.7,0.0,41.2
20211213171537,0.0,0.0,0.0,0.0,0.0,81.1,0.0,18.9
20211213171607,0.0,0.0,0.0,0.0,0.0,45.4,0.0,54.5
20211213171637,0.0,0.0,0.0,0.0,0.0,83.6,0.0,16.4
20211213171707,0.0,0.0,0.0,0.0,0.0,24.9,0.0,75.1
20211213171737,0.0,0.0,0.0,0.0,0.0,94.9,0.0,5.1
20211213171808,0.0,0.0,0.0,0.0,0.0,70.3,0.0,29.7
20211213171838,0.0,0.0,0.0,0.0,0.0,78.9,0.0,21.1
20211213171908,0.0,0.0,0.0,0.0,0.0,95.7,0.0,4.3
20211213171938,0.0,0.0,0.0,0.0,0.1,76.5,0.0,23.4
20211213172008,0.0,0.0,0.0,0.0,0.0,83.2,0.0,16.8
20211213172038,0.0,0.0,0.0,0.0,0.0,49.2,0.0,50.8
20211213172108,0.0,0.0,0.0,0.0,0.0,85.3,0.0,14.7
20211213172138,0.0,0.0,0.0,0.0,0.0,71.3,0.1,28.6
20211213172208,0.0,0.0,0.0,0.0,0.0,90.7,0.1,9.1
20211213172238,0.0,0.0,0.0,0.0,0.1,65.5,0.3,34.0
20211213172308,0.0,0.0,0.0,0.0,0.0,93.1,0.1,6.8
20211213172338,0.0,0.0,0.0,0.0,0.0,80.3,0.1,19.7
20211213172408,0.0,0.0,0.0,0.0,0.0,97.4,0.0,2.5
20211213172438,0.0,0.0,0.0,0.0,0.1,89.8,0.1,10.0
20211213172508,0.0,0.0,0.0,0.0,0.1,55.1,0.1,44.7
20211213172538,0.0,0.0,0.0,0.0,0.1,41.7,0.0,58.2
20211213172608,0.0,0.0,0.0,0.0,0.0,31.1,0.1,68.8
20211213172638,0.0,0.0,0.0,0.0,0.0,21.9,0.0,78.1
20211213172708,0.0,0.0,0.0,0.0,0.1,62.7,0.1,37.2
20211213172738,0.0,0.0,0.0,0.0,0.0,78.4,0.1,21.5
20211213172808,0.0,0.0,0.0,0.0,0.0,98.2,0.0,1.8
20211213172838,0.0,0.0,0.0,0.0,0.0,99.4,0.0,0.6
20211213172908,0.0,0.0,0.0,0.0,0.0,99.7,0.0,0.3
20211213172938,0.0,0.0,0.0,0.0,0.0,99.2,0.0,0.8
20211213173008,0.0,0.0,0.0,0.0,0.0,99.3,0.0,0.7
20211213173038,0.0,0.0,0.0,0.0,0.0,99.1,0.0,0.9
20211213173108,0.0,0.0,0.0,0.0,0.0,99.4,0.0,0.6
20211213173138,0.0,0.0,0.0,0.0,0.0,99.2,0.0,0.8
20211213173208,0.0,0.0,0.0,0.0,0.0,98.1,0.0,1.8
20211213173238,0.0,0.0,0.0,0.0,0.0,86.1,0.0,13.8
20211213173308,0.0,0.0,0.0,0.0,0.1,93.8,0.1,6.1
20211213173338,0.0,0.0,0.0,0.0,0.1,50.0,0.1,49.8
20211213173408,0.0,0.0,0.0,0.0,0.1,77.7,0.0,22.1
20211213173438,0.0,0.0,0.0,0.0,0.1,53.6,0.0,46.3
20211213173508,0.0,0.0,0.0,0.0,0.0,44.9,0.0,55.0
20211213173538,0.0,0.0,0.0,0.0,0.2,59.5,0.1,40.1
20211213173608,0.0,0.0,0.0,0.0,0.3,15.2,0.0,84.5
20211213173638,0.0,0.0,0.0,0.0,0.1,39.2,0.0,60.6
20211213173708,0.0,0.0,0.0,0.0,0.1,14.6,0.0,85.3
20211213173738,0.0,0.0,0.0,0.0,0.1,15.4,0.0,84.5
20211213173808,0.0,0.0,0.0,0.0,0.1,13.5,0.0,86.4
20211213173838,0.0,0.0,0.0,0.0,0.1,34.5,0.0,65.5
20211213173908,0.0,0.0,0.0,0.0,0.0,21.3,0.0,78.6
20211213173938,0.0,0.0,0.0,0.0,0.0,15.0,0.0,85.0
20211213174008,0.0,0.0,0.0,0.0,0.0,25.4,0.0,74.6
20211213174038,0.0,0.0,0.0,0.0,0.0,2.3,0.0,97.7
20211213174108,0.0,0.0,0.0,0.0,0.1,25.9,0.0,74.1
20211213174138,0.0,0.0,0.0,0.0,0.1,9.9,0.0,90.0
20211213174208,0.0,0.0,0.0,0.0,0.0,17.4,0.0,82.6
20211213174238,0.0,0.0,0.0,0.0,0.1,21.7,0.0,78.2
20211213174308,0.0,0.0,0.0,0.0,0.0,1.4,0.0,98.6
20211213174338,0.0,0.0,0.0,0.0,0.2,31.8,0.0,68.1
20211213174408,0.0,0.0,0.0,0.0,0.1,14.1,0.0,85.8
20211213174438,0.0,0.0,0.0,0.0,0.1,32.8,0.0,67.1
20211213174508,0.0,0.0,0.0,0.0,0.2,41.8,0.0,58.0
20211213174538,0.0,0.0,0.0,0.0,0.1,29.2,0.0,70.8
20211213174608,0.0,0.0,0.0,0.0,0.2,76.7,0.0,23.1
20211213174638,0.0,0.0,0.0,0.0,0.0,91.5,0.0,8.5
20211213174708,0.0,0.0,0.0,0.0,0.0,74.1,0.0,25.9
20211213174738,0.0,0.0,0.0,0.0,0.0,74.4,0.0,25.6
20211213174808,0.0,0.0,0.0,0.0,0.1,12.4,0.0,87.5
20211213174838,0.0,0.0,0.0,0.0,0.1,6.7,0.0,93.2
20211213174908,0.0,0.0,0.0,0.0,0.1,14.2,0.0,85.7
20211213174938,0.0,0.0,0.0,0.0,0.2,14.4,0.0,85.5
20211213175008,0.0,0.0,0.0,0.0,0.1,3.5,0.0,96.4
20211213175038,0.0,0.0,0.0,0.0,0.3,46.2,0.0,53.4
20211213175108,0.0,0.0,0.0,0.0,0.1,8.0,0.0,91.9
20211213175138,0.0,0.0,0.0,0.0,0.1,57.8,0.0,42.1
20211213175209,0.0,0.0,0.0,0.0,0.4,13.1,0.0,86.5
20211213175239,0.0,0.0,0.0,0.0,0.1,10.0,0.0,89.8
20211213175309,0.0,0.0,0.0,0.0,0.1,19.3,0.0,80.6
20211213175339,0.0,0.0,0.0,0.0,0.0,14.2,0.0,85.7
20211213175409,0.0,0.0,0.0,0.0,0.1,22.2,0.0,77.8
20211213175439,0.0,0.0,0.0,0.0,0.0,7.9,0.0,92.0
20211213175509,0.0,0.0,0.0,0.0,0.1,43.1,0.0,56.9
20211213175539,0.0,0.0,0.0,0.0,0.1,9.4,0.0,90.5
20211213175609,0.0,0.0,0.0,0.0,0.1,32.8,0.0,67.2
20211213175639,0.0,0.0,0.0,0.0,0.1,15.7,0.0,84.2
20211213175709,0.0,0.0,0.0,0.0,0.1,35.0,0.0,65.0
20211213175739,0.0,0.0,0.0,0.0,0.0,1.7,0.0,98.3
20211213175809,0.0,0.0,0.0,0.0,0.1,53.7,0.0,46.2
20211213175839,0.0,0.0,0.0,0.0,0.1,12.1,0.0,87.8
20211213175909,0.0,0.0,0.0,0.0,0.1,29.3,0.0,70.6
20211213175939,0.0,0.0,0.0,0.0,0.1,60.5,0.0,39.4
20211213180009,0.0,0.0,0.0,0.0,0.0,15.1,0.0,84.9
20211213180039,0.0,0.0,0.0,0.0,0.0,70.4,0.0,29.6
20211213180109,0.0,0.0,0.0,0.0,0.2,45.3,0.0,54.5
20211213180139,0.0,0.0,0.0,0.0,0.2,48.3,0.0,51.5
20211213180209,0.0,0.0,0.0,0.0,0.0,78.5,0.0,21.4
20211213180239,0.0,0.0,0.0,0.0,0.4,45.1,0.0,54.5
20211213180309,0.0,0.0,0.0,0.0,0.8,23.7,0.0,75.5
20211213180339,0.0,0.0,0.0,0.0,0.0,1.9,0.0,98.1
20211213180409,0.0,0.0,0.0,0.0,0.0,1.3,0.0,98.7
20211213180439,0.0,0.0,0.0,0.0,0.1,10.2,0.0,89.8
20211213180509,0.0,0.0,0.0,0.0,0.0,4.3,0.0,95.7
20211213180539,0.0,0.0,0.0,0.0,0.1,35.0,0.1,64.7
20211213180609,0.0,0.0,0.0,0.0,0.1,5.1,0.0,94.8
20211213180639,0.0,0.0,0.0,0.0,0.1,4.8,0.0,95.1
20211213180709,0.0,0.0,0.0,0.0,0.1,29.6,0.0,70.4
20211213180739,0.0,0.0,0.0,0.0,0.1,15.2,0.0,84.6
20211213180809,0.0,0.0,0.0,0.0,0.0,84.8,0.0,15.1
20211213180839,0.0,0.0,0.0,0.0,0.1,38.8,0.0,61.1
20211213180909,0.0,0.0,0.0,0.0,0.2,4.5,0.0,95.3
20211213180939,0.0,0.0,0.0,0.0,0.1,65.5,0.0,34.5
20211213181009,0.0,0.0,0.0,0.0,0.0,3.5,0.0,96.5
20211213181039,0.0,0.0,0.0,0.0,0.1,87.8,0.0,12.1
20211213181109,0.0,0.0,0.0,0.0,0.1,11.2,0.0,88.7
20211213181139,0.0,0.0,0.0,0.0,0.0,6.6,0.0,93.4
20211213181209,0.0,0.0,0.0,0.0,0.0,30.4,0.0,69.6
20211213181239,0.0,0.0,0.0,0.0,0.1,31.0,0.0,68.9
20211213181309,0.0,0.0,0.0,0.0,0.4,50.1,0.0,49.6
20211213181339,0.0,0.0,0.0,0.0,0.2,34.7,0.0,65.1
20211213181409,0.0,0.0,0.0,0.0,0.4,71.2,0.0,28.5
20211213181439,0.0,0.0,0.0,0.0,0.4,3.6,0.0,96.1
20211213181509,0.0,0.0,0.0,0.0,0.1,21.1,0.0,78.8
20211213181539,0.0,0.0,0.0,0.0,0.0,0.0,0.0,100.0
20211213181609,0.0,0.0,0.0,0.0,0.0,1.1,0.0,98.9
20211213181639,0.0,0.0,0.0,0.0,0.1,3.5,0.0,96.4
20211213181709,0.0,0.0,0.0,0.0,0.3,8.5,0.0,91.2
20211213181739,0.0,0.0,0.0,0.0,0.4,9.1,0.0,90.5
20211213181809,0.0,0.0,0.0,0.0,0.2,15.5,0.0,84.3
20211213181839,0.0,0.0,0.0,0.0,0.2,56.1,0.0,43.7
20211213181909,0.0,0.0,0.0,0.0,0.1,47.0,0.0,52.9
20211213181939,0.0,0.0,0.0,0.0,0.1,19.4,0.0,80.5
20211213182009,0.0,0.0,0.0,0.0,0.1,43.4,0.0,56.6
20211213182039,0.0,0.0,0.0,0.0,0.0,17.4,0.0,82.5
20211213182109,0.0,0.0,0.0,0.0,0.0,14.8,0.0,85.2
20211213182139,0.0,0.0,0.0,0.0,0.1,47.1,0.1,52.7
20211213182209,0.0,0.0,0.0,0.0,0.5,57.0,0.0,42.5
20211213182239,0.0,0.0,0.0,0.0,0.0,15.8,0.0,84.1
20211213182309,0.0,0.0,0.0,0.0,0.0,8.0,0.0,92.0
20211213182339,0.0,0.0,0.0,0.0,0.1,3.5,0.0,96.4
20211213182409,0.0,0.0,0.0,0.0,0.2,54.7,0.0,45.1
20211213182439,0.0,0.0,0.0,0.0,0.0,13.3,0.0,86.6
20211213182509,0.0,0.0,0.0,0.0,0.1,92.9,0.0,7.1
20211213182539,0.0,0.0,0.0,0.0,0.1,86.4,0.0,13.5
20211213182609,0.0,0.0,0.0,0.0,0.0,92.1,0.0,7.8
20211213182640,0.0,0.0,0.0,0.0,0.0,96.9,0.0,3.1
20211213182710,0.0,0.0,0.0,0.0,0.2,96.1,0.0,3.7
20211213182740,0.0,0.0,0.0,0.0,0.2,89.6,0.0,10.2
20211213182810,0.0,0.0,0.0,0.0,0.1,92.5,0.0,7.4
20211213182840,0.0,0.0,0.0,0.0,0.5,65.9,0.0,33.5
20211213182910,0.0,0.0,0.0,0.0,0.1,88.5,0.0,11.4
20211213182940,0.0,0.0,0.0,0.0,0.1,85.8,0.0,14.1
20211213183010,0.0,0.0,0.0,0.0,0.0,72.1,0.0,27.9
20211213183040,0.0,0.0,0.0,0.0,0.1,27.9,0.0,72.1
20211213183110,0.0,0.0,0.0,0.0,0.2,22.2,0.0,77.5
20211213183140,0.0,0.0,0.0,0.0,0.1,78.1,0.0,21.8
20211213183210,0.0,0.0,0.0,0.0,0.3,31.0,0.1,68.6
20211213183240,0.0,0.0,0.0,0.0,0.4,78.2,0.0,21.4
20211213183310,0.0,0.0,0.0,0.0,0.2,51.4,0.0,48.3
20211213183340,0.0,0.0,0.0,0.0,0.1,5.5,0.0,94.3
20211213183410,0.0,0.0,0.0,0.0,0.1,22.1,0.0,77.8
20211213183440,0.0,0.0,0.0,0.0,0.0,3.5,0.0,96.4
20211213183510,0.0,0.0,0.0,0.0,0.0,1.4,0.0,98.5
20211213183540,0.0,0.0,0.0,0.0,0.1,17.6,0.0,82.2
20211213183610,0.0,0.0,0.0,0.0,0.4,55.7,0.0,43.9
20211213183640,0.0,0.0,0.0,0.0,0.5,42.4,0.0,57.1
20211213183710,0.0,0.0,0.0,0.0,0.5,60.1,0.0,39.3
20211213183740,0.0,0.0,0.0,0.0,0.1,45.2,0.0,54.7
20211213183810,0.0,0.0,0.0,0.0,0.0,8.2,0.0,91.8
20211213183840,0.0,0.0,0.0,0.0,0.1,52.1,0.0,47.8
20211213183910,0.0,0.0,0.0,0.0,0.0,53.3,0.0,46.7
20211213183940,0.0,0.0,0.0,0.0,0.1,87.1,0.0,12.8
20211213184010,0.0,0.0,0.0,0.0,0.1,50.8,0.1,49.1
20211213184040,0.0,0.0,0.0,0.0,0.3,45.7,0.0,54.0
20211213184110,0.0,0.0,0.0,0.0,0.1,16.5,0.0,83.4
20211213184140,0.0,0.0,0.0,0.0,0.1,6.8,0.0,93.1
20211213184210,0.0,0.0,0.0,0.0,0.2,21.7,0.0,78.0
20211213184240,0.0,0.0,0.0,0.0,0.3,27.0,0.1,72.6
20211213184310,0.0,0.0,0.0,0.0,0.0,8.4,0.0,91.6
20211213184340,0.0,0.0,0.0,0.0,0.1,30.6,0.0,69.3
20211213184410,0.0,0.0,0.0,0.0,0.0,12.1,0.0,87.9
20211213184440,0.0,0.0,0.0,0.0,0.1,1.4,0.0,98.5
20211213184510,0.0,0.0,0.0,0.0,0.0,1.1,0.0,98.9
20211213184540,0.0,0.0,0.0,0.0,0.0,0.4,0.0,99.6
20211213184610,0.0,0.0,0.0,0.0,0.0,0.2,0.0,99.8
20211213184640,0.0,0.0,0.0,0.0,0.0,0.1,0.0,99.9
20211213184710,0.0,0.0,0.0,0.0,0.0,0.9,0.0,99.1
20211213184740,0.0,0.0,0.0,0.0,0.0,4.6,0.0,95.4
20211213184810,0.0,0.0,0.0,0.0,0.1,20.6,0.0,79.3
20211213184840,0.0,0.0,0.0,0.0,0.0,2.9,0.0,97.1
20211213184910,0.0,0.0,0.0,0.0,0.1,14.8,0.0,85.1
20211213184940,0.0,0.0,0.0,0.0,0.0,7.0,0.0,93.0
20211213185010,0.0,0.0,0.0,0.0,0.0,2.1,0.0,97.9
20211213185040,0.0,0.0,0.0,0.0,0.0,0.4,0.0,99.6
20211213185110,0.0,0.0,0.0,0.0,0.0,3.5,0.0,96.5
20211213185140,0.0,0.0,0.0,0.0,0.0,16.7,0.0,83.2
20211213185210,0.0,0.0,0.0,0.0,0.1,0.7,0.0,99.2
20211213185240,0.0,0.0,0.0,0.0,0.1,17.2,0.0,82.7
20211213185310,0.0,0.0,0.0,0.0,0.0,3.4,0.0,96.5
20211213185341,0.0,0.0,0.0,0.0,0.0,0.6,0.0,99.4
20211213185411,0.0,0.0,0.0,0.0,0.1,41.4,0.1,58.4
20211213185441,0.0,0.0,0.0,0.0,0.0,15.5,0.0,84.5
20211213185511,0.0,0.0,0.0,0.0,0.0,5.3,0.0,94.7
20211213185541,0.0,0.0,0.0,0.0,0.0,4.7,0.0,95.3
20211213185611,0.0,0.0,0.0,0.0,0.0,7.1,0.0,92.9
20211213185641,0.0,0.0,0.0,0.0,0.0,7.3,0.0,92.6
20211213185711,0.0,0.0,0.0,0.0,0.0,1.8,0.0,98.2
20211213185741,0.0,0.0,0.0,0.0,0.0,1.9,0.0,98.1
20211213185811,0.0,0.0,0.0,0.0,0.0,1.2,0.0,98.8
20211213185841,0.0,0.0,0.0,0.0,0.0,0.8,0.0,99.2
20211213185911,0.0,0.0,0.0,0.0,0.0,7.1,0.0,92.9
20211213185941,0.0,0.0,0.0,0.0,0.0,8.7,0.0,91.3
20211213190011,0.0,0.0,0.0,0.0,0.0,1.1,0.0,98.9
20211213190041,0.0,0.0,0.0,0.0,0.0,1.9,0.0,98.1
20211213190111,0.0,0.0,0.0,0.0,0.0,5.1,0.0,94.9
20211213190141,0.0,0.0,0.0,0.0,0.0,0.4,0.0,99.6
20211213190211,0.0,0.0,0.0,0.0,0.0,2.1,0.0,97.9
20211213190241,0.0,0.0,0.0,0.0,0.0,20.5,0.0,79.5
20211213190311,0.0,0.0,0.0,0.0,0.1,25.6,0.0,74.3
20211213190341,0.0,0.0,0.0,0.0,0.0,37.6,0.0,62.4
20211213190411,0.0,0.0,0.0,0.0,0.0,9.9,0.0,90.1
20211213190441,0.0,0.0,0.0,0.0,0.0,2.4,0.0,97.6
20211213190511,0.0,0.0,0.0,0.0,0.0,3.9,0.0,96.1
20211213190541,0.0,0.0,0.0,0.0,0.0,0.3,0.0,99.7
20211213190611,0.0,0.0,0.0,0.0,0.0,7.2,0.0,92.8
20211213190641,0.0,0.0,0.0,0.0,0.0,0.3,0.0,99.7
20211213190711,0.0,0.0,0.0,0.0,0.0,0.1,0.0,99.9
20211213190741,0.0,0.0,0.0,0.0,0.0,0.2,0.0,99.8
20211213190811,0.0,0.0,0.0,0.0,0.0,0.0,0.0,100.0
20211213190841,0.0,0.0,0.0,0.0,0.0,0.0,0.0,100.0
20211213190911,0.0,0.0,0.0,0.0,0.0,0.5,0.0,99.5
20211213190941,0.0,0.0,0.0,0.0,0.0,0.1,0.0,99.9
20211213191011,0.0,0.0,0.0,0.0,0.0,0.2,0.0,99.8
20211213191041,0.0,0.0,0.0,0.0,0.0,1.5,0.0,98.4
20211213191111,0.0,0.0,0.0,0.0,0.0,0.0,0.0,100.0
20211213191141,0.0,0.0,0.0,0.0,0.0,0.1,0.0,99.9
20211213191211,0.0,0.0,0.0,0.0,0.0,0.3,0.0,99.7
20211213191241,0.0,0.0,0.0,0.0,0.0,0.1,0.0,99.9
20211213191311,0.0,0.0,0.0,0.0,0.0,0.2,0.0,99.8
20211213191341,0.0,0.0,0.0,0.0,0.0,0.1,0.0,99.9
20211213191411,0.0,0.0,0.0,0.0,0.0,0.7,0.0,99.3
20211213191441,0.0,0.0,0.0,0.0,0.0,2.2,0.0,97.8
20211213191511,0.0,0.0,0.0,0.0,0.0,0.7,0.0,99.3
20211213191541,0.0,0.0,0.0,0.0,0.0,0.6,0.0,99.4
20211213191611,0.0,0.0,0.0,0.0,0.1,6.8,0.0,93.2
20211213191641,0.0,0.0,0.0,0.0,0.0,0.6,0.0,99.3
20211213191711,0.0,0.0,0.0,0.0,0.0,0.8,0.0,99.2
20211213191741,0.0,0.0,0.0,0.0,0.0,1.7,0.0,98.3
20211213191811,0.0,0.0,0.0,0.0,0.0,1.3,0.0,98.7
20211213191841,0.0,0.0,0.0,0.0,0.0,0.9,0.0,99.1
20211213191911,0.0,0.0,0.0,0.0,0.0,0.9,0.0,99.1
20211213191941,0.0,0.0,0.0,0.0,0.0,6.2,0.0,93.8
20211213192011,0.0,0.0,0.0,0.0,0.0,0.4,0.0,99.5
20211213192041,0.0,0.0,0.0,0.0,0.0,1.3,0.0,98.7
20211213192111,0.0,0.0,0.0,0.0,0.0,5.3,0.0,94.7
20211213192141,0.0,0.0,0.0,0.0,0.0,4.8,0.0,95.2
20211213192211,0.0,0.0,0.0,0.0,0.0,4.8,0.0,95.2
20211213192241,0.0,0.0,0.0,0.0,0.0,6.1,0.0,93.9
20211213192311,0.0,0.0,0.0,0.0,0.0,1.5,0.0,98.4
20211213192341,0.0,0.0,0.0,0.0,0.0,3.8,0.0,96.2
20211213192411,0.0,0.0,0.0,0.0,0.0,1.6,0.0,98.4
20211213192441,0.0,0.0,0.0,0.0,0.0,1.0,0.0,99.0
20211213192511,0.0,0.0,0.0,0.0,0.0,0.5,0.0,99.5
20211213192541,0.0,0.0,0.0,0.0,0.0,7.4,0.0,92.6
20211213192611,0.0,0.0,0.0,0.0,0.1,2.8,0.0,97.1
20211213192641,0.0,0.0,0.0,0.0,0.0,0.7,0.0,99.3
20211213192711,0.0,0.0,0.0,0.0,0.0,1.8,0.0,98.2
20211213192741,0.0,0.0,0.0,0.0,0.0,0.9,0.0,99.1
20211213192812,0.0,0.0,0.0,0.0,0.0,5.4,0.0,94.5
20211213192842,0.0,0.0,0.0,0.0,0.0,10.4,0.0,89.6
20211213192912,0.0,0.0,0.0,0.0,0.0,3.9,0.0,96.0
20211213192942,0.0,0.0,0.0,0.0,0.0,9.6,0.0,90.3
20211213193012,0.0,0.0,0.0,0.0,0.0,10.0,0.0,90.0
20211213193042,0.0,0.0,0.0,0.0,0.0,21.8,0.0,78.2
20211213193112,0.0,0.0,0.0,0.0,0.1,59.7,0.0,40.2
20211213193142,0.0,0.0,0.0,0.0,0.0,1.9,0.0,98.1
20211213193212,0.0,0.0,0.0,0.0,0.0,2.4,0.0,97.6
20211213193242,0.0,0.0,0.0,0.0,0.0,0.7,0.0,99.3
20211213193312,0.0,0.0,0.0,0.0,0.0,0.4,0.0,99.5
20211213193342,0.0,0.0,0.0,0.0,0.0,1.5,0.0,98.5
20211213193412,0.0,0.0,0.0,0.0,0.0,3.2,0.0,96.8
20211213193442,0.0,0.0,0.0,0.0,0.0,3.8,0.0,96.2
20211213193512,0.0,0.0,0.0,0.0,0.0,13.3,0.0,86.6
20211213193542,0.0,0.0,0.0,0.0,0.0,2.9,0.0,97.1
20211213193612,0.0,0.0,0.0,0.0,0.0,3.5,0.0,96.4
20211213193642,0.0,0.0,0.0,0.0,0.0,3.2,0.0,96.7
20211213193712,0.0,0.0,0.0,0.0,0.0,14.4,0.0,85.6
20211213193742,0.0,0.0,0.0,0.0,0.0,1.2,0.0,98.8
20211213193812,0.0,0.0,0.0,0.0,0.0,1.4,0.0,98.6
20211213193842,0.0,0.0,0.0,0.0,0.0,5.2,0.0,94.8
20211213193912,0.0,0.0,0.0,0.0,0.2,26.8,0.0,73.0
20211213193942,0.0,0.0,0.0,0.0,0.0,67.5,0.0,32.5
20211213194012,0.0,0.0,0.0,0.0,0.0,57.8,0.0,42.2
20211213194042,0.0,0.0,0.0,0.0,0.0,81.3,0.0,18.6
20211213194112,0.0,0.0,0.0,0.0,0.1,55.4,0.0,44.6
20211213194142,0.0,0.0,0.0,0.0,0.0,14.4,0.0,85.6
20211213194212,0.0,0.0,0.0,0.0,0.0,3.1,0.0,96.9
20211213194242,0.0,0.0,0.0,0.0,0.0,10.4,0.0,89.6
20211213194312,0.0,0.0,0.0,0.0,0.0,5.2,0.0,94.8
20211213194342,0.0,0.0,0.0,0.0,0.0,3.0,0.0,97.0
20211213194412,0.0,0.0,0.0,0.0,0.0,49.7,0.0,50.3
20211213194442,0.0,0.0,0.0,0.0,0.0,18.0,0.0,82.0
20211213194512,0.0,0.0,0.0,0.0,0.0,7.4,0.0,92.6
20211213194542,0.0,0.0,0.0,0.0,0.0,18.2,0.0,81.7
20211213194612,0.0,0.0,0.0,0.0,0.0,57.4,0.0,42.5
20211213194642,0.0,0.0,0.0,0.0,0.0,25.1,0.0,74.8
20211213194712,0.0,0.0,0.0,0.0,0.1,78.6,0.1,21.3
20211213194742,0.0,0.0,0.0,0.0,0.0,61.3,0.0,38.7
20211213194812,0.0,0.0,0.0,0.0,0.0,74.4,0.0,25.6
20211213194842,0.0,0.0,0.0,0.0,0.1,47.1,0.0,52.8
20211213194912,0.0,0.0,0.0,0.0,0.0,34.2,0.0,65.8
20211213194942,0.0,0.0,0.0,0.0,0.0,2.6,0.0,97.4
20211213195012,0.0,0.0,0.0,0.0,0.4,68.3,0.0,31.3
20211213195042,0.0,0.0,0.0,0.0,0.1,38.3,0.0,61.7
20211213195112,0.0,0.0,0.0,0.0,0.1,55.4,0.0,44.5
20211213195142,0.0,0.0,0.0,0.0,0.3,41.2,0.0,58.5
20211213195212,0.0,0.0,0.0,0.0,0.0,40.8,0.0,59.1
20211213195242,0.0,0.0,0.0,0.0,0.0,85.9,0.0,14.0
20211213195312,0.0,0.0,0.0,0.0,0.0,76.3,0.0,23.7
20211213195342,0.0,0.0,0.0,0.0,0.0,84.4,0.0,15.6
20211213195412,0.0,0.0,0.0,0.0,0.0,70.2,0.0,29.8
20211213195442,0.0,0.0,0.0,0.0,0.0,58.3,0.0,41.7
20211213195512,0.0,0.0,0.0,0.0,0.0,82.6,0.0,17.4
20211213195542,0.0,0.0,0.0,0.0,0.0,82.0,0.0,18.0
20211213195612,0.0,0.0,0.0,0.0,0.2,90.5,0.0,9.3
20211213195642,0.0,0.0,0.0,0.0,0.0,97.6,0.0,2.4
20211213195712,0.0,0.0,0.0,0.0,0.0,89.3,0.0,10.7
20211213195742,0.0,0.0,0.0,0.0,0.0,65.5,0.0,34.5
20211213195812,0.0,0.0,0.0,0.0,0.0,40.6,0.0,59.4
20211213195842,0.0,0.0,0.0,0.0,0.0,73.7,0.0,26.3
20211213195912,0.0,0.0,0.0,0.0,0.0,61.0,0.0,39.0
20211213195942,0.0,0.0,0.0,0.0,0.1,61.3,0.0,38.6
20211213200012,0.0,0.0,0.0,0.0,0.1,43.3,0.0,56.7
20211213200042,0.0,0.0,0.0,0.0,0.0,27.6,0.0,72.4
20211213200112,0.0,0.0,0.0,0.0,0.1,87.5,0.0,12.4
20211213200142,0.0,0.0,0.0,0.0,0.0,51.6,0.0,48.3
