UT,arc,discrete,diffuse,ac,ab,clear,cloudy,dd
20210221160100,0.0,0.0,0.0,0.0,0.0,0.0,0.0,100.0
20210221160130,0.0,0.0,0.0,0.0,0.0,0.0,0.0,100.0
20210221160200,0.0,0.0,0.0,0.0,0.0,0.0,0.0,100.0
20210221160230,0.0,0.0,0.0,0.0,0.0,0.0,0.0,100.0
20210221160300,0.0,0.0,0.0,0.0,0.0,0.0,0.0,100.0
20210221160330,0.0,0.0,0.0,0.0,0.0,0.0,0.0,100.0
20210221160400,0.0,0.0,0.0,0.0,0.0,0.0,0.0,100.0
20210221160430,0.0,0.0,0.0,0.0,0.0,0.0,0.0,100.0
20210221160500,0.0,0.0,0.0,0.0,0.0,0.0,0.0,100.0
20210221160530,0.0,0.0,0.0,0.0,0.0,0.0,0.0,100.0
20210221160600,0.0,0.0,0.0,0.0,0.0,0.0,0.0,100.0
20210221160630,0.0,0.0,0.0,0.0,0.0,0.0,0.0,100.0
20210221160700,0.0,0.0,0.0,0.0,0.0,0.0,0.0,100.0
20210221160730,0.0,0.0,0.0,0.0,0.0,0.0,0.0,100.0
20210221160800,0.0,0.0,0.0,0.0,0.0,0.0,0.0,100.0
20210221160830,0.0,0.0,0.0,0.0,0.0,0.0,0.0,100.0
20210221160900,0.0,0.0,0.0,0.0,0.0,0.0,0.0,100.0
20210221160930,0.0,0.0,0.0,0.0,0.0,0.0,0.0,100.0
20210221161000,0.0,0.0,0.0,0.0,0.0,0.0,0.0,100.0
20210221161030,0.0,0.0,0.0,0.0,0.0,0.0,0.0,100.0
20210221161100,0.0,0.0,0.0,0.0,0.0,0.0,0.0,100.0
20210221161130,0.0,0.0,0.0,0.0,0.0,0.0,0.0,100.0
20210221161200,0.0,0.0,0.0,0.0,0.0,0.0,0.0,100.0
20210221161230,0.0,0.0,0.0,0.0,0.0,0.0,0.0,100.0
20210221161301,0.0,0.0,0.0,0.0,0.0,0.0,0.0,100.0
20210221161331,0.0,0.0,0.0,0.0,0.0,0.0,0.0,100.0
20210221161401,0.0,0.0,0.0,0.0,0.0,0.0,0.0,100.0
20210221161431,0.0,0.0,0.0,0.0,0.0,0.0,0.0,100.0
20210221161501,0.0,0.0,0.0,0.0,0.0,0.0,0.0,100.0
20210221161531,0.0,0.0,0.0,0.0,0.0,0.0,0.0,100.0
20210221161601,0.0,0.0,0.0,0.0,0.0,0.0,0.0,100.0
20210221161631,0.0,0.0,0.0,0.0,0.0,0.0,0.0,100.0
20210221161701,0.0,0.0,0.0,0.0,0.0,0.0,0.0,100.0
20210221161731,0.0,0.0,0.0,0.0,0.0,0.0,0.0,100.0
20210221161801,0.0,0.0,0.0,0.0,0.0,0.0,0.0,100.0
20210221161831,0.0,0.0,0.0,0.0,0.0,0.0,0.0,100.0
20210221161901,0.0,0.0,0.0,0.0,0.0,0.0,0.0,100.0
20210221161931,0.0,0.0,0.0,0.0,0.0,0.0,0.0,100.0
20210221162001,0.0,0.0,0.0,0.0,0.0,0.0,0.0,100.0
20210221162031,0.0,0.0,0.0,0.0,0.0,0.0,0.0,100.0
20210221162101,0.0,0.0,0.0,0.0,0.0,0.0,0.0,100.0
20210221162131,0.0,0.0,0.0,0.0,0.0,0.0,0.0,100.0
20210221162201,0.0,0.0,0.0,0.0,0.0,0.0,0.0,100.0
20210221162231,0.0,0.0,0.0,0.0,0.0,0.0,0.0,100.0
20210221162301,0.0,0.0,0.0,0.0,0.0,0.0,0.0,100.0
20210221162331,0.0,0.0,0.0,0.0,0.0,0.0,0.0,100.0
20210221162401,0.0,0.0,0.0,0.0,0.0,0.0,0.0,100.0
20210221162431,0.0,0.0,0.0,0.0,0.0,0.0,0.0,100.0
20210221162501,0.0,0.0,0.0,0.0,0.0,0.0,0.0,100.0
20210221162531,0.0,0.0,0.0,0.0,0.0,0.0,0.0,100.0
20210221162601,0.0,0.0,0.0,0.0,0.0,0.0,0.0,100.0
20210221162631,0.0,0.0,0.0,0.0,0.0,0.0,0.0,100.0
20210221162701,0.0,0.0,0.0,0.0,0.0,0.0,0.0,100.0
20210221162731,0.0,0.0,0.0,0.0,0.0,0.0,0.0,100.0
20210221162801,0.0,0.0,0.0,0.0,0.0,0.0,0.0,100.0
20210221162831,0.0,0.0,0.0,0.0,0.0,0.0,0.0,100.0
20210221162901,0.0,0.0,0.0,0.0,0.0,0.0,0.0,100.0
20210221162931,0.0,0.0,0.0,0.0,0.0,0.0,0.0,100.0
20210221163001,0.0,0.0,0.0,0.0,0.0,0.0,0.0,100.0
20210221163031,0.0,0.0,0.0,0.0,0.0,0.0,0.0,100.0
20210221163101,0.0,0.0,0.0,0.0,0.0,0.0,0.0,100.0
20210221163131,0.0,0.0,0.0,0.0,0.0,0.0,0.0,100.0
20210221163201,0.0,0.0,0.0,0.0,0.0,0.0,0.0,100.0
20210221163231,0.0,0.0,0.0,0.0,0.0,0.0,0.0,100.0
20210221163301,0.0,0.0,0.0,0.0,0.0,0.0,0.0,100.0
20210221163331,0.0,0.0,0.0,0.0,0.0,0.0,0.0,100.0
20210221163401,0.0,0.0,0.0,0.0,0.0,0.0,0.0,100.0
20210221163431,0.0,0.0,0.0,0.0,0.0,0.0,0.0,100.0
20210221163501,0.0,0.0,0.0,0.0,0.0,0.0,0.0,100.0
20210221163531,0.0,0.0,0.0,0.0,0.0,0.0,0.0,100.0
20210221163601,0.0,0.0,0.0,0.0,0.0,0.0,0.0,100.0
20210221163631,0.0,0.0,0.0,0.0,0.0,0.0,0.0,100.0
20210221163701,0.0,0.0,0.0,0.0,0.0,0.0,0.0,100.0
20210221163731,0.0,0.0,0.0,0.0,0.0,0.0,0.0,100.0
20210221163801,0.0,0.0,0.0,0.0,0.0,0.0,0.0,100.0
20210221163831,0.0,0.0,0.0,0.0,0.0,0.0,0.0,100.0
20210221163901,0.0,0.0,0.0,0.0,0.0,0.0,0.0,100.0
20210221163931,0.0,0.0,0.0,0.0,0.0,0.0,0.0,100.0
20210221164001,0.0,0.0,0.0,0.0,0.0,0.0,0.0,100.0
20210221164031,0.0,0.0,0.0,0.0,0.0,0.0,0.0,100.0
20210221164101,0.0,0.0,0.0,0.0,0.0,0.0,0.0,100.0
20210221164131,0.0,0.0,0.0,0.0,0.0,0.0,0.0,100.0
20210221164201,0.0,0.0,0.0,0.0,0.0,0.0,0.0,100.0
20210221164231,0.0,0.0,0.0,0.0,0.0,0.0,0.0,100.0
20210221164301,0.0,0.0,0.0,0.0,0.0,0.0,0.0,100.0
20210221164331,0.0,0.0,0.0,0.0,0.0,0.0,0.0,100.0
20210221164401,0.0,0.0,0.0,0.0,0.0,0.0,0.0,100.0
20210221164431,0.0,0.0,0.0,0.0,0.0,0.0,0.0,100.0
20210221164501,0.0,0.0,0.0,0.0,0.0,0.0,0.0,100.0
20210221164531,0.0,0.0,0.0,0.0,0.0,0.0,0.0,100.0
20210221164601,0.0,0.0,0.0,0.0,0.0,0.0,0.0,100.0
20210221164631,0.0,0.0,0.0,0.0,0.0,0.0,0.0,100.0
20210221164701,0.0,0.0,0.0,0.0,0.0,0.0,0.0,100.0
20210221164732,0.0,0.0,0.0,0.0,0.0,0.0,0.0,100.0
20210221164802,0.0,0.0,0.0,0.0,0.0,0.0,0.0,100.0
20210221164832,0.0,0.0,0.0,0.0,0.0,0.0,0.0,100.0
20210221164902,0.0,0.0,0.0,0.0,0.0,0.0,0.0,100.0
20210221164932,0.0,0.0,0.0,0.0,0.0,0.0,0.0,100.0
20210221165002,0.0,0.0,0.0,0.0,0.0,0.0,0.0,100.0
20210221165032,0.0,0.0,0.0,0.0,0.0,0.0,0.0,100.0
20210221165102,0.0,0.0,0.0,0.0,0.1,0.0,0.0,99.9
20210221165132,0.0,0.0,0.0,0.0,0.0,0.0,0.0,100.0
20210221165202,0.0,0.0,0.0,0.0,0.0,0.0,0.0,100.0
20210221165232,0.0,0.0,0.0,0.0,0.0,0.0,0.0,100.0
20210221165302,0.0,0.0,0.0,0.0,0.0,0.0,0.0,100.0
20210221165332,0.0,0.0,0.0,0.0,0.0,0.0,0.0,100.0
20210221165402,0.0,0.0,0.0,0.0,0.0,0.0,0.0,100.0
20210221165432,0.0,0.0,0.0,0.0,0.0,0.0,0.0,100.0
20210221165502,0.0,0.0,0.0,0.0,0.0,0.0,0.0,100.0
20210221165532,0.0,0.0,0.0,0.0,0.0,0.0,0.0,100.0
20210221165602,0.0,0.0,0.0,0.0,0.0,0.0,0.0,100.0
20210221165632,0.0,0.0,0.0,0.0,0.0,0.0,0.0,100.0
20210221165702,0.0,0.0,0.0,0.0,0.0,0.0,0.0,100.0
20210221165732,0.0,0.0,0.0,0.0,0.0,0.0,0.0,100.0
20210221165802,0.0,0.0,0.0,0.0,0.0,0.0,0.0,100.0
20210221165832,0.0,0.0,0.0,0.0,0.0,0.0,0.0,100.0
20210221165902,0.0,0.0,0.0,0.0,0.0,0.0,0.0,100.0
20210221165932,0.0,0.0,0.0,0.0,0.0,0.0,0.0,100.0
20210221170002,0.0,0.0,0.0,0.0,0.0,0.0,0.1,99.9
20210221170032,0.0,0.0,0.0,0.0,0.0,0.0,0.0,100.0
20210221170232,0.0,0.0,0.0,0.0,71.5,0.0,0.2,28.3
20210221170302,0.0,0.0,0.0,0.0,78.6,0.0,0.6,20.8
20210221170332,0.0,0.0,0.0,0.0,80.1,0.0,0.7,19.2
20210221170402,0.0,0.0,0.0,0.0,71.7,0.0,0.4,27.9
20210221170432,0.0,0.0,0.0,0.0,88.4,0.0,2.4,9.2
20210221170502,0.0,0.0,0.0,0.0,94.6,0.0,1.7,3.7
20210221170532,0.0,0.0,0.0,0.0,96.0,0.0,1.7,2.2
20210221170602,0.0,0.0,0.0,0.0,87.0,0.0,4.5,8.5
20210221170632,0.0,0.0,0.0,0.0,72.9,0.0,12.9,14.2
20210221170702,0.0,0.0,0.0,0.0,90.6,0.0,3.3,6.0
20210221170732,0.0,0.0,0.0,0.0,61.0,0.0,22.2,16.8
20210221170802,0.0,0.0,0.0,0.0,78.4,0.0,0.2,21.3
20210221170832,0.0,0.0,0.0,0.0,88.3,0.0,0.7,11.0
20210221170902,0.0,0.0,0.0,0.0,74.5,0.0,12.0,13.5
20210221170932,0.0,0.0,0.0,0.0,67.1,0.0,30.8,2.1
20210221171002,0.0,0.0,0.0,0.0,47.8,0.0,49.9,2.2
20210221171032,0.0,0.0,0.0,0.0,18.7,0.0,80.5,0.8
20210221171102,0.0,0.0,0.0,0.0,43.0,0.0,56.4,0.5
20210221171132,0.0,0.0,0.0,0.0,42.8,0.0,56.9,0.3
20210221171202,0.0,0.0,0.0,0.0,91.4,0.0,6.8,1.7
20210221171232,0.0,0.0,0.0,0.0,27.7,0.0,2.0,70.4
20210221171302,0.0,0.0,0.0,0.0,16.3,0.0,0.3,83.4
20210221171332,0.0,0.0,0.0,0.0,57.2,0.0,0.4,42.4
20210221171402,0.0,0.0,0.0,0.0,27.7,0.0,0.1,72.2
20210221171432,0.0,0.0,0.0,0.0,9.0,0.0,0.0,91.0
20210221171502,0.0,0.0,0.0,0.0,29.2,0.0,0.1,70.6
20210221171532,0.0,0.0,0.0,0.0,15.8,0.0,0.1,84.1
20210221171602,0.0,0.0,0.0,0.0,13.6,0.0,0.4,86.0
20210221171632,0.0,0.0,0.0,0.0,7.9,0.0,0.6,91.6
20210221171702,0.0,0.0,0.0,0.0,10.5,0.0,1.3,88.2
20210221171732,0.0,0.0,0.0,0.0,3.2,0.0,0.2,96.6
20210221171802,0.0,0.0,0.0,0.0,0.3,0.0,0.1,99.6
20210221171832,0.0,0.0,0.0,0.0,1.2,0.0,1.1,97.7
20210221171902,0.0,0.0,0.0,0.0,0.7,0.0,0.9,98.4
20210221171932,0.0,0.0,0.0,0.0,0.4,0.0,6.5,93.1
20210221172002,0.0,0.0,0.0,0.0,0.3,0.0,2.7,96.9
20210221172032,0.0,0.0,0.0,0.0,1.7,0.0,2.0,96.3
20210221172102,0.0,0.0,0.0,0.0,14.6,0.0,2.5,82.9
20210221172133,0.0,0.0,0.0,0.0,36.0,0.0,3.9,60.0
20210221172203,0.0,0.0,0.0,0.0,3.8,0.0,23.9,72.3
20210221172233,0.0,0.0,0.1,0.0,4.8,0.1,13.0,82.1
20210221172303,0.0,0.0,0.0,0.0,1.2,0.0,45.8,53.0
20210221172333,0.0,0.0,0.0,0.0,0.5,0.0,17.6,81.9
20210221172403,0.0,0.0,0.0,0.0,0.4,0.0,9.1,90.4
20210221172433,0.0,0.0,0.0,0.0,0.7,0.0,2.1,97.2
20210221172503,0.0,0.0,0.1,0.0,1.3,0.1,7.2,91.3
20210221172533,0.0,0.0,0.0,0.0,1.2,0.0,6.2,92.5
20210221172603,0.0,0.0,0.0,0.0,0.1,0.0,1.1,98.7
20210221172633,0.0,0.0,0.0,0.0,0.3,0.0,0.3,99.3
20210221172703,0.0,0.0,0.0,0.0,1.0,0.0,2.1,96.9
20210221172733,0.0,0.0,0.0,0.0,2.2,0.0,1.8,95.9
20210221172803,0.0,0.0,0.0,0.0,3.0,0.0,8.9,88.1
20210221172833,0.0,0.0,0.0,0.0,1.5,0.0,8.7,89.8
20210221172903,0.0,0.0,0.0,0.0,1.5,0.0,5.5,93.0
20210221172933,0.0,0.0,0.0,0.0,14.1,0.0,8.3,77.6
20210221173003,0.0,0.0,0.0,0.0,32.0,0.0,1.3,66.6
20210221173033,0.0,0.0,0.0,0.0,20.3,0.0,8.1,71.6
20210221173103,0.0,0.0,0.0,0.0,24.4,0.0,9.3,66.3
20210221173133,0.0,0.0,0.0,0.0,24.7,0.0,14.7,60.6
20210221173203,0.0,0.0,0.0,0.0,20.0,0.1,8.9,71.0
20210221173233,0.0,0.0,0.0,0.0,5.9,0.0,1.2,92.9
20210221173303,0.0,0.0,0.0,0.0,1.1,0.0,0.2,98.7
20210221173333,0.0,0.0,0.0,0.0,2.5,0.0,2.8,94.6
20210221173403,0.0,0.0,0.0,0.0,1.1,0.0,3.6,95.3
20210221173433,0.0,0.0,0.0,0.0,3.9,0.0,7.9,88.2
20210221173503,0.0,0.0,0.0,0.0,8.9,0.0,1.6,89.5
20210221173533,0.0,0.0,0.0,0.0,11.1,0.0,1.9,87.0
20210221173603,0.0,0.0,0.0,0.0,4.4,0.0,1.9,93.7
20210221173633,0.0,0.1,0.0,0.0,10.1,0.0,4.9,84.9
20210221173703,0.0,0.1,0.0,0.1,1.6,0.0,10.0,88.2
20210221173733,0.0,0.0,0.1,0.1,3.5,0.0,43.3,52.9
20210221173803,0.0,0.0,0.0,0.0,12.4,0.0,34.2,53.3
20210221173833,0.0,0.0,0.0,0.0,2.4,0.0,2.2,95.3
20210221173903,0.0,0.0,0.0,0.0,0.7,0.0,1.3,98.0
20210221173933,0.0,0.0,0.0,0.0,0.6,0.0,0.6,98.8
20210221174003,0.0,0.0,0.0,0.0,0.3,0.0,1.8,97.9
20210221174033,0.0,0.0,0.0,0.0,0.7,0.0,8.3,91.0
20210221174103,0.0,0.0,0.0,0.0,0.6,0.0,10.4,88.9
20210221174133,0.0,0.0,0.0,0.0,0.8,0.0,3.4,95.8
20210221174203,0.0,0.0,0.0,0.0,0.1,0.0,1.7,98.2
20210221174233,0.0,0.0,0.0,0.0,1.3,0.1,25.6,73.0
20210221174303,0.0,0.0,0.0,0.0,0.3,0.0,10.3,89.3
20210221174333,0.0,0.0,0.0,0.0,0.3,0.0,7.8,91.9
20210221174403,0.0,0.0,0.0,0.0,1.0,0.0,15.5,83.5
20210221174433,0.0,0.0,0.0,0.0,0.5,0.0,3.9,95.6
20210221174503,0.0,0.0,0.0,0.0,2.4,0.0,5.2,92.3
20210221174533,0.0,0.0,0.0,0.0,1.9,0.0,15.2,82.8
20210221174603,0.0,0.0,0.0,0.0,0.7,0.0,12.3,87.0
20210221174633,0.0,0.0,0.1,0.0,4.5,0.0,20.6,74.8
20210221174703,0.0,0.0,0.0,0.0,3.8,0.0,54.2,42.0
20210221174733,0.0,0.0,0.0,0.0,3.5,0.0,52.0,44.5
20210221174803,0.0,0.0,0.0,0.0,1.8,0.0,58.3,39.9
20210221174833,0.0,0.0,0.0,0.0,2.4,0.0,81.8,15.8
20210221174903,0.0,0.0,0.0,0.0,9.6,0.0,45.7,44.6
20210221174933,0.0,0.0,0.0,0.0,4.4,0.0,20.8,74.7
20210221175003,0.0,0.0,0.0,0.0,0.6,0.0,23.3,76.0
20210221175033,0.0,0.0,0.0,0.0,8.5,0.1,34.2,57.2
20210221175103,0.0,0.0,0.0,0.0,25.4,0.2,47.0,27.3
20210221175133,0.0,0.0,0.0,0.0,12.0,0.1,64.3,23.5
20210221175203,0.0,0.0,0.0,0.0,45.7,0.1,31.4,22.8
20210221175233,0.0,0.0,0.0,0.0,33.3,0.1,45.4,21.2
20210221175303,0.0,0.0,0.0,0.0,36.9,0.1,20.3,42.7
20210221175333,0.0,0.0,0.0,0.0,29.8,0.1,8.3,61.8
20210221175403,0.0,0.0,0.0,0.1,34.6,0.2,24.0,41.2
20210221175433,0.0,0.0,0.0,0.0,31.8,0.1,39.0,29.0
20210221175503,0.0,0.0,0.0,0.0,42.8,0.2,28.2,28.8
20210221175534,0.0,0.0,0.0,0.0,24.0,0.3,20.5,55.2
20210221175604,0.0,0.0,0.0,0.0,25.8,0.2,23.8,50.1
20210221175634,0.0,0.0,0.0,0.0,37.4,0.4,9.4,52.8
20210221175704,0.0,0.0,0.0,0.0,19.5,0.1,34.3,46.0
20210221175734,0.0,0.0,0.0,0.0,67.6,0.0,17.6,14.7
20210221175804,0.0,0.0,0.0,0.0,37.1,0.1,31.3,31.5
20210221175834,0.0,0.0,0.0,0.0,19.0,0.1,6.8,74.1
20210221175904,0.0,0.0,0.0,0.0,46.2,0.3,10.6,42.9
20210221175934,0.0,0.0,0.0,0.0,68.0,0.3,11.5,20.2
20210221180004,0.0,0.0,0.0,0.0,85.7,0.1,6.4,7.7
20210221180034,0.0,0.0,0.0,0.0,50.8,0.1,44.7,4.4
20210221180104,0.0,0.0,0.0,0.0,24.5,0.0,68.6,6.8
20210221180134,0.0,0.0,0.0,0.0,39.6,0.1,52.4,7.9
20210221180204,0.0,0.0,0.0,0.0,38.9,0.0,41.9,19.1
20210221180234,0.0,0.0,0.0,0.0,51.1,0.1,31.0,17.8
20210221180304,0.0,0.0,0.0,0.0,32.6,0.2,35.9,31.3
20210221180334,0.0,0.0,0.0,0.0,50.6,0.1,25.3,24.0
20210221180404,0.0,0.0,0.0,0.0,65.5,0.1,14.0,20.4
20210221180434,0.0,0.0,0.0,0.0,62.4,0.2,22.2,15.2
20210221180504,0.0,0.0,0.0,0.0,37.1,0.1,13.6,49.3
20210221180534,0.0,0.0,0.0,0.0,46.6,0.1,5.1,48.2
20210221180604,0.0,0.0,0.0,0.0,23.6,0.1,36.6,39.7
20210221180634,0.0,0.0,0.0,0.0,55.9,0.0,11.7,32.3
20210221180704,0.0,0.0,0.0,0.0,49.0,0.0,29.4,21.6
20210221180734,0.0,0.0,0.0,0.0,27.6,0.0,46.5,25.9
20210221180804,0.0,0.0,0.0,0.0,10.2,0.0,76.0,13.7
20210221180834,0.0,0.0,0.0,0.0,28.6,0.1,42.6,28.7
20210221180904,0.0,0.0,0.0,0.0,72.3,0.1,18.6,9.1
20210221180934,0.0,0.0,0.0,0.0,48.8,0.2,25.3,25.7
20210221181004,0.0,0.0,0.0,0.0,37.7,0.0,18.9,43.4
20210221181034,0.0,0.0,0.0,0.0,35.2,0.0,41.5,23.3
20210221181104,0.0,0.0,0.0,0.0,23.2,0.0,16.6,60.2
20210221181134,0.0,0.0,0.0,0.0,17.7,0.0,37.2,45.1
20210221181204,0.0,0.0,0.0,0.0,16.8,0.0,43.5,39.7
20210221181234,0.0,0.0,0.0,0.0,32.0,0.0,27.6,40.4
20210221181304,0.0,0.0,0.0,0.0,26.3,0.0,24.2,49.5
20210221181334,0.0,0.0,0.0,0.0,29.6,0.0,34.0,36.4
20210221181404,0.0,0.0,0.0,0.0,15.2,0.1,19.6,65.1
20210221181434,0.0,0.0,0.0,0.0,19.0,0.0,26.1,54.8
20210221181504,0.0,0.0,0.0,0.0,12.7,0.0,7.6,79.7
20210221181534,0.0,0.0,0.0,0.0,34.0,0.0,15.4,50.6
20210221181604,0.0,0.0,0.0,0.0,37.6,0.0,28.5,34.0
20210221181634,0.0,0.0,0.0,0.0,26.8,0.0,25.5,47.7
20210221181704,0.0,0.0,0.0,0.0,27.9,0.0,27.2,45.0
20210221181734,0.0,0.0,0.0,0.0,21.9,0.1,50.0,28.0
20210221181804,0.0,0.0,0.0,0.0,13.0,0.0,36.9,50.0
20210221181834,0.0,0.0,0.0,0.0,8.8,0.0,8.2,83.0
20210221181904,0.0,0.0,0.0,0.0,28.0,0.0,14.1,57.8
20210221181934,0.0,0.0,0.0,0.0,19.8,0.0,32.8,47.4
20210221182004,0.0,0.0,0.0,0.0,28.8,0.0,18.0,53.3
20210221182034,0.0,0.0,0.0,0.0,23.0,0.0,36.3,40.6
20210221182104,0.0,0.0,0.0,0.0,23.2,0.1,35.9,40.7
20210221182134,0.0,0.0,0.0,0.0,22.3,0.0,54.6,23.1
20210221182204,0.0,0.0,0.0,0.0,39.5,0.1,25.8,34.6
20210221182234,0.0,0.0,0.0,0.0,43.0,0.0,8.5,48.5
20210221182305,0.0,0.0,0.0,0.0,17.6,0.1,36.7,45.6
20210221182335,0.0,0.0,0.0,0.0,13.4,0.0,68.1,18.4
20210221182405,0.0,0.0,0.0,0.0,22.9,0.1,55.9,21.2
20210221182435,0.0,0.0,0.0,0.0,31.2,0.0,47.1,21.6
20210221182505,0.0,0.0,0.0,0.0,31.9,0.1,42.0,26.0
20210221182535,0.0,0.0,0.0,0.0,40.3,0.0,45.0,14.7
20210221182605,0.0,0.0,0.0,0.0,26.7,0.0,38.5,34.8
20210221182635,0.0,0.0,0.0,0.0,12.1,0.0,40.0,48.0
20210221182705,0.0,0.0,0.0,0.0,27.5,0.1,40.5,32.0
20210221182735,0.0,0.0,0.0,0.0,24.8,0.0,34.4,40.7
20210221182805,0.0,0.0,0.0,0.0,37.3,0.0,37.5,25.2
20210221182835,0.0,0.0,0.0,0.0,57.3,0.0,19.9,22.7
20210221182905,0.0,0.0,0.0,0.0,53.1,0.0,24.5,22.4
20210221182935,0.0,0.0,0.0,0.0,46.7,0.0,33.0,20.2
20210221183005,0.0,0.0,0.0,0.0,46.2,0.0,40.8,13.0
20210221183035,0.0,0.0,0.0,0.0,60.2,0.0,28.4,11.4
20210221183105,0.0,0.0,0.0,0.0,21.9,0.0,68.7,9.4
20210221183135,0.0,0.0,0.0,0.0,43.7,0.0,40.6,15.8
20210221183205,0.0,0.0,0.0,0.0,54.2,0.0,20.7,25.1
20210221183235,0.0,0.0,0.0,0.0,36.7,0.0,31.2,32.1
20210221183305,0.0,0.0,0.0,0.0,49.3,0.0,32.1,18.6
20210221183335,0.0,0.0,0.0,0.0,68.8,0.0,5.7,25.5
20210221183405,0.0,0.0,0.0,0.0,39.4,0.0,25.6,35.0
20210221183435,0.0,0.0,0.0,0.0,80.0,0.0,9.6,10.3
20210221183505,0.0,0.0,0.0,0.0,66.9,0.0,7.9,25.2
20210221183535,0.0,0.0,0.0,0.0,70.2,0.0,14.4,15.4
20210221183605,0.0,0.0,0.0,0.0,81.8,0.0,6.0,12.3
20210221183635,0.0,0.0,0.0,0.0,69.5,0.0,10.0,20.5
20210221183705,0.0,0.0,0.0,0.0,72.0,0.0,16.0,12.0
20210221183735,0.0,0.0,0.0,0.0,87.4,0.0,9.1,3.5
20210221183805,0.0,0.0,0.0,0.0,77.6,0.0,11.4,11.0
20210221183835,0.0,0.0,0.0,0.0,81.2,0.0,6.0,12.9
20210221183905,0.0,0.0,0.0,0.0,87.1,0.0,4.1,8.8
20210221183935,0.0,0.0,0.0,0.0,78.3,0.0,3.0,18.7
20210221184005,0.0,0.0,0.0,0.0,95.2,0.0,2.0,2.8
20210221184035,0.0,0.0,0.0,0.0,92.9,0.0,3.0,4.1
20210221184105,0.0,0.0,0.0,0.0,97.4,0.0,1.2,1.4
20210221184135,0.0,0.0,0.0,0.0,90.4,0.0,5.4,4.2
20210221184205,0.0,0.0,0.0,0.0,94.2,0.0,3.6,2.2
20210221184235,0.0,0.0,0.0,0.0,97.0,0.0,0.7,2.3
20210221184305,0.0,0.0,0.0,0.0,95.9,0.0,2.7,1.4
20210221184335,0.0,0.0,0.0,0.0,95.8,0.0,2.0,2.2
20210221184405,0.0,0.0,0.0,0.0,91.5,0.0,5.7,2.8
20210221184435,0.0,0.0,0.0,0.0,79.7,0.0,13.6,6.7
20210221184505,0.0,0.0,0.0,0.0,95.0,0.0,3.1,1.9
20210221184535,0.0,0.0,0.0,0.0,90.4,0.0,7.3,2.3
20210221184605,0.0,0.0,0.0,0.0,90.0,0.0,3.8,6.1
20210221184635,0.0,0.0,0.0,0.0,87.4,0.0,9.3,3.3
20210221184705,0.0,0.0,0.0,0.0,87.0,0.0,9.3,3.7
20210221184735,0.0,0.0,0.0,0.0,92.0,0.0,5.1,2.9
20210221184805,0.0,0.0,0.0,0.0,86.8,0.0,6.6,6.5
20210221184835,0.0,0.0,0.0,0.0,86.7,0.0,2.5,10.8
20210221184905,0.0,0.0,0.0,0.0,88.6,0.0,4.7,6.7
20210221184935,0.0,0.0,0.0,0.0,89.4,0.0,3.8,6.8
20210221185005,0.0,0.0,0.0,0.0,70.1,0.0,4.6,25.3
20210221185035,0.0,0.0,0.0,0.0,74.2,0.0,9.8,16.0
20210221185105,0.0,0.0,0.0,0.0,66.6,0.0,1.6,31.8
20210221185135,0.0,0.0,0.0,0.0,78.0,0.0,11.7,10.3
20210221185205,0.0,0.0,0.0,0.0,49.4,0.0,3.7,46.9
20210221185235,0.0,0.0,0.0,0.0,47.3,0.0,9.9,42.8
20210221185305,0.0,0.0,0.0,0.0,52.7,0.0,10.9,36.4
20210221185335,0.0,0.0,0.0,0.0,83.6,0.0,2.6,13.9
20210221185405,0.0,0.0,0.0,0.0,89.0,0.0,4.7,6.3
20210221185435,0.0,0.0,0.0,0.0,85.4,0.0,3.3,11.3
20210221185505,0.0,0.0,0.0,0.0,82.4,0.0,3.5,14.1
20210221185535,0.0,0.0,0.0,0.0,91.9,0.0,2.4,5.8
20210221185605,0.0,0.0,0.0,0.0,95.9,0.0,1.9,2.2
20210221185635,0.0,0.0,0.0,0.0,97.9,0.0,1.0,1.1
20210221185706,0.0,0.0,0.0,0.0,96.9,0.0,1.8,1.2
20210221185736,0.0,0.0,0.0,0.0,65.2,0.0,13.3,21.4
20210221185806,0.0,0.0,0.0,0.0,74.7,0.0,2.5,22.8
20210221185836,0.0,0.0,0.0,0.0,93.3,0.0,2.2,4.5
20210221185906,0.0,0.0,0.0,0.0,91.9,0.0,0.2,7.9
20210221185936,0.0,0.0,0.0,0.0,95.6,0.0,1.2,3.2
20210221190006,0.0,0.0,0.0,0.0,90.9,0.0,0.9,8.2
20210221190036,0.0,0.0,0.0,0.0,96.8,0.0,0.1,3.2
20210221190106,0.0,0.0,0.0,0.0,72.5,0.0,2.4,25.1
20210221190136,0.0,0.0,0.0,0.0,82.7,0.0,1.1,16.2
20210221190206,0.0,0.0,0.0,0.0,78.6,0.0,0.4,21.0
20210221190236,0.0,0.0,0.0,0.0,34.5,0.0,0.8,64.7
20210221190306,0.0,0.0,0.0,0.0,29.6,0.0,1.6,68.8
20210221190336,0.0,0.0,0.0,0.0,59.8,0.0,5.3,34.9
20210221190406,0.0,0.0,0.0,0.0,83.9,0.0,1.0,15.1
20210221190436,0.0,0.0,0.0,0.0,79.4,0.0,1.3,19.3
20210221190506,0.0,0.0,0.0,0.0,80.0,0.0,1.0,19.0
20210221190536,0.0,0.0,0.0,0.0,88.2,0.0,2.1,9.8
20210221190606,0.0,0.0,0.0,0.0,87.8,0.0,6.6,5.6
20210221190636,0.0,0.0,0.0,0.0,95.7,0.0,1.3,3.0
20210221190706,0.0,0.0,0.0,0.0,52.2,0.0,10.2,37.5
20210221190736,0.0,0.0,0.0,0.0,83.5,0.0,3.6,12.9
20210221190806,0.0,0.0,0.0,0.0,93.6,0.0,2.3,4.0
20210221190836,0.0,0.0,0.0,0.0,71.3,0.0,6.9,21.8
20210221190906,0.0,0.0,0.0,0.0,86.1,0.0,1.6,12.3
20210221190936,0.0,0.0,0.0,0.0,93.5,0.0,2.1,4.4
20210221191006,0.0,0.0,0.0,0.0,93.7,0.0,2.0,4.3
20210221191036,0.0,0.0,0.0,0.0,94.0,0.0,3.8,2.2
20210221191106,0.0,0.0,0.0,0.0,97.1,0.0,2.5,0.4
20210221191136,0.0,0.0,0.0,0.0,70.5,0.0,29.3,0.2
20210221191206,0.0,0.0,0.0,0.0,97.2,0.0,2.6,0.2
20210221191236,0.0,0.0,0.0,0.0,93.7,0.0,4.6,1.7
20210221191306,0.0,0.0,0.0,0.0,86.6,0.0,8.6,4.8
20210221191336,0.0,0.0,0.0,0.0,88.8,0.0,5.4,5.8
20210221191406,0.0,0.0,0.0,0.0,86.4,0.0,2.2,11.3
20210221191436,0.0,0.0,0.0,0.0,84.3,0.0,0.4,15.3
20210221191506,0.0,0.0,0.0,0.0,93.4,0.0,2.0,4.6
20210221191536,0.0,0.0,0.0,0.0,58.5,0.0,1.2,40.3
20210221191606,0.0,0.0,0.0,0.0,78.1,0.0,5.4,16.5
20210221191636,0.0,0.0,0.0,0.0,82.0,0.0,1.4,16.6
20210221191706,0.0,0.0,0.0,0.0,78.5,0.0,3.2,18.2
20210221191736,0.0,0.0,0.0,0.0,75.1,0.0,0.1,24.7
20210221191806,0.0,0.0,0.0,0.0,74.0,0.0,1.5,24.5
20210221191836,0.0,0.0,0.0,0.0,91.2,0.0,0.4,8.4
20210221191906,0.0,0.0,0.0,0.0,42.6,0.0,0.3,57.1
20210221191936,0.0,0.0,0.0,0.0,64.5,0.0,2.0,33.5
20210221192006,0.0,0.0,0.0,0.0,77.0,0.0,0.4,22.6
20210221192036,0.0,0.0,0.0,0.0,87.5,0.0,0.6,11.9
20210221192106,0.0,0.0,0.0,0.0,62.7,0.0,0.4,36.9
20210221192136,0.0,0.0,0.0,0.0,81.2,0.0,0.2,18.6
20210221192206,0.0,0.0,0.0,0.0,37.7,0.0,0.4,61.9
20210221192236,0.0,0.0,0.0,0.0,47.0,0.0,2.3,50.8
20210221192306,0.0,0.0,0.0,0.0,93.3,0.0,1.1,5.6
20210221192336,0.0,0.0,0.0,0.0,86.7,0.0,0.2,13.1
20210221192406,0.0,0.0,0.0,0.0,96.0,0.0,0.0,3.9
20210221192436,0.0,0.0,0.0,0.0,54.8,0.0,1.6,43.6
20210221192506,0.0,0.0,0.0,0.0,28.3,0.0,1.2,70.5
20210221192536,0.0,0.0,0.0,0.0,52.4,0.0,1.5,46.2
20210221192606,0.0,0.0,0.0,0.0,46.3,0.0,5.7,48.0
20210221192636,0.0,0.0,0.0,0.0,39.6,0.0,3.1,57.3
20210221192706,0.0,0.0,0.0,0.0,51.8,0.0,1.6,46.7
20210221192736,0.0,0.0,0.0,0.0,91.0,0.0,2.3,6.7
20210221192806,0.0,0.0,0.0,0.0,95.1,0.0,1.6,3.3
20210221192836,0.0,0.0,0.0,0.0,83.9,0.0,3.8,12.3
20210221192906,0.0,0.0,0.0,0.0,97.5,0.0,0.7,1.9
20210221192936,0.0,0.0,0.0,0.0,93.5,0.0,0.1,6.4
20210221193006,0.0,0.0,0.0,0.0,91.9,0.0,0.3,7.7
20210221193036,0.0,0.0,0.0,0.0,90.9,0.0,1.0,8.0
20210221193106,0.0,0.0,0.0,0.0,69.5,0.0,1.1,29.4
20210221193136,0.0,0.0,0.0,0.0,81.2,0.0,0.2,18.5
20210221193207,0.0,0.0,0.0,0.0,75.0,0.0,0.5,24.5
20210221193237,0.0,0.0,0.0,0.0,64.6,0.0,0.5,34.9
20210221193307,0.0,0.0,0.0,0.0,84.6,0.0,0.1,15.3
20210221193337,0.0,0.0,0.0,0.0,93.9,0.0,0.3,5.7
20210221193407,0.0,0.0,0.0,0.0,46.3,0.0,0.3,53.4
20210221193437,0.0,0.0,0.0,0.0,59.5,0.0,1.3,39.2
20210221193507,0.0,0.0,0.0,0.0,61.3,0.0,0.7,38.1
20210221193537,0.0,0.0,0.0,0.0,81.1,0.0,0.3,18.6
20210221193607,0.0,0.0,0.0,0.0,84.6,0.0,0.4,15.0
20210221193637,0.0,0.0,0.0,0.0,74.1,0.0,0.2,25.7
20210221193707,0.0,0.0,0.0,0.0,83.1,0.0,0.0,16.8
20210221193737,0.0,0.0,0.0,0.0,97.0,0.0,0.1,3.0
20210221193807,0.0,0.0,0.0,0.0,97.9,0.0,0.0,2.1
20210221193837,0.0,0.0,0.0,0.0,94.9,0.0,0.0,5.1
20210221193907,0.0,0.0,0.0,0.0,84.1,0.0,0.0,15.8
20210221193937,0.0,0.0,0.0,0.0,85.1,0.0,0.0,14.9
20210221194007,0.0,0.0,0.0,0.0,90.5,0.0,0.0,9.5
20210221194037,0.0,0.0,0.0,0.0,96.5,0.0,0.1,3.4
20210221194107,0.0,0.0,0.0,0.0,75.4,0.0,0.1,24.6
20210221194137,0.0,0.0,0.0,0.0,85.0,0.0,0.0,15.0
20210221194207,0.0,0.0,0.0,0.0,84.7,0.0,0.1,15.2
20210221194237,0.0,0.0,0.0,0.0,97.8,0.0,0.0,2.2
20210221194307,0.0,0.0,0.0,0.0,91.5,0.0,0.0,8.5
20210221194337,0.0,0.0,0.0,0.0,91.6,0.0,0.1,8.3
20210221194407,0.0,0.0,0.0,0.0,95.4,0.0,0.1,4.6
20210221194437,0.0,0.0,0.0,0.0,98.5,0.0,0.0,1.5
20210221194507,0.0,0.0,0.0,0.0,98.3,0.0,0.0,1.7
20210221194537,0.0,0.0,0.0,0.0,97.3,0.0,0.0,2.7
20210221194607,0.0,0.0,0.0,0.0,98.6,0.0,0.0,1.4
20210221194637,0.0,0.0,0.0,0.0,92.1,0.0,0.0,7.9
20210221194707,0.0,0.0,0.0,0.0,94.8,0.0,0.1,5.1
20210221194737,0.0,0.0,0.0,0.0,95.5,0.0,0.0,4.5
20210221194807,0.0,0.0,0.0,0.0,94.7,0.0,0.0,5.3
20210221194837,0.0,0.0,0.0,0.0,96.3,0.0,0.0,3.7
20210221194907,0.0,0.0,0.0,0.0,96.7,0.0,0.0,3.2
20210221194937,0.0,0.0,0.0,0.0,99.8,0.0,0.0,0.2
20210221195007,0.0,0.0,0.0,0.0,99.8,0.0,0.0,0.2
20210221195037,0.0,0.0,0.0,0.0,98.7,0.0,0.0,1.3
20210221195107,0.0,0.0,0.0,0.0,96.9,0.0,0.0,3.0
20210221195137,0.0,0.0,0.0,0.0,94.8,0.0,0.1,5.1
20210221195207,0.0,0.0,0.0,0.0,98.6,0.0,0.0,1.3
20210221195237,0.0,0.0,0.0,0.0,97.6,0.0,0.1,2.3
20210221195307,0.0,0.0,0.0,0.0,94.1,0.0,0.1,5.8
20210221195337,0.0,0.0,0.0,0.0,93.3,0.0,1.3,5.3
20210221195407,0.0,0.0,0.0,0.0,95.5,0.0,0.1,4.3
20210221195437,0.0,0.0,0.0,0.0,97.8,0.0,0.0,2.2
20210221195507,0.0,0.0,0.0,0.0,98.1,0.0,0.3,1.6
20210221195537,0.0,0.0,0.0,0.0,99.8,0.0,0.1,0.2
20210221195607,0.0,0.0,0.0,0.0,99.7,0.0,0.1,0.2
20210221195637,0.0,0.0,0.0,0.0,98.6,0.0,0.1,1.4
20210221195707,0.0,0.0,0.0,0.0,95.3,0.0,0.0,4.7
20210221195737,0.0,0.0,0.0,0.0,91.2,0.0,0.1,8.7
20210221195807,0.0,0.0,0.0,0.0,81.9,0.0,0.3,17.8
20210221195838,0.0,0.0,0.0,0.0,91.9,0.0,0.5,7.5
20210221195908,0.0,0.0,0.0,0.0,89.6,0.0,0.9,9.4
20210221195938,0.0,0.0,0.0,0.0,95.5,0.0,0.1,4.4
20210221200008,0.0,0.0,0.0,0.0,97.0,0.0,0.2,2.8
20210221200038,0.0,0.0,0.0,0.0,87.6,0.0,0.5,11.8
20210221200108,0.0,0.0,0.0,0.0,55.5,0.0,1.1,43.4
20210221200138,0.0,0.0,0.0,0.0,83.9,0.0,0.2,15.9
20210221200208,0.0,0.0,0.0,0.0,84.7,0.0,0.1,15.2
20210221200238,0.0,0.0,0.0,0.0,92.0,0.0,0.0,7.9
20210221200308,0.0,0.0,0.0,0.0,89.6,0.0,0.1,10.3
20210221200338,0.0,0.0,0.0,0.0,76.5,0.0,0.1,23.4
20210221200408,0.0,0.0,0.0,0.0,78.4,0.0,0.6,21.0
20210221200438,0.0,0.0,0.0,0.0,86.2,0.0,0.2,13.7
20210221200508,0.0,0.0,0.0,0.0,79.4,0.0,0.1,20.5
20210221200538,0.0,0.0,0.0,0.0,96.4,0.0,0.1,3.4
20210221200608,0.0,0.0,0.0,0.0,96.9,0.0,0.2,2.9
20210221200638,0.0,0.0,0.0,0.0,97.2,0.0,0.1,2.8
20210221200708,0.0,0.0,0.0,0.0,98.5,0.0,0.2,1.3
20210221200738,0.0,0.0,0.0,0.0,96.0,0.0,0.3,3.7
20210221200808,0.0,0.0,0.0,0.0,94.9,0.0,0.5,4.6
20210221200838,0.0,0.0,0.0,0.0,97.7,0.0,0.0,2.3
20210221200908,0.0,0.0,0.0,0.0,99.0,0.0,0.1,0.9
20210221200938,0.0,0.0,0.0,0.0,79.5,0.0,0.5,20.0
20210221201008,0.0,0.0,0.0,0.0,83.2,0.0,0.3,16.5
20210221201038,0.0,0.0,0.0,0.0,92.3,0.0,0.1,7.6
20210221201108,0.0,0.0,0.0,0.0,93.4,0.0,0.2,6.4
20210221201138,0.0,0.0,0.0,0.0,82.7,0.0,0.1,17.2
20210221201208,0.0,0.0,0.0,0.0,98.1,0.0,0.1,1.8
20210221201238,0.0,0.0,0.0,0.0,98.3,0.0,0.0,1.7
20210221201308,0.0,0.0,0.0,0.0,99.1,0.0,0.0,0.9
20210221201338,0.0,0.0,0.0,0.0,99.4,0.0,0.1,0.5
20210221201408,0.0,0.0,0.0,0.0,98.0,0.0,0.6,1.4
20210221201438,0.0,0.0,0.0,0.0,99.2,0.0,0.0,0.7
20210221201508,0.0,0.0,0.0,0.0,95.0,0.0,0.2,4.8
20210221201538,0.0,0.0,0.0,0.0,99.8,0.0,0.0,0.2
20210221201608,0.0,0.0,0.0,0.0,95.6,0.0,0.1,4.3
20210221201638,0.0,0.0,0.0,0.0,98.5,0.0,0.2,1.4
20210221201708,0.0,0.0,0.0,0.0,90.0,0.0,1.2,8.7
20210221201738,0.0,0.0,0.0,0.0,91.3,0.0,0.1,8.6
20210221201808,0.0,0.0,0.0,0.0,97.6,0.0,0.3,2.1
20210221201838,0.0,0.0,0.0,0.0,98.5,0.0,0.2,1.3
20210221201908,0.0,0.0,0.0,0.0,98.9,0.0,0.0,1.1
20210221201938,0.0,0.0,0.0,0.0,97.2,0.0,0.2,2.7
20210221202008,0.0,0.0,0.0,0.0,98.8,0.0,0.1,1.1
20210221202038,0.0,0.0,0.0,0.0,97.5,0.0,0.0,2.4
20210221202108,0.0,0.0,0.0,0.0,97.0,0.0,0.3,2.8
20210221202138,0.0,0.0,0.0,0.0,75.2,0.0,0.7,24.1
20210221202208,0.0,0.0,0.0,0.0,58.6,0.0,1.1,40.4
20210221202238,0.0,0.0,0.0,0.0,69.9,0.0,0.7,29.4
20210221202308,0.0,0.0,0.0,0.0,72.2,0.0,1.8,26.0
20210221202338,0.0,0.0,0.0,0.0,38.3,0.0,1.1,60.6
20210221202408,0.0,0.0,0.0,0.0,55.7,0.0,2.8,41.5
20210221202438,0.0,0.0,0.0,0.0,93.6,0.0,0.8,5.7
20210221202508,0.0,0.0,0.0,0.0,96.6,0.0,0.9,2.5
20210221202538,0.0,0.0,0.0,0.0,96.4,0.0,0.7,2.9
20210221202608,0.0,0.0,0.0,0.0,90.5,0.0,0.2,9.3
20210221202638,0.0,0.0,0.0,0.0,97.5,0.0,0.0,2.5
20210221202708,0.0,0.0,0.0,0.0,97.9,0.0,0.0,2.0
20210221202738,0.0,0.0,0.0,0.0,95.7,0.0,0.0,4.2
20210221202808,0.0,0.0,0.0,0.0,91.5,0.0,0.2,8.3
20210221202838,0.0,0.0,0.0,0.0,86.8,0.0,0.3,12.9
20210221202908,0.0,0.0,0.0,0.0,88.6,0.0,0.2,11.2
20210221202938,0.0,0.0,0.0,0.0,94.9,0.0,0.4,4.7
20210221203008,0.0,0.0,0.0,0.0,96.2,0.0,0.1,3.7
20210221203038,0.0,0.0,0.0,0.0,96.9,0.0,0.3,2.8
20210221203108,0.0,0.0,0.0,0.0,95.9,0.0,0.2,3.9
20210221203138,0.0,0.0,0.0,0.0,90.2,0.0,0.9,8.8
20210221203208,0.0,0.0,0.0,0.0,63.9,0.0,0.4,35.7
20210221203238,0.0,0.0,0.0,0.0,60.1,0.0,0.3,39.6
20210221203308,0.0,0.0,0.0,0.0,70.0,0.0,3.0,27.0
20210221203339,0.0,0.0,0.0,0.0,80.8,0.0,2.0,17.2
20210221203409,0.0,0.0,0.0,0.0,94.9,0.0,0.2,4.9
20210221203439,0.0,0.0,0.0,0.0,92.6,0.0,0.5,6.9
20210221203509,0.0,0.0,0.0,0.0,84.8,0.0,0.6,14.6
20210221203539,0.0,0.0,0.0,0.0,83.7,0.0,1.9,14.4
20210221203609,0.0,0.0,0.0,0.0,68.2,0.0,1.1,30.6
20210221203639,0.0,0.0,0.0,0.0,94.0,0.0,1.3,4.7
20210221203709,0.0,0.0,0.0,0.0,77.6,0.0,4.5,17.8
20210221203739,0.0,0.0,0.0,0.0,43.1,0.0,3.5,53.3
20210221203809,0.0,0.0,0.0,0.0,57.2,0.0,5.0,37.7
20210221203839,0.0,0.0,0.0,0.1,80.8,0.0,4.8,14.2
20210221203909,0.0,0.0,0.0,0.1,71.1,0.0,4.2,24.6
20210221203939,0.0,0.0,0.0,0.0,38.2,0.0,38.3,23.4
20210221204009,0.0,0.0,0.0,0.0,47.5,0.0,27.2,25.3
20210221204039,0.0,0.0,0.0,0.0,57.5,0.0,30.4,12.0
20210221204109,0.0,0.0,0.0,0.0,63.5,0.0,7.7,28.8
20210221204139,0.0,0.0,0.0,0.0,47.6,0.0,35.0,17.4
20210221204209,0.0,0.0,0.0,0.0,51.1,0.0,4.8,44.1
20210221204239,0.0,0.0,0.0,0.0,17.2,0.0,58.1,24.6
20210221204309,0.0,0.0,0.0,0.1,38.1,0.0,51.1,10.7
20210221204339,0.0,0.0,0.0,0.0,30.7,0.0,52.9,16.3
20210221204409,0.0,0.0,0.0,0.0,29.2,0.0,57.4,13.3
20210221204439,0.0,0.0,0.0,0.0,69.7,0.0,20.8,9.5
20210221204509,0.0,0.0,0.0,0.0,39.8,0.0,51.2,9.0
20210221204539,0.0,0.0,0.0,0.0,51.9,0.0,29.8,18.3
20210221204609,0.0,0.0,0.0,0.0,37.9,0.0,52.9,9.1
20210221204639,0.0,0.0,0.0,0.0,7.6,0.0,78.8,13.6
20210221204709,0.0,0.0,0.0,0.0,6.2,0.0,77.9,15.8
20210221204739,0.0,0.0,0.0,0.0,1.5,0.0,70.7,27.8
20210221204809,0.0,0.0,0.0,0.0,42.2,0.0,22.2,35.6
20210221204839,0.0,0.0,0.0,0.0,17.7,0.0,44.7,37.6
20210221204909,0.0,0.0,0.0,0.0,20.2,0.0,58.8,20.9
20210221204939,0.0,0.0,0.0,0.0,8.0,0.0,52.2,39.8
20210221205009,0.0,0.0,0.0,0.0,5.4,0.0,88.3,6.3
20210221205039,0.0,0.0,0.0,0.0,6.0,0.0,81.2,12.8
20210221205109,0.0,0.0,0.0,0.0,23.8,0.0,63.4,12.8
20210221205139,0.0,0.0,0.0,0.0,78.3,0.0,16.5,5.2
20210221205209,0.0,0.0,0.0,0.0,27.5,0.0,15.4,57.1
20210221205239,0.0,0.0,0.0,0.0,40.1,0.0,34.8,25.2
20210221205309,0.0,0.0,0.0,0.0,23.2,0.0,44.0,32.8
20210221205339,0.0,0.0,0.0,0.0,15.6,0.0,60.7,23.7
20210221205409,0.0,0.0,0.0,0.0,31.7,0.0,35.8,32.4
20210221205439,0.0,0.0,0.0,0.0,6.5,0.0,87.5,6.0
20210221205509,0.0,0.0,0.0,0.0,33.7,0.0,46.8,19.5
20210221205539,0.0,0.0,0.0,0.0,54.7,0.0,44.7,0.6
20210221205609,0.0,0.0,0.0,0.0,36.9,0.0,52.4,10.7
20210221205639,0.0,0.0,0.0,0.0,25.4,0.0,65.2,9.4
20210221205709,0.0,0.0,0.0,0.0,24.6,0.0,37.6,37.8
20210221205739,0.0,0.0,0.0,0.0,19.9,0.0,63.5,16.5
20210221205809,0.0,0.0,0.0,0.0,34.2,0.0,39.5,26.3
20210221205839,0.0,0.0,0.0,0.0,32.0,0.0,36.0,32.0
20210221205909,0.0,0.0,0.0,0.0,91.2,0.0,4.6,4.2
20210221205939,0.0,0.0,0.0,0.0,64.3,0.0,21.4,14.3
20210221210009,0.0,0.0,0.0,0.0,57.6,0.0,31.1,11.3
20210221210039,0.0,0.0,0.0,0.0,64.9,0.0,21.3,13.7
20210221210109,0.0,0.0,0.0,0.0,49.4,0.0,44.3,6.2
20210221210139,0.0,0.0,0.0,0.0,14.3,0.0,80.3,5.4
20210221210209,0.0,0.0,0.0,0.0,41.4,0.0,44.2,14.4
20210221210239,0.0,0.0,0.0,0.0,3.3,0.0,95.1,1.6
20210221210309,0.0,0.0,0.0,0.0,5.7,0.0,91.2,3.1
20210221210339,0.0,0.0,0.0,0.0,2.9,0.0,88.3,8.8
20210221210409,0.0,0.0,0.0,0.0,1.4,0.0,92.6,6.0
20210221210439,0.0,0.0,0.0,0.0,6.7,0.0,63.6,29.6
20210221210509,0.0,0.0,0.0,0.0,6.7,0.0,67.1,26.2
20210221210539,0.0,0.0,0.0,0.0,7.8,0.0,68.6,23.6
20210221210609,0.0,0.0,0.0,0.0,6.4,0.0,83.9,9.6
20210221210639,0.0,0.0,0.0,0.0,9.5,0.0,84.1,6.3
20210221210709,0.0,0.0,0.0,0.0,3.0,0.0,92.7,4.3
20210221210740,0.0,0.0,0.0,0.0,1.8,0.0,91.5,6.7
20210221210810,0.0,0.0,0.0,0.0,0.8,0.0,94.5,4.6
20210221210840,0.0,0.0,0.0,0.0,6.6,0.0,90.2,3.2
20210221210910,0.0,0.0,0.0,0.0,8.5,0.0,77.4,14.1
20210221210940,0.0,0.0,0.0,0.0,6.3,0.0,84.2,9.5
20210221211010,0.0,0.0,0.0,0.0,4.8,0.0,86.3,8.8
20210221211040,0.0,0.0,0.0,0.0,44.5,0.0,41.4,14.1
20210221211110,0.0,0.0,0.0,0.0,2.5,0.0,97.3,0.3
20210221211140,0.0,0.0,0.0,0.0,50.0,0.0,49.5,0.5
20210221211210,0.0,0.0,0.0,0.0,4.1,0.0,95.8,0.1
20210221211240,0.0,0.0,0.0,0.0,9.8,0.0,89.4,0.8
20210221211310,0.0,0.0,0.0,0.0,13.6,0.0,85.8,0.6
20210221211340,0.0,0.0,0.0,0.0,16.8,0.0,81.9,1.3
20210221211410,0.0,0.0,0.0,0.0,35.7,0.0,62.0,2.2
20210221211440,0.0,0.0,0.0,0.0,30.9,0.0,63.7,5.3
20210221211510,0.0,0.0,0.0,0.1,20.5,0.0,67.4,11.9
20210221211540,0.0,0.0,0.0,0.1,9.4,0.0,87.5,2.9
20210221211610,0.0,0.0,0.0,0.0,14.0,0.0,77.9,8.1
20210221211640,0.0,0.0,0.0,0.0,1.0,0.0,95.6,3.4
20210221211710,0.0,0.0,0.0,0.0,8.7,0.0,82.3,9.0
20210221211740,0.0,0.0,0.0,0.0,35.0,0.0,39.3,25.7
20210221211810,0.0,0.0,0.0,0.0,4.2,0.0,94.1,1.6
20210221211840,0.0,0.0,0.0,0.0,2.0,0.0,97.3,0.7
20210221211910,0.0,0.0,0.0,0.0,2.5,0.0,94.2,3.3
20210221211940,0.0,0.0,0.0,0.0,2.2,0.0,95.3,2.5
20210221212010,0.0,0.0,0.0,0.0,0.8,0.0,98.5,0.7
20210221212040,0.0,0.0,0.0,0.1,21.0,0.1,69.8,9.0
20210221212110,0.0,0.0,0.0,0.0,22.2,0.1,72.6,5.2
20210221212140,0.0,0.0,0.0,0.0,1.3,0.0,97.5,1.2
20210221212210,0.0,0.0,0.0,0.0,0.4,0.0,99.5,0.1
20210221212240,0.0,0.0,0.0,0.0,0.5,0.0,98.4,1.1
20210221212310,0.0,0.0,0.0,0.0,0.5,0.0,99.2,0.3
20210221212340,0.0,0.0,0.0,0.0,1.1,0.0,98.4,0.4
20210221212410,0.0,0.0,0.0,0.1,1.3,0.0,98.3,0.3
20210221212440,0.0,0.0,0.0,0.1,4.2,0.0,94.5,1.1
20210221212510,0.0,0.0,0.0,0.5,23.8,0.0,70.7,5.0
20210221212540,0.0,0.0,0.0,0.4,4.7,0.0,94.1,0.8
20210221212610,0.0,0.0,0.0,0.1,1.5,0.0,98.3,0.1
20210221212640,0.0,0.0,0.0,0.1,1.0,0.0,98.8,0.1
20210221212710,0.0,0.0,0.0,0.0,0.1,0.0,99.9,0.0
20210221212740,0.0,0.0,0.0,0.0,0.2,0.0,99.8,0.0
20210221212810,0.0,0.0,0.0,0.0,0.1,0.0,99.9,0.0
20210221212840,0.0,0.0,0.0,0.0,0.1,0.0,99.9,0.0
20210221212910,0.0,0.0,0.0,0.0,0.2,0.0,99.8,0.0
20210221212940,0.0,0.0,0.0,0.0,0.0,0.0,99.9,0.0
20210221213010,0.0,0.0,0.0,0.0,0.1,0.0,99.8,0.0
20210221213040,0.0,0.0,0.0,0.0,0.1,0.0,99.8,0.0
20210221213110,0.0,0.0,0.0,0.0,0.1,0.0,99.9,0.0
20210221213140,0.0,0.0,0.0,0.0,0.1,0.0,99.8,0.0
20210221213210,0.0,0.0,0.0,0.0,0.1,0.0,99.9,0.0
20210221213240,0.0,0.0,0.0,0.0,0.0,0.0,100.0,0.0
20210221213310,0.0,0.0,0.0,0.0,0.0,0.0,100.0,0.0
20210221213340,0.0,0.0,0.0,0.0,0.1,0.0,99.9,0.0
20210221213410,0.0,0.0,0.0,0.0,0.0,0.0,100.0,0.0
20210221213440,0.0,0.0,0.0,0.0,0.0,0.0,99.9,0.0
20210221213511,0.0,0.0,0.0,0.0,0.1,0.0,99.9,0.0
20210221213541,0.0,0.0,0.0,0.0,0.4,0.0,99.6,0.0
20210221213611,0.0,0.0,0.0,0.0,0.9,0.0,99.1,0.0
20210221213641,0.0,0.0,0.0,0.0,0.3,0.0,99.6,0.0
20210221213711,0.0,0.0,0.0,0.0,1.5,0.0,98.3,0.2
20210221213741,0.0,0.0,0.0,0.0,0.2,0.0,99.8,0.0
20210221213811,0.0,0.0,0.0,0.0,1.5,0.0,98.0,0.5
20210221213841,0.0,0.0,0.0,0.0,0.1,0.0,99.9,0.0
20210221213911,0.0,0.0,0.0,0.0,0.2,0.0,99.8,0.0
20210221213941,0.0,0.0,0.0,0.0,0.8,0.0,99.0,0.2
20210221214011,0.0,0.0,0.0,0.0,0.4,0.0,99.6,0.0
20210221214041,0.0,0.0,0.0,0.0,0.3,0.0,99.6,0.1
20210221214111,0.0,0.0,0.0,0.0,0.2,0.0,99.7,0.1
20210221214141,0.0,0.0,0.0,0.0,2.1,0.0,97.6,0.3
20210221214211,0.0,0.0,0.0,0.0,2.6,0.0,96.6,0.7
20210221214241,0.0,0.0,0.0,0.0,1.0,0.0,99.0,0.1
20210221214311,0.0,0.0,0.0,0.0,1.0,0.0,98.9,0.1
20210221214341,0.0,0.0,0.0,0.0,0.3,0.0,99.7,0.0
20210221214411,0.0,0.0,0.0,0.0,0.3,0.0,99.7,0.0
20210221214441,0.0,0.0,0.0,0.0,0.0,0.0,100.0,0.0
20210221214511,0.0,0.0,0.0,0.0,0.1,0.0,99.9,0.0
20210221214541,0.0,0.0,0.0,0.0,0.1,0.0,99.9,0.0
20210221214611,0.0,0.0,0.0,0.0,0.0,0.0,100.0,0.0
20210221214641,0.0,0.0,0.0,0.0,0.0,0.0,100.0,0.0
20210221214711,0.0,0.0,0.0,0.0,0.0,0.0,100.0,0.0
20210221214741,0.0,0.0,0.0,0.0,0.0,0.0,99.9,0.1
20210221214811,0.0,0.0,0.0,0.0,0.0,0.0,100.0,0.0
20210221214841,0.0,0.0,0.0,0.0,0.0,0.0,100.0,0.0
20210221214911,0.0,0.0,0.0,0.0,0.1,0.0,99.9,0.0
20210221214941,0.0,0.0,0.0,0.0,0.1,0.0,99.9,0.0
20210221215011,0.0,0.0,0.0,0.0,0.0,0.0,100.0,0.0
20210221215041,0.0,0.0,0.0,0.0,0.0,0.0,100.0,0.0
20210221215111,0.0,0.0,0.0,0.0,0.0,0.0,100.0,0.0
20210221215141,0.0,0.0,0.0,0.0,0.0,0.0,100.0,0.0
20210221215211,0.0,0.0,0.0,0.0,0.0,0.0,100.0,0.0
20210221215241,0.0,0.0,0.0,0.0,0.0,0.0,100.0,0.0
20210221215311,0.0,0.0,0.0,0.0,0.0,0.0,100.0,0.0
20210221215341,0.0,0.0,0.0,0.0,0.0,0.0,100.0,0.0
20210221215411,0.0,0.0,0.0,0.0,0.0,0.0,100.0,0.0
20210221215441,0.0,0.0,0.0,0.0,0.0,0.0,100.0,0.0
20210221215511,0.0,0.0,0.0,0.0,0.0,0.0,100.0,0.0
20210221215541,0.0,0.0,0.0,0.0,0.0,0.0,100.0,0.0
20210221215611,0.0,0.0,0.0,0.0,0.0,0.0,100.0,0.0
20210221215641,0.0,0.0,0.0,0.0,0.0,0.0,100.0,0.0
20210221215711,0.0,0.0,0.0,0.0,0.0,0.0,100.0,0.0
20210221215741,0.0,0.0,0.0,0.0,0.0,0.0,100.0,0.0
20210221215811,0.0,0.0,0.0,0.0,0.0,0.0,100.0,0.0
20210221215841,0.0,0.0,0.0,0.0,0.0,0.0,100.0,0.0
20210221215911,0.0,0.0,0.0,0.0,0.0,0.0,100.0,0.0
20210221215941,0.0,0.0,0.0,0.0,0.0,0.0,100.0,0.0
20210221220011,0.0,0.0,0.0,0.0,0.0,0.0,100.0,0.0
20210221220041,0.0,0.0,0.0,0.0,0.0,0.0,100.0,0.0
20210221220111,0.0,0.0,0.0,0.0,0.0,0.0,100.0,0.0
20210221220141,0.0,0.0,0.0,0.0,0.0,0.0,100.0,0.0
20210221220211,0.0,0.0,0.0,0.0,0.0,0.0,100.0,0.0
20210221220241,0.0,0.0,0.0,0.0,0.0,0.0,100.0,0.0
20210221220311,0.0,0.0,0.0,0.0,0.0,0.0,100.0,0.0
20210221220341,0.0,0.0,0.0,0.0,0.0,0.0,100.0,0.0
20210221220411,0.0,0.0,0.0,0.0,0.0,0.0,100.0,0.0
20210221220441,0.0,0.0,0.0,0.0,0.0,0.0,100.0,0.0
20210221220511,0.0,0.0,0.0,0.0,0.0,0.0,100.0,0.0
20210221220541,0.0,0.0,0.0,0.0,0.0,0.0,100.0,0.0
20210221220611,0.0,0.0,0.0,0.0,0.0,0.0,100.0,0.0
20210221220641,0.0,0.0,0.0,0.0,0.0,0.0,100.0,0.0
20210221220711,0.0,0.0,0.0,0.0,0.0,0.0,100.0,0.0
20210221220741,0.0,0.0,0.0,0.0,0.0,0.0,100.0,0.0
20210221220811,0.0,0.0,0.0,0.0,0.0,0.0,100.0,0.0
20210221220841,0.0,0.0,0.0,0.0,0.0,0.0,100.0,0.0
20210221220912,0.0,0.0,0.0,0.0,0.0,0.0,100.0,0.0
20210221220942,0.0,0.0,0.0,0.0,0.0,0.0,100.0,0.0
20210221221012,0.0,0.0,0.0,0.0,0.0,0.0,100.0,0.0
20210221221042,0.0,0.0,0.0,0.0,0.0,0.0,100.0,0.0
20210221221112,0.0,0.0,0.0,0.0,0.0,0.0,100.0,0.0
20210221221142,0.0,0.0,0.0,0.0,0.0,0.0,100.0,0.0
20210221221212,0.0,0.0,0.0,0.0,0.0,0.0,100.0,0.0
20210221221242,0.0,0.0,0.0,0.0,0.0,0.0,100.0,0.0
20210221221312,0.0,0.0,0.0,0.0,0.0,0.0,100.0,0.0
20210221221342,0.0,0.0,0.0,0.0,0.0,0.0,100.0,0.0
20210221221412,0.0,0.0,0.0,0.0,0.0,0.0,100.0,0.0
20210221221442,0.0,0.0,0.0,0.0,0.0,0.0,100.0,0.0
20210221221512,0.0,0.0,0.0,0.0,0.0,0.0,100.0,0.0
20210221221542,0.0,0.0,0.0,0.0,0.0,0.0,100.0,0.0
20210221221612,0.0,0.0,0.0,0.0,0.0,0.0,100.0,0.0
20210221221642,0.0,0.0,0.0,0.0,0.0,0.0,100.0,0.0
20210221221712,0.0,0.0,0.0,0.0,0.0,0.0,100.0,0.0
20210221221742,0.0,0.0,0.0,0.0,0.0,0.0,100.0,0.0
20210221221812,0.0,0.0,0.0,0.0,0.0,0.0,100.0,0.0
20210221221842,0.0,0.0,0.0,0.0,0.0,0.0,100.0,0.0
20210221221912,0.0,0.0,0.0,0.0,0.0,0.0,100.0,0.0
20210221221942,0.0,0.0,0.0,0.0,0.0,0.0,100.0,0.0
20210221222012,0.0,0.0,0.0,0.0,0.0,0.0,100.0,0.0
20210221222042,0.0,0.0,0.0,0.0,0.0,0.0,100.0,0.0
20210221222112,0.0,0.0,0.0,0.0,0.0,0.0,100.0,0.0
20210221222142,0.0,0.0,0.0,0.0,0.0,0.0,100.0,0.0
20210221222212,0.0,0.0,0.0,0.0,0.0,0.0,100.0,0.0
20210221222242,0.0,0.0,0.0,0.0,0.0,0.0,100.0,0.0
20210221222312,0.0,0.0,0.0,0.0,0.0,0.0,100.0,0.0
20210221222342,0.0,0.0,0.0,0.0,0.0,0.0,100.0,0.0
20210221222412,0.0,0.0,0.0,0.0,0.0,0.0,100.0,0.0
20210221222442,0.0,0.0,0.0,0.0,0.0,0.0,100.0,0.0
20210221222512,0.0,0.0,0.0,0.0,0.1,0.0,99.9,0.0
20210221222542,0.0,0.0,0.0,0.0,0.1,0.0,99.9,0.0
20210221222612,0.0,0.0,0.0,0.0,0.1,0.0,99.9,0.0
20210221222642,0.0,0.0,0.0,0.0,0.1,0.0,99.9,0.0
20210221222712,0.0,0.0,0.0,0.0,0.1,0.0,99.9,0.0
20210221222742,0.0,0.0,0.0,0.0,0.1,0.0,99.9,0.0
20210221222812,0.0,0.0,0.0,0.0,0.0,0.0,100.0,0.0
20210221222842,0.0,0.0,0.0,0.0,0.1,0.0,99.9,0.0
20210221222912,0.0,0.0,0.0,0.0,0.0,0.0,99.9,0.0
20210221222942,0.0,0.0,0.0,0.0,0.0,0.0,100.0,0.0
20210221223012,0.0,0.0,0.0,0.0,0.0,0.0,100.0,0.0
20210221223042,0.0,0.0,0.0,0.0,0.1,0.0,99.9,0.0
20210221223112,0.0,0.0,0.0,0.0,0.0,0.0,100.0,0.0
20210221223142,0.0,0.0,0.0,0.0,0.0,0.0,100.0,0.0
20210221223212,0.0,0.0,0.0,0.0,0.0,0.0,100.0,0.0
20210221223242,0.0,0.0,0.0,0.0,0.0,0.0,100.0,0.0
20210221223312,0.0,0.0,0.0,0.0,0.0,0.0,100.0,0.0
20210221223342,0.0,0.0,0.0,0.0,0.0,0.0,100.0,0.0
20210221223412,0.0,0.0,0.0,0.0,0.0,0.0,100.0,0.0
20210221223442,0.0,0.0,0.0,0.0,0.0,0.0,99.9,0.0
20210221223512,0.0,0.0,0.0,0.0,0.0,0.0,100.0,0.0
20210221223542,0.0,0.0,0.0,0.0,0.0,0.0,100.0,0.0
20210221223612,0.0,0.0,0.0,0.0,0.1,0.0,99.9,0.0
20210221223642,0.0,0.0,0.0,0.0,0.0,0.0,100.0,0.0
20210221223712,0.0,0.0,0.0,0.0,0.0,0.0,100.0,0.0
20210221223742,0.0,0.0,0.0,0.0,0.0,0.0,100.0,0.0
20210221223812,0.0,0.0,0.0,0.0,0.0,0.0,99.9,0.0
20210221223842,0.0,0.0,0.0,0.0,0.0,0.0,100.0,0.0
20210221223912,0.0,0.0,0.0,0.0,0.1,0.0,99.9,0.0
20210221223942,0.0,0.0,0.0,0.0,0.1,0.0,99.9,0.0
20210221224012,0.0,0.0,0.0,0.0,0.0,0.0,100.0,0.0
20210221224042,0.0,0.0,0.0,0.0,0.0,0.0,100.0,0.0
20210221224112,0.0,0.0,0.0,0.0,0.1,0.0,99.9,0.0
20210221224142,0.0,0.0,0.0,0.0,0.1,0.0,99.9,0.0
20210221224212,0.0,0.0,0.0,0.0,0.0,0.0,99.9,0.0
20210221224242,0.0,0.0,0.0,0.0,0.1,0.0,99.9,0.0
20210221224313,0.0,0.0,0.0,0.0,0.0,0.0,100.0,0.0
20210221224343,0.0,0.0,0.0,0.0,0.0,0.0,100.0,0.0
20210221224413,0.0,0.0,0.0,0.0,0.0,0.0,100.0,0.0
20210221224443,0.0,0.0,0.0,0.0,0.0,0.0,100.0,0.0
20210221224513,0.0,0.0,0.0,0.0,0.0,0.0,100.0,0.0
20210221224543,0.0,0.0,0.0,0.0,0.0,0.0,100.0,0.0
20210221224613,0.0,0.0,0.0,0.0,0.1,0.0,99.9,0.0
20210221224643,0.0,0.0,0.0,0.0,0.0,0.0,100.0,0.0
20210221224713,0.0,0.0,0.0,0.0,0.0,0.0,100.0,0.0
20210221224743,0.0,0.0,0.0,0.0,0.0,0.0,100.0,0.0
20210221224813,0.0,0.0,0.0,0.0,0.0,0.0,100.0,0.0
20210221224843,0.0,0.0,0.0,0.0,0.0,0.0,100.0,0.0
20210221224913,0.0,0.0,0.0,0.0,0.0,0.0,100.0,0.0
20210221224943,0.0,0.0,0.0,0.0,0.0,0.0,100.0,0.0
20210221225013,0.0,0.0,0.0,0.0,0.0,0.0,100.0,0.0
20210221225043,0.0,0.0,0.0,0.0,0.0,0.0,100.0,0.0
20210221225113,0.0,0.0,0.0,0.0,0.0,0.0,100.0,0.0
