UT,arc,discrete,diffuse,ac,ab,clear,cloudy,dd
20210222160500,0.0,0.0,0.0,0.0,0.0,0.0,0.0,100.0
20210222160530,0.0,0.0,0.0,0.0,0.0,0.0,0.0,100.0
20210222160600,0.0,0.0,0.0,0.0,0.0,0.0,0.0,100.0
20210222160630,0.0,0.0,0.0,0.0,0.0,0.0,0.0,100.0
20210222160700,0.0,0.0,0.0,0.0,0.0,0.0,0.0,100.0
20210222160730,0.0,0.0,0.0,0.0,0.0,0.0,0.0,100.0
20210222160800,0.0,0.0,0.0,0.0,0.0,0.0,0.0,100.0
20210222160830,0.0,0.0,0.0,0.0,0.0,0.0,0.0,100.0
20210222160900,0.0,0.0,0.0,0.0,0.0,0.0,0.0,100.0
20210222160930,0.0,0.0,0.0,0.0,0.0,0.0,0.0,100.0
20210222161000,0.0,0.0,0.0,0.0,0.0,0.0,0.0,100.0
20210222161030,0.0,0.0,0.0,0.0,0.0,0.0,0.0,100.0
20210222161100,0.0,0.0,0.0,0.0,0.0,0.0,0.0,100.0
20210222161130,0.0,0.0,0.0,0.0,0.0,0.0,0.0,100.0
20210222161200,0.0,0.0,0.0,0.0,0.0,0.0,0.0,100.0
20210222161230,0.0,0.0,0.0,0.0,0.0,0.0,0.0,100.0
20210222161300,0.0,0.0,0.0,0.0,0.0,0.0,0.0,100.0
20210222161330,0.0,0.0,0.0,0.0,0.0,0.0,0.0,100.0
20210222161400,0.0,0.0,0.0,0.0,0.0,0.0,0.0,100.0
20210222161430,0.0,0.0,0.0,0.0,0.0,0.0,0.0,100.0
20210222161500,0.0,0.0,0.0,0.0,0.0,0.0,0.0,100.0
20210222161530,0.0,0.0,0.0,0.0,0.0,0.0,0.0,100.0
20210222161600,0.0,0.0,0.0,0.0,0.0,0.0,0.0,100.0
20210222161630,0.0,0.0,0.0,0.0,0.0,0.0,0.0,100.0
20210222161700,0.0,0.0,0.0,0.0,0.0,0.0,0.0,100.0
20210222161730,0.0,0.0,0.0,0.0,0.0,0.0,0.0,100.0
20210222161800,0.0,0.0,0.0,0.0,0.0,0.0,0.0,100.0
20210222161830,0.0,0.0,0.0,0.0,0.0,0.0,0.0,100.0
20210222161900,0.0,0.0,0.0,0.0,0.0,0.0,0.0,100.0
20210222161930,0.0,0.0,0.0,0.0,0.0,0.0,0.0,100.0
20210222162000,0.0,0.0,0.0,0.0,0.0,0.0,0.0,100.0
20210222162030,0.0,0.0,0.0,0.0,0.0,0.0,0.0,100.0
20210222162100,0.0,0.0,0.0,0.0,0.0,0.0,0.0,100.0
20210222162130,0.0,0.0,0.0,0.0,0.0,0.0,0.0,100.0
20210222162200,0.0,0.0,0.0,0.0,0.0,0.0,0.0,100.0
20210222162230,0.0,0.0,0.0,0.0,0.0,0.0,0.0,100.0
20210222162300,0.0,0.0,0.0,0.0,0.0,0.0,0.0,100.0
20210222162330,0.0,0.0,0.0,0.0,0.0,0.0,0.0,100.0
20210222162400,0.0,0.0,0.0,0.0,0.0,0.0,0.0,100.0
20210222162430,0.0,0.0,0.0,0.0,0.0,0.0,0.0,100.0
20210222162500,0.0,0.0,0.0,0.0,0.0,0.0,0.0,100.0
20210222162530,0.0,0.0,0.0,0.0,0.0,0.0,0.0,100.0
20210222162600,0.0,0.0,0.0,0.0,0.0,0.0,0.0,100.0
20210222162630,0.0,0.0,0.0,0.0,0.0,0.0,0.0,100.0
20210222162700,0.0,0.0,0.0,0.0,0.0,0.0,0.0,100.0
20210222162730,0.0,0.0,0.0,0.0,0.0,0.0,0.0,100.0
20210222162800,0.0,0.0,0.0,0.0,0.0,0.0,0.0,100.0
20210222162830,0.0,0.0,0.0,0.0,0.0,0.0,0.0,100.0
20210222162901,0.0,0.0,0.0,0.0,0.0,0.0,0.0,100.0
20210222162931,0.0,0.0,0.0,0.0,0.0,0.0,0.0,100.0
20210222163001,0.0,0.0,0.0,0.0,0.0,0.0,0.0,100.0
20210222163031,0.0,0.0,0.0,0.0,0.0,0.0,0.0,100.0
20210222163101,0.0,0.0,0.0,0.0,0.0,0.0,0.0,100.0
20210222163131,0.0,0.0,0.0,0.0,0.0,0.0,0.0,100.0
20210222163201,0.0,0.0,0.0,0.0,0.0,0.0,0.0,100.0
20210222163231,0.0,0.0,0.0,0.0,0.0,0.0,0.0,100.0
20210222163301,0.0,0.0,0.0,0.0,0.0,0.0,0.0,100.0
20210222163331,0.0,0.0,0.0,0.0,0.0,0.0,0.0,100.0
20210222163401,0.0,0.0,0.0,0.0,0.0,0.0,0.0,100.0
20210222163431,0.0,0.0,0.0,0.0,0.1,0.0,0.0,99.9
20210222163501,0.0,0.0,0.0,0.0,0.0,0.0,0.0,100.0
20210222163531,0.0,0.0,0.0,0.0,0.0,0.0,0.0,100.0
20210222163601,0.0,0.0,0.0,0.0,0.0,0.0,0.0,100.0
20210222163631,0.0,0.0,0.0,0.0,0.0,0.0,0.0,100.0
20210222163701,0.0,0.0,0.0,0.0,0.3,0.0,0.0,99.7
20210222163731,0.0,0.0,0.0,0.0,0.1,0.0,0.0,99.9
20210222163801,0.0,0.0,0.0,0.0,0.4,0.0,0.0,99.6
20210222163831,0.0,0.0,0.0,0.0,1.0,0.0,0.0,99.0
20210222163901,0.0,0.0,0.0,0.0,0.0,0.0,0.0,100.0
20210222163931,0.0,0.0,0.0,0.0,0.0,0.0,0.0,100.0
20210222164001,0.0,0.0,0.0,0.0,0.1,0.0,0.0,99.9
20210222164031,0.0,0.0,0.0,0.0,0.2,0.0,0.0,99.8
20210222164101,0.0,0.0,0.0,0.0,0.5,0.0,0.0,99.5
20210222164131,0.0,0.0,0.0,0.0,0.7,0.0,0.0,99.3
20210222164201,0.0,0.0,0.0,0.0,0.3,0.0,0.0,99.7
20210222164231,0.0,0.0,0.0,0.0,9.4,0.0,0.0,90.6
20210222164301,0.0,0.0,0.0,0.0,12.3,0.0,0.0,87.7
20210222164331,0.0,0.0,0.0,0.0,4.5,0.0,0.0,95.5
20210222164401,0.0,0.0,0.0,0.0,1.0,0.0,0.0,99.0
20210222164431,0.0,0.0,0.0,0.0,3.8,0.0,0.0,96.2
20210222164501,0.0,0.0,0.0,0.0,11.6,0.0,0.0,88.4
20210222164531,0.0,0.0,0.0,0.0,56.1,0.0,0.0,43.9
20210222164601,0.0,0.0,0.0,0.0,44.5,0.0,0.0,55.5
20210222164631,0.0,0.0,0.0,0.0,15.7,0.0,0.0,84.3
20210222164701,0.0,0.0,0.0,0.0,88.5,0.0,0.0,11.5
20210222164731,0.0,0.0,0.0,0.0,89.4,0.0,0.0,10.6
20210222164801,0.0,0.0,0.0,0.0,27.0,0.0,0.0,73.0
20210222164831,0.0,0.0,0.0,0.0,77.6,0.0,0.0,22.4
20210222164901,0.0,0.0,0.0,0.0,11.1,0.0,0.0,88.9
20210222164931,0.0,0.0,0.0,0.0,29.3,0.0,0.0,70.7
20210222165001,0.0,0.0,0.0,0.0,90.4,0.0,0.0,9.6
20210222165031,0.0,0.0,0.0,0.0,14.0,0.0,0.0,86.0
20210222165101,0.0,0.0,0.0,0.0,32.4,0.0,0.0,67.6
20210222165131,0.0,0.0,0.0,0.0,6.2,0.0,0.0,93.8
20210222165201,0.0,0.0,0.0,0.0,4.1,0.0,0.0,95.9
20210222165231,0.0,0.0,0.0,0.0,0.1,0.0,0.0,99.9
20210222165301,0.0,0.0,0.0,0.0,81.3,0.0,0.0,18.6
20210222165331,0.0,0.0,0.0,0.0,12.1,0.0,0.0,87.9
20210222165401,0.0,0.0,0.0,0.0,76.3,0.0,0.0,23.7
20210222165431,0.0,0.0,0.0,0.0,59.8,0.0,0.0,40.2
20210222165501,0.0,0.0,0.0,0.0,11.7,0.0,0.0,88.3
20210222165531,0.0,0.0,0.0,0.0,0.0,0.0,0.0,100.0
20210222165601,0.0,0.0,0.0,0.0,2.3,0.0,0.0,97.7
20210222165631,0.0,0.0,0.0,0.0,1.8,0.0,0.0,98.2
20210222165701,0.0,0.0,0.0,0.0,10.6,0.0,0.0,89.4
20210222165731,0.0,0.0,0.0,0.0,0.8,0.0,0.0,99.2
20210222165801,0.0,0.0,0.0,0.0,0.1,0.0,0.0,99.9
20210222165831,0.0,0.0,0.0,0.0,0.0,0.0,0.0,100.0
20210222165901,0.0,0.0,0.0,0.0,0.0,0.0,0.0,100.0
20210222165931,0.0,0.0,0.0,0.0,0.1,0.0,0.0,99.9
20210222170001,0.0,0.0,0.0,0.0,0.0,0.0,0.0,100.0
20210222170031,0.0,0.0,0.0,0.0,0.1,0.0,0.0,99.9
20210222170101,0.0,0.0,0.0,0.0,0.0,0.0,0.0,100.0
20210222170131,0.0,0.0,0.0,0.0,0.0,0.0,0.0,100.0
20210222170201,0.0,0.0,0.0,0.0,0.0,0.0,0.0,100.0
20210222170231,0.0,0.0,0.0,0.0,0.0,0.0,0.0,100.0
20210222170302,0.0,0.0,0.0,0.0,0.0,0.0,0.0,100.0
20210222170332,0.0,0.0,0.0,0.0,0.0,0.0,0.0,100.0
20210222170402,0.0,0.0,0.0,0.0,0.0,0.0,0.0,100.0
20210222170432,0.0,0.0,0.0,0.0,0.2,0.0,0.1,99.7
20210222170632,0.0,0.0,0.0,0.0,0.1,0.0,0.1,99.9
20210222170702,0.0,0.0,0.0,0.0,0.4,0.0,1.2,98.5
20210222170732,0.0,0.0,0.0,0.0,0.5,0.0,2.1,97.5
20210222170802,0.0,0.0,0.0,0.0,0.3,0.0,1.4,98.3
20210222170832,0.0,0.0,0.0,0.0,0.0,0.0,1.8,98.2
20210222170902,0.0,0.0,0.0,0.0,0.0,0.0,0.6,99.3
20210222170932,0.0,0.0,0.0,0.0,0.0,0.0,12.1,87.9
20210222171002,0.0,0.0,0.0,0.0,0.1,0.0,8.4,91.5
20210222171032,0.0,0.0,0.0,0.0,0.1,0.0,25.5,74.5
20210222171102,0.0,0.0,0.0,0.0,0.5,0.0,48.5,51.0
20210222171132,0.0,0.0,0.0,0.0,0.8,0.0,86.1,13.1
20210222171202,0.0,0.0,0.0,0.0,3.0,0.0,89.7,7.4
20210222171232,0.0,0.0,0.0,0.0,0.9,0.0,78.5,20.7
20210222171302,0.0,0.0,0.0,0.0,4.0,0.0,92.2,3.9
20210222171332,0.0,0.0,0.0,0.0,1.0,0.0,93.7,5.2
20210222171402,0.0,0.0,0.0,0.0,0.0,0.0,99.8,0.2
20210222171432,0.0,0.0,0.0,0.0,0.1,0.0,97.0,2.9
20210222171502,0.0,0.0,0.0,0.0,0.3,0.0,90.5,9.2
20210222171532,0.0,0.0,0.0,0.0,1.1,0.0,94.6,4.3
20210222171602,0.0,0.0,0.0,0.0,0.7,0.0,97.5,1.8
20210222171632,0.0,0.0,0.0,0.0,1.6,0.0,96.5,2.0
20210222171702,0.0,0.0,0.0,0.0,1.7,0.0,74.4,23.9
20210222171732,0.0,0.0,0.0,0.0,1.4,0.0,11.7,86.8
20210222171802,0.0,0.0,0.0,0.0,1.4,0.0,1.2,97.3
20210222171832,0.0,0.0,0.0,0.0,2.3,0.0,0.6,97.1
20210222171902,0.0,0.0,0.0,0.0,0.6,0.0,0.1,99.4
20210222171932,0.0,0.0,0.0,0.0,1.2,0.0,21.9,76.9
20210222172002,0.0,0.0,0.0,0.0,0.3,0.0,75.4,24.3
20210222172032,0.0,0.0,0.0,0.0,3.6,0.0,60.3,36.1
20210222172102,0.0,0.0,0.0,0.0,0.9,0.0,65.4,33.7
20210222172132,0.0,0.0,0.0,0.0,0.0,0.0,99.4,0.6
20210222172202,0.0,0.0,0.0,0.0,0.1,0.0,99.9,0.0
20210222172232,0.0,0.0,0.0,0.0,0.8,0.0,98.8,0.4
20210222172302,0.0,0.0,0.0,0.0,0.7,0.0,99.0,0.3
20210222172332,0.0,0.0,0.0,0.0,1.4,0.0,98.3,0.3
20210222172402,0.0,0.0,0.0,0.0,1.7,0.0,98.2,0.1
20210222172432,0.0,0.0,0.0,0.0,0.2,0.0,99.8,0.1
20210222172502,0.0,0.0,0.0,0.0,0.6,0.0,99.4,0.0
20210222172532,0.0,0.0,0.0,0.0,0.0,0.0,100.0,0.0
20210222172602,0.0,0.0,0.0,0.0,0.0,0.0,99.9,0.0
20210222172632,0.0,0.0,0.0,0.0,0.0,0.0,100.0,0.0
20210222172702,0.0,0.0,0.0,0.0,0.3,0.0,99.7,0.0
20210222172732,0.0,0.0,0.0,0.0,0.0,0.0,99.9,0.0
20210222172802,0.0,0.0,0.0,0.0,0.1,0.0,99.8,0.1
20210222172832,0.0,0.0,0.0,0.0,0.0,0.0,100.0,0.0
20210222172902,0.0,0.0,0.0,0.0,0.2,0.0,99.7,0.1
20210222172932,0.0,0.0,0.0,0.0,1.0,0.0,95.5,3.5
20210222173002,0.0,0.0,0.0,0.0,1.4,0.0,89.0,9.6
20210222173033,0.0,0.0,0.0,0.0,0.5,0.0,88.7,10.8
20210222173103,0.0,0.0,0.0,0.0,3.0,0.0,86.2,10.8
20210222173133,0.0,0.0,0.0,0.0,1.2,0.0,93.0,5.8
20210222173203,0.0,0.0,0.0,0.0,0.5,0.0,98.0,1.5
20210222173233,0.0,0.0,0.0,0.0,0.2,0.0,98.5,1.2
20210222173303,0.0,0.0,0.0,0.0,0.3,0.0,97.9,1.8
20210222173333,0.0,0.0,0.0,0.0,3.9,0.0,94.4,1.7
20210222173403,0.0,0.0,0.0,0.0,2.2,0.0,96.6,1.3
20210222173433,0.0,0.0,0.0,0.0,12.1,0.0,87.0,0.9
20210222173503,0.0,0.0,0.0,0.0,2.3,0.0,96.8,0.8
20210222173533,0.0,0.0,0.0,0.0,2.4,0.0,97.4,0.2
20210222173603,0.0,0.0,0.0,0.0,0.7,0.0,99.2,0.2
20210222173633,0.0,0.0,0.0,0.0,4.0,0.0,95.7,0.3
20210222173703,0.0,0.0,0.0,0.0,2.3,0.0,97.2,0.6
20210222173733,0.0,0.0,0.0,0.0,0.8,0.0,96.6,2.6
20210222173803,0.0,0.0,0.0,0.0,1.1,0.0,97.5,1.4
20210222173833,0.0,0.0,0.0,0.0,5.6,0.0,93.2,1.2
20210222173903,0.0,0.0,0.0,0.0,18.7,0.0,80.1,1.3
20210222173933,0.0,0.0,0.0,0.0,19.4,0.0,80.4,0.2
20210222174003,0.0,0.0,0.0,0.0,0.8,0.0,99.0,0.2
20210222174033,0.0,0.0,0.0,0.0,15.0,0.0,84.9,0.1
20210222174103,0.0,0.0,0.0,0.0,85.7,0.0,14.3,0.1
20210222174133,0.0,0.0,0.0,0.0,46.1,0.0,49.3,4.6
20210222174203,0.0,0.0,0.0,0.0,93.6,0.0,4.7,1.7
20210222174233,0.0,0.0,0.0,0.0,31.8,0.0,61.1,7.0
20210222174303,0.0,0.0,0.0,0.0,7.4,0.0,92.5,0.0
20210222174333,0.0,0.0,0.0,0.0,11.4,0.0,86.4,2.2
20210222174403,0.0,0.0,0.0,0.0,2.3,0.0,97.5,0.2
20210222174433,0.0,0.0,0.0,0.0,1.5,0.0,98.5,0.0
20210222174503,0.0,0.0,0.0,0.0,0.4,0.0,99.6,0.0
20210222174533,0.0,0.0,0.0,0.0,13.4,0.0,85.6,1.0
20210222174603,0.0,0.0,0.0,0.0,0.5,0.0,98.9,0.6
20210222174633,0.0,0.0,0.0,0.0,0.3,0.0,93.9,5.8
20210222174703,0.0,0.0,0.0,0.0,2.1,0.0,80.3,17.7
20210222174733,0.0,0.0,0.0,0.0,0.4,0.0,98.0,1.6
20210222174803,0.0,0.0,0.0,0.0,0.1,0.0,81.2,18.7
20210222174833,0.0,0.0,0.0,0.0,0.4,0.0,26.9,72.6
20210222174903,0.0,0.0,0.0,0.0,0.3,0.0,10.9,88.8
20210222174933,0.0,0.0,0.0,0.0,1.4,0.3,12.4,85.8
20210222175003,0.0,0.0,0.0,0.0,2.1,0.1,16.0,81.8
20210222175033,0.0,0.0,0.0,0.0,2.3,0.1,33.0,64.5
20210222175103,0.0,0.0,0.0,0.0,38.2,0.3,8.3,53.3
20210222175133,0.0,0.0,0.0,0.0,11.6,0.8,32.6,55.0
20210222175203,0.0,0.0,0.0,0.0,48.1,0.3,16.7,34.9
20210222175233,0.0,0.0,0.0,0.0,3.4,1.7,42.6,52.3
20210222175303,0.0,0.0,0.0,0.0,11.8,1.0,56.0,31.3
20210222175333,0.0,0.0,0.0,0.0,12.4,1.4,63.8,22.5
20210222175403,0.0,0.0,0.0,0.0,4.1,1.0,29.5,65.4
20210222175433,0.0,0.0,0.0,0.0,9.2,0.5,59.9,30.4
20210222175503,0.0,0.0,0.0,0.0,5.4,2.2,75.1,17.3
20210222175533,0.0,0.0,0.0,0.0,5.2,5.6,60.8,28.3
20210222175603,0.0,0.0,0.0,0.0,1.4,0.2,12.0,86.4
20210222175633,0.0,0.0,0.0,0.0,1.7,0.0,1.8,96.5
20210222175703,0.0,0.0,0.0,0.0,1.0,0.0,0.1,98.9
20210222175733,0.0,0.0,0.0,0.0,1.8,0.1,0.2,97.9
20210222175803,0.0,0.0,0.0,0.0,0.1,0.0,0.0,99.9
20210222175833,0.0,0.0,0.0,0.0,0.2,0.0,0.0,99.8
20210222175903,0.0,0.0,0.0,0.0,0.1,0.0,0.0,99.9
20210222175933,0.0,0.0,0.0,0.0,0.0,0.0,0.0,99.9
20210222180003,0.0,0.0,0.0,0.0,0.3,0.0,0.0,99.7
20210222180033,0.0,0.0,0.0,0.0,3.1,0.0,1.1,95.8
20210222180103,0.0,0.0,0.0,0.0,0.4,0.0,1.9,97.7
20210222180133,0.0,0.0,0.0,0.0,0.3,0.0,9.6,90.1
20210222180203,0.0,0.0,0.0,0.0,0.1,0.0,0.8,99.1
20210222180233,0.0,0.0,0.0,0.0,2.3,0.0,0.5,97.2
20210222180303,0.0,0.0,0.0,0.0,4.2,0.0,0.0,95.8
20210222180333,0.0,0.0,0.0,0.0,4.3,0.0,0.1,95.7
20210222180403,0.0,0.0,0.0,0.0,0.1,0.0,0.0,99.9
20210222180434,0.0,0.0,0.0,0.0,2.1,0.0,0.1,97.8
20210222180504,0.0,0.0,0.0,0.0,10.3,0.0,0.1,89.6
20210222180534,0.0,0.0,0.0,0.0,4.4,0.0,0.0,95.6
20210222180604,0.0,0.0,0.0,0.0,36.0,0.0,0.4,63.6
20210222180634,0.0,0.0,0.0,0.0,4.3,0.0,0.0,95.6
20210222180704,0.0,0.0,0.0,0.0,0.4,0.0,0.0,99.6
20210222180734,0.0,0.0,0.0,0.0,1.8,0.0,0.0,98.2
20210222180804,0.0,0.0,0.0,0.0,0.0,0.0,0.0,100.0
20210222180834,0.0,0.0,0.0,0.0,0.0,0.0,0.0,100.0
20210222180904,0.0,0.0,0.0,0.0,0.0,0.0,0.0,100.0
20210222180934,0.0,0.0,0.0,0.0,0.1,0.0,0.0,99.9
20210222181004,0.0,0.0,0.0,0.0,3.0,0.0,0.0,97.0
20210222181034,0.0,0.0,0.0,0.0,36.4,0.0,0.0,63.5
20210222181104,0.0,0.0,0.0,0.0,10.7,0.0,0.1,89.2
20210222181134,0.0,0.0,0.0,0.0,12.5,0.0,0.2,87.3
20210222181204,0.0,0.0,0.0,0.0,33.9,0.0,0.4,65.7
20210222181234,0.0,0.0,0.0,0.0,0.3,0.0,0.0,99.7
20210222181304,0.0,0.0,0.0,0.0,0.1,0.0,0.0,99.9
20210222181334,0.0,0.0,0.0,0.0,0.0,0.0,0.0,100.0
20210222181404,0.0,0.0,0.0,0.0,0.3,0.0,0.0,99.7
20210222181434,0.0,0.0,0.0,0.0,5.2,0.0,0.1,94.7
20210222181504,0.0,0.0,0.0,0.0,1.0,0.0,0.0,99.0
20210222181534,0.0,0.0,0.0,0.0,0.2,0.0,0.0,99.8
20210222181604,0.0,0.0,0.0,0.0,39.0,0.0,0.0,61.0
20210222181634,0.0,0.0,0.0,0.0,2.1,0.0,0.0,97.9
20210222181704,0.0,0.0,0.0,0.0,0.1,0.0,0.0,99.9
20210222181734,0.0,0.0,0.0,0.0,0.8,0.0,0.0,99.2
20210222181804,0.0,0.0,0.0,0.0,0.1,0.0,0.0,99.9
20210222181834,0.0,0.0,0.0,0.0,0.0,0.0,0.0,100.0
20210222181904,0.0,0.0,0.0,0.0,0.1,0.0,0.0,99.9
20210222181934,0.0,0.0,0.0,0.0,0.5,0.0,0.0,99.5
20210222182004,0.0,0.0,0.0,0.0,0.0,0.0,0.0,100.0
20210222182034,0.0,0.0,0.0,0.0,0.0,0.0,0.0,100.0
20210222182104,0.0,0.0,0.0,0.0,0.0,0.0,0.0,100.0
20210222182134,0.0,0.0,0.0,0.0,0.0,0.0,0.0,100.0
20210222182204,0.0,0.0,0.0,0.0,0.0,0.0,0.0,100.0
20210222182234,0.0,0.0,0.0,0.0,0.0,0.0,0.0,100.0
20210222182304,0.0,0.0,0.0,0.0,0.0,0.0,0.0,100.0
20210222182334,0.0,0.0,0.0,0.0,0.0,0.0,0.0,100.0
20210222182404,0.0,0.0,0.0,0.0,0.0,0.0,0.0,100.0
20210222182434,0.0,0.0,0.0,0.0,0.0,0.0,0.0,100.0
20210222182504,0.0,0.0,0.0,0.0,0.0,0.0,0.0,100.0
20210222182534,0.0,0.0,0.0,0.0,0.0,0.0,0.0,100.0
20210222182604,0.0,0.0,0.0,0.0,0.0,0.0,0.0,100.0
20210222182634,0.0,0.0,0.0,0.0,0.0,0.0,0.0,100.0
20210222182704,0.0,0.0,0.0,0.0,0.0,0.0,0.0,100.0
20210222182734,0.0,0.0,0.0,0.0,0.0,0.0,0.0,100.0
20210222182804,0.0,0.0,0.0,0.0,0.0,0.0,0.0,100.0
20210222182834,0.0,0.0,0.0,0.0,0.1,0.0,0.0,99.9
20210222182904,0.0,0.0,0.0,0.0,0.0,0.0,0.0,100.0
20210222182934,0.0,0.0,0.0,0.0,1.6,0.0,0.0,98.4
20210222183004,0.0,0.0,0.0,0.0,8.5,0.0,0.0,91.5
20210222183034,0.0,0.0,0.0,0.0,7.1,0.0,0.0,92.9
20210222183104,0.0,0.0,0.0,0.0,25.1,0.0,0.0,74.9
20210222183134,0.0,0.0,0.0,0.0,6.0,0.0,0.1,93.9
20210222183204,0.0,0.0,0.0,0.0,2.3,0.0,0.0,97.7
20210222183234,0.0,0.0,0.0,0.0,2.6,0.1,0.4,96.9
20210222183304,0.0,0.0,0.0,0.0,9.3,0.0,0.4,90.2
20210222183334,0.0,0.0,0.0,0.0,45.9,0.0,7.0,47.1
20210222183404,0.0,0.0,0.0,0.0,21.4,0.1,8.7,69.8
20210222183434,0.0,0.0,0.0,0.0,1.2,0.0,1.1,97.7
20210222183504,0.0,0.0,0.0,0.0,2.6,0.0,0.6,96.8
20210222183534,0.0,0.0,0.0,0.0,0.4,0.0,0.9,98.7
20210222183604,0.0,0.0,0.0,0.0,0.3,0.0,0.0,99.7
20210222183634,0.0,0.0,0.0,0.0,0.1,0.0,0.0,99.9
20210222183704,0.0,0.0,0.0,0.0,0.0,0.0,0.0,100.0
20210222183734,0.0,0.0,0.0,0.0,0.0,0.0,0.0,100.0
20210222183804,0.0,0.0,0.0,0.0,0.0,0.0,0.0,100.0
20210222183834,0.0,0.0,0.0,0.0,0.0,0.0,0.0,100.0
20210222183905,0.0,0.0,0.0,0.0,0.0,0.0,0.0,100.0
20210222183935,0.0,0.0,0.0,0.0,0.1,0.0,0.0,99.9
20210222184005,0.0,0.0,0.0,0.0,0.0,0.0,0.0,100.0
20210222184035,0.0,0.0,0.0,0.0,0.0,0.0,0.0,100.0
20210222184105,0.0,0.0,0.0,0.0,0.0,0.0,0.0,100.0
20210222184135,0.0,0.0,0.0,0.0,0.2,0.0,0.0,99.8
20210222184205,0.0,0.0,0.0,0.0,0.0,0.0,0.0,100.0
20210222184235,0.0,0.0,0.0,0.0,0.1,0.0,0.0,99.9
20210222184305,0.0,0.0,0.0,0.0,0.0,0.0,0.0,100.0
20210222184335,0.0,0.0,0.0,0.0,0.0,0.0,0.0,100.0
20210222184405,0.0,0.0,0.0,0.0,0.0,0.0,0.0,100.0
20210222184435,0.0,0.0,0.0,0.0,0.0,0.0,0.0,100.0
20210222184505,0.0,0.0,0.0,0.0,0.0,0.0,0.0,99.9
20210222184535,0.0,0.0,0.0,0.0,0.2,0.0,0.0,99.8
20210222184605,0.0,0.0,0.0,0.0,0.1,0.0,0.0,99.9
20210222184635,0.0,0.0,0.0,0.0,0.0,0.0,0.0,100.0
20210222184705,0.0,0.0,0.0,0.0,0.1,0.0,0.0,99.9
20210222184735,0.0,0.0,0.0,0.0,1.8,0.0,1.1,97.0
20210222184805,0.0,0.0,0.0,0.0,15.8,0.0,1.2,83.0
20210222184835,0.0,0.0,0.0,0.0,7.0,0.0,7.1,85.8
20210222184905,0.0,0.0,0.0,0.0,78.9,0.0,4.4,16.7
20210222184935,0.0,0.0,0.0,0.0,5.6,0.0,0.3,94.1
20210222185005,0.0,0.0,0.0,0.0,10.2,0.0,2.8,86.9
20210222185035,0.0,0.0,0.0,0.0,0.1,0.0,0.0,99.9
20210222185105,0.0,0.0,0.0,0.0,66.4,0.0,33.2,0.4
20210222185135,0.0,0.0,0.0,0.0,4.5,0.0,95.1,0.3
20210222185205,0.0,0.0,0.0,0.0,4.5,0.0,95.3,0.2
20210222185235,0.0,0.0,0.0,0.0,33.7,0.0,59.8,6.5
20210222185305,0.0,0.0,0.0,0.0,98.3,0.0,0.7,1.0
20210222185335,0.0,0.0,0.0,0.0,93.7,0.0,0.0,6.3
20210222185405,0.0,0.0,0.0,0.0,78.3,0.0,0.0,21.6
20210222185435,0.0,0.0,0.0,0.0,84.3,0.0,0.1,15.6
20210222185505,0.0,0.0,0.0,0.0,95.7,0.0,0.1,4.2
20210222185535,0.0,0.0,0.0,0.0,99.5,0.0,0.0,0.5
20210222185605,0.0,0.0,0.0,0.0,84.6,0.0,0.3,15.1
20210222185635,0.0,0.0,0.0,0.0,91.8,0.0,0.2,8.0
20210222185705,0.0,0.0,0.0,0.0,6.4,0.0,1.2,92.4
20210222185735,0.0,0.0,0.0,0.0,18.1,0.0,1.7,80.2
20210222185805,0.0,0.0,0.0,0.0,3.3,0.0,0.1,96.5
20210222185835,0.0,0.0,0.0,0.0,70.7,0.0,0.4,28.9
20210222185905,0.0,0.0,0.0,0.0,8.9,0.0,2.3,88.8
20210222185935,0.0,0.0,0.0,0.0,2.8,0.0,0.2,96.9
20210222190005,0.0,0.0,0.0,0.0,60.9,0.0,1.0,38.0
20210222190035,0.0,0.0,0.0,0.0,85.2,0.0,0.2,14.6
20210222190105,0.0,0.0,0.0,0.0,73.5,0.0,6.8,19.6
20210222190135,0.0,0.0,0.0,0.0,95.1,0.0,0.8,4.1
20210222190205,0.0,0.0,0.0,0.0,55.7,0.1,4.1,40.1
20210222190235,0.0,0.0,0.0,0.0,15.3,0.0,0.6,84.1
20210222190305,0.0,0.0,0.0,0.0,14.3,0.0,0.2,85.4
20210222190335,0.0,0.0,0.0,0.0,13.0,0.0,0.0,86.9
20210222190405,0.0,0.0,0.0,0.0,67.6,0.0,0.4,32.0
20210222190435,0.0,0.0,0.0,0.0,77.6,0.0,0.9,21.5
20210222190505,0.0,0.0,0.0,0.0,34.2,0.2,15.9,49.7
20210222190535,0.0,0.0,0.0,0.0,48.2,0.0,2.3,49.5
20210222190605,0.0,0.0,0.0,0.0,42.1,0.0,3.2,54.7
20210222190635,0.0,0.0,0.0,0.0,0.7,0.0,0.0,99.2
20210222190705,0.0,0.0,0.0,0.0,0.3,0.0,0.0,99.7
20210222190735,0.0,0.0,0.0,0.0,0.7,0.0,0.0,99.3
20210222190805,0.0,0.0,0.0,0.0,0.6,0.0,0.0,99.4
20210222190835,0.0,0.0,0.0,0.0,12.8,0.0,0.0,87.2
20210222190905,0.0,0.0,0.0,0.0,0.2,0.0,0.0,99.8
20210222190935,0.0,0.0,0.0,0.0,0.8,0.0,0.0,99.2
20210222191005,0.0,0.0,0.0,0.0,0.1,0.0,0.0,99.9
20210222191035,0.0,0.0,0.0,0.0,14.6,0.0,0.0,85.4
20210222191105,0.0,0.0,0.0,0.0,0.9,0.0,0.0,99.1
20210222191135,0.0,0.0,0.0,0.0,1.4,0.0,0.0,98.6
20210222191205,0.0,0.0,0.0,0.0,3.0,0.0,0.1,96.9
20210222191236,0.0,0.0,0.0,0.0,1.9,0.0,0.0,98.1
20210222191306,0.0,0.0,0.0,0.0,36.0,0.0,0.0,64.0
20210222191336,0.0,0.0,0.0,0.0,11.1,0.0,0.0,88.9
20210222191406,0.0,0.0,0.0,0.0,0.9,0.0,0.0,99.1
20210222191436,0.0,0.0,0.0,0.0,1.0,0.0,0.0,99.0
20210222191506,0.0,0.0,0.0,0.0,21.4,0.0,0.0,78.6
20210222191536,0.0,0.0,0.0,0.0,2.2,0.0,0.0,97.8
20210222191606,0.0,0.0,0.0,0.0,54.0,0.0,0.0,46.0
20210222191636,0.0,0.0,0.0,0.0,14.5,0.0,0.0,85.5
20210222191706,0.0,0.0,0.0,0.0,99.5,0.0,0.0,0.5
20210222191736,0.0,0.0,0.0,0.0,98.7,0.0,0.0,1.3
20210222191806,0.0,0.0,0.0,0.0,99.9,0.0,0.0,0.1
20210222191836,0.0,0.0,0.0,0.0,100.0,0.0,0.0,0.0
20210222191906,0.0,0.0,0.0,0.0,100.0,0.0,0.0,0.0
20210222191936,0.0,0.0,0.0,0.0,100.0,0.0,0.0,0.0
20210222192006,0.0,0.0,0.0,0.0,100.0,0.0,0.0,0.0
20210222192036,0.0,0.0,0.0,0.0,100.0,0.0,0.0,0.0
20210222192106,0.0,0.0,0.0,0.0,100.0,0.0,0.0,0.0
20210222192136,0.0,0.0,0.0,0.0,100.0,0.0,0.0,0.0
20210222192206,0.0,0.0,0.0,0.0,100.0,0.0,0.0,0.0
20210222192236,0.0,0.0,0.0,0.0,100.0,0.0,0.0,0.0
20210222192306,0.0,0.0,0.0,0.0,100.0,0.0,0.0,0.0
20210222192336,0.0,0.0,0.0,0.0,100.0,0.0,0.0,0.0
20210222192406,0.0,0.0,0.0,0.0,100.0,0.0,0.0,0.0
20210222192436,0.0,0.0,0.0,0.0,100.0,0.0,0.0,0.0
20210222192506,0.0,0.0,0.0,0.0,100.0,0.0,0.0,0.0
20210222192536,0.0,0.0,0.0,0.0,100.0,0.0,0.0,0.0
20210222192606,0.0,0.0,0.0,0.0,100.0,0.0,0.0,0.0
20210222192636,0.0,0.0,0.0,0.0,99.9,0.0,0.0,0.1
20210222192706,0.0,0.0,0.0,0.0,99.7,0.0,0.0,0.3
20210222192736,0.0,0.0,0.0,0.0,100.0,0.0,0.0,0.0
20210222192806,0.0,0.0,0.0,0.0,100.0,0.0,0.0,0.0
20210222192836,0.0,0.0,0.0,0.0,100.0,0.0,0.0,0.0
20210222192906,0.0,0.0,0.0,0.0,100.0,0.0,0.0,0.0
20210222192936,0.0,0.0,0.0,0.0,100.0,0.0,0.0,0.0
20210222193006,0.0,0.0,0.0,0.0,100.0,0.0,0.0,0.0
20210222193036,0.0,0.0,0.0,0.0,100.0,0.0,0.0,0.0
20210222193106,0.0,0.0,0.0,0.0,100.0,0.0,0.0,0.0
20210222193136,0.0,0.0,0.0,0.0,100.0,0.0,0.0,0.0
20210222193206,0.0,0.0,0.0,0.0,100.0,0.0,0.0,0.0
20210222193236,0.0,0.0,0.0,0.0,100.0,0.0,0.0,0.0
20210222193306,0.0,0.0,0.0,0.0,100.0,0.0,0.0,0.0
20210222193336,0.0,0.0,0.0,0.0,100.0,0.0,0.0,0.0
20210222193406,0.0,0.0,0.0,0.0,100.0,0.0,0.0,0.0
20210222193436,0.0,0.0,0.0,0.0,100.0,0.0,0.0,0.0
20210222193506,0.0,0.0,0.0,0.0,100.0,0.0,0.0,0.0
20210222193536,0.0,0.0,0.0,0.0,100.0,0.0,0.0,0.0
20210222193606,0.0,0.0,0.0,0.0,100.0,0.0,0.0,0.0
20210222193636,0.0,0.0,0.0,0.0,100.0,0.0,0.0,0.0
20210222193706,0.0,0.0,0.0,0.0,100.0,0.0,0.0,0.0
20210222193736,0.0,0.0,0.0,0.0,100.0,0.0,0.0,0.0
20210222193806,0.0,0.0,0.0,0.0,100.0,0.0,0.0,0.0
20210222193836,0.0,0.0,0.0,0.0,100.0,0.0,0.0,0.0
20210222193906,0.0,0.0,0.0,0.0,100.0,0.0,0.0,0.0
20210222193936,0.0,0.0,0.0,0.0,100.0,0.0,0.0,0.0
20210222194006,0.0,0.0,0.0,0.0,100.0,0.0,0.0,0.0
20210222194037,0.0,0.0,0.0,0.0,100.0,0.0,0.0,0.0
20210222194107,0.0,0.0,0.0,0.0,100.0,0.0,0.0,0.0
20210222194137,0.0,0.0,0.0,0.0,100.0,0.0,0.0,0.0
20210222194207,0.0,0.0,0.0,0.0,100.0,0.0,0.0,0.0
20210222194237,0.0,0.0,0.0,0.0,100.0,0.0,0.0,0.0
20210222194307,0.0,0.0,0.0,0.0,100.0,0.0,0.0,0.0
20210222194337,0.0,0.0,0.0,0.0,100.0,0.0,0.0,0.0
20210222194407,0.0,0.0,0.0,0.0,100.0,0.0,0.0,0.0
20210222194437,0.0,0.0,0.0,0.0,100.0,0.0,0.0,0.0
20210222194507,0.0,0.0,0.0,0.0,100.0,0.0,0.0,0.0
20210222194537,0.0,0.0,0.0,0.0,100.0,0.0,0.0,0.0
20210222194607,0.0,0.0,0.0,0.0,100.0,0.0,0.0,0.0
20210222194637,0.0,0.0,0.0,0.0,100.0,0.0,0.0,0.0
20210222194707,0.0,0.0,0.0,0.0,100.0,0.0,0.0,0.0
20210222194737,0.0,0.0,0.0,0.0,100.0,0.0,0.0,0.0
20210222194807,0.0,0.0,0.0,0.0,100.0,0.0,0.0,0.0
20210222194837,0.0,0.0,0.0,0.0,100.0,0.0,0.0,0.0
20210222194907,0.0,0.0,0.0,0.0,100.0,0.0,0.0,0.0
20210222194937,0.0,0.0,0.0,0.0,100.0,0.0,0.0,0.0
20210222195007,0.0,0.0,0.0,0.0,100.0,0.0,0.0,0.0
20210222195037,0.0,0.0,0.0,0.0,100.0,0.0,0.0,0.0
20210222195107,0.0,0.0,0.0,0.0,100.0,0.0,0.0,0.0
20210222195137,0.0,0.0,0.0,0.0,100.0,0.0,0.0,0.0
20210222195207,0.0,0.0,0.0,0.0,100.0,0.0,0.0,0.0
20210222195237,0.0,0.0,0.0,0.0,100.0,0.0,0.0,0.0
20210222195307,0.0,0.0,0.0,0.0,100.0,0.0,0.0,0.0
20210222195337,0.0,0.0,0.0,0.0,100.0,0.0,0.0,0.0
20210222195407,0.0,0.0,0.0,0.0,100.0,0.0,0.0,0.0
20210222195437,0.0,0.0,0.0,0.0,100.0,0.0,0.0,0.0
20210222195507,0.0,0.0,0.0,0.0,100.0,0.0,0.0,0.0
20210222195537,0.0,0.0,0.0,0.0,100.0,0.0,0.0,0.0
20210222195607,0.0,0.0,0.0,0.0,100.0,0.0,0.0,0.0
20210222195637,0.0,0.0,0.0,0.0,100.0,0.0,0.0,0.0
20210222195707,0.0,0.0,0.0,0.0,100.0,0.0,0.0,0.0
20210222195737,0.0,0.0,0.0,0.0,100.0,0.0,0.0,0.0
20210222195807,0.0,0.0,0.0,0.0,100.0,0.0,0.0,0.0
20210222195837,0.0,0.0,0.0,0.0,100.0,0.0,0.0,0.0
20210222195907,0.0,0.0,0.0,0.0,100.0,0.0,0.0,0.0
20210222195937,0.0,0.0,0.0,0.0,100.0,0.0,0.0,0.0
20210222200007,0.0,0.0,0.0,0.0,100.0,0.0,0.0,0.0
20210222200037,0.0,0.0,0.0,0.0,100.0,0.0,0.0,0.0
20210222200107,0.0,0.0,0.0,0.0,100.0,0.0,0.0,0.0
20210222200137,0.0,0.0,0.0,0.0,100.0,0.0,0.0,0.0
20210222200207,0.0,0.0,0.0,0.0,100.0,0.0,0.0,0.0
20210222200237,0.0,0.0,0.0,0.0,100.0,0.0,0.0,0.0
20210222200307,0.0,0.0,0.0,0.0,99.8,0.0,0.2,0.0
20210222200337,0.0,0.0,0.0,0.0,92.4,0.0,7.6,0.0
20210222200407,0.0,0.0,0.0,0.0,93.8,0.0,6.1,0.0
20210222200437,0.0,0.0,0.0,0.0,80.2,0.0,19.7,0.1
20210222200507,0.0,0.0,0.0,0.0,63.3,0.0,36.6,0.1
20210222200537,0.0,0.0,0.0,0.0,29.0,0.0,70.4,0.6
20210222200607,0.0,0.0,0.0,0.0,18.1,0.0,81.8,0.1
20210222200637,0.0,0.0,0.0,0.0,79.2,0.0,20.7,0.1
20210222200707,0.0,0.0,0.0,0.0,81.0,0.0,19.0,0.0
20210222200737,0.0,0.0,0.0,0.0,31.8,0.0,66.7,1.5
20210222200807,0.0,0.0,0.0,0.0,66.5,0.0,29.1,4.3
20210222200837,0.0,0.0,0.0,0.0,83.8,0.1,9.9,6.3
20210222200907,0.0,0.0,0.0,0.0,97.4,0.0,2.2,0.4
20210222200937,0.0,0.0,0.0,0.0,99.7,0.0,0.2,0.0
20210222201007,0.0,0.5,0.0,0.0,99.4,0.0,0.0,0.0
20210222201037,0.0,2.4,0.0,0.1,97.4,0.0,0.0,0.0
20210222201107,0.0,7.5,0.0,0.1,92.2,0.0,0.2,0.0
20210222201137,0.0,32.8,0.8,0.3,65.9,0.0,0.2,0.0
20210222201207,0.0,0.3,0.0,0.0,99.7,0.0,0.0,0.0
20210222201237,0.0,0.0,0.0,0.0,100.0,0.0,0.0,0.0
20210222201307,0.0,0.0,0.0,0.0,100.0,0.0,0.0,0.0
20210222201337,0.0,0.0,0.0,0.0,100.0,0.0,0.0,0.0
20210222201407,0.0,0.0,0.0,0.0,100.0,0.0,0.0,0.0
20210222201438,0.0,0.0,0.0,0.0,100.0,0.0,0.0,0.0
20210222201508,0.0,0.0,0.0,0.0,100.0,0.0,0.0,0.0
20210222201538,0.0,0.0,0.0,0.0,100.0,0.0,0.0,0.0
20210222201608,0.0,0.0,0.0,0.0,100.0,0.0,0.0,0.0
20210222201638,0.0,0.0,0.0,0.0,100.0,0.0,0.0,0.0
20210222201708,0.0,0.0,0.0,0.0,100.0,0.0,0.0,0.0
20210222201738,0.0,0.0,0.0,0.0,99.8,0.0,0.1,0.1
20210222201808,0.0,0.0,0.0,0.0,100.0,0.0,0.0,0.0
20210222201838,0.0,0.0,0.0,0.0,100.0,0.0,0.0,0.0
20210222201908,0.0,0.0,0.0,0.0,99.8,0.0,0.1,0.1
20210222201938,0.0,0.0,0.0,0.0,98.8,0.0,1.1,0.1
20210222202008,0.0,0.0,0.0,0.0,100.0,0.0,0.0,0.0
20210222202038,0.0,0.0,0.0,0.0,100.0,0.0,0.0,0.0
20210222202108,0.0,0.0,0.0,0.0,100.0,0.0,0.0,0.0
20210222202138,0.0,0.0,0.0,0.0,100.0,0.0,0.0,0.0
20210222202208,0.0,0.0,0.0,0.0,100.0,0.0,0.0,0.0
20210222202238,0.0,0.0,0.0,0.0,100.0,0.0,0.0,0.0
20210222202308,0.0,0.0,0.0,0.0,100.0,0.0,0.0,0.0
20210222202338,0.0,0.0,0.0,0.0,99.7,0.0,0.0,0.3
20210222202408,0.0,0.0,0.0,0.0,100.0,0.0,0.0,0.0
20210222202438,0.0,0.0,0.0,0.0,100.0,0.0,0.0,0.0
20210222202508,0.0,0.0,0.0,0.0,100.0,0.0,0.0,0.0
20210222202538,0.0,0.0,0.0,0.0,100.0,0.0,0.0,0.0
20210222202608,0.0,0.0,0.0,0.0,100.0,0.0,0.0,0.0
20210222202638,0.0,0.0,0.0,0.0,100.0,0.0,0.0,0.0
20210222202708,0.0,0.0,0.0,0.0,100.0,0.0,0.0,0.0
20210222202738,0.0,0.0,0.0,0.0,100.0,0.0,0.0,0.0
20210222202808,0.0,0.0,0.0,0.0,100.0,0.0,0.0,0.0
20210222202838,0.0,0.0,0.0,0.0,100.0,0.0,0.0,0.0
20210222202908,0.0,0.0,0.0,0.0,100.0,0.0,0.0,0.0
20210222202938,0.0,0.0,0.0,0.0,100.0,0.0,0.0,0.0
20210222203008,0.0,0.0,0.0,0.0,100.0,0.0,0.0,0.0
20210222203038,0.0,0.0,0.0,0.0,100.0,0.0,0.0,0.0
20210222203108,0.0,0.0,0.0,0.0,100.0,0.0,0.0,0.0
20210222203138,0.0,0.0,0.0,0.0,100.0,0.0,0.0,0.0
20210222203208,0.0,0.0,0.0,0.0,100.0,0.0,0.0,0.0
20210222203238,0.0,0.0,0.0,0.0,100.0,0.0,0.0,0.0
20210222203308,0.0,0.0,0.0,0.0,100.0,0.0,0.0,0.0
20210222203338,0.0,0.0,0.0,0.0,100.0,0.0,0.0,0.0
20210222203408,0.0,0.0,0.0,0.0,100.0,0.0,0.0,0.0
20210222203438,0.0,0.0,0.0,0.0,100.0,0.0,0.0,0.0
20210222203508,0.0,0.0,0.0,0.0,100.0,0.0,0.0,0.0
20210222203538,0.0,0.0,0.0,0.0,100.0,0.0,0.0,0.0
20210222203608,0.0,0.0,0.0,0.0,100.0,0.0,0.0,0.0
20210222203638,0.0,0.0,0.0,0.0,100.0,0.0,0.0,0.0
20210222203708,0.0,0.0,0.0,0.0,100.0,0.0,0.0,0.0
20210222203738,0.0,0.0,0.0,0.0,100.0,0.0,0.0,0.0
20210222203808,0.0,0.0,0.0,0.0,100.0,0.0,0.0,0.0
20210222203838,0.0,0.0,0.0,0.0,100.0,0.0,0.0,0.0
20210222203908,0.0,0.0,0.0,0.0,100.0,0.0,0.0,0.0
20210222203938,0.0,0.0,0.0,0.0,100.0,0.0,0.0,0.0
20210222204008,0.0,0.0,0.0,0.0,100.0,0.0,0.0,0.0
20210222204038,0.0,0.0,0.0,0.0,100.0,0.0,0.0,0.0
20210222204108,0.0,0.0,0.0,0.0,100.0,0.0,0.0,0.0
20210222204138,0.0,0.0,0.0,0.0,100.0,0.0,0.0,0.0
20210222204208,0.0,0.0,0.0,0.0,100.0,0.0,0.0,0.0
20210222204238,0.0,0.0,0.0,0.0,100.0,0.0,0.0,0.0
20210222204308,0.0,0.0,0.0,0.0,100.0,0.0,0.0,0.0
20210222204338,0.0,0.0,0.0,0.0,100.0,0.0,0.0,0.0
20210222204408,0.0,0.0,0.0,0.0,100.0,0.0,0.0,0.0
20210222204438,0.0,0.0,0.0,0.0,100.0,0.0,0.0,0.0
20210222204508,0.0,0.0,0.0,0.0,100.0,0.0,0.0,0.0
20210222204538,0.0,0.0,0.0,0.0,100.0,0.0,0.0,0.0
20210222204608,0.0,0.0,0.0,0.0,100.0,0.0,0.0,0.0
20210222204638,0.0,0.0,0.0,0.0,100.0,0.0,0.0,0.0
20210222204708,0.0,0.0,0.0,0.0,99.9,0.0,0.1,0.0
20210222204738,0.0,0.0,0.0,0.0,100.0,0.0,0.0,0.0
20210222204808,0.0,0.0,0.0,0.0,100.0,0.0,0.0,0.0
20210222204839,0.0,0.0,0.0,0.0,100.0,0.0,0.0,0.0
20210222204909,0.0,0.0,0.0,0.0,99.7,0.0,0.3,0.0
20210222204939,0.0,0.0,0.0,0.0,100.0,0.0,0.0,0.0
20210222205009,0.0,0.0,0.0,0.0,99.9,0.0,0.1,0.0
20210222205039,0.0,0.0,0.0,0.0,100.0,0.0,0.0,0.0
20210222205109,0.0,0.0,0.0,0.0,99.9,0.0,0.1,0.0
20210222205139,0.0,0.0,0.0,0.0,99.7,0.0,0.3,0.0
20210222205209,0.0,0.0,0.0,0.0,99.9,0.0,0.1,0.0
20210222205239,0.0,0.0,0.0,0.0,100.0,0.0,0.0,0.0
20210222205309,0.0,0.0,0.0,0.0,100.0,0.0,0.0,0.0
20210222205339,0.0,0.0,0.0,0.0,100.0,0.0,0.0,0.0
20210222205409,0.0,0.0,0.0,0.0,100.0,0.0,0.0,0.0
20210222205439,0.0,0.0,0.0,0.0,100.0,0.0,0.0,0.0
20210222205509,0.0,0.0,0.0,0.0,100.0,0.0,0.0,0.0
20210222205539,0.0,0.0,0.0,0.0,100.0,0.0,0.0,0.0
20210222205609,0.0,0.0,0.0,0.0,100.0,0.0,0.0,0.0
20210222205639,0.0,0.0,0.0,0.0,100.0,0.0,0.0,0.0
20210222205709,0.0,0.0,0.0,0.0,100.0,0.0,0.0,0.0
20210222205739,0.0,0.0,0.0,0.0,100.0,0.0,0.0,0.0
20210222205809,0.0,0.0,0.0,0.0,99.9,0.0,0.1,0.0
20210222205839,0.0,0.0,0.0,0.0,99.9,0.0,0.1,0.0
20210222205909,0.0,0.0,0.0,0.0,99.8,0.0,0.2,0.0
20210222205939,0.0,0.0,0.0,0.0,100.0,0.0,0.0,0.0
20210222210009,0.0,0.0,0.0,0.0,99.8,0.0,0.2,0.0
20210222210039,0.0,0.0,0.0,0.0,99.8,0.0,0.2,0.0
20210222210109,0.0,0.0,0.0,0.0,100.0,0.0,0.0,0.0
20210222210139,0.0,0.0,0.0,0.0,99.9,0.0,0.1,0.0
20210222210209,0.0,0.0,0.0,0.0,99.9,0.0,0.1,0.0
20210222210239,0.0,0.0,0.0,0.0,100.0,0.0,0.0,0.0
20210222210309,0.0,0.0,0.0,0.0,99.9,0.0,0.1,0.0
20210222210339,0.0,0.0,0.0,0.0,100.0,0.0,0.0,0.0
20210222210409,0.0,0.0,0.0,0.0,100.0,0.0,0.0,0.0
20210222210439,0.0,0.0,0.0,0.0,100.0,0.0,0.0,0.0
20210222210509,0.0,0.0,0.0,0.0,99.9,0.0,0.1,0.0
20210222210539,0.0,0.0,0.0,0.0,100.0,0.0,0.0,0.0
20210222210609,0.0,0.0,0.0,0.0,99.9,0.0,0.1,0.0
20210222210639,0.0,0.0,0.0,0.0,99.9,0.0,0.1,0.0
20210222210709,0.0,0.0,0.0,0.0,99.9,0.0,0.1,0.0
20210222210739,0.0,0.0,0.0,0.0,100.0,0.0,0.0,0.0
20210222210809,0.0,0.0,0.0,0.0,99.5,0.0,0.5,0.0
20210222210839,0.0,0.0,0.0,0.0,100.0,0.0,0.0,0.0
20210222210909,0.0,0.0,0.0,0.0,100.0,0.0,0.0,0.0
20210222210939,0.0,0.0,0.0,0.0,99.9,0.0,0.1,0.0
20210222211009,0.0,0.0,0.0,0.0,99.6,0.0,0.4,0.0
20210222211039,0.0,0.0,0.0,0.0,99.9,0.0,0.1,0.0
20210222211109,0.0,0.0,0.0,0.0,99.9,0.0,0.1,0.0
20210222211139,0.0,0.0,0.0,0.0,100.0,0.0,0.0,0.0
20210222211209,0.0,0.0,0.0,0.0,100.0,0.0,0.0,0.0
20210222211239,0.0,0.0,0.0,0.0,99.9,0.0,0.1,0.0
20210222211309,0.0,0.0,0.0,0.0,99.9,0.0,0.1,0.0
20210222211339,0.0,0.0,0.0,0.0,100.0,0.0,0.0,0.0
20210222211409,0.0,0.0,0.0,0.0,99.9,0.0,0.1,0.0
20210222211439,0.0,0.0,0.0,0.0,99.9,0.0,0.1,0.0
20210222211509,0.0,0.0,0.0,0.0,99.7,0.0,0.3,0.0
20210222211539,0.0,0.0,0.0,0.0,94.1,0.0,5.9,0.0
20210222211610,0.0,0.0,0.0,0.0,89.7,0.0,10.3,0.0
20210222211640,0.0,0.0,0.0,0.0,89.9,0.0,10.1,0.0
20210222211710,0.0,0.0,0.0,0.0,71.8,0.0,28.2,0.0
20210222211740,0.0,0.0,0.0,0.0,50.7,0.0,49.3,0.0
20210222211810,0.0,0.0,0.0,0.0,78.7,0.0,21.3,0.0
20210222211840,0.0,0.0,0.0,0.0,95.4,0.0,4.6,0.0
20210222211910,0.0,0.0,0.0,0.0,76.0,0.0,24.0,0.0
20210222211940,0.0,0.0,0.0,0.0,97.2,0.0,2.8,0.0
20210222212010,0.0,0.0,0.0,0.0,71.6,0.0,28.4,0.0
20210222212040,0.0,0.0,0.0,0.0,87.9,0.0,12.1,0.0
20210222212110,0.0,0.0,0.0,0.0,83.4,0.0,16.6,0.0
20210222212140,0.0,0.0,0.0,0.0,88.2,0.0,11.8,0.0
20210222212210,0.0,0.0,0.0,0.0,25.3,0.0,74.7,0.0
20210222212240,0.0,0.0,0.0,0.0,72.9,0.0,27.1,0.0
20210222212310,0.0,0.0,0.0,0.0,94.6,0.0,5.4,0.0
20210222212340,0.0,0.0,0.0,0.0,95.0,0.0,5.0,0.0
20210222212410,0.0,0.0,0.0,0.0,87.7,0.0,12.3,0.0
20210222212440,0.0,0.0,0.0,0.0,98.8,0.0,1.2,0.0
20210222212510,0.0,0.0,0.0,0.0,90.9,0.0,9.1,0.0
20210222212540,0.0,0.0,0.0,0.0,73.7,0.0,26.2,0.0
20210222212610,0.0,0.0,0.0,0.0,89.8,0.0,10.2,0.0
20210222212640,0.0,0.0,0.0,0.0,85.2,0.0,14.7,0.0
20210222212710,0.0,0.0,0.0,0.3,50.2,0.0,49.5,0.0
20210222212740,0.0,0.0,0.0,0.0,28.9,0.0,71.1,0.0
20210222212810,0.0,0.0,0.0,0.0,40.2,0.0,59.8,0.0
20210222212840,0.0,0.0,0.0,0.0,22.5,0.0,77.4,0.0
20210222212910,0.0,0.0,0.0,0.0,58.2,0.0,41.8,0.0
20210222212940,0.0,0.0,0.0,0.0,2.6,0.0,97.4,0.0
20210222213010,0.0,0.0,0.0,0.0,6.2,0.0,93.8,0.0
20210222213040,0.0,0.0,0.0,0.0,1.7,0.0,98.2,0.0
20210222213110,0.0,0.0,0.0,0.0,31.9,0.0,68.1,0.0
20210222213140,0.0,0.0,0.0,0.0,10.4,0.0,89.6,0.0
20210222213210,0.0,0.0,0.0,0.0,44.7,0.0,55.3,0.0
20210222213240,0.0,0.0,0.0,0.0,78.3,0.0,21.7,0.0
20210222213310,0.0,0.0,0.0,0.0,16.8,0.0,83.2,0.0
20210222213340,0.0,0.0,0.0,0.0,41.0,0.0,58.9,0.1
20210222213410,0.0,0.0,0.0,0.0,15.0,0.0,84.9,0.1
20210222213440,0.0,0.0,0.0,0.0,20.9,0.0,79.0,0.0
20210222213510,0.0,0.0,0.0,0.0,55.5,0.0,44.4,0.0
20210222213540,0.0,0.0,0.0,0.0,65.1,0.0,34.9,0.0
20210222213610,0.0,0.0,0.0,0.0,59.4,0.0,40.3,0.2
20210222213640,0.0,0.0,0.0,0.0,92.0,0.0,8.0,0.0
20210222213710,0.0,0.0,0.0,0.0,77.0,0.0,23.0,0.0
20210222213740,0.0,0.0,0.0,0.0,40.2,0.0,59.8,0.0
20210222213810,0.0,0.0,0.0,0.0,70.0,0.0,30.0,0.0
20210222213840,0.0,0.0,0.0,0.0,13.4,0.0,86.6,0.0
20210222213910,0.0,0.0,0.0,0.0,37.6,0.0,62.3,0.0
20210222213940,0.0,0.0,0.0,0.0,0.7,0.0,99.3,0.0
20210222214010,0.0,0.0,0.0,0.6,10.6,0.0,88.8,0.0
20210222214040,0.0,0.0,0.0,0.1,4.9,0.0,94.9,0.0
20210222214110,0.0,0.0,0.0,0.2,2.3,0.0,97.4,0.0
20210222214140,0.0,0.0,0.0,0.3,5.8,0.0,93.9,0.0
20210222214210,0.0,0.0,0.0,0.7,12.3,0.0,87.0,0.0
20210222214240,0.0,0.0,0.0,0.5,53.2,0.0,46.2,0.1
20210222214310,0.0,0.0,0.0,0.2,5.3,0.0,94.5,0.0
20210222214340,0.0,0.0,0.0,0.1,10.9,0.0,89.0,0.0
20210222214410,0.0,0.0,0.0,0.1,3.8,0.0,96.1,0.0
20210222214440,0.0,0.0,0.0,0.5,26.2,0.0,73.3,0.0
20210222214510,0.0,0.0,0.0,0.4,31.1,0.0,68.5,0.0
20210222214540,0.0,0.0,0.0,0.3,4.5,0.0,95.2,0.0
20210222214610,0.0,0.0,0.0,0.7,2.8,0.0,96.5,0.0
20210222214640,0.0,0.0,0.0,0.4,1.8,0.0,97.9,0.0
20210222214710,0.0,0.0,0.0,1.4,1.5,0.0,97.1,0.0
20210222214740,0.0,0.0,0.0,1.8,1.9,0.0,96.3,0.0
20210222214810,0.0,0.0,0.0,1.9,0.6,0.0,97.4,0.0
20210222214840,0.0,0.0,0.0,0.7,0.7,0.0,98.6,0.0
20210222214910,0.0,0.0,0.0,0.1,0.1,0.0,99.7,0.0
20210222214940,0.0,0.0,0.0,0.0,0.2,0.0,99.8,0.0
20210222215011,0.0,0.0,0.0,0.0,0.0,0.0,99.9,0.0
20210222215041,0.0,0.0,0.0,0.0,0.0,0.0,99.9,0.0
20210222215111,0.0,0.0,0.0,0.0,0.5,0.0,99.4,0.1
20210222215141,0.0,0.0,0.0,0.0,2.5,0.0,97.2,0.3
20210222215211,0.0,0.0,0.0,0.0,1.8,0.0,98.0,0.2
20210222215241,0.0,0.0,0.0,0.0,1.1,0.0,98.2,0.7
20210222215311,0.0,0.0,0.0,0.1,2.1,0.0,97.7,0.1
20210222215341,0.0,0.0,0.0,0.1,4.6,0.0,95.2,0.2
20210222215411,0.0,0.0,0.0,0.0,4.1,0.0,88.2,7.7
20210222215441,0.0,0.0,0.0,0.0,32.3,0.0,24.3,43.3
20210222215511,0.0,0.0,0.0,0.0,52.2,0.0,23.5,24.3
20210222215541,0.0,0.0,0.0,0.0,88.2,0.0,3.9,7.9
20210222215611,0.0,0.0,0.0,0.0,78.3,0.0,12.3,9.4
20210222215641,0.0,0.0,0.0,0.0,67.9,0.0,4.1,28.0
20210222215711,0.0,0.0,0.0,0.0,31.2,0.0,7.0,61.8
20210222215741,0.0,0.0,0.0,0.0,38.4,0.0,1.7,59.8
20210222215811,0.0,0.0,0.0,0.0,39.0,0.0,4.4,56.6
20210222215841,0.0,0.0,0.0,0.0,54.7,0.0,2.6,42.7
20210222215911,0.0,0.0,0.0,0.1,25.6,0.0,13.6,60.8
20210222215941,0.0,0.0,0.0,0.0,12.6,0.0,13.0,74.4
20210222220011,0.0,0.0,0.0,0.0,31.1,0.0,10.4,58.5
20210222220041,0.0,0.0,0.0,0.0,30.3,0.0,19.8,49.9
20210222220111,0.0,0.0,0.0,0.0,13.1,0.0,3.0,84.0
20210222220141,0.0,0.0,0.0,0.0,55.7,0.0,6.7,37.6
20210222220211,0.0,0.0,0.0,0.0,10.1,0.0,16.5,73.4
20210222220241,0.0,0.0,0.0,0.0,55.6,0.0,10.7,33.7
20210222220311,0.0,0.0,0.0,0.0,63.3,0.0,20.3,16.4
20210222220341,0.0,0.0,0.0,0.1,15.1,0.0,61.6,23.2
20210222220411,0.0,0.0,0.0,0.0,32.3,0.0,20.7,47.0
20210222220441,0.0,0.0,0.0,0.0,22.2,0.0,22.5,55.3
20210222220511,0.0,0.0,0.0,0.0,32.5,0.0,53.4,14.1
20210222220541,0.0,0.0,0.0,0.0,31.3,0.0,32.1,36.5
20210222220611,0.0,0.0,0.0,0.0,15.5,0.0,70.0,14.5
20210222220641,0.0,0.0,0.0,0.0,3.5,0.0,87.8,8.7
20210222220711,0.0,0.0,0.0,0.0,15.2,0.0,72.1,12.7
20210222220741,0.0,0.0,0.0,0.0,3.9,0.0,90.4,5.7
20210222220811,0.0,0.0,0.0,0.0,6.9,0.0,81.4,11.7
20210222220841,0.0,0.0,0.0,0.0,4.2,0.0,90.1,5.7
20210222220911,0.0,0.0,0.0,0.0,3.9,0.0,90.2,5.8
20210222220941,0.0,0.0,0.0,0.0,2.6,0.0,90.8,6.7
20210222221011,0.0,0.0,0.0,0.0,1.9,0.0,90.4,7.7
20210222221041,0.0,0.0,0.0,0.0,5.1,0.0,58.6,36.3
20210222221111,0.0,0.0,0.0,0.0,6.7,0.0,80.3,13.0
20210222221141,0.0,0.0,0.0,0.0,4.0,0.0,85.8,10.2
20210222221211,0.0,0.0,0.0,0.0,4.4,0.0,91.9,3.8
20210222221241,0.0,0.0,0.0,0.0,0.7,0.0,97.1,2.1
20210222221311,0.0,0.0,0.0,0.0,7.4,0.0,77.7,14.9
20210222221341,0.0,0.0,0.0,0.0,2.3,0.0,93.2,4.5
20210222221411,0.0,0.0,0.0,0.0,4.3,0.0,87.2,8.5
20210222221441,0.0,0.0,0.0,0.0,12.7,0.0,73.3,13.9
20210222221511,0.0,0.0,0.0,0.0,10.2,0.0,72.4,17.3
20210222221541,0.0,0.0,0.0,0.0,5.8,0.0,86.4,7.8
20210222221611,0.0,0.0,0.0,0.0,8.5,0.0,87.1,4.4
20210222221641,0.0,0.0,0.0,0.0,4.3,0.0,85.1,10.5
20210222221711,0.0,0.0,0.0,0.0,7.3,0.0,89.7,2.9
20210222221741,0.0,0.0,0.0,0.0,2.3,0.0,94.9,2.8
20210222221811,0.0,0.0,0.0,0.0,6.3,0.0,87.2,6.5
20210222221841,0.0,0.0,0.0,0.0,5.3,0.0,93.5,1.2
20210222221911,0.0,0.0,0.0,0.0,8.3,0.0,83.6,8.1
20210222221941,0.0,0.0,0.0,0.0,5.0,0.0,92.6,2.4
20210222222011,0.0,0.0,0.0,0.0,3.2,0.0,90.5,6.3
20210222222041,0.0,0.0,0.0,0.0,9.6,0.0,86.3,4.0
20210222222111,0.0,0.0,0.0,0.0,3.0,0.0,95.2,1.8
20210222222141,0.0,0.0,0.0,0.0,8.9,0.0,85.0,6.0
20210222222211,0.0,0.0,0.0,0.0,3.5,0.0,92.7,3.8
20210222222241,0.0,0.0,0.0,0.0,2.3,0.0,94.0,3.7
20210222222311,0.0,0.0,0.0,0.0,15.0,0.0,79.6,5.3
20210222222341,0.0,0.0,0.0,0.0,10.1,0.0,88.3,1.6
20210222222411,0.0,0.0,0.0,0.0,4.9,0.0,90.8,4.3
20210222222441,0.0,0.0,0.0,0.0,2.9,0.0,95.8,1.3
20210222222512,0.0,0.0,0.0,0.0,7.1,0.0,88.3,4.6
20210222222542,0.0,0.0,0.0,0.0,15.1,0.0,83.4,1.4
20210222222612,0.0,0.0,0.0,0.0,18.8,0.0,77.3,3.9
20210222222642,0.0,0.0,0.0,0.0,25.2,0.0,71.1,3.6
20210222222712,0.0,0.0,0.0,0.0,4.4,0.0,94.9,0.7
20210222222742,0.0,0.0,0.0,0.0,7.3,0.0,91.2,1.5
20210222222812,0.0,0.0,0.0,0.0,24.2,0.0,73.9,1.9
20210222222842,0.0,0.0,0.0,0.0,11.7,0.0,85.2,3.0
20210222222912,0.0,0.0,0.0,0.0,18.1,0.0,79.6,2.3
20210222222942,0.0,0.0,0.0,0.0,13.9,0.0,84.1,2.0
20210222223012,0.0,0.0,0.0,0.0,32.6,0.0,61.8,5.5
20210222223042,0.0,0.0,0.0,0.0,43.0,0.0,53.5,3.5
20210222223112,0.0,0.0,0.0,0.0,11.5,0.0,86.3,2.2
20210222223142,0.0,0.0,0.0,0.0,29.6,0.0,66.6,3.7
20210222223212,0.0,0.0,0.0,0.0,25.1,0.0,66.5,8.4
20210222223242,0.0,0.0,0.0,0.0,41.1,0.0,51.8,7.0
20210222223312,0.0,0.0,0.0,0.0,61.1,0.0,23.8,15.1
20210222223342,0.0,0.0,0.0,0.0,69.2,0.0,24.8,6.0
20210222223412,0.0,0.0,0.0,0.0,52.0,0.0,39.9,8.0
20210222223442,0.0,0.0,0.0,0.0,69.8,0.0,18.1,12.1
20210222223512,0.0,0.0,0.0,0.0,72.1,0.0,20.7,7.2
20210222223542,0.0,0.0,0.0,0.0,64.3,0.0,19.7,16.0
20210222223612,0.0,0.0,0.0,0.0,23.2,0.0,64.0,12.8
20210222223642,0.0,0.0,0.0,0.0,43.7,0.0,52.4,3.9
20210222223712,0.0,0.0,0.0,0.0,76.8,0.0,15.1,8.0
20210222223742,0.0,0.0,0.0,0.0,59.5,0.0,17.2,23.2
20210222223812,0.0,0.0,0.0,0.0,38.0,0.0,48.5,13.4
20210222223842,0.0,0.0,0.0,0.0,57.0,0.0,37.9,5.0
20210222223912,0.0,0.0,0.0,0.0,65.2,0.1,12.4,22.4
20210222223942,0.0,0.0,0.0,0.0,64.8,0.0,24.6,10.5
20210222224012,0.0,0.0,0.0,0.0,76.1,0.0,16.8,7.1
20210222224042,0.0,0.0,0.0,0.0,47.9,0.0,33.7,18.4
20210222224112,0.0,0.0,0.0,0.0,65.2,0.0,24.4,10.4
20210222224142,0.0,0.0,0.0,0.0,32.4,0.0,55.1,12.5
20210222224212,0.0,0.0,0.0,0.0,28.9,0.0,66.2,4.8
20210222224242,0.0,0.0,0.0,0.0,13.4,0.0,73.6,13.0
20210222224312,0.0,0.0,0.0,0.0,49.9,0.0,38.3,11.8
20210222224342,0.0,0.0,0.0,0.0,15.9,0.0,78.8,5.2
20210222224412,0.0,0.0,0.0,0.0,62.8,0.0,18.7,18.4
20210222224442,0.0,0.0,0.0,0.0,34.4,0.0,40.8,24.8
20210222224512,0.0,0.0,0.0,0.0,46.0,0.0,37.1,16.9
20210222224542,0.0,0.0,0.0,0.0,34.9,0.0,58.1,7.0
20210222224612,0.0,0.0,0.0,0.0,36.3,0.0,43.0,20.7
20210222224642,0.0,0.0,0.0,0.0,46.2,0.0,35.8,18.0
20210222224712,0.0,0.0,0.0,0.0,29.0,0.0,62.2,8.8
20210222224742,0.0,0.0,0.0,0.0,41.7,0.1,40.5,17.7
20210222224812,0.0,0.0,0.0,0.0,39.7,0.0,52.8,7.4
20210222224842,0.0,0.0,0.0,0.0,28.0,0.0,61.8,10.1
20210222224912,0.0,0.0,0.0,0.0,29.2,0.0,63.5,7.3
20210222224942,0.0,0.0,0.0,0.0,70.5,0.0,17.9,11.6
20210222225012,0.0,0.0,0.0,0.0,32.0,0.0,65.0,3.0
20210222225042,0.0,0.0,0.0,0.0,53.5,0.1,34.7,11.8
20210222225112,0.0,0.0,0.0,0.0,33.9,0.0,57.4,8.7
20210222225143,0.0,0.0,0.0,0.0,10.2,0.0,86.2,3.5
20210222225213,0.0,0.0,0.0,0.0,33.9,0.1,40.6,25.5
20210222225243,0.0,0.0,0.0,0.0,36.7,0.0,51.4,11.9
20210222225313,0.0,0.0,0.0,0.0,19.2,0.0,72.1,8.7
20210222225343,0.0,0.0,0.0,0.0,72.0,0.0,25.4,2.5
20210222225413,0.0,0.0,0.0,0.0,13.2,0.0,83.0,3.8
20210222225443,0.0,0.0,0.0,0.0,30.8,0.1,58.8,10.3
20210222225513,0.0,0.0,0.0,0.0,4.9,0.0,92.0,3.0
20210222225543,0.0,0.0,0.0,0.0,31.7,0.1,56.6,11.7
20210222225613,0.0,0.0,0.0,0.0,12.7,0.0,79.5,7.8
