UT,arc,discrete,diffuse,ac,ab,clear,cloudy,dd
20211221131000,0.0,0.0,0.0,0.0,0.0,0.0,0.0,100.0
20211221131030,0.0,0.0,0.0,0.0,0.0,0.0,0.0,100.0
20211221131100,0.0,0.0,0.0,0.0,0.0,0.0,0.0,100.0
20211221131130,0.0,0.0,0.0,0.0,0.0,0.0,0.0,100.0
20211221131200,0.0,0.0,0.0,0.0,0.0,0.0,0.0,100.0
20211221131230,0.0,0.0,0.0,0.0,0.0,0.0,0.0,100.0
20211221131300,0.0,0.0,0.0,0.0,0.0,0.0,0.0,100.0
20211221131330,0.0,0.0,0.0,0.0,0.0,0.0,0.0,100.0
20211221131400,0.0,0.0,0.0,0.0,0.0,0.0,0.0,100.0
20211221131430,0.0,0.0,0.0,0.0,0.0,0.0,0.0,100.0
20211221131501,0.0,0.0,0.0,0.0,0.0,0.0,0.0,100.0
20211221131531,0.0,0.0,0.0,0.0,0.0,0.0,0.0,100.0
20211221131601,0.0,0.0,0.0,0.0,0.0,0.0,0.0,100.0
20211221131631,0.0,0.0,0.0,0.0,0.0,0.0,0.0,100.0
20211221131701,0.0,0.0,0.0,0.0,0.0,0.0,0.0,100.0
20211221131731,0.0,0.0,0.0,0.0,0.0,0.0,0.0,100.0
20211221131801,0.0,0.0,0.0,0.0,0.0,0.0,0.0,100.0
20211221131831,0.0,0.0,0.0,0.0,0.0,0.0,0.0,100.0
20211221131901,0.0,0.0,0.0,0.0,0.0,0.0,0.0,100.0
20211221131931,0.0,0.0,0.0,0.0,0.0,0.0,0.0,100.0
20211221132001,0.0,0.0,0.0,0.0,0.0,0.0,0.0,100.0
20211221132031,0.0,0.0,0.0,0.0,0.0,0.0,0.0,100.0
20211221132101,0.0,0.0,0.0,0.0,0.0,0.0,0.0,100.0
20211221132131,0.0,0.0,0.0,0.0,0.0,0.0,0.0,100.0
20211221132201,0.0,0.0,0.0,0.0,0.0,0.0,0.0,100.0
20211221132231,0.0,0.0,0.0,0.0,0.0,0.0,0.0,100.0
20211221132301,0.0,0.0,0.0,0.0,0.0,0.0,0.0,100.0
20211221132331,0.0,0.0,0.0,0.0,0.0,0.0,0.0,100.0
20211221132401,0.0,0.0,0.0,0.0,0.0,0.0,0.0,100.0
20211221132431,0.0,0.0,0.0,0.0,0.0,0.0,0.0,100.0
20211221132501,0.0,0.0,0.0,0.0,0.0,0.0,0.0,100.0
20211221132531,0.0,0.0,0.0,0.0,0.0,0.0,0.0,100.0
20211221132601,0.0,0.0,0.0,0.0,0.0,0.0,0.0,100.0
20211221132631,0.0,0.0,0.0,0.0,0.0,0.0,0.0,100.0
20211221132701,0.0,0.0,0.0,0.0,0.0,0.0,0.0,100.0
20211221132731,0.0,0.0,0.0,0.0,0.0,0.0,0.0,100.0
20211221132801,0.0,0.0,0.0,0.0,0.0,0.0,0.0,100.0
20211221132831,0.0,0.0,0.0,0.0,0.0,0.0,0.0,100.0
20211221132901,0.0,0.0,0.0,0.0,0.0,0.0,0.0,100.0
20211221132931,0.0,0.0,0.0,0.0,0.0,0.0,0.0,100.0
20211221133001,0.0,0.0,0.0,0.0,0.0,0.0,0.0,100.0
20211221133031,0.0,0.0,0.0,0.0,0.0,0.0,0.0,100.0
20211221133101,0.0,0.0,0.0,0.0,0.0,0.0,0.0,100.0
20211221133131,0.0,0.0,0.0,0.0,0.0,0.0,0.0,100.0
20211221133201,0.0,0.0,0.0,0.0,0.0,0.0,0.0,100.0
20211221133231,0.0,0.0,0.0,0.0,0.0,0.0,0.0,100.0
20211221133301,0.0,0.0,0.0,0.0,0.0,0.0,0.0,100.0
20211221133331,0.0,0.0,0.0,0.0,0.0,0.0,0.0,100.0
20211221133401,0.0,0.0,0.0,0.0,0.0,0.0,0.0,100.0
20211221133431,0.0,0.0,0.0,0.0,0.0,0.0,0.0,100.0
20211221133501,0.0,0.0,0.0,0.0,0.0,0.0,0.0,100.0
20211221133531,0.0,0.0,0.0,0.0,0.0,0.0,0.0,100.0
20211221133601,0.0,0.0,0.0,0.0,0.0,0.0,0.0,100.0
20211221133631,0.0,0.0,0.0,0.0,0.0,0.0,0.0,100.0
20211221133701,0.0,0.0,0.0,0.0,0.0,0.0,0.0,100.0
20211221133731,0.0,0.0,0.0,0.0,0.0,0.0,0.0,100.0
20211221133801,0.0,0.0,0.0,0.0,0.0,0.0,0.0,100.0
20211221133831,0.0,0.0,0.0,0.0,0.0,0.0,0.0,100.0
20211221133901,0.0,0.0,0.0,0.0,0.0,0.0,0.0,100.0
20211221133931,0.0,0.0,0.0,0.0,0.0,0.0,0.0,100.0
20211221134001,0.0,0.0,0.0,0.0,0.0,0.0,0.0,100.0
20211221134031,0.0,0.0,0.0,0.0,0.0,0.0,0.0,100.0
20211221134101,0.0,0.0,0.0,0.0,0.0,0.0,0.0,100.0
20211221134131,0.0,0.0,0.0,0.0,0.0,0.0,0.0,100.0
20211221134201,0.0,0.0,0.0,0.0,0.0,0.0,0.0,100.0
20211221134231,0.0,0.0,0.0,0.0,0.0,0.0,0.0,100.0
20211221134301,0.0,0.0,0.0,0.0,0.0,0.0,0.0,100.0
20211221134331,0.0,0.0,0.0,0.0,0.0,0.0,0.0,100.0
20211221134401,0.0,0.0,0.0,0.0,0.0,0.0,0.0,100.0
20211221134431,0.0,0.0,0.0,0.0,0.0,0.0,0.0,100.0
20211221134501,0.0,0.0,0.0,0.0,0.0,0.0,0.0,100.0
20211221134531,0.0,0.0,0.0,0.0,0.0,0.0,0.0,100.0
20211221134601,0.0,0.0,0.0,0.0,0.0,0.0,0.0,100.0
20211221134631,0.0,0.0,0.0,0.0,0.0,0.0,0.0,100.0
20211221134701,0.0,0.0,0.0,0.0,0.0,0.0,0.0,100.0
20211221134731,0.0,0.0,0.0,0.0,0.0,0.0,0.0,100.0
20211221134801,0.0,0.0,0.0,0.0,0.0,0.0,0.0,100.0
20211221134831,0.0,0.0,0.0,0.0,0.0,0.0,0.0,100.0
20211221134901,0.0,0.0,0.0,0.0,0.0,0.0,0.0,100.0
20211221134932,0.0,0.0,0.0,0.0,0.0,0.0,0.0,100.0
20211221135002,0.0,0.0,0.0,0.0,0.0,0.0,0.0,100.0
20211221135032,0.0,0.0,0.0,0.0,0.0,0.0,0.0,100.0
20211221135102,0.0,0.0,0.0,0.0,0.0,0.0,0.0,100.0
20211221135132,0.0,0.0,0.0,0.0,0.0,0.0,0.0,100.0
20211221135202,0.0,0.0,0.0,0.0,0.0,0.0,0.0,100.0
20211221135232,0.0,0.0,0.0,0.0,0.0,0.0,0.0,100.0
20211221135302,0.0,0.0,0.0,0.0,0.0,0.0,0.0,100.0
20211221135332,0.0,0.0,0.0,0.0,0.0,0.0,0.0,100.0
20211221135402,0.0,0.0,0.0,0.0,0.0,0.0,0.0,100.0
20211221135432,0.0,0.0,0.0,0.0,0.0,0.0,0.0,100.0
20211221135502,0.0,0.0,0.0,0.0,0.0,0.0,0.0,100.0
20211221135532,0.0,0.0,0.0,0.0,0.0,0.0,0.0,100.0
20211221135602,0.0,0.0,0.0,0.0,0.0,0.0,0.0,100.0
20211221135632,0.0,0.0,0.0,0.0,0.0,0.0,0.0,100.0
20211221135702,0.0,0.0,0.0,0.0,0.0,0.0,0.0,100.0
20211221135732,0.0,0.0,0.0,0.0,0.0,0.0,0.0,100.0
20211221135802,0.0,0.0,0.0,0.0,0.0,0.0,0.0,100.0
20211221135832,0.0,0.0,0.0,0.0,0.0,0.0,0.0,100.0
20211221135902,0.0,0.0,0.0,0.0,0.0,0.0,0.0,100.0
20211221135932,0.0,0.0,0.0,0.0,0.0,0.0,0.0,100.0
20211221140002,0.0,0.0,0.0,0.0,0.0,0.0,0.0,100.0
20211221140032,0.0,0.0,0.0,0.0,0.0,0.0,0.0,100.0
20211221140102,0.0,0.0,0.0,0.0,0.0,0.0,0.0,100.0
20211221140132,0.0,0.0,0.0,0.0,0.0,0.0,0.0,100.0
20211221140202,0.0,0.0,0.0,0.0,0.0,0.0,0.0,100.0
20211221140232,0.0,0.0,0.0,0.0,0.0,0.0,0.0,100.0
20211221140302,0.0,0.0,0.0,0.0,0.0,0.0,0.0,100.0
20211221140332,0.0,0.0,0.0,0.0,0.0,0.0,0.0,100.0
20211221140402,0.0,0.0,0.0,0.0,0.0,0.0,0.0,100.0
20211221140432,0.0,0.0,0.0,0.0,0.0,0.0,0.0,100.0
20211221140502,0.0,0.0,0.0,0.0,0.0,0.0,0.0,100.0
20211221140532,0.0,0.0,0.0,0.0,0.0,0.0,0.0,100.0
20211221140602,0.0,0.0,0.0,0.0,0.0,0.0,0.0,100.0
20211221140632,0.0,0.0,0.0,0.0,0.0,0.0,0.0,100.0
20211221140702,0.0,0.0,0.0,0.0,0.0,0.0,0.0,100.0
20211221140732,0.0,0.0,0.0,0.0,0.0,0.0,0.0,100.0
20211221140802,0.0,0.0,0.0,0.0,0.0,0.0,0.0,100.0
20211221140832,0.0,0.0,0.0,0.0,0.0,0.0,0.0,100.0
20211221140902,0.0,0.0,0.0,0.0,0.0,0.0,0.0,100.0
20211221140932,0.0,0.0,0.0,0.0,0.0,0.0,0.0,100.0
20211221141132,0.0,0.0,0.0,0.0,0.0,0.0,0.0,100.0
20211221141202,0.0,0.0,0.0,0.0,0.0,0.0,0.0,100.0
20211221141232,0.0,0.0,0.0,0.0,0.0,0.0,0.0,100.0
20211221141302,0.0,0.0,0.0,0.0,0.0,0.0,0.0,100.0
20211221141332,0.0,0.0,0.0,0.0,0.0,0.0,0.0,100.0
20211221141402,0.0,0.0,0.0,0.0,0.0,0.0,0.0,100.0
20211221141432,0.0,0.0,0.0,0.0,0.0,0.0,0.0,100.0
20211221141502,0.0,0.0,0.0,0.0,0.0,0.0,0.0,100.0
20211221141532,0.0,0.0,0.0,0.0,0.0,0.0,0.0,100.0
20211221141602,0.0,0.0,0.0,0.0,0.0,0.0,0.0,100.0
20211221141632,0.0,0.0,0.0,0.0,0.0,0.0,0.0,100.0
20211221141702,0.0,0.0,0.0,0.0,0.0,0.0,0.0,100.0
20211221141732,0.0,0.0,0.0,0.0,0.0,0.0,0.0,100.0
20211221141802,0.0,0.0,0.0,0.0,0.0,0.0,0.0,100.0
20211221141832,0.0,0.0,0.0,0.0,0.0,0.0,0.0,100.0
20211221141902,0.0,0.0,0.0,0.0,0.0,0.0,0.0,100.0
20211221141932,0.0,0.0,0.0,0.0,0.0,0.0,0.0,100.0
20211221142002,0.0,0.0,0.0,0.0,0.0,0.0,0.0,100.0
20211221142032,0.0,0.0,0.0,0.0,0.0,0.0,0.0,100.0
20211221142102,0.0,0.0,0.0,0.0,0.0,0.0,0.0,100.0
20211221142132,0.0,0.0,0.0,0.0,0.0,0.0,0.0,100.0
20211221142202,0.0,0.0,0.0,0.0,0.0,0.0,0.0,100.0
20211221142232,0.0,0.0,0.0,0.0,0.0,0.0,0.0,100.0
20211221142302,0.0,0.0,0.0,0.0,0.0,0.0,0.0,100.0
20211221142333,0.0,0.0,0.0,0.0,0.0,0.0,0.0,100.0
20211221142403,0.0,0.0,0.0,0.0,0.0,0.0,0.0,100.0
20211221142433,0.0,0.0,0.0,0.0,0.0,0.0,0.0,100.0
20211221142503,0.0,0.0,0.0,0.0,0.0,0.0,0.0,100.0
20211221142533,0.0,0.0,0.0,0.0,0.0,0.0,0.0,100.0
20211221142603,0.0,0.0,0.0,0.0,0.0,0.0,0.0,100.0
20211221142633,0.0,0.0,0.0,0.0,0.0,0.0,0.0,100.0
20211221142703,0.0,0.0,0.0,0.0,0.0,0.0,0.0,100.0
20211221142733,0.0,0.0,0.0,0.0,0.0,0.0,0.0,100.0
20211221142803,0.0,0.0,0.0,0.0,0.0,0.0,0.0,100.0
20211221142833,0.0,0.0,0.0,0.0,0.0,0.0,0.0,100.0
20211221142903,0.0,0.0,0.0,0.0,0.0,0.0,0.0,100.0
20211221142933,0.0,0.0,0.0,0.0,0.0,0.0,0.0,100.0
20211221143003,0.0,0.0,0.0,0.0,0.0,0.0,0.0,100.0
20211221143033,0.0,0.0,0.0,0.0,0.0,0.0,0.0,100.0
20211221143103,0.0,0.0,0.0,0.0,0.0,0.0,0.0,100.0
20211221143133,0.0,0.0,0.0,0.0,0.0,0.0,0.0,100.0
20211221143203,0.0,0.0,0.0,0.0,0.0,0.0,0.0,100.0
20211221143233,0.0,0.0,0.0,0.0,0.0,0.0,0.0,100.0
20211221143303,0.0,0.0,0.0,0.0,0.0,0.0,0.0,100.0
20211221143333,0.0,0.0,0.0,0.0,0.0,0.0,0.0,100.0
20211221143403,0.0,0.0,0.0,0.0,0.0,0.0,0.0,100.0
20211221143433,0.0,0.0,0.0,0.0,0.0,0.0,0.0,100.0
20211221143503,0.0,0.0,0.0,0.0,0.0,0.0,0.0,100.0
20211221143533,0.0,0.0,0.0,0.0,0.0,0.0,0.0,100.0
20211221143603,0.0,0.0,0.0,0.0,0.0,0.0,0.0,100.0
20211221143633,0.0,0.0,0.0,0.0,0.0,0.0,0.0,100.0
20211221143703,0.0,0.0,0.0,0.0,0.0,0.0,0.0,100.0
20211221143733,0.0,0.0,0.0,0.0,0.0,0.0,0.0,100.0
20211221143803,0.0,0.0,0.0,0.0,0.0,0.0,0.0,100.0
20211221143833,0.0,0.0,0.0,0.0,0.0,0.0,0.0,100.0
20211221143903,0.0,0.0,0.0,0.0,0.0,0.0,0.0,100.0
20211221143933,0.0,0.0,0.0,0.0,0.0,0.0,0.0,100.0
20211221144003,0.0,0.0,0.0,0.0,0.0,0.0,0.0,100.0
20211221144033,0.0,0.0,0.0,0.0,0.0,0.0,0.0,100.0
20211221144103,0.0,0.0,0.0,0.0,0.0,0.0,0.0,100.0
20211221144133,0.0,0.0,0.0,0.0,0.0,0.0,0.0,100.0
20211221144203,0.0,0.0,0.0,0.0,0.0,0.0,0.1,99.8
20211221144233,0.0,0.0,0.0,0.0,0.0,0.0,0.1,99.9
20211221144303,0.0,0.0,0.0,0.0,0.0,0.0,0.0,100.0
20211221144333,0.0,0.0,0.0,0.0,0.0,0.0,0.4,99.5
20211221144403,0.0,0.0,0.0,0.0,0.0,0.0,0.4,99.6
20211221144433,0.0,0.0,0.0,0.0,0.1,0.0,0.1,99.9
20211221144503,0.0,0.0,0.0,0.0,0.0,0.0,0.9,99.0
20211221144533,0.0,0.0,0.0,0.0,0.0,0.0,0.4,99.6
20211221144603,0.0,0.0,0.0,0.0,0.0,0.4,4.0,95.5
20211221144633,0.0,0.0,0.0,0.0,0.0,0.4,5.4,94.2
20211221144703,0.0,0.0,0.0,0.4,0.2,1.3,35.7,62.4
20211221144733,0.0,0.0,0.0,0.8,0.7,2.4,23.1,73.0
20211221144803,0.0,0.0,0.0,0.0,0.1,0.7,8.0,91.2
20211221144833,0.0,0.0,0.0,0.2,0.1,1.1,28.3,70.2
20211221144903,0.0,0.0,0.0,0.4,0.2,0.4,44.0,54.9
20211221144933,0.0,0.0,0.0,0.5,0.2,3.6,43.5,52.1
20211221145003,0.0,0.0,0.0,0.8,0.1,0.7,70.0,28.3
20211221145033,0.0,0.0,0.0,1.4,0.1,0.7,33.9,63.8
20211221145104,0.0,0.0,0.0,1.8,0.0,1.6,76.7,19.8
20211221145134,0.0,0.0,0.0,2.1,0.2,1.1,42.0,54.6
20211221145204,0.0,0.0,0.0,0.8,0.1,3.3,66.6,29.2
20211221145234,0.0,0.0,0.0,0.5,0.1,1.0,93.4,5.1
20211221145304,0.0,0.0,0.0,1.5,0.0,4.1,75.2,19.1
20211221145334,0.0,0.0,0.0,0.1,0.0,2.3,91.0,6.5
20211221145404,0.0,0.0,0.0,0.3,0.1,6.8,89.8,2.9
20211221145434,0.0,0.0,0.0,0.3,0.1,6.9,90.7,2.0
20211221145504,0.0,0.0,0.0,0.8,0.1,34.4,60.2,4.5
20211221145534,0.0,0.0,0.0,0.2,0.0,11.9,85.3,2.5
20211221145604,0.0,0.0,0.0,0.6,0.0,3.4,95.2,0.8
20211221145634,0.0,0.0,0.3,0.8,0.1,36.2,59.4,3.3
20211221145704,0.0,0.0,0.0,2.5,0.0,8.0,89.0,0.5
20211221145734,0.0,0.0,0.0,2.4,0.0,4.9,91.8,0.9
20211221145804,0.0,0.0,0.0,0.6,0.0,11.8,83.7,3.8
20211221145834,0.0,0.0,0.0,0.6,0.0,2.5,96.4,0.4
20211221145904,0.0,0.0,0.1,5.1,0.0,3.0,90.9,0.9
20211221145934,0.0,0.0,0.0,0.6,0.0,2.4,96.1,0.8
20211221150004,0.1,0.0,0.0,3.7,0.0,11.3,84.5,0.4
20211221150034,0.0,0.0,0.0,1.4,0.0,25.5,72.5,0.5
20211221150104,0.0,0.0,0.0,0.9,0.0,41.5,57.3,0.2
20211221150134,0.0,0.0,0.1,0.7,0.0,60.4,38.5,0.2
20211221150204,0.0,0.0,0.3,1.2,0.0,14.1,84.2,0.1
20211221150234,0.0,0.0,0.3,1.3,0.0,26.8,71.6,0.1
20211221150304,0.0,0.0,0.1,0.2,0.0,24.4,75.3,0.1
20211221150334,0.0,0.0,0.0,0.2,0.0,41.8,57.8,0.1
20211221150404,0.0,0.0,0.0,0.2,0.0,50.1,49.2,0.4
20211221150434,0.0,0.0,0.0,0.1,0.0,50.0,49.4,0.5
20211221150504,0.0,0.0,0.2,0.5,0.0,31.4,67.3,0.6
20211221150534,0.0,0.0,0.1,0.1,0.0,7.2,91.7,0.8
20211221150604,0.0,0.0,0.7,1.5,0.0,10.1,86.8,0.8
20211221150634,0.0,0.0,1.0,0.3,0.0,4.6,93.7,0.5
20211221150704,0.0,0.0,3.0,0.8,0.0,38.1,57.2,0.9
20211221150734,0.0,0.0,0.4,1.2,0.0,11.9,85.7,0.7
20211221150804,0.1,0.0,0.7,1.3,0.1,59.7,37.8,0.3
20211221150834,0.1,0.0,0.5,0.1,0.1,76.5,22.6,0.1
20211221150904,0.0,0.0,0.0,0.1,0.1,38.8,61.0,0.0
20211221150934,0.0,0.0,0.0,0.0,0.0,23.4,76.4,0.1
20211221151004,0.0,0.0,0.0,0.0,0.0,70.0,29.8,0.0
20211221151034,0.1,0.0,0.1,0.0,0.2,60.6,38.9,0.1
20211221151104,0.1,0.0,0.4,0.1,0.3,46.8,52.1,0.2
20211221151134,0.1,0.0,0.1,0.1,0.5,25.4,73.6,0.2
20211221151204,0.0,0.0,0.1,0.0,0.2,73.0,26.5,0.0
20211221151234,0.1,0.0,0.5,0.2,0.4,33.5,65.0,0.4
20211221151304,0.0,0.0,0.1,0.0,0.2,41.0,58.7,0.0
20211221151334,0.0,0.0,0.3,0.0,0.2,34.6,64.8,0.0
20211221151404,0.0,0.0,0.3,0.0,0.3,8.9,89.8,0.6
20211221151434,0.0,0.0,0.3,0.0,0.2,27.2,72.1,0.1
20211221151504,0.1,0.0,0.4,0.1,0.3,37.9,61.3,0.0
20211221151534,0.1,0.0,0.5,0.3,0.3,42.8,55.5,0.6
20211221151604,0.0,0.0,0.2,0.1,0.1,18.5,81.0,0.1
20211221151634,0.0,0.0,0.1,0.0,0.0,95.7,4.1,0.0
20211221151704,0.0,0.0,0.0,0.0,0.0,97.1,2.9,0.0
20211221151734,0.0,0.0,0.0,0.0,0.0,77.5,22.4,0.0
20211221151804,0.0,0.0,0.0,0.0,0.0,89.6,9.7,0.6
20211221151834,0.4,0.0,0.1,0.2,1.0,57.9,11.6,28.8
20211221151904,0.1,0.0,0.0,0.1,0.3,7.9,2.5,89.0
20211221151934,0.1,0.0,0.0,0.0,0.4,2.6,0.3,96.7
20211221152004,0.1,0.0,0.0,0.0,0.1,0.1,0.0,99.8
20211221152034,0.0,0.0,0.0,0.0,0.0,0.0,0.0,100.0
20211221152104,0.0,0.0,0.0,0.0,0.0,0.4,0.0,99.6
20211221152134,0.1,0.0,0.0,0.0,0.1,40.9,0.3,58.6
20211221152204,0.2,0.0,0.0,0.0,0.1,10.0,0.0,89.7
20211221152234,0.3,0.0,0.0,0.0,0.1,1.9,0.0,97.7
20211221152304,0.1,0.0,0.0,0.0,0.0,0.6,0.0,99.3
20211221152334,0.1,0.0,0.0,0.0,0.0,0.8,0.0,99.0
20211221152404,0.2,0.0,0.0,0.1,0.1,36.2,1.1,62.3
20211221152434,1.2,0.0,0.0,0.0,0.1,94.4,1.5,2.8
20211221152505,0.1,0.0,0.0,0.0,0.0,99.2,0.6,0.2
20211221152535,1.6,0.0,0.1,0.2,0.3,69.4,4.5,23.9
20211221152605,0.4,0.0,0.0,0.0,0.1,96.0,1.5,2.0
20211221152635,0.1,0.0,0.0,0.0,0.0,99.0,0.7,0.1
20211221152705,0.1,0.0,0.0,0.0,0.0,97.9,1.7,0.2
20211221152735,0.0,0.0,0.0,0.0,0.0,99.1,0.6,0.2
20211221152805,0.0,0.0,0.0,0.0,0.0,99.8,0.1,0.0
20211221152835,0.0,0.0,0.0,0.0,0.0,99.9,0.1,0.0
20211221152905,0.0,0.0,0.0,0.0,0.0,99.9,0.1,0.0
20211221152935,0.0,0.0,0.0,0.0,0.0,99.9,0.1,0.0
20211221153005,0.0,0.0,0.0,0.0,0.0,100.0,0.0,0.0
20211221153035,0.1,0.0,0.0,0.0,0.0,99.9,0.1,0.0
20211221153105,0.0,0.0,0.0,0.0,0.0,99.6,0.3,0.0
20211221153135,0.0,0.0,0.0,0.0,0.0,100.0,0.0,0.0
20211221153205,0.0,0.0,0.0,0.0,0.0,100.0,0.0,0.0
20211221153235,0.0,0.0,0.0,0.0,0.0,99.9,0.1,0.0
20211221153305,0.0,0.0,0.0,0.0,0.0,99.9,0.1,0.0
20211221153335,0.0,0.0,0.0,0.0,0.0,99.9,0.1,0.0
20211221153405,0.0,0.0,0.0,0.0,0.0,99.9,0.1,0.0
20211221153435,0.0,0.0,0.0,0.0,0.0,100.0,0.0,0.0
20211221153505,0.0,0.0,0.0,0.0,0.0,100.0,0.0,0.0
20211221153535,0.0,0.0,0.0,0.0,0.0,100.0,0.0,0.0
20211221153605,0.0,0.0,0.0,0.0,0.0,100.0,0.0,0.0
20211221153635,0.0,0.0,0.0,0.0,0.0,100.0,0.0,0.0
20211221153705,0.0,0.0,0.0,0.0,0.0,100.0,0.0,0.0
20211221153735,0.0,0.0,0.0,0.0,0.0,100.0,0.0,0.0
20211221153805,0.0,0.0,0.0,0.0,0.0,100.0,0.0,0.0
20211221153835,0.0,0.0,0.0,0.0,0.0,100.0,0.0,0.0
20211221153905,0.0,0.0,0.0,0.0,0.0,99.9,0.1,0.0
20211221153935,0.0,0.0,0.0,0.0,0.0,99.9,0.0,0.0
20211221154005,0.0,0.0,0.0,0.0,0.0,99.9,0.1,0.0
20211221154035,0.0,0.0,0.0,0.0,0.0,98.3,0.3,1.3
20211221154105,0.0,0.0,0.0,0.0,0.0,99.6,0.1,0.3
20211221154135,0.0,0.0,0.0,0.0,0.0,99.0,0.7,0.3
20211221154205,0.0,0.0,0.0,0.0,0.0,99.9,0.0,0.0
20211221154235,0.0,0.0,0.0,0.0,0.0,99.1,0.4,0.5
20211221154305,0.0,0.0,0.0,0.0,0.0,99.9,0.0,0.0
20211221154335,0.0,0.0,0.0,0.0,0.0,99.9,0.0,0.1
20211221154405,0.0,0.0,0.0,0.0,0.0,99.9,0.0,0.1
20211221154435,0.0,0.0,0.0,0.0,0.0,100.0,0.0,0.0
20211221154505,0.0,0.0,0.0,0.0,0.0,99.9,0.0,0.0
20211221154535,0.0,0.0,0.0,0.0,0.0,100.0,0.0,0.0
20211221154605,0.0,0.0,0.0,0.0,0.0,99.9,0.0,0.0
20211221154635,0.0,0.0,0.0,0.0,0.0,99.9,0.0,0.1
20211221154705,0.0,0.0,0.0,0.0,0.0,99.3,0.3,0.5
20211221154735,0.0,0.0,0.0,0.0,0.0,99.6,0.1,0.4
20211221154805,0.0,0.0,0.0,0.0,0.0,99.9,0.1,0.1
20211221154835,0.0,0.0,0.0,0.0,0.0,99.5,0.1,0.4
20211221154905,0.0,0.0,0.0,0.0,0.0,99.3,0.0,0.7
20211221154935,0.0,0.0,0.0,0.0,0.0,99.5,0.0,0.5
20211221155005,0.0,0.0,0.0,0.0,0.0,99.6,0.0,0.4
20211221155035,0.0,0.0,0.0,0.0,0.0,99.6,0.0,0.3
20211221155105,0.0,0.0,0.0,0.0,0.0,99.4,0.0,0.6
20211221155135,0.0,0.0,0.0,0.0,0.0,98.0,0.0,2.0
20211221155205,0.0,0.0,0.0,0.0,0.0,99.8,0.0,0.2
20211221155235,0.0,0.0,0.0,0.0,0.0,97.9,0.1,2.0
20211221155305,0.0,0.0,0.0,0.0,0.0,99.1,0.1,0.9
20211221155335,0.0,0.0,0.0,0.0,0.0,96.7,0.2,3.1
20211221155405,0.0,0.0,0.0,0.0,0.0,99.0,0.1,1.0
20211221155435,0.0,0.0,0.0,0.0,0.0,86.7,0.1,13.2
20211221155505,0.0,0.0,0.0,0.0,0.0,83.9,0.2,15.9
20211221155535,0.0,0.0,0.0,0.0,0.0,96.0,0.0,4.0
20211221155605,0.0,0.0,0.0,0.0,0.0,99.5,0.0,0.5
20211221155635,0.0,0.0,0.0,0.0,0.0,98.4,0.0,1.5
20211221155705,0.0,0.0,0.0,0.0,0.0,92.6,0.1,7.2
20211221155735,0.0,0.0,0.0,0.0,0.0,85.7,0.2,14.0
20211221155805,0.0,0.0,0.0,0.0,0.0,99.5,0.1,0.4
20211221155835,0.0,0.0,0.0,0.0,0.0,90.1,0.1,9.8
20211221155905,0.0,0.0,0.0,0.0,0.0,97.6,0.1,2.3
20211221155935,0.0,0.0,0.0,0.0,0.0,89.5,0.1,10.3
20211221160006,0.0,0.0,0.0,0.0,0.0,99.3,0.1,0.7
20211221160036,0.0,0.0,0.0,0.0,0.0,98.1,0.1,1.7
20211221160106,0.0,0.0,0.0,0.0,0.0,96.3,0.4,3.3
20211221160136,0.0,0.0,0.0,0.0,0.0,84.4,0.9,14.6
20211221160206,0.1,0.0,0.0,0.0,0.0,88.2,0.5,11.2
20211221160236,0.0,0.0,0.0,0.0,0.0,96.0,1.1,2.8
20211221160306,0.0,0.0,0.0,0.0,0.0,85.3,1.6,13.1
20211221160336,0.1,0.0,0.0,0.0,0.0,92.2,2.9,4.8
20211221160406,0.1,0.0,0.0,0.0,0.0,97.7,1.0,1.2
20211221160436,0.3,0.0,0.0,0.0,0.0,88.7,6.2,4.8
20211221160506,1.5,0.0,0.0,0.1,0.3,77.3,4.2,16.6
20211221160536,0.8,0.0,0.0,0.0,0.1,77.6,6.9,14.5
20211221160606,1.1,0.0,0.0,0.0,0.0,92.3,2.1,4.4
20211221160636,0.8,0.0,0.0,0.0,0.0,88.3,4.1,6.7
20211221160706,0.2,0.0,0.0,0.0,0.0,95.5,0.9,3.4
20211221160736,1.0,0.0,0.0,0.1,0.2,74.6,4.4,19.7
20211221160806,0.7,0.1,0.0,0.0,0.1,89.7,3.3,6.2
20211221160836,2.4,0.1,0.0,0.1,0.2,45.4,7.1,44.7
20211221160906,0.0,0.0,0.0,0.0,0.0,0.8,0.3,98.8
20211221160936,0.0,0.0,0.0,0.0,0.0,3.6,0.3,96.0
20211221161006,0.0,0.0,0.0,0.0,0.0,0.0,0.0,99.9
20211221161036,0.0,0.0,0.0,0.0,0.1,0.3,0.4,99.1
20211221161106,0.0,0.0,0.0,0.0,0.0,0.0,0.0,100.0
20211221161136,0.0,0.0,0.0,0.0,0.3,0.1,0.2,99.3
20211221161206,0.0,0.0,0.0,0.0,0.0,0.5,0.1,99.4
20211221161236,0.0,0.0,0.0,0.0,0.0,0.1,0.1,99.8
20211221161306,0.0,0.0,0.0,0.0,0.0,0.3,0.3,99.2
20211221161336,0.0,0.0,0.0,0.0,0.0,0.0,0.0,100.0
20211221161406,0.0,0.0,0.0,0.1,0.1,0.2,0.3,99.2
20211221161436,0.0,0.0,0.0,0.0,0.0,0.2,2.0,97.7
20211221161506,0.1,0.0,0.0,0.0,0.2,0.3,2.5,96.8
20211221161536,0.0,0.0,0.0,0.0,0.0,0.2,0.6,99.1
20211221161606,0.3,0.2,0.0,0.0,0.7,2.3,2.1,94.4
20211221161636,0.0,0.0,0.0,0.0,0.1,0.0,0.1,99.9
20211221161706,0.0,0.0,0.0,0.0,0.2,0.0,0.2,99.6
20211221161736,0.0,0.0,0.0,0.0,0.0,0.0,0.0,99.9
20211221161806,0.0,0.0,0.0,0.0,0.0,0.0,0.0,100.0
20211221161836,0.0,0.0,0.0,0.0,0.0,0.0,0.0,100.0
20211221161906,0.0,0.0,0.0,0.0,0.0,0.0,0.0,99.9
20211221161936,0.0,0.0,0.0,0.0,0.0,0.0,0.0,100.0
20211221162006,0.0,0.0,0.0,0.0,0.0,0.0,0.1,99.9
20211221162036,0.0,0.0,0.0,0.0,0.3,0.1,3.1,96.4
20211221162106,0.0,0.0,0.0,0.2,0.6,0.1,5.5,93.6
20211221162136,0.1,0.0,0.0,0.2,0.3,1.0,9.3,89.2
20211221162206,0.2,0.0,0.0,0.1,1.4,6.6,47.4,44.2
20211221162236,0.0,0.0,0.0,0.0,0.0,0.1,1.5,98.3
20211221162306,0.9,0.2,0.0,0.5,2.1,2.6,14.3,79.5
20211221162336,0.2,0.0,0.0,0.1,0.1,0.7,5.7,93.2
20211221162406,0.3,0.0,0.0,0.0,0.2,0.8,1.5,97.2
20211221162436,0.1,0.0,0.0,0.1,0.2,1.1,6.2,92.3
20211221162506,0.2,0.0,0.0,0.2,0.4,0.9,7.2,91.2
20211221162536,0.4,0.0,0.0,0.6,0.7,3.7,31.9,62.8
20211221162606,0.7,0.0,0.0,0.6,0.8,7.8,44.5,45.6
20211221162637,0.2,0.0,0.0,0.3,0.5,11.9,46.5,40.6
20211221162707,1.1,0.0,0.0,0.6,2.2,18.7,53.9,23.5
20211221162737,0.7,0.0,0.0,1.1,1.1,9.4,26.3,61.5
20211221162807,0.3,0.0,0.0,0.9,1.9,0.7,33.3,62.9
20211221162837,0.4,0.0,0.0,2.6,1.5,2.3,58.5,34.7
20211221162907,1.1,0.0,0.0,3.7,1.0,1.6,69.0,23.6
20211221162937,0.5,0.0,0.0,2.9,2.1,1.9,52.1,40.5
20211221163007,0.1,0.0,0.0,2.1,0.5,1.3,28.0,68.1
20211221163037,0.2,0.0,0.0,2.8,0.4,1.1,56.6,38.9
20211221163107,0.3,0.0,0.0,2.4,0.5,0.6,86.4,9.7
20211221163137,0.4,0.0,0.0,1.0,0.4,1.9,58.5,37.8
20211221163207,0.9,0.0,0.0,3.3,0.9,9.3,74.0,11.7
20211221163237,0.3,0.0,0.0,1.4,0.3,13.2,74.5,10.3
20211221163307,1.2,0.0,0.0,2.9,0.8,9.3,79.4,6.4
20211221163337,0.6,0.0,0.0,1.1,0.3,11.8,83.8,2.4
20211221163407,0.2,0.0,0.0,0.5,0.2,46.6,50.1,2.4
20211221163437,0.2,0.0,0.0,1.0,0.2,20.9,75.8,1.9
20211221163507,0.0,0.0,0.0,0.1,0.0,6.4,91.8,1.7
20211221163537,0.1,0.0,0.0,0.5,0.0,2.8,94.4,2.2
20211221163607,0.1,0.0,0.0,2.9,0.2,3.5,80.0,13.4
20211221163637,0.1,0.0,0.0,2.2,0.3,2.8,87.9,6.7
20211221163707,0.1,0.0,0.0,1.4,0.2,0.8,93.7,3.8
20211221163737,0.5,0.0,0.0,2.2,0.5,2.0,74.8,19.9
20211221163807,0.2,0.0,0.0,1.8,0.1,2.5,87.2,8.2
20211221163837,0.3,0.0,0.0,3.8,1.6,2.2,84.7,7.4
20211221163907,0.1,0.0,0.0,5.1,0.2,0.4,90.4,3.8
20211221163937,0.1,0.0,0.0,1.5,0.2,1.5,94.0,2.6
20211221164007,0.2,0.0,0.0,1.5,0.1,1.4,94.0,2.7
20211221164037,0.1,0.0,0.0,2.4,0.1,1.8,92.2,3.5
20211221164107,0.0,0.0,0.0,1.1,0.1,2.1,92.9,3.8
20211221164137,0.1,0.0,0.0,0.6,0.0,3.4,94.7,1.2
20211221164207,0.2,0.0,0.0,0.5,0.1,4.0,90.0,5.2
20211221164237,0.1,0.0,0.0,0.7,0.1,2.5,92.2,4.5
20211221164307,0.0,0.0,0.0,1.3,0.0,2.0,91.6,5.0
20211221164337,0.1,0.0,0.0,0.9,0.1,1.5,94.3,3.1
20211221164407,0.4,0.0,0.0,2.0,0.5,3.1,85.8,8.2
20211221164437,0.1,0.0,0.0,2.8,0.4,2.7,89.2,4.7
20211221164507,0.7,0.0,0.0,6.3,1.2,2.9,73.1,15.7
20211221164537,0.1,0.0,0.0,3.1,0.3,1.8,89.5,5.2
20211221164607,0.2,0.0,0.0,1.2,0.4,3.1,87.9,7.3
20211221164637,0.1,0.0,0.0,1.1,0.2,4.5,88.8,5.3
20211221164707,0.0,0.0,0.0,0.6,0.1,1.7,92.0,5.6
20211221164737,0.0,0.0,0.0,0.3,0.2,4.1,93.7,1.7
20211221164807,0.2,0.0,0.0,1.2,0.3,3.1,78.9,16.4
20211221164837,0.0,0.0,0.0,0.3,0.1,4.9,91.2,3.4
20211221164907,0.1,0.0,0.0,0.7,0.2,13.1,74.4,11.5
20211221164937,0.1,0.0,0.0,2.4,0.2,2.9,85.6,8.8
20211221165007,0.1,0.0,0.0,0.9,0.3,2.6,85.3,10.8
20211221165037,0.1,0.0,0.0,1.8,0.4,5.3,54.4,38.0
20211221165107,0.6,0.0,0.0,2.7,0.8,7.2,53.1,35.6
20211221165137,0.2,0.0,0.0,2.6,0.9,5.4,49.4,41.5
20211221165207,0.2,0.0,0.0,2.4,0.2,2.8,72.2,22.1
20211221165237,0.1,0.0,0.0,1.9,0.3,0.8,72.7,24.1
20211221165307,0.2,0.0,0.0,1.0,0.1,3.6,57.1,38.1
20211221165337,0.4,0.0,0.0,0.7,0.4,4.5,63.1,30.8
20211221165407,0.2,0.0,0.0,0.5,0.1,2.5,57.5,39.2
20211221165437,0.1,0.0,0.0,0.2,0.0,1.4,57.5,40.8
20211221165507,0.3,0.0,0.0,0.8,0.1,4.6,81.1,13.1
20211221165537,0.2,0.0,0.0,0.9,0.6,6.9,59.7,31.6
20211221165607,0.1,0.0,0.0,0.3,0.1,1.6,79.8,18.2
20211221165637,0.1,0.0,0.0,0.1,0.1,1.4,68.6,29.7
20211221165707,0.1,0.0,0.0,0.3,0.1,0.6,53.7,45.1
20211221165737,0.2,0.0,0.0,0.1,0.1,1.2,81.5,16.9
20211221165807,0.1,0.0,0.0,0.1,0.2,1.4,77.5,20.6
20211221165837,0.1,0.0,0.0,0.3,0.6,1.9,13.8,83.2
20211221165907,0.3,0.1,0.0,0.3,0.3,3.0,43.2,52.7
20211221165937,0.2,0.0,0.0,0.9,0.3,1.3,80.7,16.4
20211221170007,0.4,0.0,0.0,0.9,0.1,2.0,72.8,23.8
20211221170038,0.5,0.0,0.0,0.7,0.2,4.3,70.0,24.3
20211221170108,0.8,0.0,0.0,1.4,0.1,6.0,72.6,19.0
20211221170138,0.2,0.0,0.0,1.1,0.1,2.3,76.1,20.2
20211221170208,0.2,0.0,0.0,1.4,0.1,4.8,67.5,26.0
20211221170238,0.3,0.0,0.0,1.9,0.1,7.8,74.6,15.2
20211221170308,0.3,0.0,0.0,0.4,0.1,2.2,91.6,5.5
20211221170338,0.2,0.0,0.0,0.7,0.1,2.0,91.5,5.5
20211221170408,0.3,0.0,0.0,0.2,0.1,1.1,84.9,13.3
20211221170438,0.6,0.0,0.0,0.5,0.4,2.4,63.6,32.5
20211221170508,0.2,0.0,0.0,0.4,0.1,2.6,79.9,16.8
20211221170538,0.7,0.0,0.0,0.9,0.6,2.5,82.9,12.3
20211221170608,0.1,0.0,0.0,0.1,0.1,0.9,77.7,21.2
20211221170638,0.3,0.0,0.0,0.8,0.3,4.8,84.1,9.5
20211221170708,0.1,0.0,0.0,0.4,0.2,2.7,58.7,37.8
20211221170738,0.1,0.0,0.0,0.2,0.1,0.4,83.3,15.9
20211221170808,0.1,0.0,0.0,0.4,0.2,2.6,82.7,14.0
20211221170838,0.8,0.0,0.0,0.7,0.6,2.7,57.9,37.3
20211221170908,0.1,0.0,0.0,0.1,0.2,0.3,84.5,14.9
20211221170938,0.1,0.0,0.0,0.1,0.1,0.8,61.0,37.8
20211221171008,0.1,0.0,0.0,0.2,0.5,0.2,67.1,31.9
20211221171038,0.3,0.0,0.0,0.2,0.3,2.2,83.2,13.7
20211221171108,0.1,0.0,0.0,0.4,0.4,0.5,45.4,53.2
20211221171138,0.0,0.0,0.0,0.1,0.1,0.8,41.5,57.5
20211221171208,0.0,0.0,0.0,0.2,0.1,0.1,40.6,59.0
20211221171238,0.0,0.0,0.0,0.1,0.1,0.5,73.2,26.2
20211221171308,0.1,0.0,0.0,0.2,0.5,0.2,51.6,47.3
20211221171338,0.0,0.0,0.0,0.1,0.1,0.2,47.6,51.9
20211221171408,0.1,0.0,0.0,0.1,0.1,0.6,87.7,11.5
20211221171438,0.0,0.0,0.0,0.0,0.1,0.2,85.8,13.8
20211221171508,0.0,0.0,0.0,0.0,0.1,0.1,32.0,67.8
20211221171538,0.1,0.0,0.0,0.3,0.2,0.4,85.1,13.9
20211221171608,0.0,0.0,0.0,0.1,0.1,0.1,74.3,25.3
20211221171638,0.0,0.0,0.0,0.0,0.1,0.1,96.7,3.0
20211221171708,0.1,0.0,0.0,0.3,0.1,0.5,81.3,17.7
20211221171738,0.0,0.0,0.0,0.1,0.2,0.3,81.8,17.5
20211221171808,0.1,0.0,0.0,0.2,0.2,0.6,69.3,29.6
20211221171838,0.1,0.0,0.0,0.3,0.3,0.3,87.7,11.4
20211221171908,0.1,0.0,0.0,0.3,0.1,0.3,91.8,7.3
20211221171938,0.0,0.0,0.0,0.2,0.2,0.4,83.1,16.0
20211221172008,0.1,0.0,0.0,0.4,0.4,0.7,76.3,22.1
20211221172038,0.1,0.0,0.0,0.3,0.1,0.2,81.1,18.3
20211221172108,0.2,0.0,0.0,0.1,0.4,1.0,87.4,10.9
20211221172138,0.1,0.0,0.0,0.4,0.3,0.2,85.0,14.1
20211221172208,0.0,0.0,0.0,0.2,0.3,0.2,83.2,16.2
20211221172238,0.1,0.0,0.0,0.1,0.2,0.5,93.0,6.0
20211221172308,0.3,0.0,0.0,0.8,1.4,0.9,78.1,18.4
20211221172338,0.2,0.0,0.0,0.2,0.2,0.8,86.0,12.6
20211221172408,0.1,0.0,0.0,0.3,0.1,0.3,87.8,11.4
20211221172438,0.0,0.0,0.0,0.1,0.0,0.4,91.6,7.9
20211221172508,0.1,0.0,0.0,0.2,0.3,0.3,87.3,11.9
20211221172538,0.0,0.0,0.0,0.1,0.1,0.2,90.1,9.4
20211221172608,0.0,0.0,0.0,0.1,0.3,0.1,83.0,16.5
20211221172638,0.1,0.0,0.0,0.2,0.3,0.8,69.9,28.8
20211221172708,0.0,0.0,0.0,0.0,0.2,0.2,57.3,42.2
20211221172738,0.1,0.0,0.0,0.2,0.2,0.5,71.8,27.3
20211221172808,0.0,0.0,0.0,0.0,0.2,0.2,84.0,15.5
20211221172838,0.0,0.0,0.0,0.1,0.1,0.2,77.2,22.4
20211221172908,0.0,0.0,0.0,0.1,0.3,0.2,82.8,16.6
20211221172938,0.1,0.0,0.0,0.1,0.6,0.7,62.3,36.2
20211221173008,0.0,0.0,0.0,0.3,0.5,0.3,72.5,26.4
20211221173038,0.0,0.0,0.0,0.3,0.5,0.3,63.4,35.5
20211221173108,0.0,0.0,0.0,0.4,1.3,0.2,37.6,60.4
20211221173138,0.0,0.0,0.0,0.3,0.4,0.2,66.5,32.4
20211221173208,0.1,0.0,0.0,0.9,1.0,0.5,63.8,33.6
20211221173238,0.1,0.0,0.0,0.4,0.6,0.3,59.9,38.8
20211221173308,0.0,0.0,0.0,0.2,0.2,0.4,54.8,44.3
20211221173338,0.0,0.0,0.0,0.3,0.3,0.1,35.8,63.4
20211221173408,0.0,0.0,0.0,0.3,0.9,0.2,50.0,48.5
20211221173438,0.0,0.0,0.0,0.2,0.5,0.1,33.2,66.1
20211221173508,0.1,0.0,0.0,0.3,0.7,0.3,53.0,45.6
20211221173539,0.1,0.0,0.0,0.2,2.0,0.8,70.9,25.9
20211221173609,0.1,0.0,0.0,0.7,2.0,0.6,39.0,57.5
20211221173639,0.1,0.0,0.0,0.1,0.9,0.2,48.9,49.7
20211221173709,0.1,0.0,0.0,0.3,1.4,0.7,37.1,60.4
20211221173739,0.0,0.0,0.0,0.4,0.4,0.1,39.4,59.6
20211221173809,0.0,0.0,0.0,0.2,0.3,0.3,51.3,47.8
20211221173839,0.2,0.0,0.0,0.1,0.6,0.6,34.7,63.7
20211221173909,0.1,0.0,0.0,0.1,0.3,0.4,50.1,49.0
20211221173939,0.1,0.0,0.0,0.2,0.5,0.2,78.2,20.8
20211221174009,0.0,0.0,0.0,0.2,0.6,0.1,88.9,10.2
20211221174039,0.0,0.0,0.0,0.2,0.5,0.2,75.6,23.4
20211221174109,0.1,0.0,0.0,0.6,1.7,0.4,79.5,17.6
20211221174139,0.0,0.0,0.0,0.1,0.3,0.1,55.3,44.3
20211221174209,0.2,0.0,0.0,0.2,0.8,0.6,72.9,25.3
20211221174239,0.0,0.0,0.0,0.0,30.9,0.1,4.9,64.0
20211221174309,0.2,0.0,0.0,0.0,13.9,0.3,13.2,72.3
20211221174339,0.0,0.0,0.0,0.0,0.1,0.0,0.1,99.8
20211221174409,0.0,0.0,0.0,0.1,2.4,0.1,18.8,78.6
20211221174439,0.0,0.0,0.0,0.1,0.4,0.0,24.1,75.4
20211221174509,0.0,0.0,0.0,0.1,0.4,0.1,28.9,70.5
20211221174539,0.0,0.0,0.0,0.1,0.7,0.2,34.7,64.3
20211221174609,0.0,0.0,0.0,0.1,0.5,0.1,34.1,65.1
20211221174639,0.0,0.0,0.0,0.2,0.4,0.1,78.0,21.3
20211221174709,0.0,0.0,0.0,0.2,0.2,0.2,46.7,52.7
20211221174739,0.0,0.0,0.0,0.2,0.7,0.1,51.9,47.2
20211221174809,0.0,0.0,0.0,0.1,0.2,0.1,43.6,56.0
20211221174839,0.0,0.0,0.0,0.2,0.5,0.2,66.7,32.3
20211221174909,0.0,0.0,0.0,0.1,0.4,0.1,91.5,8.0
20211221174939,0.0,0.0,0.0,0.3,0.4,0.1,75.8,23.5
20211221175009,0.0,0.0,0.0,0.1,0.2,0.1,69.5,30.1
20211221175039,0.0,0.0,0.0,0.3,0.6,0.1,47.8,51.2
20211221175109,0.1,0.0,0.0,0.3,0.6,0.4,54.5,44.1
20211221175139,0.0,0.0,0.0,0.2,1.0,0.2,76.6,21.9
20211221175209,0.0,0.0,0.0,0.3,0.5,0.1,75.4,23.6
20211221175239,0.0,0.0,0.0,0.1,0.3,0.1,82.1,17.4
20211221175309,0.0,0.0,0.0,0.1,0.6,0.0,74.2,25.1
20211221175339,0.0,0.0,0.0,0.1,0.2,0.1,88.3,11.3
20211221175409,0.0,0.0,0.0,0.1,0.1,0.0,92.6,7.3
20211221175439,0.0,0.0,0.0,0.1,0.2,0.0,91.8,8.0
20211221175509,0.0,0.0,0.0,0.1,0.2,0.0,92.3,7.3
20211221175539,0.0,0.0,0.0,0.1,0.1,0.0,98.1,1.7
20211221175609,0.0,0.0,0.0,0.3,0.2,0.0,94.4,5.1
20211221175639,0.0,0.0,0.0,0.3,0.7,0.0,77.8,21.2
20211221175709,0.0,0.0,0.0,0.1,0.3,0.0,92.3,7.2
20211221175739,0.0,0.0,0.0,0.2,0.4,0.0,86.5,12.9
20211221175809,0.0,0.0,0.0,0.5,0.6,0.0,86.9,12.0
20211221175839,0.0,0.0,0.0,0.2,0.7,0.0,86.7,12.4
20211221175909,0.0,0.0,0.0,0.9,0.7,0.0,62.9,35.4
20211221175939,0.0,0.0,0.0,0.2,1.0,0.0,79.7,19.2
20211221180009,0.0,0.0,0.0,0.7,2.5,0.1,29.7,67.1
20211221180039,0.1,0.0,0.0,0.8,2.2,0.1,47.6,49.2
20211221180109,0.1,0.0,0.0,0.4,1.9,0.0,34.9,62.7
20211221180139,0.0,0.0,0.0,1.1,1.8,0.1,54.7,42.3
20211221180209,0.0,0.0,0.0,0.3,1.4,0.0,33.2,65.1
20211221180239,0.1,0.0,0.0,1.6,8.0,0.0,58.1,32.2
20211221180309,0.1,0.0,0.0,2.1,6.0,0.0,63.3,28.6
20211221180339,0.1,0.0,0.0,0.8,2.0,0.0,67.9,29.3
20211221180409,0.1,0.0,0.1,2.1,10.7,0.1,64.5,22.4
20211221180439,0.3,0.0,0.0,1.4,5.0,0.0,84.7,8.5
20211221180509,0.2,0.0,0.0,3.1,4.2,0.0,57.8,34.5
20211221180539,0.2,0.0,0.1,8.2,9.6,0.0,63.3,18.6
20211221180609,1.9,0.3,0.1,6.5,20.9,0.1,34.4,35.7
20211221180639,0.8,0.4,0.0,1.0,57.1,0.1,6.9,33.7
20211221180709,1.0,0.6,0.0,1.6,65.2,0.1,1.5,30.0
20211221180739,0.7,0.3,0.0,3.3,75.2,0.0,1.6,18.8
20211221180809,0.4,0.2,0.0,1.3,61.9,0.0,0.3,35.8
20211221180839,0.9,0.3,0.0,2.6,81.7,0.0,0.2,14.3
20211221180909,0.6,0.3,0.0,14.6,66.8,0.0,0.1,17.5
20211221180940,0.1,0.1,0.0,1.9,64.8,0.0,0.2,32.9
20211221181010,0.0,0.0,0.0,1.4,88.0,0.0,0.1,10.4
20211221181040,0.0,0.0,0.0,0.6,94.4,0.0,0.0,5.0
20211221181110,0.2,0.1,0.0,1.1,69.5,0.0,0.1,28.8
20211221181140,0.3,0.0,0.0,0.9,97.5,0.0,0.0,1.2
20211221181210,1.4,0.1,0.0,3.2,90.2,0.0,0.0,5.1
20211221181240,0.2,0.0,0.0,0.4,96.0,0.0,0.0,3.3
20211221181310,0.1,0.0,0.0,1.0,98.4,0.0,0.0,0.5
20211221181340,0.3,0.1,0.0,3.4,95.3,0.0,0.0,0.9
20211221181410,0.0,0.0,0.0,0.2,96.2,0.0,0.0,3.6
20211221181440,0.1,0.0,0.0,0.3,95.1,0.0,0.0,4.5
20211221181510,0.1,0.0,0.0,0.1,96.3,0.0,0.1,3.3
20211221181540,0.1,0.0,0.0,0.5,83.1,0.0,0.7,15.6
20211221181610,0.0,0.0,0.0,0.7,91.6,0.0,0.1,7.6
20211221181640,0.0,0.0,0.0,0.4,82.1,0.0,0.4,17.1
20211221181710,0.0,0.0,0.0,0.4,96.9,0.0,0.1,2.6
20211221181740,0.0,0.0,0.0,0.2,97.5,0.0,0.1,2.2
20211221181810,0.0,0.0,0.0,0.0,98.1,0.0,0.0,1.8
20211221181840,0.0,0.0,0.0,0.3,97.2,0.0,0.0,2.5
20211221181910,0.0,0.0,0.0,0.3,98.6,0.0,0.0,1.0
20211221181940,0.0,0.0,0.0,1.0,98.8,0.0,0.0,0.2
20211221182010,0.0,0.0,0.0,0.1,99.7,0.0,0.0,0.1
20211221182040,0.0,0.0,0.0,0.1,99.4,0.0,0.0,0.5
20211221182110,0.0,0.0,0.0,0.1,98.7,0.0,0.0,1.2
20211221182140,0.0,0.0,0.0,0.1,99.9,0.0,0.0,0.0
20211221182210,0.0,0.0,0.0,0.1,99.8,0.0,0.0,0.0
20211221182240,0.0,0.0,0.0,0.0,99.9,0.0,0.0,0.0
20211221182310,0.0,0.0,0.0,0.0,100.0,0.0,0.0,0.0
20211221182340,0.0,0.0,0.0,0.2,99.8,0.0,0.0,0.0
20211221182410,0.0,0.0,0.0,0.0,100.0,0.0,0.0,0.0
20211221182440,0.0,0.0,0.0,0.0,100.0,0.0,0.0,0.0
20211221182510,0.0,0.0,0.0,0.1,99.8,0.0,0.0,0.1
20211221182540,0.0,0.0,0.0,0.1,99.9,0.0,0.0,0.1
20211221182610,0.0,0.0,0.0,0.1,99.8,0.0,0.0,0.1
20211221182640,0.0,0.0,0.0,0.1,99.9,0.0,0.0,0.1
20211221182710,0.0,0.0,0.0,0.1,99.3,0.0,0.0,0.6
20211221182740,0.0,0.0,0.0,0.0,99.9,0.0,0.0,0.0
20211221182810,0.0,0.0,0.0,0.1,99.9,0.0,0.0,0.0
20211221182840,0.0,0.0,0.0,0.1,99.8,0.0,0.0,0.0
20211221182910,0.0,0.0,0.0,0.0,100.0,0.0,0.0,0.0
20211221182940,0.0,0.0,0.0,0.1,99.9,0.0,0.0,0.0
20211221183010,0.0,0.0,0.0,0.0,100.0,0.0,0.0,0.0
20211221183040,0.0,0.0,0.0,0.0,100.0,0.0,0.0,0.0
20211221183110,0.0,0.0,0.0,0.0,100.0,0.0,0.0,0.0
20211221183140,0.0,0.0,0.0,0.0,100.0,0.0,0.0,0.0
20211221183210,0.0,0.0,0.0,0.0,100.0,0.0,0.0,0.0
20211221183240,0.0,0.0,0.0,0.0,100.0,0.0,0.0,0.0
20211221183310,0.0,0.0,0.0,0.0,100.0,0.0,0.0,0.0
20211221183340,0.0,0.0,0.0,0.1,99.9,0.0,0.0,0.0
20211221183410,0.0,0.0,0.0,0.0,100.0,0.0,0.0,0.0
20211221183440,0.0,0.0,0.0,0.0,100.0,0.0,0.0,0.0
20211221183510,0.0,0.0,0.0,0.0,100.0,0.0,0.0,0.0
20211221183540,0.0,0.0,0.0,0.0,100.0,0.0,0.0,0.0
20211221183610,0.0,0.0,0.0,0.1,99.9,0.0,0.0,0.0
20211221183640,0.0,0.0,0.0,0.0,100.0,0.0,0.0,0.0
20211221183711,0.0,0.0,0.0,0.0,100.0,0.0,0.0,0.0
20211221183741,0.0,0.0,0.0,0.0,99.9,0.0,0.0,0.1
20211221183811,0.0,0.0,0.0,0.0,100.0,0.0,0.0,0.0
20211221183841,0.0,0.0,0.0,0.0,100.0,0.0,0.0,0.0
20211221183911,0.0,0.0,0.0,0.0,100.0,0.0,0.0,0.0
20211221183941,0.0,0.0,0.0,0.0,100.0,0.0,0.0,0.0
20211221184011,0.0,0.0,0.0,0.0,100.0,0.0,0.0,0.0
20211221184041,0.0,0.0,0.0,0.0,100.0,0.0,0.0,0.0
20211221184111,0.0,0.0,0.0,0.0,100.0,0.0,0.0,0.0
20211221184141,0.0,0.0,0.0,0.0,100.0,0.0,0.0,0.0
20211221184211,0.0,0.0,0.0,0.0,100.0,0.0,0.0,0.0
20211221184241,0.0,0.0,0.0,0.0,100.0,0.0,0.0,0.0
20211221184311,0.0,0.0,0.0,0.0,100.0,0.0,0.0,0.0
20211221184341,0.0,0.0,0.0,0.0,100.0,0.0,0.0,0.0
20211221184411,0.0,0.0,0.0,0.0,100.0,0.0,0.0,0.0
20211221184441,0.0,0.0,0.0,0.0,100.0,0.0,0.0,0.0
20211221184511,0.0,0.0,0.0,0.0,100.0,0.0,0.0,0.0
20211221184541,0.0,0.0,0.0,0.0,100.0,0.0,0.0,0.0
20211221184611,0.0,0.0,0.0,0.0,100.0,0.0,0.0,0.0
20211221184641,0.0,0.0,0.0,0.0,100.0,0.0,0.0,0.0
20211221184711,0.0,0.0,0.0,0.0,100.0,0.0,0.0,0.0
20211221184741,0.0,0.0,0.0,0.0,100.0,0.0,0.0,0.0
20211221184811,0.0,0.0,0.0,0.0,100.0,0.0,0.0,0.0
20211221184841,0.0,0.0,0.0,0.0,100.0,0.0,0.0,0.0
20211221184911,0.0,0.0,0.0,0.0,100.0,0.0,0.0,0.0
20211221184941,0.0,0.0,0.0,0.0,100.0,0.0,0.0,0.0
20211221185011,0.0,0.0,0.0,0.0,100.0,0.0,0.0,0.0
20211221185041,0.0,0.0,0.0,0.0,100.0,0.0,0.0,0.0
20211221185111,0.0,0.0,0.0,0.0,100.0,0.0,0.0,0.0
20211221185141,0.0,0.0,0.0,0.0,100.0,0.0,0.0,0.0
20211221185211,0.0,0.0,0.0,0.0,100.0,0.0,0.0,0.0
20211221185241,0.0,0.0,0.0,0.0,100.0,0.0,0.0,0.0
20211221185311,0.0,0.0,0.0,0.0,100.0,0.0,0.0,0.0
20211221185341,0.0,0.0,0.0,0.0,100.0,0.0,0.0,0.0
20211221185411,0.0,0.0,0.0,0.0,100.0,0.0,0.0,0.0
20211221185441,0.0,0.0,0.0,0.0,100.0,0.0,0.0,0.0
20211221185511,0.0,0.0,0.0,0.0,100.0,0.0,0.0,0.0
20211221185541,0.0,0.0,0.0,0.0,100.0,0.0,0.0,0.0
20211221185611,0.0,0.0,0.0,0.0,100.0,0.0,0.0,0.0
20211221185641,0.0,0.0,0.0,0.0,100.0,0.0,0.0,0.0
20211221185711,0.0,0.0,0.0,0.0,100.0,0.0,0.0,0.0
20211221185741,0.0,0.0,0.0,0.0,100.0,0.0,0.0,0.0
20211221185811,0.0,0.0,0.0,0.0,100.0,0.0,0.0,0.0
20211221185841,0.0,0.0,0.0,0.0,100.0,0.0,0.0,0.0
20211221185911,0.0,0.0,0.0,0.0,100.0,0.0,0.0,0.0
20211221185941,0.0,0.0,0.0,0.0,100.0,0.0,0.0,0.0
20211221190011,0.0,0.0,0.0,0.0,100.0,0.0,0.0,0.0
20211221190041,0.0,0.3,0.0,0.0,99.7,0.0,0.0,0.0
20211221190111,0.0,4.1,0.0,0.2,95.6,0.0,0.0,0.0
20211221190141,0.0,6.7,0.0,0.6,92.6,0.0,0.0,0.0
20211221190211,0.0,9.4,0.0,0.1,90.6,0.0,0.0,0.0
20211221190241,0.0,2.4,0.0,0.2,97.3,0.0,0.0,0.0
20211221190311,0.0,0.0,0.0,0.0,100.0,0.0,0.0,0.0
20211221190341,0.0,0.0,0.0,0.0,100.0,0.0,0.0,0.0
20211221190411,0.0,0.0,0.0,0.0,100.0,0.0,0.0,0.0
20211221190441,0.0,0.7,0.0,0.0,99.3,0.0,0.0,0.0
20211221190511,0.0,0.1,0.0,0.0,99.9,0.0,0.0,0.0
20211221190541,0.0,0.0,0.0,0.0,100.0,0.0,0.0,0.0
20211221190611,0.0,0.0,0.0,0.0,100.0,0.0,0.0,0.0
20211221190641,0.0,0.0,0.0,0.0,100.0,0.0,0.0,0.0
20211221190711,0.0,0.0,0.0,0.0,100.0,0.0,0.0,0.0
20211221190741,0.0,0.0,0.0,0.0,100.0,0.0,0.0,0.0
20211221190811,0.0,0.0,0.0,0.0,100.0,0.0,0.0,0.0
20211221190841,0.0,0.1,0.0,1.2,98.7,0.0,0.0,0.0
20211221190911,0.0,0.0,0.0,0.0,100.0,0.0,0.0,0.0
20211221190941,0.0,0.0,0.0,0.0,100.0,0.0,0.0,0.0
20211221191011,0.0,0.0,0.0,0.0,100.0,0.0,0.0,0.0
20211221191041,0.0,0.0,0.0,0.0,100.0,0.0,0.0,0.0
20211221191112,0.0,0.0,0.0,0.0,99.6,0.0,0.3,0.1
20211221191142,0.0,0.0,0.0,0.0,99.7,0.0,0.1,0.2
20211221191212,0.0,0.0,0.0,0.0,97.8,0.0,0.2,2.0
20211221191242,0.0,0.0,0.0,0.0,77.5,0.0,1.5,21.0
20211221191312,0.0,0.0,0.0,0.0,70.4,0.0,0.6,28.9
20211221191342,0.0,0.0,0.0,0.2,82.6,0.0,10.4,6.8
20211221191412,0.0,0.0,0.0,0.0,78.0,0.0,3.1,18.9
20211221191442,0.0,0.0,0.0,0.0,30.5,0.0,1.8,67.7
20211221191512,0.0,0.0,0.0,0.0,81.6,0.0,8.1,10.3
20211221191542,0.0,0.0,0.0,0.0,74.7,0.0,7.8,17.5
20211221191612,0.0,0.0,0.0,0.0,27.9,0.0,15.2,56.8
20211221191642,0.0,0.0,0.0,0.1,35.2,0.0,9.2,55.5
20211221191712,0.0,0.0,0.0,0.1,7.8,0.0,20.3,71.9
20211221191742,0.0,0.0,0.0,0.1,7.0,0.0,40.1,52.8
20211221191812,0.0,0.0,0.0,0.2,16.7,0.1,55.3,27.7
20211221191842,0.0,0.0,0.0,0.2,11.0,0.0,43.7,45.1
20211221191912,0.0,0.0,0.0,0.0,3.6,0.2,11.1,85.1
20211221191942,0.0,0.0,0.0,0.0,0.7,0.0,2.8,96.5
20211221192012,0.0,0.0,0.0,0.0,3.2,0.1,5.2,91.5
20211221192042,0.0,0.0,0.0,0.2,4.0,0.3,39.1,56.4
20211221192112,0.0,0.0,0.0,0.1,8.0,0.0,14.6,77.3
20211221192142,0.0,0.0,0.0,0.1,14.0,0.0,42.9,43.0
20211221192212,0.0,0.0,0.0,1.3,86.1,0.0,4.4,8.2
20211221192242,0.0,0.0,0.0,0.2,85.3,0.0,2.7,11.9
20211221192312,0.0,0.0,0.0,0.0,68.1,0.0,0.6,31.2
20211221192342,0.0,0.0,0.0,0.1,87.9,0.0,1.0,10.9
20211221192412,0.0,0.0,0.0,0.0,98.8,0.0,0.7,0.5
20211221192442,0.0,0.0,0.0,0.0,99.4,0.0,0.3,0.2
20211221192512,0.0,0.0,0.0,0.0,86.7,0.0,7.4,5.8
20211221192542,0.0,0.0,0.0,0.0,65.8,0.0,14.3,19.9
20211221192612,0.0,0.0,0.0,0.2,34.8,0.1,16.3,48.6
20211221192642,0.0,0.0,0.0,0.1,7.1,0.1,19.5,73.3
20211221192712,0.0,0.0,0.0,0.2,3.9,0.2,54.7,41.1
20211221192742,0.0,0.0,0.0,0.1,2.6,0.1,48.7,48.5
20211221192812,0.0,0.0,0.0,0.4,8.1,0.2,32.1,59.2
20211221192842,0.0,0.0,0.0,0.1,6.9,0.3,38.8,53.9
20211221192912,0.0,0.0,0.0,0.2,4.8,0.1,62.9,32.0
20211221192942,0.0,0.0,0.0,0.2,14.5,0.1,62.9,22.3
20211221193012,0.0,0.0,0.0,0.6,74.4,0.0,19.3,5.7
20211221193042,0.0,0.0,0.0,0.1,28.0,0.2,51.5,20.1
20211221193112,0.0,0.0,0.0,0.2,10.4,0.2,79.4,9.8
20211221193142,0.0,0.0,0.0,0.3,24.4,0.1,64.0,11.2
20211221193212,0.0,0.0,0.0,0.9,32.6,0.0,61.0,5.5
20211221193242,0.0,0.0,0.0,0.1,38.8,0.0,55.2,5.9
20211221193312,0.0,0.0,0.0,0.3,10.7,0.0,69.9,19.1
20211221193342,0.0,0.0,0.0,0.3,21.0,0.1,56.2,22.4
20211221193412,0.0,0.0,0.0,0.2,2.7,0.1,69.9,27.1
20211221193442,0.0,0.0,0.0,0.2,12.2,0.2,44.3,43.2
20211221193512,0.0,0.0,0.0,0.2,3.7,0.2,43.6,52.3
20211221193542,0.0,0.0,0.0,0.2,5.2,0.1,58.8,35.6
20211221193612,0.0,0.0,0.0,0.2,14.1,0.1,67.8,17.7
20211221193642,0.0,0.0,0.0,1.2,74.9,0.0,14.2,9.6
20211221193712,0.0,0.0,0.0,0.3,35.9,0.0,53.4,10.3
20211221193742,0.0,0.0,0.0,0.1,32.4,0.0,63.0,4.5
20211221193812,0.0,0.0,0.0,0.2,35.1,0.0,46.2,18.5
20211221193842,0.0,0.0,0.0,0.1,19.4,0.1,69.7,10.7
20211221193912,0.0,0.0,0.0,0.4,35.8,0.1,49.3,14.4
20211221193942,0.0,0.0,0.0,0.2,13.1,0.1,71.5,15.1
20211221194012,0.0,0.0,0.0,0.4,13.8,0.1,67.6,18.1
20211221194042,0.0,0.0,0.0,0.6,13.3,0.1,54.3,31.7
20211221194112,0.0,0.0,0.0,0.3,19.0,0.2,64.6,15.9
20211221194142,0.0,0.0,0.0,0.2,16.5,0.2,63.3,19.8
20211221194212,0.0,0.0,0.0,0.4,14.1,0.1,66.4,18.9
20211221194242,0.0,0.0,0.0,0.4,15.9,0.2,58.6,25.0
20211221194312,0.0,0.0,0.0,0.3,16.8,0.1,68.8,14.0
20211221194342,0.0,0.0,0.0,0.4,22.1,0.2,55.4,21.9
20211221194412,0.0,0.0,0.0,0.4,24.5,0.1,43.2,31.8
20211221194442,0.0,0.0,0.0,0.3,7.0,0.1,58.9,33.7
20211221194512,0.0,0.0,0.0,0.9,16.2,0.3,53.0,29.6
20211221194543,0.0,0.0,0.0,0.7,21.6,0.2,43.2,34.2
20211221194613,0.0,0.0,0.0,0.6,5.8,0.2,65.6,27.8
20211221194643,0.0,0.0,0.0,0.3,17.3,0.2,41.0,41.3
20211221194713,0.0,0.0,0.0,0.2,8.0,0.2,58.6,33.1
20211221194743,0.0,0.0,0.0,0.7,20.7,0.2,57.7,20.8
20211221194813,0.0,0.0,0.0,1.3,18.6,0.4,49.9,29.8
20211221194843,0.0,0.0,0.0,1.1,6.6,0.3,72.6,19.4
20211221194913,0.0,0.0,0.0,3.1,22.7,0.7,40.8,32.7
20211221194943,0.0,0.0,0.0,0.3,3.5,0.2,55.6,40.4
20211221195013,0.0,0.0,0.0,0.7,2.9,0.2,30.2,66.0
20211221195043,0.0,0.0,0.0,0.3,3.6,0.3,65.4,30.5
20211221195113,0.0,0.0,0.0,0.3,4.4,0.1,54.3,40.9
20211221195143,0.0,0.0,0.0,0.5,5.4,0.1,51.3,42.6
20211221195213,0.0,0.0,0.0,0.6,4.1,0.2,61.3,33.9
20211221195243,0.0,0.0,0.0,0.8,7.7,0.4,59.1,31.9
20211221195313,0.0,0.0,0.0,0.8,9.3,0.3,30.5,59.1
20211221195343,0.0,0.0,0.0,1.1,8.8,0.2,59.5,30.3
20211221195413,0.0,0.0,0.0,0.9,5.4,0.1,62.2,31.4
20211221195443,0.0,0.0,0.0,0.2,1.1,0.1,60.4,38.2
20211221195513,0.0,0.0,0.0,1.1,18.6,0.4,50.5,29.4
20211221195543,0.0,0.0,0.0,1.2,14.9,0.2,66.2,17.4
20211221195613,0.0,0.0,0.0,0.3,3.7,0.1,77.4,18.3
20211221195643,0.0,0.0,0.0,0.4,6.8,0.2,63.4,29.3
20211221195713,0.0,0.0,0.0,0.3,3.6,0.1,57.3,38.6
20211221195743,0.0,0.0,0.0,0.4,4.6,0.2,80.1,14.7
20211221195813,0.0,0.0,0.0,0.2,2.4,0.1,82.4,15.0
20211221195843,0.0,0.0,0.0,0.1,9.6,0.1,67.9,22.3
20211221195913,0.0,0.0,0.0,0.2,3.0,0.1,82.4,14.2
20211221195943,0.0,0.0,0.0,0.2,1.7,0.1,91.0,7.1
20211221200013,0.0,0.0,0.0,0.1,0.8,0.1,76.2,22.9
