UT,arc,discrete,diffuse,ac,ab,clear,cloudy,dd
20140121142200,0.0,0.0,0.0,0.0,0.0,0.0,0.0,100.0
20140121142300,0.0,0.0,0.0,0.0,0.0,0.0,0.0,100.0
20140121142400,0.0,0.0,0.0,0.0,0.0,0.0,0.0,100.0
20140121142500,0.0,0.0,0.0,0.0,0.0,0.0,0.0,100.0
20140121142600,0.0,0.0,0.0,0.0,0.0,0.0,0.0,100.0
20140121142700,0.0,0.0,0.0,0.0,0.0,0.0,0.0,100.0
20140121142800,0.0,0.0,0.0,0.0,0.0,0.0,0.0,100.0
20140121142900,0.0,0.0,0.0,0.0,0.0,0.0,0.0,100.0
20140121143000,0.0,0.0,0.0,0.0,0.0,0.0,0.0,100.0
20140121143100,0.0,0.0,0.0,0.0,0.0,0.0,0.0,100.0
20140121143200,0.0,0.0,0.0,0.0,0.0,0.0,0.0,100.0
20140121143300,0.0,0.0,0.0,0.0,0.0,0.0,0.0,100.0
20140121143400,0.0,0.0,0.0,0.0,0.0,0.0,0.0,100.0
20140121143500,0.0,0.0,0.0,0.0,0.0,0.0,0.0,100.0
20140121143600,0.0,0.0,0.0,0.0,0.0,0.0,0.0,100.0
20140121143700,0.0,0.0,0.0,0.0,0.0,0.0,0.0,100.0
20140121143800,0.0,0.0,0.0,0.0,0.0,0.0,0.0,100.0
20140121143900,0.0,0.0,0.0,0.0,0.0,0.0,0.0,100.0
20140121144000,0.0,0.0,0.0,0.0,0.0,0.0,0.0,100.0
20140121144100,0.0,0.0,0.0,0.0,0.0,0.0,0.0,100.0
20140121144200,0.0,0.0,0.0,0.0,0.0,0.0,0.0,100.0
20140121144300,0.0,0.0,0.0,0.0,0.0,0.0,0.0,100.0
20140121144400,0.0,0.0,0.0,0.0,0.0,0.0,0.0,100.0
20140121144500,0.0,0.0,0.0,0.0,0.0,0.0,0.0,100.0
20140121144600,0.0,0.0,0.0,0.0,0.0,0.0,0.0,100.0
20140121144700,0.0,0.0,0.0,0.0,0.0,0.0,0.0,100.0
20140121144800,0.0,0.0,0.0,0.0,0.0,0.0,0.0,100.0
20140121144900,0.0,0.0,0.0,0.0,0.0,0.0,0.0,100.0
20140121145000,0.0,0.0,0.0,0.0,0.0,0.0,0.0,100.0
20140121145100,0.0,0.0,0.0,0.0,0.0,0.0,0.0,100.0
20140121145200,0.0,0.0,0.0,0.0,0.0,0.0,0.0,100.0
20140121145300,0.0,0.0,0.0,0.0,0.0,0.0,0.0,100.0
20140121145400,0.0,0.0,0.0,0.0,0.0,0.0,0.0,100.0
20140121145500,0.0,0.0,0.0,0.0,0.0,0.0,0.0,100.0
20140121145600,0.0,0.0,0.0,0.0,0.0,0.0,0.0,100.0
20140121145700,0.0,0.0,0.0,0.0,0.0,0.0,0.0,100.0
20140121145800,0.0,0.0,0.0,0.0,0.0,0.0,0.0,100.0
20140121145900,0.0,0.0,0.0,0.0,0.0,0.0,0.0,100.0
20140121150000,0.0,0.0,0.0,0.0,0.0,0.0,0.0,100.0
20140121150100,0.0,0.0,0.0,0.0,0.0,0.0,0.0,100.0
20140121150200,0.0,0.0,0.0,0.0,0.0,0.0,0.0,100.0
20140121150300,0.0,0.0,0.0,0.0,0.0,0.0,0.0,100.0
20140121150400,0.0,0.0,0.0,0.0,0.0,0.0,0.0,100.0
20140121150500,0.0,0.0,0.0,0.0,0.0,0.0,0.0,100.0
20140121150600,0.0,0.0,0.0,0.0,0.0,0.0,0.0,100.0
20140121150700,0.0,0.0,0.0,0.0,0.0,0.0,0.0,100.0
20140121150800,0.0,0.0,0.0,0.0,0.0,0.0,0.0,100.0
20140121150900,0.0,0.0,0.0,0.0,0.0,0.0,0.0,100.0
20140121151000,0.0,0.0,0.0,0.0,0.0,0.0,0.0,100.0
20140121151100,0.0,0.0,0.0,0.0,0.0,0.0,0.0,100.0
20140121151200,0.0,0.0,0.0,0.0,0.0,0.0,0.0,100.0
20140121151300,0.0,0.0,0.0,0.0,0.0,0.0,0.0,100.0
20140121151400,0.0,0.0,0.0,0.0,0.0,0.0,0.0,100.0
20140121151500,0.0,0.0,0.0,0.0,0.0,0.0,0.0,100.0
20140121151600,0.0,0.0,0.0,0.0,0.0,0.0,0.0,100.0
20140121151700,0.0,0.0,0.0,0.0,0.0,0.0,0.0,100.0
20140121151800,0.0,0.0,0.0,0.0,0.0,0.0,0.0,100.0
20140121151900,0.0,0.0,0.0,0.0,0.0,0.0,0.0,100.0
20140121152000,0.0,0.0,0.0,0.0,0.0,0.0,0.0,100.0
20140121152100,0.0,0.0,0.0,0.0,0.0,0.0,0.0,100.0
20140121152200,0.0,0.0,0.0,0.0,0.0,0.0,0.0,100.0
20140121152300,0.0,0.0,0.0,0.0,0.0,0.0,0.0,100.0
20140121152400,0.0,0.0,0.0,0.0,0.0,0.0,0.0,100.0
20140121152500,0.0,0.0,0.0,0.0,0.0,0.0,0.0,100.0
20140121152600,0.0,0.0,0.0,0.0,0.0,0.0,0.0,100.0
20140121152700,0.0,0.0,0.0,0.0,0.0,0.0,0.0,100.0
20140121152800,0.0,0.0,0.0,0.0,0.0,0.0,0.0,100.0
20140121152900,0.0,0.0,0.0,0.0,0.0,0.0,0.0,100.0
20140121153000,0.0,0.0,0.0,0.0,0.0,0.0,0.0,100.0
20140121153100,0.0,0.0,0.0,0.0,0.0,0.0,0.0,100.0
20140121153200,0.0,0.0,0.0,0.0,0.0,0.0,0.0,100.0
20140121153300,0.0,0.0,0.0,0.0,0.0,0.0,0.0,100.0
20140121153400,0.0,0.0,0.0,0.0,0.0,0.0,0.0,100.0
20140121153500,0.0,0.0,0.0,0.0,0.0,0.0,0.0,100.0
20140121153600,0.0,0.0,0.0,0.0,0.0,0.0,0.0,100.0
20140121153700,0.0,0.0,0.0,0.0,0.0,0.0,0.0,100.0
20140121153800,0.0,0.0,0.0,0.0,0.0,0.0,0.0,100.0
20140121153900,0.0,0.0,0.0,0.0,0.0,0.0,0.0,100.0
20140121154000,0.0,0.0,0.0,0.0,0.0,0.0,0.0,100.0
20140121154100,0.0,0.0,0.0,0.0,0.0,0.0,0.0,100.0
20140121154200,0.0,0.0,0.0,0.0,0.2,0.0,0.0,99.8
20140121154300,0.0,0.0,0.0,0.0,0.2,0.0,0.0,99.8
20140121154400,0.0,0.0,0.0,0.0,0.0,0.0,0.0,100.0
20140121154500,0.0,0.0,0.0,0.0,0.0,0.0,0.0,100.0
20140121154600,0.0,0.0,0.0,0.0,0.0,0.0,0.0,100.0
20140121154700,0.0,0.0,0.0,0.0,0.0,0.0,0.0,100.0
20140121154800,0.1,0.0,0.0,0.0,0.2,0.8,0.0,98.9
20140121154900,0.2,0.0,0.1,0.0,0.5,27.7,0.0,71.5
20140121155000,0.1,0.0,0.1,0.0,0.0,39.7,0.0,60.1
20140121155100,0.9,0.0,0.2,0.0,0.3,18.5,0.0,80.2
20140121155200,0.6,0.0,4.0,0.0,0.1,92.7,0.0,2.7
20140121155300,2.3,0.1,8.0,0.0,0.1,79.6,0.0,9.9
20140121155400,1.1,0.1,17.8,0.0,2.0,62.5,0.1,16.4
20140121155500,0.9,0.5,39.6,0.0,1.7,42.2,0.3,14.8
20140121155600,0.2,0.0,0.2,0.0,0.0,99.3,0.0,0.2
20140121155700,0.3,0.0,1.8,0.0,0.0,97.4,0.0,0.4
20140121155800,2.5,0.2,4.2,0.0,0.1,92.5,0.0,0.4
20140121155900,0.1,0.1,0.2,0.0,0.0,99.6,0.0,0.0
20140121160000,0.2,0.0,0.1,0.0,0.0,99.6,0.0,0.1
20140121160100,6.8,0.2,0.1,0.0,0.1,92.5,0.0,0.1
20140121160200,1.3,0.2,0.4,0.0,0.0,98.1,0.0,0.0
20140121160300,1.6,0.2,0.3,0.0,0.0,97.8,0.1,0.0
20140121160400,4.5,0.1,2.2,0.1,0.0,92.9,0.2,0.0
20140121160500,9.1,0.7,4.2,0.1,0.1,84.9,0.9,0.0
20140121160600,0.2,0.0,0.4,0.0,0.0,99.4,0.0,0.0
20140121160700,45.5,0.6,1.0,0.2,0.2,52.4,0.1,0.0
20140121160800,5.9,0.1,0.7,0.1,0.1,93.1,0.0,0.0
20140121160900,3.5,0.3,26.5,0.0,0.2,69.5,0.0,0.0
20140121161000,15.2,0.2,1.1,0.0,0.1,83.3,0.1,0.0
20140121161100,1.6,0.0,7.8,0.0,0.1,90.2,0.2,0.0
20140121161200,10.2,1.5,30.2,0.1,0.3,57.5,0.1,0.1
20140121161300,54.3,0.9,16.2,0.1,0.1,28.3,0.1,0.0
20140121161400,37.6,1.8,9.5,0.1,0.2,50.7,0.1,0.0
20140121161500,28.9,1.8,7.7,0.2,0.4,60.7,0.2,0.0
20140121161600,14.3,1.0,77.4,0.7,0.3,6.2,0.1,0.0
20140121161700,0.7,0.2,87.0,0.5,0.0,11.5,0.1,0.1
20140121161800,1.1,0.5,96.4,1.6,0.1,0.2,0.0,0.1
20140121161900,0.1,0.4,99.2,0.1,0.0,0.1,0.1,0.0
20140121162000,0.4,2.0,96.6,0.4,0.2,0.3,0.1,0.0
20140121162100,0.2,0.4,98.6,0.4,0.1,0.3,0.0,0.0
20140121162200,0.6,0.1,98.1,0.2,0.0,0.9,0.0,0.0
20140121162300,0.4,0.1,98.4,0.4,0.0,0.7,0.0,0.0
20140121162400,0.2,0.0,99.5,0.2,0.0,0.1,0.0,0.0
20140121162500,1.0,0.1,97.9,0.7,0.2,0.1,0.0,0.0
20140121162600,4.7,7.8,81.9,2.3,1.2,0.3,1.1,0.6
20140121162700,7.1,2.3,63.2,3.2,23.9,0.3,0.0,0.1
20140121162800,4.3,8.4,84.4,2.2,0.1,0.3,0.2,0.1
20140121162900,2.4,1.3,94.0,0.3,0.5,1.2,0.3,0.1
20140121163000,0.5,0.4,95.9,0.2,0.0,2.5,0.3,0.1
20140121163100,0.5,0.1,97.2,1.1,0.1,0.7,0.2,0.0
20140121163200,24.0,1.8,64.3,8.1,0.7,0.6,0.2,0.2
20140121163300,8.0,2.7,80.7,7.1,0.2,1.0,0.1,0.1
20140121163400,2.1,3.0,84.5,8.2,0.1,1.8,0.2,0.1
20140121163500,0.3,1.1,96.1,1.7,0.2,0.5,0.1,0.0
20140121163600,0.3,10.5,70.8,2.5,0.3,14.2,1.3,0.2
20140121163700,0.0,6.1,93.6,0.2,0.0,0.0,0.0,0.0
20140121163800,0.1,0.2,99.1,0.4,0.3,0.0,0.0,0.0
20140121163900,0.2,2.6,93.9,0.3,2.9,0.0,0.0,0.0
20140121164000,0.1,2.9,94.5,1.9,0.6,0.0,0.0,0.0
20140121164100,0.0,0.5,93.1,6.4,0.1,0.0,0.0,0.0
20140121164200,0.0,0.1,99.2,0.6,0.1,0.0,0.0,0.0
20140121164300,0.0,0.3,99.3,0.2,0.1,0.0,0.0,0.0
20140121164400,0.1,9.7,87.1,2.5,0.6,0.0,0.0,0.0
20140121164500,0.0,0.4,96.7,2.5,0.4,0.0,0.0,0.0
20140121164600,0.0,0.3,99.5,0.1,0.2,0.0,0.0,0.0
20140121164700,0.0,1.6,97.9,0.2,0.3,0.0,0.0,0.0
20140121164800,0.0,2.4,97.5,0.1,0.0,0.0,0.0,0.0
20140121164900,0.0,0.2,99.3,0.5,0.0,0.0,0.0,0.0
20140121165000,0.0,0.0,100.0,0.0,0.0,0.0,0.0,0.0
20140121165100,0.0,0.1,99.7,0.0,0.1,0.0,0.0,0.0
20140121165200,0.0,0.0,91.3,8.6,0.1,0.0,0.0,0.0
20140121165300,0.0,0.0,99.9,0.1,0.0,0.0,0.0,0.0
20140121165400,0.0,0.0,99.8,0.0,0.0,0.0,0.0,0.0
20140121165500,0.1,0.0,99.7,0.0,0.1,0.0,0.0,0.0
20140121165600,0.0,0.1,99.8,0.1,0.1,0.0,0.0,0.0
20140121165700,0.0,0.2,99.7,0.0,0.1,0.0,0.0,0.0
20140121165800,0.0,0.1,99.8,0.0,0.1,0.0,0.0,0.0
20140121165900,0.0,0.0,100.0,0.0,0.0,0.0,0.0,0.0
20140121170000,0.0,0.0,100.0,0.0,0.0,0.0,0.0,0.0
20140121170100,0.0,0.0,100.0,0.0,0.0,0.0,0.0,0.0
20140121170200,0.0,0.0,99.9,0.0,0.0,0.0,0.0,0.0
20140121170300,0.0,0.0,99.9,0.0,0.0,0.0,0.0,0.0
20140121170400,0.0,0.1,99.5,0.0,0.3,0.0,0.0,0.0
20140121170500,0.0,0.2,99.8,0.0,0.0,0.0,0.0,0.0
20140121170600,0.1,0.1,99.4,0.2,0.3,0.0,0.0,0.0
20140121170700,0.0,0.0,100.0,0.0,0.0,0.0,0.0,0.0
20140121170800,0.4,0.1,98.1,1.4,0.0,0.0,0.0,0.0
20140121170900,0.1,0.0,99.8,0.0,0.1,0.0,0.0,0.0
20140121171000,0.2,0.1,99.4,0.1,0.2,0.0,0.0,0.0
20140121171100,0.7,0.1,98.2,0.8,0.1,0.1,0.0,0.0
20140121171200,0.0,0.1,96.8,2.7,0.4,0.0,0.0,0.0
20140121171300,0.0,0.0,99.7,0.2,0.0,0.0,0.0,0.0
20140121171400,4.3,0.5,87.1,7.6,0.3,0.2,0.1,0.0
20140121171500,1.2,0.6,97.8,0.2,0.1,0.0,0.0,0.0
20140121171600,2.8,4.9,81.5,6.7,1.0,0.1,3.1,0.0
20140121171700,4.6,43.5,8.2,42.1,0.3,0.2,1.2,0.1
20140121171800,0.4,97.9,0.7,0.8,0.2,0.0,0.0,0.0
20140121171900,0.2,3.4,95.9,0.0,0.2,0.0,0.2,0.0
20140121172000,2.2,40.5,49.2,4.7,2.9,0.0,0.4,0.1
20140121172100,0.2,0.2,97.9,0.2,0.0,0.4,1.1,0.0
20140121172200,0.6,0.0,96.6,0.1,0.0,0.3,2.3,0.0
20140121172300,0.1,0.0,99.4,0.1,0.0,0.0,0.3,0.0
20140121172400,0.0,0.1,99.8,0.1,0.0,0.0,0.0,0.0
20140121172500,4.9,17.8,58.6,16.7,1.0,0.2,0.8,0.0
20140121172600,0.1,97.9,0.1,1.8,0.0,0.0,0.0,0.0
20140121172700,1.0,53.5,23.1,18.6,3.4,0.0,0.4,0.0
20140121172800,0.1,29.1,34.8,34.6,1.0,0.0,0.4,0.0
20140121172900,0.4,51.3,31.0,8.9,7.9,0.0,0.6,0.0
20140121173000,0.3,1.6,81.4,16.2,0.3,0.0,0.2,0.0
20140121173100,0.1,2.5,83.6,13.6,0.1,0.0,0.0,0.0
20140121173200,0.1,0.1,98.9,0.7,0.1,0.0,0.0,0.0
20140121173300,0.5,2.0,90.6,6.6,0.1,0.0,0.2,0.0
20140121173400,0.2,0.4,97.8,1.4,0.1,0.0,0.1,0.0
20140121173500,0.0,0.2,99.1,0.5,0.1,0.0,0.0,0.0
20140121173600,0.3,4.5,54.5,40.4,0.3,0.0,0.0,0.0
20140121173700,1.0,1.7,49.1,47.9,0.1,0.1,0.1,0.0
20140121173800,8.9,1.0,80.1,8.3,0.2,1.0,0.5,0.0
20140121173900,1.5,0.2,83.2,13.7,0.1,0.3,1.1,0.0
20140121174000,1.8,0.0,95.0,0.8,0.0,2.1,0.3,0.0
20140121174100,0.9,0.0,98.6,0.2,0.0,0.2,0.1,0.0
20140121174200,0.5,0.0,95.2,2.9,0.0,0.2,1.1,0.0
20140121174300,1.4,0.0,90.5,0.4,0.0,4.9,2.8,0.0
20140121174400,0.2,0.0,94.6,0.1,0.0,0.5,4.7,0.0
20140121174500,0.1,0.0,96.4,1.5,0.0,0.2,1.7,0.0
20140121174600,0.0,0.0,99.5,0.3,0.0,0.0,0.1,0.0
20140121174700,0.1,0.1,87.6,2.7,0.0,8.9,0.5,0.0
20140121174800,0.4,0.1,68.2,2.2,0.0,10.5,18.5,0.0
20140121174900,0.4,0.1,61.0,1.9,0.0,5.1,31.5,0.0
20140121175000,0.4,0.0,14.1,1.5,0.0,34.1,49.8,0.1
20140121175100,0.8,0.2,86.8,1.5,0.0,1.1,9.5,0.0
20140121175200,0.4,0.1,31.2,1.4,0.0,4.8,61.9,0.2
20140121175300,0.5,0.0,13.8,0.3,0.0,24.1,61.1,0.1
20140121175400,0.3,0.0,49.5,0.2,0.0,48.0,1.8,0.0
20140121175500,0.2,0.0,64.4,0.5,0.0,27.1,7.8,0.0
20140121175600,0.4,0.0,41.0,2.0,0.0,47.7,8.9,0.0
20140121175700,0.1,0.0,86.9,0.7,0.0,6.7,5.5,0.0
20140121175800,0.1,0.1,54.9,1.3,0.0,18.9,24.6,0.0
20140121175900,0.2,0.0,93.0,0.1,0.0,5.2,1.5,0.0
20140121180000,0.7,0.0,53.2,2.6,0.0,16.6,26.9,0.0
20140121180100,0.1,0.0,49.3,2.6,0.0,7.3,40.6,0.0
20140121180200,0.0,0.0,1.5,0.0,0.0,52.6,45.9,0.0
20140121180300,1.9,0.1,10.9,1.5,0.0,13.6,71.8,0.2
20140121180400,0.0,0.0,29.8,0.0,0.0,65.1,5.0,0.0
20140121180500,0.3,0.0,47.3,0.6,0.0,25.9,26.0,0.0
20140121180600,0.6,0.0,34.9,0.4,0.0,19.3,44.7,0.0
20140121180700,0.6,0.0,78.4,0.3,0.0,10.8,9.8,0.1
20140121180800,0.7,0.1,41.5,1.7,0.0,27.7,28.3,0.0
20140121180900,0.1,0.0,94.6,0.9,0.0,0.4,4.0,0.0
20140121181000,1.5,0.0,12.2,0.1,0.0,69.1,17.1,0.0
20140121181100,0.3,0.1,52.1,2.6,0.0,6.2,38.6,0.1
20140121181200,0.1,0.0,2.3,0.1,0.0,6.3,91.1,0.0
20140121181300,0.0,0.0,3.2,0.0,0.0,73.4,23.3,0.0
20140121181400,0.0,0.0,4.4,0.3,0.0,3.3,91.9,0.0
20140121181500,0.0,0.0,2.2,0.1,0.0,1.3,96.3,0.0
20140121182609,0.1,0.0,78.4,4.4,0.0,0.5,16.5,0.0
20140121182709,0.0,0.0,97.5,0.5,0.0,0.3,1.7,0.0
20140121182809,0.6,0.0,59.2,0.3,0.0,12.1,27.8,0.0
20140121182909,0.1,0.0,10.1,0.1,0.0,0.5,89.1,0.0
20140121183009,0.4,0.0,14.2,0.0,0.0,30.6,54.7,0.0
20140121183109,0.5,0.0,76.6,0.3,0.0,1.0,21.5,0.0
20140121183209,1.0,0.1,80.3,0.7,0.0,1.2,16.7,0.0
20140121183309,2.5,0.1,93.7,0.2,0.0,0.6,2.9,0.0
20140121183409,0.5,0.0,45.5,0.5,0.0,20.1,33.4,0.0
20140121183509,0.5,0.2,15.2,2.1,0.0,3.4,78.6,0.0
20140121183609,0.0,0.0,92.4,0.3,0.0,0.8,6.5,0.0
20140121183709,0.3,0.0,72.4,0.1,0.0,11.2,16.1,0.0
20140121183809,0.1,0.0,68.4,0.2,0.0,1.4,29.9,0.0
20140121183909,0.3,0.0,85.6,0.6,0.0,2.1,11.3,0.0
20140121184009,0.1,0.1,98.2,0.4,0.0,0.1,1.1,0.0
20140121184109,0.0,0.0,98.6,1.3,0.0,0.1,0.0,0.0
20140121184209,0.6,0.1,96.1,2.9,0.0,0.3,0.0,0.0
20140121184309,0.4,0.0,99.5,0.0,0.0,0.0,0.0,0.0
20140121184409,0.2,0.0,97.7,2.0,0.1,0.0,0.0,0.0
20140121184509,0.5,0.0,99.1,0.2,0.2,0.0,0.1,0.0
20140121184609,0.4,0.0,99.3,0.0,0.0,0.0,0.2,0.0
20140121184709,0.8,0.0,98.3,0.1,0.0,0.5,0.4,0.0
20140121184809,0.5,0.0,98.5,0.0,0.0,0.2,0.7,0.0
20140121184909,0.6,0.0,98.9,0.0,0.0,0.1,0.3,0.0
20140121185009,0.1,0.0,99.7,0.0,0.0,0.0,0.1,0.0
20140121185109,0.7,0.1,98.3,0.1,0.0,0.2,0.6,0.0
20140121185209,0.1,0.0,98.6,0.7,0.0,0.2,0.4,0.0
20140121185309,0.7,0.0,78.5,0.2,0.0,0.1,20.2,0.3
20140121185409,0.4,0.0,99.4,0.0,0.0,0.1,0.1,0.0
20140121185509,2.7,0.0,96.1,0.1,0.0,0.0,1.1,0.0
20140121185609,8.0,0.0,91.6,0.0,0.0,0.0,0.4,0.0
20140121185709,2.4,0.0,97.6,0.0,0.0,0.0,0.0,0.0
20140121185809,7.1,0.0,92.4,0.1,0.0,0.0,0.3,0.0
20140121185909,49.9,1.1,48.6,0.4,0.1,0.0,0.0,0.0
20140121190009,72.1,0.2,25.5,1.9,0.4,0.0,0.0,0.0
20140121190109,95.6,0.3,2.4,1.6,0.0,0.0,0.0,0.0
20140121190209,59.6,1.1,34.2,4.7,0.3,0.0,0.0,0.0
20140121190309,97.2,0.0,2.7,0.0,0.0,0.0,0.0,0.0
20140121190409,99.4,0.4,0.2,0.0,0.0,0.0,0.0,0.0
20140121190509,99.5,0.4,0.1,0.0,0.0,0.0,0.0,0.0
20140121190609,91.3,1.9,6.4,0.4,0.0,0.0,0.0,0.0
20140121190709,97.8,0.6,1.3,0.3,0.0,0.0,0.0,0.0
20140121190809,9.7,1.5,88.6,0.1,0.0,0.0,0.0,0.0
20140121190909,1.7,2.6,95.0,0.7,0.1,0.0,0.0,0.0
20140121191009,0.0,0.1,99.9,0.0,0.0,0.0,0.0,0.0
20140121191109,0.4,0.2,99.3,0.0,0.1,0.0,0.0,0.0
20140121191209,0.1,0.2,99.7,0.0,0.0,0.0,0.0,0.0
20140121191309,0.1,1.8,98.0,0.0,0.0,0.0,0.0,0.0
20140121191409,0.0,0.0,99.9,0.0,0.0,0.0,0.0,0.0
20140121191509,10.4,1.3,87.7,0.5,0.1,0.0,0.0,0.0
20140121191609,21.9,19.9,57.4,0.6,0.2,0.0,0.0,0.0
20140121191709,3.0,2.2,94.4,0.2,0.2,0.0,0.0,0.0
20140121191809,1.1,10.7,86.6,0.6,0.9,0.0,0.0,0.0
20140121191909,23.7,6.7,64.7,4.1,0.6,0.0,0.0,0.0
20140121192009,16.7,1.0,77.6,3.8,1.0,0.0,0.0,0.0
20140121192109,1.5,4.2,93.8,0.3,0.2,0.0,0.0,0.0
20140121192209,62.0,23.4,12.4,0.2,1.9,0.0,0.0,0.0
20140121192309,46.3,10.8,42.6,0.0,0.2,0.0,0.0,0.0
20140121192409,10.2,78.0,10.9,0.1,0.8,0.0,0.0,0.0
20140121192509,67.2,1.5,30.8,0.2,0.3,0.0,0.0,0.0
20140121192609,9.1,75.2,13.7,0.3,1.5,0.0,0.0,0.0
20140121192709,5.9,88.4,2.9,0.0,2.8,0.0,0.0,0.0
20140121192809,0.8,95.6,1.7,0.1,1.8,0.0,0.0,0.0
20140121192909,0.2,97.9,1.5,0.0,0.3,0.0,0.0,0.0
20140121193009,12.1,54.4,33.1,0.4,0.0,0.0,0.0,0.0
20140121193109,0.1,73.0,26.2,0.1,0.6,0.0,0.0,0.0
20140121193209,0.1,17.3,79.7,0.0,2.9,0.0,0.0,0.0
20140121193309,0.1,16.9,82.9,0.0,0.1,0.0,0.0,0.0
20140121193409,0.1,11.5,88.4,0.0,0.0,0.0,0.0,0.0
20140121193509,0.4,18.0,81.6,0.0,0.0,0.0,0.0,0.0
20140121193609,0.0,5.0,95.0,0.0,0.0,0.0,0.0,0.0
20140121193709,0.1,8.6,91.2,0.0,0.0,0.0,0.0,0.0
20140121193809,0.0,0.7,99.3,0.0,0.0,0.0,0.0,0.0
20140121193909,0.0,0.1,99.9,0.0,0.0,0.0,0.0,0.0
20140121194009,1.6,2.4,95.9,0.0,0.0,0.0,0.0,0.0
20140121194109,2.1,0.7,97.2,0.0,0.0,0.0,0.0,0.0
20140121194209,98.7,0.0,1.2,0.0,0.0,0.0,0.0,0.0
20140121194309,76.1,1.2,22.5,0.0,0.2,0.0,0.0,0.0
20140121194409,2.8,0.4,96.7,0.1,0.0,0.0,0.0,0.0
20140121194509,0.0,0.4,99.6,0.0,0.0,0.0,0.0,0.0
20140121194609,0.0,0.1,99.9,0.0,0.0,0.0,0.0,0.0
20140121194709,0.0,0.1,99.8,0.0,0.1,0.0,0.0,0.0
20140121194809,1.3,20.0,69.3,6.6,2.8,0.0,0.0,0.0
20140121195009,4.4,19.4,25.5,50.2,0.5,0.0,0.0,0.0
20140121195109,24.5,57.2,8.0,8.3,2.0,0.0,0.0,0.0
20140121195209,0.6,36.6,11.7,1.3,49.8,0.0,0.0,0.0
20140121195309,0.2,1.6,97.8,0.0,0.4,0.0,0.0,0.0
20140121195409,0.4,0.5,96.4,0.2,2.4,0.0,0.0,0.0
20140121195509,4.0,9.8,71.2,0.1,14.8,0.0,0.0,0.0
20140121195609,0.9,81.9,9.3,0.1,7.8,0.0,0.0,0.0
20140121195709,0.0,94.2,4.7,0.2,0.9,0.0,0.0,0.0
20140121195809,1.6,96.3,0.7,0.2,1.1,0.0,0.0,0.0
20140121195909,0.2,77.1,7.3,0.7,14.7,0.0,0.0,0.0
20140121200009,0.0,92.3,0.9,0.1,6.7,0.0,0.0,0.0
20140121200109,0.8,89.7,7.5,0.2,1.7,0.0,0.0,0.0
20140121200209,0.0,93.7,5.7,0.2,0.3,0.0,0.0,0.0
20140121200309,0.2,13.8,84.9,0.3,0.9,0.0,0.0,0.0
20140121200409,0.1,7.2,91.3,0.7,0.7,0.0,0.0,0.0
20140121200509,52.5,42.2,2.4,0.2,2.8,0.0,0.0,0.0
20140121200609,30.3,68.6,0.5,0.3,0.4,0.0,0.0,0.0
20140121200709,8.1,38.9,44.9,0.4,7.7,0.0,0.0,0.0
20140121200809,7.9,1.7,90.1,0.3,0.0,0.0,0.0,0.0
20140121200909,4.3,16.8,76.4,2.5,0.1,0.0,0.0,0.0
20140121201009,20.1,52.5,25.9,1.3,0.2,0.0,0.0,0.0
20140121201109,57.0,7.5,30.8,4.6,0.1,0.0,0.0,0.0
20140121201209,19.9,14.3,61.9,3.8,0.1,0.0,0.0,0.0
20140121201309,99.0,0.4,0.4,0.3,0.0,0.0,0.0,0.0
20140121201409,69.4,0.4,20.0,10.0,0.1,0.0,0.0,0.0
20140121201509,57.0,21.3,4.8,15.1,1.9,0.0,0.0,0.0
20140121201609,99.4,0.1,0.2,0.2,0.0,0.0,0.0,0.0
20140121201709,99.5,0.1,0.0,0.2,0.1,0.0,0.0,0.0
20140121201809,99.9,0.0,0.0,0.1,0.0,0.0,0.0,0.0
20140121201909,96.6,0.4,0.1,2.6,0.3,0.0,0.0,0.0
20140121202009,90.8,2.6,0.0,5.5,1.0,0.0,0.0,0.0
20140121202109,89.4,0.7,0.1,9.7,0.1,0.0,0.0,0.0
20140121202209,65.8,0.8,6.3,16.8,10.2,0.0,0.0,0.0
20140121202309,53.9,16.1,13.4,11.8,4.7,0.0,0.0,0.0
20140121202409,82.1,1.7,7.6,4.3,4.3,0.0,0.0,0.0
20140121202509,70.4,1.6,20.5,4.1,3.4,0.0,0.0,0.0
20140121202609,68.6,0.9,12.7,10.7,7.1,0.0,0.0,0.0
20140121202709,97.5,0.1,0.1,2.3,0.0,0.0,0.0,0.0
20140121202809,99.0,0.0,0.0,1.0,0.0,0.0,0.0,0.0
20140121202909,55.3,2.7,7.3,28.0,6.6,0.0,0.0,0.0
20140121203009,12.7,0.8,35.8,36.4,14.3,0.0,0.0,0.0
20140121203109,74.9,0.1,3.9,20.7,0.4,0.0,0.0,0.0
20140121203209,46.1,0.1,3.6,48.8,1.3,0.0,0.0,0.0
20140121203309,87.4,0.0,0.3,11.7,0.6,0.0,0.0,0.0
20140121203409,92.8,0.0,0.4,6.7,0.1,0.0,0.0,0.0
20140121203509,74.5,0.0,2.2,23.0,0.3,0.0,0.0,0.0
20140121203609,9.2,0.1,21.8,68.7,0.2,0.0,0.0,0.0
20140121203709,1.9,0.0,16.5,81.2,0.3,0.0,0.0,0.0
20140121203809,0.6,0.0,4.6,94.5,0.2,0.0,0.0,0.0
20140121203909,1.4,0.0,15.6,81.4,0.5,0.1,0.7,0.4
20140121204009,0.3,0.0,20.3,78.7,0.2,0.1,0.4,0.0
20140121204109,3.8,0.1,35.5,53.2,5.4,1.0,0.7,0.2
20140121204209,33.6,0.1,30.9,23.1,0.2,1.7,10.2,0.1
20140121204309,85.5,0.1,3.1,3.3,0.0,0.9,7.0,0.1
20140121204409,66.6,0.7,9.7,6.6,0.0,1.4,14.7,0.2
20140121204509,1.2,0.0,77.2,8.2,0.0,3.3,9.8,0.2
20140121204609,0.2,0.0,80.7,8.5,0.0,1.6,8.5,0.5
20140121204709,0.3,0.0,89.8,7.0,0.0,0.0,2.7,0.1
20140121204809,0.0,0.0,98.5,1.4,0.0,0.0,0.0,0.0
20140121204909,0.2,0.0,70.6,28.9,0.0,0.0,0.3,0.0
20140121205009,4.2,0.0,68.5,16.6,0.0,0.2,10.4,0.1
20140121205109,0.3,0.0,77.8,0.2,0.0,7.6,13.9,0.1
20140121205209,0.0,0.0,46.8,0.1,0.0,8.6,44.3,0.3
20140121205309,0.0,0.0,94.3,0.4,0.0,0.6,4.7,0.0
20140121205409,0.0,0.0,33.7,0.4,0.0,3.2,62.6,0.1
20140121205509,0.0,0.0,10.8,0.2,0.0,0.3,88.6,0.1
20140121205609,0.0,0.0,30.9,0.7,0.0,1.4,66.9,0.1
20140121205709,0.0,0.0,9.5,0.5,0.0,0.1,89.8,0.0
20140121205809,0.0,0.0,8.7,0.2,0.0,0.1,91.0,0.0
20140121205909,0.0,0.0,20.6,0.0,0.0,0.4,78.9,0.1
20140121210009,0.0,0.0,50.2,0.0,0.0,0.1,49.7,0.0
20140121210109,0.0,0.0,16.4,0.4,0.0,0.1,82.9,0.2
20140121210209,0.0,0.0,2.6,0.0,0.0,0.3,97.0,0.0
20140121210309,0.0,0.0,1.9,0.1,0.0,0.2,97.7,0.1
20140121210409,0.0,0.0,6.1,0.0,0.0,0.1,93.6,0.0
20140121210509,0.0,0.0,0.5,0.0,0.0,0.0,99.4,0.0
20140121210609,0.0,0.0,3.6,0.1,0.0,0.0,96.2,0.1
20140121210709,0.0,0.0,0.3,0.0,0.0,0.0,99.7,0.0
20140121210809,0.0,0.0,0.4,0.0,0.0,0.0,99.6,0.0
20140121210909,0.0,0.0,0.4,0.0,0.0,0.0,99.6,0.0
20140121211009,0.0,0.0,1.3,0.0,0.0,0.0,98.6,0.1
20140121211109,0.0,0.0,0.3,0.0,0.0,0.1,99.6,0.0
20140121211209,0.0,0.0,0.1,0.0,0.0,0.0,99.8,0.0
20140121211309,0.0,0.0,0.1,0.0,0.0,0.1,99.8,0.0
20140121211409,0.0,0.0,0.0,0.0,0.0,0.0,100.0,0.0
20140121211509,0.0,0.0,0.0,0.0,0.0,0.0,100.0,0.0
20140121211609,0.0,0.0,0.0,0.0,0.0,0.0,100.0,0.0
20140121211709,0.0,0.0,0.0,0.0,0.0,0.0,100.0,0.0
20140121211809,0.0,0.0,0.0,0.0,0.0,0.0,99.9,0.0
20140121211909,0.0,0.0,0.0,0.0,0.0,0.0,100.0,0.0
20140121212009,0.0,0.0,0.1,0.0,0.0,0.0,99.8,0.0
20140121212109,0.0,0.0,0.1,0.0,0.0,0.1,99.7,0.0
20140121212209,0.0,0.0,2.3,0.0,0.0,0.2,97.5,0.1
20140121212309,0.0,0.0,2.1,0.0,0.0,0.1,97.7,0.1
20140121212409,0.0,0.0,0.0,0.0,0.0,0.0,99.9,0.0
20140121212509,0.0,0.0,0.3,0.0,0.0,0.3,99.4,0.1
20140121212609,0.0,0.0,2.9,0.0,0.0,0.6,96.4,0.1
20140121212709,0.0,0.0,0.4,0.0,0.0,0.6,98.6,0.4
20140121212809,0.0,0.0,0.3,0.0,0.0,0.1,99.6,0.0
20140121212909,0.0,0.0,1.2,0.0,0.0,0.0,98.7,0.1
20140121213009,0.0,0.0,0.3,0.0,0.0,0.3,99.3,0.1
20140121213109,0.0,0.0,0.5,0.0,0.0,0.1,99.3,0.1
20140121213209,0.0,0.0,4.9,0.0,0.0,0.6,94.0,0.5
20140121213309,0.0,0.0,0.1,0.0,0.0,0.0,99.9,0.0
20140121213409,0.0,0.0,0.1,0.0,0.0,0.2,99.7,0.0
20140121213509,0.0,0.0,0.0,0.0,0.0,0.1,99.9,0.0
20140121213609,0.0,0.0,0.1,0.0,0.0,0.1,99.8,0.0
20140121213709,0.0,0.0,0.0,0.0,0.0,0.0,100.0,0.0
20140121213809,0.0,0.0,0.0,0.0,0.0,0.0,100.0,0.0
20140121213909,0.0,0.0,0.0,0.0,0.0,0.1,99.9,0.0
20140121214009,0.0,0.0,0.0,0.0,0.0,0.0,100.0,0.0
20140121214109,0.0,0.0,0.0,0.0,0.0,0.0,100.0,0.0
20140121214209,0.0,0.0,0.0,0.0,0.0,0.0,100.0,0.0
20140121214309,0.0,0.0,0.0,0.0,0.0,0.0,100.0,0.0
20140121214409,0.0,0.0,0.1,0.0,0.0,0.0,99.9,0.0
20140121214509,0.0,0.0,0.1,0.0,0.0,0.0,99.9,0.0
20140121214609,0.0,0.0,0.0,0.0,0.0,0.0,99.9,0.0
20140121214709,0.0,0.0,0.1,0.0,0.0,0.0,99.9,0.0
20140121214809,0.0,0.0,0.6,0.0,0.0,0.0,99.4,0.0
20140121214909,0.0,0.0,0.7,0.0,0.0,0.0,99.2,0.0
20140121215009,0.0,0.0,0.0,0.0,0.0,0.0,100.0,0.0
20140121215109,0.0,0.0,0.1,0.0,0.0,0.0,99.9,0.0
20140121215209,0.0,0.0,0.1,0.0,0.0,0.0,99.9,0.0
20140121215309,0.0,0.0,0.1,0.0,0.0,0.0,99.9,0.0
20140121215409,0.0,0.0,0.1,0.0,0.0,0.0,99.9,0.0
20140121215509,0.0,0.0,0.2,0.0,0.0,0.0,99.8,0.0
20140121215609,0.0,0.0,0.1,0.0,0.0,0.0,99.9,0.0
20140121215709,0.0,0.0,0.1,0.0,0.0,0.0,99.8,0.0
20140121215809,0.0,0.0,0.1,0.0,0.0,0.0,99.9,0.0
20140121215909,0.0,0.0,0.2,0.0,0.0,0.0,99.7,0.0
20140121220009,0.0,0.0,0.0,0.0,0.0,0.0,100.0,0.0
20140121220109,0.0,0.0,0.0,0.0,0.0,0.0,100.0,0.0
20140121220209,0.0,0.0,0.0,0.0,0.0,0.0,100.0,0.0
20140121220309,0.0,0.0,0.0,0.0,0.0,0.0,100.0,0.0
20140121220409,0.0,0.0,0.0,0.0,0.0,0.0,100.0,0.0
20140121220509,0.0,0.0,0.0,0.0,0.0,0.0,100.0,0.0
20140121220609,0.0,0.0,0.0,0.0,0.0,0.0,100.0,0.0
20140121220709,0.0,0.0,0.0,0.0,0.0,0.0,99.8,0.1
20140121220809,0.0,0.0,0.0,0.0,0.0,0.0,100.0,0.0
20140121220909,0.0,0.0,0.0,0.0,0.0,0.0,100.0,0.0
20140121221009,0.0,0.0,0.0,0.0,0.0,0.0,100.0,0.0
20140121221109,0.0,0.0,0.0,0.0,0.0,0.0,100.0,0.0
20140121221209,0.0,0.0,0.0,0.0,0.0,0.0,100.0,0.0
20140121221309,0.0,0.0,0.0,0.0,0.0,0.0,100.0,0.0
20140121221409,0.0,0.0,0.0,0.0,0.0,0.0,100.0,0.0
20140121221509,0.0,0.0,0.0,0.0,0.0,0.0,100.0,0.0
20140121221609,0.0,0.0,0.0,0.0,0.0,0.0,99.9,0.1
20140121221709,0.0,0.0,0.0,0.0,0.0,0.0,100.0,0.0
20140121221809,0.0,0.0,0.0,0.0,0.0,0.0,100.0,0.0
20140121221909,0.0,0.0,0.0,0.0,0.0,0.0,100.0,0.0
20140121222009,0.0,0.0,0.0,0.0,0.0,0.0,100.0,0.0
20140121222109,0.0,0.0,0.0,0.0,0.0,0.0,100.0,0.0
20140121222209,0.0,0.0,0.0,0.0,0.0,0.0,100.0,0.0
20140121222309,0.0,0.0,0.0,0.0,0.0,0.0,100.0,0.0
20140121222409,0.0,0.0,0.0,0.0,0.0,0.0,100.0,0.0
20140121222509,0.0,0.0,0.0,0.0,0.0,0.0,100.0,0.0
20140121222609,0.0,0.0,0.0,0.0,0.0,0.0,100.0,0.0
20140121222709,0.0,0.0,0.0,0.0,0.0,0.0,100.0,0.0
20140121222809,0.0,0.0,0.0,0.0,0.0,0.0,100.0,0.0
20140121223513,0.0,0.0,7.9,0.0,0.0,0.0,92.1,0.0
20140121223613,0.0,0.0,15.0,0.0,0.0,0.0,85.0,0.0
20140121223713,0.0,0.0,4.8,0.1,0.0,0.0,95.1,0.0
20140121223813,0.0,0.0,61.6,0.1,0.0,0.1,38.3,0.0
20140121223913,0.0,0.0,46.2,0.5,0.0,0.0,53.3,0.0
20140121224013,0.0,0.0,69.1,1.2,0.0,0.0,29.7,0.0
20140121224113,0.0,0.0,48.2,0.0,0.0,0.0,51.8,0.0
20140121224213,0.0,0.0,78.3,1.5,0.0,0.0,20.2,0.0
20140121224313,0.0,0.0,65.9,1.8,0.0,0.1,32.2,0.0
20140121224413,0.0,0.1,98.0,0.6,0.0,0.0,1.4,0.0
20140121224513,0.0,0.0,97.1,2.5,0.0,0.0,0.4,0.0
20140121224613,0.0,0.1,96.4,3.6,0.0,0.0,0.0,0.0
20140121224713,0.0,0.1,78.0,21.7,0.1,0.0,0.0,0.0
20140121224813,0.4,0.4,59.9,37.2,1.2,0.1,0.9,0.0
20140121224913,0.0,0.0,95.1,4.4,0.0,0.0,0.4,0.0
20140121225013,0.0,0.0,99.2,0.7,0.0,0.0,0.1,0.0
20140121225113,0.0,0.0,96.9,3.0,0.0,0.0,0.1,0.0
20140121225213,0.0,0.0,99.4,0.6,0.0,0.0,0.0,0.0
20140121225313,0.0,0.0,95.7,3.9,0.0,0.0,0.3,0.0
20140121225413,0.0,0.0,96.9,1.0,0.0,0.0,1.9,0.1
20140121225513,0.0,0.0,96.1,3.4,0.0,0.0,0.3,0.1
20140121225613,0.0,0.0,98.0,1.0,0.1,0.0,0.5,0.5
20140121225713,0.0,0.0,60.1,37.9,0.3,0.0,1.4,0.2
20140121225813,0.0,0.0,98.5,0.4,0.1,0.0,1.0,0.1
20140121225913,0.0,0.0,96.9,1.7,0.5,0.0,0.7,0.2
20140121230013,0.3,0.0,73.5,24.4,0.5,0.0,0.6,0.6
20140121230113,0.0,0.0,95.7,2.9,0.7,0.0,0.6,0.1
20140121230213,0.0,0.1,95.8,1.0,0.8,0.0,2.2,0.0
20140121230313,0.1,0.3,45.3,44.6,5.0,0.0,3.8,0.9
20140121230413,0.2,0.2,40.7,30.2,7.8,0.5,15.0,5.5
20140121230513,0.6,4.0,46.9,20.8,9.9,0.1,15.8,1.9
20140121230613,0.1,1.2,49.1,45.3,2.0,0.1,2.0,0.4
20140121230713,0.2,7.9,20.7,58.7,11.6,0.0,0.8,0.0
20140121230813,0.0,0.4,3.3,94.7,1.6,0.0,0.0,0.0
20140121230913,0.1,1.2,3.8,92.1,2.5,0.0,0.3,0.0
20140121231013,0.0,2.1,6.3,90.1,1.5,0.0,0.1,0.0
20140121231113,0.0,0.9,2.1,94.2,2.8,0.0,0.0,0.0
20140121231213,0.5,5.0,14.3,65.4,14.9,0.0,0.0,0.0
20140121231313,0.2,1.4,72.7,17.5,8.1,0.0,0.0,0.1
20140121231413,0.3,4.4,36.5,32.9,25.6,0.0,0.1,0.2
20140121231513,0.1,0.2,87.4,10.1,1.7,0.2,0.2,0.1
20140121231613,0.0,0.0,92.8,5.1,0.6,0.1,1.1,0.3
20140121231713,0.0,0.0,69.4,3.5,0.1,0.2,25.9,0.8
20140121231813,0.0,0.1,82.5,3.9,0.1,0.2,6.3,6.9
20140121231913,0.0,0.0,21.0,5.4,0.1,0.3,30.3,42.9
20140121232013,0.0,0.0,5.1,41.7,0.2,0.4,51.4,1.3
20140121232113,0.0,0.0,42.8,33.0,0.1,0.1,15.1,8.8
20140121232213,0.1,0.0,15.7,64.8,0.2,0.0,11.2,8.0
20140121232313,0.0,0.0,53.4,43.8,0.1,0.0,2.4,0.2
20140121232413,0.0,0.0,23.9,60.2,0.4,0.1,9.3,6.1
20140121232513,0.0,0.0,15.2,78.2,0.7,0.2,2.2,3.5
20140121232613,0.0,0.1,22.7,53.9,4.8,0.1,13.4,5.1
20140121232713,0.0,0.0,5.1,55.7,2.2,0.3,35.9,0.8
20140121232813,0.0,0.1,2.7,73.9,16.5,0.1,5.7,1.1
20140121232913,0.5,0.2,6.8,21.8,47.1,0.1,9.8,13.6
20140121233013,0.0,0.0,4.4,8.1,73.6,0.0,12.7,1.2
20140121233113,0.0,0.1,38.2,2.3,10.6,0.0,47.6,1.2
20140121233213,0.0,0.2,18.9,4.9,46.6,0.0,28.7,0.8
20140121233313,0.0,0.3,27.0,5.4,57.2,0.0,9.7,0.4
20140121233413,0.0,0.2,16.2,9.3,23.0,0.1,47.8,3.3
20140121233513,0.0,0.0,4.9,1.6,49.4,0.0,41.0,3.1
20140121233613,0.0,0.0,23.6,4.1,46.3,0.0,24.2,1.8
20140121233713,0.0,0.1,18.2,7.5,68.5,0.0,4.8,1.0
20140121233813,0.0,0.0,1.9,8.1,81.6,0.0,8.1,0.3
20140121233913,0.0,0.0,0.3,2.8,93.8,0.0,2.3,0.7
20140121234013,0.0,0.0,0.9,0.4,32.4,0.0,64.7,1.6
20140121234113,0.0,0.0,2.6,0.3,7.4,0.0,89.1,0.6
20140121234213,0.0,0.0,2.7,1.7,30.6,0.0,63.7,1.3
20140121234313,0.0,0.0,5.4,0.3,91.2,0.0,2.9,0.2
20140121234413,0.0,0.1,4.2,0.5,95.0,0.0,0.2,0.0
20140121234513,0.0,0.0,1.1,4.3,93.3,0.0,1.3,0.0
20140121234613,0.0,0.1,6.5,4.8,87.2,0.0,1.2,0.2
20140121234713,0.0,0.1,7.9,38.2,53.6,0.0,0.1,0.1
20140121234813,0.0,0.0,18.1,3.5,77.5,0.0,0.4,0.5
20140121234913,0.0,0.0,4.7,15.3,79.0,0.0,0.4,0.5
20140121235013,0.0,0.0,6.3,12.2,80.6,0.0,0.7,0.1
20140121235113,0.0,0.0,1.4,8.8,88.7,0.0,1.0,0.0
20140121235213,0.0,0.3,5.4,6.3,87.5,0.0,0.4,0.2
20140121235313,0.1,1.6,11.6,22.6,63.4,0.0,0.6,0.1
20140121235413,0.0,0.2,0.9,9.0,89.9,0.0,0.0,0.0
20140121235513,0.3,0.3,8.6,18.5,72.1,0.0,0.1,0.1
20140121235613,0.2,0.1,5.1,16.7,77.1,0.0,0.8,0.2
20140121235713,0.4,0.0,3.6,15.4,80.0,0.0,0.4,0.2
20140121235813,0.1,0.1,1.4,16.3,81.9,0.0,0.1,0.1
20140121235913,0.1,0.2,3.5,21.7,74.4,0.0,0.0,0.1
20140122000013,0.6,0.2,21.8,23.7,53.0,0.0,0.2,0.5
20140122000113,0.1,0.1,4.4,59.0,36.3,0.0,0.1,0.1
20140122000213,0.0,0.2,1.8,35.7,62.2,0.0,0.1,0.0
20140122000313,0.1,0.2,6.3,26.0,67.3,0.0,0.1,0.0
20140122000413,0.0,0.0,1.4,14.6,83.9,0.0,0.1,0.0
20140122000513,0.1,0.1,8.3,4.2,87.1,0.0,0.2,0.0
20140122000613,0.2,0.6,6.9,19.6,72.2,0.0,0.1,0.4
20140122000713,0.1,0.5,0.4,2.1,97.0,0.0,0.0,0.0
20140122000813,0.0,0.3,0.6,1.1,98.0,0.0,0.0,0.0
20140122000913,0.4,1.0,9.2,22.5,66.8,0.0,0.0,0.1
20140122001013,0.0,0.4,0.9,2.7,95.9,0.0,0.0,0.0
20140122001113,0.1,0.4,4.0,2.9,92.6,0.0,0.0,0.0
20140122001213,0.1,2.3,11.5,0.6,85.5,0.0,0.0,0.0
20140122001313,0.1,0.3,0.1,1.1,98.4,0.0,0.0,0.0
20140122001413,0.2,0.8,0.1,2.7,96.3,0.0,0.0,0.0
20140122001513,1.2,0.3,0.0,27.1,71.4,0.0,0.0,0.0
20140122001613,14.6,0.6,0.0,41.1,43.7,0.0,0.0,0.0
20140122001713,0.9,0.0,0.0,24.7,74.4,0.0,0.0,0.0
20140122001813,0.4,0.2,0.0,74.2,25.2,0.0,0.0,0.0
20140122001913,0.0,0.0,0.0,0.9,99.1,0.0,0.0,0.0
20140122002013,0.0,0.0,0.0,0.1,99.9,0.0,0.0,0.0
20140122002113,0.0,0.0,0.0,1.2,98.7,0.0,0.0,0.0
20140122002213,0.0,0.1,0.0,28.4,71.5,0.0,0.0,0.0
20140122002313,0.0,0.0,0.1,0.3,99.6,0.0,0.0,0.0
20140122002413,0.0,0.0,0.1,0.5,99.4,0.0,0.0,0.0
20140122002513,0.0,0.0,0.7,4.3,95.0,0.0,0.0,0.0
20140122002613,0.0,0.0,6.6,31.4,61.5,0.0,0.3,0.2
20140122002713,0.0,0.0,5.1,35.7,56.9,0.0,0.7,1.5
20140122002813,0.0,0.0,7.8,41.1,42.2,0.0,1.4,7.5
20140122002913,0.0,0.0,2.5,75.9,18.8,0.0,1.2,1.6
20140122003013,0.0,0.0,1.1,59.8,26.3,0.0,3.5,9.3
20140122003113,0.0,0.0,0.5,66.9,32.6,0.0,0.0,0.0
20140122003213,0.0,0.0,3.9,79.3,16.6,0.0,0.1,0.1
20140122003313,0.0,0.0,1.6,91.9,6.0,0.0,0.2,0.3
20140122003413,0.0,0.0,5.6,55.2,35.0,0.0,4.1,0.1
20140122003513,0.0,0.0,2.0,89.1,8.7,0.0,0.1,0.1
20140122003613,0.0,0.0,0.7,83.1,10.6,0.0,3.3,2.3
20140122003713,0.0,0.0,1.4,33.0,33.4,0.0,17.9,14.2
20140122003813,0.0,0.0,0.3,52.0,9.5,0.0,29.8,8.5
20140122003913,0.0,0.0,0.3,7.1,9.5,0.0,73.6,9.5
20140122004013,0.0,0.0,1.0,5.1,1.5,0.0,84.2,8.2
20140122004113,0.0,0.0,10.7,15.8,17.6,0.0,40.1,15.9
20140122004213,0.0,0.0,3.8,9.8,3.3,0.0,50.4,32.7
20140122004313,0.0,0.0,2.0,8.1,4.5,0.0,45.5,39.9
20140122004413,0.0,0.0,0.2,2.0,0.5,0.0,50.3,46.9
20140122004513,0.0,0.0,0.1,1.2,0.3,0.0,83.4,15.0
20140122004613,0.0,0.0,0.1,1.3,0.9,0.0,69.6,28.1
20140122004713,0.0,0.0,1.1,35.7,1.3,0.0,42.3,19.7
20140122004813,0.0,0.0,1.0,15.0,4.8,0.0,60.3,18.9
20140122004913,0.0,0.0,0.2,5.3,0.4,0.0,84.9,9.2
20140122005013,0.0,0.0,0.7,7.5,4.5,0.0,65.9,21.4
20140122005113,0.0,0.0,0.6,60.9,7.7,0.0,5.3,25.5
20140122005213,0.0,0.0,1.4,70.9,6.7,0.0,9.2,11.8
20140122005313,0.0,0.0,1.5,42.3,9.1,0.0,20.2,26.9
20140122005413,0.0,0.0,0.1,0.8,4.2,0.0,90.9,4.0
20140122005513,0.0,0.0,0.6,5.1,4.8,0.0,82.4,7.1
20140122005613,0.0,0.0,0.1,0.4,0.3,0.0,91.6,7.7
20140122005713,0.0,0.0,0.1,1.4,0.5,0.0,89.3,8.7
20140122005813,0.0,0.0,0.0,0.0,0.0,0.0,93.5,6.4
20140122005913,0.0,0.0,0.0,0.1,0.0,0.0,99.3,0.5
20140122010013,0.0,0.0,0.0,0.0,0.0,0.0,99.9,0.1
20140122010113,0.0,0.0,0.0,0.0,0.0,0.0,99.9,0.0
20140122010213,0.0,0.0,0.0,0.0,0.0,0.0,98.5,1.4
20140122010313,0.0,0.0,0.0,0.0,0.0,0.0,99.9,0.1
20140122010413,0.0,0.0,0.0,0.0,0.0,0.0,99.1,0.9
20140122010513,0.0,0.0,0.0,0.0,0.0,0.0,92.3,7.6
20140122010613,0.0,0.0,0.0,0.0,0.0,0.0,99.5,0.5
20140122010713,0.0,0.0,0.1,0.2,0.1,0.0,89.1,10.6
20140122010813,0.0,0.0,0.0,0.0,0.0,0.0,97.9,2.1
20140122010913,0.0,0.0,0.0,0.0,0.0,0.0,99.7,0.2
20140122011013,0.0,0.0,0.0,0.0,0.0,0.0,97.7,2.3
20140122011113,0.0,0.0,0.0,0.1,0.0,0.0,95.8,4.1
20140122011213,0.0,0.0,0.0,0.0,0.0,0.0,98.3,1.7
20140122011313,0.0,0.0,0.0,0.0,0.0,0.0,99.1,0.9
20140122011413,0.0,0.0,0.0,0.0,0.0,0.0,93.9,6.1
20140122011513,0.0,0.0,0.0,0.0,0.0,0.0,97.8,2.2
20140122011613,0.0,0.0,0.0,0.0,0.0,0.0,99.6,0.4
20140122011713,0.0,0.0,0.0,0.0,0.0,0.0,98.0,1.9
20140122011813,0.0,0.0,0.0,0.0,0.0,0.0,99.7,0.3
20140122011913,0.0,0.0,0.0,0.0,0.0,0.0,96.2,3.8
20140122012013,0.0,0.0,0.0,0.0,0.0,0.0,90.3,9.7
20140122012113,0.0,0.0,0.0,0.0,0.0,0.0,39.5,60.5
20140122012213,0.0,0.0,0.0,0.0,0.0,0.0,94.4,5.6
20140122012313,0.0,0.0,0.0,0.0,0.0,0.0,98.1,1.9
20140122012413,0.0,0.0,0.0,0.0,0.0,0.0,99.3,0.7
20140122012513,0.0,0.0,0.0,0.0,0.1,0.0,96.0,3.9
20140122012613,0.0,0.0,0.0,0.0,0.0,0.0,98.7,1.3
20140122012713,0.0,0.0,0.0,0.0,0.0,0.0,98.3,1.7
20140122012813,0.0,0.0,0.0,0.0,0.0,0.0,99.1,0.9
20140122012913,0.0,0.0,0.0,0.0,0.1,0.0,99.1,0.8
20140122013013,0.0,0.0,0.0,0.0,0.1,0.0,95.9,4.0
20140122013113,0.0,0.0,0.0,0.0,0.1,0.0,98.8,1.1
20140122013213,0.0,0.0,0.0,0.2,0.8,0.0,80.1,18.9
20140122013313,0.0,0.0,0.0,0.0,0.6,0.0,84.3,15.1
20140122013413,0.0,0.0,0.0,0.0,0.2,0.0,83.6,16.2
20140122013513,0.0,0.0,0.0,0.0,0.0,0.0,72.1,27.8
20140122013613,0.0,0.0,0.0,0.0,0.0,0.0,95.5,4.4
20140122013713,0.0,0.0,0.0,0.0,0.1,0.0,98.4,1.5
20140122013813,0.0,0.0,0.0,0.0,0.1,0.0,82.3,17.5
20140122013913,0.0,0.0,0.0,0.0,0.1,0.0,96.7,3.2
20140122014013,0.0,0.0,0.1,0.0,0.6,0.0,74.2,25.1
20140122014113,0.0,0.0,0.0,0.0,0.2,0.0,78.6,21.2
20140122014213,0.0,0.0,0.0,0.0,0.0,0.0,89.5,10.5
20140122014313,0.0,0.0,0.0,0.0,0.0,0.0,97.5,2.5
20140122014413,0.0,0.0,0.0,0.0,0.2,0.0,81.9,17.9
20140122014513,0.0,0.0,0.0,0.0,0.1,0.0,79.3,20.6
20140122014613,0.0,0.0,0.0,0.0,0.1,0.0,60.9,39.0
20140122014713,0.0,0.0,0.0,0.0,0.2,0.0,90.6,9.3
20140122014813,0.0,0.0,0.0,0.0,0.1,0.0,97.9,2.0
20140122014913,0.0,0.0,0.0,0.0,0.2,0.0,76.8,23.0
20140122015013,0.0,0.0,0.0,0.0,0.3,0.0,99.4,0.3
20140122015113,0.0,0.0,0.0,0.0,0.1,0.0,90.1,9.8
20140122015213,0.0,0.0,0.0,0.0,0.3,0.0,72.9,26.7
20140122015313,0.0,0.0,0.0,0.0,0.5,0.0,60.4,39.1
20140122015413,0.0,0.0,0.0,0.0,0.0,0.0,94.9,5.1
20140122015513,0.0,0.0,0.0,0.0,0.4,0.0,93.1,6.5
20140122015613,0.0,0.0,0.0,0.0,0.2,0.0,88.6,11.1
20140122015713,0.0,0.0,0.0,0.0,0.6,0.0,89.1,10.2
20140122015813,0.0,0.0,0.0,0.0,0.2,0.0,91.3,8.6
20140122015913,0.0,0.0,0.0,0.0,0.1,0.0,83.3,16.6
20140122020013,0.0,0.0,0.0,0.0,0.1,0.0,95.7,4.1
20140122020113,0.0,0.0,0.0,0.0,0.0,0.0,50.9,49.1
20140122020213,0.0,0.0,0.0,0.0,0.3,0.0,86.6,13.1
20140122020313,0.0,0.0,0.0,0.0,0.3,0.0,98.0,1.7
20140122020413,0.0,0.0,0.0,0.0,0.0,0.0,98.7,1.2
20140122020513,0.0,0.0,0.0,0.0,0.0,0.0,99.3,0.6
20140122020613,0.0,0.0,0.1,0.0,0.3,0.0,98.1,1.5
20140122020713,0.0,0.0,0.0,0.0,0.0,0.0,97.6,2.3
20140122020813,0.0,0.0,0.0,0.0,0.0,0.0,99.8,0.2
20140122020913,0.0,0.0,0.0,0.0,0.1,0.0,99.2,0.7
20140122021013,0.0,0.0,0.0,0.0,0.1,0.0,98.6,1.3
20140122021113,0.0,0.0,0.0,0.0,0.2,0.2,94.8,4.8
20140122021213,0.0,0.0,0.0,0.0,0.2,0.0,92.5,7.3
20140122021313,0.0,0.0,0.0,0.0,0.3,0.1,88.0,11.6
20140122021413,0.0,0.0,0.0,0.0,0.3,0.0,84.3,15.3
20140122021513,0.0,0.0,0.0,0.0,0.0,0.0,97.2,2.8
20140122021613,0.0,0.0,0.0,0.0,0.1,0.0,31.6,68.3
20140122021713,0.0,0.0,0.0,0.0,0.9,0.0,53.3,45.7
20140122021813,0.0,0.0,0.0,0.1,0.4,0.1,16.9,82.5
20140122021913,0.0,0.0,0.0,0.1,0.2,0.1,21.7,77.9
20140122022013,0.0,0.0,0.0,0.1,0.1,0.0,31.5,68.3
20140122022113,0.0,0.0,0.0,0.0,0.0,0.0,46.9,53.0
20140122022213,0.0,0.0,0.0,0.2,0.2,0.0,5.8,93.7
20140122022313,0.0,0.0,0.0,0.0,0.1,0.0,6.4,93.5
20140122022413,0.0,0.0,0.0,0.0,0.0,0.0,7.5,92.5
20140122022513,0.0,0.0,0.0,0.0,0.0,0.0,6.2,93.8
20140122022613,0.0,0.0,0.0,0.0,0.1,0.0,10.7,89.2
20140122022713,0.0,0.0,0.0,0.0,0.1,0.0,8.1,91.7
20140122022813,0.0,0.0,0.0,0.0,0.2,0.0,3.3,96.5
20140122022913,0.0,0.0,0.0,0.0,0.5,0.0,3.7,95.7
20140122023013,0.0,0.0,0.0,0.0,1.9,0.0,21.7,76.4
20140122023113,0.0,0.0,0.0,0.0,0.4,0.0,19.9,79.7
20140122023213,0.0,0.0,0.0,0.0,0.1,0.0,68.4,31.5
20140122023313,0.0,0.0,0.0,0.2,0.2,0.0,15.2,84.4
20140122023413,0.0,0.0,0.0,0.0,0.3,0.0,11.9,87.7
20140122023513,0.0,0.0,0.0,0.2,0.8,0.0,11.9,87.1
20140122023613,0.0,0.0,0.0,0.0,0.2,0.0,87.0,12.8
20140122023713,0.0,0.0,0.0,0.0,0.0,0.0,18.4,81.6
20140122023813,0.0,0.0,0.0,0.0,0.0,0.0,76.1,23.9
20140122023913,0.0,0.0,0.0,0.0,0.0,0.0,86.7,13.3
20140122024013,0.0,0.0,0.0,0.0,0.4,0.0,93.7,5.9
20140122024113,0.0,0.0,0.0,0.0,0.2,0.0,92.2,7.5
20140122024213,0.0,0.0,0.0,0.0,0.1,0.0,63.3,36.5
20140122024313,0.0,0.0,0.0,0.0,0.1,0.0,55.5,44.4
20140122024413,0.0,0.0,0.0,0.1,0.2,0.0,56.1,43.6
20140122024513,0.0,0.0,0.0,0.0,0.3,0.0,93.0,6.7
20140122024613,0.0,0.0,0.0,0.0,0.2,0.0,86.2,13.5
20140122024713,0.0,0.0,0.0,0.1,0.6,0.0,86.4,12.8
20140122024813,0.0,0.0,0.0,0.0,0.2,0.0,84.5,15.3
20140122024913,0.0,0.0,0.0,0.0,0.1,0.0,92.8,7.1
20140122025013,0.0,0.0,0.0,0.0,0.4,0.0,59.7,39.9
20140122025113,0.0,0.0,0.0,0.0,0.2,0.0,54.5,45.3
20140122025213,0.0,0.0,0.0,0.0,0.1,0.0,20.3,79.6
20140122025313,0.0,0.0,0.0,0.0,0.0,0.0,28.5,71.5
20140122025413,0.0,0.0,0.0,0.0,0.1,0.0,57.5,42.3
20140122025513,0.0,0.0,0.0,0.0,0.0,0.0,94.5,5.4
20140122025613,0.0,0.0,0.0,0.0,0.2,0.0,54.6,45.2
20140122025713,0.0,0.0,0.0,0.0,0.0,0.0,81.5,18.4
20140122025813,0.0,0.0,0.0,0.0,0.0,0.0,87.1,12.8
20140122025913,0.0,0.0,0.0,0.0,0.3,0.1,58.4,41.2
20140122030013,0.0,0.0,0.0,0.0,0.1,0.0,30.5,69.3
20140122030113,0.0,0.0,0.0,0.0,0.8,0.0,30.8,68.3
20140122030213,0.0,0.0,0.0,0.0,0.6,0.0,65.4,34.0
20140122030313,0.0,0.0,0.0,0.0,0.5,0.0,50.7,48.7
20140122030413,0.0,0.0,0.0,0.1,0.2,0.0,18.9,80.9
20140122030513,0.0,0.0,0.0,0.0,0.1,0.0,22.0,77.9
20140122030613,0.0,0.0,0.0,0.2,0.8,0.0,32.1,66.9
20140122030713,0.0,0.0,0.0,0.2,0.8,0.0,18.8,80.1
20140122030813,0.0,0.0,0.0,0.3,0.8,0.1,24.7,74.1
20140122030913,0.0,0.0,0.0,0.0,0.3,0.0,7.3,92.4
20140122031013,0.0,0.0,0.0,0.1,0.4,0.0,14.6,84.9
20140122031113,0.0,0.0,0.0,0.1,1.0,0.0,11.1,87.7
20140122031213,0.0,0.0,0.0,0.0,0.2,0.0,3.0,96.8
20140122031313,0.0,0.0,0.0,0.0,0.1,0.0,2.0,97.9
20140122031413,0.0,0.0,0.0,0.1,0.3,0.0,6.4,93.3
20140122031513,0.0,0.0,0.0,0.0,0.0,0.0,1.8,98.2
20140122031613,0.0,0.0,0.0,0.0,0.1,0.0,0.8,99.0
20140122031713,0.0,0.0,0.0,0.0,0.3,0.0,3.4,96.3
20140122031813,0.0,0.0,0.0,0.0,0.2,0.0,5.3,94.5
20140122031913,0.0,0.0,0.0,0.1,0.8,0.0,22.6,76.5
20140122032013,0.0,0.0,0.0,0.0,0.1,0.0,4.5,95.4
20140122032113,0.0,0.0,0.0,0.0,0.0,0.0,14.6,85.3
20140122032213,0.0,0.0,0.0,0.0,0.4,0.0,57.4,42.1
20140122032313,0.0,0.0,0.0,0.2,0.3,0.0,9.9,89.5
20140122032413,0.0,0.0,0.0,0.0,0.0,0.0,12.8,87.2
20140122032513,0.0,0.0,0.0,0.0,0.0,0.0,10.0,89.9
20140122032613,0.0,0.0,0.0,0.0,0.0,0.0,10.2,89.7
20140122032713,0.0,0.0,0.0,0.0,0.0,0.0,96.6,3.4
20140122032813,0.0,0.0,0.0,0.1,0.1,0.0,58.3,41.5
20140122032913,0.0,0.0,0.0,0.0,0.1,0.0,57.3,42.6
20140122033013,0.0,0.0,0.0,0.0,0.1,0.0,43.9,55.9
20140122033113,0.0,0.0,0.0,0.0,0.0,0.0,27.2,72.8
20140122033213,0.0,0.0,0.0,0.0,0.1,0.0,61.0,38.9
20140122033313,0.0,0.0,0.0,0.1,0.0,0.0,53.9,46.0
20140122033413,0.0,0.0,0.0,0.0,0.0,0.0,84.4,15.5
20140122033513,0.0,0.0,0.0,0.1,0.0,0.0,83.5,16.3
20140122033613,0.0,0.0,0.0,0.0,0.0,0.0,91.5,8.5
20140122033713,0.0,0.0,0.0,0.1,0.0,0.0,89.4,10.5
20140122033813,0.0,0.0,0.0,0.0,0.0,0.0,98.1,1.9
20140122033913,0.0,0.0,0.0,0.0,0.0,0.0,88.3,11.7
20140122034013,0.0,0.0,0.0,0.0,0.0,0.0,97.0,2.9
20140122034113,0.0,0.0,0.0,0.0,0.0,0.0,97.1,2.9
20140122034213,0.0,0.0,0.0,0.1,0.0,0.0,88.5,11.5
20140122034313,0.0,0.0,0.0,0.3,0.0,0.0,74.8,24.9
20140122034413,0.0,0.0,0.0,0.0,0.0,0.0,85.0,15.0
20140122034513,0.0,0.0,0.0,0.2,0.0,0.0,91.4,8.3
20140122034613,0.0,0.0,0.0,0.1,0.0,0.0,92.0,8.0
20140122034713,0.0,0.0,0.0,0.2,0.0,0.0,87.4,12.4
20140122034813,0.0,0.0,0.0,0.0,0.0,0.0,91.0,9.0
20140122034913,0.0,0.0,0.0,0.0,0.0,0.0,76.8,23.2
20140122035013,0.0,0.0,0.0,0.1,0.0,0.0,46.8,53.2
20140122035113,0.0,0.0,0.0,0.2,0.0,0.0,75.7,24.2
20140122035213,0.0,0.0,0.0,0.1,0.0,0.0,97.7,2.3
20140122035313,0.0,0.0,0.0,0.0,0.0,0.0,95.1,4.9
20140122035413,0.0,0.0,0.0,0.0,0.0,0.0,94.7,5.3
20140122035513,0.0,0.0,0.0,0.0,0.0,0.0,96.6,3.4
20140122035613,0.0,0.0,0.0,0.0,0.0,0.0,99.3,0.7
20140122035713,0.0,0.0,0.0,0.3,0.0,0.0,76.0,23.7
20140122035813,0.0,0.0,0.0,0.0,0.0,0.0,97.5,2.5
20140122035913,0.0,0.0,0.0,0.0,0.0,0.0,98.5,1.4
20140122040013,0.0,0.0,0.0,0.0,0.0,0.0,98.4,1.6
20140122040113,0.0,0.0,0.0,0.0,0.0,0.0,94.9,5.1
20140122040213,0.0,0.0,0.0,0.1,0.0,0.0,95.1,4.8
20140122040313,0.0,0.0,0.0,0.0,0.0,0.0,95.5,4.4
20140122040413,0.0,0.0,0.0,0.3,0.0,0.0,88.9,10.8
20140122040513,0.0,0.0,0.0,0.0,0.0,0.0,84.8,15.2
20140122040613,0.0,0.0,0.0,0.2,0.0,0.0,89.2,10.6
20140122040713,0.0,0.0,0.0,0.0,0.0,0.0,97.4,2.5
20140122040813,0.0,0.0,0.0,0.0,0.0,0.0,97.0,3.0
20140122040913,0.0,0.0,0.0,0.1,0.0,0.0,88.8,11.1
20140122041013,0.0,0.0,0.0,0.0,0.0,0.0,95.3,4.7
20140122041113,0.0,0.0,0.0,0.1,0.0,0.0,86.7,13.3
20140122041213,0.0,0.0,0.0,0.0,0.0,0.0,93.0,6.9
20140122041313,0.0,0.0,0.1,0.2,0.0,0.0,93.3,6.3
20140122041413,0.0,0.0,0.0,0.0,0.0,0.0,97.8,2.1
20140122041513,0.0,0.0,0.0,0.0,0.0,0.0,99.8,0.2
20140122041613,0.0,0.0,0.0,0.0,0.0,0.0,99.0,1.0
20140122041713,0.0,0.0,0.0,0.0,0.0,0.0,98.6,1.3
20140122041813,0.0,0.0,0.0,0.0,0.0,0.0,98.6,1.4
20140122041913,0.0,0.0,0.0,0.0,0.0,0.0,95.8,4.1
