UT,arc,discrete,diffuse,ac,ab,clear,cloudy,dd
20140126143900,0.0,0.0,0.0,0.0,0.0,0.0,0.0,100.0
20140126144000,0.0,0.0,0.0,0.0,0.0,0.0,0.0,100.0
20140126144100,0.0,0.0,0.0,0.0,0.0,0.0,0.0,100.0
20140126144200,0.0,0.0,0.0,0.0,0.0,0.0,0.0,100.0
20140126144300,0.0,0.0,0.0,0.0,0.0,0.0,0.0,100.0
20140126144400,0.0,0.0,0.0,0.0,0.0,0.0,0.0,100.0
20140126144500,0.0,0.0,0.0,0.0,0.0,0.0,0.0,100.0
20140126144600,0.0,0.0,0.0,0.0,0.0,0.0,0.0,100.0
20140126144700,0.0,0.0,0.0,0.0,0.0,0.0,0.0,100.0
20140126144800,0.0,0.0,0.0,0.0,0.0,0.0,0.0,100.0
20140126144900,0.0,0.0,0.0,0.0,0.0,0.0,0.0,100.0
20140126145000,0.0,0.0,0.0,0.0,0.0,0.0,0.0,100.0
20140126145100,0.0,0.0,0.0,0.0,0.0,0.0,0.0,100.0
20140126145200,0.0,0.0,0.0,0.0,0.0,0.0,0.0,100.0
20140126145300,0.0,0.0,0.0,0.0,0.0,0.0,0.0,100.0
20140126145400,0.0,0.0,0.0,0.0,0.0,0.0,0.0,100.0
20140126145500,0.0,0.0,0.0,0.0,0.0,0.0,0.0,100.0
20140126145600,0.0,0.0,0.0,0.0,0.0,0.0,0.0,100.0
20140126145700,0.0,0.0,0.0,0.0,0.0,0.0,0.0,100.0
20140126145800,0.0,0.0,0.0,0.0,0.0,0.0,0.0,100.0
20140126145900,0.0,0.0,0.0,0.0,0.0,0.0,0.0,100.0
20140126150000,0.0,0.0,0.0,0.0,0.0,0.0,0.0,100.0
20140126150100,0.0,0.0,0.0,0.0,0.0,0.0,0.0,100.0
20140126150200,0.0,0.0,0.0,0.0,0.0,0.0,0.0,100.0
20140126150300,0.0,0.0,0.0,0.0,0.0,0.0,0.0,100.0
20140126150400,0.0,0.0,0.0,0.0,0.0,0.0,0.0,100.0
20140126150500,0.0,0.0,0.0,0.0,0.0,0.0,0.0,100.0
20140126150600,0.0,0.0,0.0,0.0,0.0,0.0,0.0,100.0
20140126150700,0.0,0.0,0.0,0.0,0.0,0.0,0.0,100.0
20140126150800,0.0,0.0,0.0,0.0,0.0,0.0,0.0,100.0
20140126150900,0.0,0.0,0.0,0.0,0.0,0.0,0.0,100.0
20140126151000,0.0,0.0,0.0,0.0,0.0,0.0,0.0,100.0
20140126151100,0.0,0.0,0.0,0.0,0.0,0.0,0.0,100.0
20140126151200,0.0,0.0,0.0,0.0,0.0,0.0,0.0,100.0
20140126151300,0.0,0.0,0.0,0.0,0.0,0.0,0.0,100.0
20140126151400,0.0,0.0,0.0,0.0,0.0,0.0,0.0,100.0
20140126151500,0.0,0.0,0.0,0.0,0.0,0.0,0.0,100.0
20140126151600,0.0,0.0,0.0,0.0,0.0,0.0,0.0,100.0
20140126151700,0.0,0.0,0.0,0.0,0.0,0.0,0.0,100.0
20140126151800,0.0,0.0,0.0,0.0,0.0,0.0,0.0,100.0
20140126151900,0.0,0.0,0.0,0.0,0.0,0.0,0.0,100.0
20140126152000,0.0,0.0,0.0,0.0,0.0,0.0,0.0,100.0
20140126152100,0.0,0.0,0.0,0.0,0.0,0.0,0.0,100.0
20140126152200,0.0,0.0,0.0,0.0,0.0,0.0,0.0,100.0
20140126152300,0.0,0.0,0.0,0.0,0.0,0.0,0.0,100.0
20140126152400,0.0,0.0,0.0,0.0,0.0,0.0,0.0,100.0
20140126152500,0.0,0.0,0.0,0.0,0.0,0.0,0.0,100.0
20140126152600,0.0,0.0,0.0,0.0,0.0,0.0,0.0,100.0
20140126152700,0.0,0.0,0.0,0.0,0.0,0.0,0.0,100.0
20140126152800,0.0,0.0,0.0,0.0,0.0,0.0,0.0,100.0
20140126152900,0.0,0.0,0.0,0.0,0.0,0.0,0.0,100.0
20140126153000,0.0,0.0,0.0,0.0,0.0,0.0,0.0,100.0
20140126153100,0.0,0.0,0.0,0.0,0.0,0.0,0.0,100.0
20140126153200,0.0,0.0,0.0,0.0,0.0,0.0,0.0,100.0
20140126153300,0.0,0.0,0.0,0.0,0.0,0.0,0.0,100.0
20140126153400,0.0,0.0,0.0,0.0,0.0,0.0,0.0,100.0
20140126153500,0.0,0.0,0.0,0.0,0.0,0.0,0.0,100.0
20140126153600,0.0,0.0,0.0,0.0,0.0,0.0,0.0,100.0
20140126153700,0.0,0.0,0.0,0.0,0.0,0.0,0.0,100.0
20140126153800,0.0,0.0,0.0,0.0,0.0,0.0,0.0,100.0
20140126153900,0.0,0.0,0.0,0.0,0.0,0.0,0.0,100.0
20140126154000,0.0,0.0,0.0,0.0,0.0,0.0,0.0,100.0
20140126154100,0.0,0.0,0.0,0.0,0.0,0.0,0.0,100.0
20140126154200,0.0,0.0,0.0,0.0,0.0,0.0,0.0,99.9
20140126154300,0.0,0.0,0.0,0.0,0.0,0.0,5.3,94.6
20140126154400,0.0,0.0,0.0,0.0,0.0,0.0,1.5,98.5
20140126154500,0.0,0.0,0.0,0.0,0.0,0.0,9.5,90.5
20140126154600,0.0,0.0,0.0,0.0,0.0,0.0,0.6,99.4
20140126154700,0.0,0.0,0.0,0.0,0.0,0.0,3.4,96.6
20140126154800,0.0,0.0,0.0,0.0,0.0,0.0,20.1,79.9
20140126154900,0.0,0.0,0.0,0.0,0.1,0.0,43.9,55.9
20140126155000,0.0,0.0,0.0,0.1,2.1,0.0,24.5,73.3
20140126155100,0.0,0.0,0.2,0.1,0.4,0.0,47.0,52.3
20140126155200,0.0,0.0,0.1,0.0,0.1,0.0,78.4,21.4
20140126155300,0.0,0.0,0.3,0.0,0.3,0.0,73.3,26.1
20140126155400,0.0,0.0,0.1,0.0,0.0,0.0,98.1,1.7
20140126155500,0.0,0.0,0.4,0.0,0.1,0.0,95.7,3.8
20140126155600,0.0,0.0,0.1,0.0,0.0,0.0,99.7,0.2
20140126155700,0.0,0.0,0.1,0.0,0.0,0.0,99.8,0.1
20140126155800,0.0,0.0,0.1,0.0,0.0,0.0,99.8,0.1
20140126155900,0.0,0.0,0.0,0.0,0.0,0.0,100.0,0.0
20140126160000,0.0,0.0,0.0,0.0,0.0,0.0,100.0,0.0
20140126160100,0.0,0.0,0.0,0.0,0.0,0.0,100.0,0.0
20140126160200,0.0,0.0,0.0,0.0,0.0,0.0,100.0,0.0
20140126160300,0.0,0.0,0.0,0.0,0.0,0.0,100.0,0.0
20140126160400,0.0,0.0,0.0,0.0,0.0,0.0,100.0,0.0
20140126160500,0.0,0.0,0.0,0.0,0.0,0.0,100.0,0.0
20140126160600,0.0,0.0,0.0,0.0,0.0,0.0,100.0,0.0
20140126160700,0.0,0.0,0.0,0.0,0.0,0.0,100.0,0.0
20140126160800,0.0,0.0,0.0,0.0,0.0,0.0,100.0,0.0
20140126160900,0.0,0.0,0.0,0.0,0.0,0.0,100.0,0.0
20140126161000,0.0,0.0,0.0,0.0,0.0,0.0,100.0,0.0
20140126161100,0.0,0.0,0.0,0.0,0.0,0.0,100.0,0.0
20140126161200,0.0,0.0,0.0,0.0,0.0,0.0,100.0,0.0
20140126161300,0.0,0.0,0.0,0.0,0.0,0.0,100.0,0.0
20140126161400,0.0,0.0,0.0,0.0,0.0,0.0,100.0,0.0
20140126161500,0.0,0.0,0.0,0.0,0.0,0.0,100.0,0.0
20140126161600,0.0,0.0,0.0,0.0,0.0,0.0,100.0,0.0
20140126161700,0.0,0.0,0.0,0.0,0.0,0.0,100.0,0.0
20140126161800,0.0,0.0,0.0,0.0,0.0,0.0,100.0,0.0
20140126161900,0.0,0.0,0.0,0.0,0.0,0.0,100.0,0.0
20140126162000,0.0,0.0,0.0,0.0,0.0,0.0,100.0,0.0
20140126162100,0.0,0.0,0.0,0.0,0.0,0.0,100.0,0.0
20140126162200,0.0,0.0,0.0,0.0,0.0,0.0,100.0,0.0
20140126162300,0.0,0.0,0.0,0.0,0.0,0.0,100.0,0.0
20140126162400,0.0,0.0,0.0,0.0,0.0,0.0,100.0,0.0
20140126162500,0.0,0.0,0.0,0.0,0.0,0.0,100.0,0.0
20140126162600,0.0,0.0,0.0,0.0,0.0,0.0,100.0,0.0
20140126162700,0.0,0.0,0.0,0.0,0.0,0.0,100.0,0.0
20140126162800,0.0,0.0,0.0,0.0,0.0,0.0,100.0,0.0
20140126162900,0.0,0.0,0.0,0.0,0.0,0.0,100.0,0.0
20140126163000,0.0,0.0,0.0,0.0,0.0,0.0,100.0,0.0
20140126163100,0.0,0.0,0.0,0.0,0.0,0.0,100.0,0.0
20140126163200,0.0,0.0,0.0,0.0,0.0,0.0,100.0,0.0
20140126163300,0.0,0.0,0.0,0.0,0.0,0.0,100.0,0.0
20140126163400,0.0,0.0,0.0,0.0,0.0,0.0,100.0,0.0
20140126163500,0.0,0.0,0.0,0.0,0.0,0.0,100.0,0.0
20140126163600,0.0,0.0,0.0,0.0,0.0,0.0,100.0,0.0
20140126163700,0.0,0.0,0.0,0.0,0.0,0.0,100.0,0.0
20140126163800,0.0,0.0,0.0,0.0,0.0,0.0,100.0,0.0
20140126163900,0.0,0.0,0.0,0.0,0.0,0.0,100.0,0.0
20140126164000,0.0,0.0,0.0,0.0,0.0,0.0,100.0,0.0
20140126164100,0.0,0.0,0.0,0.0,0.0,0.0,100.0,0.0
20140126164200,0.0,0.0,0.0,0.0,0.0,0.0,100.0,0.0
20140126164300,0.0,0.0,0.0,0.0,0.0,0.0,100.0,0.0
20140126164400,0.0,0.0,0.0,0.0,0.0,0.0,100.0,0.0
20140126164500,0.0,0.0,0.0,0.0,0.0,0.0,100.0,0.0
20140126164600,0.0,0.0,0.1,0.0,0.0,0.0,99.9,0.0
20140126164700,0.0,0.0,0.0,0.0,0.0,0.0,100.0,0.0
20140126164800,0.0,0.0,0.0,0.0,0.0,0.0,100.0,0.0
20140126164900,0.0,0.0,0.0,0.0,0.0,0.0,100.0,0.0
20140126165000,0.0,0.0,0.0,0.0,0.0,0.0,100.0,0.0
20140126165100,0.0,0.0,0.0,0.0,0.0,0.0,100.0,0.0
20140126165200,0.0,0.0,0.0,0.0,0.0,0.0,100.0,0.0
20140126165300,0.0,0.0,0.0,0.0,0.0,0.0,100.0,0.0
20140126165400,0.0,0.0,0.0,0.0,0.0,0.0,100.0,0.0
20140126165500,0.0,0.0,0.0,0.0,0.0,0.0,100.0,0.0
20140126165600,0.0,0.0,0.0,0.0,0.0,0.0,100.0,0.0
20140126165700,0.0,0.0,0.0,0.0,0.0,0.0,100.0,0.0
20140126165800,0.0,0.0,0.0,0.0,0.0,0.0,100.0,0.0
20140126165900,0.0,0.0,0.0,0.0,0.0,0.0,100.0,0.0
20140126170000,0.0,0.0,0.0,0.0,0.0,0.0,100.0,0.0
20140126170100,0.0,0.0,0.0,0.0,0.0,0.0,100.0,0.0
20140126170200,0.0,0.0,0.0,0.0,0.0,0.0,100.0,0.0
20140126170300,0.0,0.0,0.0,0.0,0.0,0.0,100.0,0.0
20140126170400,0.0,0.0,0.0,0.0,0.0,0.0,100.0,0.0
20140126170500,0.0,0.0,0.0,0.0,0.0,0.0,100.0,0.0
20140126170600,0.0,0.0,0.0,0.0,0.0,0.0,100.0,0.0
20140126170700,0.0,0.0,0.0,0.0,0.0,0.0,100.0,0.0
20140126170800,0.0,0.0,0.0,0.0,0.0,0.0,100.0,0.0
20140126170900,0.0,0.0,0.0,0.0,0.0,0.0,100.0,0.0
20140126171000,0.0,0.0,0.0,0.0,0.0,0.0,100.0,0.0
20140126171100,0.0,0.0,0.0,0.0,0.0,0.0,100.0,0.0
20140126171200,0.0,0.0,0.0,0.0,0.0,0.0,100.0,0.0
20140126171300,0.0,0.0,0.0,0.0,0.0,0.0,100.0,0.0
20140126171400,0.0,0.0,0.0,0.0,0.0,0.0,100.0,0.0
20140126171500,0.0,0.0,0.0,0.0,0.0,0.0,100.0,0.0
20140126171600,0.0,0.0,0.0,0.0,0.0,0.0,100.0,0.0
20140126171700,0.0,0.0,0.0,0.0,0.0,0.0,100.0,0.0
20140126171800,0.0,0.0,0.0,0.0,0.0,0.0,100.0,0.0
20140126171900,0.0,0.0,0.0,0.0,0.0,0.0,100.0,0.0
20140126172000,0.0,0.0,0.0,0.0,0.0,0.0,99.9,0.0
20140126172100,0.0,0.0,0.0,0.0,0.0,0.0,100.0,0.0
20140126172200,0.0,0.0,0.0,0.0,0.0,0.0,100.0,0.0
20140126172300,0.0,0.0,0.0,0.0,0.0,0.0,100.0,0.0
20140126172400,0.0,0.0,0.0,0.0,0.0,0.0,100.0,0.0
20140126172500,0.0,0.0,0.0,0.0,0.0,0.0,100.0,0.0
20140126172600,0.0,0.0,0.0,0.0,0.0,0.0,100.0,0.0
20140126172700,0.0,0.0,0.0,0.0,0.0,0.0,100.0,0.0
20140126172800,0.0,0.0,0.0,0.0,0.0,0.0,100.0,0.0
20140126172900,0.0,0.0,0.0,0.0,0.0,0.0,100.0,0.0
20140126173000,0.0,0.0,0.0,0.0,0.0,0.0,100.0,0.0
20140126173100,0.0,0.0,0.0,0.0,0.0,0.0,100.0,0.0
20140126173200,0.0,0.0,0.0,0.0,0.0,0.0,100.0,0.0
20140126173300,0.0,0.0,0.0,0.0,0.0,0.0,100.0,0.0
20140126173400,0.0,0.0,0.0,0.0,0.0,0.0,100.0,0.0
20140126173500,0.0,0.0,0.0,0.0,0.0,0.0,100.0,0.0
20140126173600,0.0,0.0,0.0,0.0,0.0,0.0,100.0,0.0
20140126173700,0.0,0.0,0.0,0.0,0.0,0.0,100.0,0.0
20140126173800,0.0,0.0,0.0,0.0,0.0,0.0,100.0,0.0
20140126173900,0.0,0.0,0.0,0.0,0.0,0.0,100.0,0.0
20140126174000,0.0,0.0,0.0,0.0,0.0,0.0,100.0,0.0
20140126174100,0.0,0.0,0.0,0.0,0.0,0.0,99.9,0.0
20140126174200,0.0,0.0,0.0,0.0,0.0,0.0,100.0,0.0
20140126174300,0.0,0.0,0.1,0.0,0.0,0.0,99.9,0.0
20140126174400,0.0,0.0,0.6,0.0,0.0,0.0,99.4,0.0
20140126174500,0.0,0.0,1.1,0.0,0.0,0.0,98.9,0.0
20140126174600,0.0,0.0,6.9,0.0,0.0,0.0,93.1,0.0
20140126174700,0.0,0.0,12.1,0.0,0.0,0.0,87.8,0.0
20140126174800,0.0,0.0,1.9,0.1,0.0,0.0,98.0,0.0
20140126174900,0.0,0.0,16.3,0.0,0.0,0.0,83.6,0.0
20140126175000,0.0,0.0,1.8,0.0,0.0,0.1,98.1,0.0
20140126175100,0.0,0.0,10.0,0.0,0.0,0.2,89.7,0.0
20140126175200,0.0,0.1,2.9,0.2,0.0,0.2,96.5,0.0
20140126175300,0.0,0.1,26.1,1.2,0.0,0.4,72.1,0.1
20140126175400,0.0,0.0,7.0,0.2,0.0,0.2,92.6,0.0
20140126175500,0.0,0.0,4.8,0.1,0.0,0.6,94.5,0.0
20140126175600,0.0,0.0,30.6,1.0,0.0,1.4,67.0,0.0
20140126175700,0.0,0.1,26.7,1.3,0.0,2.4,69.5,0.0
20140126175800,0.0,0.0,17.2,0.3,0.0,5.5,77.0,0.1
20140126175900,0.0,0.0,6.3,0.0,0.0,1.3,92.3,0.1
20140126180000,0.0,0.1,46.0,0.3,0.0,0.9,52.6,0.1
20140126180100,0.0,0.0,9.5,0.5,0.0,1.0,89.0,0.0
20140126180200,0.0,0.0,9.9,0.1,0.0,1.1,88.9,0.0
20140126180300,0.0,0.0,6.5,0.1,0.0,0.3,92.9,0.1
20140126180400,0.0,0.0,5.6,0.2,0.0,0.9,93.3,0.1
20140126180500,0.0,0.0,1.6,0.0,0.0,0.2,98.3,0.0
20140126180600,0.0,0.0,0.3,0.0,0.0,0.2,99.6,0.0
20140126180700,0.0,0.0,2.6,0.0,0.0,0.3,97.1,0.0
20140126180800,0.0,0.0,0.3,0.0,0.0,0.1,99.6,0.0
20140126180900,0.0,0.0,0.5,0.0,0.0,0.2,99.3,0.0
20140126181000,0.0,0.0,1.4,0.0,0.0,0.8,97.7,0.0
20140126181100,0.0,0.0,2.8,0.0,0.0,0.9,96.3,0.0
20140126181200,0.0,0.0,0.1,0.0,0.0,0.3,99.6,0.0
20140126181300,0.0,0.0,0.0,0.0,0.0,0.1,99.9,0.0
20140126181400,0.0,0.0,0.3,0.0,0.0,0.3,99.4,0.0
20140126181500,0.0,0.0,9.1,0.0,0.0,3.3,87.5,0.0
20140126181600,0.0,0.0,0.0,0.0,0.0,0.3,99.6,0.0
20140126181700,0.0,0.0,0.3,0.0,0.0,0.1,99.6,0.0
20140126181800,0.0,0.0,7.8,0.0,0.0,0.6,91.6,0.0
20140126181900,0.0,0.0,0.5,0.0,0.0,0.7,98.8,0.0
20140126182000,0.0,0.0,2.7,0.0,0.0,1.3,96.0,0.0
20140126182100,0.0,0.0,0.9,0.0,0.0,0.6,98.5,0.0
20140126182200,0.0,0.0,4.6,0.0,0.0,1.6,93.7,0.0
20140126182300,0.0,0.0,1.3,0.0,0.0,2.1,96.5,0.0
20140126182400,0.0,0.0,0.3,0.0,0.0,0.1,99.6,0.0
20140126182500,0.0,0.0,0.0,0.0,0.0,0.1,99.9,0.0
20140126182600,0.0,0.0,0.0,0.0,0.0,0.1,99.9,0.0
20140126182700,0.0,0.0,0.0,0.0,0.0,0.4,99.6,0.0
20140126182800,0.0,0.0,0.0,0.0,0.0,0.2,99.8,0.0
20140126182900,0.0,0.0,0.0,0.0,0.0,0.2,99.8,0.0
20140126183000,0.0,0.0,0.0,0.0,0.0,0.1,99.8,0.0
20140126183100,0.0,0.0,0.1,0.0,0.0,0.4,99.5,0.0
20140126183200,0.0,0.0,0.2,0.0,0.0,0.6,99.1,0.0
20140126183300,0.0,0.0,0.0,0.0,0.0,0.1,99.8,0.0
20140126183400,0.0,0.0,0.0,0.0,0.0,0.0,99.9,0.0
20140126183500,0.0,0.0,0.1,0.0,0.0,0.2,99.7,0.0
20140126183600,0.0,0.0,0.1,0.0,0.0,2.1,97.8,0.0
20140126183700,0.0,0.0,1.1,0.0,0.0,2.1,96.8,0.0
20140126183800,0.0,0.0,1.8,0.1,0.0,31.5,66.5,0.1
20140126183900,0.0,0.0,0.2,0.0,0.0,14.7,85.1,0.0
20140126184000,0.0,0.0,1.0,0.0,0.0,13.2,85.8,0.0
20140126184100,0.0,0.0,0.9,0.0,0.0,2.8,96.3,0.0
20140126184200,0.1,0.0,0.6,0.0,0.0,20.0,79.3,0.0
20140126184300,0.0,0.0,0.2,0.0,0.0,6.9,92.8,0.0
20140126184400,0.0,0.0,0.2,0.0,0.0,2.4,97.4,0.0
20140126184500,0.0,0.0,0.2,0.1,0.0,3.1,96.6,0.0
20140126184600,0.0,0.0,0.2,0.1,0.0,4.5,95.2,0.0
20140126184700,0.0,0.0,0.9,0.0,0.0,4.5,94.5,0.0
20140126184800,0.0,0.0,0.8,0.1,0.0,3.9,95.2,0.0
20140126184900,0.0,0.0,0.8,0.2,0.0,1.1,97.9,0.0
20140126185000,2.1,0.0,5.3,3.0,0.0,9.7,79.8,0.1
20140126185100,11.6,0.3,36.5,35.7,0.0,4.6,11.3,0.1
20140126185200,0.6,0.0,42.0,1.2,0.0,12.4,43.7,0.1
20140126185300,0.0,0.0,5.1,0.4,0.0,12.5,81.9,0.1
20140126185400,0.0,0.0,0.7,0.1,0.0,4.7,94.5,0.0
20140126185500,2.0,0.1,18.7,5.5,0.0,19.2,54.5,0.1
20140126185600,38.2,0.5,35.3,3.7,0.2,4.4,17.7,0.0
20140126185700,1.2,0.1,5.4,0.6,0.0,21.9,70.9,0.0
20140126185800,0.1,0.0,7.8,0.4,0.0,40.2,51.5,0.1
20140126185900,0.9,0.4,36.6,17.7,0.0,5.7,38.6,0.1
20140126190000,3.7,0.3,22.6,68.3,0.0,1.9,3.1,0.0
20140126190100,23.6,0.2,18.9,57.1,0.0,0.1,0.1,0.0
20140126190200,74.4,0.5,5.1,20.0,0.1,0.0,0.0,0.0
20140126190300,85.8,0.1,2.1,12.0,0.0,0.0,0.0,0.0
20140126190400,30.3,0.1,23.5,45.8,0.0,0.2,0.1,0.0
20140126190500,94.2,0.1,0.5,5.0,0.1,0.0,0.0,0.0
20140126190600,97.4,0.5,0.3,1.7,0.0,0.0,0.0,0.0
20140126190700,88.8,0.3,0.5,10.2,0.2,0.0,0.0,0.0
20140126190800,82.3,0.0,0.3,17.2,0.1,0.0,0.0,0.0
20140126190900,76.9,1.1,7.8,13.6,0.1,0.3,0.2,0.0
20140126191000,46.3,0.4,27.0,22.5,0.3,2.4,1.0,0.0
20140126191100,25.1,0.5,13.2,51.3,0.1,6.8,2.9,0.0
20140126191200,15.3,0.6,8.5,75.2,0.0,0.4,0.1,0.0
20140126191300,3.1,0.4,8.7,86.2,0.1,1.1,0.4,0.0
20140126191400,55.5,0.1,1.0,43.0,0.1,0.2,0.0,0.0
20140126191500,95.4,0.1,1.1,2.7,0.1,0.5,0.0,0.0
20140126191600,83.4,0.7,2.3,12.5,0.3,0.3,0.5,0.0
20140126191700,57.7,0.4,2.8,38.5,0.1,0.5,0.1,0.0
20140126191800,38.9,0.3,17.0,42.0,0.0,0.7,1.1,0.0
20140126191900,41.5,1.2,26.6,23.0,0.1,4.0,3.6,0.0
20140126192000,5.4,0.9,4.1,87.8,0.1,0.3,1.3,0.0
20140126192100,4.3,0.0,5.7,89.3,0.0,0.4,0.3,0.0
20140126192200,6.9,0.6,21.1,63.7,0.0,3.5,4.3,0.0
20140126192300,4.7,0.1,27.1,12.0,0.0,4.8,51.2,0.0
20140126192400,0.2,0.0,20.7,0.1,0.0,19.5,59.5,0.0
20140126192500,0.0,0.0,0.8,0.0,0.0,6.0,93.2,0.0
20140126192600,0.0,0.0,4.4,0.3,0.0,6.6,88.7,0.0
20140126192700,0.0,0.0,8.2,0.1,0.0,17.3,74.4,0.0
20140126192800,0.0,0.0,1.0,0.0,0.0,19.6,79.4,0.0
20140126192900,0.0,0.0,2.6,0.0,0.0,5.8,91.6,0.0
20140126193000,0.0,0.0,0.6,0.0,0.0,1.5,97.9,0.0
20140126193100,0.0,0.0,0.6,0.0,0.0,7.3,92.1,0.0
20140126193200,0.0,0.0,4.4,0.0,0.0,1.9,93.7,0.0
20140126193300,0.0,0.0,9.3,0.0,0.0,8.9,81.8,0.0
20140126193400,0.0,0.0,12.9,0.0,0.0,18.8,68.1,0.0
20140126193500,0.0,0.0,3.7,0.0,0.0,2.4,93.9,0.0
20140126193600,0.0,0.0,0.9,0.0,0.0,0.2,98.9,0.0
20140126193700,0.0,0.0,15.4,0.0,0.0,4.8,79.8,0.0
20140126193800,0.0,0.0,49.1,0.0,0.0,1.4,49.5,0.0
20140126193900,0.0,0.0,4.3,0.0,0.0,0.5,95.1,0.0
20140126194000,0.0,0.0,36.1,0.0,0.0,2.7,61.2,0.0
20140126194100,0.0,0.0,23.7,0.0,0.0,23.8,52.5,0.0
20140126194200,0.0,0.0,31.5,0.0,0.0,16.0,52.5,0.0
20140126195028,0.0,0.0,1.9,0.0,0.0,1.6,96.5,0.0
20140126195128,0.0,0.0,5.4,0.0,0.0,49.6,45.0,0.0
20140126195228,0.0,0.0,0.6,0.0,0.0,81.3,18.1,0.0
20140126195328,0.0,0.0,6.5,0.0,0.0,76.0,17.5,0.0
20140126195428,0.0,0.0,5.7,0.0,0.0,25.3,69.0,0.0
20140126195528,0.0,0.0,22.3,0.2,0.0,2.5,74.9,0.0
20140126195628,0.0,0.0,6.6,0.0,0.0,21.0,72.3,0.0
20140126195728,0.0,0.1,20.2,2.7,0.0,18.5,58.3,0.2
20140126195828,0.0,0.0,3.3,0.8,0.0,2.9,92.9,0.0
20140126195928,0.0,0.0,0.5,0.1,0.0,10.7,88.6,0.0
20140126200028,0.0,0.0,0.4,0.4,0.0,2.3,96.8,0.1
20140126200128,0.0,0.0,0.0,0.0,0.0,0.2,99.7,0.1
20140126200228,0.1,0.0,0.1,0.0,0.0,8.5,91.2,0.0
20140126200328,0.0,0.0,0.0,0.0,0.0,2.6,97.3,0.0
20140126200428,0.0,0.0,0.1,0.0,0.0,3.5,96.5,0.0
20140126200528,0.0,0.0,0.5,0.0,0.0,46.9,52.6,0.0
20140126200628,0.0,0.0,0.8,0.0,0.0,37.4,61.7,0.0
20140126200728,0.0,0.0,1.1,0.0,0.0,5.2,93.7,0.0
20140126200828,0.0,0.0,2.6,0.0,0.0,3.7,93.7,0.0
20140126200928,0.0,0.0,0.6,0.0,0.0,9.8,89.5,0.0
20140126201028,0.0,0.0,0.2,0.0,0.0,43.9,55.9,0.0
20140126201128,0.0,0.0,1.6,0.0,0.0,30.5,67.9,0.0
20140126201228,0.0,0.0,3.3,0.0,0.0,65.8,30.9,0.0
20140126201328,0.0,0.0,1.8,0.0,0.0,26.1,72.1,0.0
20140126201428,0.0,0.0,3.2,0.0,0.0,40.1,56.6,0.0
20140126201528,0.0,0.0,1.4,0.0,0.0,67.4,31.2,0.0
20140126201628,0.0,0.0,1.3,0.0,0.0,41.4,57.3,0.0
20140126201728,0.0,0.0,3.1,0.0,0.0,13.7,83.2,0.0
20140126201828,0.0,0.0,0.9,0.0,0.0,32.0,67.1,0.0
20140126201928,0.0,0.0,0.9,0.0,0.0,83.9,15.1,0.0
20140126202028,0.0,0.0,0.6,0.0,0.0,54.5,44.9,0.0
20140126202128,0.0,0.0,3.7,0.0,0.0,20.3,76.0,0.0
20140126202228,0.0,0.0,0.8,0.0,0.0,59.8,39.4,0.0
20140126202328,0.0,0.0,1.0,0.0,0.0,92.9,6.1,0.0
20140126202428,0.0,0.0,0.2,0.0,0.0,81.5,18.3,0.0
20140126202528,0.0,0.0,0.2,0.0,0.0,90.7,9.2,0.0
20140126202628,0.0,0.0,0.1,0.0,0.0,81.9,18.0,0.0
20140126202728,0.0,0.0,0.1,0.0,0.0,51.8,48.1,0.0
20140126202828,0.0,0.0,0.4,0.0,0.0,85.9,13.7,0.0
20140126202928,0.0,0.0,3.3,0.0,0.0,69.1,27.6,0.0
20140126203028,0.0,0.0,1.0,0.0,0.0,56.6,42.3,0.0
20140126203128,0.0,0.0,0.1,0.0,0.0,96.4,3.5,0.0
20140126203228,0.0,0.0,0.5,0.0,0.0,72.7,26.8,0.0
20140126203328,0.0,0.0,0.4,0.0,0.0,86.5,13.0,0.0
20140126203428,0.0,0.0,0.6,0.0,0.0,69.3,30.0,0.0
20140126203528,0.0,0.0,4.3,0.0,0.0,51.4,44.3,0.0
20140126203628,0.0,0.0,0.7,0.0,0.0,54.1,45.2,0.0
20140126203728,0.0,0.0,0.6,0.0,0.0,47.8,51.5,0.0
20140126203828,0.0,0.0,1.3,0.0,0.0,39.9,58.8,0.0
20140126203928,0.0,0.0,0.6,0.0,0.0,6.8,92.6,0.0
20140126204028,0.0,0.0,0.0,0.0,0.0,2.5,97.5,0.0
20140126204128,0.0,0.0,0.0,0.0,0.0,42.6,57.4,0.0
20140126204228,0.0,0.0,0.1,0.0,0.0,21.4,78.5,0.0
20140126204328,0.0,0.0,0.0,0.0,0.0,5.7,94.3,0.0
20140126204428,0.0,0.0,0.0,0.0,0.0,4.1,95.9,0.0
20140126204528,0.0,0.0,0.0,0.0,0.0,2.0,98.0,0.0
20140126204628,0.0,0.0,0.0,0.0,0.0,0.2,99.8,0.0
20140126204728,0.0,0.0,0.0,0.0,0.0,0.1,99.9,0.0
20140126204828,0.0,0.0,0.0,0.0,0.0,0.4,99.6,0.0
20140126204928,0.0,0.0,0.0,0.0,0.0,0.0,100.0,0.0
20140126205028,0.0,0.0,0.0,0.0,0.0,0.6,99.4,0.0
20140126205128,0.0,0.0,0.0,0.0,0.0,1.8,98.2,0.0
20140126205228,0.0,0.0,0.0,0.0,0.0,1.9,98.1,0.0
20140126205328,0.0,0.0,0.0,0.0,0.0,0.1,99.8,0.0
20140126205428,0.0,0.0,0.0,0.0,0.0,0.1,99.9,0.0
20140126205528,0.0,0.0,0.0,0.0,0.0,0.1,99.9,0.0
20140126205628,0.0,0.0,0.0,0.0,0.0,0.1,99.9,0.0
20140126205728,0.0,0.0,0.0,0.0,0.0,0.0,99.9,0.0
20140126205828,0.0,0.0,0.0,0.0,0.0,0.2,99.8,0.1
20140126205928,0.0,0.0,0.0,0.0,0.0,0.6,99.4,0.0
20140126210028,0.0,0.0,0.0,0.0,0.0,0.0,99.9,0.0
20140126210128,0.0,0.0,0.0,0.0,0.0,0.6,99.3,0.1
20140126210228,0.0,0.0,0.0,0.0,0.0,0.2,99.8,0.0
20140126210328,0.0,0.0,0.0,0.0,0.0,0.1,99.9,0.0
20140126210428,0.0,0.0,0.0,0.0,0.0,0.1,99.9,0.0
20140126210528,0.0,0.0,0.0,0.0,0.0,0.2,99.7,0.1
20140126210628,0.0,0.0,0.0,0.0,0.0,0.2,99.7,0.0
20140126210728,0.0,0.0,0.0,0.0,0.0,0.4,99.5,0.1
20140126210828,0.0,0.0,0.0,0.0,0.0,0.1,99.9,0.0
20140126210928,0.0,0.0,0.0,0.0,0.0,0.7,99.2,0.0
20140126211028,0.0,0.0,0.0,0.0,0.0,0.6,99.3,0.0
20140126211128,0.0,0.0,0.0,0.0,0.0,0.1,99.8,0.0
20140126211228,0.0,0.0,0.0,0.0,0.0,0.0,99.9,0.0
20140126211328,0.0,0.0,0.0,0.0,0.0,0.1,99.9,0.0
20140126211428,0.0,0.0,0.0,0.0,0.0,0.3,99.7,0.0
20140126211528,0.0,0.0,0.0,0.0,0.0,0.1,99.9,0.0
20140126211628,0.0,0.0,0.0,0.0,0.0,0.1,99.8,0.0
20140126211728,0.0,0.0,0.0,0.0,0.0,0.8,99.2,0.0
20140126211828,0.0,0.0,0.0,0.0,0.0,0.6,99.3,0.0
20140126211928,0.0,0.0,0.0,0.0,0.0,0.2,99.8,0.0
20140126212028,0.0,0.0,0.0,0.0,0.0,0.2,99.8,0.0
20140126212128,0.0,0.0,0.0,0.0,0.0,0.2,99.8,0.0
20140126212228,0.0,0.0,0.0,0.0,0.0,0.5,99.4,0.0
20140126212328,0.0,0.0,0.0,0.0,0.0,0.1,99.8,0.0
20140126212428,0.0,0.0,0.0,0.0,0.0,1.2,98.8,0.0
20140126212528,0.0,0.0,0.0,0.0,0.0,0.0,100.0,0.0
20140126212628,0.0,0.0,0.0,0.0,0.0,0.1,99.9,0.0
20140126212728,0.0,0.0,0.0,0.0,0.0,0.2,99.8,0.0
20140126212828,0.0,0.0,0.0,0.0,0.0,0.0,100.0,0.0
20140126212928,0.0,0.0,0.0,0.0,0.0,0.0,99.9,0.0
20140126213028,0.0,0.0,0.0,0.0,0.0,0.0,100.0,0.0
20140126213128,0.0,0.0,0.0,0.0,0.0,0.1,99.9,0.0
20140126213228,0.0,0.0,0.0,0.0,0.0,0.2,99.8,0.0
20140126213328,0.0,0.0,0.0,0.0,0.0,0.1,99.9,0.0
20140126213428,0.0,0.0,0.0,0.0,0.0,0.1,99.9,0.0
20140126213528,0.0,0.0,0.0,0.0,0.0,0.9,99.1,0.0
20140126213628,0.0,0.0,0.0,0.0,0.0,0.2,99.7,0.0
20140126213728,0.0,0.0,0.0,0.0,0.0,0.4,99.5,0.0
20140126213828,0.0,0.0,0.0,0.0,0.0,0.7,99.2,0.1
20140126213928,0.0,0.0,0.0,0.0,0.0,0.3,99.7,0.0
20140126214028,0.0,0.0,0.0,0.0,0.0,0.1,99.9,0.0
20140126214128,0.0,0.0,0.0,0.0,0.0,0.2,99.8,0.0
20140126214228,0.0,0.0,0.0,0.0,0.0,0.1,99.9,0.0
20140126214328,0.0,0.0,0.0,0.0,0.0,0.0,100.0,0.0
20140126214428,0.0,0.0,0.0,0.0,0.0,0.2,99.8,0.0
20140126214528,0.0,0.0,0.0,0.0,0.0,0.3,99.7,0.0
20140126214628,0.0,0.0,0.0,0.0,0.0,0.1,99.9,0.0
20140126214728,0.0,0.0,0.0,0.0,0.0,0.1,99.9,0.0
20140126214828,0.0,0.0,0.0,0.0,0.0,0.3,99.7,0.0
20140126214928,0.0,0.0,0.0,0.0,0.0,0.9,99.1,0.0
20140126215028,0.0,0.0,0.0,0.0,0.0,0.0,100.0,0.0
20140126215128,0.0,0.0,0.0,0.0,0.0,0.1,99.9,0.0
20140126215228,0.0,0.0,0.0,0.0,0.0,0.1,99.9,0.0
20140126215328,0.0,0.0,0.0,0.0,0.0,0.0,100.0,0.0
20140126215428,0.0,0.0,0.0,0.0,0.0,0.1,99.9,0.0
20140126215528,0.0,0.0,0.0,0.0,0.0,0.1,99.9,0.0
20140126215628,0.0,0.0,0.0,0.0,0.0,0.0,100.0,0.0
20140126215728,0.0,0.0,0.0,0.0,0.0,0.1,99.9,0.0
20140126215828,0.0,0.0,0.0,0.0,0.0,0.1,99.9,0.0
20140126215928,0.0,0.0,0.0,0.0,0.0,0.0,100.0,0.0
20140126220028,0.0,0.0,0.0,0.0,0.0,0.3,99.7,0.0
20140126220128,0.0,0.0,0.0,0.0,0.0,0.0,100.0,0.0
20140126220228,0.0,0.0,0.0,0.0,0.0,0.5,99.5,0.0
20140126220328,0.0,0.0,0.0,0.0,0.0,0.0,100.0,0.0
20140126220428,0.0,0.0,0.0,0.0,0.0,0.1,99.9,0.0
20140126220528,0.0,0.0,0.0,0.0,0.0,0.0,100.0,0.0
20140126220628,0.0,0.0,0.0,0.0,0.0,0.0,100.0,0.0
20140126220728,0.0,0.0,0.0,0.0,0.0,0.1,99.9,0.0
20140126220828,0.0,0.0,0.0,0.0,0.0,0.5,99.4,0.1
20140126220928,0.0,0.0,0.0,0.0,0.0,0.1,99.9,0.0
20140126221028,0.0,0.0,0.0,0.0,0.0,0.7,99.3,0.0
20140126221128,0.0,0.0,0.0,0.0,0.0,0.3,99.7,0.0
20140126221228,0.0,0.0,0.0,0.0,0.0,0.1,99.9,0.0
20140126221328,0.0,0.0,0.0,0.0,0.0,2.8,97.2,0.0
20140126221428,0.0,0.0,0.0,0.0,0.0,0.1,99.9,0.0
20140126221528,0.0,0.0,0.0,0.0,0.0,0.7,99.3,0.0
20140126221628,0.0,0.0,0.0,0.0,0.0,0.2,99.8,0.0
20140126221728,0.0,0.0,0.0,0.0,0.0,2.8,97.2,0.0
20140126221828,0.0,0.0,0.0,0.0,0.0,0.2,99.8,0.0
20140126221928,0.0,0.0,0.0,0.0,0.0,0.0,100.0,0.0
20140126222028,0.0,0.0,0.0,0.0,0.0,1.4,98.6,0.0
20140126222128,0.0,0.0,0.0,0.0,0.0,0.0,100.0,0.0
20140126222228,0.0,0.0,0.0,0.0,0.0,0.1,99.9,0.0
20140126222328,0.0,0.0,0.0,0.0,0.0,0.8,99.1,0.0
20140126222428,0.0,0.0,0.0,0.0,0.0,0.2,99.8,0.0
20140126222528,0.0,0.0,0.0,0.0,0.0,0.1,99.9,0.0
20140126222628,0.0,0.0,0.0,0.0,0.0,0.0,100.0,0.0
20140126222728,0.0,0.0,0.0,0.0,0.0,0.0,100.0,0.0
20140126222828,0.0,0.0,0.0,0.0,0.0,0.1,99.8,0.0
20140126222928,0.0,0.0,0.0,0.0,0.0,0.3,99.7,0.0
20140126223028,0.0,0.0,0.0,0.0,0.0,0.1,99.9,0.0
20140126223128,0.0,0.0,0.0,0.0,0.0,0.1,99.9,0.0
20140126223228,0.0,0.0,0.0,0.0,0.0,0.3,99.7,0.0
20140126223328,0.0,0.0,0.0,0.0,0.0,0.2,99.8,0.0
20140126223428,0.0,0.0,0.0,0.0,0.0,0.1,99.9,0.0
20140126223528,0.0,0.0,0.0,0.0,0.0,0.2,99.8,0.0
20140126223628,0.0,0.0,0.0,0.0,0.0,0.3,99.7,0.0
20140126223728,0.0,0.0,0.0,0.0,0.0,0.7,99.3,0.0
20140126223828,0.0,0.0,0.0,0.0,0.0,0.1,99.8,0.1
20140126223928,0.0,0.0,0.0,0.0,0.0,0.2,99.8,0.0
20140126224028,0.0,0.0,0.0,0.0,0.0,0.3,99.6,0.0
20140126224128,0.0,0.0,0.0,0.0,0.0,0.0,100.0,0.0
20140126224228,0.0,0.0,0.0,0.0,0.0,0.1,99.9,0.0
20140126224328,0.0,0.0,0.0,0.0,0.0,0.2,99.8,0.0
20140126225636,13.5,0.2,2.8,76.6,0.1,0.2,6.7,0.0
20140126225736,59.3,0.5,0.7,38.3,0.9,0.1,0.1,0.0
20140126225836,73.2,0.2,0.1,25.9,0.7,0.0,0.0,0.0
20140126225936,68.4,0.1,0.0,30.4,1.1,0.0,0.0,0.0
20140126230036,50.3,0.2,0.1,49.3,0.0,0.0,0.1,0.0
20140126230136,61.1,0.5,4.1,32.6,0.4,1.3,0.0,0.0
20140126230236,92.6,4.8,0.0,2.6,0.0,0.0,0.0,0.0
20140126230336,97.5,1.5,0.0,1.0,0.0,0.0,0.0,0.0
20140126230436,98.8,0.7,0.0,0.6,0.0,0.0,0.0,0.0
20140126230536,93.6,0.2,4.4,0.7,0.0,0.4,0.6,0.0
20140126230636,88.8,0.9,0.4,9.0,0.1,0.0,0.8,0.0
20140126230736,72.1,0.4,2.9,18.6,0.2,0.0,5.8,0.0
20140126230836,6.2,0.0,0.5,0.4,0.0,0.3,92.6,0.0
20140126230936,2.1,0.2,5.9,2.7,0.0,2.8,86.0,0.1
20140126231036,8.7,0.0,0.2,0.2,0.0,0.9,90.0,0.0
20140126231136,11.5,0.0,0.4,1.6,0.0,0.2,86.1,0.1
20140126231236,16.7,3.2,12.8,23.7,0.0,2.8,40.7,0.0
20140126231336,20.7,1.0,10.3,65.7,0.1,0.3,2.0,0.0
20140126231436,13.6,18.8,9.6,57.1,0.5,0.0,0.4,0.0
20140126231536,2.6,97.4,0.0,0.0,0.0,0.0,0.0,0.0
20140126231636,0.0,100.0,0.0,0.0,0.0,0.0,0.0,0.0
20140126231736,0.0,100.0,0.0,0.0,0.0,0.0,0.0,0.0
20140126231836,0.0,100.0,0.0,0.0,0.0,0.0,0.0,0.0
20140126231936,0.3,89.4,0.3,7.7,2.4,0.0,0.0,0.0
20140126232036,0.0,72.6,3.6,13.4,10.4,0.0,0.0,0.0
20140126232136,0.0,54.2,27.7,18.1,0.1,0.0,0.0,0.0
20140126232236,0.0,9.1,85.6,5.2,0.1,0.0,0.0,0.0
20140126232336,0.0,20.1,66.2,13.5,0.1,0.0,0.0,0.0
20140126232436,0.0,1.2,55.6,42.2,1.0,0.0,0.1,0.0
20140126232536,0.0,2.6,66.0,31.2,0.1,0.0,0.1,0.0
20140126232636,0.0,1.6,72.1,25.3,0.0,0.0,0.9,0.0
20140126232736,0.0,0.0,98.6,1.4,0.0,0.0,0.0,0.0
20140126232836,0.0,0.0,85.9,13.5,0.0,0.0,0.6,0.0
20140126232936,0.0,0.0,96.7,3.1,0.0,0.0,0.2,0.0
20140126233036,0.0,0.0,93.7,0.6,0.0,0.0,5.6,0.0
20140126233136,0.0,0.0,93.5,3.7,0.0,0.1,2.7,0.0
20140126233236,0.0,0.0,79.1,11.7,0.0,0.1,9.1,0.0
20140126233336,0.0,0.2,38.9,19.2,0.0,0.2,41.4,0.0
20140126233436,0.0,0.0,65.9,3.1,0.0,0.1,30.8,0.0
20140126233536,0.0,0.0,38.4,17.4,0.0,0.1,44.0,0.0
20140126233636,0.0,0.0,7.9,71.0,0.0,0.1,21.0,0.0
20140126233736,0.0,0.0,59.3,15.1,0.0,0.0,25.5,0.0
20140126233836,0.0,0.1,84.4,13.1,0.0,0.0,2.4,0.0
20140126233936,0.0,0.0,47.4,0.2,0.0,0.5,51.9,0.0
20140126234036,0.0,0.0,15.0,0.2,0.0,0.0,84.7,0.0
20140126234136,0.0,0.1,31.8,17.7,0.0,0.0,50.3,0.0
20140126234236,0.0,0.0,33.1,0.1,0.0,0.9,65.9,0.0
20140126234336,0.0,0.0,58.3,0.4,0.0,2.3,39.0,0.0
20140126234436,0.0,0.0,11.3,0.3,0.0,0.1,88.3,0.0
20140126234536,0.0,0.0,23.8,0.0,0.0,0.5,75.7,0.0
20140126234636,0.0,0.0,48.5,0.5,0.0,1.8,49.1,0.0
20140126234736,0.0,0.0,1.3,0.4,0.0,0.2,98.1,0.0
20140126234836,0.0,0.0,1.1,0.0,0.0,0.1,98.7,0.0
20140126234936,0.0,0.0,1.9,0.2,0.0,0.1,97.7,0.0
20140126235036,0.0,0.0,5.1,0.0,0.0,0.4,94.4,0.0
20140126235136,0.0,0.0,19.3,0.0,0.0,2.0,78.7,0.0
20140126235236,0.0,0.0,13.4,0.0,0.0,0.6,86.0,0.0
20140126235336,0.0,0.0,1.1,0.0,0.0,0.1,98.8,0.0
20140126235436,0.0,0.0,3.0,0.0,0.0,1.7,95.3,0.0
20140126235536,0.0,0.0,0.4,0.0,0.0,21.6,78.0,0.0
20140126235636,0.0,0.0,21.0,0.0,0.0,25.3,53.7,0.0
20140126235736,0.0,0.0,2.6,0.1,0.0,6.8,90.5,0.0
20140126235836,0.0,0.0,0.6,0.0,0.0,28.4,71.0,0.0
20140126235936,0.0,0.0,0.8,0.0,0.0,1.0,98.2,0.0
20140127000036,0.1,0.0,7.0,0.5,0.0,5.1,87.2,0.0
20140127000136,0.1,0.0,3.9,0.7,0.0,3.1,92.1,0.1
20140127000236,0.7,0.1,4.9,2.3,0.0,4.4,87.6,0.1
20140127000336,0.0,0.0,0.5,0.0,0.0,14.3,85.1,0.0
20140127000436,0.4,0.1,7.7,2.7,0.0,1.6,87.2,0.3
20140127000536,0.0,0.0,0.7,0.1,0.0,0.3,98.7,0.2
20140127000636,0.0,0.0,9.0,0.2,0.0,2.6,88.0,0.2
20140127000736,0.0,0.0,4.2,0.1,0.0,0.6,95.0,0.0
20140127000836,0.1,0.0,5.0,0.1,0.0,1.6,93.2,0.1
20140127000936,0.0,0.0,4.5,0.0,0.0,2.1,93.3,0.0
20140127001036,0.0,0.0,15.3,0.1,0.0,9.1,75.5,0.0
20140127001136,0.0,0.0,22.0,0.1,0.0,23.4,54.5,0.0
20140127001236,0.0,0.0,9.9,0.1,0.0,7.9,82.0,0.0
20140127001336,0.0,0.0,6.2,0.1,0.0,6.2,87.3,0.1
20140127001436,0.0,0.0,4.9,0.0,0.0,4.6,90.5,0.0
20140127001536,0.1,0.2,51.1,1.0,0.0,5.1,42.3,0.2
20140127001636,0.0,0.0,2.5,0.0,0.0,6.9,90.5,0.0
20140127001736,0.1,0.0,74.1,0.4,0.0,4.3,20.9,0.1
20140127001836,0.1,0.0,45.2,0.2,0.0,27.1,27.4,0.0
20140127001936,0.0,0.0,38.8,0.1,0.0,10.4,50.6,0.1
20140127002036,0.1,0.0,3.5,0.2,0.0,1.6,94.3,0.2
20140127002136,0.0,0.0,82.9,0.2,0.0,1.6,15.1,0.2
20140127002236,0.0,0.0,29.3,0.1,0.0,50.9,19.3,0.4
20140127002336,0.1,0.0,2.6,0.0,0.0,8.9,88.2,0.1
20140127002436,0.0,0.0,0.7,0.0,0.0,5.0,94.1,0.1
20140127002536,0.0,0.1,12.0,0.4,0.0,8.4,78.9,0.3
20140127002636,0.0,0.0,6.6,0.0,0.0,7.4,86.0,0.0
20140127002736,0.1,0.0,2.1,0.0,0.0,6.7,91.0,0.0
20140127002836,0.1,0.0,0.7,0.0,0.0,5.5,93.7,0.0
20140127002936,0.1,0.0,0.4,0.0,0.0,1.3,98.2,0.0
20140127003036,0.0,0.0,0.8,0.0,0.0,4.7,94.5,0.0
20140127003136,0.0,0.0,0.0,0.0,0.0,0.8,99.1,0.0
20140127003236,0.0,0.0,0.0,0.0,0.0,0.9,99.1,0.1
20140127003336,0.0,0.0,0.2,0.0,0.0,5.1,94.7,0.0
20140127003436,0.0,0.0,0.2,0.0,0.0,4.2,95.5,0.0
20140127003536,0.0,0.0,0.1,0.0,0.0,2.1,97.8,0.0
20140127003636,0.0,0.0,0.0,0.0,0.0,1.2,98.7,0.0
20140127003736,0.0,0.0,0.1,0.0,0.0,3.1,96.8,0.0
20140127003836,0.0,0.0,0.1,0.0,0.0,2.4,97.5,0.0
20140127003936,0.0,0.0,0.0,0.0,0.0,1.5,98.4,0.0
20140127004036,0.0,0.0,0.0,0.0,0.0,2.2,97.7,0.0
20140127004136,0.0,0.0,0.0,0.0,0.0,0.6,99.4,0.0
20140127004236,0.0,0.0,0.0,0.0,0.0,1.9,98.1,0.0
20140127004336,0.0,0.0,0.0,0.0,0.0,3.3,96.7,0.0
20140127004436,0.0,0.0,0.0,0.0,0.0,6.8,93.1,0.0
20140127004536,0.0,0.0,0.0,0.0,0.0,1.3,98.7,0.0
20140127004636,0.0,0.0,0.0,0.0,0.0,3.1,96.8,0.0
20140127004736,0.0,0.0,0.0,0.0,0.0,0.2,99.8,0.0
20140127004836,0.0,0.0,0.0,0.0,0.0,0.1,99.9,0.0
20140127004936,0.0,0.0,0.0,0.0,0.0,1.4,98.6,0.0
20140127005036,0.0,0.0,0.1,0.0,0.0,28.7,71.3,0.0
20140127005136,0.0,0.0,0.1,0.0,0.0,6.5,93.3,0.0
20140127005236,0.0,0.0,0.0,0.0,0.0,3.1,96.8,0.0
20140127005336,0.0,0.0,0.0,0.0,0.0,2.9,97.1,0.0
20140127005436,0.0,0.0,0.0,0.0,0.0,26.5,73.5,0.0
20140127005536,0.0,0.0,0.1,0.0,0.0,4.9,95.0,0.0
20140127005636,0.0,0.0,0.0,0.0,0.0,2.0,98.0,0.0
20140127005736,0.0,0.0,0.0,0.0,0.0,2.2,97.8,0.0
20140127005836,0.0,0.0,0.0,0.0,0.0,0.5,99.5,0.0
20140127005936,0.0,0.0,0.0,0.0,0.0,7.0,93.0,0.0
20140127010036,0.0,0.0,0.0,0.0,0.0,0.8,99.2,0.0
20140127010136,0.0,0.0,0.0,0.0,0.0,1.7,98.3,0.0
20140127010236,0.0,0.0,0.0,0.0,0.0,0.8,99.2,0.0
20140127010336,0.0,0.0,0.0,0.0,0.0,2.2,97.7,0.0
20140127010436,0.0,0.0,0.0,0.0,0.0,0.6,99.4,0.0
20140127010536,0.0,0.0,0.0,0.0,0.0,1.7,98.3,0.0
20140127010636,0.0,0.0,0.0,0.0,0.0,2.8,97.1,0.1
20140127010736,0.0,0.0,0.0,0.0,0.0,0.3,99.7,0.0
20140127010836,0.1,0.0,0.0,0.0,0.0,5.5,94.4,0.0
20140127010936,0.0,0.0,0.0,0.0,0.0,2.7,97.2,0.0
20140127011036,0.0,0.0,0.0,0.0,0.0,5.1,94.9,0.0
20140127011136,0.0,0.0,0.0,0.0,0.0,14.0,85.4,0.5
20140127011236,0.0,0.0,0.0,0.0,0.0,1.3,98.7,0.0
20140127011336,0.0,0.0,0.0,0.0,0.0,2.3,97.7,0.0
20140127011436,0.0,0.0,0.0,0.0,0.0,2.4,97.6,0.0
20140127011536,0.0,0.0,0.0,0.0,0.0,6.9,93.1,0.0
20140127011636,0.0,0.0,0.0,0.0,0.0,3.8,96.2,0.0
20140127011736,0.0,0.0,0.0,0.0,0.0,4.0,95.9,0.0
20140127011836,0.0,0.0,0.0,0.0,0.0,4.9,95.1,0.0
20140127011936,0.0,0.0,0.0,0.0,0.0,1.1,98.8,0.0
20140127012036,0.0,0.0,0.0,0.0,0.0,80.4,19.5,0.0
20140127012136,0.0,0.0,0.0,0.0,0.0,51.7,48.2,0.0
20140127012236,0.0,0.0,0.0,0.0,0.0,8.8,91.1,0.1
20140127012336,0.0,0.0,0.0,0.0,0.0,27.9,72.1,0.0
20140127012436,0.0,0.0,0.0,0.0,0.0,53.9,46.1,0.0
20140127012536,0.0,0.0,0.0,0.0,0.0,3.1,96.8,0.0
20140127012636,0.0,0.0,0.0,0.0,0.0,1.1,98.9,0.0
20140127012736,0.0,0.0,0.0,0.0,0.0,8.8,91.1,0.0
20140127012836,0.0,0.0,0.0,0.0,0.0,14.9,85.1,0.0
20140127012936,0.0,0.0,0.0,0.0,0.0,13.2,86.8,0.0
20140127013036,0.0,0.0,0.0,0.0,0.0,6.5,93.4,0.0
20140127013136,0.0,0.0,0.0,0.0,0.0,13.5,86.4,0.0
20140127013236,0.0,0.0,0.0,0.0,0.0,6.2,93.8,0.0
20140127013336,0.0,0.0,0.0,0.0,0.0,5.3,94.6,0.0
20140127013436,0.0,0.0,0.1,0.0,0.0,31.4,68.5,0.0
20140127013536,0.0,0.0,0.2,0.0,0.0,83.6,16.2,0.0
20140127013636,0.0,0.0,0.0,0.0,0.0,18.6,81.4,0.0
20140127013736,0.0,0.0,0.0,0.0,0.0,15.7,84.2,0.0
20140127013836,0.0,0.0,0.0,0.0,0.0,0.7,99.3,0.0
20140127013936,0.0,0.0,0.0,0.0,0.0,13.3,86.6,0.0
20140127014036,0.0,0.0,0.0,0.0,0.0,16.9,83.0,0.0
20140127014136,0.0,0.0,0.0,0.0,0.0,0.9,99.1,0.0
20140127014236,0.0,0.0,0.0,0.0,0.0,9.8,90.1,0.0
20140127014336,0.1,0.0,0.1,0.0,0.0,38.6,61.2,0.0
20140127014436,0.1,0.0,0.1,0.0,0.0,40.2,59.6,0.0
20140127014536,0.0,0.0,0.0,0.0,0.0,10.5,89.5,0.0
20140127014636,0.0,0.0,0.0,0.0,0.0,41.6,58.3,0.0
20140127014736,0.0,0.0,0.0,0.0,0.0,80.5,19.5,0.0
20140127014836,0.0,0.0,0.0,0.0,0.0,6.7,93.2,0.0
20140127014936,0.0,0.0,0.0,0.0,0.0,57.8,42.1,0.0
20140127015036,0.0,0.0,0.0,0.0,0.0,49.7,50.3,0.0
20140127015136,0.0,0.0,0.0,0.0,0.0,61.2,38.8,0.0
20140127015236,0.0,0.0,0.0,0.0,0.0,37.3,62.7,0.0
20140127015336,0.0,0.0,0.0,0.0,0.0,63.0,37.0,0.0
20140127015436,0.0,0.0,0.0,0.0,0.0,1.5,98.4,0.0
20140127015536,0.0,0.0,0.0,0.0,0.0,89.7,10.3,0.0
20140127015636,0.0,0.0,0.0,0.0,0.0,10.1,89.9,0.0
20140127015736,0.1,0.0,0.0,0.0,0.0,41.8,58.0,0.0
20140127015836,0.0,0.0,0.0,0.0,0.0,4.1,95.9,0.0
20140127015936,0.0,0.0,0.0,0.0,0.0,2.5,97.4,0.0
20140127020036,0.0,0.0,0.0,0.0,0.0,23.1,76.9,0.0
20140127020136,0.5,0.0,0.0,0.0,0.0,44.9,54.6,0.0
20140127020236,0.0,0.0,0.0,0.0,0.0,3.5,96.5,0.0
20140127020336,0.0,0.0,0.0,0.0,0.0,12.8,87.2,0.0
20140127020436,0.0,0.0,0.0,0.0,0.0,15.7,84.3,0.0
20140127020536,0.0,0.0,0.0,0.0,0.0,55.9,44.1,0.0
20140127020636,0.0,0.0,0.0,0.0,0.0,29.2,70.7,0.0
20140127020736,0.0,0.0,0.0,0.0,0.0,3.0,97.0,0.0
20140127020836,0.0,0.0,0.0,0.0,0.0,6.0,93.8,0.1
20140127020936,0.1,0.0,0.0,0.0,0.0,6.6,93.0,0.2
20140127021036,0.0,0.0,0.0,0.0,0.0,36.7,63.2,0.0
20140127021136,0.0,0.0,0.0,0.0,0.0,7.1,92.8,0.1
20140127021236,0.1,0.0,0.0,0.0,0.0,4.8,95.1,0.1
20140127021336,0.0,0.0,0.0,0.0,0.0,2.9,97.0,0.0
20140127021436,0.1,0.0,0.2,0.0,0.0,61.2,38.5,0.0
20140127021536,0.0,0.0,0.1,0.0,0.0,13.0,86.8,0.0
20140127021636,0.0,0.0,0.0,0.0,0.0,6.4,93.5,0.0
20140127021736,0.0,0.0,0.0,0.0,0.0,0.8,99.1,0.0
20140127021836,0.0,0.0,0.1,0.0,0.0,24.0,75.9,0.0
20140127021936,0.0,0.0,0.1,0.0,0.0,10.1,89.6,0.1
20140127022036,0.2,0.0,0.6,0.0,0.0,9.6,89.3,0.2
20140127022136,0.0,0.0,0.0,0.0,0.0,2.1,97.8,0.0
20140127022236,0.0,0.0,0.1,0.0,0.0,15.7,84.1,0.0
20140127022336,0.0,0.0,0.0,0.0,0.0,2.1,97.7,0.1
20140127022436,0.1,0.0,0.0,0.0,0.0,34.0,65.8,0.1
20140127022536,0.0,0.0,0.1,0.1,0.0,11.4,88.2,0.3
20140127022636,0.0,0.0,0.0,0.0,0.0,1.3,98.7,0.0
20140127022736,0.2,0.0,0.0,0.0,0.0,3.4,96.2,0.2
20140127022836,0.1,0.0,0.0,0.0,0.0,11.3,88.5,0.0
20140127022936,0.0,0.0,0.0,0.0,0.0,1.7,98.3,0.0
20140127023036,0.0,0.0,0.0,0.0,0.0,0.2,99.8,0.0
20140127023136,0.0,0.0,0.0,0.0,0.0,7.0,92.9,0.0
20140127023236,0.0,0.0,0.0,0.0,0.0,2.0,98.0,0.0
20140127023336,0.0,0.0,0.0,0.0,0.0,5.2,94.6,0.1
20140127023436,0.0,0.0,0.0,0.0,0.0,1.9,98.1,0.0
20140127023536,0.0,0.0,0.0,0.0,0.0,4.0,96.0,0.0
20140127023636,0.0,0.0,0.0,0.0,0.0,26.4,73.6,0.0
20140127023736,0.0,0.0,0.0,0.0,0.0,0.6,99.3,0.0
20140127023836,0.0,0.0,0.0,0.0,0.0,4.9,95.0,0.0
20140127023936,0.0,99.4,0.0,0.0,0.1,0.0,0.2,0.1
20140127024036,0.0,0.0,0.0,0.0,0.0,0.1,99.9,0.0
20140127024136,0.0,0.0,0.0,0.0,0.0,2.3,97.7,0.0
20140127024236,0.0,0.0,0.0,0.0,0.0,4.6,95.3,0.0
20140127024336,0.0,0.0,0.0,0.0,0.0,0.1,99.9,0.0
20140127024436,0.0,0.0,0.0,0.0,0.0,0.0,100.0,0.0
20140127024536,0.0,0.0,0.0,0.0,0.0,0.0,100.0,0.0
20140127024636,0.0,0.0,0.0,0.0,0.0,45.2,54.7,0.0
20140127024736,0.0,0.0,0.0,0.0,0.0,2.4,97.6,0.0
20140127024836,0.0,0.0,0.0,0.0,0.0,1.8,98.1,0.1
20140127024936,0.1,0.0,0.0,0.0,0.0,47.6,52.3,0.0
20140127025036,0.0,0.0,0.0,0.0,0.0,43.0,57.0,0.0
20140127025136,0.2,0.0,0.0,0.0,0.0,22.5,77.2,0.0
20140127025236,0.0,0.0,0.0,0.0,0.0,10.0,89.9,0.0
20140127025336,0.0,0.0,0.0,0.0,0.0,3.0,97.0,0.0
20140127025436,0.0,0.0,0.0,0.0,0.0,22.2,77.7,0.0
20140127025536,0.0,0.0,0.0,0.0,0.0,15.1,84.8,0.0
20140127025636,0.0,0.0,0.0,0.0,0.0,4.7,95.2,0.0
20140127025736,0.0,0.0,0.0,0.0,0.0,2.3,97.6,0.0
20140127025836,0.1,0.0,0.0,0.0,0.0,20.7,79.2,0.0
20140127025936,0.1,0.0,0.0,0.0,0.0,8.4,91.5,0.0
20140127030036,0.0,0.0,0.0,0.0,0.0,37.3,62.7,0.0
20140127030136,0.0,0.0,0.0,0.0,0.0,3.1,96.9,0.0
20140127030236,0.0,0.0,0.0,0.0,0.0,2.6,97.4,0.0
20140127030336,0.0,0.0,0.0,0.0,0.0,14.6,85.4,0.0
20140127030436,0.0,0.0,0.0,0.0,0.0,10.4,89.6,0.0
20140127030536,0.0,0.0,0.0,0.0,0.0,11.5,88.4,0.0
20140127030636,0.1,0.0,0.0,0.0,0.0,58.0,41.9,0.0
20140127030736,0.0,0.0,0.0,0.0,0.0,95.9,4.1,0.0
20140127030836,0.0,0.0,0.0,0.0,0.0,71.0,29.0,0.0
20140127030936,0.2,0.0,0.0,0.0,0.0,21.2,78.5,0.0
20140127031036,0.0,0.0,0.0,0.0,0.0,35.0,64.9,0.0
20140127031136,0.1,0.0,0.0,0.0,0.0,29.3,70.5,0.0
20140127031236,0.0,0.0,0.0,0.0,0.0,2.2,97.8,0.0
20140127031336,0.1,0.0,0.0,0.0,0.0,19.5,80.2,0.0
20140127031436,0.1,0.0,0.0,0.0,0.0,95.1,4.8,0.0
20140127031536,0.2,0.0,0.0,0.0,0.0,78.6,21.2,0.0
20140127031636,0.0,0.0,0.0,0.0,0.0,15.1,84.8,0.0
20140127031736,0.0,0.0,0.0,0.0,0.0,71.1,28.9,0.0
20140127031836,0.1,0.0,0.0,0.1,0.0,25.4,74.4,0.1
20140127031936,0.0,0.0,0.0,0.0,0.0,6.3,93.6,0.0
20140127032036,0.2,0.0,0.0,0.1,0.0,26.4,73.3,0.0
20140127032136,0.1,0.0,0.0,0.0,0.0,35.5,64.3,0.1
20140127032236,0.0,0.0,0.0,0.0,0.0,5.0,95.0,0.0
20140127032336,0.1,0.0,0.0,0.0,0.0,13.1,86.7,0.1
20140127032436,0.2,0.0,0.0,0.0,0.0,33.0,66.8,0.0
20140127032536,0.1,0.0,0.0,0.0,0.0,10.3,89.6,0.0
20140127032636,0.0,0.0,0.0,0.0,0.0,10.0,89.9,0.0
20140127032736,0.1,0.0,0.0,0.0,0.0,30.3,69.5,0.0
20140127032836,0.1,0.0,0.0,0.0,0.0,39.3,60.6,0.0
20140127032936,0.0,0.0,0.0,0.0,0.0,29.4,70.5,0.0
20140127033036,0.0,0.0,0.0,0.0,0.0,35.0,64.9,0.0
20140127033136,0.0,0.0,0.0,0.0,0.0,33.8,66.1,0.0
20140127033236,0.1,0.0,0.0,0.0,0.0,51.1,48.7,0.0
20140127033336,0.0,0.0,0.0,0.0,0.0,9.9,90.0,0.0
20140127033436,0.1,0.0,0.0,0.0,0.0,80.8,19.1,0.0
20140127033536,0.2,0.0,0.0,0.0,0.0,81.4,18.3,0.1
20140127033636,0.1,0.0,0.0,0.0,0.0,42.3,57.7,0.0
20140127033736,0.0,0.0,0.0,0.0,0.0,16.1,83.8,0.1
20140127033836,0.2,0.0,0.0,0.0,0.0,58.6,40.9,0.3
20140127033936,0.0,0.0,0.0,0.0,0.0,6.0,93.9,0.0
20140127034036,0.0,0.0,0.0,0.0,0.0,6.0,93.9,0.0
20140127034136,0.2,0.0,0.0,0.0,0.0,9.8,90.0,0.1
20140127034236,0.0,0.0,0.0,0.0,0.0,1.5,98.5,0.0
20140127034336,0.1,0.0,0.0,0.0,0.0,12.4,87.4,0.0
20140127034436,0.0,0.0,0.0,0.0,0.0,8.5,91.5,0.0
20140127034536,0.0,0.0,0.0,0.0,0.0,3.3,96.7,0.0
20140127034636,0.0,0.0,0.0,0.0,0.0,29.4,70.5,0.0
20140127034736,0.0,0.0,0.0,0.0,0.0,30.4,69.5,0.0
20140127034836,0.0,0.0,0.1,0.0,0.0,27.8,72.1,0.0
20140127034936,0.0,0.0,0.0,0.0,0.0,7.1,92.9,0.0
20140127035036,0.0,0.0,0.0,0.0,0.0,5.1,94.9,0.0
20140127035136,0.0,0.0,0.0,0.0,0.0,23.7,76.3,0.0
20140127035236,0.1,0.0,0.0,0.0,0.0,7.1,92.9,0.0
20140127035336,0.0,0.0,0.0,0.0,0.0,5.0,95.0,0.0
20140127035436,0.0,0.0,0.0,0.0,0.0,77.0,23.0,0.0
20140127035536,0.1,0.0,0.0,0.0,0.0,17.0,82.9,0.0
20140127035636,0.0,0.0,0.0,0.0,0.0,0.5,99.5,0.0
20140127035736,0.1,0.0,0.2,0.0,0.0,9.6,90.1,0.0
20140127035836,0.0,0.0,0.0,0.0,0.0,5.8,94.1,0.0
20140127035936,0.0,0.0,0.1,0.0,0.0,4.4,95.5,0.0
20140127040036,0.0,0.0,0.0,0.0,0.0,19.3,80.7,0.0
20140127040136,0.0,0.0,0.0,0.0,0.0,1.5,98.5,0.0
20140127040236,0.0,0.0,0.0,0.0,0.0,2.2,97.7,0.0
20140127040336,0.0,0.0,0.0,0.0,0.0,2.6,97.3,0.0
20140127040436,0.0,0.0,0.0,0.0,0.0,1.9,98.0,0.0
20140127040536,0.0,0.0,0.0,0.0,0.0,8.5,91.5,0.0
20140127040636,0.0,0.0,0.0,0.0,0.0,25.7,74.3,0.0
20140127040736,0.0,0.0,0.0,0.0,0.0,11.4,88.6,0.0
20140127040836,0.0,0.0,0.0,0.0,0.0,7.1,92.9,0.0
20140127040936,0.0,0.0,0.0,0.0,0.0,19.8,80.2,0.0
20140127041036,0.0,0.0,0.0,0.0,0.0,6.4,93.6,0.0
20140127041136,0.0,0.0,0.0,0.0,0.0,6.9,93.0,0.0
20140127041236,0.0,0.0,0.0,0.0,0.0,20.5,79.5,0.0
20140127041336,0.0,0.0,0.0,0.0,0.0,1.3,98.7,0.0
20140127041436,0.0,0.0,0.0,0.0,0.0,16.5,83.5,0.0
20140127041536,0.1,0.0,0.0,0.0,0.0,46.5,53.4,0.0
20140127041636,0.0,0.0,0.0,0.0,0.0,32.0,67.9,0.0
20140127041736,0.0,0.0,0.0,0.0,0.0,21.9,78.1,0.0
20140127041836,0.0,0.0,0.0,0.0,0.0,5.9,94.1,0.0
20140127041936,0.0,0.0,0.0,0.0,0.0,73.5,26.5,0.0
20140127042036,0.0,0.0,0.0,0.0,0.0,8.7,91.3,0.0
20140127042136,0.0,0.0,0.0,0.0,0.0,7.9,92.1,0.0
20140127042236,0.0,0.0,0.0,0.0,0.0,37.4,62.6,0.0
20140127042336,0.0,0.0,0.0,0.0,0.0,34.3,65.6,0.0
20140127042436,0.0,0.0,0.0,0.0,0.0,53.9,46.1,0.0
20140127042536,0.0,0.0,0.0,0.0,0.0,16.2,83.7,0.1
20140127042636,0.0,0.0,0.0,0.0,0.0,17.2,82.8,0.0
20140127042736,0.0,0.0,0.0,0.0,0.0,25.5,74.5,0.0
20140127042836,0.0,0.0,0.0,0.0,0.0,4.1,95.9,0.0
20140127042936,0.0,0.0,0.0,0.0,0.0,16.9,83.1,0.0
20140127043036,0.0,0.0,0.0,0.0,0.0,53.9,46.0,0.0
20140127043136,0.1,0.0,0.0,0.0,0.0,68.0,31.9,0.0
20140127043236,0.0,0.0,0.0,0.0,0.0,13.4,86.6,0.0
20140127043336,0.0,0.0,0.0,0.0,0.0,19.3,80.6,0.0
20140127043436,0.2,0.0,0.0,0.0,0.0,42.3,57.5,0.0
20140127043536,0.0,0.0,0.0,0.0,0.0,21.2,78.8,0.0
20140127043636,0.1,0.0,0.0,0.0,0.0,13.4,86.5,0.0
20140127043736,0.5,0.0,0.0,0.0,0.0,18.1,81.4,0.1
20140127043836,1.0,0.0,0.3,0.0,0.0,13.5,85.0,0.0
20140127043936,0.4,0.0,0.9,0.4,0.0,20.9,77.5,0.0
