UT,arc,discrete,diffuse,ac,ab,clear,cloudy,dd
20140214154500,0.0,0.0,0.0,0.0,0.0,0.0,0.0,100.0
20140214154600,0.0,0.0,0.0,0.0,0.0,0.0,0.0,100.0
20140214154700,0.0,0.0,0.0,0.0,0.0,0.0,0.0,100.0
20140214154800,0.0,0.0,0.0,0.0,0.0,0.0,0.0,100.0
20140214154900,0.0,0.0,0.0,0.0,0.0,0.0,0.0,100.0
20140214155000,0.0,0.0,0.0,0.0,0.0,0.0,0.0,100.0
20140214155100,0.0,0.0,0.0,0.0,0.0,0.0,0.0,100.0
20140214155200,0.0,0.0,0.0,0.0,0.0,0.0,0.0,100.0
20140214155300,0.0,0.0,0.0,0.0,0.0,0.0,0.0,100.0
20140214155400,0.0,0.0,0.0,0.0,0.0,0.0,0.0,100.0
20140214155500,0.0,0.0,0.0,0.0,0.0,0.0,0.0,100.0
20140214155600,0.0,0.0,0.0,0.0,0.0,0.0,0.0,100.0
20140214155700,0.0,0.0,0.0,0.0,0.0,0.0,0.0,100.0
20140214155800,0.0,0.0,0.0,0.0,0.0,0.0,0.0,100.0
20140214155900,0.0,0.0,0.0,0.0,0.0,0.0,0.0,100.0
20140214160000,0.0,0.0,0.0,0.0,0.0,0.0,0.0,100.0
20140214160100,0.0,0.0,0.0,0.0,0.0,0.0,0.0,100.0
20140214160200,0.0,0.0,0.0,0.0,0.0,0.0,0.0,100.0
20140214160300,0.0,0.0,0.0,0.0,0.0,0.0,0.0,100.0
20140214160400,0.0,0.0,0.0,0.0,0.0,0.0,0.0,100.0
20140214160500,0.0,0.0,0.0,0.0,0.0,0.0,0.0,100.0
20140214160600,0.0,0.0,0.0,0.0,0.0,0.0,0.0,100.0
20140214160700,0.0,0.0,0.0,0.0,0.0,0.0,0.0,100.0
20140214160800,0.0,0.0,0.0,0.0,0.0,0.0,0.0,100.0
20140214160900,0.0,0.0,0.0,0.0,0.0,0.0,0.0,100.0
20140214161000,0.0,0.0,0.0,0.0,0.0,0.0,0.0,100.0
20140214161100,0.0,0.0,0.0,0.0,0.0,0.0,0.0,100.0
20140214161200,0.0,0.0,0.0,0.0,0.0,0.0,0.0,100.0
20140214161300,0.0,0.0,0.0,0.0,0.0,0.0,0.0,100.0
20140214161400,0.0,0.0,0.0,0.0,0.0,0.0,0.0,100.0
20140214161500,0.0,0.0,0.0,0.0,0.0,0.0,0.0,100.0
20140214161600,0.0,0.0,0.0,0.0,0.0,0.0,0.0,100.0
20140214161700,0.0,0.0,0.0,0.0,0.0,0.0,0.0,100.0
20140214161800,0.0,0.0,0.0,0.0,0.0,0.0,0.0,100.0
20140214161900,0.0,0.0,0.0,0.0,0.0,0.0,0.0,100.0
20140214162000,0.0,0.0,0.0,0.0,0.0,0.0,0.0,100.0
20140214162100,0.0,0.0,0.0,0.0,0.0,0.0,0.0,100.0
20140214162200,0.0,0.0,0.0,0.0,0.0,0.0,0.0,100.0
20140214162300,0.0,0.0,0.0,0.0,0.0,0.0,0.0,100.0
20140214162400,0.0,0.0,0.0,0.0,0.0,0.0,0.0,100.0
20140214162500,0.0,0.0,0.0,0.0,0.0,0.0,0.0,100.0
20140214162600,0.0,0.0,0.0,0.0,0.0,0.0,0.0,100.0
20140214162700,0.0,0.0,0.0,0.0,0.0,0.0,0.0,100.0
20140214162800,0.0,0.0,0.0,0.0,0.0,0.0,0.0,100.0
20140214162900,0.0,0.0,0.0,0.0,0.0,0.0,0.0,100.0
20140214163000,0.0,0.0,0.0,0.0,0.0,0.0,0.0,100.0
20140214163100,0.0,0.0,0.0,0.0,0.0,0.0,0.0,100.0
20140214163200,0.0,0.0,0.0,0.0,0.0,0.0,0.0,100.0
20140214163300,0.0,0.0,0.0,0.0,0.0,0.0,0.0,100.0
20140214163400,0.0,0.0,0.0,0.0,0.0,0.0,0.0,100.0
20140214163500,0.0,0.0,0.0,0.0,0.0,0.0,0.0,100.0
20140214163600,0.0,0.0,0.0,0.0,0.0,0.0,0.0,100.0
20140214163700,0.0,0.0,0.0,0.0,0.0,0.0,0.0,100.0
20140214163800,0.0,0.0,0.0,0.0,0.0,0.0,0.0,100.0
20140214163900,0.0,0.0,0.0,0.0,0.0,0.0,0.0,100.0
20140214164000,0.0,0.0,0.0,0.0,0.0,0.0,0.0,100.0
20140214164100,0.0,0.0,0.0,0.0,0.0,0.0,0.0,100.0
20140214164200,0.0,0.0,0.0,0.0,0.0,0.0,0.0,100.0
20140214164300,0.0,0.0,0.0,0.0,0.0,0.0,0.0,100.0
20140214164400,0.0,0.0,0.0,0.0,0.0,0.0,0.0,100.0
20140214164500,0.0,0.0,0.0,0.0,0.0,0.0,0.0,100.0
20140214164600,0.0,0.0,0.0,0.0,0.0,0.0,0.0,100.0
20140214164700,0.0,0.0,0.0,0.0,0.0,0.0,0.0,100.0
20140214164800,0.0,0.0,0.0,0.0,0.0,0.0,0.0,100.0
20140214164900,0.0,0.0,0.0,0.0,0.0,0.0,0.0,100.0
20140214165000,0.0,0.0,0.0,0.0,0.0,0.0,0.0,100.0
20140214165100,0.0,0.0,0.0,0.0,0.0,0.0,0.0,100.0
20140214165200,0.0,0.0,0.0,0.0,0.0,0.0,0.0,100.0
20140214165300,0.0,0.0,0.0,0.0,0.0,0.0,0.0,100.0
20140214165400,0.0,0.0,0.0,0.0,0.0,0.0,0.0,100.0
20140214165500,0.0,0.0,0.0,0.0,0.0,0.0,0.1,99.9
20140214165600,0.0,0.0,0.0,0.0,0.0,0.0,0.0,99.9
20140214165700,0.0,0.0,0.0,0.0,0.1,0.0,0.1,99.8
20140214165800,0.0,0.0,0.0,0.1,0.1,0.0,0.6,99.2
20140214165900,0.0,0.0,0.0,0.0,0.0,0.0,0.3,99.6
20140214170000,0.0,0.0,0.0,0.1,0.0,0.0,0.5,99.4
20140214170100,0.0,0.0,0.0,0.0,0.0,0.0,0.3,99.7
20140214170200,0.0,0.0,0.0,1.3,2.3,0.0,16.9,79.6
20140214170300,0.0,0.0,0.0,0.1,0.2,0.0,4.3,95.3
20140214170400,0.0,0.0,0.0,0.3,0.2,0.0,1.7,97.8
20140214170500,0.0,0.0,0.0,0.0,0.1,0.0,9.2,90.7
20140214170600,0.0,0.0,0.0,0.1,0.2,0.0,12.2,87.5
20140214170700,0.0,0.0,0.0,0.1,0.1,0.0,70.8,29.0
20140214170800,0.0,0.0,0.0,0.4,1.0,0.0,61.3,37.3
20140214170900,0.0,0.0,0.0,0.3,1.6,0.0,56.0,42.1
20140214171000,0.0,0.0,0.0,0.2,0.2,0.0,47.8,51.8
20140214171100,0.0,0.0,0.0,0.0,0.4,0.0,77.8,21.9
20140214171200,0.0,0.0,0.0,0.2,0.3,0.0,51.1,48.4
20140214171300,0.0,0.0,0.0,0.0,0.1,0.0,90.4,9.4
20140214171400,0.0,0.0,0.0,0.0,0.2,0.0,84.3,15.5
20140214171500,0.0,0.0,0.0,0.0,0.0,0.0,98.0,2.0
20140214171600,0.0,0.0,0.0,0.0,0.2,0.0,15.9,83.8
20140214171700,0.0,0.0,0.0,0.0,0.1,0.0,64.6,35.3
20140214171800,0.0,0.0,0.0,0.0,0.2,0.0,27.9,71.9
20140214171900,0.0,0.0,0.0,0.0,0.0,0.0,73.4,26.6
20140214172000,0.0,0.0,0.0,0.0,0.0,0.0,45.2,54.8
20140214172100,0.0,0.0,0.0,0.0,0.0,0.0,49.6,50.3
20140214172200,0.0,0.0,0.0,0.1,0.0,0.0,61.2,38.7
20140214172300,0.0,0.0,0.0,0.0,0.0,0.0,72.4,27.6
20140214172400,0.0,0.0,0.0,0.0,0.0,0.0,44.6,55.3
20140214172500,0.0,0.0,0.0,0.0,0.2,0.0,40.4,59.4
20140214172600,0.0,0.0,0.0,0.0,0.4,0.0,72.8,26.9
20140214172700,0.0,0.0,0.0,0.0,0.3,0.0,94.4,5.3
20140214172800,0.0,0.0,0.0,0.0,0.1,0.0,89.2,10.7
20140214172900,0.0,0.0,0.0,0.0,0.6,0.0,47.7,51.8
20140214173000,0.0,0.0,0.0,0.0,0.2,0.0,64.0,35.7
20140214173100,0.0,0.0,0.0,0.0,0.1,0.0,16.6,83.4
20140214173200,0.0,0.0,0.0,0.0,0.0,0.0,25.0,75.0
20140214173300,0.0,0.0,0.0,0.0,0.0,0.0,67.1,32.9
20140214173400,0.0,0.0,0.0,0.0,0.0,0.0,52.3,47.7
20140214173500,0.0,0.0,0.0,0.0,0.0,0.0,91.7,8.3
20140214173600,0.0,0.0,0.0,0.0,0.0,0.0,90.8,9.2
20140214173700,0.0,0.0,0.0,0.0,0.1,0.0,84.9,15.0
20140214173800,0.0,0.0,0.0,0.0,0.1,0.0,32.5,67.4
20140214173900,0.0,0.0,0.0,0.0,0.0,0.0,49.4,50.6
20140214174000,0.0,0.0,0.0,0.0,0.0,0.0,70.2,29.7
20140214174100,0.0,0.0,0.0,0.0,0.0,0.0,98.4,1.6
20140214174200,0.0,0.0,0.0,0.0,0.0,0.0,95.3,4.7
20140214174300,0.0,0.0,0.0,0.0,0.1,0.0,98.7,1.3
20140214174400,0.0,0.0,0.0,0.0,0.2,0.0,94.8,5.0
20140214174500,0.0,0.0,0.0,0.1,0.1,0.0,77.9,21.9
20140214174600,0.0,0.0,0.0,0.0,0.0,0.0,81.3,18.6
20140214174700,0.0,0.0,0.0,0.0,0.0,0.0,98.5,1.5
20140214174800,0.0,0.0,0.0,0.0,0.0,0.0,96.4,3.6
20140214174900,0.0,0.0,0.0,0.0,0.0,0.0,99.7,0.3
20140214175000,0.0,0.0,0.0,0.0,0.0,0.0,95.9,4.1
20140214175100,0.0,0.0,0.0,0.0,0.0,0.0,69.4,30.6
20140214175200,0.0,0.0,0.0,0.0,0.0,0.0,93.1,6.9
20140214175300,0.0,0.0,0.0,0.0,0.0,0.0,80.3,19.7
20140214175400,0.0,0.0,0.0,0.0,0.0,0.0,68.7,31.3
20140214175500,0.0,0.0,0.0,0.0,0.0,0.0,1.9,98.0
20140214175600,0.0,0.0,0.0,0.0,0.1,0.0,7.1,92.8
20140214175700,0.0,0.0,0.0,0.0,0.3,0.0,18.5,81.2
20140214175800,0.0,0.0,0.0,0.0,0.2,0.0,49.1,50.7
20140214175900,0.0,0.0,0.0,0.0,1.0,0.0,31.2,67.8
20140214180000,0.0,0.0,0.0,0.0,0.0,0.0,59.3,40.6
20140214180100,0.0,0.0,0.0,0.0,0.0,0.0,8.6,91.4
20140214180200,0.0,0.0,0.0,0.0,0.1,0.0,22.0,77.9
20140214180300,0.0,0.0,0.0,0.0,0.1,0.0,4.1,95.8
20140214180400,0.0,0.0,0.0,0.0,0.0,0.0,0.1,99.9
20140214180500,0.0,0.0,0.0,0.0,0.2,0.0,0.8,99.0
20140214180600,0.0,0.0,0.0,0.0,0.0,0.0,0.1,99.8
20140214180700,0.0,0.0,0.0,0.0,0.1,0.0,0.1,99.8
20140214180800,0.0,0.0,0.0,0.0,1.1,0.0,10.6,88.3
20140214180900,0.0,0.0,0.0,0.0,0.4,0.0,1.6,98.0
20140214181000,0.0,0.0,0.0,0.0,0.2,0.0,1.1,98.7
20140214181100,0.0,0.0,0.0,0.0,0.3,0.0,0.7,99.0
20140214181200,0.0,0.0,0.0,0.0,0.1,0.0,0.3,99.6
20140214181300,0.0,0.0,0.0,0.0,0.0,0.0,6.6,93.3
20140214181400,0.0,0.0,0.0,0.0,0.0,0.0,36.1,63.9
20140214181500,0.0,0.0,0.0,0.0,0.0,0.0,35.0,65.0
20140214181600,0.0,0.0,0.0,0.0,0.1,0.0,79.8,20.1
20140214181700,0.0,0.0,0.0,0.0,0.0,0.0,88.6,11.4
20140214181800,0.0,0.0,0.0,0.0,0.1,0.0,56.1,43.8
20140214181900,0.0,0.0,0.0,0.0,0.1,0.0,88.7,11.2
20140214182000,0.0,0.0,0.0,0.0,0.0,0.0,75.6,24.4
20140214182100,0.0,0.0,0.0,0.0,0.0,0.0,84.5,15.5
20140214182200,0.0,0.0,0.0,0.0,0.0,0.0,10.1,89.9
20140214182300,0.0,0.0,0.0,0.0,0.0,0.0,17.3,82.7
20140214182400,0.0,0.0,0.0,0.0,0.0,0.0,69.2,30.8
20140214182500,0.0,0.0,0.0,0.0,0.0,0.0,48.2,51.8
20140214182600,0.0,0.0,0.0,0.0,0.0,0.0,59.4,40.5
20140214182700,0.0,0.0,0.0,0.0,0.0,0.0,49.4,50.6
20140214182800,0.0,0.0,0.0,0.0,0.0,0.0,81.6,18.4
20140214182900,0.0,0.0,0.0,0.0,0.0,0.0,25.9,74.1
20140214183000,0.0,0.0,0.0,0.0,0.1,0.0,33.3,66.6
20140214183100,0.0,0.0,0.0,0.0,0.1,0.0,56.8,43.1
20140214183200,0.0,0.0,0.0,0.0,0.2,0.0,76.2,23.7
20140214183300,0.0,0.0,0.0,0.0,0.2,0.0,94.7,5.1
20140214183400,0.0,0.0,0.0,0.0,0.0,0.0,98.1,1.9
20140214183500,0.0,0.0,0.0,0.0,0.0,0.0,99.5,0.5
20140214183600,0.0,0.0,0.0,0.0,0.0,0.0,99.5,0.4
20140214183700,0.0,0.0,0.0,0.0,0.0,0.0,99.7,0.3
20140214183800,0.0,0.0,0.0,0.0,0.0,0.0,98.9,1.1
20140214183900,0.0,0.0,0.0,0.0,0.1,0.0,94.9,5.0
20140214184000,0.0,0.0,0.0,0.0,0.1,0.0,96.7,3.3
20140214184100,0.0,0.0,0.0,0.0,0.2,0.0,94.3,5.5
20140214184200,0.0,0.0,0.0,0.0,0.3,0.0,91.0,8.8
20140214184300,0.0,0.0,0.0,0.0,0.1,0.0,98.5,1.4
20140214184400,0.0,0.0,0.0,0.0,0.1,0.0,98.6,1.3
20140214184500,0.0,0.0,0.0,0.0,0.1,0.0,99.6,0.4
20140214184600,0.0,0.0,0.0,0.0,0.0,0.0,99.8,0.2
20140214184700,0.0,0.0,0.0,0.0,0.0,0.0,99.9,0.1
20140214184800,0.0,0.0,0.0,0.0,0.0,0.0,99.9,0.1
20140214184900,0.0,0.0,0.0,0.0,0.0,0.0,100.0,0.0
20140214185000,0.0,0.0,0.0,0.0,0.0,0.0,99.9,0.1
20140214185100,0.0,0.0,0.0,0.0,0.0,0.0,99.9,0.1
20140214185200,0.0,0.0,0.0,0.0,0.0,0.0,99.8,0.2
20140214185300,0.0,0.0,0.0,0.0,0.1,0.0,99.5,0.5
20140214185400,0.0,0.0,0.0,0.0,0.1,0.0,99.7,0.3
20140214185500,0.0,0.0,0.0,0.0,0.1,0.0,99.2,0.7
20140214185600,0.0,0.0,0.0,0.0,0.0,0.0,99.7,0.3
20140214185700,0.0,0.0,0.0,0.0,0.1,0.0,99.2,0.8
20140214185800,0.0,0.0,0.0,0.0,0.0,0.0,99.0,1.0
20140214185900,0.0,0.0,0.0,0.0,0.0,0.0,99.7,0.3
20140214190000,0.0,0.0,0.0,0.0,0.0,0.0,99.6,0.4
20140214190100,0.0,0.0,0.0,0.0,0.0,0.0,99.9,0.1
20140214190200,0.0,0.0,0.0,0.0,0.1,0.0,99.5,0.4
20140214190300,0.0,0.0,0.0,0.0,0.0,0.0,99.7,0.3
20140214190400,0.0,0.0,0.0,0.0,0.1,0.0,99.3,0.7
20140214190500,0.0,0.0,0.0,0.0,0.1,0.0,99.8,0.2
20140214190600,0.0,0.0,0.0,0.0,0.3,0.0,98.6,1.1
20140214190700,0.0,0.0,0.0,0.0,0.2,0.0,96.9,2.9
20140214190800,0.0,0.0,0.0,0.0,0.2,0.0,98.3,1.6
20140214190900,0.0,0.0,0.0,0.0,0.1,0.0,98.8,1.1
20140214191000,0.0,0.0,0.0,0.0,0.2,0.0,98.0,1.9
20140214191100,0.0,0.0,0.0,0.0,0.1,0.0,99.1,0.8
20140214191200,0.0,0.0,0.0,0.0,0.1,0.0,99.6,0.2
20140214191300,0.0,0.0,0.0,0.0,0.0,0.0,99.8,0.2
20140214191400,0.0,0.0,0.0,0.0,0.0,0.0,99.8,0.1
20140214191500,0.0,0.0,0.0,0.0,0.1,0.0,99.7,0.2
20140214191600,0.0,0.0,0.0,0.0,0.0,0.0,99.9,0.1
20140214191700,0.0,0.0,0.0,0.0,0.0,0.0,99.6,0.3
20140214191800,0.0,0.0,0.0,0.0,0.0,0.0,99.8,0.2
20140214191900,0.0,0.0,0.0,0.1,0.0,0.0,99.4,0.5
20140214192000,0.0,0.0,0.0,0.0,0.0,0.0,99.5,0.4
20140214192100,0.0,0.0,0.0,0.0,0.1,0.0,96.9,2.9
20140214192200,0.0,0.0,0.0,0.0,0.0,0.0,99.5,0.4
20140214192300,0.0,0.0,0.0,0.0,0.0,0.0,99.8,0.1
20140214192400,0.0,0.0,0.0,0.0,0.0,0.0,100.0,0.0
20140214192500,0.0,0.0,0.0,0.0,0.0,0.0,100.0,0.0
20140214192600,0.0,0.0,0.0,0.0,0.0,0.0,100.0,0.0
20140214192700,0.0,0.0,0.0,0.0,0.0,0.0,100.0,0.0
20140214192800,0.0,0.0,0.0,0.0,0.0,0.0,100.0,0.0
20140214192900,0.0,0.0,0.0,0.0,0.0,0.0,100.0,0.0
20140214193000,0.0,0.0,0.0,0.0,0.0,0.0,100.0,0.0
20140214193100,0.0,0.0,0.0,0.0,0.0,0.0,99.9,0.1
20140214193200,0.0,0.0,0.0,0.0,0.0,0.0,99.9,0.1
20140214193300,0.0,0.0,0.0,0.0,0.0,0.0,99.9,0.1
20140214193400,0.0,0.0,0.0,0.0,0.0,0.0,99.6,0.4
20140214193500,0.0,0.0,0.0,0.0,0.1,0.0,99.7,0.1
20140214193600,0.0,0.0,0.0,0.0,0.1,0.0,99.8,0.1
20140214193700,0.0,0.0,0.0,0.0,0.1,0.0,99.6,0.4
20140214193800,0.0,0.0,0.0,0.0,0.0,0.0,99.8,0.1
20140214193900,0.0,0.0,0.0,0.0,0.1,0.0,99.7,0.2
20140214194000,0.0,0.0,0.0,0.0,0.1,0.0,99.3,0.6
20140214194100,0.0,0.0,0.0,0.0,0.0,0.0,99.9,0.0
20140214194200,0.0,0.0,0.0,0.1,0.1,0.0,99.7,0.1
20140214194300,0.0,0.0,0.0,0.0,0.1,0.0,99.7,0.2
20140214194400,0.0,0.0,0.0,0.0,0.5,0.0,99.2,0.2
20140214194500,0.0,0.0,0.0,0.0,0.4,0.0,99.2,0.4
20140214194600,0.0,0.0,0.0,0.0,2.1,0.0,96.5,1.4
20140214194700,0.0,0.0,0.0,0.0,0.2,0.0,98.8,0.9
20140214194800,0.0,0.0,0.0,0.1,0.5,0.0,94.8,4.6
20140214194900,0.0,0.0,0.0,0.0,0.2,0.0,97.8,2.0
20140214195000,0.0,0.0,0.0,0.1,0.2,0.0,96.5,3.2
20140214195100,0.0,0.0,0.0,0.0,0.5,0.0,97.1,2.4
20140214195200,0.0,0.0,0.0,0.0,0.7,0.0,95.2,4.1
20140214195300,0.0,0.0,0.0,0.0,0.7,0.0,92.7,6.6
20140214195400,0.0,0.0,0.0,0.0,0.3,0.0,94.1,5.6
20140214195500,0.0,0.0,0.0,0.0,0.3,0.0,95.0,4.7
20140214195600,0.0,0.0,0.0,0.0,0.3,0.0,90.9,8.8
20140214195700,0.0,0.0,0.0,0.0,0.1,0.0,88.7,11.2
20140214195800,0.0,0.0,0.0,0.0,0.2,0.0,97.6,2.2
20140214195900,0.0,0.0,0.0,0.0,0.1,0.0,90.9,8.9
20140214200000,0.0,0.0,0.0,0.0,0.3,0.0,92.4,7.3
20140214200100,0.0,0.0,0.0,0.0,0.1,0.0,91.8,8.1
20140214200200,0.0,0.0,0.0,0.0,0.1,0.0,96.1,3.8
20140214200300,0.0,0.0,0.0,0.0,0.1,0.0,85.9,14.0
20140214200400,0.0,0.0,0.0,0.0,0.0,0.0,86.3,13.7
20140214200500,0.0,0.0,0.0,0.0,0.0,0.0,92.7,7.2
20140214200600,0.0,0.0,0.0,0.0,0.0,0.0,98.1,1.9
20140214200700,0.0,0.0,0.0,0.0,0.2,0.0,91.2,8.5
20140214200800,0.0,0.0,0.0,0.0,0.7,0.0,93.5,5.8
20140214200900,0.0,0.0,0.0,0.1,1.2,0.0,94.2,4.5
20140214201000,0.0,0.0,0.0,0.0,0.2,0.0,96.6,3.2
20140214201100,0.0,0.0,0.0,0.0,0.3,0.0,96.4,3.3
20140214201200,0.0,0.0,0.0,0.0,0.4,0.0,89.9,9.6
20140214201300,0.0,0.0,0.0,0.0,0.5,0.0,96.3,3.1
20140214201400,0.0,0.0,0.0,0.0,0.2,0.0,98.6,1.3
20140214201500,0.0,0.0,0.0,0.0,0.1,0.0,99.0,0.9
20140214201600,0.0,0.0,0.0,0.0,0.0,0.0,99.9,0.0
20140214201700,0.0,0.0,0.0,0.0,0.0,0.0,99.9,0.0
20140214201800,0.0,0.0,0.0,0.0,0.0,0.0,98.7,1.3
20140214201900,0.0,0.0,0.0,0.0,0.0,0.0,99.7,0.3
20140214202000,0.0,0.0,0.0,0.0,0.0,0.0,99.1,0.8
20140214202100,0.0,0.0,0.0,0.0,0.0,0.0,99.1,0.8
20140214202200,0.0,0.0,0.0,0.0,0.1,0.0,99.6,0.3
20140214202300,0.0,0.0,0.0,0.0,0.1,0.0,99.7,0.2
20140214202400,0.0,0.0,0.0,0.0,0.0,0.0,99.8,0.2
20140214202500,0.0,0.0,0.0,0.0,0.4,0.0,96.9,2.7
20140214202600,0.0,0.0,0.0,0.0,0.1,0.0,98.6,1.3
20140214202700,0.0,0.0,0.0,0.0,0.1,0.0,99.7,0.3
20140214202800,0.0,0.0,0.0,0.0,0.0,0.0,99.7,0.2
20140214202900,0.0,0.0,0.0,0.0,0.0,0.0,99.5,0.5
20140214203000,0.0,0.0,0.0,0.0,0.0,0.0,99.5,0.4
20140214203100,0.0,0.0,0.0,0.0,0.0,0.0,98.9,1.0
20140214203200,0.0,0.0,0.0,0.0,0.0,0.0,99.6,0.4
20140214203300,0.0,0.0,0.0,0.0,0.0,0.0,99.4,0.6
20140214203400,0.0,0.0,0.0,0.0,0.0,0.0,99.9,0.1
20140214203500,0.0,0.0,0.0,0.0,0.0,0.0,99.8,0.2
20140214203600,0.0,0.0,0.0,0.0,0.0,0.0,99.7,0.3
20140214203700,0.0,0.0,0.0,0.0,0.0,0.0,99.8,0.2
20140214203800,0.0,0.0,0.0,0.0,0.0,0.0,99.6,0.4
20140214203900,0.0,0.0,0.0,0.0,0.0,0.0,99.8,0.2
20140214204000,0.0,0.0,0.0,0.0,0.0,0.0,99.9,0.0
20140214204100,0.0,0.0,0.0,0.0,0.0,0.0,99.8,0.2
20140214204200,0.0,0.0,0.0,0.0,0.0,0.0,99.7,0.3
20140214204300,0.0,0.0,0.0,0.0,0.0,0.0,95.2,4.8
20140214204400,0.0,0.0,0.0,0.0,0.1,0.0,96.0,3.9
20140214204500,0.0,0.0,0.0,0.0,0.3,0.0,90.3,9.5
20140214204600,0.0,0.0,0.0,0.0,0.4,0.0,92.0,7.6
20140214204700,0.0,0.0,0.0,0.0,1.2,0.0,78.8,20.0
20140214204800,0.0,0.0,0.0,0.0,1.0,0.0,72.6,26.4
20140214204900,0.0,0.0,0.0,0.0,0.8,0.0,86.3,13.0
20140214205000,0.0,0.0,0.0,0.0,0.2,0.0,80.8,19.0
20140214205100,0.0,0.0,0.0,0.0,0.3,0.0,80.8,18.9
20140214205200,0.0,0.0,0.0,0.0,0.1,0.0,92.1,7.8
20140214205300,0.0,0.0,0.0,0.0,0.0,0.0,99.1,0.9
20140214205400,0.0,0.0,0.0,0.0,0.0,0.0,97.0,3.0
20140214205500,0.0,0.0,0.0,0.0,0.0,0.0,97.0,3.0
20140214205600,0.0,0.0,0.0,0.0,0.0,0.0,93.6,6.3
20140214205700,0.0,0.0,0.0,0.0,0.0,0.0,99.0,1.0
20140214205800,0.0,0.0,0.0,0.0,0.0,0.0,97.9,2.0
20140214205900,0.0,0.0,0.0,0.0,0.0,0.0,98.9,1.1
20140214210000,0.0,0.0,0.0,0.0,0.0,0.0,99.5,0.5
20140214210100,0.0,0.0,0.0,0.0,0.0,0.0,99.8,0.2
20140214210200,0.0,0.0,0.0,0.0,0.0,0.0,99.5,0.5
20140214210300,0.0,0.0,0.0,0.0,0.0,0.0,99.3,0.7
20140214210400,0.0,0.0,0.0,0.0,0.0,0.0,99.8,0.2
20140214210500,0.0,0.0,0.0,0.0,0.0,0.0,98.6,1.4
20140214210600,0.0,0.0,0.0,0.0,0.0,0.0,99.3,0.7
20140214210700,0.0,0.0,0.0,0.0,0.0,0.0,99.7,0.3
20140214210800,0.0,0.0,0.0,0.0,0.0,0.0,99.7,0.3
20140214210900,0.0,0.0,0.0,0.0,0.0,0.0,99.9,0.1
20140214211000,0.0,0.0,0.0,0.0,0.0,0.0,99.1,0.9
20140214211100,0.0,0.0,0.0,0.0,0.1,0.0,91.8,8.1
20140214211200,0.0,0.0,0.0,0.0,0.0,0.0,91.6,8.4
20140214211300,0.0,0.0,0.0,0.0,0.3,0.0,93.2,6.5
20140214211400,0.0,0.0,0.0,0.0,0.0,0.0,99.6,0.4
20140214211500,0.0,0.0,0.0,0.0,0.0,0.0,99.8,0.2
20140214211600,0.0,0.0,0.0,0.0,0.0,0.0,99.4,0.6
20140214211700,0.0,0.0,0.0,0.0,0.0,0.0,95.6,4.4
20140214211800,0.0,0.0,0.0,0.0,0.0,0.0,97.6,2.4
20140214211900,0.0,0.0,0.0,0.0,0.0,0.0,84.1,15.9
20140214212000,0.0,0.0,0.0,0.0,0.1,0.0,92.6,7.3
20140214212100,0.0,0.0,0.0,0.0,0.0,0.0,96.9,3.1
20140214212201,0.0,0.0,0.0,0.0,0.1,0.0,67.8,32.1
20140214212300,0.0,0.0,0.0,0.0,0.0,0.0,85.2,14.7
20140214212400,0.0,0.0,0.0,0.0,0.0,0.0,92.4,7.6
20140214212500,0.0,0.0,0.0,0.0,0.0,0.0,69.4,30.6
20140214212600,0.0,0.0,0.0,0.0,0.0,0.0,79.8,20.2
20140214212700,0.0,0.0,0.0,0.0,0.0,0.0,75.0,25.0
20140214212800,0.0,0.0,0.0,0.0,0.0,0.0,90.2,9.8
20140214212900,0.0,0.0,0.0,0.0,0.0,0.0,94.4,5.6
20140214213000,0.0,0.0,0.0,0.0,0.0,0.0,93.8,6.2
20140214213100,0.0,0.0,0.0,0.0,0.0,0.0,94.9,5.1
20140214213200,0.0,0.0,0.0,0.0,0.0,0.0,78.5,21.5
20140214213300,0.0,0.0,0.0,0.0,0.0,0.0,98.2,1.8
20140214213400,0.0,0.0,0.0,0.0,0.0,0.0,96.6,3.4
20140214213500,0.0,0.0,0.0,0.0,0.0,0.0,95.7,4.3
20140214213600,0.0,0.0,0.0,0.0,0.0,0.0,94.0,6.0
20140214213700,0.0,0.0,0.0,0.0,0.0,0.0,94.3,5.7
20140214213800,0.0,0.0,0.0,0.0,0.0,0.0,40.3,59.6
20140214213900,0.0,0.0,0.0,0.0,0.0,0.0,15.5,84.5
20140214214000,0.0,0.0,0.0,0.0,0.0,0.0,20.5,79.5
20140214214100,0.0,0.0,0.0,0.0,0.0,0.0,5.9,94.1
20140214214200,0.0,0.0,0.0,0.0,0.0,0.0,62.9,37.1
20140214214300,0.0,0.0,0.0,0.0,0.0,0.0,61.0,39.0
20140214214400,0.0,0.0,0.0,0.0,0.0,0.0,96.6,3.4
20140214214500,0.0,0.0,0.0,0.0,0.0,0.0,81.5,18.5
20140214214600,0.0,0.0,0.0,0.0,0.0,0.0,92.6,7.4
20140214214700,0.0,0.0,0.0,0.0,0.0,0.0,75.0,25.0
20140214214800,0.0,0.0,0.0,0.0,0.0,0.0,37.5,62.5
20140214214900,0.0,0.0,0.0,0.0,0.0,0.0,53.4,46.6
20140214215000,0.0,0.0,0.0,0.0,0.0,0.0,2.4,97.6
20140214215100,0.0,0.0,0.0,0.0,0.0,0.0,20.8,79.2
20140214215200,0.0,0.0,0.0,0.0,0.0,0.0,2.0,98.0
20140214215300,0.0,0.0,0.0,0.0,0.0,0.0,0.6,99.4
20140214215400,0.0,0.0,0.0,0.0,0.0,0.0,1.2,98.8
20140214215500,0.0,0.0,0.0,0.0,0.0,0.0,1.6,98.4
20140214215600,0.0,0.0,0.0,0.0,0.0,0.0,0.0,100.0
20140214215700,0.0,0.0,0.0,0.0,0.0,0.0,0.6,99.3
20140214215800,0.0,0.0,0.0,0.0,0.0,0.0,0.1,99.9
20140214215900,0.0,0.0,0.0,0.0,0.0,0.0,0.0,100.0
20140214220000,0.0,0.0,0.0,0.0,0.0,0.0,0.1,99.9
20140214220100,0.0,0.0,0.0,0.0,0.0,0.0,0.1,99.9
20140214220200,0.0,0.0,0.0,0.0,0.0,0.0,0.0,100.0
20140214220300,0.0,0.0,0.0,0.0,0.0,0.0,0.0,100.0
20140214220400,0.0,0.0,0.0,0.0,0.0,0.0,0.0,100.0
20140214220500,0.0,0.0,0.0,0.0,0.0,0.0,0.0,100.0
20140214220600,0.0,0.0,0.0,0.0,0.0,0.0,0.0,100.0
20140214220700,0.0,0.0,0.0,0.0,0.0,0.0,0.0,100.0
20140214220800,0.0,0.0,0.0,0.0,0.0,0.0,0.0,100.0
20140214220900,0.0,0.0,0.0,0.0,0.0,0.0,0.0,100.0
20140214221000,0.0,0.0,0.0,0.0,0.0,0.0,0.0,100.0
20140214221100,0.0,0.0,0.0,0.0,0.0,0.0,0.0,100.0
20140214221200,0.0,0.0,0.0,0.0,0.0,0.0,0.0,100.0
20140214221300,0.0,0.0,0.0,0.0,0.0,0.0,0.0,100.0
20140214221400,0.0,0.0,0.0,0.0,0.0,0.0,0.0,100.0
20140214221500,0.0,0.0,0.0,0.0,0.0,0.0,0.0,100.0
20140214221600,0.0,0.0,0.0,0.0,0.0,0.0,0.0,100.0
20140214221700,0.0,0.0,0.0,0.0,0.0,0.0,0.0,100.0
20140214221800,0.0,0.0,0.0,0.0,0.0,0.0,0.0,100.0
20140214221900,0.0,0.0,0.0,0.0,0.0,0.0,0.0,100.0
20140214222000,0.0,0.0,0.0,0.0,0.0,0.0,0.0,100.0
20140214222100,0.0,0.0,0.0,0.0,0.0,0.0,0.0,100.0
20140214222200,0.0,0.0,0.0,0.0,0.0,0.0,0.0,100.0
20140214222300,0.0,0.0,0.0,0.0,0.0,0.0,0.0,100.0
20140214222400,0.0,0.0,0.0,0.0,0.0,0.0,0.0,100.0
20140214222500,0.0,0.0,0.0,0.0,0.0,0.0,0.0,100.0
20140214222600,0.0,0.0,0.0,0.0,0.0,0.0,0.0,100.0
20140214222700,0.0,0.0,0.0,0.0,0.0,0.0,0.0,100.0
20140214222800,0.0,0.0,0.0,0.0,0.0,0.0,0.0,100.0
20140214222900,0.0,0.0,0.0,0.0,0.0,0.0,0.0,100.0
20140214223000,0.0,0.0,0.0,0.0,0.0,0.0,0.0,100.0
20140214223100,0.0,0.0,0.0,0.0,0.0,0.0,0.0,100.0
20140214223200,0.0,0.0,0.0,0.0,0.0,0.0,0.0,100.0
20140214223300,0.0,0.0,0.0,0.0,0.0,0.0,0.0,100.0
20140214223400,0.0,0.0,0.0,0.0,0.0,0.0,0.0,100.0
20140214223500,0.0,0.0,0.0,0.0,0.0,0.0,0.0,100.0
20140214223600,0.0,0.0,0.0,0.0,0.0,0.0,0.0,100.0
20140214223700,0.0,0.0,0.0,0.0,0.0,0.0,0.0,100.0
20140214223800,0.0,0.0,0.0,0.0,0.0,0.0,0.0,100.0
20140214223900,0.0,0.0,0.0,0.0,0.0,0.0,0.0,100.0
20140214224000,0.0,0.0,0.0,0.0,0.0,0.0,0.0,100.0
20140214224100,0.0,0.0,0.0,0.0,0.0,0.0,0.0,100.0
20140214224200,0.0,0.0,0.0,0.0,0.0,0.0,0.0,100.0
20140214224300,0.0,0.0,0.0,0.0,0.0,0.0,0.0,100.0
20140214224400,0.0,0.0,0.0,0.0,0.0,0.0,0.0,100.0
20140214224500,0.0,0.0,0.0,0.0,0.0,0.0,0.0,100.0
20140214224600,0.0,0.0,0.0,0.0,0.0,0.0,0.0,100.0
20140214224700,0.0,0.0,0.0,0.0,0.0,0.0,0.0,100.0
20140214224800,0.0,0.0,0.0,0.0,0.0,0.0,0.0,100.0
20140214224900,0.0,0.0,0.0,0.0,0.0,0.0,0.0,100.0
20140214225000,0.0,0.0,0.0,0.0,0.0,0.0,0.0,100.0
20140214225100,0.0,0.0,0.0,0.0,0.0,0.0,0.1,99.9
20140214225200,0.0,0.0,0.0,0.0,0.0,0.0,0.0,100.0
20140214225300,0.0,0.0,0.0,0.0,0.0,0.0,0.0,100.0
20140214225400,0.0,0.0,0.0,0.0,0.0,0.0,0.0,100.0
20140214225500,0.0,0.0,0.0,0.0,0.0,0.0,0.0,100.0
20140214225600,0.0,0.0,0.0,0.0,0.0,0.0,0.0,100.0
20140214225700,0.0,0.0,0.0,0.0,0.0,0.0,0.0,100.0
20140214225800,0.0,0.0,0.0,0.0,0.0,0.0,0.7,99.3
20140214225900,0.0,0.0,0.0,0.0,0.0,0.0,0.1,99.9
20140214230000,0.0,0.0,0.0,0.0,0.0,0.0,0.0,100.0
20140214230100,0.0,0.0,0.0,0.0,0.0,0.0,0.1,99.9
20140214230200,0.0,0.0,0.0,0.0,0.0,0.0,0.7,99.3
20140214230300,0.0,0.0,0.0,0.0,0.0,0.0,0.0,100.0
20140214230400,0.0,0.0,0.0,0.0,0.0,0.0,0.0,100.0
20140214230500,0.0,0.0,0.0,0.0,0.0,0.0,0.0,100.0
20140214230600,0.0,0.0,0.0,0.0,0.0,0.0,0.0,100.0
20140214230700,0.0,0.0,0.0,0.0,0.0,0.0,0.0,100.0
20140214230800,0.0,0.0,0.0,0.0,0.0,0.0,0.0,100.0
20140214230900,0.0,0.0,0.0,0.0,0.0,0.0,0.1,99.9
20140214231000,0.0,0.0,0.0,0.0,0.0,0.0,0.0,100.0
20140214231100,0.0,0.0,0.0,0.0,0.0,0.0,0.0,100.0
20140214231200,0.0,0.0,0.0,0.0,0.0,0.0,0.0,100.0
20140214231300,0.0,0.0,0.0,0.0,0.0,0.0,0.0,100.0
20140214231400,0.0,0.0,0.0,0.0,0.0,0.0,0.0,100.0
20140214231500,0.0,0.0,0.0,0.0,0.0,0.0,0.0,100.0
20140214231600,0.0,0.0,0.0,0.0,0.0,0.0,0.0,100.0
20140214231700,0.0,0.0,0.0,0.0,0.0,0.0,0.0,100.0
20140214231800,0.0,0.0,0.0,0.0,0.0,0.0,0.0,100.0
20140214231900,0.0,0.0,0.0,0.0,0.0,0.0,0.0,100.0
20140214232000,0.0,0.0,0.0,0.0,0.0,0.0,0.0,100.0
20140214232100,0.0,0.0,0.0,0.0,0.0,0.0,0.0,100.0
20140214232200,0.0,0.0,0.0,0.0,0.0,0.0,0.0,100.0
20140214232300,0.0,0.0,0.0,0.0,0.0,0.0,0.0,100.0
20140214232400,0.0,0.0,0.0,0.0,0.0,0.0,0.0,100.0
20140214232500,0.0,0.0,0.0,0.0,0.0,0.0,0.0,100.0
20140214232600,0.0,0.0,0.0,0.0,0.0,0.0,0.0,100.0
20140214232700,0.0,0.0,0.0,0.0,0.0,0.0,0.0,100.0
20140214232800,0.0,0.0,0.0,0.0,0.0,0.0,0.0,100.0
20140214232900,0.0,0.0,0.0,0.0,0.0,0.0,0.0,100.0
20140214233000,0.0,0.0,0.0,0.0,0.0,0.0,0.0,100.0
20140214233100,0.0,0.0,0.0,0.0,0.0,0.0,0.0,100.0
20140214233200,0.0,0.0,0.0,0.0,0.0,0.0,0.0,100.0
20140214233300,0.0,0.0,0.0,0.0,0.0,0.0,0.0,100.0
20140214233400,0.0,0.0,0.0,0.0,0.0,0.0,0.0,100.0
20140214233500,0.0,0.0,0.0,0.0,0.0,0.0,0.0,100.0
20140214233600,0.0,0.0,0.0,0.0,0.0,0.0,0.0,100.0
20140214233700,0.0,0.0,0.0,0.0,0.0,0.0,0.0,100.0
20140214233800,0.0,0.0,0.0,0.0,0.0,0.0,0.0,100.0
20140214233900,0.0,0.0,0.0,0.0,0.0,0.0,0.0,100.0
20140214234000,0.0,0.0,0.0,0.0,0.0,0.0,0.0,100.0
20140214234100,0.0,0.0,0.0,0.0,0.0,0.0,0.0,100.0
20140214234200,0.0,0.0,0.0,0.0,0.0,0.0,0.0,100.0
20140214234300,0.0,0.0,0.0,0.0,0.0,0.0,0.0,100.0
20140214234400,0.0,0.0,0.0,0.0,0.0,0.0,0.0,100.0
20140214234500,0.0,0.0,0.0,0.0,0.0,0.0,0.0,100.0
20140214234600,0.0,0.0,0.0,0.0,0.0,0.0,0.0,100.0
20140214234700,0.0,0.0,0.0,0.0,0.0,0.0,0.0,100.0
20140214234800,0.0,0.0,0.0,0.0,0.0,0.0,0.0,100.0
20140214234900,0.0,0.0,0.0,0.0,0.0,0.0,0.0,100.0
20140214235000,0.0,0.0,0.0,0.0,0.0,0.0,0.0,100.0
20140214235100,0.0,0.0,0.0,0.0,0.0,0.0,0.0,100.0
20140214235200,0.0,0.0,0.0,0.0,0.0,0.0,0.0,100.0
20140214235300,0.0,0.0,0.0,0.0,0.0,0.0,0.0,100.0
20140214235400,0.0,0.0,0.0,0.0,0.0,0.0,0.0,100.0
20140214235500,0.0,0.0,0.0,0.0,0.0,0.0,0.0,100.0
20140214235600,0.0,0.0,0.0,0.0,0.0,0.0,0.0,100.0
20140214235700,0.0,0.0,0.0,0.0,0.0,0.0,0.0,100.0
20140214235800,0.0,0.0,0.0,0.0,0.0,0.0,0.0,100.0
20140214235900,0.0,0.0,0.0,0.0,0.0,0.0,0.0,100.0
20140215000000,0.0,0.0,0.0,0.0,0.0,0.0,0.0,100.0
20140215000100,0.0,0.0,0.0,0.0,0.0,0.0,0.0,100.0
20140215000200,0.0,0.0,0.0,0.0,0.0,0.0,0.0,100.0
20140215000300,0.0,0.0,0.0,0.0,0.0,0.0,0.0,100.0
20140215000400,0.0,0.0,0.0,0.0,0.0,0.0,0.0,100.0
20140215000500,0.0,0.0,0.0,0.0,0.0,0.0,0.0,100.0
20140215000600,0.0,0.0,0.0,0.0,0.0,0.0,0.0,100.0
20140215000700,0.0,0.0,0.0,0.0,0.0,0.0,0.0,100.0
20140215000800,0.0,0.0,0.0,0.0,0.0,0.0,0.0,100.0
20140215000900,0.0,0.0,0.0,0.0,0.0,0.0,0.0,100.0
20140215001000,0.0,0.0,0.0,0.0,0.0,0.0,0.0,100.0
20140215001100,0.0,0.0,0.0,0.0,0.0,0.0,0.0,100.0
20140215001200,0.0,0.0,0.0,0.0,0.0,0.0,0.0,100.0
20140215001300,0.0,0.0,0.0,0.0,0.0,0.0,0.0,100.0
20140215001400,0.0,0.0,0.0,0.0,0.0,0.0,0.0,100.0
20140215001500,0.0,0.0,0.0,0.0,0.0,0.0,0.0,100.0
20140215001600,0.0,0.0,0.0,0.0,0.0,0.0,0.0,100.0
20140215001700,0.0,0.0,0.0,0.0,0.0,0.0,0.0,100.0
20140215001800,0.0,0.0,0.0,0.0,0.0,0.0,0.0,100.0
20140215001900,0.0,0.0,0.0,0.0,0.0,0.0,0.0,100.0
20140215002000,0.0,0.0,0.0,0.0,0.0,0.0,0.0,100.0
20140215002100,0.0,0.0,0.0,0.0,0.0,0.0,0.0,100.0
20140215002200,0.0,0.0,0.0,0.0,0.0,0.0,0.0,100.0
20140215002300,0.0,0.0,0.0,0.0,0.0,0.0,0.0,100.0
20140215002400,0.0,0.0,0.0,0.0,0.0,0.0,0.0,100.0
20140215002500,0.0,0.0,0.0,0.0,0.0,0.0,0.0,100.0
20140215002600,0.0,0.0,0.0,0.0,0.0,0.0,0.0,100.0
20140215002700,0.0,0.0,0.0,0.0,0.0,0.0,0.0,100.0
20140215002800,0.0,0.0,0.0,0.0,0.0,0.0,0.0,100.0
20140215002900,0.0,0.0,0.0,0.0,0.0,0.0,0.0,100.0
20140215003100,0.0,0.0,0.0,0.0,0.0,0.0,0.0,100.0
20140215003200,0.0,0.0,0.0,0.0,0.0,0.0,0.0,100.0
20140215003300,0.0,0.0,0.0,0.0,0.0,0.0,0.0,100.0
20140215003400,0.0,0.0,0.0,0.0,0.0,0.0,0.0,100.0
20140215003500,0.0,0.0,0.0,0.0,0.0,0.0,0.0,100.0
20140215003600,0.0,0.0,0.0,0.0,0.0,0.0,0.0,100.0
20140215003700,0.0,0.0,0.0,0.0,0.0,0.0,0.0,100.0
20140215003800,0.0,0.0,0.0,0.0,0.0,0.0,0.0,100.0
20140215003900,0.0,0.0,0.0,0.0,0.0,0.0,0.0,100.0
20140215004000,0.0,0.0,0.0,0.0,0.0,0.0,0.0,100.0
20140215004100,0.0,0.0,0.0,0.0,0.0,0.0,0.0,100.0
20140215004200,0.0,0.0,0.0,0.0,0.0,0.0,0.1,99.9
20140215004300,0.0,0.0,0.0,0.0,0.0,0.0,0.0,100.0
20140215004400,0.0,0.0,0.0,0.0,0.0,0.0,0.1,99.9
20140215004500,0.0,0.0,0.0,0.0,0.0,0.0,0.2,99.8
20140215004600,0.0,0.0,0.0,0.0,0.0,0.0,0.0,100.0
20140215004700,0.0,0.0,0.0,0.0,0.0,0.0,0.1,99.9
20140215004800,0.0,0.0,0.0,0.0,0.0,0.0,0.2,99.8
20140215004900,0.0,0.0,0.0,0.0,0.0,0.0,0.5,99.5
20140215005000,0.0,0.0,0.0,0.0,0.0,0.0,3.7,96.2
20140215005100,0.0,0.0,0.0,0.0,0.0,0.0,3.4,96.6
20140215005200,0.0,0.0,0.0,0.0,0.0,0.0,8.6,91.3
20140215005300,0.0,0.0,0.0,0.0,0.1,0.0,40.6,59.3
20140215005400,0.0,0.0,0.0,0.0,0.1,0.0,46.0,53.9
20140215005500,0.0,0.0,0.0,0.0,0.0,0.0,94.6,5.4
20140215005600,0.0,0.0,0.0,0.0,0.1,0.0,93.2,6.7
20140215005700,0.0,0.0,0.0,0.0,0.1,0.0,59.8,40.0
20140215005800,0.0,0.0,0.0,0.0,0.3,0.0,61.5,38.1
20140215005900,0.0,0.0,0.0,0.0,0.0,0.0,56.5,43.5
20140215010000,0.0,0.0,0.0,0.0,0.1,0.0,27.8,72.2
20140215010100,0.0,0.0,0.0,0.0,0.0,0.0,49.7,50.2
20140215010200,0.0,0.0,0.0,0.0,0.0,0.0,58.1,41.9
20140215010300,0.0,0.0,0.0,0.0,0.0,0.0,60.8,39.2
20140215010400,0.0,0.0,0.0,0.0,0.0,0.0,42.2,57.8
20140215010500,0.0,0.0,0.0,0.0,0.0,0.0,71.9,28.0
20140215010600,0.0,0.0,0.0,0.0,0.0,0.0,71.7,28.3
20140215010700,0.0,0.0,0.0,0.0,0.0,0.0,58.4,41.6
20140215010800,0.0,0.0,0.0,0.0,0.0,0.0,99.3,0.7
20140215010900,0.0,0.0,0.0,0.0,0.0,0.0,98.8,1.2
20140215011000,0.0,0.0,0.0,0.0,0.0,0.0,99.5,0.5
20140215011100,0.0,0.0,0.0,0.0,0.0,0.0,88.2,11.8
20140215011200,0.0,0.0,0.0,0.0,0.0,0.0,94.9,5.1
20140215011300,0.0,0.0,0.0,0.0,0.0,0.0,98.8,1.2
20140215011400,0.0,0.0,0.0,0.0,0.0,0.0,96.7,3.3
20140215011500,0.0,0.0,0.0,0.0,0.0,0.0,88.4,11.6
20140215011600,0.0,0.0,0.0,0.0,0.0,0.0,94.3,5.7
20140215011700,0.0,0.0,0.0,0.0,0.0,0.0,76.9,23.1
20140215011800,0.0,0.0,0.0,0.0,0.0,0.0,92.9,7.1
20140215011900,0.0,0.0,0.0,0.0,0.0,0.0,96.6,3.4
20140215012000,0.0,0.0,0.0,0.0,0.0,0.0,93.5,6.5
20140215012100,0.0,0.0,0.0,0.0,0.0,0.0,86.9,13.1
20140215012200,0.0,0.0,0.0,0.0,0.0,0.0,97.8,2.2
20140215012300,0.0,0.0,0.0,0.0,0.0,0.0,95.9,4.1
20140215012400,0.0,0.0,0.0,0.0,0.0,0.0,94.5,5.5
20140215012500,0.0,0.0,0.0,0.0,0.0,0.0,98.3,1.7
20140215012600,0.0,0.0,0.0,0.0,0.0,0.0,88.1,11.9
20140215012700,0.0,0.0,0.0,0.0,0.0,0.0,65.3,34.7
20140215012800,0.0,0.0,0.0,0.0,0.0,0.0,94.2,5.7
20140215012900,0.0,0.0,0.0,0.0,0.0,0.0,96.9,3.1
20140215013000,0.0,0.0,0.0,0.0,0.0,0.0,64.4,35.6
20140215013100,0.0,0.0,0.0,0.0,0.0,0.0,79.2,20.8
20140215013200,0.0,0.0,0.0,0.0,0.0,0.0,49.9,50.1
20140215013300,0.0,0.0,0.0,0.0,0.0,0.0,88.2,11.8
20140215013400,0.0,0.0,0.0,0.0,0.0,0.0,81.0,19.0
20140215013500,0.0,0.0,0.0,0.0,0.0,0.0,71.6,28.4
20140215013600,0.0,0.0,0.0,0.0,0.0,0.0,90.3,9.7
20140215013700,0.0,0.0,0.0,0.0,0.0,0.0,64.5,35.5
20140215013800,0.0,0.0,0.0,0.0,0.0,0.0,92.5,7.5
20140215013900,0.0,0.0,0.0,0.0,0.1,0.0,62.7,37.2
20140215014000,0.0,0.0,0.0,0.0,0.0,0.0,82.4,17.6
20140215014100,0.0,0.0,0.0,0.0,0.0,0.0,99.8,0.2
20140215014200,0.0,0.0,0.0,0.0,0.0,0.0,89.2,10.8
20140215014300,0.0,0.0,0.0,0.0,0.0,0.0,87.7,12.3
20140215014400,0.0,0.0,0.0,0.0,0.0,0.0,67.5,32.5
20140215014500,0.0,0.0,0.0,0.0,0.0,0.0,71.3,28.6
20140215014600,0.0,0.0,0.0,0.0,0.0,0.0,77.1,22.9
20140215014700,0.0,0.0,0.0,0.0,0.0,0.0,57.5,42.5
20140215014800,0.0,0.0,0.0,0.0,0.0,0.0,89.6,10.4
20140215014900,0.0,0.0,0.0,0.0,0.0,0.0,58.0,42.0
20140215015000,0.0,0.0,0.0,0.0,0.0,0.0,51.7,48.3
20140215015100,0.0,0.0,0.0,0.0,0.0,0.0,83.8,16.2
20140215015200,0.0,0.0,0.0,0.0,0.0,0.0,57.8,42.2
20140215015300,0.0,0.0,0.0,0.0,0.1,0.0,59.9,40.0
20140215015400,0.0,0.0,0.0,0.0,0.5,0.0,42.5,57.0
20140215015500,0.0,0.0,0.0,0.0,0.0,0.0,77.5,22.5
20140215015600,0.0,0.0,0.0,0.0,0.0,0.0,66.9,33.0
20140215015700,0.0,0.0,0.0,0.0,0.1,0.0,49.9,50.0
20140215015800,0.0,0.0,0.0,0.0,0.2,0.0,38.7,61.1
20140215015900,0.0,0.0,0.0,0.0,0.0,0.0,86.5,13.5
20140215020000,0.0,0.0,0.0,0.0,0.1,0.0,59.4,40.5
20140215020100,0.0,0.0,0.0,0.0,0.0,0.0,76.2,23.8
20140215020200,0.0,0.0,0.0,0.0,0.1,0.0,63.0,36.9
20140215020300,0.0,0.0,0.0,0.0,0.2,0.0,62.1,37.7
20140215020400,0.0,0.0,0.0,0.0,0.0,0.0,4.8,95.2
20140215020500,0.0,0.0,0.0,0.0,0.0,0.0,5.1,94.9
20140215020600,0.0,0.0,0.0,0.0,0.0,0.0,5.0,95.0
20140215020700,0.0,0.0,0.0,0.0,0.0,0.0,20.4,79.6
20140215020800,0.0,0.0,0.0,0.0,0.0,0.0,18.2,81.8
20140215020900,0.0,0.0,0.0,0.0,0.0,0.0,33.8,66.2
20140215021000,0.0,0.0,0.0,0.0,0.0,0.0,40.1,59.9
20140215021100,0.0,0.0,0.0,0.0,0.0,0.0,37.6,62.4
20140215021200,0.0,0.0,0.0,0.0,0.0,0.0,36.7,63.3
20140215021300,0.0,0.0,0.0,0.0,0.0,0.0,45.3,54.7
20140215021400,0.0,0.0,0.0,0.0,0.0,0.0,0.7,99.3
20140215021500,0.0,0.0,0.0,0.0,0.0,0.0,0.4,99.6
20140215021600,0.0,0.0,0.0,0.0,0.0,0.0,0.1,99.9
20140215021700,0.0,0.0,0.0,0.0,0.0,0.0,0.1,99.9
20140215021800,0.0,0.0,0.0,0.0,0.0,0.0,0.1,99.9
20140215021900,0.0,0.0,0.0,0.0,0.0,0.0,0.0,100.0
20140215022000,0.0,0.0,0.0,0.0,0.0,0.0,0.0,100.0
20140215022100,0.0,0.0,0.0,0.0,0.0,0.0,0.0,100.0
20140215022200,0.0,0.0,0.0,0.0,0.0,0.0,0.0,100.0
20140215022300,0.0,0.0,0.0,0.0,0.0,0.0,0.0,100.0
20140215022400,0.0,0.0,0.0,0.0,0.0,0.0,0.0,100.0
20140215022500,0.0,0.0,0.0,0.0,0.0,0.0,0.2,99.8
20140215022600,0.0,0.0,0.0,0.0,0.0,0.0,0.1,99.9
20140215022700,0.0,0.0,0.0,0.0,0.0,0.0,0.0,100.0
20140215022800,0.0,0.0,0.0,0.0,0.0,0.0,0.0,100.0
20140215022900,0.0,0.0,0.0,0.0,0.0,0.0,0.1,99.9
20140215023000,0.0,0.0,0.0,0.0,0.0,0.0,0.0,100.0
20140215023100,0.0,0.0,0.0,0.0,0.1,0.0,1.5,98.4
20140215023200,0.0,0.0,0.0,0.0,0.0,0.0,3.0,97.0
20140215023300,0.0,0.0,0.0,0.0,0.0,0.0,2.4,97.5
20140215023401,0.0,0.0,0.0,0.0,0.2,0.0,7.3,92.4
20140215023500,0.0,0.0,0.0,0.0,0.0,0.0,11.0,89.0
20140215023600,0.0,0.0,0.0,0.0,0.0,0.0,1.8,98.2
20140215023700,0.0,0.0,0.0,0.0,0.1,0.0,32.7,67.2
20140215023800,0.0,0.0,0.0,0.0,0.0,0.0,0.9,99.0
20140215023900,0.0,0.0,0.0,0.0,0.1,0.0,3.6,96.3
20140215024000,0.0,0.0,0.0,0.0,0.0,0.0,0.1,99.9
20140215024100,0.0,0.0,0.0,0.0,0.0,0.0,0.0,99.9
20140215024200,0.0,0.0,0.0,0.0,0.1,0.0,0.5,99.5
20140215024300,0.0,0.0,0.0,0.0,0.0,0.0,0.0,100.0
20140215024400,0.0,0.0,0.0,0.0,0.0,0.0,0.0,100.0
20140215024501,0.0,0.0,0.0,0.0,0.0,0.0,0.0,100.0
20140215025011,0.0,0.0,0.0,0.0,0.8,0.0,0.1,99.1
20140215025111,0.0,0.0,0.0,0.0,0.4,0.0,0.1,99.6
20140215025211,0.0,0.0,0.0,0.0,14.4,0.0,0.6,85.0
20140215025311,0.0,0.0,0.0,0.0,3.3,0.0,0.4,96.3
20140215025411,0.0,0.0,0.0,0.0,3.3,0.0,0.2,96.5
20140215025511,0.0,0.0,0.0,0.0,0.4,0.0,0.9,98.7
20140215025611,0.0,0.0,0.0,0.0,17.5,0.0,2.3,80.2
20140215025711,0.0,0.0,0.0,0.0,21.8,0.0,2.0,76.2
20140215025811,0.0,0.0,0.0,0.0,7.1,0.0,2.0,90.9
20140215025911,0.0,0.0,0.0,0.0,8.0,0.0,2.1,89.9
20140215030011,0.0,0.0,0.0,0.0,15.8,0.0,0.7,83.5
20140215030111,0.0,0.0,0.0,0.0,4.6,0.0,0.9,94.6
20140215030211,0.0,0.0,0.0,0.0,13.2,0.0,0.5,86.3
20140215030311,0.0,0.0,0.0,0.0,2.5,0.0,0.4,97.1
20140215030411,0.0,0.0,0.0,0.0,4.3,0.0,0.1,95.6
20140215030511,0.0,0.0,0.0,0.0,14.4,0.0,3.4,82.2
20140215030611,0.0,0.0,0.0,0.0,16.3,0.0,1.6,82.1
20140215030711,0.0,0.0,0.0,0.0,25.0,0.0,2.8,72.1
20140215030811,0.0,0.0,0.0,0.0,35.1,0.0,7.0,57.9
20140215030911,0.0,0.0,0.0,0.0,75.9,0.0,0.9,23.2
20140215031011,0.0,0.0,0.0,0.0,29.8,0.0,0.9,69.3
20140215031111,0.0,0.0,0.0,0.0,86.7,0.0,1.8,11.5
20140215031211,0.0,0.0,0.0,0.0,45.9,0.0,0.5,53.6
20140215031311,0.0,0.0,0.0,0.0,81.0,0.0,7.0,12.0
20140215031411,0.0,0.0,0.0,0.1,64.2,0.0,4.5,31.1
20140215031511,0.0,0.0,0.0,0.0,64.3,0.0,2.5,33.2
20140215031611,0.0,0.0,0.0,0.0,58.0,0.0,14.6,27.3
20140215031711,0.0,0.0,0.0,0.0,78.6,0.0,2.2,19.2
20140215031811,0.0,0.0,0.0,0.0,62.4,0.0,6.7,30.9
20140215031911,0.0,0.0,0.0,0.0,64.2,0.0,3.2,32.7
20140215032907,0.0,0.0,0.0,0.0,1.7,0.0,0.1,98.2
20140215033007,0.0,0.0,0.0,0.0,1.5,0.0,0.2,98.3
20140215033107,0.0,0.0,0.0,0.0,1.1,0.0,0.1,98.8
20140215033207,0.0,0.0,0.0,0.0,25.4,0.0,1.3,73.3
20140215033307,0.0,0.0,0.0,0.1,42.5,0.0,3.1,54.4
20140215033407,0.0,0.0,0.0,0.0,22.3,0.0,2.7,74.9
20140215033507,0.0,0.0,0.0,0.0,2.9,0.0,0.6,96.5
20140215033607,0.0,0.0,0.0,0.0,0.2,0.0,0.1,99.7
20140215033707,0.0,0.0,0.0,0.0,0.2,0.0,0.1,99.7
20140215033807,0.0,0.0,0.0,0.0,1.0,0.0,0.1,99.0
20140215033907,0.0,0.0,0.0,0.0,1.3,0.0,1.7,97.0
20140215034007,0.0,0.0,0.0,0.3,16.2,0.0,4.8,78.7
20140215034107,0.0,0.0,0.0,0.0,6.7,0.0,0.3,92.9
20140215034207,0.0,0.0,0.0,0.0,1.1,0.0,0.1,98.8
20140215034307,0.0,0.0,0.0,0.0,9.3,0.0,0.5,90.2
20140215034407,0.0,0.0,0.0,0.0,0.4,0.0,0.1,99.5
20140215034507,0.0,0.0,0.0,0.0,1.7,0.0,0.2,98.1
20140215034607,0.0,0.0,0.0,0.0,5.5,0.0,0.3,94.2
20140215034707,0.0,0.0,0.0,0.0,10.6,0.0,3.4,85.9
20140215034807,0.0,0.0,0.0,0.0,2.3,0.0,7.2,90.5
20140215034907,0.0,0.0,0.0,0.0,73.2,0.0,4.6,22.1
20140215035007,0.0,0.0,0.0,0.0,12.6,0.0,0.7,86.7
20140215035107,0.0,0.0,0.0,0.0,19.7,0.0,0.6,79.7
20140215035207,0.0,0.0,0.0,0.0,51.4,0.0,0.9,47.7
20140215035307,0.0,0.0,0.0,0.0,3.4,0.0,0.1,96.5
20140215035407,0.0,0.0,0.0,0.0,3.6,0.0,4.2,92.2
20140215035507,0.0,0.0,0.0,0.0,8.0,0.0,9.6,82.4
20140215035607,0.0,0.0,0.0,0.0,4.0,0.0,10.3,85.6
20140215035707,0.0,0.0,0.0,0.0,12.7,0.0,6.9,80.4
20140215035807,0.0,0.0,0.0,0.0,75.3,0.0,15.4,9.3
20140215035907,0.0,0.0,0.0,0.0,24.9,0.0,13.5,61.5
20140215040007,0.0,0.0,0.0,0.0,5.5,0.0,0.1,94.4
20140215040107,0.0,0.0,0.0,0.0,1.0,0.0,0.2,98.7
20140215040207,0.0,0.0,0.0,0.0,1.6,0.0,1.5,96.9
20140215040307,0.0,0.0,0.0,0.0,0.1,0.0,0.3,99.6
20140215040407,0.0,0.0,0.0,0.0,0.5,0.0,0.1,99.4
20140215040507,0.0,0.0,0.0,0.0,0.3,0.0,2.5,97.2
20140215040607,0.0,0.0,0.0,0.0,0.1,0.0,1.5,98.4
20140215040707,0.0,0.0,0.0,0.0,0.1,0.0,14.8,85.0
20140215040807,0.0,0.0,0.0,0.0,2.0,0.0,17.9,80.1
20140215040907,0.0,0.0,0.0,0.0,1.3,0.0,1.8,96.9
20140215041007,0.0,0.0,0.0,0.0,1.4,0.0,10.3,88.3
20140215041107,0.0,0.0,0.0,0.0,0.3,0.0,5.9,93.8
20140215041207,0.0,0.0,0.0,0.0,2.6,0.0,58.9,38.5
20140215041307,0.0,0.0,0.0,0.0,2.5,0.0,5.7,91.8
20140215041407,0.0,0.0,0.0,0.0,1.2,0.0,22.9,75.8
20140215041507,0.0,0.0,0.0,0.0,0.5,0.0,0.6,98.9
20140215041607,0.0,0.0,0.0,0.0,0.2,0.0,0.6,99.3
20140215041707,0.0,0.0,0.0,0.0,12.9,0.0,1.6,85.5
20140215041807,0.0,0.0,0.0,0.0,1.9,0.0,0.8,97.3
20140215041907,0.0,0.0,0.0,0.0,3.3,0.0,4.0,92.7
20140215042007,0.0,0.0,0.0,0.0,0.8,0.0,0.8,98.4
20140215042107,0.0,0.0,0.0,0.0,1.1,0.0,0.5,98.4
20140215042207,0.0,0.0,0.0,0.0,3.7,0.0,0.5,95.9
20140215042307,0.0,0.0,0.0,0.0,8.0,0.0,5.1,86.9
20140215042407,0.0,0.0,0.0,0.0,3.1,0.0,7.7,89.2
20140215042507,0.0,0.0,0.0,0.0,4.4,0.0,5.7,89.9
20140215042607,0.0,0.0,0.0,0.0,0.5,0.0,1.8,97.7
20140215042707,0.0,0.0,0.0,0.0,0.3,0.0,0.3,99.3
20140215042807,0.0,0.0,0.0,0.0,0.1,0.0,0.1,99.8
20140215042907,0.0,0.0,0.0,0.0,0.2,0.0,2.1,97.7
20140215043007,0.0,0.0,0.0,0.0,1.3,0.0,0.2,98.5
20140215043107,0.0,0.0,0.0,0.0,0.1,0.0,0.0,99.9
20140215043207,0.0,0.0,0.0,0.0,0.2,0.0,0.0,99.7
20140215043307,0.0,0.0,0.0,0.0,0.0,0.0,0.1,99.9
20140215043407,0.0,0.0,0.0,0.0,0.6,0.0,0.1,99.3
20140215043507,0.0,0.0,0.0,0.0,1.5,0.0,1.3,97.3
20140215043607,0.0,0.0,0.0,0.0,5.8,0.0,0.1,94.1
20140215043707,0.0,0.0,0.0,0.0,0.9,0.0,0.9,98.2
20140215043807,0.0,0.0,0.0,0.0,7.4,0.0,0.8,91.8
20140215043907,0.0,0.0,0.0,0.0,0.7,0.0,0.3,99.0
20140215044007,0.0,0.0,0.0,0.0,3.0,0.0,0.5,96.5
20140215044107,0.0,0.0,0.0,0.0,0.8,0.0,0.1,99.2
20140215044207,0.0,0.0,0.0,0.0,1.6,0.0,0.0,98.3
20140215044307,0.0,0.0,0.0,0.0,6.6,0.0,0.0,93.4
20140215044407,0.0,0.0,0.0,0.0,7.5,0.0,0.0,92.5
20140215044507,0.0,0.0,0.0,0.0,19.6,0.0,0.0,80.4
20140215044607,0.0,0.0,0.0,0.0,7.7,0.0,0.0,92.3
20140215044707,0.0,0.0,0.0,0.0,0.8,0.0,0.0,99.2
20140215044807,0.0,0.0,0.0,0.0,3.9,0.0,0.0,96.1
20140215044907,0.0,0.0,0.0,0.0,0.6,0.0,0.0,99.4
20140215045007,0.0,0.0,0.0,0.0,0.7,0.0,0.0,99.3
20140215045107,0.0,0.0,0.0,0.0,1.4,0.0,0.0,98.6
20140215045207,0.0,0.0,0.0,0.0,1.0,0.0,0.0,99.0
20140215045307,0.0,0.0,0.0,0.0,0.1,0.0,0.0,99.9
20140215045407,0.0,0.0,0.0,0.0,0.0,0.0,0.0,100.0
20140215045507,0.0,0.0,0.0,0.0,0.0,0.0,0.0,100.0
20140215045607,0.0,0.0,0.0,0.0,0.1,0.0,0.0,99.9
20140215045707,0.0,0.0,0.0,0.0,0.1,0.0,0.0,99.9
20140215045807,0.0,0.0,0.0,0.0,0.0,0.0,0.0,100.0
20140215045907,0.0,0.0,0.0,0.0,0.1,0.0,0.0,99.9
20140215050007,0.0,0.0,0.0,0.0,0.0,0.0,0.0,100.0
20140215050107,0.0,0.0,0.0,0.0,0.0,0.0,0.0,100.0
20140215050207,0.0,0.0,0.0,0.0,0.0,0.0,0.0,100.0
20140215050307,0.0,0.0,0.0,0.0,0.0,0.0,0.0,100.0
20140215050407,0.0,0.0,0.0,0.0,0.0,0.0,0.0,100.0
20140215050507,0.0,0.0,0.0,0.0,0.0,0.0,0.0,100.0
20140215050607,0.0,0.0,0.0,0.0,0.0,0.0,0.0,100.0
20140215050707,0.0,0.0,0.0,0.0,0.0,0.0,0.0,100.0
20140215050807,0.0,0.0,0.0,0.0,0.0,0.0,0.0,100.0
20140215050907,0.0,0.0,0.0,0.0,0.0,0.0,0.0,100.0
20140215051007,0.0,0.0,0.0,0.0,0.0,0.0,0.0,100.0
20140215051107,0.0,0.0,0.0,0.0,0.0,0.0,0.0,100.0
20140215051207,0.0,0.0,0.0,0.0,0.0,0.0,0.0,100.0
20140215051307,0.0,0.0,0.0,0.0,0.0,0.0,0.0,100.0
20140215051407,0.0,0.0,0.0,0.0,0.0,0.0,0.0,100.0
20140215051507,0.0,0.0,0.0,0.0,0.0,0.0,0.0,100.0
20140215051607,0.0,0.0,0.0,0.0,0.0,0.0,0.0,100.0
20140215051707,0.0,0.0,0.0,0.0,0.0,0.0,0.0,100.0
20140215051807,0.0,0.0,0.0,0.0,0.0,0.0,0.0,100.0
20140215051907,0.0,0.0,0.0,0.0,0.0,0.0,0.0,100.0
20140215052007,0.0,0.0,0.0,0.0,0.0,0.0,0.0,100.0
20140215052107,0.0,0.0,0.0,0.0,0.0,0.0,0.0,100.0
20140215052207,0.0,0.0,0.0,0.0,0.0,0.0,0.0,100.0
20140215052307,0.0,0.0,0.0,0.0,0.0,0.0,0.0,100.0
20140215052407,0.0,0.0,0.0,0.0,0.0,0.0,0.0,100.0
20140215052507,0.0,0.0,0.0,0.0,0.0,0.0,0.0,100.0
20140215052607,0.0,0.0,0.0,0.0,0.0,0.0,0.0,100.0
20140215052707,0.0,0.0,0.0,0.0,0.0,0.0,0.0,100.0
20140215052807,0.0,0.0,0.0,0.0,0.0,0.0,0.0,100.0
20140215052907,0.0,0.0,0.0,0.0,0.0,0.0,0.0,100.0
20140215053007,0.0,0.0,0.0,0.0,0.0,0.0,0.0,100.0
20140215053107,0.0,0.0,0.0,0.0,0.0,0.0,0.0,100.0
20140215053207,0.0,0.0,0.0,0.0,0.0,0.0,0.0,100.0
20140215053307,0.0,0.0,0.0,0.0,0.0,0.0,0.0,100.0
20140215053407,0.0,0.0,0.0,0.0,0.0,0.0,0.0,100.0
20140215053507,0.0,0.0,0.0,0.0,0.0,0.0,0.0,100.0
20140215053607,0.0,0.0,0.0,0.0,0.0,0.0,0.0,100.0
20140215053707,0.0,0.0,0.0,0.0,0.0,0.0,0.0,100.0
20140215053807,0.0,0.0,0.0,0.0,0.0,0.0,0.0,100.0
20140215053907,0.0,0.0,0.0,0.0,0.0,0.0,0.0,100.0
20140215054007,0.0,0.0,0.0,0.0,0.0,0.0,0.0,100.0
