UT,arc,discrete,diffuse,ac,ab,clear,cloudy,dd
20141108142200,0.0,0.0,0.0,0.0,0.0,0.0,0.0,100.0
20141108142230,0.0,0.0,0.0,0.0,0.0,0.0,0.0,100.0
20141108142300,0.0,0.0,0.0,0.0,0.0,0.0,0.0,100.0
20141108142330,0.0,0.0,0.0,0.0,0.0,0.0,0.0,100.0
20141108142400,0.0,0.0,0.0,0.0,0.0,0.0,0.0,100.0
20141108142430,0.0,0.0,0.0,0.0,0.0,0.0,0.0,100.0
20141108142500,0.0,0.0,0.0,0.0,0.0,0.0,0.0,100.0
20141108142530,0.0,0.0,0.0,0.0,0.0,0.0,0.0,100.0
20141108142600,0.0,0.0,0.0,0.0,0.0,0.0,0.0,100.0
20141108142630,0.0,0.0,0.0,0.0,0.0,0.0,0.0,100.0
20141108142700,0.0,0.0,0.0,0.0,0.0,0.0,0.0,100.0
20141108142730,0.0,0.0,0.0,0.0,0.0,0.0,0.0,100.0
20141108142800,0.0,0.0,0.0,0.0,0.0,0.0,0.0,100.0
20141108142830,0.0,0.0,0.0,0.0,0.0,0.0,0.0,100.0
20141108142900,0.0,0.0,0.0,0.0,0.0,0.0,0.0,100.0
20141108142930,0.0,0.0,0.0,0.0,0.0,0.0,0.0,100.0
20141108143000,0.0,0.0,0.0,0.0,0.0,0.0,0.0,100.0
20141108143030,0.0,0.0,0.0,0.0,0.0,0.0,0.0,100.0
20141108143100,0.0,0.0,0.0,0.0,0.0,0.0,0.0,100.0
20141108143130,0.0,0.0,0.0,0.0,0.0,0.0,0.0,100.0
20141108143200,0.0,0.0,0.0,0.0,0.0,0.0,0.0,100.0
20141108143230,0.0,0.0,0.0,0.0,0.0,0.0,0.0,100.0
20141108143300,0.0,0.0,0.0,0.0,0.0,0.0,0.0,100.0
20141108143330,0.0,0.0,0.0,0.0,0.0,0.0,0.0,100.0
20141108143400,0.0,0.0,0.0,0.0,0.0,0.0,0.0,100.0
20141108143430,0.0,0.0,0.0,0.0,0.0,0.0,0.0,100.0
20141108143500,0.0,0.0,0.0,0.0,0.0,0.0,0.0,100.0
20141108143530,0.0,0.0,0.0,0.0,0.0,0.0,0.0,100.0
20141108143600,0.0,0.0,0.0,0.0,0.0,0.0,0.0,100.0
20141108143630,0.0,0.0,0.0,0.0,0.0,0.0,0.0,100.0
20141108143700,0.0,0.0,0.0,0.0,0.0,0.0,0.0,100.0
20141108143730,0.0,0.0,0.0,0.0,0.0,0.0,0.0,100.0
20141108143800,0.0,0.0,0.0,0.0,0.0,0.0,0.0,100.0
20141108143830,0.0,0.0,0.0,0.0,0.0,0.0,0.0,100.0
20141108143900,0.0,0.0,0.0,0.0,0.0,0.0,0.0,100.0
20141108143930,0.0,0.0,0.0,0.0,0.0,0.0,0.0,100.0
20141108144001,0.0,0.0,0.0,0.0,0.0,0.0,0.0,100.0
20141108144031,0.0,0.0,0.0,0.0,0.0,0.0,0.0,100.0
20141108144101,0.0,0.0,0.0,0.0,0.0,0.0,0.0,100.0
20141108144131,0.0,0.0,0.0,0.0,0.0,0.0,0.0,100.0
20141108144201,0.0,0.0,0.0,0.0,0.0,0.0,0.0,100.0
20141108144231,0.0,0.0,0.0,0.0,0.0,0.0,0.0,100.0
20141108144301,0.0,0.0,0.0,0.0,0.0,0.0,0.0,100.0
20141108144331,0.0,0.0,0.0,0.0,0.0,0.0,0.0,100.0
20141108144401,0.0,0.0,0.0,0.0,0.0,0.0,0.0,100.0
20141108144431,0.0,0.0,0.0,0.0,0.0,0.0,0.0,100.0
20141108144501,0.0,0.0,0.0,0.0,0.0,0.0,0.0,100.0
20141108144531,0.0,0.0,0.0,0.0,0.0,0.0,0.0,100.0
20141108144601,0.0,0.0,0.0,0.0,0.0,0.0,0.0,100.0
20141108144631,0.0,0.0,0.0,0.0,0.0,0.0,0.0,100.0
20141108144701,0.0,0.0,0.0,0.0,0.0,0.0,0.0,100.0
20141108144731,0.0,0.0,0.0,0.0,0.0,0.0,0.0,100.0
20141108144801,0.0,0.0,0.0,0.0,0.0,0.0,0.0,100.0
20141108144831,0.0,0.0,0.0,0.0,0.0,0.0,0.0,100.0
20141108144901,0.0,0.0,0.0,0.0,0.0,0.0,0.0,100.0
20141108144931,0.0,0.0,0.0,0.0,0.0,0.0,0.0,100.0
20141108145001,0.0,0.0,0.0,0.0,0.0,0.0,0.0,100.0
20141108145031,0.0,0.0,0.0,0.0,0.0,0.0,0.0,100.0
20141108145101,0.0,0.0,0.0,0.0,0.0,0.0,0.0,100.0
20141108145131,0.0,0.0,0.0,0.0,0.0,0.0,0.0,100.0
20141108145201,0.0,0.0,0.0,0.0,0.0,0.0,0.0,100.0
20141108145231,0.0,0.0,0.0,0.0,0.0,0.0,0.0,100.0
20141108145301,0.0,0.0,0.0,0.0,0.0,0.0,0.0,100.0
20141108145331,0.0,0.0,0.0,0.0,0.0,0.0,0.0,100.0
20141108145401,0.0,0.0,0.0,0.0,0.0,0.0,0.0,100.0
20141108145431,0.0,0.0,0.0,0.0,0.0,0.0,0.0,100.0
20141108145501,0.0,0.0,0.0,0.0,0.0,0.0,0.0,100.0
20141108145531,0.0,0.0,0.0,0.0,0.0,0.0,0.0,100.0
20141108145601,0.0,0.0,0.0,0.0,0.0,0.0,0.0,100.0
20141108145631,0.0,0.0,0.0,0.0,0.0,0.0,0.0,100.0
20141108145701,0.0,0.0,0.0,0.0,0.0,0.0,0.0,100.0
20141108145731,0.0,0.0,0.0,0.0,0.0,0.0,0.0,100.0
20141108145801,0.0,0.0,0.0,0.0,0.0,0.0,0.0,100.0
20141108145831,0.0,0.0,0.0,0.0,0.0,0.0,0.0,100.0
20141108145901,0.0,0.0,0.0,0.0,0.0,0.0,0.0,100.0
20141108145931,0.0,0.0,0.0,0.0,0.0,0.0,0.0,100.0
20141108150001,0.0,0.0,0.0,0.0,0.0,0.0,0.0,100.0
20141108150031,0.0,0.0,0.0,0.0,0.0,0.0,0.0,100.0
20141108150101,0.0,0.0,0.0,0.0,0.0,0.0,0.0,100.0
20141108150131,0.0,0.0,0.0,0.0,0.0,0.0,0.0,100.0
20141108150201,0.0,0.0,0.0,0.0,0.0,0.0,0.0,100.0
20141108150231,0.0,0.0,0.0,0.0,0.0,0.0,0.0,100.0
20141108150301,0.0,0.0,0.0,0.0,0.0,0.0,0.0,100.0
20141108150331,0.0,0.0,0.0,0.0,0.0,0.0,0.0,100.0
20141108150401,0.0,0.0,0.0,0.0,0.0,0.0,0.0,100.0
20141108150431,0.0,0.0,0.0,0.0,0.0,0.0,0.0,100.0
20141108150501,0.0,0.0,0.0,0.0,0.0,0.0,0.0,100.0
20141108150531,0.0,0.0,0.0,0.0,0.0,0.0,0.0,100.0
20141108150601,0.0,0.0,0.0,0.0,0.0,0.0,0.0,100.0
20141108150631,0.0,0.0,0.0,0.0,0.0,0.0,0.0,100.0
20141108150701,0.0,0.0,0.0,0.0,0.0,0.0,0.0,100.0
20141108150731,0.0,0.0,0.0,0.0,0.0,0.0,0.0,100.0
20141108150801,0.0,0.0,0.0,0.0,0.0,0.0,0.0,100.0
20141108150831,0.0,0.0,0.0,0.0,0.0,0.0,0.0,100.0
20141108150901,0.0,0.0,0.0,0.0,0.0,0.0,0.0,100.0
20141108150931,0.0,0.0,0.0,0.0,0.0,0.0,0.0,100.0
20141108151001,0.0,0.0,0.0,0.0,0.0,0.0,0.0,100.0
20141108151031,0.0,0.0,0.0,0.0,0.0,0.0,0.0,100.0
20141108151101,0.0,0.0,0.0,0.0,0.0,0.0,0.0,100.0
20141108151131,0.0,0.0,0.0,0.0,0.0,0.0,0.0,100.0
20141108151201,0.0,0.0,0.0,0.0,0.0,0.0,0.0,100.0
20141108151231,0.0,0.0,0.0,0.0,0.0,0.0,0.0,100.0
20141108151301,0.0,0.0,0.0,0.0,0.0,0.0,0.0,100.0
20141108151331,0.0,0.0,0.0,0.0,0.0,0.0,0.0,100.0
20141108151402,0.0,0.0,0.0,0.0,0.0,0.0,0.0,100.0
20141108151432,0.0,0.0,0.0,0.0,0.0,0.0,0.0,100.0
20141108151502,0.0,0.0,0.0,0.0,0.0,0.0,0.0,100.0
20141108151532,0.0,0.0,0.0,0.0,0.0,0.0,0.0,100.0
20141108151602,0.0,0.0,0.0,0.0,0.0,0.0,0.0,100.0
20141108151632,0.0,0.0,0.0,0.0,0.0,0.0,0.0,100.0
20141108151702,0.0,0.0,0.0,0.0,0.0,0.0,0.0,100.0
20141108151732,0.0,0.0,0.0,0.0,0.0,0.0,0.0,100.0
20141108151802,0.0,0.0,0.0,0.0,0.0,0.0,0.0,100.0
20141108151832,0.0,0.0,0.0,0.0,0.0,0.0,0.0,100.0
20141108151902,0.0,0.0,0.0,0.0,0.0,0.0,0.0,100.0
20141108151932,0.0,0.0,0.0,0.0,0.0,0.0,0.0,100.0
20141108152002,0.0,0.0,0.0,0.0,0.0,0.0,0.0,100.0
20141108152032,0.0,0.0,0.0,0.0,0.0,0.0,0.0,100.0
20141108152102,0.0,0.0,0.0,0.0,0.0,0.0,0.0,100.0
20141108152132,0.0,0.0,0.0,0.0,0.0,0.0,0.0,100.0
20141108152332,0.0,0.0,0.0,0.0,0.0,0.0,0.0,100.0
20141108152402,0.0,0.0,0.0,0.0,0.0,0.0,0.0,100.0
20141108152432,0.0,0.0,0.0,0.0,0.0,0.0,0.0,100.0
20141108152502,0.0,0.0,0.0,0.0,0.0,0.0,0.0,100.0
20141108152532,0.0,0.0,0.0,0.0,0.0,0.0,0.0,100.0
20141108152602,0.0,0.0,0.0,0.0,0.0,0.0,0.0,100.0
20141108152632,0.0,0.0,0.0,0.0,0.0,0.0,0.0,100.0
20141108152702,0.0,0.0,0.0,0.0,0.0,0.0,0.0,100.0
20141108152732,0.0,0.0,0.0,0.0,0.0,0.0,0.0,100.0
20141108152802,0.0,0.0,0.0,0.0,0.0,0.0,0.0,100.0
20141108152832,0.0,0.0,0.0,0.0,0.0,0.0,0.0,100.0
20141108152902,0.0,0.0,0.0,0.0,0.0,0.0,0.0,100.0
20141108152932,0.0,0.0,0.0,0.0,0.0,0.0,0.0,100.0
20141108153002,0.0,0.0,0.0,0.0,0.0,0.0,0.0,100.0
20141108153032,0.0,0.0,0.0,0.0,0.0,0.0,0.0,100.0
20141108153102,0.0,0.0,0.0,0.0,0.0,0.0,0.0,100.0
20141108153132,0.0,0.0,0.0,0.0,0.0,0.0,0.0,100.0
20141108153202,0.0,0.0,0.0,0.0,0.0,0.0,0.0,100.0
20141108153232,0.0,0.0,0.0,0.0,0.0,0.0,0.0,100.0
20141108153302,0.0,0.0,0.0,0.0,0.0,0.0,0.0,100.0
20141108153332,0.0,0.0,0.0,0.0,0.0,0.0,0.0,100.0
20141108153402,0.0,0.0,0.0,0.0,0.0,0.0,0.0,100.0
20141108153432,0.0,0.0,0.0,0.0,0.0,0.0,0.0,100.0
20141108153502,0.0,0.0,0.0,0.0,0.0,0.0,0.0,100.0
20141108153532,0.0,0.0,0.0,0.0,0.0,0.0,0.0,100.0
20141108153602,0.0,0.0,0.0,0.0,0.0,0.0,0.0,100.0
20141108153632,0.0,0.0,0.0,0.0,0.0,0.0,0.0,100.0
20141108153702,0.0,0.0,0.0,0.0,0.0,0.0,0.0,100.0
20141108153732,0.0,0.0,0.0,0.0,0.0,0.0,0.0,100.0
20141108153802,0.0,0.0,0.0,0.0,0.0,0.0,0.0,100.0
20141108153832,0.0,0.0,0.0,0.0,0.0,0.0,0.0,100.0
20141108153902,0.0,0.0,0.0,0.0,0.0,0.0,0.0,100.0
20141108153932,0.0,0.0,0.0,0.0,0.0,0.0,0.0,100.0
20141108154002,0.0,0.0,0.0,0.0,0.0,0.0,0.0,100.0
20141108154032,0.0,0.0,0.0,0.0,0.0,0.0,0.0,100.0
20141108154103,0.0,0.0,0.0,0.0,0.0,0.0,0.0,100.0
20141108154133,0.0,0.0,0.0,0.0,0.0,0.0,0.0,100.0
20141108154203,0.0,0.0,0.0,0.0,0.0,0.0,0.0,100.0
20141108154233,0.0,0.0,0.0,0.0,0.0,0.0,0.0,100.0
20141108154303,0.0,0.0,0.0,0.0,0.1,0.0,0.0,99.9
20141108154333,0.0,0.0,0.0,0.0,0.0,0.0,0.0,100.0
20141108154403,0.0,0.0,0.0,0.0,0.0,0.0,0.0,100.0
20141108154433,0.0,0.0,0.0,0.0,0.1,0.0,0.0,99.9
20141108154503,0.0,0.0,0.0,0.0,0.0,0.0,0.0,99.9
20141108154533,0.0,0.0,0.0,0.0,0.0,0.0,0.0,100.0
20141108154603,0.0,0.0,0.0,0.0,0.0,0.0,0.0,100.0
20141108154633,0.0,0.0,0.0,0.0,0.0,0.0,0.0,100.0
20141108154703,0.0,0.0,0.0,0.0,0.0,0.0,0.0,100.0
20141108154733,0.0,0.0,0.0,0.0,0.0,0.0,0.0,100.0
20141108154803,0.0,0.0,0.0,0.0,0.0,0.0,0.1,99.9
20141108154833,0.0,0.0,0.0,0.0,0.0,0.0,0.0,100.0
20141108154903,0.0,0.0,0.0,0.0,0.0,0.0,0.0,100.0
20141108154933,0.0,0.0,0.0,0.0,0.0,0.0,0.2,99.8
20141108155003,0.0,0.0,0.0,0.0,0.1,0.0,0.2,99.8
20141108155033,0.0,0.0,0.0,0.0,0.0,0.0,0.1,99.8
20141108155103,0.0,0.0,0.0,0.0,0.0,0.0,2.0,97.9
20141108155133,0.0,0.0,0.0,0.0,0.0,0.0,0.7,99.2
20141108155203,0.0,0.0,0.0,0.0,0.0,0.0,13.8,86.2
20141108155233,0.0,0.0,0.0,0.0,0.0,0.0,23.4,76.6
20141108155303,0.0,0.0,0.0,0.0,0.0,0.0,3.8,96.2
20141108155333,0.0,0.0,0.0,0.0,0.0,0.0,14.4,85.6
20141108155403,0.0,0.0,0.0,0.0,0.0,0.0,30.5,69.5
20141108155433,0.0,0.0,0.0,0.1,0.0,0.0,6.6,93.2
20141108155503,0.0,0.0,0.0,0.0,0.0,0.0,4.4,95.6
20141108155533,0.0,0.0,0.0,0.0,0.0,0.0,2.9,97.1
20141108155603,0.0,0.0,0.0,0.0,0.0,0.0,4.4,95.6
20141108155633,0.0,0.0,0.0,0.0,0.0,0.0,0.7,99.3
20141108155703,0.0,0.0,0.0,0.0,0.0,0.0,5.7,94.2
20141108155733,0.0,0.0,0.0,0.0,0.0,0.0,3.0,97.0
20141108155803,0.0,0.0,0.0,0.0,0.0,0.0,42.7,57.3
20141108155833,0.0,0.0,0.0,0.0,0.0,0.0,83.8,16.2
20141108155903,0.0,0.0,0.0,0.0,0.0,0.0,70.3,29.7
20141108155933,0.0,0.0,0.0,0.0,0.0,0.0,44.9,55.1
20141108160003,0.0,0.0,0.0,0.0,0.0,0.2,36.8,62.9
20141108160033,0.0,0.0,0.0,0.0,0.0,0.3,38.0,61.7
20141108160103,0.0,0.0,0.1,0.0,0.0,0.5,50.6,48.8
20141108160133,0.0,0.0,0.1,0.1,0.1,1.4,67.5,30.8
20141108160203,0.0,0.0,0.1,0.0,0.0,0.7,65.6,33.4
20141108160233,0.0,0.0,0.0,0.0,0.0,0.2,66.1,33.7
20141108160303,0.0,0.0,0.2,0.0,0.0,0.2,48.6,51.0
20141108160333,0.0,0.0,0.2,0.0,0.0,0.3,44.3,55.2
20141108160403,0.0,0.0,0.2,0.0,0.0,0.4,44.6,54.7
20141108160433,0.0,0.0,0.0,0.0,0.0,0.2,17.9,82.0
20141108160503,0.0,0.0,0.0,0.0,0.0,1.4,20.2,78.4
20141108160533,0.1,0.0,0.1,0.0,0.0,3.6,5.0,91.2
20141108160603,0.0,0.0,0.0,0.0,0.0,2.4,60.2,37.4
20141108160633,0.0,0.0,0.0,0.0,0.0,1.5,50.8,47.6
20141108160703,0.3,0.0,0.8,0.0,0.1,5.6,31.0,62.2
20141108160733,0.0,0.0,0.1,0.0,0.0,0.3,14.5,85.0
20141108160803,0.0,0.0,0.2,0.0,0.0,3.1,18.3,78.3
20141108160833,0.1,0.0,0.1,0.0,0.0,0.6,10.8,88.4
20141108160903,0.1,0.0,0.1,0.0,0.0,1.1,7.7,91.1
20141108160933,0.0,0.0,0.0,0.0,0.0,9.6,36.6,53.8
20141108161003,0.3,0.0,0.1,0.0,0.2,15.5,31.9,52.0
20141108161033,0.0,0.0,0.1,0.0,0.3,3.9,7.0,88.7
20141108161103,0.9,0.0,0.5,0.1,0.7,11.7,9.1,77.1
20141108161133,0.4,0.0,0.1,0.0,0.1,8.1,9.8,81.5
20141108161203,0.5,0.0,0.2,0.0,0.3,10.7,5.4,82.9
20141108161233,0.6,0.0,0.1,0.0,0.0,34.5,21.4,43.3
20141108161303,0.0,0.0,0.0,0.0,0.0,3.6,46.9,49.5
20141108161333,0.1,0.0,0.0,0.0,0.2,0.4,1.9,97.3
20141108161403,0.0,0.0,0.0,0.0,0.0,1.5,14.5,83.9
20141108161433,0.1,0.0,0.1,0.0,0.0,0.5,1.5,97.8
20141108161504,0.0,0.0,0.0,0.0,0.0,0.4,2.0,97.6
20141108161534,0.4,0.0,0.4,0.0,0.2,1.4,2.1,95.5
20141108161604,0.0,0.0,0.1,0.0,0.1,0.2,1.6,97.9
20141108161634,0.0,0.0,0.0,0.0,0.0,0.1,0.7,99.2
20141108161704,0.0,0.0,0.0,0.0,0.0,0.0,0.3,99.7
20141108161734,0.1,0.0,0.0,0.0,0.1,0.5,0.9,98.3
20141108161804,0.0,0.0,0.0,0.0,0.1,1.3,0.9,97.7
20141108161834,0.1,0.0,0.1,0.0,0.7,25.8,2.5,70.7
20141108161904,0.0,0.0,0.0,0.0,0.3,6.6,4.9,88.2
20141108161934,0.0,0.0,0.0,0.0,0.0,12.6,14.5,72.8
20141108162004,0.0,0.0,0.0,0.0,0.0,0.0,0.0,99.9
20141108162034,0.1,0.0,0.0,0.0,0.0,0.9,2.9,95.9
20141108162104,0.4,0.0,0.0,0.0,0.0,4.5,3.8,91.2
20141108162134,1.4,0.0,0.1,0.1,0.1,3.3,1.2,93.8
20141108162204,0.1,0.0,0.0,0.0,0.0,21.3,1.8,76.8
20141108162234,0.1,0.0,0.1,0.0,0.0,7.2,0.1,92.5
20141108162304,0.1,0.0,0.4,0.1,0.1,38.7,0.2,60.3
20141108162334,0.1,0.0,0.1,0.0,0.0,38.7,0.0,61.0
20141108162404,0.0,0.0,0.5,0.0,0.0,64.0,0.1,35.5
20141108162434,0.0,0.0,0.1,0.0,0.0,11.9,0.0,87.9
20141108162504,0.2,0.1,0.7,0.7,0.5,46.1,0.8,50.8
20141108162534,0.0,0.0,0.0,0.0,0.0,1.5,0.2,98.2
20141108162604,0.1,0.0,0.2,0.1,0.4,20.1,1.1,78.0
20141108162634,0.0,0.0,0.0,0.0,0.0,10.4,0.4,89.0
20141108162704,0.0,0.0,0.0,0.0,0.0,0.6,0.2,99.3
20141108162734,0.0,0.0,0.0,0.0,0.0,2.6,0.5,96.8
20141108162804,0.0,0.0,0.0,0.0,0.0,12.2,2.5,85.3
20141108162834,0.0,0.0,0.0,0.0,0.0,26.1,0.8,73.1
20141108162904,0.0,0.0,0.0,0.0,0.0,69.3,0.2,30.4
20141108162934,0.0,0.0,0.3,0.0,0.1,3.8,0.1,95.7
20141108163004,0.0,0.0,0.1,0.0,0.0,3.9,0.1,95.9
20141108163034,0.0,0.0,0.0,0.0,0.0,1.9,0.0,98.0
20141108163104,0.0,0.0,0.1,0.0,0.0,1.2,0.0,98.6
20141108163134,0.0,0.2,0.7,0.1,0.1,7.2,0.1,91.6
20141108163204,0.0,0.0,0.6,0.1,0.1,14.9,0.0,84.2
20141108163234,0.0,0.1,0.3,0.2,0.2,1.5,0.3,97.4
20141108163304,0.0,0.1,0.0,0.0,0.0,0.2,0.0,99.6
20141108163334,0.0,0.0,0.0,0.1,0.1,1.4,0.0,98.4
20141108163404,0.0,0.1,0.1,0.1,0.2,0.1,0.1,99.4
20141108163434,0.0,0.0,0.0,0.1,0.1,0.2,0.1,99.5
20141108163504,0.0,0.0,0.0,0.0,0.0,0.1,0.1,99.7
20141108163534,0.0,0.0,0.1,0.2,0.1,1.2,1.3,97.0
20141108163604,0.0,0.0,0.0,0.3,0.0,0.3,0.9,98.4
20141108163634,0.0,0.0,0.0,0.0,0.0,0.0,1.2,98.7
20141108163704,0.0,0.0,0.0,0.0,0.0,0.0,0.8,99.2
20141108163734,0.0,0.0,0.2,0.2,0.0,0.0,2.3,97.2
20141108163804,0.0,0.0,0.0,0.3,0.5,0.0,6.7,92.5
20141108163834,0.0,0.0,0.0,0.0,0.1,0.0,1.1,98.8
20141108163904,0.0,0.0,0.0,0.0,0.1,0.0,2.6,97.3
20141108163934,0.0,0.0,0.0,0.1,0.2,0.0,2.7,96.9
20141108164004,0.0,0.0,0.0,0.0,0.0,0.0,7.8,92.2
20141108164034,0.0,0.0,0.0,0.1,0.4,0.0,24.9,74.6
20141108164104,0.0,0.0,0.0,0.1,0.1,0.0,20.1,79.7
20141108164134,0.0,0.0,0.0,0.0,0.1,0.0,3.6,96.3
20141108164204,0.0,0.0,0.0,0.0,0.0,0.0,7.1,92.8
20141108164234,0.0,0.0,0.0,0.0,0.0,0.0,9.3,90.7
20141108164304,0.0,0.0,0.0,0.0,0.0,0.0,0.1,99.9
20141108164334,0.0,0.0,0.0,0.0,0.0,0.0,0.8,99.2
20141108164404,0.0,0.0,0.0,0.0,0.0,0.0,1.1,98.9
20141108164434,0.0,0.0,0.0,0.0,0.0,0.0,1.4,98.6
20141108164504,0.0,0.0,0.0,0.0,0.0,0.0,6.3,93.7
20141108164534,0.0,0.0,0.0,0.0,0.0,0.0,2.5,97.5
20141108164604,0.0,0.0,0.0,0.0,0.0,0.0,30.1,69.9
20141108164634,0.0,0.0,0.0,0.0,0.0,0.0,38.5,61.5
20141108164704,0.0,0.0,0.0,0.0,0.0,0.0,77.2,22.8
20141108164734,0.0,0.0,0.0,0.0,0.0,0.0,17.8,82.2
20141108164804,0.0,0.0,0.0,0.0,0.0,0.0,25.8,74.2
20141108164834,0.0,0.0,0.0,0.0,0.0,0.0,42.1,57.9
20141108164905,0.0,0.0,0.0,0.0,0.0,0.0,67.8,32.2
20141108164935,0.0,0.0,0.0,0.0,0.0,0.0,62.9,37.1
20141108165005,0.0,0.0,0.0,0.0,0.0,0.0,78.0,21.9
20141108165035,0.0,0.0,0.0,0.0,0.0,0.0,62.2,37.8
20141108165105,0.0,0.0,0.0,0.0,0.1,0.0,73.8,26.1
20141108165135,0.0,0.0,0.0,0.0,0.0,0.0,73.4,26.5
20141108165205,0.0,0.0,0.0,0.1,0.1,0.0,48.2,51.7
20141108165235,0.0,0.0,0.0,0.0,0.0,0.0,68.2,31.7
20141108165305,0.0,0.0,0.0,0.0,0.0,0.0,47.4,52.6
20141108165335,0.0,0.0,0.0,0.0,0.0,0.0,38.9,61.1
20141108165405,0.0,0.0,0.0,0.0,0.0,0.0,23.2,76.7
20141108165435,0.0,0.0,0.0,0.0,0.0,0.0,66.2,33.7
20141108165505,0.0,0.0,0.0,0.0,0.0,0.0,29.9,70.1
20141108165535,0.0,0.0,0.0,0.0,0.0,0.0,5.7,94.3
20141108165605,0.0,0.0,0.0,0.0,0.0,0.0,2.8,97.2
20141108165635,0.0,0.0,0.0,0.0,0.0,0.0,2.0,98.0
20141108165705,0.0,0.0,0.0,0.0,0.0,0.0,9.6,90.3
20141108165735,0.0,0.0,0.0,0.0,0.0,0.0,0.6,99.4
20141108165805,0.0,0.0,0.0,0.0,0.0,0.0,1.7,98.2
20141108165835,0.0,0.0,0.0,0.1,0.0,0.0,0.5,99.5
20141108165905,0.0,0.0,0.0,0.0,0.0,0.0,0.8,99.2
20141108165935,0.0,0.0,0.0,0.0,0.0,0.0,0.5,99.5
20141108170005,0.0,0.0,0.0,0.0,0.0,0.0,0.3,99.7
20141108170035,0.0,0.0,0.0,0.0,0.0,0.0,0.1,99.9
20141108170105,0.0,0.0,0.0,0.0,0.0,0.0,0.2,99.8
20141108170135,0.0,0.0,0.0,0.0,0.0,0.0,0.3,99.7
20141108170205,0.0,0.0,0.0,0.0,0.0,0.0,0.0,100.0
20141108170235,0.0,0.0,0.0,0.0,0.0,0.0,0.0,100.0
20141108170305,0.0,0.0,0.0,0.0,0.0,0.0,0.2,99.8
20141108170335,0.0,0.0,0.0,0.0,0.0,0.0,0.0,100.0
20141108170405,0.0,0.0,0.0,0.0,0.0,0.0,0.0,100.0
20141108170435,0.0,0.0,0.0,0.0,0.0,0.0,0.0,100.0
20141108170505,0.0,0.0,0.0,0.0,0.0,0.0,0.0,100.0
20141108170535,0.0,0.0,0.0,0.0,0.0,0.0,0.0,100.0
20141108170605,0.0,0.0,0.0,0.0,0.0,0.0,0.0,100.0
20141108170635,0.0,0.0,0.0,0.0,0.0,0.0,0.0,100.0
20141108170705,0.0,0.0,0.0,0.0,0.0,0.0,0.0,100.0
20141108170735,0.0,0.0,0.0,0.0,0.0,0.0,0.0,100.0
20141108170805,0.0,0.0,0.0,0.0,0.0,0.0,0.0,100.0
20141108170835,0.0,0.0,0.0,0.0,0.0,0.0,0.0,100.0
20141108170905,0.0,0.0,0.0,0.0,0.0,0.0,0.0,100.0
20141108170935,0.0,0.0,0.0,0.0,0.0,0.0,0.0,100.0
20141108171005,0.0,0.0,0.0,0.0,0.0,0.0,0.0,100.0
20141108171035,0.0,0.0,0.0,0.0,0.0,0.0,0.0,100.0
20141108171105,0.0,0.0,0.0,0.0,0.0,0.0,0.0,100.0
20141108171135,0.0,0.0,0.0,0.0,0.0,0.0,0.0,100.0
20141108171205,0.0,0.0,0.0,0.0,0.0,0.0,0.0,100.0
20141108171235,0.0,0.0,0.0,0.0,0.0,0.0,0.0,100.0
20141108171305,0.0,0.0,0.0,0.0,0.0,0.0,0.0,100.0
20141108171335,0.0,0.0,0.0,0.0,0.0,0.0,0.0,100.0
20141108171405,0.0,0.0,0.0,0.0,0.0,0.0,0.0,100.0
20141108171435,0.0,0.0,0.0,0.0,0.0,0.0,0.0,100.0
20141108171505,0.0,0.0,0.0,0.0,0.0,0.0,0.0,100.0
20141108171535,0.0,0.0,0.0,0.0,0.0,0.0,0.0,100.0
20141108171605,0.0,0.0,0.0,0.0,0.0,0.0,0.0,100.0
20141108171636,0.0,0.0,0.0,0.0,0.0,0.0,0.0,100.0
20141108171706,0.0,0.0,0.0,0.0,0.0,0.0,0.0,100.0
20141108171736,0.0,0.0,0.0,0.0,0.0,0.0,0.1,99.9
20141108171806,0.0,0.0,0.0,0.0,0.0,0.0,0.0,100.0
20141108171836,0.0,0.0,0.0,0.0,0.0,0.0,0.0,100.0
20141108171906,0.0,0.0,0.0,0.0,0.0,0.0,0.0,99.9
20141108171936,0.0,0.0,0.0,0.0,0.0,0.0,0.0,100.0
20141108172006,0.0,0.0,0.0,0.0,0.0,0.0,0.0,100.0
20141108172036,0.0,0.0,0.0,0.0,0.0,0.0,0.0,100.0
20141108172106,0.0,0.0,0.0,0.0,0.0,0.0,0.0,100.0
20141108172136,0.0,0.0,0.0,0.0,0.0,0.0,0.0,100.0
20141108172206,0.0,0.0,0.0,0.0,0.0,0.0,0.0,100.0
20141108172236,0.0,0.0,0.0,0.0,0.0,0.0,0.0,100.0
20141108172306,0.0,0.0,0.0,0.0,0.0,0.0,0.0,100.0
20141108172336,0.0,0.0,0.0,0.0,0.0,0.0,0.0,100.0
20141108172406,0.0,0.0,0.0,0.0,0.0,0.0,0.0,100.0
20141108172436,0.0,0.0,0.0,0.0,0.0,0.0,0.0,100.0
20141108172506,0.0,0.0,0.0,0.0,0.0,0.0,0.0,100.0
20141108172536,0.0,0.0,0.0,0.0,0.0,0.0,0.0,100.0
20141108172606,0.0,0.0,0.0,0.0,0.0,0.0,0.0,100.0
20141108172636,0.0,0.0,0.0,0.0,0.0,0.0,0.0,100.0
20141108172706,0.0,0.0,0.0,0.0,0.0,0.0,0.0,100.0
20141108172736,0.0,0.0,0.0,0.0,0.0,0.0,0.0,99.9
20141108172806,0.0,0.0,0.0,0.0,0.0,0.0,0.6,99.4
20141108172836,0.0,0.0,0.0,0.0,0.1,0.0,0.1,99.9
20141108172906,0.0,0.0,0.0,0.0,0.1,0.0,0.5,99.4
20141108172936,0.0,0.0,0.0,0.0,0.0,0.0,0.1,99.9
20141108173006,0.0,0.0,0.0,0.0,0.1,0.0,0.1,99.8
20141108173036,0.0,0.0,0.0,0.0,0.1,0.0,0.6,99.3
20141108173106,0.0,0.0,0.0,0.0,0.2,0.0,0.0,99.8
20141108173136,0.0,0.0,0.0,0.0,0.0,0.0,0.0,100.0
20141108173206,0.0,0.0,0.0,0.0,0.1,0.0,0.0,99.9
20141108173236,0.0,0.0,0.0,0.0,0.0,0.0,0.0,100.0
20141108173306,0.0,0.0,0.0,0.0,0.0,0.0,0.0,100.0
20141108173336,0.0,0.0,0.0,0.0,0.2,0.0,0.3,99.4
20141108173406,0.0,0.0,0.0,0.0,0.2,0.0,0.0,99.7
20141108173436,0.0,0.0,0.0,0.0,0.3,0.0,0.4,99.3
20141108173506,0.0,0.0,0.0,0.0,0.1,0.0,0.0,99.9
20141108173536,0.0,0.0,0.0,0.0,0.2,0.0,0.1,99.7
20141108173606,0.0,0.0,0.0,0.0,0.0,0.0,0.0,100.0
20141108173636,0.0,0.0,0.0,0.0,0.0,0.0,0.0,100.0
20141108173706,0.0,0.0,0.0,0.0,0.0,0.0,0.0,100.0
20141108173736,0.0,0.0,0.0,0.0,0.0,0.0,0.0,100.0
20141108173806,0.0,0.0,0.0,0.0,0.0,0.0,0.0,100.0
20141108173836,0.0,0.0,0.0,0.0,0.0,0.0,0.0,100.0
20141108173906,0.0,0.0,0.0,0.0,0.0,0.0,0.0,100.0
20141108173936,0.0,0.0,0.0,0.0,0.0,0.0,0.0,100.0
20141108174006,0.0,0.0,0.0,0.0,0.0,0.0,0.0,100.0
20141108174036,0.0,0.0,0.0,0.0,0.0,0.0,0.0,100.0
20141108174106,0.0,0.0,0.0,0.0,0.0,0.0,0.0,100.0
20141108174136,0.0,0.0,0.0,0.0,0.0,0.0,0.0,100.0
20141108174206,0.0,0.0,0.0,0.0,0.0,0.0,0.0,100.0
20141108174236,0.0,0.0,0.0,0.0,0.0,0.0,0.0,100.0
20141108174306,0.0,0.0,0.0,0.0,0.0,0.0,0.0,100.0
20141108174336,0.0,0.0,0.0,0.0,0.0,0.0,0.0,100.0
20141108174406,0.0,0.0,0.0,0.0,0.0,0.0,0.0,100.0
20141108174436,0.0,0.0,0.0,0.0,0.0,0.0,0.0,100.0
20141108174506,0.0,0.0,0.0,0.0,0.0,0.0,0.0,100.0
20141108174536,0.0,0.0,0.0,0.0,0.0,0.0,0.0,100.0
20141108174606,0.0,0.0,0.0,0.0,0.0,0.0,0.0,100.0
20141108174636,0.0,0.0,0.0,0.0,0.0,0.0,0.0,100.0
20141108174706,0.0,0.0,0.0,0.0,0.0,0.0,0.0,100.0
20141108174736,0.0,0.0,0.0,0.0,0.0,0.0,0.0,100.0
20141108174806,0.0,0.0,0.0,0.0,0.0,0.0,0.0,100.0
20141108174836,0.0,0.0,0.0,0.0,0.0,0.0,0.0,100.0
20141108174906,0.0,0.0,0.0,0.0,0.0,0.0,0.0,100.0
20141108174936,0.0,0.0,0.0,0.0,0.0,0.0,0.0,100.0
20141108175006,0.0,0.0,0.0,0.0,0.0,0.0,0.0,100.0
20141108175037,0.0,0.0,0.0,0.0,0.0,0.0,0.0,100.0
20141108175107,0.0,0.0,0.0,0.0,0.0,0.0,0.0,100.0
20141108175137,0.0,0.0,0.0,0.0,0.0,0.0,0.0,100.0
20141108175207,0.0,0.0,0.0,0.0,0.0,0.0,0.0,100.0
20141108175237,0.0,0.0,0.0,0.0,0.0,0.0,0.0,100.0
20141108175307,0.0,0.0,0.0,0.0,0.0,0.0,0.0,100.0
20141108175337,0.0,0.0,0.0,0.0,0.0,0.0,0.0,100.0
20141108175407,0.0,0.0,0.0,0.0,0.0,0.0,0.0,100.0
20141108175437,0.0,0.0,0.0,0.0,0.0,0.0,0.0,100.0
20141108175507,0.0,0.0,0.0,0.0,0.0,0.0,0.0,100.0
20141108175537,0.0,0.0,0.0,0.0,0.0,0.0,0.0,100.0
20141108175607,0.0,0.0,0.0,0.0,0.0,0.0,0.0,100.0
20141108175637,0.0,0.0,0.0,0.0,0.0,0.0,0.0,100.0
20141108175707,0.0,0.0,0.0,0.0,0.0,0.0,0.0,100.0
20141108175737,0.0,0.0,0.0,0.0,0.0,0.0,0.0,100.0
20141108175807,0.0,0.0,0.0,0.0,0.0,0.0,0.0,100.0
20141108175837,0.0,0.0,0.0,0.0,0.0,0.0,0.0,100.0
20141108175907,0.0,0.0,0.0,0.0,0.0,0.0,0.0,100.0
20141108175937,0.0,0.0,0.0,0.0,0.4,0.0,0.0,99.6
20141108180007,0.0,0.0,0.0,0.0,0.6,0.0,0.0,99.4
20141108180037,0.0,0.0,0.0,0.0,5.9,0.0,0.0,94.1
20141108180107,0.0,0.0,0.0,0.0,2.6,0.0,0.0,97.4
20141108180137,0.0,0.0,0.0,0.0,4.9,0.0,0.0,95.1
20141108180207,0.0,0.0,0.0,0.0,7.6,0.0,0.0,92.4
20141108180237,0.0,0.0,0.0,0.0,3.9,0.0,0.0,96.1
20141108180307,0.0,0.0,0.0,0.0,1.6,0.0,0.0,98.4
20141108180337,0.0,0.0,0.0,0.0,0.3,0.0,0.0,99.7
20141108180407,0.0,0.0,0.0,0.0,0.1,0.0,0.0,99.9
20141108180437,0.0,0.0,0.0,0.0,10.2,0.0,0.0,89.8
20141108180507,0.0,0.0,0.0,0.0,10.3,0.0,0.0,89.7
20141108180537,0.0,0.0,0.0,0.0,5.2,0.0,0.0,94.8
20141108180607,0.0,0.0,0.0,0.0,6.4,0.0,0.0,93.6
20141108180637,0.0,0.0,0.0,0.0,1.0,0.0,0.0,99.0
20141108180707,0.0,0.0,0.0,0.0,1.4,0.0,0.0,98.6
20141108180737,0.0,0.0,0.0,0.0,0.1,0.0,0.0,99.9
20141108180807,0.0,0.0,0.0,0.0,0.0,0.0,0.0,100.0
20141108180837,0.0,0.0,0.0,0.0,0.0,0.0,0.0,100.0
20141108180907,0.0,0.0,0.0,0.0,0.4,0.0,0.0,99.6
20141108180937,0.0,0.0,0.0,0.0,0.2,0.0,0.0,99.8
20141108181007,0.0,0.0,0.0,0.0,0.8,0.0,0.0,99.2
20141108181037,0.0,0.0,0.0,0.0,1.6,0.0,0.0,98.4
20141108181107,0.0,0.0,0.0,0.0,6.6,0.0,0.0,93.4
20141108181137,0.0,0.0,0.0,0.0,0.4,0.0,0.0,99.6
20141108181207,0.0,0.0,0.0,0.0,5.3,0.0,0.0,94.7
20141108181237,0.0,0.0,0.0,0.0,0.6,0.0,0.0,99.4
20141108181307,0.0,0.0,0.0,0.0,0.1,0.0,0.0,99.9
20141108181337,0.0,0.0,0.0,0.0,0.4,0.0,0.0,99.6
20141108181407,0.0,0.0,0.0,0.0,0.6,0.0,0.0,99.4
20141108181437,0.0,0.0,0.0,0.0,3.5,0.0,0.0,96.5
20141108181507,0.0,0.0,0.0,0.0,27.9,0.0,0.0,72.1
20141108181537,0.0,0.0,0.0,0.0,34.2,0.0,0.0,65.8
20141108181607,0.0,0.0,0.0,0.0,2.3,0.0,0.0,97.7
20141108181637,0.0,0.0,0.0,0.0,74.1,0.0,0.0,25.8
20141108181707,0.0,0.0,0.0,0.0,91.9,0.0,0.0,8.1
20141108181737,0.0,0.0,0.0,0.0,59.4,0.0,0.0,40.5
20141108181807,0.0,0.0,0.0,0.0,12.8,0.0,0.0,87.2
20141108181837,0.0,0.0,0.0,0.0,0.4,0.0,0.0,99.6
20141108181907,0.0,0.0,0.0,0.0,0.9,0.0,0.0,99.1
20141108181937,0.0,0.0,0.0,0.0,0.1,0.0,0.0,99.9
20141108182007,0.0,0.0,0.0,0.0,0.1,0.0,0.0,99.9
20141108182037,0.0,0.0,0.0,0.0,0.0,0.0,0.0,100.0
20141108182107,0.0,0.0,0.0,0.0,0.1,0.0,0.0,99.9
20141108182137,0.0,0.0,0.0,0.0,0.5,0.0,0.0,99.5
20141108182207,0.0,0.0,0.0,0.0,0.2,0.0,0.0,99.8
20141108182237,0.0,0.0,0.0,0.0,0.1,0.0,0.0,99.9
20141108182307,0.0,0.0,0.0,0.0,0.0,0.0,0.0,100.0
20141108182337,0.0,0.0,0.0,0.0,0.1,0.0,0.0,99.9
20141108182407,0.0,0.0,0.0,0.0,0.0,0.0,0.0,100.0
20141108182437,0.0,0.0,0.0,0.0,0.0,0.0,0.0,100.0
20141108182507,0.0,0.0,0.0,0.0,0.0,0.0,0.0,100.0
20141108182538,0.0,0.0,0.0,0.0,5.1,0.0,0.0,94.8
20141108182608,0.0,0.0,0.0,0.0,1.7,0.0,0.0,98.3
20141108182638,0.0,0.0,0.0,0.0,1.2,0.0,0.0,98.8
20141108182708,0.0,0.0,0.0,0.0,3.6,0.0,0.0,96.4
20141108182738,0.0,0.0,0.0,0.4,31.5,0.0,0.0,68.1
20141108182808,0.0,0.0,0.0,0.0,4.0,0.0,0.0,95.9
20141108182838,0.0,0.0,0.0,0.0,5.9,0.0,0.0,94.1
20141108182908,0.0,0.0,0.0,0.0,5.0,0.0,0.0,95.0
20141108182938,0.0,0.0,0.0,0.0,4.7,0.0,0.0,95.3
20141108183008,0.0,0.0,0.0,0.0,6.7,0.0,0.0,93.3
20141108183038,0.0,0.0,0.0,0.0,89.0,0.0,0.0,11.0
20141108183108,0.0,0.0,0.0,0.2,94.9,0.0,0.0,4.9
20141108183138,0.0,0.0,0.0,0.0,90.7,0.0,0.0,9.2
20141108183208,0.0,0.0,0.0,0.1,85.3,0.0,0.0,14.6
20141108183238,0.0,0.0,0.0,0.1,41.9,0.0,0.0,58.0
20141108183308,0.0,0.0,0.0,0.2,34.2,0.0,0.0,65.6
20141108183338,0.0,0.0,0.0,0.1,2.8,0.0,0.0,97.1
20141108183408,0.0,0.0,0.0,0.0,0.3,0.0,0.0,99.7
20141108183438,0.0,0.0,0.0,0.0,0.7,0.0,0.0,99.3
20141108183508,0.0,0.0,0.0,0.0,0.2,0.0,0.0,99.8
20141108183538,0.0,0.0,0.0,0.0,0.0,0.0,0.0,100.0
20141108183608,0.0,0.0,0.0,0.0,0.0,0.0,0.0,100.0
20141108183638,0.0,0.0,0.0,0.0,0.0,0.0,0.0,100.0
20141108183708,0.0,0.0,0.0,0.0,0.0,0.0,0.0,100.0
20141108183738,0.0,0.0,0.0,0.0,1.5,0.0,0.2,98.3
20141108183808,0.0,0.0,0.0,0.0,0.0,0.0,0.0,100.0
20141108183838,0.0,0.0,0.0,0.0,0.0,0.0,0.0,100.0
20141108183908,0.0,0.0,0.0,0.0,0.0,0.0,0.0,100.0
20141108183938,0.0,0.0,0.0,0.0,0.1,0.0,0.0,99.9
20141108184008,0.0,0.0,0.0,0.0,0.0,0.0,0.0,100.0
20141108184038,0.0,0.0,0.0,0.0,0.0,0.0,0.0,100.0
20141108184108,0.0,0.0,0.0,0.0,0.0,0.0,0.1,99.9
20141108184138,0.0,0.0,0.0,0.0,0.0,0.0,0.1,99.9
20141108184208,0.0,0.0,0.0,0.0,0.0,0.0,0.1,99.9
20141108184238,0.0,0.0,0.0,0.0,0.0,0.0,0.0,100.0
20141108184308,0.0,0.0,0.0,0.0,0.1,0.0,0.1,99.9
20141108184338,0.0,0.0,0.0,0.0,0.0,0.0,0.2,99.8
20141108184408,0.0,0.0,0.0,0.0,0.0,0.0,0.7,99.3
20141108184438,0.0,0.0,0.0,0.0,0.0,0.0,0.1,99.9
20141108184508,0.0,0.0,0.0,0.0,0.0,0.0,0.7,99.2
20141108184538,0.0,0.0,0.0,0.0,0.0,0.0,0.1,99.9
20141108184608,0.0,0.0,0.0,0.0,0.0,0.0,0.0,100.0
20141108184638,0.0,0.0,0.0,0.0,0.0,0.0,1.7,98.2
20141108184708,0.0,0.0,0.0,0.0,0.0,0.0,1.5,98.5
20141108184738,0.0,0.0,0.0,0.0,0.0,0.0,0.8,99.2
20141108184808,0.0,0.0,0.0,0.0,0.0,0.0,2.8,97.2
20141108184838,0.0,0.0,0.0,0.0,0.0,0.0,5.5,94.5
20141108184908,0.0,0.0,0.0,0.0,0.0,0.0,11.8,88.2
20141108184938,0.0,0.0,0.0,0.0,0.0,0.0,23.0,77.0
20141108185008,0.0,0.0,0.0,0.0,0.0,0.0,11.5,88.4
20141108185038,0.0,0.0,0.0,0.0,0.0,0.0,9.9,90.1
20141108185108,0.0,0.0,0.0,0.0,0.0,0.0,5.5,94.4
20141108185138,0.0,0.0,0.0,0.0,0.0,0.0,13.1,86.9
20141108185208,0.0,0.0,0.0,0.0,0.0,0.0,6.0,94.0
20141108185238,0.0,0.0,0.0,0.0,0.0,0.0,16.2,83.8
20141108185308,0.0,0.0,0.0,0.0,0.0,0.0,3.3,96.7
20141108185338,0.0,0.0,0.0,0.0,0.0,0.0,1.2,98.8
20141108185408,0.0,0.0,0.0,0.6,20.7,0.0,0.5,78.2
20141108185438,0.0,0.0,0.0,0.1,2.2,0.0,66.3,31.5
20141108185508,0.0,0.0,0.0,0.8,55.5,0.0,5.0,38.7
20141108185538,0.0,0.0,0.0,1.2,91.8,0.0,0.9,6.1
20141108185608,0.1,0.0,0.0,6.0,83.3,0.0,0.9,9.8
20141108185638,0.0,0.0,0.0,2.9,19.0,0.0,7.6,70.5
20141108185709,0.0,0.0,0.0,0.6,4.2,0.0,1.3,93.8
20141108185739,0.0,0.0,0.0,0.4,6.5,0.0,0.4,92.7
20141108185809,0.1,0.0,0.0,0.7,12.1,0.1,48.8,38.2
20141108185839,0.0,0.0,0.0,0.4,3.3,0.0,17.4,78.9
20141108185909,0.0,0.0,0.0,0.1,0.2,0.0,23.4,76.3
20141108185939,0.0,0.0,0.0,0.1,1.0,0.0,43.3,55.6
20141108190009,0.0,0.0,0.0,0.0,3.2,0.0,37.7,59.1
20141108190039,0.0,0.0,0.0,0.6,6.5,0.0,3.5,89.3
20141108190109,0.0,0.1,0.0,3.2,23.2,0.0,0.9,72.6
20141108190139,0.0,0.0,0.0,0.5,99.4,0.0,0.0,0.0
20141108190209,0.0,0.0,0.0,0.2,99.7,0.0,0.0,0.0
20141108190239,0.6,0.8,0.0,8.2,90.4,0.0,0.0,0.0
20141108190309,0.0,0.0,0.0,0.5,99.5,0.0,0.0,0.0
20141108190339,0.1,0.1,0.0,1.0,98.8,0.0,0.0,0.0
20141108190409,0.0,0.1,0.0,15.9,84.0,0.0,0.0,0.0
20141108190439,0.0,0.1,0.0,6.1,93.7,0.0,0.0,0.1
20141108190509,0.1,0.0,0.0,2.9,97.0,0.0,0.0,0.0
20141108190539,0.1,0.0,0.0,3.7,96.2,0.0,0.0,0.0
20141108190609,0.0,0.0,0.0,5.9,94.0,0.0,0.0,0.0
20141108190639,0.0,0.0,0.0,1.2,98.8,0.0,0.0,0.0
20141108190709,0.0,0.1,0.0,1.0,98.9,0.0,0.0,0.0
20141108190739,0.0,0.1,0.0,34.3,65.5,0.0,0.0,0.1
20141108190809,0.0,0.1,0.0,6.1,93.5,0.0,0.0,0.3
20141108190839,0.1,0.0,0.0,14.9,56.4,0.0,0.6,27.9
20141108190909,0.0,0.0,0.0,0.1,1.8,0.0,4.2,93.9
20141108190939,0.0,0.0,0.0,0.0,0.8,0.0,57.1,42.1
20141108191009,0.0,0.0,0.0,0.1,18.4,0.0,34.6,46.9
20141108191039,0.0,0.0,0.0,0.0,0.1,0.0,18.5,81.4
20141108191109,0.0,0.0,0.0,0.0,0.2,0.0,7.2,92.5
20141108191139,0.0,0.0,0.0,0.0,0.0,0.0,9.1,90.9
20141108191209,0.0,0.0,0.0,0.0,0.1,0.0,2.4,97.5
20141108191239,0.0,0.0,0.0,0.1,0.9,0.0,8.4,90.6
20141108191309,0.0,0.0,0.0,0.0,0.6,0.0,21.1,78.2
20141108191339,0.0,0.0,0.0,0.0,0.6,0.0,0.8,98.5
20141108191409,0.0,0.0,0.0,0.4,6.0,0.0,1.3,92.3
20141108191439,0.0,0.0,0.0,0.2,5.1,0.0,0.5,94.2
20141108191509,0.0,0.0,0.0,0.0,2.6,0.0,0.4,97.0
20141108191539,0.0,0.0,0.0,0.0,0.4,0.0,3.0,96.6
20141108191609,0.0,0.0,0.0,0.0,0.0,0.0,1.7,98.3
20141108191639,0.0,0.0,0.0,0.0,0.2,0.0,47.4,52.5
20141108191709,0.0,0.0,0.0,0.0,0.0,0.0,5.0,94.9
20141108191739,0.0,0.0,0.0,0.0,0.2,0.0,1.1,98.7
20141108191809,0.0,0.0,0.0,1.1,3.2,0.0,3.8,91.9
20141108191839,0.0,0.0,0.0,0.0,0.2,0.0,2.8,97.0
20141108191909,0.0,0.0,0.0,0.0,0.2,0.0,7.3,92.4
20141108191939,0.0,0.0,0.0,0.1,4.6,0.0,1.3,94.0
20141108192009,0.0,0.0,0.0,0.1,1.7,0.0,3.1,95.2
20141108192039,0.0,0.0,0.0,0.1,0.6,0.0,12.9,86.4
20141108192109,0.1,0.0,0.0,1.0,30.3,0.0,12.1,56.4
20141108192139,0.0,0.0,0.0,0.1,1.5,0.0,5.2,93.2
20141108192209,0.0,0.0,0.0,0.1,1.0,0.0,7.3,91.7
20141108192239,0.0,0.0,0.0,0.0,0.5,0.0,19.6,79.9
20141108192309,0.0,0.0,0.0,0.0,0.0,0.0,2.3,97.7
20141108192339,0.0,0.0,0.0,0.0,0.1,0.0,26.8,73.2
20141108192409,0.0,0.0,0.0,0.0,0.0,0.0,4.2,95.7
20141108192439,0.0,0.0,0.0,0.0,0.2,0.0,7.6,92.1
20141108192509,0.0,0.0,0.0,0.0,0.1,0.0,10.3,89.6
20141108192539,0.0,0.0,0.0,0.0,0.0,0.0,25.6,74.4
20141108192609,0.0,0.0,0.0,0.0,0.0,0.0,8.5,91.5
20141108192639,0.0,0.0,0.0,0.0,0.1,0.0,3.4,96.4
20141108192710,0.0,0.0,0.0,0.0,0.0,0.0,9.8,90.1
20141108192740,0.0,0.0,0.0,0.1,0.4,0.0,2.4,97.2
20141108192810,0.0,0.0,0.0,0.6,0.6,0.0,31.9,66.9
20141108192840,0.0,0.0,0.0,0.0,0.1,0.0,42.4,57.5
20141108192910,0.0,0.0,0.0,0.0,0.1,0.0,24.4,75.5
20141108192940,0.0,0.0,0.0,0.0,0.1,0.0,5.2,94.6
20141108193010,0.0,0.0,0.0,0.0,0.3,0.0,4.6,95.1
20141108193040,0.0,0.0,0.0,0.1,0.1,0.0,10.6,89.2
20141108193110,0.0,0.0,0.0,0.0,0.7,0.0,15.8,83.4
20141108193140,0.0,0.0,0.0,0.0,0.7,0.0,19.4,79.9
20141108193210,0.0,0.0,0.0,0.1,4.0,0.0,60.5,35.5
20141108193240,0.0,0.0,0.0,0.0,0.3,0.0,76.9,22.8
20141108193310,0.0,0.0,0.0,0.3,6.0,0.0,53.4,40.4
20141108193340,0.0,0.0,0.0,0.2,4.4,0.0,49.7,45.7
20141108193410,0.0,0.0,0.0,0.1,8.2,0.0,63.4,28.3
20141108193440,0.0,0.0,0.0,0.0,0.0,0.0,96.5,3.5
20141108193510,0.0,0.0,0.0,0.0,0.0,0.0,84.8,15.2
20141108193540,0.0,0.0,0.0,0.0,0.2,0.0,73.8,26.0
20141108193610,0.0,0.0,0.0,0.0,0.0,0.0,87.5,12.4
20141108193640,0.0,0.0,0.0,0.0,0.0,0.0,89.7,10.3
20141108193710,0.0,0.0,0.0,0.0,0.0,0.0,82.6,17.4
20141108193740,0.0,0.0,0.0,0.0,0.0,0.0,90.9,9.0
20141108193810,0.0,0.0,0.0,0.0,0.1,0.0,76.4,23.5
20141108193840,0.0,0.0,0.0,0.0,0.3,0.0,39.9,59.9
20141108193910,0.0,0.0,0.0,0.0,0.4,0.0,53.2,46.4
20141108193940,0.0,0.0,0.0,0.0,0.0,0.0,95.8,4.2
20141108194010,0.0,0.0,0.0,0.0,0.0,0.0,93.9,6.1
20141108194040,0.0,0.0,0.0,0.0,0.0,0.0,89.3,10.7
20141108194110,0.0,0.0,0.0,0.0,0.0,0.0,84.5,15.5
20141108194140,0.0,0.0,0.0,0.0,0.1,0.0,75.1,24.8
20141108194210,0.0,0.0,0.0,0.0,0.0,0.0,96.3,3.7
20141108194240,0.0,0.0,0.0,0.0,0.0,0.0,97.3,2.7
20141108194310,0.0,0.0,0.0,0.0,0.0,0.0,91.1,8.9
20141108194340,0.0,0.0,0.0,0.0,0.0,0.0,91.4,8.6
20141108194410,0.0,0.0,0.0,0.0,0.0,0.0,81.7,18.3
20141108194440,0.0,0.0,0.0,0.0,0.0,0.0,89.7,10.3
20141108194510,0.0,0.0,0.0,0.0,0.0,0.0,91.7,8.3
20141108194540,0.0,0.0,0.0,0.0,0.0,0.0,97.7,2.3
20141108194610,0.0,0.0,0.0,0.0,0.0,0.0,96.7,3.3
20141108194640,0.0,0.0,0.0,0.0,0.0,0.0,86.2,13.8
20141108194710,0.0,0.0,0.0,0.0,0.0,0.0,91.9,8.1
20141108194740,0.0,0.0,0.0,0.0,0.0,0.0,90.7,9.3
20141108194810,0.0,0.0,0.0,0.0,0.0,0.0,91.8,8.2
20141108194840,0.0,0.0,0.0,0.0,0.0,0.0,97.5,2.5
20141108194910,0.0,0.0,0.0,0.0,0.0,0.0,97.0,3.0
20141108194940,0.0,0.0,0.0,0.0,0.0,0.0,99.6,0.4
20141108195010,0.0,0.0,0.0,0.0,0.0,0.0,88.3,11.7
20141108195040,0.0,0.0,0.0,0.0,0.0,0.0,97.7,2.3
20141108195110,0.0,0.0,0.0,0.0,0.0,0.0,99.3,0.7
20141108195140,0.0,0.0,0.0,0.0,0.0,0.0,99.8,0.2
20141108195210,0.0,0.0,0.0,0.0,0.0,0.0,99.9,0.1
20141108195240,0.0,0.0,0.0,0.0,0.0,0.0,99.8,0.2
20141108195310,0.0,0.0,0.0,0.0,0.0,0.0,99.9,0.1
20141108195340,0.0,0.0,0.0,0.0,0.0,0.0,99.9,0.1
20141108195410,0.0,0.0,0.0,0.0,0.0,0.0,99.6,0.4
20141108195440,0.0,0.0,0.0,0.0,0.0,0.0,99.8,0.2
20141108195510,0.0,0.0,0.0,0.0,0.0,0.0,99.5,0.5
20141108195540,0.0,0.0,0.0,0.0,0.0,0.0,98.4,1.6
20141108195610,0.0,0.0,0.0,0.0,0.0,0.0,98.9,1.1
20141108195640,0.0,0.0,0.0,0.0,0.1,0.0,98.9,1.0
20141108195710,0.0,0.0,0.0,0.0,0.0,0.0,99.8,0.2
20141108195740,0.0,0.0,0.0,0.0,0.0,0.0,99.1,0.9
20141108195810,0.0,0.0,0.0,0.0,0.0,0.0,99.9,0.1
20141108195840,0.0,0.0,0.0,0.0,0.0,0.0,99.8,0.2
20141108195910,0.0,0.0,0.0,0.0,0.0,0.0,99.9,0.1
20141108195940,0.0,0.0,0.0,0.0,0.0,0.0,99.8,0.2
20141108200010,0.0,0.0,0.0,0.0,0.0,0.0,99.9,0.1
20141108200040,0.0,0.0,0.0,0.0,0.0,0.0,100.0,0.0
20141108200111,0.0,0.0,0.0,0.0,0.0,0.0,100.0,0.0
20141108200141,0.0,0.0,0.0,0.0,0.0,0.0,100.0,0.0
20141108200211,0.0,0.0,0.0,0.0,0.0,0.0,99.9,0.1
20141108200241,0.0,0.0,0.0,0.0,0.0,0.0,100.0,0.0
20141108200311,0.0,0.0,0.0,0.0,0.0,0.0,100.0,0.0
20141108200341,0.0,0.0,0.0,0.0,0.0,0.0,100.0,0.0
20141108200411,0.0,0.0,0.0,0.0,0.0,0.0,100.0,0.0
20141108200441,0.0,0.0,0.0,0.0,0.0,0.0,99.9,0.1
20141108200511,0.0,0.0,0.0,0.0,0.0,0.0,100.0,0.0
20141108200541,0.0,0.0,0.0,0.0,0.0,0.0,100.0,0.0
20141108200611,0.0,0.0,0.0,0.0,0.0,0.0,99.9,0.1
20141108200641,0.0,0.0,0.0,0.0,0.0,0.0,99.9,0.1
20141108200711,0.0,0.0,0.0,0.0,0.0,0.0,99.9,0.1
20141108200741,0.0,0.0,0.0,0.0,0.0,0.0,100.0,0.0
20141108200811,0.0,0.0,0.0,0.0,0.0,0.0,99.9,0.1
20141108200841,0.0,0.0,0.0,0.0,0.0,0.0,99.9,0.1
20141108200911,0.0,0.0,0.0,0.0,0.0,0.0,99.9,0.1
20141108200941,0.0,0.0,0.0,0.0,0.0,0.0,99.3,0.7
20141108201011,0.0,0.0,0.0,0.0,0.0,0.0,99.9,0.1
20141108201041,0.0,0.0,0.0,0.0,0.0,0.0,99.8,0.2
20141108201111,0.0,0.0,0.0,0.0,0.0,0.0,99.9,0.1
20141108201141,0.0,0.0,0.0,0.0,0.0,0.0,99.7,0.3
20141108201211,0.0,0.0,0.0,0.0,0.0,0.0,98.6,1.3
20141108201241,0.0,0.0,0.0,0.0,0.1,0.0,90.0,9.9
20141108201311,0.0,0.0,0.0,0.0,0.1,0.0,97.3,2.6
20141108201341,0.0,0.0,0.0,0.0,0.0,0.0,97.6,2.4
20141108201411,0.0,0.0,0.0,0.0,0.1,0.0,96.6,3.3
20141108201441,0.0,0.0,0.0,0.0,0.1,0.0,98.1,1.8
20141108201511,0.0,0.0,0.1,0.0,6.3,0.0,90.9,2.7
20141108201541,0.0,0.0,0.2,2.6,95.9,0.0,1.2,0.2
20141108201611,0.0,0.0,0.1,3.0,95.6,0.0,1.2,0.1
20141108201641,0.0,0.0,0.1,1.9,79.2,0.0,18.6,0.3
20141108201711,0.0,0.0,0.1,3.3,75.3,0.0,21.0,0.3
20141108201741,0.0,0.0,0.0,1.4,49.3,0.0,48.5,0.7
20141108201811,0.0,0.0,0.0,1.2,14.5,0.0,83.9,0.4
20141108201841,0.0,0.0,0.0,2.0,27.2,0.0,66.2,4.6
20141108201911,0.0,0.0,0.0,0.4,52.3,0.0,44.2,3.0
20141108201941,0.0,0.0,0.0,1.5,61.8,0.0,20.3,16.4
20141108202011,0.0,0.0,0.0,0.6,9.9,0.0,70.0,19.5
20141108202041,0.0,0.0,0.0,1.1,0.8,0.0,37.2,60.9
20141108202111,0.0,0.0,0.0,0.1,2.7,0.0,55.6,41.6
20141108202141,0.0,0.0,0.0,0.0,0.1,0.0,89.0,10.9
20141108202211,0.0,0.0,0.0,0.3,0.2,0.0,74.2,25.3
20141108202241,0.0,0.0,0.0,0.0,0.1,0.0,96.4,3.4
20141108202311,0.0,0.0,0.0,0.1,0.3,0.0,85.0,14.6
20141108202341,0.0,0.0,0.0,0.0,0.1,0.0,90.0,9.8
20141108202411,0.0,0.0,0.0,0.2,0.5,0.0,73.1,26.2
20141108202441,0.0,0.0,0.0,4.8,14.2,0.0,69.6,11.4
20141108202511,0.0,0.0,0.0,1.4,51.0,0.0,42.3,5.4
20141108202541,0.0,0.0,0.0,13.4,74.4,0.0,8.6,3.6
20141108202611,0.0,0.0,0.0,1.4,84.1,0.0,11.4,3.2
20141108202641,0.0,0.0,0.0,2.7,93.0,0.0,2.5,1.7
20141108202711,0.0,0.0,0.0,8.8,15.1,0.0,74.0,2.1
20141108202741,0.0,0.0,0.0,1.4,14.0,0.0,83.7,1.0
20141108202811,0.0,0.0,0.0,0.0,0.4,0.0,99.1,0.5
20141108202841,0.0,0.0,0.0,0.0,0.9,0.0,98.2,0.9
20141108202911,0.0,0.0,0.0,0.0,0.3,0.0,99.0,0.7
20141108202941,0.0,0.0,0.0,2.1,11.5,0.0,84.5,1.9
20141108203011,0.0,0.0,0.0,2.1,19.8,0.0,76.0,2.1
20141108203041,0.0,0.0,0.0,2.6,77.6,0.0,18.9,0.8
20141108203111,0.0,0.0,0.0,0.5,57.9,0.0,39.6,2.0
20141108203141,0.0,0.0,0.0,0.2,4.5,0.0,94.1,1.1
20141108203211,0.0,0.0,0.0,0.0,5.0,0.0,89.7,5.3
20141108203241,0.0,0.0,0.0,0.1,4.3,0.0,83.7,11.8
20141108203311,0.0,0.0,0.0,0.8,6.9,0.0,87.2,5.1
20141108203341,0.0,0.0,0.0,0.3,1.3,0.0,67.1,31.3
20141108203411,0.0,0.0,0.0,0.0,0.6,0.0,75.2,24.2
20141108203441,0.0,0.0,0.0,0.0,0.0,0.0,89.0,11.0
20141108203512,0.0,0.0,0.0,0.0,0.0,0.0,96.7,3.3
20141108203542,0.0,0.0,0.0,0.0,0.0,0.0,95.5,4.5
20141108203612,0.0,0.0,0.0,0.0,0.1,0.0,96.0,3.9
20141108203642,0.0,0.0,0.0,0.0,0.0,0.0,98.4,1.6
20141108203712,0.0,0.0,0.0,0.0,0.0,0.0,99.8,0.2
20141108203742,0.0,0.0,0.0,0.0,0.0,0.0,99.6,0.4
20141108203812,0.0,0.0,0.0,0.0,0.0,0.0,99.9,0.1
20141108203842,0.0,0.0,0.0,0.0,0.0,0.0,99.9,0.1
20141108203912,0.0,0.0,0.0,0.0,0.0,0.0,99.8,0.2
20141108203942,0.0,0.0,0.0,0.0,0.1,0.0,99.7,0.3
20141108204012,0.0,0.0,0.0,0.1,0.2,0.0,98.5,1.2
20141108204042,0.0,0.0,0.0,0.6,18.2,0.0,79.1,2.1
20141108204112,0.0,0.0,0.0,0.2,2.3,0.0,94.2,3.3
20141108204142,0.0,0.0,0.0,0.1,1.1,0.0,97.7,1.1
20141108204212,0.0,0.0,0.0,0.0,7.1,0.0,76.6,16.2
20141108204242,0.0,0.0,0.0,1.4,75.8,0.0,21.9,1.0
20141108204312,0.0,0.0,0.0,0.6,64.4,0.0,34.4,0.5
20141108204342,0.0,0.0,0.0,0.2,9.5,0.0,89.6,0.8
20141108204412,0.0,0.0,0.0,0.3,18.8,0.0,79.2,1.7
20141108204442,0.0,0.0,0.0,0.5,6.5,0.0,86.8,6.2
20141108204512,0.0,0.0,0.0,0.3,2.4,0.0,94.5,2.8
20141108204542,0.0,0.0,0.0,0.1,1.2,0.0,97.2,1.5
20141108204612,0.0,0.0,0.0,0.0,0.0,0.0,99.7,0.3
20141108204642,0.0,0.0,0.0,0.0,0.2,0.0,98.1,1.7
20141108204712,0.0,0.0,0.0,0.0,0.8,0.0,97.5,1.7
20141108204742,0.0,0.0,0.0,0.1,1.6,0.0,97.4,1.0
20141108204812,0.0,0.0,0.0,16.1,19.2,0.0,54.8,9.9
20141108204842,0.0,0.0,0.0,2.3,2.9,0.0,90.6,4.1
20141108204912,0.0,0.0,0.0,2.9,18.7,0.0,69.6,8.7
20141108204942,0.0,0.0,0.0,6.1,61.8,0.0,31.1,0.9
20141108205012,0.0,0.0,0.0,5.7,85.1,0.0,9.2,0.1
20141108205042,0.0,0.0,0.1,5.5,31.8,0.0,58.6,4.0
20141108205112,0.0,0.0,0.0,7.9,67.5,0.0,24.4,0.2
20141108205142,0.0,0.0,0.0,4.3,34.0,0.0,61.5,0.2
20141108205212,0.0,0.0,0.0,0.3,3.4,0.0,94.1,2.2
20141108205242,0.0,0.0,0.0,0.1,4.5,0.0,94.2,1.2
20141108205312,0.0,0.0,0.0,1.3,39.8,0.0,53.2,5.8
20141108205342,0.0,0.0,0.0,0.1,65.9,0.0,32.8,1.1
20141108205412,0.0,0.0,0.0,0.0,9.4,0.0,83.4,7.2
20141108205442,0.0,0.0,0.0,0.1,18.9,0.0,71.1,9.8
20141108205512,0.0,0.0,0.0,0.2,80.7,0.0,9.0,10.1
20141108205542,0.0,0.0,0.0,0.0,3.9,0.0,60.7,35.4
20141108205612,0.0,0.0,0.0,0.0,0.7,0.0,16.7,82.6
20141108205642,0.0,0.0,0.0,0.1,6.6,0.0,34.7,58.7
20141108205712,0.0,0.0,0.0,0.7,24.8,0.0,33.6,40.8
20141108205742,0.0,0.0,0.0,0.1,5.0,0.0,66.4,28.5
20141108205812,0.0,0.0,0.0,0.0,17.4,0.0,67.9,14.7
20141108205842,0.0,0.0,0.0,0.0,9.1,0.0,78.6,12.4
20141108205912,0.0,0.0,0.0,0.0,10.8,0.0,81.0,8.3
20141108205942,0.0,0.0,0.0,0.2,36.7,0.0,60.5,2.6
20141108210012,0.0,0.0,0.0,0.3,10.4,0.0,78.6,10.7
20141108210042,0.0,0.0,0.0,0.0,0.1,0.0,98.4,1.4
20141108210112,0.0,0.0,0.0,0.0,4.5,0.0,90.0,5.5
20141108210142,0.0,0.0,0.0,0.1,1.5,0.0,91.8,6.6
20141108210212,0.0,0.0,0.0,0.0,0.1,0.0,97.3,2.6
20141108210243,0.0,0.0,0.0,0.0,0.6,0.0,91.0,8.3
20141108210313,0.0,0.0,0.0,0.0,0.2,0.0,95.5,4.3
20141108210343,0.0,0.0,0.0,0.0,0.0,0.0,91.8,8.2
20141108210413,0.0,0.0,0.0,0.0,0.0,0.0,98.7,1.3
20141108210443,0.0,0.0,0.0,0.0,0.0,0.0,98.9,1.1
20141108210513,0.0,0.0,0.0,0.0,0.0,0.0,97.4,2.6
20141108210543,0.0,0.0,0.0,0.0,0.0,0.0,84.1,15.9
20141108210613,0.0,0.0,0.0,0.0,0.0,0.0,98.0,2.0
20141108210643,0.0,0.0,0.0,0.0,0.0,0.0,96.6,3.4
20141108210713,0.0,0.0,0.0,0.0,0.0,0.0,96.7,3.3
20141108210743,0.0,0.0,0.0,0.0,0.0,0.0,98.2,1.8
20141108210813,0.0,0.0,0.0,0.0,0.0,0.0,94.4,5.6
20141108210843,0.0,0.0,0.0,0.0,0.0,0.0,97.8,2.2
20141108210913,0.0,0.0,0.0,0.0,0.0,0.0,97.6,2.4
20141108210943,0.0,0.0,0.0,0.0,0.0,0.0,94.6,5.4
20141108211013,0.0,0.0,0.0,0.0,0.0,0.0,97.7,2.3
20141108211043,0.0,0.0,0.0,0.0,0.0,0.0,99.8,0.2
20141108211113,0.0,0.0,0.0,0.0,0.0,0.0,99.6,0.3
20141108211143,0.0,0.0,0.0,0.0,0.0,0.0,99.9,0.1
20141108211213,0.0,0.0,0.0,0.0,0.0,0.0,99.9,0.1
20141108211243,0.0,0.0,0.0,0.0,0.0,0.0,99.8,0.1
20141108211313,0.0,0.0,0.0,0.0,0.0,0.0,99.7,0.2
20141108211343,0.0,0.0,0.0,0.0,0.0,0.0,97.0,3.0
20141108211413,0.0,0.0,0.0,0.0,0.0,0.0,98.9,1.1
