UT,arc,discrete,diffuse,ac,ab,clear,cloudy,dd
20141205131700,0.0,0.0,0.0,0.0,0.0,0.0,0.0,100.0
20141205131730,0.0,0.0,0.0,0.0,0.0,0.0,0.0,100.0
20141205131800,0.0,0.0,0.0,0.0,0.0,0.0,0.0,100.0
20141205131830,0.0,0.0,0.0,0.0,0.0,0.0,0.0,100.0
20141205131900,0.0,0.0,0.0,0.0,0.0,0.0,0.0,100.0
20141205131930,0.0,0.0,0.0,0.0,0.0,0.0,0.0,100.0
20141205132000,0.0,0.0,0.0,0.0,0.0,0.0,0.0,100.0
20141205132030,0.0,0.0,0.0,0.0,0.0,0.0,0.0,100.0
20141205132100,0.0,0.0,0.0,0.0,0.0,0.0,0.0,100.0
20141205132130,0.0,0.0,0.0,0.0,0.0,0.0,0.0,100.0
20141205132200,0.0,0.0,0.0,0.0,0.0,0.0,0.0,100.0
20141205132230,0.0,0.0,0.0,0.0,0.0,0.0,0.0,100.0
20141205132300,0.0,0.0,0.0,0.0,0.0,0.0,0.0,100.0
20141205132330,0.0,0.0,0.0,0.0,0.0,0.0,0.0,100.0
20141205132400,0.0,0.0,0.0,0.0,0.0,0.0,0.0,100.0
20141205132430,0.0,0.0,0.0,0.0,0.0,0.0,0.0,100.0
20141205132500,0.0,0.0,0.0,0.0,0.0,0.0,0.0,100.0
20141205132530,0.0,0.0,0.0,0.0,0.0,0.0,0.0,100.0
20141205132600,0.0,0.0,0.0,0.0,0.0,0.0,0.0,100.0
20141205132630,0.0,0.0,0.0,0.0,0.0,0.0,0.0,100.0
20141205132700,0.0,0.0,0.0,0.0,0.0,0.0,0.0,100.0
20141205132730,0.0,0.0,0.0,0.0,0.0,0.0,0.0,100.0
20141205132800,0.0,0.0,0.0,0.0,0.0,0.0,0.0,100.0
20141205132830,0.0,0.0,0.0,0.0,0.0,0.0,0.0,100.0
20141205132900,0.0,0.0,0.0,0.0,0.0,0.0,0.0,100.0
20141205132930,0.0,0.0,0.0,0.0,0.0,0.0,0.0,100.0
20141205133000,0.0,0.0,0.0,0.0,0.0,0.0,0.0,100.0
20141205133030,0.0,0.0,0.0,0.0,0.0,0.0,0.0,100.0
20141205133100,0.0,0.0,0.0,0.0,0.0,0.0,0.0,100.0
20141205133130,0.0,0.0,0.0,0.0,0.0,0.0,0.0,100.0
20141205133200,0.0,0.0,0.0,0.0,0.0,0.0,0.0,100.0
20141205133230,0.0,0.0,0.0,0.0,0.0,0.0,0.0,100.0
20141205133300,0.0,0.0,0.0,0.0,0.0,0.0,0.0,100.0
20141205133330,0.0,0.0,0.0,0.0,0.0,0.0,0.0,100.0
20141205133400,0.0,0.0,0.0,0.0,0.0,0.0,0.0,100.0
20141205133430,0.0,0.0,0.0,0.0,0.0,0.0,0.0,100.0
20141205133500,0.0,0.0,0.0,0.0,0.0,0.0,0.0,100.0
20141205133530,0.0,0.0,0.0,0.0,0.0,0.0,0.0,100.0
20141205133600,0.0,0.0,0.0,0.0,0.0,0.0,0.0,100.0
20141205133630,0.0,0.0,0.0,0.0,0.0,0.0,0.0,100.0
20141205133700,0.0,0.0,0.0,0.0,0.0,0.0,0.0,100.0
20141205133730,0.0,0.0,0.0,0.0,0.0,0.0,0.0,100.0
20141205133800,0.0,0.0,0.0,0.0,0.0,0.0,0.0,100.0
20141205133830,0.0,0.0,0.0,0.0,0.0,0.0,0.0,100.0
20141205133900,0.0,0.0,0.0,0.0,0.0,0.0,0.0,100.0
20141205133931,0.0,0.0,0.0,0.0,0.0,0.0,0.0,100.0
20141205134001,0.0,0.0,0.0,0.0,0.0,0.0,0.0,100.0
20141205134031,0.0,0.0,0.0,0.0,0.0,0.0,0.0,100.0
20141205134101,0.0,0.0,0.0,0.0,0.0,0.0,0.0,100.0
20141205134131,0.0,0.0,0.0,0.0,0.0,0.0,0.0,100.0
20141205134201,0.0,0.0,0.0,0.0,0.0,0.0,0.0,100.0
20141205134231,0.0,0.0,0.0,0.0,0.0,0.0,0.0,100.0
20141205134301,0.0,0.0,0.0,0.0,0.0,0.0,0.0,100.0
20141205134331,0.0,0.0,0.0,0.0,0.0,0.0,0.0,100.0
20141205134401,0.0,0.0,0.0,0.0,0.0,0.0,0.0,100.0
20141205134431,0.0,0.0,0.0,0.0,0.0,0.0,0.0,100.0
20141205134501,0.0,0.0,0.0,0.0,0.0,0.0,0.0,100.0
20141205134531,0.0,0.0,0.0,0.0,0.0,0.0,0.0,100.0
20141205134601,0.0,0.0,0.0,0.0,0.0,0.0,0.0,100.0
20141205134631,0.0,0.0,0.0,0.0,0.0,0.0,0.0,100.0
20141205134701,0.0,0.0,0.0,0.0,0.0,0.0,0.0,100.0
20141205134731,0.0,0.0,0.0,0.0,0.0,0.0,0.0,100.0
20141205134801,0.0,0.0,0.0,0.0,0.0,0.0,0.0,100.0
20141205134831,0.0,0.0,0.0,0.0,0.0,0.0,0.0,100.0
20141205134901,0.0,0.0,0.0,0.0,0.0,0.0,0.0,100.0
20141205134931,0.0,0.0,0.0,0.0,0.0,0.0,0.0,100.0
20141205135001,0.0,0.0,0.0,0.0,0.0,0.0,0.0,100.0
20141205135031,0.0,0.0,0.0,0.0,0.0,0.0,0.0,100.0
20141205135101,0.0,0.0,0.0,0.0,0.0,0.0,0.0,100.0
20141205135131,0.0,0.0,0.0,0.0,0.0,0.0,0.0,100.0
20141205135201,0.0,0.0,0.0,0.0,0.0,0.0,0.0,100.0
20141205135231,0.0,0.0,0.0,0.0,0.0,0.0,0.0,100.0
20141205135301,0.0,0.0,0.0,0.0,0.0,0.0,0.0,100.0
20141205135331,0.0,0.0,0.0,0.0,0.0,0.0,0.0,100.0
20141205135401,0.0,0.0,0.0,0.0,0.0,0.0,0.0,100.0
20141205135431,0.0,0.0,0.0,0.0,0.0,0.0,0.0,100.0
20141205135501,0.0,0.0,0.0,0.0,0.0,0.0,0.0,100.0
20141205135531,0.0,0.0,0.0,0.0,0.0,0.0,0.0,100.0
20141205135601,0.0,0.0,0.0,0.0,0.0,0.0,0.0,100.0
20141205135631,0.0,0.0,0.0,0.0,0.0,0.0,0.0,100.0
20141205135701,0.0,0.0,0.0,0.0,0.0,0.0,0.0,100.0
20141205135731,0.0,0.0,0.0,0.0,0.0,0.0,0.0,100.0
20141205135801,0.0,0.0,0.0,0.0,0.0,0.0,0.0,100.0
20141205135831,0.0,0.0,0.0,0.0,0.0,0.0,0.0,100.0
20141205135901,0.0,0.0,0.0,0.0,0.0,0.0,0.0,100.0
20141205135931,0.0,0.0,0.0,0.0,0.0,0.0,0.0,100.0
20141205140001,0.0,0.0,0.0,0.0,0.0,0.0,0.0,100.0
20141205140031,0.0,0.0,0.0,0.0,0.0,0.0,0.0,100.0
20141205140101,0.0,0.0,0.0,0.0,0.0,0.0,0.0,100.0
20141205140131,0.0,0.0,0.0,0.0,0.0,0.0,0.0,100.0
20141205140201,0.0,0.0,0.0,0.0,0.0,0.0,0.0,100.0
20141205140231,0.0,0.0,0.0,0.0,0.0,0.0,0.0,100.0
20141205140301,0.0,0.0,0.0,0.0,0.0,0.0,0.0,100.0
20141205140331,0.0,0.0,0.0,0.0,0.0,0.0,0.0,100.0
20141205140401,0.0,0.0,0.0,0.0,0.0,0.0,0.0,100.0
20141205140431,0.0,0.0,0.0,0.0,0.0,0.0,0.0,100.0
20141205140501,0.0,0.0,0.0,0.0,0.0,0.0,0.0,100.0
20141205140531,0.0,0.0,0.0,0.0,0.0,0.0,0.0,100.0
20141205140601,0.0,0.0,0.0,0.0,0.0,0.0,0.0,100.0
20141205140631,0.0,0.0,0.0,0.0,0.0,0.0,0.0,100.0
20141205140701,0.0,0.0,0.0,0.0,0.0,0.0,0.0,100.0
20141205140731,0.0,0.0,0.0,0.0,0.0,0.0,0.0,100.0
20141205140801,0.0,0.0,0.0,0.0,0.0,0.0,0.0,100.0
20141205140831,0.0,0.0,0.0,0.0,0.0,0.0,0.1,99.9
20141205140901,0.0,0.0,0.0,0.0,0.0,0.0,0.0,100.0
20141205140931,0.0,0.0,0.0,0.0,0.0,0.0,0.0,100.0
20141205141001,0.0,0.0,0.0,0.0,0.0,0.0,0.8,99.2
20141205141031,0.0,0.0,0.0,0.0,0.0,0.0,0.6,99.4
20141205141101,0.0,0.0,0.0,0.0,0.0,0.0,3.5,96.5
20141205141131,0.0,0.0,0.0,0.0,0.0,0.0,1.8,98.2
20141205141201,0.0,0.0,0.0,0.0,0.0,0.2,25.2,74.6
20141205141231,0.0,0.0,0.0,0.0,0.0,0.0,1.7,98.3
20141205141301,0.0,0.0,0.0,0.0,0.0,0.0,0.3,99.7
20141205141332,0.0,0.0,0.0,0.0,0.0,0.1,13.1,86.8
20141205141402,0.0,0.0,0.0,0.0,0.0,0.0,3.7,96.3
20141205141432,0.0,0.0,0.0,0.0,0.0,0.2,36.2,63.5
20141205141502,0.0,0.0,0.0,0.0,0.0,0.1,12.3,87.7
20141205141532,0.0,0.0,0.0,0.0,0.0,0.2,0.4,99.4
20141205141602,0.0,0.0,0.0,0.0,0.0,0.2,25.6,74.2
20141205141632,0.0,0.0,0.0,0.0,0.0,1.3,34.5,64.1
20141205141832,0.0,0.0,0.0,0.0,0.0,0.0,0.0,100.0
20141205141902,0.0,0.0,0.0,0.0,0.0,0.0,0.0,100.0
20141205141932,0.0,0.0,0.0,0.0,0.0,0.0,0.0,100.0
20141205142002,0.0,0.0,0.0,0.0,0.0,0.0,0.0,100.0
20141205142032,0.0,0.0,0.0,0.0,0.0,0.0,0.0,100.0
20141205142102,0.0,0.0,0.0,0.0,0.0,0.0,0.0,100.0
20141205142132,0.0,0.0,0.0,0.0,0.0,0.0,0.0,100.0
20141205142202,0.0,0.0,0.0,0.0,0.0,0.0,0.0,100.0
20141205142232,0.0,0.0,0.0,0.0,0.0,0.0,0.0,100.0
20141205142302,0.0,0.0,0.0,0.0,0.0,0.0,0.0,100.0
20141205142332,0.0,0.0,0.0,0.0,0.0,0.0,0.0,100.0
20141205142402,0.0,0.0,0.0,0.0,0.0,0.0,0.0,100.0
20141205142432,0.0,0.0,0.0,0.0,0.0,0.0,0.0,100.0
20141205142502,0.0,0.0,0.0,0.0,0.0,0.0,0.0,100.0
20141205142532,0.0,0.0,0.0,0.0,0.0,0.0,0.0,100.0
20141205142602,0.0,0.0,0.0,0.0,0.0,0.0,0.0,100.0
20141205142632,0.0,0.0,0.0,0.0,0.0,0.0,0.0,100.0
20141205142702,0.0,0.0,0.0,0.0,0.0,0.0,0.7,99.3
20141205142732,0.0,0.0,0.0,0.0,0.0,0.0,0.3,99.7
20141205142802,0.0,0.0,0.0,0.0,0.0,0.0,0.0,100.0
20141205142832,0.0,0.0,0.0,0.0,0.0,0.0,0.0,100.0
20141205142902,0.0,0.0,0.0,0.0,0.0,0.0,0.0,100.0
20141205142932,0.0,0.0,0.0,0.0,0.0,0.0,0.0,100.0
20141205143002,0.0,0.0,0.0,0.0,0.0,0.0,0.0,100.0
20141205143032,0.0,0.0,0.0,0.0,0.0,0.0,10.3,89.7
20141205143102,0.0,0.0,0.0,0.0,0.0,0.0,0.8,99.2
20141205143132,0.0,0.0,0.0,0.0,0.0,0.0,13.0,87.0
20141205143202,0.0,0.0,0.0,0.0,0.0,0.0,67.3,32.7
20141205143232,0.0,0.0,0.0,0.0,0.0,0.0,75.4,24.5
20141205143302,0.0,0.0,0.0,0.0,0.0,0.0,52.6,47.3
20141205143332,0.0,0.0,0.0,0.0,0.0,0.0,98.6,1.4
20141205143402,0.0,0.0,0.0,0.0,1.1,0.0,71.3,27.6
20141205143432,0.0,0.0,0.0,0.0,0.1,0.0,90.8,9.0
20141205143502,0.0,0.0,0.0,0.0,0.3,0.2,58.3,41.1
20141205143532,0.0,0.0,0.0,0.0,0.1,0.0,89.6,10.2
20141205143602,0.0,0.0,0.0,0.0,0.5,0.0,43.8,55.6
20141205143632,0.0,0.0,0.0,0.0,0.3,0.0,94.9,4.8
20141205143702,0.0,0.0,0.0,0.0,0.0,0.0,4.4,95.5
20141205143732,0.0,0.0,0.0,0.1,0.1,0.1,65.9,33.9
20141205143802,0.0,0.0,0.0,0.0,0.2,0.1,50.9,48.8
20141205143832,0.0,0.0,0.0,0.0,0.1,0.1,21.9,77.9
20141205143902,0.0,0.0,0.0,0.0,0.4,0.0,94.2,5.5
20141205143932,0.0,0.0,0.0,0.0,1.2,0.1,97.8,0.9
20141205144002,0.0,0.0,0.0,0.0,0.5,0.0,98.4,1.1
20141205144032,0.0,0.0,0.0,0.0,0.1,0.0,95.9,4.0
20141205144102,0.0,0.0,0.0,0.0,0.0,0.0,95.1,4.8
20141205144132,0.0,0.0,0.0,0.0,0.0,0.0,97.6,2.4
20141205144202,0.0,0.0,0.0,0.0,0.0,0.0,99.8,0.2
20141205144232,0.0,0.0,0.0,0.0,0.1,0.0,99.3,0.6
20141205144302,0.0,0.0,0.0,0.0,0.2,0.0,97.9,1.9
20141205144332,0.0,0.0,0.0,0.0,0.0,0.0,99.9,0.1
20141205144402,0.0,0.0,0.0,0.0,0.0,0.0,100.0,0.0
20141205144432,0.0,0.0,0.0,0.0,0.0,0.0,99.8,0.1
20141205144502,0.0,0.0,0.0,0.0,0.0,0.0,99.7,0.3
20141205144532,0.0,0.0,0.0,0.0,0.0,0.0,100.0,0.0
20141205144602,0.0,0.0,0.0,0.0,0.0,0.0,99.9,0.1
20141205144632,0.0,0.0,0.0,0.0,0.0,0.0,100.0,0.0
20141205144702,0.0,0.0,0.0,0.0,0.0,0.0,100.0,0.0
20141205144732,0.0,0.0,0.0,0.0,0.0,0.0,99.9,0.1
20141205144803,0.0,0.0,0.0,0.0,0.0,0.0,99.9,0.1
20141205144833,0.0,0.0,0.0,0.0,0.0,0.0,100.0,0.0
20141205144903,0.0,0.0,0.0,0.0,0.0,0.0,100.0,0.0
20141205144933,0.0,0.0,0.0,0.0,0.0,0.0,99.7,0.2
20141205145003,0.0,0.0,0.0,0.0,0.0,0.0,100.0,0.0
20141205145033,0.0,0.0,0.0,0.0,0.0,0.0,100.0,0.0
20141205145103,0.0,0.0,0.0,0.0,0.0,0.0,100.0,0.0
20141205145133,0.0,0.0,0.0,0.0,0.0,0.0,100.0,0.0
20141205145203,0.0,0.0,0.0,0.0,0.0,0.0,100.0,0.0
20141205145233,0.0,0.0,0.0,0.0,0.0,0.0,100.0,0.0
20141205145303,0.0,0.0,0.0,0.0,0.0,0.0,100.0,0.0
20141205145333,0.0,0.0,0.0,0.0,0.0,0.0,100.0,0.0
20141205145403,0.0,0.0,0.0,0.0,0.0,0.0,100.0,0.0
20141205145433,0.0,0.0,0.0,0.0,0.0,0.0,100.0,0.0
20141205145503,0.0,0.0,0.0,0.0,0.0,0.0,100.0,0.0
20141205145533,0.0,0.0,0.0,0.0,0.0,0.0,100.0,0.0
20141205145603,0.0,0.0,0.0,0.0,0.0,0.0,100.0,0.0
20141205145633,0.0,0.0,0.0,0.0,0.0,0.0,100.0,0.0
20141205145703,0.0,0.0,0.0,0.0,0.0,0.0,100.0,0.0
20141205145733,0.0,0.0,0.0,0.0,0.0,0.0,100.0,0.0
20141205145803,0.0,0.0,0.0,0.0,0.0,0.0,100.0,0.0
20141205145833,0.0,0.0,0.0,0.0,0.0,0.0,100.0,0.0
20141205145903,0.0,0.0,0.0,0.0,0.0,0.0,100.0,0.0
20141205145933,0.0,0.0,0.0,0.0,0.0,0.0,100.0,0.0
20141205150003,0.0,0.0,0.0,0.0,0.0,0.0,100.0,0.0
20141205150033,0.0,0.0,0.0,0.0,0.0,0.0,100.0,0.0
20141205150103,0.0,0.0,0.0,0.0,0.0,0.0,100.0,0.0
20141205150133,0.0,0.0,0.0,0.0,0.0,0.0,100.0,0.0
20141205150203,0.0,0.0,0.0,0.0,0.0,0.0,100.0,0.0
20141205150233,0.0,0.0,0.0,0.0,0.0,0.0,100.0,0.0
20141205150303,0.0,0.0,0.0,0.0,0.0,0.0,100.0,0.0
20141205150333,0.0,0.0,0.0,0.0,0.0,0.0,100.0,0.0
20141205150403,0.0,0.0,0.0,0.0,0.0,0.0,100.0,0.0
20141205150433,0.0,0.0,0.0,0.0,0.0,0.0,100.0,0.0
20141205150503,0.0,0.0,0.0,0.0,0.0,0.0,100.0,0.0
20141205150533,0.0,0.0,0.0,0.0,0.0,0.0,100.0,0.0
20141205150603,0.0,0.0,0.0,0.0,0.0,0.0,100.0,0.0
20141205150633,0.0,0.0,0.0,0.0,0.0,0.0,100.0,0.0
20141205150703,0.0,0.0,0.0,0.0,0.0,0.0,100.0,0.0
20141205150733,0.0,0.0,0.0,0.0,0.0,0.0,100.0,0.0
20141205150803,0.0,0.0,0.0,0.0,0.0,0.0,100.0,0.0
20141205150833,0.0,0.0,0.0,0.0,0.0,0.0,100.0,0.0
20141205150903,0.0,0.0,0.0,0.0,0.0,0.0,100.0,0.0
20141205150933,0.0,0.0,0.0,0.0,0.0,0.0,100.0,0.0
20141205151003,0.0,0.0,0.0,0.0,0.0,0.0,100.0,0.0
20141205151033,0.0,0.0,0.0,0.0,0.0,0.0,100.0,0.0
20141205151103,0.0,0.0,0.0,0.0,0.0,0.0,100.0,0.0
20141205151133,0.0,0.0,0.0,0.0,0.0,0.0,100.0,0.0
20141205151203,0.0,0.0,0.0,0.0,0.0,0.0,100.0,0.0
20141205151233,0.0,0.0,0.0,0.0,0.0,0.0,100.0,0.0
20141205151303,0.0,0.0,0.0,0.0,0.0,0.0,100.0,0.0
20141205151333,0.0,0.0,0.0,0.0,0.0,0.0,100.0,0.0
20141205151403,0.0,0.0,0.0,0.0,0.0,0.0,100.0,0.0
20141205151433,0.0,0.0,0.0,0.0,0.0,0.0,100.0,0.0
20141205151503,0.0,0.0,0.0,0.0,0.0,0.0,100.0,0.0
20141205151534,0.0,0.0,0.0,0.0,0.0,0.0,100.0,0.0
20141205151604,0.0,0.0,0.0,0.0,0.0,0.0,99.9,0.0
20141205151634,0.0,0.0,0.0,0.0,0.0,0.0,100.0,0.0
20141205151704,0.0,0.0,0.0,0.0,0.0,0.0,100.0,0.0
20141205151734,0.0,0.0,0.0,0.0,0.0,0.0,100.0,0.0
20141205151804,0.0,0.0,0.0,0.1,0.0,0.0,99.8,0.0
20141205151834,0.0,0.0,0.0,0.0,0.0,0.0,100.0,0.0
20141205151904,0.0,0.0,0.0,0.0,0.0,0.0,100.0,0.0
20141205151934,0.0,0.0,0.0,0.0,0.0,0.0,100.0,0.0
20141205152004,0.0,0.0,0.0,0.0,0.0,0.0,100.0,0.0
20141205152034,0.0,0.0,0.0,0.0,0.0,0.0,100.0,0.0
20141205152104,0.0,0.0,0.0,0.0,0.0,0.0,100.0,0.0
20141205152134,0.0,0.0,0.0,0.0,0.0,0.0,99.9,0.0
20141205152204,0.0,0.0,0.0,0.0,0.0,0.0,100.0,0.0
20141205152234,0.0,0.0,0.0,0.0,0.0,0.0,100.0,0.0
20141205152304,0.0,0.0,0.0,0.0,0.0,0.0,100.0,0.0
20141205152334,0.0,0.0,0.0,0.0,0.0,0.0,100.0,0.0
20141205152404,0.0,0.0,0.0,0.0,0.0,0.0,100.0,0.0
20141205152434,0.0,0.0,0.0,0.0,0.0,0.0,100.0,0.0
20141205152504,0.0,0.0,0.0,0.0,0.0,0.0,100.0,0.0
20141205152534,0.0,0.0,0.0,0.0,0.0,0.0,99.9,0.1
20141205152604,0.0,0.0,0.0,0.0,0.0,0.0,100.0,0.0
20141205152634,0.0,0.0,0.0,0.0,0.0,0.0,100.0,0.0
20141205152704,0.0,0.0,0.0,0.0,0.0,0.0,100.0,0.0
20141205152734,0.0,0.0,0.0,0.0,0.0,0.0,100.0,0.0
20141205152804,0.0,0.0,0.0,0.0,0.0,0.0,100.0,0.0
20141205152834,0.0,0.0,0.0,0.0,0.0,0.0,100.0,0.0
20141205152904,0.0,0.0,0.0,0.0,0.0,0.0,100.0,0.0
20141205152934,0.0,0.0,0.0,0.0,0.0,0.0,100.0,0.0
20141205153004,0.0,0.0,0.0,0.0,0.0,0.0,100.0,0.0
20141205153034,0.0,0.0,0.0,0.0,0.0,0.0,100.0,0.0
20141205153104,0.0,0.0,0.0,0.0,0.0,0.0,100.0,0.0
20141205153134,0.0,0.0,0.0,0.0,0.0,0.0,100.0,0.0
20141205153204,0.0,0.0,0.0,0.0,0.0,0.0,100.0,0.0
20141205153234,0.0,0.0,0.0,0.0,0.0,0.0,100.0,0.0
20141205153304,0.0,0.0,0.0,0.0,0.0,0.0,100.0,0.0
20141205153334,0.0,0.0,0.0,0.0,0.0,0.0,100.0,0.0
20141205153404,0.0,0.0,0.0,0.0,0.0,0.0,100.0,0.0
20141205153434,0.0,0.0,0.0,0.0,0.0,0.0,100.0,0.0
20141205153504,0.0,0.0,0.0,0.0,0.0,0.0,100.0,0.0
20141205153534,0.0,0.0,0.0,0.0,0.0,0.0,100.0,0.0
20141205153604,0.0,0.0,0.0,0.0,0.0,0.0,100.0,0.0
20141205153634,0.0,0.0,0.0,0.0,0.0,0.0,100.0,0.0
20141205153704,0.0,0.0,0.0,0.0,0.0,0.0,100.0,0.0
20141205153734,0.0,0.0,0.0,0.0,0.0,0.0,100.0,0.0
20141205153804,0.0,0.0,0.0,0.0,0.0,0.0,100.0,0.0
20141205153834,0.0,0.0,0.0,0.0,0.0,0.0,100.0,0.0
20141205153904,0.0,0.0,0.0,0.0,0.0,0.0,100.0,0.0
20141205153934,0.0,0.0,0.0,0.0,0.0,0.0,100.0,0.0
20141205154004,0.0,0.0,0.0,0.0,0.0,0.0,100.0,0.0
20141205154034,0.0,0.0,0.0,0.0,0.0,0.0,100.0,0.0
20141205154104,0.0,0.0,0.0,0.0,0.0,0.0,100.0,0.0
20141205154134,0.0,0.0,0.0,0.0,0.0,0.0,100.0,0.0
20141205154204,0.0,0.0,0.0,0.0,0.0,0.0,100.0,0.0
20141205154234,0.0,0.0,0.0,0.0,0.0,0.0,100.0,0.0
20141205154304,0.0,0.0,0.0,0.0,0.0,0.0,100.0,0.0
20141205154334,0.0,0.0,0.0,0.0,0.0,0.0,100.0,0.0
20141205154404,0.0,0.0,0.0,0.0,0.0,0.0,100.0,0.0
20141205154434,0.0,0.0,0.0,0.0,0.0,0.0,100.0,0.0
20141205154504,0.0,0.0,0.0,0.0,0.0,0.0,100.0,0.0
20141205154534,0.0,0.0,0.0,0.0,0.0,0.0,100.0,0.0
20141205154604,0.0,0.0,0.0,0.0,0.0,0.0,100.0,0.0
20141205154634,0.0,0.0,0.0,0.0,0.0,0.0,100.0,0.0
20141205154704,0.0,0.0,0.0,0.0,0.0,0.0,100.0,0.0
20141205154734,0.0,0.0,0.0,0.0,0.0,0.0,100.0,0.0
20141205154804,0.0,0.0,0.0,0.0,0.0,0.0,100.0,0.0
20141205154834,0.0,0.0,0.0,0.0,0.0,0.0,100.0,0.0
20141205154904,0.0,0.0,0.0,0.0,0.0,0.0,100.0,0.0
20141205154934,0.0,0.0,0.0,0.0,0.0,0.0,100.0,0.0
20141205155005,0.0,0.0,0.0,0.0,0.0,0.0,100.0,0.0
20141205155035,0.0,0.0,0.0,0.0,0.0,0.0,100.0,0.0
20141205155105,0.0,0.0,0.0,0.0,0.0,0.0,100.0,0.0
20141205155135,0.0,0.0,0.0,0.0,0.0,0.0,100.0,0.0
20141205155205,0.0,0.0,0.0,0.0,0.0,0.0,100.0,0.0
20141205155235,0.0,0.0,0.0,0.0,0.0,0.0,100.0,0.0
20141205155305,0.0,0.0,0.0,0.0,0.1,0.0,99.9,0.0
20141205155335,0.0,0.0,0.0,0.0,0.0,0.0,100.0,0.0
20141205155405,0.0,0.0,0.0,0.0,0.7,0.0,99.3,0.0
20141205155435,0.0,0.0,0.0,0.0,0.0,0.0,100.0,0.0
20141205155505,0.0,0.0,0.0,0.0,0.1,0.0,99.8,0.1
20141205155535,0.0,0.0,0.0,0.0,0.1,0.0,99.8,0.0
20141205155605,0.0,0.0,0.0,0.0,0.0,0.0,100.0,0.0
20141205155635,0.0,0.0,0.0,0.0,0.2,0.0,99.8,0.0
20141205155705,0.0,0.0,0.0,0.0,0.2,0.0,99.7,0.1
20141205155735,0.0,0.0,0.0,0.0,0.2,0.0,99.6,0.1
20141205155805,0.0,0.0,0.0,0.0,0.1,0.0,99.8,0.0
20141205155835,0.0,0.0,0.0,0.0,0.9,0.0,99.0,0.0
20141205155905,0.0,0.0,0.1,0.0,0.3,0.0,99.4,0.2
20141205155935,0.0,0.0,0.0,0.0,0.1,0.0,99.9,0.0
20141205160005,0.0,0.0,0.0,0.0,0.2,0.0,99.7,0.0
20141205160035,0.0,0.0,0.0,0.0,0.0,0.0,100.0,0.0
20141205160105,0.0,0.0,0.1,0.0,0.2,0.0,99.7,0.0
20141205160135,0.0,0.0,0.0,0.0,0.0,0.0,99.9,0.1
20141205160205,0.0,0.0,0.0,0.0,0.0,0.0,100.0,0.0
20141205160235,0.0,0.0,0.0,0.0,0.9,0.0,97.5,1.5
20141205160305,0.0,0.0,0.2,0.0,0.2,0.0,99.1,0.5
20141205160335,0.0,0.0,0.3,0.0,1.3,0.0,98.2,0.2
20141205160405,0.0,0.0,0.1,0.0,1.8,0.0,97.6,0.4
20141205160435,0.0,0.0,0.0,0.0,0.1,0.0,99.9,0.0
20141205160505,0.0,0.0,0.0,0.0,0.3,0.0,99.6,0.1
20141205160535,0.0,0.0,0.3,0.1,0.6,0.0,98.9,0.1
20141205160605,0.0,0.0,0.6,0.0,0.3,0.0,99.0,0.1
20141205160635,0.0,0.0,1.4,0.0,4.0,0.0,94.4,0.1
20141205160705,0.0,0.0,1.5,0.2,8.7,0.0,87.5,2.2
20141205160735,0.0,0.0,3.8,0.1,3.9,0.0,91.5,0.8
20141205160805,0.0,0.0,6.3,0.1,6.4,0.1,82.2,4.9
20141205160835,0.0,0.0,6.5,0.1,0.5,0.0,92.6,0.3
20141205160905,0.0,0.2,10.9,0.1,67.4,0.0,18.3,3.1
20141205160935,0.0,0.1,14.7,0.5,54.3,0.1,7.6,22.6
20141205161005,0.0,0.1,24.7,5.6,21.4,0.0,29.7,18.4
20141205161035,0.0,0.0,1.8,0.1,1.8,0.0,95.9,0.4
20141205161105,0.0,0.0,0.4,0.0,4.7,0.0,92.7,2.1
20141205161135,0.0,0.0,1.9,0.2,15.8,0.0,79.6,2.5
20141205161205,0.0,0.1,3.1,0.4,31.9,0.2,59.1,5.2
20141205161235,0.0,0.4,4.8,1.3,24.6,0.2,55.5,13.1
20141205161305,0.0,0.0,3.6,3.2,20.0,0.6,68.4,4.1
20141205161335,0.0,0.1,28.8,0.3,20.4,0.3,47.8,2.3
20141205161405,0.1,0.1,27.7,0.3,21.2,0.3,45.9,4.3
20141205161435,0.1,0.0,16.1,0.4,16.7,0.3,63.8,2.4
20141205161505,0.0,0.0,11.6,0.1,4.7,0.0,81.4,2.1
20141205161535,0.0,0.0,1.9,0.0,18.8,0.0,78.9,0.4
20141205161605,0.0,0.0,2.6,0.0,3.4,0.0,93.9,0.1
20141205161635,0.0,0.0,1.7,0.0,4.3,0.1,93.1,0.7
20141205161705,0.0,0.0,2.1,0.0,3.6,0.1,93.9,0.2
20141205161735,0.0,0.0,1.5,0.3,8.2,0.7,89.2,0.1
20141205161805,0.0,0.0,1.4,1.0,40.8,0.1,53.4,3.3
20141205161835,0.0,0.0,1.6,0.1,32.6,0.1,63.8,1.9
20141205161905,0.0,0.0,0.3,0.0,27.0,0.0,72.5,0.2
20141205161935,0.0,0.0,1.7,0.0,15.5,0.1,82.2,0.5
20141205162005,0.0,0.0,0.4,0.0,18.5,0.0,80.2,0.8
20141205162035,0.0,0.0,1.0,0.0,1.4,0.0,91.1,6.5
20141205162105,0.0,0.0,11.3,0.2,2.8,0.0,23.3,62.4
20141205162135,0.0,0.0,28.6,0.3,8.2,0.0,44.9,18.0
20141205162205,0.0,0.0,9.3,0.3,2.1,0.1,79.8,8.4
20141205162235,0.0,0.0,4.7,0.3,0.2,0.0,89.2,5.6
20141205162305,0.0,0.0,4.7,0.0,0.3,0.0,92.6,2.4
20141205162335,0.0,0.0,31.6,3.0,0.5,0.0,54.0,10.9
20141205162406,0.0,0.0,7.6,1.8,6.1,0.0,61.1,23.3
20141205162436,0.0,0.0,5.9,0.1,0.2,0.0,82.1,11.6
20141205162506,0.0,0.0,4.6,0.1,0.9,0.0,82.5,11.8
20141205162536,0.0,0.0,3.1,0.1,1.9,0.0,93.0,1.9
20141205162606,0.0,0.0,0.3,0.0,0.6,0.0,92.7,6.4
20141205162636,0.0,0.0,1.2,0.1,2.6,0.0,94.9,1.1
20141205162706,0.0,0.0,1.5,0.0,1.9,0.0,94.4,2.2
20141205162736,0.0,0.0,0.8,0.6,13.0,0.0,79.6,5.9
20141205162806,0.0,0.0,0.6,1.7,10.9,0.0,83.2,3.5
20141205162836,0.0,0.0,1.9,0.9,3.6,0.1,62.7,30.9
20141205162906,0.0,0.0,0.1,0.1,2.1,0.0,36.0,61.7
20141205162936,0.0,0.0,2.0,1.6,8.9,0.0,67.8,19.7
20141205163006,0.0,0.0,0.8,0.1,4.0,0.0,94.1,1.0
20141205163036,0.0,0.0,9.0,0.1,10.7,0.0,78.9,1.3
20141205163106,0.0,0.0,1.8,0.7,64.3,0.0,31.9,1.3
20141205163136,0.0,0.0,28.8,0.1,11.1,0.0,53.5,6.4
20141205163206,0.0,0.0,5.8,0.1,3.3,0.0,81.0,9.8
20141205163236,0.0,0.0,14.0,2.9,1.8,0.0,74.7,6.6
20141205163306,0.0,0.0,0.4,0.6,0.3,0.0,97.4,1.3
20141205163336,0.0,0.0,0.1,0.0,0.7,0.0,98.8,0.4
20141205163406,0.0,0.0,1.3,4.7,19.8,0.0,71.8,2.4
20141205163436,0.0,0.0,12.5,0.4,3.6,0.0,79.4,4.1
20141205163506,0.0,0.0,0.7,0.3,1.1,0.0,95.0,3.0
20141205163536,0.0,0.0,2.1,0.9,24.1,0.0,58.8,14.1
20141205163606,0.0,0.0,0.5,0.1,0.2,0.0,96.6,2.7
20141205163636,0.0,0.0,0.3,0.0,0.3,0.0,95.1,4.3
20141205163706,0.0,0.0,1.4,0.1,1.9,0.0,16.3,80.2
20141205163736,0.0,0.4,41.3,5.8,13.7,0.0,31.2,7.7
20141205163806,0.0,0.1,10.4,0.6,7.9,0.0,75.1,5.9
20141205163836,0.0,0.0,7.3,3.8,2.8,0.0,77.6,8.5
20141205163906,0.0,0.2,2.8,3.8,4.5,0.0,88.3,0.4
20141205163936,0.0,0.0,4.2,0.1,3.9,0.0,90.7,1.1
20141205164006,0.0,0.0,33.6,0.1,20.7,0.0,45.1,0.5
20141205164036,0.0,0.0,0.9,0.1,0.1,0.0,94.3,4.6
20141205164106,0.0,0.0,0.2,0.0,1.0,0.0,97.3,1.4
20141205164136,0.0,0.0,0.0,0.0,0.0,0.0,99.1,0.8
20141205164206,0.0,0.0,0.0,0.0,0.1,0.0,99.9,0.0
20141205164236,0.0,0.0,0.0,0.0,0.0,0.0,100.0,0.0
20141205164306,0.0,0.0,0.0,0.0,0.1,0.0,99.7,0.3
20141205164336,0.0,0.0,0.0,0.0,0.0,0.0,99.8,0.1
20141205164406,0.0,0.0,0.0,0.0,0.1,0.0,95.1,4.8
20141205164436,0.0,0.0,0.0,0.0,0.0,0.0,99.7,0.3
20141205164506,0.0,0.0,0.4,0.1,0.2,0.0,99.0,0.3
20141205164536,0.0,0.0,0.0,0.0,0.0,0.0,99.8,0.1
20141205164606,0.0,0.0,0.2,0.0,0.1,0.0,99.6,0.1
20141205164636,0.0,0.0,0.1,0.1,0.1,0.0,99.4,0.3
20141205164706,0.0,0.0,0.0,0.1,0.1,0.0,99.8,0.1
20141205164736,0.0,0.0,0.0,0.0,0.1,0.0,99.7,0.1
20141205164806,0.0,0.0,0.0,0.0,0.0,0.0,99.9,0.1
20141205164836,0.0,0.0,0.0,0.0,0.0,0.0,99.9,0.1
20141205164906,0.0,0.0,0.0,0.0,0.0,0.0,100.0,0.0
20141205164936,0.0,0.0,0.0,0.2,0.0,0.0,99.6,0.2
20141205165006,0.0,0.0,0.7,2.4,0.7,0.0,94.4,1.8
20141205165036,0.0,0.0,0.3,0.0,0.1,0.0,99.4,0.2
20141205165106,0.0,0.0,6.1,1.5,8.3,0.0,83.4,0.7
20141205165136,0.0,0.0,13.6,0.1,11.5,0.0,74.4,0.4
20141205165206,0.0,0.0,8.4,0.3,5.2,0.0,86.0,0.1
20141205165236,0.0,0.0,0.3,0.0,3.1,0.0,96.4,0.1
20141205165306,0.0,0.0,0.2,0.1,0.5,0.0,99.2,0.1
20141205165336,0.0,0.0,0.2,0.0,0.3,0.0,99.4,0.1
20141205165406,0.0,0.0,0.1,0.0,0.6,0.0,99.3,0.1
20141205165437,0.0,0.0,1.7,0.1,0.5,0.0,97.6,0.1
20141205165507,0.0,0.0,1.4,0.4,2.1,0.0,95.6,0.5
20141205165537,0.0,0.0,0.3,0.2,1.8,0.0,97.5,0.2
20141205165607,0.0,0.0,0.3,0.0,0.0,0.0,99.6,0.0
20141205165637,0.0,0.0,0.2,0.0,0.0,0.0,99.7,0.1
20141205165707,0.0,0.0,0.4,0.0,0.2,0.0,98.9,0.4
20141205165737,0.0,0.0,0.0,0.0,0.0,0.0,99.9,0.0
20141205165807,0.0,0.0,0.4,0.0,1.7,0.0,97.8,0.1
20141205165837,0.0,0.0,0.4,0.1,1.5,0.0,96.3,1.8
20141205165907,0.0,0.0,0.2,0.0,0.6,0.0,98.8,0.4
20141205165937,0.0,0.0,0.1,0.0,0.0,0.0,99.1,0.8
20141205170007,0.0,0.0,0.3,0.0,0.5,0.0,98.5,0.8
20141205170037,0.0,0.0,0.7,0.2,1.7,0.0,95.0,2.3
20141205170107,0.0,0.0,3.2,0.2,10.4,0.0,85.0,1.2
20141205170137,0.0,0.0,7.7,0.8,14.1,0.0,71.1,6.2
20141205170207,0.0,0.0,12.7,0.4,10.7,0.0,74.0,2.2
20141205170237,0.0,0.0,29.0,0.8,3.5,0.0,65.7,1.1
20141205170307,0.0,0.0,2.7,0.2,0.9,0.0,95.8,0.4
20141205170337,0.0,0.0,0.1,0.0,0.1,0.0,99.6,0.1
20141205170407,0.0,0.0,0.5,0.0,0.1,0.0,99.3,0.1
20141205170437,0.0,0.0,0.7,0.0,0.1,0.0,97.7,1.5
20141205170507,0.0,0.0,0.8,0.0,0.2,0.0,98.1,0.8
20141205170537,0.0,0.0,0.7,0.2,0.3,0.0,97.6,1.2
20141205170607,0.0,0.0,0.2,0.0,0.1,0.0,97.6,2.0
20141205170637,0.0,0.0,0.2,0.0,0.0,0.0,89.3,10.5
20141205170707,0.0,0.0,0.4,0.0,0.2,0.0,91.2,8.2
20141205170737,0.0,0.0,1.3,0.0,0.2,0.0,84.9,13.6
20141205170807,0.0,0.0,1.3,0.0,0.4,0.0,63.3,35.0
20141205170837,0.0,0.0,2.6,0.3,0.3,0.0,88.3,8.5
20141205170907,0.0,0.0,0.4,0.0,0.0,0.0,98.5,1.1
20141205170937,0.0,0.0,0.1,0.0,0.0,0.0,99.9,0.0
20141205171007,0.0,0.0,0.0,0.0,0.0,0.0,99.9,0.1
20141205171037,0.0,0.0,0.0,0.0,0.0,0.0,99.9,0.1
20141205171107,0.0,0.0,0.0,0.0,0.0,0.0,99.9,0.0
20141205171137,0.0,0.0,0.0,0.0,0.0,0.0,99.9,0.0
20141205171207,0.0,0.0,0.0,0.0,0.0,0.0,99.9,0.0
20141205171237,0.0,0.0,0.0,0.0,0.0,0.0,99.9,0.1
20141205171307,0.0,0.0,0.0,0.0,0.0,0.0,98.3,1.6
20141205171337,0.0,0.0,0.2,0.1,0.9,0.0,87.9,11.0
20141205171407,0.0,0.0,0.1,0.1,0.1,0.0,85.7,14.0
20141205171437,0.0,0.0,0.1,0.0,0.1,0.0,96.8,3.0
20141205171507,0.0,0.0,0.0,0.0,0.0,0.0,11.3,88.7
20141205171537,0.0,0.0,0.1,0.0,0.0,0.0,87.5,12.3
20141205171607,0.0,0.0,0.1,0.0,0.2,0.0,35.3,64.4
20141205171637,0.0,0.0,0.0,0.0,0.2,0.0,90.8,9.0
20141205171707,0.0,0.0,0.5,0.1,0.8,0.0,46.1,52.6
20141205171737,0.0,0.0,0.6,0.0,0.0,0.0,91.9,7.5
20141205171807,0.0,0.0,0.1,0.0,0.3,0.0,96.5,3.0
20141205171837,0.0,0.0,0.4,0.3,0.2,0.0,92.8,6.3
20141205171907,0.0,0.0,0.3,0.1,0.2,0.0,93.3,6.2
20141205171937,0.0,0.0,0.8,0.1,0.9,0.0,91.6,6.6
20141205172007,0.0,0.0,5.5,0.2,15.3,0.0,47.0,32.0
20141205172037,0.0,0.0,4.9,0.2,0.2,0.0,47.6,47.2
20141205172107,0.0,0.0,6.1,0.2,0.3,0.0,46.7,46.8
20141205172137,0.0,0.0,1.3,0.0,0.1,0.0,87.6,11.0
20141205172207,0.0,0.0,15.0,0.2,0.1,0.0,43.9,40.8
20141205172237,0.0,0.0,0.2,0.0,0.0,0.0,63.9,35.8
20141205172307,0.0,0.0,0.0,0.0,0.0,0.0,82.3,17.7
20141205172337,0.0,0.0,0.0,0.0,0.0,0.0,79.6,20.4
20141205172407,0.0,0.0,0.0,0.0,0.0,0.0,42.6,57.3
20141205172437,0.0,0.0,0.1,0.0,0.0,0.0,40.3,59.5
20141205172507,0.0,0.0,0.2,0.0,0.0,0.0,80.9,18.8
20141205172538,0.0,0.0,0.0,0.0,0.0,0.0,98.1,1.9
20141205172608,0.0,0.0,0.0,0.0,0.1,0.0,92.8,7.0
20141205172638,0.0,0.0,0.1,0.0,0.0,0.0,97.7,2.1
20141205172708,0.0,0.0,0.1,0.0,0.0,0.0,90.5,9.4
20141205172738,0.0,0.0,0.0,0.0,0.0,0.0,96.5,3.4
20141205172808,0.0,0.0,0.0,0.0,0.0,0.0,96.8,3.2
20141205172838,0.0,0.0,0.0,0.0,0.0,0.0,96.9,3.1
20141205172908,0.0,0.0,0.3,0.0,0.0,0.0,54.0,45.7
20141205172938,0.0,0.0,0.2,0.0,0.1,0.0,91.0,8.7
20141205173008,0.0,0.0,0.7,0.0,0.0,0.0,45.6,53.6
20141205173038,0.0,0.0,0.0,0.0,0.0,0.0,70.2,29.7
20141205173108,0.0,0.0,0.1,0.0,0.0,0.0,87.5,12.3
20141205173138,0.0,0.0,0.4,0.0,0.3,0.0,80.5,18.8
20141205173208,0.0,0.0,0.2,0.0,0.1,0.0,73.8,25.9
20141205173238,0.0,0.0,0.1,0.0,0.0,0.0,38.7,61.2
20141205173308,0.0,0.0,0.2,0.0,0.0,0.0,44.4,55.4
20141205173338,0.0,0.0,0.1,0.0,0.0,0.0,7.1,92.8
20141205173408,0.0,0.0,0.0,0.0,0.0,0.0,12.3,87.6
20141205173438,0.0,0.0,0.1,0.0,0.0,0.0,31.6,68.3
20141205173508,0.0,0.0,0.0,0.0,0.0,0.0,42.1,57.8
20141205173538,0.0,0.0,0.0,0.0,0.0,0.0,41.9,58.0
20141205173608,0.0,0.0,0.0,0.0,0.0,0.0,83.7,16.3
20141205173638,0.0,0.0,0.0,0.0,0.0,0.0,96.9,3.0
20141205173708,0.0,0.0,0.1,0.0,0.0,0.0,96.7,3.2
20141205173738,0.0,0.0,0.0,0.0,0.0,0.0,98.1,1.9
20141205173808,0.0,0.0,0.0,0.0,0.0,0.0,97.8,2.2
20141205173838,0.0,0.0,0.1,0.0,0.1,0.0,94.4,5.3
20141205173908,0.0,0.0,0.3,0.2,0.0,0.0,87.0,12.4
20141205173938,0.0,0.0,0.2,0.1,0.0,0.0,63.3,36.5
20141205174008,0.0,0.0,0.1,0.0,0.0,0.0,74.3,25.5
20141205174038,0.0,0.0,0.0,0.0,0.1,0.0,22.8,77.1
20141205174108,0.0,0.0,0.0,0.0,0.1,0.0,48.4,51.5
20141205174138,0.0,0.0,0.0,0.0,0.0,0.0,30.5,69.4
20141205174208,0.0,0.0,0.0,0.0,0.0,0.0,15.4,84.6
20141205174238,0.0,0.0,0.0,0.0,0.0,0.0,23.1,76.9
20141205174308,0.0,0.0,0.0,1.1,0.2,0.0,29.0,69.7
20141205174338,0.0,0.0,0.0,0.0,0.1,0.0,41.1,58.8
20141205174408,0.0,0.0,0.0,0.0,0.0,0.0,69.8,30.1
20141205174438,0.0,0.0,0.0,0.0,0.0,0.0,41.3,58.7
20141205174508,0.0,0.0,0.0,0.0,0.0,0.0,36.1,63.9
20141205174538,0.0,0.0,0.0,0.0,0.0,0.0,16.3,83.7
20141205174608,0.0,0.0,0.0,0.0,0.1,0.0,88.4,11.5
20141205174638,0.0,0.0,0.0,0.1,0.1,0.0,84.5,15.3
20141205174708,0.0,0.0,0.0,0.1,0.0,0.0,80.0,19.8
20141205174738,0.0,0.0,0.0,0.0,0.1,0.0,9.4,90.5
20141205174808,0.0,0.0,0.0,0.3,0.1,0.0,64.7,34.9
20141205174838,0.0,0.0,0.0,0.3,0.2,0.0,7.0,92.6
20141205174908,0.0,0.0,0.0,0.0,0.0,0.0,57.9,42.1
20141205174938,0.0,0.0,0.0,0.1,0.1,0.0,39.4,60.4
20141205175008,0.0,0.0,0.0,0.0,0.0,0.0,25.4,74.5
20141205175038,0.0,0.0,0.1,0.0,0.1,0.0,77.0,22.8
20141205175108,0.0,0.0,0.0,0.0,0.0,0.0,97.6,2.4
20141205175138,0.0,0.0,0.0,0.0,0.0,0.0,92.1,7.8
20141205175208,0.0,0.0,0.0,0.0,0.0,0.0,98.9,1.0
20141205175238,0.0,0.0,0.2,0.2,0.0,0.0,98.8,0.8
20141205175308,0.0,0.0,0.8,0.5,0.1,0.0,95.3,3.3
20141205175338,0.0,0.0,0.3,0.2,0.0,0.0,86.3,13.3
20141205175408,0.0,0.0,0.2,0.2,0.3,0.0,95.9,3.3
20141205175438,0.0,0.0,0.9,7.4,0.6,0.0,81.0,10.1
20141205175508,0.0,0.0,0.0,0.2,0.0,0.0,99.6,0.2
20141205175538,0.0,0.0,0.0,0.0,0.0,0.0,99.7,0.3
20141205175608,0.0,0.0,0.0,0.5,0.0,0.0,97.6,1.9
20141205175638,0.0,0.0,0.1,0.2,0.0,0.0,99.5,0.2
20141205175708,0.0,0.0,2.3,0.1,0.1,0.0,97.3,0.1
20141205175738,0.0,0.0,0.2,0.4,0.8,0.0,96.6,2.1
20141205175808,0.0,0.0,2.4,0.7,1.1,0.0,92.5,3.4
20141205175838,0.0,0.0,0.2,0.8,0.1,0.0,96.8,2.1
20141205175908,0.0,0.0,0.2,1.4,0.3,0.0,95.0,3.2
20141205175939,0.0,0.0,0.3,0.5,0.5,0.0,95.2,3.6
20141205180009,0.0,0.0,0.1,0.0,0.0,0.0,99.8,0.1
20141205180039,0.0,0.0,0.1,0.1,0.1,0.0,99.6,0.1
20141205180109,0.0,0.0,0.1,0.1,0.1,0.0,99.6,0.1
20141205180139,0.0,0.0,0.1,0.0,0.1,0.0,99.8,0.0
20141205180209,0.0,0.0,0.0,0.0,0.1,0.0,99.8,0.0
20141205180239,0.0,0.0,0.0,0.0,0.1,0.0,99.7,0.1
20141205180309,0.0,0.0,0.0,0.0,0.0,0.0,99.9,0.0
20141205180339,0.0,0.0,0.0,0.1,0.1,0.0,99.8,0.0
20141205180409,0.0,0.0,0.0,0.0,0.0,0.0,99.9,0.0
20141205180439,0.0,0.0,0.0,0.1,0.0,0.0,99.8,0.1
20141205180509,0.0,0.0,0.0,0.1,0.1,0.0,99.8,0.0
20141205180539,0.0,0.0,0.0,0.1,0.1,0.0,99.3,0.4
20141205180609,0.0,0.0,0.0,0.9,0.2,0.0,97.2,1.6
20141205180639,0.0,0.0,0.0,1.3,1.1,0.0,96.5,1.1
20141205180709,0.0,0.0,0.1,2.4,0.6,0.0,96.5,0.4
20141205180739,0.0,0.0,0.3,4.5,5.8,0.0,89.3,0.2
20141205180809,0.0,0.0,0.3,2.3,0.5,0.0,96.7,0.1
20141205180839,0.0,0.0,0.6,1.0,1.0,0.0,97.3,0.1
20141205180909,0.0,0.0,2.4,1.3,3.7,0.0,92.4,0.2
20141205180939,0.0,0.0,0.4,0.4,0.6,0.0,98.6,0.1
20141205181009,0.0,0.0,0.3,0.6,1.3,0.0,97.7,0.0
20141205181039,0.0,0.0,0.1,0.3,0.9,0.0,96.8,1.9
20141205181109,0.0,0.0,0.0,0.1,0.2,0.0,99.6,0.1
20141205181139,0.0,0.0,0.1,0.4,0.2,0.0,99.2,0.1
20141205181209,0.0,0.0,0.0,0.2,0.3,0.0,99.4,0.1
20141205181239,0.0,0.0,0.2,3.4,1.2,0.0,86.9,8.3
20141205181309,0.0,0.0,0.0,0.0,0.1,0.0,99.8,0.1
20141205181339,0.0,0.0,0.0,0.2,0.4,0.0,98.0,1.4
20141205181409,0.0,0.0,0.0,0.1,0.4,0.0,99.4,0.1
20141205181439,0.0,0.0,0.1,0.0,0.5,0.0,99.3,0.2
20141205181509,0.0,0.0,0.0,0.0,0.0,0.0,99.6,0.3
20141205181539,0.0,0.0,0.0,0.0,0.4,0.0,99.4,0.1
20141205181609,0.0,0.0,0.1,0.1,1.0,0.0,97.9,0.9
20141205181639,0.0,0.0,0.1,0.1,0.4,0.0,99.2,0.2
20141205181709,0.0,0.0,0.1,1.5,0.5,0.0,97.9,0.1
20141205181739,0.0,0.0,0.2,0.9,1.6,0.0,96.9,0.4
20141205181809,0.0,0.0,0.2,1.9,3.2,0.0,94.3,0.3
20141205181839,0.0,0.0,0.0,0.4,0.5,0.0,97.4,1.7
20141205181909,0.0,0.0,0.0,0.2,1.3,0.0,92.6,5.9
20141205181939,0.0,0.0,0.0,0.0,0.8,0.0,94.3,4.8
20141205182009,0.0,0.0,0.0,0.1,0.7,0.0,98.0,1.3
20141205182039,0.0,0.0,0.1,0.1,0.3,0.0,96.5,3.0
20141205182109,0.0,0.0,0.0,0.0,0.1,0.0,99.6,0.2
20141205182139,0.0,0.0,0.0,0.0,0.2,0.0,99.8,0.0
20141205182209,0.0,0.0,0.0,0.1,1.1,0.0,98.7,0.0
20141205182239,0.0,0.0,0.0,0.0,0.2,0.0,99.7,0.1
20141205182309,0.0,0.0,0.0,0.0,0.7,0.0,99.2,0.1
20141205182339,0.0,0.0,0.0,0.1,0.3,0.0,99.5,0.2
20141205182409,0.0,0.0,0.0,0.2,1.4,0.0,98.3,0.1
20141205182439,0.0,0.0,0.0,0.3,21.6,0.0,77.9,0.2
20141205182509,0.0,0.0,0.0,0.1,0.4,0.0,99.4,0.2
20141205182539,0.0,0.0,0.0,0.0,0.3,0.0,99.6,0.0
20141205182609,0.0,0.0,0.0,0.1,0.3,0.0,99.6,0.1
20141205182639,0.0,0.0,0.1,0.4,4.0,0.0,95.3,0.3
20141205182709,0.0,0.0,0.1,0.6,6.5,0.0,92.5,0.3
20141205182739,0.0,0.0,0.4,1.4,10.7,0.0,86.6,1.0
20141205182809,0.0,0.0,0.5,4.8,1.3,0.0,89.1,4.3
20141205182839,0.0,0.0,0.8,5.8,11.5,0.0,73.0,8.8
20141205182909,0.0,0.0,1.1,16.3,11.8,0.0,69.2,1.7
20141205182939,0.0,0.0,1.8,8.1,33.9,0.0,54.1,2.2
20141205183009,0.0,0.0,0.5,0.7,9.4,0.0,88.2,1.2
20141205183039,0.0,0.0,1.2,2.7,10.4,0.0,76.1,9.6
20141205183109,0.0,0.0,0.1,0.6,1.9,0.0,90.3,7.1
20141205183139,0.0,0.0,0.2,0.3,0.7,0.0,95.2,3.6
20141205183209,0.0,0.0,0.7,0.9,2.2,0.0,94.8,1.3
20141205183239,0.0,0.0,1.3,1.3,2.6,0.0,94.1,0.8
20141205183309,0.0,0.0,0.9,0.7,1.8,0.0,96.5,0.1
20141205183339,0.0,0.0,2.7,2.9,1.8,0.0,88.8,3.7
20141205183409,0.0,0.0,1.0,1.0,1.1,0.0,96.8,0.1
20141205183440,0.0,0.0,0.1,0.5,3.7,0.0,95.6,0.1
20141205183510,0.0,0.0,0.1,0.1,0.6,0.0,99.2,0.1
20141205183540,0.0,0.0,0.0,0.3,0.4,0.0,99.2,0.1
20141205183610,0.0,0.0,0.0,0.0,0.2,0.0,99.6,0.1
20141205183640,0.0,0.0,0.1,0.1,0.4,0.0,98.8,0.6
20141205183710,0.0,0.0,0.1,0.1,0.4,0.0,99.1,0.4
20141205183740,0.0,0.0,1.0,0.8,2.2,0.0,91.3,4.8
20141205183810,0.0,0.0,0.5,0.4,3.1,0.0,94.2,1.8
20141205183840,0.0,0.0,0.1,0.3,3.5,0.0,92.8,3.4
20141205183910,0.0,0.0,0.2,0.2,0.9,0.0,97.9,0.8
20141205183940,0.0,0.0,0.5,0.2,1.7,0.0,94.5,3.1
20141205184010,0.0,0.0,0.1,0.2,0.3,0.0,97.1,2.3
20141205184040,0.0,0.0,0.2,0.8,4.8,0.0,93.3,0.8
20141205184110,0.0,0.0,0.2,0.8,6.2,0.0,89.1,3.7
20141205184140,0.0,0.0,0.0,0.1,0.1,0.0,99.2,0.6
20141205184210,0.0,0.0,0.0,0.3,0.7,0.0,95.7,3.3
20141205184240,0.0,0.0,0.0,0.2,0.7,0.0,98.5,0.5
20141205184310,0.0,0.0,0.0,0.6,0.4,0.0,95.2,3.7
20141205184340,0.0,0.0,0.0,1.9,3.8,0.0,87.5,6.8
20141205184410,0.0,0.0,0.0,2.2,3.7,0.0,88.9,5.1
20141205184440,0.0,0.0,0.0,0.1,0.1,0.0,98.3,1.5
20141205184510,0.0,0.0,0.0,0.0,0.0,0.0,99.4,0.5
20141205184540,0.0,0.0,0.0,0.2,0.3,0.0,99.4,0.1
20141205184610,0.0,0.0,0.0,0.0,0.1,0.0,99.2,0.7
20141205184640,0.0,0.0,0.0,0.1,0.1,0.0,99.6,0.3
20141205184710,0.0,0.0,0.0,0.3,0.0,0.0,99.3,0.3
20141205184740,0.0,0.0,0.7,7.5,1.6,0.0,89.9,0.4
20141205184810,0.0,0.1,0.6,10.4,5.0,0.0,83.2,0.7
20141205184840,0.0,0.0,0.3,2.9,4.8,0.0,91.0,1.0
20141205184910,0.0,0.0,0.1,1.3,0.1,0.0,97.1,1.5
20141205184940,0.0,0.0,0.7,2.3,1.2,0.0,93.3,2.5
20141205185010,0.0,0.0,0.1,1.1,1.7,0.0,95.5,1.6
20141205185040,0.0,0.0,0.0,1.6,0.6,0.0,97.2,0.7
20141205185110,0.0,0.0,0.0,0.5,0.1,0.0,99.2,0.2
20141205185140,0.0,0.0,0.0,0.0,0.1,0.0,99.9,0.0
20141205185210,0.0,0.0,0.0,0.4,1.5,0.0,97.6,0.5
20141205185240,0.0,0.0,0.0,0.3,2.1,0.0,97.3,0.3
20141205185310,0.0,0.0,0.1,1.0,2.5,0.0,95.9,0.5
20141205185340,0.0,0.0,0.4,3.1,3.0,0.0,92.3,1.3
20141205185410,0.0,0.0,0.0,0.6,0.4,0.0,98.6,0.4
20141205185440,0.0,0.0,0.1,0.4,0.6,0.0,98.1,0.9
20141205185510,0.0,0.0,0.2,0.9,9.9,0.0,86.0,3.1
20141205185540,0.0,0.0,0.3,1.0,2.2,0.0,96.1,0.3
20141205185610,0.0,0.0,0.0,0.2,6.3,0.0,90.6,2.8
20141205185640,0.0,0.0,0.4,2.6,50.8,0.0,45.6,0.6
20141205185710,0.0,0.0,0.1,9.4,14.4,0.0,75.7,0.4
20141205185740,0.0,0.0,0.5,4.8,4.4,0.0,89.4,0.9
20141205185810,0.0,0.0,0.3,2.4,30.8,0.0,65.3,1.1
20141205185840,0.0,0.0,1.1,1.8,35.3,0.0,61.3,0.4
20141205185910,0.0,0.0,2.1,3.4,3.5,0.0,90.2,0.9
20141205185940,0.0,0.0,0.3,1.0,1.0,0.0,97.4,0.2
20141205190010,0.0,0.0,0.4,8.4,5.2,0.0,85.3,0.6
20141205190040,0.0,0.0,0.3,21.5,8.4,0.0,63.7,6.1
20141205190110,0.0,0.0,0.4,26.6,14.0,0.0,55.9,3.0
20141205190141,0.0,0.0,0.2,6.2,40.8,0.0,51.5,1.3
20141205190211,0.0,0.0,0.1,1.9,1.5,0.0,96.3,0.1
20141205190241,0.0,0.0,0.4,6.1,16.0,0.0,76.6,0.9
20141205190311,0.0,0.0,0.4,1.9,17.6,0.0,79.6,0.5
20141205190341,0.0,0.0,0.2,0.4,2.6,0.0,96.8,0.1
20141205190411,0.0,0.0,0.1,0.1,2.4,0.0,97.1,0.3
20141205190441,0.0,0.0,0.2,0.9,15.1,0.0,83.7,0.1
20141205190511,0.0,0.0,5.4,3.3,56.7,0.0,33.9,0.7
20141205190541,0.0,0.0,6.0,2.7,70.2,0.0,20.8,0.3
20141205190611,0.0,0.0,3.8,1.1,36.3,0.0,58.0,0.8
20141205190641,0.0,0.0,1.7,1.4,19.0,0.0,76.6,1.3
20141205190711,0.0,0.0,2.8,14.3,19.7,0.1,58.8,4.3
20141205190741,0.0,0.0,0.3,1.7,3.0,0.0,94.6,0.4
20141205190811,0.0,0.0,0.6,0.6,4.1,0.0,93.3,1.3
20141205190841,0.0,0.0,1.4,3.2,8.7,0.0,86.3,0.4
20141205190911,0.0,0.0,0.3,0.8,0.6,0.0,98.1,0.1
20141205190941,0.0,0.0,0.1,0.4,0.5,0.0,98.9,0.1
20141205191011,0.0,0.0,0.1,0.3,1.0,0.0,98.5,0.1
20141205191041,0.0,0.0,2.4,4.2,12.1,0.0,78.4,2.9
20141205191111,0.0,0.0,2.2,1.7,21.2,0.0,72.7,2.2
20141205191141,0.0,0.0,1.2,0.5,2.4,0.0,94.4,1.5
20141205191211,0.0,0.0,0.8,0.2,6.6,0.0,91.5,0.8
20141205191241,0.0,0.0,0.3,0.5,6.5,0.0,87.9,4.7
20141205191311,0.0,0.0,0.7,0.8,1.1,0.0,96.9,0.5
20141205191341,0.0,0.0,0.4,0.7,1.8,0.0,97.0,0.1
20141205191411,0.0,0.0,0.4,0.8,2.5,0.0,96.1,0.3
20141205191441,0.0,0.0,0.1,0.8,4.3,0.0,93.1,1.7
20141205191511,0.0,0.0,0.2,2.0,2.9,0.0,92.8,2.1
20141205191541,0.0,0.0,0.0,0.2,0.4,0.0,97.2,2.2
20141205191611,0.0,0.0,0.1,0.1,1.0,0.0,94.4,4.4
20141205191641,0.0,0.0,0.7,0.1,0.9,0.0,91.6,6.7
20141205191711,0.0,0.0,0.6,1.3,0.5,0.0,95.7,1.9
20141205191741,0.0,0.0,1.2,0.7,1.4,0.0,95.6,1.1
20141205191811,0.0,0.0,9.8,1.6,6.6,0.0,80.7,1.3
20141205191841,0.0,0.0,0.8,0.3,1.0,0.0,93.6,4.2
20141205191911,0.0,0.0,0.0,0.1,0.3,0.0,98.1,1.4
20141205191941,0.0,0.0,0.0,0.0,0.2,0.0,99.4,0.3
20141205192011,0.0,0.0,0.0,0.2,0.3,0.0,99.0,0.5
20141205192041,0.0,0.0,0.1,2.4,0.2,0.0,96.9,0.4
20141205192111,0.0,0.0,0.2,0.2,0.2,0.0,98.7,0.7
20141205192141,0.0,0.0,0.4,0.0,0.6,0.0,98.6,0.4
20141205192211,0.0,0.0,0.1,0.1,0.4,0.0,99.0,0.5
20141205192241,0.0,0.0,1.2,0.2,3.0,0.0,92.7,2.7
20141205192311,0.0,0.0,0.3,0.0,0.6,0.0,95.4,3.7
20141205192341,0.0,0.0,0.1,0.1,1.3,0.0,94.8,3.7
20141205192411,0.0,0.0,0.7,1.9,4.5,0.0,88.7,4.1
20141205192441,0.0,0.0,0.6,0.8,6.0,0.0,89.8,2.9
20141205192511,0.0,0.0,0.0,0.2,5.8,0.0,92.0,2.0
20141205192541,0.0,0.0,0.0,0.4,2.0,0.0,97.1,0.4
20141205192611,0.0,0.0,0.2,0.1,13.1,0.0,84.6,1.9
20141205192641,0.0,0.0,0.6,0.1,5.8,0.0,93.1,0.4
20141205192711,0.0,0.0,0.0,0.0,5.7,0.0,94.1,0.2
20141205192741,0.0,0.0,0.1,0.2,4.1,0.0,95.5,0.1
20141205192811,0.0,0.0,0.9,0.9,2.0,0.0,95.8,0.4
20141205192841,0.0,0.0,0.8,0.1,2.4,0.0,96.3,0.4
20141205192911,0.0,0.0,3.7,0.8,4.8,0.0,89.1,1.6
20141205192941,0.0,0.0,0.7,0.4,9.0,0.0,89.7,0.3
20141205193011,0.0,0.0,1.5,0.5,17.6,0.0,75.7,4.7
20141205193041,0.0,0.0,0.6,0.1,1.5,0.0,96.9,0.9
20141205193111,0.0,0.0,0.0,0.0,0.2,0.0,99.0,0.7
20141205193141,0.0,0.0,0.1,0.2,3.3,0.0,92.6,3.8
20141205193211,0.0,0.0,0.3,0.1,5.2,0.0,89.7,4.6
20141205193241,0.0,0.0,0.1,0.1,3.4,0.0,94.4,1.9
20141205193311,0.0,0.0,0.2,0.2,12.8,0.0,76.4,10.4
20141205193341,0.0,0.0,0.0,0.1,1.0,0.0,97.8,1.0
20141205193411,0.0,0.0,0.2,1.6,17.2,0.0,76.6,4.4
20141205193441,0.0,0.0,0.0,0.8,6.0,0.0,90.3,2.9
20141205193511,0.0,0.0,0.1,0.7,17.3,0.0,81.5,0.3
20141205193541,0.0,0.1,3.4,0.7,23.0,0.0,69.8,3.0
20141205193612,0.0,0.1,3.1,1.6,3.9,0.1,79.6,11.6
20141205193642,0.0,0.1,0.8,0.1,1.4,0.0,95.6,2.0
20141205193712,0.0,0.0,0.2,0.3,3.3,0.0,84.6,11.6
20141205193742,0.0,0.0,0.0,0.2,3.2,0.0,90.8,5.8
20141205193812,0.0,0.0,0.1,0.1,2.9,0.0,91.5,5.5
20141205193842,0.0,0.0,0.0,0.0,0.2,0.0,98.7,1.1
20141205193912,0.0,0.0,0.0,0.0,0.1,0.0,99.4,0.4
20141205193942,0.0,0.0,0.0,0.0,0.0,0.0,99.7,0.3
20141205194012,0.0,0.0,0.0,0.0,0.4,0.0,86.3,13.3
20141205194042,0.0,0.0,0.0,0.0,0.3,0.0,93.8,5.9
20141205194112,0.0,0.0,0.0,0.0,0.0,0.0,91.8,8.2
20141205194142,0.0,0.0,0.0,0.0,0.0,0.0,65.0,35.0
20141205194212,0.0,0.0,0.0,0.0,0.1,0.0,81.1,18.7
20141205194242,0.0,0.0,0.0,0.0,0.0,0.0,97.5,2.4
20141205194312,0.0,0.0,0.0,0.0,0.9,0.0,79.5,19.6
20141205194342,0.0,0.0,0.0,0.0,0.1,0.0,91.8,8.1
20141205194412,0.0,0.0,0.0,0.0,0.0,0.0,96.0,3.9
20141205194442,0.0,0.0,0.0,0.0,1.0,0.0,94.2,4.8
20141205194512,0.0,0.0,0.0,0.0,2.7,0.0,90.3,6.9
20141205194542,0.0,0.0,0.0,0.1,4.3,0.0,73.9,21.7
20141205194612,0.0,0.0,0.0,0.0,0.5,0.0,61.3,38.1
20141205194642,0.0,0.0,0.0,0.1,3.0,0.0,95.0,1.9
20141205194712,0.0,0.0,0.0,0.0,5.3,0.0,94.5,0.2
20141205194742,0.0,0.0,0.3,0.1,16.3,0.0,82.8,0.5
20141205194812,0.0,0.0,0.5,0.1,27.0,0.0,60.6,11.9
20141205194842,0.0,0.0,0.2,0.2,3.7,0.0,93.9,2.1
20141205194912,0.0,0.0,0.9,0.6,22.5,0.0,58.6,17.4
20141205194942,0.0,0.0,0.1,0.0,2.6,0.0,84.3,13.0
20141205195012,0.0,0.0,0.0,0.0,1.7,0.0,89.3,9.0
20141205195042,0.0,0.0,0.0,0.1,1.3,0.0,96.1,2.5
20141205195112,0.0,0.0,0.0,0.0,0.1,0.0,99.2,0.7
20141205195142,0.0,0.0,0.0,0.0,0.4,0.0,94.1,5.5
20141205195212,0.0,0.0,0.0,0.0,0.1,0.0,98.0,1.8
20141205195242,0.0,0.0,0.0,0.0,0.1,0.0,96.0,3.9
20141205195312,0.0,0.0,0.0,0.0,0.2,0.0,86.3,13.5
20141205195342,0.0,0.0,0.0,0.0,0.6,0.0,87.0,12.4
20141205195412,0.0,0.0,0.0,0.1,0.3,0.0,81.1,18.5
20141205195442,0.0,0.0,0.0,0.4,2.7,0.0,87.0,9.8
20141205195512,0.0,0.0,0.0,0.0,0.3,0.0,93.8,5.9
20141205195542,0.0,0.0,0.0,0.0,0.3,0.0,49.9,49.7
20141205195612,0.0,0.0,0.0,0.0,8.9,0.0,84.4,6.6
20141205195642,0.0,0.0,0.0,0.0,0.6,0.0,78.9,20.5
20141205195712,0.0,0.0,0.0,0.0,0.2,0.0,96.7,3.1
20141205195742,0.0,0.0,0.0,0.0,0.3,0.0,99.1,0.6
20141205195812,0.0,0.0,0.0,0.0,1.1,0.0,97.9,0.9
20141205195842,0.0,0.0,0.3,0.2,0.9,0.0,79.9,18.8
20141205195912,0.0,0.0,0.1,0.1,0.5,0.0,91.6,7.7
20141205195942,0.0,0.0,0.1,0.1,0.2,0.0,95.3,4.3
20141205200012,0.0,0.0,0.0,0.0,0.1,0.0,97.4,2.5
20141205200042,0.0,0.0,1.0,0.1,8.6,0.0,76.8,13.6
20141205200112,0.0,0.0,0.0,0.2,0.3,0.0,92.9,6.6
20141205200142,0.0,0.0,0.4,0.2,1.0,0.0,59.8,38.6
20141205200212,0.0,0.0,0.1,0.0,0.8,0.0,96.4,2.7
20141205200242,0.0,0.0,0.2,0.3,1.2,0.0,97.7,0.7
20141205200312,0.0,0.0,0.2,0.4,7.0,0.0,86.9,5.5
20141205200342,0.0,0.0,0.0,0.2,0.2,0.0,98.2,1.3
20141205200412,0.0,0.0,0.0,0.0,0.1,0.0,99.7,0.2
20141205200442,0.0,0.0,0.0,0.0,0.6,0.0,99.2,0.2
20141205200512,0.0,0.0,0.0,0.0,0.0,0.0,99.8,0.2
20141205200542,0.0,0.0,0.0,0.0,0.0,0.0,100.0,0.0
20141205200612,0.0,0.0,0.0,0.0,0.0,0.0,98.9,1.0
20141205200642,0.0,0.0,0.0,0.0,0.0,0.0,99.5,0.5
20141205200712,0.0,0.0,0.0,0.1,0.1,0.0,93.7,6.1
20141205200742,0.0,0.0,0.0,0.0,0.1,0.0,54.4,45.5
20141205200812,0.0,0.0,0.0,0.0,0.0,0.0,62.5,37.4
20141205200842,0.0,0.0,0.0,0.0,0.1,0.0,90.0,9.8
20141205200912,0.0,0.0,0.0,0.0,0.0,0.0,93.6,6.3
