UT,arc,discrete,diffuse,ac,ab,clear,cloudy,dd
20140208152300,0.0,0.0,0.0,0.0,0.0,0.0,0.0,100.0
20140208152400,0.0,0.0,0.0,0.0,0.0,0.0,0.0,100.0
20140208152500,0.0,0.0,0.0,0.0,0.0,0.0,0.0,100.0
20140208152600,0.0,0.0,0.0,0.0,0.0,0.0,0.0,100.0
20140208152700,0.0,0.0,0.0,0.0,0.0,0.0,0.0,100.0
20140208152800,0.0,0.0,0.0,0.0,0.0,0.0,0.0,100.0
20140208152900,0.0,0.0,0.0,0.0,0.0,0.0,0.0,100.0
20140208153000,0.0,0.0,0.0,0.0,0.0,0.0,0.0,100.0
20140208153100,0.0,0.0,0.0,0.0,0.0,0.0,0.0,100.0
20140208153200,0.0,0.0,0.0,0.0,0.0,0.0,0.0,100.0
20140208153300,0.0,0.0,0.0,0.0,0.0,0.0,0.0,100.0
20140208153400,0.0,0.0,0.0,0.0,0.0,0.0,0.0,100.0
20140208153500,0.0,0.0,0.0,0.0,0.0,0.0,0.0,100.0
20140208153600,0.0,0.0,0.0,0.0,0.0,0.0,0.0,100.0
20140208153700,0.0,0.0,0.0,0.0,0.0,0.0,0.0,100.0
20140208153800,0.0,0.0,0.0,0.0,0.0,0.0,0.0,100.0
20140208153900,0.0,0.0,0.0,0.0,0.0,0.0,0.0,100.0
20140208154000,0.0,0.0,0.0,0.0,0.0,0.0,0.0,100.0
20140208154100,0.0,0.0,0.0,0.0,0.0,0.0,0.0,100.0
20140208154200,0.0,0.0,0.0,0.0,0.0,0.0,0.0,100.0
20140208154300,0.0,0.0,0.0,0.0,0.0,0.0,0.0,100.0
20140208154400,0.0,0.0,0.0,0.0,0.0,0.0,0.0,100.0
20140208154500,0.0,0.0,0.0,0.0,0.0,0.0,0.0,100.0
20140208154600,0.0,0.0,0.0,0.0,0.0,0.0,0.0,100.0
20140208154700,0.0,0.0,0.0,0.0,0.0,0.0,0.0,100.0
20140208154800,0.0,0.0,0.0,0.0,0.1,0.0,0.0,99.9
20140208154900,0.0,0.0,0.0,0.0,0.1,0.0,0.0,99.9
20140208155000,0.0,0.0,0.0,0.0,0.0,0.0,0.0,100.0
20140208155100,0.0,0.0,0.0,0.0,0.0,0.0,0.0,100.0
20140208155200,0.0,0.0,0.0,0.0,0.0,0.0,0.0,100.0
20140208155300,0.0,0.0,0.0,0.0,0.0,0.0,0.0,100.0
20140208155400,0.0,0.0,0.0,0.0,0.0,0.0,0.0,100.0
20140208155500,0.0,0.0,0.0,0.0,0.0,0.0,0.0,100.0
20140208155600,0.0,0.0,0.0,0.0,0.0,0.0,0.0,100.0
20140208155700,0.0,0.0,0.0,0.0,0.0,0.0,0.0,100.0
20140208155800,0.0,0.0,0.0,0.0,0.0,0.0,0.0,100.0
20140208155900,0.0,0.0,0.0,0.0,0.0,0.0,0.0,100.0
20140208160000,0.0,0.0,0.0,0.0,0.0,0.0,0.0,100.0
20140208160100,0.0,0.0,0.0,0.0,0.0,0.0,0.0,100.0
20140208160200,0.0,0.0,0.0,0.0,0.0,0.0,0.0,100.0
20140208160300,0.0,0.0,0.0,0.0,0.0,0.0,0.0,100.0
20140208160400,0.0,0.0,0.0,0.0,0.0,0.0,0.0,100.0
20140208160500,0.0,0.0,0.0,0.0,0.0,0.0,0.0,100.0
20140208160600,0.0,0.0,0.0,0.0,0.0,0.0,0.0,100.0
20140208160700,0.0,0.0,0.0,0.0,0.0,0.0,0.0,100.0
20140208160800,0.0,0.0,0.0,0.0,0.0,0.0,0.0,100.0
20140208160900,0.0,0.0,0.0,0.0,0.0,0.0,0.0,100.0
20140208161000,0.0,0.0,0.0,0.0,0.0,0.0,0.0,100.0
20140208161100,0.0,0.0,0.0,0.0,0.0,0.0,0.0,100.0
20140208161200,0.0,0.0,0.0,0.0,0.1,0.0,0.0,99.9
20140208161300,0.0,0.0,0.0,0.0,0.0,0.0,0.0,100.0
20140208161400,0.0,0.0,0.0,0.0,0.0,0.0,0.0,100.0
20140208161500,0.0,0.0,0.0,0.0,0.0,0.0,0.0,100.0
20140208161600,0.0,0.0,0.0,0.0,0.0,0.0,0.0,100.0
20140208161700,0.0,0.0,0.0,0.0,0.0,0.0,0.0,99.9
20140208161800,0.0,0.0,0.0,0.0,0.1,0.0,0.0,99.9
20140208161900,0.0,0.0,0.0,0.0,0.2,0.0,0.3,99.5
20140208162000,0.0,0.0,0.0,0.0,0.1,0.0,1.0,99.0
20140208162100,0.0,0.0,0.0,0.0,0.0,0.0,0.5,99.5
20140208162200,0.0,0.0,0.0,0.0,0.0,0.0,0.5,99.5
20140208162300,0.0,0.0,0.0,0.0,0.0,0.0,0.1,99.9
20140208162400,0.0,0.0,0.0,0.0,0.3,0.0,1.6,98.1
20140208162500,0.0,0.0,0.0,0.0,0.9,0.0,4.4,94.7
20140208162600,0.0,0.0,0.0,0.0,7.3,0.0,19.9,72.7
20140208162700,0.0,0.0,0.0,0.0,2.8,0.0,22.6,74.5
20140208162800,0.0,0.0,0.0,0.0,0.3,0.0,3.0,96.7
20140208162900,0.0,0.0,0.0,0.1,36.7,0.0,20.0,43.3
20140208163000,0.0,0.0,0.0,0.1,3.5,0.0,24.3,72.1
20140208163100,0.0,0.0,0.0,0.2,10.3,0.0,9.4,80.1
20140208163200,0.0,0.0,0.0,0.1,4.8,0.0,64.9,30.2
20140208163300,0.0,0.0,0.0,0.7,27.2,0.0,62.4,9.7
20140208163400,0.0,0.0,0.0,0.1,11.8,0.0,85.3,2.8
20140208163500,0.0,0.0,0.0,0.0,3.9,0.0,90.6,5.5
20140208163600,0.0,0.0,0.0,0.1,2.3,0.0,31.5,66.1
20140208163700,0.0,0.0,0.0,0.0,0.1,0.0,57.4,42.5
20140208163800,0.0,0.0,0.0,0.1,0.0,0.0,96.0,3.8
20140208163900,0.0,0.0,0.0,0.1,0.1,0.0,96.6,3.2
20140208164000,0.0,0.0,0.0,0.0,0.8,0.0,99.0,0.2
20140208164100,0.0,0.0,0.0,0.0,0.0,0.0,99.9,0.1
20140208164200,0.0,0.0,0.0,0.0,0.0,0.0,100.0,0.0
20140208164300,0.0,0.0,0.0,0.0,0.0,0.0,99.2,0.8
20140208164400,0.0,0.0,0.0,0.0,0.0,0.0,97.6,2.4
20140208164500,0.0,0.0,0.0,0.0,0.0,0.0,99.3,0.7
20140208164600,0.0,0.0,0.0,0.0,0.0,0.0,99.4,0.6
20140208164700,0.0,0.0,0.0,0.0,0.0,0.0,97.9,2.0
20140208164800,0.0,0.0,0.0,0.1,0.0,0.0,99.1,0.8
20140208164900,0.0,0.0,0.0,0.0,0.0,0.0,99.9,0.1
20140208165000,0.0,0.0,0.0,0.1,0.0,0.0,99.9,0.1
20140208165100,0.0,0.0,0.0,0.0,0.0,0.0,100.0,0.0
20140208165200,0.0,0.0,0.0,0.0,0.0,0.0,99.9,0.0
20140208165300,0.0,0.0,0.0,0.0,0.3,0.0,99.7,0.0
20140208165400,0.0,0.0,0.0,0.1,0.1,0.0,99.8,0.0
20140208165500,0.0,0.0,0.0,0.9,6.9,0.0,91.6,0.6
20140208165600,0.0,0.0,0.0,1.2,19.2,0.0,73.2,6.4
20140208165700,0.0,0.0,0.0,1.5,1.8,0.0,96.0,0.6
20140208165800,0.0,0.0,0.0,3.4,15.1,0.0,80.4,1.1
20140208165900,0.0,0.0,0.0,5.5,0.5,0.0,93.9,0.1
20140208170000,0.0,0.0,0.0,0.0,0.1,0.0,99.8,0.0
20140208170100,0.0,0.0,0.0,0.4,54.8,0.0,44.8,0.0
20140208170200,0.0,0.1,0.0,1.8,20.7,0.0,77.3,0.1
20140208170300,0.0,0.0,0.0,1.4,1.5,0.0,97.0,0.0
20140208170400,0.0,0.0,0.0,0.2,0.6,0.0,99.0,0.1
20140208170500,0.0,0.0,0.0,0.0,0.0,0.0,99.8,0.1
20140208170600,0.0,0.0,0.0,1.0,3.1,0.0,95.8,0.0
20140208170700,0.0,0.0,0.0,0.0,0.1,0.0,99.7,0.1
20140208170800,0.0,0.0,0.0,0.1,5.9,0.0,94.0,0.0
20140208170900,0.0,0.0,0.0,2.9,17.0,0.0,80.0,0.0
20140208171000,0.0,0.0,0.0,1.1,98.7,0.0,0.2,0.0
20140208171100,0.0,0.0,0.0,0.2,99.2,0.0,0.6,0.0
20140208171200,0.0,0.0,0.0,6.9,85.0,0.0,8.1,0.1
20140208171300,0.0,0.0,0.0,2.4,11.3,0.0,86.2,0.1
20140208171400,0.0,0.0,0.0,0.5,21.7,0.0,77.7,0.0
20140208171500,0.0,0.0,0.0,0.1,3.4,0.0,96.5,0.0
20140208171600,0.0,0.0,0.0,1.0,9.1,0.0,89.8,0.0
20140208171700,0.0,0.0,0.0,0.3,33.4,0.0,66.2,0.0
20140208171800,0.0,0.0,0.0,0.4,28.7,0.0,70.9,0.0
20140208171900,0.0,0.0,0.0,0.8,23.6,0.0,75.6,0.1
20140208172000,0.0,0.0,0.0,0.0,1.3,0.0,98.7,0.0
20140208172100,0.0,0.0,0.0,0.5,0.8,0.0,98.7,0.0
20140208172200,0.0,0.0,0.0,0.4,13.5,0.0,86.1,0.0
20140208172300,0.0,0.1,0.0,4.6,59.6,0.0,35.7,0.0
20140208172400,0.0,0.5,0.0,15.2,75.9,0.0,8.4,0.0
20140208172500,0.0,0.3,0.0,89.0,10.6,0.0,0.2,0.0
20140208172600,0.0,0.0,0.0,65.7,8.9,0.0,24.6,0.8
20140208172700,0.0,0.0,0.0,0.8,0.2,0.0,98.9,0.1
20140208172800,0.0,0.0,0.0,0.0,3.6,0.0,96.3,0.1
20140208172900,0.0,0.0,0.0,25.5,12.5,0.0,62.0,0.0
20140208173000,0.0,0.2,0.0,9.7,81.5,0.0,8.6,0.0
20140208173100,0.0,0.1,0.0,37.4,59.9,0.0,2.6,0.0
20140208173200,0.0,0.2,0.0,43.4,55.9,0.0,0.5,0.0
20140208173300,0.0,0.1,0.0,89.7,9.1,0.0,1.1,0.0
20140208173400,0.0,0.1,0.0,57.4,38.6,0.0,3.9,0.0
20140208173500,0.0,0.0,0.0,99.9,0.1,0.0,0.0,0.0
20140208173600,0.0,0.0,0.0,99.8,0.1,0.0,0.1,0.0
20140208173700,0.0,0.0,0.0,98.0,1.5,0.0,0.4,0.1
20140208173800,0.0,0.0,0.0,36.5,0.2,0.0,63.1,0.2
20140208173900,0.0,0.0,0.0,99.7,0.2,0.0,0.1,0.1
20140208174000,0.0,0.0,0.0,99.9,0.0,0.0,0.0,0.0
20140208174100,0.0,0.0,0.0,99.5,0.1,0.0,0.3,0.0
20140208174200,0.0,0.0,0.0,52.1,5.4,0.0,40.7,1.8
20140208174300,0.0,0.0,0.0,87.5,1.5,0.0,8.3,2.7
20140208174400,0.0,0.0,0.0,4.7,0.5,0.0,91.4,3.4
20140208174500,0.0,0.0,0.0,6.0,2.2,0.0,89.0,2.8
20140208174600,0.0,0.0,0.0,4.8,3.9,0.0,90.2,1.1
20140208174700,0.0,0.0,0.1,3.4,2.2,0.0,91.5,2.8
20140208174800,0.0,0.0,0.0,6.0,0.7,0.0,88.3,4.9
20140208174900,0.0,0.0,0.0,36.3,1.5,0.0,56.5,5.7
20140208175000,0.0,0.0,0.0,39.2,1.9,0.0,58.0,0.8
20140208175100,0.0,0.0,0.0,94.4,1.4,0.0,3.8,0.4
20140208175200,0.0,0.0,0.0,2.0,1.3,0.0,95.4,1.4
20140208175300,0.0,0.0,0.0,2.1,1.6,0.0,94.9,1.4
20140208175400,0.0,0.0,0.0,3.8,2.6,0.0,93.0,0.6
20140208175500,0.0,0.0,0.0,3.3,0.2,0.0,96.2,0.3
20140208175600,0.0,0.0,0.0,1.3,0.3,0.0,98.1,0.4
20140208175700,0.0,0.0,0.0,17.2,0.5,0.0,81.0,1.3
20140208175800,0.0,0.0,0.0,2.3,0.7,0.0,95.3,1.7
20140208175900,0.0,0.0,0.0,1.8,0.2,0.0,93.2,4.8
20140208180000,0.0,0.0,0.0,0.4,0.2,0.0,98.6,0.8
20140208180100,0.0,0.0,0.1,1.1,0.6,0.0,91.5,6.6
20140208180200,0.0,0.0,0.1,1.3,0.4,0.0,91.6,6.5
20140208180300,0.0,0.0,0.0,0.4,0.1,0.0,96.2,3.2
20140208180400,0.0,0.0,0.1,0.6,0.4,0.0,64.7,34.2
20140208180500,0.0,0.0,0.0,14.2,2.1,0.0,64.7,19.0
20140208180600,0.0,0.0,0.0,8.4,4.5,0.0,22.3,64.8
20140208180700,0.0,0.0,0.1,2.8,0.6,0.0,22.5,74.0
20140208180800,0.0,0.0,0.0,2.7,0.8,0.0,13.8,82.7
20140208180900,0.0,0.0,0.0,9.7,0.5,0.0,76.1,13.6
20140208181000,0.0,0.0,0.0,10.9,2.4,0.0,30.4,56.3
20140208181100,0.0,0.0,0.0,11.1,25.2,0.0,40.7,23.0
20140208181200,0.0,0.0,0.0,1.3,3.1,0.0,52.1,43.5
20140208181300,0.0,0.0,0.0,4.0,8.4,0.0,44.3,43.3
20140208181400,0.0,0.0,0.0,1.3,4.8,0.0,77.1,16.8
20140208181500,0.0,0.0,0.0,3.0,4.8,0.0,29.2,63.1
20140208181600,0.0,0.0,0.0,0.7,3.8,0.0,42.8,52.8
20140208181700,0.0,0.0,0.0,2.4,5.9,0.0,42.9,48.8
20140208181800,0.0,0.0,0.0,0.1,0.4,0.0,30.3,69.2
20140208181900,0.0,0.0,0.0,1.5,1.8,0.0,87.9,8.8
20140208182000,0.0,0.0,0.0,1.1,3.8,0.0,82.8,12.3
20140208182100,0.0,0.0,0.0,1.5,6.0,0.0,57.1,35.4
20140208182200,0.0,0.0,0.0,1.7,15.6,0.0,43.2,39.4
20140208182300,0.0,0.0,0.0,0.6,7.0,0.0,63.4,29.0
20140208182400,0.0,0.0,0.0,0.5,2.5,0.0,57.0,39.9
20140208182500,0.0,0.0,0.0,1.8,0.4,0.0,66.6,31.1
20140208182600,0.0,0.0,0.0,0.8,0.9,0.0,55.3,43.0
20140208182700,0.0,0.0,0.0,0.7,2.4,0.0,52.4,44.5
20140208182800,0.0,0.0,0.0,2.8,4.9,0.0,31.9,60.4
20140208182900,0.0,0.0,0.0,2.8,9.0,0.0,7.4,80.8
20140208183000,0.0,0.0,0.0,0.3,0.2,0.0,40.4,59.1
20140208183100,0.0,0.0,0.0,0.2,1.4,0.0,33.5,64.9
20140208183200,0.0,0.0,0.0,0.5,1.5,0.0,17.2,80.8
20140208183300,0.0,0.0,0.0,0.6,3.4,0.0,18.6,77.4
20140208183400,0.0,0.0,0.0,2.2,11.9,0.0,46.2,39.7
20140208183500,0.0,0.0,0.0,4.8,42.7,0.0,19.5,32.9
20140208183600,0.0,0.0,0.0,6.8,35.8,0.0,12.1,45.3
20140208183700,0.0,0.0,0.7,5.7,59.8,0.0,9.2,24.5
20140208183800,0.0,0.0,0.0,3.4,9.5,0.0,79.1,8.1
20140208183900,0.0,0.0,0.0,1.7,2.6,0.0,73.4,22.3
20140208184000,0.0,0.0,0.0,1.0,0.7,0.0,80.5,17.7
20140208184100,0.0,0.0,0.0,0.3,0.3,0.0,97.0,2.4
20140208184200,0.0,0.0,0.0,0.5,0.3,0.0,77.9,21.2
20140208184300,0.0,0.0,0.0,0.5,0.2,0.0,47.2,52.1
20140208184400,0.0,0.0,0.0,5.3,1.1,0.0,44.8,48.7
20140208184500,0.0,0.0,0.0,1.9,0.7,0.0,47.4,50.0
20140208184600,0.0,0.0,0.0,9.2,1.3,0.0,24.0,65.5
20140208184700,0.0,0.0,0.1,13.5,3.2,0.0,33.5,49.8
20140208184800,0.0,0.0,0.0,6.8,4.1,0.0,56.2,32.9
20140208184900,0.0,0.0,0.0,0.2,4.5,0.0,27.6,67.7
20140208185000,0.0,0.0,0.0,0.1,2.1,0.0,5.8,92.0
20140208185100,0.0,0.0,0.0,0.2,4.5,0.0,18.5,76.7
20140208185200,0.0,0.0,0.0,0.2,0.6,0.0,29.2,69.9
20140208185300,0.0,0.0,0.0,0.0,0.1,0.0,6.5,93.4
20140208185400,0.0,0.0,0.0,0.2,0.4,0.0,4.4,95.0
20140208185500,0.0,0.0,0.0,4.7,2.4,0.0,16.1,76.8
20140208185600,0.0,0.0,0.0,2.2,0.6,0.0,12.2,85.0
20140208185700,0.0,0.0,0.0,7.8,0.5,0.0,25.2,66.5
20140208185800,0.0,0.0,0.0,4.6,0.7,0.0,16.2,78.4
20140208185900,0.0,0.0,0.0,0.3,0.1,0.0,49.3,50.3
20140208190000,0.0,0.0,0.0,1.1,2.1,0.0,56.2,40.6
20140208190100,0.0,0.0,0.0,1.0,1.0,0.0,57.7,40.4
20140208190200,0.0,0.0,0.0,1.4,1.8,0.0,80.3,16.5
20140208190300,0.0,0.0,0.0,8.6,3.3,0.0,77.5,10.5
20140208190400,0.0,0.0,0.0,8.0,2.6,0.0,28.0,61.4
20140208190500,0.0,0.0,0.0,2.6,3.2,0.0,4.5,89.8
20140208190600,0.0,0.0,0.0,47.1,2.6,0.0,5.3,45.0
20140208190700,0.0,0.0,0.0,31.4,12.0,0.0,2.7,53.9
20140208190800,0.0,0.0,0.0,26.2,2.3,0.0,14.4,57.0
20140208190900,0.0,0.0,0.0,97.9,0.5,0.0,0.4,1.1
20140208191000,0.0,0.0,0.0,73.6,1.4,0.0,3.0,22.1
20140208191100,0.0,0.0,0.0,80.4,7.8,0.0,5.7,6.1
20140208191200,0.0,0.0,0.0,96.0,0.8,0.0,0.1,3.1
20140208191300,0.0,0.0,0.0,90.2,0.8,0.0,0.2,8.8
20140208191400,0.0,0.0,0.0,99.9,0.0,0.0,0.0,0.1
20140208191500,0.0,0.0,0.0,99.3,0.2,0.0,0.0,0.5
20140208191600,0.0,0.0,0.0,95.9,0.2,0.0,0.0,3.9
20140208191700,0.0,0.0,0.0,77.1,0.2,0.0,0.0,22.7
20140208191800,0.0,0.0,0.0,29.3,0.5,0.0,0.0,70.2
20140208191900,0.0,0.0,0.0,43.4,11.3,0.0,7.9,37.4
20140208192000,0.0,0.0,0.0,10.0,3.6,0.0,68.6,17.7
20140208192100,0.0,0.0,0.0,0.0,0.0,0.0,99.7,0.3
20140208192200,0.0,0.0,0.0,0.4,0.3,0.0,97.8,1.6
20140208192300,0.0,0.0,0.0,0.5,0.2,0.0,97.9,1.4
20140208192400,0.0,0.0,0.0,0.4,0.2,0.0,98.4,1.1
20140208192500,0.0,0.0,0.0,0.2,0.0,0.0,99.4,0.4
20140208192600,0.0,0.0,0.0,0.6,0.3,0.0,98.6,0.5
20140208192700,0.0,0.0,0.0,0.3,0.0,0.0,99.6,0.1
20140208192800,0.0,0.0,0.0,0.4,0.2,0.0,99.2,0.3
20140208192900,0.0,0.0,0.0,1.0,0.1,0.0,98.5,0.3
20140208193000,0.0,0.0,0.0,0.6,0.4,0.0,98.3,0.6
20140208193100,0.0,0.0,0.0,0.4,0.1,0.0,99.4,0.2
20140208193200,0.0,0.0,0.0,2.4,0.2,0.0,96.3,1.1
20140208193300,0.0,0.0,0.0,0.4,0.2,0.0,99.0,0.4
20140208193400,0.0,0.0,0.0,0.2,0.2,0.0,99.1,0.5
20140208193500,0.0,0.0,0.0,0.4,0.7,0.0,96.8,2.1
20140208193600,0.0,0.0,0.0,0.2,1.4,0.0,97.9,0.5
20140208193700,0.0,0.0,0.0,2.5,2.1,0.0,91.3,4.1
20140208193800,0.0,0.0,0.0,2.4,0.6,0.0,96.5,0.5
20140208193900,0.0,0.0,0.0,1.1,1.3,0.0,97.1,0.6
20140208194000,0.0,0.0,0.0,4.4,2.6,0.0,87.5,5.5
20140208194100,0.0,0.0,0.0,1.5,1.1,0.0,89.4,8.0
20140208194200,0.0,0.0,0.0,0.5,0.4,0.0,94.1,5.1
20140208194300,0.0,0.0,0.0,2.0,0.2,0.0,93.6,4.2
20140208194400,0.0,0.0,0.0,0.2,0.0,0.0,99.3,0.4
20140208194500,0.0,0.0,0.0,4.5,0.8,0.0,94.1,0.6
20140208194600,0.0,0.0,0.0,0.8,0.3,0.0,98.1,0.8
20140208194700,0.0,0.0,0.0,0.0,0.0,0.0,99.9,0.1
20140208194800,0.0,0.0,0.0,1.8,0.0,0.0,97.9,0.2
20140208194900,0.0,0.0,0.0,0.3,0.0,0.0,99.1,0.6
20140208195000,0.0,0.0,0.0,1.5,0.0,0.0,98.1,0.3
20140208195100,0.0,0.0,0.0,3.8,0.0,0.0,95.3,0.9
20140208195200,0.0,0.0,0.0,0.9,0.1,0.0,98.3,0.7
20140208195300,0.0,0.0,0.0,2.0,0.0,0.0,97.7,0.2
20140208195400,0.0,0.0,0.0,2.4,0.0,0.0,95.4,2.2
20140208195500,0.0,0.0,0.0,0.3,0.0,0.0,99.6,0.1
20140208195600,0.0,0.0,0.0,1.9,0.0,0.0,97.9,0.2
20140208195700,0.0,0.0,0.0,2.3,0.0,0.0,96.6,1.1
20140208195800,0.0,0.0,0.0,3.8,0.1,0.0,94.4,1.7
20140208195900,0.0,0.0,0.0,1.2,0.1,0.0,97.2,1.5
20140208200000,0.0,0.0,0.0,0.4,0.3,0.0,96.7,2.6
20140208200100,0.0,0.0,0.0,0.3,0.3,0.0,95.8,3.6
20140208200200,0.0,0.0,0.0,0.6,1.0,0.0,95.3,3.1
20140208200300,0.0,0.0,0.0,4.7,0.5,0.0,92.8,2.0
20140208200400,0.0,0.0,0.0,28.4,1.5,0.0,52.6,17.4
20140208200500,0.0,0.0,0.0,11.6,7.9,0.0,70.8,9.7
20140208200600,0.0,0.0,0.0,17.3,1.9,0.0,74.7,6.2
20140208200700,0.0,0.0,0.0,9.5,0.4,0.0,87.1,3.1
20140208200800,0.0,0.0,0.0,4.4,0.3,0.0,94.7,0.6
20140208200900,0.0,0.0,0.0,5.4,0.2,0.0,94.0,0.4
20140208201000,0.0,0.0,0.0,1.6,0.2,0.0,97.7,0.4
20140208201100,0.0,0.0,0.0,1.3,0.1,0.0,94.3,4.3
20140208201200,0.0,0.0,0.0,2.6,0.4,0.0,94.6,2.5
20140208201300,0.0,0.0,0.0,10.7,5.5,0.0,62.1,21.8
20140208201400,0.0,0.0,0.0,2.1,1.8,0.0,93.4,2.7
20140208201500,0.0,0.0,0.0,4.0,0.9,0.0,94.1,1.0
20140208201600,0.0,0.0,0.0,7.8,2.1,0.0,82.8,7.2
20140208201700,0.0,0.0,0.0,1.8,3.4,0.0,87.1,7.7
20140208201800,0.0,0.0,0.0,1.7,3.4,0.0,85.2,9.7
20140208201900,0.0,0.0,0.0,0.6,0.7,0.0,97.8,0.8
20140208202000,0.0,0.0,0.0,1.0,0.3,0.0,98.6,0.1
20140208202100,0.0,0.0,0.0,2.1,1.9,0.0,91.0,5.0
20140208202200,0.0,0.0,0.0,10.6,1.2,0.0,86.6,1.6
20140208202300,0.0,0.0,0.0,6.1,1.8,0.0,89.4,2.7
20140208202400,0.0,0.0,0.0,1.3,1.0,0.0,93.2,4.5
20140208202500,0.0,0.0,0.0,5.1,14.0,0.0,29.1,51.8
20140208202600,0.0,0.0,0.0,1.8,1.7,0.0,15.9,80.6
20140208202700,0.0,0.0,0.0,0.5,1.4,0.0,71.3,26.8
20140208202800,0.0,0.0,0.0,0.8,0.4,0.0,67.0,31.8
20140208202900,0.0,0.0,0.0,0.4,0.4,0.0,57.0,42.2
20140208203000,0.0,0.0,0.0,0.5,0.2,0.0,16.4,82.9
20140208203100,0.0,0.0,0.0,0.1,1.5,0.0,71.6,26.8
20140208203200,0.0,0.0,0.0,0.1,1.4,0.0,92.4,6.1
20140208203300,0.0,0.0,0.0,0.1,0.3,0.0,89.8,9.9
20140208203400,0.0,0.0,0.0,1.1,1.8,0.0,81.2,15.8
20140208203500,0.0,0.0,0.0,0.5,2.4,0.0,81.6,15.6
20140208203600,0.0,0.0,0.0,0.5,0.7,0.0,94.4,4.5
20140208203700,0.0,0.0,0.0,4.8,0.7,0.0,74.0,20.5
20140208203800,0.0,0.0,0.0,1.5,0.7,0.0,92.7,5.1
20140208203900,0.0,0.0,0.0,1.6,0.5,0.0,94.3,3.6
20140208204000,0.0,0.0,0.0,2.8,0.2,0.0,89.9,7.1
20140208204100,0.0,0.0,0.0,2.9,0.3,0.0,78.8,18.0
20140208204200,0.0,0.0,0.0,5.1,1.6,0.0,89.0,4.2
20140208204300,0.0,0.0,0.0,4.6,1.1,0.0,60.6,33.6
20140208204400,0.0,0.0,0.0,0.4,0.2,0.0,76.1,23.3
20140208204500,0.0,0.0,0.0,3.7,1.3,0.0,49.9,45.1
20140208204600,0.0,0.0,0.1,8.7,6.7,0.0,73.2,11.4
20140208204700,0.0,0.0,0.0,0.5,1.0,0.0,94.7,3.8
20140208204800,0.0,0.0,0.0,5.2,2.5,0.0,82.4,9.9
20140208204900,0.0,0.0,0.0,4.0,0.7,0.0,84.7,10.6
20140208205000,0.0,0.0,0.1,2.1,1.8,0.0,85.2,10.8
20140208205100,0.0,0.1,0.2,27.3,6.8,0.0,52.9,12.8
20140208205200,0.0,0.0,0.1,14.3,0.8,0.0,71.6,13.1
20140208205300,0.0,0.0,0.1,10.4,1.7,0.0,79.9,7.9
20140208205400,0.0,0.0,0.1,12.7,2.3,0.0,68.3,16.6
20140208205500,0.0,0.0,0.0,2.7,0.4,0.0,93.7,3.1
20140208205600,0.0,0.0,0.0,21.4,3.2,0.0,57.0,18.4
20140208205700,0.0,0.1,0.0,24.6,6.0,0.0,50.0,19.2
20140208205800,0.0,0.1,0.1,9.3,49.4,0.0,3.3,37.8
20140208205900,0.0,0.5,0.1,3.0,83.2,0.0,10.9,2.3
20140208210000,0.0,1.4,0.6,1.3,15.8,0.0,76.4,4.5
20140208210100,0.0,0.9,0.9,1.2,43.8,0.0,42.8,10.3
20140208210200,0.0,0.1,1.9,9.7,76.8,0.0,4.5,7.0
20140208210300,0.0,0.1,0.2,4.3,6.2,0.0,60.6,28.6
20140208210400,0.0,0.1,0.3,5.3,6.1,0.0,73.9,14.3
20140208210500,0.0,0.1,0.1,12.1,3.7,0.0,76.8,7.2
20140208210600,0.0,0.0,0.1,7.2,1.4,0.0,86.7,4.5
20140208210700,0.0,0.0,0.0,0.1,0.2,0.0,99.0,0.7
20140208210800,0.0,0.0,0.0,0.2,0.4,0.0,89.1,10.3
20140208210900,0.0,0.0,0.0,0.4,0.1,0.0,69.9,29.7
20140208211000,0.0,0.0,0.0,0.6,0.2,0.0,61.6,37.6
20140208211100,0.0,0.0,0.0,0.0,0.0,0.0,98.8,1.2
20140208211200,0.0,0.0,0.1,0.5,0.4,0.0,96.9,2.0
20140208211300,0.0,0.1,0.5,12.8,24.8,0.0,54.8,7.1
20140208211400,0.0,0.0,0.2,7.0,36.1,0.0,51.4,5.1
20140208211500,0.0,0.0,0.4,7.0,6.6,0.0,70.4,15.6
20140208211600,0.0,0.0,0.0,1.4,5.6,0.0,51.6,41.4
20140208211700,0.0,0.0,1.1,4.4,40.7,0.0,19.9,33.9
20140208211800,0.0,0.0,0.2,0.8,27.9,0.0,49.1,21.9
20140208211900,0.0,0.0,0.6,2.8,5.7,0.0,81.9,8.9
20140208212000,0.0,0.1,0.3,5.0,20.1,0.0,45.5,29.1
20140208212100,0.0,0.0,0.7,4.5,24.2,0.0,32.0,38.7
20140208212200,0.0,0.6,0.6,2.1,22.7,0.0,73.6,0.5
20140208212300,0.0,0.1,0.3,2.2,32.2,0.0,64.3,0.8
20140208212400,0.0,0.0,0.1,2.1,14.4,0.0,57.7,25.7
20140208212500,0.0,0.0,0.0,0.8,4.1,0.0,88.6,6.5
20140208212600,0.0,0.0,0.1,0.6,0.4,0.0,98.1,0.8
20140208212700,0.0,0.0,0.0,0.3,6.0,0.0,90.8,2.9
20140208212800,0.0,0.0,0.1,0.4,33.9,0.0,64.7,0.8
20140208212900,0.0,0.0,0.0,0.7,14.4,0.0,74.3,10.6
20140208213000,0.0,0.0,0.2,3.3,73.5,0.0,14.5,8.6
20140208213100,0.0,0.0,0.1,10.1,65.1,0.0,15.4,9.3
20140208213200,0.0,0.0,0.0,28.9,59.3,0.0,7.9,3.9
20140208213300,0.0,0.0,0.1,20.1,56.8,0.0,15.5,7.6
20140208213400,0.0,0.0,0.0,3.5,24.6,0.0,49.6,22.3
20140208213500,0.0,0.0,0.0,1.9,9.8,0.0,81.4,7.0
20140208213600,0.0,0.0,0.0,0.4,2.0,0.0,95.4,2.1
20140208213700,0.0,0.0,0.0,1.2,5.7,0.0,82.3,10.9
20140208213800,0.0,0.0,0.0,0.7,9.1,0.0,51.9,38.4
20140208213900,0.0,0.0,0.0,0.6,6.3,0.0,85.8,7.3
20140208214000,0.0,0.0,0.0,1.3,55.6,0.0,24.0,19.1
20140208214100,0.0,0.0,0.0,0.3,2.0,0.0,97.0,0.6
20140208214200,0.0,0.0,0.0,0.1,1.0,0.0,97.5,1.5
20140208214300,0.0,0.0,0.0,1.5,12.3,0.0,68.6,17.6
20140208214400,0.0,0.0,0.0,0.1,0.4,0.0,97.1,2.4
20140208214500,0.0,0.0,0.0,0.3,1.9,0.0,94.9,2.8
20140208214600,0.0,0.0,0.0,0.2,6.7,0.0,90.9,2.3
20140208214700,0.0,0.0,0.0,0.0,0.1,0.0,99.6,0.2
20140208214800,0.0,0.0,0.0,0.7,0.9,0.0,96.5,1.9
20140208214900,0.0,0.0,0.0,0.1,0.2,0.0,99.3,0.5
20140208215000,0.0,0.0,0.0,0.0,0.2,0.0,98.8,1.0
20140208215100,0.0,0.0,0.0,0.0,0.0,0.0,100.0,0.0
20140208215200,0.0,0.0,0.0,0.0,0.0,0.0,100.0,0.0
20140208215300,0.0,0.0,0.0,0.0,0.0,0.0,99.9,0.1
20140208215400,0.0,0.0,0.0,0.0,0.0,0.0,100.0,0.0
20140208215500,0.0,0.0,0.0,0.0,0.0,0.0,100.0,0.0
20140208215600,0.0,0.0,0.0,0.0,0.0,0.0,100.0,0.0
20140208215700,0.0,0.0,0.0,0.0,0.0,0.0,100.0,0.0
20140208215800,0.0,0.0,0.0,0.0,0.0,0.0,100.0,0.0
20140208215900,0.0,0.0,0.0,0.0,0.0,0.0,100.0,0.0
20140208220000,0.0,0.0,0.0,0.0,0.0,0.0,100.0,0.0
20140208220100,0.0,0.0,0.0,0.0,0.0,0.0,100.0,0.0
20140208220200,0.0,0.0,0.0,0.0,0.0,0.0,100.0,0.0
20140208220300,0.0,0.0,0.0,0.0,0.0,0.0,100.0,0.0
20140208220400,0.0,0.0,0.0,0.0,0.0,0.0,100.0,0.0
20140208220500,0.0,0.0,0.0,0.0,0.0,0.0,100.0,0.0
20140208220600,0.0,0.0,0.0,0.0,0.0,0.0,100.0,0.0
20140208220700,0.0,0.0,0.0,0.0,0.2,0.0,99.1,0.7
20140208220800,0.0,0.0,0.0,0.0,0.0,0.0,99.7,0.3
20140208220900,0.0,0.0,0.0,0.2,2.0,0.0,80.1,17.7
20140208221000,0.0,0.0,0.0,0.2,0.7,0.0,89.9,9.3
20140208221100,0.0,0.0,0.0,0.2,0.2,0.0,88.8,10.8
20140208221200,0.0,0.0,0.0,0.1,0.2,0.0,93.2,6.6
20140208221300,0.0,0.0,0.0,0.1,0.1,0.0,87.7,12.0
20140208221400,0.0,0.0,0.0,1.6,0.4,0.0,92.4,5.5
20140208221500,0.0,0.0,0.0,0.3,0.2,0.0,95.0,4.5
20140208221600,0.0,0.0,0.0,0.1,0.1,0.0,98.5,1.4
20140208221700,0.0,0.0,0.0,0.3,0.2,0.0,93.9,5.7
20140208221800,0.0,0.0,0.0,0.1,0.0,0.0,99.3,0.5
20140208221900,0.0,0.0,0.0,0.0,0.0,0.0,99.6,0.3
20140208222000,0.0,0.0,0.0,0.0,0.1,0.0,98.8,1.2
20140208222100,0.0,0.0,0.0,0.0,0.2,0.0,98.3,1.5
20140208222200,0.0,0.0,0.0,0.0,0.2,0.0,96.0,3.8
20140208222300,0.0,0.0,0.0,0.0,0.0,0.0,99.8,0.2
20140208222400,0.0,0.0,0.0,0.0,0.5,0.0,96.3,3.2
20140208222500,0.0,0.0,0.0,0.0,0.0,0.0,99.8,0.1
20140208222600,0.0,0.0,0.0,0.0,0.2,0.0,99.2,0.6
20140208222700,0.0,0.0,0.0,0.1,0.0,0.0,99.6,0.3
20140208222800,0.0,0.0,0.0,0.1,0.0,0.0,99.7,0.2
20140208222900,0.0,0.0,0.0,0.0,0.1,0.0,99.8,0.1
20140208223000,0.0,0.0,0.0,0.0,0.0,0.0,99.9,0.1
20140208223100,0.0,0.0,0.0,0.0,0.2,0.0,98.6,1.2
20140208223200,0.0,0.0,0.0,0.1,0.1,0.0,99.6,0.3
20140208223300,0.0,0.0,0.0,0.0,0.0,0.0,99.9,0.1
20140208223400,0.0,0.0,0.0,0.0,0.0,0.0,99.8,0.2
20140208223500,0.0,0.0,0.0,0.0,0.1,0.0,99.6,0.3
20140208223600,0.0,0.0,0.0,0.0,0.1,0.0,99.7,0.2
20140208223700,0.0,0.0,0.0,0.0,0.1,0.0,99.3,0.6
20140208223800,0.0,0.0,0.0,0.0,0.0,0.0,100.0,0.0
20140208223900,0.0,0.0,0.0,0.0,0.0,0.0,100.0,0.0
20140208224000,0.0,0.0,0.0,0.0,0.0,0.0,99.8,0.2
20140208224100,0.0,0.0,0.0,0.0,0.0,0.0,100.0,0.0
20140208224200,0.0,0.0,0.0,0.0,0.0,0.0,99.9,0.1
20140208224300,0.0,0.0,0.0,0.0,0.1,0.0,99.8,0.1
20140208224400,0.0,0.0,0.0,0.0,0.0,0.0,100.0,0.0
20140208224500,0.0,0.0,0.0,0.0,0.0,0.0,99.7,0.2
20140208224600,0.0,0.0,0.0,0.0,0.0,0.0,100.0,0.0
20140208224700,0.0,0.0,0.0,0.0,0.0,0.0,100.0,0.0
20140208224800,0.0,0.0,0.0,0.0,0.0,0.0,100.0,0.0
20140208224900,0.0,0.0,0.0,0.0,0.0,0.0,99.3,0.6
20140208225000,0.0,0.0,0.0,0.0,0.0,0.0,99.6,0.4
20140208225100,0.0,0.0,0.0,0.0,0.0,0.0,99.5,0.5
20140208225200,0.0,0.0,0.0,0.0,0.0,0.0,99.9,0.1
20140208225300,0.0,0.0,0.0,0.0,0.0,0.0,98.8,1.1
20140208225400,0.0,0.0,0.0,0.0,0.0,0.0,99.8,0.1
20140208225500,0.0,0.0,0.0,0.0,0.0,0.0,99.8,0.1
20140208225600,0.0,0.0,0.0,0.2,0.1,0.0,87.7,12.0
20140208225700,0.0,0.0,0.0,0.1,0.3,0.0,90.8,8.7
20140208225800,0.0,0.0,0.0,0.2,0.3,0.0,22.9,76.7
20140208225900,0.0,0.0,0.0,0.2,0.0,0.0,94.3,5.5
20140208230000,0.0,0.0,0.0,0.1,0.0,0.0,84.5,15.3
20140208230100,0.0,0.0,0.0,0.0,0.0,0.0,99.9,0.1
20140208230200,0.0,0.0,0.0,0.1,0.0,0.0,98.9,1.0
20140208230300,0.0,0.0,0.0,0.9,0.2,0.0,83.7,15.2
20140208230400,0.0,0.0,0.0,2.9,0.7,0.0,87.8,8.6
20140208230500,0.0,0.0,0.0,14.9,3.1,0.0,74.1,7.9
20140208230600,0.0,0.0,0.0,0.1,0.0,0.0,99.7,0.1
20140208230700,0.0,0.0,0.0,0.0,0.0,0.0,99.7,0.3
20140208230800,0.0,0.0,0.0,0.0,0.0,0.0,99.9,0.1
20140208230900,0.0,0.0,0.0,0.0,0.0,0.0,99.7,0.2
20140208231000,0.0,0.0,0.0,0.0,0.0,0.0,99.9,0.1
20140208231100,0.0,0.0,0.0,0.1,0.0,0.0,98.2,1.7
20140208231200,0.0,0.0,0.1,7.8,8.9,0.0,29.2,54.1
20140208231300,0.0,0.0,0.1,4.1,10.7,0.0,6.4,78.7
20140208231400,0.0,0.0,0.0,1.1,4.2,0.0,70.5,24.2
20140208231500,0.0,0.0,0.0,0.4,0.1,0.0,88.6,10.9
20140208231600,0.0,0.0,0.0,0.1,0.1,0.0,97.9,1.9
20140208231700,0.0,0.0,0.0,0.0,0.0,0.0,100.0,0.0
20140208231800,0.0,0.0,0.0,0.0,0.1,0.0,98.7,1.2
20140208231900,0.0,0.0,0.1,1.0,4.0,0.0,25.9,69.0
20140208232000,0.0,0.0,0.0,4.3,0.7,0.0,0.1,95.0
20140208232100,0.0,0.0,0.1,4.4,1.3,0.0,3.0,91.3
20140208232200,0.0,0.0,0.0,9.6,1.5,0.0,4.8,84.1
20140208232300,0.0,0.0,0.1,12.4,3.1,0.0,1.3,83.1
20140208232400,0.0,0.0,0.0,0.2,0.1,0.0,98.5,1.3
20140208232500,0.0,0.0,0.0,0.3,0.1,0.0,99.1,0.5
20140208232600,0.0,0.0,0.0,0.1,0.0,0.0,99.1,0.7
20140208232700,0.0,0.0,0.0,0.0,0.0,0.0,100.0,0.0
20140208232800,0.0,0.0,0.0,0.0,0.0,0.0,100.0,0.0
20140208232900,0.0,0.0,0.0,0.0,0.0,0.0,100.0,0.0
20140208233000,0.0,0.0,0.0,0.0,0.0,0.0,100.0,0.0
20140208233100,0.0,0.0,0.0,0.0,0.0,0.0,100.0,0.0
20140208233200,0.0,0.0,0.0,0.0,0.0,0.0,100.0,0.0
20140208233300,0.0,0.0,0.0,0.0,0.0,0.0,100.0,0.0
20140208233400,0.0,0.0,0.0,0.0,0.0,0.0,100.0,0.0
20140208233500,0.0,0.0,0.0,0.0,0.0,0.0,100.0,0.0
20140208233600,0.0,0.0,0.0,0.0,0.0,0.0,100.0,0.0
20140208234433,0.0,0.0,0.0,0.3,0.2,0.0,96.7,2.8
20140208234533,0.0,0.0,0.0,1.5,0.1,0.0,97.8,0.6
20140208234633,0.0,0.0,0.0,0.3,0.3,0.0,98.9,0.5
20140208234733,0.0,0.0,0.0,0.2,0.3,0.0,98.6,0.8
20140208234833,0.0,0.0,0.0,0.1,0.0,0.0,99.9,0.0
20140208234933,0.0,0.0,0.0,0.2,0.1,0.0,99.2,0.5
20140208235033,0.0,0.0,0.0,0.0,0.0,0.0,100.0,0.0
20140208235133,0.0,0.0,0.0,0.0,0.0,0.0,99.9,0.0
20140208235233,0.0,0.0,0.0,0.0,0.0,0.0,100.0,0.0
20140208235333,0.0,0.0,0.0,0.0,0.0,0.0,99.9,0.0
20140208235433,0.0,0.0,0.0,0.0,0.0,0.0,100.0,0.0
20140208235533,0.0,0.0,0.0,0.0,0.0,0.0,100.0,0.0
20140208235633,0.0,0.0,0.0,0.0,0.0,0.0,100.0,0.0
20140208235733,0.0,0.0,0.0,0.0,0.0,0.0,100.0,0.0
20140208235833,0.0,0.0,0.0,0.0,0.0,0.0,100.0,0.0
20140208235933,0.0,0.0,0.0,0.0,0.0,0.0,100.0,0.0
20140209000033,0.0,0.0,0.0,0.0,0.0,0.0,100.0,0.0
20140209000133,0.0,0.0,0.0,0.0,0.0,0.0,100.0,0.0
20140209000233,0.0,0.0,0.0,0.0,0.0,0.0,100.0,0.0
20140209000333,0.0,0.0,0.0,0.0,0.0,0.0,100.0,0.0
20140209000433,0.0,0.0,0.0,0.0,0.0,0.0,100.0,0.0
20140209000533,0.0,0.0,0.0,0.0,0.0,0.0,100.0,0.0
20140209000633,0.0,0.0,0.0,0.0,0.0,0.0,100.0,0.0
20140209000733,0.0,0.0,0.0,0.0,0.0,0.0,99.6,0.4
20140209000833,0.0,0.0,0.0,0.0,0.0,0.0,99.6,0.4
20140209000933,0.0,0.0,0.0,0.0,0.0,0.0,99.9,0.1
20140209001033,0.0,0.0,0.0,0.1,0.0,0.0,99.7,0.2
20140209001133,0.0,0.0,0.0,0.1,0.0,0.0,99.8,0.1
20140209001233,0.0,0.0,0.0,0.1,0.1,0.0,99.4,0.4
20140209001333,0.0,0.0,0.0,0.1,0.1,0.0,98.3,1.6
20140209001433,0.0,0.0,0.0,0.0,0.0,0.0,100.0,0.0
20140209001533,0.0,0.0,0.0,0.0,0.0,0.0,99.9,0.1
20140209001633,0.0,0.0,0.0,0.0,0.0,0.0,100.0,0.0
20140209001733,0.0,0.0,0.0,0.0,0.0,0.0,99.9,0.1
20140209001833,0.0,0.0,0.0,0.0,0.0,0.0,100.0,0.0
20140209001933,0.0,0.0,0.0,0.0,0.0,0.0,99.9,0.0
20140209002033,0.0,0.0,0.0,0.0,0.0,0.0,100.0,0.0
20140209002133,0.0,0.0,0.0,0.0,0.0,0.0,100.0,0.0
20140209002233,0.0,0.0,0.0,0.0,0.0,0.0,100.0,0.0
20140209002333,0.0,0.0,0.0,0.0,0.0,0.0,100.0,0.0
20140209002433,0.0,0.0,0.0,0.0,0.0,0.0,100.0,0.0
20140209002533,0.0,0.0,0.0,0.0,0.0,0.0,100.0,0.0
20140209002633,0.0,0.0,0.0,0.0,0.0,0.0,100.0,0.0
20140209002733,0.0,0.0,0.0,0.0,0.0,0.0,100.0,0.0
20140209002833,0.0,0.0,0.0,0.0,0.0,0.0,100.0,0.0
20140209002933,0.0,0.0,0.0,0.0,0.0,0.0,100.0,0.0
20140209003033,0.0,0.0,0.0,0.0,0.0,0.0,100.0,0.0
20140209003133,0.0,0.0,0.0,0.0,0.0,0.0,99.9,0.0
20140209003233,0.0,0.0,0.0,0.0,0.0,0.0,100.0,0.0
20140209003333,0.0,0.0,0.0,0.0,0.0,0.0,100.0,0.0
20140209003433,0.0,0.0,0.0,0.0,0.0,0.0,100.0,0.0
20140209003533,0.0,0.0,0.0,0.0,0.0,0.0,100.0,0.0
20140209003633,0.0,0.0,0.0,0.0,0.0,0.0,100.0,0.0
20140209003733,0.0,0.0,0.0,0.0,0.0,0.0,100.0,0.0
20140209003833,0.0,0.0,0.0,0.0,0.0,0.0,100.0,0.0
20140209003933,0.0,0.0,0.0,0.0,0.0,0.0,100.0,0.0
20140209004033,0.0,0.0,0.0,0.0,0.0,0.0,100.0,0.0
20140209004133,0.0,0.0,0.0,0.0,0.0,0.0,100.0,0.0
20140209004233,0.0,0.0,0.0,0.0,0.0,0.0,100.0,0.0
20140209004333,0.0,0.0,0.0,0.0,0.0,0.0,100.0,0.0
20140209004433,0.0,0.0,0.0,0.0,0.0,0.0,100.0,0.0
20140209004533,0.0,0.0,0.0,0.1,0.0,0.0,99.9,0.0
20140209004633,0.0,0.0,0.0,0.4,0.0,0.0,99.6,0.0
20140209004733,0.0,0.0,0.0,0.2,0.0,0.0,99.7,0.0
20140209004833,0.0,0.0,0.1,0.2,0.0,0.0,99.7,0.0
20140209004933,0.0,0.0,2.4,3.0,0.2,0.0,94.4,0.1
20140209005033,0.0,0.0,0.0,4.7,0.3,0.0,95.0,0.0
20140209005133,0.0,0.0,0.0,0.2,0.0,0.0,99.7,0.1
20140209005233,0.0,0.1,0.0,1.5,0.6,0.0,97.7,0.1
20140209005333,0.0,0.0,0.2,2.1,0.2,0.0,97.2,0.3
20140209005433,0.0,0.1,0.1,3.9,0.2,0.0,95.1,0.6
20140209005533,0.0,0.0,0.0,4.2,0.0,0.0,27.2,68.5
20140209005633,0.0,0.0,0.0,0.6,0.0,0.0,98.6,0.7
20140209005733,0.0,0.0,0.2,28.6,1.1,0.0,15.3,54.8
20140209005833,0.0,0.3,4.1,51.8,4.0,0.0,20.0,19.9
20140209005933,0.0,0.0,0.9,73.2,1.7,0.0,4.1,20.1
20140209010033,0.0,0.1,0.8,72.6,1.6,0.0,8.9,16.1
20140209010133,0.0,0.0,0.6,29.8,15.8,0.0,37.5,16.3
20140209010233,0.0,0.0,0.1,50.5,0.7,0.0,18.0,30.7
20140209010333,0.0,0.0,0.0,94.4,0.4,0.0,4.3,0.9
20140209010433,0.0,0.0,0.0,98.9,0.1,0.0,1.0,0.0
20140209010533,0.0,0.0,0.0,59.2,0.1,0.0,39.9,0.8
20140209010633,0.0,0.0,0.0,98.1,1.7,0.0,0.1,0.1
20140209010733,0.0,0.0,0.0,32.6,0.7,0.0,66.2,0.5
20140209010833,0.0,0.0,0.0,54.3,0.1,0.0,43.8,1.8
20140209010933,0.0,0.0,0.0,34.1,0.1,0.0,63.8,1.9
20140209011033,0.0,0.0,0.0,31.0,0.0,0.0,68.9,0.1
20140209011133,0.0,0.0,0.0,1.7,0.0,0.0,98.2,0.1
20140209011233,0.0,0.0,0.0,5.3,0.0,0.0,94.6,0.1
20140209011333,0.0,0.0,0.0,45.3,0.0,0.0,54.6,0.0
20140209011433,0.0,0.0,0.0,63.7,0.1,0.0,35.9,0.2
20140209011533,0.0,0.0,0.0,2.5,0.0,0.0,97.5,0.1
20140209011633,0.0,0.0,0.0,0.4,0.0,0.0,99.3,0.3
20140209011733,0.0,0.0,0.0,0.2,0.0,0.0,99.7,0.1
20140209011833,0.0,0.0,0.0,0.5,0.0,0.0,99.4,0.1
20140209011933,0.0,0.0,0.0,0.0,0.0,0.0,100.0,0.0
20140209012033,0.0,0.0,0.0,0.0,0.0,0.0,100.0,0.0
20140209012133,0.0,0.0,0.0,0.0,0.0,0.0,100.0,0.0
20140209012233,0.0,0.0,0.0,0.0,0.0,0.0,100.0,0.0
20140209012333,0.0,0.0,0.0,0.0,0.0,0.0,100.0,0.0
20140209012433,0.0,0.0,0.0,0.0,0.0,0.0,100.0,0.0
20140209012533,0.0,0.0,0.0,0.0,0.0,0.0,100.0,0.0
20140209012633,0.0,0.0,0.0,0.0,0.0,0.0,100.0,0.0
20140209012733,0.0,0.0,0.0,0.0,0.0,0.0,99.9,0.1
20140209012833,0.0,0.0,0.0,0.0,0.0,0.0,99.9,0.0
20140209012933,0.0,0.0,0.0,0.0,0.0,0.0,100.0,0.0
20140209013033,0.0,0.0,0.0,0.0,0.0,0.0,100.0,0.0
20140209013133,0.0,0.0,0.0,0.1,0.0,0.0,99.8,0.2
20140209013233,0.0,0.0,0.0,0.0,0.0,0.0,100.0,0.0
20140209013333,0.0,0.0,0.0,0.0,0.0,0.0,99.9,0.1
20140209013433,0.0,0.0,0.0,0.0,0.0,0.0,100.0,0.0
20140209013533,0.0,0.0,0.0,0.0,0.0,0.0,99.9,0.1
20140209013633,0.0,0.0,0.0,0.0,0.0,0.0,99.5,0.5
20140209013733,0.0,0.0,0.0,0.3,0.0,0.0,99.3,0.4
20140209013833,0.0,0.0,0.0,0.1,0.0,0.0,99.5,0.3
20140209013933,0.0,0.0,0.0,0.2,0.0,0.0,99.6,0.2
20140209014033,0.0,0.0,0.0,0.1,0.0,0.0,99.8,0.1
20140209014133,0.0,0.0,0.0,0.0,0.0,0.0,99.9,0.0
20140209014233,0.0,0.0,0.0,0.1,0.0,0.0,99.2,0.7
20140209014333,0.0,0.0,0.0,0.0,0.0,0.0,99.8,0.1
20140209014433,0.0,0.0,0.0,0.4,0.0,0.0,97.4,2.2
20140209014533,0.0,0.0,0.0,0.1,0.0,0.0,95.4,4.5
20140209014633,0.0,0.0,0.0,0.4,0.0,0.0,59.0,40.5
20140209014733,0.0,0.0,0.0,0.2,0.0,0.0,99.4,0.4
20140209014833,0.0,0.0,0.0,0.3,0.0,0.0,98.1,1.7
20140209014933,0.0,0.0,0.0,0.1,0.0,0.0,90.3,9.6
20140209015033,0.0,0.0,0.0,0.5,0.0,0.0,98.2,1.2
20140209015133,0.0,0.0,0.0,0.4,0.0,0.0,92.1,7.5
20140209015233,0.0,0.0,0.0,0.4,0.0,0.0,99.3,0.4
20140209015333,0.0,0.0,0.0,0.0,0.0,0.0,99.9,0.1
20140209015433,0.0,0.0,0.0,0.0,0.0,0.0,99.9,0.1
20140209015533,0.0,0.0,0.0,0.1,0.0,0.0,99.8,0.1
20140209015633,0.0,0.0,0.0,0.0,0.0,0.0,100.0,0.0
20140209015733,0.0,0.0,0.0,0.0,0.0,0.0,100.0,0.0
20140209015833,0.0,0.0,0.0,0.0,0.0,0.0,100.0,0.0
20140209015933,0.0,0.0,0.0,1.2,0.0,0.0,98.7,0.1
20140209020033,0.0,0.0,0.0,0.1,0.0,0.0,99.8,0.0
20140209020133,0.0,0.0,0.0,0.3,0.0,0.0,99.4,0.4
20140209020233,0.0,0.0,0.0,0.1,0.0,0.0,99.9,0.0
20140209020333,0.0,0.0,0.0,0.5,0.0,0.0,98.9,0.6
20140209020433,0.0,0.0,0.0,31.2,0.0,0.0,64.3,4.4
20140209020533,0.0,0.0,0.0,0.9,0.0,0.0,96.1,2.9
20140209020633,0.0,0.0,0.0,0.9,0.0,0.0,99.0,0.1
20140209020733,0.0,0.0,0.0,10.8,0.1,0.0,88.3,0.7
20140209020833,0.0,0.0,0.0,0.0,0.0,0.0,100.0,0.0
20140209020933,0.0,0.0,0.0,0.4,0.0,0.0,99.5,0.1
20140209021033,0.0,0.0,0.0,0.7,0.0,0.0,99.3,0.0
20140209021133,0.0,0.0,0.0,0.0,0.0,0.0,100.0,0.0
20140209021233,0.0,0.0,0.0,0.0,0.0,0.0,99.9,0.0
20140209021333,0.0,0.0,0.0,0.2,0.0,0.0,99.8,0.0
20140209021433,0.0,0.0,0.0,0.3,0.0,0.0,99.7,0.0
20140209021533,0.0,0.0,0.0,3.9,0.0,0.0,95.9,0.2
20140209021633,0.0,0.0,0.0,0.2,0.0,0.0,98.9,0.8
20140209021733,0.0,0.0,0.0,0.2,0.0,0.0,99.6,0.2
20140209021833,0.0,0.0,0.0,0.5,0.0,0.0,99.3,0.1
20140209021933,0.0,0.0,0.0,0.1,0.0,0.0,99.8,0.1
20140209022033,0.0,0.0,0.0,0.0,0.0,0.0,99.6,0.3
20140209022133,0.0,0.0,0.0,0.2,0.0,0.0,99.3,0.4
20140209022233,0.0,0.0,0.0,0.6,0.0,0.0,99.4,0.0
20140209022333,0.0,0.0,0.0,0.2,0.0,0.0,99.8,0.0
20140209022433,0.0,0.0,0.0,0.1,0.0,0.0,99.9,0.0
20140209022533,0.0,0.0,0.0,0.1,0.0,0.0,99.9,0.1
20140209022633,0.0,0.0,0.0,0.4,0.0,0.0,99.6,0.0
20140209022733,0.0,0.0,0.0,0.0,0.0,0.0,99.9,0.1
20140209022833,0.0,0.0,0.0,0.0,0.0,0.0,99.9,0.0
20140209022933,0.0,0.0,0.0,0.0,0.0,0.0,99.9,0.0
20140209023033,0.0,0.0,0.0,0.0,0.0,0.0,100.0,0.0
20140209023133,0.0,0.0,0.0,0.3,0.0,0.0,99.6,0.0
20140209023233,0.0,0.0,0.0,2.4,0.0,0.0,97.5,0.1
20140209023333,0.0,0.0,0.0,0.1,0.0,0.0,99.6,0.3
20140209023433,0.0,0.0,0.0,99.3,0.1,0.0,0.5,0.1
20140209023533,0.0,0.1,0.0,98.2,0.0,0.0,1.6,0.2
20140209023633,0.0,0.0,0.0,99.8,0.0,0.0,0.0,0.2
20140209023733,0.0,0.0,0.0,97.7,0.0,0.0,2.2,0.2
20140209023833,0.0,0.0,0.0,100.0,0.0,0.0,0.0,0.0
20140209023933,0.0,0.0,0.0,99.9,0.0,0.0,0.0,0.0
20140209024033,0.0,0.0,0.0,99.8,0.2,0.0,0.0,0.0
20140209024133,0.0,0.0,0.0,99.9,0.1,0.0,0.0,0.0
20140209024233,0.0,0.0,0.0,99.6,0.4,0.0,0.0,0.0
20140209024333,0.0,0.0,0.0,98.1,0.2,0.0,0.2,1.4
20140209024433,0.0,0.0,0.0,99.4,0.5,0.0,0.0,0.0
20140209024533,0.0,0.0,0.0,100.0,0.0,0.0,0.0,0.0
20140209024633,0.0,0.0,0.0,99.9,0.1,0.0,0.0,0.1
20140209024733,0.0,0.0,0.0,99.1,0.5,0.0,0.0,0.4
20140209024833,0.0,0.0,0.0,99.7,0.1,0.0,0.0,0.1
20140209024933,0.0,0.0,0.0,99.7,0.1,0.0,0.0,0.2
20140209025033,0.0,0.0,0.0,99.2,0.0,0.0,0.1,0.8
20140209025133,0.0,0.0,0.0,99.9,0.1,0.0,0.0,0.0
20140209025233,0.0,0.0,0.0,99.7,0.2,0.0,0.1,0.1
20140209025333,0.0,0.0,0.0,99.9,0.0,0.0,0.1,0.0
20140209025433,0.0,0.0,0.0,86.4,0.8,0.0,12.3,0.4
20140209025533,0.0,0.0,0.0,98.3,0.0,0.0,1.6,0.0
20140209025633,0.0,0.0,0.0,98.3,0.3,0.0,1.3,0.1
20140209025733,0.0,0.0,0.0,96.2,0.1,0.0,3.6,0.0
20140209025833,0.0,0.0,0.0,99.0,0.4,0.0,0.5,0.1
20140209025933,0.0,0.0,0.0,93.5,0.2,0.0,6.3,0.1
20140209030033,0.0,0.0,0.0,99.9,0.0,0.0,0.1,0.0
20140209030133,0.0,0.0,0.0,96.6,0.0,0.0,3.2,0.2
20140209030233,0.0,0.0,0.0,98.2,0.0,0.0,1.2,0.6
20140209030333,0.0,0.0,0.0,99.3,0.1,0.0,0.4,0.2
20140209030433,0.0,0.0,0.0,98.4,0.1,0.0,0.4,1.1
20140209030533,0.0,0.0,0.0,98.3,0.3,0.0,1.1,0.3
20140209030633,0.0,0.0,0.0,99.4,0.2,0.0,0.3,0.1
20140209030733,0.0,0.0,0.0,99.6,0.2,0.0,0.1,0.1
20140209030833,0.0,0.0,0.0,99.6,0.1,0.0,0.1,0.2
20140209030933,0.0,0.0,0.0,99.8,0.2,0.0,0.0,0.0
20140209031033,0.0,0.0,0.0,97.2,2.7,0.0,0.1,0.1
20140209031133,0.0,0.0,0.0,99.9,0.1,0.0,0.0,0.0
20140209031233,0.0,0.0,0.0,99.8,0.1,0.0,0.1,0.0
20140209031333,0.0,0.0,0.0,99.9,0.1,0.0,0.0,0.0
20140209031433,0.0,0.0,0.0,99.0,0.9,0.0,0.0,0.0
20140209031533,0.0,0.0,0.0,95.5,0.9,0.0,3.2,0.3
20140209031633,0.0,0.0,0.0,100.0,0.0,0.0,0.0,0.0
20140209031733,0.0,0.0,0.0,99.9,0.0,0.0,0.0,0.0
20140209031833,0.0,0.0,0.0,100.0,0.0,0.0,0.0,0.0
20140209031933,0.0,0.0,0.1,99.4,0.5,0.0,0.0,0.0
20140209032033,0.0,0.0,1.2,98.6,0.2,0.0,0.0,0.0
20140209032133,0.0,0.0,0.2,99.2,0.6,0.0,0.0,0.0
20140209032233,0.0,0.1,2.6,89.3,7.9,0.0,0.1,0.0
20140209032333,0.0,0.0,14.3,85.1,0.5,0.0,0.0,0.1
20140209032433,0.0,0.0,6.1,92.8,0.9,0.0,0.0,0.2
20140209032533,0.0,0.0,2.3,96.2,1.4,0.0,0.0,0.1
20140209032633,0.0,0.0,2.6,97.2,0.1,0.0,0.0,0.0
20140209032733,0.0,0.0,0.0,99.9,0.1,0.0,0.0,0.0
20140209032833,0.0,0.0,0.7,98.9,0.4,0.0,0.0,0.0
20140209032933,0.0,0.0,1.7,98.1,0.2,0.0,0.0,0.0
20140209033033,0.0,0.0,0.2,99.8,0.0,0.0,0.0,0.0
20140209033133,0.0,0.0,0.0,99.9,0.0,0.0,0.0,0.0
20140209033233,0.0,0.0,0.0,100.0,0.0,0.0,0.0,0.0
20140209033333,0.0,0.0,3.8,96.1,0.1,0.0,0.0,0.0
20140209033433,0.0,0.0,0.1,99.9,0.0,0.0,0.0,0.0
20140209033533,0.0,0.0,0.0,100.0,0.0,0.0,0.0,0.0
20140209033633,0.0,0.0,3.8,96.1,0.0,0.0,0.0,0.0
20140209033733,0.0,0.0,5.7,93.8,0.3,0.0,0.0,0.1
20140209033833,0.0,0.0,1.2,98.8,0.0,0.0,0.0,0.0
20140209033933,0.0,0.0,5.1,94.8,0.0,0.0,0.0,0.0
20140209034033,0.0,0.0,5.0,95.0,0.0,0.0,0.0,0.0
20140209034133,0.0,0.0,39.6,60.4,0.1,0.0,0.0,0.0
20140209034233,0.0,0.0,1.5,98.5,0.0,0.0,0.0,0.0
20140209034333,0.0,0.0,0.4,99.6,0.0,0.0,0.0,0.0
20140209034433,0.0,0.0,3.0,96.9,0.0,0.0,0.0,0.0
20140209034533,0.0,0.0,11.6,88.3,0.1,0.0,0.0,0.0
20140209034633,0.0,0.0,0.9,99.1,0.0,0.0,0.0,0.0
20140209034733,0.0,0.0,0.1,99.9,0.0,0.0,0.0,0.0
20140209034833,0.0,0.0,0.5,99.4,0.0,0.0,0.0,0.0
20140209034933,0.0,0.0,3.4,96.6,0.0,0.0,0.0,0.0
20140209035033,0.0,0.0,0.3,99.7,0.0,0.0,0.0,0.0
20140209035133,0.0,0.0,1.2,98.8,0.0,0.0,0.0,0.0
20140209035233,0.0,0.0,0.4,99.6,0.0,0.0,0.0,0.0
20140209035333,0.0,0.0,3.7,96.3,0.0,0.0,0.0,0.0
20140209035433,0.0,0.0,0.5,99.4,0.0,0.0,0.0,0.0
20140209035533,0.0,0.0,0.8,99.2,0.0,0.0,0.0,0.0
20140209035633,0.0,0.0,1.7,98.1,0.0,0.0,0.0,0.1
20140209035733,0.0,0.0,1.8,98.2,0.0,0.0,0.0,0.0
20140209035833,0.0,0.0,0.5,99.4,0.0,0.0,0.0,0.0
20140209035933,0.0,0.0,19.9,79.9,0.1,0.0,0.0,0.1
20140209040033,0.0,0.0,17.7,81.9,0.2,0.0,0.0,0.2
20140209040133,0.0,0.0,4.2,95.5,0.1,0.0,0.1,0.1
20140209040233,0.0,0.0,0.2,99.5,0.3,0.0,0.0,0.0
20140209040333,0.0,0.1,1.1,98.6,0.2,0.0,0.0,0.0
20140209040433,0.0,0.0,0.7,99.3,0.0,0.0,0.0,0.0
20140209040533,0.0,0.0,5.1,94.9,0.0,0.0,0.0,0.0
20140209040633,0.0,0.0,11.9,88.1,0.0,0.0,0.0,0.0
20140209040733,0.0,0.0,0.8,98.8,0.2,0.0,0.1,0.0
20140209040833,0.0,0.0,0.9,97.6,1.4,0.0,0.0,0.0
20140209040933,0.0,0.0,2.7,97.0,0.2,0.0,0.0,0.0
20140209041033,0.0,0.1,5.5,94.4,0.1,0.0,0.0,0.0
20140209041133,0.0,0.0,0.3,99.7,0.0,0.0,0.1,0.0
20140209041233,0.0,0.0,0.0,100.0,0.0,0.0,0.0,0.0
20140209041333,0.0,0.0,1.6,98.4,0.0,0.0,0.0,0.0
20140209041433,0.0,0.0,2.3,97.7,0.0,0.0,0.0,0.0
20140209041533,0.0,0.0,0.0,99.9,0.0,0.0,0.0,0.0
20140209041633,0.0,0.0,0.1,99.7,0.2,0.0,0.0,0.0
20140209041733,0.0,0.0,1.5,98.3,0.2,0.0,0.0,0.0
20140209041833,0.0,0.0,6.2,93.6,0.2,0.0,0.0,0.0
20140209041933,0.0,0.0,36.3,63.6,0.0,0.0,0.0,0.0
20140209042033,0.0,0.0,4.3,95.6,0.0,0.0,0.0,0.0
20140209042133,0.0,0.0,37.0,63.0,0.0,0.0,0.0,0.0
20140209042233,0.0,0.0,3.2,96.8,0.0,0.0,0.0,0.0
20140209042333,0.0,0.0,2.4,97.6,0.0,0.0,0.0,0.0
20140209042433,0.0,0.0,13.7,86.2,0.0,0.0,0.0,0.0
20140209042533,0.0,0.0,96.9,3.1,0.0,0.0,0.0,0.0
20140209042633,0.0,0.0,18.5,81.5,0.0,0.0,0.0,0.0
20140209042733,0.0,0.1,0.2,99.7,0.0,0.0,0.0,0.0
20140209042833,0.0,0.0,0.7,84.6,0.0,0.0,14.7,0.0
20140209042933,0.0,0.1,2.3,96.8,0.1,0.0,0.6,0.0
20140209043033,0.0,0.0,11.7,88.1,0.1,0.0,0.0,0.0
20140209043133,0.0,0.0,16.6,83.4,0.0,0.0,0.0,0.0
20140209043233,0.0,0.0,5.7,93.8,0.0,0.0,0.5,0.0
20140209043333,0.0,0.1,3.1,96.8,0.1,0.0,0.0,0.0
20140209043433,0.0,0.0,41.0,58.8,0.1,0.0,0.0,0.0
20140209043533,0.0,0.2,48.0,48.0,0.1,0.0,3.6,0.0
20140209043633,0.0,0.0,67.6,32.3,0.0,0.0,0.1,0.0
20140209043733,0.0,1.3,0.8,97.9,0.0,0.0,0.0,0.0
20140209043833,0.1,2.7,2.4,94.5,0.2,0.0,0.1,0.0
20140209043933,0.1,1.3,36.1,62.3,0.2,0.0,0.0,0.0
20140209044033,0.1,0.4,13.7,85.6,0.1,0.0,0.0,0.0
20140209044133,0.0,0.0,4.3,95.6,0.1,0.0,0.0,0.0
20140209044233,0.0,0.0,5.5,94.4,0.0,0.0,0.1,0.0
20140209044333,0.0,0.0,9.1,89.2,0.1,0.0,1.5,0.0
20140209044433,0.0,0.0,56.8,42.1,0.0,0.0,1.0,0.0
20140209044533,0.0,0.0,61.5,38.2,0.2,0.0,0.1,0.0
20140209045402,0.0,0.0,96.0,2.7,1.3,0.0,0.0,0.0
20140209045502,0.0,0.0,64.7,30.1,3.3,0.0,0.1,1.8
20140209045602,0.0,0.0,90.8,5.2,3.5,0.0,0.0,0.5
20140209045702,0.0,0.7,79.8,4.3,12.0,0.0,0.0,3.2
20140209045802,0.0,0.1,46.8,4.4,35.4,0.0,0.0,13.3
20140209045902,0.0,0.0,61.8,9.1,28.4,0.0,0.0,0.7
20140209050002,0.0,0.0,23.6,11.7,63.8,0.0,0.0,0.9
20140209050102,0.0,0.0,0.4,2.4,88.9,0.0,0.0,8.3
20140209050202,0.0,0.1,0.3,4.6,85.1,0.0,0.0,9.9
20140209050302,0.0,0.1,19.7,0.0,70.2,0.0,0.0,10.1
20140209050402,0.0,0.0,0.2,0.0,43.9,0.0,0.0,55.9
20140209050502,0.0,0.0,0.1,1.3,89.8,0.0,0.0,8.8
20140209050602,0.0,0.0,0.0,0.0,97.3,0.0,0.0,2.6
20140209050703,0.0,0.0,0.0,0.0,97.1,0.0,0.0,2.9
20140209050802,0.0,0.0,0.0,0.0,99.5,0.0,0.0,0.5
20140209050902,0.0,0.0,0.0,0.0,85.4,0.0,0.0,14.6
20140209051002,0.0,0.0,0.0,0.0,99.2,0.0,0.0,0.8
20140209051102,0.0,0.0,0.0,0.0,100.0,0.0,0.0,0.0
20140209051202,0.0,0.0,0.0,0.0,99.8,0.0,0.0,0.2
20140209051302,0.0,0.0,0.0,0.0,100.0,0.0,0.0,0.0
20140209051402,0.0,0.0,0.0,0.0,99.9,0.0,0.0,0.1
20140209051502,0.0,0.0,0.0,0.0,99.9,0.0,0.0,0.1
20140209051602,0.0,0.0,0.0,0.0,99.9,0.0,0.0,0.1
20140209051702,0.0,0.0,0.0,0.0,100.0,0.0,0.0,0.0
20140209051802,0.0,0.0,0.0,0.0,100.0,0.0,0.0,0.0
20140209051902,0.0,0.0,0.0,0.0,100.0,0.0,0.0,0.0
20140209052002,0.0,0.0,0.0,0.0,100.0,0.0,0.0,0.0
