UT,arc,discrete,diffuse,ac,ab,clear,cloudy,dd
20140107134400,0.0,0.0,0.0,0.0,0.0,0.0,0.0,100.0
20140107134500,0.0,0.0,0.0,0.0,0.0,0.0,0.0,100.0
20140107134600,0.0,0.0,0.0,0.0,0.0,0.0,0.0,100.0
20140107134700,0.0,0.0,0.0,0.0,0.0,0.0,0.0,100.0
20140107134800,0.0,0.0,0.0,0.0,0.0,0.0,0.0,100.0
20140107134900,0.0,0.0,0.0,0.0,0.0,0.0,0.0,100.0
20140107135000,0.0,0.0,0.0,0.0,0.0,0.0,0.0,100.0
20140107135100,0.0,0.0,0.0,0.0,0.0,0.0,0.0,100.0
20140107135200,0.0,0.0,0.0,0.0,0.0,0.0,0.0,100.0
20140107135300,0.0,0.0,0.0,0.0,0.0,0.0,0.0,100.0
20140107135400,0.0,0.0,0.0,0.0,0.0,0.0,0.0,100.0
20140107135500,0.0,0.0,0.0,0.0,0.0,0.0,0.0,100.0
20140107135600,0.0,0.0,0.0,0.0,0.0,0.0,0.0,100.0
20140107135700,0.0,0.0,0.0,0.0,0.0,0.0,0.0,100.0
20140107135800,0.0,0.0,0.0,0.0,0.0,0.0,0.0,100.0
20140107135900,0.0,0.0,0.0,0.0,0.0,0.0,0.0,100.0
20140107140000,0.0,0.0,0.0,0.0,0.0,0.0,0.0,100.0
20140107140100,0.0,0.0,0.0,0.0,0.0,0.0,0.0,100.0
20140107140200,0.0,0.0,0.0,0.0,0.0,0.0,0.0,100.0
20140107140300,0.0,0.0,0.0,0.0,0.0,0.0,0.0,100.0
20140107140400,0.0,0.0,0.0,0.0,0.0,0.0,0.0,100.0
20140107140500,0.0,0.0,0.0,0.0,0.0,0.0,0.0,100.0
20140107140600,0.0,0.0,0.0,0.0,0.0,0.0,0.0,100.0
20140107140700,0.0,0.0,0.0,0.0,0.0,0.0,0.0,100.0
20140107140800,0.0,0.0,0.0,0.0,0.0,0.0,0.0,100.0
20140107140900,0.0,0.0,0.0,0.0,0.0,0.0,0.0,100.0
20140107141000,0.0,0.0,0.0,0.0,0.0,0.0,0.0,100.0
20140107141100,0.0,0.0,0.0,0.0,0.0,0.0,0.0,100.0
20140107141200,0.0,0.0,0.0,0.0,0.0,0.0,0.0,100.0
20140107141300,0.0,0.0,0.0,0.0,0.0,0.0,0.0,100.0
20140107141400,0.0,0.0,0.0,0.0,0.0,0.0,0.0,100.0
20140107141500,0.0,0.0,0.0,0.0,0.0,0.0,0.0,100.0
20140107141600,0.0,0.0,0.0,0.0,0.0,0.0,0.0,100.0
20140107141700,0.0,0.0,0.0,0.0,0.0,0.0,0.0,100.0
20140107141800,0.0,0.0,0.0,0.0,0.0,0.0,0.0,100.0
20140107141900,0.0,0.0,0.0,0.0,0.0,0.0,0.0,100.0
20140107142000,0.0,0.0,0.0,0.0,0.0,0.0,0.0,100.0
20140107142100,0.0,0.0,0.0,0.0,0.0,0.0,0.0,100.0
20140107142200,0.0,0.0,0.0,0.0,0.0,0.0,0.0,100.0
20140107142300,0.0,0.0,0.0,0.0,0.0,0.0,0.0,100.0
20140107142400,0.0,0.0,0.0,0.0,0.0,0.0,0.0,100.0
20140107142500,0.0,0.0,0.0,0.0,0.0,0.0,0.0,100.0
20140107142600,0.0,0.0,0.0,0.0,0.0,0.0,0.0,100.0
20140107142700,0.0,0.0,0.0,0.0,0.0,0.0,0.0,100.0
20140107142800,0.0,0.0,0.0,0.0,0.0,0.0,0.0,100.0
20140107142900,0.0,0.0,0.0,0.0,0.0,0.0,0.0,100.0
20140107143000,0.0,0.0,0.0,0.0,0.0,0.0,0.0,100.0
20140107143100,0.0,0.0,0.0,0.0,0.0,0.0,0.0,100.0
20140107143200,0.0,0.0,0.0,0.0,0.0,0.0,0.0,100.0
20140107143300,0.0,0.0,0.0,0.0,0.0,0.0,0.0,100.0
20140107143400,0.0,0.0,0.0,0.0,0.0,0.0,0.0,100.0
20140107143500,0.0,0.0,0.0,0.0,0.0,0.0,0.0,100.0
20140107143600,0.0,0.0,0.0,0.0,0.0,0.0,0.0,100.0
20140107143700,0.0,0.0,0.0,0.0,0.0,0.0,0.0,100.0
20140107143800,0.0,0.0,0.0,0.0,0.0,0.0,0.0,100.0
20140107143900,0.0,0.0,0.0,0.0,0.0,0.0,0.0,100.0
20140107144000,0.0,0.0,0.0,0.0,0.0,0.0,0.0,100.0
20140107144100,0.0,0.0,0.0,0.0,0.0,0.0,0.0,100.0
20140107144200,0.0,0.0,0.0,0.0,0.0,0.0,0.0,100.0
20140107144300,0.0,0.0,0.0,0.0,0.0,0.0,0.0,100.0
20140107144400,0.0,0.0,0.0,0.0,0.0,0.0,0.0,100.0
20140107144500,0.0,0.0,0.0,0.0,0.0,0.0,0.0,100.0
20140107144600,0.0,0.0,0.0,0.0,0.0,0.0,0.0,100.0
20140107144700,0.0,0.0,0.0,0.0,0.0,0.0,0.0,100.0
20140107144800,0.0,0.0,0.0,0.0,0.0,0.0,0.0,100.0
20140107144900,0.0,0.0,0.0,0.0,0.0,0.0,0.0,100.0
20140107145000,0.0,0.0,0.0,0.0,0.0,0.0,0.0,100.0
20140107145100,0.0,0.0,0.0,0.0,0.0,0.0,0.0,100.0
20140107145200,0.0,0.0,0.0,0.0,0.0,0.0,0.0,100.0
20140107145300,0.0,0.0,0.0,0.0,0.0,0.0,0.0,100.0
20140107145400,0.0,0.0,0.0,0.0,0.0,0.0,0.1,99.8
20140107145500,0.0,0.0,0.0,0.0,0.0,0.0,0.0,99.9
20140107145600,0.0,0.0,0.0,0.0,0.0,0.0,0.0,99.9
20140107145700,0.0,0.0,0.0,0.0,0.2,0.0,1.2,98.6
20140107145800,0.0,0.0,0.0,0.0,0.5,0.0,0.8,98.7
20140107145900,0.0,0.0,0.0,0.0,1.5,0.0,2.2,96.2
20140107150000,0.0,0.0,0.0,0.0,0.2,0.0,0.2,99.5
20140107150100,0.0,0.0,0.0,0.0,0.4,0.0,4.1,95.5
20140107150200,0.0,0.0,0.0,0.0,1.1,0.0,49.1,49.8
20140107150300,0.0,0.0,0.0,0.0,0.2,0.0,84.8,15.0
20140107150400,0.0,0.0,0.0,0.0,0.4,0.0,80.1,19.5
20140107150500,0.0,0.0,0.0,0.0,0.2,0.0,90.4,9.4
20140107150600,0.0,0.0,0.0,0.0,0.0,0.0,99.5,0.5
20140107150700,0.0,0.0,0.0,0.0,0.1,0.0,93.3,6.6
20140107150800,0.0,0.0,0.0,0.0,0.2,0.0,43.6,56.2
20140107150900,0.0,0.0,0.0,0.0,0.0,0.0,37.1,62.9
20140107151000,0.0,0.0,0.0,0.0,0.0,0.0,39.8,60.2
20140107151100,0.0,0.0,0.0,0.0,0.0,0.0,22.1,77.9
20140107151200,0.0,0.0,0.0,0.0,0.0,0.0,26.0,74.0
20140107151300,0.0,0.0,0.0,0.0,0.0,0.0,6.9,93.1
20140107151400,0.0,0.0,0.0,0.0,0.0,0.0,18.5,81.5
20140107151500,0.0,0.0,0.0,0.0,0.0,0.0,83.5,16.5
20140107151600,0.0,0.0,0.0,0.0,0.0,0.0,76.8,23.2
20140107151700,0.0,0.0,0.0,0.0,0.0,0.0,73.7,26.3
20140107151800,0.0,0.0,0.0,0.0,0.0,0.0,91.6,8.4
20140107151900,0.0,0.0,0.0,0.0,0.0,0.0,75.3,24.7
20140107152000,0.0,0.0,0.0,0.0,0.0,0.0,75.4,24.6
20140107152100,0.0,0.0,0.0,0.0,0.0,0.0,94.4,5.6
20140107152200,0.0,0.0,0.0,0.0,0.0,0.0,85.0,15.0
20140107152300,0.0,0.0,0.0,0.0,0.0,0.0,94.9,5.1
20140107152400,0.0,0.0,0.0,0.0,0.0,0.0,89.2,10.8
20140107152500,0.0,0.0,0.0,0.0,0.0,0.0,93.9,6.1
20140107152600,0.0,0.0,0.0,0.0,0.0,0.0,93.3,6.7
20140107152700,0.0,0.0,0.0,0.0,0.0,0.0,50.9,49.1
20140107152800,0.0,0.0,0.0,0.0,0.0,0.0,66.6,33.4
20140107152900,0.0,0.0,0.0,0.0,0.0,0.0,95.2,4.8
20140107153000,0.0,0.0,0.0,0.0,0.0,0.0,90.1,9.9
20140107153100,0.0,0.0,0.0,0.0,0.0,0.0,96.2,3.8
20140107153200,0.0,0.0,0.0,0.0,0.0,0.0,99.4,0.6
20140107153300,0.0,0.0,0.0,0.0,0.0,0.0,99.8,0.2
20140107153400,0.0,0.0,0.0,0.0,0.0,0.0,99.0,1.0
20140107153500,0.0,0.0,0.0,0.0,0.0,0.0,98.0,2.0
20140107153600,0.0,0.0,0.0,0.0,0.0,0.0,95.4,4.6
20140107153700,0.0,0.0,0.0,0.0,0.0,0.0,97.4,2.6
20140107153800,0.0,0.0,0.0,0.0,0.0,0.0,99.9,0.1
20140107153900,0.0,0.0,0.0,0.0,0.0,0.0,100.0,0.0
20140107154000,0.0,0.0,0.0,0.0,0.0,0.0,100.0,0.0
20140107154100,0.0,0.0,0.0,0.0,0.0,0.0,99.1,0.9
20140107154200,0.0,0.0,0.0,0.0,0.0,0.0,99.9,0.1
20140107154300,0.0,0.0,0.0,0.0,0.0,0.0,100.0,0.0
20140107154400,0.0,0.0,0.0,0.0,0.0,0.0,99.9,0.1
20140107154500,0.0,0.0,0.0,0.0,0.0,0.0,99.6,0.4
20140107154600,0.0,0.0,0.0,0.0,0.0,0.0,99.7,0.3
20140107154700,0.0,0.0,0.0,0.0,0.0,0.0,99.4,0.5
20140107154800,0.0,0.0,0.0,0.0,0.0,0.0,98.9,1.1
20140107154900,0.0,0.0,0.0,0.4,0.4,0.0,85.5,13.7
20140107155000,0.0,0.0,0.0,0.0,0.0,0.0,99.3,0.7
20140107155100,0.0,0.0,0.0,0.0,0.0,0.0,89.0,11.0
20140107155200,0.0,0.0,0.0,0.0,0.0,0.0,90.0,10.0
20140107155300,0.0,0.0,0.0,0.0,0.0,0.0,99.8,0.2
20140107155400,0.0,0.0,0.0,0.0,0.0,0.0,99.9,0.1
20140107155500,0.0,0.0,0.0,0.0,0.1,0.0,99.4,0.5
20140107155600,0.0,0.0,0.0,0.0,0.0,0.0,99.0,1.0
20140107155700,0.0,0.0,0.0,0.0,0.0,0.0,100.0,0.0
20140107155800,0.0,0.0,0.0,0.1,0.0,0.0,99.0,0.9
20140107155900,0.0,0.0,0.0,0.1,0.0,0.0,96.4,3.5
20140107160000,0.0,0.0,0.0,0.3,0.5,0.0,92.0,7.1
20140107160100,0.0,0.0,0.0,0.1,0.0,0.0,80.8,19.1
20140107160200,0.0,0.0,0.0,0.1,0.0,0.0,98.8,1.1
20140107160300,0.0,0.0,0.0,0.0,0.0,0.0,99.1,0.9
20140107160400,0.0,0.0,0.0,0.0,0.0,0.0,99.8,0.2
20140107160500,0.0,0.0,0.0,0.0,0.0,0.0,99.8,0.2
20140107160600,0.0,0.0,0.0,0.0,0.0,0.0,95.7,4.3
20140107160700,0.0,0.0,0.0,0.2,0.1,0.0,95.7,4.0
20140107160800,0.0,0.0,0.0,0.0,0.0,0.0,99.7,0.3
20140107160900,0.0,0.0,0.0,0.0,0.0,0.0,99.6,0.4
20140107161000,0.0,0.0,0.0,0.2,0.0,0.0,99.7,0.1
20140107161100,0.0,0.0,0.0,0.3,0.0,0.0,99.7,0.0
20140107161200,0.0,0.0,0.0,0.6,0.0,0.0,99.3,0.1
20140107161300,0.0,0.0,0.0,4.7,0.0,0.0,95.1,0.2
20140107161400,0.0,0.0,0.0,2.3,0.0,0.0,97.6,0.1
20140107161500,0.0,0.0,0.0,0.0,0.0,0.0,100.0,0.0
20140107161600,0.0,0.0,0.0,0.2,0.1,0.0,98.9,0.8
20140107161700,0.0,0.0,0.0,0.1,0.0,0.0,97.8,2.1
20140107161800,0.0,0.0,0.0,0.0,0.0,0.0,99.9,0.1
20140107161900,0.0,0.0,0.0,0.0,0.0,0.0,100.0,0.0
20140107162000,0.0,0.0,0.0,0.0,0.0,0.0,100.0,0.0
20140107162100,0.0,0.0,0.0,0.0,0.0,0.0,100.0,0.0
20140107162200,0.0,0.0,0.0,0.0,0.0,0.0,100.0,0.0
20140107162300,0.0,0.0,0.0,0.1,0.0,0.0,99.9,0.0
20140107162400,0.0,0.0,0.0,0.0,0.0,0.0,100.0,0.0
20140107162500,0.0,0.0,0.0,0.0,0.0,0.0,99.9,0.1
20140107162600,0.0,0.0,0.0,0.0,0.0,0.0,99.8,0.2
20140107162700,0.0,0.0,0.0,0.0,0.0,0.0,100.0,0.0
20140107162800,0.0,0.0,0.0,0.0,0.0,0.0,100.0,0.0
20140107162900,0.0,0.0,0.0,0.0,0.0,0.0,100.0,0.0
20140107163000,0.0,0.0,0.0,0.0,0.0,0.0,99.9,0.1
20140107163100,0.0,0.0,0.0,0.0,0.0,0.0,99.9,0.1
20140107163200,0.0,0.0,0.0,0.0,0.0,0.0,100.0,0.0
20140107163300,0.0,0.0,0.0,0.0,0.0,0.0,99.8,0.1
20140107163400,0.0,0.0,0.0,0.0,0.0,0.0,99.7,0.3
20140107163500,0.0,0.0,0.0,0.0,0.0,0.0,99.4,0.6
20140107163600,0.0,0.0,0.0,0.0,0.0,0.0,99.5,0.5
20140107163700,0.0,0.0,0.0,0.0,0.0,0.0,100.0,0.0
20140107163800,0.0,0.0,0.0,0.0,0.0,0.0,99.5,0.5
20140107163900,0.0,0.0,0.0,0.0,0.0,0.0,97.6,2.4
20140107164000,0.0,0.0,0.0,0.1,0.0,0.0,99.0,0.9
20140107164100,0.0,0.0,0.0,0.0,0.0,0.0,99.5,0.5
20140107164200,0.0,0.0,0.0,0.0,0.0,0.0,99.9,0.1
20140107164300,0.0,0.0,0.0,0.0,0.0,0.0,100.0,0.0
20140107164400,0.0,0.0,0.0,0.0,0.0,0.0,100.0,0.0
20140107164500,0.0,0.0,0.0,0.0,0.0,0.0,99.9,0.1
20140107164600,0.0,0.0,0.0,0.0,0.0,0.0,100.0,0.0
20140107164700,0.0,0.0,0.0,0.0,0.0,0.0,99.9,0.1
20140107164800,0.0,0.0,0.0,0.0,0.0,0.0,99.9,0.0
20140107164900,0.0,0.0,0.0,0.0,0.0,0.0,100.0,0.0
20140107165000,0.0,0.0,0.0,0.0,0.0,0.0,99.9,0.0
20140107165100,0.0,0.0,0.0,0.0,0.0,0.0,100.0,0.0
20140107165200,0.0,0.0,0.0,0.0,0.0,0.0,99.7,0.3
20140107165300,0.0,0.0,0.0,0.0,0.0,0.0,98.3,1.7
20140107165400,0.0,0.0,0.0,0.0,0.0,0.0,99.9,0.1
20140107165500,0.0,0.0,0.0,0.0,0.0,0.0,99.4,0.6
20140107165600,0.0,0.0,0.0,0.0,0.0,0.0,100.0,0.0
20140107165700,0.0,0.0,0.0,0.0,0.0,0.0,100.0,0.0
20140107165800,0.0,0.0,0.0,0.1,0.0,0.0,99.8,0.1
20140107165900,0.0,0.0,0.0,0.0,0.0,0.0,99.7,0.2
20140107170000,0.0,0.0,0.0,1.1,0.0,0.0,98.3,0.6
20140107170100,0.0,0.0,0.0,1.9,0.1,0.0,97.8,0.3
20140107170200,0.0,0.0,0.0,1.1,0.3,0.0,96.5,2.2
20140107170300,0.0,0.0,0.0,0.5,0.0,0.0,99.4,0.1
20140107170400,0.0,0.0,0.0,1.5,1.2,0.0,94.5,2.8
20140107170500,0.0,0.0,0.0,3.9,0.1,0.0,94.9,1.1
20140107170600,0.0,0.0,0.0,8.3,0.5,0.0,53.9,37.4
20140107170700,0.0,0.0,0.0,9.1,0.0,0.0,78.6,12.3
20140107170800,0.0,0.0,0.0,50.8,0.7,0.0,41.5,7.0
20140107170900,0.0,0.0,0.0,16.9,0.3,0.0,81.8,1.0
20140107171000,0.0,0.0,0.0,82.5,2.5,0.0,11.8,3.2
20140107171100,0.0,0.0,0.0,4.3,2.0,0.0,82.5,11.2
20140107171200,0.0,0.0,0.0,51.8,4.6,0.0,39.6,4.0
20140107171300,0.0,0.0,0.0,55.1,1.4,0.0,36.8,6.7
20140107171400,0.0,0.0,0.0,0.2,0.1,0.0,96.6,3.2
20140107171500,0.0,0.0,0.0,1.4,0.1,0.0,96.7,1.8
20140107171600,0.0,0.0,0.0,0.1,0.0,0.0,98.3,1.6
20140107171700,0.0,0.0,0.0,0.5,0.0,0.0,85.7,13.8
20140107171800,0.0,0.0,0.0,0.0,0.0,0.0,99.3,0.7
20140107171900,0.0,0.0,0.0,0.4,0.0,0.0,94.2,5.3
20140107172000,0.0,0.0,0.0,0.4,0.0,0.0,95.9,3.7
20140107172100,0.0,0.0,0.0,0.1,0.0,0.0,99.8,0.1
20140107172200,0.0,0.0,0.0,1.1,0.0,0.0,98.8,0.1
20140107172300,0.0,0.0,0.0,0.2,0.0,0.0,99.7,0.1
20140107172400,0.0,0.0,0.0,14.8,0.2,0.0,84.4,0.6
20140107172500,0.0,0.0,0.0,0.2,0.0,0.0,95.3,4.5
20140107172600,0.0,0.0,0.0,0.0,0.0,0.0,99.8,0.2
20140107172700,0.0,0.0,0.0,0.1,0.0,0.0,99.8,0.1
20140107172800,0.0,0.0,0.0,74.7,0.1,0.0,22.4,2.9
20140107172900,0.0,0.0,0.0,0.0,0.0,0.0,99.2,0.8
20140107173000,0.0,0.0,0.0,0.0,0.0,0.0,99.9,0.1
20140107173100,0.0,0.0,0.0,0.0,0.0,0.0,99.6,0.4
20140107173200,0.0,0.0,0.0,0.1,0.0,0.0,99.0,0.9
20140107173300,0.0,0.0,0.0,0.0,0.0,0.0,99.9,0.1
20140107173400,0.0,0.0,0.0,0.1,0.1,0.0,83.7,16.1
20140107173500,0.0,0.0,0.0,0.0,0.0,0.0,98.1,1.9
20140107173600,0.0,0.0,0.0,0.0,0.0,0.0,100.0,0.0
20140107173700,0.0,0.0,0.0,0.0,0.0,0.0,100.0,0.0
20140107173800,0.0,0.0,0.0,0.0,0.0,0.0,99.9,0.1
20140107173900,0.0,0.0,0.0,0.0,0.0,0.0,99.9,0.1
20140107174000,0.0,0.0,0.0,0.1,0.0,0.0,99.3,0.6
20140107174100,0.0,0.0,0.0,0.0,0.0,0.0,100.0,0.0
20140107174200,0.0,0.0,0.0,0.0,0.0,0.0,99.6,0.4
20140107174300,0.0,0.0,0.0,0.0,0.0,0.0,100.0,0.0
20140107174400,0.0,0.0,0.0,0.0,0.0,0.0,99.9,0.1
20140107174500,0.0,0.0,0.0,0.0,0.0,0.0,99.9,0.1
20140107174600,0.0,0.0,0.0,0.0,0.0,0.0,99.9,0.1
20140107174700,0.0,0.0,0.0,0.0,0.0,0.0,99.8,0.2
20140107174800,0.0,0.0,0.0,0.0,0.0,0.0,99.9,0.1
20140107174900,0.0,0.0,0.0,0.0,0.0,0.0,98.3,1.7
20140107175000,0.0,0.0,0.0,0.0,0.1,0.0,99.0,0.9
20140107175100,0.0,0.0,0.0,0.0,0.0,0.0,99.9,0.1
20140107175200,0.0,0.0,0.0,0.0,0.0,0.0,100.0,0.0
20140107175300,0.0,0.0,0.0,0.0,0.0,0.0,99.5,0.5
20140107175400,0.0,0.0,0.0,0.0,0.1,0.0,94.1,5.8
20140107175500,0.0,0.0,0.0,0.0,0.0,0.0,99.9,0.1
20140107175600,0.0,0.0,0.0,0.0,0.0,0.0,100.0,0.0
20140107175700,0.0,0.0,0.0,0.0,0.0,0.0,99.8,0.1
20140107175800,0.0,0.0,0.0,0.0,0.0,0.0,100.0,0.0
20140107175900,0.0,0.0,0.0,0.0,0.0,0.0,100.0,0.0
20140107180000,0.0,0.0,0.0,0.0,0.1,0.0,99.0,0.9
20140107180100,0.0,0.0,0.0,0.0,0.0,0.0,99.8,0.1
20140107180200,0.0,0.0,0.0,0.0,0.0,0.0,100.0,0.0
20140107180300,0.0,0.0,0.0,0.0,0.0,0.0,99.8,0.2
20140107180400,0.0,0.0,0.0,0.0,0.0,0.0,99.9,0.0
20140107180500,0.0,0.0,0.0,0.1,0.0,0.0,99.9,0.0
20140107180600,0.0,0.0,0.0,0.1,0.1,0.0,99.6,0.2
20140107180700,0.0,0.0,0.0,0.0,0.0,0.0,99.8,0.2
20140107180800,0.0,0.0,0.0,0.1,0.0,0.0,99.1,0.8
20140107180900,0.0,0.0,0.1,6.0,5.7,0.0,80.0,8.2
20140107181000,0.0,0.0,0.0,0.2,0.6,0.0,99.1,0.1
20140107181100,0.0,0.0,0.0,10.4,5.3,0.0,82.3,2.0
20140107181200,0.0,0.0,0.0,4.2,11.3,0.0,79.8,4.8
20140107181300,0.0,0.0,0.0,85.7,4.4,0.0,4.0,5.8
20140107181400,0.0,0.0,0.0,93.3,5.6,0.0,1.0,0.0
20140107181500,0.0,0.0,0.0,95.0,0.2,0.0,4.4,0.3
20140107181600,0.0,0.0,0.0,97.5,0.8,0.0,1.7,0.0
20140107181700,0.0,0.0,0.0,96.7,3.1,0.0,0.2,0.0
20140107181800,0.0,0.0,0.0,98.4,1.6,0.0,0.0,0.0
20140107181900,0.0,0.0,0.0,93.4,4.2,0.0,2.3,0.1
20140107182000,0.0,0.0,0.0,12.6,2.3,0.0,80.6,4.5
20140107182100,0.0,0.0,0.0,0.2,0.1,0.0,99.0,0.7
20140107182200,0.0,0.0,0.0,2.0,0.5,0.0,92.3,5.1
20140107182300,0.0,0.0,0.1,35.2,6.4,0.0,33.8,24.5
20140107182400,0.0,0.0,0.4,61.0,18.7,0.0,3.8,16.0
20140107182500,0.0,0.0,0.1,63.4,33.2,0.0,1.4,1.9
20140107182600,0.0,0.0,0.0,87.8,4.3,0.0,5.8,2.1
20140107182700,0.0,0.0,0.0,12.3,0.6,0.0,80.9,6.2
20140107182800,0.0,0.0,0.0,1.1,1.3,0.0,96.2,1.4
20140107182900,0.0,0.0,0.0,0.9,0.2,0.0,98.0,0.9
20140107183000,0.0,0.0,0.0,0.0,0.0,0.0,99.7,0.2
20140107183100,0.0,0.0,0.1,4.8,1.7,0.0,79.4,14.0
20140107183200,0.0,0.0,0.1,2.0,4.5,0.0,61.5,31.8
20140107183300,0.0,0.0,0.0,0.2,0.1,0.0,97.5,2.2
20140107183400,0.0,0.0,0.1,31.8,0.8,0.0,58.0,9.3
20140107183500,0.0,0.0,0.1,20.0,0.5,0.0,61.2,18.3
20140107183600,0.0,0.0,0.7,0.7,0.1,0.0,98.1,0.4
20140107183700,0.0,0.0,0.4,2.0,1.7,0.0,90.9,4.9
20140107183800,0.0,0.0,0.0,0.7,0.1,0.0,99.2,0.0
20140107183900,0.0,0.0,0.0,15.2,0.1,0.0,84.4,0.3
20140107184000,0.0,0.0,0.1,12.7,0.6,0.0,85.8,0.8
20140107184100,0.0,0.0,0.0,0.7,0.8,0.0,98.4,0.0
20140107184200,0.0,0.0,0.0,3.1,6.5,0.0,89.2,1.3
20140107184300,0.0,0.0,0.0,1.5,0.8,0.0,96.3,1.4
20140107184400,0.0,0.0,0.0,0.3,0.9,0.0,95.9,3.0
20140107184500,0.0,0.0,0.0,0.0,0.3,0.0,99.3,0.4
20140107184600,0.0,0.0,0.0,0.0,0.0,0.0,99.6,0.3
20140107184700,0.0,0.0,0.0,0.2,0.1,0.0,98.8,1.0
20140107184800,0.0,0.0,0.0,0.6,0.3,0.0,97.5,1.6
20140107184900,0.0,0.0,0.0,0.3,0.0,0.0,99.7,0.0
20140107185000,0.0,0.0,0.0,0.2,0.0,0.0,99.7,0.1
20140107185100,0.0,0.0,0.0,1.8,0.1,0.0,97.5,0.6
20140107185200,0.0,0.0,0.0,1.0,0.1,0.0,98.2,0.7
20140107185300,0.0,0.0,0.0,23.2,0.2,0.0,76.4,0.3
20140107185400,0.0,0.0,0.0,74.8,18.9,0.0,6.2,0.1
20140107185500,0.0,0.0,0.0,20.7,66.0,0.0,12.4,0.9
20140107185600,0.0,0.0,0.0,60.0,8.8,0.0,30.9,0.3
20140107185700,0.0,0.0,0.0,42.8,6.7,0.0,49.7,0.8
20140107185800,0.0,0.0,0.0,0.2,0.4,0.0,99.3,0.1
20140107185900,0.0,0.0,0.0,10.7,0.2,0.0,88.8,0.3
20140107190000,0.0,0.0,0.1,43.8,2.9,0.0,53.1,0.1
20140107190100,0.0,0.0,0.0,9.7,0.5,0.0,89.3,0.5
20140107190200,0.0,0.0,0.0,8.0,0.8,0.0,90.8,0.3
20140107190300,0.0,0.0,0.1,97.0,2.2,0.0,0.2,0.4
20140107190400,0.0,0.0,0.1,81.9,14.7,0.0,1.9,1.4
20140107190500,0.0,0.0,0.0,84.1,15.4,0.0,0.0,0.5
20140107190600,0.0,0.0,0.0,99.2,0.8,0.0,0.0,0.0
20140107190700,0.0,0.0,0.0,99.2,0.8,0.0,0.0,0.0
20140107190800,0.0,0.0,0.0,83.9,16.1,0.0,0.0,0.0
20140107190900,0.0,0.0,0.0,31.4,68.5,0.0,0.0,0.1
20140107191000,0.0,0.0,0.0,53.0,46.9,0.0,0.0,0.1
20140107191100,0.0,0.0,0.0,97.7,2.3,0.0,0.0,0.0
20140107191200,0.0,0.0,0.0,97.2,2.7,0.0,0.0,0.0
20140107191300,0.0,0.0,0.0,97.6,2.4,0.0,0.0,0.0
20140107191400,0.0,0.0,0.0,90.9,9.1,0.0,0.0,0.0
20140107191500,0.0,0.0,0.0,91.8,8.2,0.0,0.0,0.0
20140107191600,0.0,0.0,0.0,94.4,5.5,0.0,0.0,0.0
20140107191700,0.0,0.0,0.0,97.5,2.5,0.0,0.0,0.0
20140107191800,0.0,0.0,0.0,99.6,0.4,0.0,0.0,0.0
20140107191900,0.0,0.0,0.0,81.1,18.4,0.0,0.5,0.0
20140107192000,0.0,0.0,0.0,93.7,6.3,0.0,0.0,0.0
20140107192100,0.0,0.0,0.0,10.7,89.3,0.0,0.0,0.0
20140107192200,0.0,0.0,0.0,90.0,10.0,0.0,0.0,0.0
20140107192300,0.0,0.0,0.0,75.3,24.7,0.0,0.0,0.0
20140107192400,0.0,0.0,0.0,97.2,2.8,0.0,0.0,0.0
20140107192500,0.0,0.0,0.0,38.5,61.5,0.0,0.0,0.0
20140107192600,0.0,0.0,0.0,93.9,6.1,0.0,0.0,0.0
20140107192700,0.0,0.0,0.0,46.9,53.0,0.0,0.0,0.0
20140107192800,0.0,0.0,0.0,85.2,14.8,0.0,0.0,0.0
20140107192900,0.0,0.0,0.0,80.8,19.2,0.0,0.0,0.0
20140107193000,0.0,0.0,0.0,65.2,34.8,0.0,0.0,0.0
20140107193100,0.0,0.0,0.0,0.4,99.6,0.0,0.0,0.0
20140107193200,0.0,0.0,0.0,0.2,99.8,0.0,0.0,0.0
20140107193300,0.0,0.0,0.0,0.0,100.0,0.0,0.0,0.0
20140107193400,0.0,0.0,0.0,0.1,99.9,0.0,0.0,0.0
20140107193500,0.0,0.0,0.0,5.8,94.2,0.0,0.0,0.0
20140107193600,0.0,0.0,0.0,52.5,47.5,0.0,0.0,0.0
20140107193700,0.0,0.0,0.0,2.2,97.8,0.0,0.0,0.0
20140107193800,0.0,0.0,0.0,38.0,61.9,0.0,0.0,0.0
20140107193900,0.0,0.0,0.0,65.3,34.7,0.0,0.0,0.0
20140107194000,0.0,0.0,0.0,54.5,45.5,0.0,0.0,0.0
20140107194100,0.0,0.0,0.0,17.4,82.6,0.0,0.0,0.0
20140107194200,0.0,0.4,0.0,82.0,17.6,0.0,0.0,0.0
20140107194300,0.0,1.2,0.0,73.6,25.2,0.0,0.0,0.0
20140107194400,0.0,0.1,0.0,89.2,10.7,0.0,0.0,0.0
20140107194500,0.0,1.9,0.0,30.1,68.0,0.0,0.0,0.0
20140107194600,0.0,2.0,0.0,38.1,59.9,0.0,0.0,0.0
20140107194700,0.0,1.3,0.0,78.8,19.9,0.0,0.0,0.0
20140107194800,0.0,0.6,0.0,42.2,57.2,0.0,0.0,0.0
20140107194900,0.0,1.9,0.0,16.6,81.5,0.0,0.0,0.0
20140107195000,0.1,7.1,0.0,91.9,1.0,0.0,0.0,0.0
20140107195100,0.0,0.1,0.0,0.0,99.9,0.0,0.0,0.0
20140107195200,0.0,0.1,0.0,16.4,83.6,0.0,0.0,0.0
20140107195300,0.0,0.0,0.0,0.1,99.9,0.0,0.0,0.0
20140107195400,0.0,0.2,0.0,8.5,91.3,0.0,0.0,0.0
20140107195500,0.0,0.1,0.0,13.8,86.0,0.0,0.0,0.0
20140107195600,0.0,0.1,0.0,1.2,98.7,0.0,0.0,0.0
20140107195700,0.0,0.1,0.0,0.7,99.2,0.0,0.0,0.0
20140107195800,0.0,8.1,0.0,0.3,91.6,0.0,0.0,0.0
20140107195900,0.0,3.0,0.0,13.6,83.3,0.0,0.0,0.0
20140107200000,0.0,0.1,0.0,3.6,96.3,0.0,0.0,0.0
20140107200100,0.0,0.0,0.0,0.8,99.2,0.0,0.0,0.0
20140107200200,0.0,0.6,0.0,3.3,96.1,0.0,0.0,0.0
20140107200300,0.0,0.4,0.0,18.0,81.6,0.0,0.0,0.0
20140107200400,0.0,0.4,0.0,22.6,77.0,0.0,0.0,0.0
20140107200500,0.0,0.3,0.0,18.5,81.1,0.0,0.0,0.0
20140107200600,0.0,1.5,0.0,7.5,90.9,0.0,0.0,0.0
20140107200700,0.0,0.1,0.0,0.0,99.9,0.0,0.0,0.0
20140107200800,0.0,0.0,0.0,0.0,100.0,0.0,0.0,0.0
20140107200900,0.0,0.0,0.0,18.9,81.1,0.0,0.0,0.0
20140107201000,0.0,0.0,0.0,51.7,48.3,0.0,0.0,0.0
20140107201100,0.0,0.0,0.0,44.3,55.7,0.0,0.0,0.0
20140107201200,0.0,0.0,0.0,63.0,36.9,0.0,0.0,0.0
20140107201300,0.0,0.0,0.1,60.0,39.8,0.0,0.0,0.0
20140107201400,0.0,0.4,0.2,22.3,77.1,0.0,0.0,0.0
20140107201500,0.0,0.0,0.1,10.7,89.1,0.0,0.0,0.0
20140107201600,0.0,0.0,0.1,23.6,76.3,0.0,0.0,0.0
20140107201700,0.0,0.0,0.0,8.2,91.8,0.0,0.0,0.0
20140107201800,0.0,0.0,0.0,5.1,94.8,0.0,0.0,0.0
20140107201900,0.0,0.1,0.0,7.7,92.2,0.0,0.0,0.0
20140107202000,2.7,0.0,0.2,15.7,81.0,0.0,0.3,0.0
20140107202100,0.1,0.0,0.0,41.3,58.5,0.0,0.0,0.0
20140107202200,0.2,0.2,0.0,31.2,68.3,0.0,0.0,0.0
20140107202300,0.0,0.0,0.0,2.5,97.5,0.0,0.0,0.0
20140107202400,0.0,0.0,0.0,13.6,86.0,0.0,0.3,0.0
20140107202500,0.0,0.0,0.0,4.7,95.3,0.0,0.0,0.0
20140107202600,0.0,0.0,0.0,94.0,6.0,0.0,0.0,0.0
20140107202700,0.0,0.1,0.0,66.1,33.7,0.0,0.1,0.0
20140107202800,0.0,0.0,0.0,91.8,8.1,0.0,0.0,0.0
20140107202900,0.0,0.0,0.0,75.9,24.1,0.0,0.0,0.0
20140107203000,0.0,0.1,0.0,83.6,16.3,0.0,0.1,0.0
20140107203100,0.0,0.0,0.0,98.3,1.7,0.0,0.0,0.0
20140107203200,0.0,0.0,0.0,85.5,14.5,0.0,0.0,0.0
20140107203300,0.0,0.0,0.0,72.3,27.4,0.0,0.3,0.0
20140107203400,0.0,0.0,0.0,93.9,6.0,0.0,0.0,0.0
20140107203500,0.0,0.0,0.0,39.9,60.1,0.0,0.0,0.0
20140107203600,0.0,0.0,0.0,85.4,14.1,0.0,0.4,0.0
20140107203700,0.0,0.0,0.2,50.8,20.4,0.0,28.4,0.2
20140107203800,0.0,0.2,0.2,71.7,23.1,0.0,4.2,0.6
20140107203900,0.0,0.0,0.1,58.8,32.4,0.0,8.7,0.0
20140107204000,0.0,0.0,0.0,28.6,19.3,0.0,51.9,0.2
20140107204100,0.0,0.1,0.0,64.6,29.9,0.0,5.4,0.0
20140107204200,0.0,4.6,0.0,62.1,32.1,0.0,1.0,0.2
20140107204300,0.0,0.2,0.0,97.8,1.5,0.0,0.4,0.0
20140107204400,0.0,0.9,0.2,85.8,7.1,0.0,6.0,0.0
20140107204500,0.0,0.0,0.0,96.5,2.8,0.0,0.7,0.0
20140107204600,0.0,0.0,0.0,97.4,2.6,0.0,0.0,0.0
20140107204700,0.0,0.0,0.0,91.0,8.1,0.0,1.0,0.0
20140107204800,0.0,0.0,0.0,98.4,1.2,0.0,0.3,0.0
20140107204900,0.0,0.0,0.0,99.8,0.1,0.0,0.0,0.0
20140107205000,0.0,0.0,0.0,99.1,0.8,0.0,0.1,0.0
20140107205100,0.0,0.0,0.0,99.9,0.1,0.0,0.0,0.0
20140107205200,0.0,0.0,0.0,97.9,2.1,0.0,0.0,0.0
20140107205300,0.0,0.0,0.0,99.2,0.8,0.0,0.0,0.0
20140107205400,0.0,0.0,0.0,96.8,3.2,0.0,0.1,0.0
20140107205500,0.0,0.0,0.0,94.7,4.9,0.0,0.4,0.0
20140107205600,0.0,0.0,0.0,98.3,1.7,0.0,0.0,0.0
20140107205700,0.0,0.0,0.0,99.9,0.1,0.0,0.0,0.0
20140107205800,0.0,0.0,0.0,100.0,0.0,0.0,0.0,0.0
20140107205900,0.0,0.0,0.0,99.6,0.4,0.0,0.0,0.0
20140107210000,0.0,0.0,0.0,100.0,0.0,0.0,0.0,0.0
20140107210100,0.0,0.0,0.0,99.0,1.0,0.0,0.0,0.0
20140107210200,0.0,0.0,0.0,99.4,0.6,0.0,0.0,0.0
20140107210300,0.0,0.0,0.0,100.0,0.0,0.0,0.0,0.0
20140107210400,0.0,0.0,0.0,100.0,0.0,0.0,0.0,0.0
20140107210500,0.0,0.0,0.0,99.9,0.0,0.0,0.1,0.0
20140107210600,0.0,0.0,0.1,95.6,0.5,0.0,3.8,0.0
20140107210700,0.0,0.0,0.0,100.0,0.0,0.0,0.0,0.0
20140107210800,0.0,0.0,0.0,99.3,0.0,0.0,0.7,0.0
20140107210900,0.0,0.0,0.0,31.3,0.0,0.0,67.9,0.8
20140107211000,0.0,0.0,0.0,99.5,0.2,0.0,0.1,0.2
20140107211100,0.0,0.0,0.0,99.4,0.2,0.0,0.3,0.1
20140107211200,0.0,0.0,0.0,99.5,0.4,0.0,0.0,0.1
20140107211300,0.0,0.0,0.0,99.4,0.6,0.0,0.0,0.0
20140107211400,0.0,0.0,0.0,99.3,0.4,0.0,0.1,0.1
20140107211500,0.0,0.0,0.0,99.9,0.0,0.0,0.0,0.0
20140107211600,0.0,0.0,0.0,100.0,0.0,0.0,0.0,0.0
20140107211700,0.0,0.0,0.0,99.5,0.2,0.0,0.3,0.0
20140107211800,0.0,0.0,0.0,4.2,0.0,0.0,94.2,1.6
20140107211900,0.0,0.0,0.0,1.3,0.0,0.0,98.4,0.2
20140107212000,0.0,0.0,0.0,94.2,0.2,0.0,5.1,0.4
20140107212100,0.0,0.0,0.0,12.4,0.1,0.0,85.7,1.8
20140107212200,0.0,0.0,0.0,9.7,0.0,0.0,89.3,1.0
20140107212300,0.0,0.0,0.0,0.0,0.0,0.0,99.9,0.0
20140107212400,0.0,0.0,0.0,0.5,0.0,0.0,99.1,0.3
20140107212500,0.0,0.0,0.0,0.1,0.0,0.0,99.8,0.0
20140107212600,0.0,0.0,0.0,0.7,0.0,0.0,99.2,0.1
20140107212700,0.0,0.0,0.0,0.0,0.0,0.0,99.9,0.0
20140107212800,0.0,0.0,0.0,0.0,0.0,0.0,100.0,0.0
20140107212900,0.0,0.0,0.0,0.0,0.0,0.0,100.0,0.0
20140107213000,0.0,0.0,0.0,0.0,0.0,0.0,100.0,0.0
20140107213100,0.0,0.0,0.0,0.0,0.0,0.0,99.9,0.1
20140107213200,0.0,0.0,0.0,0.0,0.0,0.0,100.0,0.0
20140107213300,0.0,0.0,0.0,0.0,0.0,0.0,100.0,0.0
20140107213400,0.0,0.0,0.0,0.0,0.0,0.0,100.0,0.0
20140107213500,0.0,0.0,0.0,0.0,0.0,0.0,100.0,0.0
20140107213600,0.0,0.0,0.0,0.0,0.0,0.0,100.0,0.0
20140107213700,0.0,0.0,0.0,0.0,0.0,0.0,100.0,0.0
20140107213800,0.0,0.0,0.0,0.0,0.0,0.0,99.9,0.0
20140107213900,0.0,0.0,0.0,0.0,0.0,0.0,100.0,0.0
20140107214000,0.0,0.0,0.0,0.0,0.0,0.0,100.0,0.0
20140107214100,0.0,0.0,0.0,0.0,0.0,0.0,100.0,0.0
20140107214200,0.0,0.0,0.0,0.0,0.0,0.0,100.0,0.0
20140107214300,0.0,0.0,0.0,0.0,0.0,0.0,99.9,0.0
20140107214400,0.0,0.0,0.2,1.4,0.0,0.0,97.5,1.0
20140107214500,0.0,0.0,1.2,57.6,0.1,0.0,38.5,2.6
20140107214600,0.0,0.0,0.7,57.1,0.1,0.0,36.7,5.4
20140107214700,0.0,0.0,0.1,7.0,0.1,0.0,91.5,1.3
20140107214800,0.0,0.0,0.0,0.1,0.0,0.0,99.8,0.1
20140107214900,0.0,0.0,0.0,0.0,0.0,0.0,100.0,0.0
20140107215000,0.0,0.0,0.0,0.0,0.0,0.0,100.0,0.0
20140107215100,0.0,0.0,0.0,0.0,0.0,0.0,100.0,0.0
20140107215200,0.0,0.0,0.1,0.4,0.0,0.0,99.3,0.2
20140107215300,0.0,0.0,6.0,52.6,19.8,0.0,1.9,19.6
20140107215400,0.0,0.0,0.6,36.4,12.1,0.0,0.0,50.9
20140107215500,0.0,0.0,4.2,11.0,9.0,0.0,0.0,75.9
20140107215600,0.0,0.0,0.1,76.5,15.7,0.0,0.4,7.2
20140107215700,0.0,0.0,0.0,89.5,10.3,0.0,0.1,0.1
20140107215800,0.0,0.0,0.0,84.8,13.9,0.0,0.9,0.3
20140107215900,0.0,0.0,0.1,82.6,0.9,0.0,9.3,7.2
20140107220000,0.0,0.0,0.1,28.3,3.2,0.0,62.2,6.1
20140107220100,0.0,0.0,0.2,10.8,0.3,0.0,86.4,2.4
20140107220200,0.0,0.0,0.3,5.6,0.1,0.0,92.8,1.1
20140107220300,0.0,0.0,0.3,57.2,0.5,0.0,41.0,1.0
20140107220400,0.0,0.0,0.0,97.4,2.4,0.0,0.2,0.1
20140107220500,0.0,0.0,0.0,91.2,8.7,0.0,0.0,0.0
20140107220600,0.0,0.0,0.0,99.1,0.9,0.0,0.0,0.0
20140107220700,0.0,0.0,0.0,99.1,0.5,0.0,0.0,0.3
20140107220800,0.0,0.0,0.0,98.7,0.2,0.0,0.0,1.1
20140107220900,0.0,0.0,0.0,99.9,0.0,0.0,0.0,0.0
20140107221000,0.0,0.0,0.0,99.8,0.1,0.0,0.0,0.1
20140107221100,0.0,0.0,0.0,93.8,1.5,0.0,0.1,4.5
20140107221200,0.0,0.0,0.0,43.8,8.2,0.0,9.1,38.9
20140107221300,0.0,0.0,0.0,50.9,1.7,0.0,12.7,34.7
20140107221400,0.0,0.0,0.0,58.2,5.5,0.0,8.6,27.7
20140107221500,0.0,0.0,0.1,11.1,1.0,0.0,3.1,84.7
20140107221600,0.0,0.0,0.1,21.4,3.3,0.0,1.8,73.3
20140107221700,0.0,0.0,0.1,41.4,0.6,0.0,5.9,52.1
20140107221800,0.0,0.0,0.0,67.5,0.4,0.0,9.7,22.4
20140107221900,0.0,0.0,0.1,47.7,1.7,0.0,4.8,45.7
20140107222000,0.0,0.0,0.1,68.2,2.9,0.0,2.2,26.6
20140107222100,0.0,0.0,0.1,59.5,1.0,0.0,8.7,30.8
20140107222200,0.0,0.0,0.1,85.9,0.7,0.0,3.1,10.1
20140107222300,0.0,0.0,0.2,83.7,0.5,0.0,1.7,13.9
20140107222400,0.0,0.0,0.1,95.2,0.1,0.0,2.4,2.3
20140107222500,0.0,0.0,0.0,76.2,0.2,0.0,8.5,15.1
20140107222600,0.0,0.0,0.2,37.9,0.3,0.0,49.9,11.7
20140107222700,0.0,0.0,0.1,30.7,0.0,0.0,46.8,22.4
20140107222800,0.0,0.0,0.1,9.6,0.1,0.0,59.5,30.7
20140107222900,0.0,0.0,0.0,0.2,0.0,0.0,98.4,1.4
20140107223000,0.0,0.0,0.0,5.0,0.1,0.0,67.2,27.6
20140107223100,0.0,0.0,0.0,0.1,0.0,0.0,99.2,0.8
20140107223200,0.0,0.0,0.0,0.3,0.0,0.0,99.4,0.3
20140107223300,0.0,0.0,0.0,0.1,0.0,0.0,99.6,0.3
20140107223400,0.0,0.0,0.0,0.0,0.0,0.0,99.9,0.1
20140107223500,0.0,0.0,0.0,0.0,0.0,0.0,99.6,0.4
20140107223600,0.0,0.0,0.0,0.1,0.0,0.0,99.0,0.8
20140107223700,0.0,0.0,0.0,0.0,0.0,0.0,99.9,0.1
20140107223800,0.0,0.0,0.0,0.1,0.0,0.0,99.7,0.2
20140107223900,0.0,0.0,0.0,0.0,0.0,0.0,99.9,0.1
20140107224000,0.0,0.0,0.0,0.0,0.0,0.0,99.9,0.1
20140107224100,0.0,0.0,0.0,0.0,0.0,0.0,99.9,0.1
20140107224200,0.0,0.0,0.0,0.1,0.0,0.0,99.4,0.5
20140107224300,0.0,0.0,0.0,0.3,0.0,0.0,98.5,1.2
20140107224400,0.0,0.0,0.0,0.1,0.0,0.0,99.7,0.2
20140107224500,0.0,0.0,0.0,0.0,0.0,0.0,99.8,0.1
20140107224600,0.0,0.0,0.0,0.0,0.0,0.0,99.9,0.1
20140107224700,0.0,0.0,0.0,0.0,0.0,0.0,100.0,0.0
20140107224800,0.0,0.0,0.0,0.0,0.0,0.0,99.8,0.2
20140107224900,0.0,0.0,0.0,0.0,0.0,0.0,99.9,0.1
20140107225000,0.0,0.0,0.0,0.0,0.0,0.0,99.9,0.1
20140107225100,0.0,0.0,0.0,0.0,0.0,0.0,100.0,0.0
20140107225200,0.0,0.0,0.0,0.0,0.0,0.0,99.9,0.1
20140107225300,0.0,0.0,0.0,0.0,0.0,0.0,100.0,0.0
20140107225400,0.0,0.0,0.0,0.0,0.0,0.0,100.0,0.0
20140107225500,0.0,0.0,0.0,0.0,0.0,0.0,100.0,0.0
20140107225600,0.0,0.0,0.0,0.0,0.0,0.0,99.9,0.1
20140107225700,0.0,0.0,0.0,0.0,0.0,0.0,99.9,0.1
20140107225800,0.0,0.0,0.0,0.0,0.0,0.0,99.9,0.1
20140107225900,0.0,0.0,0.0,0.0,0.0,0.0,99.9,0.1
20140107230000,0.0,0.0,0.0,0.1,0.0,0.0,99.9,0.0
20140107230100,0.0,0.0,0.0,0.1,0.0,0.0,99.8,0.1
20140107230200,0.0,0.0,0.3,10.8,1.3,0.0,86.8,0.8
20140107230300,0.0,0.0,0.5,12.4,2.7,0.0,70.7,13.6
20140107230400,0.0,0.0,0.5,36.6,5.7,0.0,51.5,5.7
20140107230500,0.0,0.0,0.8,92.0,1.9,0.0,1.1,4.3
20140107230600,0.0,0.0,0.5,6.6,1.0,0.0,85.7,6.3
20140107230700,0.0,0.0,0.0,0.3,0.1,0.0,98.9,0.6
20140107230800,0.0,0.0,0.0,0.9,0.2,0.0,98.3,0.5
20140107230900,0.0,0.0,0.5,7.8,2.2,0.0,88.4,1.1
20140107231000,0.0,0.0,0.7,5.7,6.8,0.0,83.4,3.4
20140107231100,0.0,0.0,1.2,27.8,55.5,0.0,8.1,7.5
20140107231200,0.0,0.0,0.1,20.9,20.9,0.0,55.0,3.0
20140107231300,0.0,0.0,0.9,51.7,28.6,0.0,13.6,5.2
20140107231400,0.0,0.0,0.6,2.6,6.6,0.0,87.0,3.3
20140107231500,0.0,0.0,0.1,1.0,3.0,0.0,93.8,2.0
20140107231600,0.0,0.0,0.2,1.4,1.4,0.0,95.7,1.2
20140107231700,0.0,0.0,0.3,3.2,0.3,0.0,92.6,3.5
20140107231800,0.0,0.0,0.0,0.1,0.0,0.0,99.3,0.6
20140107231900,0.0,0.0,0.0,0.0,0.0,0.0,99.9,0.0
20140107232000,0.0,0.0,0.0,0.0,0.0,0.0,99.9,0.1
20140107232100,0.0,0.0,0.0,0.2,0.0,0.0,99.6,0.2
20140107232200,0.0,0.0,0.6,57.9,13.1,0.0,3.7,24.8
20140107232300,0.0,0.0,5.6,25.8,34.0,0.0,0.0,34.5
20140107232400,0.0,0.0,1.7,40.2,48.3,0.0,0.0,9.7
20140107232500,0.0,0.0,0.3,67.4,18.5,0.0,8.8,5.0
20140107232600,0.0,0.0,0.2,75.0,23.1,0.0,0.8,0.9
20140107232700,0.0,0.0,0.4,47.6,32.5,0.0,16.8,2.7
20140107232800,0.0,0.0,0.1,28.4,1.3,0.0,68.8,1.4
20140107232900,0.0,0.0,0.1,26.7,9.6,0.0,62.0,1.6
20140107233000,0.0,0.0,0.0,76.9,19.7,0.0,2.6,0.8
20140107233100,0.0,0.0,0.0,95.5,4.3,0.0,0.1,0.1
20140107233200,0.0,0.0,0.0,63.0,32.5,0.0,1.1,3.4
20140107233300,0.0,0.0,0.0,32.9,45.9,0.0,0.4,20.8
20140107233400,0.0,0.0,0.0,41.1,53.4,0.0,0.9,4.7
20140107233500,0.0,0.0,0.0,81.5,16.9,0.0,0.5,1.1
20140107233600,0.0,0.0,0.0,92.6,4.1,0.0,0.3,3.0
20140107233700,0.0,0.0,0.0,74.5,10.0,0.0,0.8,14.6
20140107233800,0.0,0.0,0.0,74.4,8.1,0.0,0.3,17.1
20140107233900,0.0,0.0,0.0,60.8,30.3,0.0,0.4,8.4
20140107234000,0.0,0.0,0.0,46.7,20.1,0.0,0.7,32.5
20140107234100,0.0,0.0,0.0,38.4,7.5,0.0,0.7,53.3
20140107234200,0.0,0.0,0.0,63.5,12.8,0.0,0.8,22.8
20140107234300,0.0,0.0,0.0,76.4,13.9,0.0,0.7,9.0
20140107234400,0.0,0.0,0.0,79.5,14.2,0.0,0.5,5.8
20140107234500,0.0,0.0,0.0,77.5,16.7,0.0,1.8,4.0
20140107234600,0.0,0.0,0.0,87.3,4.3,0.0,0.9,7.5
20140107234700,0.0,0.0,0.0,84.4,7.6,0.0,3.6,4.4
20140107234800,0.0,0.0,0.0,94.0,2.3,0.0,0.5,3.2
20140107234900,0.0,0.0,0.0,95.9,1.0,0.0,0.9,2.2
20140107235000,0.0,0.0,0.0,75.5,4.0,0.0,7.6,12.9
20140107235100,0.0,0.0,0.0,96.2,0.1,0.0,1.0,2.6
20140107235200,0.0,0.0,0.0,71.7,0.4,0.0,13.5,14.4
20140107235300,0.0,0.0,0.0,76.2,0.7,0.0,14.8,8.3
20140107235400,0.0,0.0,0.0,43.2,1.5,0.0,10.2,45.0
20140107235500,0.0,0.0,0.0,29.8,0.9,0.0,56.8,12.5
20140107235600,0.0,0.0,0.1,18.7,1.0,0.0,44.9,35.2
20140107235700,0.0,0.0,0.0,26.5,0.1,0.0,61.9,11.5
20140107235800,0.0,0.0,0.0,25.9,0.6,0.0,50.2,23.3
20140107235900,0.0,0.0,0.1,16.8,1.2,0.0,77.0,4.9
20140108000000,0.0,0.0,0.0,39.6,1.2,0.0,54.4,4.7
20140108000100,0.0,0.0,0.1,15.8,1.1,0.0,80.2,2.8
20140108000200,0.0,0.0,0.2,9.6,1.4,0.0,85.9,2.9
20140108000300,0.0,0.0,0.1,10.0,0.7,0.0,85.7,3.5
20140108000400,0.0,0.0,0.2,6.9,0.5,0.0,86.4,6.0
20140108000500,0.0,0.0,0.3,26.1,0.6,0.0,68.8,4.1
20140108000600,0.0,0.0,0.0,0.7,0.0,0.0,99.0,0.3
20140108000700,0.0,0.0,0.0,1.4,0.1,0.0,97.8,0.7
20140108000800,0.0,0.0,0.0,0.4,0.0,0.0,99.3,0.4
20140108000900,0.0,0.0,0.0,0.8,0.0,0.0,98.8,0.4
20140108001000,0.0,0.0,0.0,6.9,0.1,0.0,92.0,1.0
20140108001100,0.0,0.0,0.0,4.0,0.6,0.0,94.2,1.1
20140108001200,0.0,0.0,0.0,1.6,0.1,0.0,98.1,0.2
20140108001300,0.0,0.0,0.0,5.3,0.5,0.0,93.5,0.7
20140108001400,0.0,0.0,0.0,1.1,0.1,0.0,98.3,0.5
20140108001500,0.0,0.0,0.0,1.8,0.1,0.0,96.2,1.8
20140108001600,0.0,0.0,0.0,5.8,0.0,0.0,91.7,2.4
20140108001700,0.0,0.0,0.0,23.0,0.4,0.0,70.9,5.7
20140108001800,0.0,0.0,0.4,39.4,0.2,0.0,51.6,8.4
20140108001900,0.0,0.0,0.4,51.1,0.4,0.0,44.0,4.0
20140108002000,0.0,0.0,0.0,22.6,0.6,0.0,67.2,9.6
20140108002100,0.0,0.0,0.0,7.0,0.2,0.0,87.8,5.0
20140108002200,0.0,0.0,0.1,21.7,0.1,0.0,69.9,8.2
20140108002300,0.0,0.0,0.8,24.9,1.7,0.0,70.1,2.5
20140108002400,0.0,0.0,0.2,22.3,0.4,0.0,73.9,3.1
20140108002500,0.0,0.0,0.4,57.0,4.1,0.0,29.3,9.2
20140108002600,0.0,0.0,0.3,61.5,9.3,0.0,22.1,6.7
20140108002700,0.0,0.0,0.1,89.7,2.1,0.0,3.6,4.5
20140108002800,0.0,0.0,0.0,63.8,1.3,0.0,24.6,10.3
20140108002900,0.0,0.0,0.0,70.7,0.4,0.0,25.8,3.0
20140108003000,0.0,0.0,0.0,72.0,0.5,0.0,16.7,10.8
20140108003100,0.0,0.0,0.0,87.1,1.3,0.0,4.8,6.8
20140108003200,0.0,0.0,0.0,92.8,0.3,0.0,3.5,3.4
20140108003300,0.0,0.0,0.0,98.2,0.3,0.0,1.2,0.3
20140108003400,0.0,0.0,0.0,74.7,0.4,0.0,10.7,14.2
20140108003500,0.0,0.0,0.0,84.5,1.1,0.0,6.4,7.9
20140108003600,0.0,0.0,0.0,92.7,1.8,0.0,2.5,3.0
20140108003700,0.0,0.0,0.0,96.5,0.9,0.0,0.5,2.1
20140108003800,0.0,0.0,0.2,47.4,2.8,0.0,29.6,20.0
20140108003900,0.0,0.0,0.1,91.9,0.3,0.0,5.3,2.3
20140108004000,0.0,0.0,0.1,90.9,0.5,0.0,4.9,3.7
20140108004100,0.0,0.0,0.2,93.3,3.8,0.0,2.0,0.6
20140108004200,0.0,0.0,0.2,90.9,2.1,0.0,5.7,1.1
20140108004300,0.0,0.0,0.4,94.0,3.9,0.0,1.3,0.4
20140108004400,0.0,0.0,0.0,96.8,1.6,0.0,1.2,0.3
20140108004500,0.0,0.0,0.2,98.4,0.5,0.0,0.5,0.4
20140108004600,0.0,0.0,1.3,81.9,3.4,0.0,4.5,8.9
20140108004700,0.0,0.0,0.1,93.2,0.4,0.0,2.3,4.1
20140108004800,0.0,0.0,0.4,92.3,0.7,0.0,1.9,4.7
20140108004900,0.0,0.0,0.2,92.4,0.5,0.0,2.7,4.2
20140108005000,0.0,0.0,0.1,86.9,1.2,0.0,2.8,9.0
20140108005100,0.0,0.0,0.1,86.5,1.4,0.0,1.6,10.4
20140108005200,0.0,0.0,0.0,99.1,0.2,0.0,0.1,0.5
20140108005300,0.0,0.0,0.0,98.2,0.3,0.0,0.3,1.2
20140108005400,0.0,0.0,0.1,89.7,0.6,0.0,8.5,1.1
20140108005500,0.0,0.0,0.1,67.9,1.0,0.0,30.1,0.8
20140108005600,0.0,0.0,0.1,77.0,2.1,0.0,20.7,0.1
20140108005700,0.0,0.0,0.2,16.5,2.5,0.0,79.2,1.6
20140108005800,0.0,0.0,0.4,59.8,2.6,0.0,32.9,4.4
20140108005900,0.0,0.0,0.0,93.4,0.5,0.0,5.8,0.3
20140108010000,0.0,0.0,0.1,65.3,2.1,0.0,29.6,2.9
20140108010100,0.0,0.0,0.3,76.8,2.2,0.0,16.3,4.4
20140108010200,0.0,0.0,0.1,92.6,1.0,0.0,3.1,3.2
20140108010300,0.0,0.0,0.6,78.3,1.8,0.0,16.5,2.8
20140108010400,0.0,0.0,0.4,57.4,0.9,0.0,39.5,1.8
20140108010500,0.0,0.0,0.1,4.2,0.3,0.0,94.4,1.1
20140108010600,0.0,0.0,0.4,9.1,0.2,0.0,88.5,1.7
20140108010700,0.0,0.0,0.1,0.5,0.1,0.0,98.7,0.6
20140108010800,0.0,0.0,0.0,1.5,0.1,0.0,94.0,4.3
20140108010900,0.0,0.0,0.1,1.9,0.3,0.0,96.2,1.6
20140108011000,0.0,0.0,0.4,3.8,0.9,0.0,79.8,15.1
20140108011100,0.0,0.0,0.1,3.2,0.4,0.0,96.0,0.4
20140108011200,0.0,0.0,0.1,2.1,0.1,0.0,96.5,1.2
20140108011300,0.0,0.0,0.0,4.3,0.7,0.0,89.7,5.3
20140108011400,0.0,0.0,0.0,4.2,0.1,0.0,94.6,1.1
20140108011500,0.0,0.0,0.0,0.5,0.0,0.0,98.7,0.7
20140108011600,0.0,0.0,0.0,0.7,0.1,0.0,98.1,1.0
20140108011700,0.0,0.0,0.0,1.9,0.1,0.0,96.5,1.6
20140108011800,0.0,0.0,0.0,30.3,0.2,0.0,67.3,2.2
20140108011900,0.0,0.0,0.0,2.6,0.1,0.0,92.2,5.1
20140108012000,0.0,0.0,0.0,24.4,0.3,0.0,70.4,4.8
20140108012100,0.0,0.0,0.0,22.5,0.4,0.0,74.7,2.4
20140108012200,0.0,0.0,0.0,14.6,0.1,0.0,82.8,2.6
20140108012300,0.0,0.0,0.0,8.4,0.1,0.0,88.5,3.1
20140108012400,0.0,0.0,0.0,0.8,0.0,0.0,98.4,0.8
20140108012500,0.0,0.0,0.0,2.4,0.1,0.0,95.5,2.1
20140108012600,0.0,0.0,0.0,3.5,0.0,0.0,91.7,4.8
20140108012700,0.0,0.0,0.0,16.1,0.1,0.0,55.7,28.0
20140108012800,0.0,0.0,0.1,45.9,0.5,0.0,47.8,5.8
20140108012900,0.0,0.0,0.0,13.8,0.1,0.0,80.4,5.7
20140108013000,0.0,0.0,0.4,25.6,0.5,0.0,66.2,7.3
20140108013100,0.0,0.0,0.1,5.1,0.6,0.0,89.8,4.4
20140108013200,0.0,0.0,0.1,21.9,2.6,0.0,71.6,3.8
20140108013300,0.0,0.0,0.0,5.9,0.0,0.0,93.3,0.8
20140108013400,0.0,0.0,0.0,3.3,0.1,0.0,93.5,3.0
20140108013500,0.0,0.0,0.0,24.2,0.3,0.0,74.5,1.0
20140108013600,0.0,0.0,0.3,33.6,0.8,0.0,64.2,1.1
20140108013700,0.0,0.0,0.0,9.2,0.1,0.0,89.5,1.2
20140108013800,0.0,0.0,0.0,0.7,0.0,0.0,98.2,1.0
20140108013900,0.0,0.0,0.0,1.0,0.0,0.0,98.6,0.3
20140108014000,0.0,0.0,0.0,5.4,0.0,0.0,94.1,0.4
20140108014100,0.0,0.0,0.0,3.1,0.0,0.0,94.5,2.3
20140108014200,0.0,0.0,0.0,29.4,0.1,0.0,70.2,0.3
20140108014300,0.0,0.0,0.0,30.6,0.3,0.0,68.6,0.6
20140108014400,0.0,0.0,0.0,61.8,1.2,0.0,33.9,3.1
20140108014500,0.0,0.0,0.0,66.3,0.8,0.0,30.6,2.3
20140108014600,0.0,0.0,0.0,30.4,0.5,0.0,59.1,9.9
20140108014700,0.0,0.0,0.0,62.1,1.6,0.0,29.8,6.5
20140108014800,0.0,0.0,0.0,16.7,1.6,0.0,51.1,30.5
20140108014900,0.0,0.0,0.0,11.6,0.2,0.0,71.9,16.3
20140108015000,0.0,0.0,0.0,7.2,0.1,0.0,86.4,6.3
20140108015100,0.0,0.0,0.0,6.3,0.1,0.0,74.1,19.5
20140108015200,0.0,0.0,0.0,34.7,4.2,0.0,38.6,22.5
20140108015300,0.0,0.0,0.0,11.7,0.1,0.0,85.4,2.7
20140108015400,0.0,0.0,0.0,59.6,1.9,0.0,25.8,12.8
20140108015500,0.0,0.0,0.0,35.0,1.5,0.0,52.9,10.7
20140108015600,0.0,0.0,0.1,23.1,3.6,0.0,18.8,54.4
20140108015700,0.0,0.0,0.2,51.5,10.3,0.0,24.2,13.7
20140108015800,0.0,0.0,0.1,7.2,1.5,0.0,52.4,38.8
20140108015900,0.0,0.0,0.1,23.4,1.8,0.0,56.3,18.4
20140108020000,0.0,0.0,0.0,1.5,0.8,0.0,83.0,14.6
20140108020100,0.0,0.0,0.2,15.5,4.1,0.0,58.4,21.8
20140108020200,0.0,0.0,0.1,5.5,4.1,0.0,52.4,37.9
20140108020300,0.0,0.0,0.0,2.8,0.9,0.0,73.5,22.8
20140108020400,0.0,0.0,0.0,1.0,0.7,0.0,79.6,18.7
20140108020500,0.0,0.0,0.0,2.5,0.7,0.0,80.1,16.7
20140108020600,0.0,0.0,0.0,4.7,3.3,0.0,63.0,28.9
20140108020700,0.0,0.0,0.1,25.9,3.7,0.0,39.4,30.9
20140108020800,0.0,0.0,0.0,2.4,1.4,0.0,84.0,12.2
20140108020900,0.0,0.0,0.0,1.6,2.3,0.0,81.0,15.0
20140108021000,0.0,0.0,0.0,2.3,1.2,0.0,58.0,38.4
20140108021100,0.0,0.0,0.0,1.6,0.1,0.0,97.0,1.3
20140108021200,0.0,0.0,0.0,0.9,0.5,0.0,95.1,3.5
20140108021300,0.0,0.0,0.0,0.6,0.5,0.0,95.5,3.4
20140108021400,0.0,0.0,0.0,0.2,0.3,0.0,99.3,0.2
20140108021500,0.0,0.0,0.0,0.9,1.3,0.0,92.8,5.0
20140108021600,0.0,0.0,0.0,0.1,0.2,0.0,98.8,0.9
20140108021700,0.0,0.0,0.0,0.0,0.0,0.0,100.0,0.0
20140108021800,0.0,0.0,0.0,0.0,0.0,0.0,99.8,0.1
20140108021901,0.0,0.0,0.0,0.0,0.0,0.0,99.9,0.0
20140108022000,0.0,0.0,0.0,0.0,0.0,0.0,100.0,0.0
20140108022100,0.0,0.0,0.0,0.0,0.0,0.0,100.0,0.0
20140108022200,0.0,0.0,0.0,0.0,0.0,0.0,99.8,0.2
20140108022300,0.0,0.0,0.0,0.0,0.1,0.0,99.7,0.2
20140108022400,0.0,0.0,0.0,0.0,0.1,0.0,99.8,0.1
20140108022500,0.0,0.0,0.0,0.2,0.2,0.0,99.5,0.1
20140108022600,0.0,0.0,0.0,0.6,0.7,0.0,98.3,0.4
20140108022700,0.0,0.0,0.0,3.8,1.0,0.0,93.1,2.0
20140108022800,0.0,0.0,0.1,4.4,0.9,0.0,91.4,3.3
20140108022900,0.0,0.0,0.5,13.4,2.8,0.0,68.4,14.9
20140108023000,0.0,0.0,0.1,63.4,1.9,0.0,33.8,0.7
20140108023100,0.0,0.0,0.3,62.7,10.5,0.0,16.0,10.5
20140108023200,0.0,0.0,0.1,80.1,4.2,0.0,13.8,1.9
20140108023300,0.0,0.0,0.1,88.6,6.9,0.0,3.9,0.5
20140108023400,0.0,0.0,0.1,84.2,9.7,0.0,5.3,0.7
20140108023500,0.0,0.0,0.0,74.0,16.4,0.0,3.2,6.3
20140108023600,0.0,0.0,0.0,92.8,6.5,0.0,0.1,0.6
20140108023700,0.0,0.0,0.0,95.3,4.3,0.0,0.1,0.3
20140108023800,0.0,0.0,0.0,95.8,4.1,0.0,0.1,0.1
20140108023900,0.0,0.0,0.0,93.4,5.9,0.0,0.1,0.7
20140108024000,0.0,0.0,0.1,93.7,1.5,0.0,1.2,3.5
20140108024100,0.0,0.0,1.0,81.5,6.3,0.0,1.3,9.9
20140108024200,0.0,0.0,0.2,92.7,0.7,0.0,0.2,6.2
20140108024300,0.0,0.0,0.3,91.1,1.7,0.0,1.3,5.6
20140108024400,0.0,0.0,0.1,96.7,0.9,0.0,0.3,2.0
20140108024500,0.0,0.0,0.1,96.7,1.5,0.0,0.5,1.2
20140108024600,0.0,0.0,1.4,28.4,5.5,0.0,50.0,14.7
20140108024700,0.0,0.0,2.4,30.2,2.0,0.0,53.4,12.0
20140108024800,0.0,0.0,1.1,29.2,1.7,0.0,58.3,9.7
20140108024900,0.0,0.0,0.1,47.5,4.0,0.0,44.6,3.7
20140108025000,0.0,0.0,0.1,54.4,3.5,0.0,40.4,1.6
20140108025100,0.0,0.0,0.1,4.5,1.2,0.0,91.9,2.2
20140108025200,0.0,0.0,0.1,1.4,0.7,0.0,95.4,2.4
20140108025300,0.0,0.0,0.0,0.6,0.3,0.0,95.2,3.9
20140108025400,0.0,0.0,0.0,13.6,0.8,0.0,83.8,1.7
20140108025500,0.0,0.0,0.1,4.3,1.5,0.0,88.5,5.6
20140108025600,0.0,0.0,0.0,1.1,0.2,0.0,97.1,1.5
20140108025700,0.0,0.0,0.0,2.5,0.5,0.0,94.7,2.2
20140108025800,0.0,0.0,0.0,0.6,0.1,0.0,98.5,0.8
20140108025900,0.0,0.0,0.0,0.5,0.1,0.0,99.0,0.4
20140108030000,0.0,0.0,0.0,0.3,0.8,0.0,95.9,2.9
20140108030100,0.0,0.0,0.0,0.1,0.0,0.0,99.7,0.2
20140108030200,0.0,0.0,0.0,0.0,0.0,0.0,99.9,0.1
20140108030300,0.0,0.0,0.0,0.0,0.0,0.0,99.7,0.2
20140108030400,0.0,0.0,0.0,0.0,0.0,0.0,99.6,0.3
20140108030500,0.0,0.0,0.0,0.0,0.1,0.0,99.6,0.3
20140108030600,0.0,0.0,0.0,0.4,0.4,0.0,98.3,0.9
20140108030700,0.0,0.0,0.0,0.1,0.1,0.0,99.2,0.6
20140108030800,0.0,0.0,0.0,0.5,0.6,0.0,97.4,1.4
20140108030900,0.0,0.0,0.0,0.6,0.2,0.0,98.3,0.9
20140108031000,0.0,0.0,0.0,1.6,2.6,0.0,89.0,6.9
20140108031100,0.0,0.0,0.0,0.0,0.0,0.0,99.5,0.5
20140108031200,0.0,0.0,0.0,0.4,0.5,0.0,97.8,1.3
20140108031300,0.0,0.0,0.0,0.4,0.4,0.0,98.0,1.2
20140108031400,0.0,0.0,0.0,0.1,0.5,0.0,94.1,5.3
20140108031500,0.0,0.0,0.0,0.7,1.4,0.0,97.4,0.5
20140108031600,0.0,0.0,0.0,0.1,1.5,0.0,98.2,0.2
20140108031700,0.0,0.0,0.0,0.0,0.0,0.0,99.5,0.4
20140108031800,0.0,0.0,0.0,0.2,0.6,0.0,97.6,1.5
20140108031900,0.0,0.0,0.0,0.2,0.1,0.0,98.4,1.3
20140108032000,0.0,0.0,0.0,0.7,0.4,0.0,98.2,0.7
20140108032100,0.0,0.0,0.0,0.1,0.0,0.0,99.4,0.4
20140108032200,0.0,0.0,0.0,0.6,0.3,0.0,97.5,1.6
20140108032300,0.0,0.0,0.0,0.6,0.1,0.0,98.8,0.5
20140108032400,0.0,0.0,0.0,0.1,0.0,0.0,99.8,0.2
20140108032500,0.0,0.0,0.0,0.0,0.0,0.0,99.2,0.7
20140108032600,0.0,0.0,0.0,0.0,0.0,0.0,96.4,3.6
