UT,arc,discrete,diffuse,ac,ab,clear,cloudy,dd
20141105143200,0.0,0.0,0.0,0.0,0.0,0.0,0.0,100.0
20141105143230,0.0,0.0,0.0,0.0,0.0,0.0,0.0,100.0
20141105143300,0.0,0.0,0.0,0.0,0.0,0.0,0.0,100.0
20141105143330,0.0,0.0,0.0,0.0,0.0,0.0,0.0,100.0
20141105143400,0.0,0.0,0.0,0.0,0.0,0.0,0.0,100.0
20141105143430,0.0,0.0,0.0,0.0,0.0,0.0,0.0,100.0
20141105143500,0.0,0.0,0.0,0.0,0.0,0.0,0.0,100.0
20141105143530,0.0,0.0,0.0,0.0,0.0,0.0,0.0,100.0
20141105143600,0.0,0.0,0.0,0.0,0.0,0.0,0.0,100.0
20141105143630,0.0,0.0,0.0,0.0,0.0,0.0,0.0,100.0
20141105143700,0.0,0.0,0.0,0.0,0.0,0.0,0.0,100.0
20141105143730,0.0,0.0,0.0,0.0,0.0,0.0,0.0,100.0
20141105143800,0.0,0.0,0.0,0.0,0.0,0.0,0.0,100.0
20141105143830,0.0,0.0,0.0,0.0,0.0,0.0,0.0,100.0
20141105143900,0.0,0.0,0.0,0.0,0.0,0.0,0.0,100.0
20141105143930,0.0,0.0,0.0,0.0,0.0,0.0,0.0,100.0
20141105144000,0.0,0.0,0.0,0.0,0.0,0.0,0.0,100.0
20141105144030,0.0,0.0,0.0,0.0,0.0,0.0,0.0,100.0
20141105144100,0.0,0.0,0.0,0.0,0.0,0.0,0.0,100.0
20141105144130,0.0,0.0,0.0,0.0,0.0,0.0,0.0,100.0
20141105144200,0.0,0.0,0.0,0.0,0.0,0.0,0.0,100.0
20141105144230,0.0,0.0,0.0,0.0,0.0,0.0,0.0,100.0
20141105144300,0.0,0.0,0.0,0.0,0.0,0.0,0.0,100.0
20141105144330,0.0,0.0,0.0,0.0,0.0,0.0,0.0,100.0
20141105144400,0.0,0.0,0.0,0.0,0.0,0.0,0.0,100.0
20141105144430,0.0,0.0,0.0,0.0,0.0,0.0,0.0,100.0
20141105144500,0.0,0.0,0.0,0.0,0.0,0.0,0.0,100.0
20141105144530,0.0,0.0,0.0,0.0,0.0,0.0,0.0,100.0
20141105144600,0.0,0.0,0.0,0.0,0.0,0.0,0.0,100.0
20141105144630,0.0,0.0,0.0,0.0,0.0,0.0,0.0,100.0
20141105144700,0.0,0.0,0.0,0.0,0.0,0.0,0.0,100.0
20141105144730,0.0,0.0,0.0,0.0,0.0,0.0,0.0,100.0
20141105144800,0.0,0.0,0.0,0.0,0.0,0.0,0.0,100.0
20141105144830,0.0,0.0,0.0,0.0,0.0,0.0,0.0,100.0
20141105144900,0.0,0.0,0.0,0.0,0.0,0.0,0.0,100.0
20141105144930,0.0,0.0,0.0,0.0,0.0,0.0,0.0,100.0
20141105145000,0.0,0.0,0.0,0.0,0.0,0.0,0.0,100.0
20141105145030,0.0,0.0,0.0,0.0,0.0,0.0,0.0,100.0
20141105145100,0.0,0.0,0.0,0.0,0.0,0.0,0.0,100.0
20141105145130,0.0,0.0,0.0,0.0,0.0,0.0,0.0,100.0
20141105145200,0.0,0.0,0.0,0.0,0.0,0.0,0.0,100.0
20141105145230,0.0,0.0,0.0,0.0,0.0,0.0,0.0,100.0
20141105145300,0.0,0.0,0.0,0.0,0.0,0.0,0.0,100.0
20141105145330,0.0,0.0,0.0,0.0,0.0,0.0,0.0,100.0
20141105145400,0.0,0.0,0.0,0.0,0.0,0.0,0.0,100.0
20141105145430,0.0,0.0,0.0,0.0,0.0,0.0,0.0,100.0
20141105145501,0.0,0.0,0.0,0.0,0.0,0.0,0.0,100.0
20141105145531,0.0,0.0,0.0,0.0,0.0,0.0,0.0,100.0
20141105145601,0.0,0.0,0.0,0.0,0.0,0.0,0.0,100.0
20141105145631,0.0,0.0,0.0,0.0,0.0,0.0,0.0,100.0
20141105145701,0.0,0.0,0.0,0.0,0.0,0.0,0.0,100.0
20141105145731,0.0,0.0,0.0,0.0,0.0,0.0,0.0,100.0
20141105145801,0.0,0.0,0.0,0.0,0.0,0.0,0.0,100.0
20141105145831,0.0,0.0,0.0,0.0,0.0,0.0,0.0,100.0
20141105145901,0.0,0.0,0.0,0.0,0.0,0.0,0.0,100.0
20141105145931,0.0,0.0,0.0,0.0,0.0,0.0,0.0,100.0
20141105150001,0.0,0.0,0.0,0.0,0.0,0.0,0.0,100.0
20141105150031,0.0,0.0,0.0,0.0,0.0,0.0,0.0,100.0
20141105150101,0.0,0.0,0.0,0.0,0.0,0.0,0.0,100.0
20141105150131,0.0,0.0,0.0,0.0,0.0,0.0,0.0,100.0
20141105150201,0.0,0.0,0.0,0.0,0.0,0.0,0.0,100.0
20141105150231,0.0,0.0,0.0,0.0,0.0,0.0,0.0,100.0
20141105150301,0.0,0.0,0.0,0.0,0.0,0.0,0.0,100.0
20141105150331,0.0,0.0,0.0,0.0,0.0,0.0,0.0,100.0
20141105150401,0.0,0.0,0.0,0.0,0.0,0.0,0.0,100.0
20141105150431,0.0,0.0,0.0,0.0,0.0,0.0,0.0,100.0
20141105150501,0.0,0.0,0.0,0.0,0.0,0.0,0.0,100.0
20141105150531,0.0,0.0,0.0,0.0,0.0,0.0,0.0,100.0
20141105150601,0.0,0.0,0.0,0.0,0.0,0.0,0.0,100.0
20141105150631,0.0,0.0,0.0,0.0,0.0,0.0,0.0,100.0
20141105150701,0.0,0.0,0.0,0.0,0.0,0.0,0.0,100.0
20141105150731,0.0,0.0,0.0,0.0,0.0,0.0,0.0,100.0
20141105150801,0.0,0.0,0.0,0.0,0.0,0.0,0.0,100.0
20141105150831,0.0,0.0,0.0,0.0,0.0,0.0,0.0,100.0
20141105150901,0.0,0.0,0.0,0.0,0.0,0.0,0.0,100.0
20141105150931,0.0,0.0,0.0,0.0,0.0,0.0,0.0,100.0
20141105151001,0.0,0.0,0.0,0.0,0.0,0.0,0.0,100.0
20141105151031,0.0,0.0,0.0,0.0,0.0,0.0,0.0,100.0
20141105151101,0.0,0.0,0.0,0.0,0.0,0.0,0.0,100.0
20141105151131,0.0,0.0,0.0,0.0,0.0,0.0,0.0,100.0
20141105151201,0.0,0.0,0.0,0.0,0.0,0.0,0.0,100.0
20141105151231,0.0,0.0,0.0,0.0,0.0,0.0,0.0,100.0
20141105151301,0.0,0.0,0.0,0.0,0.0,0.0,0.0,100.0
20141105151331,0.0,0.0,0.0,0.0,0.0,0.0,0.0,100.0
20141105151401,0.0,0.0,0.0,0.0,0.0,0.0,0.0,100.0
20141105151431,0.0,0.0,0.0,0.0,0.0,0.0,0.0,100.0
20141105151501,0.0,0.0,0.0,0.0,0.0,0.0,0.0,100.0
20141105151531,0.0,0.0,0.0,0.0,0.0,0.0,0.0,100.0
20141105151601,0.0,0.0,0.0,0.0,0.0,0.0,0.0,100.0
20141105151631,0.0,0.0,0.0,0.0,0.0,0.0,0.0,100.0
20141105151701,0.0,0.0,0.0,0.0,0.0,0.0,0.0,100.0
20141105151731,0.0,0.0,0.0,0.0,0.0,0.0,0.0,100.0
20141105151801,0.0,0.0,0.0,0.0,0.0,0.0,0.0,100.0
20141105151831,0.0,0.0,0.0,0.0,0.0,0.0,0.0,100.0
20141105151901,0.0,0.0,0.0,0.0,0.0,0.0,0.0,100.0
20141105151931,0.0,0.0,0.0,0.0,0.0,0.0,0.0,100.0
20141105152001,0.0,0.0,0.0,0.0,0.0,0.0,0.0,100.0
20141105152031,0.0,0.0,0.0,0.0,0.0,0.0,0.0,100.0
20141105152101,0.0,0.0,0.0,0.0,0.0,0.0,0.0,100.0
20141105152131,0.0,0.0,0.0,0.0,0.0,0.0,0.0,100.0
20141105152201,0.0,0.0,0.0,0.0,0.0,0.0,0.0,100.0
20141105152232,0.0,0.0,0.0,0.0,0.0,0.0,0.0,100.0
20141105152302,0.0,0.0,0.0,0.0,0.0,0.0,0.0,100.0
20141105152332,0.0,0.0,0.0,0.0,0.0,0.0,0.0,100.0
20141105152402,0.0,0.0,0.0,0.0,0.0,0.0,0.0,100.0
20141105152432,0.0,0.0,0.0,0.0,0.0,0.0,0.0,100.0
20141105152502,0.0,0.0,0.0,0.0,0.0,0.0,0.0,100.0
20141105152532,0.0,0.0,0.0,0.0,0.0,0.0,0.0,100.0
20141105152602,0.0,0.0,0.0,0.0,0.0,0.0,0.0,100.0
20141105152632,0.0,0.0,0.0,0.0,0.0,0.0,0.0,100.0
20141105152702,0.0,0.0,0.0,0.0,0.0,0.0,0.0,100.0
20141105152732,0.0,0.0,0.0,0.0,0.0,0.0,0.0,100.0
20141105152802,0.0,0.0,0.0,0.0,0.0,0.0,0.0,100.0
20141105152832,0.0,0.0,0.0,0.0,0.0,0.0,0.0,100.0
20141105152902,0.0,0.0,0.0,0.0,0.0,0.0,0.0,100.0
20141105152932,0.0,0.0,0.0,0.0,0.0,0.0,0.0,100.0
20141105153002,0.0,0.0,0.0,0.0,0.0,0.0,0.0,100.0
20141105153032,0.0,0.0,0.0,0.0,0.0,0.0,0.6,99.4
20141105153102,0.0,0.0,0.0,0.0,0.0,0.0,0.6,99.4
20141105153132,0.0,0.0,0.0,0.0,0.0,0.0,1.6,98.3
20141105153332,0.0,0.0,0.0,0.0,0.0,0.0,0.0,100.0
20141105153402,0.0,0.0,0.0,0.0,0.0,0.0,0.0,100.0
20141105153432,0.0,0.0,0.0,0.0,0.0,0.0,0.0,100.0
20141105153502,0.0,0.0,0.0,0.0,0.0,0.0,0.0,100.0
20141105153532,0.0,0.0,0.0,0.0,0.0,0.0,0.0,100.0
20141105153602,0.0,0.0,0.0,0.0,0.0,0.0,0.0,100.0
20141105153632,0.0,0.0,0.0,0.0,0.0,0.0,0.0,100.0
20141105153702,0.0,0.0,0.0,0.0,0.0,0.0,0.0,100.0
20141105153732,0.0,0.0,0.0,0.0,0.0,0.0,0.0,100.0
20141105153802,0.0,0.0,0.0,0.0,0.0,0.0,0.0,100.0
20141105153832,0.0,0.0,0.0,0.0,0.0,0.0,0.0,100.0
20141105153902,0.0,0.0,0.0,0.0,0.0,0.0,0.0,100.0
20141105153932,0.0,0.0,0.0,0.0,0.0,0.0,0.0,100.0
20141105154002,0.0,0.0,0.0,0.0,0.0,0.0,0.0,100.0
20141105154032,0.0,0.0,0.0,0.0,0.0,0.0,0.0,100.0
20141105154102,0.0,0.0,0.0,0.0,0.0,0.0,0.0,100.0
20141105154132,0.0,0.0,0.0,0.0,0.0,0.0,0.0,100.0
20141105154202,0.0,0.0,0.0,0.0,0.0,0.0,0.0,100.0
20141105154232,0.0,0.0,0.0,0.0,0.0,0.0,0.0,100.0
20141105154302,0.0,0.0,0.0,0.0,0.0,0.0,0.0,100.0
20141105154332,0.0,0.0,0.0,0.0,0.0,0.0,0.0,100.0
20141105154402,0.0,0.0,0.0,0.0,0.0,0.0,0.1,99.9
20141105154432,0.0,0.0,0.0,0.0,0.0,0.0,0.0,100.0
20141105154502,0.0,0.0,0.0,0.0,0.0,0.0,0.0,100.0
20141105154532,0.0,0.0,0.0,0.0,0.0,0.0,0.0,100.0
20141105154602,0.0,0.0,0.0,0.0,0.0,0.0,0.0,100.0
20141105154632,0.0,0.0,0.0,0.0,0.0,0.0,0.0,100.0
20141105154702,0.0,0.0,0.0,0.0,0.0,0.0,0.4,99.6
20141105154732,0.0,0.0,0.0,0.0,0.0,0.0,3.3,96.7
20141105154802,0.0,0.0,0.0,0.0,0.0,0.0,2.2,97.8
20141105154832,0.0,0.0,0.0,0.0,0.0,0.0,50.3,49.7
20141105154902,0.0,0.0,0.0,0.0,0.0,0.0,66.9,33.1
20141105154932,0.0,0.0,0.0,0.0,0.0,0.0,94.7,5.3
20141105155002,0.0,0.0,0.0,0.0,0.0,0.0,36.5,63.5
20141105155032,0.0,0.0,0.0,0.0,0.0,0.0,95.8,4.2
20141105155102,0.0,0.0,0.0,0.0,0.0,0.0,99.4,0.6
20141105155132,0.0,0.0,0.0,0.0,0.0,0.0,97.7,2.3
20141105155202,0.0,0.0,0.0,0.0,0.0,0.0,98.4,1.6
20141105155232,0.0,0.0,0.0,0.0,0.0,0.0,99.9,0.1
20141105155302,0.0,0.0,0.0,0.0,0.0,0.0,99.8,0.2
20141105155332,0.0,0.0,0.0,0.0,0.0,0.0,99.9,0.1
20141105155402,0.0,0.0,0.0,0.0,0.0,0.0,99.5,0.5
20141105155432,0.0,0.0,0.0,0.0,0.0,0.0,99.7,0.3
20141105155502,0.0,0.0,0.0,0.0,0.0,0.0,99.8,0.2
20141105155532,0.0,0.0,0.0,0.0,0.0,0.0,98.0,2.0
20141105155602,0.0,0.0,0.0,0.0,0.0,0.0,99.9,0.1
20141105155633,0.0,0.0,0.0,0.0,0.0,0.0,96.9,3.1
20141105155703,0.0,0.0,0.0,0.0,0.0,0.0,99.0,1.0
20141105155733,0.0,0.0,0.0,0.0,0.0,0.0,98.8,1.2
20141105155803,0.0,0.0,0.0,0.0,0.0,0.0,96.9,3.1
20141105155833,0.0,0.0,0.0,0.0,0.0,0.0,97.7,2.3
20141105155903,0.0,0.0,0.0,0.0,0.0,0.0,99.6,0.4
20141105155933,0.0,0.0,0.0,0.0,0.0,0.0,99.8,0.2
20141105160003,0.0,0.0,0.0,0.0,0.0,0.0,99.8,0.2
20141105160033,0.0,0.0,0.0,0.0,0.0,0.0,100.0,0.0
20141105160103,0.0,0.0,0.0,0.0,0.0,0.0,100.0,0.0
20141105160133,0.0,0.0,0.0,0.0,0.0,0.0,100.0,0.0
20141105160203,0.0,0.0,0.0,0.0,0.0,0.0,99.9,0.1
20141105160233,0.0,0.0,0.0,0.0,0.0,0.0,100.0,0.0
20141105160303,0.0,0.0,0.0,0.0,0.0,0.0,100.0,0.0
20141105160333,0.0,0.0,0.0,0.0,0.0,0.0,100.0,0.0
20141105160403,0.0,0.0,0.0,0.0,0.0,0.0,100.0,0.0
20141105160433,0.0,0.0,0.0,0.0,0.0,0.0,100.0,0.0
20141105160503,0.0,0.0,0.0,0.0,0.0,0.0,100.0,0.0
20141105160533,0.0,0.0,0.0,0.0,0.0,0.0,99.9,0.1
20141105160603,0.0,0.0,0.0,0.0,0.0,0.0,100.0,0.0
20141105160633,0.0,0.0,0.0,0.0,0.0,0.0,100.0,0.0
20141105160703,0.0,0.0,0.0,0.1,0.0,0.0,99.8,0.1
20141105160733,0.0,0.0,0.0,0.0,0.0,0.0,100.0,0.0
20141105160803,0.0,0.0,0.0,0.0,0.0,0.0,100.0,0.0
20141105160833,0.0,0.0,0.0,0.0,0.0,0.0,100.0,0.0
20141105160903,0.0,0.0,0.0,0.0,0.0,0.0,100.0,0.0
20141105160933,0.0,0.0,0.0,0.0,0.0,0.0,100.0,0.0
20141105161003,0.0,0.0,0.0,0.0,0.0,0.0,99.9,0.0
20141105161033,0.0,0.0,0.0,0.0,0.0,0.0,100.0,0.0
20141105161103,0.0,0.0,0.0,0.0,0.0,0.0,98.8,1.2
20141105161133,0.0,0.0,0.0,0.0,0.0,0.0,99.9,0.1
20141105161203,0.0,0.0,0.0,0.1,0.0,0.0,99.2,0.6
20141105161233,0.0,0.0,0.0,0.1,0.0,0.0,74.0,25.9
20141105161303,0.0,0.0,0.0,0.2,0.0,0.0,91.6,8.1
20141105161333,0.0,0.0,0.0,0.0,0.0,0.0,99.9,0.1
20141105161403,0.0,0.0,0.0,0.0,0.0,0.0,99.9,0.1
20141105161433,0.0,0.0,0.0,0.0,0.0,0.0,99.6,0.4
20141105161503,0.0,0.0,0.0,0.0,0.0,0.0,97.2,2.8
20141105161533,0.0,0.0,0.0,0.0,0.0,0.0,99.4,0.6
20141105161603,0.0,0.0,0.0,0.0,0.0,0.0,99.8,0.2
20141105161633,0.0,0.0,0.0,0.0,0.0,0.0,98.6,1.4
20141105161703,0.0,0.0,0.0,0.0,0.0,0.0,4.1,95.9
20141105161733,0.0,0.0,0.0,0.0,0.0,0.0,84.3,15.7
20141105161803,0.0,0.0,0.0,0.0,0.0,0.0,99.2,0.8
20141105161833,0.0,0.0,0.0,0.2,0.2,0.0,79.1,20.5
20141105161903,0.0,0.0,0.0,0.1,0.0,0.0,83.2,16.7
20141105161933,0.0,0.0,0.0,0.0,0.0,0.0,90.6,9.4
20141105162003,0.0,0.0,0.0,0.0,0.0,0.0,71.3,28.7
20141105162033,0.0,0.0,0.0,0.0,0.0,0.0,78.5,21.4
20141105162103,0.0,0.0,0.0,0.1,0.0,0.0,67.6,32.3
20141105162133,0.0,0.0,0.0,0.0,0.0,0.0,86.3,13.7
20141105162203,0.0,0.0,0.0,0.0,0.0,0.0,85.6,14.4
20141105162233,0.0,0.0,0.0,0.0,0.0,0.0,73.8,26.2
20141105162303,0.0,0.0,0.0,0.0,0.0,0.0,94.7,5.3
20141105162333,0.0,0.0,0.0,0.0,0.0,0.0,100.0,0.0
20141105162403,0.0,0.0,0.0,0.0,0.0,0.0,100.0,0.0
20141105162433,0.0,0.0,0.0,0.0,0.0,0.0,100.0,0.0
20141105162503,0.0,0.0,0.0,0.0,0.0,0.0,100.0,0.0
20141105162533,0.0,0.0,0.0,0.0,0.0,0.0,99.9,0.1
20141105162603,0.0,0.0,0.0,0.0,0.0,0.0,99.9,0.1
20141105162633,0.0,0.0,0.0,0.1,0.0,0.0,98.5,1.5
20141105162703,0.0,0.0,0.0,0.0,0.0,0.0,99.5,0.5
20141105162733,0.0,0.0,0.0,0.0,0.0,0.0,99.2,0.8
20141105162803,0.0,0.0,0.0,0.0,0.0,0.0,99.8,0.2
20141105162833,0.0,0.0,0.0,0.0,0.0,0.0,99.8,0.2
20141105162903,0.0,0.1,0.0,0.3,0.0,0.0,99.4,0.3
20141105162933,0.0,0.0,0.0,0.2,0.0,0.0,98.0,1.8
20141105163003,0.0,0.0,0.0,0.0,0.0,0.0,99.9,0.1
20141105163033,0.0,0.0,0.0,0.3,0.0,0.0,97.7,2.0
20141105163104,0.0,0.0,0.0,0.0,0.0,0.0,99.9,0.1
20141105163134,0.0,0.0,0.0,0.0,0.0,0.0,99.9,0.1
20141105163204,0.0,0.0,0.0,0.0,0.0,0.0,100.0,0.0
20141105163234,0.0,0.0,0.0,0.0,0.0,0.0,100.0,0.0
20141105163304,0.0,0.0,0.0,0.0,0.0,0.0,100.0,0.0
20141105163334,0.0,0.0,0.0,0.0,0.0,0.0,99.9,0.1
20141105163404,0.0,0.0,0.0,0.0,0.0,0.0,100.0,0.0
20141105163434,0.0,0.0,0.0,0.0,0.0,0.0,99.9,0.0
20141105163504,0.0,0.0,0.0,0.4,0.0,0.0,99.1,0.4
20141105163534,0.0,0.0,0.0,0.0,0.0,0.0,100.0,0.0
20141105163604,0.0,0.1,0.0,0.1,0.0,0.0,99.5,0.3
20141105163634,0.0,0.0,0.0,0.1,0.0,0.0,99.3,0.5
20141105163704,0.0,0.0,0.0,0.1,0.0,0.0,99.9,0.1
20141105163734,0.0,0.0,0.0,0.3,0.0,0.0,99.5,0.1
20141105163804,0.0,0.0,0.0,0.1,0.0,0.0,99.8,0.0
20141105163834,0.0,0.0,0.0,0.1,0.0,0.0,99.7,0.1
20141105163904,0.0,0.0,0.0,0.2,0.0,0.0,99.8,0.0
20141105163934,0.0,0.0,0.0,0.1,0.0,0.0,99.7,0.2
20141105164004,0.0,0.0,0.0,0.0,0.0,0.0,99.8,0.2
20141105164034,0.0,0.0,0.0,0.1,0.0,0.0,98.2,1.7
20141105164104,0.0,0.0,0.0,0.2,0.0,0.0,99.2,0.6
20141105164134,0.0,0.0,0.0,0.0,0.0,0.0,99.7,0.3
20141105164204,0.0,0.0,0.0,0.0,0.0,0.0,99.7,0.2
20141105164234,0.0,0.0,0.0,0.0,0.0,0.0,99.8,0.2
20141105164304,0.0,0.0,0.0,0.0,0.0,0.0,99.7,0.2
20141105164334,0.0,0.0,0.0,0.2,0.1,0.0,98.5,1.1
20141105164404,0.0,0.0,0.0,0.0,0.1,0.0,99.1,0.8
20141105164434,0.0,0.0,0.0,0.0,0.0,0.0,99.8,0.2
20141105164504,0.0,0.0,0.0,0.2,0.0,0.0,99.4,0.3
20141105164534,0.0,0.0,0.0,0.2,0.1,0.0,98.9,0.7
20141105164604,0.0,0.0,0.0,0.1,0.3,0.0,98.2,1.4
20141105164634,0.0,0.0,0.0,0.0,0.0,0.0,99.0,1.0
20141105164704,0.0,0.0,0.0,0.0,0.1,0.0,99.5,0.4
20141105164734,0.0,0.0,0.0,0.0,0.0,0.0,98.7,1.2
20141105164804,0.0,0.0,0.0,0.1,0.0,0.0,97.4,2.4
20141105164834,0.0,0.0,0.0,0.1,0.0,0.0,81.8,18.1
20141105164904,0.0,0.0,0.0,0.0,0.0,0.0,75.8,24.2
20141105164934,0.0,0.0,0.0,0.5,0.1,0.0,91.6,7.8
20141105165004,0.0,0.0,0.0,0.1,0.0,0.0,98.2,1.6
20141105165034,0.0,0.0,0.0,0.1,0.0,0.0,97.8,2.1
20141105165104,0.0,0.0,0.0,0.5,0.2,0.0,91.9,7.4
20141105165134,0.0,0.0,0.0,1.1,0.1,0.0,80.8,17.9
20141105165204,0.0,0.0,0.0,1.0,0.1,0.0,89.4,9.5
20141105165234,0.0,0.0,0.0,0.2,0.1,0.0,96.8,2.9
20141105165304,0.0,0.0,0.0,0.1,0.0,0.0,93.1,6.7
20141105165334,0.0,0.0,0.0,0.5,0.2,0.0,96.1,3.2
20141105165404,0.0,0.0,0.0,2.0,0.1,0.0,97.0,0.8
20141105165434,0.0,0.0,0.0,0.6,0.0,0.0,98.8,0.6
20141105165504,0.0,0.0,0.0,0.1,0.1,0.0,99.6,0.2
20141105165534,0.0,0.0,0.0,0.1,0.1,0.0,99.5,0.2
20141105165604,0.0,0.0,0.0,0.7,0.1,0.0,80.1,19.1
20141105165634,0.0,0.0,0.0,0.7,0.1,0.0,95.1,4.1
20141105165704,0.0,0.0,0.0,0.1,0.1,0.0,97.9,1.9
20141105165734,0.0,0.0,0.0,0.1,0.0,0.0,97.1,2.8
20141105165805,0.0,0.0,0.0,0.2,0.1,0.0,98.4,1.3
20141105165835,0.0,0.0,0.0,0.7,0.1,0.0,97.1,2.1
20141105165905,0.0,0.0,0.0,0.2,0.0,0.0,98.6,1.2
20141105165935,0.0,0.0,0.0,1.2,0.2,0.0,68.8,29.8
20141105170005,0.0,0.0,0.0,0.4,0.3,0.0,96.9,2.4
20141105170035,0.0,0.0,0.0,1.6,0.4,0.0,91.3,6.7
20141105170105,0.0,0.0,0.0,0.2,0.6,0.0,87.3,11.9
20141105170135,0.0,0.0,0.0,0.1,0.1,0.0,99.0,0.9
20141105170205,0.0,0.0,0.0,0.0,0.0,0.0,97.9,2.0
20141105170235,0.0,0.0,0.0,0.4,0.8,0.0,86.8,12.0
20141105170305,0.0,0.0,0.0,0.1,0.1,0.0,93.3,6.5
20141105170335,0.0,0.0,0.0,0.0,0.1,0.0,60.1,39.7
20141105170405,0.0,0.0,0.0,0.0,0.0,0.0,87.9,12.1
20141105170435,0.0,0.0,0.0,0.5,0.1,0.0,93.4,6.0
20141105170505,0.0,0.0,0.0,0.5,0.3,0.0,95.0,4.2
20141105170535,0.0,0.0,0.0,0.3,0.3,0.0,73.0,26.5
20141105170605,0.0,0.0,0.0,1.0,0.1,0.0,97.1,1.9
20141105170635,0.0,0.0,0.0,0.8,1.0,0.0,92.0,6.2
20141105170705,0.0,0.0,0.0,0.2,0.1,0.0,88.9,10.8
20141105170735,0.0,0.0,0.0,0.1,0.1,0.0,89.0,10.9
20141105170805,0.0,0.0,0.0,0.1,0.1,0.0,88.2,11.6
20141105170835,0.0,0.0,0.0,0.1,0.1,0.0,44.4,55.4
20141105170905,0.0,0.0,0.0,0.2,0.2,0.0,57.7,41.9
20141105170935,0.0,0.0,0.0,0.1,1.0,0.0,27.5,71.3
20141105171005,0.0,0.0,0.0,0.0,0.2,0.0,82.0,17.8
20141105171035,0.0,0.0,0.0,0.2,0.3,0.0,25.1,74.4
20141105171105,0.0,0.0,0.0,0.2,0.3,0.0,23.9,75.6
20141105171135,0.0,0.0,0.0,0.0,0.0,0.0,85.6,14.4
20141105171205,0.0,0.0,0.0,0.1,0.0,0.0,83.8,16.1
20141105171235,0.0,0.0,0.0,0.0,0.0,0.0,80.8,19.1
20141105171305,0.0,0.0,0.0,0.0,0.0,0.0,98.0,1.9
20141105171335,0.0,0.0,0.0,0.1,0.0,0.0,90.1,9.8
20141105171405,0.0,0.0,0.0,0.0,0.0,0.0,41.4,58.5
20141105171435,0.0,0.0,0.0,0.0,0.0,0.0,67.5,32.5
20141105171505,0.0,0.0,0.0,0.0,0.0,0.0,84.7,15.2
20141105171535,0.0,0.0,0.0,0.0,0.1,0.0,91.5,8.4
20141105171605,0.0,0.0,0.0,0.0,0.2,0.0,20.5,79.3
20141105171635,0.0,0.0,0.0,0.0,0.0,0.0,86.1,13.9
20141105171705,0.0,0.0,0.0,0.0,0.0,0.0,97.0,3.0
20141105171735,0.0,0.0,0.0,0.0,0.0,0.0,99.1,0.9
20141105171805,0.0,0.0,0.0,0.0,0.1,0.0,95.8,4.2
20141105171835,0.0,0.0,0.0,0.1,0.1,0.0,98.9,0.9
20141105171905,0.0,0.0,0.0,0.1,0.0,0.0,97.4,2.5
20141105171935,0.0,0.0,0.0,0.0,0.0,0.0,97.2,2.8
20141105172005,0.0,0.0,0.0,0.2,0.0,0.0,77.8,22.0
20141105172035,0.0,0.0,0.0,0.0,0.0,0.0,30.8,69.2
20141105172105,0.0,0.0,0.0,0.1,0.0,0.0,96.0,4.0
20141105172135,0.0,0.0,0.0,0.0,0.0,0.0,22.9,77.1
20141105172205,0.0,0.0,0.0,0.0,0.0,0.0,68.3,31.7
20141105172235,0.0,0.0,0.0,0.0,0.0,0.0,95.4,4.6
20141105172305,0.0,0.0,0.0,0.0,0.0,0.0,96.2,3.8
20141105172335,0.0,0.0,0.0,0.0,0.0,0.0,98.7,1.3
20141105172405,0.0,0.0,0.0,0.0,0.0,0.0,97.4,2.6
20141105172435,0.0,0.0,0.0,0.0,0.0,0.0,98.5,1.5
20141105172505,0.0,0.0,0.0,0.0,0.0,0.0,97.4,2.6
20141105172535,0.0,0.0,0.0,0.0,0.0,0.0,99.2,0.8
20141105172605,0.0,0.0,0.0,0.0,0.0,0.0,95.5,4.5
20141105172635,0.0,0.0,0.0,0.0,0.0,0.0,91.9,8.1
20141105172705,0.0,0.0,0.0,0.0,0.0,0.0,84.4,15.6
20141105172735,0.0,0.0,0.0,0.0,0.0,0.0,93.6,6.3
20141105172805,0.0,0.0,0.0,0.1,0.0,0.0,91.5,8.4
20141105172835,0.0,0.0,0.0,1.1,0.0,0.0,70.2,28.7
20141105172905,0.0,0.0,0.0,0.0,0.0,0.0,95.2,4.7
20141105172935,0.0,0.0,0.0,0.1,0.0,0.0,93.6,6.2
20141105173005,0.0,0.0,0.0,0.0,0.0,0.0,81.6,18.4
20141105173035,0.0,0.0,0.0,0.0,0.0,0.0,95.2,4.8
20141105173105,0.0,0.0,0.0,0.0,0.0,0.0,92.1,7.9
20141105173135,0.0,0.0,0.0,0.0,0.0,0.0,95.5,4.5
20141105173206,0.0,0.0,0.0,0.0,0.0,0.0,81.9,18.1
20141105173236,0.0,0.0,0.0,0.0,0.0,0.0,87.2,12.7
20141105173306,0.0,0.0,0.0,0.0,0.0,0.0,61.7,38.3
20141105173336,0.0,0.0,0.0,0.0,0.0,0.0,78.1,21.9
20141105173406,0.0,0.0,0.0,0.0,0.0,0.0,98.0,2.0
20141105173436,0.0,0.0,0.0,0.0,0.0,0.0,95.7,4.3
20141105173506,0.0,0.0,0.0,0.0,0.0,0.0,99.8,0.2
20141105173536,0.0,0.0,0.0,0.0,0.0,0.0,98.2,1.8
20141105173606,0.0,0.0,0.0,0.0,0.0,0.0,99.3,0.7
20141105173636,0.0,0.0,0.0,0.0,0.0,0.0,98.8,1.2
20141105173706,0.0,0.0,0.0,0.0,0.0,0.0,99.9,0.1
20141105173736,0.0,0.0,0.0,0.0,0.0,0.0,72.1,27.9
20141105173806,0.0,0.0,0.0,0.0,0.0,0.0,99.7,0.3
20141105173836,0.0,0.0,0.0,0.3,0.0,0.0,82.1,17.6
20141105173906,0.0,0.0,0.0,0.0,0.0,0.0,2.3,97.6
20141105173936,0.0,0.0,0.0,0.0,0.0,0.0,0.9,99.1
20141105174006,0.0,0.0,0.0,0.0,0.0,0.0,1.5,98.5
20141105174036,0.0,0.0,0.0,0.0,0.0,0.0,0.1,99.9
20141105174106,0.0,0.0,0.0,0.0,0.0,0.0,20.5,79.5
20141105174136,0.0,0.0,0.0,0.0,0.0,0.0,49.6,50.4
20141105174206,0.0,0.0,0.0,0.0,0.0,0.0,87.4,12.6
20141105174236,0.0,0.0,0.0,0.0,0.0,0.0,94.4,5.6
20141105174306,0.0,0.0,0.0,0.0,0.0,0.0,99.5,0.5
20141105174336,0.0,0.0,0.0,0.0,0.0,0.0,99.7,0.3
20141105174406,0.0,0.0,0.0,0.0,0.0,0.0,99.3,0.7
20141105174436,0.0,0.0,0.0,0.0,0.0,0.0,94.7,5.2
20141105174506,0.0,0.0,0.0,0.0,0.2,0.0,33.5,66.2
20141105174536,0.0,0.0,0.0,0.0,0.0,0.0,3.5,96.5
20141105174606,0.0,0.0,0.0,0.0,0.0,0.0,5.8,94.2
20141105174636,0.0,0.0,0.0,0.0,0.0,0.0,0.7,99.2
20141105174706,0.0,0.0,0.0,0.0,0.0,0.0,1.7,98.3
20141105174736,0.0,0.0,0.0,0.0,0.0,0.0,0.7,99.3
20141105174806,0.0,0.0,0.0,0.0,0.0,0.0,10.9,89.0
20141105174836,0.0,0.0,0.0,0.0,0.0,0.0,0.4,99.6
20141105174906,0.0,0.0,0.0,0.0,0.2,0.0,2.3,97.5
20141105174936,0.0,0.0,0.1,0.3,0.3,0.0,3.9,95.4
20141105175006,0.0,0.0,0.0,0.1,0.0,0.0,6.9,93.0
20141105175036,0.0,0.0,0.0,0.0,0.0,0.0,6.9,93.0
20141105175106,0.0,0.0,0.0,0.0,0.0,0.0,1.7,98.2
20141105175136,0.0,0.0,0.0,0.1,0.2,0.0,1.1,98.6
20141105175206,0.0,0.0,0.0,0.0,0.0,0.0,0.5,99.5
20141105175236,0.0,0.0,0.0,0.0,0.1,0.0,0.8,99.0
20141105175306,0.0,0.0,0.0,0.1,0.1,0.0,1.7,98.1
20141105175336,0.0,0.0,0.0,0.0,0.0,0.0,0.4,99.6
20141105175406,0.0,0.0,0.0,0.0,0.0,0.0,2.7,97.3
20141105175436,0.0,0.0,0.0,0.0,0.0,0.0,3.1,96.9
20141105175506,0.0,0.0,0.0,0.0,0.0,0.0,8.1,91.8
20141105175536,0.0,0.0,0.0,0.0,0.0,0.0,2.4,97.5
20141105175606,0.0,0.0,0.0,0.0,0.0,0.0,0.4,99.6
20141105175636,0.0,0.0,0.0,0.0,0.0,0.0,0.4,99.6
20141105175706,0.0,0.0,0.0,0.0,0.0,0.0,0.7,99.2
20141105175736,0.0,0.0,0.0,0.0,0.0,0.0,0.9,99.1
20141105175806,0.0,0.0,0.0,0.0,0.2,0.0,0.9,98.9
20141105175836,0.0,0.0,0.0,0.0,0.0,0.0,10.1,89.8
20141105175906,0.0,0.0,0.0,0.0,0.1,0.0,2.6,97.3
20141105175936,0.0,0.0,0.0,0.0,0.0,0.0,0.5,99.4
20141105180006,0.0,0.0,0.0,0.0,0.0,0.0,1.6,98.4
20141105180036,0.0,0.0,0.0,0.0,0.0,0.0,1.9,98.1
20141105180106,0.0,0.0,0.0,0.0,0.0,0.0,38.1,61.8
20141105180136,0.0,0.0,0.0,0.0,0.2,0.0,67.0,32.8
20141105180206,0.0,0.0,0.0,0.0,0.0,0.0,27.6,72.4
20141105180236,0.0,0.0,0.0,0.0,0.0,0.0,89.5,10.5
20141105180306,0.0,0.0,0.0,0.0,0.0,0.0,59.2,40.8
20141105180336,0.0,0.0,0.0,0.0,0.1,0.0,17.1,82.7
20141105180406,0.0,0.0,0.0,0.0,0.0,0.0,6.6,93.4
20141105180436,0.0,0.0,0.0,0.0,0.0,0.0,0.0,100.0
20141105180506,0.0,0.0,0.0,0.0,0.0,0.0,1.2,98.8
20141105180536,0.0,0.0,0.0,0.0,0.0,0.0,1.8,98.2
20141105180606,0.0,0.0,0.0,0.0,0.0,0.0,0.2,99.8
20141105180637,0.0,0.0,0.0,0.0,0.0,0.0,0.1,99.9
20141105180707,0.0,0.0,0.0,0.0,0.0,0.0,0.0,100.0
20141105180737,0.0,0.0,0.0,0.0,0.0,0.0,0.0,100.0
20141105180807,0.0,0.0,0.0,0.0,0.0,0.0,0.1,99.9
20141105180837,0.0,0.0,0.0,0.0,0.0,0.0,0.0,100.0
20141105180907,0.0,0.0,0.0,0.0,0.0,0.0,0.0,100.0
20141105180937,0.0,0.0,0.0,0.0,0.0,0.0,0.0,100.0
20141105181007,0.0,0.0,0.0,0.0,0.0,0.0,0.0,100.0
20141105181037,0.0,0.0,0.0,0.0,0.1,0.0,0.2,99.7
20141105181107,0.0,0.0,0.0,0.0,0.1,0.0,0.0,99.8
20141105181137,0.0,0.0,0.0,0.0,0.0,0.0,0.1,99.9
20141105181207,0.0,0.0,0.0,0.0,0.0,0.0,0.0,100.0
20141105181237,0.0,0.0,0.0,0.0,0.0,0.0,0.5,99.5
20141105181307,0.0,0.0,0.0,0.0,0.0,0.0,0.0,100.0
20141105181337,0.0,0.0,0.0,0.0,0.0,0.0,0.0,100.0
20141105181407,0.0,0.0,0.0,0.0,0.0,0.0,0.0,100.0
20141105181437,0.0,0.0,0.0,0.0,0.0,0.0,0.0,100.0
20141105181507,0.0,0.0,0.0,0.0,0.0,0.0,0.0,100.0
20141105181537,0.0,0.0,0.0,0.0,0.0,0.0,0.0,100.0
20141105181607,0.0,0.0,0.0,0.0,0.0,0.0,0.0,100.0
20141105181637,0.0,0.0,0.0,0.0,0.0,0.0,0.1,99.9
20141105181707,0.0,0.0,0.0,0.0,0.0,0.0,0.0,100.0
20141105181737,0.0,0.0,0.0,0.0,0.0,0.0,0.0,100.0
20141105181807,0.0,0.0,0.0,0.0,0.0,0.0,0.0,100.0
20141105181837,0.0,0.0,0.0,0.0,0.0,0.0,0.0,99.9
20141105181907,0.0,0.0,0.0,0.0,0.0,0.0,0.1,99.9
20141105181937,0.0,0.0,0.0,0.0,0.0,0.0,0.0,100.0
20141105182007,0.0,0.0,0.0,0.0,0.0,0.0,0.0,100.0
20141105182037,0.0,0.0,0.0,0.0,0.0,0.0,0.0,100.0
20141105182107,0.0,0.0,0.0,0.0,0.0,0.0,0.0,100.0
20141105182137,0.0,0.0,0.0,0.0,0.0,0.0,0.0,100.0
20141105182207,0.0,0.0,0.0,0.0,0.0,0.0,0.0,100.0
20141105182237,0.0,0.0,0.0,0.0,0.0,0.0,0.0,100.0
20141105182307,0.0,0.0,0.0,0.0,0.1,0.0,0.1,99.8
20141105182337,0.0,0.0,0.0,0.0,0.2,0.0,0.0,99.8
20141105182407,0.0,0.0,0.0,0.0,0.1,0.0,0.0,99.9
20141105182437,0.0,0.0,0.0,0.0,0.0,0.0,0.0,99.9
20141105182507,0.0,0.0,0.0,0.0,0.1,0.0,0.0,99.9
20141105182537,0.0,0.0,0.0,0.0,0.1,0.0,0.2,99.7
20141105182607,0.0,0.0,0.0,0.0,0.0,0.0,0.0,100.0
20141105182637,0.0,0.0,0.0,0.0,0.1,0.0,0.3,99.6
20141105182707,0.0,0.0,0.0,0.0,0.0,0.0,0.0,100.0
20141105182737,0.0,0.0,0.0,0.0,0.0,0.0,0.0,100.0
20141105182807,0.0,0.0,0.0,0.0,0.0,0.0,0.0,100.0
20141105182837,0.0,0.0,0.0,0.0,0.0,0.0,0.0,100.0
20141105182907,0.0,0.0,0.0,0.0,0.0,0.0,0.0,99.9
20141105182937,0.0,0.0,0.0,0.0,0.0,0.0,0.0,100.0
20141105183007,0.0,0.0,0.0,0.0,0.1,0.0,0.0,99.9
20141105183037,0.0,0.0,0.0,0.0,0.1,0.0,0.0,99.9
20141105183107,0.0,0.0,0.0,0.0,0.1,0.0,0.0,99.9
20141105183137,0.0,0.0,0.0,0.0,0.1,0.0,0.0,99.9
20141105183207,0.0,0.0,0.0,0.0,0.0,0.0,0.0,100.0
20141105183237,0.0,0.0,0.0,0.0,0.0,0.0,0.0,100.0
20141105183307,0.0,0.0,0.0,0.0,0.0,0.0,0.0,100.0
20141105183337,0.0,0.0,0.0,0.0,0.0,0.0,0.0,100.0
20141105183407,0.0,0.0,0.0,0.0,0.0,0.0,0.0,100.0
20141105183437,0.0,0.0,0.0,0.0,0.0,0.0,0.0,100.0
20141105183507,0.0,0.0,0.0,0.0,0.0,0.0,0.0,100.0
20141105183537,0.0,0.0,0.0,0.0,0.0,0.0,0.0,100.0
20141105183607,0.0,0.0,0.0,0.0,0.0,0.0,0.0,100.0
20141105183637,0.0,0.0,0.0,0.0,0.0,0.0,0.0,100.0
20141105183707,0.0,0.0,0.0,0.0,0.0,0.0,0.0,100.0
20141105183737,0.0,0.0,0.0,0.0,0.0,0.0,0.0,100.0
20141105183807,0.0,0.0,0.0,0.0,0.0,0.0,0.0,100.0
20141105183837,0.0,0.0,0.0,0.0,0.0,0.0,0.0,100.0
20141105183907,0.0,0.0,0.0,0.0,0.0,0.0,0.0,100.0
20141105183937,0.0,0.0,0.0,0.0,0.0,0.0,0.0,100.0
20141105184007,0.0,0.0,0.0,0.0,0.0,0.0,0.0,100.0
20141105184038,0.0,0.0,0.0,0.0,0.0,0.0,0.0,100.0
20141105184108,0.0,0.0,0.0,0.0,0.0,0.0,0.0,100.0
20141105184138,0.0,0.0,0.0,0.0,0.0,0.0,0.0,100.0
20141105184208,0.0,0.0,0.0,0.0,0.0,0.0,0.0,100.0
20141105184238,0.0,0.0,0.0,0.0,0.0,0.0,0.0,100.0
20141105184308,0.0,0.0,0.0,0.0,0.0,0.0,0.0,100.0
20141105184338,0.0,0.0,0.0,0.0,0.0,0.0,0.0,100.0
20141105184408,0.0,0.0,0.0,0.0,0.0,0.0,0.0,100.0
20141105184438,0.0,0.0,0.0,0.0,0.0,0.0,0.0,100.0
20141105184508,0.0,0.0,0.0,0.0,0.0,0.0,0.0,100.0
20141105184538,0.0,0.0,0.0,0.0,0.0,0.0,0.0,100.0
20141105184608,0.0,0.0,0.0,0.0,0.0,0.0,0.0,100.0
20141105184638,0.0,0.0,0.0,0.0,0.0,0.0,0.0,100.0
20141105184708,0.0,0.0,0.0,0.0,0.0,0.0,0.0,100.0
20141105184738,0.0,0.0,0.0,0.0,0.0,0.0,0.0,100.0
20141105184808,0.0,0.0,0.0,0.0,0.0,0.0,0.0,100.0
20141105184838,0.0,0.0,0.0,0.0,0.0,0.0,0.0,100.0
20141105184908,0.0,0.0,0.0,0.0,0.0,0.0,0.0,100.0
20141105184938,0.0,0.0,0.0,0.0,0.0,0.0,0.0,100.0
20141105185008,0.0,0.0,0.0,0.0,0.0,0.0,0.0,100.0
20141105185038,0.0,0.0,0.0,0.0,0.0,0.0,0.0,100.0
20141105185108,0.0,0.0,0.0,0.0,0.0,0.0,0.0,100.0
20141105185138,0.0,0.0,0.0,0.0,0.0,0.0,0.0,100.0
20141105185208,0.0,0.0,0.0,0.0,0.0,0.0,0.0,100.0
20141105185238,0.0,0.0,0.0,0.0,0.0,0.0,0.0,100.0
20141105185308,0.0,0.0,0.0,0.0,0.0,0.0,0.0,100.0
20141105185338,0.0,0.0,0.0,0.0,0.0,0.0,0.0,100.0
20141105185408,0.0,0.0,0.0,0.0,0.0,0.0,0.0,100.0
20141105185438,0.0,0.0,0.0,0.0,0.0,0.0,0.0,100.0
20141105185508,0.0,0.0,0.0,0.0,0.0,0.0,0.0,100.0
20141105185538,0.0,0.0,0.0,0.0,0.0,0.0,0.0,100.0
20141105185608,0.0,0.0,0.0,0.0,0.0,0.0,0.0,100.0
20141105185638,0.0,0.0,0.0,0.0,0.0,0.0,0.0,100.0
20141105185708,0.0,0.0,0.0,0.0,0.0,0.0,0.0,100.0
20141105185738,0.0,0.0,0.0,0.0,0.0,0.0,0.0,100.0
20141105185808,0.0,0.0,0.0,0.0,0.0,0.0,0.0,100.0
20141105185838,0.0,0.0,0.0,0.0,0.0,0.0,0.0,100.0
20141105185908,0.0,0.0,0.0,0.0,0.0,0.0,0.0,100.0
20141105185938,0.0,0.0,0.0,0.0,0.0,0.0,0.0,100.0
20141105190008,0.0,0.0,0.0,0.0,0.0,0.0,0.0,100.0
20141105190038,0.0,0.0,0.0,0.0,0.0,0.0,0.0,100.0
20141105190108,0.0,0.0,0.0,0.0,0.0,0.0,0.0,100.0
20141105190138,0.0,0.0,0.0,0.0,0.0,0.0,0.0,100.0
20141105190208,0.0,0.0,0.0,0.0,0.0,0.0,0.0,100.0
20141105190238,0.0,0.0,0.0,0.0,0.0,0.0,0.1,99.9
20141105190308,0.0,0.0,0.0,0.0,0.0,0.0,0.0,100.0
20141105190338,0.0,0.0,0.0,0.0,0.0,0.0,0.0,100.0
20141105190408,0.0,0.0,0.0,0.0,0.0,0.0,0.0,100.0
20141105190438,0.0,0.0,0.0,0.0,0.0,0.0,0.1,99.9
20141105190508,0.0,0.0,0.0,0.0,0.0,0.0,0.0,100.0
20141105190538,0.0,0.0,0.0,0.0,0.0,0.0,0.1,99.9
20141105190608,0.0,0.0,0.0,0.0,0.0,0.0,0.1,99.9
20141105190638,0.0,0.0,0.0,0.0,0.0,0.0,1.0,99.0
20141105190708,0.0,0.0,0.0,0.0,0.0,0.0,0.6,99.4
20141105190738,0.0,0.0,0.0,0.0,0.0,0.0,0.4,99.6
20141105190809,0.0,0.0,0.0,0.0,0.0,0.0,0.1,99.9
20141105190839,0.0,0.0,0.0,0.0,0.0,0.0,0.1,99.9
20141105190909,0.0,0.0,0.0,0.0,0.0,0.0,1.7,98.3
20141105190939,0.0,0.0,0.0,0.0,0.0,0.0,0.8,99.2
20141105191009,0.0,0.0,0.0,0.0,0.0,0.0,5.8,94.2
20141105191039,0.0,0.0,0.0,0.0,0.0,0.0,8.1,91.9
20141105191109,0.0,0.0,0.0,0.0,0.0,0.0,5.4,94.6
20141105191139,0.0,0.0,0.0,0.0,0.0,0.0,1.0,99.0
20141105191209,0.0,0.0,0.0,0.0,0.0,0.0,2.1,97.9
20141105191239,0.0,0.0,0.0,0.0,0.0,0.0,0.6,99.4
20141105191309,0.0,0.0,0.0,0.0,0.0,0.0,5.3,94.7
20141105191339,0.0,0.0,0.0,0.0,0.0,0.0,0.6,99.4
20141105191409,0.0,0.0,0.0,0.0,0.0,0.0,1.2,98.8
20141105191439,0.0,0.0,0.0,0.0,0.0,0.0,1.5,98.5
20141105191509,0.0,0.0,0.0,0.0,0.0,0.0,0.3,99.7
20141105191539,0.0,0.0,0.0,0.0,0.0,0.0,12.8,87.2
20141105191609,0.0,0.0,0.0,0.0,0.0,0.0,28.6,71.4
20141105191639,0.0,0.0,0.0,0.0,0.0,0.0,1.9,98.1
20141105191709,0.0,0.0,0.0,0.0,0.0,0.0,11.0,89.0
20141105191739,0.0,0.0,0.0,0.0,0.0,0.0,33.3,66.7
20141105191809,0.0,0.0,0.0,0.0,0.0,0.0,32.5,67.5
20141105191839,0.0,0.0,0.0,0.0,0.0,0.0,95.2,4.8
20141105191909,0.0,0.0,0.0,0.0,0.0,0.0,72.6,27.4
20141105191939,0.0,0.0,0.0,0.0,0.0,0.0,11.2,88.8
20141105192009,0.0,0.0,0.0,0.1,0.0,0.0,7.7,92.2
20141105192039,0.0,0.0,0.0,0.0,0.0,0.0,2.2,97.8
20141105192109,0.0,0.0,0.0,0.0,0.0,0.0,20.0,80.0
20141105192139,0.0,0.0,0.0,0.1,0.0,0.0,37.7,62.2
20141105192209,0.0,0.0,0.0,0.0,0.0,0.0,24.5,75.5
20141105192239,0.0,0.0,0.0,0.0,0.0,0.0,22.5,77.5
20141105192309,0.0,0.0,0.0,0.0,0.0,0.0,43.5,56.5
20141105192339,0.0,0.0,0.0,0.0,0.0,0.0,24.5,75.4
20141105192409,0.0,0.0,0.0,0.0,0.0,0.0,13.5,86.5
20141105192439,0.0,0.0,0.0,0.0,0.0,0.0,49.2,50.8
20141105192509,0.0,0.0,0.0,0.0,0.0,0.0,26.4,73.6
20141105192539,0.0,0.0,0.0,0.0,0.0,0.0,73.1,26.9
20141105192609,0.0,0.0,0.0,0.0,0.0,0.0,28.0,72.0
20141105192639,0.0,0.0,0.0,0.1,0.0,0.0,53.1,46.7
20141105192709,0.0,0.0,0.0,0.0,0.0,0.0,49.4,50.5
20141105192739,0.0,0.0,0.0,0.0,0.0,0.0,95.4,4.5
20141105192809,0.0,0.0,0.0,0.0,0.0,0.0,99.4,0.6
20141105192839,0.0,0.0,0.0,0.0,0.0,0.0,63.3,36.7
20141105192909,0.0,0.0,0.0,0.0,0.0,0.0,73.9,26.1
20141105192939,0.0,0.0,0.0,0.1,0.0,0.0,84.5,15.4
20141105193009,0.0,0.0,0.0,0.0,0.0,0.0,54.9,45.0
20141105193039,0.0,0.0,0.0,0.0,0.0,0.0,65.0,35.0
20141105193109,0.0,0.0,0.0,0.0,0.0,0.0,20.2,79.8
20141105193139,0.0,0.0,0.0,0.1,0.0,0.0,41.1,58.8
20141105193209,0.0,0.0,0.0,0.0,0.0,0.0,94.3,5.7
20141105193239,0.0,0.0,0.0,0.1,0.0,0.0,63.5,36.5
20141105193309,0.0,0.0,0.0,0.0,0.0,0.0,66.8,33.1
20141105193339,0.0,0.0,0.0,0.0,0.0,0.0,21.1,78.9
20141105193409,0.0,0.0,0.0,1.9,0.0,0.0,35.9,62.2
20141105193439,0.0,0.0,0.0,0.1,0.0,0.0,49.8,50.1
20141105193509,0.0,0.0,0.0,0.3,0.0,0.0,8.5,91.1
20141105193539,0.0,0.0,0.0,0.0,0.0,0.0,1.1,98.9
20141105193609,0.0,0.0,0.0,0.0,0.0,0.0,0.8,99.1
20141105193639,0.0,0.0,0.0,0.2,0.0,0.0,56.2,43.6
20141105193709,0.0,0.0,0.0,1.5,0.0,0.0,62.7,35.8
20141105193739,0.0,0.0,0.0,0.1,0.0,0.0,12.2,87.6
20141105193809,0.0,0.0,0.0,0.6,0.0,0.0,8.0,91.5
20141105193839,0.0,0.0,0.0,0.1,0.0,0.0,2.3,97.5
20141105193909,0.0,0.0,0.0,0.2,0.0,0.0,2.4,97.3
20141105193939,0.0,0.0,0.0,0.3,0.0,0.0,0.8,98.9
20141105194009,0.0,0.0,0.0,0.1,0.0,0.0,4.1,95.8
20141105194039,0.0,0.0,0.0,0.0,0.0,0.0,9.0,91.0
20141105194109,0.0,0.0,0.0,0.0,0.0,0.0,1.5,98.5
20141105194139,0.0,0.0,0.0,0.1,0.0,0.0,7.4,92.5
20141105194209,0.0,0.0,0.0,0.8,0.0,0.0,3.5,95.7
20141105194240,0.0,0.0,0.0,1.3,0.0,0.0,7.2,91.5
20141105194310,0.0,0.0,0.0,0.4,0.0,0.0,6.7,92.8
20141105194340,0.0,0.0,0.0,0.1,0.0,0.0,5.9,94.0
20141105194410,0.0,0.0,0.0,0.0,0.0,0.0,3.4,96.6
20141105194440,0.0,0.0,0.0,0.0,0.0,0.0,0.5,99.4
20141105194510,0.0,0.0,0.0,0.2,0.0,0.0,3.3,96.5
20141105194540,0.0,0.0,0.0,0.3,0.0,0.0,17.2,82.4
20141105194610,0.0,0.0,0.0,0.2,0.0,0.0,3.9,95.9
20141105194640,0.0,0.0,0.0,2.1,0.0,0.0,36.7,61.2
20141105194710,0.0,0.0,0.0,0.8,0.0,0.0,4.9,94.2
20141105194740,0.0,0.0,0.0,1.6,0.3,0.0,7.7,90.4
20141105194810,0.0,0.0,0.0,0.1,0.8,0.0,7.9,91.2
20141105194840,0.0,0.0,0.0,0.0,0.4,0.0,0.8,98.8
20141105194910,0.0,0.0,0.0,0.1,0.1,0.0,1.6,98.2
20141105194940,0.0,0.0,0.0,0.0,0.2,0.0,10.8,89.0
20141105195010,0.0,0.0,0.0,0.4,0.8,0.0,6.1,92.7
20141105195040,0.0,0.0,0.0,0.1,0.6,0.0,1.7,97.6
20141105195110,0.0,0.0,0.0,0.0,0.0,0.0,0.3,99.7
20141105195140,0.0,0.0,0.0,0.1,0.3,0.0,0.1,99.4
20141105195210,0.0,0.0,0.0,0.1,0.8,0.0,0.3,98.7
20141105195240,0.0,0.0,0.0,0.1,1.2,0.0,13.4,85.2
20141105195310,0.0,0.0,0.0,0.1,0.8,0.0,2.6,96.5
20141105195340,0.0,0.0,0.0,0.1,0.2,0.0,4.8,95.0
20141105195410,0.0,0.0,0.0,0.0,0.0,0.0,1.1,98.9
20141105195440,0.0,0.0,0.0,0.1,0.0,0.0,1.0,99.0
20141105195510,0.0,0.0,0.0,0.0,0.0,0.0,1.8,98.2
20141105195540,0.0,0.0,0.0,0.0,0.0,0.0,1.2,98.7
20141105195610,0.0,0.0,0.0,0.1,0.0,0.0,26.4,73.5
20141105195640,0.0,0.0,0.0,0.1,0.1,0.0,36.3,63.5
20141105195710,0.0,0.0,0.0,0.0,0.0,0.0,0.3,99.7
20141105195740,0.0,0.0,0.0,0.1,0.0,0.0,0.1,99.8
20141105195810,0.0,0.0,0.0,0.0,0.0,0.0,0.2,99.8
20141105195840,0.0,0.0,0.0,0.0,0.0,0.0,1.6,98.3
20141105195910,0.0,0.0,0.0,0.1,0.0,0.0,11.6,88.3
20141105195940,0.0,0.0,0.0,0.1,0.1,0.0,7.1,92.6
20141105200010,0.0,0.0,0.0,0.0,0.1,0.0,0.6,99.4
20141105200040,0.0,0.0,0.0,0.0,0.1,0.0,0.9,99.0
20141105200110,0.0,0.0,0.0,0.1,0.2,0.0,0.3,99.4
20141105200140,0.0,0.0,0.0,0.1,0.1,0.0,0.5,99.3
20141105200210,0.0,0.0,0.0,0.0,0.0,0.0,0.1,99.9
20141105200240,0.0,0.0,0.0,0.0,0.1,0.0,0.0,99.8
20141105200310,0.0,0.0,0.0,0.6,1.2,0.0,10.7,87.5
20141105200340,0.0,0.0,0.0,0.7,12.3,0.0,5.0,82.0
20141105200410,0.0,0.0,0.0,0.3,3.7,0.0,2.0,94.0
20141105200440,0.0,0.0,0.0,0.1,0.5,0.0,3.3,96.1
20141105200510,0.0,0.0,0.0,0.0,0.2,0.0,3.4,96.4
20141105200540,0.0,0.0,0.0,0.0,0.1,0.0,2.2,97.7
20141105200610,0.0,0.0,0.0,0.1,0.2,0.0,1.0,98.7
20141105200640,0.0,0.0,0.0,0.0,0.0,0.0,0.0,99.9
20141105200710,0.0,0.0,0.0,0.1,0.0,0.0,0.2,99.7
20141105200740,0.0,0.0,0.0,0.0,0.0,0.0,0.0,100.0
20141105200810,0.0,0.0,0.0,0.0,0.0,0.0,0.1,99.9
20141105200840,0.0,0.0,0.0,0.0,0.0,0.0,0.0,100.0
20141105200910,0.0,0.0,0.0,0.0,0.0,0.0,0.0,100.0
20141105200940,0.0,0.0,0.0,0.1,0.1,0.0,0.3,99.6
20141105201010,0.0,0.0,0.0,0.0,0.0,0.0,0.0,100.0
20141105201040,0.0,0.0,0.0,0.0,0.0,0.0,0.3,99.7
20141105201110,0.0,0.0,0.0,0.0,0.0,0.0,0.1,99.9
20141105201140,0.0,0.0,0.0,0.0,0.0,0.0,0.3,99.7
20141105201210,0.0,0.0,0.0,0.1,0.0,0.0,2.6,97.3
20141105201240,0.0,0.0,0.0,0.0,0.0,0.0,0.3,99.7
20141105201310,0.0,0.0,0.0,0.0,0.0,0.0,0.3,99.6
20141105201340,0.0,0.0,0.0,0.0,0.1,0.0,0.8,99.1
20141105201410,0.0,0.0,0.0,0.0,0.1,0.0,3.5,96.4
20141105201440,0.0,0.0,0.0,0.0,0.1,0.0,2.2,97.7
20141105201510,0.0,0.0,0.0,0.2,0.2,0.0,1.8,97.8
20141105201540,0.0,0.0,0.0,0.3,0.6,0.0,8.7,90.4
20141105201610,0.0,0.0,0.0,0.3,0.2,0.0,11.1,88.4
20141105201641,0.0,0.0,0.0,0.1,0.3,0.0,20.2,79.5
20141105201711,0.0,0.0,0.0,0.1,0.1,0.0,41.1,58.7
20141105201741,0.0,0.0,0.0,0.0,0.1,0.0,54.4,45.5
20141105201811,0.0,0.0,0.0,0.1,0.2,0.0,18.6,81.1
20141105201841,0.0,0.0,0.0,0.0,0.1,0.0,0.4,99.6
20141105201911,0.0,0.0,0.0,0.0,0.0,0.0,0.6,99.4
20141105201941,0.0,0.0,0.0,0.0,0.2,0.0,1.8,97.9
20141105202011,0.0,0.0,0.0,0.0,0.0,0.0,2.0,98.0
20141105202041,0.0,0.0,0.0,0.0,0.1,0.0,9.3,90.7
20141105202111,0.0,0.0,0.0,0.0,0.0,0.0,2.1,97.9
20141105202141,0.0,0.0,0.0,0.0,0.1,0.0,2.5,97.5
20141105202211,0.0,0.0,0.0,0.0,0.0,0.0,9.0,91.0
20141105202241,0.0,0.0,0.0,0.0,0.0,0.0,1.9,98.1
20141105202311,0.0,0.0,0.0,0.0,0.0,0.0,4.0,96.0
20141105202341,0.0,0.0,0.0,0.0,0.0,0.0,16.1,83.9
20141105202411,0.0,0.0,0.0,0.0,0.1,0.0,2.0,98.0
20141105202441,0.0,0.0,0.0,0.0,0.0,0.0,0.4,99.6
20141105202511,0.0,0.0,0.0,0.0,0.0,0.0,2.2,97.8
20141105202541,0.0,0.0,0.0,0.0,0.1,0.0,3.9,96.0
20141105202611,0.0,0.0,0.0,0.0,0.3,0.0,5.3,94.4
20141105202641,0.0,0.0,0.0,0.0,0.0,0.0,5.0,95.0
20141105202711,0.0,0.0,0.0,0.0,0.0,0.0,2.4,97.6
20141105202741,0.0,0.0,0.0,0.0,0.0,0.0,2.0,98.0
20141105202811,0.0,0.0,0.0,0.0,0.0,0.0,0.2,99.8
20141105202841,0.0,0.0,0.0,0.0,0.0,0.0,0.0,99.9
20141105202911,0.0,0.0,0.0,0.0,0.0,0.0,0.6,99.4
20141105202941,0.0,0.0,0.0,0.0,0.0,0.0,0.4,99.6
20141105203011,0.0,0.0,0.0,0.0,0.0,0.0,0.9,99.1
20141105203041,0.0,0.0,0.0,0.0,0.0,0.0,0.4,99.6
20141105203111,0.0,0.0,0.0,0.0,0.0,0.0,0.0,100.0
20141105203141,0.0,0.0,0.0,0.0,0.0,0.0,0.0,100.0
20141105203211,0.0,0.0,0.0,0.0,0.0,0.0,0.1,99.9
20141105203241,0.0,0.0,0.0,0.0,0.0,0.0,0.0,100.0
20141105203311,0.0,0.0,0.0,0.0,0.0,0.0,5.0,95.0
20141105203341,0.0,0.0,0.0,0.0,0.0,0.0,0.2,99.8
20141105203411,0.0,0.0,0.0,0.0,0.0,0.0,0.2,99.8
20141105203441,0.0,0.0,0.0,0.0,0.0,0.0,0.7,99.3
20141105203511,0.0,0.0,0.0,0.0,0.0,0.0,6.5,93.5
20141105203541,0.0,0.0,0.0,0.0,0.0,0.0,45.1,54.9
20141105203611,0.0,0.0,0.0,0.0,0.0,0.0,53.0,47.0
20141105203641,0.0,0.0,0.0,0.0,0.0,0.0,48.9,51.1
20141105203711,0.0,0.0,0.0,0.0,0.0,0.0,28.2,71.8
20141105203741,0.0,0.0,0.0,0.0,0.0,0.0,43.4,56.6
20141105203811,0.0,0.0,0.0,0.0,0.0,0.0,71.9,28.1
20141105203841,0.0,0.0,0.0,0.0,0.0,0.0,24.8,75.2
20141105203911,0.0,0.0,0.0,0.0,0.0,0.0,6.0,94.0
20141105203941,0.0,0.0,0.0,0.0,0.0,0.0,18.5,81.5
20141105204011,0.0,0.0,0.0,0.0,0.0,0.0,15.8,84.2
20141105204041,0.0,0.0,0.0,0.0,0.0,0.0,75.8,24.2
20141105204111,0.0,0.0,0.0,0.0,0.0,0.0,29.9,70.1
20141105204141,0.0,0.0,0.0,0.0,0.0,0.0,50.3,49.7
20141105204211,0.0,0.0,0.0,0.0,0.0,0.0,52.7,47.3
20141105204241,0.0,0.0,0.0,0.0,0.0,0.0,79.1,20.9
20141105204311,0.0,0.0,0.0,0.0,0.0,0.0,99.1,0.9
20141105204341,0.0,0.0,0.0,0.0,0.0,0.0,92.0,8.0
20141105204412,0.0,0.0,0.0,0.0,0.0,0.0,84.5,15.5
20141105204442,0.0,0.0,0.0,0.0,0.0,0.0,64.1,35.9
20141105204512,0.0,0.0,0.0,0.0,0.0,0.0,73.1,26.9
20141105204542,0.0,0.0,0.0,0.0,0.0,0.0,68.5,31.5
20141105204612,0.0,0.0,0.0,0.0,0.0,0.0,60.1,39.9
20141105204642,0.0,0.0,0.0,0.0,0.0,0.0,93.3,6.7
20141105204712,0.0,0.0,0.0,0.0,0.0,0.0,77.7,22.3
20141105204742,0.0,0.0,0.0,0.0,0.0,0.0,80.5,19.4
20141105204812,0.0,0.0,0.0,0.0,0.0,0.0,96.1,3.9
20141105204842,0.0,0.0,0.0,0.0,0.0,0.0,96.6,3.4
20141105204912,0.0,0.0,0.0,0.0,0.0,0.0,93.0,7.0
20141105204942,0.0,0.0,0.0,0.0,0.0,0.0,78.5,21.5
20141105205012,0.0,0.0,0.0,0.0,0.0,0.0,92.9,7.1
20141105205042,0.0,0.0,0.0,0.0,0.0,0.0,90.6,9.4
20141105205112,0.0,0.0,0.0,0.0,0.0,0.0,51.4,48.6
20141105205142,0.0,0.0,0.0,0.0,0.0,0.0,54.9,45.1
20141105205212,0.0,0.0,0.0,0.0,0.0,0.0,32.3,67.7
20141105205242,0.0,0.0,0.0,0.0,0.0,0.0,26.3,73.7
20141105205312,0.0,0.0,0.0,0.0,0.0,0.0,70.7,29.3
20141105205342,0.0,0.0,0.0,0.0,0.0,0.0,0.9,99.1
20141105205412,0.0,0.0,0.0,0.0,0.0,0.0,1.9,98.1
20141105205442,0.0,0.0,0.0,0.0,0.0,0.0,3.9,96.1
20141105205512,0.0,0.0,0.0,0.0,0.0,0.0,17.6,82.4
20141105205542,0.0,0.0,0.0,0.0,0.0,0.0,11.7,88.3
20141105205612,0.0,0.0,0.0,0.0,0.0,0.0,4.6,95.4
20141105205642,0.0,0.0,0.0,0.0,0.0,0.0,37.0,62.9
20141105205712,0.0,0.0,0.0,0.1,0.0,0.0,22.8,77.1
20141105205742,0.0,0.0,0.0,0.0,0.0,0.0,24.9,75.0
20141105205812,0.0,0.0,0.0,0.0,0.0,0.0,11.1,88.9
20141105205842,0.0,0.0,0.0,0.0,0.0,0.0,70.7,29.3
20141105205912,0.0,0.0,0.0,0.0,0.0,0.0,84.5,15.5
20141105205942,0.0,0.0,0.0,0.0,0.0,0.0,90.4,9.6
20141105210012,0.0,0.0,0.0,0.0,0.0,0.0,65.5,34.5
20141105210042,0.0,0.0,0.0,0.0,0.0,0.0,89.4,10.6
20141105210112,0.0,0.0,0.0,0.0,0.0,0.0,68.4,31.6
20141105210142,0.0,0.0,0.0,0.0,0.0,0.0,50.5,49.5
20141105210212,0.0,0.0,0.0,0.0,0.0,0.0,25.1,74.9
20141105210242,0.0,0.0,0.0,0.0,0.0,0.0,45.8,54.2
20141105210312,0.0,0.0,0.0,0.0,0.0,0.0,71.2,28.8
20141105210342,0.0,0.0,0.0,0.0,0.0,0.0,35.7,64.3
20141105210412,0.0,0.0,0.0,0.0,0.0,0.0,70.4,29.6
20141105210442,0.0,0.0,0.0,0.0,0.0,0.0,33.0,67.0
20141105210512,0.0,0.0,0.0,0.0,0.0,0.0,65.0,35.0
20141105210542,0.0,0.0,0.0,0.0,0.0,0.0,27.0,72.9
20141105210612,0.0,0.0,0.0,0.0,0.0,0.0,6.3,93.7
20141105210642,0.0,0.0,0.0,0.0,0.0,0.0,22.7,77.3
20141105210712,0.0,0.0,0.0,0.0,0.0,0.0,27.1,72.9
20141105210742,0.0,0.0,0.0,0.0,0.0,0.0,39.5,60.5
20141105210812,0.0,0.0,0.0,0.0,0.0,0.0,57.9,42.1
20141105210842,0.0,0.0,0.0,0.0,0.0,0.0,65.0,35.0
20141105210912,0.0,0.0,0.0,0.0,0.0,0.0,54.7,45.3
20141105210942,0.0,0.0,0.0,0.0,0.0,0.0,87.0,13.0
20141105211012,0.0,0.0,0.0,0.0,0.0,0.0,39.5,60.5
20141105211042,0.0,0.0,0.0,0.0,0.0,0.0,43.5,56.5
20141105211112,0.0,0.0,0.0,0.0,0.0,0.0,85.7,14.3
20141105211142,0.0,0.0,0.0,0.0,0.0,0.0,72.4,27.6
20141105211212,0.0,0.0,0.0,0.0,0.0,0.0,97.8,2.2
20141105211242,0.0,0.0,0.0,0.0,0.0,0.0,98.9,1.1
20141105211312,0.0,0.0,0.0,0.0,0.0,0.0,90.6,9.4
20141105211342,0.0,0.0,0.0,0.0,0.0,0.0,95.9,4.1
20141105211412,0.0,0.0,0.0,0.0,0.0,0.0,98.7,1.3
20141105211442,0.0,0.0,0.0,0.0,0.0,0.0,99.6,0.4
20141105211512,0.0,0.0,0.0,0.0,0.0,0.0,98.8,1.2
20141105211542,0.0,0.0,0.0,0.0,0.0,0.0,96.4,3.6
20141105211612,0.0,0.0,0.0,0.0,0.0,0.0,95.9,4.1
20141105211642,0.0,0.0,0.0,0.0,0.0,0.0,90.0,10.0
20141105211712,0.0,0.0,0.0,0.0,0.0,0.0,84.3,15.7
20141105211742,0.0,0.0,0.0,0.0,0.0,0.0,89.9,10.1
20141105211813,0.0,0.0,0.0,0.0,0.0,0.0,59.3,40.7
20141105211843,0.0,0.0,0.0,0.1,0.0,0.0,33.2,66.6
20141105211913,0.0,0.0,0.0,0.1,0.0,0.0,61.8,38.1
20141105211943,0.0,0.0,0.0,0.2,0.0,0.0,15.7,84.1
20141105212013,0.0,0.0,0.0,0.1,0.0,0.0,7.5,92.4
20141105212043,0.0,0.0,0.0,0.1,0.0,0.0,16.2,83.7
20141105212113,0.0,0.0,0.0,0.2,0.0,0.0,4.8,95.0
20141105212143,0.0,0.0,0.0,0.1,0.0,0.0,18.2,81.7
20141105212213,0.0,0.0,0.0,0.3,0.0,0.0,18.4,81.3
20141105212243,0.0,0.0,0.0,2.4,0.0,0.0,43.6,54.0
20141105212313,0.0,0.0,0.0,0.8,0.0,0.0,10.1,89.1
20141105212343,0.0,0.0,0.0,0.7,0.0,0.0,12.5,86.8
20141105212413,0.0,0.0,0.0,0.3,0.0,0.0,12.3,87.4
