UT,arc,discrete,diffuse,ac,ab,clear,cloudy,dd
20111111151200,0.0,0.0,0.0,0.0,0.0,0.0,0.0,100.0
20111111151300,0.0,0.0,0.0,0.0,0.0,0.0,0.0,100.0
20111111151400,0.0,0.0,0.0,0.0,0.0,0.0,0.0,100.0
20111111151500,0.0,0.0,0.0,0.0,0.0,0.0,0.3,99.7
20111111151600,0.0,0.0,0.0,0.0,0.0,0.0,0.0,100.0
20111111151700,0.0,0.0,0.0,0.0,0.0,0.0,0.1,99.9
20111111151800,0.0,0.0,0.0,0.0,0.0,0.0,0.0,100.0
20111111151900,0.0,0.0,0.0,0.5,0.0,0.0,2.3,97.3
20111111152000,0.0,0.0,0.0,0.0,0.0,0.0,0.0,100.0
20111111152100,0.0,0.0,0.0,0.0,0.0,0.0,0.0,100.0
20111111152200,0.0,0.0,0.0,0.1,0.0,0.0,0.1,99.9
20111111152300,0.0,0.0,0.0,0.3,0.0,0.0,2.8,96.9
20111111152400,0.0,0.0,0.0,0.4,0.0,0.0,26.8,72.8
20111111152500,0.0,0.0,0.0,0.1,0.0,0.0,4.1,95.8
20111111152600,0.0,0.0,0.0,0.0,0.0,0.0,0.2,99.8
20111111152700,0.0,0.0,0.0,0.5,0.0,0.0,9.7,89.8
20111111152800,0.0,0.0,0.0,0.0,0.0,0.0,4.5,95.5
20111111152900,0.0,0.0,0.0,2.8,0.0,0.0,26.3,70.9
20111111153000,0.0,0.0,0.0,1.5,0.0,0.0,13.1,85.4
20111111153100,0.0,0.0,0.0,3.5,0.0,0.0,67.8,28.8
20111111153200,0.0,0.0,0.0,0.2,0.0,0.0,9.8,90.0
20111111153300,0.0,0.0,0.0,0.7,0.0,0.0,24.9,74.4
20111111153400,0.0,0.0,0.0,0.0,0.0,0.0,74.9,25.1
20111111153500,0.0,0.0,0.0,0.0,0.0,0.0,100.0,0.0
20111111153600,0.0,0.0,0.0,3.8,0.0,0.0,96.1,0.1
20111111153700,0.0,0.0,0.0,6.3,0.0,0.0,69.5,24.1
20111111153800,0.0,0.0,0.0,17.8,0.0,0.0,70.4,11.8
20111111153900,0.0,0.0,0.0,83.5,0.0,0.0,4.8,11.7
20111111154000,0.0,0.0,0.0,37.1,0.0,0.0,21.6,41.3
20111111154100,0.0,0.0,0.0,46.0,0.0,0.0,52.6,1.4
20111111154200,0.0,0.0,0.0,34.0,0.0,0.0,47.6,18.4
20111111154300,0.0,0.0,0.0,23.1,0.0,0.0,72.2,4.6
20111111154400,0.0,0.0,0.0,43.4,0.0,0.0,55.1,1.5
20111111154500,0.0,0.0,0.0,84.5,0.0,0.0,12.5,3.0
20111111154600,0.0,0.0,0.0,6.4,0.0,0.0,93.4,0.2
20111111154700,0.0,0.0,0.0,18.6,0.0,0.0,80.4,1.0
20111111154800,0.0,0.0,0.0,10.1,0.0,0.0,85.9,4.0
20111111154900,0.0,0.0,0.0,25.0,0.0,0.0,70.3,4.7
20111111155000,0.0,0.0,0.0,23.2,0.0,0.0,68.2,8.6
20111111155100,0.0,0.0,0.0,15.5,0.0,0.0,17.9,66.6
20111111155200,0.0,0.0,0.0,38.9,0.0,0.0,1.0,60.0
20111111155300,0.0,0.0,0.0,60.6,0.0,0.0,10.7,28.7
20111111155400,0.0,0.0,0.0,14.7,0.0,0.0,62.7,22.6
20111111155500,0.0,0.0,0.0,55.9,0.0,0.0,31.5,12.6
20111111155600,0.0,0.0,0.0,36.0,0.0,0.0,1.3,62.7
20111111155700,0.0,0.0,0.0,73.2,0.0,0.0,14.2,12.6
20111111155800,0.0,0.0,0.0,85.1,0.0,0.0,9.3,5.6
20111111155900,0.0,0.0,0.0,17.2,0.0,0.0,8.7,74.1
20111111160000,0.0,0.0,0.0,99.7,0.0,0.0,0.1,0.2
20111111160100,0.0,0.0,0.0,21.3,0.0,0.0,4.5,74.2
20111111160200,0.0,0.0,0.0,31.3,0.0,0.0,11.9,56.7
20111111160300,0.0,0.0,0.0,96.9,0.0,0.0,0.2,2.9
20111111160400,0.0,0.0,0.0,96.7,0.0,0.0,0.1,3.2
20111111160500,0.0,0.0,0.0,54.3,0.0,0.0,0.4,45.3
20111111160600,0.0,0.0,0.0,1.0,0.0,0.0,0.0,99.0
20111111160700,0.0,0.0,0.0,82.2,0.0,0.0,0.1,17.8
20111111160800,0.0,0.0,0.0,89.7,0.0,0.0,0.3,10.0
20111111160900,0.0,0.0,0.0,96.7,0.0,0.0,0.2,3.1
20111111161000,0.0,0.0,0.0,86.2,0.0,0.0,0.1,13.7
20111111161100,0.0,0.0,0.0,38.9,0.0,0.0,0.1,60.9
20111111161200,0.0,0.0,0.0,3.5,0.0,0.0,0.0,96.5
20111111161300,0.0,0.0,0.0,25.2,0.0,0.0,0.7,74.1
20111111161400,0.0,0.0,0.0,9.9,0.0,0.0,0.9,89.2
20111111161500,0.0,0.0,0.0,7.6,0.0,0.0,2.2,90.1
20111111161600,0.0,0.0,0.0,1.7,0.0,0.0,0.1,98.2
20111111161700,0.0,0.0,0.0,62.3,0.0,0.0,0.3,37.4
20111111161800,0.0,0.0,0.0,21.2,0.0,0.0,0.2,78.6
20111111161900,0.0,0.0,0.0,87.0,0.0,0.0,0.0,13.0
20111111162000,0.0,0.0,0.0,94.2,0.0,0.0,0.0,5.8
20111111162100,0.0,0.0,0.0,80.9,0.0,0.0,0.1,19.0
20111111162200,0.0,0.0,0.0,37.1,0.0,0.0,0.0,62.8
20111111162300,0.0,0.0,0.0,29.6,0.0,0.0,0.1,70.3
20111111162400,0.0,0.0,0.0,66.4,0.0,0.0,0.6,33.0
20111111162500,0.0,0.0,0.0,13.1,0.0,0.0,0.0,86.9
20111111162600,0.0,0.0,0.0,0.5,0.0,0.0,0.0,99.5
20111111162700,0.0,0.0,0.0,9.2,0.0,0.0,0.1,90.6
20111111162800,0.0,0.0,0.0,61.4,0.0,0.0,15.3,23.3
20111111162900,0.0,0.0,0.0,11.0,0.0,0.0,0.0,89.0
20111111163000,0.0,0.0,0.0,0.6,0.0,0.0,2.2,97.2
20111111163100,0.0,0.0,0.0,17.3,0.0,0.0,4.4,78.3
20111111163200,0.0,0.0,0.0,31.9,0.0,0.0,1.7,66.4
20111111163300,0.0,0.0,0.0,49.0,0.0,0.0,0.5,50.5
20111111163400,0.0,0.0,0.0,87.8,0.0,0.0,0.1,12.1
20111111163500,0.0,0.0,0.0,84.0,0.0,0.0,0.1,15.9
20111111163600,0.0,0.0,0.0,12.0,0.0,0.0,10.1,77.9
20111111163700,0.0,0.0,0.0,28.8,0.0,0.0,4.1,67.2
20111111163800,0.0,0.0,0.0,95.3,0.0,0.0,0.0,4.6
20111111163900,0.0,0.0,0.0,45.7,0.0,0.0,3.5,50.8
20111111164000,0.0,0.0,0.0,82.2,0.0,0.0,0.0,17.8
20111111164100,0.0,0.0,0.0,9.7,0.0,0.0,0.2,90.1
20111111164200,0.0,0.0,0.0,22.2,0.0,0.0,6.8,71.1
20111111164300,0.0,0.0,0.0,50.7,0.0,0.0,1.9,47.4
20111111164400,0.0,0.0,0.0,20.7,0.0,0.0,34.6,44.7
20111111164500,0.0,0.0,0.4,49.1,0.0,0.0,44.6,6.0
20111111164600,0.0,0.0,0.0,56.7,0.0,0.0,9.5,33.8
20111111164700,0.0,0.0,0.1,63.2,0.0,0.0,7.1,29.5
20111111164800,0.0,0.0,0.0,89.8,0.0,0.0,3.9,6.3
20111111164900,0.0,0.0,0.0,97.1,0.0,0.0,0.4,2.4
20111111165000,0.0,0.0,0.0,99.8,0.0,0.0,0.1,0.1
20111111165100,0.0,0.0,0.0,19.2,0.0,0.0,2.1,78.7
20111111165200,0.0,0.0,0.0,44.1,0.0,0.0,3.6,52.2
20111111165300,0.0,0.0,0.0,19.7,0.0,0.0,17.1,63.2
20111111165400,0.0,0.0,0.0,12.9,0.0,0.0,0.1,87.0
20111111165500,0.0,0.0,0.0,21.4,0.0,0.0,0.8,77.8
20111111165600,0.0,0.0,0.0,76.0,0.0,0.0,13.9,10.2
20111111165700,0.0,0.0,0.0,73.3,0.0,0.0,7.1,19.6
20111111165801,0.0,0.0,0.0,94.2,0.0,0.0,4.2,1.5
20111111165900,0.0,0.0,0.0,15.2,0.0,0.0,0.6,84.2
20111111170000,0.0,0.0,0.0,22.5,0.0,0.0,1.9,75.6
20111111170100,0.0,0.0,0.0,3.2,0.0,0.0,0.4,96.4
20111111170200,0.0,0.0,0.0,28.4,0.0,0.0,0.4,71.2
20111111170300,0.0,0.0,0.0,55.5,0.0,0.0,1.6,42.9
20111111170400,0.0,0.0,0.0,37.1,0.0,0.0,1.4,61.5
20111111170500,0.0,0.0,0.0,29.8,0.0,0.0,7.1,63.1
20111111170600,0.0,0.0,0.0,69.1,0.0,0.0,9.7,21.1
20111111170700,0.0,0.0,0.0,95.9,0.0,0.0,0.9,3.2
20111111170800,0.0,0.0,0.0,77.4,0.0,0.0,2.4,20.2
20111111170900,0.0,0.0,0.0,77.0,0.0,0.0,3.0,20.0
20111111171000,0.0,0.0,0.0,2.2,0.0,0.0,2.5,95.2
20111111171100,0.0,0.0,0.0,24.2,0.0,0.0,2.1,73.7
20111111171200,0.0,0.0,0.0,74.6,0.0,0.0,0.1,25.3
20111111171300,0.0,0.0,0.0,17.7,0.0,0.0,0.1,82.3
20111111171400,0.0,0.0,0.0,20.7,0.0,0.0,0.0,79.3
20111111171500,0.0,0.0,0.0,40.1,0.0,0.0,0.2,59.7
20111111171600,0.0,0.0,0.0,97.1,0.0,0.0,0.0,2.8
20111111171700,0.0,0.0,0.0,81.3,0.0,0.0,6.8,11.8
20111111171800,0.0,0.0,0.0,81.4,0.0,0.0,9.4,9.2
20111111171900,0.0,0.0,0.0,23.4,0.0,0.0,53.6,23.0
20111111172000,0.0,0.0,0.0,35.1,0.0,0.0,63.1,1.8
20111111172100,0.0,0.0,0.0,91.5,0.0,0.0,5.4,3.1
20111111172200,0.0,0.0,0.0,56.5,0.0,0.0,14.2,29.3
20111111172300,0.0,0.0,0.0,14.1,0.0,0.0,73.8,12.1
20111111172400,0.0,0.0,0.0,8.2,0.0,0.0,58.5,33.2
20111111172500,0.0,0.0,0.0,90.4,0.0,0.0,1.7,8.0
20111111172600,0.0,0.0,0.1,78.1,0.0,0.0,14.4,7.4
20111111172700,0.0,0.0,0.0,93.9,0.0,0.0,0.7,5.3
20111111172800,0.0,0.0,0.0,76.9,0.0,0.0,4.1,19.1
20111111172900,0.0,0.0,0.0,92.5,0.0,0.0,1.6,5.8
20111111173000,0.0,0.0,0.0,35.7,0.0,0.0,22.6,41.7
20111111173100,0.0,0.0,0.0,62.6,0.0,0.0,6.7,30.7
20111111173200,0.0,0.0,0.0,40.9,0.0,0.0,24.0,35.1
20111111173300,0.0,0.0,0.0,63.6,0.0,0.0,12.1,24.3
20111111173400,0.0,0.0,0.0,55.7,0.0,0.0,0.2,44.1
20111111173500,0.0,0.0,0.0,27.8,0.0,0.0,23.5,48.7
20111111173600,0.0,0.0,0.0,65.9,0.0,0.0,3.6,30.5
20111111173700,0.0,0.0,0.0,77.3,0.0,0.0,2.4,20.3
20111111173800,0.0,0.0,0.0,34.7,0.0,0.0,2.6,62.7
20111111173900,0.0,0.0,0.0,9.5,0.0,0.0,1.6,88.9
20111111174000,0.0,0.0,0.0,12.8,0.0,0.0,0.0,87.2
20111111174100,0.0,0.0,0.0,50.6,0.0,0.0,7.4,42.0
20111111174200,0.0,0.0,0.0,2.9,0.0,0.0,1.3,95.8
20111111174300,0.0,0.0,0.0,69.6,0.0,0.0,0.3,30.1
20111111174400,0.0,0.0,0.0,25.8,0.0,0.0,0.4,73.8
20111111174500,0.0,0.0,0.0,47.9,0.0,0.0,0.1,52.0
20111111174600,0.0,0.0,0.0,19.3,0.0,0.0,0.4,80.3
20111111174700,0.0,0.0,0.0,24.6,0.0,0.0,0.6,74.8
20111111174800,0.0,0.0,0.0,33.3,0.0,0.0,0.2,66.5
20111111174900,0.0,0.0,0.0,99.3,0.0,0.0,0.0,0.7
20111111175000,0.0,0.0,0.0,88.7,0.0,0.0,0.5,10.8
20111111175100,0.0,0.0,0.0,35.2,0.0,0.0,2.8,62.0
20111111175200,0.0,0.0,0.0,12.6,0.0,0.0,0.6,86.8
20111111175300,0.0,0.0,0.0,8.0,0.0,0.0,0.3,91.6
20111111175400,0.0,0.0,0.0,0.9,0.0,0.0,0.1,99.0
20111111175500,0.0,0.0,0.0,3.0,0.0,0.0,0.3,96.7
20111111175600,0.0,0.0,0.0,10.5,0.0,0.0,0.8,88.7
20111111175700,0.0,0.0,0.0,2.8,0.0,0.0,0.0,97.2
20111111175800,0.0,0.0,0.0,12.5,0.0,0.0,2.1,85.4
20111111175900,0.0,0.0,0.0,2.2,0.0,0.0,0.3,97.5
20111111180000,0.0,0.0,0.0,1.8,0.0,0.0,0.1,98.0
20111111180100,0.0,0.0,0.0,1.0,0.0,0.0,6.3,92.7
20111111180200,0.0,0.0,0.0,8.9,0.0,0.0,3.2,87.9
20111111180300,0.0,0.0,0.0,2.5,0.0,0.0,3.3,94.2
20111111180400,0.0,0.0,0.0,5.1,0.0,0.0,0.7,94.2
20111111180500,0.0,0.0,0.0,5.8,0.0,0.0,0.4,93.9
20111111180600,0.0,0.0,0.0,15.2,0.0,0.0,17.3,67.6
20111111180700,0.0,0.0,0.0,2.4,0.0,0.0,0.3,97.3
20111111180800,0.0,0.0,0.0,0.4,0.0,0.0,0.5,99.1
20111111180900,0.0,0.0,0.0,15.0,0.0,0.0,12.7,72.3
20111111181000,0.0,0.0,0.0,17.7,0.0,0.0,7.9,74.3
20111111181100,0.0,0.0,0.0,62.8,0.0,0.0,2.0,35.2
20111111181200,0.0,0.0,0.0,9.5,0.0,0.0,1.8,88.8
20111111181300,0.0,0.0,0.0,5.9,0.0,0.0,2.0,92.2
20111111181400,0.0,0.0,0.0,11.1,0.0,0.0,1.5,87.4
20111111181500,0.0,0.0,0.0,20.2,0.0,0.0,18.6,61.2
20111111181600,0.0,0.0,0.0,4.2,0.0,0.0,0.3,95.5
20111111181700,0.0,0.0,0.0,0.1,0.0,0.0,0.0,99.9
20111111181800,0.0,0.0,0.0,0.3,0.0,0.0,0.3,99.4
20111111181900,0.0,0.0,0.0,21.3,0.0,0.0,0.4,78.3
20111111182000,0.0,0.0,0.0,0.6,0.0,0.0,1.0,98.4
20111111182100,0.0,0.0,0.0,8.4,0.0,0.0,0.8,90.9
20111111182200,0.0,0.0,0.0,0.7,0.0,0.0,0.8,98.6
20111111182300,0.0,0.0,0.0,1.0,0.0,0.0,21.7,77.4
20111111182400,0.0,0.0,0.0,12.7,0.0,0.0,25.8,61.5
20111111182500,0.0,0.0,0.0,29.0,0.0,0.0,16.3,54.7
20111111182600,0.0,0.0,0.0,73.4,0.0,0.0,2.0,24.5
20111111182700,0.0,0.0,0.0,6.5,0.0,0.0,16.0,77.5
20111111182800,0.0,0.0,0.0,33.9,0.0,0.0,3.3,62.8
20111111182900,0.0,0.0,0.0,30.1,0.0,0.0,0.4,69.5
20111111183000,0.0,0.0,0.0,11.0,0.0,0.0,6.1,82.8
20111111183100,0.0,0.0,0.0,21.0,0.0,0.0,27.5,51.4
20111111183200,0.0,0.0,0.0,2.2,0.0,0.0,7.9,89.8
20111111183300,0.0,0.0,0.0,2.5,0.0,0.0,5.0,92.5
20111111183400,0.0,0.0,0.0,8.9,0.0,0.0,3.2,87.9
20111111183500,0.0,0.0,0.0,2.5,0.0,0.0,0.6,96.8
20111111183600,0.0,0.0,0.0,2.2,0.0,0.0,2.8,95.0
20111111183700,0.0,0.0,0.0,2.6,0.0,0.0,3.6,93.9
20111111183800,0.0,0.0,0.0,1.6,0.0,0.0,0.1,98.3
20111111183900,0.0,0.0,0.0,8.7,0.0,0.0,0.2,91.1
20111111184000,0.0,0.0,0.0,6.1,0.0,0.0,0.9,93.0
20111111184100,0.0,0.0,0.0,13.5,0.0,0.0,0.7,85.8
20111111184200,0.0,0.0,0.0,2.4,0.0,0.0,0.4,97.2
20111111184300,0.0,0.0,0.0,63.4,0.0,0.0,1.9,34.7
20111111184400,0.0,0.0,0.0,87.4,0.0,0.0,0.7,11.9
20111111184500,0.0,0.0,0.0,26.8,0.0,0.0,2.5,70.7
20111111184600,0.0,0.0,0.0,3.4,0.0,0.0,1.8,94.9
20111111184700,0.0,0.0,0.0,18.7,0.0,0.0,0.9,80.4
20111111184800,0.0,0.0,0.0,0.9,0.0,0.0,0.3,98.8
20111111184900,0.0,0.0,0.0,4.7,0.0,0.0,2.3,93.0
20111111185000,0.0,0.0,0.0,3.4,0.0,0.0,2.4,94.2
20111111185100,0.0,0.0,0.0,0.7,0.0,0.0,0.4,98.9
20111111185200,0.0,0.0,0.0,2.0,0.0,0.0,0.1,97.8
20111111185300,0.0,0.0,0.0,5.9,0.0,0.0,1.2,92.8
20111111185400,0.0,0.0,0.0,70.8,0.0,0.0,4.0,25.3
20111111185500,0.0,0.0,0.0,33.6,0.0,0.0,2.0,64.4
20111111185600,0.0,0.0,0.0,6.4,0.0,0.0,0.8,92.8
20111111185700,0.0,0.0,0.0,0.7,0.0,0.0,0.3,99.0
20111111185800,0.0,0.0,0.0,42.9,0.0,0.0,2.2,54.8
20111111185900,0.0,0.0,0.0,56.5,0.0,0.0,0.6,42.9
20111111190000,0.0,0.0,0.0,69.0,0.0,0.0,0.7,30.4
20111111190100,0.0,0.0,0.0,10.0,0.0,0.0,0.9,89.1
20111111190200,0.0,0.0,0.0,18.0,0.0,0.0,0.3,81.7
20111111190300,0.0,0.0,0.0,27.8,0.0,0.0,1.7,70.5
20111111190400,0.0,0.0,0.0,86.0,0.0,0.0,0.3,13.7
20111111190500,0.0,0.0,0.0,91.8,0.0,0.0,0.2,8.0
20111111190600,0.0,0.0,0.0,24.8,0.0,0.0,0.3,74.9
20111111190700,0.0,0.0,0.0,2.5,0.0,0.0,0.3,97.2
20111111190800,0.0,0.0,0.0,21.0,0.0,0.0,0.3,78.7
20111111190900,0.0,0.0,0.0,56.5,0.0,0.0,0.1,43.4
20111111191000,0.0,0.0,0.0,6.3,0.0,0.0,0.1,93.6
20111111191100,0.0,0.0,0.0,1.4,0.0,0.0,0.7,97.9
20111111191200,0.0,0.0,0.0,18.7,0.0,0.0,0.4,80.9
20111111191300,0.0,0.0,0.0,34.0,0.0,0.0,1.1,64.9
20111111191400,0.0,0.0,0.0,10.1,0.0,0.0,0.5,89.4
20111111191500,0.0,0.0,0.0,6.5,0.0,0.0,0.7,92.8
20111111191600,0.0,0.0,0.0,13.9,0.0,0.0,0.8,85.4
20111111191700,0.0,0.0,0.0,16.1,0.0,0.0,0.2,83.7
20111111191800,0.0,0.0,0.0,59.5,0.0,0.0,0.3,40.3
20111111191900,0.0,0.0,0.0,44.6,0.0,0.0,0.2,55.2
20111111192000,0.0,0.0,0.0,21.1,0.0,0.0,1.6,77.3
20111111192100,0.0,0.0,0.0,32.8,0.0,0.0,6.9,60.3
20111111192200,0.0,0.0,0.0,0.5,0.0,0.0,0.5,99.0
20111111192300,0.0,0.0,0.0,0.3,0.0,0.0,0.0,99.7
20111111192400,0.0,0.0,0.0,1.1,0.0,0.0,0.0,98.9
20111111192500,0.0,0.0,0.0,4.9,0.0,0.0,0.1,94.9
20111111192600,0.0,0.0,0.0,27.5,0.0,0.0,0.6,71.9
20111111192700,0.0,0.0,0.0,0.5,0.0,0.0,0.1,99.4
20111111192800,0.0,0.0,0.0,0.7,0.0,0.0,0.0,99.3
20111111192900,0.0,0.0,0.0,2.1,0.0,0.0,0.1,97.8
20111111193000,0.0,0.0,0.0,0.5,0.0,0.0,0.0,99.5
20111111193100,0.0,0.0,0.0,0.2,0.0,0.0,0.1,99.7
20111111193200,0.0,0.0,0.0,0.5,0.0,0.0,0.1,99.5
20111111193300,0.0,0.0,0.0,2.5,0.0,0.0,0.0,97.5
20111111193400,0.0,0.0,0.0,4.5,0.0,0.0,0.0,95.5
20111111193500,0.0,0.0,0.0,1.5,0.0,0.0,0.0,98.5
20111111193600,0.0,0.0,0.0,1.5,0.0,0.0,0.0,98.5
20111111193700,0.0,0.0,0.0,0.5,0.0,0.0,0.0,99.5
20111111193800,0.0,0.0,0.0,5.4,0.0,0.0,0.0,94.6
20111111193900,0.0,0.0,0.0,12.9,0.0,0.0,0.0,87.1
20111111194000,0.0,0.0,0.0,51.4,0.0,0.0,0.0,48.6
20111111194100,0.0,0.0,0.0,5.7,0.0,0.0,0.1,94.2
20111111194200,0.0,0.0,0.0,2.9,0.0,0.0,0.0,97.0
20111111194300,0.0,0.0,0.0,1.3,0.0,0.0,0.1,98.6
20111111194400,0.0,0.0,0.0,0.7,0.0,0.0,0.0,99.3
20111111194500,0.0,0.0,0.0,1.4,0.0,0.0,0.1,98.5
20111111194600,0.0,0.0,0.0,0.5,0.0,0.0,0.0,99.5
20111111194700,0.0,0.0,0.0,1.8,0.0,0.0,0.1,98.1
20111111194800,0.0,0.0,0.0,0.5,0.0,0.0,0.0,99.5
20111111194900,0.0,0.0,0.0,0.9,0.0,0.0,0.0,99.1
20111111195000,0.0,0.0,0.0,0.1,0.0,0.0,0.0,99.9
20111111195100,0.0,0.0,0.0,0.9,0.0,0.0,0.0,99.1
20111111195200,0.0,0.0,0.0,10.3,0.0,0.0,0.4,89.3
20111111195300,0.0,0.0,0.0,0.8,0.0,0.0,0.0,99.2
20111111195400,0.0,0.0,0.0,0.2,0.0,0.0,0.0,99.8
20111111195500,0.0,0.0,0.0,0.2,0.0,0.0,0.0,99.8
20111111195600,0.0,0.0,0.0,0.1,0.0,0.0,0.1,99.8
20111111195700,0.0,0.0,0.0,3.5,0.0,0.0,0.6,96.0
20111111195800,0.0,0.0,0.0,26.2,0.0,0.0,0.1,73.7
20111111195900,0.0,0.0,0.0,1.9,0.0,0.0,0.1,98.1
20111111200000,0.0,0.0,0.0,0.9,0.0,0.0,0.0,99.1
20111111200100,0.0,0.0,0.0,0.1,0.0,0.0,0.0,99.9
20111111200200,0.0,0.0,0.0,1.2,0.0,0.0,0.2,98.6
20111111200300,0.0,0.0,0.0,0.1,0.0,0.0,0.3,99.7
20111111200400,0.0,0.0,0.0,0.1,0.0,0.0,0.3,99.7
20111111200500,0.0,0.0,0.0,0.0,0.0,0.0,0.0,99.9
20111111200600,0.0,0.0,0.0,2.6,0.0,0.0,0.1,97.3
20111111200700,0.0,0.0,0.0,0.0,0.0,0.0,0.7,99.3
20111111200800,0.0,0.0,0.0,0.0,0.0,0.0,0.0,99.9
20111111200900,0.0,0.0,0.0,0.0,0.0,0.0,0.0,99.9
20111111201000,0.0,0.0,0.0,1.8,0.0,0.0,0.0,98.1
20111111201100,0.0,0.0,0.0,0.9,0.0,0.0,0.0,99.0
20111111201200,0.0,0.0,0.0,25.8,0.0,0.0,0.3,73.9
20111111201300,0.0,0.0,0.0,0.0,0.0,0.0,0.0,100.0
20111111201400,0.0,0.0,0.0,0.1,0.0,0.0,0.1,99.8
20111111201500,0.0,0.0,0.0,0.6,0.0,0.0,0.0,99.4
20111111201600,0.0,0.0,0.0,0.5,0.0,0.0,0.0,99.5
20111111201700,0.0,0.0,0.0,0.1,0.0,0.0,0.0,99.9
20111111201800,0.0,0.0,0.0,0.8,0.0,0.0,0.0,99.2
20111111201900,0.0,0.0,0.0,0.1,0.0,0.0,0.0,99.9
20111111202000,0.0,0.0,0.0,14.6,0.0,0.0,0.0,85.4
20111111202100,0.0,0.0,0.0,51.5,0.0,0.0,0.0,48.5
20111111202200,0.0,0.0,0.0,0.4,0.0,0.0,0.0,99.6
20111111202300,0.0,0.0,0.0,1.4,0.0,0.0,0.0,98.5
20111111202400,0.0,0.0,0.0,0.0,0.0,0.0,0.0,100.0
20111111202500,0.0,0.0,0.0,0.1,0.0,0.0,0.0,99.9
20111111202600,0.0,0.0,0.0,0.0,0.0,0.0,0.0,99.9
20111111202700,0.0,0.0,0.0,0.2,0.0,0.0,0.0,99.8
20111111202800,0.0,0.0,0.0,0.1,0.0,0.0,0.2,99.7
20111111202900,0.0,0.0,0.0,0.4,0.0,0.0,0.0,99.6
20111111203000,0.0,0.0,0.0,0.7,0.0,0.0,0.0,99.3
20111111203100,0.0,0.0,0.0,0.1,0.0,0.0,0.0,99.9
20111111203200,0.0,0.0,0.0,0.0,0.0,0.0,0.0,100.0
20111111203300,0.0,0.0,0.0,0.1,0.0,0.0,0.0,99.9
20111111203400,0.0,0.0,0.0,1.2,0.0,0.0,0.1,98.7
20111111203500,0.0,0.0,0.0,33.9,0.0,0.0,3.0,63.1
20111111203600,0.0,0.0,0.0,1.0,0.0,0.0,0.0,99.0
20111111203700,0.0,0.0,0.0,6.9,0.0,0.0,0.0,93.0
20111111203800,0.0,0.0,0.0,45.2,0.0,0.0,1.5,53.4
20111111203900,0.0,0.0,0.0,91.4,0.0,0.0,0.5,8.1
20111111204000,0.0,0.0,0.0,96.1,0.0,0.0,2.0,1.9
20111111204100,0.0,0.0,0.0,3.1,0.0,0.0,96.2,0.6
20111111204200,0.0,0.0,0.0,0.2,0.0,0.0,98.4,1.4
20111111204300,0.0,0.0,0.0,0.1,0.0,0.0,99.2,0.7
20111111204400,0.0,0.0,0.0,33.1,0.2,0.1,63.1,3.6
20111111204500,0.0,0.0,0.0,68.2,14.7,0.0,5.9,11.2
20111111204600,0.0,0.0,0.0,29.2,0.0,0.0,58.4,12.3
20111111204700,0.0,0.0,0.0,0.0,0.0,0.0,100.0,0.0
20111111204800,0.0,0.0,0.0,0.2,0.0,0.0,99.6,0.2
20111111204900,0.0,0.0,0.0,0.1,0.0,0.0,99.8,0.2
20111111205000,0.0,0.0,0.0,0.4,0.0,0.0,97.9,1.8
20111111205100,0.0,0.0,0.0,0.2,0.0,0.0,99.2,0.6
20111111205200,0.0,0.0,0.0,0.3,0.0,0.0,99.7,0.1
20111111205300,0.0,0.0,0.0,0.1,0.0,0.0,99.0,0.9
20111111205400,0.0,0.0,0.0,0.1,0.0,0.0,99.4,0.6
20111111205500,0.0,0.0,0.0,0.0,0.0,0.0,99.8,0.1
20111111205600,0.0,0.0,0.0,0.0,0.0,0.0,100.0,0.0
20111111205700,0.0,0.0,0.0,0.0,0.0,0.0,100.0,0.0
20111111205800,0.0,0.0,0.0,0.0,0.0,0.0,100.0,0.0
20111111205900,0.0,0.0,0.0,0.0,0.0,0.0,99.9,0.0
20111111210000,0.0,0.0,0.0,0.0,0.0,0.0,99.7,0.3
20111111210100,0.0,0.0,0.0,0.0,0.0,0.0,100.0,0.0
20111111210200,0.0,0.0,0.0,0.0,0.0,0.0,100.0,0.0
20111111210300,0.0,0.0,0.0,0.0,0.0,0.0,99.8,0.2
20111111210400,0.0,0.0,0.0,0.1,0.0,0.0,99.9,0.0
20111111210500,0.0,0.0,0.0,0.0,0.0,0.0,99.8,0.2
20111111210600,0.0,0.0,0.0,0.0,0.0,0.0,99.8,0.2
20111111210700,0.0,0.0,0.0,0.0,0.0,0.0,99.9,0.1
20111111210800,0.0,0.0,0.0,0.0,0.0,0.0,99.9,0.1
20111111210900,0.0,0.0,0.0,0.0,0.0,0.0,99.6,0.4
20111111211000,0.0,0.0,0.0,0.0,0.0,0.0,99.8,0.2
20111111211100,0.0,0.0,0.0,0.0,0.0,0.0,88.3,11.7
20111111211200,0.0,0.0,0.0,0.0,0.0,0.0,99.3,0.6
20111111211300,0.0,0.0,0.0,0.0,0.0,0.0,99.9,0.0
20111111211400,0.0,0.0,0.0,0.0,0.0,0.0,100.0,0.0
20111111211500,0.0,0.0,0.0,0.0,0.0,0.0,100.0,0.0
20111111211600,0.0,0.0,0.0,0.0,0.0,0.0,100.0,0.0
20111111211700,0.0,0.0,0.0,0.0,0.0,0.0,100.0,0.0
20111111211800,0.0,0.0,0.0,0.0,0.0,0.0,100.0,0.0
20111111211900,0.0,0.0,0.0,0.0,0.0,0.0,100.0,0.0
20111111212000,0.0,0.0,0.0,0.0,0.0,0.0,100.0,0.0
20111111212100,0.0,0.0,0.0,0.0,0.0,0.0,99.9,0.1
20111111212200,0.0,0.0,0.0,0.1,0.0,0.0,99.8,0.1
20111111212300,0.0,0.0,0.0,0.4,0.0,0.0,98.6,1.0
20111111212400,0.0,0.0,0.0,0.2,0.0,0.0,99.2,0.6
20111111212500,0.0,0.0,0.0,0.4,0.0,0.0,99.6,0.0
20111111212600,0.0,0.0,0.0,0.2,0.0,0.0,99.8,0.0
20111111212700,0.0,0.0,0.0,0.2,0.0,0.0,99.3,0.5
20111111212800,0.0,0.0,0.0,0.9,0.0,0.0,99.1,0.1
20111111212900,0.0,0.0,0.0,1.7,0.0,0.0,98.1,0.2
20111111213000,0.0,0.0,0.0,4.3,0.2,0.0,95.2,0.3
20111111213100,0.0,0.0,0.0,0.6,0.0,0.0,99.3,0.1
20111111213200,0.0,0.0,0.0,0.1,0.0,0.0,99.9,0.0
20111111213300,0.0,0.0,0.0,0.0,0.0,0.0,100.0,0.0
20111111213400,0.0,0.0,0.0,0.0,0.0,0.0,100.0,0.0
20111111213500,0.0,0.0,0.0,0.0,0.0,0.0,100.0,0.0
20111111213600,0.0,0.0,0.0,0.0,0.0,0.0,100.0,0.0
20111111213700,0.0,0.0,0.0,0.1,0.0,0.0,99.9,0.0
20111111213800,0.0,0.0,0.0,12.6,0.0,0.0,86.6,0.8
20111111213900,0.0,0.0,0.0,0.4,0.0,0.0,99.5,0.0
20111111214000,0.0,0.0,0.0,0.0,0.0,0.0,100.0,0.0
20111111214100,0.0,0.0,0.0,0.0,0.0,0.0,100.0,0.0
20111111214200,0.0,0.0,0.0,0.0,0.0,0.0,99.9,0.1
20111111214300,0.0,0.0,0.0,0.0,0.0,0.0,100.0,0.0
20111111214400,0.0,0.0,0.0,0.0,0.0,0.0,100.0,0.0
20111111214500,0.0,0.0,0.0,0.0,0.0,0.0,100.0,0.0
20111111214600,0.0,0.0,0.0,0.0,0.0,0.0,99.9,0.1
20111111214700,0.0,0.0,0.0,0.2,0.0,0.0,99.8,0.0
20111111214800,0.0,0.0,0.0,0.0,0.0,0.0,99.9,0.1
20111111214900,0.0,0.0,0.0,0.0,0.0,0.0,100.0,0.0
20111111215000,0.0,0.0,0.0,0.0,0.0,0.0,99.8,0.2
20111111215100,0.0,0.0,0.0,0.0,0.0,0.0,99.4,0.6
20111111215200,0.0,0.0,0.0,0.2,1.8,0.0,85.5,12.5
20111111215300,0.0,0.0,0.0,0.0,0.0,0.0,100.0,0.0
20111111215400,0.0,0.0,0.0,0.0,0.0,0.0,98.3,1.7
20111111215500,0.0,0.0,0.0,0.0,0.0,0.0,99.5,0.5
20111111215600,0.0,0.0,0.0,0.0,0.0,0.0,100.0,0.0
20111111215700,0.0,0.0,0.0,0.0,0.0,0.0,100.0,0.0
20111111215800,0.0,0.0,0.0,0.0,0.0,0.0,100.0,0.0
20111111215900,0.0,0.0,0.0,0.0,0.0,0.0,100.0,0.0
20111111220000,0.0,0.0,0.0,0.0,0.0,0.0,100.0,0.0
20111111220100,0.0,0.0,0.0,0.0,0.0,0.0,99.8,0.2
20111111220200,0.0,0.0,0.0,0.0,0.0,0.0,99.6,0.4
20111111220300,0.0,0.0,0.0,0.0,0.0,0.0,99.8,0.2
20111111220400,0.0,0.0,0.0,0.0,0.0,0.0,99.9,0.1
20111111220500,0.0,0.0,0.0,0.0,0.0,0.0,99.9,0.1
20111111220600,0.0,0.0,0.0,0.0,0.0,0.0,99.9,0.1
20111111220700,0.0,0.0,0.0,0.0,0.0,0.0,98.9,1.1
20111111220800,0.0,0.0,0.0,0.0,0.0,0.0,73.3,26.7
20111111220900,0.0,0.0,0.0,0.0,0.0,0.0,24.6,75.4
20111111221000,0.0,0.0,0.0,0.0,0.0,0.0,97.7,2.3
20111111221100,0.0,0.0,0.0,0.0,0.0,0.0,88.7,11.3
20111111221200,0.0,0.0,0.0,0.0,0.0,0.0,99.2,0.8
20111111221300,0.0,0.0,0.0,0.0,0.0,0.0,99.3,0.7
20111111221400,0.0,0.0,0.0,0.0,0.0,0.0,98.5,1.5
20111111221500,0.0,0.0,0.0,0.0,0.0,0.0,99.3,0.7
20111111221600,0.0,0.0,0.0,0.0,0.0,0.0,99.3,0.7
20111111221700,0.0,0.0,0.0,0.0,0.0,0.0,99.9,0.1
20111111221800,0.0,0.0,0.0,0.0,0.0,0.0,99.5,0.5
20111111221900,0.0,0.0,0.0,0.0,0.0,0.0,99.9,0.1
20111111222000,0.0,0.0,0.0,0.0,0.0,0.0,99.9,0.1
20111111222100,0.0,0.0,0.0,0.0,0.0,0.0,100.0,0.0
20111111222200,0.0,0.0,0.0,0.0,0.0,0.0,99.7,0.3
20111111222300,0.0,0.0,0.0,0.0,0.0,0.0,97.6,2.4
20111111222400,0.0,0.0,0.0,0.0,0.0,0.0,99.8,0.2
20111111222500,0.0,0.0,0.0,0.0,0.0,0.0,99.3,0.7
20111111222600,0.0,0.0,0.0,0.0,0.0,0.0,97.6,2.4
20111111222700,0.0,0.0,0.0,0.1,0.0,0.0,84.7,15.2
20111111222800,0.0,0.0,0.0,0.0,0.0,0.0,99.9,0.0
20111111222900,0.0,0.0,0.0,0.0,0.0,0.0,100.0,0.0
20111111223000,0.0,0.0,0.0,0.0,0.0,0.0,100.0,0.0
20111111223100,0.0,0.0,0.0,0.0,0.0,0.0,100.0,0.0
20111111223200,0.0,0.0,0.0,0.0,0.0,0.0,99.9,0.1
20111111223300,0.0,0.0,0.0,0.0,0.0,0.0,99.5,0.5
20111111223400,0.0,0.0,0.0,0.0,0.0,0.0,99.9,0.1
20111111223500,0.0,0.0,0.0,0.0,0.0,0.0,99.9,0.1
20111111223600,0.0,0.0,0.0,0.0,0.0,0.0,100.0,0.0
20111111223700,0.0,0.0,0.0,0.0,0.0,0.0,100.0,0.0
20111111223800,0.0,0.0,0.0,0.0,0.0,0.0,99.7,0.3
20111111223900,0.0,0.0,0.0,0.0,0.0,0.0,97.1,2.9
20111111224000,0.0,0.0,0.0,0.0,0.0,0.0,99.9,0.1
20111111224100,0.0,0.0,0.0,0.0,0.0,0.0,99.8,0.2
20111111224200,0.0,0.0,0.0,0.0,0.0,0.0,100.0,0.0
20111111224300,0.0,0.0,0.0,0.0,0.0,0.0,100.0,0.0
20111111224400,0.0,0.0,0.0,0.0,0.0,0.0,100.0,0.0
20111111224500,0.0,0.0,0.0,0.0,0.0,0.0,99.6,0.4
20111111224600,0.0,0.0,0.0,0.0,0.0,0.0,100.0,0.0
20111111224700,0.0,0.0,0.0,0.0,0.0,0.0,100.0,0.0
20111111224800,0.0,0.0,0.0,0.0,0.0,0.0,99.9,0.1
20111111224900,0.0,0.0,0.0,0.0,0.0,0.0,98.6,1.4
20111111225000,0.0,0.0,0.0,0.0,0.0,0.0,100.0,0.0
20111111225100,0.0,0.0,0.0,0.0,0.0,0.0,100.0,0.0
20111111225200,0.0,0.0,0.0,0.0,0.0,0.0,99.0,1.0
20111111225300,0.0,0.0,0.0,0.0,0.0,0.0,71.7,28.3
20111111225400,0.0,0.0,0.0,0.0,0.0,0.0,100.0,0.0
20111111225500,0.0,0.0,0.0,0.0,0.0,0.0,98.5,1.5
20111111225600,0.0,0.0,0.0,0.0,0.0,0.0,100.0,0.0
20111111225700,0.0,0.0,0.0,0.0,0.0,0.0,99.9,0.1
20111111225800,0.0,0.0,0.0,0.0,0.0,0.0,99.9,0.1
20111111225900,0.0,0.0,0.0,0.0,0.0,0.0,100.0,0.0
20111111230000,0.0,0.0,0.0,0.0,0.0,0.0,100.0,0.0
20111111230100,0.0,0.0,0.0,0.0,0.0,0.0,100.0,0.0
20111111230200,0.0,0.0,0.0,0.0,0.0,0.0,100.0,0.0
20111111230300,0.0,0.0,0.0,0.0,0.0,0.0,100.0,0.0
20111111230400,0.0,0.0,0.0,0.0,0.0,0.0,99.9,0.1
20111111230500,0.0,0.0,0.0,0.0,0.0,0.0,99.9,0.0
20111111230600,0.0,0.0,0.0,0.0,0.0,0.0,99.6,0.4
20111111230700,0.0,0.0,0.0,0.0,0.0,0.0,100.0,0.0
20111111230800,0.0,0.0,0.0,0.0,0.0,0.0,100.0,0.0
20111111230900,0.0,0.0,0.0,0.0,0.0,0.0,99.9,0.1
20111111231000,0.0,0.0,0.0,0.0,0.0,0.0,100.0,0.0
20111111231100,0.0,0.0,0.0,0.0,0.0,0.0,100.0,0.0
20111111231200,0.0,0.0,0.0,0.0,0.0,0.0,100.0,0.0
20111111231300,0.0,0.0,0.0,0.0,0.0,0.0,100.0,0.0
20111111231400,0.0,0.0,0.0,0.0,0.0,0.0,100.0,0.0
20111111231500,0.0,0.0,0.0,0.0,0.0,0.0,100.0,0.0
20111111231600,0.0,0.0,0.0,0.0,0.0,0.0,100.0,0.0
20111111231700,0.0,0.0,0.0,0.0,0.0,0.0,100.0,0.0
20111111231800,0.0,0.0,0.0,0.0,0.0,0.0,100.0,0.0
20111111231900,0.0,0.0,0.0,0.0,0.0,0.0,99.9,0.1
20111111232000,0.0,0.0,0.0,0.0,0.0,0.0,100.0,0.0
20111111232100,0.0,0.0,0.0,0.0,0.0,0.0,99.8,0.2
20111111232200,0.0,0.0,0.0,0.0,0.0,0.0,100.0,0.0
20111111232300,0.0,0.0,0.0,0.0,0.0,0.0,99.9,0.1
20111111232400,0.0,0.0,0.0,0.0,0.0,0.0,100.0,0.0
20111111232500,0.0,0.0,0.0,0.0,0.0,0.0,100.0,0.0
20111111232600,0.0,0.0,0.0,0.0,0.0,0.0,96.3,3.7
20111111232700,0.0,0.0,0.0,0.0,0.0,0.0,91.4,8.6
20111111232800,0.0,0.0,0.0,0.0,0.0,0.0,100.0,0.0
20111111232900,0.0,0.0,0.0,0.0,0.0,0.0,99.5,0.5
20111111233000,0.0,0.0,0.0,0.0,0.0,0.0,99.9,0.1
20111111233100,0.0,0.0,0.0,0.0,0.0,0.0,99.8,0.2
20111111233200,0.0,0.0,0.0,0.0,0.0,0.0,99.9,0.1
20111111233300,0.0,0.0,0.0,0.0,0.0,0.0,99.8,0.2
20111111233400,0.0,0.0,0.0,0.0,0.0,0.0,99.8,0.2
20111111233500,0.0,0.0,0.0,0.0,0.0,0.0,99.8,0.2
20111111233600,0.0,0.0,0.0,0.0,0.0,0.0,100.0,0.0
20111111233700,0.0,0.0,0.0,0.0,0.0,0.0,99.5,0.5
20111111233800,0.0,0.0,0.0,0.0,0.0,0.0,99.1,0.9
20111111233900,0.0,0.0,0.0,0.0,0.0,0.0,99.6,0.4
20111111234000,0.0,0.0,0.0,0.0,0.0,0.0,100.0,0.0
20111111234100,0.0,0.0,0.0,0.0,0.0,0.0,99.8,0.2
20111111234200,0.0,0.0,0.0,0.0,0.0,0.0,99.9,0.1
20111111234300,0.0,0.0,0.0,0.0,0.0,0.0,99.9,0.1
20111111234400,0.0,0.0,0.0,0.0,0.0,0.0,100.0,0.0
20111111234500,0.0,0.0,0.0,0.0,0.0,0.0,100.0,0.0
20111111234600,0.0,0.0,0.0,0.0,0.0,0.0,99.9,0.1
20111111234700,0.0,0.0,0.0,0.0,0.0,0.0,100.0,0.0
20111111234800,0.0,0.0,0.0,0.0,0.0,0.0,99.8,0.2
20111111234900,0.0,0.0,0.0,0.0,0.0,0.0,97.3,2.7
20111111235000,0.0,0.0,0.0,0.0,0.0,0.0,87.4,12.6
20111111235100,0.0,0.0,0.0,0.0,0.0,0.0,100.0,0.0
20111111235200,0.0,0.0,0.0,0.0,0.0,0.0,99.4,0.6
20111111235300,0.0,0.0,0.0,0.0,0.0,0.0,97.5,2.5
20111111235400,0.0,0.0,0.0,0.0,0.0,0.0,94.5,5.5
20111111235500,0.0,0.0,0.0,0.1,0.0,0.0,89.8,10.1
20111111235600,0.0,0.0,0.0,0.0,0.0,0.0,97.3,2.7
20111111235700,0.0,0.0,0.0,0.0,0.0,0.0,99.0,1.0
20111111235800,0.0,0.0,0.0,0.0,0.0,0.0,98.8,1.2
20111111235900,0.0,0.0,0.0,0.0,0.0,0.0,81.4,18.6
20111112000000,0.0,0.0,0.0,0.0,0.0,0.0,99.0,1.0
20111112000100,0.0,0.0,0.0,0.0,0.0,0.0,99.0,0.9
20111112000200,0.0,0.0,0.0,0.1,0.0,0.0,99.0,0.9
20111112000300,0.0,0.0,0.0,0.1,0.0,0.0,99.3,0.6
20111112000400,0.0,0.0,0.0,0.1,0.0,0.0,99.5,0.4
20111112000500,0.0,0.0,0.0,0.0,0.0,0.0,100.0,0.0
20111112000600,0.0,0.0,0.0,0.0,0.0,0.0,99.8,0.2
20111112000700,0.0,0.0,0.0,0.0,0.0,0.0,97.8,2.2
20111112000800,0.0,0.0,0.0,0.0,0.0,0.0,99.9,0.1
20111112000900,0.0,0.0,0.0,0.0,0.0,0.0,99.9,0.1
20111112001000,0.0,0.0,0.0,0.0,0.0,0.0,99.5,0.5
20111112001100,0.0,0.0,0.0,0.0,0.0,0.0,98.3,1.7
20111112001200,0.0,0.0,0.0,0.0,0.0,0.0,99.5,0.5
20111112001300,0.0,0.0,0.0,0.0,0.0,0.0,91.5,8.5
20111112001400,0.0,0.0,0.0,0.0,0.0,0.0,88.1,11.9
20111112001500,0.0,0.0,0.0,0.3,0.0,0.0,9.3,90.3
20111112001600,0.0,0.0,0.0,0.1,0.0,0.0,63.3,36.6
20111112001700,0.0,0.0,0.0,0.0,0.0,0.0,99.6,0.4
20111112001800,0.0,0.0,0.0,0.0,0.0,0.0,97.6,2.3
20111112001900,0.0,0.0,0.0,0.0,0.0,0.0,99.8,0.2
20111112002000,0.0,0.0,0.0,0.0,0.0,0.0,97.9,2.1
20111112002100,0.0,0.0,0.0,0.1,0.0,0.0,99.4,0.6
20111112002200,0.0,0.0,0.0,0.0,0.0,0.0,96.0,4.0
20111112002300,0.0,0.0,0.0,0.0,0.0,0.0,100.0,0.0
20111112002400,0.0,0.0,0.0,0.0,0.0,0.0,99.9,0.1
20111112002500,0.0,0.0,0.0,0.2,0.0,0.0,99.1,0.7
20111112002600,0.0,0.0,0.0,0.1,0.0,0.0,98.1,1.8
20111112002700,0.0,0.0,0.0,0.0,0.0,0.0,99.3,0.7
20111112002800,0.0,0.0,0.0,0.0,0.0,0.0,99.9,0.1
20111112002900,0.0,0.0,0.0,0.0,0.0,0.0,99.7,0.3
20111112003000,0.0,0.0,0.0,0.0,0.0,0.0,99.5,0.5
20111112003100,0.0,0.0,0.0,0.0,0.0,0.0,97.4,2.6
20111112003200,0.0,0.0,0.0,0.0,0.0,0.0,97.6,2.4
20111112003300,0.0,0.0,0.0,0.0,0.0,0.0,95.3,4.7
20111112003400,0.0,0.0,0.0,0.0,0.0,0.0,90.2,9.8
20111112003500,0.0,0.0,0.0,0.0,0.0,0.0,79.4,20.6
20111112003600,0.0,0.0,0.0,0.1,0.0,0.0,63.7,36.2
20111112003700,0.0,0.0,0.0,0.3,0.0,0.0,44.6,55.1
20111112003800,0.0,0.0,0.0,0.4,0.0,0.0,86.5,13.2
20111112003900,0.0,0.0,0.0,0.0,0.0,0.0,99.1,0.9
20111112004000,0.0,0.0,0.0,0.0,0.0,0.0,100.0,0.0
20111112004100,0.0,0.0,0.0,0.0,0.0,0.0,96.2,3.8
20111112004200,0.0,0.0,0.0,0.0,0.0,0.0,97.8,2.2
20111112004300,0.0,0.0,0.0,0.1,0.0,0.0,98.8,1.1
20111112004400,0.0,0.0,0.0,0.0,0.0,0.0,99.7,0.3
20111112004500,0.0,0.0,0.0,0.0,0.0,0.0,99.9,0.1
20111112004600,0.0,0.0,0.0,0.0,0.0,0.0,100.0,0.0
20111112004700,0.0,0.0,0.0,0.0,0.0,0.0,100.0,0.0
20111112004800,0.0,0.0,0.0,0.0,0.0,0.0,99.9,0.1
20111112004900,0.0,0.0,0.0,0.0,0.0,0.0,99.8,0.2
20111112005000,0.0,0.0,0.0,0.0,0.0,0.0,100.0,0.0
20111112005100,0.0,0.0,0.0,0.0,0.0,0.0,99.8,0.2
20111112005200,0.0,0.0,0.0,0.0,0.0,0.0,98.2,1.7
20111112005300,0.0,0.0,0.0,0.0,0.0,0.0,100.0,0.0
20111112005400,0.0,0.0,0.0,0.0,0.0,0.0,100.0,0.0
20111112005500,0.0,0.0,0.0,0.0,0.0,0.0,100.0,0.0
20111112005600,0.0,0.0,0.0,0.0,0.0,0.0,98.2,1.8
20111112005700,0.0,0.0,0.0,0.0,0.0,0.0,99.0,1.0
20111112005800,0.0,0.0,0.0,0.0,0.0,0.0,99.2,0.7
20111112005900,0.0,0.0,0.0,0.0,0.0,0.0,99.4,0.6
20111112010000,0.0,0.0,0.0,0.1,0.1,0.0,97.3,2.5
20111112010100,0.0,0.0,0.0,0.1,0.0,0.0,94.6,5.3
20111112010200,0.0,0.0,0.0,0.0,0.0,0.0,98.3,1.7
20111112010300,0.0,0.0,0.1,0.1,0.0,0.0,93.8,6.0
20111112010400,0.0,0.0,0.0,0.0,0.0,0.0,99.9,0.1
20111112010500,0.0,0.0,0.0,0.0,0.0,0.0,99.5,0.5
20111112010600,0.0,0.0,0.0,0.1,0.0,0.0,99.5,0.4
20111112010700,0.0,0.0,0.0,0.1,0.0,0.0,98.5,1.5
20111112010800,0.0,0.0,0.0,7.7,0.0,0.0,87.9,4.4
20111112010900,0.0,0.0,0.2,0.3,0.1,0.0,77.5,21.9
20111112011000,0.0,0.0,0.0,0.2,0.0,0.0,97.5,2.3
20111112011100,0.0,0.0,0.1,0.3,0.1,0.0,94.6,4.9
20111112011200,0.0,0.0,0.0,0.1,0.0,0.0,99.7,0.1
20111112011300,0.0,0.0,0.0,0.0,0.0,0.0,100.0,0.0
20111112011400,0.0,0.0,0.0,0.0,0.0,0.0,100.0,0.0
20111112011500,0.0,0.0,0.0,0.0,0.0,0.0,99.7,0.3
20111112011600,0.0,0.0,0.0,0.0,0.0,0.0,98.9,1.1
20111112011700,0.0,0.0,0.0,0.5,0.0,0.0,89.2,10.3
20111112011800,0.0,0.0,0.0,0.8,0.1,0.0,59.9,39.2
20111112011900,0.0,0.0,0.0,0.0,0.0,0.0,98.7,1.3
20111112012000,0.0,0.0,0.0,0.0,0.0,0.0,99.9,0.1
20111112012100,0.0,0.0,0.0,0.0,0.0,0.0,100.0,0.0
20111112012200,0.0,0.0,0.0,0.0,0.0,0.0,98.2,1.8
20111112012301,0.0,0.0,0.0,0.0,0.0,0.0,99.9,0.1
20111112012400,0.0,0.0,0.0,0.0,0.0,0.0,99.5,0.5
20111112012501,0.0,0.0,0.0,0.3,0.1,0.0,67.3,32.4
20111112012600,0.0,0.0,0.0,0.0,0.0,0.0,100.0,0.0
20111112012700,0.0,0.0,0.0,0.0,0.0,0.0,97.8,2.2
20111112012800,0.0,0.0,0.0,0.0,0.0,0.0,99.5,0.5
20111112012900,0.0,0.0,0.0,0.0,0.0,0.0,91.2,8.8
20111112013000,0.0,0.0,0.0,0.0,0.0,0.0,99.6,0.3
20111112013100,0.0,0.0,0.0,0.0,0.0,0.0,99.7,0.3
20111112013200,0.0,0.0,0.0,0.2,0.0,0.0,99.4,0.3
20111112013300,0.0,0.0,0.0,0.1,0.0,0.0,99.9,0.1
20111112013401,0.0,0.0,0.0,0.0,0.0,0.0,99.8,0.2
20111112013501,0.0,0.0,0.0,0.0,0.0,0.0,99.8,0.2
20111112013600,0.0,0.0,0.0,0.0,0.0,0.0,99.4,0.6
20111112013700,0.0,0.0,0.0,0.1,0.0,0.0,97.4,2.5
20111112013800,0.0,0.0,0.0,0.0,0.0,0.0,97.3,2.7
20111112013900,0.0,0.0,0.0,0.0,0.0,0.0,100.0,0.0
20111112014000,0.0,0.1,0.0,0.4,0.3,0.0,98.5,0.7
20111112014100,0.0,0.0,0.0,0.0,0.0,0.0,95.3,4.6
20111112014200,0.0,0.0,0.0,0.0,0.0,0.0,52.5,47.5
20111112014300,0.0,0.0,0.0,0.0,0.0,0.0,91.9,8.1
20111112014400,0.0,0.0,0.0,0.0,0.0,0.0,99.7,0.3
20111112014501,0.0,0.0,0.0,0.0,0.0,0.0,99.5,0.5
20111112014601,0.0,0.0,0.0,0.2,0.0,0.0,99.7,0.1
20111112014700,0.0,0.0,0.0,0.0,0.0,0.0,99.9,0.0
20111112014800,0.0,0.0,0.0,0.0,0.0,0.0,100.0,0.0
20111112014900,0.0,0.0,0.0,0.0,0.0,0.0,100.0,0.0
20111112015000,0.0,0.0,0.0,0.0,0.0,0.0,100.0,0.0
20111112015101,0.0,0.0,0.0,0.0,0.0,0.0,100.0,0.0
20111112015200,0.0,0.0,0.0,0.1,0.0,0.0,99.8,0.1
20111112015300,0.0,0.0,0.0,0.1,0.0,0.0,99.6,0.2
20111112015400,0.0,0.0,0.0,0.0,0.0,0.0,100.0,0.0
20111112015500,0.0,0.0,0.0,0.0,0.0,0.0,100.0,0.0
20111112015600,0.0,0.0,0.0,0.0,0.0,0.0,100.0,0.0
20111112015700,0.0,0.0,0.0,0.0,0.0,0.0,100.0,0.0
20111112015801,0.0,0.0,0.0,0.0,0.0,0.0,99.9,0.1
20111112015900,0.0,0.0,0.0,0.0,0.0,0.0,100.0,0.0
20111112020000,0.0,0.0,0.0,0.0,0.0,0.0,100.0,0.0
20111112020101,0.0,0.0,0.0,0.0,0.0,0.0,100.0,0.0
20111112020201,0.0,0.0,0.0,0.0,0.0,0.0,100.0,0.0
20111112020300,0.0,0.0,0.0,0.0,0.0,0.0,100.0,0.0
20111112020400,0.0,0.0,0.0,0.0,0.0,0.0,100.0,0.0
20111112020500,0.0,0.0,0.0,0.0,0.0,0.0,100.0,0.0
20111112020600,0.0,0.0,0.0,0.1,0.0,0.0,99.5,0.4
20111112020700,0.0,0.0,0.0,0.1,0.1,0.0,99.0,0.7
20111112020800,0.0,0.0,0.0,0.0,0.0,0.0,100.0,0.0
20111112020901,0.0,0.0,0.0,0.0,0.0,0.0,100.0,0.0
20111112021001,0.0,0.0,0.0,0.0,0.0,0.0,100.0,0.0
20111112021101,0.0,0.0,0.0,0.0,0.0,0.0,100.0,0.0
20111112021201,0.0,0.0,0.0,0.0,0.0,0.0,99.4,0.6
20111112021301,0.0,0.0,0.0,0.0,0.0,0.0,99.2,0.8
20111112021401,0.0,0.0,0.0,0.0,0.0,0.0,100.0,0.0
20111112021501,0.0,0.0,0.0,0.0,0.0,0.0,100.0,0.0
20111112021600,0.0,0.0,0.0,0.0,0.0,0.0,100.0,0.0
20111112021700,0.0,0.0,0.0,0.0,0.0,0.0,100.0,0.0
20111112021800,0.0,0.0,0.0,0.0,0.0,0.0,100.0,0.0
20111112021900,0.0,0.0,0.0,0.0,0.0,0.0,100.0,0.0
20111112022000,0.0,0.0,0.0,0.0,0.0,0.0,100.0,0.0
20111112022100,0.0,0.0,0.0,0.0,0.0,0.0,100.0,0.0
20111112022200,0.0,0.0,0.0,0.0,0.0,0.0,100.0,0.0
20111112022301,0.0,0.0,0.0,0.0,0.0,0.0,100.0,0.0
20111112022401,0.0,0.0,0.0,0.0,0.0,0.0,99.9,0.0
20111112022500,0.0,0.0,0.0,0.0,0.0,0.0,99.9,0.1
20111112022600,0.0,0.0,0.0,0.1,0.0,0.0,99.9,0.0
20111112022700,0.0,0.0,0.0,0.0,0.0,0.0,100.0,0.0
20111112022800,0.0,0.0,0.0,0.2,0.0,0.0,99.8,0.0
20111112022901,0.0,0.0,0.0,0.4,0.0,0.0,99.6,0.0
20111112023001,0.0,0.0,0.0,0.1,0.0,0.0,99.9,0.0
20111112023100,0.0,0.0,0.0,0.0,0.0,0.0,100.0,0.0
20111112023201,0.0,0.0,0.0,0.0,0.0,0.0,99.9,0.0
20111112023300,0.0,0.0,0.0,0.0,0.0,0.0,100.0,0.0
20111112023400,0.0,0.0,0.0,0.0,0.0,0.0,100.0,0.0
20111112023500,0.0,0.0,0.0,0.0,0.0,0.0,100.0,0.0
20111112023600,0.0,0.0,0.0,0.0,0.0,0.0,100.0,0.0
20111112023700,0.0,0.0,0.0,0.0,0.0,0.0,100.0,0.0
20111112023801,0.0,0.0,0.0,0.0,0.0,0.0,100.0,0.0
20111112023901,0.0,0.0,0.0,0.0,0.0,0.0,100.0,0.0
20111112024000,0.0,0.0,0.0,0.0,0.0,0.0,100.0,0.0
20111112024100,0.0,0.0,0.0,0.0,0.0,0.0,100.0,0.0
20111112024200,0.0,0.0,0.0,0.0,0.0,0.0,100.0,0.0
20111112024301,0.0,0.0,0.0,0.0,0.0,0.0,100.0,0.0
20111112024400,0.0,0.0,0.0,0.0,0.0,0.0,100.0,0.0
20111112024500,0.0,0.0,0.0,0.0,0.0,0.0,100.0,0.0
20111112024601,0.0,0.0,0.0,0.0,0.0,0.0,100.0,0.0
20111112024701,0.0,0.0,0.0,0.0,0.0,0.0,100.0,0.0
20111112024800,0.0,0.0,0.0,0.0,0.0,0.0,100.0,0.0
20111112024900,0.0,0.0,0.0,0.0,0.0,0.0,99.6,0.4
20111112025001,0.0,0.0,0.0,0.0,0.0,0.0,99.7,0.3
20111112025101,0.0,0.0,0.0,0.0,0.0,0.0,99.9,0.1
20111112025201,0.0,0.0,0.0,0.0,0.0,0.0,99.8,0.2
20111112025728,0.0,0.0,0.0,0.0,0.0,0.0,100.0,0.0
20111112025828,0.0,0.0,0.0,0.0,0.0,0.0,98.6,1.4
20111112025928,0.0,0.0,0.0,0.0,0.0,0.0,99.6,0.4
20111112030028,0.0,0.0,0.0,0.0,0.0,0.0,99.6,0.4
20111112030128,0.0,0.0,0.0,0.0,0.0,0.0,99.8,0.2
20111112030228,0.0,0.0,0.0,0.0,0.0,0.0,99.9,0.1
20111112030328,0.0,0.0,0.0,0.0,0.0,0.0,100.0,0.0
20111112030428,0.0,0.0,0.0,0.0,0.0,0.0,99.6,0.4
20111112030528,0.0,0.0,0.0,0.0,0.0,0.0,99.1,0.9
20111112030628,0.0,0.0,0.0,0.0,0.0,0.0,100.0,0.0
20111112030728,0.0,0.0,0.0,0.0,0.0,0.0,100.0,0.0
20111112030828,0.0,0.0,0.0,0.0,0.0,0.0,100.0,0.0
20111112030928,0.0,0.0,0.0,0.0,0.0,0.0,96.6,3.4
20111112031028,0.0,0.0,0.0,0.0,0.0,0.0,100.0,0.0
20111112031128,0.0,0.0,0.0,0.0,0.0,0.0,100.0,0.0
20111112031228,0.0,0.0,0.0,0.0,0.0,0.0,100.0,0.0
20111112031328,0.0,0.0,0.0,0.0,0.0,0.0,100.0,0.0
20111112031428,0.0,0.0,0.0,0.0,0.0,0.0,99.9,0.1
20111112031528,0.0,0.0,0.0,0.0,0.0,0.0,99.9,0.1
20111112031628,0.0,0.0,0.0,0.0,0.0,0.0,99.6,0.4
20111112031728,0.0,0.0,0.0,0.0,0.0,0.0,98.4,1.6
20111112031828,0.0,0.0,0.0,0.0,0.0,0.0,100.0,0.0
20111112031928,0.0,0.0,0.0,0.0,0.0,0.0,100.0,0.0
20111112032028,0.0,0.0,0.0,0.0,0.0,0.0,99.5,0.5
20111112032128,0.0,0.0,0.0,0.0,0.0,0.0,99.5,0.5
20111112032228,0.0,0.0,0.0,0.0,0.0,0.0,99.6,0.4
20111112032328,0.0,0.0,0.0,0.0,0.0,0.0,88.0,12.0
20111112032428,0.0,0.0,0.0,0.0,0.0,0.0,99.5,0.5
20111112032528,0.0,0.0,0.0,0.0,0.0,0.0,99.8,0.2
20111112032628,0.0,0.0,0.0,0.0,0.0,0.0,99.9,0.1
20111112032728,0.0,0.0,0.0,0.0,0.0,0.0,99.9,0.1
20111112032828,0.0,0.0,0.0,0.0,0.0,0.0,99.9,0.1
20111112032928,0.0,0.0,0.0,0.0,0.0,0.0,100.0,0.0
20111112033028,0.0,0.0,0.0,0.0,0.0,0.0,100.0,0.0
20111112033128,0.0,0.0,0.0,0.0,0.0,0.0,99.7,0.3
20111112033228,0.0,0.0,0.0,0.0,0.0,0.0,99.7,0.3
20111112033328,0.0,0.0,0.0,0.0,0.0,0.0,98.3,1.7
20111112033428,0.0,0.0,0.0,0.0,0.0,0.0,35.8,64.2
20111112033528,0.0,0.0,0.0,0.0,0.0,0.0,81.7,18.3
20111112033628,0.0,0.0,0.0,0.0,0.0,0.0,98.7,1.3
20111112033728,0.0,0.0,0.0,0.0,0.0,0.0,92.7,7.3
20111112033828,0.0,0.0,0.0,0.0,0.0,0.0,95.4,4.6
20111112033928,0.0,0.0,0.0,0.0,0.0,0.0,86.1,13.9
20111112034028,0.0,0.0,0.0,0.0,0.0,0.0,100.0,0.0
20111112034128,0.0,0.0,0.0,0.0,0.0,0.0,99.9,0.1
20111112034228,0.0,0.0,0.0,0.0,0.0,0.0,95.1,4.9
20111112034328,0.0,0.0,0.0,0.0,0.0,0.0,98.3,1.7
20111112034428,0.0,0.0,0.0,0.0,0.0,0.0,100.0,0.0
20111112034528,0.0,0.0,0.0,0.0,0.0,0.0,99.6,0.4
20111112034628,0.0,0.0,0.0,0.0,0.0,0.0,99.3,0.7
20111112034728,0.0,0.0,0.0,0.0,0.0,0.0,99.5,0.5
20111112034828,0.0,0.0,0.0,0.0,0.0,0.0,97.5,2.5
20111112034928,0.0,0.0,0.0,0.0,0.0,0.0,94.2,5.8
20111112035028,0.0,0.0,0.0,0.0,0.0,0.0,99.0,1.0
20111112035128,0.0,0.0,0.0,0.0,0.0,0.0,99.8,0.2
20111112035228,0.0,0.0,0.0,0.0,0.0,0.0,99.4,0.6
20111112035328,0.0,0.0,0.0,0.0,0.0,0.0,100.0,0.0
20111112035428,0.0,0.0,0.0,0.0,0.0,0.0,99.4,0.6
20111112035528,0.0,0.0,0.0,0.0,0.0,0.0,99.9,0.1
20111112035628,0.0,0.0,0.0,0.0,0.0,0.0,99.9,0.1
20111112035728,0.0,0.0,0.0,0.0,0.0,0.0,100.0,0.0
20111112035828,0.0,0.0,0.0,0.0,0.0,0.0,99.9,0.1
20111112035928,0.0,0.0,0.0,0.0,0.0,0.0,99.7,0.3
20111112040028,0.0,0.0,0.0,0.0,0.0,0.0,99.9,0.1
20111112040128,0.0,0.0,0.0,0.0,0.0,0.0,99.6,0.4
20111112040228,0.0,0.0,0.0,0.0,0.0,0.0,99.8,0.2
20111112040328,0.0,0.0,0.0,0.0,0.0,0.0,100.0,0.0
20111112040428,0.0,0.0,0.0,0.0,0.0,0.0,99.9,0.1
20111112040528,0.0,0.0,0.0,0.0,0.0,0.0,93.7,6.3
20111112040628,0.0,0.0,0.0,0.0,0.0,0.0,90.6,9.4
20111112040728,0.0,0.0,0.0,0.0,0.0,0.0,93.6,6.4
20111112040828,0.0,0.0,0.0,0.0,0.0,0.0,99.7,0.3
20111112040928,0.0,0.0,0.0,0.1,0.0,0.0,99.2,0.8
20111112041028,0.0,0.0,0.0,0.0,0.0,0.0,99.9,0.1
20111112041128,0.0,0.0,0.0,0.0,0.0,0.0,100.0,0.0
20111112041228,0.0,0.0,0.0,0.0,0.0,0.0,99.9,0.1
20111112041328,0.0,0.0,0.0,0.0,0.0,0.0,99.7,0.3
20111112041428,0.0,0.0,0.0,0.0,0.0,0.0,95.1,4.9
20111112041528,0.0,0.0,0.0,0.0,0.0,0.0,82.6,17.4
20111112041628,0.0,0.0,0.0,0.0,0.0,0.0,73.3,26.7
20111112041728,0.0,0.0,0.0,0.0,0.0,0.0,96.7,3.3
20111112041828,0.0,0.0,0.0,0.0,0.0,0.0,99.7,0.3
20111112041928,0.0,0.0,0.0,0.0,0.0,0.0,98.6,1.4
20111112042028,0.0,0.0,0.0,0.0,0.0,0.0,99.1,0.9
20111112042128,0.0,0.0,0.0,0.0,0.0,0.0,100.0,0.0
20111112042228,0.0,0.0,0.0,0.0,0.0,0.0,96.0,4.0
20111112042328,0.0,0.0,0.0,0.0,0.0,0.0,99.9,0.1
20111112042428,0.0,0.0,0.0,0.0,0.0,0.0,100.0,0.0
20111112042528,0.0,0.0,0.0,0.0,0.0,0.0,99.8,0.2
20111112042628,0.0,0.0,0.0,0.0,0.0,0.0,99.6,0.4
20111112042728,0.0,0.0,0.0,0.0,0.0,0.0,97.1,2.9
20111112042828,0.0,0.0,0.0,0.0,0.0,0.0,100.0,0.0
20111112042928,0.0,0.0,0.0,0.0,0.0,0.0,97.7,2.3
20111112043028,0.0,0.0,0.0,0.0,0.0,0.0,97.5,2.5
20111112043128,0.0,0.0,0.0,0.0,0.0,0.0,100.0,0.0
20111112043228,0.0,0.0,0.0,0.0,0.0,0.0,99.6,0.4
20111112043328,0.0,0.0,0.0,0.0,0.0,0.0,100.0,0.0
20111112043428,0.0,0.0,0.0,0.0,0.0,0.0,100.0,0.0
20111112043528,0.0,0.0,0.0,0.0,0.0,0.0,96.2,3.7
20111112043628,0.0,0.0,0.0,0.0,0.0,0.0,100.0,0.0
20111112043728,0.0,0.0,0.0,0.0,0.0,0.0,99.9,0.1
20111112043828,0.0,0.0,0.0,0.0,0.0,0.0,99.9,0.0
20111112043928,0.0,0.0,0.0,0.0,0.0,0.0,99.8,0.1
20111112044028,0.0,0.0,0.0,0.0,0.0,0.0,99.9,0.1
20111112044128,0.0,0.0,0.0,0.0,0.0,0.0,100.0,0.0
20111112044228,0.0,0.0,0.0,0.0,0.0,0.0,100.0,0.0
20111112044328,0.0,0.0,0.0,2.4,0.0,0.0,97.5,0.0
20111112044428,0.0,0.0,0.0,1.4,0.0,0.0,98.4,0.2
20111112044528,0.0,0.0,0.0,0.9,0.0,0.0,99.0,0.1
20111112044628,0.0,0.0,0.0,0.7,0.0,0.0,99.2,0.1
20111112044728,0.0,0.0,0.0,0.0,0.0,0.0,100.0,0.0
20111112044828,0.0,0.0,0.0,0.1,0.0,0.0,99.9,0.0
20111112044928,0.0,0.0,0.0,32.5,1.4,0.0,65.9,0.2
20111112045028,0.0,0.0,0.0,0.0,0.0,0.0,99.9,0.0
20111112045128,0.0,7.2,0.0,6.3,0.1,0.0,50.2,36.2
20111112045228,0.0,1.1,0.0,16.9,0.2,0.0,81.0,0.8
20111112045328,0.0,0.1,0.0,1.6,0.0,0.0,97.1,1.2
20111112045428,0.0,0.0,0.0,9.9,0.0,0.0,84.6,5.5
20111112045528,0.0,0.0,0.0,82.3,0.0,0.0,11.8,5.9
20111112045628,0.0,0.0,0.0,77.6,0.0,0.0,18.2,4.1
20111112045728,0.0,0.0,0.0,5.1,0.0,0.0,93.5,1.4
20111112045828,0.0,0.0,0.0,14.4,1.5,0.0,82.6,1.5
20111112045928,0.0,0.0,0.0,24.9,8.5,0.0,66.5,0.1
