UT,arc,discrete,diffuse,ac,ab,clear,cloudy,dd
20111011170700,0.0,0.0,0.0,0.0,10.1,0.0,0.0,89.9
20111011170800,0.0,0.0,0.0,0.0,1.4,0.0,0.0,98.6
20111011170900,0.0,0.0,0.0,0.0,0.3,0.0,0.0,99.7
20111011171000,0.0,0.0,0.0,0.0,0.1,0.0,0.0,99.9
20111011171100,0.0,0.0,0.0,0.0,0.2,0.0,0.0,99.8
20111011171200,0.0,0.0,0.0,0.0,0.1,0.0,0.0,99.9
20111011171300,0.0,0.0,0.0,0.0,0.0,0.0,0.0,100.0
20111011171400,0.0,0.0,0.0,0.0,0.0,0.0,0.0,100.0
20111011171500,0.0,0.0,0.0,0.0,0.0,0.0,0.0,100.0
20111011171600,0.0,0.0,0.0,0.0,0.0,0.0,0.0,100.0
20111011171700,0.0,0.0,0.0,0.0,0.0,0.0,0.0,100.0
20111011171800,0.0,0.0,0.0,0.0,0.0,0.0,0.0,100.0
20111011171900,0.0,0.0,0.0,0.0,0.1,0.0,0.0,99.9
20111011172000,0.0,0.0,0.0,0.0,12.3,0.0,6.7,81.0
20111011172100,0.0,0.0,0.0,0.0,2.0,0.0,2.2,95.8
20111011172200,0.0,0.0,0.0,0.0,0.9,0.0,2.5,96.6
20111011172300,0.0,0.0,0.0,0.0,0.1,0.0,58.9,41.1
20111011172400,0.0,0.0,0.0,0.0,0.0,0.0,96.8,3.2
20111011172500,0.0,0.0,0.0,0.0,0.0,0.0,12.8,87.1
20111011172600,0.0,0.0,0.0,0.0,0.2,0.0,73.5,26.3
20111011172700,0.0,0.0,0.0,0.0,0.1,0.0,91.4,8.5
20111011172800,0.0,0.0,0.0,0.0,0.0,0.0,91.5,8.5
20111011172900,0.0,0.0,0.0,0.0,0.0,0.0,68.2,31.8
20111011173000,0.0,0.0,0.0,0.0,0.1,0.0,98.5,1.4
20111011173100,0.0,0.0,0.0,0.0,0.4,0.0,98.4,1.1
20111011173200,0.0,0.0,0.0,0.0,1.4,0.0,97.9,0.7
20111011173300,0.0,0.0,0.0,0.0,0.0,0.0,100.0,0.0
20111011173400,0.0,0.0,0.0,0.0,0.0,0.0,99.7,0.2
20111011173500,0.0,0.0,0.0,0.0,0.1,0.0,99.9,0.0
20111011173600,0.0,0.0,0.0,0.0,0.0,0.0,99.9,0.0
20111011173700,0.0,0.0,0.0,0.0,0.1,0.0,99.7,0.2
20111011173800,0.0,0.0,0.0,0.0,0.0,0.0,100.0,0.0
20111011173900,0.0,0.0,0.0,0.0,0.0,0.0,99.9,0.0
20111011174000,0.0,0.0,0.0,0.0,0.0,0.0,100.0,0.0
20111011174100,0.0,0.0,0.0,0.0,0.0,0.0,100.0,0.0
20111011174200,0.0,0.0,0.0,0.0,0.6,0.0,99.3,0.1
20111011174300,0.0,0.0,0.0,0.1,0.1,0.0,99.8,0.0
20111011174400,0.0,0.0,0.0,0.0,0.0,0.0,100.0,0.0
20111011174500,0.0,0.0,0.0,0.0,0.1,0.0,99.9,0.0
20111011174600,0.0,0.0,0.0,0.0,0.0,0.0,100.0,0.0
20111011174700,0.0,0.0,0.0,0.0,0.0,0.0,100.0,0.0
20111011174800,0.0,0.0,0.0,0.0,0.0,0.0,99.4,0.5
20111011174900,0.0,0.0,0.0,0.0,0.0,0.0,100.0,0.0
20111011175000,0.0,0.0,0.0,0.0,0.0,0.0,99.7,0.3
20111011175100,0.0,0.0,0.0,0.0,0.0,0.0,99.4,0.6
20111011175200,0.0,0.0,0.0,0.0,0.0,0.0,99.5,0.5
20111011175300,0.0,0.0,0.0,0.0,0.0,0.0,99.7,0.3
20111011175400,0.0,0.0,0.0,0.0,0.0,0.0,100.0,0.0
20111011175500,0.0,0.0,0.0,0.0,0.0,0.0,99.7,0.3
20111011175600,0.0,0.0,0.0,0.0,0.3,0.0,99.2,0.5
20111011175700,0.0,0.0,0.0,0.0,0.2,0.0,99.7,0.1
20111011175800,0.0,0.0,0.0,0.0,0.0,0.0,100.0,0.0
20111011175900,0.0,0.0,0.0,0.0,0.0,0.0,100.0,0.0
20111011180000,0.0,0.0,0.0,0.0,0.0,0.0,99.3,0.7
20111011180100,0.0,0.0,0.0,0.0,0.1,0.0,99.6,0.3
20111011180200,0.0,0.0,0.0,0.0,0.0,0.0,99.3,0.6
20111011180300,0.0,0.0,0.0,0.0,0.0,0.0,92.2,7.8
20111011180400,0.0,0.0,0.0,0.0,0.3,0.0,88.7,11.1
20111011180500,0.0,0.0,0.0,0.0,0.7,0.0,91.5,7.7
20111011180600,0.0,0.0,0.0,0.0,2.6,0.0,94.4,3.0
20111011180700,0.0,0.0,0.0,0.0,0.2,0.0,99.7,0.1
20111011180800,0.0,0.0,0.0,0.0,0.3,0.0,99.4,0.2
20111011180900,0.0,0.0,0.0,0.0,2.6,0.0,97.1,0.3
20111011181000,0.0,0.0,0.0,0.3,18.5,0.0,79.4,1.7
20111011181100,0.0,0.0,0.0,0.0,53.7,0.0,45.7,0.6
20111011181200,0.0,0.0,0.0,0.0,0.0,0.0,99.9,0.1
20111011181300,0.0,0.0,0.0,0.0,0.0,0.0,99.9,0.1
20111011181400,0.0,0.0,0.0,0.0,0.0,0.0,100.0,0.0
20111011181500,0.0,0.0,0.0,0.0,0.0,0.0,99.7,0.3
20111011181600,0.0,0.0,0.0,0.0,0.0,0.0,94.0,6.0
20111011181700,0.0,0.0,0.0,0.0,0.0,0.0,99.9,0.1
20111011181800,0.0,0.0,0.0,0.0,0.0,0.0,99.8,0.2
20111011181900,0.0,0.0,0.0,0.0,0.0,0.0,99.9,0.1
20111011182000,0.0,0.0,0.0,0.0,0.0,0.0,96.8,3.2
20111011182100,0.0,0.0,0.0,0.0,0.0,0.0,88.6,11.4
20111011182200,0.0,0.0,0.0,0.0,0.0,0.0,96.6,3.4
20111011182300,0.0,0.0,0.0,0.0,0.1,0.0,95.0,4.9
20111011182400,0.0,0.0,0.0,0.0,0.0,0.0,98.2,1.7
20111011182500,0.0,0.0,0.0,0.0,0.0,0.0,99.0,1.0
20111011182600,0.0,0.0,0.0,0.0,0.0,0.0,91.7,8.3
20111011182700,0.0,0.0,0.0,0.0,0.0,0.0,99.9,0.1
20111011182800,0.0,0.0,0.0,0.0,0.0,0.0,99.5,0.5
20111011182900,0.0,0.0,0.0,0.0,0.0,0.0,99.7,0.3
20111011183000,0.0,0.0,0.0,0.0,0.0,0.0,99.9,0.1
20111011183100,0.0,0.0,0.0,0.0,0.0,0.0,99.4,0.6
20111011183200,0.0,0.0,0.0,0.0,0.0,0.0,100.0,0.0
20111011183300,0.0,0.0,0.0,0.0,0.0,0.0,100.0,0.0
20111011183400,0.0,0.0,0.0,0.0,0.0,0.0,99.9,0.1
20111011183500,0.0,0.0,0.0,0.0,0.0,0.0,99.6,0.4
20111011183600,0.0,0.0,0.0,0.0,0.1,0.0,99.9,0.1
20111011183700,0.0,0.0,0.0,0.0,0.0,0.0,100.0,0.0
20111011183800,0.0,0.0,0.0,0.0,0.0,0.0,100.0,0.0
20111011183900,0.0,0.0,0.0,0.0,0.0,0.0,100.0,0.0
20111011184000,0.0,0.0,0.0,0.0,0.0,0.0,100.0,0.0
20111011184100,0.0,0.0,0.0,0.0,0.0,0.0,100.0,0.0
20111011184200,0.0,0.0,0.0,0.0,0.0,0.0,100.0,0.0
20111011184300,0.0,0.0,0.0,0.0,0.0,0.0,100.0,0.0
20111011184400,0.0,0.0,0.0,0.0,0.0,0.0,100.0,0.0
20111011184500,0.0,0.0,0.0,0.0,0.0,0.0,99.9,0.0
20111011184600,0.0,0.0,0.0,0.0,0.1,0.0,99.8,0.1
20111011184700,0.0,0.0,0.0,0.0,0.0,0.0,100.0,0.0
20111011184800,0.0,0.0,0.0,0.0,0.0,0.0,100.0,0.0
20111011184900,0.0,0.0,0.0,0.0,0.0,0.0,100.0,0.0
20111011185000,0.0,0.0,0.0,0.0,0.0,0.0,100.0,0.0
20111011185100,0.0,0.0,0.0,0.0,0.0,0.0,100.0,0.0
20111011185200,0.0,0.0,0.0,0.0,0.2,0.0,99.8,0.0
20111011185300,0.0,0.0,0.0,0.0,0.6,0.0,99.3,0.0
20111011185400,0.0,0.0,0.0,0.0,0.1,0.0,99.9,0.0
20111011185500,0.0,0.0,0.0,0.0,0.1,0.0,99.9,0.0
20111011185600,0.0,0.0,0.0,0.0,0.0,0.0,100.0,0.0
20111011185700,0.0,0.0,0.0,0.0,0.0,0.0,100.0,0.0
20111011185800,0.0,0.0,0.0,0.0,1.5,0.0,97.9,0.6
20111011185900,0.0,0.0,0.0,0.0,0.1,0.0,99.3,0.6
20111011190000,0.0,0.0,0.0,0.0,0.0,0.0,99.9,0.1
20111011190100,0.0,0.0,0.0,0.0,0.0,0.0,100.0,0.0
20111011190200,0.0,0.0,0.0,0.0,0.0,0.0,100.0,0.0
20111011190300,0.0,0.0,0.0,0.0,0.0,0.0,99.9,0.1
20111011190400,0.0,0.0,0.0,0.0,0.0,0.0,99.9,0.1
20111011190500,0.0,0.0,0.0,0.0,0.1,0.0,99.8,0.1
20111011190600,0.0,0.0,0.0,0.0,0.8,0.0,99.1,0.1
20111011190700,0.0,0.0,0.0,0.0,0.0,0.0,99.9,0.1
20111011190800,0.0,0.0,0.0,0.0,0.1,0.0,99.9,0.0
20111011190900,0.0,0.0,0.0,0.0,0.0,0.0,99.9,0.0
20111011191000,0.0,0.0,0.0,0.0,0.0,0.0,100.0,0.0
20111011191100,0.0,0.0,0.0,0.0,0.2,0.0,99.7,0.1
20111011191200,0.0,0.0,0.0,0.0,0.0,0.0,99.9,0.0
20111011191300,0.0,0.0,0.0,0.0,0.1,0.0,99.8,0.1
20111011191400,0.0,0.0,0.0,0.0,0.0,0.0,100.0,0.0
20111011191500,0.0,0.0,0.0,0.0,0.0,0.0,100.0,0.0
20111011191600,0.0,0.0,0.0,0.0,0.0,0.0,100.0,0.0
20111011191700,0.0,0.0,0.0,0.0,0.0,0.0,100.0,0.0
20111011191800,0.0,0.0,0.0,0.0,2.2,0.0,97.3,0.5
20111011191900,0.0,0.0,0.0,0.0,0.0,0.0,99.9,0.1
20111011192000,0.0,0.0,0.0,0.0,0.1,0.0,99.9,0.0
20111011192100,0.0,0.0,0.0,0.0,1.5,0.0,97.1,1.3
20111011192200,0.0,0.0,0.0,0.0,0.0,0.0,99.9,0.1
20111011192300,0.0,0.0,0.0,0.0,0.0,0.0,99.9,0.0
20111011192400,0.0,0.0,0.0,0.0,0.0,0.0,100.0,0.0
20111011192500,0.0,0.0,0.0,0.0,0.4,0.0,99.6,0.0
20111011192600,0.0,0.0,0.0,0.0,0.0,0.0,100.0,0.0
20111011192700,0.0,0.0,0.0,0.0,0.0,0.0,100.0,0.0
20111011192800,0.0,0.0,0.0,0.0,0.4,0.0,99.6,0.0
20111011192900,0.0,0.0,0.0,0.0,0.4,0.0,99.6,0.0
20111011193000,0.0,0.0,0.0,0.0,0.0,0.0,99.8,0.2
20111011193100,0.0,0.0,0.0,0.0,0.0,0.0,99.9,0.1
20111011193200,0.0,0.0,0.0,0.0,0.0,0.0,99.9,0.1
20111011193300,0.0,0.0,0.0,0.0,0.1,0.0,99.9,0.1
20111011193400,0.0,0.0,0.0,0.0,0.1,0.0,99.9,0.0
20111011193500,0.0,0.0,0.0,0.0,0.1,0.0,99.5,0.4
20111011193600,0.0,0.0,0.0,0.0,0.3,0.0,99.6,0.1
20111011193700,0.0,0.0,0.0,0.0,0.0,0.0,100.0,0.0
20111011193800,0.0,0.0,0.0,0.0,0.1,0.0,99.8,0.0
20111011193900,0.0,0.0,0.0,0.0,0.0,0.0,99.8,0.1
20111011194000,0.0,0.1,0.0,0.0,2.2,0.0,97.2,0.5
20111011194100,0.0,0.0,0.0,0.0,0.5,0.0,99.3,0.2
20111011194200,0.0,0.0,0.0,0.0,1.1,0.0,98.8,0.1
20111011194300,0.0,0.0,0.0,0.0,0.0,0.0,99.9,0.1
20111011194400,0.0,0.0,0.0,0.0,0.1,0.0,99.8,0.1
20111011194500,0.0,0.0,0.0,0.0,0.1,0.0,99.9,0.0
20111011194600,0.0,0.0,0.0,0.0,0.0,0.0,99.7,0.2
20111011194700,0.0,0.0,0.0,0.0,0.0,0.0,99.8,0.1
20111011194800,0.0,0.0,0.0,0.0,0.0,0.0,100.0,0.0
20111011194900,0.0,0.0,0.0,0.0,0.0,0.0,100.0,0.0
20111011195000,0.0,0.0,0.0,0.0,0.0,0.0,100.0,0.0
20111011195100,0.0,0.0,0.0,0.0,0.0,0.0,100.0,0.0
20111011195200,0.0,0.0,0.0,0.0,0.2,0.0,99.2,0.6
20111011195300,0.0,0.0,0.0,0.0,0.0,0.0,99.9,0.1
20111011195400,0.0,0.0,0.0,0.0,0.1,0.0,99.8,0.1
20111011195500,0.0,0.0,0.0,0.0,0.1,0.0,99.8,0.1
20111011195600,0.0,0.0,0.0,0.0,0.1,0.0,96.2,3.7
20111011195700,0.0,0.0,0.0,0.0,0.3,0.0,63.7,36.0
20111011195800,0.0,0.0,0.0,0.0,0.4,0.0,96.3,3.3
20111011195900,0.0,0.0,0.0,0.0,0.0,0.0,99.8,0.2
20111011200000,0.0,0.0,0.0,0.0,0.0,0.0,99.6,0.4
20111011200100,0.0,0.0,0.0,0.0,0.1,0.0,97.8,2.1
20111011200200,0.0,0.0,0.0,0.0,0.0,0.0,99.7,0.3
20111011200300,0.0,0.0,0.0,0.0,0.1,0.0,98.8,1.2
20111011200400,0.0,0.0,0.0,0.0,0.0,0.0,100.0,0.0
20111011200500,0.0,0.0,0.0,0.0,0.2,0.0,99.7,0.1
20111011200600,0.0,0.0,0.0,0.0,0.1,0.0,99.7,0.2
20111011200700,0.0,0.0,0.0,0.0,0.1,0.0,99.7,0.2
20111011200800,0.0,0.0,0.0,0.0,0.0,0.0,99.8,0.1
20111011200900,0.0,0.0,0.0,0.0,0.0,0.0,99.9,0.0
20111011201000,0.0,0.0,0.0,0.0,0.1,0.0,99.8,0.1
20111011201100,0.0,0.0,0.0,0.0,0.0,0.0,99.8,0.2
20111011201200,0.0,0.0,0.0,0.0,0.0,0.0,99.9,0.1
20111011201300,0.0,0.0,0.0,0.0,0.1,0.0,99.5,0.4
20111011201400,0.0,0.0,0.0,0.0,0.1,0.0,99.5,0.4
20111011201500,0.0,0.0,0.0,0.0,0.2,0.0,99.7,0.1
20111011201600,0.0,0.0,0.0,0.0,0.1,0.0,98.9,1.0
20111011201700,0.0,0.0,0.0,0.0,0.0,0.0,99.9,0.1
20111011201800,0.0,0.0,0.0,0.0,0.0,0.0,99.9,0.1
20111011201900,0.0,0.0,0.0,0.0,0.0,0.0,99.8,0.2
20111011202000,0.0,0.0,0.0,0.0,0.1,0.0,99.3,0.6
20111011202100,0.0,0.0,0.0,0.0,0.2,0.0,98.5,1.2
20111011202200,0.0,0.0,0.0,0.0,0.1,0.0,98.3,1.7
20111011202300,0.0,0.0,0.0,0.0,0.7,0.0,96.2,3.1
20111011202400,0.0,0.0,0.0,0.0,1.0,0.0,62.6,36.5
20111011202500,0.0,0.0,0.0,0.0,8.4,0.0,57.7,33.9
20111011202600,0.0,0.0,0.0,0.0,1.5,0.0,24.4,74.0
20111011202700,0.0,0.0,0.0,0.0,0.3,0.0,62.2,37.5
20111011202800,0.0,0.0,0.0,0.0,0.0,0.0,71.7,28.3
20111011202900,0.0,0.0,0.0,0.0,0.0,0.0,100.0,0.0
20111011203000,0.0,0.0,0.0,0.0,0.0,0.0,99.8,0.2
20111011203100,0.0,0.0,0.0,0.0,0.0,0.0,99.8,0.1
20111011203200,0.0,0.0,0.0,0.0,0.2,0.0,97.8,2.0
20111011203300,0.0,0.0,0.0,0.0,0.8,0.0,90.4,8.8
20111011203400,0.0,0.0,0.0,0.0,0.1,0.0,99.3,0.6
20111011203500,0.0,0.0,0.0,0.0,0.7,0.0,97.4,1.9
20111011203600,0.0,0.0,0.0,0.0,0.0,0.0,98.1,1.9
20111011203700,0.0,0.0,0.0,0.0,0.0,0.0,99.9,0.1
20111011203800,0.0,0.0,0.0,0.0,0.0,0.0,99.9,0.1
20111011203900,0.0,0.0,0.0,0.0,0.0,0.0,100.0,0.0
20111011204000,0.0,0.0,0.0,0.0,0.0,0.0,99.9,0.1
20111011204100,0.0,0.0,0.0,0.0,0.0,0.0,100.0,0.0
20111011204200,0.0,0.0,0.0,0.0,0.0,0.0,99.8,0.2
20111011204300,0.0,0.0,0.0,0.0,0.5,0.0,57.1,42.4
20111011204400,0.0,0.0,0.0,0.0,0.0,0.0,99.9,0.1
20111011204500,0.0,0.0,0.0,0.0,0.1,0.0,99.8,0.0
20111011204600,0.0,0.0,0.0,0.0,0.0,0.0,100.0,0.0
20111011204700,0.0,0.0,0.0,0.0,0.0,0.0,100.0,0.0
20111011204800,0.0,0.0,0.0,0.0,0.0,0.0,100.0,0.0
20111011204900,0.0,0.0,0.0,0.0,0.0,0.0,100.0,0.0
20111011205000,0.0,0.0,0.0,0.0,0.0,0.0,100.0,0.0
20111011205100,0.0,0.0,0.0,0.0,0.0,0.0,99.8,0.2
20111011205200,0.0,0.0,0.0,0.0,0.1,0.0,98.9,1.0
20111011205300,0.0,0.0,0.0,0.0,0.4,0.0,98.0,1.5
20111011205400,0.0,0.0,0.0,0.0,0.7,0.0,54.7,44.6
20111011205500,0.0,0.0,0.0,0.0,0.2,0.0,97.4,2.4
20111011205600,0.0,0.0,0.0,0.0,0.2,0.0,98.6,1.2
20111011205700,0.0,0.0,0.0,0.0,0.4,0.0,92.5,7.1
20111011205800,0.0,0.0,0.0,0.0,1.8,0.0,95.5,2.7
20111011205900,0.0,0.0,0.0,0.0,1.6,0.0,90.4,7.9
20111011210000,0.0,0.0,0.0,0.0,6.8,0.0,87.2,6.0
20111011210100,0.0,0.0,0.0,0.0,9.9,0.0,88.8,1.2
20111011210200,0.0,0.0,0.0,0.0,8.9,0.0,90.8,0.2
20111011210300,0.0,0.0,0.0,0.0,4.4,0.0,95.6,0.0
20111011210400,0.0,0.0,0.0,0.0,0.3,0.0,99.7,0.0
20111011210500,0.0,0.0,0.0,0.1,2.8,0.0,96.8,0.3
20111011210600,0.0,0.0,0.0,0.0,8.2,0.0,90.3,1.4
20111011210700,0.0,0.0,0.0,0.0,0.4,0.0,99.3,0.3
20111011210800,0.0,0.0,0.0,0.0,0.4,0.0,95.2,4.4
20111011210900,0.0,0.0,0.0,0.0,0.1,0.0,98.8,1.1
20111011211000,0.0,0.0,0.0,0.0,0.2,0.0,99.6,0.2
20111011211100,0.0,0.0,0.0,0.0,1.0,0.0,98.6,0.4
20111011211200,0.0,0.0,0.0,0.0,0.4,0.0,99.3,0.3
20111011211300,0.0,0.0,0.0,0.0,0.0,0.0,99.9,0.1
20111011211400,0.0,0.0,0.0,0.0,0.1,0.0,99.6,0.3
20111011211500,0.0,0.0,0.0,0.0,0.5,0.0,97.8,1.7
20111011211600,0.0,0.0,0.0,0.0,0.0,0.0,96.4,3.6
20111011211700,0.0,0.0,0.0,0.0,0.0,0.0,99.8,0.2
20111011211800,0.0,0.0,0.0,0.0,0.0,0.0,100.0,0.0
20111011211900,0.0,0.0,0.0,0.0,0.0,0.0,99.7,0.3
20111011212000,0.0,0.0,0.0,0.0,0.0,0.0,100.0,0.0
20111011212100,0.0,0.0,0.0,0.0,0.0,0.0,100.0,0.0
20111011212200,0.0,0.0,0.0,0.0,0.0,0.0,94.5,5.5
20111011212300,0.0,0.0,0.0,0.0,0.0,0.0,99.0,1.0
20111011212400,0.0,0.0,0.0,0.0,0.0,0.0,98.4,1.6
20111011212500,0.0,0.0,0.0,0.0,0.0,0.0,97.9,2.1
20111011212600,0.0,0.0,0.0,0.0,0.1,0.0,91.6,8.3
20111011212700,0.0,0.0,0.0,0.0,0.0,0.0,98.7,1.2
20111011212800,0.0,0.0,0.0,0.0,0.0,0.0,99.9,0.1
20111011212900,0.0,0.0,0.0,0.0,0.0,0.0,99.6,0.4
20111011213000,0.0,0.0,0.0,0.0,0.0,0.0,99.0,1.0
20111011213100,0.0,0.0,0.0,0.0,0.0,0.0,98.3,1.7
20111011213200,0.0,0.0,0.0,0.0,0.0,0.0,99.4,0.6
20111011213300,0.0,0.0,0.0,0.0,0.1,0.0,50.6,49.2
20111011213400,0.0,0.0,0.0,0.0,0.1,0.0,71.6,28.3
20111011213500,0.0,0.0,0.0,0.0,1.7,0.0,23.6,74.7
20111011213600,0.0,0.0,0.0,0.0,1.0,0.0,92.6,6.4
20111011213700,0.0,0.0,0.0,0.0,0.1,0.0,99.4,0.5
20111011213800,0.0,0.0,0.0,0.0,0.0,0.0,100.0,0.0
20111011213900,0.0,0.0,0.0,0.0,0.0,0.0,100.0,0.0
20111011214000,0.0,0.0,0.0,0.0,0.0,0.0,100.0,0.0
20111011214100,0.0,0.0,0.0,0.0,0.0,0.0,97.7,2.3
20111011214200,0.0,0.0,0.0,0.0,0.0,0.0,70.6,29.4
20111011214300,0.0,0.0,0.0,0.0,0.3,0.0,22.3,77.3
20111011214400,0.0,0.0,0.0,0.0,0.3,0.0,11.1,88.6
20111011214500,0.0,0.0,0.0,0.0,0.1,0.0,10.2,89.7
20111011214600,0.0,0.0,0.0,0.0,0.1,0.0,36.5,63.4
20111011214700,0.0,0.0,0.0,0.0,0.0,0.0,3.3,96.7
20111011214800,0.0,0.0,0.0,0.0,0.0,0.0,10.9,89.0
20111011214900,0.0,0.0,0.0,0.0,0.1,0.0,7.8,92.1
20111011215000,0.0,0.0,0.0,0.0,0.0,0.0,88.6,11.4
20111011215100,0.0,0.0,0.0,0.0,0.0,0.0,93.6,6.4
20111011215200,0.0,0.0,0.0,0.0,0.0,0.0,89.3,10.7
20111011215300,0.0,0.0,0.0,0.0,0.1,0.0,59.6,40.3
20111011215400,0.0,0.0,0.0,0.0,0.0,0.0,97.0,3.0
20111011215500,0.0,0.0,0.0,0.0,0.0,0.0,82.0,18.0
20111011215600,0.0,0.0,0.0,0.0,0.2,0.0,89.8,10.0
20111011215700,0.0,0.0,0.0,0.0,4.1,0.0,56.6,39.3
20111011215800,0.0,0.0,0.0,0.0,0.1,0.0,99.3,0.6
20111011215900,0.0,0.0,0.0,0.0,1.0,0.0,94.1,4.9
20111011220000,0.0,0.0,0.0,0.0,0.1,0.0,8.4,91.5
20111011220100,0.0,0.0,0.0,8.2,1.9,0.0,15.8,74.0
20111011220200,0.0,0.0,0.0,0.4,4.4,0.0,84.9,10.4
20111011220300,0.0,0.0,0.0,0.0,0.1,0.0,99.9,0.1
20111011220400,0.0,0.0,0.0,0.0,0.0,0.0,100.0,0.0
20111011220500,0.0,0.0,0.0,0.0,0.0,0.0,100.0,0.0
20111011220600,0.0,0.0,0.0,0.0,0.0,0.0,99.9,0.1
20111011220700,0.0,0.0,0.0,0.0,0.0,0.0,96.0,4.0
20111011220800,0.0,0.0,0.0,0.0,0.0,0.0,99.6,0.4
20111011220900,0.0,0.0,0.0,0.0,0.0,0.0,99.7,0.3
20111011221000,0.0,0.0,0.0,0.0,0.0,0.0,99.7,0.3
20111011221100,0.0,0.0,0.0,0.0,0.0,0.0,99.9,0.1
20111011221200,0.0,0.0,0.0,0.0,0.0,0.0,99.1,0.9
20111011221300,0.0,0.0,0.0,0.0,0.0,0.0,99.0,1.0
20111011221400,0.0,0.0,0.0,0.0,0.0,0.0,99.6,0.4
20111011221500,0.0,0.0,0.0,0.0,0.0,0.0,99.6,0.4
20111011221600,0.0,0.0,0.0,0.0,0.0,0.0,98.3,1.7
20111011221700,0.0,0.0,0.0,0.0,0.0,0.0,99.0,1.0
20111011221800,0.0,0.0,0.0,0.0,0.0,0.0,99.8,0.2
20111011221900,0.0,0.0,0.0,0.0,0.0,0.0,99.0,1.0
20111011222000,0.0,0.0,0.0,0.0,0.0,0.0,93.4,6.6
20111011222100,0.0,0.0,0.0,0.0,0.0,0.0,38.8,61.2
20111011222200,0.0,0.0,0.0,0.0,0.0,0.0,87.4,12.6
20111011222300,0.0,0.0,0.0,0.0,0.0,0.0,79.0,21.0
20111011222400,0.0,0.0,0.0,0.0,0.5,0.0,30.7,68.8
20111011222500,0.0,0.0,0.0,0.0,0.3,0.0,80.0,19.7
20111011222600,0.0,0.0,0.0,0.0,0.1,0.0,90.1,9.8
20111011222700,0.0,0.0,0.0,0.0,0.1,0.0,85.9,14.0
20111011222800,0.0,0.0,0.0,0.0,0.1,0.0,56.2,43.8
20111011222900,0.0,0.0,0.0,0.0,0.0,0.0,29.4,70.5
20111011223000,0.0,0.0,0.0,0.0,0.0,0.0,43.8,56.2
20111011223100,0.0,0.0,0.0,0.0,0.0,0.0,89.7,10.2
20111011223200,0.0,0.0,0.0,0.0,0.0,0.0,93.1,6.9
20111011223300,0.0,0.0,0.0,0.0,0.6,0.0,77.5,21.8
20111011223400,0.0,0.0,0.0,0.0,0.1,0.0,88.2,11.7
20111011223500,0.0,0.0,0.0,0.0,0.0,0.0,25.9,74.0
20111011223600,0.0,0.0,0.0,0.0,0.1,0.0,79.8,20.1
20111011223700,0.0,0.0,0.0,0.0,0.3,0.0,95.4,4.4
20111011223800,0.0,0.0,0.0,0.0,0.0,0.0,86.5,13.5
20111011223900,0.0,0.0,0.0,0.0,0.0,0.0,81.1,18.9
20111011224000,0.0,0.0,0.0,0.0,0.1,0.0,78.0,22.0
20111011224100,0.0,0.0,0.0,0.0,0.0,0.0,34.1,65.9
20111011224200,0.0,0.0,0.0,0.0,0.0,0.0,66.8,33.2
20111011224300,0.0,0.0,0.0,0.0,0.6,0.0,37.6,61.8
20111011224400,0.0,0.0,0.0,0.0,2.3,0.0,86.2,11.5
20111011224500,0.0,0.0,0.0,0.0,1.6,0.0,64.5,33.9
20111011224600,0.0,0.0,0.0,0.0,0.8,0.0,63.0,36.2
20111011224700,0.0,0.0,0.0,0.0,0.7,0.0,77.5,21.7
20111011224800,0.0,0.0,0.0,0.0,1.0,0.0,68.9,30.1
20111011224900,0.0,0.0,0.0,0.0,0.1,0.0,97.0,2.9
20111011225000,0.0,0.0,0.0,0.0,0.0,0.0,93.5,6.5
20111011225100,0.0,0.0,0.0,0.0,0.1,0.0,97.9,2.0
20111011225200,0.0,0.0,0.0,0.0,8.1,0.0,82.9,8.9
20111011225300,0.0,0.0,0.0,0.0,0.0,0.0,97.8,2.2
20111011225400,0.0,0.0,0.0,0.0,0.0,0.0,99.2,0.8
20111011225500,0.0,0.0,0.0,0.0,0.0,0.0,100.0,0.0
20111011225600,0.0,0.0,0.0,0.0,0.0,0.0,100.0,0.0
20111011225700,0.0,0.0,0.0,0.0,0.0,0.0,99.9,0.1
20111011225800,0.0,0.0,0.0,0.0,0.0,0.0,97.3,2.7
20111011225900,0.0,0.0,0.0,0.0,0.0,0.0,99.6,0.4
20111011230000,0.0,0.0,0.0,0.0,0.0,0.0,81.5,18.5
20111011230100,0.0,0.0,0.0,0.0,0.0,0.0,99.0,1.0
20111011230200,0.0,0.0,0.0,0.0,0.0,0.0,77.6,22.4
20111011230300,0.0,0.0,0.0,0.0,0.0,0.0,56.4,43.6
20111011230400,0.0,0.0,0.0,0.0,0.0,0.0,4.4,95.6
20111011230500,0.0,0.0,0.0,0.0,0.0,0.0,28.4,71.6
20111011230600,0.0,0.0,0.0,0.0,0.0,0.0,98.5,1.5
20111011230700,0.0,0.0,0.0,0.0,3.5,0.0,92.4,4.2
20111011230800,0.0,0.0,0.0,0.0,0.1,0.0,97.7,2.2
20111011230900,0.0,0.0,0.0,0.0,0.3,0.0,90.2,9.6
20111011231000,0.0,0.0,0.0,0.0,0.0,0.0,73.6,26.4
20111011231100,0.0,0.0,0.0,0.0,0.0,0.0,99.0,1.0
20111011231200,0.0,0.0,0.0,0.0,1.6,0.0,97.4,1.0
20111011231300,0.0,0.0,0.0,0.0,0.0,0.0,97.4,2.5
20111011231400,0.0,0.0,0.0,0.0,0.0,0.0,94.0,6.0
20111011231500,0.0,0.0,0.0,0.0,0.4,0.0,74.1,25.5
20111011231600,0.0,0.0,0.0,0.0,0.1,0.0,93.6,6.3
20111011231700,0.0,0.0,0.0,0.0,0.0,0.0,100.0,0.0
20111011231800,0.0,0.0,0.0,0.0,0.0,0.0,100.0,0.0
20111011231900,0.0,0.0,0.0,0.0,0.0,0.0,100.0,0.0
20111011232000,0.0,0.0,0.0,0.0,0.0,0.0,100.0,0.0
20111011232100,0.0,0.0,0.0,0.0,0.0,0.0,100.0,0.0
20111011232200,0.0,0.0,0.0,0.0,0.0,0.0,100.0,0.0
20111011232300,0.0,0.0,0.0,0.0,0.0,0.0,99.5,0.5
20111011232400,0.0,0.0,0.0,0.0,0.0,0.0,99.1,0.9
20111011232500,0.0,0.0,0.0,0.0,0.0,0.0,99.9,0.1
20111011232600,0.0,0.0,0.0,0.0,0.0,0.0,100.0,0.0
20111011232700,0.0,0.0,0.0,0.0,0.0,0.0,99.9,0.1
20111011232800,0.0,0.0,0.0,0.0,0.0,0.0,100.0,0.0
20111011232900,0.0,0.0,0.0,0.0,0.0,0.0,100.0,0.0
20111011233000,0.0,0.0,0.0,0.0,0.0,0.0,100.0,0.0
20111011233100,0.0,0.0,0.0,0.0,0.0,0.0,100.0,0.0
20111011233200,0.0,0.0,0.0,0.0,0.0,0.0,100.0,0.0
20111011233300,0.0,0.0,0.0,0.0,0.0,0.0,100.0,0.0
20111011233400,0.0,0.0,0.0,0.0,0.0,0.0,100.0,0.0
20111011233500,0.0,0.0,0.0,0.0,0.0,0.0,99.9,0.1
20111011233600,0.0,0.0,0.0,0.0,0.0,0.0,100.0,0.0
20111011233700,0.0,0.0,0.0,0.0,0.0,0.0,100.0,0.0
20111011233800,0.0,0.0,0.0,0.0,0.0,0.0,100.0,0.0
20111011233900,0.0,0.0,0.0,0.0,0.0,0.0,100.0,0.0
20111011234000,0.0,0.0,0.0,0.0,0.0,0.0,100.0,0.0
20111011234100,0.0,0.0,0.0,0.0,0.0,0.0,100.0,0.0
20111011234200,0.0,0.0,0.0,0.0,0.0,0.0,100.0,0.0
20111011234300,0.0,0.0,0.0,0.0,0.0,0.0,99.7,0.3
20111011234400,0.0,0.0,0.0,0.0,0.0,0.0,98.3,1.7
20111011234500,0.0,0.0,0.0,0.0,0.0,0.0,99.5,0.4
20111011234600,0.0,0.0,0.0,0.0,0.0,0.0,99.4,0.6
20111011234700,0.0,0.0,0.0,0.0,0.0,0.0,26.5,73.5
20111011234800,0.0,0.0,0.0,0.0,0.0,0.0,99.6,0.4
20111011234900,0.0,0.0,0.0,0.0,0.0,0.0,100.0,0.0
20111011235000,0.0,0.0,0.0,0.0,0.0,0.0,91.4,8.6
20111011235100,0.0,0.0,0.0,0.0,0.0,0.0,97.2,2.8
20111011235200,0.0,0.0,0.0,0.0,0.0,0.0,66.1,33.9
20111011235300,0.0,0.0,0.0,0.0,0.0,0.0,98.7,1.3
20111011235400,0.0,0.0,0.0,0.0,0.0,0.0,56.6,43.4
20111011235500,0.0,0.0,0.0,0.0,0.0,0.0,21.3,78.7
20111011235600,0.0,0.0,0.0,0.0,0.0,0.0,42.7,57.3
20111011235700,0.0,0.0,0.0,0.0,0.0,0.0,89.0,11.0
20111011235800,0.0,0.0,0.0,0.0,0.0,0.0,63.9,36.1
20111011235900,0.0,0.0,0.0,0.0,0.0,0.0,20.7,79.3
20111012000000,0.0,0.0,0.0,0.0,0.0,0.0,46.3,53.6
20111012000100,0.0,0.0,0.0,0.0,0.0,0.0,21.4,78.6
20111012000200,0.0,0.0,0.0,0.0,0.0,0.0,76.1,23.9
20111012000300,0.0,0.0,0.0,0.0,0.0,0.0,94.4,5.6
20111012000400,0.0,0.0,0.0,0.0,0.0,0.0,90.7,9.3
20111012000500,0.0,0.0,0.0,0.0,0.1,0.0,29.0,70.8
20111012000600,0.0,0.0,0.0,0.0,0.0,0.0,96.9,3.1
20111012000700,0.0,0.0,0.0,0.0,0.0,0.0,92.1,7.9
20111012000800,0.0,0.0,0.0,0.0,0.0,0.0,89.7,10.3
20111012000900,0.0,0.0,0.0,0.0,0.0,0.0,68.3,31.7
20111012001000,0.0,0.0,0.0,0.0,0.0,0.0,92.6,7.4
20111012001100,0.0,0.0,0.0,0.0,0.0,0.0,99.4,0.6
20111012001200,0.0,0.0,0.0,0.0,0.0,0.0,98.0,2.0
20111012001300,0.0,0.0,0.0,0.0,0.0,0.0,100.0,0.0
20111012001400,0.0,0.0,0.0,0.0,0.0,0.0,100.0,0.0
20111012001500,0.0,0.0,0.0,0.0,0.0,0.0,100.0,0.0
20111012001600,0.0,0.0,0.0,0.0,0.0,0.0,100.0,0.0
20111012001700,0.0,0.0,0.0,0.0,0.0,0.0,100.0,0.0
20111012001800,0.0,0.0,0.0,0.0,0.0,0.0,100.0,0.0
20111012001900,0.0,0.0,0.0,0.0,0.0,0.0,100.0,0.0
20111012002000,0.0,0.0,0.0,0.0,0.0,0.0,99.9,0.0
20111012002100,0.0,0.0,0.0,0.0,0.0,0.0,100.0,0.0
20111012002200,0.0,0.0,0.0,0.0,0.0,0.0,100.0,0.0
20111012002300,0.0,0.0,0.0,0.0,0.2,0.0,99.7,0.0
20111012002400,0.0,0.0,0.0,0.0,0.0,0.0,99.9,0.0
20111012002500,0.0,0.0,0.0,0.0,0.0,0.0,99.9,0.0
20111012002600,0.0,0.0,0.0,0.0,0.0,0.0,100.0,0.0
20111012002700,0.0,0.0,0.0,0.0,0.0,0.0,99.9,0.1
20111012002800,0.0,0.0,0.0,0.0,0.0,0.0,99.8,0.1
20111012002900,0.0,0.0,0.0,0.0,2.0,0.0,97.5,0.5
20111012003000,0.0,0.0,0.0,0.0,2.4,0.0,97.2,0.4
20111012003100,0.0,0.0,0.0,0.0,3.4,0.0,96.3,0.3
20111012003200,0.0,0.0,0.0,0.0,4.7,0.0,94.7,0.6
20111012003300,0.0,0.0,0.0,0.0,13.3,0.0,85.5,1.1
20111012003400,0.0,0.0,0.0,0.0,18.3,0.0,77.3,4.3
20111012003500,0.0,0.0,0.0,0.1,8.7,0.0,88.6,2.6
20111012003600,0.0,0.0,0.0,0.0,1.0,0.0,97.9,1.1
20111012003700,0.0,0.0,0.0,0.0,0.0,0.0,98.8,1.2
20111012003800,0.0,0.0,0.0,0.0,0.8,0.0,98.9,0.3
20111012003900,0.0,0.0,0.0,0.1,12.1,0.0,86.7,1.1
20111012004000,0.0,0.1,0.0,0.1,29.8,0.0,69.8,0.2
20111012004100,0.0,0.0,0.0,0.0,2.8,0.0,96.8,0.3
20111012004200,0.0,0.0,0.0,0.0,0.2,0.0,97.7,2.0
20111012004300,0.0,0.0,0.0,0.0,0.2,0.0,98.8,1.1
20111012004400,0.0,0.1,0.0,0.2,22.3,0.0,51.5,26.0
20111012004500,0.0,0.0,0.0,0.1,1.2,0.0,96.7,2.1
20111012004600,0.0,0.0,0.0,0.0,0.0,0.0,99.8,0.2
20111012004700,0.0,0.0,0.0,0.0,0.0,0.0,99.2,0.7
20111012004800,0.0,0.0,0.0,0.0,0.1,0.0,99.7,0.1
20111012004900,0.0,0.0,0.0,0.0,0.5,0.0,99.3,0.1
20111012005000,0.0,0.0,0.0,0.0,0.0,0.0,99.9,0.0
20111012005100,0.0,0.0,0.0,0.0,0.0,0.0,99.9,0.0
20111012005200,0.0,0.0,0.0,0.0,0.1,0.0,99.8,0.1
20111012005300,0.0,0.0,0.0,0.0,0.1,0.0,98.7,1.2
20111012005400,0.0,0.0,0.0,0.0,0.0,0.0,99.8,0.2
20111012005500,0.0,0.0,0.0,0.0,0.0,0.0,100.0,0.0
20111012005600,0.0,0.0,0.0,0.0,0.1,0.0,99.6,0.3
20111012005700,0.0,0.0,0.0,0.0,0.1,0.0,99.0,0.9
20111012005800,0.0,0.0,0.0,0.0,0.0,0.0,99.9,0.0
20111012005900,0.0,0.0,0.0,0.0,0.0,0.0,100.0,0.0
20111012010000,0.0,0.0,0.0,0.0,0.0,0.0,100.0,0.0
20111012010100,0.0,0.0,0.0,0.0,0.0,0.0,100.0,0.0
20111012010200,0.0,0.0,0.0,0.0,0.0,0.0,100.0,0.0
20111012010300,0.0,0.0,0.0,0.0,0.0,0.0,99.9,0.1
20111012010400,0.0,0.0,0.0,0.0,0.0,0.0,99.4,0.6
20111012010500,0.0,0.0,0.0,0.0,0.0,0.0,92.4,7.6
20111012010600,0.0,0.0,0.0,0.0,0.0,0.0,99.9,0.1
20111012010700,0.0,0.0,0.0,0.0,0.1,0.0,97.7,2.1
20111012010800,0.0,0.0,0.0,0.0,0.3,0.0,88.1,11.6
20111012010900,0.0,0.0,0.0,0.0,0.0,0.0,99.8,0.2
20111012011000,0.0,0.0,0.0,0.0,0.0,0.0,90.6,9.4
20111012011100,0.0,0.0,0.0,0.0,0.0,0.0,97.0,3.0
20111012011200,0.0,0.0,0.0,0.0,0.0,0.0,58.9,41.0
20111012011300,0.0,0.0,0.0,0.0,0.0,0.0,86.0,14.0
20111012011400,0.0,0.0,0.0,0.0,0.0,0.0,84.2,15.8
20111012011500,0.0,0.0,0.0,0.0,0.0,0.0,45.9,54.0
20111012011600,0.0,0.0,0.0,0.0,0.0,0.0,29.0,70.9
20111012011700,0.0,0.0,0.0,0.0,0.1,0.0,4.2,95.7
20111012011800,0.0,0.0,0.0,0.0,0.0,0.0,32.6,67.4
20111012011900,0.0,0.0,0.0,0.0,0.0,0.0,85.5,14.5
20111012012000,0.0,0.0,0.0,0.0,0.0,0.0,69.1,30.9
20111012012100,0.0,0.0,0.0,0.0,0.0,0.0,94.4,5.5
20111012012200,0.0,0.0,0.0,0.0,0.0,0.0,6.6,93.4
20111012012300,0.0,0.0,0.0,0.0,0.0,0.0,2.3,97.7
20111012012400,0.0,0.0,0.0,0.0,0.0,0.0,16.7,83.3
20111012012500,0.0,0.0,0.0,0.0,0.0,0.0,26.8,73.2
20111012012600,0.0,0.0,0.0,0.0,0.0,0.0,2.4,97.6
20111012012700,0.0,0.0,0.0,0.0,0.0,0.0,3.0,97.0
20111012012800,0.0,0.0,0.0,0.0,0.0,0.0,5.0,95.0
20111012012900,0.0,0.0,0.0,0.0,0.0,0.0,74.5,25.5
20111012013000,0.0,0.0,0.0,0.0,0.0,0.0,87.1,12.9
20111012013100,0.0,0.0,0.0,0.0,0.0,0.0,80.0,19.9
20111012013200,0.0,0.0,0.0,0.0,0.0,0.0,91.1,8.8
20111012013300,0.0,0.0,0.0,0.0,0.0,0.0,60.1,39.8
20111012013400,0.0,0.0,0.0,0.3,0.1,0.0,90.5,9.2
20111012013500,0.0,0.0,0.0,0.1,0.5,0.0,69.0,30.4
20111012013600,0.0,0.0,0.0,0.1,0.1,0.0,85.9,13.9
20111012013700,0.0,0.0,0.0,0.1,0.1,0.0,89.4,10.4
20111012013800,0.0,0.0,0.0,0.0,0.4,0.0,88.5,11.1
20111012013900,0.0,0.0,0.0,0.0,0.2,0.0,98.8,0.9
20111012014000,0.0,0.0,0.0,0.0,0.0,0.0,97.8,2.2
20111012014100,0.0,0.0,0.0,0.0,1.0,0.0,96.8,2.1
20111012014200,0.0,0.0,0.0,0.0,2.6,0.0,71.7,25.7
20111012014300,0.0,0.0,0.0,0.0,0.0,0.0,95.1,4.9
20111012014400,0.0,0.0,0.0,0.0,0.1,0.0,63.1,36.8
20111012014500,0.0,0.0,0.0,0.0,0.0,0.0,95.7,4.3
20111012014600,0.0,0.0,0.0,0.0,0.0,0.0,99.2,0.8
20111012014700,0.0,0.0,0.0,0.0,0.1,0.0,70.8,29.1
20111012014800,0.0,0.0,0.0,0.0,0.0,0.0,9.2,90.8
20111012014900,0.0,0.0,0.0,0.0,0.0,0.0,8.2,91.8
20111012015000,0.0,0.0,0.0,0.0,0.0,0.0,48.3,51.7
20111012015100,0.0,0.0,0.0,0.0,0.0,0.0,80.0,20.0
20111012015200,0.0,0.0,0.0,0.0,0.0,0.0,18.8,81.1
20111012015300,0.0,0.0,0.0,0.0,0.0,0.0,96.7,3.3
20111012015400,0.0,0.0,0.0,0.0,0.0,0.0,100.0,0.0
20111012015500,0.0,0.0,0.0,0.0,0.0,0.0,99.9,0.1
20111012015600,0.0,0.0,0.0,0.0,0.0,0.0,99.9,0.1
20111012015700,0.0,0.0,0.0,0.0,0.0,0.0,99.2,0.8
20111012015800,0.0,0.0,0.0,0.0,0.0,0.0,100.0,0.0
20111012015900,0.0,0.0,0.0,0.0,0.0,0.0,90.3,9.7
20111012020000,0.0,0.0,0.0,0.0,0.0,0.0,97.8,2.2
20111012020100,0.0,0.0,0.0,0.0,0.0,0.0,95.3,4.7
20111012020200,0.0,0.0,0.0,0.0,0.1,0.0,93.7,6.3
20111012020300,0.0,0.0,0.0,0.0,0.0,0.0,97.0,3.0
20111012020400,0.0,0.0,0.0,0.0,0.0,0.0,95.3,4.7
20111012020500,0.0,0.0,0.0,0.0,0.1,0.0,92.1,7.8
20111012020600,0.0,0.0,0.0,0.0,6.0,0.0,67.8,26.2
20111012020700,0.0,0.0,0.0,0.0,2.5,0.0,77.7,19.8
20111012020800,0.0,0.0,0.0,0.0,0.4,0.0,92.0,7.6
20111012020900,0.0,0.0,0.0,0.0,0.0,0.0,96.9,3.1
20111012021000,0.0,0.0,0.0,0.0,0.3,0.0,90.0,9.6
20111012021100,0.0,0.0,0.0,0.0,0.0,0.0,99.6,0.4
20111012021200,0.0,0.0,0.0,0.0,0.2,0.0,88.4,11.3
20111012021300,0.0,0.0,0.0,0.0,0.0,0.0,98.3,1.7
20111012021400,0.0,0.0,0.0,0.2,0.0,0.0,85.2,14.6
20111012021500,0.0,0.0,0.0,0.1,0.6,0.0,63.3,36.0
20111012021600,0.0,0.0,0.0,0.0,0.1,0.0,5.8,94.2
20111012021700,0.0,0.0,0.0,0.1,0.2,0.0,23.7,76.0
20111012021800,0.0,0.0,0.0,0.0,0.1,0.0,90.1,9.8
20111012021900,0.0,0.0,0.0,0.0,0.0,0.0,68.0,32.0
20111012022000,0.0,0.0,0.0,0.0,0.0,0.0,9.6,90.4
20111012022100,0.0,0.0,0.0,0.0,0.1,0.0,2.1,97.8
20111012022200,0.0,0.0,0.0,0.0,0.1,0.0,53.3,46.6
20111012022300,0.0,0.0,0.0,0.0,0.0,0.0,6.6,93.4
20111012022400,0.0,0.0,0.0,0.0,0.0,0.0,7.6,92.4
20111012022500,0.0,0.0,0.0,0.0,0.2,0.0,14.4,85.4
20111012022600,0.0,0.0,0.0,0.0,0.0,0.0,55.5,44.5
20111012022700,0.0,0.0,0.0,0.0,0.0,0.0,38.6,61.4
20111012022800,0.0,0.0,0.0,0.0,0.2,0.0,46.4,53.4
20111012022900,0.0,0.0,0.0,0.0,0.2,0.0,69.2,30.6
20111012023000,0.0,0.0,0.0,0.0,0.0,0.0,20.5,79.5
20111012023100,0.0,0.0,0.0,0.0,0.0,0.0,14.2,85.8
20111012023200,0.0,0.0,0.0,0.0,0.0,0.0,12.1,87.9
20111012023300,0.0,0.0,0.0,0.0,0.0,0.0,50.2,49.8
20111012023400,0.0,0.0,0.0,0.0,0.0,0.0,21.7,78.3
20111012023500,0.0,0.0,0.0,0.0,0.5,0.0,68.8,30.7
20111012023600,0.0,0.0,0.0,0.0,0.0,0.0,33.5,66.5
20111012023700,0.0,0.0,0.0,0.0,0.1,0.0,44.7,55.1
20111012023800,0.0,0.0,0.0,0.0,0.0,0.0,1.8,98.1
20111012023900,0.0,0.0,0.0,0.0,0.0,0.0,2.7,97.3
20111012024000,0.0,0.0,0.0,0.0,0.0,0.0,20.3,79.7
20111012024100,0.0,0.0,0.0,0.0,0.0,0.0,1.4,98.6
20111012024200,0.0,0.0,0.0,0.0,0.0,0.0,0.5,99.5
20111012024300,0.0,0.0,0.0,0.0,0.0,0.0,19.4,80.6
20111012024400,0.0,0.0,0.0,0.0,0.7,0.0,68.0,31.3
20111012024500,0.0,0.0,0.0,0.0,0.1,0.0,75.4,24.5
20111012024600,0.0,0.0,0.0,0.0,0.0,0.0,35.6,64.4
20111012024700,0.0,0.0,0.0,0.0,0.0,0.0,98.2,1.8
20111012024800,0.0,0.0,0.0,0.0,0.0,0.0,99.7,0.3
20111012024900,0.0,0.0,0.0,0.0,0.0,0.0,96.0,4.0
20111012025000,0.0,0.0,0.0,0.0,0.0,0.0,79.2,20.8
20111012025100,0.0,0.0,0.0,0.0,0.0,0.0,98.1,1.9
20111012025200,0.0,0.0,0.0,0.0,0.0,0.0,80.8,19.2
20111012025300,0.0,0.0,0.0,0.0,0.0,0.0,77.1,22.9
20111012025400,0.0,0.0,0.0,0.0,0.0,0.0,78.7,21.3
20111012025500,0.0,0.0,0.0,0.0,0.0,0.0,98.4,1.6
20111012025600,0.0,0.0,0.0,0.0,0.0,0.0,99.3,0.7
20111012025700,0.0,0.0,0.0,0.0,0.0,0.0,99.9,0.1
20111012025800,0.0,0.0,0.0,0.0,0.0,0.0,100.0,0.0
20111012025900,0.0,0.0,0.0,0.0,0.0,0.0,99.8,0.2
20111012030000,0.0,0.0,0.0,0.0,0.0,0.0,87.3,12.7
20111012030100,0.0,0.0,0.0,0.0,0.0,0.0,71.8,28.2
20111012030200,0.0,0.0,0.0,0.0,0.0,0.0,96.2,3.8
20111012030300,0.0,0.0,0.0,0.0,0.0,0.0,24.9,75.1
20111012030400,0.0,0.0,0.0,0.0,0.0,0.0,17.6,82.4
20111012030500,0.0,0.0,0.0,0.0,0.0,0.0,3.5,96.5
20111012030600,0.0,0.0,0.0,0.0,0.0,0.0,4.0,96.0
20111012030700,0.0,0.0,0.0,0.0,0.0,0.0,2.1,97.9
20111012030800,0.0,0.0,0.0,0.0,0.0,0.0,3.9,96.1
20111012030900,0.0,0.0,0.0,0.0,0.0,0.0,1.0,99.0
20111012031000,0.0,0.0,0.0,0.0,0.0,0.0,34.1,65.9
20111012031100,0.0,0.0,0.0,0.0,0.0,0.0,24.9,75.1
20111012031200,0.0,0.0,0.0,0.0,0.0,0.0,0.3,99.7
20111012031300,0.0,0.0,0.0,0.0,0.0,0.0,0.2,99.8
20111012031400,0.0,0.0,0.0,0.0,0.0,0.0,0.7,99.3
20111012031500,0.0,0.0,0.0,0.0,0.0,0.0,7.5,92.5
20111012031600,0.0,0.0,0.0,0.0,0.0,0.0,0.6,99.4
20111012031700,0.0,0.0,0.0,0.0,0.0,0.0,0.0,100.0
20111012031800,0.0,0.0,0.0,0.0,0.0,0.0,0.0,100.0
20111012031900,0.0,0.0,0.0,0.0,0.0,0.0,0.0,100.0
20111012032000,0.0,0.0,0.0,0.0,0.0,0.0,0.0,100.0
20111012032100,0.0,0.0,0.0,0.0,0.0,0.0,0.0,100.0
20111012032200,0.0,0.0,0.0,0.0,0.0,0.0,0.0,100.0
20111012032300,0.0,0.0,0.0,0.0,0.0,0.0,0.0,100.0
20111012032400,0.0,0.0,0.0,0.0,0.0,0.0,0.0,100.0
20111012032500,0.0,0.0,0.0,0.0,0.0,0.0,0.0,100.0
20111012032600,0.0,0.0,0.0,0.0,0.0,0.0,0.0,100.0
20111012032700,0.0,0.0,0.0,0.0,0.0,0.0,0.0,100.0
20111012032800,0.0,0.0,0.0,0.0,0.0,0.0,0.0,100.0
20111012032900,0.0,0.0,0.0,0.0,0.0,0.0,0.0,100.0
20111012033000,0.0,0.0,0.0,0.0,0.0,0.0,0.0,100.0
20111012033100,0.0,0.0,0.0,0.0,0.0,0.0,0.0,100.0
20111012033200,0.0,0.0,0.0,0.0,0.0,0.0,0.0,100.0
20111012033300,0.0,0.0,0.0,0.0,0.0,0.0,0.0,100.0
20111012033400,0.0,0.0,0.0,0.0,0.0,0.0,0.0,100.0
20111012033500,0.0,0.0,0.0,0.0,0.0,0.0,0.0,100.0
20111012033600,0.0,0.0,0.0,0.0,0.0,0.0,0.0,100.0
20111012033700,0.0,0.0,0.0,0.0,0.0,0.0,0.0,100.0
20111012033800,0.0,0.0,0.0,0.0,0.0,0.0,0.0,100.0
20111012033900,0.0,0.0,0.0,0.0,0.0,0.0,0.0,100.0
20111012034000,0.0,0.0,0.0,0.0,0.0,0.0,2.9,97.1
20111012034100,0.0,0.0,0.0,0.0,0.0,0.0,0.0,100.0
20111012034200,0.0,0.0,0.0,0.0,0.0,0.0,0.0,100.0
20111012034300,0.0,0.0,0.0,0.0,0.0,0.0,0.0,100.0
20111012034400,0.0,0.0,0.0,0.0,0.0,0.0,0.0,100.0
20111012034500,0.0,0.0,0.0,0.0,0.0,0.0,0.0,100.0
20111012034600,0.0,0.0,0.0,0.0,0.0,0.0,0.0,100.0
20111012034700,0.0,0.0,0.0,0.0,0.0,0.0,0.0,100.0
20111012034800,0.0,0.0,0.0,0.0,0.0,0.0,0.0,100.0
20111012034900,0.0,0.0,0.0,0.0,0.0,0.0,0.0,100.0
20111012035000,0.0,0.0,0.0,0.0,0.0,0.0,0.0,100.0
20111012035100,0.0,0.0,0.0,0.0,0.0,0.0,0.0,100.0
20111012035200,0.0,0.0,0.0,0.0,0.0,0.0,0.0,100.0
20111012035300,0.0,0.0,0.0,0.0,0.0,0.0,0.0,100.0
20111012035400,0.0,0.0,0.0,0.0,0.0,0.0,0.0,100.0
