UT,arc,discrete,diffuse,ac,ab,clear,cloudy,dd
20110917064001,1.2,0.1,0.4,4.3,0.8,7.2,44.8,41.3
20110917064301,1.2,0.1,0.4,4.3,0.8,7.2,44.8,41.3
20110917064601,1.2,0.1,0.4,4.3,0.8,7.2,44.8,41.3
20110917064901,1.2,0.1,0.4,4.3,0.8,7.2,44.8,41.3
20110917065201,1.2,0.1,0.4,4.3,0.8,7.2,44.8,41.3
20110917065501,1.2,0.1,0.4,4.3,0.8,7.2,44.8,41.3
20110917065801,1.2,0.1,0.4,4.3,0.8,7.2,44.8,41.3
20110917073000,1.2,0.1,0.4,4.3,0.8,7.2,44.8,41.3
20110917073300,1.2,0.1,0.4,4.3,0.8,7.2,44.8,41.3
20110917073600,1.2,0.1,0.4,4.3,0.8,7.2,44.8,41.3
20110917073900,1.2,0.1,0.4,4.3,0.8,7.2,44.8,41.3
20110917074200,1.2,0.1,0.4,4.3,0.8,7.2,44.8,41.3
20110917074500,1.2,0.1,0.4,4.3,0.8,7.2,44.8,41.3
20110917074800,1.2,0.1,0.4,4.3,0.8,7.2,44.8,41.3
20110917082000,1.2,0.1,0.4,4.3,0.8,7.2,44.8,41.3
20110917082300,1.2,0.1,0.4,4.3,0.8,7.2,44.8,41.3
20110917082600,1.2,0.1,0.4,4.3,0.8,7.2,44.8,41.3
20110917082900,1.2,0.1,0.4,4.3,0.8,7.2,44.8,41.3
20110917083200,1.2,0.1,0.4,4.3,0.8,7.2,44.8,41.3
20110917083500,1.2,0.1,0.4,4.5,0.8,7.0,45.8,40.2
20110917083800,1.2,0.1,0.4,4.3,0.8,7.2,44.8,41.3
20110917092000,1.2,0.1,0.4,4.3,0.8,7.2,44.8,41.3
20110917092300,1.3,0.1,0.5,6.2,0.7,6.4,44.1,40.7
20110917092600,1.2,0.1,0.4,4.3,0.8,7.2,44.8,41.3
20110917092900,1.2,0.1,0.4,4.3,0.8,7.2,44.8,41.3
20110917093200,1.2,0.1,0.4,4.3,0.8,7.2,44.8,41.3
20110917093500,1.2,0.1,0.4,4.3,0.8,7.2,44.8,41.3
20110917093800,1.2,0.1,0.4,4.3,0.8,7.2,44.8,41.3
20110917095000,1.2,0.1,0.4,4.3,0.8,7.2,44.8,41.3
20110917095300,1.2,0.1,0.4,4.3,0.8,7.2,44.8,41.3
20110917095600,1.2,0.1,0.4,4.3,0.8,7.2,44.8,41.3
20110917095900,1.2,0.1,0.4,4.3,0.8,7.2,44.8,41.3
20110917100200,1.2,0.1,0.4,4.3,0.8,7.2,44.8,41.3
20110917100500,1.2,0.1,0.4,4.3,0.8,7.2,44.8,41.3
20110917100800,1.2,0.1,0.4,4.3,0.8,7.2,44.8,41.3
20110917103000,1.2,0.1,0.4,4.3,0.8,7.2,44.8,41.3
20110917103300,1.9,0.1,0.6,10.2,0.9,5.6,48.2,32.6
20110917103600,2.3,0.1,0.6,8.9,1.0,7.3,42.3,37.4
20110917103900,2.4,0.1,0.6,9.2,1.0,7.4,42.5,36.9
20110917104200,1.8,0.1,0.5,5.7,0.9,6.9,43.4,40.7
20110917104500,1.2,0.1,0.4,4.3,0.8,7.2,44.8,41.3
20110917104800,1.2,0.1,0.4,4.3,0.8,7.2,44.8,41.3
20110917113000,1.2,0.1,0.4,4.3,0.8,7.2,44.8,41.3
20110917113300,1.2,0.1,0.4,4.3,0.8,7.2,44.8,41.3
20110917113600,1.2,0.1,0.4,4.3,0.8,7.2,44.8,41.3
20110917113900,1.2,0.1,0.4,4.3,0.8,7.2,44.8,41.3
20110917114200,1.2,0.1,0.4,4.3,0.8,7.2,44.8,41.3
20110917114500,1.2,0.1,0.4,4.3,0.8,7.2,44.8,41.3
20110917114800,1.2,0.1,0.4,4.3,0.8,7.2,44.8,41.3
20110917120500,1.2,0.1,0.4,4.3,0.8,7.2,44.8,41.3
20110917120800,1.2,0.1,0.4,4.3,0.8,7.2,44.8,41.3
20110917121100,1.2,0.1,0.4,4.3,0.8,7.2,44.8,41.3
20110917121400,1.2,0.1,0.4,4.3,0.8,7.2,44.8,41.3
20110917121700,1.2,0.1,0.4,4.3,0.8,7.2,44.8,41.3
20110917122000,1.2,0.1,0.4,4.3,0.8,7.2,44.8,41.3
20110917122300,1.2,0.1,0.4,4.3,0.8,7.2,44.8,41.3
20110917190200,0.0,0.0,0.0,0.0,0.0,0.0,0.0,100.0
20110917190500,0.0,0.0,0.0,0.0,0.0,0.0,0.0,100.0
20110917190800,0.0,0.0,0.0,0.0,0.0,0.0,0.0,100.0
20110917191100,0.0,0.0,0.0,0.0,0.0,0.0,0.0,100.0
20110917191400,0.0,0.0,0.0,0.0,0.0,0.0,0.0,100.0
20110917191700,0.0,0.0,0.0,0.0,0.0,0.0,0.0,100.0
20110917192000,0.0,0.0,0.0,0.0,0.0,0.0,0.0,100.0
20110917192300,0.0,0.0,0.0,0.0,0.0,0.0,0.0,100.0
20110917192600,0.0,0.0,0.0,0.0,0.0,0.0,2.3,97.6
20110917192900,0.0,0.0,0.0,0.1,0.0,0.0,0.4,99.5
20110917193200,0.0,0.0,0.0,0.4,0.0,0.1,37.0,62.5
20110917193500,0.1,0.0,0.0,8.3,0.0,0.0,60.5,31.1
20110917193800,0.1,0.0,0.0,2.5,0.0,0.0,87.7,9.6
20110917194100,0.0,0.0,0.0,0.3,0.0,0.0,99.4,0.3
20110917194400,0.0,0.0,0.0,0.0,0.0,0.0,100.0,0.0
20110917194700,0.0,0.0,0.0,0.0,0.0,0.0,100.0,0.0
20110917195000,0.0,0.0,0.0,0.0,0.0,0.0,100.0,0.0
20110917195300,0.0,0.0,0.0,0.0,0.0,0.0,100.0,0.0
20110917195600,0.0,0.0,0.0,0.0,0.0,0.0,100.0,0.0
20110917195900,0.0,0.0,0.0,0.0,0.0,0.0,99.1,0.9
20110917200200,0.0,0.0,0.0,0.0,0.0,0.0,100.0,0.0
20110917200500,0.0,0.0,0.0,0.0,0.0,0.0,100.0,0.0
20110917200800,0.0,0.0,0.0,0.0,0.0,0.0,100.0,0.0
20110917201100,0.0,0.0,0.0,0.0,0.0,0.0,100.0,0.0
20110917201400,0.0,0.0,0.0,0.0,0.0,0.0,99.9,0.0
20110917201700,0.0,0.0,0.0,0.6,0.0,0.0,99.4,0.0
20110917202000,0.0,0.0,0.0,1.1,0.0,0.0,98.9,0.0
20110917202300,0.0,0.0,0.0,0.1,0.0,0.0,99.9,0.1
20110917202600,0.0,0.0,0.0,0.0,0.0,0.0,99.9,0.0
20110917202900,0.0,0.0,0.0,0.1,0.0,0.0,99.9,0.0
20110917203200,0.0,0.0,0.0,0.6,0.6,0.0,98.5,0.3
20110917203500,0.0,0.0,0.0,0.1,0.0,0.0,99.8,0.0
20110917203800,0.0,0.0,0.0,0.4,0.0,0.0,99.5,0.1
20110917204100,0.0,0.0,0.0,0.0,0.0,0.0,99.9,0.0
20110917204400,0.0,0.0,0.0,0.1,0.0,0.0,99.9,0.0
20110917204700,0.0,0.0,0.0,0.1,0.0,0.0,99.9,0.1
20110917205000,0.0,0.0,0.0,0.3,0.0,0.0,99.7,0.1
20110917205300,0.0,0.0,0.0,0.0,0.0,0.0,99.9,0.0
20110917205600,0.0,0.0,0.0,0.1,0.0,0.0,99.8,0.1
20110917205900,0.0,0.0,0.0,0.0,0.0,0.0,100.0,0.0
20110917210200,0.0,0.0,0.0,0.4,0.0,0.0,99.4,0.2
20110917210500,0.0,0.0,0.0,9.8,0.7,0.0,20.2,69.2
20110917210800,0.0,0.0,0.0,0.2,0.0,0.0,99.7,0.0
20110917211100,0.0,0.0,0.0,0.0,0.0,0.0,100.0,0.0
20110917211400,0.0,0.0,0.0,0.3,0.0,0.0,99.7,0.0
20110917211700,0.0,0.0,0.0,0.0,0.0,0.0,100.0,0.0
20110917212000,0.0,0.0,0.0,0.2,0.0,0.0,99.7,0.0
20110917212300,0.0,0.0,0.0,0.1,0.0,0.0,99.9,0.0
20110917212600,0.0,0.0,0.0,0.0,0.0,0.0,99.9,0.0
20110917212900,0.0,0.0,0.0,0.0,0.0,0.0,100.0,0.0
20110917213200,0.0,0.0,0.0,3.0,0.0,0.0,96.5,0.4
20110917213500,0.0,0.0,0.0,0.2,0.0,0.0,99.8,0.0
20110917213800,0.0,0.0,0.0,0.0,0.0,0.0,100.0,0.0
20110917214100,0.0,0.0,0.0,0.1,0.0,0.0,99.9,0.0
20110917214400,0.0,0.0,0.0,0.1,0.0,0.0,99.9,0.0
20110917214700,0.0,0.0,0.0,0.1,0.0,0.0,99.9,0.0
20110917215000,0.0,0.0,0.0,0.0,0.0,0.0,100.0,0.0
20110917215300,0.0,0.0,0.0,0.3,0.0,0.0,99.7,0.0
20110917215600,0.0,0.0,0.0,0.1,0.0,0.0,99.9,0.0
20110917215900,0.0,0.0,0.0,0.1,0.0,0.0,99.9,0.0
20110917220200,0.0,0.0,0.0,0.1,0.0,0.0,99.8,0.0
20110917220500,0.0,0.0,0.0,0.4,0.0,0.0,99.6,0.0
20110917220800,0.0,0.0,0.0,0.3,0.0,0.0,99.6,0.0
20110917221100,0.0,0.0,0.0,1.1,0.0,0.0,98.7,0.2
20110917221400,0.0,0.0,0.0,0.2,0.0,0.0,99.8,0.0
20110917221700,0.0,0.0,0.0,0.1,0.0,0.0,99.9,0.0
20110917222000,0.0,0.0,0.0,0.1,0.0,0.0,99.9,0.0
20110917222300,0.0,0.0,0.0,0.1,0.0,0.0,99.9,0.0
20110917222600,0.0,0.0,0.0,0.0,0.0,0.0,100.0,0.0
20110917222900,0.0,0.0,0.0,0.4,0.0,0.0,99.6,0.1
20110917223200,0.0,0.0,0.0,0.0,0.0,0.0,99.9,0.0
20110917223500,0.0,0.0,0.0,0.1,0.0,0.0,99.9,0.0
20110917223800,0.0,0.0,0.0,0.1,0.0,0.0,99.8,0.1
20110917224100,0.0,0.0,0.0,0.0,0.0,0.0,100.0,0.0
20110917224400,0.0,0.0,0.0,0.2,0.0,0.0,99.8,0.0
20110917224700,0.0,0.0,0.0,0.1,0.0,0.0,99.9,0.0
20110917225000,0.0,0.0,0.0,0.0,0.0,0.0,100.0,0.0
20110917225300,0.0,0.0,0.0,0.6,0.0,0.0,99.2,0.2
20110917225600,0.0,0.0,0.0,0.0,0.0,0.0,99.9,0.0
20110917225900,0.0,0.0,0.0,0.0,0.0,0.0,99.9,0.0
20110917230200,0.0,0.0,0.0,0.5,0.0,0.0,99.4,0.0
20110917230500,0.0,0.0,0.0,0.2,0.0,0.0,99.7,0.1
20110917230800,0.0,0.0,0.0,0.1,0.0,0.1,99.9,0.0
20110917231100,0.0,0.0,0.0,0.1,0.0,0.0,99.8,0.0
20110917231400,0.0,0.0,0.0,0.1,0.0,0.0,99.8,0.0
20110917231700,0.0,0.0,0.0,0.0,0.0,0.0,100.0,0.0
20110917232000,0.0,0.0,0.0,0.0,0.0,0.0,100.0,0.0
20110917232300,0.0,0.0,0.0,0.0,0.0,0.0,100.0,0.0
20110917232600,0.0,0.0,0.0,1.6,0.0,0.0,98.4,0.0
20110917232900,0.0,0.0,0.0,0.1,0.0,0.0,99.9,0.0
20110917233200,0.0,0.0,0.0,0.1,0.0,0.0,99.9,0.0
20110917233500,0.0,0.0,0.0,0.1,0.0,0.0,99.9,0.0
20110917233800,0.0,0.0,0.0,0.0,0.0,0.0,100.0,0.0
20110917234100,0.0,0.0,0.0,0.0,0.0,0.0,100.0,0.0
20110917234400,0.0,0.0,0.0,0.0,0.0,0.0,100.0,0.0
20110917234700,0.0,0.0,0.0,0.0,0.0,0.0,100.0,0.0
20110917235000,0.0,0.0,0.0,0.3,0.0,0.0,99.6,0.1
20110917235300,0.0,0.0,0.0,0.3,0.0,0.1,99.1,0.6
20110917235600,0.0,0.0,0.0,0.1,0.0,0.0,99.8,0.0
20110917235900,0.0,0.0,0.0,1.0,0.0,0.0,98.8,0.2
20110918000200,0.0,0.0,0.0,1.4,0.0,0.1,97.0,1.4
20110918000500,0.0,0.0,0.0,3.7,0.0,0.0,93.0,3.2
20110918000800,0.0,0.0,0.1,8.3,0.1,0.0,87.3,4.1
20110918001100,0.0,0.0,0.1,2.1,0.1,0.0,94.7,3.1
20110918001400,0.0,0.0,0.1,8.3,0.1,0.0,62.5,29.0
20110918001700,0.0,0.0,0.0,6.8,0.2,0.0,73.7,19.3
20110918002000,0.0,0.0,0.0,3.7,0.0,0.0,65.2,31.0
20110918002300,0.0,0.0,0.0,2.2,0.0,0.0,74.9,22.9
20110918002600,0.0,0.0,0.0,0.7,0.0,0.0,91.6,7.7
20110918002900,0.0,0.0,0.0,0.4,0.0,0.0,98.6,0.9
20110918003200,0.0,0.0,0.0,0.0,0.0,0.0,99.9,0.0
20110918003500,0.0,0.0,0.1,1.9,0.0,0.0,93.1,4.8
20110918003800,0.0,0.0,0.0,0.1,0.0,0.0,99.8,0.2
20110918004100,0.0,0.0,0.0,0.5,0.0,0.0,98.0,1.5
20110918004400,0.0,0.0,0.0,0.3,0.0,0.0,82.5,17.2
20110918004700,0.0,0.0,0.0,0.1,0.0,0.0,94.3,5.6
20110918005000,0.0,0.0,0.0,0.3,0.0,0.0,96.7,2.9
20110918005300,0.0,0.0,0.0,0.1,0.0,0.0,99.2,0.7
20110918005600,0.0,0.0,0.0,1.6,0.0,0.0,89.6,8.8
20110918005900,0.0,0.0,0.0,0.0,0.0,0.0,100.0,0.0
20110918010200,0.0,0.0,0.0,0.0,0.0,0.0,99.7,0.3
20110918010500,0.0,0.0,0.0,0.0,0.0,0.0,100.0,0.0
20110918010800,0.0,0.0,0.0,0.0,0.0,0.0,100.0,0.0
20110918011100,0.0,0.0,0.0,0.0,0.0,0.0,99.9,0.1
20110918011400,0.0,0.0,0.0,0.0,0.0,0.0,100.0,0.0
20110918011700,0.0,0.0,0.0,0.1,0.0,0.0,99.9,0.0
20110918012000,0.0,0.0,0.0,0.2,0.0,0.0,99.8,0.0
20110918012300,0.0,0.0,0.0,0.0,0.0,0.0,100.0,0.0
20110918012600,0.0,0.0,0.0,0.6,0.0,0.0,99.4,0.0
20110918012900,0.0,0.0,0.0,0.3,0.0,0.0,99.7,0.0
20110918013200,0.0,0.0,0.0,0.1,0.0,0.0,99.9,0.0
20110918013500,0.0,0.0,0.0,0.2,0.0,0.0,99.8,0.0
20110918013800,0.0,0.0,0.0,0.2,0.0,0.0,99.8,0.0
20110918014100,0.0,0.0,0.0,0.3,0.0,0.0,99.7,0.0
20110918014400,0.0,0.0,0.0,0.9,0.0,0.0,98.9,0.1
20110918014700,0.0,0.0,0.0,0.4,0.0,0.0,99.2,0.3
20110918015000,0.0,0.0,0.0,0.1,0.0,0.0,95.2,4.7
20110918015300,0.0,0.0,0.0,0.2,0.0,0.0,77.3,22.4
20110918015600,0.0,0.0,0.0,0.0,0.0,0.0,3.7,96.2
20110918015900,0.0,0.0,0.0,0.0,0.0,0.0,0.4,99.6
20110918020200,0.0,0.0,0.0,0.0,0.0,0.0,0.0,100.0
20110918020500,0.0,0.0,0.0,0.0,0.0,0.0,0.0,100.0
20110918020800,0.0,0.0,0.0,0.0,0.0,0.0,0.0,100.0
20110918021100,0.0,0.0,0.0,0.0,0.0,0.0,0.0,100.0
20110918021400,0.0,0.0,0.0,0.0,0.0,0.0,0.0,100.0
