UT,arc,discrete,diffuse,ac,ab,clear,cloudy,dd
20111104153500,0.0,0.0,0.0,0.0,0.0,0.0,0.0,100.0
20111104153600,0.0,0.0,0.0,0.0,0.0,0.0,0.0,100.0
20111104153700,0.0,0.0,0.0,0.0,0.0,0.0,0.0,100.0
20111104153800,0.0,0.0,0.0,0.0,0.0,0.0,0.0,100.0
20111104153900,0.0,0.0,0.0,0.0,0.0,0.0,0.0,100.0
20111104154000,0.0,0.0,0.0,0.0,0.0,0.0,0.0,100.0
20111104154100,0.0,0.0,0.0,0.0,0.0,0.0,0.0,100.0
20111104154200,0.0,0.0,0.0,0.0,0.0,0.0,0.0,100.0
20111104154300,0.0,0.0,0.0,0.0,0.0,0.0,0.0,100.0
20111104154400,0.0,0.0,0.0,0.0,0.0,0.0,0.0,100.0
20111104154500,0.0,0.0,0.0,0.0,0.0,0.0,0.0,100.0
20111104154600,0.0,0.0,0.0,0.0,0.0,0.0,0.0,100.0
20111104154700,0.0,0.0,0.0,0.0,0.0,0.0,0.0,100.0
20111104154800,0.0,0.0,0.0,0.0,0.0,0.0,0.0,100.0
20111104154900,0.0,0.0,0.0,0.0,0.0,0.0,0.0,100.0
20111104155000,0.0,0.0,0.0,0.0,0.0,0.0,0.0,100.0
20111104155100,0.0,0.0,0.0,0.0,0.0,0.0,0.0,100.0
20111104155200,0.0,0.0,0.0,0.0,0.0,0.0,0.0,100.0
20111104155300,0.0,0.0,0.0,0.0,0.0,0.0,0.0,100.0
20111104155400,0.0,0.0,0.0,0.0,0.0,0.0,0.0,100.0
20111104155500,0.0,0.0,0.0,0.0,0.0,0.0,0.0,100.0
20111104155600,0.0,0.0,0.0,0.0,0.0,0.0,0.0,100.0
20111104155700,0.0,0.0,0.0,0.0,0.0,0.0,0.0,100.0
20111104155800,0.0,0.0,0.0,0.0,0.0,0.0,0.0,100.0
20111104155900,0.0,0.0,0.0,0.0,0.0,0.0,0.0,100.0
20111104160000,0.0,0.0,0.0,0.0,0.0,0.0,0.0,100.0
20111104160100,0.0,0.0,0.0,0.0,0.0,0.0,0.0,100.0
20111104160200,0.0,0.0,0.0,0.0,0.0,0.0,0.0,100.0
20111104160300,0.0,0.0,0.0,0.0,0.0,0.0,0.0,100.0
20111104160400,0.0,0.0,0.0,0.0,0.0,0.0,0.0,100.0
20111104160500,0.0,0.0,0.0,0.0,0.0,0.0,0.0,100.0
20111104160600,0.0,0.0,0.0,0.0,0.0,0.0,0.1,99.9
20111104160700,0.0,0.0,0.0,0.0,0.0,0.0,0.0,100.0
20111104160800,0.0,0.0,0.0,0.0,0.0,0.0,0.1,99.9
20111104160900,0.0,0.0,0.0,0.0,0.0,0.0,0.0,100.0
20111104161000,0.0,0.0,0.0,0.0,0.0,0.0,0.1,99.9
20111104161100,0.0,0.0,0.0,0.0,0.0,0.0,0.1,99.9
20111104161200,0.0,0.0,0.0,0.0,0.0,0.0,2.2,97.8
20111104161300,0.0,0.0,0.0,0.0,0.0,0.0,0.8,99.2
20111104161400,0.0,0.0,0.0,0.0,0.0,0.0,0.8,99.1
20111104161500,0.0,0.0,0.0,0.0,0.0,0.0,0.5,99.5
20111104161600,0.0,0.0,0.0,0.0,0.1,0.0,5.0,95.0
20111104161700,0.0,0.0,0.0,0.0,0.1,0.0,5.6,94.2
20111104161800,0.0,0.0,0.0,0.0,0.1,0.0,16.7,83.2
20111104161900,0.0,0.0,0.0,0.0,0.1,0.0,54.3,45.6
20111104162000,0.0,0.2,0.0,0.0,0.2,0.0,21.7,77.8
20111104162100,0.0,0.1,0.0,0.0,0.6,0.0,20.0,79.3
20111104162200,0.0,0.1,0.0,0.0,0.3,0.0,90.1,9.5
20111104162300,0.0,0.0,0.0,0.0,0.1,0.0,69.8,30.0
20111104162400,0.0,1.8,0.0,0.0,0.4,0.0,23.4,74.4
20111104162500,0.0,0.8,0.0,0.0,3.1,0.0,48.4,47.6
20111104162600,0.0,0.3,0.0,0.0,0.7,0.0,35.6,63.4
20111104162700,0.0,0.0,0.0,0.0,0.2,0.0,50.1,49.7
20111104162800,0.0,0.1,0.0,0.0,0.0,0.0,59.8,40.1
20111104162900,0.0,0.0,0.0,0.0,0.1,0.0,93.5,6.4
20111104163000,0.0,0.0,0.0,0.0,0.1,0.0,94.9,5.0
20111104163100,0.0,0.0,0.0,0.0,0.8,0.0,97.0,2.2
20111104163200,0.0,0.0,0.0,0.0,0.8,0.0,84.0,15.2
20111104163300,0.0,0.0,0.0,0.0,0.1,0.0,98.9,1.0
20111104163400,0.0,0.2,0.0,0.0,4.9,0.0,88.5,6.4
20111104163500,0.0,0.2,0.0,0.0,0.9,0.1,88.4,10.5
20111104163600,0.0,0.2,0.0,0.0,2.4,0.0,93.0,4.4
20111104163700,0.0,0.0,0.0,0.0,0.1,0.0,99.7,0.2
20111104163800,0.0,0.0,0.0,0.0,0.7,0.0,97.2,2.1
20111104163900,0.0,0.3,0.0,0.0,7.3,0.0,78.7,13.7
20111104164000,0.0,0.1,0.0,0.0,1.0,0.0,98.3,0.6
20111104164100,0.0,0.1,0.0,0.0,3.0,0.0,93.0,3.9
20111104164200,0.0,0.1,0.0,0.0,0.3,0.0,98.8,0.8
20111104164300,0.0,0.0,0.0,0.0,0.8,0.0,97.4,1.8
20111104164400,0.0,0.2,0.0,0.0,6.2,0.0,83.7,9.8
20111104164500,0.0,0.1,0.0,0.0,0.7,0.0,90.4,8.8
20111104164600,0.0,0.4,0.0,0.0,1.7,0.0,88.4,9.6
20111104164700,0.0,0.1,0.0,0.0,0.2,0.0,94.5,5.2
20111104164800,0.0,0.3,0.0,0.0,0.6,0.0,92.6,6.5
20111104164900,0.0,1.2,0.0,0.1,3.2,0.0,91.0,4.5
20111104165000,0.0,2.2,0.0,0.0,0.9,0.0,84.4,12.6
20111104165100,0.0,0.1,0.0,0.0,0.2,0.1,91.5,8.2
20111104165200,0.0,0.4,0.0,0.0,1.2,0.0,91.3,7.0
20111104165300,0.0,0.6,0.1,0.0,4.8,0.1,41.9,52.5
20111104165400,0.0,0.1,0.0,0.0,0.4,0.0,46.1,53.3
20111104165500,0.0,0.2,0.1,0.0,0.3,0.1,97.8,1.5
20111104165600,0.0,1.0,0.3,0.1,7.6,0.3,82.1,8.5
20111104165700,0.0,0.4,0.1,0.1,6.3,0.1,90.4,2.7
20111104165800,0.0,0.5,0.0,0.0,1.4,0.0,55.1,43.0
20111104165900,0.1,1.2,0.1,0.0,0.4,0.4,94.1,3.7
20111104170000,0.0,0.0,0.0,0.0,0.0,0.1,98.8,1.1
20111104170100,0.0,0.0,0.0,0.0,0.2,0.0,97.6,2.1
20111104170200,0.0,0.0,0.0,0.0,0.0,0.0,99.4,0.5
20111104170300,0.0,0.0,0.0,0.0,0.1,0.0,99.5,0.3
20111104170400,0.0,0.1,0.1,0.0,0.3,0.0,99.2,0.2
20111104170500,0.0,0.4,0.1,0.0,6.7,0.0,91.3,1.4
20111104170600,0.0,0.6,0.0,0.0,4.0,0.0,82.3,13.0
20111104170700,0.0,0.8,0.0,0.1,5.6,0.0,82.2,11.2
20111104170800,0.0,0.2,0.2,0.1,0.6,0.1,95.8,3.2
20111104170900,0.0,0.3,0.0,0.0,1.1,0.0,96.4,2.1
20111104171000,0.0,0.3,0.0,0.0,0.7,0.1,97.4,1.5
20111104171100,0.0,2.4,0.3,0.2,4.4,0.0,85.8,6.8
20111104171200,0.0,0.7,0.0,0.0,2.3,0.0,95.6,1.3
20111104171300,0.0,0.2,0.0,0.0,0.0,0.1,97.8,1.9
20111104171400,0.0,0.4,0.0,0.0,3.5,0.0,93.8,2.1
20111104171500,0.0,0.1,0.0,0.0,0.2,0.0,99.1,0.6
20111104171600,0.0,0.0,0.0,0.0,0.4,0.0,98.1,1.5
20111104171700,0.0,0.2,0.0,0.0,0.2,0.2,98.7,0.7
20111104171800,0.2,1.1,0.0,0.0,1.0,0.1,96.0,1.5
20111104171900,0.1,1.3,0.0,0.0,1.1,1.3,95.9,0.3
20111104172000,0.0,2.1,0.0,0.1,15.1,0.1,82.4,0.2
20111104172100,0.0,2.8,0.0,0.0,0.2,0.0,96.3,0.6
20111104172200,0.0,0.4,0.0,0.0,0.6,0.0,98.2,0.8
20111104172300,0.0,0.0,0.0,0.0,0.0,0.0,99.8,0.2
20111104172400,0.0,0.1,0.0,0.0,0.4,0.2,91.5,7.8
20111104172500,0.0,0.4,0.1,0.0,3.1,0.2,94.7,1.4
20111104172600,0.0,1.4,0.3,0.1,5.2,0.5,91.1,1.3
20111104172700,0.0,0.7,0.0,0.0,5.2,0.3,81.6,12.1
20111104172800,0.0,0.2,0.0,0.0,2.0,0.1,90.6,7.0
20111104172900,0.1,1.6,0.1,0.0,5.9,0.7,87.5,4.0
20111104173000,0.2,0.7,0.0,0.0,2.9,0.4,92.1,3.7
20111104173100,0.0,0.1,0.0,0.0,4.9,0.1,75.7,19.3
20111104173200,0.1,0.6,0.1,0.0,42.0,0.3,51.5,5.3
20111104173300,0.1,0.1,0.0,0.0,1.0,0.3,93.1,5.5
20111104173400,0.0,0.2,0.0,0.0,24.1,0.0,61.7,13.8
20111104173500,0.0,0.2,0.0,0.0,13.8,0.0,80.2,5.6
20111104173600,0.0,0.8,0.1,0.0,79.6,0.0,17.8,1.6
20111104173700,0.0,0.7,0.0,0.0,22.6,0.1,73.3,3.3
20111104173800,0.0,0.5,0.0,0.0,1.7,0.0,96.1,1.7
20111104173900,0.0,1.8,0.1,0.0,7.1,0.0,89.8,1.2
20111104174000,0.0,0.2,0.0,0.0,2.3,0.0,96.5,1.0
20111104174100,0.1,7.9,0.0,0.1,22.8,0.0,65.2,3.9
20111104174200,0.0,0.4,0.0,0.0,3.1,0.1,94.7,1.7
20111104174300,0.0,2.1,0.1,0.1,83.2,0.1,12.6,1.8
20111104174400,0.0,0.0,0.0,0.0,2.4,0.0,93.0,4.5
20111104174500,0.1,1.6,0.2,0.0,12.2,0.0,81.3,4.6
20111104174600,0.1,14.0,0.1,0.1,9.5,0.1,69.3,6.9
20111104174700,0.0,26.2,1.7,0.3,57.8,0.1,11.6,2.2
20111104174800,0.1,3.1,2.3,0.0,57.9,0.0,35.5,1.0
20111104174900,0.1,1.7,1.1,0.0,34.5,0.1,54.9,7.6
20111104175000,0.0,5.9,1.0,0.0,54.3,0.0,37.1,1.6
20111104175100,0.0,5.0,0.1,0.0,25.1,0.0,65.5,4.3
20111104175200,0.0,3.6,0.0,0.0,5.7,0.1,85.6,5.0
20111104175300,0.2,6.9,1.0,0.0,35.6,0.0,55.2,1.1
20111104175400,0.1,8.3,0.2,0.1,59.0,0.0,31.2,1.0
20111104175500,1.2,27.3,1.9,0.1,48.4,0.3,17.8,3.0
20111104175600,0.5,50.4,1.7,0.1,34.4,0.1,12.1,0.7
20111104175700,0.3,9.7,0.2,0.0,67.3,0.1,18.1,4.2
20111104175800,0.4,0.3,0.2,0.0,23.0,0.3,72.2,3.6
20111104175900,0.5,3.5,0.4,0.1,78.4,0.4,12.8,3.8
20111104180000,0.2,9.5,0.4,0.1,61.2,0.4,25.4,2.7
20111104180100,0.3,2.3,0.5,0.0,50.3,0.4,28.1,18.0
20111104180200,0.9,15.0,0.2,0.0,63.0,1.2,15.0,4.5
20111104180300,0.6,8.3,0.3,0.0,89.4,0.1,0.5,0.7
20111104180400,0.5,3.2,0.0,0.0,62.1,0.6,28.9,4.6
20111104180500,0.5,1.3,0.3,0.1,92.3,0.1,2.9,2.6
20111104180600,0.1,0.5,0.0,0.0,46.1,0.3,10.6,42.5
20111104180700,0.1,1.1,0.1,0.0,86.7,0.1,6.4,5.6
20111104180800,0.0,0.7,0.1,0.0,73.0,0.0,19.8,6.3
20111104180900,0.1,0.4,0.6,0.2,51.5,0.1,33.3,13.7
20111104181000,0.1,0.6,0.2,0.0,29.9,0.0,56.0,13.2
20111104181100,0.2,4.4,0.4,0.1,32.5,0.1,50.3,12.0
20111104181200,0.1,1.7,0.5,0.0,61.0,0.0,27.0,9.6
20111104181300,0.2,0.6,0.6,0.0,45.9,0.0,44.9,7.7
20111104181400,0.1,0.3,0.1,0.0,59.2,0.0,37.0,3.3
20111104181500,0.2,0.5,0.1,0.0,28.3,0.2,67.5,3.2
20111104181600,0.3,1.4,1.9,0.0,25.6,0.2,65.4,5.2
20111104181700,0.2,12.6,0.3,0.0,37.6,0.1,45.0,4.1
20111104181800,0.1,0.2,1.2,0.0,40.7,0.2,41.7,16.0
20111104181900,0.1,0.6,0.3,0.1,25.6,0.1,61.2,12.0
20111104182000,0.1,1.6,0.4,0.1,31.8,0.2,56.6,9.1
20111104182100,0.0,0.2,0.0,0.0,10.2,0.0,77.3,12.2
20111104182200,0.0,0.7,0.2,0.1,90.6,0.0,5.4,2.9
20111104182300,0.0,0.1,0.0,0.0,12.4,0.0,84.7,2.8
20111104182400,0.1,3.9,0.0,0.0,59.6,0.0,31.5,4.9
20111104182500,0.2,4.4,0.5,0.1,34.5,0.3,56.3,3.7
20111104182600,0.0,0.4,0.1,0.0,8.2,0.1,84.3,6.8
20111104182700,0.0,0.3,0.1,0.0,9.3,0.1,88.6,1.5
20111104182800,0.1,17.6,1.2,3.8,61.9,0.1,12.6,2.8
20111104182900,0.2,1.4,0.5,1.5,58.4,0.2,36.7,1.0
20111104183000,0.0,1.9,0.6,0.2,95.0,0.0,0.9,1.4
20111104183100,0.3,0.3,5.3,0.1,83.3,0.1,4.6,6.1
20111104183200,0.0,1.4,0.2,0.0,92.9,0.0,3.0,2.5
20111104183300,0.0,0.2,0.0,0.1,48.3,0.0,49.0,2.4
20111104183400,0.0,1.9,0.4,0.0,94.3,0.0,1.3,2.0
20111104183500,0.0,0.6,0.0,0.1,98.4,0.0,0.7,0.2
20111104183600,0.0,0.4,0.2,0.1,94.0,0.0,4.7,0.6
20111104183700,0.0,1.7,0.0,1.5,95.5,0.0,0.6,0.6
20111104183800,0.0,0.1,0.1,0.2,99.0,0.0,0.4,0.3
20111104183900,0.0,0.9,0.1,1.6,97.2,0.0,0.3,0.1
20111104184000,0.0,0.9,0.1,0.9,98.0,0.0,0.1,0.1
20111104184100,0.0,0.0,0.0,0.0,99.9,0.0,0.0,0.1
20111104184200,0.0,0.1,0.0,0.0,99.4,0.0,0.0,0.6
20111104184300,0.0,0.1,0.0,0.0,99.1,0.0,0.0,0.7
20111104184400,0.0,0.1,0.0,0.0,99.6,0.0,0.1,0.1
20111104184500,0.0,1.9,0.0,0.2,94.2,0.0,0.4,3.3
20111104184600,0.0,0.6,0.0,0.1,90.7,0.0,2.7,5.9
20111104184700,0.0,0.2,0.0,0.1,96.1,0.0,0.6,3.0
20111104184800,0.0,0.2,0.0,0.1,75.9,0.0,0.5,23.4
20111104184900,0.0,0.0,0.0,0.0,8.8,0.0,8.3,82.8
20111104185000,0.0,0.0,0.0,0.0,11.5,0.0,7.0,81.5
20111104185100,0.0,0.0,0.0,0.0,88.6,0.0,4.5,6.9
20111104185200,0.0,0.1,0.0,0.2,99.0,0.0,0.1,0.5
20111104185300,0.0,0.5,0.0,1.5,92.5,0.0,4.2,1.3
20111104185400,0.0,1.3,0.1,3.3,84.5,0.0,8.7,2.1
20111104185500,0.0,0.0,0.0,0.1,27.3,0.0,66.9,5.6
20111104185600,0.0,0.0,0.0,0.2,13.5,0.0,81.7,4.6
20111104185700,0.0,0.3,0.0,1.9,75.2,0.0,20.1,2.5
20111104185800,0.0,9.6,0.1,13.3,36.7,0.0,22.8,17.4
20111104185900,0.0,0.0,0.0,0.3,5.5,0.0,92.0,2.1
20111104190000,0.0,0.1,0.0,0.2,46.2,0.0,46.4,7.0
20111104190100,0.0,0.7,0.1,0.3,49.7,0.0,38.4,10.8
20111104190200,0.0,1.3,0.0,0.2,13.1,0.0,69.1,16.2
20111104190300,0.0,0.4,0.0,0.0,4.3,0.0,94.7,0.5
20111104190400,0.0,1.2,0.0,0.7,5.0,0.0,92.0,1.1
20111104190500,0.0,16.2,0.0,4.7,29.6,0.0,49.2,0.2
20111104190600,0.0,20.8,0.0,18.4,17.5,0.0,39.1,4.1
20111104190700,0.0,0.3,0.0,4.4,10.2,0.0,84.9,0.2
20111104190800,0.0,0.2,0.0,7.6,24.6,0.0,67.1,0.5
20111104190900,0.0,0.5,0.0,4.6,68.7,0.0,26.2,0.1
20111104191000,0.0,0.1,0.0,6.7,91.6,0.0,1.5,0.1
20111104191100,0.0,0.0,0.0,0.2,8.6,0.0,91.0,0.2
20111104191200,0.0,0.0,0.0,0.4,12.6,0.0,86.7,0.4
20111104191300,0.0,0.0,0.0,0.1,7.7,0.0,91.8,0.4
20111104191400,0.0,0.0,0.0,0.0,12.2,0.0,86.7,1.0
20111104191500,0.0,0.0,0.0,0.1,11.9,0.0,85.3,2.7
20111104191600,0.0,0.2,0.0,0.6,31.6,0.0,54.9,12.6
20111104191700,0.0,0.0,0.0,0.2,95.7,0.0,1.8,2.3
20111104191800,0.0,0.0,0.0,0.0,98.0,0.0,1.3,0.6
20111104191900,0.0,0.1,0.0,0.0,58.8,0.0,40.4,0.7
20111104192000,0.0,0.5,0.1,0.1,68.1,0.0,22.4,8.8
20111104192100,0.0,1.1,0.0,0.0,89.0,0.0,3.0,6.9
20111104192200,0.0,0.1,0.0,0.0,83.2,0.0,13.3,3.4
20111104192300,0.0,0.0,0.0,0.0,57.2,0.0,37.7,5.0
20111104192400,0.0,0.0,0.0,0.0,96.4,0.0,3.3,0.3
20111104192500,0.0,0.0,0.0,0.0,71.0,0.0,28.1,0.8
20111104192600,0.0,0.0,0.0,0.0,1.8,0.0,96.8,1.4
20111104192700,0.0,0.0,0.0,0.0,2.3,0.0,92.4,5.3
20111104192800,0.0,0.0,0.0,0.0,18.1,0.0,78.9,3.0
20111104192900,0.0,0.0,0.0,0.0,0.8,0.0,97.9,1.2
20111104193000,0.0,0.0,0.0,0.0,0.4,0.0,98.8,0.8
20111104193100,0.0,0.0,0.0,0.1,20.9,0.0,73.0,6.0
20111104193200,0.0,0.0,0.0,0.0,0.2,0.0,97.8,2.0
20111104193300,0.0,0.0,0.0,0.0,46.3,0.0,43.3,10.4
20111104193400,0.0,0.0,0.0,0.0,95.5,0.0,4.3,0.2
20111104193500,0.0,0.0,0.0,0.0,0.4,0.0,99.4,0.1
20111104193600,0.0,0.1,0.0,0.2,7.6,0.0,66.7,25.3
20111104193700,0.0,0.0,0.0,0.0,0.2,0.0,99.5,0.3
20111104193800,0.0,0.0,0.0,0.0,24.0,0.2,72.9,2.9
20111104193900,0.0,0.0,0.0,0.2,16.5,0.4,76.6,6.2
20111104194000,0.0,0.0,0.0,0.0,1.2,0.6,54.5,43.6
20111104194100,0.0,0.0,0.0,0.0,0.7,0.1,83.7,15.5
20111104194200,0.0,0.0,0.1,0.0,26.1,0.1,56.2,17.4
20111104194300,0.0,0.0,0.0,0.0,10.2,0.0,78.8,11.0
20111104194400,0.0,0.2,0.0,0.7,3.5,0.0,91.5,4.1
20111104194500,0.0,0.1,0.0,0.2,38.0,0.0,56.6,5.1
20111104194600,0.0,0.0,0.1,0.1,23.4,0.1,72.5,3.7
20111104194700,0.0,0.0,0.1,0.1,31.0,0.0,65.3,3.5
20111104194800,0.0,0.1,0.6,2.1,21.9,0.0,71.8,3.5
20111104194900,0.0,0.0,0.0,0.1,1.4,0.0,97.5,1.0
20111104195000,0.0,0.0,0.0,0.6,25.3,0.0,72.9,1.1
20111104195100,0.0,0.1,1.3,0.6,73.3,0.0,23.7,0.9
20111104195200,0.0,0.0,0.5,0.3,18.9,0.9,77.2,2.2
20111104195300,0.0,0.3,0.1,1.1,18.4,0.2,62.4,17.5
20111104195400,0.0,0.0,0.0,0.1,2.4,0.1,95.0,2.3
20111104195500,0.0,0.1,0.1,0.5,16.9,0.0,73.3,9.1
20111104195600,0.0,0.4,0.0,0.4,9.8,0.0,87.9,1.4
20111104195700,0.0,0.0,0.0,0.1,8.3,0.0,89.5,2.1
20111104195800,0.0,0.1,0.0,0.0,36.0,0.0,54.8,9.1
20111104195900,0.0,0.1,0.0,0.0,40.8,0.0,49.7,9.3
20111104200000,0.0,0.1,0.3,0.0,71.5,0.0,22.8,5.2
20111104200100,0.1,3.9,1.0,0.6,60.9,0.0,28.8,4.7
20111104200200,0.0,0.8,0.0,0.1,80.4,0.0,2.4,16.4
20111104200300,0.0,0.0,0.2,0.5,97.4,0.0,1.7,0.1
20111104200400,0.0,2.0,0.2,0.9,94.7,0.0,0.9,1.3
20111104200500,0.0,0.3,0.1,28.9,70.4,0.0,0.2,0.0
20111104200600,0.0,0.1,0.1,0.2,88.9,0.0,8.6,2.1
20111104200700,0.0,3.2,0.4,0.4,86.0,0.0,4.9,5.1
20111104200800,0.0,1.8,0.7,0.3,96.9,0.0,0.1,0.1
20111104200900,0.2,30.8,6.3,1.4,61.1,0.0,0.2,0.0
20111104201000,0.1,18.3,7.6,1.1,71.6,0.0,1.0,0.3
20111104201100,0.1,22.3,3.5,2.4,67.9,0.0,3.6,0.1
20111104201200,0.1,48.3,0.4,0.7,50.1,0.0,0.2,0.2
20111104201300,0.1,16.6,0.1,2.6,80.3,0.0,0.2,0.2
20111104201400,0.0,2.4,0.0,2.3,95.0,0.0,0.3,0.0
20111104201500,0.0,6.1,0.1,47.7,46.0,0.0,0.0,0.1
20111104201600,0.4,2.7,0.3,19.2,76.8,0.0,0.6,0.0
20111104201700,0.1,2.2,0.0,6.1,90.0,0.0,1.5,0.0
20111104201800,0.0,2.5,0.2,4.6,92.0,0.0,0.5,0.1
20111104201900,0.0,7.7,0.3,2.4,88.3,0.0,0.8,0.4
20111104202000,0.1,2.0,0.0,51.8,45.1,0.0,0.9,0.0
20111104202100,0.2,7.8,0.0,9.6,69.3,0.0,12.9,0.3
20111104202200,0.1,16.4,0.0,7.9,73.8,0.0,1.7,0.1
20111104202300,0.2,5.0,0.3,7.7,77.5,0.0,9.0,0.3
20111104202400,0.1,0.4,0.0,0.9,98.6,0.0,0.0,0.0
20111104202500,0.1,0.1,0.0,1.6,98.2,0.0,0.0,0.0
20111104202600,3.0,6.4,0.0,26.5,64.0,0.0,0.0,0.0
20111104202700,20.7,1.0,0.0,24.4,53.2,0.0,0.7,0.0
20111104202800,9.0,4.4,0.0,45.3,41.2,0.0,0.1,0.0
20111104202900,2.1,3.9,0.0,52.0,41.9,0.0,0.1,0.0
20111104203000,0.1,0.3,0.0,93.7,5.8,0.0,0.1,0.0
20111104203100,0.3,1.0,0.0,67.9,30.8,0.0,0.0,0.0
20111104203200,0.1,0.5,0.0,49.9,31.4,0.0,18.1,0.0
20111104203300,0.0,0.2,0.0,39.4,26.8,0.0,33.4,0.1
20111104203400,0.0,0.5,0.0,2.8,90.2,0.0,6.4,0.1
20111104203500,0.0,0.1,0.0,0.5,12.7,0.0,86.5,0.1
20111104203600,0.0,5.6,0.0,24.1,70.3,0.0,0.0,0.0
20111104203700,3.5,14.6,0.0,32.8,49.1,0.0,0.0,0.0
20111104203800,0.3,2.8,0.0,72.8,24.1,0.0,0.0,0.0
20111104203900,63.6,5.4,0.0,19.4,11.6,0.0,0.0,0.0
20111104204000,25.0,0.6,0.0,71.5,2.9,0.0,0.0,0.0
20111104204100,1.3,6.0,0.0,65.9,26.8,0.0,0.0,0.0
20111104204200,0.0,3.6,0.0,1.5,94.9,0.0,0.0,0.0
20111104204300,0.6,0.5,0.0,25.3,73.6,0.0,0.0,0.0
20111104204400,0.1,1.7,0.0,1.9,96.3,0.0,0.1,0.0
20111104204500,0.2,0.3,0.0,1.8,95.5,0.0,2.3,0.0
20111104204600,0.1,84.0,0.0,3.4,12.6,0.0,0.0,0.0
20111104204700,0.0,99.8,0.0,0.1,0.0,0.0,0.0,0.0
20111104204800,0.0,99.9,0.0,0.0,0.1,0.0,0.0,0.0
20111104204900,0.0,73.2,0.1,3.3,23.4,0.0,0.0,0.0
20111104205000,4.8,1.9,0.0,66.1,27.1,0.0,0.0,0.0
20111104205100,4.8,1.6,0.0,81.8,11.8,0.0,0.0,0.0
20111104205200,0.0,5.8,0.0,41.4,52.7,0.0,0.0,0.0
20111104205300,0.0,43.4,0.0,55.4,1.1,0.0,0.0,0.0
20111104205400,0.0,98.1,0.0,0.6,1.3,0.0,0.0,0.0
20111104205500,0.0,90.6,0.0,1.7,7.7,0.0,0.0,0.0
20111104205600,0.0,97.5,0.0,1.0,1.5,0.0,0.0,0.0
20111104205700,0.0,54.9,0.5,23.8,20.7,0.0,0.0,0.1
20111104205800,0.0,76.1,0.0,22.9,0.9,0.0,0.0,0.0
20111104205900,0.0,55.1,3.9,10.2,30.8,0.0,0.0,0.0
20111104210000,0.0,5.3,0.5,8.5,85.7,0.0,0.0,0.0
20111104210100,0.0,1.4,0.0,0.1,98.4,0.0,0.0,0.0
20111104210200,0.0,26.5,0.0,2.3,71.3,0.0,0.0,0.0
20111104210300,0.0,0.6,0.0,2.6,96.8,0.0,0.0,0.0
20111104210400,0.0,1.2,0.1,1.1,97.6,0.0,0.0,0.0
20111104210500,0.1,4.5,1.2,2.1,92.1,0.0,0.0,0.0
20111104210600,0.1,7.0,1.1,12.2,79.6,0.0,0.0,0.0
20111104210700,0.0,1.7,0.2,0.6,97.4,0.0,0.0,0.0
20111104210800,0.0,0.7,1.8,0.2,97.2,0.0,0.0,0.0
20111104210900,0.0,2.7,0.2,0.4,96.6,0.0,0.0,0.0
20111104211000,0.0,9.4,3.5,0.9,86.2,0.0,0.0,0.0
20111104211100,0.0,0.2,0.2,0.1,99.5,0.0,0.0,0.0
20111104211200,0.0,0.2,1.1,0.2,98.5,0.0,0.0,0.0
20111104211300,0.0,1.0,0.4,1.8,96.5,0.0,0.2,0.1
20111104211400,0.0,0.6,0.3,1.1,97.6,0.0,0.3,0.1
20111104211500,0.6,26.6,10.0,5.7,56.9,0.0,0.0,0.1
20111104211600,0.2,2.6,4.3,1.0,91.9,0.0,0.0,0.0
20111104211700,0.1,7.9,15.0,4.6,64.4,0.3,5.9,1.8
20111104211800,0.0,1.9,4.2,0.2,70.1,0.1,22.9,0.5
20111104211900,0.0,12.1,3.5,0.5,46.1,0.1,36.4,1.2
20111104212000,0.0,0.4,0.6,0.6,10.4,0.0,87.0,1.0
20111104212100,0.0,0.9,0.8,1.0,29.4,0.1,67.6,0.2
20111104212200,0.0,0.0,0.0,0.0,0.3,0.0,99.6,0.0
20111104212300,0.0,0.0,0.0,0.0,0.0,0.0,100.0,0.0
20111104212400,0.0,0.0,0.1,0.0,2.4,0.0,97.5,0.0
20111104212500,0.0,0.2,7.5,0.0,17.6,0.1,74.2,0.3
20111104212600,0.3,2.0,2.3,0.1,87.8,0.0,7.4,0.1
20111104212700,0.3,4.3,26.9,0.1,50.2,0.2,18.0,0.1
20111104212800,0.4,20.4,42.0,0.2,24.3,0.3,12.1,0.3
20111104212900,0.2,13.2,43.1,0.2,27.3,0.2,14.2,1.5
20111104213000,0.1,0.6,3.7,0.0,0.8,0.7,93.8,0.3
20111104213100,0.0,1.2,7.4,0.0,0.9,0.1,90.3,0.0
20111104213200,0.2,1.6,5.5,0.0,1.0,0.9,90.4,0.3
20111104213300,0.0,0.0,0.0,0.0,0.0,0.1,99.8,0.0
20111104213400,0.0,0.7,11.0,0.2,9.3,0.0,78.5,0.2
20111104213500,0.0,0.0,0.1,0.0,0.1,0.0,99.7,0.0
20111104213600,0.0,0.0,0.6,0.0,0.4,0.1,98.8,0.0
20111104213700,0.1,0.6,29.9,1.4,9.3,0.1,58.0,0.7
20111104213800,0.0,0.7,0.5,0.2,0.8,0.0,97.5,0.3
20111104213900,0.3,8.9,25.6,6.3,3.1,0.5,55.0,0.4
20111104214000,0.1,0.6,1.5,0.4,1.1,0.1,96.1,0.1
20111104214100,0.0,0.5,2.3,0.0,0.8,0.2,96.2,0.0
20111104214200,0.6,1.0,7.5,0.2,3.0,0.3,86.9,0.6
20111104214300,0.8,0.4,3.5,0.1,23.1,0.2,70.6,1.4
20111104214400,0.2,0.8,2.5,11.7,84.9,0.0,0.0,0.0
20111104214500,0.0,5.3,5.3,5.4,84.0,0.0,0.0,0.0
20111104214600,0.0,3.0,0.6,8.6,87.8,0.0,0.1,0.0
20111104214700,0.0,25.4,4.0,34.1,36.5,0.0,0.0,0.0
20111104214800,0.1,78.1,7.9,4.5,9.4,0.0,0.0,0.0
20111104214900,6.4,73.1,2.6,9.3,8.3,0.0,0.3,0.1
20111104215000,0.0,6.6,2.1,1.5,88.9,0.0,0.4,0.5
20111104215100,0.7,6.3,2.0,2.3,88.4,0.0,0.1,0.1
20111104215200,0.2,2.5,1.9,1.6,87.2,0.0,6.5,0.1
20111104215300,0.1,1.4,2.6,0.3,86.6,0.0,8.9,0.1
20111104215400,1.7,5.8,10.9,1.0,80.6,0.0,0.0,0.0
20111104215500,1.7,7.0,0.2,20.8,70.4,0.0,0.0,0.0
20111104215600,6.5,35.4,0.7,39.7,17.7,0.0,0.0,0.0
20111104215700,0.0,5.9,0.0,66.4,27.6,0.0,0.0,0.0
20111104215800,0.0,61.4,23.2,2.7,12.6,0.0,0.1,0.0
20111104215900,0.0,37.1,40.4,4.9,17.6,0.0,0.0,0.0
20111104220000,0.0,19.8,61.3,2.0,16.0,0.0,0.8,0.0
20111104220100,0.0,3.5,13.7,0.2,36.3,0.0,45.9,0.3
20111104220200,0.0,3.8,80.5,0.3,14.8,0.0,0.7,0.0
20111104220300,0.0,0.7,98.1,0.1,1.1,0.0,0.0,0.0
20111104220400,0.0,6.0,87.7,0.2,6.1,0.0,0.0,0.0
20111104220500,0.0,5.5,94.3,0.0,0.2,0.0,0.0,0.0
20111104220600,0.0,1.1,98.3,0.0,0.6,0.0,0.0,0.0
20111104220700,0.3,12.6,81.4,1.1,4.4,0.0,0.0,0.2
20111104220800,0.2,2.3,92.5,0.1,4.8,0.0,0.0,0.1
20111104220900,0.1,31.2,66.0,0.8,1.8,0.0,0.1,0.0
20111104221000,0.0,2.0,94.6,1.8,1.4,0.0,0.1,0.0
20111104221100,0.7,65.2,21.1,7.7,4.8,0.0,0.4,0.1
20111104221200,0.2,21.1,59.3,4.9,7.8,0.0,6.7,0.1
20111104221300,0.0,7.5,84.8,2.2,4.7,0.0,0.5,0.2
20111104221400,1.1,13.8,68.8,13.6,2.2,0.0,0.3,0.1
20111104221500,1.0,23.7,57.9,8.0,9.4,0.0,0.0,0.0
20111104221600,0.4,85.0,11.5,2.1,1.0,0.0,0.0,0.0
20111104221700,0.0,56.2,42.2,0.3,1.2,0.0,0.0,0.0
20111104221800,0.0,20.9,79.0,0.0,0.1,0.0,0.0,0.0
20111104221900,0.0,1.4,98.4,0.1,0.1,0.0,0.0,0.0
20111104222000,0.0,7.6,88.5,3.0,0.8,0.0,0.0,0.0
20111104222100,0.1,13.1,78.7,3.1,3.8,0.0,1.2,0.0
20111104222200,0.2,68.7,18.6,4.5,5.3,0.0,2.7,0.0
20111104222300,0.1,5.0,81.4,10.9,2.4,0.0,0.0,0.0
20111104222400,0.2,32.5,15.9,49.3,2.0,0.0,0.1,0.0
20111104222500,5.1,47.8,38.3,3.7,5.2,0.0,0.0,0.0
20111104222600,0.2,41.6,26.6,5.0,26.6,0.0,0.0,0.0
20111104222700,0.7,33.7,2.6,5.7,57.2,0.0,0.0,0.0
20111104222800,1.2,12.3,83.4,0.8,2.2,0.0,0.0,0.0
20111104222900,3.9,7.9,71.3,14.7,2.1,0.0,0.1,0.0
20111104223000,8.6,17.8,69.7,2.2,0.9,0.0,0.7,0.0
20111104223100,34.0,7.3,39.9,15.6,3.2,0.0,0.0,0.0
20111104223200,97.4,1.9,0.0,0.0,0.6,0.0,0.0,0.0
20111104223300,37.7,34.6,21.1,3.2,3.3,0.0,0.0,0.0
20111104223400,54.7,25.3,1.8,2.1,16.0,0.0,0.0,0.0
20111104223500,7.8,90.0,0.0,1.6,0.7,0.0,0.0,0.0
20111104223600,4.2,95.3,0.0,0.0,0.4,0.0,0.0,0.0
20111104223700,2.3,93.8,2.9,0.3,0.7,0.0,0.0,0.0
20111104223800,15.8,46.1,14.4,2.4,21.1,0.0,0.1,0.1
20111104223900,70.2,26.1,0.8,1.8,1.1,0.0,0.0,0.0
20111104224000,73.1,12.0,0.3,12.7,2.0,0.0,0.0,0.0
20111104224100,14.4,7.9,0.3,66.0,11.4,0.0,0.0,0.0
20111104224200,13.8,46.0,0.3,37.1,2.8,0.0,0.0,0.0
20111104224300,0.5,65.0,3.7,18.4,12.3,0.0,0.0,0.0
20111104224400,0.2,89.0,1.2,3.7,5.8,0.0,0.0,0.0
20111104224500,0.8,87.6,0.0,10.3,1.2,0.0,0.0,0.0
20111104224600,0.1,95.1,0.1,4.0,0.6,0.0,0.0,0.0
20111104224700,1.3,69.4,5.0,18.3,6.0,0.0,0.0,0.0
20111104224800,9.0,31.0,52.1,1.9,6.0,0.0,0.0,0.0
20111104224900,6.1,40.5,36.2,8.0,9.1,0.0,0.0,0.0
20111104225000,1.1,51.3,3.2,40.8,3.6,0.0,0.0,0.0
20111104225100,1.8,87.7,3.5,2.7,4.1,0.0,0.0,0.0
20111104225200,0.6,94.6,0.9,1.2,2.7,0.0,0.0,0.0
20111104225300,9.6,83.8,3.4,1.4,1.7,0.0,0.0,0.0
20111104225400,5.2,94.0,0.0,0.3,0.5,0.0,0.0,0.0
20111104225500,1.4,98.4,0.0,0.1,0.1,0.0,0.0,0.0
20111104225600,0.1,99.7,0.0,0.2,0.0,0.0,0.0,0.0
20111104225700,8.5,72.2,16.5,1.3,1.6,0.0,0.0,0.0
20111104225800,61.7,31.3,3.8,2.5,0.3,0.0,0.1,0.2
20111104225900,28.7,64.6,1.6,2.2,2.8,0.0,0.0,0.1
20111104230000,1.6,66.3,24.5,6.0,1.6,0.0,0.0,0.0
20111104230100,0.0,99.0,0.0,1.0,0.0,0.0,0.0,0.0
20111104230200,0.0,100.0,0.0,0.0,0.0,0.0,0.0,0.0
20111104230300,0.0,100.0,0.0,0.0,0.0,0.0,0.0,0.0
20111104230400,0.0,100.0,0.0,0.0,0.0,0.0,0.0,0.0
20111104230500,0.0,100.0,0.0,0.0,0.0,0.0,0.0,0.0
20111104230600,0.0,100.0,0.0,0.0,0.0,0.0,0.0,0.0
20111104230700,0.0,100.0,0.0,0.0,0.0,0.0,0.0,0.0
20111104230800,0.0,100.0,0.0,0.0,0.0,0.0,0.0,0.0
20111104230900,0.0,98.6,0.0,1.3,0.1,0.0,0.0,0.0
20111104231000,0.0,100.0,0.0,0.0,0.0,0.0,0.0,0.0
20111104231100,0.1,97.9,0.3,1.5,0.1,0.0,0.0,0.0
20111104231200,0.0,99.6,0.1,0.3,0.0,0.0,0.0,0.0
20111104231300,0.1,99.6,0.2,0.1,0.0,0.0,0.0,0.0
20111104231400,0.0,100.0,0.0,0.0,0.0,0.0,0.0,0.0
20111104231500,0.0,100.0,0.0,0.0,0.0,0.0,0.0,0.0
20111104231600,0.0,100.0,0.0,0.0,0.0,0.0,0.0,0.0
20111104231700,1.6,92.7,4.2,1.1,0.3,0.0,0.0,0.0
20111104231800,0.1,99.7,0.0,0.0,0.1,0.0,0.0,0.0
20111104231900,0.5,98.5,0.3,0.3,0.5,0.0,0.0,0.0
20111104232000,0.0,99.9,0.0,0.0,0.0,0.0,0.0,0.0
20111104232100,0.1,99.9,0.0,0.0,0.0,0.0,0.0,0.0
20111104232200,22.7,75.4,0.8,0.8,0.3,0.0,0.0,0.0
20111104232300,60.2,39.2,0.0,0.6,0.0,0.0,0.0,0.0
20111104232400,55.6,42.4,0.0,1.9,0.1,0.0,0.0,0.0
20111104232500,40.3,58.6,0.0,0.4,0.6,0.0,0.0,0.0
20111104232600,0.0,99.7,0.0,0.0,0.2,0.0,0.0,0.0
20111104232700,0.1,99.9,0.0,0.0,0.0,0.0,0.0,0.0
20111104232800,0.0,99.9,0.0,0.0,0.0,0.0,0.0,0.0
20111104232900,0.0,99.9,0.0,0.1,0.0,0.0,0.0,0.0
20111104233000,0.0,100.0,0.0,0.0,0.0,0.0,0.0,0.0
20111104233100,0.0,100.0,0.0,0.0,0.0,0.0,0.0,0.0
20111104233200,0.0,99.9,0.0,0.0,0.0,0.0,0.0,0.0
20111104233300,0.0,100.0,0.0,0.0,0.0,0.0,0.0,0.0
20111104233400,0.0,99.9,0.0,0.0,0.1,0.0,0.0,0.0
20111104233500,0.0,100.0,0.0,0.0,0.0,0.0,0.0,0.0
20111104233600,0.0,100.0,0.0,0.0,0.0,0.0,0.0,0.0
20111104233700,0.0,100.0,0.0,0.0,0.0,0.0,0.0,0.0
20111104233800,0.0,99.8,0.2,0.0,0.0,0.0,0.0,0.0
20111104233900,0.0,100.0,0.0,0.0,0.0,0.0,0.0,0.0
20111104234000,0.0,100.0,0.0,0.0,0.0,0.0,0.0,0.0
20111104234100,0.0,99.9,0.1,0.0,0.0,0.0,0.0,0.0
20111104234200,0.0,100.0,0.0,0.0,0.0,0.0,0.0,0.0
20111104234300,0.0,100.0,0.0,0.0,0.0,0.0,0.0,0.0
20111104234400,0.0,99.9,0.0,0.0,0.0,0.0,0.0,0.0
20111104234500,0.0,99.5,0.1,0.0,0.3,0.0,0.0,0.0
20111104234600,0.0,97.8,2.1,0.0,0.1,0.0,0.0,0.0
20111104234700,0.0,100.0,0.0,0.0,0.0,0.0,0.0,0.0
20111104234800,0.0,100.0,0.0,0.0,0.0,0.0,0.0,0.0
20111104234900,0.0,100.0,0.0,0.0,0.0,0.0,0.0,0.0
20111104235000,0.0,99.5,0.0,0.0,0.5,0.0,0.0,0.0
20111104235100,0.0,100.0,0.0,0.0,0.0,0.0,0.0,0.0
20111104235200,0.0,99.9,0.0,0.0,0.0,0.0,0.0,0.0
20111104235300,0.0,99.8,0.1,0.1,0.0,0.0,0.0,0.0
20111104235400,0.0,99.7,0.1,0.3,0.0,0.0,0.0,0.0
20111104235500,0.0,99.8,0.0,0.2,0.0,0.0,0.0,0.0
20111104235600,0.0,85.5,14.1,0.2,0.2,0.0,0.0,0.0
20111104235700,0.0,98.6,1.1,0.2,0.1,0.0,0.0,0.0
20111104235800,0.0,94.2,1.7,4.1,0.0,0.0,0.0,0.0
20111104235900,0.0,77.2,22.4,0.4,0.0,0.0,0.0,0.0
20111105000000,0.0,86.0,13.5,0.4,0.1,0.0,0.0,0.0
20111105000100,0.2,97.4,1.8,0.5,0.0,0.0,0.0,0.0
20111105000200,2.8,96.3,0.3,0.0,0.6,0.0,0.0,0.0
20111105000300,12.0,86.1,0.6,0.0,1.3,0.0,0.0,0.0
20111105000400,4.8,94.7,0.2,0.0,0.3,0.0,0.0,0.0
20111105000500,1.7,98.2,0.0,0.0,0.0,0.0,0.0,0.0
20111105000600,5.2,94.4,0.3,0.0,0.1,0.0,0.0,0.0
20111105000700,0.2,99.7,0.1,0.0,0.0,0.0,0.0,0.0
20111105000800,0.5,99.2,0.2,0.0,0.1,0.0,0.0,0.0
20111105000900,0.3,99.7,0.0,0.0,0.0,0.0,0.0,0.0
20111105001000,13.4,86.3,0.0,0.0,0.1,0.0,0.0,0.1
20111105001100,72.6,23.5,1.4,0.9,0.6,0.0,0.0,1.0
20111105001200,4.3,30.3,63.1,2.1,0.1,0.0,0.0,0.2
20111105001300,5.2,33.0,59.0,2.2,0.2,0.0,0.0,0.3
20111105001400,0.1,27.3,71.5,1.0,0.0,0.0,0.0,0.0
20111105001500,0.1,91.5,4.1,4.2,0.1,0.0,0.0,0.0
20111105001600,0.3,67.3,29.4,2.8,0.2,0.0,0.1,0.0
20111105001700,0.0,11.6,84.9,3.3,0.1,0.0,0.1,0.0
20111105001800,0.1,8.7,79.9,10.9,0.4,0.0,0.0,0.0
20111105001900,0.0,5.9,87.1,6.3,0.7,0.0,0.0,0.0
20111105002000,0.0,2.4,96.5,0.9,0.2,0.0,0.0,0.0
20111105002100,0.4,26.4,71.5,0.8,0.8,0.0,0.0,0.0
20111105002200,0.0,4.6,95.3,0.1,0.1,0.0,0.0,0.0
20111105002300,0.0,4.4,95.5,0.0,0.1,0.0,0.0,0.0
20111105002400,0.0,9.1,90.4,0.2,0.3,0.0,0.0,0.0
20111105002500,0.0,7.8,91.8,0.2,0.1,0.0,0.0,0.0
20111105002600,0.0,13.5,85.9,0.6,0.0,0.0,0.0,0.0
20111105002700,0.0,26.4,73.2,0.2,0.2,0.0,0.0,0.0
20111105002800,0.0,1.3,98.6,0.0,0.1,0.0,0.0,0.0
20111105002900,0.0,1.4,98.5,0.0,0.0,0.0,0.0,0.0
20111105003000,0.0,42.8,57.1,0.0,0.0,0.0,0.0,0.0
20111105003100,0.0,80.3,19.5,0.0,0.2,0.0,0.0,0.0
20111105003200,0.0,15.2,84.6,0.0,0.2,0.0,0.0,0.0
20111105003300,0.0,3.9,96.1,0.0,0.0,0.0,0.0,0.0
20111105003400,0.0,20.3,79.3,0.1,0.2,0.0,0.0,0.0
20111105003500,0.1,87.2,12.5,0.1,0.1,0.0,0.0,0.0
20111105003600,2.1,82.8,14.5,0.1,0.5,0.0,0.0,0.0
20111105003700,0.8,64.6,34.1,0.1,0.4,0.0,0.0,0.0
20111105003800,0.2,31.8,67.3,0.1,0.6,0.0,0.0,0.0
20111105003900,0.2,19.8,78.7,0.1,1.2,0.0,0.0,0.0
20111105004000,0.7,55.3,43.6,0.1,0.4,0.0,0.0,0.0
20111105004100,0.4,54.4,44.8,0.1,0.2,0.0,0.0,0.0
20111105004200,0.0,53.9,46.0,0.0,0.0,0.0,0.0,0.0
20111105004300,0.2,1.0,98.6,0.0,0.1,0.0,0.0,0.0
20111105004400,0.8,25.3,73.2,0.0,0.7,0.0,0.0,0.0
20111105004500,1.5,12.3,83.8,0.9,1.5,0.0,0.0,0.0
20111105004600,0.0,22.5,77.1,0.1,0.2,0.0,0.0,0.0
20111105004700,0.1,33.1,63.7,0.6,2.5,0.0,0.0,0.0
20111105004800,0.0,8.9,90.9,0.1,0.1,0.0,0.0,0.0
20111105004900,0.0,0.4,99.6,0.0,0.0,0.0,0.0,0.0
20111105005000,0.0,0.6,99.4,0.0,0.0,0.0,0.0,0.0
20111105005100,0.0,0.1,99.9,0.0,0.0,0.0,0.0,0.0
20111105005200,0.0,0.2,99.6,0.0,0.1,0.0,0.0,0.0
20111105005300,0.0,0.2,99.8,0.0,0.0,0.0,0.0,0.0
20111105005400,0.0,1.1,98.8,0.0,0.0,0.0,0.0,0.0
20111105005500,0.0,0.5,99.5,0.0,0.0,0.0,0.0,0.0
20111105005600,0.0,2.9,97.0,0.1,0.0,0.0,0.0,0.0
20111105005700,0.0,4.0,95.9,0.0,0.0,0.0,0.0,0.0
20111105005800,0.0,3.9,96.0,0.1,0.0,0.0,0.0,0.0
20111105005900,0.0,0.5,99.4,0.0,0.0,0.0,0.0,0.0
20111105010000,0.0,0.4,99.6,0.0,0.0,0.0,0.0,0.0
20111105010100,0.0,7.0,92.9,0.1,0.0,0.0,0.0,0.0
20111105010200,0.0,0.2,99.8,0.0,0.0,0.0,0.0,0.0
20111105010300,0.0,37.8,61.7,0.2,0.2,0.0,0.0,0.0
20111105010400,0.0,25.5,73.8,0.6,0.1,0.0,0.0,0.0
20111105010500,0.0,4.3,95.5,0.1,0.1,0.0,0.0,0.0
20111105010600,0.0,1.7,98.1,0.1,0.1,0.0,0.0,0.0
20111105010700,0.0,1.9,98.0,0.1,0.1,0.0,0.0,0.0
20111105010800,0.0,8.0,89.0,2.5,0.5,0.0,0.0,0.0
20111105010900,0.0,1.3,98.3,0.3,0.1,0.0,0.0,0.0
20111105011000,0.0,13.0,85.6,1.3,0.1,0.0,0.0,0.0
20111105011100,0.0,10.4,87.4,2.2,0.0,0.0,0.0,0.0
20111105011200,0.0,36.9,52.3,10.7,0.0,0.0,0.0,0.0
20111105011300,0.0,28.8,69.0,2.2,0.0,0.0,0.0,0.0
20111105011400,0.0,1.6,98.1,0.3,0.0,0.0,0.0,0.0
20111105011500,0.0,3.3,94.9,1.8,0.0,0.0,0.0,0.0
20111105011600,0.0,0.6,99.4,0.0,0.0,0.0,0.0,0.0
20111105011700,0.0,11.3,88.5,0.1,0.0,0.0,0.0,0.0
20111105011800,0.0,60.1,39.7,0.0,0.1,0.0,0.0,0.0
20111105011900,0.0,3.2,96.7,0.1,0.0,0.0,0.0,0.0
20111105012000,0.0,0.3,99.6,0.0,0.0,0.0,0.0,0.0
20111105012100,0.0,22.0,77.9,0.1,0.0,0.0,0.0,0.0
20111105012200,0.0,13.3,86.6,0.1,0.1,0.0,0.0,0.0
20111105012300,0.2,16.9,82.8,0.1,0.0,0.0,0.0,0.0
20111105012400,0.0,0.6,99.3,0.0,0.0,0.0,0.0,0.0
20111105012500,0.0,1.0,99.0,0.0,0.0,0.0,0.0,0.0
20111105012600,0.0,0.2,99.8,0.0,0.0,0.0,0.0,0.0
20111105012700,0.0,0.7,99.3,0.0,0.0,0.0,0.0,0.0
20111105012800,0.0,1.0,99.0,0.0,0.0,0.0,0.0,0.0
20111105012900,0.0,0.1,99.9,0.0,0.0,0.0,0.0,0.0
20111105013000,0.0,0.1,99.9,0.0,0.0,0.0,0.0,0.0
20111105013100,0.0,0.3,99.7,0.0,0.0,0.0,0.0,0.0
20111105013200,0.0,0.4,99.6,0.0,0.0,0.0,0.0,0.0
20111105013300,0.0,0.2,99.7,0.0,0.0,0.0,0.0,0.0
20111105013400,0.0,3.1,96.2,0.6,0.2,0.0,0.0,0.0
20111105013500,0.0,5.7,91.0,3.2,0.2,0.0,0.0,0.0
20111105013600,0.0,0.7,98.9,0.3,0.1,0.0,0.0,0.0
20111105013700,0.0,0.2,99.7,0.0,0.0,0.0,0.0,0.0
20111105013800,0.0,1.9,97.1,0.8,0.2,0.0,0.0,0.0
20111105013900,0.0,0.3,99.6,0.0,0.0,0.0,0.0,0.0
20111105014000,0.0,0.1,99.9,0.1,0.0,0.0,0.0,0.0
20111105014100,0.0,0.1,99.9,0.0,0.0,0.0,0.0,0.0
20111105014200,0.0,0.2,99.8,0.0,0.0,0.0,0.0,0.0
20111105014300,0.0,0.0,99.9,0.0,0.1,0.0,0.0,0.0
20111105014400,0.0,0.0,99.9,0.0,0.1,0.0,0.0,0.0
20111105014500,0.0,0.2,99.7,0.0,0.0,0.0,0.0,0.0
20111105014600,0.0,0.1,99.9,0.0,0.0,0.0,0.0,0.0
20111105014700,0.0,0.7,99.2,0.0,0.0,0.0,0.0,0.0
20111105014800,0.0,0.3,99.7,0.0,0.0,0.0,0.0,0.0
20111105014900,0.0,1.0,98.9,0.1,0.0,0.0,0.0,0.0
20111105015000,0.0,9.9,89.9,0.2,0.0,0.0,0.0,0.0
20111105015100,0.0,1.1,98.8,0.1,0.0,0.0,0.0,0.0
20111105015200,0.0,0.4,99.6,0.0,0.0,0.0,0.0,0.0
20111105015300,0.0,1.2,98.7,0.0,0.0,0.0,0.0,0.0
20111105015400,0.0,2.9,97.0,0.1,0.0,0.0,0.0,0.0
20111105015500,0.0,0.4,99.5,0.1,0.0,0.0,0.0,0.0
20111105015600,0.0,0.6,99.4,0.0,0.0,0.0,0.0,0.0
20111105015700,0.0,1.7,98.0,0.2,0.1,0.0,0.0,0.0
20111105015800,0.0,44.4,55.5,0.1,0.1,0.0,0.0,0.0
20111105015900,0.0,11.4,88.5,0.0,0.0,0.0,0.0,0.0
20111105020000,0.0,17.4,82.5,0.0,0.0,0.0,0.0,0.0
20111105020100,0.0,29.4,70.5,0.0,0.0,0.0,0.0,0.0
20111105020200,0.0,10.2,89.8,0.0,0.0,0.0,0.0,0.0
20111105020300,0.0,3.0,97.0,0.0,0.0,0.0,0.0,0.0
20111105020400,0.0,11.4,88.3,0.1,0.1,0.0,0.0,0.0
20111105020500,0.0,8.1,91.7,0.1,0.1,0.0,0.0,0.0
20111105020600,0.0,75.4,24.6,0.0,0.0,0.0,0.0,0.0
20111105020700,0.0,99.0,0.9,0.0,0.0,0.0,0.0,0.0
20111105020800,0.1,11.4,88.0,0.3,0.2,0.0,0.0,0.0
20111105020900,0.0,5.4,94.5,0.0,0.0,0.0,0.0,0.0
20111105021000,0.1,57.7,42.1,0.1,0.1,0.0,0.0,0.0
20111105021100,0.0,3.1,96.3,0.2,0.4,0.0,0.0,0.0
20111105021200,0.0,4.4,93.3,2.0,0.4,0.0,0.0,0.0
20111105021300,0.0,16.0,82.9,0.9,0.2,0.0,0.0,0.0
20111105021400,0.0,1.3,98.2,0.5,0.0,0.0,0.0,0.0
20111105021500,0.0,2.4,96.9,0.7,0.0,0.0,0.0,0.0
20111105021600,0.0,9.6,90.0,0.2,0.2,0.0,0.0,0.0
20111105021700,0.0,2.0,97.5,0.4,0.1,0.0,0.0,0.0
20111105021800,0.0,3.5,95.5,0.9,0.1,0.0,0.0,0.0
20111105021900,0.0,3.4,55.4,22.0,19.2,0.0,0.0,0.0
20111105022000,0.0,22.4,63.7,2.0,11.8,0.0,0.0,0.0
20111105022100,0.0,59.6,20.5,18.2,1.7,0.0,0.0,0.0
20111105022200,0.2,65.2,26.6,6.5,1.6,0.0,0.0,0.0
20111105022300,0.2,4.1,94.8,0.7,0.3,0.0,0.0,0.0
20111105022400,0.1,38.3,60.3,0.2,1.1,0.0,0.0,0.0
20111105022500,0.0,10.3,86.9,0.2,2.6,0.0,0.0,0.0
20111105022600,0.0,15.5,80.6,1.4,2.5,0.0,0.0,0.0
20111105022700,0.1,15.1,79.9,2.1,2.8,0.0,0.0,0.0
20111105022800,0.0,62.8,35.1,0.4,1.6,0.0,0.0,0.0
20111105022900,0.0,2.0,95.4,0.1,2.5,0.0,0.0,0.0
20111105023000,0.1,7.7,83.8,4.7,3.7,0.0,0.0,0.0
20111105023100,0.0,4.0,92.0,2.3,1.7,0.0,0.0,0.0
20111105023200,0.0,4.2,93.4,2.2,0.2,0.0,0.0,0.0
20111105023300,0.0,7.2,91.8,0.7,0.2,0.0,0.0,0.0
20111105023400,0.1,17.5,75.6,5.6,1.2,0.0,0.0,0.0
20111105023500,0.1,45.5,37.8,14.8,1.7,0.0,0.0,0.0
20111105023600,0.0,10.7,87.0,1.6,0.6,0.0,0.0,0.0
20111105023700,0.1,4.7,93.2,0.6,1.4,0.0,0.0,0.0
20111105023800,0.0,8.1,91.5,0.2,0.2,0.0,0.0,0.0
20111105023900,0.0,3.9,95.9,0.1,0.1,0.0,0.0,0.0
20111105024000,0.0,0.1,99.9,0.0,0.0,0.0,0.0,0.0
20111105024100,0.0,0.0,100.0,0.0,0.0,0.0,0.0,0.0
20111105024200,0.0,0.0,100.0,0.0,0.0,0.0,0.0,0.0
20111105024300,0.0,0.0,100.0,0.0,0.0,0.0,0.0,0.0
20111105024400,0.0,0.3,99.6,0.0,0.0,0.0,0.0,0.0
20111105024500,0.0,0.0,99.9,0.0,0.0,0.0,0.0,0.0
20111105024600,0.0,0.1,99.9,0.0,0.0,0.0,0.0,0.0
20111105024700,0.0,0.0,100.0,0.0,0.0,0.0,0.0,0.0
20111105024800,0.0,0.4,99.6,0.0,0.1,0.0,0.0,0.0
20111105024900,0.0,0.6,99.3,0.0,0.0,0.0,0.0,0.0
20111105025000,0.0,0.8,99.2,0.0,0.0,0.0,0.0,0.0
20111105025100,0.0,0.2,99.8,0.0,0.0,0.0,0.0,0.0
20111105025200,0.0,0.1,99.9,0.0,0.0,0.0,0.0,0.0
20111105025300,0.0,0.3,99.7,0.0,0.0,0.0,0.0,0.0
20111105025400,0.0,0.0,99.9,0.0,0.0,0.0,0.0,0.0
20111105025500,0.0,0.0,100.0,0.0,0.0,0.0,0.0,0.0
20111105025600,0.0,0.6,99.3,0.0,0.0,0.0,0.0,0.0
20111105025700,0.0,0.1,99.9,0.0,0.0,0.0,0.0,0.0
20111105025800,0.0,3.0,96.9,0.0,0.0,0.0,0.0,0.0
20111105025900,0.0,3.3,96.7,0.0,0.0,0.0,0.0,0.0
20111105030000,0.0,7.4,92.4,0.2,0.0,0.0,0.0,0.0
20111105030100,0.0,0.2,99.7,0.1,0.0,0.0,0.0,0.0
20111105030200,0.0,0.9,99.1,0.0,0.0,0.0,0.0,0.0
20111105030300,0.0,3.6,96.3,0.0,0.0,0.0,0.0,0.0
20111105030400,0.0,0.0,100.0,0.0,0.0,0.0,0.0,0.0
20111105030500,0.0,6.2,93.7,0.1,0.0,0.0,0.0,0.0
20111105030600,0.0,67.0,32.9,0.1,0.0,0.0,0.0,0.0
20111105030700,0.0,50.3,49.6,0.1,0.0,0.0,0.0,0.0
20111105030800,0.0,34.0,64.3,1.3,0.4,0.0,0.0,0.0
20111105030900,0.0,3.3,96.4,0.3,0.0,0.0,0.0,0.0
20111105031000,0.0,63.0,36.8,0.1,0.1,0.0,0.0,0.0
20111105031100,0.0,75.4,24.6,0.0,0.0,0.0,0.0,0.0
20111105031200,0.0,49.3,50.6,0.0,0.1,0.0,0.0,0.0
20111105031300,0.0,22.7,77.2,0.0,0.1,0.0,0.0,0.0
20111105031400,0.0,33.1,66.6,0.1,0.3,0.0,0.0,0.0
20111105031500,0.0,82.1,17.8,0.0,0.0,0.0,0.0,0.0
20111105031600,0.0,48.8,50.9,0.2,0.1,0.0,0.0,0.0
20111105031700,0.0,42.1,57.5,0.2,0.2,0.0,0.0,0.0
20111105031800,0.0,13.2,86.2,0.4,0.1,0.0,0.0,0.0
20111105031900,0.0,1.2,98.8,0.0,0.0,0.0,0.0,0.0
20111105032000,0.0,1.4,98.5,0.1,0.0,0.0,0.0,0.0
20111105032100,0.0,17.0,82.3,0.4,0.3,0.0,0.0,0.0
20111105032200,0.0,1.5,97.4,1.0,0.1,0.0,0.0,0.0
20111105032300,0.0,32.3,62.3,4.6,0.4,0.0,0.3,0.0
20111105032400,0.0,8.0,88.4,2.9,0.4,0.0,0.2,0.1
20111105032500,0.0,8.3,83.1,8.3,0.1,0.0,0.2,0.0
20111105032600,0.0,82.2,16.8,0.6,0.2,0.0,0.1,0.1
20111105032700,0.0,64.7,34.8,0.4,0.1,0.0,0.0,0.0
20111105032800,0.0,82.8,17.2,0.0,0.0,0.0,0.0,0.0
20111105032900,0.0,71.3,28.6,0.0,0.1,0.0,0.0,0.0
20111105033000,0.0,17.7,82.3,0.0,0.1,0.0,0.0,0.0
20111105033100,0.0,44.3,53.8,0.6,1.3,0.0,0.0,0.0
20111105033200,0.0,18.0,81.7,0.2,0.1,0.0,0.0,0.0
20111105033300,0.0,3.4,96.5,0.0,0.1,0.0,0.0,0.0
20111105033400,0.0,3.2,96.8,0.0,0.0,0.0,0.0,0.0
20111105033500,0.0,4.0,95.9,0.0,0.1,0.0,0.0,0.0
20111105033600,0.0,7.0,92.9,0.0,0.1,0.0,0.0,0.0
20111105033700,0.0,2.0,98.0,0.0,0.0,0.0,0.0,0.0
20111105033800,0.0,2.2,97.7,0.0,0.0,0.0,0.0,0.0
20111105033900,0.0,0.0,100.0,0.0,0.0,0.0,0.0,0.0
20111105034000,0.0,0.1,99.9,0.0,0.0,0.0,0.0,0.0
20111105034100,0.0,0.0,100.0,0.0,0.0,0.0,0.0,0.0
20111105034200,0.0,0.4,99.6,0.0,0.0,0.0,0.0,0.0
20111105034300,0.0,0.2,99.8,0.0,0.0,0.0,0.0,0.0
20111105034400,0.0,3.5,96.5,0.0,0.0,0.0,0.0,0.0
20111105034500,0.0,0.4,99.4,0.1,0.1,0.0,0.0,0.0
20111105034600,0.0,9.5,88.2,0.5,1.8,0.0,0.0,0.0
20111105034700,0.0,7.6,89.8,0.3,2.3,0.0,0.0,0.0
20111105034800,0.0,28.9,70.4,0.3,0.3,0.0,0.0,0.1
20111105034900,0.0,1.6,98.0,0.2,0.2,0.0,0.0,0.0
20111105035000,0.0,57.7,41.2,0.6,0.5,0.0,0.0,0.0
20111105035100,0.0,24.7,70.9,2.0,1.9,0.0,0.5,0.1
20111105035200,0.0,19.0,81.0,0.0,0.0,0.0,0.0,0.0
20111105035300,0.0,19.2,79.4,0.1,0.3,0.0,1.0,0.0
20111105035400,0.0,92.1,6.9,0.1,0.8,0.0,0.1,0.1
20111105035500,0.0,73.4,24.7,0.1,0.9,0.0,0.6,0.4
20111105035600,0.0,47.2,52.4,0.0,0.4,0.0,0.0,0.0
20111105035700,0.0,71.7,27.7,0.0,0.3,0.0,0.4,0.0
20111105035800,0.0,59.2,40.2,0.1,0.1,0.0,0.3,0.1
20111105035900,0.0,27.1,70.9,0.2,0.3,0.0,1.5,0.1
20111105040000,0.0,75.9,23.3,0.1,0.1,0.0,0.6,0.0
20111105040100,0.0,61.3,36.9,0.1,1.2,0.0,0.2,0.3
20111105040200,0.0,47.9,51.0,0.1,0.7,0.0,0.4,0.0
20111105040300,0.0,19.0,72.7,1.6,6.4,0.0,0.3,0.1
20111105040400,0.0,19.1,78.4,0.7,1.3,0.0,0.4,0.2
20111105040500,0.0,19.7,75.7,2.1,2.3,0.0,0.1,0.0
20111105040600,0.0,18.1,61.3,4.4,16.1,0.0,0.1,0.0
20111105040700,0.0,11.4,81.6,1.2,5.7,0.0,0.0,0.0
20111105040800,0.0,51.3,42.8,2.8,3.1,0.0,0.0,0.0
20111105040900,0.0,12.0,85.6,0.1,2.2,0.0,0.1,0.0
20111105041000,0.0,26.9,68.9,0.1,3.7,0.0,0.4,0.1
20111105041100,0.0,20.8,72.5,0.1,5.3,0.0,0.9,0.4
20111105041200,0.0,24.1,62.9,0.1,3.6,0.0,9.0,0.3
20111105041300,0.0,21.3,59.0,0.3,13.5,0.0,0.8,5.0
20111105041400,0.0,13.1,31.2,0.5,42.2,0.0,6.0,7.0
20111105041500,0.0,2.0,16.8,0.6,61.0,0.0,14.6,5.1
20111105041600,0.0,3.4,86.4,0.1,5.7,0.0,3.8,0.6
20111105041700,0.0,3.5,67.8,1.6,5.0,0.0,21.2,1.0
20111105041800,0.0,0.6,94.8,0.4,2.3,0.0,1.6,0.2
20111105041900,0.0,1.0,79.3,2.8,8.2,0.0,8.6,0.1
20111105042000,0.0,1.8,75.3,0.7,10.0,0.0,12.1,0.1
20111105042100,0.0,7.0,55.9,2.1,5.9,0.0,29.1,0.0
20111105042200,0.0,5.3,77.3,0.6,12.3,0.0,4.4,0.1
20111105042300,0.0,1.4,15.2,0.8,18.5,0.0,63.9,0.1
20111105042400,0.0,1.0,81.1,0.4,4.1,0.0,13.2,0.2
20111105042500,0.0,1.4,96.1,0.0,2.0,0.0,0.1,0.3
20111105042600,0.0,1.3,95.3,0.2,3.1,0.0,0.1,0.1
20111105042700,0.0,0.2,88.8,0.1,10.4,0.0,0.4,0.0
20111105042800,0.0,0.1,99.4,0.0,0.5,0.0,0.0,0.0
20111105042900,0.0,0.5,96.8,0.0,2.0,0.0,0.5,0.1
20111105043000,0.0,1.2,66.4,0.1,31.3,0.0,0.8,0.1
20111105043100,0.0,0.1,76.4,0.2,21.3,0.0,2.0,0.0
20111105043200,0.0,0.0,91.9,0.0,7.0,0.0,0.6,0.4
20111105043300,0.0,0.3,67.9,0.1,21.9,0.0,0.2,9.6
20111105043400,0.0,1.2,65.5,0.1,20.5,0.0,1.4,11.3
20111105043500,0.0,0.5,39.6,0.0,34.9,0.0,0.8,24.1
20111105043600,0.0,0.2,29.4,0.1,66.1,0.0,0.7,3.6
20111105043700,0.0,0.3,20.7,0.1,36.3,0.0,30.6,12.0
20111105043800,0.0,0.4,20.2,0.2,43.9,0.0,16.7,18.7
20111105043900,0.0,0.3,13.4,0.8,44.7,0.0,20.9,19.9
20111105044000,0.0,0.1,1.3,0.4,2.7,0.0,85.4,10.0
20111105044100,0.0,0.0,1.6,0.1,3.9,0.0,88.4,5.9
20111105044200,0.0,0.2,3.2,11.9,50.5,0.0,16.6,17.6
20111105044300,0.0,0.1,1.4,0.3,6.9,0.0,84.4,6.9
20111105044400,0.0,0.1,0.1,0.2,17.1,0.0,8.9,73.6
20111105044500,0.0,0.1,0.1,0.5,2.5,0.0,45.6,51.2
20111105044600,0.0,0.1,0.0,1.9,7.3,0.0,1.5,89.1
20111105044700,0.0,0.1,0.1,1.0,18.4,0.0,4.4,76.1
20111105044800,0.0,0.3,0.0,0.1,6.0,0.0,2.8,90.7
20111105044900,0.0,0.0,0.0,0.1,1.1,0.0,0.9,97.9
20111105045000,0.0,0.0,0.0,0.0,0.1,0.0,0.1,99.8
20111105045100,0.0,0.0,0.0,0.0,0.3,0.0,0.1,99.6
20111105045200,0.0,0.0,0.0,0.0,0.0,0.0,0.0,100.0
20111105045300,0.0,0.0,0.0,0.0,0.0,0.0,0.0,100.0
20111105045400,0.0,0.0,0.0,0.0,0.0,0.0,0.0,100.0
20111105045500,0.0,0.0,0.0,0.0,0.0,0.0,0.0,100.0
20111105045600,0.0,0.0,0.0,0.0,0.1,0.0,0.0,99.9
20111105045700,0.0,0.0,0.0,0.0,0.1,0.0,0.0,99.9
20111105045800,0.0,0.0,0.0,0.0,0.0,0.0,0.0,100.0
20111105045900,0.0,0.0,0.0,0.0,0.1,0.0,0.0,99.9
20111105050000,0.0,0.0,0.0,0.0,0.0,0.0,0.0,100.0
20111105050100,0.0,0.0,0.0,0.0,0.0,0.0,0.0,100.0
20111105050200,0.0,0.0,0.0,0.0,0.0,0.0,0.0,100.0
20111105050300,0.0,0.0,0.0,0.0,0.0,0.0,0.0,100.0
20111105050400,0.0,0.0,0.0,0.0,0.0,0.0,0.0,100.0
20111105050500,0.0,0.0,0.0,0.0,0.0,0.0,0.0,100.0
20111105050600,0.0,0.0,0.0,0.0,0.0,0.0,0.0,100.0
20111105050700,0.0,0.0,0.0,0.0,0.0,0.0,0.0,100.0
20111105050800,0.0,0.0,0.0,0.0,0.0,0.0,0.0,100.0
20111105050900,0.0,0.0,0.0,0.0,0.0,0.0,0.0,100.0
20111105051000,0.0,0.0,0.0,0.0,0.0,0.0,0.0,100.0
20111105051100,0.0,0.0,0.0,0.0,0.0,0.0,0.0,100.0
20111105051200,0.0,0.0,0.0,0.0,0.0,0.0,0.0,100.0
20111105051300,0.0,0.0,0.0,0.0,0.0,0.0,0.0,100.0
20111105051400,0.0,0.0,0.0,0.0,0.0,0.0,0.0,100.0
20111105051500,0.0,0.0,0.0,0.0,0.0,0.0,0.0,100.0
