UT,arc,discrete,diffuse,ac,ab,clear,cloudy,dd
20111204141800,0.0,0.0,0.0,0.0,0.0,0.0,0.0,100.0
20111204141900,0.0,0.0,0.0,0.0,0.0,0.0,0.0,100.0
20111204142001,0.0,0.0,0.0,0.0,0.0,0.0,0.0,100.0
20111204142100,0.0,0.0,0.0,0.0,0.0,0.0,0.0,100.0
20111204142200,0.0,0.0,0.0,0.0,0.0,0.0,0.0,100.0
20111204142300,0.0,0.0,0.0,0.0,0.0,0.0,0.0,100.0
20111204142400,0.0,0.0,0.0,0.0,2.5,0.0,0.1,97.4
20111204142500,0.0,0.0,0.0,0.0,0.2,0.0,0.0,99.8
20111204142600,0.0,0.0,0.0,0.0,2.2,0.0,0.0,97.8
20111204142701,0.0,0.0,0.0,0.0,0.3,0.0,0.1,99.6
20111204142800,0.0,0.0,0.0,0.0,1.9,0.0,0.2,97.9
20111204142900,0.0,0.0,0.0,0.0,0.0,0.0,0.0,100.0
20111204143000,0.0,0.0,0.0,0.0,0.0,0.0,0.0,100.0
20111204143100,0.0,0.0,0.0,0.0,0.0,0.0,0.2,99.8
20111204143200,0.0,0.0,0.0,0.0,0.2,0.0,8.9,90.9
20111204143300,0.0,0.0,0.0,0.0,0.4,0.0,1.6,98.0
20111204143400,0.0,0.0,0.0,0.0,0.0,0.0,0.0,100.0
20111204143500,0.0,0.0,0.0,0.0,0.7,0.0,1.1,98.2
20111204143600,0.0,0.0,0.0,0.0,1.8,0.0,0.0,98.2
20111204143700,0.0,0.0,0.0,0.0,0.1,0.0,1.6,98.3
20111204143800,0.0,0.0,0.0,0.0,1.8,0.0,0.6,97.6
20111204143900,0.0,0.0,0.0,0.0,0.1,0.0,4.1,95.7
20111204144000,0.0,0.0,0.0,0.0,0.0,0.0,7.5,92.5
20111204144100,0.0,0.0,0.0,0.0,0.0,0.0,80.2,19.8
20111204144200,0.0,0.0,0.0,0.0,0.0,0.0,91.2,8.8
20111204144300,0.0,0.0,0.0,0.0,0.1,0.0,84.3,15.7
20111204144400,0.0,0.0,0.0,0.0,0.0,0.0,22.1,77.9
20111204144500,0.0,0.0,0.0,0.0,0.0,0.0,24.4,75.6
20111204144600,0.0,0.0,0.0,0.0,0.7,0.0,35.2,64.0
20111204144700,0.0,0.0,0.0,0.0,0.0,0.0,86.6,13.4
20111204144800,0.0,0.0,0.0,0.0,0.0,0.0,11.4,88.6
20111204144900,0.0,0.0,0.0,0.0,0.1,0.0,63.2,36.6
20111204145000,0.0,0.0,0.0,0.0,0.0,0.0,73.8,26.2
20111204145100,0.0,0.0,0.0,0.0,0.4,0.0,30.9,68.7
20111204145200,0.0,0.0,0.0,0.0,1.7,0.0,47.4,50.9
20111204145300,0.0,0.0,0.0,0.0,0.1,0.0,53.3,46.6
20111204145400,0.0,0.0,0.0,0.0,0.5,0.0,80.4,19.1
20111204145500,0.0,0.0,0.0,0.0,0.0,0.0,79.3,20.7
20111204145600,0.0,0.0,0.0,0.0,0.0,0.0,76.3,23.7
20111204145700,0.0,0.0,0.0,0.0,0.0,0.0,62.0,38.0
20111204145800,0.0,0.0,0.0,0.0,0.7,0.0,35.4,63.9
20111204145900,0.0,0.0,0.0,0.0,0.0,0.0,31.5,68.5
20111204150000,0.0,0.0,0.0,0.0,0.0,0.0,85.6,14.4
20111204150100,0.0,0.0,0.0,0.0,0.0,0.0,78.2,21.8
20111204150200,0.0,0.0,0.0,0.0,0.0,0.0,98.0,2.0
20111204150300,0.0,0.0,0.0,0.0,0.0,0.0,98.3,1.7
20111204150400,0.0,0.0,0.0,0.0,0.0,0.0,89.7,10.3
20111204150500,0.0,0.0,0.0,0.0,0.0,0.0,97.0,3.0
20111204150600,0.0,0.0,0.0,0.0,0.0,0.0,82.3,17.6
20111204150700,0.0,0.0,0.0,0.0,0.0,0.0,99.3,0.7
20111204150800,0.0,0.0,0.0,0.0,0.0,0.0,98.3,1.7
20111204150900,0.0,0.0,0.0,0.0,0.0,0.0,97.5,2.4
20111204151000,0.0,0.0,0.0,0.0,0.0,0.0,93.9,6.0
20111204151100,0.0,0.0,0.0,0.0,0.0,0.0,90.4,9.6
20111204151200,0.0,0.0,0.0,0.0,0.0,0.0,96.0,3.9
20111204151300,0.0,0.0,0.0,0.1,0.1,0.0,69.5,30.3
20111204151400,0.0,0.0,0.0,0.1,0.1,0.0,38.6,61.1
20111204151500,0.0,0.0,0.0,0.0,0.0,0.0,48.7,51.3
20111204151600,0.0,0.0,0.0,0.0,0.0,0.0,29.1,70.9
20111204151700,0.0,0.0,0.0,0.0,0.0,0.0,99.4,0.6
20111204151800,0.0,0.0,0.0,0.0,0.0,0.0,94.0,6.0
20111204151900,0.0,0.0,0.0,0.0,0.0,0.0,50.9,49.0
20111204152000,0.0,0.0,0.0,0.0,0.0,0.0,79.9,20.1
20111204152100,0.0,0.0,0.0,0.0,0.0,0.0,82.7,17.3
20111204152200,0.0,0.0,0.0,0.0,0.0,0.0,92.3,7.7
20111204152300,0.0,0.0,0.0,0.0,0.0,0.0,75.8,24.2
20111204152400,0.0,0.0,0.0,0.0,0.0,0.0,97.5,2.5
20111204152500,0.0,0.0,0.0,0.0,0.0,0.0,26.6,73.4
20111204152600,0.0,0.0,0.0,0.0,0.0,0.0,62.0,37.9
20111204152700,0.0,0.0,0.0,0.0,0.0,0.0,88.4,11.6
20111204152800,0.0,0.0,0.0,0.0,0.0,0.0,93.2,6.8
20111204152900,0.0,0.0,0.0,0.0,0.0,0.0,65.2,34.8
20111204153000,0.0,0.0,0.0,0.0,0.0,0.0,91.5,8.5
20111204153100,0.0,0.0,0.0,0.0,0.0,0.0,76.0,24.0
20111204153200,0.0,0.0,0.0,0.0,0.0,0.0,99.1,0.9
20111204153300,0.0,0.0,0.0,0.0,0.0,0.0,93.8,6.2
20111204153400,0.0,0.0,0.0,0.0,0.0,0.0,98.7,1.3
20111204153500,0.0,0.0,0.0,0.1,0.0,0.0,89.4,10.5
20111204153600,0.0,0.0,0.0,0.0,0.0,0.0,82.9,17.1
20111204153700,0.0,0.0,0.0,0.0,0.0,0.0,95.7,4.3
20111204153800,0.0,0.0,0.0,0.0,0.0,0.0,76.1,23.9
20111204153900,0.0,0.0,0.0,0.0,0.0,0.0,90.3,9.7
20111204154000,0.0,0.0,0.0,0.0,0.0,0.0,95.3,4.6
20111204154100,0.0,0.0,0.0,0.0,0.0,0.0,96.2,3.8
20111204154200,0.0,0.0,0.0,0.0,0.0,0.0,8.9,91.1
20111204154300,0.0,0.0,0.0,0.0,0.0,0.0,6.7,93.2
20111204154400,0.0,0.0,0.0,0.1,0.1,0.0,5.1,94.7
20111204154500,0.0,0.0,0.0,0.2,0.0,0.0,91.2,8.6
20111204154600,0.0,0.0,0.0,0.3,0.1,0.0,27.5,72.2
20111204154700,0.0,0.0,0.0,0.0,0.0,0.0,69.6,30.4
20111204154800,0.0,0.0,0.0,1.0,0.1,0.0,68.7,30.1
20111204154900,0.0,0.0,0.0,0.0,0.0,0.0,25.5,74.4
20111204155000,0.0,0.0,0.0,0.2,0.0,0.0,80.9,18.8
20111204155100,0.0,0.0,0.0,0.0,0.0,0.0,96.1,3.9
20111204155200,0.0,0.0,0.0,0.0,0.0,0.0,99.1,0.9
20111204155300,0.0,0.0,0.0,0.0,0.0,0.0,74.8,25.1
20111204155400,0.0,0.0,0.0,0.0,0.0,0.0,96.5,3.5
20111204155500,0.0,0.0,0.0,0.0,0.0,0.0,99.6,0.4
20111204155600,0.0,0.0,0.0,0.0,0.0,0.0,98.4,1.6
20111204155700,0.0,0.0,0.0,0.0,0.0,0.0,80.8,19.2
20111204155800,0.0,0.0,0.0,0.0,0.0,0.0,98.6,1.4
20111204155900,0.0,0.0,0.0,0.0,0.0,0.0,96.2,3.8
20111204160000,0.0,0.0,0.0,0.0,0.0,0.0,76.6,23.4
20111204160100,0.0,0.0,0.0,0.0,0.0,0.0,86.5,13.4
20111204160200,0.0,0.0,0.0,0.3,1.3,0.0,52.3,46.0
20111204160300,0.0,0.0,0.0,0.7,5.0,0.0,27.7,66.7
20111204160400,0.0,0.0,0.0,10.1,5.7,0.0,53.2,30.9
20111204160500,0.0,0.0,0.0,2.9,0.3,0.0,70.7,26.1
20111204160600,0.0,0.0,0.0,0.0,0.0,0.0,96.7,3.2
20111204160700,0.0,0.0,0.0,0.1,0.0,0.0,89.5,10.4
20111204160800,0.0,0.0,0.0,0.0,0.0,0.0,97.7,2.3
20111204160900,0.0,0.0,0.0,0.0,0.0,0.0,99.7,0.3
20111204161000,0.0,0.0,0.0,0.0,0.0,0.0,78.9,21.0
20111204161100,0.0,0.0,0.0,4.9,0.1,0.0,92.7,2.3
20111204161200,0.0,0.0,0.0,0.1,0.0,0.0,98.1,1.7
20111204161300,0.0,0.0,0.0,0.0,0.0,0.0,99.2,0.8
20111204161400,0.0,0.0,0.0,0.0,0.0,0.0,99.5,0.5
20111204161500,0.0,0.0,0.0,0.0,0.0,0.0,98.4,1.6
20111204161600,0.0,0.0,0.0,0.0,0.0,0.0,99.6,0.4
20111204161700,0.0,0.0,0.0,0.1,0.0,0.0,97.1,2.9
20111204161800,0.0,0.0,0.0,0.0,0.0,0.0,98.4,1.6
20111204161900,0.0,0.0,0.0,0.5,0.0,0.0,69.2,30.2
20111204162000,0.0,0.0,0.0,0.2,0.0,0.0,16.5,83.3
20111204162100,0.0,0.0,0.0,0.0,0.0,0.0,7.3,92.7
20111204162200,0.0,0.0,0.0,0.0,0.0,0.0,1.5,98.5
20111204162300,0.0,0.0,0.0,0.0,0.0,0.0,5.4,94.6
20111204162400,0.0,0.0,0.0,0.0,0.0,0.0,5.1,94.8
20111204162500,0.0,0.0,0.0,0.1,0.0,0.0,9.0,90.9
20111204162600,0.0,0.0,0.0,0.3,0.0,0.0,4.5,95.2
20111204162700,0.0,0.0,0.0,0.1,0.0,0.0,52.9,46.9
20111204162800,0.0,0.0,0.0,0.1,0.0,0.0,7.4,92.5
20111204162900,0.0,0.0,0.0,0.0,0.0,0.0,32.4,67.6
20111204163000,0.0,0.0,0.0,1.6,0.1,0.0,71.1,27.2
20111204163100,0.0,0.0,0.0,0.0,0.0,0.0,93.6,6.3
20111204163200,0.0,0.0,0.0,0.0,0.0,0.0,92.8,7.2
20111204163300,0.0,0.0,0.0,0.0,0.0,0.0,99.7,0.3
20111204163400,0.0,0.0,0.0,0.0,0.0,0.0,100.0,0.0
20111204163500,0.0,0.0,0.0,0.1,0.0,0.0,94.9,5.0
20111204163600,0.0,0.0,0.0,0.2,0.0,0.0,97.9,1.8
20111204163700,0.0,0.0,0.0,0.0,0.0,0.0,99.8,0.2
20111204163800,0.0,0.0,0.0,0.0,0.0,0.0,99.7,0.3
20111204163900,0.0,0.0,0.0,0.0,0.0,0.0,97.5,2.5
20111204164000,0.0,0.0,0.0,0.0,0.0,0.0,96.3,3.7
20111204164100,0.0,0.0,0.0,0.0,0.0,0.0,98.1,1.9
20111204164200,0.0,0.0,0.0,0.0,0.0,0.0,99.9,0.1
20111204164300,0.0,0.0,0.0,0.0,0.0,0.0,99.4,0.6
20111204164400,0.0,0.0,0.0,0.0,0.0,0.0,91.1,8.9
20111204164500,0.0,0.0,0.0,0.0,0.0,0.0,99.4,0.5
20111204164600,0.0,0.0,0.0,0.0,0.0,0.0,100.0,0.0
20111204164700,0.0,0.0,0.0,0.0,0.0,0.0,97.5,2.5
20111204164800,0.0,0.0,0.0,0.0,0.0,0.0,99.9,0.1
20111204164900,0.0,0.0,0.0,0.0,0.0,0.0,100.0,0.0
20111204165000,0.0,0.0,0.0,0.0,0.0,0.0,81.3,18.7
20111204165100,0.0,0.0,0.0,0.0,0.0,0.0,97.6,2.4
20111204165200,0.0,0.0,0.0,0.0,0.0,0.0,97.6,2.4
20111204165300,0.0,0.0,0.0,0.0,0.0,0.0,96.5,3.5
20111204165400,0.0,0.0,0.0,0.0,0.0,0.0,99.4,0.6
20111204165500,0.0,0.0,0.0,0.0,0.0,0.0,60.6,39.3
20111204165600,0.0,0.0,0.0,0.0,0.0,0.0,49.7,50.3
20111204165700,0.0,0.0,0.0,0.0,0.0,0.0,79.6,20.4
20111204165800,0.0,0.0,0.0,0.0,0.0,0.0,65.0,35.0
20111204165900,0.0,0.0,0.0,0.0,0.0,0.0,8.3,91.7
20111204170000,0.0,0.0,0.0,0.0,0.0,0.0,34.3,65.7
20111204170100,0.0,0.0,0.0,0.0,0.0,0.0,95.6,4.4
20111204170200,0.0,0.0,0.0,0.0,0.0,0.0,84.5,15.5
20111204170300,0.0,0.0,0.0,0.0,0.0,0.0,78.1,21.9
20111204170400,0.0,0.0,0.0,0.0,0.0,0.0,91.8,8.2
20111204170500,0.0,0.0,0.0,0.0,0.0,0.0,96.1,3.9
20111204170600,0.0,0.0,0.0,0.0,0.0,0.0,83.2,16.8
20111204170700,0.0,0.0,0.0,0.0,0.0,0.0,91.9,8.1
20111204170800,0.0,0.0,0.0,0.0,0.0,0.0,96.2,3.8
20111204170900,0.0,0.0,0.0,0.0,0.0,0.0,86.4,13.6
20111204171000,0.0,0.0,0.0,0.0,0.0,0.0,97.2,2.8
20111204171100,0.0,0.0,0.0,0.0,0.0,0.0,96.6,3.4
20111204171200,0.0,0.0,0.0,0.0,0.0,0.0,98.7,1.3
20111204171300,0.0,0.0,0.0,0.0,0.0,0.0,95.3,4.7
20111204171400,0.0,0.0,0.0,0.0,0.0,0.0,89.6,10.4
20111204171500,0.0,0.0,0.0,0.0,0.0,0.0,73.8,26.2
20111204171600,0.0,0.0,0.0,0.0,0.0,0.0,88.3,11.7
20111204171700,0.0,0.0,0.0,0.0,0.0,0.0,98.1,1.9
20111204171800,0.0,0.0,0.0,0.0,0.0,0.0,99.0,1.0
20111204171900,0.0,0.0,0.0,0.0,0.0,0.0,99.6,0.4
20111204172000,0.0,0.0,0.0,0.0,0.0,0.0,99.4,0.5
20111204172100,0.0,0.0,0.0,0.0,0.0,0.0,99.9,0.1
20111204172200,0.0,0.0,0.0,0.0,0.0,0.0,99.9,0.1
20111204172300,0.0,0.0,0.0,0.0,0.0,0.0,100.0,0.0
20111204172400,0.0,0.0,0.0,0.0,0.0,0.0,99.6,0.4
20111204172500,0.0,0.0,0.0,0.0,0.0,0.0,100.0,0.0
20111204172600,0.0,0.0,0.0,0.0,0.0,0.0,99.9,0.1
20111204172700,0.0,0.0,0.0,0.0,0.0,0.0,100.0,0.0
20111204172800,0.0,0.0,0.0,0.0,0.0,0.0,100.0,0.0
20111204172900,0.0,0.0,0.0,0.0,0.0,0.0,100.0,0.0
20111204173000,0.0,0.0,0.0,0.0,0.0,0.0,100.0,0.0
20111204173100,0.0,0.0,0.0,0.0,0.0,0.0,100.0,0.0
20111204173200,0.0,0.0,0.0,0.0,0.0,0.0,99.9,0.1
20111204173300,0.0,0.0,0.0,0.0,0.0,0.0,99.9,0.1
20111204173400,0.0,0.0,0.0,0.0,0.0,0.0,99.7,0.3
20111204173500,0.0,0.0,0.0,0.0,0.0,0.0,97.8,2.2
20111204173600,0.0,0.0,0.0,0.0,0.0,0.0,99.6,0.4
20111204173700,0.0,0.0,0.0,0.0,0.0,0.0,99.9,0.1
20111204173800,0.0,0.0,0.0,0.0,0.0,0.0,99.9,0.1
20111204173900,0.0,0.0,0.0,0.0,0.0,0.0,99.5,0.5
20111204174000,0.0,0.0,0.0,0.0,0.0,0.0,99.8,0.2
20111204174100,0.0,0.0,0.0,0.0,0.0,0.0,99.8,0.2
20111204174200,0.0,0.0,0.0,0.0,0.0,0.0,97.2,2.8
20111204174300,0.0,0.0,0.0,0.0,0.1,0.0,96.1,3.8
20111204174400,0.0,0.0,0.0,0.0,0.0,0.0,97.5,2.5
20111204174500,0.0,0.0,0.0,0.0,0.0,0.0,99.5,0.5
20111204174600,0.0,0.0,0.0,0.0,0.0,0.0,99.5,0.5
20111204174700,0.0,0.0,0.0,0.0,0.0,0.0,96.8,3.2
20111204174800,0.0,0.0,0.0,0.0,0.0,0.0,97.7,2.3
20111204174900,0.0,0.0,0.0,0.0,0.0,0.0,99.9,0.1
20111204175000,0.0,0.0,0.0,0.0,0.0,0.0,99.7,0.3
20111204175100,0.0,0.0,0.0,0.0,0.0,0.0,92.2,7.8
20111204175200,0.0,0.0,0.0,0.0,0.0,0.0,99.0,1.0
20111204175300,0.0,0.0,0.0,0.0,0.0,0.0,99.3,0.7
20111204175400,0.0,0.0,0.0,0.0,0.0,0.0,73.5,26.5
20111204175500,0.0,0.0,0.0,0.0,0.0,0.0,84.7,15.3
20111204175600,0.0,0.0,0.0,0.0,0.0,0.0,21.9,78.1
20111204175700,0.0,0.0,0.0,0.0,0.0,0.0,38.5,61.5
20111204175800,0.0,0.0,0.0,0.0,0.0,0.0,86.4,13.6
20111204175900,0.0,0.0,0.0,0.0,0.0,0.0,51.6,48.4
20111204180000,0.0,0.0,0.0,0.0,0.4,0.0,65.0,34.5
20111204180100,0.0,0.0,0.0,0.0,0.0,0.0,43.9,56.0
20111204180200,0.0,0.0,0.0,0.0,0.0,0.0,28.8,71.1
20111204180300,0.0,0.0,0.0,0.0,0.5,0.0,57.9,41.5
20111204180400,0.0,0.0,0.0,0.0,0.1,0.0,63.6,36.4
20111204180500,0.0,0.0,0.0,0.0,0.1,0.0,84.7,15.2
20111204180600,0.0,0.0,0.0,0.0,0.1,0.0,79.4,20.5
20111204180700,0.0,0.0,0.0,0.0,0.0,0.0,94.4,5.6
20111204180800,0.0,0.0,0.0,0.0,0.0,0.0,96.1,3.9
20111204180900,0.0,0.0,0.0,0.0,0.2,0.0,71.5,28.2
20111204181000,0.0,0.0,0.0,0.0,0.0,0.0,61.0,38.9
20111204181100,0.0,0.0,0.0,0.0,0.0,0.0,85.3,14.7
20111204181200,0.0,0.0,0.0,0.0,0.0,0.0,87.7,12.3
20111204181300,0.0,0.0,0.0,0.0,0.0,0.0,81.7,18.3
20111204181400,0.0,0.0,0.0,0.0,0.0,0.0,42.8,57.2
20111204181500,0.0,0.0,0.0,0.0,0.0,0.0,94.7,5.2
20111204181600,0.0,0.0,0.0,0.0,0.1,0.0,23.5,76.4
20111204181700,0.0,0.0,0.0,0.0,0.1,0.0,48.7,51.1
20111204181800,0.0,0.0,0.0,0.0,2.3,0.0,55.9,41.7
20111204181900,0.0,0.0,0.0,0.0,0.1,0.0,88.2,11.7
20111204182000,0.0,0.0,0.0,0.0,0.1,0.0,86.4,13.5
20111204182100,0.0,0.0,0.0,0.0,0.5,0.0,77.2,22.3
20111204182200,0.0,0.0,0.0,0.0,0.7,0.0,51.5,47.7
20111204182300,0.0,0.0,0.0,0.0,13.2,0.0,24.0,62.8
20111204182400,0.0,0.0,0.0,0.0,2.2,0.0,32.1,65.6
20111204182500,0.0,0.0,0.0,0.0,0.6,0.0,54.0,45.4
20111204182600,0.0,0.0,0.0,0.0,0.6,0.0,21.7,77.7
20111204182700,0.0,0.0,0.0,0.0,1.0,0.0,42.0,57.0
20111204182800,0.0,0.0,0.0,0.0,0.9,0.0,28.8,70.3
20111204182900,0.0,0.0,0.0,0.0,2.4,0.0,65.9,31.7
20111204183000,0.0,0.0,0.0,0.0,1.5,0.0,90.7,7.7
20111204183100,0.0,0.0,0.0,0.0,0.1,0.0,99.9,0.1
20111204183200,0.0,0.0,0.0,0.0,0.5,0.0,91.6,7.9
20111204183300,0.0,0.0,0.0,0.0,0.7,0.0,90.9,8.4
20111204183400,0.0,0.0,0.0,0.0,1.5,0.0,84.2,14.3
20111204183500,0.0,0.0,0.0,0.0,5.0,0.0,90.6,4.3
20111204183600,0.0,0.0,0.0,0.0,1.3,0.0,73.1,25.5
20111204183700,0.0,0.0,0.0,0.0,0.1,0.0,98.1,1.8
20111204183800,0.0,0.0,0.0,0.1,0.8,0.1,88.5,10.5
20111204183900,0.0,0.0,0.0,0.2,4.2,1.0,68.7,26.0
20111204184000,0.0,0.0,0.0,0.1,1.0,0.2,90.1,8.6
20111204184100,0.0,0.0,0.0,0.1,12.7,0.0,49.8,37.4
20111204184200,0.0,0.0,0.0,0.0,0.4,0.0,38.9,60.7
20111204184300,0.0,0.0,0.0,0.1,0.1,0.1,85.9,13.9
20111204184400,0.0,0.0,0.0,0.1,0.2,0.1,85.2,14.5
20111204184500,0.0,0.0,0.0,0.3,0.2,0.0,87.6,11.8
20111204184600,0.0,0.0,0.0,0.1,0.0,0.0,68.8,31.1
20111204184700,0.0,0.0,0.0,0.0,0.2,0.0,49.8,50.0
20111204184800,0.0,0.0,0.0,0.2,0.2,0.0,26.8,72.8
20111204184900,0.0,0.0,0.0,1.5,0.4,0.0,23.4,74.6
20111204185000,0.0,0.0,0.0,0.3,0.3,0.0,14.5,84.9
20111204185100,0.0,0.0,0.0,0.2,0.5,0.0,16.7,82.6
20111204185200,0.0,0.0,0.0,0.0,0.0,0.0,18.0,81.9
20111204185300,0.0,0.0,0.0,0.0,0.0,0.0,1.9,98.1
20111204185400,0.0,0.0,0.0,0.0,0.0,0.0,0.2,99.8
20111204185500,0.0,0.0,0.0,0.0,0.0,0.0,3.5,96.5
20111204185600,0.0,0.0,0.0,0.1,0.0,0.0,51.5,48.4
20111204185700,0.0,0.0,0.0,0.1,0.0,0.0,78.9,21.0
20111204185800,0.0,0.0,0.0,0.0,0.0,0.0,80.0,20.0
20111204185900,0.0,0.0,0.0,3.4,0.7,0.0,68.3,27.6
20111204190000,0.0,0.0,0.0,0.9,0.6,0.0,40.6,57.9
20111204190100,0.0,0.0,0.0,2.8,1.4,0.1,44.3,51.5
20111204190200,0.0,0.0,0.0,1.2,1.0,0.0,63.5,34.3
20111204190300,0.0,0.0,0.0,0.8,0.5,0.0,73.1,25.6
20111204190400,0.0,0.0,0.0,0.1,0.0,0.0,95.2,4.7
20111204190500,0.0,0.0,0.0,0.0,0.0,0.0,96.5,3.5
20111204190600,0.0,0.0,0.0,0.1,0.0,0.0,88.3,11.6
20111204190700,0.0,0.0,0.0,0.0,0.0,0.0,99.0,1.0
20111204190800,0.0,0.0,0.0,0.1,0.5,0.0,93.2,6.1
20111204190900,0.0,0.0,0.0,0.0,0.1,0.0,95.7,4.1
20111204191000,0.0,0.0,0.0,0.0,0.1,0.0,91.0,8.9
20111204191100,0.0,0.0,0.0,0.0,0.0,0.0,59.4,40.5
20111204191200,0.0,0.0,0.0,0.0,0.1,0.0,70.2,29.7
20111204191300,0.0,0.0,0.0,0.0,0.0,0.0,78.1,21.9
20111204191400,0.0,0.0,0.0,0.0,0.1,0.0,92.2,7.7
20111204191500,0.0,0.0,0.0,0.0,0.1,0.0,88.0,11.9
20111204191600,0.0,0.0,0.0,0.0,0.1,0.0,90.2,9.7
20111204191700,0.0,0.0,0.0,0.2,0.1,0.0,82.2,17.6
20111204191800,0.0,0.0,0.0,0.0,0.2,0.0,56.6,43.1
20111204191900,0.0,0.0,0.0,0.0,1.2,0.0,33.3,65.4
20111204192000,0.0,0.0,0.0,0.1,0.2,0.0,53.2,46.6
20111204192100,0.0,0.0,0.0,0.0,0.7,0.0,74.9,24.4
20111204192200,0.0,0.0,0.0,0.2,0.4,0.0,73.0,26.4
20111204192300,0.0,0.0,0.0,0.8,2.5,0.0,51.8,44.8
20111204192400,0.0,0.0,0.0,0.3,0.1,0.0,61.8,37.8
20111204192500,0.0,0.0,0.0,0.0,0.2,0.0,69.3,30.5
20111204192600,0.0,0.0,0.0,0.6,2.2,0.0,51.0,46.2
20111204192700,0.0,0.0,0.0,0.3,1.7,0.0,75.9,22.0
20111204192800,0.0,0.0,0.0,0.3,0.3,0.1,54.4,45.0
20111204192900,0.0,0.0,0.0,0.1,0.3,0.1,65.6,34.0
20111204193000,0.0,0.0,0.0,0.2,0.2,0.0,18.8,80.7
20111204193100,0.0,0.0,0.0,0.0,0.0,0.0,16.6,83.3
20111204193200,0.0,0.0,0.0,0.0,0.0,0.0,5.1,94.8
20111204193300,0.0,0.0,0.0,0.1,0.1,0.0,8.9,90.8
20111204193400,0.0,0.0,0.0,0.3,0.1,0.1,7.9,91.7
20111204193500,0.0,0.0,0.0,0.1,0.2,0.0,14.5,85.2
20111204193600,0.0,0.0,0.0,1.1,1.6,0.1,12.2,84.9
20111204193700,0.0,0.0,0.0,0.2,0.2,0.1,18.2,81.3
20111204193800,0.0,0.0,0.0,0.5,0.6,0.0,36.9,62.0
20111204193900,0.0,0.0,0.0,0.5,1.6,0.1,25.6,72.3
20111204194000,0.0,0.0,0.0,0.4,0.1,0.0,21.8,77.7
20111204194100,0.0,0.0,0.0,0.0,0.0,0.0,5.8,94.1
20111204194200,0.0,0.0,0.0,0.1,0.2,0.0,21.3,78.3
20111204194300,0.0,0.0,0.0,0.1,0.4,0.0,9.1,90.3
20111204194400,0.0,0.0,0.0,0.1,0.2,0.1,66.3,33.4
20111204194500,0.0,0.0,0.0,0.1,0.4,0.1,25.1,74.3
20111204194600,0.0,0.0,0.0,0.1,0.1,0.0,19.8,80.0
20111204194700,0.0,0.0,0.0,0.0,0.3,0.1,38.9,60.7
20111204194800,0.0,0.0,0.0,0.0,0.5,0.1,73.0,26.4
20111204194900,0.0,0.0,0.0,0.0,0.1,0.0,52.7,47.2
20111204195000,0.0,0.0,0.0,0.1,0.1,0.0,65.7,34.1
20111204195100,0.0,0.0,0.0,0.0,0.0,0.0,78.1,21.8
20111204195200,0.0,0.0,0.0,0.0,0.0,0.0,80.0,19.9
20111204195300,0.0,0.0,0.0,0.1,0.1,0.0,30.8,69.0
20111204195400,0.0,0.0,0.0,0.0,0.0,0.0,89.3,10.7
20111204195500,0.0,0.0,0.0,0.2,1.0,0.0,86.0,12.8
20111204195600,0.0,0.0,0.0,0.0,0.0,0.0,99.5,0.4
20111204195700,0.0,0.0,0.0,0.1,0.0,0.0,98.4,1.5
20111204195800,0.0,0.0,0.0,0.2,0.1,0.0,96.3,3.3
20111204195900,0.0,0.0,0.0,0.0,0.0,0.0,99.6,0.3
20111204200000,0.0,0.0,0.0,0.0,0.0,0.0,99.8,0.2
20111204200100,0.0,0.0,0.0,0.0,0.0,0.0,99.6,0.4
20111204200200,0.0,0.0,0.0,0.0,0.0,0.0,99.6,0.4
20111204200300,0.0,0.0,0.0,0.0,0.0,0.0,99.8,0.1
20111204200400,0.0,0.0,0.0,0.0,0.0,0.0,99.7,0.3
20111204200500,0.0,0.0,0.0,0.0,0.0,0.0,100.0,0.0
20111204200600,0.0,0.0,0.0,0.0,0.0,0.0,99.9,0.0
20111204200700,0.0,0.0,0.0,0.0,0.1,0.0,99.7,0.1
20111204200800,0.0,0.0,0.0,0.0,0.0,0.0,100.0,0.0
20111204200900,0.0,0.0,0.0,0.0,0.0,0.0,100.0,0.0
20111204201000,0.0,0.0,0.0,0.4,0.3,0.0,99.2,0.1
20111204201100,0.0,0.0,0.0,0.0,0.1,0.0,99.8,0.0
20111204201200,0.0,0.0,0.0,0.0,0.0,0.0,100.0,0.0
20111204201300,0.0,0.0,0.0,0.0,0.0,0.0,100.0,0.0
20111204201400,0.0,0.0,0.0,0.1,0.0,0.0,99.9,0.0
20111204201500,0.0,0.0,0.0,0.0,0.0,0.0,100.0,0.0
20111204201600,0.0,0.0,0.0,0.3,0.0,0.0,99.7,0.0
20111204201700,0.0,0.0,0.0,0.0,0.0,0.0,100.0,0.0
20111204201800,0.0,0.0,0.0,0.0,0.0,0.0,100.0,0.0
20111204201900,0.0,0.0,0.0,0.1,0.0,0.0,99.9,0.0
20111204202000,0.0,0.0,0.0,0.0,0.0,0.0,100.0,0.0
20111204202100,0.0,0.0,0.0,0.0,0.0,0.0,100.0,0.0
20111204202200,0.0,0.0,0.0,0.0,0.0,0.0,100.0,0.0
20111204202300,0.0,0.0,0.0,0.2,0.0,0.0,99.7,0.1
20111204202400,0.0,0.0,0.0,0.0,0.0,0.0,100.0,0.0
20111204202500,0.0,0.0,0.0,0.0,0.0,0.0,100.0,0.0
20111204202600,0.0,0.0,0.0,0.1,0.0,0.0,99.8,0.1
20111204202700,0.0,0.0,0.0,0.0,0.0,0.0,99.9,0.0
20111204202800,0.0,0.0,0.0,0.2,0.0,0.0,99.8,0.0
20111204202900,0.0,0.0,0.0,0.0,0.0,0.0,100.0,0.0
20111204203000,0.0,0.0,0.0,0.1,0.0,0.0,99.9,0.1
20111204203100,0.0,0.0,0.0,0.0,0.0,0.0,100.0,0.0
20111204203200,0.0,0.0,0.0,0.0,0.0,0.0,100.0,0.0
20111204203300,0.0,0.0,0.0,0.0,0.0,0.0,100.0,0.0
20111204203400,0.0,0.0,0.0,0.0,0.0,0.0,100.0,0.0
20111204203500,0.0,0.0,0.0,0.3,0.0,0.0,99.7,0.1
20111204203600,0.0,0.0,0.0,3.7,0.0,0.0,95.8,0.5
20111204203700,0.0,0.0,0.0,1.1,0.0,0.0,98.6,0.3
20111204203800,0.0,0.0,0.0,2.1,0.0,0.0,96.7,1.2
20111204203900,0.0,0.0,0.0,0.1,0.0,0.0,99.8,0.1
20111204204000,0.0,0.0,0.0,0.0,0.0,0.0,99.9,0.0
20111204204100,0.0,0.0,0.0,0.0,0.0,0.0,100.0,0.0
20111204204200,0.0,0.0,0.0,0.0,0.0,0.0,100.0,0.0
20111204204300,0.0,0.0,0.0,0.0,0.0,0.0,99.9,0.1
20111204204400,0.0,0.0,0.0,0.0,0.0,0.0,99.8,0.2
20111204204500,0.0,0.0,0.0,0.0,0.0,0.0,99.8,0.2
20111204204600,0.0,0.0,0.0,0.0,0.0,0.0,99.9,0.1
20111204204700,0.0,0.0,0.0,0.0,0.0,0.0,99.3,0.6
20111204204800,0.0,0.0,0.0,0.1,0.0,0.0,99.4,0.5
20111204204900,0.0,0.0,0.0,0.1,0.0,0.0,99.5,0.5
20111204205000,0.0,0.0,0.0,0.2,0.0,0.0,98.5,1.3
20111204205100,0.0,0.0,0.0,0.0,0.0,0.0,99.5,0.5
20111204205200,0.0,0.0,0.0,0.0,0.0,0.0,99.3,0.7
20111204205300,0.0,0.0,0.0,0.0,0.0,0.0,99.2,0.8
20111204205400,0.0,0.0,0.0,0.0,0.0,0.0,98.2,1.8
20111204205500,0.0,0.0,0.0,0.0,0.0,0.0,99.7,0.3
20111204205600,0.0,0.0,0.0,0.0,0.0,0.0,99.8,0.2
20111204205700,0.0,0.0,0.0,0.0,0.0,0.0,96.3,3.6
20111204205800,0.0,0.0,0.0,0.2,0.0,0.0,95.1,4.7
20111204205900,0.0,0.0,0.0,0.0,0.0,0.0,95.7,4.3
20111204210000,0.0,0.0,0.0,0.0,0.0,0.0,89.6,10.4
20111204210100,0.0,0.0,0.0,0.0,0.0,0.0,98.2,1.8
20111204210200,0.0,0.0,0.0,0.0,0.0,0.0,97.4,2.6
20111204210300,0.0,0.0,0.0,0.0,0.0,0.0,91.7,8.3
20111204210400,0.0,0.0,0.0,0.0,0.0,0.0,98.8,1.2
20111204210500,0.0,0.0,0.0,0.0,0.0,0.0,99.2,0.8
20111204210600,0.0,0.0,0.0,0.0,0.0,0.0,98.9,1.1
20111204210700,0.0,0.0,0.0,0.0,0.0,0.0,99.6,0.4
20111204210800,0.0,0.0,0.0,0.0,0.0,0.0,99.6,0.3
20111204210900,0.0,0.0,0.0,0.0,0.0,0.0,99.1,0.9
20111204211000,0.0,0.0,0.0,0.0,0.0,0.0,99.8,0.2
20111204211100,0.0,0.0,0.0,0.0,0.0,0.0,95.7,4.3
20111204211200,0.0,0.0,0.0,0.0,0.0,0.0,84.3,15.6
20111204211300,0.0,0.0,0.0,0.0,0.0,0.0,69.1,30.9
20111204211400,0.0,0.0,0.0,0.0,0.0,0.0,23.3,76.7
20111204211500,0.0,0.0,0.0,0.0,0.0,0.0,94.4,5.6
20111204211600,0.0,0.0,0.0,0.0,0.0,0.0,91.1,8.9
20111204211700,0.0,0.0,0.0,0.0,0.0,0.0,95.5,4.5
20111204211800,0.0,0.0,0.0,0.0,0.0,0.0,82.0,18.0
20111204211900,0.0,0.0,0.0,0.5,0.0,0.0,87.4,12.1
20111204212000,0.0,0.0,0.0,0.0,0.0,0.0,4.9,95.1
20111204212100,0.0,0.0,0.0,1.0,0.0,0.0,57.5,41.4
20111204212200,0.0,0.0,0.0,0.0,0.0,0.0,68.4,31.6
20111204212300,0.0,0.0,0.0,0.0,0.0,0.0,52.8,47.1
20111204212400,0.0,0.0,0.0,0.2,0.0,0.0,64.1,35.7
20111204212500,0.0,0.0,0.0,0.0,0.0,0.0,93.4,6.6
20111204212600,0.0,0.0,0.0,0.0,0.0,0.0,93.6,6.3
20111204212700,0.0,0.0,0.0,0.0,0.0,0.0,77.6,22.4
20111204212800,0.0,0.0,0.0,0.0,0.0,0.0,24.1,75.9
20111204212900,0.0,0.0,0.0,1.0,0.0,0.0,61.7,37.3
20111204213000,0.0,0.0,0.0,0.0,0.0,0.0,50.9,49.1
20111204213100,0.0,0.0,0.0,0.0,0.0,0.0,56.6,43.3
20111204213200,0.0,0.0,0.0,0.1,0.0,0.0,56.4,43.5
20111204213300,0.0,0.0,0.0,0.0,0.0,0.0,47.9,52.1
20111204213400,0.0,0.0,0.0,0.0,0.0,0.0,64.2,35.8
20111204213500,0.0,0.0,0.0,0.0,0.0,0.0,26.6,73.4
20111204213600,0.0,0.0,0.0,0.1,0.0,0.0,76.0,24.0
20111204213700,0.0,0.0,0.0,0.2,0.0,0.0,77.5,22.3
20111204213800,0.0,0.0,0.0,0.1,0.0,0.0,82.6,17.4
20111204213900,0.0,0.0,0.0,0.0,0.0,0.0,77.0,23.0
20111204214000,0.0,0.0,0.0,0.0,0.0,0.0,36.9,63.1
20111204214100,0.0,0.0,0.0,0.1,0.0,0.0,9.0,90.9
20111204214200,0.0,0.0,0.0,0.0,0.0,0.0,73.0,27.0
20111204214300,0.0,0.0,0.0,0.2,0.0,0.0,93.1,6.7
20111204214400,0.0,0.0,0.0,0.3,0.0,0.0,89.0,10.7
20111204214500,0.0,0.0,0.0,0.0,0.0,0.0,25.3,74.7
20111204214600,0.0,0.0,0.0,0.1,0.0,0.0,70.3,29.6
20111204214700,0.0,0.0,0.0,0.1,0.0,0.0,70.2,29.8
20111204214800,0.0,0.0,0.0,0.1,0.0,0.0,66.2,33.7
20111204214900,0.0,0.0,0.0,0.1,0.0,0.0,94.7,5.3
20111204215000,0.0,0.0,0.0,0.0,0.0,0.0,91.2,8.8
20111204215100,0.0,0.0,0.0,0.0,0.0,0.0,91.9,8.0
20111204215200,0.0,0.0,0.0,0.0,0.0,0.0,98.0,1.9
20111204215300,0.0,0.0,0.0,0.0,0.0,0.0,91.7,8.3
20111204215400,0.0,0.0,0.0,0.0,0.0,0.0,51.0,49.0
20111204215500,0.0,0.0,0.0,0.0,0.0,0.0,92.3,7.7
20111204215600,0.0,0.0,0.0,0.0,0.0,0.0,93.0,7.0
20111204215700,0.0,0.0,0.0,1.1,0.0,0.0,52.1,46.8
20111204215800,0.0,0.0,0.0,0.8,0.0,0.0,52.3,46.9
20111204215900,0.0,0.0,0.0,0.0,0.0,0.0,97.2,2.8
20111204220000,0.0,0.0,0.0,0.1,0.0,0.0,87.3,12.6
20111204220100,0.0,0.0,0.0,0.1,0.0,0.0,22.7,77.2
20111204220200,0.0,0.0,0.0,0.0,0.0,0.0,87.5,12.5
20111204220300,0.0,0.0,0.0,0.1,0.0,0.0,88.1,11.8
20111204220400,0.0,0.0,0.0,0.2,0.0,0.0,69.1,30.8
20111204220500,0.0,0.0,0.0,0.1,0.0,0.0,71.1,28.8
20111204220600,0.0,0.0,0.0,0.2,0.0,0.0,91.9,7.9
20111204220700,0.0,0.0,0.0,0.4,0.0,0.0,24.7,74.9
20111204220800,0.0,0.0,0.0,0.1,0.0,0.0,89.4,10.5
20111204220900,0.0,0.0,0.0,0.0,0.0,0.0,91.0,9.0
20111204221000,0.0,0.0,0.0,0.0,0.0,0.0,99.1,0.9
20111204221100,0.0,0.0,0.0,0.0,0.0,0.0,91.9,8.1
20111204221200,0.0,0.0,0.0,0.0,0.0,0.0,99.8,0.2
20111204221300,0.0,0.0,0.0,0.1,0.0,0.0,96.3,3.6
20111204221400,0.0,0.0,0.0,2.3,0.0,0.0,68.5,29.2
20111204221500,0.0,0.0,0.0,1.5,0.0,0.0,17.4,81.1
20111204221600,0.0,0.0,0.0,1.0,0.0,0.0,23.4,75.6
20111204221700,0.0,0.0,0.0,2.0,0.0,0.0,30.8,67.2
20111204221800,0.0,0.0,0.0,2.4,0.0,0.0,31.6,66.0
20111204221900,0.0,0.0,0.0,0.3,0.0,0.0,95.6,4.1
20111204222000,0.0,0.0,0.0,2.3,0.0,0.0,42.9,54.8
20111204222100,0.0,0.0,0.0,0.5,0.0,0.0,42.1,57.3
20111204222200,0.0,0.0,0.0,1.0,0.0,0.0,43.1,55.9
20111204222300,0.0,0.0,0.0,0.3,0.0,0.0,20.2,79.4
20111204222400,0.0,0.0,0.0,1.6,0.0,0.0,65.5,32.8
20111204222500,0.0,0.0,0.0,1.1,0.0,0.0,89.0,9.9
20111204222600,0.0,0.0,0.0,0.1,0.0,0.0,44.4,55.5
20111204222700,0.0,0.0,0.0,0.3,0.0,0.0,75.0,24.7
20111204222800,0.0,0.0,0.0,0.4,0.0,0.0,39.2,60.4
20111204222900,0.0,0.0,0.0,0.1,0.0,0.0,96.2,3.7
20111204223000,0.0,0.0,0.0,0.1,0.0,0.0,99.8,0.1
20111204223100,0.0,0.0,0.0,0.0,0.0,0.0,99.1,0.9
20111204223200,0.0,0.0,0.0,0.0,0.0,0.0,99.7,0.3
20111204223300,0.0,0.0,0.0,0.2,0.0,0.0,98.1,1.7
20111204223400,0.0,0.0,0.0,0.2,0.0,0.0,98.5,1.3
20111204223500,0.0,0.0,0.0,0.2,0.0,0.0,86.7,13.1
20111204223600,0.0,0.0,0.0,3.4,0.0,0.0,80.5,16.1
20111204223700,0.0,0.0,0.0,4.2,0.1,0.0,6.1,89.7
20111204223800,0.0,0.0,0.0,5.7,0.0,0.0,26.7,67.6
20111204223900,0.0,0.0,0.0,2.0,0.0,0.0,13.4,84.6
20111204224000,0.0,0.0,0.0,2.0,0.0,0.0,74.8,23.3
20111204224100,0.0,0.0,0.0,1.6,0.0,0.0,96.0,2.4
20111204224200,0.0,0.0,0.0,0.3,0.0,0.0,69.9,29.9
20111204224300,0.0,0.0,0.0,1.3,0.0,0.0,69.4,29.3
20111204224400,0.0,0.0,0.0,3.8,0.0,0.0,93.2,3.0
20111204224500,0.0,0.0,0.0,0.6,0.0,0.0,88.4,11.0
20111204224600,0.0,0.0,0.0,0.2,0.0,0.0,87.7,12.1
20111204224700,0.0,0.0,0.0,0.1,0.0,0.0,99.7,0.2
20111204224800,0.0,0.0,0.0,0.3,0.0,0.0,97.2,2.5
20111204224900,0.0,0.0,0.0,0.0,0.0,0.0,99.9,0.1
20111204225000,0.0,0.0,0.0,0.1,0.0,0.0,99.2,0.7
20111204225100,0.0,0.0,0.0,0.6,0.0,0.0,97.6,1.8
20111204225200,0.0,0.0,0.0,1.4,0.0,0.0,92.9,5.7
20111204225300,0.0,0.0,0.0,4.3,0.0,0.0,94.3,1.4
20111204225400,0.0,0.0,0.0,0.8,0.0,0.0,98.1,1.1
20111204225500,0.0,0.0,0.0,0.2,0.0,0.0,99.7,0.1
20111204225600,0.0,0.0,0.0,0.6,0.0,0.0,99.4,0.1
20111204225700,0.0,0.0,0.0,2.6,0.0,0.0,96.4,0.9
20111204225800,0.0,0.0,0.0,0.6,0.0,0.0,98.3,1.1
20111204225900,0.0,0.0,0.0,0.5,0.0,0.0,99.4,0.1
20111204230000,0.0,0.0,0.0,0.1,0.0,0.0,99.9,0.0
20111204230100,0.0,0.0,0.0,0.4,0.0,0.0,99.5,0.0
20111204230200,0.0,0.0,0.0,0.0,0.0,0.0,99.9,0.0
20111204230300,0.0,0.0,0.0,0.3,0.0,0.0,99.6,0.1
20111204230400,0.0,0.0,0.0,0.1,0.0,0.0,99.8,0.1
20111204230500,0.0,0.0,0.0,0.2,0.0,0.0,99.7,0.0
20111204230600,0.0,0.0,0.0,0.2,0.0,0.0,99.8,0.0
20111204230700,0.0,0.0,0.0,0.2,0.0,0.0,99.7,0.0
20111204230800,0.0,0.0,0.0,0.7,0.0,0.0,99.3,0.0
20111204230900,0.0,0.0,0.0,2.4,0.0,0.0,96.5,1.1
20111204231000,0.0,0.0,0.0,5.1,0.0,0.0,94.6,0.3
20111204231100,0.0,0.0,0.1,56.8,0.0,0.0,39.7,3.4
20111204231200,0.0,0.0,0.0,2.7,0.0,0.0,95.9,1.4
20111204231300,0.0,0.0,0.0,1.6,0.0,0.0,98.2,0.2
20111204231400,0.0,0.0,0.0,1.9,0.0,0.0,97.6,0.4
20111204231500,0.0,0.0,0.0,1.0,0.0,0.0,98.3,0.7
20111204231600,0.0,0.0,0.0,4.3,0.0,0.0,95.5,0.1
20111204231700,0.0,0.0,0.9,56.5,0.0,0.0,42.4,0.2
20111204231800,0.0,0.0,0.2,6.4,0.0,0.0,92.9,0.4
20111204231900,0.0,0.0,0.6,52.9,0.0,0.0,46.3,0.2
20111204232000,0.0,0.0,1.0,23.8,0.0,0.0,74.9,0.3
20111204232100,0.0,0.0,0.0,5.6,0.0,0.0,94.3,0.0
20111204232200,0.0,0.0,0.0,19.2,0.0,0.0,80.6,0.1
20111204232300,0.0,0.0,0.0,0.6,0.0,0.0,99.4,0.0
20111204232400,0.0,0.0,0.0,2.2,0.0,0.0,97.8,0.0
20111204232500,0.0,0.0,0.0,7.6,0.0,0.0,92.4,0.0
20111204232600,0.0,0.0,0.0,0.2,0.0,0.0,99.8,0.0
20111204232700,0.0,0.0,0.0,82.5,0.1,0.0,17.4,0.0
20111204232800,0.0,0.0,0.0,86.7,0.0,0.0,13.3,0.0
20111204232900,0.0,0.0,0.0,58.6,0.0,0.0,41.3,0.0
20111204233000,0.0,0.0,0.0,1.2,0.0,0.0,98.5,0.2
20111204233100,0.0,0.0,0.0,0.6,0.0,0.0,99.4,0.1
20111204233200,0.0,0.0,0.0,0.3,0.0,0.0,99.7,0.0
20111204233300,0.0,0.0,0.0,0.0,0.0,0.0,99.9,0.0
20111204233400,0.0,0.0,0.0,0.4,0.0,0.0,99.6,0.0
20111204233500,0.0,0.0,0.0,0.2,0.0,0.0,99.8,0.0
20111204233600,0.0,0.0,0.2,3.4,0.0,0.0,96.4,0.0
20111204233700,0.0,0.0,0.0,1.1,0.0,0.0,98.8,0.1
20111204233800,0.0,0.0,0.1,4.4,0.0,0.0,94.7,0.7
20111204233900,0.0,0.0,0.0,0.4,0.0,0.0,99.5,0.0
20111204234000,0.0,0.0,0.0,0.7,0.0,0.0,99.3,0.0
20111204234100,0.0,0.0,0.0,0.2,0.0,0.0,99.8,0.0
20111204234200,0.0,0.0,0.0,0.0,0.0,0.0,100.0,0.0
20111204234300,0.0,0.0,0.1,0.1,0.0,0.0,99.8,0.0
20111204234400,0.0,0.0,0.2,99.5,0.3,0.0,0.0,0.0
20111204234500,0.0,0.0,0.0,1.6,0.0,0.0,98.3,0.1
20111204234600,0.0,0.0,0.0,0.0,0.0,0.0,100.0,0.0
20111204234700,0.0,0.0,0.0,0.0,0.0,0.0,100.0,0.0
20111204234800,0.0,0.0,0.0,0.0,0.0,0.0,100.0,0.0
20111204234900,0.0,0.0,0.0,0.0,0.0,0.0,100.0,0.0
20111204235000,0.0,0.0,0.0,0.0,0.0,0.0,100.0,0.0
20111204235100,0.0,0.0,0.0,0.0,0.0,0.0,100.0,0.0
20111204235200,0.0,0.0,0.0,0.0,0.0,0.0,100.0,0.0
20111204235300,0.0,0.0,0.0,0.0,0.0,0.0,100.0,0.0
20111204235400,0.0,0.0,0.0,0.0,0.0,0.0,100.0,0.0
20111204235500,0.0,0.0,0.0,0.0,0.0,0.0,99.9,0.0
20111204235600,0.0,0.0,0.0,0.0,0.0,0.0,100.0,0.0
20111204235700,0.0,0.0,0.0,0.0,0.0,0.0,100.0,0.0
20111204235800,0.0,0.0,0.0,0.0,0.0,0.0,100.0,0.0
20111204235900,0.0,0.0,0.0,0.0,0.0,0.0,100.0,0.0
20111205000000,0.0,0.0,0.0,0.0,0.0,0.0,100.0,0.0
20111205000100,0.0,0.0,0.0,0.0,0.0,0.0,100.0,0.0
20111205000200,0.0,0.0,0.0,0.0,0.0,0.0,100.0,0.0
20111205000300,0.0,0.0,0.0,0.0,0.0,0.0,100.0,0.0
20111205000400,0.0,0.0,0.0,0.5,0.0,0.0,99.4,0.1
20111205000500,0.0,0.0,0.0,0.0,0.0,0.0,99.8,0.2
20111205000600,0.0,0.0,0.0,0.1,0.0,0.0,99.8,0.1
20111205000700,0.0,0.0,0.0,0.1,0.0,0.0,99.8,0.1
20111205000800,0.0,0.0,0.0,0.0,0.0,0.0,100.0,0.0
20111205000900,0.0,0.0,0.0,0.0,0.0,0.0,100.0,0.0
20111205001000,0.0,0.0,0.0,0.0,0.0,0.0,99.9,0.1
20111205001100,0.0,0.0,0.0,0.0,0.0,0.0,100.0,0.0
20111205001200,0.0,0.0,0.0,0.0,0.0,0.0,100.0,0.0
20111205001300,0.0,0.0,0.0,0.0,0.0,0.0,100.0,0.0
20111205001400,0.0,0.0,0.0,0.0,0.0,0.0,100.0,0.0
20111205001500,0.0,0.0,0.0,0.0,0.0,0.0,100.0,0.0
20111205001600,0.0,0.0,0.0,0.0,0.0,0.0,100.0,0.0
20111205001700,0.0,0.0,0.0,0.0,0.0,0.0,99.7,0.2
20111205001800,0.0,0.0,0.0,0.0,0.0,0.0,99.9,0.0
20111205001900,0.0,0.0,0.0,0.1,0.0,0.0,99.9,0.0
20111205002000,0.0,0.0,0.0,0.0,0.0,0.0,100.0,0.0
20111205002100,0.0,0.0,0.0,0.3,0.0,0.0,99.7,0.1
20111205002200,0.0,0.0,0.0,0.3,0.0,0.0,99.6,0.1
20111205002300,0.0,0.0,0.0,0.1,0.0,0.0,99.9,0.0
20111205002400,0.0,0.0,0.0,0.0,0.0,0.0,100.0,0.0
20111205002500,0.0,0.0,0.0,0.1,0.0,0.0,99.9,0.0
20111205002600,0.0,0.0,0.0,0.0,0.0,0.0,100.0,0.0
20111205002700,0.0,0.0,0.0,0.1,0.0,0.0,99.9,0.0
20111205002800,0.0,0.0,0.0,0.0,0.0,0.0,100.0,0.0
20111205002900,0.0,0.0,0.0,0.1,0.0,0.0,99.9,0.0
20111205003000,0.0,0.0,0.0,0.2,0.0,0.0,99.7,0.0
20111205003100,0.0,0.0,0.0,0.1,0.0,0.0,99.9,0.0
20111205003200,0.0,0.0,0.0,0.1,0.0,0.0,99.9,0.0
20111205003300,0.0,0.0,0.0,0.2,0.0,0.0,99.8,0.0
20111205003400,0.0,0.0,0.0,0.1,0.0,0.0,99.9,0.0
20111205003500,0.0,0.0,0.0,0.0,0.0,0.0,99.9,0.0
20111205003600,0.0,0.0,0.0,0.8,0.0,0.0,99.2,0.0
20111205003700,0.0,0.0,0.0,0.1,0.0,0.0,99.9,0.0
20111205003800,0.0,0.0,0.0,2.1,0.0,0.0,97.9,0.1
20111205003900,0.0,0.0,0.0,3.1,0.0,0.0,96.9,0.0
20111205004000,0.0,0.0,0.0,0.5,0.0,0.0,99.5,0.0
20111205004100,0.0,0.0,0.0,0.0,0.0,0.0,100.0,0.0
20111205004200,0.0,0.0,0.0,0.0,0.0,0.0,100.0,0.0
20111205004300,0.0,0.0,0.0,0.1,0.0,0.0,99.9,0.0
20111205004400,0.0,0.0,0.0,0.0,0.0,0.0,100.0,0.0
20111205004500,0.0,0.0,0.0,0.0,0.0,0.0,100.0,0.0
20111205004600,0.0,0.0,0.0,0.0,0.0,0.0,100.0,0.0
20111205004700,0.0,0.0,0.0,0.0,0.0,0.0,100.0,0.0
20111205004800,0.0,0.0,0.0,0.0,0.0,0.0,100.0,0.0
20111205004900,0.0,0.0,0.0,0.0,0.0,0.0,100.0,0.0
20111205005000,0.0,0.0,0.0,0.0,0.0,0.0,100.0,0.0
20111205005100,0.0,0.0,0.0,0.2,0.0,0.0,99.8,0.0
20111205005200,0.0,0.0,0.0,0.0,0.0,0.0,100.0,0.0
20111205005300,0.0,0.0,0.0,0.0,0.0,0.0,100.0,0.0
20111205005400,0.0,0.0,0.0,0.0,0.0,0.0,100.0,0.0
20111205005500,0.0,0.0,0.0,0.0,0.0,0.0,100.0,0.0
20111205005600,0.0,0.0,0.0,0.0,0.0,0.0,100.0,0.0
20111205005700,0.0,0.0,0.0,0.0,0.0,0.0,100.0,0.0
20111205005800,0.0,0.0,0.0,0.0,0.0,0.0,100.0,0.0
20111205005900,0.0,0.0,0.0,0.0,0.0,0.0,100.0,0.0
20111205010000,0.0,0.0,0.0,0.0,0.0,0.0,100.0,0.0
20111205010100,0.0,0.0,0.0,0.0,0.0,0.0,100.0,0.0
20111205010200,0.0,0.0,0.0,0.0,0.0,0.0,100.0,0.0
20111205010300,0.0,0.0,0.0,0.0,0.0,0.0,100.0,0.0
20111205010400,0.0,0.0,0.0,0.0,0.0,0.0,100.0,0.0
20111205010500,0.0,0.0,0.0,0.0,0.0,0.0,100.0,0.0
20111205010600,0.0,0.0,0.0,0.0,0.0,0.0,100.0,0.0
20111205010700,0.0,0.0,0.0,0.0,0.0,0.0,100.0,0.0
20111205010800,0.0,0.0,0.0,0.0,0.0,0.0,100.0,0.0
20111205010900,0.0,0.0,0.0,0.0,0.0,0.0,100.0,0.0
20111205011000,0.0,0.0,0.0,0.0,0.0,0.0,100.0,0.0
20111205011100,0.0,0.0,0.0,0.0,0.0,0.0,100.0,0.0
20111205011200,0.0,0.0,0.0,0.0,0.0,0.0,100.0,0.0
20111205011300,0.0,0.0,0.0,0.0,0.0,0.0,100.0,0.0
20111205011400,0.0,0.0,0.0,0.0,0.0,0.0,100.0,0.0
20111205011500,0.0,0.0,0.0,0.0,0.0,0.0,100.0,0.0
20111205011600,0.0,0.0,0.0,0.0,0.0,0.0,100.0,0.0
20111205011700,0.0,0.0,0.0,0.0,0.0,0.0,100.0,0.0
20111205011800,0.0,0.0,0.0,0.0,0.0,0.0,100.0,0.0
20111205011900,0.0,0.0,0.0,0.0,0.0,0.0,100.0,0.0
20111205012000,0.0,0.0,0.0,0.0,0.0,0.0,100.0,0.0
20111205012100,0.0,0.0,0.0,0.0,0.0,0.0,100.0,0.0
20111205012200,0.0,0.0,0.0,0.0,0.0,0.0,100.0,0.0
20111205012300,0.0,0.0,0.0,0.0,0.0,0.0,100.0,0.0
20111205012400,0.0,0.0,0.0,0.0,0.0,0.0,100.0,0.0
20111205012500,0.0,0.0,0.0,0.0,0.0,0.0,100.0,0.0
20111205012600,0.0,0.0,0.0,0.0,0.0,0.0,100.0,0.0
20111205012700,0.0,0.0,0.0,0.0,0.0,0.0,100.0,0.0
20111205012800,0.0,0.0,0.0,0.0,0.0,0.0,100.0,0.0
20111205012900,0.0,0.0,0.0,0.0,0.0,0.0,100.0,0.0
20111205013000,0.0,0.0,0.0,0.0,0.0,0.0,100.0,0.0
20111205013100,0.0,0.0,0.0,0.0,0.0,0.0,100.0,0.0
20111205013200,0.0,0.0,0.0,0.0,0.0,0.0,100.0,0.0
20111205013300,0.0,0.0,0.0,0.0,0.0,0.0,100.0,0.0
20111205013400,0.0,0.0,0.0,0.0,0.0,0.0,100.0,0.0
20111205013500,0.0,0.0,0.0,0.0,0.0,0.0,100.0,0.0
20111205013600,0.0,0.0,0.0,0.0,0.0,0.0,100.0,0.0
20111205013700,0.0,0.0,0.0,0.0,0.0,0.0,100.0,0.0
20111205013800,0.0,0.0,0.0,0.0,0.0,0.0,100.0,0.0
20111205013900,0.0,0.0,0.0,0.0,0.0,0.0,100.0,0.0
20111205014000,0.0,0.0,0.0,0.0,0.0,0.0,100.0,0.0
20111205014100,0.0,0.0,0.0,0.0,0.0,0.0,100.0,0.0
20111205014200,0.0,0.0,0.0,0.0,0.0,0.0,100.0,0.0
20111205014300,0.0,0.0,0.0,0.0,0.0,0.0,100.0,0.0
20111205014400,0.0,0.0,0.0,0.0,0.0,0.0,100.0,0.0
20111205014500,0.0,0.0,0.0,0.0,0.0,0.0,100.0,0.0
20111205014600,0.0,0.0,0.0,0.0,0.0,0.0,100.0,0.0
20111205014700,0.0,0.0,0.0,0.0,0.0,0.0,100.0,0.0
20111205014800,0.0,0.0,0.0,0.0,0.0,0.0,100.0,0.0
20111205014900,0.0,0.0,0.0,0.0,0.0,0.0,100.0,0.0
20111205015000,0.0,0.0,0.0,0.0,0.0,0.0,100.0,0.0
20111205015100,0.0,0.0,0.0,0.0,0.0,0.0,100.0,0.0
20111205015200,0.0,0.0,0.0,0.0,0.0,0.0,100.0,0.0
20111205015300,0.0,0.0,0.0,0.0,0.0,0.0,100.0,0.0
20111205015400,0.0,0.0,0.0,0.0,0.0,0.0,100.0,0.0
20111205015500,0.0,0.0,0.0,0.0,0.0,0.0,100.0,0.0
20111205015601,0.0,0.0,0.0,0.0,0.0,0.0,100.0,0.0
20111205015700,0.0,0.0,0.0,0.0,0.0,0.0,100.0,0.0
20111205015800,0.0,0.0,0.0,0.0,0.0,0.0,100.0,0.0
20111205015900,0.0,0.0,0.0,0.0,0.0,0.0,100.0,0.0
20111205020000,0.0,0.0,0.0,0.0,0.0,0.0,100.0,0.0
20111205020100,0.0,0.0,0.0,0.0,0.0,0.0,100.0,0.0
20111205020200,0.0,0.0,0.0,0.0,0.0,0.0,100.0,0.0
20111205020300,0.0,0.0,0.0,0.0,0.0,0.0,100.0,0.0
20111205020400,0.0,0.0,0.0,0.0,0.0,0.0,100.0,0.0
20111205020500,0.0,0.0,0.0,0.0,0.0,0.0,100.0,0.0
20111205020600,0.0,0.0,0.0,0.0,0.0,0.0,100.0,0.0
20111205020700,0.0,0.0,0.0,0.0,0.0,0.0,100.0,0.0
20111205020800,0.0,0.0,0.0,0.0,0.0,0.0,100.0,0.0
20111205020900,0.0,0.0,0.0,0.0,0.0,0.0,100.0,0.0
20111205021000,0.0,0.0,0.0,0.0,0.0,0.0,100.0,0.0
20111205021100,0.0,0.0,0.0,0.0,0.0,0.0,100.0,0.0
20111205021200,0.0,0.0,0.0,0.0,0.0,0.0,100.0,0.0
20111205021301,0.0,0.0,0.0,0.0,0.0,0.0,100.0,0.0
20111205021400,0.0,0.0,0.0,0.0,0.0,0.0,100.0,0.0
20111205021500,0.0,0.0,0.0,0.0,0.0,0.0,100.0,0.0
20111205021600,0.0,0.0,0.0,0.0,0.0,0.0,100.0,0.0
20111205021700,0.0,0.0,0.0,0.0,0.0,0.0,100.0,0.0
20111205021801,0.0,0.0,0.0,0.0,0.0,0.0,100.0,0.0
20111205021900,0.0,0.0,0.0,0.0,0.0,0.0,100.0,0.0
20111205022000,0.0,0.0,0.0,0.0,0.0,0.0,100.0,0.0
20111205022100,0.0,0.0,0.0,0.0,0.0,0.0,100.0,0.0
20111205022200,0.0,0.0,0.0,0.0,0.0,0.0,100.0,0.0
20111205022300,0.0,0.0,0.0,0.0,0.0,0.0,100.0,0.0
20111205022400,0.0,0.0,0.0,0.0,0.0,0.0,100.0,0.0
20111205022500,0.0,0.0,0.0,0.0,0.0,0.0,100.0,0.0
20111205022600,0.0,0.0,0.0,0.0,0.0,0.0,100.0,0.0
20111205022700,0.0,0.0,0.0,0.0,0.0,0.0,100.0,0.0
20111205022800,0.0,0.0,0.0,0.0,0.0,0.0,100.0,0.0
20111205022900,0.0,0.0,0.0,0.0,0.0,0.0,100.0,0.0
20111205023000,0.0,0.0,0.0,0.0,0.0,0.0,100.0,0.0
20111205023100,0.0,0.0,0.0,0.0,0.0,0.0,100.0,0.0
20111205023200,0.0,0.0,0.0,0.0,0.0,0.0,100.0,0.0
20111205023301,0.0,0.0,0.0,0.0,0.0,0.0,100.0,0.0
20111205023400,0.0,0.0,0.0,0.0,0.0,0.0,100.0,0.0
20111205023501,0.0,0.0,0.0,0.0,0.0,0.0,100.0,0.0
20111205023600,0.0,0.0,0.0,0.0,0.0,0.0,100.0,0.0
20111205023700,0.0,0.0,0.0,0.0,0.0,0.0,100.0,0.0
20111205023800,0.0,0.0,0.0,0.0,0.0,0.0,100.0,0.0
20111205023901,0.0,0.0,0.0,0.0,0.0,0.0,100.0,0.0
20111205024000,0.0,0.0,0.0,0.0,0.0,0.0,100.0,0.0
20111205024100,0.0,0.0,0.0,0.0,0.0,0.0,100.0,0.0
20111205024200,0.0,0.0,0.0,0.0,0.0,0.0,100.0,0.0
20111205024301,0.0,0.0,0.0,0.0,0.0,0.0,100.0,0.0
20111205024400,0.0,0.0,0.0,0.0,0.0,0.0,100.0,0.0
20111205024500,0.0,0.0,0.0,0.0,0.0,0.0,100.0,0.0
20111205024601,0.0,0.0,0.0,0.0,0.0,0.0,100.0,0.0
20111205024700,0.0,0.0,0.0,0.0,0.0,0.0,100.0,0.0
20111205024800,0.0,0.0,0.0,0.0,0.0,0.0,100.0,0.0
20111205024900,0.0,0.0,0.0,0.0,0.0,0.0,100.0,0.0
20111205025001,0.0,0.0,0.0,0.0,0.0,0.0,100.0,0.0
20111205025100,0.0,0.0,0.0,0.0,0.0,0.0,100.0,0.0
20111205025200,0.0,0.0,0.0,0.0,0.0,0.0,100.0,0.0
20111205025300,0.0,0.0,0.0,0.0,0.0,0.1,99.9,0.0
20111205025400,0.0,0.0,0.0,0.0,0.0,0.0,100.0,0.0
20111205025500,0.0,0.0,0.0,0.0,0.0,0.0,100.0,0.0
20111205025600,0.0,0.0,0.0,0.0,0.0,0.0,100.0,0.0
20111205025701,0.0,0.0,0.0,0.0,0.0,0.0,100.0,0.0
20111205025801,0.0,0.0,0.0,0.0,0.0,0.0,100.0,0.0
20111205025900,0.0,0.0,0.0,0.0,0.0,0.1,99.9,0.0
20111205030000,0.0,0.0,0.0,0.0,0.0,0.4,99.6,0.0
20111205030100,0.0,0.0,0.0,0.0,0.0,0.1,99.9,0.0
20111205030442,0.0,0.0,0.0,0.0,0.0,0.0,100.0,0.0
20111205030542,0.0,0.0,0.0,0.0,0.0,0.0,100.0,0.0
20111205030642,0.0,0.0,0.0,0.0,0.0,0.1,99.9,0.0
20111205030742,0.0,0.0,0.0,0.0,0.0,0.1,99.8,0.0
20111205030842,0.0,0.0,0.0,0.0,0.0,0.1,99.9,0.0
20111205030942,0.0,0.0,0.0,0.0,0.0,0.2,99.8,0.0
20111205031042,0.0,0.0,0.0,0.0,0.0,0.3,99.7,0.0
20111205031142,0.0,0.0,0.0,0.0,0.0,0.4,99.6,0.0
20111205031242,0.0,0.0,0.0,0.0,0.0,0.1,99.9,0.0
20111205031342,0.0,0.0,0.0,0.0,0.0,25.9,74.1,0.0
20111205031442,0.0,0.0,0.0,0.0,0.0,5.2,94.7,0.0
20111205031542,0.0,0.0,0.0,0.0,0.0,0.6,99.4,0.0
20111205031642,0.0,0.0,0.0,0.0,0.0,1.0,99.0,0.0
20111205031742,0.0,0.0,0.0,0.0,0.0,3.9,96.1,0.0
20111205031842,0.0,0.0,0.0,0.0,0.0,27.8,72.2,0.0
20111205031942,0.0,0.0,0.0,0.0,0.0,87.5,12.5,0.0
20111205032042,0.0,0.0,0.0,0.0,0.0,86.5,13.5,0.0
20111205032142,0.0,0.0,0.0,0.0,0.0,77.2,22.8,0.0
20111205032242,0.0,0.0,0.0,0.0,0.0,19.7,80.3,0.0
20111205032342,0.0,0.0,0.0,0.0,0.0,4.2,95.8,0.0
20111205032442,0.0,0.0,0.0,0.0,0.0,0.6,99.4,0.0
20111205032542,0.0,0.0,0.0,0.0,0.0,0.2,99.8,0.0
20111205032642,0.0,0.0,0.0,0.0,0.0,0.0,100.0,0.0
20111205032742,0.0,0.0,0.0,0.0,0.0,0.0,100.0,0.0
20111205032842,0.0,0.0,0.0,0.0,0.0,0.0,100.0,0.0
20111205032942,0.0,0.0,0.0,0.0,0.0,0.0,100.0,0.0
20111205033042,0.0,0.0,0.0,0.0,0.0,0.0,100.0,0.0
20111205033142,0.0,0.0,0.0,0.0,0.0,0.0,100.0,0.0
20111205033242,0.0,0.0,0.0,0.0,0.0,0.0,100.0,0.0
20111205033342,0.0,0.0,0.0,0.0,0.0,0.0,100.0,0.0
20111205033442,0.0,0.0,0.0,0.0,0.0,0.3,99.7,0.0
20111205033542,0.0,0.0,0.0,0.0,0.0,0.1,99.9,0.0
20111205033642,0.0,0.0,0.0,0.0,0.0,0.0,100.0,0.0
20111205033742,0.0,0.0,0.0,0.0,0.0,0.1,99.9,0.0
20111205033842,0.0,0.0,0.0,0.0,0.0,0.0,100.0,0.0
20111205033942,0.0,0.0,0.0,0.0,0.0,0.0,100.0,0.0
20111205034042,0.0,0.0,0.0,0.0,0.0,0.0,100.0,0.0
20111205034142,0.0,0.0,0.0,0.0,0.0,0.0,100.0,0.0
20111205034242,0.0,0.0,0.0,0.0,0.0,0.0,100.0,0.0
20111205034342,0.0,0.0,0.0,0.0,0.0,0.0,100.0,0.0
20111205034442,0.0,0.0,0.0,0.0,0.0,0.0,100.0,0.0
20111205034542,0.0,0.0,0.0,0.0,0.0,0.0,100.0,0.0
20111205034642,0.0,0.0,0.0,0.0,0.0,0.0,100.0,0.0
20111205034742,0.0,0.0,0.0,0.0,0.0,0.0,100.0,0.0
20111205034842,0.0,0.0,0.0,0.0,0.0,0.0,100.0,0.0
20111205034942,0.0,0.0,0.0,0.0,0.0,0.0,100.0,0.0
20111205035042,0.0,0.0,0.0,0.0,0.0,0.0,100.0,0.0
20111205035142,0.0,0.0,0.0,0.0,0.0,0.0,100.0,0.0
20111205035242,0.0,0.0,0.0,0.0,0.0,0.0,100.0,0.0
20111205035342,0.0,0.0,0.0,0.0,0.0,0.0,100.0,0.0
20111205035442,0.0,0.0,0.0,0.0,0.0,0.0,100.0,0.0
20111205035542,0.0,0.0,0.0,0.0,0.0,0.0,100.0,0.0
20111205035642,0.0,0.0,0.0,0.0,0.0,0.0,100.0,0.0
20111205035742,0.0,0.0,0.0,0.0,0.0,0.0,100.0,0.0
20111205035842,0.0,0.0,0.0,0.0,0.0,0.0,100.0,0.0
20111205035942,0.0,0.0,0.0,0.1,0.0,0.0,99.9,0.0
20111205040042,0.0,0.0,0.0,0.0,0.0,0.0,100.0,0.0
20111205040142,0.0,0.0,0.0,0.0,0.0,0.0,99.9,0.0
