UT,arc,discrete,diffuse,ac,ab,clear,cloudy,dd
20160308165900,0.0,0.0,0.0,0.0,0.0,0.0,0.0,100.0
20160308165930,0.0,0.0,0.0,0.0,0.0,0.0,0.0,100.0
20160308170000,0.0,0.0,0.0,0.0,0.0,0.0,0.0,100.0
20160308170030,0.0,0.0,0.0,0.0,0.0,0.0,0.0,100.0
20160308170100,0.0,0.0,0.0,0.0,0.0,0.0,0.0,100.0
20160308170130,0.0,0.0,0.0,0.0,0.0,0.0,0.0,100.0
20160308170200,0.0,0.0,0.0,0.0,0.0,0.0,0.0,100.0
20160308170230,0.0,0.0,0.0,0.0,0.0,0.0,0.0,100.0
20160308170300,0.0,0.0,0.0,0.0,0.0,0.0,0.0,100.0
20160308170330,0.0,0.0,0.0,0.0,0.0,0.0,0.0,100.0
20160308170400,0.0,0.0,0.0,0.0,0.0,0.0,0.0,100.0
20160308170430,0.0,0.0,0.0,0.0,0.0,0.0,0.0,100.0
20160308170500,0.0,0.0,0.0,0.0,0.0,0.0,0.0,100.0
20160308170530,0.0,0.0,0.0,0.0,0.0,0.0,0.0,100.0
20160308170600,0.0,0.0,0.0,0.0,0.0,0.0,0.0,100.0
20160308170630,0.0,0.0,0.0,0.0,0.0,0.0,0.0,100.0
20160308170700,0.0,0.0,0.0,0.0,0.0,0.0,0.0,100.0
20160308170730,0.0,0.0,0.0,0.0,0.0,0.0,0.0,100.0
20160308170800,0.0,0.0,0.0,0.0,0.0,0.0,0.0,100.0
20160308170830,0.0,0.0,0.0,0.0,0.0,0.0,0.0,100.0
20160308170900,0.0,0.0,0.0,0.0,0.0,0.0,0.0,100.0
20160308170930,0.0,0.0,0.0,0.0,0.0,0.0,0.0,100.0
20160308171000,0.0,0.0,0.0,0.0,0.0,0.0,0.0,100.0
20160308171030,0.0,0.0,0.0,0.0,0.0,0.0,0.0,100.0
20160308171100,0.0,0.0,0.0,0.0,0.0,0.0,0.0,100.0
20160308171131,0.0,0.0,0.0,0.0,0.0,0.0,0.0,100.0
20160308171201,0.0,0.0,0.0,0.0,0.0,0.0,0.0,100.0
20160308171231,0.0,0.0,0.0,0.0,0.0,0.0,0.0,100.0
20160308171301,0.0,0.0,0.0,0.0,0.0,0.0,0.0,100.0
20160308171331,0.0,0.0,0.0,0.0,0.0,0.0,0.0,100.0
20160308171401,0.0,0.0,0.0,0.0,0.0,0.0,0.0,100.0
20160308171431,0.0,0.0,0.0,0.0,0.0,0.0,0.0,100.0
20160308171501,0.0,0.0,0.0,0.0,0.0,0.0,0.0,100.0
20160308171531,0.0,0.0,0.0,0.0,0.0,0.0,0.0,100.0
20160308171601,0.0,0.0,0.0,0.0,0.0,0.0,0.0,100.0
20160308171631,0.0,0.0,0.0,0.0,0.0,0.0,0.0,100.0
20160308171701,0.0,0.0,0.0,0.0,0.0,0.0,0.0,100.0
20160308171731,0.0,0.0,0.0,0.0,0.0,0.0,0.0,100.0
20160308171801,0.0,0.0,0.0,0.0,0.0,0.0,0.0,100.0
20160308171831,0.0,0.0,0.0,0.0,0.0,0.0,0.0,100.0
20160308171901,0.0,0.0,0.0,0.0,0.0,0.0,0.0,100.0
20160308171931,0.0,0.0,0.0,0.0,0.0,0.0,0.0,100.0
20160308172001,0.0,0.0,0.0,0.0,0.0,0.0,0.0,100.0
20160308172031,0.0,0.0,0.0,0.0,0.0,0.0,0.0,100.0
20160308172101,0.0,0.0,0.0,0.0,0.0,0.0,0.0,100.0
20160308172131,0.0,0.0,0.0,0.0,0.0,0.0,0.0,100.0
20160308172201,0.0,0.0,0.0,0.0,0.0,0.0,0.0,100.0
20160308172231,0.0,0.0,0.0,0.0,0.0,0.0,0.0,100.0
20160308172301,0.0,0.0,0.0,0.0,0.0,0.0,0.0,100.0
20160308172331,0.0,0.0,0.0,0.0,0.0,0.0,0.0,100.0
20160308172401,0.0,0.0,0.0,0.0,0.0,0.0,0.0,100.0
20160308172431,0.0,0.0,0.0,0.0,0.0,0.0,0.0,100.0
20160308172501,0.0,0.0,0.0,0.0,0.0,0.0,0.0,100.0
20160308172531,0.0,0.0,0.0,0.0,0.0,0.0,0.0,100.0
20160308172601,0.0,0.0,0.0,0.0,0.0,0.0,0.0,100.0
20160308172631,0.0,0.0,0.0,0.0,0.0,0.0,0.0,100.0
20160308172701,0.0,0.0,0.0,0.0,0.0,0.0,0.0,100.0
20160308172731,0.0,0.0,0.0,0.0,0.0,0.0,0.0,100.0
20160308172801,0.0,0.0,0.0,0.0,0.0,0.0,0.0,100.0
20160308172831,0.0,0.0,0.0,0.0,0.0,0.0,0.0,100.0
20160308172901,0.0,0.0,0.0,0.0,0.0,0.0,0.0,100.0
20160308172931,0.0,0.0,0.0,0.0,0.0,0.0,0.0,100.0
20160308173001,0.0,0.0,0.0,0.0,0.0,0.0,0.0,100.0
20160308173031,0.0,0.0,0.0,0.0,0.0,0.0,0.0,100.0
20160308173101,0.0,0.0,0.0,0.0,0.0,0.0,0.0,100.0
20160308173131,0.0,0.0,0.0,0.0,0.0,0.0,0.0,100.0
20160308173201,0.0,0.0,0.0,0.0,0.0,0.0,0.0,100.0
20160308173231,0.0,0.0,0.0,0.0,0.0,0.0,0.0,100.0
20160308173301,0.0,0.0,0.0,0.0,0.0,0.0,0.0,100.0
20160308173331,0.0,0.0,0.0,0.0,0.0,0.0,0.0,100.0
20160308173401,0.0,0.0,0.0,0.0,0.0,0.0,0.0,100.0
20160308173431,0.0,0.0,0.0,0.0,0.0,0.0,0.0,100.0
20160308173501,0.0,0.0,0.0,0.0,0.0,0.0,0.0,100.0
20160308173531,0.0,0.0,0.0,0.0,0.0,0.0,0.0,100.0
20160308173601,0.0,0.0,0.0,0.0,0.0,0.0,0.0,100.0
20160308173631,0.0,0.0,0.0,0.0,0.0,0.0,0.0,100.0
20160308173701,0.0,0.0,0.0,0.0,0.0,0.0,0.0,100.0
20160308173731,0.0,0.0,0.0,0.0,0.0,0.0,0.0,100.0
20160308173801,0.0,0.0,0.0,0.0,0.0,0.0,0.0,100.0
20160308173831,0.0,0.0,0.0,0.0,0.0,0.0,0.0,100.0
20160308173901,0.0,0.0,0.0,0.0,0.0,0.0,0.0,100.0
20160308173931,0.0,0.0,0.0,0.0,0.0,0.0,0.0,100.0
20160308174001,0.0,0.0,0.0,0.0,0.0,0.0,0.0,100.0
20160308174031,0.0,0.0,0.0,0.0,0.0,0.0,0.0,100.0
20160308174101,0.0,0.0,0.0,0.0,0.0,0.0,0.0,100.0
20160308174131,0.0,0.0,0.0,0.0,0.0,0.0,0.0,100.0
20160308174201,0.0,0.0,0.0,0.0,0.0,0.0,0.0,100.0
20160308174231,0.0,0.0,0.0,0.0,0.0,0.0,0.0,100.0
20160308174301,0.0,0.0,0.0,0.0,0.0,0.0,0.0,100.0
20160308174331,0.0,0.0,0.0,0.0,0.0,0.0,0.0,100.0
20160308174401,0.0,0.0,0.0,0.0,0.0,0.0,0.0,100.0
20160308174431,0.0,0.0,0.0,0.0,0.0,0.0,0.0,100.0
20160308174501,0.0,0.0,0.0,0.0,0.0,0.0,0.0,100.0
20160308174532,0.0,0.0,0.0,0.0,0.0,0.0,0.0,100.0
20160308174602,0.0,0.0,0.0,0.0,0.0,0.0,0.0,100.0
20160308174632,0.0,0.0,0.0,0.0,0.0,0.0,0.0,100.0
20160308174702,0.0,0.0,0.0,0.0,0.0,0.0,0.0,100.0
20160308174732,0.0,0.0,0.0,0.0,0.0,0.0,0.0,100.0
20160308174802,0.0,0.0,0.0,0.0,0.0,0.0,0.0,100.0
20160308174832,0.0,0.0,0.0,0.0,0.0,0.0,0.0,100.0
20160308174902,0.0,0.0,0.0,0.0,0.0,0.0,0.0,100.0
20160308174932,0.0,0.0,0.0,0.0,0.0,0.0,0.0,100.0
20160308175002,0.0,0.0,0.0,0.0,0.0,0.0,0.0,100.0
20160308175032,0.0,0.0,0.0,0.0,0.0,0.0,0.0,100.0
20160308175102,0.0,0.0,0.0,0.0,0.0,0.0,0.0,100.0
20160308175132,0.0,0.0,0.0,0.0,0.0,0.0,0.0,100.0
20160308175202,0.0,0.0,0.0,0.0,0.0,0.0,0.0,100.0
20160308175232,0.0,0.0,0.0,0.0,0.0,0.0,0.0,100.0
20160308175302,0.0,0.0,0.0,0.0,0.0,0.0,0.0,100.0
20160308175332,0.0,0.0,0.0,0.0,0.0,0.0,0.0,100.0
20160308175402,0.0,0.0,0.0,0.0,0.0,0.0,0.0,100.0
20160308175432,0.0,0.0,0.0,0.0,0.0,0.0,0.0,100.0
20160308175502,0.0,0.0,0.0,0.0,0.0,0.0,0.0,100.0
20160308175532,0.0,0.0,0.0,0.0,0.0,0.0,0.0,100.0
20160308175602,0.0,0.0,0.0,0.0,0.0,0.0,0.0,100.0
20160308175632,0.0,0.0,0.0,0.0,0.0,0.0,0.0,100.0
20160308175702,0.0,0.0,0.0,0.0,0.0,0.0,0.0,100.0
20160308175732,0.0,0.0,0.0,0.0,0.0,0.0,0.0,100.0
20160308175802,0.0,0.0,0.0,0.0,0.0,0.0,0.0,100.0
20160308175832,0.0,0.0,0.0,0.0,0.0,0.0,0.0,100.0
20160308180032,0.0,0.0,0.0,0.0,0.0,0.0,0.0,100.0
20160308180102,0.0,0.0,0.0,0.0,0.0,0.0,0.0,100.0
20160308180132,0.0,0.0,0.0,0.0,0.0,0.0,0.0,100.0
20160308180202,0.0,0.0,0.0,0.0,0.0,0.0,0.0,100.0
20160308180232,0.0,0.0,0.0,0.0,0.0,0.0,0.0,100.0
20160308180302,0.0,0.0,0.0,0.0,0.0,0.0,0.0,100.0
20160308180332,0.0,0.0,0.0,0.0,0.0,0.0,0.0,100.0
20160308180402,0.0,0.0,0.0,0.0,0.0,0.0,0.0,100.0
20160308180432,0.0,0.0,0.0,0.0,0.0,0.0,0.0,100.0
20160308180502,0.0,0.0,0.0,0.0,0.0,0.0,0.0,100.0
20160308180532,0.0,0.0,0.0,0.0,0.0,0.0,0.0,100.0
20160308180602,0.0,0.0,0.0,0.0,0.0,0.0,0.0,100.0
20160308180632,0.0,0.0,0.0,0.0,0.0,0.0,0.0,100.0
20160308180702,0.0,0.0,0.0,0.0,0.0,0.0,0.0,100.0
20160308180732,0.0,0.0,0.0,0.0,0.0,0.0,0.0,100.0
20160308180802,0.0,0.0,0.0,0.0,0.0,0.0,0.0,100.0
20160308180832,0.0,0.0,0.0,0.0,0.0,0.0,0.0,100.0
20160308180902,0.0,0.0,0.0,0.0,0.0,0.0,0.0,100.0
20160308180932,0.0,0.0,0.0,0.0,0.0,0.0,0.0,100.0
20160308181002,0.0,0.0,0.0,0.0,0.0,0.0,0.0,100.0
20160308181032,0.0,0.0,0.0,0.0,0.0,0.0,0.0,100.0
20160308181102,0.0,0.0,0.0,0.0,0.0,0.0,0.0,100.0
20160308181132,0.0,0.0,0.0,0.0,0.0,0.0,0.0,100.0
20160308181202,0.0,0.0,0.0,0.0,0.0,0.0,0.0,100.0
20160308181232,0.0,0.0,0.0,0.0,0.0,0.0,0.0,100.0
20160308181303,0.0,0.0,0.0,0.0,0.0,0.0,0.0,100.0
20160308181333,0.0,0.0,0.0,0.0,0.0,0.0,0.0,100.0
20160308181403,0.0,0.0,0.0,0.0,0.0,0.0,0.0,100.0
20160308181433,0.0,0.0,0.0,0.0,0.0,0.0,0.0,100.0
20160308181503,0.0,0.0,0.0,0.0,0.0,0.0,0.0,100.0
20160308181533,0.0,0.0,0.0,0.0,0.0,0.0,0.0,100.0
20160308181603,0.0,0.0,0.0,0.0,0.0,0.0,0.0,100.0
20160308181633,0.0,0.0,0.0,0.0,0.0,0.0,0.0,100.0
20160308181703,0.0,0.0,0.0,0.0,0.0,0.0,0.0,100.0
20160308181733,0.0,0.0,0.0,0.0,0.0,0.0,0.0,100.0
20160308181803,0.0,0.0,0.0,0.0,0.0,0.0,0.0,100.0
20160308181833,0.0,0.0,0.0,0.0,0.0,0.0,0.0,100.0
20160308181903,0.0,0.0,0.0,0.0,0.0,0.0,0.2,99.8
20160308181933,0.0,0.0,0.0,0.0,0.0,0.0,0.9,99.1
20160308182003,0.0,0.0,0.0,0.0,0.0,0.0,0.4,99.6
20160308182033,0.0,0.0,0.0,0.0,0.0,0.0,0.3,99.7
20160308182103,0.0,0.0,0.0,0.0,0.0,0.0,6.2,93.8
20160308182133,0.0,0.0,0.0,0.0,0.0,0.0,1.3,98.7
20160308182203,0.0,0.0,0.0,0.0,0.0,0.0,0.0,100.0
20160308182233,0.0,0.0,0.0,0.0,0.0,0.0,0.0,100.0
20160308182303,0.0,0.0,0.0,0.0,0.0,0.0,0.0,100.0
20160308182333,0.0,0.0,0.0,0.0,0.0,0.0,0.0,100.0
20160308182403,0.0,0.0,0.0,0.0,0.0,0.0,0.0,100.0
20160308182433,0.0,0.0,0.0,0.0,0.0,0.0,0.0,100.0
20160308182503,0.0,0.0,0.0,0.0,0.0,0.0,0.0,100.0
20160308182533,0.0,0.0,0.0,0.0,0.0,0.0,0.0,100.0
20160308182603,0.0,0.0,0.0,0.0,0.0,0.0,0.0,100.0
20160308182633,0.0,0.0,0.0,0.0,0.0,0.0,0.0,100.0
20160308182703,0.0,0.0,0.0,0.0,0.0,0.0,0.0,100.0
20160308182733,0.0,0.0,0.0,0.0,0.0,0.0,0.0,100.0
20160308182803,0.0,0.0,0.0,0.0,0.0,0.0,0.0,100.0
20160308182833,0.0,0.0,0.0,0.0,0.0,0.0,0.0,100.0
20160308182903,0.0,0.0,0.0,0.0,0.0,0.0,0.0,100.0
20160308182933,0.0,0.0,0.0,0.0,0.0,0.0,0.0,100.0
20160308183003,0.0,0.0,0.0,0.0,0.0,0.0,0.0,100.0
20160308183033,0.0,0.0,0.0,0.0,0.0,0.0,0.0,100.0
20160308183103,0.0,0.0,0.0,0.0,0.0,0.0,0.0,100.0
20160308183133,0.0,0.0,0.0,0.0,0.0,0.0,0.0,100.0
20160308183203,0.0,0.0,0.0,0.0,0.0,0.0,0.0,100.0
20160308183233,0.0,0.0,0.0,0.0,0.0,0.0,0.0,100.0
20160308183303,0.0,0.0,0.0,0.0,0.0,0.0,0.0,100.0
20160308183333,0.0,0.0,0.0,0.0,0.0,0.0,0.0,100.0
20160308183403,0.0,0.0,0.0,0.0,0.0,0.0,0.0,100.0
20160308183433,0.0,0.0,0.0,0.0,0.0,0.0,0.0,100.0
20160308183503,0.0,0.0,0.0,0.0,0.0,0.0,0.1,99.9
20160308183533,0.0,0.0,0.0,0.0,0.0,0.0,0.1,99.9
20160308183603,0.0,0.0,0.0,0.0,0.0,0.0,0.0,100.0
20160308183633,0.0,0.0,0.0,0.0,0.0,0.0,0.1,99.9
20160308183703,0.0,0.0,0.0,0.0,0.0,0.0,2.3,97.7
20160308183733,0.0,0.0,0.0,0.0,0.0,0.0,0.2,99.8
20160308183803,0.0,0.0,0.0,0.0,0.0,0.0,4.5,95.5
20160308183833,0.0,0.0,0.0,0.0,0.0,0.0,6.8,93.2
20160308183903,0.0,0.0,0.0,0.0,0.0,0.0,1.1,98.9
20160308183933,0.0,0.0,0.0,0.0,0.0,0.0,8.7,91.3
20160308184003,0.0,0.0,0.0,0.0,0.0,0.0,43.5,56.5
20160308184033,0.0,0.0,0.0,0.0,0.0,0.0,9.1,90.9
20160308184103,0.0,0.0,0.0,0.0,0.0,0.0,7.1,92.9
20160308184133,0.0,0.0,0.0,0.0,0.0,0.0,62.9,37.1
20160308184203,0.0,0.0,0.0,0.0,0.0,0.0,27.7,72.3
20160308184233,0.0,0.0,0.0,0.0,0.0,0.0,31.5,68.5
20160308184303,0.0,0.0,0.0,0.0,0.0,0.0,42.8,57.2
20160308184333,0.0,0.0,0.0,0.0,0.0,0.0,19.1,80.9
20160308184403,0.0,0.0,0.0,0.0,0.0,0.0,15.7,84.3
20160308184433,0.0,0.0,0.0,0.0,0.0,0.0,16.2,83.8
20160308184503,0.0,0.0,0.0,0.0,0.0,0.0,98.8,1.2
20160308184533,0.0,0.0,0.0,0.0,0.0,0.0,53.8,46.2
20160308184603,0.0,0.0,0.0,0.0,0.0,0.0,63.8,36.2
20160308184633,0.0,0.0,0.0,0.0,0.0,0.0,74.5,25.5
20160308184704,0.0,0.0,0.0,0.0,0.0,0.0,99.9,0.1
20160308184734,0.0,0.0,0.0,0.0,0.0,0.0,97.0,3.0
20160308184804,0.0,0.0,0.0,0.0,0.0,0.0,97.3,2.7
20160308184834,0.0,0.0,0.0,0.0,0.0,0.0,99.5,0.5
20160308184904,0.0,0.0,0.0,0.0,0.0,0.0,98.2,1.8
20160308184934,0.0,0.0,0.0,0.0,0.0,0.0,99.8,0.2
20160308185004,0.0,0.0,0.0,0.0,0.0,0.0,96.5,3.5
20160308185034,0.0,0.0,0.0,0.0,0.0,0.0,84.7,15.3
20160308185104,0.0,0.0,0.0,0.0,0.0,0.0,99.9,0.1
20160308185134,0.0,0.0,0.0,0.0,0.0,0.0,81.1,18.9
20160308185204,0.0,0.0,0.0,0.0,0.0,0.0,99.7,0.3
20160308185234,0.0,0.0,0.0,0.0,0.0,0.0,80.0,20.0
20160308185304,0.0,0.0,0.0,0.0,0.0,0.0,99.8,0.2
20160308185334,0.0,0.0,0.0,0.0,0.0,0.0,99.9,0.1
20160308185404,0.0,0.0,0.0,0.0,0.0,0.0,99.9,0.1
20160308185434,0.0,0.0,0.0,0.0,0.0,0.0,99.6,0.4
20160308185504,0.0,0.0,0.0,0.0,0.0,0.0,86.9,13.1
20160308185534,0.0,0.0,0.0,0.0,0.0,0.0,97.7,2.3
20160308185604,0.0,0.0,0.0,0.0,0.0,0.0,99.9,0.1
20160308185634,0.0,0.0,0.0,0.0,0.0,0.0,100.0,0.0
20160308185704,0.0,0.0,0.0,0.0,0.0,0.0,97.5,2.5
20160308185734,0.0,0.0,0.0,0.0,0.0,0.0,99.0,1.0
20160308185804,0.0,0.0,0.0,0.0,0.0,0.0,99.5,0.5
20160308185834,0.0,0.0,0.0,0.0,0.0,0.0,99.7,0.3
20160308185904,0.0,0.0,0.0,0.0,0.0,0.0,84.8,15.2
20160308185934,0.0,0.0,0.0,0.0,0.0,0.0,97.6,2.4
20160308190004,0.0,0.0,0.0,0.0,0.0,0.0,98.9,1.1
20160308190034,0.0,0.0,0.0,0.0,0.0,0.0,100.0,0.0
20160308190104,0.0,0.0,0.0,0.0,0.0,0.0,95.0,5.0
20160308190134,0.0,0.0,0.0,0.0,0.0,0.0,99.9,0.1
20160308190204,0.0,0.0,0.0,0.0,0.0,0.0,98.2,1.8
20160308190234,0.0,0.0,0.0,0.0,0.0,0.0,99.4,0.6
20160308190304,0.0,0.0,0.0,0.0,0.0,0.0,59.5,40.5
20160308190334,0.0,0.0,0.0,0.0,0.0,0.0,99.9,0.1
20160308190404,0.0,0.0,0.0,0.0,0.0,0.0,97.2,2.8
20160308190434,0.0,0.0,0.0,0.0,0.0,0.0,99.1,0.9
20160308190504,0.0,0.0,0.0,0.0,0.0,0.0,98.0,2.0
20160308190534,0.0,0.0,0.0,0.0,0.0,0.0,99.9,0.1
20160308190604,0.0,0.0,0.0,0.0,0.0,0.0,96.7,3.3
20160308190634,0.0,0.0,0.0,0.0,0.0,0.0,99.1,0.9
20160308190704,0.0,0.0,0.0,0.0,0.0,0.0,100.0,0.0
20160308190734,0.0,0.0,0.0,0.0,0.0,0.0,100.0,0.0
20160308190804,0.0,0.0,0.0,0.0,0.0,0.0,99.6,0.4
20160308190834,0.0,0.0,0.0,0.0,0.0,0.0,100.0,0.0
20160308190904,0.0,0.0,0.0,0.0,0.0,0.0,100.0,0.0
20160308190934,0.0,0.0,0.0,0.0,0.0,0.0,99.1,0.9
20160308191004,0.0,0.0,0.0,0.0,0.0,0.0,94.2,5.8
20160308191034,0.0,0.0,0.0,0.0,0.0,0.0,100.0,0.0
20160308191104,0.0,0.0,0.0,0.0,0.0,0.0,100.0,0.0
20160308191134,0.0,0.0,0.0,0.0,0.0,0.0,100.0,0.0
20160308191204,0.0,0.0,0.0,0.0,0.0,0.0,99.4,0.6
20160308191234,0.0,0.0,0.0,0.0,0.0,0.0,100.0,0.0
20160308191304,0.0,0.0,0.0,0.0,0.0,0.0,100.0,0.0
20160308191334,0.0,0.0,0.0,0.0,0.0,0.0,99.4,0.6
20160308191404,0.0,0.0,0.0,0.0,0.0,0.0,100.0,0.0
20160308191434,0.0,0.0,0.0,0.0,0.0,0.0,99.9,0.1
20160308191504,0.0,0.0,0.0,0.0,0.0,0.0,99.9,0.1
20160308191534,0.0,0.0,0.0,0.0,0.0,0.0,99.4,0.6
20160308191604,0.0,0.0,0.0,0.0,0.0,0.0,92.6,7.4
20160308191634,0.0,0.0,0.0,0.0,0.0,0.0,99.8,0.2
20160308191704,0.0,0.0,0.0,0.0,0.0,0.0,88.3,11.7
20160308191734,0.0,0.0,0.0,0.0,0.0,0.0,98.8,1.2
20160308191804,0.0,0.0,0.0,0.0,0.0,0.0,99.9,0.1
20160308191834,0.0,0.0,0.0,0.0,0.0,0.0,98.8,1.2
20160308191904,0.0,0.0,0.0,0.0,0.0,0.0,99.8,0.2
20160308191934,0.0,0.0,0.0,0.0,0.0,0.0,99.8,0.2
20160308192004,0.0,0.0,0.0,0.0,0.0,0.0,99.6,0.4
20160308192034,0.0,0.0,0.0,0.0,0.0,0.0,96.7,3.3
20160308192105,0.0,0.0,0.0,0.0,0.0,0.0,100.0,0.0
20160308192135,0.0,0.0,0.0,0.0,0.0,0.0,97.6,2.4
20160308192205,0.0,0.0,0.0,0.0,0.0,0.0,95.5,4.5
20160308192235,0.0,0.0,0.0,0.0,0.0,0.0,99.9,0.1
20160308192305,0.0,0.0,0.0,0.0,0.0,0.0,100.0,0.0
20160308192335,0.0,0.0,0.0,0.0,0.0,0.0,97.8,2.2
20160308192405,0.0,0.0,0.0,0.0,0.0,0.0,97.1,2.9
20160308192435,0.0,0.0,0.0,0.0,0.0,0.0,97.1,2.9
20160308192505,0.0,0.0,0.0,0.0,0.0,0.0,98.6,1.4
20160308192535,0.0,0.0,0.0,0.0,0.0,0.0,99.3,0.7
20160308192605,0.0,0.0,0.0,0.0,0.0,0.0,99.7,0.3
20160308192635,0.0,0.0,0.0,0.0,0.0,0.0,99.9,0.1
20160308192705,0.0,0.0,0.0,0.0,0.0,0.0,100.0,0.0
20160308192735,0.0,0.0,0.0,0.0,0.0,0.0,99.7,0.3
20160308192805,0.0,0.0,0.0,0.0,0.0,0.0,98.3,1.7
20160308192835,0.0,0.0,0.0,0.0,0.0,0.0,99.9,0.1
20160308192905,0.0,0.0,0.0,0.0,0.0,0.0,99.9,0.1
20160308192935,0.0,0.0,0.0,0.0,0.0,0.0,98.9,1.1
20160308193005,0.0,0.0,0.0,0.0,0.0,0.0,97.7,2.3
20160308193035,0.0,0.0,0.0,0.0,0.0,0.0,97.3,2.7
20160308193105,0.0,0.0,0.0,0.0,0.0,0.0,100.0,0.0
20160308193135,0.0,0.0,0.0,0.0,0.0,0.0,97.6,2.4
20160308193205,0.0,0.0,0.0,0.0,0.0,0.0,97.2,2.8
20160308193235,0.0,0.0,0.0,0.0,0.0,0.0,99.3,0.7
20160308193305,0.0,0.0,0.0,0.0,0.0,0.0,99.3,0.7
20160308193335,0.0,0.0,0.0,0.0,0.0,0.0,85.3,14.7
20160308193405,0.0,0.0,0.0,0.0,0.0,0.0,100.0,0.0
20160308193435,0.0,0.0,0.0,0.0,0.0,0.0,100.0,0.0
20160308193505,0.0,0.0,0.0,0.0,0.0,0.0,99.2,0.8
20160308193535,0.0,0.0,0.0,0.0,0.0,0.0,89.3,10.7
20160308193605,0.0,0.0,0.0,0.0,0.0,0.0,94.6,5.4
20160308193635,0.0,0.0,0.0,0.0,0.0,0.0,97.6,2.4
20160308193705,0.0,0.0,0.0,0.0,0.0,0.0,99.3,0.7
20160308193735,0.0,0.0,0.0,0.0,0.0,0.0,83.4,16.6
20160308193805,0.0,0.0,0.0,0.0,0.0,0.0,79.6,20.4
20160308193835,0.0,0.0,0.0,0.0,0.0,0.0,80.8,19.2
20160308193905,0.0,0.0,0.0,0.0,0.0,0.0,99.4,0.6
20160308193935,0.0,0.0,0.0,0.0,0.0,0.0,95.3,4.7
20160308194005,0.0,0.0,0.0,0.0,0.0,0.0,93.4,6.6
20160308194035,0.0,0.0,0.0,0.0,0.0,0.0,62.6,37.4
20160308194105,0.0,0.0,0.0,0.0,0.0,0.0,80.2,19.8
20160308194135,0.0,0.0,0.0,0.0,0.0,0.0,91.9,8.1
20160308194205,0.0,0.0,0.0,0.0,0.0,0.0,97.6,2.4
20160308194235,0.0,0.0,0.0,0.0,0.0,0.0,95.6,4.4
20160308194305,0.0,0.0,0.0,0.0,0.0,0.0,89.3,10.7
20160308194335,0.0,0.0,0.0,0.0,0.0,0.0,92.4,7.6
20160308194405,0.0,0.0,0.0,0.0,0.0,0.0,53.5,46.5
20160308194435,0.0,0.0,0.0,0.0,0.0,0.0,95.5,4.5
20160308194505,0.0,0.0,0.0,0.0,0.0,0.0,89.5,10.5
20160308194535,0.0,0.0,0.0,0.0,0.0,0.0,87.1,12.9
20160308194605,0.0,0.0,0.0,0.0,0.0,0.0,96.0,4.0
20160308194635,0.0,0.0,0.0,0.0,0.0,0.0,94.6,5.4
20160308194705,0.0,0.0,0.0,0.0,0.0,0.0,99.2,0.8
20160308194735,0.0,0.0,0.0,0.0,0.0,0.0,99.1,0.9
20160308194805,0.0,0.0,0.0,0.0,0.0,0.0,74.3,25.7
20160308194836,0.0,0.0,0.0,0.0,0.0,0.0,83.4,16.6
20160308194906,0.0,0.0,0.0,0.0,0.0,0.0,36.1,63.9
20160308194936,0.0,0.0,0.0,0.0,0.0,0.0,97.4,2.6
20160308195006,0.0,0.0,0.0,0.0,0.0,0.0,46.1,53.9
20160308195036,0.0,0.0,0.0,0.0,0.0,0.0,52.8,47.2
20160308195106,0.0,0.0,0.0,0.0,0.0,0.0,81.4,18.6
20160308195136,0.0,0.0,0.0,0.0,0.0,0.0,62.3,37.7
20160308195206,0.0,0.0,0.0,0.0,0.0,0.0,92.6,7.4
20160308195236,0.0,0.0,0.0,0.0,0.0,0.0,97.7,2.3
20160308195306,0.0,0.0,0.0,0.0,0.0,0.0,99.6,0.4
20160308195336,0.0,0.0,0.0,0.0,0.0,0.0,48.6,51.4
20160308195406,0.0,0.0,0.0,0.0,0.0,0.0,98.4,1.6
20160308195436,0.0,0.0,0.0,0.0,0.0,0.0,91.8,8.2
20160308195506,0.0,0.0,0.0,0.0,0.0,0.0,78.9,21.1
20160308195536,0.0,0.0,0.0,0.0,0.0,0.0,79.0,21.0
20160308195606,0.0,0.0,0.0,0.0,0.0,0.0,94.6,5.4
20160308195636,0.0,0.0,0.0,0.0,0.0,0.0,92.9,7.1
20160308195706,0.0,0.0,0.0,0.0,0.0,0.0,92.1,7.9
20160308195736,0.0,0.0,0.0,0.0,0.0,0.0,76.8,23.2
20160308195806,0.0,0.0,0.0,0.0,0.0,0.0,74.6,25.4
20160308195836,0.0,0.0,0.0,0.0,0.0,0.0,99.3,0.7
20160308195906,0.0,0.0,0.0,0.0,0.0,0.0,75.9,24.1
20160308195936,0.0,0.0,0.0,0.0,0.0,0.0,96.4,3.6
20160308200006,0.0,0.0,0.0,0.0,0.0,0.0,99.5,0.5
20160308200036,0.0,0.0,0.0,0.0,0.0,0.0,98.8,1.2
20160308200106,0.0,0.0,0.0,0.0,0.0,0.0,95.8,4.2
20160308200136,0.0,0.0,0.0,0.0,0.0,0.0,96.9,3.1
20160308200206,0.0,0.0,0.0,0.0,0.0,0.0,90.8,9.2
20160308200236,0.0,0.0,0.0,0.0,0.0,0.0,99.0,1.0
20160308200306,0.0,0.0,0.0,0.0,0.0,0.0,96.3,3.7
20160308200336,0.0,0.0,0.0,0.0,0.0,0.0,99.6,0.4
20160308200406,0.0,0.0,0.0,0.0,0.0,0.0,88.9,11.1
20160308200436,0.0,0.0,0.0,0.0,0.0,0.0,99.5,0.5
20160308200506,0.0,0.0,0.0,0.0,0.0,0.0,76.4,23.6
20160308200536,0.0,0.0,0.0,0.0,0.0,0.0,88.9,11.1
20160308200606,0.0,0.0,0.0,0.0,0.0,0.0,99.7,0.3
20160308200636,0.0,0.0,0.0,0.0,0.0,0.0,91.2,8.8
20160308200706,0.0,0.0,0.0,0.0,0.0,0.0,47.3,52.7
20160308200736,0.0,0.0,0.0,0.0,0.0,0.0,91.7,8.3
20160308200806,0.0,0.0,0.0,0.0,0.0,0.0,99.5,0.5
20160308200836,0.0,0.0,0.0,0.0,0.0,0.0,96.9,3.1
20160308200906,0.0,0.0,0.0,0.0,0.0,0.0,85.5,14.5
20160308200936,0.0,0.0,0.0,0.0,0.0,0.0,73.6,26.4
20160308201006,0.0,0.0,0.0,0.0,0.0,0.0,68.7,31.3
20160308201036,0.0,0.0,0.0,0.0,0.0,0.0,89.5,10.5
20160308201106,0.0,0.0,0.0,0.0,0.0,0.0,96.5,3.5
20160308201136,0.0,0.0,0.0,0.0,0.0,0.0,99.6,0.4
20160308201206,0.0,0.0,0.0,0.0,0.0,0.0,85.9,14.1
20160308201236,0.0,0.0,0.0,0.0,0.0,0.0,90.9,9.1
20160308201306,0.0,0.0,0.0,0.0,0.0,0.0,88.9,11.1
20160308201336,0.0,0.0,0.0,0.0,0.0,0.0,99.5,0.5
20160308201406,0.0,0.0,0.0,0.0,0.0,0.0,99.9,0.1
20160308201436,0.0,0.0,0.0,0.0,0.0,0.0,100.0,0.0
20160308201506,0.0,0.0,0.0,0.0,0.0,0.0,100.0,0.0
20160308201536,0.0,0.0,0.0,0.0,0.0,0.0,99.1,0.9
20160308201606,0.0,0.0,0.0,0.0,0.0,0.0,97.5,2.5
20160308201636,0.0,0.0,0.0,0.0,0.0,0.0,98.9,1.1
20160308201706,0.0,0.0,0.0,0.0,0.0,0.0,100.0,0.0
20160308201736,0.0,0.0,0.0,0.0,0.0,0.0,99.4,0.6
20160308201806,0.0,0.0,0.0,0.0,0.0,0.0,99.9,0.1
20160308201836,0.0,0.0,0.0,0.0,0.0,0.0,87.9,12.1
20160308201906,0.0,0.0,0.0,0.0,0.0,0.0,89.8,10.2
20160308201936,0.0,0.0,0.0,0.0,0.0,0.0,99.8,0.2
20160308202006,0.0,0.0,0.0,0.0,0.0,0.0,100.0,0.0
20160308202036,0.0,0.0,0.0,0.0,0.0,0.0,99.9,0.1
20160308202106,0.0,0.0,0.0,0.0,0.0,0.0,98.6,1.4
20160308202136,0.0,0.0,0.0,0.0,0.0,0.0,99.9,0.1
20160308202206,0.0,0.0,0.0,0.0,0.0,0.0,99.9,0.1
20160308202237,0.0,0.0,0.0,0.0,0.0,0.0,99.3,0.7
20160308202307,0.0,0.0,0.0,0.0,0.0,0.0,99.9,0.1
20160308202337,0.0,0.0,0.0,0.0,0.0,0.0,99.5,0.5
20160308202407,0.0,0.0,0.0,0.0,0.0,0.0,100.0,0.0
20160308202437,0.0,0.0,0.0,0.0,0.0,0.0,94.2,5.8
20160308202507,0.0,0.0,0.0,0.0,0.0,0.0,100.0,0.0
20160308202537,0.0,0.0,0.0,0.0,0.0,0.0,99.9,0.1
20160308202607,0.0,0.0,0.0,0.0,0.0,0.0,98.0,2.0
20160308202637,0.0,0.0,0.0,0.0,0.0,0.0,99.9,0.1
20160308202707,0.0,0.0,0.0,0.0,0.0,0.0,100.0,0.0
20160308202737,0.0,0.0,0.0,0.0,0.0,0.0,99.8,0.2
20160308202807,0.0,0.0,0.0,0.0,0.0,0.0,100.0,0.0
20160308202837,0.0,0.0,0.0,0.0,0.0,0.0,99.9,0.1
20160308202907,0.0,0.0,0.0,0.0,0.0,0.0,100.0,0.0
20160308202937,0.0,0.0,0.0,0.0,0.0,0.0,99.8,0.2
20160308203007,0.0,0.0,0.0,0.0,0.0,0.0,99.9,0.1
20160308203037,0.0,0.0,0.0,0.0,0.0,0.0,99.3,0.7
20160308203107,0.0,0.0,0.0,0.0,0.0,0.0,99.8,0.2
20160308203137,0.0,0.0,0.0,0.0,0.0,0.0,100.0,0.0
20160308203207,0.0,0.0,0.0,0.0,0.0,0.0,100.0,0.0
20160308203237,0.0,0.0,0.0,0.0,0.0,0.0,100.0,0.0
20160308203307,0.0,0.0,0.0,0.0,0.0,0.0,100.0,0.0
20160308203337,0.0,0.0,0.0,0.0,0.0,0.0,99.9,0.1
20160308203407,0.0,0.0,0.0,0.0,0.0,0.0,100.0,0.0
20160308203437,0.0,0.0,0.0,0.0,0.0,0.0,99.8,0.2
20160308203507,0.0,0.0,0.0,0.0,0.0,0.0,100.0,0.0
20160308203537,0.0,0.0,0.0,0.0,0.0,0.0,99.9,0.1
20160308203607,0.0,0.0,0.0,0.0,0.0,0.0,100.0,0.0
20160308203637,0.0,0.0,0.0,0.0,0.0,0.0,100.0,0.0
20160308203707,0.0,0.0,0.0,0.0,0.0,0.0,100.0,0.0
20160308203737,0.0,0.0,0.0,0.0,0.0,0.0,99.8,0.2
20160308203807,0.0,0.0,0.0,0.0,0.0,0.0,86.3,13.7
20160308203837,0.0,0.0,0.0,0.0,0.0,0.0,99.8,0.2
20160308203907,0.0,0.0,0.0,0.0,0.0,0.0,100.0,0.0
20160308203937,0.0,0.0,0.0,0.0,0.0,0.0,93.3,6.7
20160308204007,0.0,0.0,0.0,0.0,0.0,0.0,97.8,2.2
20160308204037,0.0,0.0,0.0,0.0,0.0,0.0,99.5,0.5
20160308204107,0.0,0.0,0.0,0.0,0.0,0.0,100.0,0.0
20160308204137,0.0,0.0,0.0,0.0,0.0,0.0,100.0,0.0
20160308204207,0.0,0.0,0.0,0.0,0.0,0.0,99.7,0.3
20160308204237,0.0,0.0,0.0,0.0,0.0,0.0,99.7,0.3
20160308204307,0.0,0.0,0.0,0.0,0.0,0.0,100.0,0.0
20160308204337,0.0,0.0,0.0,0.0,0.0,0.0,99.5,0.5
20160308204407,0.0,0.0,0.0,0.0,0.0,0.0,99.9,0.1
20160308204437,0.0,0.0,0.0,0.0,0.0,0.0,100.0,0.0
20160308204507,0.0,0.0,0.0,0.0,0.0,0.0,96.9,3.1
20160308204537,0.0,0.0,0.0,0.0,0.0,0.0,97.9,2.1
20160308204607,0.0,0.0,0.0,0.0,0.0,0.0,91.9,8.1
20160308204637,0.0,0.0,0.0,0.0,0.0,0.0,98.5,1.5
20160308204707,0.0,0.0,0.0,0.0,0.0,0.0,97.6,2.4
20160308204737,0.0,0.0,0.0,0.0,0.0,0.0,99.4,0.6
20160308204807,0.0,0.0,0.0,0.0,0.0,0.0,99.9,0.1
20160308204837,0.0,0.0,0.0,0.0,0.0,0.0,99.8,0.2
20160308204907,0.0,0.0,0.0,0.0,0.0,0.0,100.0,0.0
20160308204937,0.0,0.0,0.0,0.0,0.0,0.0,99.9,0.1
20160308205007,0.0,0.0,0.0,0.0,0.0,0.0,99.7,0.3
20160308205037,0.0,0.0,0.0,0.0,0.0,0.0,99.7,0.3
20160308205107,0.0,0.0,0.0,0.0,0.0,0.0,99.8,0.2
20160308205137,0.0,0.0,0.0,0.0,0.0,0.0,99.5,0.5
20160308205207,0.0,0.0,0.0,0.0,0.0,0.0,99.3,0.7
20160308205237,0.0,0.0,0.0,0.0,0.0,0.0,100.0,0.0
20160308205307,0.0,0.0,0.0,0.0,0.0,0.0,100.0,0.0
20160308205337,0.0,0.0,0.0,0.0,0.0,0.0,99.6,0.4
20160308205407,0.0,0.0,0.0,0.0,0.0,0.0,100.0,0.0
20160308205437,0.0,0.0,0.0,0.0,0.0,0.0,97.6,2.4
20160308205507,0.0,0.0,0.0,0.0,0.0,0.0,99.8,0.2
20160308205537,0.0,0.0,0.0,0.0,0.0,0.0,99.1,0.9
20160308205607,0.0,0.0,0.0,0.0,0.0,0.0,100.0,0.0
20160308205637,0.0,0.0,0.0,0.0,0.0,0.0,99.8,0.2
20160308205708,0.0,0.0,0.0,0.0,0.0,0.0,99.2,0.8
20160308205738,0.0,0.0,0.0,0.0,0.0,0.0,100.0,0.0
20160308205808,0.0,0.0,0.0,0.0,0.0,0.0,99.5,0.5
20160308205838,0.0,0.0,0.0,0.0,0.0,0.0,99.1,0.9
20160308205908,0.0,0.0,0.0,0.0,0.0,0.0,100.0,0.0
20160308205938,0.0,0.0,0.0,0.0,0.0,0.0,96.6,3.4
20160308210008,0.0,0.0,0.0,0.0,0.0,0.0,100.0,0.0
20160308210038,0.0,0.0,0.0,0.0,0.0,0.0,99.7,0.3
20160308210108,0.0,0.0,0.0,0.0,0.0,0.0,100.0,0.0
20160308210138,0.0,0.0,0.0,0.0,0.0,0.0,99.6,0.4
20160308210208,0.0,0.0,0.0,0.0,0.0,0.0,99.7,0.3
20160308210238,0.0,0.0,0.0,0.0,0.0,0.0,99.5,0.5
20160308210308,0.0,0.0,0.0,0.0,0.0,0.0,100.0,0.0
20160308210338,0.0,0.0,0.0,0.0,0.0,0.0,99.5,0.5
20160308210408,0.0,0.0,0.0,0.0,0.0,0.0,100.0,0.0
20160308210438,0.0,0.0,0.0,0.0,0.0,0.0,100.0,0.0
20160308210508,0.0,0.0,0.0,0.0,0.0,0.0,97.8,2.2
20160308210538,0.0,0.0,0.0,0.0,0.0,0.0,99.9,0.1
20160308210608,0.0,0.0,0.0,0.0,0.0,0.0,99.8,0.2
20160308210638,0.0,0.0,0.0,0.0,0.0,0.0,99.8,0.2
20160308210708,0.0,0.0,0.0,0.0,0.0,0.0,97.9,2.1
20160308210738,0.0,0.0,0.0,0.0,0.0,0.0,99.6,0.4
20160308210808,0.0,0.0,0.0,0.0,0.0,0.0,99.6,0.4
20160308210838,0.0,0.0,0.0,0.0,0.0,0.0,99.5,0.5
20160308210908,0.0,0.0,0.0,0.0,0.0,0.0,96.3,3.7
20160308210938,0.0,0.0,0.0,0.0,0.0,0.0,99.9,0.1
20160308211008,0.0,0.0,0.0,0.0,0.0,0.0,83.1,16.9
20160308211038,0.0,0.0,0.0,0.0,0.0,0.0,97.9,2.1
20160308211108,0.0,0.0,0.0,0.0,0.0,0.0,99.9,0.1
20160308211138,0.0,0.0,0.0,0.0,0.0,0.0,100.0,0.0
20160308211208,0.0,0.0,0.0,0.0,0.0,0.0,97.0,3.0
20160308211238,0.0,0.0,0.0,0.0,0.0,0.0,98.5,1.5
20160308211308,0.0,0.0,0.0,0.0,0.0,0.0,94.6,5.4
20160308211338,0.0,0.0,0.0,0.0,0.0,0.0,100.0,0.0
20160308211408,0.0,0.0,0.0,0.0,0.0,0.0,100.0,0.0
20160308211438,0.0,0.0,0.0,0.0,0.0,0.0,99.7,0.3
20160308211508,0.0,0.0,0.0,0.0,0.0,0.0,96.6,3.4
20160308211538,0.0,0.0,0.0,0.0,0.0,0.0,99.7,0.3
20160308211608,0.0,0.0,0.0,0.0,0.0,0.0,95.5,4.5
20160308211638,0.0,0.0,0.0,0.0,0.0,0.0,93.0,7.0
20160308211708,0.0,0.0,0.0,0.0,0.0,0.0,99.9,0.1
20160308211738,0.0,0.0,0.0,0.0,0.0,0.0,99.3,0.7
20160308211808,0.0,0.0,0.0,0.0,0.0,0.0,77.8,22.2
20160308211838,0.0,0.0,0.0,0.0,0.0,0.0,100.0,0.0
20160308211908,0.0,0.0,0.0,0.0,0.0,0.0,45.2,54.8
20160308211938,0.0,0.0,0.0,0.0,0.0,0.0,98.0,2.0
20160308212008,0.0,0.0,0.0,0.0,0.0,0.0,85.4,14.6
20160308212038,0.0,0.0,0.0,0.0,0.0,0.0,95.8,4.2
20160308212108,0.0,0.0,0.0,0.0,0.0,0.0,87.3,12.6
20160308212138,0.0,0.0,0.0,0.0,0.0,0.0,99.3,0.7
20160308212208,0.0,0.0,0.0,0.0,0.0,0.0,92.8,7.2
20160308212238,0.0,0.0,0.0,0.0,0.0,0.0,23.0,77.0
20160308212308,0.0,0.0,0.0,0.0,0.0,0.0,90.1,9.9
20160308212338,0.0,0.0,0.0,0.0,0.0,0.0,61.2,38.8
20160308212408,0.0,0.0,0.0,0.0,0.0,0.0,92.0,8.0
20160308212438,0.0,0.0,0.0,0.0,0.0,0.0,78.7,21.2
20160308212508,0.0,0.0,0.0,0.0,0.0,0.0,85.8,14.2
20160308212538,0.0,0.0,0.0,0.0,0.0,0.0,49.9,50.1
20160308212608,0.0,0.0,0.0,0.0,0.0,0.0,93.9,6.1
20160308212638,0.0,0.0,0.0,0.0,0.0,0.0,74.1,25.9
20160308212708,0.0,0.0,0.0,0.0,0.0,0.0,84.5,15.5
20160308212738,0.0,0.0,0.0,0.0,0.0,0.0,69.2,30.8
20160308212808,0.0,0.0,0.0,0.0,0.0,0.0,86.6,13.4
20160308212838,0.0,0.0,0.0,0.0,0.0,0.0,67.0,33.0
20160308212908,0.0,0.0,0.0,0.0,0.0,0.0,66.7,33.3
20160308212938,0.0,0.0,0.0,0.0,0.0,0.0,22.7,77.3
20160308213008,0.0,0.0,0.0,0.0,0.0,0.0,61.5,38.5
20160308213038,0.0,0.0,0.0,0.0,0.0,0.0,77.6,22.4
20160308213108,0.0,0.0,0.0,0.0,0.0,0.0,67.8,32.2
20160308213139,0.0,0.0,0.0,0.0,0.0,0.0,74.1,25.9
20160308213209,0.0,0.0,0.0,0.0,0.0,0.0,97.3,2.7
20160308213239,0.0,0.0,0.0,0.0,0.0,0.0,89.9,10.1
20160308213309,0.0,0.0,0.0,0.0,0.0,0.0,99.4,0.6
20160308213339,0.0,0.0,0.0,0.0,0.0,0.0,97.5,2.5
20160308213409,0.0,0.0,0.0,0.0,0.0,0.0,99.3,0.7
20160308213439,0.0,0.0,0.0,0.0,0.0,0.0,60.9,39.1
20160308213509,0.0,0.0,0.0,0.1,0.0,0.0,92.7,7.2
20160308213539,0.0,0.0,0.0,0.0,0.0,0.0,37.2,62.8
20160308213609,0.0,0.0,0.0,0.0,0.0,0.0,94.8,5.2
20160308213639,0.0,0.0,0.0,0.0,0.0,0.0,99.2,0.8
20160308213709,0.0,0.0,0.0,0.0,0.0,0.0,91.7,8.3
20160308213739,0.0,0.0,0.0,0.0,0.0,0.0,98.5,1.5
20160308213809,0.0,0.0,0.0,0.0,0.0,0.0,95.7,4.3
20160308213839,0.0,0.0,0.0,0.0,0.0,0.0,58.6,41.4
20160308213909,0.0,0.0,0.0,0.0,0.0,0.0,72.4,27.6
20160308213939,0.0,0.0,0.0,0.0,0.0,0.0,99.7,0.3
20160308214009,0.0,0.0,0.0,0.0,0.0,0.0,88.7,11.3
20160308214039,0.0,0.0,0.0,0.0,0.0,0.0,67.7,32.3
20160308214109,0.0,0.0,0.0,0.0,0.0,0.0,99.0,0.9
20160308214139,0.0,0.0,0.0,0.0,0.0,0.0,51.4,48.6
20160308214209,0.0,0.0,0.0,0.0,0.0,0.0,96.6,3.4
20160308214239,0.0,0.0,0.0,0.0,0.0,0.0,92.9,7.1
20160308214309,0.0,0.0,0.0,0.0,0.0,0.0,33.1,66.9
20160308214339,0.0,0.0,0.0,0.0,0.0,0.0,98.2,1.8
20160308214409,0.0,0.0,0.0,0.0,0.0,0.0,74.4,25.6
20160308214439,0.0,0.0,0.0,0.0,0.0,0.0,35.4,64.6
20160308214509,0.0,0.0,0.0,0.0,0.0,0.0,95.9,4.1
20160308214539,0.0,0.0,0.0,0.0,0.0,0.0,46.9,53.1
20160308214609,0.0,0.0,0.0,0.0,0.0,0.0,7.9,92.1
20160308214639,0.0,0.0,0.0,0.0,0.0,0.0,99.6,0.4
20160308214709,0.0,0.0,0.0,0.0,0.0,0.0,35.0,65.0
20160308214739,0.0,0.0,0.0,0.1,0.0,0.0,69.5,30.4
20160308214809,0.0,0.0,0.0,0.1,0.0,0.0,51.1,48.9
20160308214839,0.0,0.0,0.0,0.3,0.0,0.0,22.2,77.5
20160308214909,0.0,0.0,0.0,0.0,0.0,0.0,25.8,74.2
20160308214939,0.0,0.0,0.0,0.0,0.0,0.0,74.5,25.5
20160308215009,0.0,0.0,0.0,0.1,0.0,0.0,57.0,42.9
20160308215039,0.0,0.0,0.0,0.2,0.0,0.0,33.4,66.4
20160308215109,0.0,0.0,0.0,0.0,0.0,0.0,38.0,62.0
20160308215139,0.0,0.0,0.0,0.4,0.0,0.0,64.1,35.4
20160308215209,0.0,0.0,0.0,0.1,0.0,0.0,66.0,33.9
20160308215239,0.0,0.0,0.0,0.1,0.0,0.0,16.3,83.5
20160308215309,0.0,0.0,0.0,0.5,0.0,0.0,85.5,14.1
20160308215339,0.0,0.0,0.0,0.0,0.0,0.0,95.3,4.7
20160308215409,0.0,0.0,0.0,0.0,0.0,0.0,36.2,63.8
20160308215439,0.0,0.0,0.0,0.1,0.0,0.0,79.6,20.3
20160308215509,0.0,0.0,0.0,0.0,0.0,0.0,65.5,34.5
20160308215539,0.0,0.0,0.0,0.2,0.0,0.0,62.7,37.1
20160308215609,0.0,0.0,0.0,0.0,0.0,0.0,98.7,1.2
20160308215639,0.0,0.0,0.0,0.1,0.0,0.0,89.2,10.7
20160308215709,0.0,0.0,0.0,0.0,0.0,0.0,95.9,4.1
20160308215739,0.0,0.0,0.0,0.0,0.0,0.0,53.4,46.5
20160308215809,0.0,0.0,0.0,0.0,0.0,0.0,43.7,56.3
20160308215839,0.0,0.0,0.0,0.0,0.0,0.0,87.7,12.3
20160308215909,0.0,0.0,0.0,0.0,0.0,0.0,68.1,31.9
20160308215940,0.0,0.0,0.0,0.0,0.0,0.0,83.4,16.6
20160308220010,0.0,0.0,0.0,0.1,0.0,0.0,57.6,42.3
20160308220040,0.0,0.0,0.0,0.0,0.0,0.0,91.0,9.0
20160308220110,0.0,0.0,0.0,0.0,0.0,0.0,62.8,37.2
20160308220140,0.0,0.0,0.0,0.0,0.0,0.0,99.4,0.6
20160308220210,0.0,0.0,0.0,0.0,0.0,0.0,88.1,11.9
20160308220240,0.0,0.0,0.0,0.0,0.0,0.0,99.4,0.6
20160308220310,0.0,0.0,0.0,0.0,0.0,0.0,98.5,1.5
20160308220340,0.0,0.0,0.0,0.0,0.0,0.0,98.6,1.4
20160308220410,0.0,0.0,0.0,0.1,0.0,0.0,99.6,0.4
20160308220440,0.0,0.0,0.0,0.0,0.0,0.0,99.7,0.3
20160308220510,0.0,0.0,0.0,0.0,0.0,0.0,99.7,0.3
20160308220540,0.0,0.0,0.0,0.0,0.0,0.0,97.6,2.4
20160308220610,0.0,0.0,0.0,0.0,0.0,0.0,99.3,0.7
20160308220640,0.0,0.0,0.0,0.0,0.0,0.0,54.3,45.7
20160308220710,0.0,0.0,0.0,0.0,0.0,0.0,94.8,5.2
20160308220740,0.0,0.0,0.0,0.0,0.0,0.0,97.5,2.5
20160308220810,0.0,0.0,0.0,0.0,0.0,0.0,49.5,50.5
20160308220840,0.0,0.0,0.0,0.0,0.0,0.0,97.1,2.9
20160308220910,0.0,0.0,0.0,0.0,0.0,0.0,91.5,8.5
20160308220940,0.0,0.0,0.0,0.0,0.0,0.0,95.2,4.8
20160308221010,0.0,0.0,0.0,0.0,0.0,0.0,99.6,0.4
20160308221040,0.0,0.0,0.0,0.0,0.0,0.0,93.6,6.4
20160308221110,0.0,0.0,0.0,0.0,0.0,0.0,48.9,51.1
20160308221140,0.0,0.0,0.0,0.0,0.0,0.0,90.2,9.8
20160308221210,0.0,0.0,0.0,0.0,0.0,0.0,95.2,4.8
20160308221240,0.0,0.0,0.0,0.0,0.0,0.0,88.6,11.4
20160308221310,0.0,0.0,0.0,0.0,0.0,0.0,56.3,43.7
20160308221340,0.0,0.0,0.0,0.0,0.0,0.0,93.3,6.7
20160308221410,0.0,0.0,0.0,0.0,0.0,0.0,48.8,51.2
20160308221440,0.0,0.0,0.0,0.0,0.0,0.0,97.9,2.1
20160308221510,0.0,0.0,0.0,0.0,0.0,0.0,98.6,1.4
20160308221540,0.0,0.0,0.0,0.0,0.0,0.0,99.7,0.3
20160308221610,0.0,0.0,0.0,0.0,0.0,0.0,100.0,0.0
20160308221640,0.0,0.0,0.0,0.0,0.0,0.0,82.7,17.3
20160308221710,0.0,0.0,0.0,0.0,0.0,0.0,96.5,3.5
20160308221740,0.0,0.0,0.0,0.0,0.0,0.0,96.4,3.6
20160308221810,0.0,0.0,0.0,0.0,0.0,0.0,99.7,0.3
20160308221840,0.0,0.0,0.0,0.0,0.0,0.0,100.0,0.0
20160308221910,0.0,0.0,0.0,0.0,0.0,0.0,100.0,0.0
20160308221940,0.0,0.0,0.0,0.0,0.0,0.0,99.7,0.3
20160308222010,0.0,0.0,0.0,0.0,0.0,0.0,80.1,19.9
20160308222040,0.0,0.0,0.0,0.0,0.0,0.0,100.0,0.0
20160308222110,0.0,0.0,0.0,0.0,0.0,0.0,99.7,0.3
20160308222140,0.0,0.0,0.0,0.0,0.0,0.0,100.0,0.0
20160308222210,0.0,0.0,0.0,0.0,0.0,0.0,99.6,0.4
20160308222240,0.0,0.0,0.0,0.0,0.0,0.0,99.6,0.4
20160308222310,0.0,0.0,0.0,0.0,0.0,0.0,100.0,0.0
20160308222340,0.0,0.0,0.0,0.0,0.0,0.0,99.7,0.3
20160308222410,0.0,0.0,0.0,0.0,0.0,0.0,99.8,0.2
20160308222440,0.0,0.0,0.0,0.0,0.0,0.0,100.0,0.0
20160308222510,0.0,0.0,0.0,0.0,0.0,0.0,100.0,0.0
20160308222540,0.0,0.0,0.0,0.0,0.0,0.0,99.9,0.1
20160308222610,0.0,0.0,0.0,0.0,0.0,0.0,99.1,0.9
20160308222640,0.0,0.0,0.0,0.0,0.0,0.0,100.0,0.0
20160308222710,0.0,0.0,0.0,0.0,0.0,0.0,100.0,0.0
20160308222740,0.0,0.0,0.0,0.0,0.0,0.0,99.7,0.3
20160308222810,0.0,0.0,0.0,0.0,0.0,0.0,99.9,0.1
20160308222840,0.0,0.0,0.0,0.0,0.0,0.0,99.5,0.5
20160308222910,0.0,0.0,0.0,0.0,0.0,0.0,99.6,0.4
20160308222940,0.0,0.0,0.0,0.0,0.0,0.0,99.9,0.1
20160308223010,0.0,0.0,0.0,0.0,0.0,0.0,99.8,0.2
20160308223040,0.0,0.0,0.0,0.0,0.0,0.0,100.0,0.0
20160308223110,0.0,0.0,0.0,0.0,0.0,0.0,99.8,0.2
20160308223140,0.0,0.0,0.0,0.0,0.0,0.0,99.1,0.9
20160308223210,0.0,0.0,0.0,0.0,0.0,0.0,98.5,1.5
20160308223240,0.0,0.0,0.0,0.0,0.0,0.0,99.3,0.7
20160308223310,0.0,0.0,0.0,0.0,0.0,0.0,96.0,4.0
20160308223341,0.0,0.0,0.0,0.0,0.0,0.0,98.7,1.3
20160308223411,0.0,0.0,0.0,0.0,0.0,0.0,97.4,2.6
20160308223441,0.0,0.0,0.0,0.0,0.0,0.0,100.0,0.0
20160308223511,0.0,0.0,0.0,0.0,0.0,0.0,99.5,0.5
20160308223541,0.0,0.0,0.0,0.0,0.0,0.0,98.8,1.2
20160308223611,0.0,0.0,0.0,0.0,0.0,0.0,99.7,0.3
20160308223641,0.0,0.0,0.0,0.0,0.0,0.0,99.6,0.4
20160308223711,0.0,0.0,0.0,0.0,0.0,0.0,100.0,0.0
20160308223741,0.0,0.0,0.0,0.0,0.0,0.0,99.7,0.3
20160308223811,0.0,0.0,0.0,0.0,0.0,0.0,100.0,0.0
20160308223841,0.0,0.0,0.0,0.0,0.0,0.0,99.5,0.5
20160308223911,0.0,0.0,0.0,0.0,0.0,0.0,99.8,0.2
20160308223941,0.0,0.0,0.0,0.0,0.0,0.0,99.7,0.3
20160308224011,0.0,0.0,0.0,0.0,0.0,0.0,94.9,5.1
20160308224041,0.0,0.0,0.0,0.0,0.0,0.0,20.5,79.5
20160308224111,0.0,0.0,0.0,0.0,0.0,0.0,99.9,0.1
20160308224141,0.0,0.0,0.0,0.0,0.0,0.0,93.3,6.7
20160308224211,0.0,0.0,0.0,0.0,0.0,0.0,97.7,2.3
20160308224241,0.0,0.0,0.0,0.0,0.0,0.0,91.0,9.0
20160308224311,0.0,0.0,0.0,0.0,0.0,0.0,90.2,9.8
20160308224341,0.0,0.0,0.0,0.0,0.0,0.0,15.8,84.1
20160308224411,0.0,0.0,0.0,0.0,0.0,0.0,99.5,0.5
20160308224441,0.0,0.0,0.0,0.0,0.0,0.0,56.2,43.8
20160308224511,0.0,0.0,0.0,0.0,0.0,0.0,98.4,1.6
20160308224541,0.0,0.0,0.0,0.0,0.0,0.0,92.2,7.8
20160308224611,0.0,0.0,0.0,0.0,0.0,0.0,94.2,5.8
20160308224641,0.0,0.0,0.0,0.0,0.0,0.0,27.0,73.0
20160308224711,0.0,0.0,0.0,0.0,0.0,0.0,40.2,59.8
20160308224741,0.0,0.0,0.0,0.0,0.0,0.0,71.4,28.6
20160308224811,0.0,0.0,0.0,0.0,0.0,0.0,93.6,6.4
20160308224841,0.0,0.0,0.0,0.0,0.0,0.0,36.9,63.1
20160308224911,0.0,0.0,0.0,5.5,0.0,0.0,13.0,81.4
20160308224941,0.0,0.0,0.0,93.7,0.4,0.0,5.2,0.7
20160308225011,0.0,0.0,0.0,99.1,0.1,0.0,0.0,0.8
20160308225041,0.0,0.0,0.0,96.8,0.2,0.0,1.5,1.6
20160308225111,0.0,0.0,0.0,0.8,0.0,0.0,25.8,73.5
20160308225141,0.0,0.0,0.0,0.4,0.0,0.0,54.1,45.5
20160308225211,0.0,0.0,0.0,0.0,0.0,0.0,31.2,68.8
20160308225241,0.0,0.0,0.0,0.0,0.0,0.0,86.6,13.4
20160308225311,0.0,0.0,0.0,0.0,0.0,0.0,71.2,28.8
20160308225341,0.0,0.0,0.0,0.0,0.0,0.0,35.7,64.3
20160308225411,0.0,0.0,0.0,0.0,0.0,0.0,9.3,90.6
20160308225441,0.0,0.0,0.0,0.0,0.0,0.0,48.1,51.9
20160308225511,0.0,0.0,0.0,0.0,0.0,0.0,55.0,44.9
20160308225541,0.0,0.0,0.0,0.0,0.0,0.0,7.4,92.6
20160308225611,0.0,0.0,0.0,0.0,0.0,0.0,24.0,76.0
20160308225641,0.0,0.0,0.0,0.4,0.0,0.0,63.9,35.7
20160308225711,0.0,0.0,0.0,0.0,0.0,0.0,65.0,35.0
20160308225741,0.0,0.0,0.0,0.0,0.0,0.0,11.0,89.0
20160308225811,0.0,0.0,0.0,0.0,0.0,0.0,5.6,94.3
20160308225841,0.0,0.0,0.0,0.7,0.0,0.0,2.2,97.1
20160308225911,0.0,0.0,0.0,0.9,0.0,0.0,0.1,99.0
20160308225941,0.0,0.0,0.0,94.1,0.0,0.0,0.1,5.8
20160308230011,0.0,0.0,0.0,33.6,0.3,0.0,2.5,63.6
20160308230041,0.0,0.0,0.1,12.2,0.6,0.0,18.7,68.4
20160308230111,0.0,0.0,0.0,0.0,0.0,0.0,83.2,16.8
20160308230141,0.0,0.0,0.0,0.0,0.0,0.0,76.3,23.7
20160308230211,0.0,0.0,0.0,0.0,0.0,0.0,39.0,61.0
20160308230241,0.0,0.0,0.0,0.0,0.0,0.0,51.3,48.7
20160308230312,0.0,0.0,0.0,0.0,0.0,0.0,19.3,80.7
20160308230342,0.0,0.0,0.0,0.0,0.0,0.0,2.7,97.3
20160308230412,0.0,0.0,0.0,0.0,0.0,0.0,24.1,75.9
20160308230442,0.0,0.0,0.0,0.0,0.0,0.0,15.4,84.6
20160308230512,0.0,0.0,0.0,0.0,0.0,0.0,56.7,43.3
20160308230542,0.0,0.0,0.0,0.0,0.0,0.0,41.6,58.4
20160308230612,0.0,0.0,0.0,0.0,0.0,0.0,53.4,46.6
20160308230642,0.0,0.0,0.0,0.0,0.0,0.0,75.4,24.6
20160308230712,0.0,0.0,0.0,0.0,0.0,0.0,61.0,39.0
20160308230742,0.0,0.0,0.0,0.0,0.0,0.0,34.7,65.3
20160308230812,0.0,0.0,0.0,0.0,0.0,0.0,1.0,99.0
20160308230842,0.0,0.0,0.0,0.2,0.1,0.0,4.3,95.4
20160308230912,0.0,0.0,0.0,32.6,1.0,0.0,3.4,62.9
20160308230942,0.0,0.0,0.0,0.4,0.8,0.0,10.9,87.9
20160308231012,0.0,0.0,0.0,0.3,0.4,0.0,25.7,73.6
20160308231042,0.0,0.0,0.0,0.0,0.0,0.0,33.5,66.5
20160308231112,0.0,0.0,0.0,0.0,0.0,0.0,73.4,26.6
20160308231142,0.0,0.0,0.0,0.0,0.0,0.0,85.5,14.5
20160308231212,0.0,0.0,0.0,0.0,0.0,0.0,69.2,30.8
20160308231242,0.0,0.0,0.0,0.0,0.0,0.0,34.7,65.3
20160308231312,0.0,0.0,0.0,0.0,0.0,0.0,54.8,45.2
20160308231342,0.0,0.0,0.0,0.0,0.0,0.0,41.6,58.4
20160308231412,0.0,0.0,0.0,0.0,0.0,0.0,52.5,47.5
20160308231442,0.0,0.0,0.0,0.0,0.0,0.0,21.9,78.1
20160308231512,0.0,0.0,0.0,0.0,0.0,0.0,80.8,19.2
20160308231542,0.0,0.0,0.0,0.0,0.0,0.0,98.0,2.0
20160308231612,0.0,0.0,0.0,0.0,0.0,0.0,95.2,4.8
20160308231642,0.0,0.0,0.0,0.0,0.0,0.0,98.3,1.7
20160308231712,0.0,0.0,0.0,0.0,0.0,0.0,88.5,11.5
20160308231742,0.0,0.0,0.0,0.0,0.0,0.0,98.6,1.4
20160308231812,0.0,0.0,0.0,0.0,0.0,0.0,99.4,0.6
20160308231842,0.0,0.0,0.0,0.0,0.0,0.0,97.4,2.6
20160308231912,0.0,0.0,0.0,0.0,0.0,0.0,95.3,4.7
20160308231942,0.0,0.0,0.0,0.0,0.0,0.0,99.2,0.8
20160308232012,0.0,0.0,0.0,0.0,0.0,0.0,99.0,1.0
20160308232042,0.0,0.0,0.0,0.0,0.0,0.0,98.3,1.7
20160308232112,0.0,0.0,0.0,0.0,0.0,0.0,99.9,0.1
20160308232142,0.0,0.0,0.0,0.0,0.0,0.0,99.0,1.0
20160308232212,0.0,0.0,0.0,0.0,0.0,0.0,99.6,0.4
20160308232242,0.0,0.0,0.0,0.1,0.0,0.0,99.6,0.4
20160308232312,0.0,0.0,0.0,0.4,0.0,0.0,99.5,0.1
20160308232342,0.0,0.0,0.0,0.1,0.0,0.0,99.6,0.2
20160308232412,0.0,0.0,0.0,0.0,0.0,0.0,98.8,1.2
20160308232442,0.0,0.0,0.0,0.0,0.0,0.0,99.6,0.4
20160308232512,0.0,0.0,0.0,0.0,0.0,0.0,99.7,0.2
20160308232542,0.0,0.0,0.0,0.0,0.0,0.0,98.4,1.6
20160308232612,0.0,0.0,0.0,0.0,0.0,0.0,98.6,1.3
20160308232642,0.0,0.0,0.0,0.0,0.0,0.0,99.1,0.9
20160308232712,0.0,0.0,0.0,0.0,0.0,0.0,99.1,0.8
20160308232742,0.0,0.0,0.0,0.0,0.0,0.0,99.1,0.9
20160308232812,0.0,0.0,0.0,0.1,0.0,0.0,87.6,12.3
20160308232842,0.0,0.0,0.0,0.0,0.0,0.0,97.1,2.9
20160308232912,0.0,0.0,0.0,0.0,0.1,0.0,65.6,34.3
20160308232942,0.0,0.0,0.0,0.0,0.0,0.0,94.1,5.9
20160308233012,0.0,0.0,0.0,0.0,0.0,0.0,89.5,10.5
20160308233042,0.0,0.0,0.0,0.0,0.0,0.0,96.3,3.7
20160308233112,0.0,0.0,0.0,0.0,0.0,0.0,85.7,14.3
20160308233142,0.0,0.0,0.0,0.0,0.0,0.0,97.4,2.6
20160308233212,0.0,0.0,0.0,0.0,0.0,0.0,71.2,28.8
20160308233242,0.0,0.0,0.0,0.0,0.0,0.0,85.7,14.3
20160308233312,0.0,0.0,0.0,0.1,0.0,0.0,96.3,3.6
20160308233342,0.0,0.0,0.0,0.0,0.0,0.0,76.0,24.0
20160308233412,0.0,0.0,0.0,0.0,0.0,0.0,95.9,4.1
20160308233442,0.0,0.0,0.0,0.0,0.0,0.0,94.0,6.0
20160308233513,0.0,0.0,0.0,0.0,0.0,0.0,91.6,8.4
20160308233543,0.0,0.0,0.0,0.0,0.0,0.0,92.8,7.1
20160308233613,0.0,0.0,0.0,0.0,0.0,0.0,99.3,0.7
20160308233643,0.0,0.0,0.0,0.0,0.0,0.0,76.2,23.8
20160308233713,0.0,0.0,0.0,0.0,0.0,0.0,99.9,0.0
20160308233743,0.0,0.0,0.0,0.0,0.0,0.0,99.8,0.2
20160308233813,0.0,0.0,0.0,0.0,0.0,0.0,76.4,23.5
20160308233843,0.0,0.0,0.0,0.0,0.0,0.0,56.4,43.6
20160308233913,0.0,0.0,0.0,0.0,0.0,0.0,98.6,1.4
20160308233943,0.0,0.0,0.0,0.0,0.0,0.0,84.8,15.2
20160308234013,0.0,0.0,0.0,0.0,0.0,0.0,84.9,15.1
20160308234043,0.0,0.0,0.0,0.0,0.0,0.0,84.1,15.9
20160308234113,0.0,0.0,0.0,0.0,0.0,0.0,77.3,22.7
20160308234143,0.0,0.0,0.0,0.0,0.0,0.0,82.8,17.2
20160308234213,0.0,0.0,0.0,0.0,0.0,0.0,99.5,0.5
20160308234243,0.0,0.0,0.0,0.0,0.0,0.0,96.7,3.3
20160308234313,0.0,0.0,0.0,0.0,0.0,0.0,99.0,1.0
20160308234343,0.0,0.0,0.0,0.0,0.0,0.0,98.4,1.6
20160308234413,0.0,0.0,0.0,0.0,0.0,0.0,96.4,3.6
20160308234443,0.0,0.0,0.0,0.0,0.0,0.0,98.4,1.6
20160308234513,0.0,0.0,0.0,0.0,0.0,0.0,97.6,2.3
20160308234543,0.0,0.0,0.0,0.0,0.0,0.0,84.9,15.0
20160308234613,0.0,0.0,0.0,0.1,0.0,0.0,62.8,37.0
20160308234643,0.0,0.0,0.0,0.1,0.0,0.0,82.3,17.6
20160308234713,0.0,0.0,0.0,0.0,0.0,0.0,73.8,26.2
20160308234743,0.0,0.0,0.0,0.0,0.0,0.0,100.0,0.0
20160308234813,0.0,0.0,0.0,0.0,0.0,0.0,43.3,56.7
20160308234843,0.0,0.0,0.0,0.0,0.0,0.0,37.6,62.4
20160308234913,0.0,0.0,0.0,0.0,0.0,0.0,99.3,0.7
20160308234943,0.0,0.0,0.0,0.0,0.0,0.0,85.6,14.4
20160308235013,0.0,0.0,0.0,0.0,0.0,0.0,93.4,6.6
20160308235043,0.0,0.0,0.0,0.0,0.0,0.0,76.5,23.5
20160308235113,0.0,0.0,0.0,0.0,0.0,0.0,97.9,2.1
