UT,arc,discrete,diffuse,ac,ab,clear,cloudy,dd
20160222160500,0.0,0.0,0.0,0.0,0.0,0.0,0.0,100.0
20160222160530,0.0,0.0,0.0,0.0,0.0,0.0,0.0,100.0
20160222160600,0.0,0.0,0.0,0.0,0.0,0.0,0.0,100.0
20160222160630,0.0,0.0,0.0,0.0,0.0,0.0,0.0,100.0
20160222160700,0.0,0.0,0.0,0.0,0.0,0.0,0.0,100.0
20160222160730,0.0,0.0,0.0,0.0,0.0,0.0,0.0,100.0
20160222160800,0.0,0.0,0.0,0.0,0.0,0.0,0.0,100.0
20160222160830,0.0,0.0,0.0,0.0,0.0,0.0,0.0,100.0
20160222160900,0.0,0.0,0.0,0.0,0.0,0.0,0.0,100.0
20160222160930,0.0,0.0,0.0,0.0,0.0,0.0,0.0,100.0
20160222161000,0.0,0.0,0.0,0.0,0.0,0.0,0.0,100.0
20160222161030,0.0,0.0,0.0,0.0,0.0,0.0,0.0,100.0
20160222161100,0.0,0.0,0.0,0.0,0.0,0.0,0.0,100.0
20160222161130,0.0,0.0,0.0,0.0,0.0,0.0,0.0,100.0
20160222161200,0.0,0.0,0.0,0.0,0.0,0.0,0.0,100.0
20160222161230,0.0,0.0,0.0,0.0,0.0,0.0,0.0,100.0
20160222161300,0.0,0.0,0.0,0.0,0.0,0.0,0.0,100.0
20160222161330,0.0,0.0,0.0,0.0,0.0,0.0,0.0,100.0
20160222161400,0.0,0.0,0.0,0.0,0.0,0.0,0.0,100.0
20160222161430,0.0,0.0,0.0,0.0,0.0,0.0,0.0,100.0
20160222161500,0.0,0.0,0.0,0.0,0.0,0.0,0.0,100.0
20160222161530,0.0,0.0,0.0,0.0,0.0,0.0,0.0,100.0
20160222161600,0.0,0.0,0.0,0.0,0.0,0.0,0.0,100.0
20160222161630,0.0,0.0,0.0,0.0,0.0,0.0,0.0,100.0
20160222161700,0.0,0.0,0.0,0.0,0.0,0.0,0.0,100.0
20160222161730,0.0,0.0,0.0,0.0,0.0,0.0,0.0,100.0
20160222161800,0.0,0.0,0.0,0.0,0.0,0.0,0.0,100.0
20160222161830,0.0,0.0,0.0,0.0,0.0,0.0,0.0,100.0
20160222161900,0.0,0.0,0.0,0.0,0.0,0.0,0.0,100.0
20160222161930,0.0,0.0,0.0,0.0,0.0,0.0,0.0,100.0
20160222162000,0.0,0.0,0.0,0.0,0.0,0.0,0.0,100.0
20160222162030,0.0,0.0,0.0,0.0,0.0,0.0,0.0,100.0
20160222162100,0.0,0.0,0.0,0.0,0.0,0.0,0.0,100.0
20160222162130,0.0,0.0,0.0,0.0,0.0,0.0,0.0,100.0
20160222162200,0.0,0.0,0.0,0.0,0.0,0.0,0.0,100.0
20160222162230,0.0,0.0,0.0,0.0,0.0,0.0,0.0,100.0
20160222162300,0.0,0.0,0.0,0.0,0.0,0.0,0.0,100.0
20160222162330,0.0,0.0,0.0,0.0,0.0,0.0,0.0,100.0
20160222162400,0.0,0.0,0.0,0.0,0.0,0.0,0.0,100.0
20160222162430,0.0,0.0,0.0,0.0,0.0,0.0,0.0,100.0
20160222162500,0.0,0.0,0.0,0.0,0.0,0.0,0.0,100.0
20160222162530,0.0,0.0,0.0,0.0,0.0,0.0,0.0,100.0
20160222162600,0.0,0.0,0.0,0.0,0.0,0.0,0.0,100.0
20160222162630,0.0,0.0,0.0,0.0,0.0,0.0,0.0,100.0
20160222162700,0.0,0.0,0.0,0.0,0.0,0.0,0.0,100.0
20160222162730,0.0,0.0,0.0,0.0,0.0,0.0,0.0,100.0
20160222162800,0.0,0.0,0.0,0.0,0.0,0.0,0.0,100.0
20160222162830,0.0,0.0,0.0,0.0,0.0,0.0,0.0,100.0
20160222162901,0.0,0.0,0.0,0.0,0.0,0.0,0.0,100.0
20160222162931,0.0,0.0,0.0,0.0,0.0,0.0,0.0,100.0
20160222163001,0.0,0.0,0.0,0.0,0.0,0.0,0.0,100.0
20160222163031,0.0,0.0,0.0,0.0,0.0,0.0,0.0,100.0
20160222163101,0.0,0.0,0.0,0.0,0.0,0.0,0.0,100.0
20160222163131,0.0,0.0,0.0,0.0,0.0,0.0,0.0,100.0
20160222163201,0.0,0.0,0.0,0.0,0.0,0.0,0.0,100.0
20160222163231,0.0,0.0,0.0,0.0,0.0,0.0,0.0,100.0
20160222163301,0.0,0.0,0.0,0.0,0.0,0.0,0.0,100.0
20160222163331,0.0,0.0,0.0,0.0,0.0,0.0,0.0,100.0
20160222163401,0.0,0.0,0.0,0.0,0.0,0.0,0.0,100.0
20160222163431,0.0,0.0,0.0,0.0,0.0,0.0,0.0,100.0
20160222163501,0.0,0.0,0.0,0.0,0.0,0.0,0.0,100.0
20160222163531,0.0,0.0,0.0,0.0,0.0,0.0,0.0,100.0
20160222163601,0.0,0.0,0.0,0.0,0.0,0.0,0.0,100.0
20160222163631,0.0,0.0,0.0,0.0,0.0,0.0,0.0,100.0
20160222163701,0.0,0.0,0.0,0.0,0.0,0.0,0.0,100.0
20160222163731,0.0,0.0,0.0,0.0,0.0,0.0,0.0,100.0
20160222163801,0.0,0.0,0.0,0.0,0.0,0.0,0.0,100.0
20160222163831,0.0,0.0,0.0,0.0,0.0,0.0,0.0,100.0
20160222163901,0.0,0.0,0.0,0.0,0.0,0.0,0.0,100.0
20160222163931,0.0,0.0,0.0,0.0,0.0,0.0,0.0,100.0
20160222164001,0.0,0.0,0.0,0.0,0.0,0.0,0.0,100.0
20160222164031,0.0,0.0,0.0,0.0,0.0,0.0,0.0,100.0
20160222164101,0.0,0.0,0.0,0.0,0.0,0.0,0.0,100.0
20160222164131,0.0,0.0,0.0,0.0,0.0,0.0,0.0,100.0
20160222164201,0.0,0.0,0.0,0.0,0.0,0.0,0.0,100.0
20160222164231,0.0,0.0,0.0,0.0,0.0,0.0,0.0,100.0
20160222164301,0.0,0.0,0.0,0.0,0.0,0.0,0.0,100.0
20160222164331,0.0,0.0,0.0,0.0,0.0,0.0,0.0,100.0
20160222164401,0.0,0.0,0.0,0.0,0.0,0.0,0.0,100.0
20160222164431,0.0,0.0,0.0,0.0,0.0,0.0,0.0,100.0
20160222164501,0.0,0.0,0.0,0.0,0.0,0.0,0.0,100.0
20160222164531,0.0,0.0,0.0,0.0,0.0,0.0,0.0,100.0
20160222164601,0.0,0.0,0.0,0.0,0.0,0.0,0.0,100.0
20160222164631,0.0,0.0,0.0,0.0,0.0,0.0,0.0,100.0
20160222164701,0.0,0.0,0.0,0.0,0.0,0.0,0.0,100.0
20160222164731,0.0,0.0,0.0,0.0,0.0,0.0,0.0,100.0
20160222164801,0.0,0.0,0.0,0.0,0.0,0.0,0.0,100.0
20160222164831,0.0,0.0,0.0,0.0,0.0,0.0,0.0,100.0
20160222164901,0.0,0.0,0.0,0.0,0.0,0.0,0.0,100.0
20160222164931,0.0,0.0,0.0,0.0,0.0,0.0,0.0,100.0
20160222165001,0.0,0.0,0.0,0.0,0.0,0.0,0.0,100.0
20160222165031,0.0,0.0,0.0,0.0,0.0,0.0,0.0,100.0
20160222165101,0.0,0.0,0.0,0.0,0.0,0.0,0.0,100.0
20160222165131,0.0,0.0,0.0,0.0,0.0,0.0,0.0,100.0
20160222165201,0.0,0.0,0.0,0.0,0.0,0.0,0.0,100.0
20160222165231,0.0,0.0,0.0,0.0,0.0,0.0,0.0,100.0
20160222165301,0.0,0.0,0.0,0.0,0.0,0.0,0.0,100.0
20160222165331,0.0,0.0,0.0,0.0,0.0,0.0,0.0,100.0
20160222165401,0.0,0.0,0.0,0.0,0.0,0.0,0.0,100.0
20160222165431,0.0,0.0,0.0,0.0,0.0,0.0,0.0,100.0
20160222165501,0.0,0.0,0.0,0.0,0.0,0.0,0.0,100.0
20160222165531,0.0,0.0,0.0,0.0,0.0,0.0,0.0,100.0
20160222165601,0.0,0.0,0.0,0.0,0.0,0.0,0.0,100.0
20160222165631,0.0,0.0,0.0,0.0,0.0,0.0,0.0,100.0
20160222165701,0.0,0.0,0.0,0.0,0.0,0.0,0.0,100.0
20160222165731,0.0,0.0,0.0,0.0,0.0,0.0,0.0,100.0
20160222165801,0.0,0.0,0.0,0.0,0.0,0.0,0.0,100.0
20160222165831,0.0,0.0,0.0,0.0,0.0,0.0,0.0,100.0
20160222165901,0.0,0.0,0.0,0.0,0.0,0.0,0.0,100.0
20160222165931,0.0,0.0,0.0,0.0,0.0,0.0,0.0,100.0
20160222170001,0.0,0.0,0.0,0.0,0.0,0.0,0.0,100.0
20160222170031,0.0,0.0,0.0,0.0,0.0,0.0,0.0,100.0
20160222170101,0.0,0.0,0.0,0.0,0.0,0.0,0.0,100.0
20160222170131,0.0,0.0,0.0,0.0,0.0,0.0,0.0,100.0
20160222170201,0.0,0.0,0.0,0.0,0.0,0.0,0.0,100.0
20160222170231,0.0,0.0,0.0,0.0,0.0,0.0,0.0,100.0
20160222170302,0.0,0.0,0.0,0.0,0.0,0.0,0.0,100.0
20160222170332,0.0,0.0,0.0,0.0,0.0,0.0,0.0,100.0
20160222170402,0.0,0.0,0.0,0.0,0.0,0.0,0.0,99.9
20160222170432,0.0,0.0,0.1,0.0,0.0,0.0,0.0,99.8
20160222170632,0.0,0.0,0.0,0.0,0.0,0.0,0.0,100.0
20160222170702,0.0,0.0,0.0,0.0,0.0,0.0,0.0,100.0
20160222170732,0.0,0.0,0.0,0.0,0.0,0.0,0.0,100.0
20160222170802,0.0,0.0,0.0,0.0,0.0,0.0,0.0,100.0
20160222170832,0.0,0.0,0.0,0.0,0.0,0.0,0.0,100.0
20160222170902,0.0,0.0,0.0,0.0,0.0,0.0,0.0,100.0
20160222170932,0.0,0.0,0.0,0.0,0.0,0.0,0.0,100.0
20160222171002,0.0,0.0,0.0,0.0,0.0,0.0,0.0,100.0
20160222171032,0.0,0.0,0.0,0.0,0.0,0.0,0.0,100.0
20160222171102,0.0,0.0,0.0,0.0,0.0,0.0,0.0,100.0
20160222171132,0.0,0.0,0.0,0.0,0.0,0.0,0.0,100.0
20160222171202,0.0,0.0,0.0,0.0,0.0,0.0,0.0,100.0
20160222171232,0.0,0.0,0.0,0.0,0.0,0.0,0.0,100.0
20160222171302,0.0,0.0,0.0,0.0,0.0,0.0,0.0,100.0
20160222171332,0.0,0.0,0.0,0.0,0.0,0.0,0.0,100.0
20160222171402,0.0,0.0,0.0,0.0,0.0,0.0,0.0,100.0
20160222171432,0.0,0.0,0.0,0.0,0.0,0.0,0.0,100.0
20160222171502,0.0,0.0,0.0,0.0,0.0,0.0,0.0,100.0
20160222171532,0.0,0.0,0.0,0.0,0.0,0.0,0.0,99.9
20160222171602,0.0,0.0,0.0,0.0,0.0,0.0,0.0,100.0
20160222171632,0.0,0.0,0.0,0.0,0.0,0.0,0.1,99.9
20160222171702,0.0,0.0,0.0,0.0,0.0,0.0,0.0,100.0
20160222171732,0.0,0.0,0.0,0.0,0.0,0.0,0.0,99.9
20160222171802,0.0,0.0,0.0,0.0,0.0,0.0,0.0,100.0
20160222171832,0.0,0.0,0.0,0.0,0.1,0.0,0.1,99.9
20160222171902,0.0,0.0,0.0,0.0,0.1,0.0,0.0,99.9
20160222171932,0.0,0.0,0.0,0.0,0.1,0.0,0.4,99.4
20160222172002,0.0,0.0,0.0,0.0,0.0,0.0,0.0,99.9
20160222172032,0.0,0.0,0.0,0.0,0.3,0.0,0.3,99.4
20160222172102,0.0,0.0,0.0,0.0,0.1,0.0,0.0,99.9
20160222172132,0.0,0.0,0.0,0.0,0.2,0.0,0.2,99.6
20160222172202,0.0,0.0,0.0,0.0,0.1,0.0,0.1,99.8
20160222172232,0.0,0.0,0.0,0.0,0.1,0.0,0.5,99.3
20160222172302,0.0,0.0,0.0,0.0,0.1,0.0,0.3,99.6
20160222172332,0.0,0.0,0.0,0.0,0.2,0.0,0.1,99.7
20160222172402,0.0,0.0,0.0,0.0,0.1,0.0,0.8,99.2
20160222172432,0.0,0.0,0.0,0.0,0.2,0.0,0.4,99.4
20160222172502,0.0,0.0,0.0,0.0,0.2,0.0,0.5,99.3
20160222172532,0.0,0.0,0.0,0.0,0.7,0.0,3.3,96.0
20160222172602,0.0,0.0,0.0,0.0,0.3,0.0,1.7,97.9
20160222172632,0.0,0.0,0.0,0.0,3.9,0.0,4.8,91.2
20160222172702,0.0,0.0,0.0,0.0,0.3,0.0,0.2,99.4
20160222172732,0.0,0.0,0.0,0.0,0.6,0.0,0.5,98.9
20160222172802,0.0,0.0,0.0,0.0,0.5,0.0,1.9,97.6
20160222172832,0.0,0.0,0.0,0.0,0.6,0.0,2.6,96.8
20160222172902,0.0,0.0,0.0,0.0,0.2,0.0,2.4,97.4
20160222172932,0.0,0.0,0.0,0.0,0.8,0.0,0.1,99.0
20160222173002,0.0,0.0,0.0,0.0,6.2,0.0,0.5,93.3
20160222173033,0.0,0.0,0.0,0.0,1.6,0.0,3.1,95.2
20160222173103,0.0,0.0,0.0,0.0,0.6,0.0,23.5,75.8
20160222173133,0.0,0.0,0.0,0.0,1.7,0.0,7.9,90.3
20160222173203,0.0,0.0,0.0,0.0,0.5,0.0,12.2,87.3
20160222173233,0.0,0.0,0.0,0.0,0.3,0.0,21.2,78.5
20160222173303,0.0,0.0,0.0,0.0,1.0,0.0,11.9,87.0
20160222173333,0.0,0.0,0.0,0.0,0.4,0.0,0.8,98.9
20160222173403,0.0,0.0,0.0,0.0,0.2,0.0,3.4,96.3
20160222173433,0.0,0.0,0.0,0.0,0.8,0.0,2.2,97.0
20160222173503,0.0,0.0,0.0,0.1,2.1,0.0,13.8,84.0
20160222173533,0.0,0.0,0.0,0.0,0.9,0.0,5.9,93.1
20160222173603,0.0,0.0,0.1,0.2,3.4,0.0,28.6,67.6
20160222173633,0.0,0.0,0.0,0.2,1.1,0.0,36.5,62.2
20160222173703,0.0,0.0,0.1,0.1,1.0,0.0,50.1,48.7
20160222173733,0.0,0.0,0.0,0.0,0.4,0.0,49.0,50.5
20160222173803,0.0,0.0,0.0,0.0,0.6,0.0,5.4,93.9
20160222173833,0.0,0.0,0.1,0.2,1.8,0.0,27.7,70.2
20160222173903,0.0,0.0,0.0,0.1,0.9,0.0,31.3,67.7
20160222173933,0.0,0.0,0.1,0.0,0.7,0.0,37.3,61.9
20160222174003,0.0,0.0,0.0,0.0,0.8,0.0,36.3,62.9
20160222174033,0.0,0.0,0.0,0.0,2.1,0.0,40.6,57.3
20160222174103,0.0,0.0,0.0,0.1,2.1,0.0,19.0,78.8
20160222174133,0.0,0.0,0.0,0.0,0.5,0.0,68.5,30.9
20160222174203,0.0,0.0,0.0,0.0,1.1,0.0,75.1,23.7
20160222174233,0.0,0.0,0.1,0.1,2.0,0.0,31.8,66.0
20160222174303,0.0,0.0,0.0,0.0,0.9,0.0,66.1,32.9
20160222174333,0.0,0.0,0.1,0.1,2.9,0.0,4.7,92.2
20160222174403,0.0,0.0,0.1,0.3,1.9,0.0,49.1,48.7
20160222174433,0.0,0.0,0.0,0.2,2.3,0.0,4.9,92.6
20160222174503,0.0,0.0,0.2,0.5,6.5,0.0,24.0,68.8
20160222174533,0.0,0.0,0.1,0.3,3.8,0.0,59.4,36.3
20160222174603,0.0,0.0,0.1,0.1,2.1,0.0,70.2,27.4
20160222174633,0.0,0.0,0.1,0.1,3.4,0.0,40.1,56.3
20160222174703,0.0,0.0,0.1,0.1,4.2,0.0,24.6,71.0
20160222174733,0.0,0.0,0.1,0.1,2.0,0.0,63.5,34.2
20160222174803,0.0,0.0,0.1,0.1,1.8,0.0,15.0,83.0
20160222174833,0.0,0.0,0.6,1.0,9.2,0.0,37.0,52.2
20160222174903,0.0,0.0,0.1,0.2,1.2,0.0,55.3,43.2
20160222174933,0.0,0.0,0.2,0.1,2.3,0.0,10.5,86.9
20160222175003,0.0,0.0,0.2,0.1,2.3,0.0,2.8,94.6
20160222175033,0.0,0.0,0.1,0.1,2.4,0.0,11.3,86.1
20160222175103,0.0,0.0,0.4,0.3,3.4,0.0,22.1,73.8
20160222175133,0.0,0.0,0.1,0.2,4.7,0.0,3.4,91.5
20160222175203,0.0,0.0,1.0,0.5,12.0,0.0,40.1,46.3
20160222175233,0.0,0.0,0.4,0.2,3.4,0.0,43.3,52.7
20160222175303,0.0,0.0,0.3,0.1,10.6,0.0,69.5,19.5
20160222175333,0.0,0.0,0.2,0.1,5.2,0.0,25.4,69.1
20160222175403,0.0,0.0,0.3,0.1,7.5,0.0,17.9,74.2
20160222175433,0.0,0.0,0.2,0.2,6.0,0.0,22.1,71.5
20160222175503,0.0,0.0,0.1,0.1,1.0,0.0,21.7,77.0
20160222175533,0.0,0.0,0.1,0.1,0.8,0.0,15.3,83.8
20160222175603,0.0,0.0,0.0,0.1,1.2,0.0,27.1,71.6
20160222175633,0.0,0.0,0.1,0.1,2.5,0.0,6.5,90.8
20160222175703,0.0,0.0,0.0,0.1,0.5,0.0,2.5,96.9
20160222175733,0.0,0.0,0.1,0.1,2.2,0.0,33.2,64.5
20160222175803,0.0,0.0,0.1,0.1,2.1,0.0,52.2,45.5
20160222175833,0.0,0.0,0.1,0.1,2.3,0.0,29.0,68.4
20160222175903,0.0,0.0,0.2,0.3,7.1,0.0,13.0,79.4
20160222175933,0.0,0.0,0.1,0.1,2.5,0.0,16.4,80.9
20160222180003,0.0,0.0,0.1,0.1,3.2,0.0,7.0,89.6
20160222180033,0.0,0.0,0.1,0.1,2.3,0.0,29.1,68.5
20160222180103,0.0,0.0,0.1,0.1,0.7,0.0,27.9,71.3
20160222180133,0.0,0.0,0.0,0.1,2.0,0.0,25.0,72.9
20160222180203,0.0,0.0,0.1,0.1,1.5,0.0,40.1,58.2
20160222180233,0.0,0.0,0.1,0.2,1.3,0.0,63.2,35.1
20160222180303,0.0,0.0,0.0,0.1,0.5,0.0,44.8,54.6
20160222180333,0.0,0.0,0.0,0.1,1.0,0.0,63.8,35.0
20160222180403,0.0,0.0,0.0,0.1,3.3,0.0,8.4,88.1
20160222180434,0.0,0.0,0.0,0.0,0.5,0.0,11.4,88.0
20160222180504,0.0,0.0,0.1,0.1,1.8,0.0,25.5,72.5
20160222180534,0.0,0.0,0.2,0.3,21.2,0.0,31.7,46.6
20160222180604,0.0,0.0,0.1,0.1,0.8,0.0,84.9,14.1
20160222180634,0.0,0.0,0.1,0.1,1.6,0.0,46.9,51.4
20160222180704,0.0,0.0,0.0,0.1,0.9,0.0,84.9,14.0
20160222180734,0.0,0.0,0.3,0.2,6.0,0.0,39.9,53.5
20160222180804,0.0,0.0,0.0,0.1,0.4,0.0,70.3,29.1
20160222180834,0.0,0.0,0.1,0.4,1.2,0.0,81.5,16.9
20160222180904,0.0,0.0,0.3,0.4,2.9,0.0,75.1,21.4
20160222180934,0.0,0.0,0.1,0.2,1.1,0.0,39.8,58.8
20160222181004,0.0,0.0,0.4,0.4,4.2,0.0,64.5,30.5
20160222181034,0.0,0.0,0.1,0.2,1.2,0.0,70.6,28.0
20160222181104,0.0,0.0,0.1,0.2,0.9,0.0,38.5,60.3
20160222181134,0.0,0.0,0.1,0.2,1.1,0.0,84.6,14.0
20160222181204,0.0,0.0,0.1,0.1,0.8,0.0,56.9,42.1
20160222181234,0.0,0.0,0.1,0.1,1.3,0.0,33.0,65.6
20160222181304,0.0,0.0,0.1,0.1,1.4,0.0,49.7,48.7
20160222181334,0.0,0.0,0.0,0.1,1.1,0.0,31.2,67.7
20160222181404,0.0,0.0,0.1,0.1,1.3,0.0,24.6,73.8
20160222181434,0.0,0.0,0.0,0.1,1.1,0.0,46.5,52.2
20160222181504,0.0,0.0,0.1,0.1,1.6,0.0,32.0,66.2
20160222181534,0.0,0.0,0.1,0.1,1.3,0.0,64.2,34.4
20160222181604,0.0,0.0,0.1,0.1,0.9,0.0,75.8,23.1
20160222181634,0.0,0.0,0.1,0.4,2.3,0.0,29.6,67.7
20160222181704,0.0,0.0,0.0,0.1,0.7,0.0,56.1,43.1
20160222181734,0.0,0.0,0.1,0.2,1.2,0.0,18.0,80.6
20160222181804,0.0,0.0,0.0,0.4,1.5,0.0,22.6,75.4
20160222181834,0.0,0.0,0.1,0.3,1.9,0.0,38.2,59.6
20160222181904,0.0,0.0,0.0,0.1,1.0,0.0,34.3,64.6
20160222181934,0.0,0.0,0.0,0.1,0.6,0.0,27.6,71.6
20160222182004,0.0,0.0,0.0,0.1,0.6,0.0,50.1,49.2
20160222182034,0.0,0.0,0.0,0.1,0.7,0.0,47.1,52.1
20160222182104,0.0,0.0,0.0,0.1,0.4,0.0,17.5,82.0
20160222182134,0.0,0.0,0.0,0.1,1.2,0.0,30.2,68.4
20160222182204,0.0,0.0,0.0,0.1,0.2,0.0,79.3,20.4
20160222182234,0.0,0.0,0.0,0.1,1.3,0.0,68.1,30.4
20160222182304,0.0,0.0,0.0,0.1,1.7,0.0,64.2,33.9
20160222182334,0.0,0.0,0.1,0.4,1.4,0.0,32.3,65.9
20160222182404,0.0,0.0,0.0,0.1,0.9,0.0,68.1,30.8
20160222182434,0.0,0.0,0.0,0.1,0.3,0.0,65.6,34.0
20160222182504,0.0,0.0,0.0,0.1,0.7,0.0,64.9,34.3
20160222182534,0.0,0.0,0.0,0.0,0.1,0.0,89.5,10.3
20160222182604,0.0,0.0,0.0,0.0,0.1,0.0,92.3,7.6
20160222182634,0.0,0.0,0.0,0.0,0.1,0.0,77.4,22.5
20160222182704,0.0,0.0,0.0,0.0,0.1,0.0,83.0,16.8
20160222182734,0.0,0.0,0.0,0.0,0.1,0.0,94.2,5.7
20160222182804,0.0,0.0,0.0,0.1,0.3,0.0,92.6,7.1
20160222182834,0.0,0.0,0.1,0.2,1.4,0.0,47.0,51.4
20160222182904,0.0,0.0,0.0,0.1,0.5,0.0,90.6,8.8
20160222182934,0.0,0.0,0.0,0.1,0.8,0.0,78.3,20.7
20160222183004,0.0,0.0,0.0,0.1,0.1,0.0,95.4,4.4
20160222183034,0.0,0.0,0.0,0.0,0.1,0.0,89.3,10.6
20160222183104,0.0,0.0,0.0,0.1,0.5,0.0,82.7,16.8
20160222183134,0.0,0.0,0.0,0.1,0.8,0.0,80.4,18.7
20160222183204,0.0,0.0,0.0,0.0,0.3,0.0,94.4,5.3
20160222183234,0.0,0.0,0.0,0.1,0.4,0.0,93.5,6.1
20160222183304,0.0,0.0,0.0,0.0,0.5,0.0,98.5,1.0
20160222183334,0.0,0.0,0.0,0.0,0.4,0.0,99.4,0.2
20160222183404,0.0,0.0,0.0,0.1,0.3,0.0,92.5,7.1
20160222183434,0.0,0.0,0.0,0.0,0.1,0.0,94.1,5.8
20160222183504,0.0,0.0,0.0,0.3,0.9,0.0,86.4,12.3
20160222183534,0.0,0.0,0.0,0.2,1.0,0.0,30.9,67.9
20160222183604,0.0,0.0,0.0,0.5,0.5,0.0,53.0,45.9
20160222183634,0.0,0.0,0.0,0.5,0.4,0.0,60.0,39.1
20160222183704,0.0,0.0,0.0,0.1,0.1,0.0,91.2,8.6
20160222183734,0.0,0.0,0.0,0.1,0.1,0.0,92.7,7.1
20160222183804,0.0,0.0,0.0,0.2,0.2,0.0,73.1,26.6
20160222183834,0.0,0.0,0.0,0.1,0.2,0.0,94.7,5.1
20160222183905,0.0,0.0,0.0,0.1,0.3,0.0,83.5,16.1
20160222183935,0.0,0.0,0.0,0.1,0.3,0.0,85.6,13.9
20160222184005,0.0,0.0,0.0,0.2,0.2,0.0,67.5,32.2
20160222184035,0.0,0.0,0.0,0.0,0.2,0.0,93.7,6.1
20160222184105,0.0,0.0,0.0,0.1,0.3,0.0,84.9,14.7
20160222184135,0.0,0.0,0.0,0.0,0.3,0.0,45.5,54.2
20160222184205,0.0,0.0,0.0,0.1,0.3,0.0,74.7,24.9
20160222184235,0.0,0.0,0.0,0.2,2.6,0.0,75.6,21.6
20160222184305,0.0,0.0,0.0,0.1,0.2,0.0,96.7,3.1
20160222184335,0.0,0.0,0.0,0.0,0.2,0.0,94.2,5.5
20160222184405,0.0,0.0,0.0,0.2,0.3,0.0,92.0,7.5
20160222184435,0.0,0.0,0.0,0.3,1.0,0.0,63.8,34.9
20160222184505,0.0,0.0,0.0,0.1,0.5,0.0,86.0,13.4
20160222184535,0.0,0.0,0.0,0.0,0.2,0.0,97.9,1.8
20160222184605,0.0,0.0,0.0,0.1,0.7,0.0,89.1,10.1
20160222184635,0.0,0.0,0.0,0.0,0.1,0.0,96.0,3.8
20160222184705,0.0,0.0,0.0,0.1,0.3,0.0,90.3,9.3
20160222184735,0.0,0.0,0.0,0.0,0.2,0.0,94.4,5.4
20160222184805,0.0,0.0,0.0,0.0,0.3,0.0,94.4,5.2
20160222184835,0.0,0.0,0.0,0.0,0.1,0.0,98.9,1.0
20160222184905,0.0,0.0,0.0,0.1,0.9,0.0,87.5,11.4
20160222184935,0.0,0.0,0.0,0.1,1.3,0.0,93.3,5.3
20160222185005,0.0,0.0,0.0,0.1,1.3,0.0,91.6,7.1
20160222185035,0.0,0.0,0.0,0.0,0.4,0.0,97.0,2.6
20160222185105,0.0,0.0,0.0,0.0,0.1,0.0,98.9,1.0
20160222185135,0.0,0.0,0.0,0.1,1.4,0.0,87.9,10.6
20160222185205,0.0,0.0,0.0,0.1,0.7,0.0,88.5,10.7
20160222185235,0.0,0.0,0.0,0.0,0.6,0.0,95.4,4.0
20160222185305,0.0,0.0,0.0,0.0,0.7,0.0,94.5,4.7
20160222185335,0.0,0.0,0.0,0.0,0.2,0.0,96.0,3.8
20160222185405,0.0,0.0,0.0,0.0,0.2,0.0,96.5,3.3
20160222185435,0.0,0.0,0.0,0.1,0.7,0.0,90.6,8.7
20160222185505,0.0,0.0,0.1,0.1,3.1,0.0,88.2,8.5
20160222185535,0.0,0.0,0.0,0.0,0.4,0.0,85.8,13.7
20160222185605,0.0,0.0,0.0,0.0,0.5,0.0,96.2,3.3
20160222185635,0.0,0.0,0.0,0.0,2.1,0.0,95.7,2.1
20160222185705,0.0,0.0,0.0,0.0,0.9,0.0,95.4,3.6
20160222185735,0.0,0.0,0.0,0.0,1.9,0.0,87.4,10.7
20160222185805,0.0,0.0,0.0,0.0,1.5,0.0,93.8,4.7
20160222185835,0.0,0.0,0.0,0.0,1.6,0.0,96.1,2.2
20160222185905,0.0,0.0,0.0,0.0,1.0,0.0,97.2,1.8
20160222185935,0.0,0.0,0.0,0.0,0.9,0.0,97.3,1.8
20160222190005,0.0,0.0,0.0,0.0,1.3,0.0,95.4,3.3
20160222190035,0.0,0.0,0.0,0.0,1.5,0.0,94.9,3.6
20160222190105,0.0,0.0,0.0,0.0,0.4,0.0,91.6,7.9
20160222190135,0.0,0.0,0.0,0.0,2.5,0.0,83.2,14.3
20160222190205,0.0,0.0,0.0,0.0,0.3,0.0,68.1,31.5
20160222190235,0.0,0.0,0.0,0.0,1.1,0.0,78.1,20.8
20160222190305,0.0,0.0,0.0,0.0,0.5,0.0,69.6,30.0
20160222190335,0.0,0.0,0.0,0.0,0.9,0.0,58.0,41.1
20160222190405,0.0,0.0,0.0,0.0,1.0,0.0,78.7,20.3
20160222190435,0.0,0.0,0.0,0.0,0.1,0.0,84.1,15.8
20160222190505,0.0,0.0,0.0,0.0,0.6,0.0,63.3,36.1
20160222190535,0.0,0.0,0.0,0.0,1.5,0.0,86.3,12.1
20160222190606,0.0,0.0,0.0,0.0,2.2,0.0,81.0,16.7
20160222190636,0.0,0.0,0.0,0.0,0.3,0.0,95.9,3.8
20160222190706,0.0,0.0,0.0,0.0,0.9,0.0,80.3,18.8
20160222190736,0.0,0.0,0.0,0.0,0.6,0.0,97.8,1.5
20160222190806,0.0,0.0,0.0,0.0,1.2,0.0,86.3,12.4
20160222190836,0.0,0.0,0.0,0.0,1.7,0.0,89.4,8.9
20160222190906,0.0,0.0,0.0,0.0,0.6,0.0,90.2,9.1
20160222190936,0.0,0.0,0.0,0.0,0.2,0.0,99.5,0.3
20160222191006,0.0,0.0,0.0,0.0,0.5,0.0,90.9,8.6
20160222191036,0.0,0.0,0.0,0.0,0.6,0.0,98.1,1.3
20160222191106,0.0,0.0,0.0,0.0,0.8,0.0,94.2,5.0
20160222191136,0.0,0.0,0.1,0.0,1.4,0.0,95.2,3.3
20160222191206,0.0,0.0,0.0,0.0,1.4,0.0,93.8,4.7
20160222191236,0.0,0.0,0.0,0.0,1.5,0.0,92.4,6.1
20160222191306,0.0,0.0,0.0,0.0,0.6,0.0,97.2,2.3
20160222191336,0.0,0.0,0.1,0.0,2.7,0.0,90.1,7.1
20160222191406,0.0,0.0,0.1,0.1,1.6,0.0,87.4,10.8
20160222191436,0.0,0.0,0.0,0.1,1.2,0.0,92.7,6.0
20160222191506,0.0,0.0,0.1,0.1,3.0,0.0,46.7,50.1
20160222191536,0.0,0.0,0.0,0.0,1.4,0.0,92.5,6.1
20160222191606,0.0,0.0,0.1,0.1,2.0,0.0,92.5,5.4
20160222191636,0.0,0.0,0.0,0.0,0.6,0.0,95.4,4.0
20160222191706,0.0,0.0,0.1,0.1,1.3,0.0,88.7,9.9
20160222191736,0.0,0.0,0.0,0.0,0.4,0.0,95.5,4.1
20160222191806,0.0,0.0,0.0,0.0,1.3,0.0,87.4,11.3
20160222191836,0.0,0.0,0.0,0.0,0.8,0.0,92.8,6.3
20160222191906,0.0,0.0,0.0,0.0,2.3,0.0,90.8,6.8
20160222191936,0.0,0.0,0.0,0.0,0.6,0.0,95.5,3.8
20160222192006,0.0,0.0,0.0,0.0,0.4,0.0,96.5,3.1
20160222192036,0.0,0.0,0.0,0.0,0.5,0.0,96.0,3.5
20160222192106,0.0,0.0,0.0,0.0,0.2,0.0,97.7,2.1
20160222192136,0.0,0.0,0.0,0.0,2.0,0.0,82.6,15.3
20160222192206,0.0,0.0,0.0,0.0,1.0,0.0,81.0,17.9
20160222192236,0.0,0.0,0.0,0.0,0.5,0.0,80.1,19.4
20160222192306,0.0,0.0,0.0,0.0,0.2,0.0,92.8,7.1
20160222192336,0.0,0.0,0.0,0.0,0.8,0.0,84.5,14.7
20160222192406,0.0,0.0,0.0,0.0,0.6,0.0,94.3,5.1
20160222192436,0.0,0.0,0.0,0.0,1.2,0.0,88.2,10.5
20160222192506,0.0,0.0,0.0,0.0,0.5,0.0,53.7,45.8
20160222192536,0.0,0.0,0.0,0.0,0.7,0.0,40.0,59.3
20160222192606,0.0,0.0,0.0,0.0,0.5,0.0,85.6,13.9
20160222192636,0.0,0.0,0.0,0.0,1.9,0.0,60.2,37.9
20160222192706,0.0,0.0,0.0,0.0,1.3,0.0,71.6,27.1
20160222192736,0.0,0.0,0.0,0.0,0.3,0.0,62.0,37.7
20160222192806,0.0,0.0,0.0,0.0,2.2,0.0,72.0,25.8
20160222192836,0.0,0.0,0.0,0.0,3.6,0.0,25.0,71.4
20160222192906,0.0,0.0,0.0,0.0,1.4,0.0,21.3,77.3
20160222192936,0.0,0.0,0.0,0.0,3.4,0.0,31.4,65.2
20160222193006,0.0,0.0,0.0,0.0,1.2,0.0,4.0,94.8
20160222193036,0.0,0.0,0.0,0.0,6.7,0.0,15.3,78.0
20160222193106,0.0,0.0,0.0,0.0,6.5,0.0,36.2,57.3
20160222193136,0.0,0.0,0.0,0.0,3.3,0.0,23.7,73.0
20160222193206,0.0,0.0,0.0,0.0,2.9,0.0,10.7,86.4
20160222193236,0.0,0.0,0.0,0.0,6.8,0.0,48.5,44.7
20160222193306,0.0,0.0,0.0,0.0,5.5,0.0,62.1,32.3
20160222193336,0.0,0.0,0.0,0.0,1.7,0.0,51.0,47.3
20160222193406,0.0,0.0,0.0,0.0,1.3,0.0,37.4,61.2
20160222193436,0.0,0.0,0.0,0.0,5.1,0.0,50.8,44.1
20160222193506,0.0,0.0,0.0,0.0,2.3,0.0,68.9,28.8
20160222193536,0.0,0.0,0.0,0.0,2.1,0.0,77.9,19.9
20160222193606,0.0,0.0,0.0,0.0,3.6,0.0,77.9,18.5
20160222193636,0.0,0.0,0.0,0.0,1.7,0.0,76.6,21.6
20160222193706,0.0,0.0,0.0,0.0,2.3,0.0,89.5,8.1
20160222193736,0.0,0.0,0.0,0.0,3.7,0.0,41.2,55.1
20160222193806,0.0,0.0,0.0,0.0,8.6,0.0,62.1,29.3
20160222193836,0.0,0.0,0.0,0.0,3.3,0.0,77.8,18.9
20160222193906,0.0,0.0,0.0,0.0,1.2,0.0,75.9,22.9
20160222193936,0.0,0.0,0.0,0.0,1.8,0.0,52.9,45.2
20160222194006,0.0,0.0,0.0,0.0,2.6,0.0,62.6,34.8
20160222194037,0.0,0.0,0.0,0.0,2.7,0.0,88.3,9.0
20160222194107,0.0,0.0,0.0,0.0,2.8,0.0,27.9,69.3
20160222194137,0.0,0.0,0.0,0.0,3.1,0.0,65.3,31.6
20160222194207,0.0,0.0,0.0,0.0,0.7,0.0,90.9,8.5
20160222194237,0.0,0.0,0.0,0.0,0.7,0.0,61.7,37.6
20160222194307,0.0,0.0,0.0,0.0,2.0,0.0,49.0,49.0
20160222194337,0.0,0.0,0.0,0.0,1.4,0.0,7.8,90.8
20160222194407,0.0,0.0,0.0,0.0,0.6,0.0,64.4,35.0
20160222194437,0.0,0.0,0.0,0.0,1.4,0.0,15.5,83.1
20160222194507,0.0,0.0,0.0,0.0,2.0,0.0,18.0,79.9
20160222194537,0.0,0.0,0.0,0.0,3.8,0.0,79.9,16.3
20160222194607,0.0,0.0,0.0,0.1,5.5,0.0,51.7,42.7
20160222194637,0.0,0.0,0.0,0.0,2.6,0.0,84.3,13.1
20160222194707,0.0,0.0,0.0,0.0,2.0,0.0,53.4,44.6
20160222194737,0.0,0.0,0.0,0.0,0.9,0.0,49.8,49.2
20160222194807,0.0,0.0,0.0,0.0,0.6,0.0,76.7,22.7
20160222194837,0.0,0.0,0.0,0.0,1.5,0.0,56.2,42.2
20160222194907,0.0,0.0,0.0,0.0,0.6,0.0,86.0,13.4
20160222194937,0.0,0.0,0.0,0.0,1.0,0.0,12.1,86.8
20160222195007,0.0,0.0,0.0,0.0,0.3,0.0,91.9,7.8
20160222195037,0.0,0.0,0.0,0.0,0.4,0.0,96.0,3.6
20160222195107,0.0,0.0,0.0,0.0,2.6,0.0,73.6,23.7
20160222195137,0.0,0.0,0.0,0.0,1.1,0.0,72.4,26.4
20160222195207,0.0,0.0,0.0,0.0,0.5,0.0,75.5,24.0
20160222195237,0.0,0.0,0.0,0.0,1.3,0.0,74.6,24.0
20160222195307,0.0,0.0,0.0,0.0,0.8,0.0,49.6,49.5
20160222195337,0.0,0.0,0.0,0.0,0.4,0.0,80.6,19.0
20160222195407,0.0,0.0,0.0,0.0,0.5,0.0,77.1,22.4
20160222195437,0.0,0.0,0.0,0.0,0.5,0.0,26.0,73.5
20160222195507,0.0,0.0,0.1,0.0,0.7,0.0,52.8,46.4
20160222195537,0.0,0.0,0.0,0.0,0.6,0.0,30.7,68.6
20160222195607,0.0,0.0,0.0,0.0,1.6,0.0,78.3,20.1
20160222195637,0.0,0.0,0.0,0.0,1.0,0.0,94.0,4.9
20160222195707,0.0,0.0,0.0,0.0,0.6,0.0,95.2,4.2
20160222195737,0.0,0.0,0.0,0.0,1.7,0.0,74.0,24.3
20160222195807,0.0,0.0,0.0,0.0,0.1,0.0,97.4,2.5
20160222195837,0.0,0.0,0.0,0.0,0.9,0.0,91.4,7.6
20160222195907,0.0,0.0,0.0,0.0,0.4,0.0,80.7,19.0
20160222195937,0.0,0.0,0.0,0.0,0.4,0.0,84.5,15.1
20160222200007,0.0,0.0,0.0,0.0,0.4,0.0,89.4,10.2
20160222200037,0.0,0.0,0.0,0.0,0.6,0.0,82.9,16.4
20160222200107,0.0,0.0,0.0,0.0,0.6,0.0,70.4,28.9
20160222200137,0.0,0.0,0.0,0.1,0.8,0.0,50.1,49.0
20160222200207,0.0,0.0,0.0,0.1,0.9,0.0,69.1,29.9
20160222200237,0.0,0.0,0.0,0.0,0.9,0.0,76.2,22.8
20160222200307,0.0,0.0,0.1,0.1,1.5,0.0,31.9,66.5
20160222200337,0.0,0.0,0.1,0.0,2.5,0.0,55.2,42.3
20160222200407,0.0,0.0,0.0,0.0,2.6,0.0,36.7,60.7
20160222200437,0.0,0.0,0.0,0.0,1.1,0.0,92.3,6.6
20160222200507,0.0,0.0,0.0,0.0,2.5,0.0,51.4,46.0
20160222200537,0.0,0.0,0.0,0.0,1.6,0.0,54.4,44.0
20160222200607,0.0,0.0,0.0,0.0,1.8,0.0,56.9,41.2
20160222200637,0.0,0.0,0.0,0.0,0.6,0.0,79.1,20.2
20160222200707,0.0,0.0,0.0,0.0,0.2,0.0,92.5,7.2
20160222200737,0.0,0.0,0.0,0.0,0.5,0.0,48.2,51.3
20160222200807,0.0,0.0,0.0,0.0,0.4,0.0,85.4,14.2
20160222200837,0.0,0.0,0.0,0.0,0.6,0.0,62.0,37.3
20160222200907,0.0,0.0,0.0,0.0,0.4,0.0,83.1,16.5
20160222200937,0.0,0.0,0.0,0.0,0.3,0.0,87.2,12.4
20160222201007,0.0,0.0,0.0,0.0,0.6,0.0,42.6,56.8
20160222201037,0.0,0.0,0.0,0.0,0.4,0.0,92.0,7.5
20160222201107,0.0,0.0,0.0,0.0,0.4,0.0,92.1,7.5
20160222201137,0.0,0.0,0.0,0.0,0.6,0.0,75.8,23.6
20160222201207,0.0,0.0,0.0,0.0,1.2,0.0,83.4,15.3
20160222201237,0.0,0.0,0.0,0.0,0.9,0.0,95.2,3.9
20160222201307,0.0,0.0,0.0,0.0,0.3,0.0,97.8,1.9
20160222201337,0.0,0.0,0.0,0.0,0.3,0.0,94.1,5.5
20160222201407,0.0,0.0,0.0,0.0,0.7,0.0,89.6,9.7
20160222201438,0.0,0.0,0.0,0.0,0.1,0.0,97.8,2.0
20160222201508,0.0,0.0,0.0,0.0,1.2,0.0,68.6,30.2
20160222201538,0.0,0.0,0.0,0.0,1.3,0.0,68.9,29.8
20160222201608,0.0,0.0,0.0,0.0,0.2,0.0,96.3,3.5
20160222201638,0.0,0.0,0.0,0.0,0.3,0.0,96.5,3.2
20160222201708,0.0,0.0,0.0,0.0,0.4,0.0,68.5,31.0
20160222201738,0.0,0.0,0.0,0.0,0.7,0.0,88.7,10.6
20160222201808,0.0,0.0,0.0,0.0,0.4,0.0,91.0,8.5
20160222201838,0.0,0.0,0.0,0.0,0.4,0.0,48.0,51.6
20160222201908,0.0,0.0,0.1,0.0,1.6,0.0,24.4,73.9
20160222201938,0.0,0.0,0.0,0.0,1.3,0.0,58.4,40.2
20160222202008,0.0,0.0,0.0,0.0,0.5,0.0,29.5,70.0
20160222202038,0.0,0.0,0.0,0.0,1.1,0.0,65.2,33.7
20160222202108,0.0,0.0,0.0,0.0,1.0,0.0,78.3,20.7
20160222202138,0.0,0.0,0.0,0.0,2.2,0.0,47.0,50.7
20160222202208,0.0,0.0,0.0,0.0,1.1,0.0,85.6,13.3
20160222202238,0.0,0.0,0.0,0.0,0.8,0.0,31.7,67.4
20160222202308,0.0,0.0,0.0,0.0,1.3,0.0,61.6,37.0
20160222202338,0.0,0.0,0.0,0.0,0.3,0.0,93.6,6.1
20160222202408,0.0,0.0,0.0,0.0,1.0,0.0,63.7,35.3
20160222202438,0.0,0.0,0.0,0.0,1.1,0.0,64.9,34.0
20160222202508,0.0,0.0,0.0,0.0,0.1,0.0,92.3,7.6
20160222202538,0.0,0.0,0.0,0.0,0.9,0.0,52.8,46.3
20160222202608,0.0,0.0,0.0,0.0,0.3,0.0,86.2,13.5
20160222202638,0.0,0.0,0.0,0.0,0.1,0.0,95.6,4.3
20160222202708,0.0,0.0,0.0,0.0,0.5,0.0,78.8,20.7
20160222202738,0.0,0.0,0.1,0.0,1.0,0.0,75.1,23.7
20160222202808,0.0,0.0,0.1,0.0,1.0,0.0,40.1,58.7
20160222202838,0.0,0.0,0.1,0.0,1.9,0.0,58.8,39.2
20160222202908,0.0,0.0,0.0,0.0,0.1,0.0,90.6,9.3
20160222202938,0.0,0.0,0.1,0.0,1.6,0.0,29.0,69.2
20160222203008,0.0,0.0,0.1,0.0,0.9,0.0,71.5,27.5
20160222203038,0.0,0.0,0.1,0.0,0.7,0.0,56.0,43.2
20160222203108,0.0,0.0,0.0,0.0,0.2,0.0,92.3,7.5
20160222203138,0.0,0.0,0.0,0.0,0.4,0.0,81.1,18.4
20160222203208,0.0,0.0,0.0,0.0,0.3,0.0,61.5,38.1
20160222203238,0.0,0.0,0.0,0.0,0.7,0.0,84.3,15.0
20160222203308,0.0,0.0,0.0,0.0,0.5,0.0,54.5,44.9
20160222203338,0.0,0.0,0.0,0.0,0.2,0.0,84.9,14.8
20160222203408,0.0,0.0,0.0,0.0,0.2,0.0,68.1,31.7
20160222203438,0.0,0.0,0.0,0.0,0.2,0.0,60.5,39.3
20160222203508,0.0,0.0,0.0,0.0,0.3,0.0,55.6,44.1
20160222203538,0.0,0.0,0.0,0.0,0.2,0.0,55.8,44.0
20160222203608,0.0,0.0,0.0,0.0,0.4,0.0,29.0,70.6
20160222203638,0.0,0.0,0.0,0.0,0.4,0.0,54.0,45.5
20160222203708,0.0,0.0,0.0,0.0,0.1,0.0,89.5,10.4
20160222203738,0.0,0.0,0.0,0.0,0.2,0.0,51.2,48.6
20160222203808,0.0,0.0,0.0,0.0,0.2,0.0,93.0,6.8
20160222203838,0.0,0.0,0.0,0.0,0.4,0.0,70.5,29.1
20160222203908,0.0,0.0,0.0,0.0,0.2,0.0,53.0,46.7
20160222203938,0.0,0.0,0.0,0.0,0.3,0.0,60.8,38.9
20160222204008,0.0,0.0,0.0,0.0,0.1,0.0,89.5,10.4
20160222204038,0.0,0.0,0.0,0.0,0.3,0.0,47.1,52.6
20160222204108,0.0,0.0,0.0,0.0,0.4,0.0,28.7,70.9
20160222204138,0.0,0.0,0.0,0.0,0.2,0.0,9.5,90.3
20160222204209,0.0,0.0,0.0,0.0,0.2,0.0,91.8,8.0
20160222204239,0.0,0.0,0.0,0.0,0.5,0.0,23.1,76.4
20160222204309,0.0,0.0,0.0,0.0,0.5,0.0,61.6,37.9
20160222204339,0.0,0.0,0.0,0.0,0.1,0.0,86.6,13.3
20160222204409,0.0,0.0,0.0,0.0,0.4,0.0,33.3,66.2
20160222204439,0.0,0.0,0.0,0.0,0.7,0.0,35.0,64.3
20160222204509,0.0,0.0,0.0,0.0,0.4,0.0,63.3,36.2
20160222204539,0.0,0.0,0.1,0.0,3.2,0.0,64.4,32.3
20160222204609,0.0,0.0,0.0,0.0,0.4,0.0,71.8,27.7
20160222204639,0.0,0.0,0.0,0.0,0.2,0.0,88.7,11.0
20160222204709,0.0,0.0,0.0,0.0,0.8,0.0,33.8,65.4
20160222204739,0.0,0.0,0.0,0.0,0.8,0.0,63.0,36.2
20160222204809,0.0,0.0,0.0,0.0,1.0,0.0,22.9,76.1
20160222204839,0.0,0.0,0.0,0.0,0.2,0.0,51.5,48.3
20160222204909,0.0,0.0,0.0,0.0,0.7,0.0,60.7,38.6
20160222204939,0.0,0.0,0.0,0.0,0.3,0.0,83.3,16.4
20160222205009,0.0,0.0,0.0,0.0,0.2,0.0,94.6,5.2
20160222205039,0.0,0.0,0.0,0.0,0.6,0.0,66.2,33.2
20160222205109,0.0,0.0,0.0,0.0,0.6,0.0,77.3,22.1
20160222205139,0.0,0.0,0.0,0.0,0.0,0.0,98.7,1.2
20160222205209,0.0,0.0,0.0,0.0,0.5,0.0,58.6,40.8
20160222205239,0.0,0.0,0.0,0.0,0.2,0.0,85.0,14.8
20160222205309,0.0,0.0,0.0,0.0,0.4,0.0,62.9,36.7
20160222205339,0.0,0.0,0.0,0.0,0.5,0.0,30.5,68.9
20160222205409,0.0,0.0,0.0,0.0,0.2,0.0,43.2,56.5
20160222205439,0.0,0.0,0.0,0.0,0.1,0.0,89.4,10.5
20160222205509,0.0,0.0,0.0,0.0,0.1,0.0,94.1,5.8
20160222205539,0.0,0.0,0.0,0.0,0.4,0.0,50.2,49.4
20160222205609,0.0,0.0,0.0,0.0,0.3,0.0,52.9,46.8
20160222205639,0.0,0.0,0.0,0.0,0.6,0.0,53.0,46.4
20160222205709,0.0,0.0,0.0,0.0,0.2,0.0,77.1,22.7
20160222205739,0.0,0.0,0.0,0.0,0.1,0.0,88.4,11.5
20160222205809,0.0,0.0,0.0,0.0,0.3,0.0,24.1,75.5
20160222205839,0.0,0.0,0.0,0.0,0.2,0.0,76.2,23.6
20160222205909,0.0,0.0,0.0,0.0,0.4,0.0,50.1,49.5
20160222205939,0.0,0.0,0.0,0.0,0.3,0.0,32.1,67.6
20160222210009,0.0,0.0,0.0,0.0,0.1,0.0,10.5,89.3
20160222210039,0.0,0.0,0.0,0.0,0.3,0.0,85.4,14.2
20160222210109,0.0,0.0,0.0,0.0,0.3,0.0,93.4,6.2
20160222210139,0.0,0.0,0.0,0.0,0.0,0.0,85.0,15.0
20160222210209,0.0,0.0,0.0,0.0,0.2,0.0,71.8,28.0
20160222210239,0.0,0.0,0.0,0.0,0.0,0.0,98.1,1.8
20160222210309,0.0,0.0,0.0,0.0,0.0,0.0,97.0,2.9
20160222210339,0.0,0.0,0.0,0.0,0.0,0.0,97.9,2.1
20160222210409,0.0,0.0,0.0,0.0,0.2,0.0,62.3,37.5
20160222210439,0.0,0.0,0.0,0.0,0.0,0.0,98.0,1.9
20160222210509,0.0,0.0,0.0,0.0,0.4,0.0,49.3,50.3
20160222210539,0.0,0.0,0.0,0.0,0.1,0.0,64.4,35.4
20160222210609,0.0,0.0,0.0,0.0,0.1,0.0,97.4,2.5
20160222210639,0.0,0.0,0.0,0.0,0.2,0.0,53.9,45.9
20160222210709,0.0,0.0,0.0,0.0,0.1,0.0,18.2,81.7
20160222210739,0.0,0.0,0.0,0.0,0.0,0.0,74.3,25.7
20160222210809,0.0,0.0,0.0,0.0,0.0,0.0,24.6,75.3
20160222210839,0.0,0.0,0.0,0.0,0.1,0.0,72.3,27.6
20160222210909,0.0,0.0,0.0,0.0,0.0,0.0,28.7,71.3
20160222210939,0.0,0.0,0.0,0.0,0.0,0.0,56.3,43.7
20160222211009,0.0,0.0,0.0,0.0,0.0,0.0,74.2,25.7
20160222211039,0.0,0.0,0.0,0.0,0.0,0.0,86.9,13.1
20160222211109,0.0,0.0,0.0,0.0,0.0,0.0,90.5,9.5
20160222211139,0.0,0.0,0.0,0.0,0.0,0.0,94.6,5.3
20160222211209,0.0,0.0,0.0,0.0,0.2,0.0,63.2,36.6
20160222211239,0.0,0.0,0.0,0.0,0.2,0.0,39.1,60.8
20160222211309,0.0,0.0,0.0,0.0,0.2,0.0,57.2,42.6
20160222211339,0.0,0.0,0.0,0.0,0.1,0.0,71.7,28.2
20160222211409,0.0,0.0,0.0,0.0,0.1,0.0,47.1,52.8
20160222211439,0.0,0.0,0.0,0.0,0.0,0.0,78.0,22.0
20160222211509,0.0,0.0,0.0,0.0,0.1,0.0,74.1,25.7
20160222211539,0.0,0.0,0.0,0.0,0.1,0.0,91.1,8.9
20160222211609,0.0,0.0,0.0,0.0,0.0,0.0,96.4,3.6
20160222211640,0.0,0.0,0.0,0.0,0.0,0.0,96.9,3.0
20160222211710,0.0,0.0,0.0,0.0,0.2,0.0,80.1,19.7
20160222211740,0.0,0.0,0.0,0.0,0.2,0.0,94.0,5.7
20160222211810,0.0,0.0,0.0,0.0,0.7,0.0,29.9,69.3
20160222211840,0.0,0.0,0.0,0.0,0.4,0.0,84.0,15.7
20160222211910,0.0,0.0,0.0,0.0,0.1,0.0,98.4,1.5
20160222211940,0.0,0.0,0.0,0.0,0.1,0.0,91.4,8.4
20160222212010,0.0,0.0,0.0,0.0,0.3,0.0,52.6,47.1
20160222212040,0.0,0.0,0.0,0.0,0.2,0.0,37.1,62.7
20160222212110,0.0,0.0,0.0,0.0,0.3,0.0,62.3,37.4
20160222212140,0.0,0.0,0.0,0.0,0.2,0.0,92.9,6.9
20160222212210,0.0,0.0,0.0,0.0,0.9,0.0,36.6,62.4
20160222212240,0.0,0.0,0.0,0.0,1.0,0.0,43.1,55.8
20160222212310,0.0,0.0,0.0,0.0,0.6,0.0,70.9,28.4
20160222212340,0.0,0.0,0.0,0.0,0.9,0.0,70.7,28.4
20160222212410,0.0,0.0,0.0,0.0,0.1,0.0,88.3,11.6
20160222212440,0.0,0.0,0.0,0.0,0.2,0.0,67.6,32.2
20160222212510,0.0,0.0,0.0,0.0,0.4,0.0,29.2,70.4
20160222212540,0.0,0.0,0.0,0.0,0.5,0.0,50.9,48.6
20160222212610,0.0,0.0,0.0,0.0,0.2,0.0,1.8,98.1
20160222212640,0.0,0.0,0.0,0.0,0.1,0.0,89.8,10.1
20160222212710,0.0,0.0,0.0,0.0,0.2,0.0,79.3,20.4
20160222212740,0.0,0.0,0.0,0.0,0.3,0.0,62.5,37.2
20160222212810,0.0,0.0,0.0,0.0,0.7,0.0,74.7,24.5
20160222212840,0.0,0.0,0.0,0.0,0.3,0.0,44.5,55.2
20160222212910,0.0,0.0,0.0,0.0,0.0,0.0,99.2,0.8
20160222212940,0.0,0.0,0.0,0.0,0.3,0.0,81.6,18.1
20160222213010,0.0,0.0,0.0,0.0,0.5,0.0,77.6,21.9
20160222213040,0.0,0.0,0.0,0.0,0.6,0.0,39.3,60.0
20160222213110,0.0,0.0,0.0,0.0,0.9,0.0,79.7,19.3
20160222213140,0.0,0.0,0.0,0.0,0.2,0.0,73.7,26.0
20160222213210,0.0,0.0,0.0,0.1,0.3,0.0,55.8,43.8
20160222213240,0.0,0.0,0.0,0.0,0.3,0.0,80.3,19.4
20160222213310,0.0,0.0,0.0,0.1,0.4,0.0,40.0,59.6
20160222213340,0.0,0.0,0.0,0.0,0.1,0.0,51.3,48.5
20160222213410,0.0,0.0,0.0,0.0,0.1,0.0,42.2,57.6
20160222213440,0.0,0.0,0.0,0.0,0.3,0.0,41.1,58.6
20160222213510,0.0,0.0,0.0,0.0,0.1,0.0,77.6,22.4
20160222213540,0.0,0.0,0.0,0.0,0.2,0.0,81.1,18.7
20160222213610,0.0,0.0,0.0,0.0,0.1,0.0,83.5,16.4
20160222213640,0.0,0.0,0.0,0.0,0.4,0.0,68.2,31.4
20160222213710,0.0,0.0,0.0,0.0,0.5,0.0,45.2,54.2
20160222213740,0.0,0.0,0.0,0.0,0.3,0.0,14.2,85.5
20160222213810,0.0,0.0,0.0,0.0,0.1,0.0,29.8,70.0
20160222213840,0.0,0.0,0.0,0.0,0.2,0.0,43.3,56.6
20160222213910,0.0,0.0,0.0,0.0,0.0,0.0,92.7,7.3
20160222213940,0.0,0.0,0.0,0.0,0.1,0.0,31.6,68.2
20160222214010,0.0,0.0,0.0,0.0,0.1,0.0,45.1,54.8
20160222214040,0.0,0.0,0.0,0.0,0.2,0.0,15.7,84.1
20160222214110,0.0,0.0,0.0,0.0,0.1,0.0,77.4,22.4
20160222214140,0.0,0.0,0.0,0.0,0.1,0.0,26.4,73.5
20160222214210,0.0,0.0,0.0,0.0,0.1,0.0,61.2,38.7
20160222214240,0.0,0.0,0.0,0.0,0.1,0.0,76.7,23.2
20160222214310,0.0,0.0,0.0,0.1,0.4,0.0,95.3,4.2
20160222214340,0.0,0.0,0.0,0.0,0.3,0.0,19.0,80.6
20160222214410,0.0,0.0,0.0,0.0,0.1,0.0,98.0,1.9
20160222214440,0.0,0.0,0.0,0.0,0.2,0.0,62.3,37.5
20160222214510,0.0,0.0,0.0,0.1,0.8,0.0,12.5,86.7
20160222214540,0.0,0.0,0.0,0.1,0.2,0.0,8.5,91.3
20160222214610,0.0,0.0,0.0,0.1,1.0,0.0,30.6,68.3
20160222214640,0.0,0.0,0.0,0.1,0.1,0.0,55.6,44.2
20160222214710,0.0,0.0,0.0,0.1,0.2,0.0,6.8,93.0
20160222214740,0.0,0.0,0.0,0.1,1.0,0.0,11.5,87.3
20160222214810,0.0,0.0,0.0,0.0,0.5,0.0,8.3,91.1
20160222214840,0.0,0.0,0.0,0.0,1.1,0.0,24.2,74.6
20160222214910,0.0,0.0,0.0,0.1,1.2,0.0,58.0,40.6
20160222214940,0.0,0.0,0.0,0.1,0.8,0.0,24.9,74.2
20160222215010,0.0,0.0,0.0,0.0,0.2,0.0,80.3,19.4
20160222215041,0.0,0.0,0.0,0.1,0.4,0.0,6.2,93.2
20160222215111,0.0,0.0,0.0,0.1,0.6,0.0,25.2,74.1
20160222215141,0.0,0.0,0.0,0.1,0.7,0.0,9.3,89.8
20160222215211,0.0,0.0,0.0,0.0,0.8,0.0,12.0,87.2
20160222215241,0.0,0.0,0.0,0.0,1.0,0.0,21.1,77.8
20160222215311,0.0,0.0,0.0,0.0,1.0,0.0,15.4,83.5
20160222215341,0.0,0.0,0.0,0.1,0.6,0.0,26.8,72.6
20160222215411,0.0,0.0,0.0,0.1,2.0,0.0,57.7,40.2
20160222215441,0.0,0.0,0.0,0.1,3.5,0.0,14.6,81.8
20160222215511,0.0,0.0,0.0,0.1,2.2,0.0,39.9,57.8
20160222215541,0.0,0.0,0.0,0.0,0.5,0.0,87.6,11.9
20160222215611,0.0,0.0,0.0,0.0,0.7,0.0,78.9,20.3
20160222215641,0.0,0.0,0.0,0.1,2.1,0.0,57.8,40.0
20160222215711,0.0,0.0,0.0,0.0,1.2,0.0,39.8,58.9
20160222215741,0.0,0.0,0.0,0.0,1.4,0.0,70.6,28.1
20160222215811,0.0,0.0,0.0,0.1,3.4,0.0,69.4,27.2
20160222215841,0.0,0.0,0.0,0.0,1.2,0.0,62.1,36.6
20160222215911,0.0,0.0,0.0,0.0,0.4,0.0,74.9,24.7
20160222215941,0.0,0.0,0.0,0.0,0.5,0.0,27.7,71.8
20160222220011,0.0,0.0,0.0,0.1,0.4,0.0,26.1,73.5
20160222220041,0.0,0.0,0.0,0.0,0.5,0.0,45.5,54.0
20160222220111,0.0,0.0,0.0,0.0,0.3,0.0,60.4,39.2
20160222220141,0.0,0.0,0.0,0.1,0.6,0.0,21.9,77.4
20160222220211,0.0,0.0,0.0,0.1,0.7,0.0,28.2,71.0
20160222220241,0.0,0.0,0.0,0.0,0.5,0.0,42.6,56.8
20160222220311,0.0,0.0,0.0,0.0,0.5,0.0,39.5,59.9
20160222220341,0.0,0.0,0.0,0.0,0.2,0.0,20.8,79.0
20160222220411,0.0,0.0,0.0,0.0,0.3,0.0,44.4,55.3
20160222220441,0.0,0.0,0.0,0.0,0.1,0.0,84.0,15.9
20160222220511,0.0,0.0,0.0,0.0,0.1,0.0,91.4,8.6
20160222220541,0.0,0.0,0.0,0.0,0.1,0.0,70.2,29.7
20160222220611,0.0,0.0,0.0,0.0,0.2,0.0,76.3,23.5
20160222220641,0.0,0.0,0.0,0.0,0.3,0.0,58.9,40.8
20160222220711,0.0,0.0,0.0,0.0,0.1,0.0,51.5,48.4
20160222220741,0.0,0.0,0.0,0.0,0.3,0.0,69.9,29.8
20160222220811,0.0,0.0,0.0,0.0,0.2,0.0,62.4,37.4
20160222220841,0.0,0.0,0.0,0.0,0.1,0.0,69.8,30.1
20160222220911,0.0,0.0,0.0,0.0,0.0,0.0,84.6,15.4
20160222220941,0.0,0.0,0.0,0.0,0.1,0.0,55.9,44.0
20160222221011,0.0,0.0,0.0,0.0,0.1,0.0,43.0,57.0
20160222221041,0.0,0.0,0.0,0.0,0.2,0.0,22.0,77.7
20160222221111,0.0,0.0,0.0,0.0,0.1,0.0,11.9,88.0
20160222221141,0.0,0.0,0.0,0.0,0.1,0.0,25.7,74.2
20160222221211,0.0,0.0,0.0,0.0,0.3,0.0,25.6,74.0
20160222221241,0.0,0.0,0.0,0.0,0.0,0.0,78.9,21.1
20160222221311,0.0,0.0,0.0,0.0,0.6,0.0,35.0,64.4
20160222221341,0.0,0.0,0.0,0.0,0.1,0.0,60.1,39.8
20160222221411,0.0,0.0,0.0,0.0,0.0,0.0,32.7,67.2
20160222221441,0.0,0.0,0.0,0.0,0.3,0.0,29.1,70.6
20160222221511,0.0,0.0,0.0,0.0,0.1,0.0,43.9,56.0
20160222221541,0.0,0.0,0.0,0.0,0.1,0.0,29.4,70.5
20160222221611,0.0,0.0,0.0,0.0,0.1,0.0,87.5,12.4
20160222221641,0.0,0.0,0.0,0.0,0.0,0.0,95.6,4.3
20160222221711,0.0,0.0,0.0,0.0,0.0,0.0,96.7,3.3
20160222221741,0.0,0.0,0.0,0.0,0.1,0.0,65.5,34.4
20160222221811,0.0,0.0,0.0,0.0,0.0,0.0,91.6,8.3
20160222221841,0.0,0.0,0.0,0.0,0.1,0.0,87.6,12.3
20160222221911,0.0,0.0,0.0,0.0,0.1,0.0,83.8,16.1
20160222221941,0.0,0.0,0.0,0.0,0.0,0.0,89.1,10.9
20160222222011,0.0,0.0,0.0,0.0,0.0,0.0,78.4,21.6
20160222222041,0.0,0.0,0.0,0.0,0.0,0.0,55.5,44.4
20160222222111,0.0,0.0,0.0,0.0,0.1,0.0,50.9,49.0
20160222222141,0.0,0.0,0.0,0.0,0.0,0.0,80.7,19.2
20160222222211,0.0,0.0,0.0,0.0,0.0,0.0,94.8,5.2
20160222222241,0.0,0.0,0.0,0.0,0.0,0.0,77.3,22.7
20160222222311,0.0,0.0,0.0,0.0,0.0,0.0,88.0,12.0
20160222222341,0.0,0.0,0.0,0.0,0.0,0.0,43.8,56.2
20160222222411,0.0,0.0,0.0,0.0,0.0,0.0,85.1,14.9
20160222222441,0.0,0.0,0.0,0.0,0.1,0.0,36.4,63.5
20160222222512,0.0,0.0,0.0,0.0,0.0,0.0,73.5,26.5
20160222222542,0.0,0.0,0.0,0.0,0.0,0.0,68.7,31.2
20160222222612,0.0,0.0,0.0,0.0,0.1,0.0,27.7,72.2
20160222222642,0.0,0.0,0.0,0.0,0.0,0.0,34.9,65.0
20160222222712,0.0,0.0,0.0,0.0,0.1,0.0,70.0,29.9
20160222222742,0.0,0.0,0.0,0.0,0.1,0.0,3.9,96.1
20160222222812,0.0,0.0,0.0,0.0,0.1,0.0,59.4,40.5
20160222222842,0.0,0.0,0.0,0.0,0.2,0.0,40.0,59.8
20160222222912,0.0,0.0,0.0,0.0,0.4,0.0,20.3,79.3
20160222222942,0.0,0.0,0.0,0.1,0.3,0.0,53.6,46.0
20160222223012,0.0,0.0,0.0,0.0,0.7,0.0,57.9,41.3
20160222223042,0.0,0.0,0.0,0.2,0.3,0.0,27.5,72.1
20160222223112,0.0,0.0,0.0,0.0,0.4,0.0,3.5,96.0
20160222223142,0.0,0.0,0.0,0.0,0.2,0.0,4.6,95.2
20160222223212,0.0,0.0,0.0,0.0,0.6,0.0,10.2,89.2
20160222223242,0.0,0.0,0.0,0.1,3.1,0.0,10.3,86.4
20160222223312,0.0,0.0,0.0,0.0,0.5,0.0,16.3,83.1
20160222223342,0.0,0.0,0.0,0.0,1.7,0.0,16.7,81.6
20160222223412,0.0,0.0,0.0,0.0,0.7,0.0,7.9,91.4
20160222223442,0.0,0.0,0.0,0.0,0.4,0.0,14.7,84.8
20160222223512,0.0,0.0,0.0,0.0,0.6,0.0,10.3,89.0
20160222223542,0.0,0.0,0.0,0.0,0.5,0.0,8.6,90.8
20160222223612,0.0,0.0,0.0,0.0,1.1,0.0,9.6,89.3
20160222223642,0.0,0.0,0.0,0.0,1.3,0.0,12.9,85.8
20160222223712,0.0,0.0,0.0,0.0,2.2,0.0,15.2,82.5
20160222223742,0.0,0.0,0.0,0.0,19.3,0.0,9.8,70.9
20160222223812,0.0,0.0,0.0,0.0,7.7,0.0,8.7,83.6
20160222223842,0.0,0.0,0.0,0.0,5.6,0.0,2.4,92.1
20160222223912,0.0,0.0,0.0,0.0,13.3,0.0,1.9,84.8
20160222223942,0.0,0.0,0.0,0.1,22.7,0.0,25.0,52.1
20160222224012,0.0,0.0,0.0,0.1,18.7,0.0,14.5,66.7
20160222224042,0.0,0.0,0.0,0.1,24.8,0.0,14.1,61.0
20160222224112,0.0,0.0,0.0,0.1,14.4,0.0,51.7,33.7
20160222224142,0.0,0.0,0.0,0.1,14.4,0.0,59.7,25.7
20160222224212,0.0,0.0,0.0,0.0,8.3,0.0,43.9,47.8
20160222224242,0.0,0.0,0.0,0.1,11.9,0.0,14.2,73.7
20160222224312,0.0,0.0,0.0,0.0,7.7,0.0,68.6,23.7
20160222224342,0.0,0.0,0.0,0.0,12.1,0.0,57.8,30.1
20160222224412,0.0,0.0,0.0,0.0,9.1,0.0,85.4,5.4
20160222224442,0.0,0.0,0.0,0.1,68.6,0.0,19.1,12.2
20160222224512,0.0,0.0,0.0,0.1,12.2,0.0,60.5,27.2
20160222224542,0.0,0.0,0.0,0.1,22.6,0.0,57.9,19.5
20160222224612,0.0,0.0,0.0,0.1,6.5,0.0,77.4,16.0
20160222224642,0.0,0.0,0.0,0.1,10.8,0.0,56.5,32.6
20160222224712,0.0,0.0,0.0,0.0,4.8,0.0,6.5,88.7
20160222224742,0.0,0.0,0.0,0.0,4.3,0.0,25.4,70.2
20160222224812,0.0,0.0,0.0,0.1,18.9,0.0,15.0,66.0
20160222224842,0.0,0.0,0.0,0.0,5.2,0.0,36.1,58.6
20160222224912,0.0,0.0,0.0,0.0,4.6,0.0,30.5,64.9
20160222224942,0.0,0.0,0.0,0.0,1.3,0.0,18.4,80.3
20160222225012,0.0,0.0,0.0,0.0,1.6,0.0,35.4,63.0
20160222225042,0.0,0.0,0.0,0.0,1.7,0.0,22.3,75.9
20160222225112,0.0,0.0,0.0,0.0,1.5,0.0,28.6,69.9
20160222225142,0.0,0.0,0.0,0.0,3.7,0.0,26.9,69.4
20160222225213,0.0,0.0,0.0,0.0,3.3,0.0,62.3,34.4
20160222225243,0.0,0.0,0.0,0.0,4.3,0.0,9.5,86.3
20160222225313,0.0,0.0,0.0,0.0,5.3,0.0,25.3,69.4
20160222225343,0.0,0.0,0.0,0.0,1.4,0.0,38.8,59.9
20160222225413,0.0,0.0,0.0,0.1,9.5,0.0,37.0,53.3
20160222225443,0.0,0.0,0.0,0.1,5.7,0.0,48.3,45.9
20160222225513,0.0,0.0,0.0,0.0,1.0,0.0,13.7,85.3
