UT,arc,discrete,diffuse,ac,ab,clear,cloudy,dd
20160121141200,0.0,0.0,0.0,0.0,0.0,0.0,0.0,100.0
20160121141230,0.0,0.0,0.0,0.0,0.0,0.0,0.0,100.0
20160121141300,0.0,0.0,0.0,0.0,0.0,0.0,0.0,100.0
20160121141330,0.0,0.0,0.0,0.0,0.0,0.0,0.0,100.0
20160121141400,0.0,0.0,0.0,0.0,0.0,0.0,0.0,100.0
20160121141430,0.0,0.0,0.0,0.0,0.0,0.0,0.0,100.0
20160121141500,0.0,0.0,0.0,0.0,0.0,0.0,0.0,100.0
20160121141530,0.0,0.0,0.0,0.0,0.0,0.0,0.0,100.0
20160121141600,0.0,0.0,0.0,0.0,0.0,0.0,0.0,100.0
20160121141630,0.0,0.0,0.0,0.0,0.0,0.0,0.0,100.0
20160121141700,0.0,0.0,0.0,0.0,0.0,0.0,0.0,100.0
20160121141730,0.0,0.0,0.0,0.0,0.0,0.0,0.0,100.0
20160121141800,0.0,0.0,0.0,0.0,0.0,0.0,0.0,100.0
20160121141830,0.0,0.0,0.0,0.0,0.0,0.0,0.0,100.0
20160121141900,0.0,0.0,0.0,0.0,0.0,0.0,0.0,100.0
20160121141930,0.0,0.0,0.0,0.0,0.0,0.0,0.0,100.0
20160121142000,0.0,0.0,0.0,0.0,0.0,0.0,0.0,100.0
20160121142030,0.0,0.0,0.0,0.0,0.0,0.0,0.0,100.0
20160121142100,0.0,0.0,0.0,0.0,0.0,0.0,0.0,100.0
20160121142130,0.0,0.0,0.0,0.0,0.0,0.0,0.0,100.0
20160121142200,0.0,0.0,0.0,0.0,0.0,0.0,0.0,100.0
20160121142230,0.0,0.0,0.0,0.0,0.0,0.0,0.0,100.0
20160121142300,0.0,0.0,0.0,0.0,0.0,0.0,0.0,100.0
20160121142330,0.0,0.0,0.0,0.0,0.0,0.0,0.0,100.0
20160121142400,0.0,0.0,0.0,0.0,0.0,0.0,0.0,100.0
20160121142430,0.0,0.0,0.0,0.0,0.0,0.0,0.0,100.0
20160121142500,0.0,0.0,0.0,0.0,0.0,0.0,0.0,100.0
20160121142530,0.0,0.0,0.0,0.0,0.0,0.0,0.0,100.0
20160121142600,0.0,0.0,0.0,0.0,0.0,0.0,0.0,100.0
20160121142630,0.0,0.0,0.0,0.0,0.0,0.0,0.0,100.0
20160121142700,0.0,0.0,0.0,0.0,0.0,0.0,0.0,100.0
20160121142730,0.0,0.0,0.0,0.0,0.0,0.0,0.0,100.0
20160121142800,0.0,0.0,0.0,0.0,0.0,0.0,0.0,100.0
20160121142830,0.0,0.0,0.0,0.0,0.0,0.0,0.0,100.0
20160121142900,0.0,0.0,0.0,0.0,0.0,0.0,0.0,100.0
20160121142930,0.0,0.0,0.0,0.0,0.0,0.0,0.0,100.0
20160121143000,0.0,0.0,0.0,0.0,0.0,0.0,0.0,100.0
20160121143030,0.0,0.0,0.0,0.0,0.0,0.0,0.0,100.0
20160121143100,0.0,0.0,0.0,0.0,0.0,0.0,0.0,100.0
20160121143130,0.0,0.0,0.0,0.0,0.0,0.0,0.0,100.0
20160121143200,0.0,0.0,0.0,0.0,0.0,0.0,0.0,100.0
20160121143230,0.0,0.0,0.0,0.0,0.0,0.0,0.0,100.0
20160121143300,0.0,0.0,0.0,0.0,0.0,0.0,0.0,100.0
20160121143330,0.0,0.0,0.0,0.0,0.0,0.0,0.0,100.0
20160121143400,0.0,0.0,0.0,0.0,0.0,0.0,0.0,100.0
20160121143431,0.0,0.0,0.0,0.0,0.0,0.0,0.0,100.0
20160121143501,0.0,0.0,0.0,0.0,0.0,0.0,0.0,100.0
20160121143531,0.0,0.0,0.0,0.0,0.0,0.0,0.0,100.0
20160121143601,0.0,0.0,0.0,0.0,0.0,0.0,0.0,100.0
20160121143631,0.0,0.0,0.0,0.0,0.0,0.0,0.0,100.0
20160121143701,0.0,0.0,0.0,0.0,0.0,0.0,0.0,100.0
20160121143731,0.0,0.0,0.0,0.0,0.0,0.0,0.0,100.0
20160121143801,0.0,0.0,0.0,0.0,0.0,0.0,0.0,100.0
20160121143831,0.0,0.0,0.0,0.0,0.0,0.0,0.0,100.0
20160121143901,0.0,0.0,0.0,0.0,0.0,0.0,0.0,100.0
20160121143931,0.0,0.0,0.0,0.0,0.0,0.0,0.0,100.0
20160121144001,0.0,0.0,0.0,0.0,0.0,0.0,0.0,100.0
20160121144031,0.0,0.0,0.0,0.0,0.0,0.0,0.0,100.0
20160121144101,0.0,0.0,0.0,0.0,0.0,0.0,0.0,100.0
20160121144131,0.0,0.0,0.0,0.0,0.0,0.0,0.0,100.0
20160121144201,0.0,0.0,0.0,0.0,0.0,0.0,0.0,100.0
20160121144231,0.0,0.0,0.0,0.0,0.0,0.0,0.0,100.0
20160121144301,0.0,0.0,0.0,0.0,0.0,0.0,0.0,100.0
20160121144331,0.0,0.0,0.0,0.0,0.0,0.0,0.0,100.0
20160121144401,0.0,0.0,0.0,0.0,0.0,0.0,0.0,100.0
20160121144431,0.0,0.0,0.0,0.0,0.0,0.0,0.0,100.0
20160121144501,0.0,0.0,0.0,0.0,0.0,0.0,0.0,100.0
20160121144531,0.0,0.0,0.0,0.0,0.0,0.0,0.0,100.0
20160121144601,0.0,0.0,0.0,0.0,0.0,0.0,0.0,100.0
20160121144631,0.0,0.0,0.0,0.0,0.0,0.0,0.0,100.0
20160121144701,0.0,0.0,0.0,0.0,0.0,0.0,0.0,100.0
20160121144731,0.0,0.0,0.0,0.0,0.0,0.0,0.0,100.0
20160121144801,0.0,0.0,0.0,0.0,0.0,0.0,0.0,100.0
20160121144831,0.0,0.0,0.0,0.0,0.0,0.0,0.0,100.0
20160121144901,0.0,0.0,0.0,0.0,0.0,0.0,0.0,100.0
20160121144931,0.0,0.0,0.0,0.0,0.0,0.0,0.0,100.0
20160121145001,0.0,0.0,0.0,0.0,0.0,0.0,0.0,100.0
20160121145031,0.0,0.0,0.0,0.0,0.0,0.0,0.0,100.0
20160121145101,0.0,0.0,0.0,0.0,0.0,0.0,0.0,100.0
20160121145131,0.0,0.0,0.0,0.0,0.0,0.0,0.0,100.0
20160121145201,0.0,0.0,0.0,0.0,0.0,0.0,0.0,100.0
20160121145231,0.0,0.0,0.0,0.0,0.0,0.0,0.0,100.0
20160121145301,0.0,0.0,0.0,0.0,0.0,0.0,0.0,100.0
20160121145331,0.0,0.0,0.0,0.0,0.0,0.0,0.0,100.0
20160121145401,0.0,0.0,0.0,0.0,0.0,0.0,0.0,100.0
20160121145431,0.0,0.0,0.0,0.0,0.0,0.0,0.0,100.0
20160121145501,0.0,0.0,0.0,0.0,0.0,0.0,0.0,100.0
20160121145531,0.0,0.0,0.0,0.0,0.0,0.0,0.0,100.0
20160121145601,0.0,0.0,0.0,0.0,0.0,0.0,0.0,100.0
20160121145631,0.0,0.0,0.0,0.0,0.0,0.0,0.0,100.0
20160121145701,0.0,0.0,0.0,0.0,0.0,0.0,0.0,100.0
20160121145731,0.0,0.0,0.0,0.0,0.0,0.0,0.0,100.0
20160121145801,0.0,0.0,0.0,0.0,0.0,0.0,0.0,100.0
20160121145831,0.0,0.0,0.0,0.0,0.0,0.0,0.0,100.0
20160121145901,0.0,0.0,0.0,0.0,0.0,0.0,0.0,100.0
20160121145931,0.0,0.0,0.0,0.0,0.0,0.0,0.0,100.0
20160121150001,0.0,0.0,0.0,0.0,0.0,0.0,0.0,100.0
20160121150031,0.0,0.0,0.0,0.0,0.0,0.0,0.0,100.0
20160121150101,0.0,0.0,0.0,0.0,0.0,0.0,0.0,100.0
20160121150131,0.0,0.0,0.0,0.0,0.0,0.0,0.0,100.0
20160121150201,0.0,0.0,0.0,0.0,0.0,0.0,0.0,100.0
20160121150231,0.0,0.0,0.0,0.0,0.0,0.0,0.0,100.0
20160121150301,0.0,0.0,0.0,0.0,0.0,0.0,0.0,100.0
20160121150331,0.0,0.0,0.0,0.0,0.0,0.0,0.0,100.0
20160121150401,0.0,0.0,0.0,0.0,0.0,0.0,0.0,100.0
20160121150431,0.0,0.0,0.0,0.0,0.0,0.0,0.0,100.0
20160121150501,0.0,0.0,0.0,0.0,0.0,0.0,0.0,100.0
20160121150531,0.0,0.0,0.0,0.0,0.0,0.0,0.0,100.0
20160121150601,0.0,0.0,0.0,0.0,0.0,0.0,0.0,100.0
20160121150631,0.0,0.0,0.0,0.0,0.0,0.0,0.0,100.0
20160121150701,0.0,0.0,0.0,0.0,0.0,0.0,0.0,100.0
20160121150731,0.0,0.0,0.0,0.0,0.0,0.0,0.0,99.9
20160121150801,0.0,0.0,0.0,0.0,0.0,0.0,0.4,99.6
20160121150832,0.0,0.0,0.0,0.0,0.0,0.0,0.1,99.8
20160121150902,0.0,0.0,0.0,0.0,0.0,0.0,0.2,99.8
20160121150932,0.0,0.0,0.0,0.0,0.0,0.0,1.4,98.6
20160121151002,0.0,0.0,0.0,0.0,0.0,0.0,0.3,99.7
20160121151032,0.0,0.0,0.0,0.0,0.0,0.0,2.0,97.9
20160121151102,0.0,0.0,0.0,0.0,0.0,0.0,0.3,99.7
20160121151132,0.0,0.0,0.0,0.0,0.0,0.0,0.6,99.4
20160121151332,0.0,0.0,0.0,0.0,0.0,0.0,2.1,97.9
20160121151402,0.0,0.0,0.0,0.0,0.0,0.0,1.0,99.0
20160121151432,0.0,0.0,0.0,0.0,0.0,0.0,3.6,96.4
20160121151502,0.0,0.0,0.0,0.0,0.0,0.0,7.3,92.7
20160121151532,0.0,0.0,0.0,0.0,0.0,0.0,1.1,98.9
20160121151602,0.0,0.0,0.0,0.0,0.0,0.0,9.3,90.7
20160121151632,0.0,0.0,0.0,0.0,0.0,0.0,1.7,98.3
20160121151702,0.0,0.0,0.0,0.0,0.0,0.0,2.4,97.6
20160121151732,0.0,0.0,0.0,0.0,0.0,0.0,0.4,99.6
20160121151802,0.0,0.0,0.0,0.0,0.0,0.0,0.5,99.5
20160121151832,0.0,0.0,0.0,0.0,0.0,0.0,4.7,95.3
20160121151902,0.0,0.0,0.0,0.0,0.0,0.0,6.3,93.7
20160121151932,0.0,0.0,0.0,0.0,0.0,0.0,36.6,63.4
20160121152002,0.0,0.0,0.0,0.0,0.0,0.0,42.5,57.5
20160121152032,0.0,0.0,0.0,0.0,0.0,0.0,18.7,81.3
20160121152102,0.0,0.0,0.0,0.0,0.0,0.0,62.7,37.3
20160121152132,0.0,0.0,0.0,0.0,0.0,0.0,73.7,26.3
20160121152202,0.0,0.0,0.0,0.0,0.0,0.0,38.3,61.7
20160121152232,0.0,0.0,0.0,0.0,0.0,0.0,86.2,13.8
20160121152302,0.0,0.0,0.0,0.0,0.0,0.0,52.2,47.8
20160121152332,0.0,0.0,0.0,0.0,0.0,0.0,55.9,44.1
20160121152402,0.0,0.0,0.0,0.0,0.0,0.0,59.8,40.2
20160121152432,0.0,0.0,0.0,0.0,0.0,0.0,62.5,37.4
20160121152502,0.0,0.0,0.0,0.0,0.0,0.0,74.0,26.0
20160121152532,0.0,0.0,0.0,0.0,0.0,0.0,80.5,19.5
20160121152602,0.0,0.0,0.0,0.0,0.0,0.0,35.4,64.6
20160121152632,0.0,0.0,0.1,0.0,0.0,0.0,89.5,10.4
20160121152702,0.0,0.0,0.0,0.0,0.1,0.0,65.9,34.0
20160121152732,0.0,0.0,0.1,0.1,0.4,0.0,85.2,14.1
20160121152802,0.0,0.0,0.0,0.2,0.6,0.0,75.6,23.5
20160121152832,0.0,0.0,0.1,0.1,0.2,0.0,66.1,33.5
20160121152902,0.0,0.0,0.1,0.1,0.5,0.0,54.1,45.2
20160121152932,0.0,0.0,0.0,0.0,0.0,0.0,79.4,20.5
20160121153002,0.0,0.0,0.0,0.0,0.0,0.0,92.6,7.4
20160121153032,0.0,0.0,0.0,0.0,0.0,0.0,51.5,48.5
20160121153102,0.0,0.0,0.0,0.0,0.0,0.0,68.0,32.0
20160121153132,0.0,0.0,0.0,0.0,0.0,0.0,87.9,12.1
20160121153202,0.0,0.0,0.0,0.0,0.0,0.0,76.7,23.3
20160121153232,0.0,0.0,0.0,0.0,0.0,0.0,78.9,21.1
20160121153302,0.0,0.0,0.0,0.0,0.0,0.0,84.1,15.9
20160121153332,0.0,0.0,0.0,0.0,0.0,0.0,95.9,4.1
20160121153402,0.0,0.0,0.0,0.0,0.0,0.0,77.5,22.5
20160121153432,0.0,0.0,0.0,0.0,0.0,0.0,80.8,19.2
20160121153502,0.0,0.0,0.0,0.0,0.0,0.0,81.0,19.0
20160121153532,0.0,0.0,0.0,0.0,0.0,0.0,95.4,4.6
20160121153602,0.0,0.0,0.0,0.0,0.0,0.0,60.0,40.0
20160121153632,0.0,0.0,0.0,0.0,0.0,0.0,78.8,21.1
20160121153702,0.0,0.0,0.0,0.0,0.0,0.0,82.1,17.9
20160121153732,0.0,0.0,0.0,0.0,0.0,0.0,89.4,10.6
20160121153802,0.0,0.0,0.0,0.0,0.0,0.0,98.3,1.7
20160121153832,0.0,0.0,0.0,0.0,0.0,0.0,98.6,1.3
20160121153902,0.0,0.0,0.0,0.0,0.3,0.0,80.0,19.6
20160121153932,0.0,0.0,0.0,0.0,0.0,0.0,97.1,2.9
20160121154002,0.0,0.0,0.0,0.0,0.0,0.0,82.7,17.2
20160121154032,0.0,0.0,0.0,0.0,0.0,0.0,94.4,5.6
20160121154102,0.0,0.0,0.0,0.0,0.1,0.0,97.2,2.6
20160121154132,0.0,0.0,0.0,0.0,0.0,0.0,98.7,1.3
20160121154202,0.0,0.0,0.0,0.0,0.0,0.0,98.5,1.5
20160121154232,0.0,0.0,0.0,0.0,0.0,0.0,98.5,1.4
20160121154303,0.0,0.0,0.0,0.0,0.0,0.0,99.1,0.9
20160121154333,0.0,0.0,0.0,0.0,0.0,0.0,99.8,0.2
20160121154403,0.0,0.0,0.0,0.1,0.1,0.0,96.0,3.8
20160121154433,0.0,0.0,0.0,0.1,0.1,0.0,96.7,3.1
20160121154503,0.0,0.0,0.0,0.0,0.1,0.0,98.6,1.3
20160121154533,0.0,0.0,0.0,0.0,0.0,0.0,98.9,1.1
20160121154603,0.0,0.0,0.0,0.0,0.0,0.0,96.3,3.5
20160121154633,0.0,0.0,0.0,0.0,0.0,0.0,86.6,13.3
20160121154703,0.0,0.0,0.0,0.0,0.0,0.0,93.6,6.3
20160121154733,0.0,0.0,0.0,0.0,0.0,0.0,95.3,4.7
20160121154803,0.0,0.0,0.0,0.1,0.2,0.0,92.2,7.5
20160121154833,0.0,0.0,0.0,0.1,0.0,0.0,94.8,5.0
20160121154903,0.0,0.0,0.0,0.1,0.3,0.0,83.6,16.0
20160121154933,0.0,0.0,0.1,0.2,0.5,0.0,88.9,10.3
20160121155003,0.0,0.0,0.0,0.0,0.1,0.0,98.0,1.8
20160121155033,0.0,0.0,0.0,0.0,0.1,0.0,97.0,2.8
20160121155103,0.0,0.0,0.1,0.0,0.2,0.0,96.6,3.1
20160121155133,0.0,0.0,0.0,0.0,0.0,0.0,98.9,1.1
20160121155203,0.0,0.0,0.0,0.0,0.1,0.0,96.4,3.5
20160121155233,0.0,0.0,0.0,0.0,0.1,0.0,94.4,5.5
20160121155303,0.0,0.0,0.0,0.0,0.1,0.0,98.4,1.5
20160121155333,0.0,0.0,0.0,0.1,0.4,0.0,87.0,12.5
20160121155403,0.0,0.0,0.0,0.0,0.1,0.0,91.7,8.2
20160121155433,0.0,0.0,0.0,0.0,0.1,0.0,92.9,7.0
20160121155503,0.0,0.0,0.0,0.0,0.0,0.0,69.8,30.2
20160121155533,0.0,0.0,0.0,0.1,0.1,0.0,52.5,47.3
20160121155603,0.0,0.0,0.0,0.0,0.0,0.0,94.4,5.5
20160121155633,0.0,0.0,0.0,0.0,0.0,0.0,98.6,1.4
20160121155703,0.0,0.0,0.0,0.1,0.1,0.0,84.7,15.0
20160121155733,0.0,0.0,0.0,0.0,0.0,0.0,99.4,0.6
20160121155803,0.0,0.0,0.0,0.1,0.1,0.0,95.4,4.4
20160121155833,0.0,0.0,0.0,0.0,0.0,0.0,97.0,2.9
20160121155903,0.0,0.0,0.0,0.1,0.1,0.0,78.7,21.1
20160121155933,0.0,0.0,0.0,0.1,0.1,0.0,50.3,49.5
20160121160003,0.0,0.0,0.0,0.0,0.0,0.0,24.2,75.7
20160121160033,0.0,0.0,0.0,0.0,0.0,0.0,16.5,83.5
20160121160103,0.0,0.0,0.0,0.0,0.0,0.0,4.0,96.0
20160121160133,0.0,0.0,0.0,0.0,0.0,0.0,1.0,99.0
20160121160203,0.0,0.0,0.0,0.0,0.0,0.0,0.3,99.7
20160121160233,0.0,0.0,0.0,0.0,0.0,0.0,2.0,98.0
20160121160303,0.0,0.0,0.0,0.0,0.0,0.0,0.9,99.1
20160121160333,0.0,0.0,0.0,0.0,0.0,0.0,9.6,90.4
20160121160403,0.0,0.0,0.0,0.0,0.0,0.0,0.2,99.8
20160121160433,0.0,0.0,0.0,0.0,0.0,0.0,0.4,99.6
20160121160503,0.0,0.0,0.0,0.0,0.0,0.0,1.0,99.0
20160121160533,0.0,0.0,0.0,0.0,0.0,0.0,3.3,96.7
20160121160603,0.0,0.0,0.0,0.0,0.0,0.0,0.5,99.5
20160121160633,0.0,0.0,0.0,0.0,0.0,0.0,0.2,99.8
20160121160703,0.0,0.0,0.0,0.0,0.0,0.0,0.4,99.6
20160121160733,0.0,0.0,0.0,0.0,0.0,0.0,0.4,99.6
20160121160803,0.0,0.0,0.0,0.0,0.0,0.0,0.0,100.0
20160121160833,0.0,0.0,0.0,0.0,0.0,0.0,0.1,99.9
20160121160903,0.0,0.0,0.0,0.0,0.0,0.0,0.1,99.9
20160121160933,0.0,0.0,0.0,0.0,0.0,0.0,0.2,99.8
20160121161004,0.0,0.0,0.0,0.0,0.0,0.0,0.1,99.9
20160121161034,0.0,0.0,0.0,0.0,0.0,0.0,0.1,99.9
20160121161104,0.0,0.0,0.0,0.0,0.0,0.0,0.1,99.9
20160121161134,0.0,0.0,0.0,0.0,0.0,0.0,0.1,99.9
20160121161204,0.0,0.0,0.0,0.0,0.0,0.0,0.1,99.9
20160121161234,0.0,0.0,0.0,0.0,0.0,0.0,0.0,100.0
20160121161304,0.0,0.0,0.0,0.0,0.0,0.0,0.0,100.0
20160121161334,0.0,0.0,0.0,0.0,0.0,0.0,0.2,99.8
20160121161404,0.0,0.0,0.0,0.0,0.0,0.0,0.1,99.9
20160121161434,0.0,0.0,0.0,0.0,0.0,0.0,0.4,99.6
20160121161504,0.0,0.0,0.0,0.0,0.0,0.0,0.3,99.7
20160121161534,0.0,0.0,0.0,0.0,0.0,0.0,0.4,99.6
20160121161604,0.0,0.0,0.0,0.0,0.0,0.0,0.0,100.0
20160121161634,0.0,0.0,0.0,0.0,0.0,0.0,0.1,99.9
20160121161704,0.0,0.0,0.0,0.0,0.0,0.0,0.4,99.6
20160121161734,0.0,0.0,0.0,0.0,0.0,0.0,0.1,99.9
20160121161804,0.0,0.0,0.0,0.0,0.0,0.0,0.5,99.5
20160121161834,0.0,0.0,0.0,0.0,0.0,0.0,2.4,97.6
20160121161904,0.0,0.0,0.0,0.0,0.0,0.0,0.2,99.8
20160121161934,0.0,0.0,0.0,0.0,0.0,0.0,0.0,100.0
20160121162004,0.0,0.0,0.0,0.0,0.0,0.0,0.1,99.9
20160121162034,0.0,0.0,0.0,0.0,0.0,0.0,0.2,99.8
20160121162104,0.0,0.0,0.0,0.0,0.0,0.0,0.1,99.9
20160121162134,0.0,0.0,0.0,0.0,0.0,0.0,1.8,98.2
20160121162204,0.0,0.0,0.0,0.1,0.0,0.0,1.6,98.3
20160121162234,0.0,0.0,0.0,0.3,0.1,0.0,58.7,40.9
20160121162304,0.0,0.0,0.0,0.3,0.0,0.0,35.8,63.9
20160121162334,0.0,0.0,0.0,0.2,0.0,0.0,88.3,11.5
20160121162404,0.0,0.0,0.0,0.1,0.0,0.0,95.1,4.8
20160121162434,0.0,0.0,0.0,0.1,0.0,0.0,92.2,7.7
20160121162504,0.0,0.0,0.0,0.0,0.0,0.0,92.6,7.4
20160121162534,0.0,0.0,0.0,0.0,0.0,0.0,98.9,1.1
20160121162604,0.0,0.0,0.0,0.0,0.0,0.0,93.9,6.1
20160121162634,0.0,0.0,0.0,0.0,0.1,0.0,91.4,8.5
20160121162704,0.0,0.0,0.0,0.4,0.0,0.0,97.3,2.3
20160121162734,0.0,0.0,0.0,0.1,0.0,0.0,97.4,2.5
20160121162804,0.0,0.0,0.0,0.1,0.0,0.0,89.9,10.0
20160121162834,0.0,0.0,0.0,0.1,0.0,0.0,82.4,17.5
20160121162904,0.0,0.0,0.0,0.0,0.0,0.0,77.4,22.5
20160121162934,0.0,0.0,0.0,0.2,0.0,0.0,79.9,19.9
20160121163004,0.0,0.0,0.0,0.0,0.0,0.0,99.7,0.3
20160121163034,0.0,0.0,0.0,0.0,0.0,0.0,98.6,1.4
20160121163104,0.0,0.0,0.0,0.0,0.0,0.0,95.8,4.2
20160121163134,0.0,0.0,0.0,0.0,0.0,0.0,85.5,14.4
20160121163204,0.0,0.0,0.0,0.0,0.0,0.0,96.3,3.7
20160121163234,0.0,0.0,0.0,0.0,0.0,0.0,79.8,20.2
20160121163304,0.0,0.0,0.0,0.0,0.0,0.0,89.3,10.6
20160121163334,0.0,0.0,0.0,0.0,0.0,0.0,67.1,32.8
20160121163404,0.0,0.0,0.0,0.0,0.0,0.0,77.3,22.7
20160121163434,0.0,0.0,0.0,0.0,0.0,0.0,45.4,54.6
20160121163504,0.0,0.0,0.0,0.0,0.0,0.0,94.2,5.8
20160121163534,0.0,0.0,0.0,0.0,0.0,0.0,94.4,5.6
20160121163604,0.0,0.0,0.0,0.0,0.0,0.0,80.6,19.4
20160121163634,0.0,0.0,0.0,0.0,0.0,0.0,96.5,3.5
20160121163704,0.0,0.0,0.0,0.0,0.0,0.0,88.5,11.5
20160121163734,0.0,0.0,0.0,0.0,0.0,0.0,96.2,3.8
20160121163804,0.0,0.0,0.0,0.0,0.0,0.0,87.3,12.6
20160121163834,0.0,0.0,0.0,0.1,0.0,0.0,50.2,49.7
20160121163904,0.0,0.0,0.0,0.0,0.0,0.0,94.4,5.6
20160121163934,0.0,0.0,0.0,0.0,0.0,0.0,98.5,1.5
20160121164004,0.0,0.0,0.0,0.0,0.0,0.0,95.9,4.1
20160121164034,0.0,0.0,0.0,0.0,0.0,0.0,91.9,8.1
20160121164104,0.0,0.0,0.0,0.0,0.1,0.0,89.3,10.6
20160121164134,0.0,0.0,0.0,0.1,0.0,0.0,86.8,13.1
20160121164204,0.0,0.0,0.0,0.0,0.1,0.0,91.0,8.9
20160121164234,0.0,0.0,0.0,0.0,0.1,0.0,85.6,14.3
20160121164304,0.0,0.0,0.0,0.0,0.0,0.0,98.4,1.5
20160121164334,0.0,0.0,0.0,0.0,0.0,0.0,96.4,3.6
20160121164404,0.0,0.0,0.0,0.0,0.0,0.0,98.3,1.7
20160121164435,0.0,0.0,0.0,0.0,0.0,0.0,99.4,0.6
20160121164505,0.0,0.0,0.0,0.0,0.0,0.0,98.5,1.5
20160121164535,0.0,0.0,0.0,0.0,0.0,0.0,97.6,2.3
20160121164605,0.0,0.0,0.0,0.0,0.0,0.0,99.1,0.9
20160121164635,0.0,0.0,0.0,0.0,0.2,0.0,99.3,0.5
20160121164705,0.0,0.0,0.0,0.0,0.1,0.0,99.1,0.9
20160121164735,0.0,0.0,0.0,0.0,0.0,0.0,99.1,0.9
20160121164805,0.0,0.0,0.0,0.0,0.0,0.0,97.7,2.2
20160121164835,0.0,0.0,0.0,0.0,0.1,0.0,91.2,8.7
20160121164905,0.0,0.0,0.0,0.0,0.0,0.0,98.2,1.8
20160121164935,0.0,0.0,0.0,0.0,0.1,0.0,98.5,1.5
20160121165005,0.0,0.0,0.0,0.0,0.0,0.0,97.7,2.2
20160121165035,0.0,0.0,0.0,0.0,0.0,0.0,95.3,4.6
20160121165105,0.0,0.0,0.0,0.0,0.0,0.0,98.0,2.0
20160121165135,0.0,0.0,0.0,0.0,0.0,0.0,96.4,3.5
20160121165205,0.0,0.0,0.0,0.0,0.0,0.0,97.7,2.3
20160121165235,0.0,0.0,0.0,0.1,0.1,0.0,87.9,11.9
20160121165305,0.0,0.0,0.0,0.1,0.1,0.0,73.1,26.7
20160121165335,0.0,0.0,0.0,0.0,0.0,0.0,99.1,0.8
20160121165405,0.0,0.0,0.0,0.0,0.0,0.0,99.3,0.7
20160121165435,0.0,0.0,0.0,0.0,0.0,0.0,98.7,1.3
20160121165505,0.0,0.0,0.0,0.0,0.0,0.0,98.9,1.1
20160121165535,0.0,0.0,0.0,0.0,0.0,0.0,99.4,0.6
20160121165605,0.0,0.0,0.0,0.0,0.0,0.0,98.5,1.5
20160121165635,0.0,0.0,0.0,0.0,0.0,0.0,68.7,31.3
20160121165705,0.0,0.0,0.0,0.0,0.0,0.0,40.4,59.6
20160121165735,0.0,0.0,0.0,0.0,0.0,0.0,30.8,69.2
20160121165805,0.0,0.0,0.0,0.0,0.0,0.0,6.0,94.0
20160121165835,0.0,0.0,0.0,0.0,0.0,0.0,36.6,63.4
20160121165905,0.0,0.0,0.0,0.0,0.0,0.0,3.1,96.9
20160121165935,0.0,0.0,0.0,0.0,0.0,0.0,0.4,99.6
20160121170005,0.0,0.0,0.0,0.0,0.0,0.0,0.0,100.0
20160121170035,0.0,0.0,0.0,0.0,0.0,0.0,0.3,99.7
20160121170105,0.0,0.0,0.0,0.0,0.0,0.0,0.3,99.7
20160121170135,0.0,0.0,0.0,0.0,0.0,0.0,0.1,99.9
20160121170205,0.0,0.0,0.0,0.0,0.0,0.0,1.0,98.9
20160121170235,0.0,0.0,0.0,0.0,0.0,0.0,0.1,99.9
20160121170305,0.0,0.0,0.0,0.0,0.0,0.0,0.2,99.8
20160121170335,0.0,0.0,0.0,0.0,0.0,0.0,0.1,99.9
20160121170405,0.0,0.0,0.0,0.0,0.0,0.0,0.0,100.0
20160121170435,0.0,0.0,0.0,0.0,0.0,0.0,0.2,99.8
20160121170505,0.0,0.0,0.0,0.0,0.0,0.0,0.0,100.0
20160121170535,0.0,0.0,0.0,0.0,0.0,0.0,0.1,99.9
20160121170605,0.0,0.0,0.0,0.0,0.0,0.0,0.0,100.0
20160121170635,0.0,0.0,0.0,0.0,0.0,0.0,0.0,100.0
20160121170705,0.0,0.0,0.0,0.0,0.0,0.0,0.0,100.0
20160121170735,0.0,0.0,0.0,0.0,0.0,0.0,0.1,99.9
20160121170805,0.0,0.0,0.0,0.0,0.0,0.0,0.1,99.9
20160121170835,0.0,0.0,0.0,0.0,0.0,0.0,0.0,100.0
20160121170905,0.0,0.0,0.0,0.0,0.0,0.0,0.0,100.0
20160121170935,0.0,0.0,0.0,0.0,0.0,0.0,0.0,100.0
20160121171005,0.0,0.0,0.0,0.0,0.0,0.0,0.1,99.9
20160121171035,0.0,0.0,0.0,0.0,0.0,0.0,0.0,100.0
20160121171105,0.0,0.0,0.0,0.0,0.0,0.0,0.0,100.0
20160121171135,0.0,0.0,0.0,0.0,0.0,0.0,0.1,99.9
20160121171205,0.0,0.0,0.0,0.0,0.0,0.0,0.0,100.0
20160121171235,0.0,0.0,0.0,0.0,0.0,0.0,0.4,99.6
20160121171305,0.0,0.0,0.0,0.0,0.0,0.0,0.1,99.9
20160121171335,0.0,0.0,0.0,0.0,0.0,0.0,0.6,99.4
20160121171405,0.0,0.0,0.0,0.0,0.0,0.0,0.4,99.6
20160121171435,0.0,0.0,0.0,0.0,0.0,0.0,0.3,99.7
20160121171505,0.0,0.0,0.0,0.0,0.0,0.0,0.1,99.9
20160121171535,0.0,0.0,0.0,0.0,0.0,0.0,2.4,97.6
20160121171605,0.0,0.0,0.0,0.0,0.0,0.0,0.4,99.6
20160121171635,0.0,0.0,0.0,0.0,0.0,0.0,0.5,99.5
20160121171705,0.0,0.0,0.0,0.0,0.0,0.0,0.1,99.9
20160121171735,0.0,0.0,0.0,0.0,0.0,0.0,0.2,99.8
20160121171805,0.0,0.0,0.0,0.0,0.0,0.0,0.7,99.3
20160121171836,0.0,0.0,0.0,0.0,0.0,0.0,5.1,94.9
20160121171906,0.0,0.0,0.0,0.0,0.0,0.0,1.2,98.8
20160121171936,0.0,0.0,0.0,0.0,0.0,0.0,1.9,98.1
20160121172006,0.0,0.0,0.0,0.0,0.0,0.0,1.8,98.2
20160121172036,0.0,0.0,0.0,0.0,0.0,0.0,1.5,98.5
20160121172106,0.0,0.0,0.0,0.0,0.0,0.0,17.3,82.7
20160121172136,0.0,0.0,0.0,0.0,0.0,0.0,14.5,85.5
20160121172206,0.0,0.0,0.0,0.0,0.0,0.0,8.5,91.5
20160121172236,0.0,0.0,0.0,0.0,0.0,0.0,17.3,82.7
20160121172306,0.0,0.0,0.0,0.0,0.0,0.0,4.7,95.3
20160121172336,0.0,0.0,0.0,0.0,0.0,0.0,3.8,96.2
20160121172406,0.0,0.0,0.0,0.0,0.0,0.0,18.4,81.6
20160121172436,0.0,0.0,0.0,0.0,0.0,0.0,2.8,97.2
20160121172506,0.0,0.0,0.0,0.0,0.0,0.0,4.4,95.5
20160121172536,0.0,0.0,0.0,0.0,0.0,0.0,17.4,82.6
20160121172606,0.0,0.0,0.0,0.0,0.0,0.0,15.5,84.5
20160121172636,0.0,0.0,0.0,0.0,0.0,0.0,7.0,93.0
20160121172706,0.0,0.0,0.0,0.0,0.0,0.0,6.9,93.1
20160121172736,0.0,0.0,0.0,0.0,0.0,0.0,3.2,96.8
20160121172806,0.0,0.0,0.0,0.0,0.0,0.0,6.4,93.6
20160121172836,0.0,0.0,0.0,0.0,0.0,0.0,2.6,97.4
20160121172906,0.0,0.0,0.0,0.0,0.0,0.0,0.7,99.3
20160121172936,0.0,0.0,0.0,0.0,0.0,0.0,0.3,99.7
20160121173006,0.0,0.0,0.0,0.0,0.0,0.0,0.8,99.2
20160121173036,0.0,0.0,0.0,0.0,0.0,0.0,0.8,99.2
20160121173106,0.0,0.0,0.0,0.0,0.0,0.0,0.4,99.6
20160121173136,0.0,0.0,0.0,0.0,0.0,0.0,1.6,98.4
20160121173206,0.0,0.0,0.0,0.0,0.0,0.0,1.2,98.8
20160121173236,0.0,0.0,0.0,0.0,0.0,0.0,0.4,99.6
20160121173306,0.0,0.0,0.0,0.0,0.0,0.0,0.5,99.5
20160121173336,0.0,0.0,0.0,0.0,0.0,0.0,1.5,98.5
20160121173406,0.0,0.0,0.0,0.0,0.0,0.0,0.2,99.8
20160121173436,0.0,0.0,0.0,0.0,0.0,0.0,0.1,99.9
20160121173506,0.0,0.0,0.0,0.0,0.0,0.0,1.1,98.9
20160121173536,0.0,0.0,0.0,0.0,0.0,0.0,0.2,99.8
20160121173606,0.0,0.0,0.0,0.0,0.0,0.0,0.1,99.9
20160121173636,0.0,0.0,0.0,0.0,0.0,0.0,0.1,99.9
20160121173706,0.0,0.0,0.0,0.0,0.0,0.0,0.1,99.9
20160121173736,0.0,0.0,0.0,0.0,0.0,0.0,0.2,99.8
20160121173806,0.0,0.0,0.0,0.0,0.0,0.0,0.3,99.7
20160121173836,0.0,0.0,0.0,0.0,0.0,0.0,2.0,98.0
20160121173906,0.0,0.0,0.0,0.0,0.0,0.0,0.1,99.9
20160121173936,0.0,0.0,0.0,0.0,0.0,0.0,0.8,99.2
20160121174006,0.0,0.0,0.0,0.0,0.0,0.0,0.1,99.9
20160121174036,0.0,0.0,0.0,0.0,0.0,0.0,0.3,99.7
20160121174106,0.0,0.0,0.0,0.0,0.0,0.0,0.1,99.9
20160121174136,0.0,0.0,0.0,0.0,0.0,0.0,0.8,99.2
20160121174206,0.0,0.0,0.0,0.0,0.0,0.0,0.6,99.4
20160121174236,0.0,0.0,0.0,0.0,0.0,0.0,1.6,98.4
20160121174306,0.0,0.0,0.0,0.0,0.0,0.0,0.2,99.8
20160121174336,0.0,0.0,0.0,0.0,0.0,0.0,0.7,99.3
20160121174406,0.0,0.0,0.0,0.0,0.0,0.0,0.6,99.4
20160121174436,0.0,0.0,0.0,0.0,0.0,0.0,1.8,98.2
20160121174506,0.0,0.0,0.0,0.0,0.0,0.0,1.1,98.9
20160121174536,0.0,0.0,0.0,0.0,0.0,0.0,0.7,99.3
20160121174606,0.0,0.0,0.0,0.0,0.0,0.0,0.7,99.3
20160121174636,0.0,0.0,0.0,0.0,0.0,0.0,0.2,99.8
20160121174706,0.0,0.0,0.0,0.0,0.0,0.0,0.6,99.4
20160121174736,0.0,0.0,0.0,0.0,0.0,0.0,1.5,98.5
20160121174806,0.0,0.0,0.0,0.0,0.0,0.0,0.6,99.4
20160121174836,0.0,0.0,0.0,0.0,0.0,0.0,1.0,99.0
20160121174906,0.0,0.0,0.0,0.0,0.0,0.0,0.7,99.3
20160121174937,0.0,0.0,0.0,0.0,0.0,0.0,0.4,99.6
20160121175007,0.0,0.0,0.0,0.0,0.0,0.0,0.3,99.7
20160121175037,0.0,0.0,0.0,0.0,0.0,0.0,0.7,99.3
20160121175107,0.0,0.0,0.0,0.0,0.0,0.0,2.1,97.9
20160121175137,0.0,0.0,0.0,0.0,0.0,0.0,3.0,97.0
20160121175207,0.0,0.0,0.0,0.0,0.0,0.0,0.7,99.3
20160121175237,0.0,0.0,0.0,0.0,0.0,0.0,5.5,94.5
20160121175307,0.0,0.0,0.0,0.0,0.0,0.0,0.4,99.6
20160121175337,0.0,0.0,0.0,0.0,0.0,0.0,6.2,93.8
20160121175407,0.0,0.0,0.0,0.0,0.0,0.0,7.0,93.0
20160121175437,0.0,0.0,0.0,0.0,0.0,0.0,7.1,92.9
20160121175507,0.0,0.0,0.0,0.0,0.0,0.0,7.0,93.0
20160121175537,0.0,0.0,0.0,0.0,0.0,0.0,9.9,90.1
20160121175607,0.0,0.0,0.0,0.0,0.0,0.0,3.7,96.3
20160121175637,0.0,0.0,0.0,0.0,0.0,0.0,7.9,92.1
20160121175707,0.0,0.0,0.0,0.0,0.0,0.0,3.0,97.0
20160121175737,0.0,0.0,0.0,0.0,0.0,0.0,3.6,96.4
20160121175807,0.0,0.0,0.0,0.0,0.0,0.0,1.1,98.9
20160121175837,0.0,0.0,0.0,0.0,0.0,0.0,1.6,98.4
20160121175907,0.0,0.0,0.0,0.0,0.0,0.0,10.2,89.8
20160121175937,0.0,0.0,0.0,0.0,0.0,0.0,4.2,95.8
20160121180007,0.0,0.0,0.0,0.0,0.0,0.0,2.3,97.7
20160121180037,0.0,0.0,0.0,0.0,0.0,0.0,6.5,93.5
20160121180107,0.0,0.0,0.0,0.0,0.0,0.0,3.9,96.1
20160121180137,0.0,0.0,0.0,0.0,0.0,0.0,1.7,98.3
20160121180207,0.0,0.0,0.0,0.0,0.0,0.0,3.5,96.5
20160121180237,0.0,0.0,0.0,0.0,0.0,0.0,9.7,90.3
20160121180307,0.0,0.0,0.0,0.0,0.0,0.0,6.9,93.1
20160121180337,0.0,0.0,0.0,0.0,0.0,0.0,33.5,66.5
20160121180407,0.0,0.0,0.0,0.0,0.0,0.0,5.8,94.2
20160121180437,0.0,0.0,0.0,0.0,0.0,0.0,6.2,93.8
20160121180507,0.0,0.0,0.0,0.0,0.0,0.0,11.6,88.4
20160121180537,0.0,0.0,0.0,0.0,0.0,0.0,18.0,81.9
20160121180607,0.0,0.0,0.0,0.0,0.0,0.0,49.9,50.1
20160121180637,0.0,0.0,0.0,0.0,0.0,0.0,95.3,4.7
20160121180707,0.0,0.0,0.0,0.0,0.0,0.0,83.9,16.1
20160121180737,0.0,0.0,0.0,0.0,0.0,0.0,87.1,12.9
20160121180807,0.0,0.0,0.0,0.0,0.0,0.0,65.0,34.9
20160121180837,0.0,0.0,0.0,0.0,0.0,0.0,77.3,22.6
20160121180907,0.0,0.0,0.0,0.0,0.0,0.0,85.3,14.7
20160121180937,0.0,0.0,0.0,0.0,0.0,0.0,69.1,30.8
20160121181007,0.0,0.0,0.0,0.0,0.0,0.0,94.1,5.9
20160121181037,0.0,0.0,0.0,0.0,0.0,0.0,83.4,16.6
20160121181107,0.0,0.0,0.0,0.0,0.0,0.0,46.0,54.0
20160121181137,0.0,0.0,0.0,0.0,0.0,0.0,91.3,8.7
20160121181207,0.0,0.0,0.0,0.0,0.0,0.0,85.4,14.5
20160121181237,0.0,0.0,0.0,0.0,0.1,0.0,81.7,18.3
20160121181307,0.0,0.0,0.0,0.0,0.0,0.0,95.3,4.7
20160121181337,0.0,0.0,0.0,0.1,0.0,0.0,83.7,16.3
20160121181407,0.0,0.0,0.0,0.1,0.0,0.0,80.7,19.2
20160121181437,0.0,0.0,0.0,0.0,0.0,0.0,77.8,22.2
20160121181507,0.0,0.0,0.0,0.0,0.0,0.0,86.8,13.2
20160121181537,0.0,0.0,0.0,0.0,0.0,0.0,66.8,33.1
20160121181607,0.0,0.0,0.0,0.0,0.0,0.0,77.5,22.4
20160121181637,0.0,0.0,0.0,0.0,0.0,0.0,65.1,34.9
20160121181707,0.0,0.0,0.0,0.0,0.0,0.0,27.5,72.5
20160121181737,0.0,0.0,0.0,0.0,0.0,0.0,57.8,42.2
20160121181807,0.0,0.0,0.0,0.0,0.0,0.0,27.2,72.8
20160121181837,0.0,0.0,0.0,0.0,0.0,0.0,39.9,60.1
20160121181907,0.0,0.0,0.0,0.0,0.0,0.0,12.2,87.8
20160121181937,0.0,0.0,0.0,0.0,0.0,0.0,7.0,93.0
20160121182007,0.0,0.0,0.0,0.0,0.0,0.0,12.2,87.8
20160121182038,0.0,0.0,0.0,0.0,0.0,0.0,3.0,97.0
20160121182108,0.0,0.0,0.0,0.0,0.0,0.0,6.7,93.3
20160121182138,0.0,0.0,0.0,0.0,0.0,0.0,1.3,98.7
20160121182208,0.0,0.0,0.0,0.0,0.0,0.0,1.6,98.4
20160121182238,0.0,0.0,0.0,0.0,0.0,0.0,0.6,99.4
20160121182308,0.0,0.0,0.0,0.0,0.0,0.0,0.4,99.6
20160121182338,0.0,0.0,0.0,0.0,0.0,0.0,0.4,99.6
20160121182408,0.0,0.0,0.0,0.0,0.0,0.0,0.2,99.8
20160121182438,0.0,0.0,0.0,0.0,0.0,0.0,0.1,99.9
20160121182508,0.0,0.0,0.0,0.0,0.0,0.0,0.1,99.9
20160121182538,0.0,0.0,0.0,0.0,0.0,0.0,0.0,100.0
20160121182608,0.0,0.0,0.0,0.0,0.0,0.0,0.2,99.8
20160121182638,0.0,0.0,0.0,0.0,0.0,0.0,0.1,99.9
20160121182708,0.0,0.0,0.0,0.0,0.0,0.0,0.1,99.9
20160121182738,0.0,0.0,0.0,0.0,0.0,0.0,3.2,96.8
20160121182808,0.0,0.0,0.0,0.0,0.0,0.0,1.3,98.7
20160121182838,0.0,0.0,0.0,0.0,0.0,0.0,2.8,97.2
20160121182908,0.0,0.0,0.0,0.0,0.0,0.0,0.8,99.2
20160121182938,0.0,0.0,0.0,0.0,0.0,0.0,1.0,99.0
20160121183008,0.0,0.0,0.0,0.0,0.0,0.0,0.5,99.5
20160121183038,0.0,0.0,0.0,0.0,0.0,0.0,3.6,96.4
20160121183108,0.0,0.0,0.0,0.0,0.0,0.0,1.2,98.8
20160121183138,0.0,0.0,0.0,0.0,0.0,0.0,18.8,81.2
20160121183208,0.0,0.0,0.0,0.0,0.0,0.0,2.4,97.6
20160121183238,0.0,0.0,0.0,0.0,0.0,0.0,1.1,98.9
20160121183308,0.0,0.0,0.0,0.0,0.0,0.0,11.7,88.3
20160121183338,0.0,0.0,0.0,0.0,0.0,0.0,10.9,89.1
20160121183408,0.0,0.0,0.0,0.0,0.0,0.0,5.0,95.0
20160121183438,0.0,0.0,0.0,0.0,0.0,0.0,15.6,84.4
20160121183508,0.0,0.0,0.0,0.0,0.0,0.0,3.4,96.6
20160121183538,0.0,0.0,0.0,0.0,0.0,0.0,9.7,90.3
20160121183608,0.0,0.0,0.0,0.0,0.0,0.0,10.0,90.0
20160121183638,0.0,0.0,0.0,0.0,0.0,0.0,16.3,83.7
20160121183708,0.0,0.0,0.0,0.0,0.0,0.0,9.9,90.1
20160121183738,0.0,0.0,0.0,0.0,0.0,0.0,9.8,90.1
20160121183808,0.0,0.0,0.0,0.1,0.0,0.0,34.9,65.0
20160121183838,0.0,0.0,0.0,0.0,0.0,0.0,81.6,18.4
20160121183908,0.0,0.0,0.0,0.0,0.0,0.0,78.8,21.1
20160121183938,0.0,0.0,0.0,0.0,0.0,0.0,49.9,50.1
20160121184008,0.0,0.0,0.0,0.0,0.0,0.0,40.9,59.0
20160121184038,0.0,0.0,0.0,0.0,0.0,0.0,72.8,27.2
20160121184108,0.0,0.0,0.0,0.0,0.0,0.0,32.5,67.4
20160121184138,0.0,0.0,0.0,0.0,0.0,0.0,61.8,38.2
20160121184208,0.0,0.0,0.0,0.0,0.0,0.0,55.2,44.7
20160121184238,0.0,0.0,0.0,0.0,0.0,0.0,59.5,40.4
20160121184308,0.0,0.0,0.0,0.0,0.0,0.0,86.7,13.2
20160121184338,0.0,0.0,0.0,0.0,0.0,0.0,81.7,18.3
20160121184408,0.0,0.0,0.0,0.0,0.0,0.0,87.7,12.3
20160121184438,0.0,0.0,0.0,0.0,0.0,0.0,85.3,14.7
20160121184508,0.0,0.0,0.0,0.0,0.0,0.0,66.0,34.0
20160121184538,0.0,0.0,0.0,0.0,0.0,0.0,43.9,56.1
20160121184608,0.0,0.0,0.0,0.0,0.0,0.0,36.5,63.5
20160121184638,0.0,0.0,0.0,0.0,0.0,0.0,58.6,41.4
20160121184708,0.0,0.0,0.0,0.0,0.0,0.0,92.4,7.6
20160121184738,0.0,0.0,0.0,0.0,0.0,0.0,78.0,22.0
20160121184808,0.0,0.0,0.0,0.0,0.0,0.0,87.4,12.5
20160121184838,0.0,0.0,0.0,0.0,0.0,0.0,78.3,21.7
20160121184908,0.0,0.0,0.0,0.0,0.0,0.0,62.9,37.1
20160121184938,0.0,0.0,0.0,0.0,0.0,0.0,34.6,65.3
20160121185008,0.0,0.0,0.0,0.0,0.0,0.0,23.8,76.2
20160121185038,0.0,0.0,0.0,0.0,0.0,0.0,13.6,86.4
20160121185108,0.0,0.0,0.0,0.0,0.0,0.0,14.8,85.2
20160121185138,0.0,0.0,0.0,0.0,0.0,0.0,1.4,98.6
20160121185208,0.0,0.0,0.0,0.0,0.0,0.0,6.4,93.6
20160121185238,0.0,0.0,0.0,0.0,0.0,0.0,1.0,99.0
20160121185308,0.0,0.0,0.0,0.0,0.0,0.0,1.9,98.1
20160121185338,0.0,0.0,0.0,0.0,0.0,0.0,0.7,99.3
20160121185408,0.0,0.0,0.0,0.0,0.0,0.0,1.8,98.2
20160121185439,0.0,0.0,0.0,0.0,0.0,0.0,0.2,99.8
20160121185509,0.0,0.0,0.0,0.0,0.0,0.0,0.2,99.8
20160121185539,0.0,0.0,0.0,0.0,0.0,0.0,0.2,99.8
20160121185609,0.0,0.0,0.0,0.0,0.0,0.0,0.1,99.9
20160121185639,0.0,0.0,0.0,0.0,0.0,0.0,0.5,99.5
20160121185709,0.0,0.0,0.0,0.0,0.0,0.0,0.2,99.8
20160121185739,0.0,0.0,0.0,0.0,0.0,0.0,0.1,99.9
20160121185809,0.0,0.0,0.0,0.0,0.0,0.0,0.3,99.7
20160121185839,0.0,0.0,0.0,0.0,0.0,0.0,0.0,100.0
20160121185909,0.0,0.0,0.0,0.0,0.0,0.0,0.1,99.9
20160121185939,0.0,0.0,0.0,0.0,0.0,0.0,0.3,99.7
20160121190009,0.0,0.0,0.0,0.0,0.0,0.0,0.2,99.8
20160121190039,0.0,0.0,0.0,0.0,0.0,0.0,0.0,100.0
20160121190109,0.0,0.0,0.0,0.0,0.0,0.0,0.1,99.9
20160121190139,0.0,0.0,0.0,0.0,0.0,0.0,2.3,97.7
20160121190209,0.0,0.0,0.0,0.0,0.0,0.0,0.1,99.9
20160121190239,0.0,0.0,0.0,0.0,0.0,0.0,0.2,99.8
20160121190309,0.0,0.0,0.0,0.0,0.0,0.0,1.5,98.5
20160121190339,0.0,0.0,0.0,0.0,0.0,0.0,1.8,98.2
20160121190409,0.0,0.0,0.0,0.0,0.0,0.0,0.8,99.2
20160121190439,0.0,0.0,0.0,0.0,0.0,0.0,0.1,99.9
20160121190509,0.0,0.0,0.0,0.0,0.0,0.0,0.2,99.8
20160121190539,0.0,0.0,0.0,0.0,0.0,0.0,0.9,99.1
20160121190609,0.0,0.0,0.0,0.0,0.0,0.0,0.4,99.6
20160121190639,0.0,0.0,0.0,0.0,0.0,0.0,0.2,99.8
20160121190709,0.0,0.0,0.0,0.0,0.0,0.0,2.0,98.0
20160121190739,0.0,0.0,0.0,0.0,0.0,0.0,4.7,95.3
20160121190809,0.0,0.0,0.0,0.0,0.0,0.0,3.0,97.0
20160121190839,0.0,0.0,0.0,0.0,0.0,0.0,2.6,97.4
20160121190909,0.0,0.0,0.0,0.0,0.0,0.0,2.0,98.0
20160121190939,0.0,0.0,0.0,0.0,0.0,0.0,0.6,99.4
20160121191009,0.0,0.0,0.0,0.0,0.0,0.0,2.3,97.7
20160121191039,0.0,0.0,0.0,0.0,0.0,0.0,1.0,99.0
20160121191109,0.0,0.0,0.0,0.0,0.0,0.0,0.2,99.8
20160121191139,0.0,0.0,0.0,0.0,0.0,0.0,0.7,99.3
20160121191209,0.0,0.0,0.0,0.0,0.0,0.0,0.6,99.4
20160121191239,0.0,0.0,0.0,0.0,0.0,0.0,1.9,98.1
20160121191309,0.0,0.0,0.0,0.0,0.0,0.0,1.1,98.9
20160121191339,0.0,0.0,0.0,0.0,0.0,0.0,4.5,95.5
20160121191409,0.0,0.0,0.0,0.0,0.0,0.0,5.4,94.6
20160121191439,0.0,0.0,0.0,0.0,0.0,0.0,10.0,90.0
20160121191509,0.0,0.0,0.0,0.0,0.0,0.0,45.8,54.2
20160121191539,0.0,0.0,0.0,0.0,0.0,0.0,25.4,74.5
20160121191609,0.0,0.0,0.0,0.0,0.0,0.0,29.1,70.8
20160121191639,0.0,0.0,0.0,0.0,0.0,0.0,39.7,60.3
20160121191709,0.0,0.0,0.0,0.0,0.0,0.0,49.9,50.0
20160121191739,0.0,0.0,0.0,0.0,0.0,0.0,84.6,15.4
20160121191809,0.0,0.0,0.0,0.0,0.0,0.0,61.3,38.7
20160121191839,0.0,0.0,0.0,0.0,0.0,0.0,69.5,30.4
20160121191909,0.0,0.0,0.0,0.0,0.0,0.0,85.2,14.7
20160121191939,0.0,0.0,0.0,0.0,0.0,0.0,68.2,31.8
20160121192009,0.0,0.0,0.0,0.1,0.0,0.0,48.2,51.7
20160121192039,0.0,0.0,0.0,0.0,0.0,0.0,66.3,33.6
20160121192109,0.0,0.0,0.0,0.2,0.0,0.0,64.3,35.4
20160121192139,0.0,0.0,0.0,0.0,0.0,0.0,94.4,5.6
20160121192209,0.0,0.0,0.0,0.0,0.0,0.0,81.7,18.2
20160121192239,0.0,0.0,0.0,0.0,0.0,0.0,82.1,17.9
20160121192309,0.0,0.0,0.0,0.0,0.0,0.0,94.1,5.9
20160121192339,0.0,0.0,0.0,0.0,0.0,0.0,60.3,39.7
20160121192409,0.0,0.0,0.0,0.0,0.0,0.0,91.6,8.4
20160121192439,0.0,0.0,0.0,0.0,0.0,0.0,85.2,14.8
20160121192509,0.0,0.0,0.0,0.0,0.0,0.0,96.2,3.8
20160121192540,0.0,0.0,0.0,0.0,0.0,0.0,89.1,10.9
20160121192610,0.0,0.0,0.0,0.0,0.0,0.0,72.9,27.1
20160121192640,0.0,0.0,0.0,0.1,0.0,0.0,31.9,68.0
20160121192710,0.0,0.0,0.0,0.0,0.0,0.0,15.8,84.2
20160121192740,0.0,0.0,0.0,0.0,0.0,0.0,5.3,94.7
20160121192810,0.0,0.0,0.0,0.0,0.0,0.0,2.6,97.4
20160121192840,0.0,0.0,0.0,0.0,0.0,0.0,1.7,98.3
20160121192910,0.0,0.0,0.0,0.0,0.0,0.0,3.0,97.0
20160121192940,0.0,0.0,0.0,0.0,0.0,0.0,0.2,99.8
20160121193010,0.0,0.0,0.0,0.0,0.0,0.0,0.9,99.1
20160121193040,0.0,0.0,0.0,0.0,0.0,0.0,0.7,99.3
20160121193110,0.0,0.0,0.0,0.0,0.0,0.0,0.2,99.8
20160121193140,0.0,0.0,0.0,0.0,0.0,0.0,0.9,99.1
20160121193210,0.0,0.0,0.0,0.0,0.0,0.0,0.6,99.4
20160121193240,0.0,0.0,0.0,0.0,0.0,0.0,0.5,99.5
20160121193310,0.0,0.0,0.0,0.0,0.0,0.0,1.9,98.1
20160121193340,0.0,0.0,0.0,0.0,0.0,0.0,0.4,99.6
20160121193410,0.0,0.0,0.0,0.0,0.0,0.0,0.7,99.3
20160121193440,0.0,0.0,0.0,0.0,0.0,0.0,0.9,99.1
20160121193510,0.0,0.0,0.0,0.0,0.0,0.0,1.6,98.4
20160121193540,0.0,0.0,0.0,0.0,0.0,0.0,0.9,99.1
20160121193610,0.0,0.0,0.0,0.0,0.0,0.0,0.3,99.7
20160121193640,0.0,0.0,0.0,0.0,0.0,0.0,9.5,90.5
20160121193710,0.0,0.0,0.0,0.0,0.0,0.0,10.2,89.8
20160121193740,0.0,0.0,0.0,0.0,0.0,0.0,26.0,74.0
20160121193810,0.0,0.0,0.0,0.1,0.0,0.0,50.6,49.3
20160121193840,0.0,0.0,0.0,0.1,0.0,0.0,61.3,38.6
20160121193910,0.0,0.0,0.0,0.1,0.0,0.0,73.9,26.0
20160121193940,0.0,0.0,0.0,0.0,0.0,0.0,94.4,5.6
20160121194010,0.0,0.0,0.0,0.0,0.0,0.0,85.0,15.0
20160121194040,0.0,0.0,0.0,0.0,0.0,0.0,90.4,9.5
20160121194110,0.0,0.0,0.0,0.0,0.0,0.0,91.1,8.8
20160121194140,0.0,0.0,0.0,0.0,0.0,0.0,27.0,72.9
20160121194210,0.0,0.0,0.0,0.0,0.0,0.0,67.3,32.7
20160121194240,0.0,0.0,0.0,0.0,0.0,0.0,20.7,79.3
20160121194310,0.0,0.0,0.0,0.0,0.0,0.0,25.0,75.0
20160121194340,0.0,0.0,0.0,0.0,0.0,0.0,4.0,96.0
20160121194410,0.0,0.0,0.0,0.0,0.0,0.0,5.5,94.5
20160121194440,0.0,0.0,0.0,0.0,0.0,0.0,7.4,92.6
20160121194510,0.0,0.0,0.0,0.0,0.0,0.0,12.4,87.6
20160121194540,0.0,0.0,0.0,0.0,0.0,0.0,9.4,90.6
20160121194610,0.0,0.0,0.0,0.0,0.0,0.0,1.0,99.0
20160121194640,0.0,0.0,0.0,0.0,0.0,0.0,1.1,98.9
20160121194710,0.0,0.0,0.0,0.0,0.0,0.0,0.2,99.8
20160121194740,0.0,0.0,0.0,0.0,0.0,0.0,0.6,99.4
20160121194810,0.0,0.0,0.0,0.0,0.0,0.0,0.1,99.9
20160121194840,0.0,0.0,0.0,0.0,0.0,0.0,0.0,100.0
20160121194910,0.0,0.0,0.0,0.0,0.0,0.0,0.3,99.7
20160121194940,0.0,0.0,0.0,0.0,0.0,0.0,0.6,99.4
20160121195010,0.0,0.0,0.0,0.0,0.0,0.0,0.1,99.9
20160121195040,0.0,0.0,0.0,0.0,0.0,0.0,0.4,99.6
20160121195110,0.0,0.0,0.0,0.0,0.0,0.0,2.1,97.9
20160121195140,0.0,0.0,0.0,0.0,0.0,0.0,7.5,92.5
20160121195210,0.0,0.0,0.0,0.0,0.0,0.0,1.0,99.0
20160121195240,0.0,0.0,0.0,0.0,0.0,0.0,3.1,96.9
20160121195310,0.0,0.0,0.0,0.0,0.0,0.0,9.6,90.4
20160121195340,0.0,0.0,0.0,0.0,0.0,0.0,10.6,89.4
20160121195410,0.0,0.0,0.0,0.0,0.0,0.0,51.1,48.9
20160121195440,0.0,0.0,0.0,0.0,0.0,0.0,8.2,91.8
20160121195510,0.0,0.0,0.0,0.0,0.0,0.0,1.5,98.5
20160121195540,0.0,0.0,0.0,0.0,0.0,0.0,7.1,92.9
20160121195610,0.0,0.0,0.0,0.0,0.0,0.0,2.9,97.1
20160121195641,0.0,0.0,0.0,0.0,0.0,0.0,2.0,98.0
20160121195711,0.0,0.0,0.0,0.0,0.0,0.0,0.2,99.8
20160121195741,0.0,0.0,0.0,0.0,0.0,0.0,0.5,99.5
20160121195811,0.0,0.0,0.0,0.0,0.0,0.0,1.6,98.4
20160121195841,0.0,0.0,0.0,0.0,0.0,0.0,0.3,99.7
20160121195911,0.0,0.0,0.0,0.0,0.0,0.0,0.1,99.9
20160121195941,0.0,0.0,0.0,0.0,0.0,0.0,0.2,99.8
20160121200011,0.0,0.0,0.0,0.0,0.0,0.0,0.1,99.9
20160121200041,0.0,0.0,0.0,0.0,0.0,0.0,0.0,100.0
20160121200111,0.0,0.0,0.0,0.0,0.0,0.0,0.0,100.0
20160121200141,0.0,0.0,0.0,0.0,0.0,0.0,0.4,99.6
20160121200211,0.0,0.0,0.0,0.0,0.0,0.0,0.4,99.6
20160121200241,0.0,0.0,0.0,0.0,0.0,0.0,0.6,99.3
20160121200311,0.0,0.0,0.0,0.0,0.0,0.0,0.5,99.5
20160121200341,0.0,0.0,0.0,0.0,0.0,0.0,0.5,99.5
20160121200411,0.0,0.0,0.0,0.0,0.0,0.0,0.2,99.8
20160121200441,0.0,0.0,0.0,0.0,0.0,0.0,0.3,99.7
20160121200511,0.0,0.0,0.0,0.0,0.0,0.0,11.9,88.1
20160121200541,0.0,0.0,0.0,0.0,0.0,0.0,37.8,62.2
20160121200611,0.0,0.0,0.0,0.0,0.0,0.0,11.1,88.9
20160121200641,0.0,0.0,0.0,0.0,0.0,0.0,64.6,35.4
20160121200711,0.0,0.0,0.0,0.0,0.0,0.0,53.9,46.1
20160121200741,0.0,0.0,0.0,0.4,0.0,0.0,24.2,75.3
20160121200811,0.0,0.0,0.0,0.0,0.0,0.0,77.7,22.2
20160121200841,0.0,0.0,0.0,0.0,0.0,0.0,45.4,54.6
20160121200911,0.0,0.0,0.0,0.0,0.0,0.0,33.7,66.3
20160121200941,0.0,0.0,0.0,0.0,0.0,0.0,17.2,82.8
20160121201011,0.0,0.0,0.0,0.0,0.0,0.0,11.4,88.6
20160121201041,0.0,0.0,0.0,0.0,0.0,0.0,3.2,96.8
20160121201111,0.0,0.0,0.0,0.0,0.0,0.0,9.0,91.0
20160121201141,0.0,0.0,0.0,0.0,0.0,0.0,0.4,99.6
20160121201211,0.0,0.0,0.0,0.0,0.0,0.0,0.9,99.1
20160121201241,0.0,0.0,0.0,0.0,0.0,0.0,0.8,99.2
20160121201311,0.0,0.0,0.0,0.0,0.0,0.0,0.1,99.9
20160121201341,0.0,0.0,0.0,0.0,0.0,0.0,0.1,99.9
20160121201411,0.0,0.0,0.0,0.0,0.0,0.0,0.0,100.0
20160121201441,0.0,0.0,0.0,0.0,0.0,0.0,0.1,99.9
20160121201511,0.0,0.0,0.0,0.0,0.0,0.0,0.0,100.0
20160121201541,0.0,0.0,0.0,0.0,0.0,0.0,0.0,100.0
20160121201611,0.0,0.0,0.0,0.0,0.0,0.0,0.1,99.9
20160121201641,0.0,0.0,0.0,0.0,0.0,0.0,0.0,100.0
20160121201711,0.0,0.0,0.0,0.0,0.0,0.0,0.0,100.0
20160121201741,0.0,0.0,0.0,0.0,0.0,0.0,0.0,100.0
20160121201811,0.0,0.0,0.0,0.0,0.0,0.0,0.1,99.9
20160121201841,0.0,0.0,0.0,0.0,0.0,0.0,1.9,98.1
20160121201911,0.0,0.0,0.0,0.0,0.0,0.0,0.2,99.8
20160121201941,0.0,0.0,0.0,0.0,0.0,0.0,0.4,99.6
20160121202011,0.0,0.0,0.0,0.0,0.0,0.0,0.1,99.9
20160121202041,0.0,0.0,0.0,0.0,0.0,0.0,0.2,99.8
20160121202111,0.0,0.0,0.0,0.0,0.0,0.0,0.0,100.0
20160121202141,0.0,0.0,0.0,0.0,0.0,0.0,0.3,99.7
20160121202211,0.0,0.0,0.0,0.0,0.0,0.0,0.4,99.6
20160121202241,0.0,0.0,0.0,0.0,0.0,0.0,0.0,100.0
20160121202311,0.0,0.0,0.0,0.0,0.0,0.0,0.5,99.5
20160121202341,0.0,0.0,0.0,0.0,0.0,0.0,0.1,99.9
20160121202411,0.0,0.0,0.0,0.0,0.0,0.0,0.0,100.0
20160121202441,0.0,0.0,0.0,0.0,0.0,0.0,0.1,99.9
20160121202511,0.0,0.0,0.0,0.0,0.0,0.0,0.1,99.9
20160121202541,0.0,0.0,0.0,0.0,0.0,0.0,0.4,99.6
20160121202611,0.0,0.0,0.0,0.0,0.0,0.0,0.1,99.9
20160121202641,0.0,0.0,0.0,0.0,0.0,0.0,0.2,99.8
20160121202711,0.0,0.0,0.0,0.0,0.0,0.0,0.0,100.0
20160121202741,0.0,0.0,0.0,0.0,0.0,0.0,0.1,99.9
20160121202811,0.0,0.0,0.0,0.0,0.0,0.0,1.4,98.6
20160121202841,0.0,0.0,0.0,0.0,0.0,0.0,27.3,72.7
20160121202911,0.0,0.0,0.0,0.0,0.0,0.0,12.8,87.2
20160121202941,0.0,0.0,0.0,0.0,0.2,0.0,54.7,45.1
20160121203011,0.0,0.0,0.0,0.0,0.0,0.0,86.3,13.7
20160121203042,0.0,0.0,0.0,0.0,0.0,0.0,5.5,94.5
20160121203112,0.0,0.0,0.0,0.2,0.0,0.0,0.7,99.1
20160121203142,0.0,0.0,0.0,0.2,0.0,0.0,62.7,37.0
20160121203212,0.0,0.0,0.0,0.2,0.1,0.0,1.7,98.0
20160121203242,0.0,0.0,0.0,0.3,0.0,0.0,36.0,63.7
20160121203312,0.0,0.0,0.0,0.1,0.0,0.0,27.4,72.5
20160121203342,0.0,0.0,0.0,0.0,0.0,0.0,13.3,86.7
20160121203412,0.0,0.0,0.0,0.0,0.0,0.0,0.9,99.1
20160121203442,0.0,0.0,0.0,0.0,0.0,0.0,0.6,99.4
20160121203512,0.0,0.0,0.0,0.0,0.0,0.0,1.7,98.3
20160121203542,0.0,0.0,0.0,0.0,0.0,0.0,0.8,99.2
20160121203612,0.0,0.0,0.0,0.0,0.0,0.0,0.4,99.6
20160121203642,0.0,0.0,0.0,0.0,0.0,0.0,2.0,98.0
20160121203712,0.0,0.0,0.0,0.0,0.0,0.0,1.9,98.1
20160121203742,0.0,0.0,0.0,0.0,0.0,0.0,7.9,92.1
20160121203812,0.0,0.0,0.0,0.0,0.0,0.0,77.7,22.3
20160121203842,0.0,0.0,0.0,0.0,0.0,0.0,54.5,45.5
20160121203912,0.0,0.0,0.0,0.0,0.0,0.0,67.1,32.8
20160121203942,0.0,0.0,0.0,0.0,0.0,0.0,23.8,76.1
20160121204012,0.0,0.0,0.0,0.0,0.0,0.0,11.6,88.4
20160121204042,0.0,0.0,0.0,0.0,0.0,0.0,6.0,94.0
20160121204112,0.0,0.0,0.0,0.0,0.0,0.0,3.9,96.1
20160121204142,0.0,0.0,0.0,0.0,0.0,0.0,0.6,99.4
20160121204212,0.0,0.0,0.0,0.0,0.0,0.0,0.4,99.6
20160121204242,0.0,0.0,0.0,0.0,0.0,0.0,0.2,99.8
20160121204312,0.0,0.0,0.0,0.0,0.0,0.0,0.5,99.5
20160121204342,0.0,0.0,0.0,0.0,0.0,0.0,0.7,99.3
20160121204412,0.0,0.0,0.0,0.0,0.0,0.0,1.1,98.9
20160121204442,0.0,0.0,0.0,0.0,0.0,0.0,0.1,99.9
20160121204512,0.0,0.0,0.0,0.0,0.0,0.0,0.9,99.1
20160121204542,0.0,0.0,0.0,0.0,0.0,0.0,3.2,96.8
20160121204612,0.0,0.0,0.0,0.0,0.0,0.0,10.1,89.9
20160121204642,0.0,0.0,0.0,0.0,0.0,0.0,23.7,76.3
20160121204712,0.0,0.0,0.0,0.0,0.0,0.0,16.8,83.2
20160121204742,0.0,0.0,0.0,0.0,0.0,0.0,30.4,69.6
20160121204812,0.0,0.0,0.0,0.0,0.0,0.0,41.2,58.7
20160121204842,0.0,0.0,0.0,0.1,0.0,0.0,71.5,28.4
20160121204912,0.0,0.0,0.0,0.0,0.0,0.0,93.0,7.0
20160121204942,0.0,0.0,0.0,0.0,0.0,0.0,94.7,5.3
20160121205012,0.0,0.0,0.0,0.0,0.0,0.0,94.2,5.7
20160121205042,0.0,0.0,0.0,0.0,0.0,0.0,99.3,0.7
20160121205112,0.0,0.0,0.0,0.1,0.0,0.0,90.9,9.0
20160121205142,0.0,0.0,0.0,0.0,0.0,0.0,97.5,2.5
20160121205212,0.0,0.0,0.0,0.0,0.0,0.0,76.8,23.2
20160121205242,0.0,0.0,0.0,0.0,0.0,0.0,94.2,5.8
20160121205312,0.0,0.0,0.0,0.0,0.0,0.0,83.5,16.4
20160121205342,0.0,0.0,0.0,0.0,0.0,0.0,70.0,29.9
20160121205412,0.0,0.0,0.0,0.0,0.0,0.0,79.6,20.4
20160121205442,0.0,0.0,0.0,0.0,0.0,0.0,98.0,2.0
20160121205512,0.0,0.0,0.0,0.0,0.0,0.0,95.7,4.3
20160121205542,0.0,0.0,0.0,0.0,0.0,0.0,94.4,5.6
20160121205612,0.0,0.0,0.0,0.1,0.1,0.0,69.5,30.4
20160121205642,0.0,0.0,0.0,0.0,0.0,0.0,65.4,34.6
20160121205712,0.0,0.0,0.0,0.0,0.0,0.0,79.1,20.9
20160121205742,0.0,0.0,0.0,0.0,0.0,0.0,46.6,53.4
20160121205812,0.0,0.0,0.0,0.0,0.0,0.0,95.4,4.6
20160121205842,0.0,0.0,0.0,0.0,0.0,0.0,64.3,35.7
20160121205912,0.0,0.0,0.0,0.0,0.0,0.0,75.1,24.8
20160121205942,0.0,0.0,0.0,0.0,0.1,0.0,82.9,17.0
20160121210012,0.0,0.0,0.0,0.1,0.0,0.0,92.7,7.2
20160121210042,0.0,0.0,0.0,0.0,0.0,0.0,84.5,15.5
20160121210112,0.0,0.0,0.0,0.0,0.0,0.0,79.6,20.4
20160121210142,0.0,0.0,0.0,0.0,0.0,0.0,78.5,21.5
20160121210212,0.0,0.0,0.0,0.0,0.0,0.0,11.6,88.4
20160121210242,0.0,0.0,0.0,0.0,0.0,0.0,1.1,98.9
20160121210312,0.0,0.0,0.0,0.0,0.0,0.0,0.5,99.5
20160121210342,0.0,0.0,0.0,0.0,0.0,0.0,1.4,98.6
20160121210412,0.0,0.0,0.0,0.0,0.0,0.0,0.1,99.9
20160121210442,0.0,0.0,0.0,0.0,0.0,0.0,0.6,99.4
20160121210513,0.0,0.0,0.0,0.0,0.0,0.0,3.7,96.3
