UT,arc,discrete,diffuse,ac,ab,clear,cloudy,dd
20160221160100,0.0,0.0,0.0,0.0,0.0,0.0,0.0,100.0
20160221160130,0.0,0.0,0.0,0.0,0.0,0.0,0.0,100.0
20160221160200,0.0,0.0,0.0,0.0,0.0,0.0,0.0,100.0
20160221160230,0.0,0.0,0.0,0.0,0.0,0.0,0.0,100.0
20160221160300,0.0,0.0,0.0,0.0,0.0,0.0,0.0,100.0
20160221160330,0.0,0.0,0.0,0.0,0.0,0.0,0.0,100.0
20160221160400,0.0,0.0,0.0,0.0,0.0,0.0,0.0,100.0
20160221160430,0.0,0.0,0.0,0.0,0.0,0.0,0.0,100.0
20160221160500,0.0,0.0,0.0,0.0,0.0,0.0,0.0,100.0
20160221160530,0.0,0.0,0.0,0.0,0.0,0.0,0.0,100.0
20160221160600,0.0,0.0,0.0,0.0,0.0,0.0,0.0,100.0
20160221160630,0.0,0.0,0.0,0.0,0.0,0.0,0.0,100.0
20160221160700,0.0,0.0,0.0,0.0,0.0,0.0,0.0,100.0
20160221160730,0.0,0.0,0.0,0.0,0.0,0.0,0.0,100.0
20160221160800,0.0,0.0,0.0,0.0,0.0,0.0,0.0,100.0
20160221160830,0.0,0.0,0.0,0.0,0.0,0.0,0.0,100.0
20160221160900,0.0,0.0,0.0,0.0,0.0,0.0,0.0,100.0
20160221160930,0.0,0.0,0.0,0.0,0.0,0.0,0.0,100.0
20160221161000,0.0,0.0,0.0,0.0,0.0,0.0,0.0,100.0
20160221161030,0.0,0.0,0.0,0.0,0.0,0.0,0.0,100.0
20160221161100,0.0,0.0,0.0,0.0,0.0,0.0,0.0,100.0
20160221161130,0.0,0.0,0.0,0.0,0.0,0.0,0.0,100.0
20160221161200,0.0,0.0,0.0,0.0,0.0,0.0,0.0,100.0
20160221161230,0.0,0.0,0.0,0.0,0.0,0.0,0.0,100.0
20160221161300,0.0,0.0,0.0,0.0,0.0,0.0,0.0,100.0
20160221161330,0.0,0.0,0.0,0.0,0.0,0.0,0.0,100.0
20160221161400,0.0,0.0,0.0,0.0,0.0,0.0,0.0,100.0
20160221161430,0.0,0.0,0.0,0.0,0.0,0.0,0.0,100.0
20160221161500,0.0,0.0,0.0,0.0,0.0,0.0,0.0,100.0
20160221161530,0.0,0.0,0.0,0.0,0.0,0.0,0.0,100.0
20160221161600,0.0,0.0,0.0,0.0,0.0,0.0,0.0,100.0
20160221161630,0.0,0.0,0.0,0.0,0.0,0.0,0.0,100.0
20160221161700,0.0,0.0,0.0,0.0,0.0,0.0,0.0,100.0
20160221161730,0.0,0.0,0.0,0.0,0.0,0.0,0.0,100.0
20160221161800,0.0,0.0,0.0,0.0,0.0,0.0,0.0,100.0
20160221161830,0.0,0.0,0.0,0.0,0.0,0.0,0.0,100.0
20160221161900,0.0,0.0,0.0,0.0,0.0,0.0,0.0,100.0
20160221161930,0.0,0.0,0.0,0.0,0.0,0.0,0.0,100.0
20160221162000,0.0,0.0,0.0,0.0,0.0,0.0,0.0,100.0
20160221162030,0.0,0.0,0.0,0.0,0.0,0.0,0.0,100.0
20160221162100,0.0,0.0,0.0,0.0,0.0,0.0,0.0,100.0
20160221162130,0.0,0.0,0.0,0.0,0.0,0.0,0.0,100.0
20160221162200,0.0,0.0,0.0,0.0,0.0,0.0,0.0,100.0
20160221162230,0.0,0.0,0.0,0.0,0.0,0.0,0.0,100.0
20160221162300,0.0,0.0,0.0,0.0,0.0,0.0,0.0,100.0
20160221162330,0.0,0.0,0.0,0.0,0.0,0.0,0.0,100.0
20160221162400,0.0,0.0,0.0,0.0,0.0,0.0,0.0,100.0
20160221162430,0.0,0.0,0.0,0.0,0.0,0.0,0.0,100.0
20160221162500,0.0,0.0,0.0,0.0,0.0,0.0,0.0,100.0
20160221162530,0.0,0.0,0.0,0.0,0.0,0.0,0.0,100.0
20160221162601,0.0,0.0,0.0,0.0,0.0,0.0,0.0,100.0
20160221162631,0.0,0.0,0.0,0.0,0.0,0.0,0.0,100.0
20160221162701,0.0,0.0,0.0,0.0,0.0,0.0,0.0,100.0
20160221162731,0.0,0.0,0.0,0.0,0.0,0.0,0.0,100.0
20160221162801,0.0,0.0,0.0,0.0,0.0,0.0,0.0,100.0
20160221162831,0.0,0.0,0.0,0.0,0.0,0.0,0.0,100.0
20160221162901,0.0,0.0,0.0,0.0,0.0,0.0,0.0,100.0
20160221162931,0.0,0.0,0.0,0.0,0.0,0.0,0.0,100.0
20160221163001,0.0,0.0,0.0,0.0,0.0,0.0,0.0,100.0
20160221163031,0.0,0.0,0.0,0.0,0.0,0.0,0.0,100.0
20160221163101,0.0,0.0,0.0,0.0,0.0,0.0,0.0,100.0
20160221163131,0.0,0.0,0.0,0.0,0.0,0.0,0.0,100.0
20160221163201,0.0,0.0,0.0,0.0,0.0,0.0,0.0,100.0
20160221163231,0.0,0.0,0.0,0.0,0.0,0.0,0.0,100.0
20160221163301,0.0,0.0,0.0,0.0,0.0,0.0,0.0,100.0
20160221163331,0.0,0.0,0.0,0.0,0.0,0.0,0.0,100.0
20160221163401,0.0,0.0,0.0,0.0,0.0,0.0,0.0,100.0
20160221163431,0.0,0.0,0.0,0.0,0.0,0.0,0.0,100.0
20160221163501,0.0,0.0,0.0,0.0,0.0,0.0,0.0,100.0
20160221163531,0.0,0.0,0.0,0.0,0.0,0.0,0.0,100.0
20160221163601,0.0,0.0,0.0,0.0,0.0,0.0,0.0,100.0
20160221163631,0.0,0.0,0.0,0.0,0.0,0.0,0.0,100.0
20160221163701,0.0,0.0,0.0,0.0,0.0,0.0,0.0,100.0
20160221163731,0.0,0.0,0.0,0.0,0.0,0.0,0.0,100.0
20160221163801,0.0,0.0,0.0,0.0,0.0,0.0,0.0,100.0
20160221163831,0.0,0.0,0.0,0.0,0.0,0.0,0.0,100.0
20160221163901,0.0,0.0,0.0,0.0,0.0,0.0,0.0,100.0
20160221163931,0.0,0.0,0.0,0.0,0.0,0.0,0.0,100.0
20160221164001,0.0,0.0,0.0,0.0,0.0,0.0,0.0,100.0
20160221164031,0.0,0.0,0.0,0.0,0.0,0.0,0.0,100.0
20160221164101,0.0,0.0,0.0,0.0,0.0,0.0,0.0,100.0
20160221164131,0.0,0.0,0.0,0.0,0.0,0.0,0.0,100.0
20160221164201,0.0,0.0,0.0,0.0,0.0,0.0,0.0,100.0
20160221164231,0.0,0.0,0.0,0.0,0.0,0.0,0.0,100.0
20160221164301,0.0,0.0,0.0,0.0,0.0,0.0,0.0,100.0
20160221164331,0.0,0.0,0.0,0.0,0.0,0.0,0.0,100.0
20160221164401,0.0,0.0,0.0,0.0,0.0,0.0,0.0,100.0
20160221164431,0.0,0.0,0.0,0.0,0.0,0.0,0.0,100.0
20160221164501,0.0,0.0,0.0,0.0,0.0,0.0,0.0,100.0
20160221164531,0.0,0.0,0.0,0.0,0.0,0.0,0.0,100.0
20160221164601,0.0,0.0,0.0,0.0,0.0,0.0,0.0,100.0
20160221164631,0.0,0.0,0.0,0.0,0.0,0.0,0.0,100.0
20160221164701,0.0,0.0,0.0,0.0,0.0,0.0,0.0,100.0
20160221164731,0.0,0.0,0.0,0.0,0.0,0.0,0.0,100.0
20160221164801,0.0,0.0,0.0,0.0,0.0,0.0,0.0,100.0
20160221164831,0.0,0.0,0.0,0.0,0.0,0.0,0.0,100.0
20160221164901,0.0,0.0,0.0,0.0,0.0,0.0,0.0,100.0
20160221164931,0.0,0.0,0.0,0.0,0.0,0.0,0.0,100.0
20160221165001,0.0,0.0,0.0,0.0,0.0,0.0,0.0,100.0
20160221165031,0.0,0.0,0.0,0.0,0.0,0.0,0.0,100.0
20160221165101,0.0,0.0,0.0,0.0,0.0,0.0,0.0,100.0
20160221165131,0.0,0.0,0.0,0.0,0.0,0.0,0.0,100.0
20160221165201,0.0,0.0,0.0,0.0,0.0,0.0,0.0,100.0
20160221165231,0.0,0.0,0.0,0.0,0.0,0.0,0.0,99.9
20160221165301,0.0,0.0,0.0,0.0,0.0,0.0,0.0,100.0
20160221165331,0.0,0.0,0.0,0.0,0.0,0.0,0.2,99.8
20160221165401,0.0,0.0,0.0,0.0,0.0,0.0,0.1,99.9
20160221165431,0.0,0.0,0.0,0.0,0.0,0.0,0.1,99.9
20160221165501,0.0,0.0,0.0,0.0,0.0,0.0,0.1,99.9
20160221165531,0.0,0.0,0.0,0.0,0.0,0.0,0.6,99.4
20160221165601,0.0,0.0,0.0,0.0,0.0,0.0,0.1,99.9
20160221165631,0.0,0.0,0.0,0.0,0.0,0.0,0.1,99.9
20160221165701,0.0,0.0,0.0,0.0,0.0,0.0,1.0,99.0
20160221165731,0.0,0.0,0.0,0.0,0.0,0.0,2.4,97.6
20160221165801,0.0,0.0,0.0,0.0,0.0,0.0,0.5,99.5
20160221165831,0.0,0.0,0.0,0.0,0.0,0.0,2.6,97.4
20160221165901,0.0,0.0,0.0,0.0,0.0,0.0,1.7,98.3
20160221165931,0.0,0.0,0.0,0.0,0.0,0.0,5.2,94.8
20160221170001,0.0,0.0,0.0,0.0,0.0,0.0,3.1,96.9
20160221170032,0.0,0.0,0.0,0.0,0.0,0.0,2.0,98.0
20160221170232,0.0,0.0,0.0,0.0,0.4,0.0,75.1,24.5
20160221170302,0.0,0.0,0.0,0.0,0.4,0.0,90.5,9.1
20160221170332,0.0,0.0,0.0,0.0,0.3,0.0,92.1,7.7
20160221170402,0.0,0.0,0.0,0.0,0.5,0.0,88.8,10.6
20160221170432,0.0,0.0,0.0,0.0,0.4,0.0,56.6,42.9
20160221170502,0.0,0.0,0.0,0.0,0.4,0.0,62.3,37.2
20160221170532,0.0,0.0,0.0,0.0,0.2,0.0,46.2,53.6
20160221170602,0.0,0.0,0.0,0.0,0.3,0.0,20.4,79.3
20160221170632,0.0,0.0,0.0,0.0,0.3,0.0,68.1,31.6
20160221170702,0.0,0.0,0.0,0.0,0.1,0.0,59.5,40.4
20160221170732,0.0,0.0,0.1,0.0,0.5,0.0,28.1,71.3
20160221170802,0.0,0.0,0.0,0.0,0.3,0.0,49.0,50.7
20160221170832,0.0,0.0,0.0,0.0,0.2,0.0,74.6,25.1
20160221170902,0.0,0.0,0.0,0.0,2.3,0.0,78.6,19.0
20160221170932,0.0,0.0,0.0,0.0,0.9,0.0,83.7,15.4
20160221171002,0.0,0.0,0.0,0.0,1.8,0.0,93.8,4.4
20160221171032,0.0,0.0,0.0,0.0,6.4,0.0,83.5,10.1
20160221171102,0.0,0.0,0.0,0.0,0.7,0.0,89.3,10.0
20160221171132,0.0,0.0,0.0,0.0,0.2,0.0,94.0,5.7
20160221171202,0.0,0.0,0.0,0.0,15.5,0.0,60.7,23.8
20160221171232,0.0,0.0,0.0,0.0,2.8,0.0,71.2,26.0
20160221171302,0.0,0.0,0.0,0.0,1.5,0.0,27.3,71.2
20160221171332,0.0,0.0,0.0,0.0,0.2,0.0,22.1,77.7
20160221171402,0.0,0.0,0.0,0.0,0.3,0.0,20.4,79.3
20160221171432,0.0,0.0,0.0,0.0,0.0,0.0,21.7,78.3
20160221171502,0.0,0.0,0.0,0.0,0.3,0.0,19.6,80.1
20160221171532,0.0,0.0,0.0,0.0,0.2,0.0,27.9,72.0
20160221171602,0.0,0.0,0.0,0.0,0.1,0.0,23.3,76.6
20160221171632,0.0,0.0,0.0,0.0,0.2,0.0,51.2,48.6
20160221171702,0.0,0.0,0.0,0.0,0.1,0.0,39.6,60.2
20160221171732,0.0,0.0,0.0,0.0,0.1,0.0,69.8,30.1
20160221171802,0.0,0.0,0.0,0.0,0.4,0.0,59.9,39.6
20160221171832,0.0,0.0,0.0,0.0,0.0,0.0,93.9,6.1
20160221171902,0.0,0.0,0.0,0.0,0.4,0.0,95.3,4.3
20160221171932,0.0,0.0,0.0,0.0,0.2,0.0,92.9,6.9
20160221172002,0.0,0.0,0.0,0.0,0.4,0.0,92.7,6.8
20160221172032,0.0,0.0,0.0,0.0,0.8,0.0,91.3,7.9
20160221172102,0.0,0.0,0.0,0.0,0.4,0.0,90.9,8.7
20160221172132,0.0,0.0,0.0,0.0,1.1,0.0,89.7,9.2
20160221172202,0.0,0.0,0.0,0.0,4.6,0.0,86.2,9.2
20160221172232,0.0,0.0,0.0,0.0,0.4,0.0,77.4,22.1
20160221172302,0.0,0.0,0.0,0.0,1.0,0.0,81.8,17.3
20160221172332,0.0,0.0,0.0,0.0,0.2,0.0,81.6,18.2
20160221172402,0.0,0.0,0.0,0.0,1.5,0.0,96.1,2.3
20160221172432,0.0,0.0,0.0,0.0,0.3,0.0,93.9,5.7
20160221172502,0.0,0.0,0.0,0.0,5.5,0.0,80.0,14.5
20160221172532,0.0,0.0,0.0,0.0,6.5,0.0,85.9,7.7
20160221172602,0.0,0.0,0.0,0.0,1.0,0.0,96.5,2.5
20160221172632,0.0,0.0,0.0,0.0,21.0,0.0,54.9,24.2
20160221172702,0.0,0.0,0.0,0.0,0.1,0.0,99.4,0.5
20160221172732,0.0,0.0,0.0,0.0,7.6,0.0,79.0,13.3
20160221172802,0.0,0.0,0.0,0.0,0.2,0.0,96.9,2.9
20160221172832,0.0,0.0,0.0,0.0,0.5,0.0,96.5,2.9
20160221172902,0.0,0.0,0.0,0.0,1.0,0.0,94.4,4.5
20160221172932,0.0,0.0,0.0,0.0,0.3,0.0,99.0,0.7
20160221173002,0.0,0.0,0.0,0.0,0.3,0.0,95.4,4.3
20160221173032,0.0,0.0,0.0,0.0,0.3,0.0,93.7,6.0
20160221173102,0.0,0.0,0.0,0.0,0.2,0.0,98.8,1.1
20160221173132,0.0,0.0,0.0,0.0,0.3,0.0,93.4,6.2
20160221173202,0.0,0.0,0.0,0.0,0.9,0.0,96.3,2.8
20160221173232,0.0,0.0,0.0,0.0,0.0,0.0,97.3,2.7
20160221173302,0.0,0.0,0.0,0.0,0.0,0.0,99.8,0.2
20160221173332,0.0,0.0,0.0,0.0,0.0,0.0,99.5,0.5
20160221173402,0.0,0.0,0.0,0.0,0.1,0.0,98.7,1.2
20160221173432,0.0,0.0,0.0,0.0,1.1,0.0,95.6,3.3
20160221173503,0.0,0.0,0.0,0.0,1.9,0.0,93.3,4.8
20160221173533,0.0,0.0,0.0,0.0,0.6,0.0,94.2,5.2
20160221173603,0.0,0.0,0.0,0.0,0.1,0.0,97.8,2.0
20160221173633,0.0,0.0,0.0,0.0,0.0,0.0,98.9,1.1
20160221173703,0.0,0.0,0.0,0.0,0.0,0.0,97.6,2.3
20160221173733,0.0,0.0,0.0,0.0,0.4,0.0,82.1,17.5
20160221173803,0.0,0.0,0.0,0.0,0.0,0.0,79.7,20.3
20160221173833,0.0,0.0,0.0,0.0,0.2,0.0,89.0,10.8
20160221173903,0.0,0.0,0.0,0.0,0.1,0.0,90.5,9.4
20160221173933,0.0,0.0,0.0,0.0,0.0,0.0,91.3,8.6
20160221174003,0.0,0.0,0.0,0.0,0.1,0.0,88.5,11.4
20160221174033,0.0,0.0,0.0,0.0,0.0,0.0,99.5,0.5
20160221174103,0.0,0.0,0.0,0.0,0.0,0.0,98.4,1.5
20160221174133,0.0,0.0,0.0,0.0,1.3,0.0,78.9,19.7
20160221174203,0.0,0.0,0.0,0.0,0.1,0.0,99.2,0.7
20160221174233,0.0,0.0,0.0,0.0,0.0,0.0,98.1,1.9
20160221174303,0.0,0.0,0.0,0.0,0.0,0.0,81.1,18.9
20160221174333,0.0,0.0,0.0,0.0,0.0,0.0,90.5,9.5
20160221174403,0.0,0.0,0.0,0.0,0.0,0.0,98.4,1.6
20160221174433,0.0,0.0,0.0,0.0,0.0,0.0,100.0,0.0
20160221174503,0.0,0.0,0.0,0.0,0.0,0.0,99.5,0.5
20160221174533,0.0,0.0,0.0,0.0,0.0,0.0,98.7,1.3
20160221174603,0.0,0.0,0.0,0.0,0.0,0.0,99.0,0.9
20160221174633,0.0,0.0,0.0,0.0,0.0,0.0,95.5,4.5
20160221174703,0.0,0.0,0.0,0.0,0.0,0.0,92.6,7.4
20160221174733,0.0,0.0,0.0,0.0,0.0,0.0,98.6,1.4
20160221174803,0.0,0.0,0.0,0.0,0.0,0.0,99.9,0.1
20160221174833,0.0,0.0,0.0,0.0,0.0,0.0,100.0,0.0
20160221174903,0.0,0.0,0.0,0.0,0.0,0.0,99.9,0.1
20160221174933,0.0,0.0,0.0,0.0,0.1,0.0,96.8,3.1
20160221175003,0.0,0.0,0.0,0.0,0.3,0.0,99.6,0.1
20160221175033,0.0,0.0,0.0,0.0,0.4,0.0,97.5,2.1
20160221175103,0.0,0.0,0.0,0.0,0.0,0.0,100.0,0.0
20160221175133,0.0,0.0,0.0,0.0,0.0,0.0,100.0,0.0
20160221175203,0.0,0.0,0.0,0.0,0.0,0.0,99.9,0.1
20160221175233,0.0,0.0,0.0,0.0,0.3,0.0,99.6,0.1
20160221175303,0.0,0.0,0.0,0.0,0.0,0.0,99.9,0.0
20160221175333,0.0,0.0,0.0,0.0,0.1,0.0,99.9,0.0
20160221175403,0.0,0.0,0.0,0.0,0.2,0.0,97.7,2.1
20160221175433,0.0,0.0,0.0,0.0,0.0,0.0,99.5,0.5
20160221175503,0.0,0.0,0.0,0.0,0.0,0.0,99.6,0.4
20160221175533,0.0,0.0,0.0,0.0,0.0,0.0,99.8,0.2
20160221175603,0.0,0.0,0.0,0.0,0.0,0.0,99.5,0.5
20160221175633,0.0,0.0,0.0,0.0,0.0,0.0,99.8,0.2
20160221175703,0.0,0.0,0.0,0.0,0.0,0.0,98.4,1.6
20160221175733,0.0,0.0,0.0,0.0,0.0,0.0,97.9,2.1
20160221175803,0.0,0.0,0.0,0.0,0.0,0.0,100.0,0.0
20160221175833,0.0,0.0,0.0,0.0,0.0,0.0,100.0,0.0
20160221175903,0.0,0.0,0.0,0.0,0.0,0.0,100.0,0.0
20160221175933,0.0,0.0,0.0,0.0,0.0,0.0,100.0,0.0
20160221180003,0.0,0.0,0.0,0.0,0.0,0.0,100.0,0.0
20160221180033,0.0,0.0,0.0,0.0,0.0,0.0,99.9,0.1
20160221180103,0.0,0.0,0.0,0.0,0.0,0.0,100.0,0.0
20160221180133,0.0,0.0,0.0,0.0,0.0,0.0,100.0,0.0
20160221180203,0.0,0.0,0.0,0.0,0.0,0.0,100.0,0.0
20160221180234,0.0,0.0,0.0,0.0,0.0,0.0,99.9,0.1
20160221180304,0.0,0.0,0.0,0.0,0.3,0.0,99.5,0.2
20160221180334,0.0,0.0,0.0,0.0,0.8,0.0,98.7,0.5
20160221180404,0.0,0.0,0.0,0.0,0.9,0.0,98.7,0.4
20160221180434,0.0,0.0,0.0,0.0,2.3,0.0,90.3,7.4
20160221180504,0.0,0.0,0.0,0.1,21.6,0.0,73.9,4.4
20160221180534,0.0,0.0,0.0,0.0,8.3,0.0,85.6,6.1
20160221180604,0.0,0.0,0.0,0.0,3.2,0.0,91.4,5.3
20160221180634,0.0,0.0,0.0,0.0,6.7,0.0,91.3,2.0
20160221180704,0.0,0.0,0.0,0.1,64.1,0.0,34.3,1.5
20160221180734,0.0,0.0,0.0,0.0,53.4,0.0,46.4,0.2
20160221180804,0.0,0.0,0.0,0.0,1.3,0.0,98.6,0.2
20160221180834,0.0,0.0,0.0,0.0,0.6,0.0,99.1,0.4
20160221180904,0.0,0.0,0.0,0.0,0.0,0.0,99.9,0.1
20160221180934,0.0,0.0,0.0,0.0,0.0,0.0,99.9,0.1
20160221181004,0.0,0.0,0.0,0.0,0.0,0.0,99.9,0.0
20160221181034,0.0,0.0,0.0,0.0,0.0,0.0,100.0,0.0
20160221181104,0.0,0.0,0.0,0.0,0.0,0.0,99.8,0.2
20160221181134,0.0,0.0,0.0,0.0,0.0,0.0,99.7,0.3
20160221181204,0.0,0.0,0.0,0.0,0.0,0.0,100.0,0.0
20160221181234,0.0,0.0,0.0,0.0,0.0,0.0,99.9,0.0
20160221181304,0.0,0.0,0.0,0.0,0.0,0.0,100.0,0.0
20160221181334,0.0,0.0,0.0,0.0,0.0,0.0,100.0,0.0
20160221181404,0.0,0.0,0.0,0.0,0.1,0.0,99.8,0.1
20160221181434,0.0,0.0,0.0,0.0,0.0,0.0,98.7,1.3
20160221181504,0.0,0.0,0.0,0.0,0.0,0.0,99.3,0.7
20160221181534,0.0,0.0,0.0,0.0,0.0,0.0,99.7,0.3
20160221181604,0.0,0.0,0.0,0.0,0.0,0.0,98.9,1.0
20160221181634,0.0,0.0,0.0,0.0,0.0,0.0,99.6,0.3
20160221181704,0.0,0.0,0.0,0.0,0.0,0.0,99.6,0.4
20160221181734,0.0,0.0,0.0,0.0,0.1,0.0,99.3,0.5
20160221181804,0.0,0.0,0.0,0.0,0.1,0.0,99.5,0.3
20160221181834,0.0,0.0,0.0,0.0,0.0,0.0,99.6,0.4
20160221181904,0.0,0.0,0.0,0.0,0.1,0.0,99.3,0.7
20160221181934,0.0,0.0,0.0,0.0,2.0,0.0,97.5,0.5
20160221182004,0.0,0.0,0.0,0.5,0.5,0.0,97.5,1.5
20160221182034,0.0,0.0,0.0,0.0,0.3,0.0,99.0,0.6
20160221182104,0.0,0.0,0.0,0.0,0.0,0.0,99.8,0.2
20160221182134,0.0,0.0,0.0,0.0,0.3,0.0,98.8,1.0
20160221182204,0.0,0.0,0.0,0.0,1.4,0.0,97.7,0.8
20160221182234,0.0,0.0,0.0,0.0,3.6,0.0,95.1,1.3
20160221182304,0.0,0.0,0.0,0.0,0.2,0.0,99.4,0.5
20160221182334,0.0,0.0,0.0,0.0,0.4,0.0,98.2,1.3
20160221182404,0.0,0.0,0.0,0.0,0.0,0.0,99.8,0.2
20160221182434,0.0,0.0,0.0,0.1,6.9,0.0,82.2,10.8
20160221182504,0.0,0.0,0.0,0.0,12.9,0.0,81.4,5.6
20160221182534,0.0,0.0,0.0,0.0,0.3,0.0,99.5,0.2
20160221182604,0.0,0.0,0.0,0.0,0.6,0.0,99.2,0.2
20160221182634,0.0,0.0,0.0,0.0,0.1,0.0,99.8,0.1
20160221182704,0.0,0.0,0.0,0.0,0.5,0.0,99.4,0.1
20160221182734,0.0,0.0,0.0,0.0,0.0,0.0,100.0,0.0
20160221182804,0.0,0.0,0.0,0.0,0.0,0.0,100.0,0.0
20160221182834,0.0,0.0,0.0,0.0,0.0,0.0,100.0,0.0
20160221182904,0.0,0.0,0.0,0.0,0.0,0.0,100.0,0.0
20160221182934,0.0,0.0,0.0,0.0,0.4,0.0,99.5,0.1
20160221183004,0.0,0.0,0.0,0.0,0.1,0.0,99.9,0.1
20160221183034,0.0,0.0,0.0,0.0,0.0,0.0,100.0,0.0
20160221183104,0.0,0.0,0.0,0.0,0.0,0.0,99.9,0.0
20160221183134,0.0,0.0,0.0,0.0,0.0,0.0,100.0,0.0
20160221183204,0.0,0.0,0.0,0.0,0.0,0.0,100.0,0.0
20160221183234,0.0,0.0,0.0,0.0,0.0,0.0,99.9,0.0
20160221183304,0.0,0.0,0.0,0.0,0.1,0.0,99.8,0.0
20160221183334,0.0,0.0,0.0,0.0,0.8,0.0,99.2,0.0
20160221183404,0.0,0.0,0.0,0.0,1.7,0.0,98.1,0.2
20160221183434,0.0,0.0,0.0,0.0,13.3,0.0,86.6,0.1
20160221183504,0.0,0.0,0.0,0.0,37.3,0.0,62.6,0.1
20160221183534,0.0,0.0,0.0,0.0,4.6,0.0,95.1,0.3
20160221183604,0.0,0.0,0.0,0.0,21.8,0.0,77.4,0.8
20160221183635,0.0,0.0,0.0,0.0,0.1,0.0,99.8,0.2
20160221183705,0.0,0.0,0.0,0.0,0.0,0.0,99.9,0.1
20160221183735,0.0,0.0,0.0,0.0,0.0,0.0,100.0,0.0
20160221183805,0.0,0.0,0.0,0.0,0.0,0.0,99.7,0.3
20160221183835,0.0,0.0,0.0,0.0,0.0,0.0,99.9,0.1
20160221183905,0.0,0.0,0.0,0.0,0.0,0.0,100.0,0.0
20160221183935,0.0,0.0,0.0,0.0,0.0,0.0,99.8,0.2
20160221184005,0.0,0.0,0.0,0.0,0.0,0.0,100.0,0.0
20160221184035,0.0,0.0,0.0,0.0,0.0,0.0,100.0,0.0
20160221184105,0.0,0.0,0.0,0.0,0.0,0.0,99.9,0.1
20160221184135,0.0,0.0,0.0,0.0,0.0,0.0,99.9,0.1
20160221184205,0.0,0.0,0.0,0.0,0.0,0.0,100.0,0.0
20160221184235,0.0,0.0,0.0,0.0,0.1,0.0,99.9,0.0
20160221184305,0.0,0.0,0.0,0.0,0.7,0.0,99.0,0.3
20160221184335,0.0,0.0,0.0,0.0,1.7,0.0,98.1,0.2
20160221184405,0.0,0.0,0.0,0.0,0.0,0.0,99.9,0.1
20160221184435,0.0,0.0,0.0,0.0,0.0,0.0,99.9,0.1
20160221184505,0.0,0.0,0.0,0.0,0.0,0.0,100.0,0.0
20160221184535,0.0,0.0,0.0,0.0,0.0,0.0,100.0,0.0
20160221184605,0.0,0.0,0.0,0.0,0.0,0.0,99.9,0.1
20160221184635,0.0,0.0,0.0,0.0,0.0,0.0,99.8,0.2
20160221184705,0.0,0.0,0.0,0.0,0.0,0.0,99.9,0.1
20160221184735,0.0,0.0,0.0,0.0,0.0,0.0,99.9,0.0
20160221184805,0.0,0.0,0.0,0.0,0.0,0.0,99.5,0.5
20160221184835,0.0,0.0,0.0,0.0,0.1,0.0,98.0,1.9
20160221184905,0.0,0.0,0.0,0.0,0.1,0.0,99.2,0.7
20160221184935,0.0,0.0,0.0,0.0,0.0,0.0,99.8,0.1
20160221185005,0.0,0.0,0.0,0.0,0.0,0.0,99.7,0.3
20160221185035,0.0,0.0,0.0,0.4,0.1,0.0,94.7,4.8
20160221185105,0.0,0.0,0.0,0.1,0.0,0.0,98.8,1.1
20160221185135,0.0,0.0,0.0,0.0,0.0,0.0,99.7,0.3
20160221185205,0.0,0.0,0.0,0.0,0.0,0.0,99.6,0.4
20160221185235,0.0,0.0,0.0,0.0,0.0,0.0,99.5,0.5
20160221185305,0.0,0.0,0.0,0.0,0.0,0.0,99.4,0.6
20160221185335,0.0,0.0,0.0,0.2,0.0,0.0,96.5,3.3
20160221185405,0.0,0.0,0.0,0.1,0.0,0.0,97.7,2.2
20160221185435,0.0,0.0,0.0,0.1,0.0,0.0,96.9,3.0
20160221185505,0.0,0.0,0.0,0.0,0.0,0.0,99.5,0.4
20160221185535,0.0,0.0,0.0,0.0,0.0,0.0,94.4,5.6
20160221185605,0.0,0.0,0.0,0.0,0.0,0.0,99.5,0.4
20160221185635,0.0,0.0,0.0,0.0,0.0,0.0,98.5,1.5
20160221185705,0.0,0.0,0.0,0.0,0.0,0.0,98.2,1.8
20160221185735,0.0,0.0,0.0,0.0,0.0,0.0,99.5,0.5
20160221185805,0.0,0.0,0.0,0.0,0.0,0.0,97.8,2.2
20160221185835,0.0,0.0,0.0,0.0,0.0,0.0,99.2,0.8
20160221185905,0.0,0.0,0.0,0.0,0.0,0.0,99.7,0.3
20160221185935,0.0,0.0,0.0,0.0,0.0,0.0,99.2,0.8
20160221190005,0.0,0.0,0.0,0.0,0.0,0.0,99.8,0.2
20160221190035,0.0,0.0,0.0,0.0,0.0,0.0,100.0,0.0
20160221190105,0.0,0.0,0.0,0.0,0.0,0.0,99.9,0.1
20160221190135,0.0,0.0,0.0,0.0,0.0,0.0,99.3,0.7
20160221190205,0.0,0.0,0.0,0.0,0.0,0.0,99.6,0.4
20160221190235,0.0,0.0,0.0,0.0,0.0,0.0,99.8,0.2
20160221190305,0.0,0.0,0.0,0.0,0.0,0.0,100.0,0.0
20160221190335,0.0,0.0,0.0,0.0,0.0,0.0,99.1,0.9
20160221190405,0.0,0.0,0.0,0.0,0.0,0.0,99.6,0.4
20160221190435,0.0,0.0,0.0,0.0,0.0,0.0,99.7,0.3
20160221190505,0.0,0.0,0.0,0.0,0.0,0.0,99.8,0.2
20160221190535,0.0,0.0,0.0,0.0,0.0,0.0,99.8,0.2
20160221190605,0.0,0.0,0.0,0.3,0.0,0.0,93.9,5.8
20160221190635,0.0,0.0,0.0,0.0,0.0,0.0,99.6,0.3
20160221190705,0.0,0.0,0.0,0.0,0.0,0.0,99.4,0.5
20160221190735,0.0,0.0,0.0,0.0,0.0,0.0,99.6,0.4
20160221190805,0.0,0.0,0.0,0.0,0.0,0.0,99.5,0.5
20160221190835,0.0,0.0,0.0,0.0,0.0,0.0,99.6,0.4
20160221190905,0.0,0.0,0.0,0.0,0.0,0.0,99.5,0.5
20160221190935,0.0,0.0,0.0,0.0,0.0,0.0,100.0,0.0
20160221191005,0.0,0.0,0.0,0.0,0.0,0.0,99.7,0.3
20160221191035,0.0,0.0,0.0,0.0,0.0,0.0,99.5,0.4
20160221191106,0.0,0.0,0.0,0.0,0.0,0.0,99.8,0.2
20160221191136,0.0,0.0,0.0,0.0,0.0,0.0,99.9,0.1
20160221191206,0.0,0.0,0.0,0.0,0.0,0.0,99.4,0.5
20160221191236,0.0,0.0,0.0,0.0,0.0,0.0,99.4,0.5
20160221191306,0.0,0.0,0.0,0.0,0.0,0.0,99.7,0.2
20160221191336,0.0,0.0,0.0,0.0,0.0,0.0,99.9,0.1
20160221191406,0.0,0.0,0.0,0.0,0.0,0.0,99.5,0.5
20160221191436,0.0,0.0,0.0,0.0,0.0,0.0,99.9,0.1
20160221191506,0.0,0.0,0.0,0.0,0.0,0.0,99.0,0.9
20160221191536,0.0,0.0,0.0,0.0,0.0,0.0,99.8,0.2
20160221191606,0.0,0.0,0.0,0.0,0.0,0.0,99.7,0.3
20160221191636,0.0,0.0,0.0,0.0,0.0,0.0,99.3,0.7
20160221191706,0.0,0.0,0.0,0.0,0.0,0.0,99.8,0.2
20160221191736,0.0,0.0,0.0,0.0,0.0,0.0,99.4,0.5
20160221191806,0.0,0.0,0.0,0.0,0.0,0.0,99.7,0.3
20160221191836,0.0,0.0,0.0,0.0,0.0,0.0,99.7,0.3
20160221191906,0.0,0.0,0.0,0.0,0.0,0.0,99.6,0.4
20160221191936,0.0,0.0,0.0,0.0,0.0,0.0,99.0,1.0
20160221192006,0.0,0.0,0.0,0.0,0.0,0.0,98.5,1.5
20160221192036,0.0,0.0,0.0,0.0,0.0,0.0,100.0,0.0
20160221192106,0.0,0.0,0.0,0.0,0.0,0.0,99.9,0.1
20160221192136,0.0,0.0,0.0,0.0,0.0,0.0,99.6,0.3
20160221192206,0.0,0.0,0.0,0.0,0.0,0.0,99.9,0.1
20160221192236,0.0,0.0,0.0,0.0,0.0,0.0,99.0,1.0
20160221192306,0.0,0.0,0.0,0.0,0.0,0.0,99.8,0.2
20160221192336,0.0,0.0,0.0,0.0,0.0,0.0,99.7,0.2
20160221192406,0.0,0.0,0.0,0.0,0.0,0.0,98.7,1.3
20160221192436,0.0,0.0,0.0,0.0,0.0,0.0,99.2,0.8
20160221192506,0.0,0.0,0.0,0.0,0.0,0.0,99.6,0.4
20160221192536,0.0,0.0,0.0,0.0,0.0,0.0,99.7,0.3
20160221192606,0.0,0.0,0.0,0.0,0.0,0.0,98.0,2.0
20160221192636,0.0,0.0,0.0,0.0,0.0,0.0,99.4,0.6
20160221192706,0.0,0.0,0.0,0.0,0.0,0.0,99.5,0.4
20160221192736,0.0,0.0,0.0,0.0,0.1,0.0,96.3,3.7
20160221192806,0.0,0.0,0.0,0.0,0.0,0.0,96.9,3.0
20160221192836,0.0,0.0,0.0,0.0,0.0,0.0,99.2,0.7
20160221192906,0.0,0.0,0.0,0.0,0.0,0.0,99.8,0.1
20160221192936,0.0,0.0,0.0,0.0,0.0,0.0,99.9,0.1
20160221193006,0.0,0.0,0.0,0.0,0.1,0.0,99.0,0.9
20160221193036,0.0,0.0,0.0,0.0,0.2,0.0,99.2,0.6
20160221193106,0.0,0.0,0.0,0.0,0.1,0.0,98.6,1.3
20160221193136,0.0,0.0,0.0,0.0,0.3,0.0,96.0,3.7
20160221193206,0.0,0.0,0.0,0.0,0.3,0.0,96.5,3.2
20160221193236,0.0,0.0,0.0,0.0,0.6,0.0,90.5,8.9
20160221193306,0.0,0.0,0.0,0.0,0.1,0.0,82.2,17.7
20160221193336,0.0,0.0,0.0,0.0,0.0,0.0,98.9,1.1
20160221193406,0.0,0.0,0.0,0.0,0.0,0.0,97.5,2.5
20160221193436,0.0,0.0,0.0,0.0,0.0,0.0,97.8,2.1
20160221193506,0.0,0.0,0.0,0.0,0.0,0.0,99.8,0.2
20160221193536,0.0,0.0,0.0,0.0,0.0,0.0,99.7,0.3
20160221193606,0.0,0.0,0.0,0.0,0.0,0.0,100.0,0.0
20160221193636,0.0,0.0,0.0,0.0,0.1,0.0,99.7,0.2
20160221193706,0.0,0.0,0.0,0.0,0.0,0.0,100.0,0.0
20160221193736,0.0,0.0,0.0,0.0,0.0,0.0,99.9,0.1
20160221193806,0.0,0.0,0.0,0.0,0.0,0.0,99.9,0.1
20160221193836,0.0,0.0,0.0,0.0,0.0,0.0,100.0,0.0
20160221193906,0.0,0.0,0.0,0.0,0.0,0.0,99.8,0.1
20160221193936,0.0,0.0,0.0,0.0,0.8,0.0,98.1,1.1
20160221194006,0.0,0.0,0.0,0.0,0.5,0.0,98.7,0.7
20160221194036,0.0,0.0,0.0,0.0,1.2,0.0,98.1,0.7
20160221194106,0.0,0.0,0.0,0.0,0.3,0.0,99.3,0.3
20160221194136,0.0,0.0,0.0,0.0,0.1,0.0,99.8,0.1
20160221194206,0.0,0.0,0.0,0.0,0.7,0.0,97.7,1.6
20160221194236,0.0,0.0,0.0,0.0,0.5,0.0,99.1,0.4
20160221194306,0.0,0.0,0.0,0.0,0.3,0.0,98.3,1.4
20160221194336,0.0,0.0,0.0,0.0,0.0,0.0,99.8,0.2
20160221194406,0.0,0.0,0.0,0.0,0.0,0.0,99.6,0.3
20160221194436,0.0,0.0,0.0,0.0,0.1,0.0,99.2,0.7
20160221194507,0.0,0.0,0.0,0.0,0.4,0.0,98.3,1.3
20160221194537,0.0,0.0,0.0,0.0,0.5,0.0,98.9,0.6
20160221194607,0.0,0.0,0.0,0.0,0.2,0.0,95.9,3.9
20160221194637,0.0,0.0,0.0,0.0,0.0,0.0,97.6,2.4
20160221194707,0.0,0.0,0.0,0.0,0.1,0.0,99.7,0.2
20160221194737,0.0,0.0,0.0,0.0,0.0,0.0,99.8,0.1
20160221194807,0.0,0.0,0.0,0.0,0.0,0.0,98.9,1.1
20160221194837,0.0,0.0,0.0,0.0,0.1,0.0,98.6,1.3
20160221194907,0.0,0.0,0.0,0.0,0.1,0.0,99.8,0.1
20160221194937,0.0,0.0,0.0,0.0,0.2,0.0,99.6,0.3
20160221195007,0.0,0.0,0.0,0.0,0.0,0.0,98.3,1.7
20160221195037,0.0,0.0,0.0,0.0,0.1,0.0,95.2,4.7
20160221195107,0.0,0.0,0.0,0.0,0.0,0.0,99.9,0.1
20160221195137,0.0,0.0,0.0,0.0,0.0,0.0,100.0,0.0
20160221195207,0.0,0.0,0.0,0.0,0.0,0.0,100.0,0.0
20160221195237,0.0,0.0,0.0,0.0,0.0,0.0,99.1,0.9
20160221195307,0.0,0.0,0.0,0.0,0.0,0.0,99.6,0.4
20160221195337,0.0,0.0,0.0,0.0,0.0,0.0,99.9,0.1
20160221195407,0.0,0.0,0.0,0.0,0.0,0.0,99.9,0.1
20160221195437,0.0,0.0,0.0,0.0,0.1,0.0,96.8,3.1
20160221195507,0.0,0.0,0.0,0.0,0.0,0.0,99.6,0.4
20160221195537,0.0,0.0,0.0,0.0,0.1,0.0,99.3,0.6
20160221195607,0.0,0.0,0.0,0.1,1.4,0.0,95.0,3.4
20160221195637,0.0,0.0,0.0,0.1,7.0,0.0,88.8,4.0
20160221195707,0.0,0.0,0.0,0.1,11.3,0.0,74.7,13.8
20160221195737,0.0,0.0,0.0,0.1,5.1,0.0,88.8,6.0
20160221195807,0.0,0.0,0.0,0.0,8.4,0.0,91.3,0.3
20160221195837,0.0,0.0,0.0,0.0,26.0,0.0,72.4,1.5
20160221195907,0.0,0.0,0.0,0.0,12.4,0.0,86.7,0.9
20160221195937,0.0,0.0,0.0,0.0,3.8,0.0,94.5,1.6
20160221200007,0.0,0.0,0.0,0.0,0.3,0.0,98.5,1.2
20160221200037,0.0,0.0,0.0,0.0,0.1,0.0,99.0,0.8
20160221200107,0.0,0.0,0.0,0.0,0.1,0.0,99.8,0.1
20160221200137,0.0,0.0,0.0,0.0,0.0,0.0,99.8,0.2
20160221200207,0.0,0.0,0.0,0.0,0.1,0.0,99.6,0.2
20160221200237,0.0,0.0,0.0,0.0,0.2,0.0,99.6,0.2
20160221200307,0.0,0.0,0.0,0.0,2.8,0.0,96.5,0.6
20160221200337,0.0,0.0,0.0,0.0,0.0,0.0,99.7,0.3
20160221200407,0.0,0.0,0.0,0.0,0.1,0.0,99.6,0.3
20160221200437,0.0,0.0,0.0,0.0,0.0,0.0,99.9,0.0
20160221200507,0.0,0.0,0.0,0.0,0.0,0.0,99.9,0.1
20160221200537,0.0,0.0,0.0,0.0,0.0,0.0,97.0,3.0
20160221200607,0.0,0.0,0.0,0.0,0.0,0.0,99.7,0.3
20160221200637,0.0,0.0,0.0,0.0,0.3,0.0,98.3,1.4
20160221200707,0.0,0.0,0.0,0.0,0.1,0.0,99.4,0.5
20160221200737,0.0,0.0,0.0,0.0,0.0,0.0,99.1,0.8
20160221200807,0.0,0.0,0.0,0.0,0.0,0.0,99.8,0.2
20160221200837,0.0,0.0,0.0,0.0,0.8,0.0,99.1,0.1
20160221200907,0.0,0.0,0.0,0.2,9.8,0.0,82.2,7.8
20160221200937,0.0,0.0,0.0,0.1,2.5,0.0,67.9,29.5
20160221201007,0.0,0.0,0.0,0.0,2.0,0.0,84.5,13.5
20160221201037,0.0,0.0,0.0,0.0,2.6,0.0,94.2,3.2
20160221201107,0.0,0.0,0.0,0.0,0.2,0.0,99.5,0.3
20160221201137,0.0,0.0,0.0,0.0,0.1,0.0,99.5,0.4
20160221201208,0.0,0.0,0.0,0.0,0.5,0.0,93.5,6.0
20160221201238,0.0,0.0,0.0,0.0,0.7,0.0,98.6,0.8
20160221201308,0.0,0.0,0.0,0.3,26.4,0.0,63.1,10.2
20160221201338,0.0,0.0,0.0,0.0,3.3,0.0,95.6,1.1
20160221201408,0.0,0.0,0.0,0.0,0.2,0.0,99.4,0.3
20160221201438,0.0,0.0,0.0,0.0,0.2,0.0,99.4,0.4
20160221201508,0.0,0.0,0.0,0.0,0.4,0.0,96.5,3.1
20160221201538,0.0,0.0,0.0,0.0,0.4,0.0,98.8,0.7
20160221201608,0.0,0.0,0.0,0.0,0.3,0.0,99.4,0.3
20160221201638,0.0,0.0,0.0,0.0,1.4,0.0,98.4,0.2
20160221201708,0.0,0.0,0.0,0.0,0.3,0.0,99.6,0.1
20160221201738,0.0,0.0,0.0,0.0,1.4,0.0,98.5,0.1
20160221201808,0.0,0.0,0.0,0.0,7.8,0.0,90.9,1.3
20160221201838,0.0,0.0,0.0,0.1,9.1,0.0,90.3,0.5
20160221201908,0.0,0.0,0.3,0.1,9.6,0.0,89.0,1.0
20160221201938,0.0,0.0,0.0,0.0,0.7,0.0,98.9,0.5
20160221202008,0.0,0.0,0.1,0.1,2.6,0.0,94.8,2.4
20160221202038,0.0,0.0,0.0,0.0,8.9,0.0,86.3,4.7
20160221202108,0.0,0.0,0.0,0.0,0.6,0.0,98.5,0.8
20160221202138,0.0,0.0,0.0,0.0,5.2,0.0,93.0,1.7
20160221202208,0.0,0.0,0.0,0.0,0.1,0.0,99.7,0.2
20160221202238,0.0,0.0,0.0,0.0,2.0,0.0,95.5,2.6
20160221202308,0.0,0.0,0.0,0.0,0.0,0.0,99.7,0.3
20160221202338,0.0,0.0,0.0,0.0,0.0,0.0,99.8,0.2
20160221202408,0.0,0.0,0.0,0.0,0.3,0.0,99.3,0.3
20160221202438,0.0,0.0,0.0,0.0,1.1,0.0,98.7,0.2
20160221202508,0.0,0.0,0.0,0.0,0.1,0.0,99.7,0.2
20160221202538,0.0,0.0,0.0,0.6,8.8,0.0,81.3,9.3
20160221202608,0.0,0.0,0.1,0.4,6.7,0.0,76.1,16.6
20160221202638,0.0,0.0,0.0,0.3,3.6,0.0,93.5,2.4
20160221202708,0.0,0.0,0.0,0.0,1.0,0.0,98.2,0.8
20160221202738,0.0,0.0,0.0,0.0,0.3,0.0,98.8,0.9
20160221202808,0.0,0.0,0.0,0.0,0.4,0.0,98.9,0.7
20160221202838,0.0,0.0,0.0,0.0,0.0,0.0,99.9,0.1
20160221202908,0.0,0.0,0.0,0.0,0.2,0.0,99.5,0.3
20160221202938,0.0,0.0,0.0,0.0,0.2,0.0,98.5,1.3
20160221203008,0.0,0.0,0.0,0.0,0.1,0.0,99.3,0.6
20160221203038,0.0,0.0,0.0,0.0,0.0,0.0,97.8,2.2
20160221203108,0.0,0.0,0.1,1.1,2.0,0.0,89.8,7.1
20160221203138,0.0,0.5,0.5,26.0,12.6,0.0,55.7,4.7
20160221203208,0.0,0.1,0.4,3.9,4.9,0.0,75.9,14.8
20160221203238,0.0,0.0,0.1,0.9,9.0,0.0,52.4,37.7
20160221203308,0.0,0.0,0.1,0.8,1.0,0.0,94.8,3.3
20160221203338,0.0,0.0,0.0,0.1,0.9,0.0,97.7,1.2
20160221203408,0.0,0.0,0.0,0.0,2.5,0.0,96.0,1.5
20160221203438,0.0,0.0,0.0,0.1,1.0,0.0,92.0,6.9
20160221203508,0.0,0.0,0.0,0.0,2.2,0.0,91.3,6.5
20160221203538,0.0,0.0,0.0,0.1,1.1,0.0,96.9,1.9
20160221203608,0.0,0.0,0.0,0.4,14.8,0.0,83.9,0.9
20160221203638,0.0,0.0,0.0,1.4,9.8,0.0,84.5,4.3
20160221203708,0.0,0.0,0.0,0.5,4.6,0.0,93.6,1.3
20160221203738,0.0,0.0,0.0,0.2,2.2,0.0,82.6,15.0
20160221203808,0.0,0.0,0.0,0.0,2.1,0.0,93.9,4.0
20160221203838,0.0,0.0,0.0,0.0,0.5,0.0,96.4,3.0
20160221203908,0.0,0.0,0.0,0.0,0.0,0.0,94.5,5.4
20160221203938,0.0,0.0,0.0,0.0,0.1,0.0,96.7,3.2
20160221204008,0.0,0.0,0.0,0.0,0.1,0.0,95.4,4.5
20160221204038,0.0,0.0,0.0,0.0,0.0,0.0,99.5,0.5
20160221204108,0.0,0.0,0.0,0.0,0.1,0.0,98.4,1.5
20160221204138,0.0,0.0,0.0,0.4,1.9,0.0,96.2,1.5
20160221204208,0.0,0.0,0.0,0.0,0.0,0.0,98.2,1.8
20160221204238,0.0,0.0,0.0,0.0,0.2,0.0,79.9,19.9
20160221204308,0.0,0.0,0.0,0.0,0.0,0.0,97.5,2.4
20160221204338,0.0,0.0,0.0,0.0,0.0,0.0,85.1,14.8
20160221204408,0.0,0.0,0.0,0.0,0.0,0.0,98.9,1.1
20160221204438,0.0,0.0,0.0,0.0,0.0,0.0,98.8,1.2
20160221204508,0.0,0.0,0.0,0.0,0.0,0.0,99.0,1.0
20160221204538,0.0,0.0,0.0,0.0,0.0,0.0,100.0,0.0
20160221204608,0.0,0.0,0.0,0.0,0.0,0.0,96.5,3.4
20160221204639,0.0,0.0,0.0,0.0,0.1,0.0,94.7,5.1
20160221204709,0.0,0.0,0.0,0.0,0.2,0.0,98.8,1.0
20160221204739,0.0,0.0,0.0,0.0,0.3,0.0,99.1,0.5
20160221204809,0.0,0.0,0.0,0.0,0.1,0.0,99.5,0.4
20160221204839,0.0,0.0,0.0,0.0,0.0,0.0,99.7,0.3
20160221204909,0.0,0.0,0.0,0.0,0.0,0.0,98.5,1.5
20160221204939,0.0,0.0,0.0,0.0,0.0,0.0,99.8,0.2
20160221205009,0.0,0.0,0.0,0.0,0.2,0.0,99.1,0.6
20160221205039,0.0,0.0,0.0,0.0,0.5,0.0,96.8,2.7
20160221205109,0.0,0.0,0.0,0.0,0.5,0.0,99.3,0.2
20160221205139,0.0,0.0,0.0,0.0,0.0,0.0,99.8,0.1
20160221205209,0.0,0.0,0.0,0.0,0.1,0.0,98.2,1.7
20160221205239,0.0,0.0,0.0,0.0,0.1,0.0,92.6,7.2
20160221205309,0.0,0.0,0.1,0.7,0.9,0.0,65.3,33.0
20160221205339,0.0,0.0,0.1,3.3,0.8,0.0,36.5,59.3
20160221205409,0.0,0.0,0.1,0.1,1.2,0.0,65.4,33.3
20160221205439,0.0,0.0,0.1,0.1,0.8,0.0,93.6,5.4
20160221205509,0.0,0.0,0.0,0.2,1.1,0.0,93.4,5.3
20160221205539,0.0,0.0,0.0,0.0,0.1,0.0,97.0,2.9
20160221205609,0.0,0.0,0.0,0.0,0.2,0.0,95.7,4.1
20160221205639,0.0,0.0,0.0,0.0,0.6,0.0,79.3,20.1
20160221205709,0.0,0.0,0.1,0.6,3.3,0.0,63.5,32.5
20160221205739,0.0,0.0,0.4,0.3,11.0,0.0,71.9,16.4
20160221205809,0.0,0.1,0.8,1.3,44.8,0.0,40.6,12.3
20160221205839,0.0,0.0,0.1,0.0,4.5,0.0,94.2,1.2
20160221205909,0.0,0.0,0.0,0.0,0.7,0.0,96.8,2.5
20160221205939,0.0,0.0,0.0,0.0,0.6,0.0,98.1,1.2
20160221210009,0.0,0.0,0.0,0.0,5.2,0.0,90.5,4.3
20160221210039,0.0,0.0,0.0,0.6,8.4,0.0,83.5,7.5
20160221210109,0.0,0.0,0.0,0.4,6.0,0.0,91.1,2.5
20160221210139,0.0,0.0,0.0,0.0,0.2,0.0,97.1,2.6
20160221210209,0.0,0.0,0.0,0.0,0.1,0.0,98.8,1.1
20160221210239,0.0,0.0,0.0,0.0,0.1,0.0,94.8,5.1
20160221210309,0.0,0.0,0.0,0.0,1.0,0.0,98.2,0.8
20160221210339,0.0,0.1,0.1,6.5,26.5,0.0,56.9,9.9
20160221210409,0.0,0.0,0.0,3.2,0.9,0.0,81.8,14.0
20160221210439,0.0,0.0,0.0,0.0,0.0,0.0,87.4,12.5
20160221210509,0.0,0.0,0.0,0.0,0.0,0.0,97.9,2.1
20160221210539,0.0,0.0,0.0,0.0,0.5,0.0,94.0,5.5
20160221210609,0.0,0.0,0.0,0.0,0.1,0.0,99.1,0.7
20160221210639,0.0,0.0,0.0,0.0,0.3,0.0,99.1,0.7
20160221210709,0.0,0.0,0.0,0.0,0.1,0.0,99.8,0.2
20160221210739,0.0,0.0,0.0,0.0,0.1,0.0,99.7,0.2
20160221210809,0.0,0.0,0.0,0.0,0.1,0.0,96.8,3.1
20160221210839,0.0,0.0,0.0,0.0,0.2,0.0,98.1,1.7
20160221210909,0.0,0.0,0.0,0.0,0.0,0.0,98.0,1.9
20160221210939,0.0,0.0,0.0,0.0,0.6,0.0,98.2,1.2
20160221211009,0.0,0.0,0.0,0.0,0.1,0.0,98.7,1.2
20160221211039,0.0,0.0,0.0,0.0,0.2,0.0,99.5,0.3
20160221211109,0.0,0.0,0.0,0.0,0.1,0.0,99.8,0.1
20160221211139,0.0,0.0,0.0,0.0,0.1,0.0,99.8,0.1
20160221211209,0.0,0.0,0.0,0.0,0.0,0.0,99.8,0.2
20160221211239,0.0,0.0,0.0,0.0,0.2,0.0,99.1,0.7
20160221211309,0.0,0.0,0.0,0.0,0.2,0.0,97.9,1.9
20160221211339,0.0,0.0,0.0,0.0,0.1,0.0,94.9,5.0
20160221211409,0.0,0.0,0.0,0.0,0.1,0.0,99.8,0.1
20160221211439,0.0,0.0,0.0,0.0,0.0,0.0,98.7,1.3
20160221211509,0.0,0.0,0.0,0.0,0.0,0.0,99.3,0.7
20160221211539,0.0,0.0,0.0,0.0,0.1,0.0,85.5,14.4
20160221211609,0.0,0.0,0.0,0.0,0.1,0.0,82.3,17.6
20160221211639,0.0,0.0,0.0,0.0,0.1,0.0,93.3,6.6
20160221211709,0.0,0.0,0.0,0.0,0.1,0.0,93.2,6.7
20160221211739,0.0,0.0,0.0,0.0,0.2,0.0,92.0,7.8
20160221211809,0.0,0.0,0.0,0.0,0.0,0.0,92.2,7.8
20160221211839,0.0,0.0,0.0,0.0,0.4,0.0,70.3,29.3
20160221211909,0.0,0.0,0.0,0.0,0.1,0.0,96.5,3.4
20160221211939,0.0,0.0,0.0,0.0,0.1,0.0,85.9,14.0
20160221212009,0.0,0.0,0.0,0.0,0.0,0.0,98.5,1.5
20160221212040,0.0,0.0,0.0,0.0,0.2,0.0,82.4,17.3
20160221212110,0.0,0.0,0.0,0.0,0.2,0.0,97.5,2.3
20160221212140,0.0,0.0,0.0,0.0,0.0,0.0,96.7,3.2
20160221212210,0.0,0.0,0.0,0.0,0.0,0.0,90.3,9.7
20160221212240,0.0,0.0,0.0,0.0,0.3,0.0,95.5,4.2
20160221212310,0.0,0.0,0.0,0.0,0.7,0.0,91.7,7.6
20160221212340,0.0,0.0,0.0,0.0,0.1,0.0,76.5,23.4
20160221212410,0.0,0.0,0.0,0.0,0.0,0.0,56.2,43.8
20160221212440,0.0,0.0,0.0,0.0,0.0,0.0,55.5,44.5
20160221212510,0.0,0.0,0.0,0.0,0.0,0.0,75.7,24.3
20160221212540,0.0,0.0,0.0,0.0,0.1,0.0,67.8,32.1
20160221212610,0.0,0.0,0.0,0.0,0.8,0.0,69.5,29.7
20160221212640,0.0,0.0,0.0,0.0,0.3,0.0,94.2,5.5
20160221212710,0.0,0.0,0.0,0.0,0.4,0.0,98.2,1.5
20160221212740,0.0,0.0,0.0,0.0,0.4,0.0,93.0,6.6
20160221212810,0.0,0.0,0.0,0.0,0.7,0.0,95.9,3.4
20160221212840,0.0,0.0,0.0,0.0,6.6,0.0,85.7,7.6
20160221212910,0.0,0.0,0.0,0.0,0.1,0.0,95.0,4.9
20160221212940,0.0,0.0,0.0,0.0,0.3,0.0,81.1,18.5
20160221213010,0.0,0.0,0.0,0.0,0.1,0.0,97.8,2.1
20160221213040,0.0,0.0,0.0,0.0,0.5,0.0,94.9,4.5
20160221213110,0.0,0.0,0.0,0.0,0.2,0.0,96.9,2.8
20160221213140,0.0,0.0,0.0,0.0,0.1,0.0,99.7,0.2
20160221213210,0.0,0.0,0.1,0.0,2.7,0.0,96.4,0.7
20160221213240,0.0,0.0,0.0,0.0,0.3,0.0,98.0,1.7
20160221213310,0.0,0.0,0.0,0.0,0.1,0.0,99.4,0.5
20160221213340,0.0,0.0,0.0,0.0,0.4,0.0,98.1,1.5
20160221213410,0.0,0.0,0.0,0.0,0.2,0.0,98.5,1.3
20160221213440,0.0,0.0,0.0,0.0,0.1,0.0,94.7,5.2
20160221213510,0.0,0.0,0.0,0.0,0.1,0.0,92.3,7.5
20160221213540,0.0,0.0,0.0,0.0,0.3,0.0,89.4,10.3
20160221213610,0.0,0.0,0.1,0.0,0.7,0.0,95.2,4.0
20160221213640,0.0,0.0,0.0,0.0,0.3,0.0,98.4,1.3
20160221213710,0.0,0.0,0.0,0.0,0.2,0.0,93.2,6.6
20160221213740,0.0,0.0,0.0,0.0,0.3,0.0,97.0,2.7
20160221213810,0.0,0.0,0.0,0.0,0.2,0.0,99.5,0.3
20160221213840,0.0,0.0,0.1,0.0,2.2,0.0,93.5,4.1
20160221213910,0.0,0.0,0.1,0.1,0.7,0.0,93.2,5.9
20160221213940,0.0,0.0,0.0,0.0,0.2,0.0,94.3,5.5
20160221214010,0.0,0.0,0.0,0.0,0.1,0.0,96.7,3.2
20160221214040,0.0,0.0,0.0,0.0,0.3,0.0,72.2,27.4
20160221214110,0.0,0.0,0.0,0.0,0.0,0.0,96.3,3.6
20160221214140,0.0,0.0,0.0,0.0,0.0,0.0,93.0,7.0
20160221214210,0.0,0.0,0.0,0.0,0.0,0.0,95.9,4.0
20160221214240,0.0,0.0,0.0,0.0,0.1,0.0,77.6,22.3
20160221214310,0.0,0.0,0.1,0.1,2.3,0.0,77.4,20.0
20160221214340,0.0,0.0,0.0,0.0,0.2,0.0,90.2,9.5
20160221214410,0.0,0.0,0.1,0.1,0.5,0.0,97.6,1.7
20160221214440,0.0,0.0,0.2,1.1,2.8,0.0,86.0,9.8
20160221214510,0.0,0.0,0.0,0.1,1.1,0.0,88.6,10.3
20160221214540,0.0,0.0,0.0,0.0,0.1,0.0,98.5,1.3
20160221214610,0.0,0.0,0.0,0.0,0.1,0.0,83.8,16.2
20160221214640,0.0,0.0,0.0,0.0,0.1,0.0,94.6,5.3
20160221214710,0.0,0.0,0.0,0.0,0.1,0.0,98.4,1.5
20160221214740,0.0,0.0,0.0,0.1,0.2,0.0,93.7,6.0
20160221214811,0.0,0.0,0.0,0.0,0.2,0.0,95.9,3.8
20160221214841,0.0,0.0,0.0,0.1,0.3,0.0,77.0,22.6
20160221214911,0.0,0.0,0.0,0.0,0.2,0.0,94.1,5.7
20160221214941,0.0,0.0,0.0,0.0,0.0,0.0,88.5,11.5
20160221215011,0.0,0.0,0.0,0.0,0.1,0.0,97.3,2.6
20160221215041,0.0,0.0,0.0,0.1,0.2,0.0,94.6,5.2
20160221215111,0.0,0.0,0.0,0.1,0.1,0.0,86.4,13.4
20160221215141,0.0,0.0,0.0,0.1,0.0,0.0,52.8,47.1
20160221215211,0.0,0.0,0.0,0.0,0.0,0.0,54.9,45.0
20160221215241,0.0,0.0,0.0,0.1,0.0,0.0,65.1,34.8
20160221215311,0.0,0.0,0.0,0.2,0.0,0.0,87.2,12.5
20160221215341,0.0,0.0,0.0,0.2,0.3,0.0,51.4,48.1
20160221215411,0.0,0.0,0.0,0.0,0.1,0.0,81.0,18.9
20160221215441,0.0,0.0,0.0,0.0,0.0,0.0,96.6,3.4
20160221215511,0.0,0.0,0.0,0.0,0.0,0.0,36.3,63.7
20160221215541,0.0,0.0,0.0,0.1,0.0,0.0,84.5,15.4
20160221215611,0.0,0.0,0.0,0.1,0.1,0.0,37.4,62.4
20160221215641,0.0,0.0,0.0,0.1,0.0,0.0,14.4,85.4
20160221215711,0.0,0.0,0.0,0.1,0.1,0.0,22.5,77.3
20160221215741,0.0,0.0,0.0,0.1,0.1,0.0,10.1,89.6
20160221215811,0.0,0.0,0.0,0.0,0.0,0.0,9.4,90.5
20160221215841,0.0,0.0,0.0,0.0,0.2,0.0,52.7,47.1
20160221215911,0.0,0.0,0.0,0.0,0.1,0.0,51.9,48.0
20160221215941,0.0,0.0,0.0,0.0,0.0,0.0,52.8,47.1
20160221220011,0.0,0.0,0.0,0.0,0.0,0.0,92.4,7.6
20160221220041,0.0,0.0,0.0,0.0,0.0,0.0,91.8,8.2
20160221220111,0.0,0.0,0.0,0.0,0.0,0.0,85.8,14.2
20160221220141,0.0,0.0,0.0,0.0,0.0,0.0,97.0,2.9
20160221220211,0.0,0.0,0.0,0.0,0.0,0.0,93.0,7.0
20160221220241,0.0,0.0,0.0,0.0,0.0,0.0,62.9,37.1
20160221220311,0.0,0.0,0.0,0.0,0.1,0.0,46.0,53.9
20160221220341,0.0,0.0,0.0,0.1,0.2,0.0,75.5,24.2
20160221220411,0.0,0.0,0.0,0.0,0.0,0.0,49.9,50.0
20160221220441,0.0,0.0,0.0,0.0,0.1,0.0,29.8,70.1
20160221220511,0.0,0.0,0.0,0.1,0.0,0.0,74.5,25.4
20160221220541,0.0,0.0,0.0,0.0,0.0,0.0,97.0,2.9
20160221220611,0.0,0.0,0.0,0.0,0.0,0.0,90.5,9.5
20160221220641,0.0,0.0,0.0,0.0,0.0,0.0,98.6,1.4
20160221220711,0.0,0.0,0.0,0.0,0.3,0.0,76.3,23.3
20160221220741,0.0,0.0,0.0,0.0,0.1,0.0,80.0,20.0
20160221220811,0.0,0.0,0.0,0.0,0.1,0.0,77.0,22.9
20160221220841,0.0,0.0,0.0,0.0,0.0,0.0,86.9,13.0
20160221220911,0.0,0.0,0.0,0.0,0.0,0.0,92.4,7.6
20160221220941,0.0,0.0,0.0,0.0,0.4,0.0,83.6,16.0
20160221221011,0.0,0.0,0.0,0.0,0.5,0.0,95.0,4.5
20160221221041,0.0,0.0,0.0,0.0,0.1,0.0,96.8,3.1
20160221221111,0.0,0.0,0.0,0.0,0.1,0.0,95.1,4.8
20160221221141,0.0,0.0,0.0,0.1,0.1,0.0,87.2,12.6
20160221221211,0.0,0.0,0.0,0.2,1.7,0.0,71.6,26.5
20160221221241,0.0,0.0,0.0,0.1,1.2,0.0,44.6,54.0
20160221221311,0.0,0.0,0.1,0.3,2.0,0.0,72.4,25.2
20160221221341,0.0,0.0,0.0,0.1,0.2,0.0,93.4,6.3
20160221221411,0.0,0.0,0.0,0.1,0.1,0.0,67.6,32.2
20160221221441,0.0,0.0,0.0,0.0,0.1,0.0,91.3,8.6
20160221221511,0.0,0.0,0.0,0.1,0.1,0.0,72.1,27.7
20160221221541,0.0,0.0,0.0,0.1,0.4,0.0,47.6,52.0
20160221221611,0.0,0.0,0.0,0.1,0.1,0.0,50.6,49.2
20160221221641,0.0,0.0,0.0,0.1,0.2,0.0,47.3,52.4
20160221221711,0.0,0.0,0.0,0.1,0.2,0.0,66.6,33.1
20160221221741,0.0,0.0,0.0,0.1,0.3,0.0,45.7,53.8
20160221221811,0.0,0.0,0.1,0.1,0.4,0.0,37.2,62.2
20160221221841,0.0,0.0,0.0,0.1,0.5,0.0,55.8,43.6
20160221221911,0.0,0.0,0.0,0.1,0.2,0.0,89.6,10.1
20160221221941,0.0,0.0,0.0,0.0,0.0,0.0,99.1,0.9
20160221222011,0.0,0.0,0.0,0.0,0.0,0.0,83.8,16.1
20160221222041,0.0,0.0,0.0,0.0,0.0,0.0,97.0,3.0
20160221222111,0.0,0.0,0.0,0.0,0.0,0.0,93.2,6.8
20160221222141,0.0,0.0,0.0,0.0,0.1,0.0,95.6,4.3
20160221222212,0.0,0.0,0.0,0.0,0.1,0.0,89.9,9.9
20160221222242,0.0,0.0,0.0,0.0,0.1,0.0,89.8,10.0
20160221222312,0.0,0.0,0.0,0.0,0.0,0.0,88.3,11.6
20160221222342,0.0,0.0,0.0,0.1,0.1,0.0,83.9,16.0
20160221222412,0.0,0.0,0.0,0.0,0.4,0.0,88.9,10.6
20160221222442,0.0,0.0,0.0,0.1,0.2,0.0,79.3,20.5
20160221222512,0.0,0.0,0.0,0.0,0.0,0.0,89.9,10.0
20160221222542,0.0,0.0,0.0,0.2,0.2,0.0,73.9,25.7
20160221222612,0.0,0.0,0.0,0.4,0.2,0.0,66.3,33.0
20160221222642,0.0,0.0,0.0,0.9,0.1,0.0,76.1,22.9
20160221222712,0.0,0.0,0.0,0.1,0.1,0.0,84.2,15.6
20160221222742,0.0,0.0,0.0,0.3,0.2,0.0,56.3,43.2
20160221222812,0.0,0.0,0.0,0.3,0.2,0.0,65.0,34.5
20160221222842,0.0,0.0,0.0,0.1,0.1,0.0,89.4,10.4
20160221222912,0.0,0.0,0.0,0.0,0.1,0.0,88.5,11.3
20160221222942,0.0,0.0,0.0,0.0,0.1,0.0,84.9,14.9
20160221223012,0.0,0.0,0.0,0.0,0.3,0.0,75.1,24.5
20160221223042,0.0,0.0,0.0,0.1,0.4,0.0,58.8,40.8
20160221223112,0.0,0.0,0.0,0.0,0.2,0.0,83.8,16.0
20160221223142,0.0,0.0,0.0,0.1,0.5,0.0,91.3,8.1
20160221223212,0.0,0.0,0.0,0.1,0.2,0.0,97.2,2.5
20160221223242,0.0,0.0,0.0,0.4,1.2,0.0,88.1,10.4
20160221223312,0.0,0.0,0.0,0.1,0.7,0.0,89.1,10.1
20160221223342,0.0,0.0,0.0,0.0,1.0,0.0,78.6,20.4
20160221223412,0.0,0.0,0.0,0.0,0.3,0.0,95.4,4.2
20160221223442,0.0,0.0,0.0,0.0,0.0,0.0,75.6,24.3
20160221223512,0.0,0.0,0.0,0.0,0.1,0.0,92.4,7.5
20160221223542,0.0,0.0,0.0,0.0,0.1,0.0,83.4,16.5
20160221223612,0.0,0.0,0.0,0.0,0.1,0.0,94.2,5.7
20160221223642,0.0,0.0,0.0,0.0,0.1,0.0,96.7,3.2
20160221223712,0.0,0.0,0.0,0.8,0.4,0.0,52.0,46.9
20160221223742,0.0,0.0,0.0,0.1,0.1,0.0,73.1,26.7
20160221223812,0.0,0.0,0.0,0.1,0.2,0.0,44.9,54.8
20160221223842,0.0,0.0,0.0,0.0,0.0,0.0,85.0,14.9
20160221223912,0.0,0.0,0.0,0.0,0.0,0.0,95.3,4.7
20160221223942,0.0,0.0,0.0,0.0,0.0,0.0,94.0,6.0
20160221224012,0.0,0.0,0.0,0.0,0.0,0.0,25.4,74.6
20160221224042,0.0,0.0,0.0,0.0,0.0,0.0,73.5,26.5
20160221224112,0.0,0.0,0.0,0.0,0.0,0.0,27.4,72.6
20160221224142,0.0,0.0,0.0,0.0,0.0,0.0,33.0,66.9
20160221224212,0.0,0.0,0.0,0.0,0.0,0.0,68.7,31.2
20160221224242,0.0,0.0,0.0,0.0,0.0,0.0,78.2,21.8
20160221224312,0.0,0.0,0.0,0.0,0.0,0.0,42.5,57.5
20160221224342,0.0,0.0,0.0,0.0,0.0,0.0,68.3,31.7
20160221224412,0.0,0.0,0.0,0.0,0.0,0.0,51.3,48.6
20160221224442,0.0,0.0,0.0,0.0,0.0,0.0,48.9,51.1
20160221224512,0.0,0.0,0.0,0.0,0.0,0.0,24.5,75.5
20160221224542,0.0,0.0,0.0,0.0,0.0,0.0,72.5,27.5
20160221224612,0.0,0.0,0.0,0.0,0.0,0.0,13.7,86.3
20160221224642,0.0,0.0,0.0,0.2,0.0,0.0,36.2,63.5
20160221224712,0.0,0.0,0.0,0.2,0.1,0.0,39.3,60.4
20160221224742,0.0,0.0,0.0,0.3,0.0,0.0,14.4,85.2
20160221224812,0.0,0.0,0.0,0.1,0.1,0.0,34.2,65.6
20160221224842,0.0,0.0,0.0,0.1,0.0,0.0,5.1,94.8
20160221224912,0.0,0.0,0.0,0.3,0.0,0.0,8.6,91.1
20160221224942,0.0,0.0,0.0,0.1,0.0,0.0,26.1,73.8
20160221225012,0.0,0.0,0.0,0.0,0.0,0.0,1.9,98.1
20160221225042,0.0,0.0,0.0,0.0,0.0,0.0,2.7,97.2
20160221225112,0.0,0.0,0.0,0.2,0.0,0.0,9.1,90.7
20160221225142,0.0,0.0,0.1,0.1,0.1,0.0,32.3,67.4
20160221225212,0.0,0.0,0.0,0.2,0.1,0.0,91.4,8.4
20160221225242,0.0,0.0,0.0,0.3,0.0,0.0,80.4,19.2
20160221225312,0.0,0.0,0.0,0.4,0.2,0.0,54.1,45.4
20160221225342,0.0,0.0,0.0,0.2,0.2,0.0,80.6,19.1
20160221225412,0.0,0.0,0.0,0.0,0.0,0.0,79.6,20.4
20160221225442,0.0,0.0,0.0,0.0,0.0,0.0,92.7,7.2
