UT,arc,discrete,diffuse,ac,ab,clear,cloudy,dd
20160929170100,0.0,0.0,0.0,0.0,0.0,0.0,1.7,98.3
20160929170130,0.0,0.0,0.0,0.0,0.0,0.0,0.4,99.6
20160929170200,0.0,0.0,0.0,0.0,0.0,0.0,0.7,99.3
20160929170230,0.0,0.0,0.0,0.0,0.0,0.0,0.6,99.4
20160929170300,0.0,0.0,0.0,0.0,0.0,0.0,0.0,100.0
20160929170330,0.0,0.0,0.0,0.0,0.0,0.0,0.1,99.9
20160929170400,0.0,0.0,0.0,0.0,0.0,0.0,0.0,100.0
20160929170430,0.0,0.0,0.0,0.0,0.0,0.0,0.0,100.0
20160929170500,0.0,0.0,0.0,0.0,0.0,0.0,0.0,100.0
20160929170530,0.0,0.0,0.0,0.0,0.0,0.0,0.0,100.0
20160929170600,0.0,0.0,0.0,0.0,0.0,0.0,0.0,100.0
20160929170630,0.0,0.0,0.0,0.0,0.0,0.0,0.0,100.0
20160929170700,0.0,0.0,0.0,0.0,0.0,0.0,0.0,100.0
20160929170730,0.0,0.0,0.0,0.0,0.0,0.0,0.0,100.0
20160929170800,0.0,0.0,0.0,0.0,0.0,0.0,0.0,100.0
20160929170830,0.0,0.0,0.0,0.0,0.0,0.0,0.0,100.0
20160929170900,0.0,0.0,0.0,0.0,0.0,0.0,0.0,100.0
20160929170930,0.0,0.0,0.0,0.0,0.0,0.0,0.0,100.0
20160929171000,0.0,0.0,0.0,0.0,0.0,0.0,0.0,100.0
20160929171030,0.0,0.0,0.0,0.0,0.0,0.0,0.0,100.0
20160929171100,0.0,0.0,0.0,0.0,0.0,0.0,0.0,100.0
20160929171130,0.0,0.0,0.0,0.0,0.0,0.0,0.0,100.0
20160929171200,0.0,0.0,0.0,0.0,0.0,0.0,0.0,100.0
20160929171230,0.0,0.0,0.0,0.0,0.0,0.0,0.0,100.0
20160929171300,0.0,0.0,0.0,0.0,0.0,0.0,0.0,100.0
20160929171330,0.0,0.0,0.0,0.0,0.0,0.0,0.0,100.0
20160929171400,0.0,0.0,0.0,0.0,0.0,0.0,0.0,100.0
20160929171430,0.0,0.0,0.0,0.0,0.0,0.0,0.0,100.0
20160929171500,0.0,0.0,0.0,0.0,0.0,0.0,0.0,100.0
20160929171530,0.0,0.0,0.0,0.0,0.0,0.0,0.0,100.0
20160929171600,0.0,0.0,0.0,0.0,0.0,0.0,0.0,100.0
20160929171630,0.0,0.0,0.0,0.0,0.0,0.0,0.0,100.0
20160929171700,0.0,0.0,0.0,0.0,0.0,0.0,0.0,100.0
20160929171730,0.0,0.0,0.0,0.0,0.0,0.0,0.0,100.0
20160929171800,0.0,0.0,0.0,0.0,0.0,0.0,0.0,100.0
20160929171830,0.0,0.0,0.0,0.0,0.0,0.0,0.0,100.0
20160929171900,0.0,0.0,0.0,0.0,0.0,0.0,0.0,100.0
20160929171930,0.0,0.0,0.0,0.0,0.0,0.0,0.0,100.0
20160929172000,0.0,0.0,0.0,0.0,0.0,0.0,0.0,100.0
20160929172030,0.0,0.0,0.0,0.0,0.0,0.0,0.0,100.0
20160929172101,0.0,0.0,0.0,0.0,0.0,0.0,0.0,100.0
20160929172131,0.0,0.0,0.0,0.0,0.0,0.0,0.0,100.0
20160929172201,0.0,0.0,0.0,0.0,0.0,0.0,0.0,100.0
20160929172231,0.0,0.0,0.0,0.0,0.0,0.0,0.0,100.0
20160929172301,0.0,0.0,0.0,0.0,0.0,0.0,0.0,100.0
20160929172331,0.0,0.0,0.0,0.0,0.0,0.0,0.0,100.0
20160929172401,0.0,0.0,0.0,0.0,0.0,0.0,0.0,100.0
20160929172431,0.0,0.0,0.0,0.0,0.0,0.0,0.0,100.0
20160929172501,0.0,0.0,0.0,0.0,0.0,0.0,0.0,100.0
20160929172531,0.0,0.0,0.0,0.0,0.0,0.0,0.0,100.0
20160929172601,0.0,0.0,0.0,0.0,0.0,0.0,0.0,100.0
20160929172631,0.0,0.0,0.0,0.0,0.0,0.0,0.0,100.0
20160929172701,0.0,0.0,0.0,0.0,0.0,0.0,0.0,100.0
20160929172731,0.0,0.0,0.0,0.0,0.0,0.0,0.0,100.0
20160929172801,0.0,0.0,0.0,0.0,0.0,0.0,0.0,100.0
20160929172831,0.0,0.0,0.0,0.0,0.0,0.0,0.0,100.0
20160929172901,0.0,0.0,0.0,0.0,0.0,0.0,0.0,100.0
20160929172931,0.0,0.0,0.0,0.0,0.0,0.0,0.0,100.0
20160929173001,0.0,0.0,0.0,0.0,0.0,0.0,0.0,100.0
20160929173031,0.0,0.0,0.0,0.0,0.0,0.0,0.0,100.0
20160929173101,0.0,0.0,0.0,0.0,0.0,0.0,0.0,100.0
20160929173131,0.0,0.0,0.0,0.0,0.0,0.0,0.0,100.0
20160929173201,0.0,0.0,0.0,0.0,0.0,0.0,0.0,100.0
20160929173231,0.0,0.0,0.0,0.0,0.0,0.0,0.0,100.0
20160929173301,0.0,0.0,0.0,0.0,0.0,0.0,0.0,100.0
20160929173331,0.0,0.0,0.0,0.0,0.0,0.0,0.0,100.0
20160929173401,0.0,0.0,0.0,0.0,0.0,0.0,0.0,100.0
20160929173431,0.0,0.0,0.0,0.0,0.0,0.0,0.0,100.0
20160929173501,0.0,0.0,0.0,0.0,0.0,0.0,0.0,100.0
20160929173531,0.0,0.0,0.0,0.0,0.0,0.0,0.0,100.0
20160929173601,0.0,0.0,0.0,0.0,0.0,0.0,0.0,100.0
20160929173631,0.0,0.0,0.0,0.0,0.0,0.0,0.0,100.0
20160929173701,0.0,0.0,0.0,0.0,0.0,0.0,0.0,100.0
20160929173731,0.0,0.0,0.0,0.0,0.0,0.0,0.0,100.0
20160929173801,0.0,0.0,0.0,0.0,0.0,0.0,0.0,100.0
20160929173831,0.0,0.0,0.0,0.0,0.0,0.0,0.0,100.0
20160929173901,0.0,0.0,0.0,0.0,0.0,0.0,0.0,100.0
20160929173931,0.0,0.0,0.0,0.0,0.7,0.0,0.0,99.3
20160929174001,0.0,0.0,0.0,0.0,0.0,0.0,0.0,100.0
20160929174031,0.0,0.0,0.0,0.0,0.0,0.0,0.0,100.0
20160929174101,0.0,0.0,0.0,0.0,0.0,0.0,0.0,100.0
20160929174131,0.0,0.0,0.0,0.0,0.1,0.0,0.0,99.9
20160929174201,0.0,0.0,0.0,0.0,0.1,0.0,0.0,99.9
20160929174231,0.0,0.0,0.0,0.0,0.0,0.0,0.0,100.0
20160929174301,0.0,0.0,0.0,0.0,0.0,0.0,0.0,100.0
20160929174331,0.0,0.0,0.0,0.0,0.0,0.0,0.0,100.0
20160929174401,0.0,0.0,0.0,0.0,0.0,0.0,0.0,100.0
20160929174431,0.0,0.0,0.0,0.0,0.0,0.0,0.0,100.0
20160929174501,0.0,0.0,0.0,0.0,0.0,0.0,0.0,100.0
20160929174531,0.0,0.0,0.0,0.0,0.0,0.0,0.0,100.0
20160929174601,0.0,0.0,0.0,0.0,0.2,0.0,0.0,99.8
20160929174631,0.0,0.0,0.0,0.0,0.0,0.0,0.0,100.0
20160929174701,0.0,0.0,0.0,0.0,0.1,0.0,0.0,99.9
20160929174731,0.0,0.0,0.0,0.0,0.1,0.0,0.0,99.9
20160929174801,0.0,0.0,0.0,0.0,0.0,0.0,0.0,100.0
20160929174831,0.0,0.0,0.0,0.0,0.2,0.0,0.0,99.8
20160929174901,0.0,0.0,0.0,0.0,0.0,0.0,0.0,100.0
20160929174931,0.0,0.0,0.0,0.0,0.0,0.0,0.0,100.0
20160929175001,0.0,0.0,0.0,0.0,0.1,0.0,0.0,99.9
20160929175031,0.0,0.0,0.0,0.0,0.0,0.0,0.0,100.0
20160929175101,0.0,0.0,0.0,0.0,0.0,0.0,0.0,100.0
20160929175131,0.0,0.0,0.0,0.0,0.0,0.0,0.0,100.0
20160929175201,0.0,0.0,0.0,0.0,0.0,0.0,0.0,100.0
20160929175231,0.0,0.0,0.0,0.0,0.0,0.0,0.0,100.0
20160929175301,0.0,0.0,0.0,0.0,0.0,0.0,0.0,100.0
20160929175332,0.0,0.0,0.0,0.0,0.0,0.0,0.0,100.0
20160929175402,0.0,0.0,0.0,0.0,0.0,0.0,0.0,100.0
20160929175432,0.0,0.0,0.0,0.0,0.0,0.0,0.0,100.0
20160929175502,0.0,0.0,0.0,0.0,0.2,0.0,0.0,99.8
20160929175532,0.0,0.0,0.3,0.0,14.2,0.0,0.1,85.4
20160929175602,0.0,0.0,0.3,0.4,68.6,0.0,0.3,30.5
20160929175632,0.0,0.0,0.0,0.1,91.3,0.0,0.6,8.0
20160929175702,0.0,0.0,0.0,0.8,99.1,0.0,0.0,0.0
20160929175732,0.0,0.0,1.7,6.2,81.6,0.0,0.7,9.8
20160929175802,0.0,0.0,1.6,3.9,87.9,0.0,1.2,5.4
20160929175832,0.0,0.0,1.4,29.6,65.8,0.0,1.0,2.1
20160929175902,0.0,0.0,0.0,3.3,95.7,0.0,0.1,0.9
20160929175932,0.0,0.0,0.0,3.0,96.7,0.0,0.0,0.2
20160929180002,0.0,0.0,0.1,19.7,79.9,0.0,0.1,0.1
20160929180032,0.0,0.0,0.1,22.9,76.4,0.0,0.0,0.5
20160929180232,0.0,0.0,0.0,9.1,88.4,0.0,0.1,2.4
20160929180302,0.0,0.1,0.1,21.6,59.0,0.0,2.1,17.3
20160929180332,0.0,0.0,0.0,21.3,50.8,0.0,9.4,18.4
20160929180402,0.0,0.0,0.0,6.5,80.8,0.0,0.3,12.4
20160929180432,0.0,0.0,0.0,0.5,98.4,0.0,0.0,1.1
20160929180502,0.0,0.1,0.0,1.6,62.8,0.0,0.4,35.1
20160929180532,0.0,0.0,0.0,1.4,88.9,0.0,0.0,9.6
20160929180602,0.0,0.3,0.0,47.4,36.8,0.0,0.1,15.4
20160929180632,0.0,0.1,0.0,17.7,73.6,0.0,0.2,8.4
20160929180702,0.0,0.3,0.1,12.2,85.7,0.0,0.5,1.2
20160929180732,0.0,0.5,0.1,8.1,89.8,0.0,0.1,1.4
20160929180802,0.0,0.1,0.0,35.9,50.3,0.0,0.3,13.4
20160929180832,0.0,0.0,0.0,2.3,97.6,0.0,0.0,0.0
20160929180902,0.0,0.0,0.0,3.3,93.3,0.0,0.2,3.1
20160929180932,0.0,0.0,0.0,0.4,94.8,0.0,0.0,4.8
20160929181002,0.0,0.0,0.0,3.0,83.8,0.0,0.2,12.9
20160929181032,0.0,0.0,0.0,4.3,76.8,0.0,0.7,18.1
20160929181102,0.0,0.0,0.0,6.1,91.4,0.0,0.4,2.1
20160929181132,0.0,0.1,0.0,16.3,61.7,0.0,0.8,21.0
20160929181202,0.0,0.1,0.0,5.5,33.1,0.0,8.0,53.3
20160929181232,0.0,0.0,0.0,76.3,1.1,0.0,0.7,21.9
20160929181302,0.0,0.1,0.2,98.0,1.2,0.0,0.0,0.5
20160929181332,0.0,0.0,0.5,98.3,0.3,0.0,0.6,0.4
20160929181402,0.0,0.2,3.8,91.4,1.2,0.0,1.9,1.5
20160929181432,0.0,0.1,1.2,19.4,1.7,0.0,13.7,63.9
20160929181502,0.0,0.0,1.0,13.6,0.3,0.0,60.5,24.6
20160929181532,0.0,0.0,0.2,3.2,0.0,0.0,59.6,36.9
20160929181602,0.0,0.0,0.3,0.7,0.0,0.0,50.1,48.9
20160929181632,0.0,0.0,0.1,2.5,0.0,0.0,13.6,83.8
20160929181702,0.0,0.0,0.1,1.6,0.0,0.0,60.8,37.5
20160929181732,0.0,0.0,0.0,10.3,0.1,0.0,8.7,80.8
20160929181802,0.0,0.0,0.0,3.0,0.0,0.0,6.6,90.5
20160929181832,0.0,0.0,0.0,2.9,0.0,0.0,2.3,94.7
20160929181902,0.0,0.0,0.4,1.1,0.0,0.0,1.6,96.9
20160929181932,0.0,0.0,0.0,1.5,0.0,0.0,1.0,97.4
20160929182002,0.0,0.0,0.0,3.0,0.0,0.0,6.9,90.0
20160929182032,0.0,0.0,0.1,0.3,0.0,0.0,1.9,97.6
20160929182102,0.0,0.0,0.0,0.8,0.0,0.0,14.1,85.1
20160929182132,0.0,0.0,0.0,0.8,0.0,0.0,6.1,93.1
20160929182202,0.0,0.0,0.0,9.1,0.0,0.0,5.3,85.5
20160929182232,0.0,0.0,2.1,47.9,0.2,0.0,11.1,38.6
20160929182302,0.0,0.0,0.1,90.7,0.0,0.0,4.7,4.5
20160929182332,0.0,0.0,1.5,94.2,0.1,0.0,0.6,3.7
20160929182402,0.0,0.0,0.0,99.5,0.0,0.0,0.0,0.5
20160929182432,0.0,0.0,0.5,94.7,0.0,0.0,0.5,4.3
20160929182502,0.0,0.0,0.1,99.9,0.0,0.0,0.0,0.0
20160929182532,0.0,0.0,1.3,97.5,0.0,0.0,0.9,0.3
20160929182602,0.0,0.1,1.2,96.1,0.0,0.0,1.4,1.2
20160929182632,0.0,0.0,3.2,57.9,0.0,0.0,36.5,2.3
20160929182702,0.0,0.0,4.9,44.6,0.0,0.0,46.9,3.6
20160929182732,0.0,0.0,0.3,35.1,0.0,0.0,62.5,2.0
20160929182803,0.0,0.0,0.2,69.2,0.0,0.0,22.2,8.4
20160929182833,0.0,0.0,0.0,99.5,0.0,0.0,0.3,0.1
20160929182903,0.0,0.0,0.0,98.8,0.0,0.0,1.0,0.1
20160929182933,0.0,0.0,0.0,97.3,0.0,0.0,0.9,1.8
20160929183003,0.0,0.0,0.2,82.3,0.0,0.0,5.2,12.2
20160929183033,0.0,0.0,0.0,97.6,0.0,0.0,1.5,0.9
20160929183103,0.0,0.0,0.0,90.5,0.0,0.0,3.2,6.3
20160929183133,0.0,0.0,0.2,96.0,0.0,0.0,2.8,1.0
20160929183203,0.0,0.0,0.1,98.2,0.0,0.0,0.3,1.4
20160929183233,0.0,0.0,5.6,56.7,0.1,0.0,19.7,18.0
20160929183303,0.0,0.0,0.1,97.1,0.0,0.0,0.3,2.6
20160929183333,0.0,0.0,0.4,98.5,0.0,0.0,0.4,0.7
20160929183403,0.0,0.0,0.9,93.2,0.0,0.0,4.9,1.0
20160929183433,0.0,0.0,0.4,90.3,0.0,0.0,6.3,3.0
20160929183503,0.0,0.0,0.2,99.0,0.0,0.0,0.5,0.2
20160929183533,0.0,0.0,0.3,98.1,0.0,0.0,0.6,0.9
20160929183603,0.0,0.0,10.7,87.6,0.1,0.0,0.7,0.9
20160929183633,0.0,0.0,0.7,69.7,0.0,0.0,19.7,9.8
20160929183703,0.0,0.0,5.5,83.5,0.1,0.0,4.2,6.7
20160929183733,0.0,0.0,2.7,82.8,0.2,0.0,0.5,13.9
20160929183803,0.0,0.0,11.0,68.9,0.0,0.0,1.2,18.9
20160929183833,0.0,0.0,1.1,42.5,0.0,0.0,8.0,48.4
20160929183903,0.0,0.0,0.4,99.5,0.0,0.0,0.0,0.1
20160929183933,0.0,0.0,21.9,76.5,0.0,0.0,0.2,1.3
20160929184003,0.0,0.0,27.9,70.0,0.1,0.0,0.2,1.8
20160929184033,0.0,0.0,30.3,67.4,0.1,0.0,0.2,1.9
20160929184103,0.0,2.9,62.7,29.0,0.4,0.0,0.3,4.7
20160929184133,0.0,0.1,8.2,90.4,0.3,0.0,0.3,0.7
20160929184203,0.0,0.7,38.6,52.7,2.6,0.0,0.3,5.1
20160929184233,0.0,3.1,19.1,60.1,1.7,0.0,0.9,15.0
20160929184303,0.0,0.0,26.5,73.4,0.0,0.0,0.0,0.0
20160929184333,0.0,0.5,27.8,71.2,0.3,0.0,0.0,0.1
20160929184403,0.0,1.4,9.8,87.6,0.5,0.0,0.3,0.4
20160929184433,0.0,2.2,0.3,97.0,0.4,0.0,0.0,0.1
20160929184503,0.0,1.9,20.9,66.5,6.8,0.0,0.6,3.1
20160929184533,0.1,1.6,33.4,23.6,3.2,0.0,16.0,22.2
20160929184603,0.1,6.3,51.1,5.1,27.3,0.0,6.3,3.8
20160929184633,0.0,0.9,1.6,86.8,4.2,0.0,2.0,4.5
20160929184703,0.0,0.0,0.1,92.2,7.4,0.0,0.1,0.1
20160929184733,0.0,0.3,4.8,56.2,38.4,0.0,0.1,0.1
20160929184803,0.0,0.3,1.1,36.6,62.0,0.0,0.0,0.0
20160929184833,0.1,0.4,0.0,18.1,81.4,0.0,0.0,0.0
20160929184903,0.1,1.8,3.0,68.8,26.2,0.0,0.0,0.1
20160929184933,0.7,5.9,8.7,77.0,7.6,0.0,0.0,0.0
20160929185003,0.2,5.0,1.7,90.9,2.2,0.0,0.0,0.0
20160929185033,0.3,2.8,77.5,18.7,0.6,0.0,0.1,0.0
20160929185103,0.0,3.1,3.5,92.2,1.0,0.0,0.1,0.1
20160929185133,0.0,3.3,21.0,74.7,0.2,0.0,0.8,0.0
20160929185203,0.0,1.7,5.5,3.0,0.6,0.0,88.7,0.5
20160929185233,0.1,2.9,77.3,14.5,1.7,0.0,2.9,0.5
20160929185303,0.1,0.2,8.9,75.6,0.1,0.0,14.7,0.3
20160929185333,0.0,0.2,3.6,41.7,0.2,0.0,53.9,0.3
20160929185403,0.0,0.1,11.3,42.8,0.1,0.0,45.2,0.4
20160929185433,0.1,0.2,12.1,38.2,0.5,0.0,47.9,1.0
20160929185503,0.2,0.1,2.5,66.3,0.0,0.0,30.7,0.1
20160929185533,1.3,0.1,0.5,92.8,0.3,0.0,4.9,0.1
20160929185603,0.1,0.0,0.0,97.0,0.1,0.0,2.8,0.0
20160929185633,0.5,0.0,1.2,92.3,0.0,0.0,5.9,0.0
20160929185703,0.1,0.1,1.3,89.2,0.6,0.0,8.6,0.1
20160929185733,0.2,0.0,0.2,95.1,0.1,0.0,4.4,0.0
20160929185803,0.5,0.0,0.1,98.5,0.1,0.0,0.7,0.0
20160929185833,0.1,0.0,0.2,99.3,0.0,0.0,0.3,0.0
20160929185903,0.2,0.1,1.0,95.7,0.2,0.0,2.6,0.2
20160929185933,0.1,0.0,0.7,95.6,0.0,0.0,3.5,0.0
20160929190003,0.0,0.0,0.9,76.1,0.1,0.0,22.6,0.1
20160929190033,0.0,0.0,0.4,91.0,0.1,0.0,8.4,0.0
20160929190103,0.0,0.0,0.6,16.7,0.0,0.0,82.4,0.2
20160929190133,0.0,0.0,0.6,23.2,0.0,0.0,75.9,0.3
20160929190203,0.1,0.0,0.6,23.0,0.0,0.0,76.0,0.3
20160929190234,0.0,0.0,0.5,24.9,0.1,0.0,73.4,1.0
20160929190304,0.0,0.0,0.0,98.9,0.0,0.0,1.0,0.1
20160929190334,0.0,0.0,0.0,98.1,0.0,0.0,1.8,0.0
20160929190404,0.0,0.0,0.0,98.6,0.0,0.0,1.4,0.0
20160929190434,0.0,0.0,0.0,97.4,0.0,0.0,2.5,0.0
20160929190504,0.1,0.0,0.3,81.9,0.1,0.0,17.5,0.2
20160929190534,0.2,0.0,0.1,58.8,0.0,0.0,40.8,0.2
20160929190604,0.1,0.0,0.1,91.8,0.2,0.0,4.7,3.0
20160929190634,0.0,0.0,0.0,97.3,0.0,0.0,2.7,0.0
20160929190704,0.0,0.0,0.1,94.5,0.0,0.0,4.8,0.5
20160929190734,0.0,0.0,0.0,78.6,0.0,0.0,20.2,1.1
20160929190804,0.0,0.0,0.0,37.7,0.0,0.0,59.1,3.2
20160929190834,0.0,0.0,0.0,27.2,0.0,0.0,64.7,8.0
20160929190904,0.0,0.0,0.0,7.9,0.0,0.0,88.6,3.5
20160929190934,0.0,0.0,0.0,10.0,0.0,0.0,85.3,4.7
20160929191004,0.0,0.0,0.0,2.4,0.0,0.0,96.8,0.8
20160929191034,0.0,0.0,0.0,10.5,0.0,0.0,87.8,1.7
20160929191104,0.0,0.0,0.0,4.7,0.0,0.0,94.1,1.1
20160929191134,0.0,0.0,0.0,7.0,0.0,0.0,92.5,0.5
20160929191204,0.0,0.0,0.0,33.3,0.0,0.0,59.3,7.3
20160929191234,0.0,0.0,0.0,4.8,0.0,0.0,93.5,1.7
20160929191304,0.0,0.0,0.0,6.6,0.0,0.0,90.0,3.4
20160929191334,0.0,0.0,0.0,10.7,0.1,0.0,78.2,11.0
20160929191404,0.0,0.0,0.0,2.7,0.0,0.0,71.5,25.7
20160929191434,0.0,0.0,0.0,3.6,0.0,0.0,80.2,16.2
20160929191504,0.0,0.0,0.0,4.0,0.0,0.0,69.6,26.4
20160929191534,0.0,0.0,0.0,19.8,0.0,0.0,73.3,6.9
20160929191604,0.0,0.0,0.0,4.4,0.0,0.0,94.0,1.6
20160929191634,0.0,0.0,0.0,3.0,0.0,0.0,75.2,21.7
20160929191704,0.0,0.0,0.0,7.2,0.0,0.0,66.3,26.5
20160929191734,0.0,0.0,0.0,14.5,0.1,0.2,53.8,31.3
20160929191804,0.0,0.0,0.0,17.5,0.0,0.0,72.7,9.8
20160929191834,0.0,0.0,0.0,12.5,0.0,0.1,73.9,13.6
20160929191904,0.0,0.0,0.0,1.3,0.0,0.0,95.6,3.0
20160929191934,0.0,0.0,0.0,0.3,0.0,0.1,94.2,5.3
20160929192004,0.0,0.0,0.0,1.4,0.0,0.0,93.9,4.6
20160929192034,0.0,0.0,0.0,0.7,0.0,0.0,91.1,8.1
20160929192104,0.0,0.0,0.0,0.1,0.0,0.0,97.3,2.6
20160929192134,0.0,0.0,0.0,0.3,0.0,0.0,98.5,1.1
20160929192204,0.0,0.0,0.0,0.1,0.0,0.0,99.6,0.3
20160929192234,0.0,0.0,0.0,0.8,0.0,0.0,98.6,0.6
20160929192304,0.0,0.0,0.0,0.2,0.0,0.0,99.1,0.7
20160929192334,0.0,0.0,0.0,0.5,0.0,0.0,99.2,0.3
20160929192404,0.0,0.0,0.0,0.2,0.0,0.0,99.5,0.3
20160929192434,0.0,0.0,0.0,0.0,0.0,0.0,99.9,0.0
20160929192504,0.0,0.0,0.0,0.1,0.0,0.0,99.9,0.0
20160929192534,0.0,0.0,0.0,0.0,0.0,0.0,100.0,0.0
20160929192604,0.0,0.0,0.0,0.0,0.0,0.0,99.9,0.0
20160929192634,0.0,0.0,0.0,0.0,0.0,0.0,99.9,0.0
20160929192704,0.0,0.0,0.0,0.1,0.0,0.0,99.5,0.4
20160929192734,0.0,0.0,0.0,0.0,0.0,0.0,99.8,0.1
20160929192804,0.0,0.0,0.0,0.0,0.0,0.1,98.3,1.6
20160929192834,0.0,0.0,0.0,0.3,0.0,0.0,98.9,0.8
20160929192904,0.0,0.0,0.0,0.0,0.0,0.0,99.8,0.1
20160929192934,0.0,0.0,0.0,0.0,0.0,0.0,100.0,0.0
20160929193005,0.0,0.0,0.0,0.1,0.0,0.0,96.5,3.4
20160929193035,0.0,0.0,0.0,0.0,0.0,0.0,99.5,0.4
20160929193105,0.0,0.0,0.0,0.0,0.0,0.0,90.6,9.3
20160929193135,0.0,0.0,0.0,0.0,0.0,0.0,99.3,0.7
20160929193205,0.0,0.0,0.0,0.1,0.0,0.0,99.8,0.0
20160929193235,0.0,0.0,0.0,0.0,0.0,0.0,99.1,0.8
20160929193305,0.0,0.0,0.0,0.2,0.0,0.1,96.6,3.1
20160929193335,0.0,0.0,0.0,0.0,0.0,0.0,98.5,1.5
20160929193405,0.0,0.0,0.0,0.0,0.0,0.0,99.9,0.0
20160929193435,0.0,0.0,0.0,0.0,0.0,0.0,99.9,0.1
20160929193505,0.0,0.0,0.0,0.0,0.0,0.0,99.1,0.8
20160929193535,0.0,0.0,0.0,0.0,0.0,0.0,99.7,0.3
20160929193605,0.0,0.0,0.0,0.0,0.0,0.0,99.9,0.1
20160929193635,0.0,0.0,0.0,0.0,0.0,0.1,99.7,0.2
20160929193705,0.0,0.0,0.0,0.0,0.0,0.0,98.9,1.1
20160929193735,0.0,0.0,0.0,0.0,0.0,0.0,99.9,0.0
20160929193805,0.0,0.0,0.0,0.1,0.0,0.4,97.2,2.1
20160929193835,0.0,0.0,0.1,0.1,0.0,0.4,97.1,2.2
20160929193905,0.0,0.0,0.0,0.1,0.0,0.0,99.7,0.2
20160929193935,0.0,0.0,0.0,0.0,0.0,0.0,97.7,2.3
20160929194005,0.0,0.0,0.0,0.0,0.0,0.0,99.6,0.4
20160929194035,0.0,0.0,0.0,0.0,0.0,0.0,96.3,3.6
20160929194105,0.0,0.0,0.0,0.0,0.0,0.0,99.6,0.3
20160929194135,0.0,0.0,0.0,0.0,0.0,0.0,96.6,3.4
20160929194205,0.0,0.0,0.0,0.0,0.0,0.0,99.4,0.5
20160929194235,0.0,0.0,0.0,0.2,0.0,0.0,99.6,0.3
20160929194305,0.0,0.0,0.1,0.2,0.0,0.1,98.5,1.1
20160929194335,0.0,0.0,0.0,0.1,0.0,0.0,99.8,0.1
20160929194405,0.0,0.0,0.0,0.8,0.0,0.0,97.7,1.5
20160929194435,0.0,0.0,0.0,0.0,0.0,0.0,100.0,0.0
20160929194505,0.0,0.0,0.0,0.1,0.0,0.0,99.8,0.1
20160929194535,0.0,0.0,0.0,0.0,0.0,0.0,99.9,0.1
20160929194605,0.0,0.0,0.0,0.0,0.0,0.0,100.0,0.0
20160929194635,0.0,0.0,0.0,0.0,0.0,0.0,99.9,0.0
20160929194705,0.0,0.0,0.0,0.1,0.0,0.0,99.9,0.0
20160929194735,0.0,0.0,0.0,0.0,0.0,0.0,100.0,0.0
20160929194805,0.0,0.0,0.0,0.1,0.0,0.0,99.8,0.0
20160929194835,0.0,0.0,0.0,0.0,0.0,0.0,100.0,0.0
20160929194905,0.0,0.0,0.0,0.0,0.0,0.0,100.0,0.0
20160929194935,0.0,0.0,0.0,0.0,0.0,0.0,100.0,0.0
20160929195005,0.0,0.0,0.0,0.3,0.0,0.0,99.7,0.0
20160929195035,0.0,0.0,0.0,0.2,0.0,0.0,99.8,0.0
20160929195105,0.0,0.0,0.0,1.7,0.0,0.0,98.3,0.0
20160929195135,0.0,0.0,0.0,2.1,0.0,0.0,97.9,0.0
20160929195205,0.0,0.0,0.0,0.4,0.0,0.0,99.6,0.0
20160929195235,0.0,0.0,0.0,0.3,0.0,0.0,99.7,0.0
20160929195305,0.0,0.0,0.0,0.1,0.0,0.0,99.9,0.0
20160929195335,0.0,0.0,0.0,0.3,0.0,0.0,99.7,0.0
20160929195405,0.0,0.0,0.0,0.4,0.0,0.0,99.6,0.0
20160929195435,0.0,0.0,0.0,0.4,0.0,0.0,99.6,0.0
20160929195505,0.0,0.0,0.0,9.3,0.0,0.0,90.7,0.0
20160929195535,0.0,0.0,0.0,5.5,0.0,0.0,94.5,0.0
20160929195605,0.0,0.0,0.0,4.8,0.0,0.0,95.1,0.0
20160929195635,0.0,0.0,0.0,6.2,0.0,0.0,93.7,0.1
20160929195705,0.0,0.0,0.0,3.4,0.0,0.0,96.6,0.0
20160929195735,0.0,0.0,0.0,3.3,0.0,0.0,96.7,0.0
20160929195805,0.0,0.0,0.0,5.8,0.0,0.0,94.0,0.2
20160929195835,0.0,0.0,0.0,44.2,0.0,0.0,53.1,2.7
20160929195905,0.0,0.0,0.0,0.7,0.0,0.0,99.0,0.3
20160929195935,0.0,0.0,0.0,5.1,0.0,0.0,94.8,0.1
20160929200005,0.0,0.0,0.0,2.7,0.0,0.0,97.2,0.1
20160929200035,0.0,0.0,0.0,5.6,0.0,0.0,93.9,0.5
20160929200105,0.0,0.0,0.0,1.6,0.0,0.0,98.3,0.1
20160929200135,0.0,0.0,0.0,0.7,0.0,0.0,99.3,0.0
20160929200205,0.0,0.0,0.0,4.3,0.0,0.0,95.3,0.4
20160929200235,0.0,0.0,0.0,17.0,0.0,0.0,82.0,1.0
20160929200305,0.0,0.0,0.0,2.8,0.0,0.0,96.9,0.4
20160929200335,0.0,0.0,0.0,18.7,0.0,0.0,78.6,2.7
20160929200406,0.0,0.0,0.0,4.3,0.0,0.0,95.4,0.2
20160929200436,0.0,0.0,0.0,28.5,0.0,0.0,71.2,0.3
20160929200506,0.0,0.0,0.0,14.4,0.0,0.0,85.1,0.4
20160929200536,0.0,0.0,0.0,13.4,0.0,0.0,86.4,0.1
20160929200606,0.0,0.0,0.0,5.1,0.0,0.0,94.8,0.1
20160929200636,0.0,0.0,0.0,2.2,0.0,0.0,97.2,0.5
20160929200706,0.0,0.0,0.1,1.4,0.0,0.0,95.0,3.6
20160929200736,0.0,0.0,0.1,10.6,0.1,0.0,87.3,1.9
20160929200806,0.0,0.0,0.1,8.6,0.0,0.0,87.3,4.0
20160929200836,0.0,0.0,0.1,22.3,0.0,0.0,75.5,2.0
20160929200906,0.0,0.0,0.0,15.8,0.0,0.0,81.9,2.2
20160929200936,0.0,0.0,0.1,18.4,0.1,0.0,78.2,3.2
20160929201006,0.0,0.0,0.2,14.5,0.0,0.0,84.4,0.9
20160929201036,0.0,0.0,0.2,6.6,0.1,0.0,91.9,1.2
20160929201106,0.0,0.0,0.5,3.7,0.0,0.0,95.3,0.4
20160929201136,0.0,0.0,0.7,3.7,0.1,0.0,93.5,2.0
20160929201206,0.0,0.0,0.0,1.3,0.0,0.0,98.6,0.0
20160929201236,0.0,0.0,0.1,17.9,0.0,0.0,79.1,2.9
20160929201306,0.0,0.0,0.0,2.7,0.0,0.0,95.6,1.7
20160929201336,0.0,0.0,0.0,1.6,0.0,0.0,98.0,0.4
20160929201406,0.0,0.0,0.1,16.5,0.0,0.0,81.4,2.0
20160929201436,0.0,0.0,0.1,18.4,0.0,0.0,77.1,4.4
20160929201506,0.0,0.0,0.0,3.1,0.0,0.0,96.5,0.4
20160929201536,0.0,0.0,0.0,2.7,0.0,0.0,96.8,0.5
20160929201606,0.0,0.0,0.1,5.2,0.0,0.0,94.2,0.5
20160929201636,0.0,0.0,0.4,4.5,0.0,0.0,94.8,0.2
20160929201706,0.0,0.0,0.2,6.5,0.0,0.0,92.6,0.6
20160929201736,0.0,0.0,0.2,3.8,0.0,0.0,95.1,0.9
20160929201806,0.0,0.0,0.0,1.7,0.0,0.0,97.7,0.6
20160929201836,0.0,0.0,0.0,1.8,0.0,0.0,97.8,0.4
20160929201906,0.0,0.0,0.1,2.9,0.0,0.0,96.7,0.3
20160929201936,0.0,0.0,0.0,1.0,0.0,0.0,98.6,0.4
20160929202006,0.0,0.0,0.0,1.2,0.0,0.0,98.6,0.1
20160929202036,0.0,0.0,0.0,0.1,0.0,0.0,99.8,0.0
20160929202106,0.0,0.0,0.0,0.0,0.0,0.0,99.9,0.0
20160929202136,0.0,0.0,0.0,0.3,0.0,0.0,99.7,0.0
20160929202206,0.0,0.0,0.0,0.1,0.0,0.0,99.9,0.0
20160929202236,0.0,0.0,0.0,0.1,0.0,0.0,99.8,0.1
20160929202306,0.0,0.0,0.0,0.1,0.0,0.0,99.7,0.1
20160929202336,0.0,0.0,0.0,0.4,0.0,0.0,98.3,1.2
20160929202406,0.0,0.0,0.0,0.1,0.0,0.0,99.7,0.2
20160929202436,0.0,0.0,0.0,0.2,0.0,0.0,99.8,0.1
20160929202506,0.0,0.0,0.0,0.0,0.0,0.0,99.8,0.1
20160929202536,0.0,0.0,0.0,0.0,0.0,0.0,99.9,0.0
20160929202606,0.0,0.0,0.0,0.0,0.0,0.0,100.0,0.0
20160929202636,0.0,0.0,0.0,0.0,0.0,0.0,100.0,0.0
20160929202706,0.0,0.0,0.0,0.1,0.0,0.0,99.9,0.0
20160929202736,0.0,0.0,0.0,0.0,0.0,0.0,100.0,0.0
20160929202806,0.0,0.0,0.0,0.1,0.0,0.0,99.9,0.0
20160929202836,0.0,0.0,0.0,0.0,0.0,0.0,100.0,0.0
20160929202906,0.0,0.0,0.0,0.0,0.0,0.0,100.0,0.0
20160929202936,0.0,0.0,0.0,0.0,0.0,0.0,100.0,0.0
20160929203006,0.0,0.0,0.0,0.0,0.0,0.0,100.0,0.0
20160929203036,0.0,0.0,0.0,0.0,0.0,0.0,100.0,0.0
20160929203106,0.0,0.0,0.0,0.0,0.0,0.0,100.0,0.0
20160929203136,0.0,0.0,0.0,0.0,0.0,0.0,100.0,0.0
20160929203206,0.0,0.0,0.0,0.0,0.0,0.0,100.0,0.0
20160929203236,0.0,0.0,0.0,0.0,0.0,0.0,100.0,0.0
20160929203306,0.0,0.0,0.0,0.0,0.0,0.0,100.0,0.0
20160929203336,0.0,0.0,0.0,0.0,0.0,0.0,100.0,0.0
20160929203406,0.0,0.0,0.0,0.0,0.0,0.0,100.0,0.0
20160929203436,0.0,0.0,0.0,0.0,0.0,0.0,100.0,0.0
20160929203506,0.0,0.0,0.0,0.0,0.0,0.0,100.0,0.0
20160929203536,0.0,0.0,0.0,0.0,0.0,0.0,100.0,0.0
20160929203606,0.0,0.0,0.0,0.0,0.0,0.0,100.0,0.0
20160929203636,0.0,0.0,0.0,0.0,0.0,0.0,100.0,0.0
20160929203706,0.0,0.0,0.0,0.0,0.0,0.0,100.0,0.0
20160929203736,0.0,0.0,0.0,0.0,0.0,0.0,100.0,0.0
20160929203806,0.0,0.0,0.0,0.0,0.0,0.0,100.0,0.0
20160929203837,0.0,0.0,0.0,0.0,0.0,0.0,100.0,0.0
20160929203907,0.0,0.0,0.0,0.0,0.0,0.0,100.0,0.0
20160929203937,0.0,0.0,0.0,0.0,0.0,0.0,100.0,0.0
20160929204007,0.0,0.0,0.0,0.0,0.0,0.0,100.0,0.0
20160929204037,0.0,0.0,0.0,0.0,0.0,0.0,100.0,0.0
20160929204107,0.0,0.0,0.0,0.0,0.0,0.0,100.0,0.0
20160929204137,0.0,0.0,0.0,0.0,0.0,0.0,100.0,0.0
20160929204207,0.0,0.0,0.0,0.0,0.0,0.0,100.0,0.0
20160929204237,0.0,0.0,0.0,0.0,0.0,0.0,100.0,0.0
20160929204307,0.0,0.0,0.0,0.0,0.0,0.0,100.0,0.0
20160929204337,0.0,0.0,0.0,0.0,0.0,0.0,100.0,0.0
20160929204407,0.0,0.0,0.0,0.0,0.0,0.0,100.0,0.0
20160929204437,0.0,0.0,0.0,0.0,0.0,0.0,100.0,0.0
20160929204507,0.0,0.0,0.0,0.0,0.0,0.0,100.0,0.0
20160929204537,0.0,0.0,0.0,0.0,0.0,0.0,100.0,0.0
20160929204607,0.0,0.0,0.0,0.0,0.0,0.0,100.0,0.0
20160929204637,0.0,0.0,0.0,0.0,0.0,0.0,100.0,0.0
20160929204707,0.0,0.0,0.0,0.0,0.0,0.0,100.0,0.0
20160929204737,0.0,0.0,0.0,0.0,0.0,0.0,100.0,0.0
20160929204807,0.0,0.0,0.0,0.0,0.0,0.0,100.0,0.0
20160929204837,0.0,0.0,0.0,0.0,0.0,0.0,100.0,0.0
20160929204907,0.0,0.0,0.0,0.0,0.0,0.0,100.0,0.0
20160929204937,0.0,0.0,0.0,0.0,0.0,0.0,100.0,0.0
20160929205007,0.0,0.0,0.0,0.0,0.0,0.0,100.0,0.0
20160929205037,0.0,0.0,0.0,0.0,0.0,0.0,100.0,0.0
20160929205107,0.0,0.0,0.0,0.0,0.0,0.0,100.0,0.0
20160929205137,0.0,0.0,0.0,0.0,0.0,0.0,100.0,0.0
20160929205207,0.0,0.0,0.0,0.0,0.0,0.0,100.0,0.0
20160929205237,0.0,0.0,0.0,0.0,0.0,0.0,100.0,0.0
20160929205307,0.0,0.0,0.0,0.0,0.0,0.0,100.0,0.0
20160929205337,0.0,0.0,0.0,0.0,0.0,0.0,100.0,0.0
20160929205407,0.0,0.0,0.0,0.0,0.0,0.0,100.0,0.0
20160929205437,0.0,0.0,0.0,0.0,0.0,0.0,100.0,0.0
20160929205507,0.0,0.0,0.0,0.0,0.0,0.0,100.0,0.0
20160929205537,0.0,0.0,0.0,0.0,0.0,0.0,100.0,0.0
20160929205607,0.0,0.0,0.0,0.0,0.0,0.0,100.0,0.0
20160929205637,0.0,0.0,0.0,0.0,0.0,0.0,100.0,0.0
20160929205707,0.0,0.0,0.0,0.0,0.0,0.0,100.0,0.0
20160929205737,0.0,0.0,0.0,0.0,0.0,0.0,100.0,0.0
20160929205807,0.0,0.0,0.0,0.0,0.0,0.0,100.0,0.0
20160929205837,0.0,0.0,0.0,0.0,0.0,0.0,100.0,0.0
20160929205907,0.0,0.0,0.0,0.0,0.0,0.0,100.0,0.0
20160929205937,0.0,0.0,0.0,0.0,0.0,0.0,100.0,0.0
20160929210007,0.0,0.0,0.0,0.0,0.0,0.0,100.0,0.0
20160929210037,0.0,0.0,0.0,0.0,0.0,0.0,100.0,0.0
20160929210107,0.0,0.0,0.0,0.0,0.0,0.0,100.0,0.0
20160929210137,0.0,0.0,0.0,0.0,0.0,0.0,100.0,0.0
20160929210207,0.0,0.0,0.0,0.0,0.0,0.0,100.0,0.0
20160929210237,0.0,0.0,0.0,0.0,0.0,0.0,100.0,0.0
20160929210307,0.0,0.0,0.0,0.0,0.0,0.0,100.0,0.0
20160929210337,0.0,0.0,0.0,0.0,0.0,0.0,99.9,0.0
20160929210407,0.0,0.0,0.0,0.0,0.0,0.0,100.0,0.0
20160929210437,0.0,0.0,0.0,0.0,0.0,0.0,100.0,0.0
20160929210507,0.0,0.0,0.0,0.0,0.0,0.0,100.0,0.0
20160929210538,0.0,0.0,0.0,0.0,0.0,0.0,100.0,0.0
20160929210608,0.0,0.0,0.0,0.1,0.0,0.0,99.9,0.0
20160929210638,0.0,0.0,0.0,1.5,0.0,0.0,98.4,0.0
20160929210708,0.0,0.0,0.0,0.9,0.0,0.0,99.1,0.0
20160929210738,0.0,0.0,0.0,0.0,0.0,0.0,99.9,0.0
20160929210808,0.0,0.0,0.0,0.1,0.0,0.0,99.9,0.1
20160929210838,0.0,0.0,0.0,0.1,0.0,0.0,99.9,0.0
20160929210908,0.0,0.0,0.0,0.3,0.0,0.0,99.6,0.1
20160929210938,0.0,0.0,0.0,0.0,0.0,0.0,99.9,0.0
20160929211008,0.0,0.0,0.0,0.0,0.0,0.0,99.9,0.1
20160929211038,0.0,0.0,0.0,0.0,0.0,0.0,99.9,0.1
20160929211108,0.0,0.0,0.0,0.0,0.0,0.0,100.0,0.0
20160929211138,0.0,0.0,0.0,0.0,0.0,0.0,100.0,0.0
20160929211208,0.0,0.0,0.0,0.6,0.0,0.0,99.4,0.0
20160929211238,0.0,0.0,0.1,12.0,0.1,0.0,87.3,0.5
20160929211308,0.0,0.0,0.0,99.4,0.0,0.0,0.6,0.0
20160929211338,0.0,0.0,0.0,100.0,0.0,0.0,0.0,0.0
20160929211408,0.0,0.0,0.0,100.0,0.0,0.0,0.0,0.0
20160929211438,0.0,0.0,0.0,100.0,0.0,0.0,0.0,0.0
20160929211508,0.0,0.0,0.0,72.5,0.0,0.0,27.4,0.0
20160929211538,0.0,0.0,0.0,14.3,0.0,0.0,85.7,0.0
20160929211608,0.0,0.0,0.0,3.2,0.0,0.0,96.8,0.0
20160929211638,0.0,0.0,0.0,79.5,0.0,0.0,20.5,0.0
20160929211708,0.0,0.0,0.0,96.3,0.0,0.0,3.7,0.0
20160929211738,0.0,0.0,0.0,68.9,0.0,0.0,31.0,0.0
20160929211808,0.0,0.0,0.0,40.1,0.0,0.0,59.9,0.0
20160929211838,0.0,0.0,0.0,1.1,0.0,0.0,98.9,0.1
20160929211908,0.0,0.0,0.0,11.6,0.0,0.0,88.0,0.4
20160929211938,0.0,0.0,0.0,92.0,0.0,0.0,7.7,0.3
20160929212008,0.0,0.0,0.0,68.6,0.0,0.0,31.0,0.4
20160929212038,0.0,0.0,0.0,70.6,0.0,0.0,28.2,1.2
20160929212108,0.0,0.0,0.0,59.6,0.0,0.0,40.1,0.4
20160929212138,0.0,0.0,0.0,60.8,0.0,0.0,38.3,0.9
20160929212208,0.0,0.0,0.0,70.9,0.0,0.0,28.8,0.3
20160929212238,0.0,0.0,0.0,57.4,0.0,0.0,41.5,1.1
20160929212308,0.0,0.0,0.0,41.1,0.0,0.0,55.9,3.0
20160929212338,0.0,0.0,0.0,79.8,0.0,0.0,17.7,2.5
20160929212408,0.0,0.0,0.0,45.2,0.0,0.0,53.0,1.9
20160929212438,0.0,0.0,0.0,68.6,0.0,0.0,30.7,0.7
20160929212508,0.0,0.0,0.0,91.9,0.0,0.0,7.8,0.3
20160929212538,0.0,0.0,0.0,99.7,0.0,0.0,0.3,0.0
20160929212608,0.0,0.0,0.0,90.8,0.0,0.0,9.1,0.1
20160929212638,0.0,0.0,0.0,80.1,0.1,0.0,19.6,0.2
20160929212708,0.0,0.0,0.0,57.0,0.0,0.0,42.9,0.1
20160929212738,0.0,0.0,0.0,40.2,0.0,0.0,59.3,0.5
20160929212808,0.0,0.0,0.0,3.3,0.0,0.0,94.6,2.1
20160929212838,0.0,0.0,0.1,2.1,0.0,0.0,90.0,7.7
20160929212908,0.0,0.0,0.1,1.0,0.0,0.2,88.0,10.7
20160929212938,0.0,0.0,0.1,2.5,0.0,0.0,92.0,5.4
20160929213008,0.0,0.0,0.0,4.8,0.0,0.0,95.0,0.2
20160929213038,0.0,0.0,0.0,0.9,0.0,0.0,98.9,0.2
20160929213108,0.0,0.0,0.0,0.8,0.0,0.0,99.0,0.1
20160929213138,0.0,0.0,0.0,1.1,0.0,0.0,98.1,0.7
20160929213208,0.0,0.0,0.0,0.4,0.0,0.0,99.5,0.1
20160929213238,0.0,0.0,0.0,0.5,0.0,0.0,99.4,0.1
20160929213308,0.0,0.0,0.1,0.1,0.0,0.0,99.7,0.1
20160929213338,0.0,0.0,0.0,0.1,0.0,0.0,99.9,0.1
20160929213408,0.0,0.0,0.0,0.1,0.0,0.0,99.8,0.1
20160929213438,0.0,0.0,0.0,0.1,0.0,0.0,99.3,0.5
20160929213508,0.0,0.0,0.0,0.4,0.0,0.0,99.3,0.3
20160929213538,0.0,0.0,0.0,0.3,0.0,0.0,99.6,0.1
20160929213608,0.0,0.0,0.0,0.1,0.0,0.0,99.9,0.0
20160929213638,0.0,0.0,0.0,0.1,0.0,0.0,99.8,0.1
20160929213708,0.0,0.0,0.0,0.2,0.0,0.0,99.1,0.6
20160929213738,0.0,0.0,0.0,0.3,0.0,0.0,99.7,0.0
20160929213808,0.0,0.0,0.0,2.2,0.0,0.0,97.7,0.0
20160929213838,0.0,0.0,0.0,60.9,0.0,0.0,38.7,0.4
20160929213908,0.0,0.0,0.0,93.4,0.1,0.0,5.1,1.5
20160929213939,0.0,0.0,0.2,15.9,0.0,0.0,82.7,1.2
20160929214009,0.0,0.0,0.1,2.0,0.1,0.0,96.2,1.7
20160929214039,0.0,0.0,0.0,11.8,0.0,0.0,87.8,0.4
20160929214109,0.0,0.0,0.0,2.1,0.0,0.0,97.4,0.5
20160929214139,0.0,0.0,0.2,3.2,0.0,0.0,96.4,0.2
20160929214209,0.1,0.0,0.6,43.5,0.1,0.0,55.0,0.6
20160929214239,0.0,0.0,0.0,98.5,0.0,0.0,1.3,0.1
20160929214309,0.0,0.0,0.0,58.6,0.0,0.0,40.1,1.1
20160929214339,0.1,0.0,0.2,12.9,0.1,0.0,83.9,2.7
20160929214409,0.0,0.0,0.1,3.4,0.2,0.0,90.8,5.5
20160929214439,0.0,0.0,0.0,1.1,0.0,0.0,95.0,3.8
20160929214509,0.0,0.0,0.0,5.2,0.0,0.0,86.2,8.5
20160929214539,0.0,0.0,0.2,39.2,0.1,0.0,52.0,8.4
20160929214609,0.0,0.0,0.1,7.4,0.1,0.0,80.2,12.2
20160929214639,0.0,0.0,0.2,7.0,0.2,0.0,75.3,17.3
20160929214709,0.0,0.0,0.3,23.6,0.1,0.0,71.9,4.0
20160929214739,0.0,0.0,0.2,12.4,0.2,0.0,80.7,6.6
20160929214809,0.0,0.0,0.2,37.7,0.1,0.0,55.8,6.2
20160929214839,0.0,0.0,0.1,72.4,0.1,0.0,26.8,0.6
20160929214909,0.0,0.0,0.0,47.7,0.1,0.0,51.6,0.6
20160929214939,0.0,0.0,0.1,88.5,0.0,0.0,10.7,0.6
20160929215009,0.0,0.0,0.0,96.8,0.0,0.0,3.1,0.0
20160929215039,0.0,0.0,0.0,96.3,0.0,0.0,3.6,0.0
20160929215109,0.0,0.0,0.7,95.0,0.1,0.0,3.9,0.3
20160929215139,0.0,0.0,0.5,95.8,0.0,0.0,3.3,0.3
20160929215209,0.0,0.0,0.0,99.4,0.0,0.0,0.5,0.0
20160929215239,0.0,0.0,0.9,94.6,0.1,0.0,4.2,0.2
20160929215309,0.0,0.0,0.7,23.5,0.1,0.0,75.1,0.4
20160929215339,0.0,0.0,0.3,32.7,0.1,0.0,66.5,0.4
20160929215409,0.0,0.0,0.2,57.7,0.0,0.0,41.4,0.7
20160929215439,0.0,0.0,0.5,90.2,0.1,0.0,8.2,1.0
20160929215509,0.0,0.0,1.9,47.4,0.2,0.0,50.0,0.4
20160929215539,0.0,0.0,0.6,11.8,0.2,0.0,70.1,17.3
20160929215609,0.0,0.0,0.0,72.5,0.0,0.0,27.1,0.3
20160929215639,0.0,0.0,0.1,61.9,0.1,0.0,28.9,9.0
20160929215709,0.0,0.0,0.0,71.9,0.0,0.0,27.4,0.6
20160929215739,0.0,0.0,0.0,50.7,0.0,0.0,29.9,19.3
20160929215809,0.0,0.0,0.0,42.7,0.0,0.0,44.3,12.9
20160929215839,0.0,0.0,0.1,50.4,0.0,0.0,47.4,2.0
20160929215909,0.0,0.0,0.0,62.7,0.0,0.0,28.5,8.7
20160929215939,0.0,0.0,0.0,14.0,0.0,0.0,84.8,1.1
20160929220009,0.0,0.0,0.1,45.5,0.0,0.0,52.8,1.6
20160929220039,0.0,0.0,0.0,73.4,0.0,0.0,26.4,0.2
20160929220109,0.0,0.0,0.0,56.4,0.0,0.0,43.1,0.5
20160929220139,0.0,0.0,0.0,88.7,0.0,0.0,11.1,0.1
20160929220209,0.0,0.0,0.0,80.7,0.0,0.0,19.1,0.1
20160929220239,0.0,0.0,0.0,46.8,0.0,0.0,52.6,0.5
20160929220309,0.0,0.0,0.5,33.1,0.1,0.1,61.8,4.5
20160929220339,0.0,0.0,0.2,12.7,0.1,0.0,77.5,9.5
20160929220409,0.0,0.0,0.2,30.8,0.0,0.0,67.5,1.6
20160929220439,0.0,0.0,0.6,29.9,0.1,0.1,60.4,8.9
20160929220509,0.0,0.0,0.7,61.8,0.0,0.0,34.5,3.0
20160929220539,0.0,0.0,0.4,32.6,0.0,0.1,62.6,4.3
20160929220609,0.0,0.0,0.1,29.0,0.1,0.1,66.1,4.6
20160929220639,0.0,0.0,0.1,10.9,0.0,0.0,87.7,1.2
20160929220709,0.0,0.0,0.1,7.0,0.0,0.0,90.8,2.0
20160929220739,0.1,0.0,0.2,8.9,0.1,0.3,81.6,8.8
20160929220809,0.0,0.0,0.3,3.0,0.1,0.4,90.3,6.0
20160929220839,0.0,0.0,0.2,5.6,0.0,0.0,92.5,1.6
20160929220909,0.0,0.0,0.1,4.7,0.0,0.0,93.8,1.3
20160929220939,0.0,0.0,0.2,7.7,0.1,0.1,90.6,1.3
20160929221009,0.0,0.0,0.4,4.3,0.1,0.4,93.2,1.6
20160929221039,0.0,0.0,0.1,17.2,0.0,0.1,81.4,1.2
20160929221109,0.0,0.0,0.0,0.9,0.0,0.0,99.0,0.1
20160929221139,0.0,0.0,0.1,6.4,0.0,0.1,92.9,0.4
20160929221209,0.0,0.0,0.1,6.1,0.0,0.0,93.6,0.2
20160929221239,0.0,0.0,0.0,5.2,0.0,0.0,94.5,0.3
20160929221309,0.0,0.0,0.1,10.1,0.0,0.0,89.4,0.3
20160929221339,0.0,0.0,0.1,11.2,0.0,0.0,88.6,0.1
20160929221410,0.0,0.0,0.2,13.8,0.0,0.0,84.9,1.0
20160929221440,0.0,0.0,0.3,6.9,0.0,0.1,91.1,1.6
20160929221510,0.0,0.0,0.0,27.6,0.0,0.0,72.3,0.1
20160929221540,0.0,0.0,0.1,8.2,0.0,0.1,91.0,0.7
20160929221610,0.0,0.0,0.1,14.6,0.0,0.1,84.2,1.0
20160929221640,0.0,0.0,0.1,4.4,0.0,0.0,93.6,1.8
20160929221710,0.0,0.0,0.1,26.6,0.0,0.1,72.1,1.0
20160929221740,0.0,0.0,0.1,19.3,0.0,0.1,76.5,3.9
20160929221810,0.0,0.0,0.1,16.4,0.0,0.0,82.0,1.4
20160929221840,0.0,0.0,0.2,3.0,0.1,0.1,94.8,1.9
20160929221910,0.0,0.0,0.1,15.6,0.0,0.0,81.6,2.6
20160929221940,0.0,0.0,0.1,2.7,0.0,0.1,95.2,1.9
20160929222010,0.0,0.0,0.0,10.7,0.1,0.0,84.0,5.1
20160929222040,0.0,0.0,0.1,3.7,0.1,0.0,89.0,7.1
20160929222110,0.0,0.0,0.0,3.9,0.0,0.0,95.7,0.3
20160929222140,0.0,0.0,0.0,7.3,0.0,0.0,90.3,2.3
20160929222210,0.0,0.0,0.0,3.2,0.0,0.1,95.0,1.7
20160929222240,0.0,0.0,0.1,20.7,0.0,0.1,72.9,6.3
20160929222310,0.0,0.0,0.1,11.0,0.0,0.0,88.0,0.9
20160929222340,0.0,0.0,0.1,25.6,0.0,0.0,71.7,2.5
20160929222410,0.0,0.0,0.0,4.3,0.0,0.1,94.0,1.6
20160929222440,0.0,0.0,0.0,4.4,0.0,0.1,92.3,3.1
20160929222510,0.0,0.0,0.0,2.2,0.0,0.0,96.8,1.0
20160929222540,0.0,0.0,0.0,10.6,0.0,0.1,88.1,1.2
20160929222610,0.0,0.0,0.0,7.1,0.0,0.0,90.7,2.0
20160929222640,0.0,0.0,0.0,6.1,0.0,0.0,93.1,0.8
20160929222710,0.0,0.0,0.0,4.4,0.0,0.0,95.6,0.1
20160929222740,0.0,0.0,0.0,3.1,0.0,0.0,96.5,0.4
20160929222810,0.0,0.0,0.0,3.0,0.0,0.0,96.1,0.9
20160929222840,0.0,0.0,0.0,2.5,0.0,0.0,97.1,0.4
20160929222910,0.0,0.0,0.0,0.5,0.0,0.0,98.4,1.0
20160929222940,0.0,0.0,0.0,3.1,0.0,0.0,96.6,0.3
20160929223010,0.0,0.0,0.0,5.9,0.0,0.0,93.9,0.2
20160929223040,0.0,0.0,0.0,15.1,0.0,0.0,84.1,0.7
20160929223110,0.0,0.0,0.0,2.3,0.0,0.0,96.5,1.2
20160929223140,0.0,0.0,0.0,3.5,0.0,0.0,95.8,0.7
20160929223210,0.0,0.0,0.0,19.8,0.0,0.0,79.5,0.7
20160929223240,0.0,0.0,0.1,37.7,0.1,0.0,61.3,0.7
20160929223310,0.0,0.0,0.0,3.5,0.0,0.0,96.1,0.4
20160929223340,0.0,0.0,0.0,7.3,0.0,0.0,92.6,0.1
20160929223410,0.0,0.0,0.0,21.2,0.0,0.0,76.2,2.5
20160929223440,0.0,0.0,0.0,0.4,0.0,0.0,99.3,0.3
20160929223510,0.0,0.0,0.0,4.6,0.0,0.0,94.4,1.0
20160929223540,0.0,0.0,0.0,12.5,0.0,0.0,85.4,2.0
20160929223610,0.0,0.0,0.0,8.0,0.0,0.0,91.8,0.2
20160929223640,0.0,0.0,0.0,1.9,0.0,0.0,98.0,0.0
20160929223710,0.0,0.0,0.0,2.8,0.0,0.0,97.1,0.0
20160929223740,0.0,0.0,0.0,1.6,0.0,0.0,98.2,0.2
20160929223810,0.0,0.0,0.0,2.9,0.0,0.0,96.7,0.3
20160929223840,0.0,0.0,0.0,2.0,0.0,0.0,97.5,0.5
20160929223910,0.0,0.0,0.0,9.6,0.0,0.0,89.8,0.6
20160929223940,0.0,0.0,0.0,10.5,0.0,0.0,87.5,2.0
20160929224010,0.0,0.0,0.0,17.1,0.0,0.0,82.2,0.7
20160929224040,0.0,0.0,0.0,5.5,0.0,0.0,94.4,0.1
20160929224111,0.0,0.0,0.0,5.7,0.0,0.0,94.3,0.1
20160929224141,0.0,0.0,0.0,12.4,0.0,0.0,87.5,0.1
20160929224211,0.0,0.0,0.0,1.3,0.0,0.0,98.6,0.1
20160929224241,0.0,0.0,0.0,1.4,0.0,0.0,98.6,0.0
20160929224311,0.0,0.0,0.0,0.9,0.0,0.0,99.1,0.0
20160929224341,0.0,0.0,0.0,1.0,0.0,0.0,99.0,0.0
20160929224411,0.0,0.0,0.0,2.6,0.0,0.0,97.3,0.1
20160929224441,0.0,0.0,0.0,12.5,0.0,0.0,87.4,0.0
20160929224511,0.0,0.0,0.0,17.0,0.0,0.0,82.9,0.1
20160929224541,0.0,0.0,0.0,17.4,0.0,0.0,82.3,0.3
20160929224611,0.0,0.0,0.0,17.5,0.0,0.0,82.0,0.5
20160929224641,0.0,0.0,0.0,44.9,0.0,0.0,55.0,0.1
20160929224711,0.0,0.0,0.0,16.4,0.0,0.0,83.0,0.6
20160929224741,0.0,0.0,0.0,4.7,0.0,0.0,94.3,0.9
20160929224811,0.0,0.0,0.0,3.0,0.0,0.0,96.4,0.6
20160929224841,0.0,0.0,0.0,0.9,0.0,0.0,98.9,0.2
20160929224911,0.0,0.0,0.0,1.4,0.0,0.0,98.6,0.1
20160929224941,0.0,0.0,0.0,0.3,0.0,0.0,99.2,0.5
20160929225011,0.0,0.0,0.0,0.1,0.0,0.0,98.8,1.0
20160929225041,0.0,0.0,0.0,0.2,0.0,0.0,99.6,0.2
20160929225111,0.0,0.0,0.0,0.4,0.0,0.0,99.5,0.0
20160929225141,0.0,0.0,0.0,0.3,0.0,0.0,98.6,1.1
20160929225211,0.0,0.0,0.0,0.1,0.0,0.0,99.9,0.0
20160929225241,0.0,0.0,0.0,0.1,0.0,0.0,99.9,0.0
20160929225311,0.0,0.0,0.0,0.1,0.0,0.0,99.8,0.1
20160929225341,0.0,0.0,0.0,0.1,0.0,0.0,99.9,0.0
20160929225411,0.0,0.0,0.0,0.3,0.0,0.0,99.6,0.2
20160929225441,0.0,0.0,0.0,0.1,0.0,0.0,99.9,0.0
20160929225511,0.0,0.0,0.0,0.1,0.0,0.0,99.8,0.1
20160929225541,0.0,0.0,0.0,0.2,0.0,0.0,99.8,0.0
20160929225611,0.0,0.0,0.0,0.1,0.0,0.0,99.9,0.1
20160929225641,0.0,0.0,0.0,0.4,0.0,0.0,99.5,0.2
20160929225711,0.0,0.0,0.0,0.3,0.0,0.0,99.5,0.2
20160929225741,0.0,0.0,0.0,0.8,0.0,0.0,99.0,0.2
20160929225811,0.0,0.0,0.0,8.7,0.0,0.0,91.1,0.2
20160929225841,0.0,0.0,0.0,46.7,0.0,0.0,52.9,0.4
20160929225911,0.0,0.0,0.0,2.7,0.0,0.0,96.9,0.4
20160929225941,0.0,0.0,0.0,5.3,0.0,0.0,94.2,0.5
20160929230011,0.0,0.0,0.0,3.2,0.0,0.0,95.5,1.3
20160929230041,0.0,0.0,0.0,2.8,0.0,0.0,97.0,0.2
20160929230111,0.0,0.0,0.0,0.3,0.0,0.0,99.7,0.0
20160929230141,0.0,0.0,0.0,1.0,0.0,0.0,98.9,0.1
20160929230211,0.0,0.0,0.0,4.5,0.0,0.0,95.4,0.1
20160929230241,0.0,0.0,0.0,1.0,0.0,0.0,99.0,0.0
20160929230311,0.0,0.0,0.0,16.9,0.0,0.0,83.1,0.0
20160929230341,0.0,0.0,0.0,2.5,0.0,0.0,97.4,0.1
20160929230411,0.0,0.0,0.0,10.5,0.0,0.0,89.4,0.1
20160929230441,0.0,0.0,0.0,0.6,0.0,0.0,98.9,0.5
20160929230511,0.0,0.0,0.0,7.9,0.0,0.0,91.9,0.2
20160929230541,0.0,0.0,0.0,1.0,0.0,0.0,99.0,0.0
20160929230611,0.0,0.0,0.0,5.1,0.0,0.0,94.8,0.1
20160929230641,0.0,0.0,0.0,3.1,0.0,0.0,96.6,0.3
20160929230711,0.0,0.0,0.0,0.4,0.0,0.0,99.4,0.2
20160929230741,0.0,0.0,0.0,1.2,0.0,0.0,98.5,0.2
20160929230811,0.0,0.0,0.0,1.8,0.0,0.0,98.1,0.1
20160929230841,0.0,0.0,0.0,2.5,0.0,0.0,97.0,0.5
20160929230911,0.0,0.0,0.0,0.9,0.0,0.0,98.3,0.7
20160929230941,0.0,0.0,0.0,4.7,0.0,0.0,94.1,1.1
20160929231011,0.0,0.0,0.2,21.3,0.1,0.1,59.7,18.6
20160929231041,0.0,0.0,0.1,5.6,0.0,0.0,90.5,3.8
20160929231111,0.0,0.0,0.2,3.7,0.0,0.1,84.9,11.2
20160929231141,0.0,0.0,0.3,11.3,0.1,0.1,58.2,30.1
20160929231211,0.0,0.0,0.2,13.1,0.0,0.1,79.1,7.5
20160929231241,0.0,0.0,0.6,6.6,0.1,0.1,77.7,14.8
20160929231311,0.0,0.0,0.1,13.5,0.1,0.0,82.3,4.0
20160929231341,0.0,0.0,0.1,0.8,0.1,0.1,94.8,4.0
20160929231411,0.0,0.0,0.1,5.4,0.0,0.1,90.0,4.4
20160929231441,0.0,0.0,0.2,1.8,0.1,0.2,89.5,8.2
20160929231511,0.0,0.0,0.2,2.0,0.0,0.1,92.2,5.4
20160929231541,0.0,0.0,0.0,0.3,0.0,0.1,94.5,5.0
20160929231612,0.0,0.0,0.1,5.4,0.0,0.2,89.6,4.5
20160929231642,0.0,0.0,0.1,2.3,0.1,0.1,90.7,6.6
20160929231712,0.0,0.0,0.5,1.0,0.0,0.2,85.5,12.7
20160929231742,0.0,0.0,0.4,3.7,0.0,0.2,85.9,9.7
20160929231812,0.0,0.0,0.7,3.0,0.1,0.1,81.5,14.5
20160929231842,0.0,0.0,0.1,2.9,0.0,0.0,87.6,9.2
20160929231912,0.0,0.0,0.3,2.7,0.0,0.0,92.2,4.7
20160929231942,0.0,0.0,1.1,2.3,0.2,0.2,89.1,7.1
20160929232012,0.0,0.0,1.2,5.3,0.1,0.1,91.6,1.6
20160929232042,0.0,0.0,0.6,3.0,0.0,0.1,94.9,1.4
20160929232112,0.0,0.0,0.7,4.1,0.1,0.2,81.6,13.2
20160929232142,0.0,0.0,0.5,2.3,0.1,0.1,90.6,6.4
20160929232212,0.0,0.0,1.2,1.3,0.1,0.4,84.0,13.0
20160929232242,0.0,0.0,0.1,1.6,0.0,0.0,95.9,2.3
20160929232312,0.0,0.0,0.7,1.2,0.1,0.2,92.5,5.3
20160929232342,0.1,0.0,2.6,4.1,0.3,0.8,68.6,23.6
20160929232412,0.0,0.0,1.3,4.3,0.1,0.2,89.8,4.2
20160929232442,0.0,0.0,0.8,5.1,0.1,0.2,93.1,0.7
20160929232512,0.0,0.0,2.2,5.0,0.2,0.4,85.0,7.1
20160929232542,0.0,0.0,1.6,19.7,0.2,0.2,73.9,4.4
20160929232612,0.0,0.0,0.4,2.7,0.0,0.5,95.2,1.1
20160929232642,0.0,0.0,1.1,4.4,0.0,0.6,92.9,1.0
20160929232712,0.0,0.0,0.2,1.1,0.0,0.3,97.8,0.6
20160929232742,0.0,0.0,0.3,2.8,0.0,0.2,96.0,0.6
20160929232812,0.0,0.0,0.2,7.1,0.0,0.1,92.3,0.2
20160929232842,0.0,0.0,0.9,5.0,0.0,0.1,92.9,1.1
20160929232912,0.0,0.0,1.6,3.9,0.0,0.5,93.3,0.6
20160929232942,0.0,0.0,1.5,2.6,0.0,0.5,94.7,0.6
20160929233012,0.0,0.0,0.3,3.7,0.0,0.1,95.6,0.3
20160929233042,0.0,0.0,3.4,2.9,0.0,0.1,93.4,0.1
20160929233112,0.0,0.0,1.9,1.2,0.0,0.0,96.4,0.5
20160929233142,0.0,0.0,4.7,14.6,0.0,0.1,79.9,0.6
20160929233212,0.0,0.0,2.4,9.2,0.0,0.0,88.1,0.2
20160929233242,0.0,0.0,1.1,11.2,0.0,0.0,87.5,0.1
20160929233312,0.0,0.0,1.6,4.2,0.0,0.0,94.0,0.2
20160929233342,0.0,0.0,8.7,43.0,0.0,0.0,47.9,0.4
20160929233412,0.0,0.0,26.9,50.2,0.1,0.0,22.7,0.1
20160929233442,0.0,0.0,6.0,58.3,0.0,0.0,35.6,0.1
20160929233512,0.0,0.0,1.5,25.0,0.0,0.0,73.5,0.0
20160929233542,0.0,0.0,0.3,8.1,0.0,0.0,91.6,0.0
20160929233612,0.0,0.0,0.9,29.1,0.0,0.0,70.0,0.0
20160929233642,0.0,0.0,0.7,98.5,0.0,0.0,0.8,0.0
20160929233712,0.0,0.0,0.3,75.1,0.0,0.0,24.6,0.0
20160929233742,0.0,0.0,1.5,88.0,0.0,0.0,10.5,0.0
20160929233812,0.0,0.0,3.0,96.4,0.0,0.0,0.6,0.0
20160929233842,0.0,0.0,2.9,93.9,0.0,0.0,3.2,0.0
20160929233912,0.0,0.0,2.3,94.1,0.0,0.0,3.6,0.0
20160929233942,0.0,0.0,38.6,54.9,0.0,0.0,6.5,0.0
20160929234012,0.0,0.0,2.0,97.9,0.0,0.0,0.0,0.0
20160929234042,0.0,0.0,16.6,83.2,0.0,0.0,0.1,0.0
20160929234112,0.0,0.0,52.3,47.0,0.0,0.0,0.6,0.0
20160929234142,0.0,0.0,0.2,99.8,0.0,0.0,0.0,0.0
20160929234212,0.0,0.0,12.3,81.4,0.0,0.0,6.3,0.0
20160929234242,0.0,0.0,8.4,91.0,0.0,0.0,0.5,0.0
20160929234312,0.0,0.0,1.9,97.5,0.0,0.0,0.6,0.0
20160929234342,0.0,0.0,8.5,81.5,0.0,0.0,9.9,0.1
20160929234412,0.0,0.0,35.5,63.9,0.0,0.0,0.5,0.0
20160929234442,0.0,0.0,23.4,76.6,0.0,0.0,0.0,0.0
20160929234512,0.0,0.0,79.3,20.6,0.0,0.0,0.0,0.0
20160929234542,0.0,0.0,89.6,10.4,0.0,0.0,0.0,0.0
20160929234612,0.0,0.0,94.2,5.8,0.0,0.0,0.0,0.0
20160929234642,0.0,0.0,91.0,8.9,0.0,0.0,0.0,0.0
20160929234712,0.0,0.0,33.1,66.9,0.0,0.0,0.0,0.0
20160929234742,0.0,0.0,53.1,46.9,0.0,0.0,0.0,0.0
20160929234812,0.0,0.0,85.9,14.1,0.0,0.0,0.0,0.0
20160929234842,0.0,0.0,38.3,61.7,0.0,0.0,0.0,0.0
20160929234912,0.0,0.0,13.1,86.9,0.0,0.0,0.0,0.0
20160929234942,0.0,0.0,87.3,12.6,0.0,0.0,0.1,0.1
20160929235013,0.0,0.0,76.3,23.0,0.0,0.0,0.3,0.3
20160929235043,0.0,0.0,79.3,20.5,0.0,0.0,0.2,0.0
20160929235113,0.0,0.0,71.2,28.4,0.0,0.0,0.3,0.0
20160929235143,0.0,0.0,77.4,17.4,0.0,0.0,5.0,0.1
20160929235213,0.0,0.0,61.1,38.8,0.0,0.0,0.1,0.0
20160929235243,0.0,0.0,66.4,33.5,0.0,0.0,0.0,0.0
20160929235313,0.0,0.0,17.6,82.4,0.0,0.0,0.0,0.0
20160929235343,0.0,0.0,34.9,65.1,0.0,0.0,0.0,0.0
