UT,arc,discrete,diffuse,ac,ab,clear,cloudy,dd
20160316173300,0.0,0.0,0.0,0.0,0.0,0.0,0.0,100.0
20160316173330,0.0,0.0,0.0,0.0,0.0,0.0,0.0,100.0
20160316173400,0.0,0.0,0.0,0.0,0.0,0.0,0.0,100.0
20160316173430,0.0,0.0,0.0,0.0,0.0,0.0,0.0,100.0
20160316173500,0.0,0.0,0.0,0.0,0.0,0.0,0.0,100.0
20160316173530,0.0,0.0,0.0,0.0,0.0,0.0,0.0,100.0
20160316173600,0.0,0.0,0.0,0.0,0.0,0.0,0.0,100.0
20160316173630,0.0,0.0,0.0,0.0,0.0,0.0,0.0,100.0
20160316173700,0.0,0.0,0.0,0.0,0.0,0.0,0.0,100.0
20160316173730,0.0,0.0,0.0,0.0,0.0,0.0,0.0,100.0
20160316173800,0.0,0.0,0.0,0.0,0.0,0.0,0.0,100.0
20160316173830,0.0,0.0,0.0,0.0,0.0,0.0,0.0,100.0
20160316173900,0.0,0.0,0.0,0.0,0.0,0.0,0.0,100.0
20160316173930,0.0,0.0,0.0,0.0,0.0,0.0,0.0,100.0
20160316174000,0.0,0.0,0.0,0.0,0.0,0.0,0.0,100.0
20160316174030,0.0,0.0,0.0,0.0,0.0,0.0,0.0,100.0
20160316174100,0.0,0.0,0.0,0.0,0.0,0.0,0.0,100.0
20160316174130,0.0,0.0,0.0,0.0,0.0,0.0,0.0,100.0
20160316174200,0.0,0.0,0.0,0.0,0.0,0.0,0.0,100.0
20160316174230,0.0,0.0,0.0,0.0,0.0,0.0,0.0,100.0
20160316174300,0.0,0.0,0.0,0.0,0.0,0.0,0.0,100.0
20160316174330,0.0,0.0,0.0,0.0,0.0,0.0,0.0,100.0
20160316174400,0.0,0.0,0.0,0.0,0.0,0.0,0.0,100.0
20160316174430,0.0,0.0,0.0,0.0,0.0,0.0,0.0,100.0
20160316174500,0.0,0.0,0.0,0.0,0.0,0.0,0.0,100.0
20160316174530,0.0,0.0,0.0,0.0,0.0,0.0,0.0,100.0
20160316174600,0.0,0.0,0.0,0.0,0.0,0.0,0.0,100.0
20160316174630,0.0,0.0,0.0,0.0,0.0,0.0,0.0,100.0
20160316174700,0.0,0.0,0.0,0.0,0.0,0.0,0.0,100.0
20160316174730,0.0,0.0,0.0,0.0,0.0,0.0,0.0,100.0
20160316174800,0.0,0.0,0.0,0.0,0.0,0.0,0.0,100.0
20160316174830,0.0,0.0,0.0,0.0,0.0,0.0,0.0,100.0
20160316174900,0.0,0.0,0.0,0.0,0.0,0.0,0.0,100.0
20160316174930,0.0,0.0,0.0,0.0,0.0,0.0,0.0,100.0
20160316175000,0.0,0.0,0.0,0.0,0.0,0.0,0.0,100.0
20160316175030,0.0,0.0,0.0,0.0,0.0,0.0,0.0,100.0
20160316175100,0.0,0.0,0.0,0.0,0.0,0.0,0.0,100.0
20160316175130,0.0,0.0,0.0,0.0,0.0,0.0,0.0,100.0
20160316175200,0.0,0.0,0.0,0.0,0.0,0.0,0.0,100.0
20160316175230,0.0,0.0,0.0,0.0,0.0,0.0,0.0,100.0
20160316175300,0.0,0.0,0.0,0.0,0.0,0.0,0.0,100.0
20160316175330,0.0,0.0,0.0,0.0,0.0,0.0,0.0,100.0
20160316175400,0.0,0.0,0.0,0.0,0.0,0.0,0.0,100.0
20160316175430,0.0,0.0,0.0,0.0,0.0,0.0,0.0,100.0
20160316175500,0.0,0.0,0.0,0.0,0.0,0.0,0.0,100.0
20160316175531,0.0,0.0,0.0,0.0,0.0,0.0,0.0,100.0
20160316175601,0.0,0.0,0.0,0.0,0.0,0.0,0.0,100.0
20160316175631,0.0,0.0,0.0,0.0,0.0,0.0,0.0,100.0
20160316175701,0.0,0.0,0.0,0.0,0.0,0.0,0.0,100.0
20160316175731,0.0,0.0,0.0,0.0,0.0,0.0,0.0,100.0
20160316175801,0.0,0.0,0.0,0.0,0.0,0.0,0.0,100.0
20160316175831,0.0,0.0,0.0,0.0,0.0,0.0,0.0,100.0
20160316175901,0.0,0.0,0.0,0.0,0.0,0.0,0.0,100.0
20160316175931,0.0,0.0,0.0,0.0,0.0,0.0,0.0,100.0
20160316180001,0.0,0.0,0.0,0.0,0.0,0.0,0.0,100.0
20160316180031,0.0,0.0,0.0,0.0,0.0,0.0,0.0,100.0
20160316180101,0.0,0.0,0.0,0.0,0.0,0.0,0.0,100.0
20160316180131,0.0,0.0,0.0,0.0,0.0,0.0,0.0,100.0
20160316180201,0.0,0.0,0.0,0.0,0.0,0.0,0.0,100.0
20160316180231,0.0,0.0,0.0,0.0,0.0,0.0,0.0,100.0
20160316180301,0.0,0.0,0.0,0.0,0.0,0.0,0.0,100.0
20160316180331,0.0,0.0,0.0,0.0,0.0,0.0,0.0,100.0
20160316180401,0.0,0.0,0.0,0.0,0.0,0.0,0.0,100.0
20160316180431,0.0,0.0,0.0,0.0,0.0,0.0,0.0,100.0
20160316180501,0.0,0.0,0.0,0.0,0.0,0.0,0.0,100.0
20160316180531,0.0,0.0,0.0,0.0,0.0,0.0,0.0,100.0
20160316180601,0.0,0.0,0.0,0.0,0.0,0.0,0.0,100.0
20160316180631,0.0,0.0,0.0,0.0,0.0,0.0,0.0,100.0
20160316180701,0.0,0.0,0.0,0.0,0.0,0.0,0.0,100.0
20160316180731,0.0,0.0,0.0,0.0,0.0,0.0,0.0,100.0
20160316180801,0.0,0.0,0.0,0.0,0.0,0.0,0.0,100.0
20160316180831,0.0,0.0,0.0,0.0,0.0,0.0,0.0,100.0
20160316180901,0.0,0.0,0.0,0.0,0.0,0.0,0.0,100.0
20160316180931,0.0,0.0,0.0,0.0,0.0,0.0,0.0,100.0
20160316181001,0.0,0.0,0.0,0.0,0.0,0.0,0.0,100.0
20160316181031,0.0,0.0,0.0,0.0,0.0,0.0,0.0,100.0
20160316181101,0.0,0.0,0.0,0.0,0.0,0.0,0.0,100.0
20160316181131,0.0,0.0,0.0,0.0,0.0,0.0,0.0,100.0
20160316181201,0.0,0.0,0.0,0.0,0.0,0.0,0.0,100.0
20160316181231,0.0,0.0,0.0,0.0,0.0,0.0,0.0,100.0
20160316181301,0.0,0.0,0.0,0.0,0.0,0.0,0.0,100.0
20160316181331,0.0,0.0,0.0,0.0,0.0,0.0,0.0,100.0
20160316181401,0.0,0.0,0.0,0.0,0.0,0.0,0.0,100.0
20160316181431,0.0,0.0,0.0,0.0,0.0,0.0,0.0,100.0
20160316181501,0.0,0.0,0.0,0.0,0.0,0.0,0.1,99.9
20160316181531,0.0,0.0,0.0,0.0,0.0,0.0,0.0,99.9
20160316181601,0.0,0.0,0.0,0.0,0.0,0.0,0.0,100.0
20160316181631,0.0,0.0,0.0,0.0,0.0,0.0,0.0,100.0
20160316181701,0.0,0.0,0.0,0.0,0.0,0.0,0.0,100.0
20160316181731,0.0,0.0,0.0,0.0,0.0,0.0,0.0,100.0
20160316181801,0.0,0.0,0.0,0.0,0.0,0.0,0.0,100.0
20160316181831,0.0,0.0,0.0,0.0,0.0,0.0,0.0,100.0
20160316181901,0.0,0.0,0.0,0.0,0.0,0.0,0.0,100.0
20160316181931,0.0,0.0,0.0,0.0,0.0,0.0,0.0,100.0
20160316182001,0.0,0.0,0.0,0.0,0.0,0.0,0.0,100.0
20160316182031,0.0,0.0,0.0,0.0,0.0,0.0,0.0,100.0
20160316182101,0.0,0.0,0.0,0.0,0.0,0.0,0.0,100.0
20160316182131,0.0,0.0,0.0,0.0,0.0,0.0,0.0,100.0
20160316182201,0.0,0.0,0.0,0.0,0.0,0.0,0.0,100.0
20160316182231,0.0,0.0,0.0,0.0,0.0,0.0,0.0,100.0
20160316182301,0.0,0.0,0.0,0.0,0.0,0.0,0.0,100.0
20160316182331,0.0,0.0,0.0,0.0,0.0,0.0,0.0,100.0
20160316182401,0.0,0.0,0.0,0.0,0.0,0.0,0.0,100.0
20160316182431,0.0,0.0,0.0,0.0,0.0,0.0,0.0,100.0
20160316182501,0.0,0.0,0.0,0.0,0.0,0.0,0.0,100.0
20160316182531,0.0,0.0,0.0,0.0,0.0,0.0,0.0,100.0
20160316182601,0.0,0.0,0.0,0.0,0.0,0.0,0.0,100.0
20160316182631,0.0,0.0,0.0,0.0,0.0,0.0,0.0,100.0
20160316182701,0.0,0.0,0.0,0.0,0.0,0.0,0.0,100.0
20160316182731,0.0,0.0,0.0,0.0,0.0,0.0,0.0,100.0
20160316182801,0.0,0.0,0.0,0.0,0.0,0.0,0.0,100.0
20160316182831,0.0,0.0,0.0,0.0,0.0,0.0,0.0,100.0
20160316182901,0.0,0.0,0.0,0.0,0.0,0.0,0.0,100.0
20160316182932,0.0,0.0,0.0,0.0,0.0,0.0,0.2,99.8
20160316183002,0.0,0.0,0.0,0.0,0.0,0.0,1.4,98.5
20160316183032,0.0,0.0,0.0,0.0,0.0,0.0,0.2,99.8
20160316183102,0.0,0.0,0.0,0.0,0.0,0.0,2.4,97.5
20160316183132,0.0,0.0,0.1,0.0,0.0,0.0,4.9,94.9
20160316183202,0.0,0.0,0.1,0.0,0.0,0.0,2.8,97.1
20160316183232,0.0,0.0,0.0,0.0,0.0,0.0,12.3,87.7
20160316183432,0.0,0.0,0.0,0.0,0.0,0.0,1.6,98.4
20160316183502,0.0,0.0,0.0,0.0,0.0,0.0,1.7,98.3
20160316183532,0.0,0.0,0.0,0.0,0.0,0.0,2.0,98.0
20160316183602,0.0,0.0,0.0,0.0,0.0,0.0,3.8,96.1
20160316183632,0.0,0.0,0.0,0.0,0.0,0.0,6.0,94.0
20160316183702,0.0,0.0,0.0,0.0,0.0,0.0,5.4,94.5
20160316183732,0.0,0.0,0.0,0.0,0.0,0.0,2.6,97.4
20160316183802,0.0,0.0,0.0,0.0,0.0,0.0,7.6,92.4
20160316183832,0.0,0.0,0.0,0.0,0.0,0.0,9.9,90.0
20160316183902,0.0,0.0,0.1,0.0,0.1,0.0,20.5,79.3
20160316183932,0.0,0.0,0.0,0.0,0.0,0.0,28.4,71.5
20160316184002,0.0,0.0,0.1,0.0,0.1,0.0,22.4,77.4
20160316184032,0.0,0.0,0.1,0.0,0.1,0.0,25.2,74.6
20160316184102,0.0,0.0,0.1,0.0,0.0,0.0,2.5,97.4
20160316184132,0.0,0.0,0.1,0.0,0.0,0.0,4.4,95.5
20160316184202,0.0,0.0,0.0,0.0,0.0,0.0,2.0,98.0
20160316184232,0.0,0.0,0.0,0.0,0.0,0.0,6.2,93.7
20160316184302,0.0,0.0,0.1,0.0,0.0,0.0,16.3,83.6
20160316184332,0.0,0.0,0.0,0.0,0.0,0.0,9.9,90.0
20160316184402,0.0,0.0,0.0,0.0,0.0,0.0,2.0,98.0
20160316184432,0.0,0.0,0.0,0.0,0.0,0.0,23.9,76.1
20160316184502,0.0,0.0,0.0,0.0,0.0,0.0,21.5,78.4
20160316184532,0.0,0.0,0.0,0.0,0.4,0.0,55.5,44.1
20160316184602,0.0,0.0,0.0,0.0,0.0,0.0,91.1,8.8
20160316184632,0.0,0.0,0.0,0.0,0.0,0.0,98.8,1.2
20160316184702,0.0,0.0,0.0,0.0,0.0,0.0,99.8,0.2
20160316184732,0.0,0.0,0.0,0.0,0.0,0.0,99.7,0.3
20160316184802,0.0,0.0,0.0,0.0,0.0,0.0,97.9,2.1
20160316184832,0.0,0.0,0.0,0.0,0.0,0.0,27.2,72.8
20160316184902,0.0,0.0,0.0,0.0,0.0,0.0,12.6,87.4
20160316184932,0.0,0.0,0.0,0.0,0.0,0.0,24.3,75.7
20160316185002,0.0,0.0,0.0,0.0,0.0,0.0,20.2,79.8
20160316185032,0.0,0.0,0.0,0.0,0.0,0.0,8.7,91.3
20160316185102,0.0,0.0,0.0,0.0,0.0,0.0,2.9,97.1
20160316185132,0.0,0.0,0.0,0.0,0.0,0.0,37.9,62.1
20160316185202,0.0,0.0,0.0,0.0,0.0,0.0,19.8,80.1
20160316185232,0.0,0.0,0.0,0.0,0.0,0.0,10.0,90.0
20160316185302,0.0,0.0,0.0,0.0,0.0,0.0,13.4,86.6
20160316185332,0.0,0.0,0.0,0.0,0.0,0.0,44.0,56.0
20160316185402,0.0,0.0,0.0,0.0,0.0,0.0,29.4,70.6
20160316185432,0.0,0.0,0.0,0.0,0.0,0.0,25.3,74.7
20160316185502,0.0,0.0,0.0,0.0,0.0,0.0,77.2,22.7
20160316185532,0.0,0.0,0.0,0.0,0.1,0.0,60.9,39.0
20160316185602,0.0,0.0,0.0,0.0,0.0,0.0,76.9,23.1
20160316185632,0.0,0.0,0.0,0.0,0.0,0.0,82.7,17.3
20160316185702,0.0,0.0,0.0,0.0,0.0,0.0,15.6,84.4
20160316185732,0.0,0.0,0.0,0.0,0.0,0.0,11.5,88.4
20160316185803,0.0,0.0,0.0,0.0,0.0,0.0,26.3,73.7
20160316185833,0.0,0.0,0.0,0.0,0.0,0.0,54.9,45.1
20160316185903,0.0,0.0,0.0,0.0,0.0,0.0,86.2,13.8
20160316185933,0.0,0.0,0.0,0.0,0.0,0.0,15.5,84.5
20160316190003,0.0,0.0,0.0,0.0,0.1,0.0,14.9,85.0
20160316190033,0.0,0.0,0.0,0.0,0.0,0.0,28.1,71.9
20160316190103,0.0,0.0,0.0,0.0,0.0,0.0,2.6,97.4
20160316190133,0.0,0.0,0.0,0.0,0.0,0.0,22.2,77.8
20160316190203,0.0,0.0,0.0,0.0,0.0,0.0,60.5,39.5
20160316190233,0.0,0.0,0.0,0.0,0.0,0.0,83.3,16.7
20160316190303,0.0,0.0,0.0,0.0,0.0,0.0,98.5,1.5
20160316190333,0.0,0.0,0.0,0.0,0.0,0.0,99.9,0.1
20160316190403,0.0,0.0,0.0,0.0,0.0,0.0,98.9,1.1
20160316190433,0.0,0.0,0.0,0.0,0.0,0.0,97.5,2.5
20160316190503,0.0,0.0,0.0,0.0,0.0,0.0,95.9,4.1
20160316190533,0.0,0.0,0.0,0.0,0.0,0.0,99.0,1.0
20160316190603,0.0,0.0,0.0,0.0,0.0,0.0,99.9,0.1
20160316190633,0.0,0.0,0.0,0.0,0.0,0.0,99.6,0.4
20160316190703,0.0,0.0,0.0,0.0,0.0,0.0,99.7,0.3
20160316190733,0.0,0.0,0.0,0.0,0.0,0.0,99.9,0.1
20160316190803,0.0,0.0,0.0,0.0,0.0,0.0,99.8,0.2
20160316190833,0.0,0.0,0.0,0.0,0.0,0.0,99.9,0.1
20160316190903,0.0,0.0,0.0,0.0,0.0,0.0,99.9,0.1
20160316190933,0.0,0.0,0.0,0.0,0.0,0.0,99.7,0.3
20160316191003,0.0,0.0,0.0,0.0,0.0,0.0,100.0,0.0
20160316191033,0.0,0.0,0.0,0.0,0.0,0.0,99.9,0.1
20160316191103,0.0,0.0,0.0,0.0,0.0,0.0,100.0,0.0
20160316191133,0.0,0.0,0.0,0.0,0.0,0.0,99.2,0.8
20160316191203,0.0,0.0,0.0,0.0,0.0,0.0,74.7,25.3
20160316191233,0.0,0.0,0.0,0.0,0.0,0.0,93.3,6.7
20160316191303,0.0,0.0,0.0,0.0,0.0,0.0,75.6,24.4
20160316191333,0.0,0.0,0.0,0.0,0.0,0.0,77.8,22.2
20160316191403,0.0,0.0,0.0,0.0,0.0,0.0,9.7,90.3
20160316191433,0.0,0.0,0.0,0.0,0.0,0.0,34.0,66.0
20160316191503,0.0,0.0,0.0,0.0,0.0,0.0,20.4,79.6
20160316191533,0.0,0.0,0.0,0.0,0.0,0.0,11.4,88.6
20160316191603,0.0,0.0,0.0,0.0,0.0,0.0,20.7,79.3
20160316191633,0.0,0.0,0.0,0.0,0.0,0.0,1.0,99.0
20160316191703,0.0,0.0,0.0,0.0,0.0,0.0,42.4,57.6
20160316191733,0.0,0.0,0.0,0.0,0.0,0.0,29.2,70.8
20160316191803,0.0,0.0,0.0,0.0,0.0,0.0,64.6,35.4
20160316191833,0.0,0.0,0.0,0.0,0.0,0.0,59.7,40.3
20160316191903,0.0,0.0,0.0,0.0,0.0,0.0,23.0,77.0
20160316191933,0.0,0.0,0.0,0.0,0.0,0.0,7.8,92.2
20160316192003,0.0,0.0,0.0,0.0,0.0,0.0,14.4,85.6
20160316192033,0.0,0.0,0.0,0.0,0.0,0.0,60.1,39.9
20160316192103,0.0,0.0,0.0,0.0,0.0,0.0,9.1,90.9
20160316192133,0.0,0.0,0.0,0.0,0.0,0.0,1.7,98.3
20160316192203,0.0,0.0,0.0,0.0,0.0,0.0,4.7,95.3
20160316192233,0.0,0.0,0.0,0.0,0.0,0.0,13.9,86.1
20160316192303,0.0,0.0,0.0,0.0,0.0,0.0,0.8,99.2
20160316192333,0.0,0.0,0.0,0.0,0.0,0.0,11.5,88.5
20160316192403,0.0,0.0,0.0,0.0,0.0,0.0,3.5,96.5
20160316192433,0.0,0.0,0.0,0.0,0.0,0.0,51.1,48.9
20160316192503,0.0,0.0,0.0,0.0,0.0,0.0,23.1,76.9
20160316192533,0.0,0.0,0.0,0.0,0.0,0.0,29.8,70.1
20160316192603,0.0,0.0,0.0,0.0,0.0,0.0,88.9,11.1
20160316192633,0.0,0.0,0.0,0.0,0.0,0.0,96.3,3.7
20160316192703,0.0,0.0,0.0,0.0,0.0,0.0,66.0,34.0
20160316192733,0.0,0.0,0.0,0.0,0.0,0.0,35.9,64.1
20160316192803,0.0,0.0,0.0,0.0,0.0,0.0,22.3,77.7
20160316192833,0.0,0.0,0.0,0.0,0.0,0.0,25.6,74.4
20160316192903,0.0,0.0,0.0,0.0,0.0,0.0,14.8,85.2
20160316192933,0.0,0.0,0.0,0.0,0.0,0.0,66.1,33.9
20160316193003,0.0,0.0,0.0,0.0,0.0,0.0,37.6,62.4
20160316193033,0.0,0.0,0.0,0.0,0.0,0.0,70.1,29.9
20160316193104,0.0,0.0,0.0,0.0,0.0,0.0,97.9,2.1
20160316193134,0.0,0.0,0.0,0.0,0.0,0.0,72.0,28.0
20160316193204,0.0,0.0,0.0,0.0,0.0,0.0,87.3,12.7
20160316193234,0.0,0.0,0.0,0.0,0.0,0.0,98.9,1.1
20160316193304,0.0,0.0,0.0,0.0,0.0,0.0,99.5,0.5
20160316193334,0.0,0.0,0.0,0.0,0.0,0.0,99.0,1.0
20160316193404,0.0,0.0,0.0,0.0,0.0,0.0,100.0,0.0
20160316193434,0.0,0.0,0.0,0.0,0.0,0.0,99.6,0.4
20160316193504,0.0,0.0,0.0,0.0,0.0,0.0,100.0,0.0
20160316193534,0.0,0.0,0.0,0.0,0.0,0.0,100.0,0.0
20160316193604,0.0,0.0,0.0,0.0,0.0,0.0,100.0,0.0
20160316193634,0.0,0.0,0.0,0.0,0.0,0.0,100.0,0.0
20160316193704,0.0,0.0,0.0,0.0,0.0,0.0,100.0,0.0
20160316193734,0.0,0.0,0.0,0.0,0.0,0.0,100.0,0.0
20160316193804,0.0,0.0,0.0,0.0,0.0,0.0,100.0,0.0
20160316193834,0.0,0.0,0.0,0.0,0.0,0.0,99.9,0.1
20160316193904,0.0,0.0,0.0,0.0,0.0,0.0,100.0,0.0
20160316193934,0.0,0.0,0.0,0.0,0.0,0.0,100.0,0.0
20160316194004,0.0,0.0,0.0,0.0,0.0,0.0,99.9,0.1
20160316194034,0.0,0.0,0.0,0.0,0.0,0.0,100.0,0.0
20160316194104,0.0,0.0,0.0,0.0,0.0,0.0,100.0,0.0
20160316194134,0.0,0.0,0.0,0.0,0.0,0.0,100.0,0.0
20160316194204,0.0,0.0,0.0,0.0,0.0,0.0,100.0,0.0
20160316194234,0.0,0.0,0.0,0.0,0.0,0.0,100.0,0.0
20160316194304,0.0,0.0,0.0,0.0,0.0,0.0,100.0,0.0
20160316194334,0.0,0.0,0.0,0.0,0.0,0.0,100.0,0.0
20160316194404,0.0,0.0,0.0,0.0,0.0,0.0,100.0,0.0
20160316194434,0.0,0.0,0.0,0.0,0.0,0.0,100.0,0.0
20160316194504,0.0,0.0,0.0,0.0,0.0,0.0,100.0,0.0
20160316194534,0.0,0.0,0.0,0.0,0.0,0.0,100.0,0.0
20160316194604,0.0,0.0,0.0,0.0,0.0,0.0,100.0,0.0
20160316194634,0.0,0.0,0.0,0.0,0.0,0.0,100.0,0.0
20160316194704,0.0,0.0,0.0,0.0,0.0,0.0,100.0,0.0
20160316194734,0.0,0.0,0.0,0.0,0.0,0.0,100.0,0.0
20160316194804,0.0,0.0,0.0,0.0,0.0,0.0,99.9,0.1
20160316194834,0.0,0.0,0.0,0.0,0.0,0.0,100.0,0.0
20160316194904,0.0,0.0,0.0,0.0,0.0,0.0,100.0,0.0
20160316194934,0.0,0.0,0.0,0.0,0.0,0.0,100.0,0.0
20160316195004,0.0,0.0,0.0,0.0,0.0,0.0,100.0,0.0
20160316195034,0.0,0.0,0.0,0.0,0.0,0.0,100.0,0.0
20160316195104,0.0,0.0,0.0,0.0,0.0,0.0,100.0,0.0
20160316195134,0.0,0.0,0.0,0.0,0.0,0.0,99.9,0.1
20160316195204,0.0,0.0,0.0,0.0,0.0,0.0,99.6,0.4
20160316195234,0.0,0.0,0.0,0.0,0.0,0.0,99.2,0.8
20160316195304,0.0,0.0,0.0,0.0,0.0,0.0,99.6,0.4
20160316195334,0.0,0.0,0.0,0.0,0.0,0.0,99.8,0.2
20160316195404,0.0,0.0,0.0,0.0,0.0,0.0,98.9,1.1
20160316195434,0.0,0.0,0.0,0.0,0.0,0.0,100.0,0.0
20160316195504,0.0,0.0,0.0,0.0,0.0,0.0,100.0,0.0
20160316195534,0.0,0.0,0.0,0.0,0.0,0.0,100.0,0.0
20160316195604,0.0,0.0,0.0,0.0,0.0,0.0,100.0,0.0
20160316195634,0.0,0.0,0.0,0.0,0.0,0.0,100.0,0.0
20160316195704,0.0,0.0,0.0,0.0,0.0,0.0,100.0,0.0
20160316195734,0.0,0.0,0.0,0.0,0.0,0.0,100.0,0.0
20160316195804,0.0,0.0,0.0,0.0,0.0,0.0,99.8,0.2
20160316195834,0.0,0.0,0.0,0.0,0.0,0.0,100.0,0.0
20160316195904,0.0,0.0,0.0,0.0,0.0,0.0,100.0,0.0
20160316195934,0.0,0.0,0.0,0.0,0.0,0.0,99.8,0.2
20160316200004,0.0,0.0,0.0,0.0,0.0,0.0,99.6,0.4
20160316200034,0.0,0.0,0.0,0.0,0.0,0.0,98.4,1.6
20160316200104,0.0,0.0,0.0,0.0,0.0,0.0,78.1,21.9
20160316200134,0.0,0.0,0.0,0.0,0.0,0.0,94.6,5.4
20160316200204,0.0,0.0,0.0,0.0,0.0,0.0,77.0,23.0
20160316200234,0.0,0.0,0.0,0.0,0.0,0.0,79.4,20.6
20160316200304,0.0,0.0,0.0,0.0,0.0,0.0,77.9,22.1
20160316200334,0.0,0.0,0.0,0.0,0.0,0.0,85.2,14.8
20160316200404,0.0,0.0,0.0,0.0,0.0,0.0,74.7,25.3
20160316200434,0.0,0.0,0.0,0.0,0.0,0.0,28.4,71.6
20160316200504,0.0,0.0,0.0,0.0,0.0,0.0,2.0,98.0
20160316200535,0.0,0.0,0.0,0.0,0.0,0.0,5.7,94.3
20160316200605,0.0,0.0,0.0,0.0,0.0,0.0,11.3,88.7
20160316200635,0.0,0.0,0.0,0.0,0.0,0.0,53.2,46.8
20160316200705,0.0,0.0,0.0,0.0,0.0,0.0,59.5,40.5
20160316200735,0.0,0.0,0.0,0.0,0.0,0.0,29.0,71.0
20160316200805,0.0,0.0,0.0,0.0,0.0,0.0,74.6,25.4
20160316200835,0.0,0.0,0.0,0.0,0.0,0.0,96.7,3.3
20160316200905,0.0,0.0,0.0,0.0,0.0,0.0,72.4,27.5
20160316200935,0.0,0.0,0.0,0.8,0.1,0.0,89.9,9.2
20160316201005,0.0,0.0,0.0,0.2,0.0,0.0,78.9,20.9
20160316201035,0.0,0.0,0.0,0.1,0.0,0.0,81.9,18.0
20160316201105,0.0,0.0,0.0,0.0,0.0,0.0,27.6,72.4
20160316201135,0.0,0.0,0.0,0.0,0.0,0.0,83.7,16.3
20160316201205,0.0,0.0,0.0,0.0,0.0,0.0,27.1,72.9
20160316201235,0.0,0.0,0.0,0.0,0.0,0.0,32.9,67.1
20160316201305,0.0,0.0,0.0,0.0,0.0,0.0,87.1,12.9
20160316201335,0.0,0.0,0.0,0.0,0.0,0.0,89.2,10.8
20160316201405,0.0,0.0,0.0,0.0,0.0,0.0,92.1,7.9
20160316201435,0.0,0.0,0.0,0.0,0.0,0.0,53.7,46.3
20160316201505,0.0,0.0,0.0,0.0,0.0,0.0,98.1,1.9
20160316201535,0.0,0.0,0.0,0.0,0.0,0.0,99.6,0.4
20160316201605,0.0,0.0,0.0,0.0,0.0,0.0,99.9,0.1
20160316201635,0.0,0.0,0.0,0.0,0.0,0.0,100.0,0.0
20160316201705,0.0,0.0,0.0,0.0,0.0,0.0,100.0,0.0
20160316201735,0.0,0.0,0.0,0.0,0.0,0.0,100.0,0.0
20160316201805,0.0,0.0,0.0,0.0,0.0,0.0,100.0,0.0
20160316201835,0.0,0.0,0.0,0.0,0.0,0.0,98.9,1.1
20160316201905,0.0,0.0,0.0,0.0,0.0,0.0,99.9,0.1
20160316201935,0.0,0.0,0.0,0.0,0.0,0.0,100.0,0.0
20160316202005,0.0,0.0,0.0,0.0,0.0,0.0,100.0,0.0
20160316202035,0.0,0.0,0.0,0.0,0.0,0.0,100.0,0.0
20160316202105,0.0,0.0,0.0,0.0,0.0,0.0,100.0,0.0
20160316202135,0.0,0.0,0.0,0.0,0.0,0.0,100.0,0.0
20160316202205,0.0,0.0,0.0,0.0,0.0,0.0,100.0,0.0
20160316202235,0.0,0.0,0.0,0.0,0.0,0.0,100.0,0.0
20160316202305,0.0,0.0,0.0,0.0,0.0,0.0,100.0,0.0
20160316202335,0.0,0.0,0.0,0.0,0.0,0.0,100.0,0.0
20160316202405,0.0,0.0,0.0,0.0,0.0,0.0,100.0,0.0
20160316202435,0.0,0.0,0.0,0.0,0.0,0.0,100.0,0.0
20160316202505,0.0,0.0,0.0,0.0,0.0,0.0,100.0,0.0
20160316202535,0.0,0.0,0.0,0.0,0.0,0.0,100.0,0.0
20160316202605,0.0,0.0,0.0,0.0,0.0,0.0,100.0,0.0
20160316202635,0.0,0.0,0.0,0.0,0.0,0.0,99.8,0.2
20160316202705,0.0,0.0,0.0,0.0,0.0,0.0,100.0,0.0
20160316202735,0.0,0.0,0.0,0.0,0.0,0.0,98.4,1.6
20160316202805,0.0,0.0,0.0,0.0,0.0,0.0,100.0,0.0
20160316202835,0.0,0.0,0.0,0.0,0.0,0.0,100.0,0.0
20160316202905,0.0,0.0,0.0,0.0,0.0,0.0,100.0,0.0
20160316202935,0.0,0.0,0.0,0.0,0.0,0.0,100.0,0.0
20160316203005,0.0,0.0,0.0,0.0,0.0,0.0,99.9,0.1
20160316203035,0.0,0.0,0.0,0.0,0.0,0.0,100.0,0.0
20160316203105,0.0,0.0,0.0,0.0,0.0,0.0,100.0,0.0
20160316203135,0.0,0.0,0.0,0.0,0.0,0.0,100.0,0.0
20160316203205,0.0,0.0,0.0,0.0,0.0,0.0,100.0,0.0
20160316203235,0.0,0.0,0.0,0.0,0.0,0.0,100.0,0.0
20160316203305,0.0,0.0,0.0,0.0,0.0,0.0,100.0,0.0
20160316203335,0.0,0.0,0.0,0.0,0.0,0.0,100.0,0.0
20160316203405,0.0,0.0,0.0,0.0,0.0,0.0,100.0,0.0
20160316203435,0.0,0.0,0.0,0.0,0.0,0.0,100.0,0.0
20160316203505,0.0,0.0,0.0,0.0,0.0,0.0,100.0,0.0
20160316203535,0.0,0.0,0.0,0.0,0.0,0.0,100.0,0.0
20160316203605,0.0,0.0,0.0,0.0,0.0,0.0,100.0,0.0
20160316203635,0.0,0.0,0.0,0.0,0.0,0.0,100.0,0.0
20160316203705,0.0,0.0,0.0,0.0,0.0,0.0,100.0,0.0
20160316203735,0.0,0.0,0.0,0.0,0.0,0.0,100.0,0.0
20160316203805,0.0,0.0,0.0,0.0,0.0,0.0,100.0,0.0
20160316203835,0.0,0.0,0.0,0.0,0.0,0.0,100.0,0.0
20160316203905,0.0,0.0,0.0,0.0,0.0,0.0,100.0,0.0
20160316203936,0.0,0.0,0.0,0.0,0.0,0.0,100.0,0.0
20160316204006,0.0,0.0,0.0,0.0,0.0,0.0,100.0,0.0
20160316204036,0.0,0.0,0.0,0.0,0.0,0.0,100.0,0.0
20160316204106,0.0,0.0,0.0,0.0,0.0,0.0,100.0,0.0
20160316204136,0.0,0.0,0.0,0.0,0.0,0.0,100.0,0.0
20160316204206,0.0,0.0,0.0,0.0,0.0,0.0,100.0,0.0
20160316204236,0.0,0.0,0.0,0.0,0.0,0.0,100.0,0.0
20160316204306,0.0,0.0,0.0,0.0,0.0,0.0,100.0,0.0
20160316204336,0.0,0.0,0.0,0.0,0.0,0.0,100.0,0.0
20160316204406,0.0,0.0,0.0,0.0,0.0,0.0,100.0,0.0
20160316204436,0.0,0.0,0.0,0.0,0.0,0.0,100.0,0.0
20160316204506,0.0,0.0,0.0,0.0,0.0,0.0,100.0,0.0
20160316204536,0.0,0.0,0.0,0.0,0.0,0.0,100.0,0.0
20160316204606,0.0,0.0,0.0,0.0,0.0,0.0,100.0,0.0
20160316204636,0.0,0.0,0.0,0.0,0.0,0.0,100.0,0.0
20160316204706,0.0,0.0,0.0,0.0,0.0,0.0,100.0,0.0
20160316204736,0.0,0.0,0.0,0.0,0.0,0.0,100.0,0.0
20160316204806,0.0,0.0,0.0,0.0,0.0,0.0,100.0,0.0
20160316204836,0.0,0.0,0.0,0.0,0.0,0.0,100.0,0.0
20160316204906,0.0,0.0,0.0,0.0,0.0,0.0,100.0,0.0
20160316204936,0.0,0.0,0.0,0.0,0.0,0.0,100.0,0.0
20160316205006,0.0,0.0,0.0,0.0,0.0,0.0,100.0,0.0
20160316205036,0.0,0.0,0.0,0.0,0.0,0.0,99.9,0.1
20160316205106,0.0,0.0,0.0,0.0,0.0,0.0,100.0,0.0
20160316205136,0.0,0.0,0.0,0.0,0.0,0.0,100.0,0.0
20160316205206,0.0,0.0,0.0,0.0,0.0,0.0,99.8,0.2
20160316205236,0.0,0.0,0.0,0.0,0.0,0.0,99.8,0.2
20160316205306,0.0,0.0,0.0,0.0,0.0,0.0,99.9,0.1
20160316205336,0.0,0.0,0.0,0.0,0.0,0.0,97.5,2.5
20160316205406,0.0,0.0,0.0,0.0,0.0,0.0,99.6,0.4
20160316205436,0.0,0.0,0.0,0.0,0.0,0.0,99.9,0.1
20160316205506,0.0,0.0,0.0,0.0,0.0,0.0,99.9,0.1
20160316205536,0.0,0.0,0.0,0.0,0.0,0.0,99.9,0.1
20160316205606,0.0,0.0,0.0,0.0,0.0,0.0,99.9,0.1
20160316205636,0.0,0.0,0.0,0.0,0.0,0.0,100.0,0.0
20160316205706,0.0,0.0,0.0,0.0,0.0,0.0,100.0,0.0
20160316205736,0.0,0.0,0.0,0.0,0.0,0.0,99.9,0.1
20160316205806,0.0,0.0,0.0,0.0,0.0,0.0,100.0,0.0
20160316205836,0.0,0.0,0.0,0.0,0.0,0.0,100.0,0.0
20160316205906,0.0,0.0,0.0,0.0,0.0,0.0,100.0,0.0
20160316205936,0.0,0.0,0.0,0.0,0.0,0.0,100.0,0.0
20160316210006,0.0,0.0,0.0,0.0,0.0,0.0,100.0,0.0
20160316210036,0.0,0.0,0.0,0.0,0.0,0.0,100.0,0.0
20160316210106,0.0,0.0,0.0,0.0,0.0,0.0,100.0,0.0
20160316210136,0.0,0.0,0.0,0.0,0.0,0.0,100.0,0.0
20160316210206,0.0,0.0,0.0,0.0,0.0,0.0,100.0,0.0
20160316210236,0.0,0.0,0.0,0.0,0.0,0.0,99.9,0.1
20160316210306,0.0,0.0,0.0,0.0,0.0,0.0,100.0,0.0
20160316210336,0.0,0.0,0.0,0.0,0.0,0.0,99.8,0.2
20160316210406,0.0,0.0,0.0,0.0,0.0,0.0,99.7,0.3
20160316210436,0.0,0.0,0.0,0.0,0.0,0.0,100.0,0.0
20160316210506,0.0,0.0,0.0,0.0,0.0,0.0,100.0,0.0
20160316210536,0.0,0.0,0.0,0.0,0.0,0.0,100.0,0.0
20160316210606,0.0,0.0,0.0,0.0,0.0,0.0,100.0,0.0
20160316210636,0.0,0.0,0.0,0.0,0.0,0.0,100.0,0.0
20160316210707,0.0,0.0,0.0,0.0,0.0,0.0,99.7,0.3
20160316210737,0.0,0.0,0.0,0.0,0.0,0.0,99.8,0.2
20160316210807,0.0,0.0,0.0,0.0,0.0,0.0,98.9,1.1
20160316210837,0.0,0.0,0.0,0.0,0.0,0.0,99.7,0.3
20160316210907,0.0,0.0,0.0,0.0,0.0,0.0,99.6,0.4
20160316210937,0.0,0.0,0.0,0.0,0.0,0.0,97.8,2.2
20160316211007,0.0,0.0,0.0,0.0,0.0,0.0,99.9,0.1
20160316211037,0.0,0.0,0.0,0.0,0.0,0.0,99.2,0.8
20160316211107,0.0,0.0,0.0,0.0,0.0,0.0,100.0,0.0
20160316211137,0.0,0.0,0.0,0.0,0.0,0.0,99.9,0.1
20160316211207,0.0,0.0,0.0,0.0,0.0,0.0,99.9,0.1
20160316211237,0.0,0.0,0.0,0.0,0.0,0.0,99.9,0.1
20160316211307,0.0,0.0,0.0,0.0,0.0,0.0,99.3,0.7
20160316211337,0.0,0.0,0.0,0.0,0.0,0.0,99.9,0.1
20160316211407,0.0,0.0,0.0,0.0,0.0,0.0,100.0,0.0
20160316211437,0.0,0.0,0.0,0.0,0.0,0.0,100.0,0.0
20160316211507,0.0,0.0,0.0,0.0,0.0,0.0,100.0,0.0
20160316211537,0.0,0.0,0.0,0.0,0.0,0.0,100.0,0.0
20160316211607,0.0,0.0,0.0,0.0,0.0,0.0,100.0,0.0
20160316211637,0.0,0.0,0.0,0.0,0.0,0.0,99.9,0.1
20160316211707,0.0,0.0,0.0,0.0,0.0,0.0,100.0,0.0
20160316211737,0.0,0.0,0.0,0.0,0.0,0.0,100.0,0.0
20160316211807,0.0,0.0,0.0,0.0,0.0,0.0,100.0,0.0
20160316211837,0.0,0.0,0.0,0.0,0.0,0.0,100.0,0.0
20160316211907,0.0,0.0,0.0,0.0,0.0,0.0,100.0,0.0
20160316211937,0.0,0.0,0.0,0.0,0.0,0.0,99.9,0.1
20160316212007,0.0,0.0,0.0,0.0,0.0,0.0,99.9,0.1
20160316212037,0.0,0.0,0.0,0.0,0.0,0.0,98.8,1.2
20160316212107,0.0,0.0,0.0,0.0,0.0,0.0,99.8,0.2
20160316212137,0.0,0.0,0.0,0.0,0.0,0.0,99.9,0.1
20160316212207,0.0,0.0,0.0,0.0,0.0,0.0,99.9,0.1
20160316212237,0.0,0.0,0.0,0.0,0.0,0.0,100.0,0.0
20160316212307,0.0,0.0,0.0,0.0,0.0,0.0,99.8,0.2
20160316212337,0.0,0.0,0.0,0.0,0.0,0.0,100.0,0.0
20160316212407,0.0,0.0,0.0,0.0,0.0,0.0,100.0,0.0
20160316212437,0.0,0.0,0.0,0.0,0.0,0.0,100.0,0.0
20160316212507,0.0,0.0,0.0,0.0,0.0,0.0,99.9,0.1
20160316212537,0.0,0.0,0.0,0.0,0.0,0.0,99.9,0.1
20160316212607,0.0,0.0,0.0,0.0,0.0,0.0,99.9,0.1
20160316212637,0.0,0.0,0.0,0.0,0.0,0.0,99.9,0.1
20160316212707,0.0,0.0,0.0,0.0,0.0,0.0,99.5,0.5
20160316212737,0.0,0.0,0.0,0.0,0.0,0.0,96.1,3.9
20160316212807,0.0,0.0,0.0,0.0,0.0,0.0,96.4,3.6
20160316212837,0.0,0.0,0.0,0.0,0.0,0.0,96.5,3.5
20160316212907,0.0,0.0,0.0,0.0,0.0,0.0,51.3,48.7
20160316212937,0.0,0.0,0.0,0.0,0.0,0.0,72.0,28.0
20160316213007,0.0,0.0,0.0,0.0,0.0,0.0,94.1,5.9
20160316213037,0.0,0.0,0.0,0.0,0.0,0.0,95.3,4.7
20160316213107,0.0,0.0,0.0,0.0,0.0,0.0,99.1,0.9
20160316213137,0.0,0.0,0.0,0.0,0.0,0.0,99.7,0.3
20160316213207,0.0,0.0,0.0,0.0,0.0,0.0,99.1,0.9
20160316213237,0.0,0.0,0.0,0.0,0.0,0.0,99.0,1.0
20160316213307,0.0,0.0,0.0,0.0,0.0,0.0,98.7,1.3
20160316213337,0.0,0.0,0.0,0.0,0.0,0.0,99.7,0.3
20160316213407,0.0,0.0,0.0,0.0,0.0,0.0,99.7,0.3
20160316213437,0.0,0.0,0.0,0.0,0.0,0.0,99.7,0.3
20160316213507,0.0,0.0,0.0,0.0,0.0,0.0,98.5,1.5
20160316213537,0.0,0.0,0.0,0.0,0.0,0.0,95.0,4.9
20160316213607,0.0,0.0,0.0,0.0,0.0,0.0,89.1,10.8
20160316213637,0.0,0.0,0.0,0.0,0.0,0.0,91.5,8.5
20160316213707,0.0,0.0,0.0,0.0,0.0,0.0,96.9,3.1
20160316213737,0.0,0.0,0.0,0.0,0.0,0.0,98.6,1.4
20160316213807,0.0,0.0,0.0,0.0,0.0,0.0,77.1,22.9
20160316213837,0.0,0.0,0.0,0.0,0.0,0.0,20.2,79.8
20160316213907,0.0,0.0,0.0,0.0,0.0,0.0,3.9,96.0
20160316213937,0.0,0.0,0.0,0.0,0.0,0.0,2.1,97.9
20160316214007,0.0,0.0,0.0,0.0,0.0,0.0,14.0,85.9
20160316214037,0.0,0.0,0.0,0.0,0.0,0.0,14.4,85.6
20160316214107,0.0,0.0,0.0,0.0,0.0,0.0,86.0,14.0
20160316214138,0.0,0.0,0.0,0.0,0.0,0.0,5.1,94.9
20160316214208,0.0,0.0,0.0,0.1,0.1,0.0,31.6,68.2
20160316214238,0.0,0.0,0.0,0.0,0.0,0.0,22.0,78.0
20160316214308,0.0,0.0,0.0,1.3,0.1,0.0,40.2,58.5
20160316214338,0.0,0.0,0.0,0.0,0.1,0.0,53.7,46.2
20160316214408,0.0,0.0,0.0,4.5,7.4,0.0,2.2,85.9
20160316214438,0.0,0.0,0.0,0.0,0.0,0.0,1.9,98.1
20160316214508,0.0,0.0,0.0,0.2,0.2,0.0,3.0,96.7
20160316214538,0.0,0.0,0.0,0.2,0.1,0.0,3.9,95.8
20160316214608,0.0,0.0,0.0,0.1,0.0,0.0,9.7,90.1
20160316214638,0.0,0.0,0.0,0.0,0.0,0.0,72.3,27.7
20160316214708,0.0,0.0,0.0,0.0,0.0,0.0,80.1,19.8
20160316214738,0.0,0.0,0.0,0.0,0.0,0.0,84.0,16.0
20160316214808,0.0,0.0,0.0,0.0,0.0,0.0,97.8,2.2
20160316214838,0.0,0.0,0.0,0.0,0.0,0.0,91.1,8.9
20160316214908,0.0,0.0,0.0,0.0,0.0,0.0,98.7,1.3
20160316214938,0.0,0.0,0.0,0.0,0.0,0.0,98.2,1.8
20160316215008,0.0,0.0,0.0,0.0,0.0,0.0,95.4,4.6
20160316215038,0.0,0.0,0.0,0.0,0.0,0.0,95.6,4.4
20160316215108,0.0,0.0,0.0,0.0,0.0,0.0,98.3,1.6
20160316215138,0.0,0.0,0.0,0.0,0.0,0.0,96.5,3.5
20160316215208,0.0,0.0,0.0,0.0,0.0,0.0,99.8,0.2
20160316215238,0.0,0.0,0.0,0.0,0.0,0.0,99.9,0.1
20160316215308,0.0,0.0,0.0,0.0,0.0,0.0,99.6,0.4
20160316215338,0.0,0.0,0.0,0.0,0.0,0.0,99.8,0.2
20160316215408,0.0,0.0,0.0,0.0,0.0,0.0,99.8,0.2
20160316215438,0.0,0.0,0.0,0.0,0.0,0.0,100.0,0.0
20160316215508,0.0,0.0,0.0,0.0,0.0,0.0,99.9,0.1
20160316215538,0.0,0.0,0.0,0.0,0.0,0.0,100.0,0.0
20160316215608,0.0,0.0,0.0,0.0,0.0,0.0,99.9,0.1
20160316215638,0.0,0.0,0.0,0.0,0.0,0.0,100.0,0.0
20160316215708,0.0,0.0,0.0,0.0,0.0,0.0,100.0,0.0
20160316215738,0.0,0.0,0.0,0.0,0.0,0.0,100.0,0.0
20160316215808,0.0,0.0,0.0,0.0,0.0,0.0,99.9,0.1
20160316215838,0.0,0.0,0.0,0.0,0.0,0.0,99.9,0.1
20160316215908,0.0,0.0,0.0,0.0,0.0,0.0,99.7,0.3
20160316215938,0.0,0.0,0.0,0.0,0.0,0.0,99.7,0.3
20160316220008,0.0,0.0,0.0,0.0,0.0,0.0,99.7,0.3
20160316220038,0.0,0.0,0.0,0.0,0.0,0.0,99.7,0.3
20160316220108,0.0,0.0,0.0,0.0,0.0,0.0,99.9,0.1
20160316220138,0.0,0.0,0.0,0.0,0.0,0.0,100.0,0.0
20160316220208,0.0,0.0,0.0,0.0,0.0,0.0,100.0,0.0
20160316220238,0.0,0.0,0.0,0.0,0.0,0.0,100.0,0.0
20160316220308,0.0,0.0,0.0,0.0,0.0,0.0,100.0,0.0
20160316220338,0.0,0.0,0.0,0.0,0.0,0.0,100.0,0.0
20160316220408,0.0,0.0,0.0,0.0,0.0,0.0,99.1,0.9
20160316220438,0.0,0.0,0.0,0.0,0.0,0.0,99.8,0.2
20160316220508,0.0,0.0,0.0,0.0,0.0,0.0,99.9,0.1
20160316220538,0.0,0.0,0.0,0.0,0.0,0.0,99.9,0.1
20160316220608,0.0,0.0,0.0,0.0,0.0,0.0,75.7,24.3
20160316220638,0.0,0.0,0.0,0.0,0.0,0.0,93.6,6.4
20160316220708,0.0,0.0,0.0,0.0,0.0,0.0,68.7,31.3
20160316220738,0.0,0.0,0.0,0.0,0.0,0.0,27.4,72.6
20160316220808,0.0,0.0,0.0,0.0,0.0,0.0,25.7,74.3
20160316220838,0.0,0.0,0.0,0.0,0.0,0.0,76.3,23.7
20160316220908,0.0,0.0,0.0,0.0,0.0,0.0,3.1,96.9
20160316220938,0.0,0.0,0.0,0.1,0.0,0.0,4.2,95.7
20160316221008,0.0,0.0,0.0,0.0,0.0,0.0,1.2,98.7
20160316221038,0.0,0.0,0.0,0.0,0.0,0.0,0.3,99.6
20160316221108,0.0,0.0,0.0,0.1,0.0,0.0,5.9,93.9
20160316221138,0.0,0.0,0.0,0.0,0.0,0.0,76.2,23.7
20160316221208,0.0,0.0,0.0,0.0,0.0,0.0,93.2,6.7
20160316221238,0.0,0.0,0.0,0.1,0.0,0.0,92.7,7.3
20160316221308,0.0,0.0,0.0,0.0,0.0,0.0,98.9,1.1
20160316221338,0.0,0.0,0.0,0.0,0.0,0.0,99.3,0.7
20160316221408,0.0,0.0,0.0,0.1,0.0,0.0,89.1,10.8
20160316221438,0.0,0.0,0.0,0.1,0.0,0.0,99.6,0.3
20160316221508,0.0,0.0,0.0,1.6,0.1,0.0,97.7,0.6
20160316221539,0.0,0.0,0.0,0.0,0.1,0.0,98.3,1.6
20160316221609,0.0,0.0,0.0,0.2,0.1,0.0,98.2,1.5
20160316221639,0.0,0.0,0.0,1.4,1.2,0.0,95.3,2.1
20160316221709,0.0,0.0,0.0,13.5,2.4,0.0,78.6,5.5
20160316221739,0.0,0.0,0.0,3.0,1.3,0.0,93.8,1.9
20160316221809,0.0,0.0,0.0,2.9,2.2,0.0,93.8,1.1
20160316221839,0.0,0.0,0.0,0.1,0.1,0.0,98.7,1.1
20160316221909,0.0,0.0,0.0,0.1,0.1,0.0,99.5,0.4
20160316221939,0.0,0.0,0.0,0.1,0.0,0.0,99.8,0.1
20160316222009,0.0,0.0,0.0,0.0,0.0,0.0,99.4,0.6
20160316222039,0.0,0.0,0.0,0.1,0.0,0.0,99.1,0.7
20160316222109,0.0,0.0,0.0,0.1,0.0,0.0,98.4,1.5
20160316222139,0.0,0.0,0.0,0.0,0.0,0.0,99.5,0.5
20160316222209,0.0,0.0,0.0,0.0,0.0,0.0,95.1,4.9
20160316222239,0.0,0.0,0.0,0.0,0.0,0.0,99.6,0.4
20160316222309,0.0,0.0,0.0,0.0,0.0,0.0,82.8,17.2
20160316222339,0.0,0.0,0.0,0.0,0.0,0.0,90.0,10.0
20160316222409,0.0,0.0,0.0,0.0,0.0,0.0,83.6,16.4
20160316222439,0.0,0.0,0.0,0.0,0.0,0.0,89.0,11.0
20160316222509,0.0,0.0,0.0,0.0,0.0,0.0,97.3,2.7
20160316222539,0.0,0.0,0.0,0.0,0.0,0.0,94.7,5.3
20160316222609,0.0,0.0,0.0,0.0,0.0,0.0,97.6,2.3
20160316222639,0.0,0.0,0.0,0.0,0.0,0.0,99.6,0.3
20160316222709,0.0,0.0,0.0,0.0,0.0,0.0,99.9,0.1
20160316222739,0.0,0.0,0.0,0.0,0.0,0.0,99.9,0.1
20160316222809,0.0,0.0,0.0,0.0,0.0,0.0,99.9,0.1
20160316222839,0.0,0.0,0.0,0.0,0.0,0.0,98.1,1.9
20160316222909,0.0,0.0,0.0,0.0,0.0,0.0,95.3,4.7
20160316222939,0.0,0.0,0.0,0.0,0.0,0.0,82.3,17.7
20160316223009,0.0,0.0,0.0,0.0,0.0,0.0,97.0,3.0
20160316223039,0.0,0.0,0.0,0.0,0.0,0.0,98.4,1.6
20160316223109,0.0,0.0,0.0,0.0,0.0,0.0,48.6,51.4
20160316223139,0.0,0.0,0.0,0.0,0.0,0.0,1.4,98.6
20160316223209,0.0,0.0,0.0,0.0,0.0,0.0,0.3,99.7
20160316223239,0.0,0.0,0.0,0.0,0.0,0.0,2.4,97.6
20160316223309,0.0,0.0,0.0,0.1,0.0,0.0,3.6,96.3
20160316223339,0.0,0.0,0.0,0.0,0.0,0.0,1.7,98.3
20160316223409,0.0,0.0,0.0,0.1,0.0,0.0,4.2,95.7
20160316223439,0.0,0.0,0.0,0.0,0.0,0.0,1.6,98.4
20160316223509,0.0,0.0,0.0,0.0,0.0,0.0,17.1,82.9
20160316223539,0.0,0.0,0.0,0.0,0.0,0.0,47.4,52.6
20160316223609,0.0,0.0,0.0,0.0,0.0,0.0,64.5,35.4
20160316223639,0.0,0.0,0.0,0.0,0.0,0.0,53.3,46.7
20160316223709,0.0,0.0,0.0,0.0,0.0,0.0,63.3,36.6
20160316223739,0.0,0.0,0.0,0.0,0.0,0.0,91.2,8.8
20160316223809,0.0,0.0,0.0,0.0,0.0,0.0,81.0,19.0
20160316223839,0.0,0.0,0.0,0.0,0.0,0.0,98.3,1.7
20160316223909,0.0,0.0,0.0,0.0,0.0,0.0,99.4,0.6
20160316223939,0.0,0.0,0.0,0.0,0.0,0.0,99.5,0.4
20160316224009,0.0,0.0,0.0,0.0,0.0,0.0,99.1,0.9
20160316224039,0.0,0.0,0.0,0.0,0.0,0.0,97.7,2.3
20160316224109,0.0,0.0,0.0,0.0,0.0,0.0,82.8,17.1
20160316224139,0.0,0.0,0.0,0.0,0.0,0.0,97.8,2.2
20160316224209,0.0,0.0,0.0,0.0,0.0,0.0,91.2,8.8
20160316224239,0.0,0.0,0.0,0.0,0.0,0.0,72.9,27.1
20160316224310,0.0,0.0,0.0,0.0,0.0,0.0,97.0,3.0
20160316224340,0.0,0.0,0.0,0.0,0.0,0.0,99.6,0.4
20160316224410,0.0,0.0,0.0,0.0,0.0,0.0,99.6,0.4
20160316224440,0.0,0.0,0.0,0.0,0.0,0.0,99.7,0.3
20160316224510,0.0,0.0,0.0,0.0,0.0,0.0,93.2,6.8
20160316224540,0.0,0.0,0.0,0.0,0.0,0.0,99.4,0.6
20160316224610,0.0,0.0,0.0,0.0,0.0,0.0,100.0,0.0
20160316224640,0.0,0.0,0.0,0.0,0.0,0.0,98.0,2.0
20160316224710,0.0,0.0,0.0,0.0,0.0,0.0,99.8,0.2
20160316224740,0.0,0.0,0.0,0.0,0.0,0.0,100.0,0.0
20160316224810,0.0,0.0,0.0,0.0,0.0,0.0,99.7,0.3
20160316224840,0.0,0.0,0.0,0.0,0.0,0.0,97.6,2.4
20160316224910,0.0,0.0,0.0,0.0,0.0,0.0,99.8,0.2
20160316224940,0.0,0.0,0.0,0.0,0.0,0.0,98.2,1.8
20160316225010,0.0,0.0,0.0,0.0,0.0,0.0,99.2,0.8
20160316225040,0.0,0.0,0.0,0.0,0.0,0.0,34.1,65.8
20160316225110,0.0,0.0,0.0,0.1,0.0,0.0,11.1,88.9
20160316225140,0.0,0.0,0.0,0.2,0.0,0.0,5.8,94.0
20160316225210,0.0,0.0,0.0,0.1,0.0,0.0,34.9,65.0
20160316225240,0.0,0.0,0.0,0.0,0.0,0.0,73.1,26.9
20160316225310,0.0,0.0,0.0,0.0,0.0,0.0,94.0,5.9
20160316225340,0.0,0.0,0.0,0.0,0.0,0.0,98.1,1.9
20160316225410,0.0,0.0,0.0,0.0,0.0,0.0,99.9,0.1
20160316225440,0.0,0.0,0.0,0.0,0.0,0.0,99.7,0.3
20160316225510,0.0,0.0,0.0,0.0,0.0,0.0,98.5,1.5
20160316225540,0.0,0.0,0.0,0.0,0.0,0.0,99.9,0.1
20160316225610,0.0,0.0,0.0,0.0,0.0,0.0,99.5,0.5
20160316225640,0.0,0.0,0.0,0.0,0.0,0.0,99.1,0.8
20160316225710,0.0,0.0,0.0,0.0,0.0,0.0,100.0,0.0
20160316225740,0.0,0.0,0.0,1.0,0.3,0.0,98.1,0.6
20160316225810,0.0,0.0,0.0,8.0,0.4,0.0,91.0,0.7
20160316225840,0.0,0.0,0.0,81.1,11.5,0.0,4.8,2.6
20160316225910,0.0,0.0,0.0,99.8,0.2,0.0,0.0,0.0
20160316225940,0.0,0.0,0.0,99.3,0.6,0.0,0.1,0.0
20160316230010,0.0,0.0,0.0,98.4,1.5,0.0,0.1,0.1
20160316230040,0.0,0.0,0.0,21.9,2.2,0.0,13.5,62.4
20160316230110,0.0,0.0,0.0,52.3,17.8,0.0,20.7,9.1
20160316230140,0.0,0.0,0.0,99.5,0.0,0.0,0.2,0.3
20160316230210,0.0,0.0,0.0,10.6,0.4,0.0,86.5,2.4
20160316230240,0.0,0.0,0.0,85.6,0.7,0.0,11.1,2.7
20160316230310,0.0,0.0,0.0,39.7,2.4,0.0,51.0,6.9
20160316230340,0.0,0.0,0.0,5.1,0.9,0.0,21.1,72.9
20160316230410,0.0,0.0,0.0,1.5,0.2,0.0,77.7,20.6
20160316230440,0.0,0.0,0.0,0.1,0.0,0.0,98.4,1.4
20160316230510,0.0,0.0,0.0,0.0,0.0,0.0,97.0,2.9
20160316230540,0.0,0.0,0.0,0.1,0.0,0.0,70.7,29.2
20160316230610,0.0,0.0,0.0,26.6,0.2,0.0,56.1,17.2
20160316230640,0.0,0.0,0.0,7.9,0.0,0.0,53.0,39.0
20160316230710,0.0,0.0,0.0,1.6,0.0,0.0,32.4,66.0
20160316230740,0.0,0.0,0.0,0.0,0.0,0.0,27.7,72.3
20160316230810,0.0,0.0,0.0,0.0,0.0,0.0,51.6,48.4
20160316230840,0.0,0.0,0.0,0.0,0.0,0.0,83.6,16.4
20160316230910,0.0,0.0,0.0,0.0,0.0,0.0,83.5,16.5
20160316230940,0.0,0.0,0.0,0.0,0.0,0.0,96.1,3.9
20160316231010,0.0,0.0,0.0,0.0,0.0,0.0,90.6,9.4
20160316231040,0.0,0.0,0.0,0.0,0.0,0.0,99.5,0.5
20160316231110,0.0,0.0,0.0,0.0,0.0,0.0,90.1,9.9
20160316231140,0.0,0.0,0.0,0.0,0.0,0.0,29.1,70.9
20160316231210,0.0,0.0,0.0,0.0,0.0,0.0,1.0,99.0
20160316231240,0.0,0.0,0.0,0.0,0.0,0.0,2.3,97.7
20160316231310,0.0,0.0,0.0,0.0,0.0,0.0,57.9,42.1
20160316231340,0.0,0.0,0.0,0.0,0.0,0.0,21.5,78.5
20160316231410,0.0,0.0,0.0,0.0,0.0,0.0,72.2,27.8
20160316231440,0.0,0.0,0.0,0.0,0.0,0.0,67.6,32.4
20160316231510,0.0,0.0,0.0,0.1,0.1,0.0,39.3,60.5
20160316231540,0.0,0.0,0.0,0.1,0.0,0.0,92.9,7.0
20160316231610,0.0,0.0,0.0,0.5,0.5,0.0,93.8,5.3
20160316231640,0.0,0.0,0.0,0.3,3.2,0.0,93.9,2.5
20160316231711,0.0,0.0,0.0,33.2,18.7,0.0,40.0,8.1
20160316231741,0.0,0.0,0.0,74.4,4.1,0.0,13.9,7.6
20160316231811,0.0,0.0,0.0,31.1,0.4,0.0,56.2,12.3
20160316231841,0.0,0.0,0.0,99.7,0.2,0.0,0.0,0.1
20160316231911,0.0,0.0,0.0,100.0,0.0,0.0,0.0,0.0
20160316231941,0.0,0.0,0.0,99.9,0.0,0.0,0.0,0.1
20160316232011,0.0,0.0,0.0,98.9,0.5,0.0,0.3,0.3
20160316232041,0.0,0.0,0.0,98.0,0.1,0.0,1.3,0.6
20160316232111,0.0,0.0,0.0,82.2,1.1,0.0,5.9,10.7
20160316232141,0.0,0.0,0.1,78.0,0.3,0.0,7.4,14.1
20160316232211,0.0,0.0,0.0,19.7,0.4,0.0,1.9,78.0
20160316232241,0.0,0.0,0.0,89.4,0.0,0.0,0.6,10.0
20160316232311,0.0,0.0,0.0,13.7,0.0,0.0,70.2,16.1
20160316232341,0.0,0.0,0.0,8.0,0.0,0.0,88.4,3.6
20160316232411,0.0,0.0,0.0,2.0,0.1,0.0,81.6,16.3
20160316232441,0.0,0.0,0.0,0.7,0.0,0.0,96.5,2.9
20160316232511,0.0,0.0,0.0,0.4,0.0,0.0,93.9,5.7
20160316232541,0.0,0.0,0.0,0.8,0.0,0.0,97.4,1.8
20160316232611,0.0,0.0,0.0,0.0,0.0,0.0,99.7,0.2
20160316232641,0.0,0.0,0.0,0.0,0.0,0.0,99.9,0.1
20160316232711,0.0,0.0,0.0,0.0,0.0,0.0,99.7,0.3
20160316232741,0.0,0.0,0.0,0.0,0.0,0.0,99.8,0.2
20160316232811,0.0,0.0,0.0,0.0,0.0,0.0,96.5,3.5
20160316232841,0.0,0.0,0.0,0.0,0.0,0.0,100.0,0.0
20160316232911,0.0,0.0,0.0,0.0,0.0,0.0,99.4,0.6
20160316232941,0.0,0.0,0.0,0.0,0.0,0.0,98.8,1.2
20160316233011,0.0,0.0,0.0,0.0,0.0,0.0,99.9,0.1
20160316233041,0.0,0.0,0.0,0.0,0.0,0.0,100.0,0.0
20160316233111,0.0,0.0,0.0,0.0,0.0,0.0,99.7,0.3
20160316233141,0.0,0.0,0.0,0.0,0.0,0.0,99.5,0.5
20160316233211,0.0,0.0,0.0,0.0,0.0,0.0,98.4,1.6
20160316233241,0.0,0.0,0.0,0.0,0.0,0.0,99.7,0.3
20160316233311,0.0,0.0,0.0,0.0,0.0,0.0,43.0,57.0
20160316233341,0.0,0.0,0.0,0.0,0.0,0.0,39.1,60.9
20160316233411,0.0,0.0,0.0,0.0,0.0,0.0,77.9,22.1
20160316233441,0.0,0.0,0.0,0.0,0.0,0.0,99.6,0.4
20160316233511,0.0,0.0,0.0,0.0,0.0,0.0,99.1,0.9
20160316233541,0.0,0.0,0.0,0.0,0.0,0.0,98.6,1.4
20160316233611,0.0,0.0,0.0,0.0,0.0,0.0,100.0,0.0
20160316233641,0.0,0.0,0.0,0.0,0.0,0.0,99.4,0.6
20160316233711,0.0,0.0,0.0,0.0,0.0,0.0,100.0,0.0
20160316233741,0.0,0.0,0.0,0.0,0.0,0.0,100.0,0.0
20160316233811,0.0,0.0,0.0,0.0,0.0,0.0,99.8,0.2
20160316233841,0.0,0.0,0.0,0.0,0.0,0.0,98.5,1.4
20160316233911,0.0,0.0,0.0,0.0,0.0,0.0,98.5,1.5
20160316233941,0.0,0.0,0.0,0.0,0.0,0.0,99.8,0.2
20160316234011,0.0,0.0,0.0,0.0,0.0,0.0,98.7,1.3
20160316234041,0.0,0.0,0.0,0.0,0.0,0.0,98.9,1.1
20160316234111,0.0,0.0,0.0,0.0,0.0,0.0,99.5,0.5
20160316234141,0.0,0.0,0.0,0.0,0.0,0.0,98.8,1.2
20160316234211,0.0,0.0,0.0,0.0,0.0,0.0,100.0,0.0
20160316234241,0.0,0.0,0.0,0.0,0.0,0.0,99.9,0.1
20160316234311,0.0,0.0,0.0,0.0,0.0,0.0,99.5,0.5
20160316234341,0.0,0.0,0.0,0.0,0.0,0.0,100.0,0.0
20160316234411,0.0,0.0,0.0,0.0,0.0,0.0,100.0,0.0
20160316234441,0.0,0.0,0.0,0.0,0.0,0.0,100.0,0.0
20160316234511,0.0,0.0,0.0,0.0,0.0,0.0,100.0,0.0
20160316234541,0.0,0.0,0.0,0.0,0.0,0.0,98.4,1.6
20160316234611,0.0,0.0,0.0,0.0,0.0,0.0,99.9,0.1
20160316234641,0.0,0.0,0.0,0.0,0.0,0.0,98.3,1.7
20160316234711,0.0,0.0,0.0,0.0,0.0,0.0,98.6,1.4
20160316234741,0.0,0.0,0.0,0.0,0.0,0.0,99.7,0.3
20160316234811,0.0,0.0,0.0,0.0,0.0,0.0,97.0,2.9
20160316234841,0.0,0.0,0.0,2.5,0.0,0.0,84.3,13.2
20160316234911,0.0,0.0,0.0,0.0,0.0,0.0,99.6,0.4
20160316234941,0.0,0.0,0.0,0.0,0.0,0.0,99.7,0.3
20160316235011,0.0,0.0,0.0,0.0,0.0,0.0,97.7,2.3
20160316235041,0.0,0.0,0.0,0.0,0.0,0.0,99.9,0.1
20160316235112,0.0,0.0,0.0,0.0,0.0,0.0,99.5,0.5
20160316235142,0.0,0.0,0.0,0.0,0.0,0.0,99.7,0.3
20160316235212,0.0,0.0,0.0,0.0,0.0,0.0,98.1,1.9
20160316235242,0.0,0.0,0.0,0.0,0.0,0.0,99.9,0.1
20160316235312,0.0,0.0,0.0,0.0,0.0,0.0,100.0,0.0
20160316235342,0.0,0.0,0.0,0.0,0.0,0.0,100.0,0.0
20160316235412,0.0,0.0,0.0,0.0,0.0,0.0,100.0,0.0
20160316235442,0.0,0.0,0.0,0.0,0.0,0.0,99.9,0.1
20160316235512,0.0,0.0,0.0,0.0,0.0,0.0,100.0,0.0
20160316235542,0.0,0.0,0.0,0.0,0.0,0.0,99.5,0.5
20160316235612,0.0,0.0,0.0,0.0,0.0,0.0,99.6,0.4
20160316235642,0.0,0.0,0.0,0.0,0.0,0.0,100.0,0.0
20160316235712,0.0,0.0,0.0,0.0,0.0,0.0,100.0,0.0
20160316235742,0.0,0.0,0.0,0.0,0.0,0.0,99.8,0.2
20160316235812,0.0,0.0,0.0,0.0,0.0,0.0,99.8,0.2
20160316235842,0.0,0.0,0.0,0.0,0.0,0.0,100.0,0.0
20160316235912,0.0,0.0,0.0,0.0,0.0,0.0,100.0,0.0
20160316235942,0.0,0.0,0.0,0.0,0.0,0.0,100.0,0.0
20160317000012,0.0,0.0,0.0,0.0,0.0,0.0,100.0,0.0
20160317000042,0.0,0.0,0.0,0.0,0.0,0.0,100.0,0.0
20160317000112,0.0,0.0,0.0,0.0,0.0,0.0,99.5,0.5
20160317000142,0.0,0.0,0.0,0.0,0.0,0.0,100.0,0.0
20160317000212,0.0,0.0,0.0,0.0,0.0,0.0,100.0,0.0
20160317000242,0.0,0.0,0.0,0.0,0.0,0.0,100.0,0.0
20160317000312,0.0,0.0,0.0,0.0,0.0,0.0,100.0,0.0
20160317000342,0.0,0.0,0.0,0.0,0.0,0.0,100.0,0.0
20160317000412,0.0,0.0,0.0,0.0,0.0,0.0,99.9,0.1
20160317000442,0.0,0.0,0.0,0.0,0.0,0.0,98.2,1.8
20160317000512,0.0,0.0,0.0,0.0,0.0,0.0,99.7,0.3
20160317000542,0.0,0.0,0.0,0.0,0.0,0.0,99.0,1.0
20160317000612,0.0,0.0,0.0,0.0,0.0,0.0,99.3,0.7
20160317000642,0.0,0.0,0.0,0.0,0.0,0.0,99.8,0.2
20160317000712,0.0,0.0,0.0,0.0,0.0,0.0,99.7,0.2
20160317000742,0.0,0.0,0.0,0.0,0.0,0.0,99.7,0.3
20160317000812,0.0,0.0,0.0,0.0,0.0,0.0,98.8,1.2
20160317000842,0.0,0.0,0.0,0.0,0.0,0.0,97.6,2.4
20160317000912,0.0,0.0,0.0,0.0,0.0,0.0,99.9,0.1
20160317000942,0.0,0.0,0.0,0.1,0.0,0.0,97.4,2.5
20160317001012,0.0,0.0,0.0,0.0,0.0,0.0,47.1,52.8
20160317001042,0.0,0.0,0.0,0.0,0.0,0.0,98.6,1.3
20160317001112,0.0,0.0,0.0,0.0,0.0,0.0,98.9,1.1
20160317001142,0.0,0.0,0.0,0.0,0.0,0.0,97.5,2.5
20160317001212,0.0,0.0,0.0,0.0,0.0,0.0,99.9,0.1
20160317001242,0.0,0.0,0.0,0.0,0.0,0.0,96.3,3.7
20160317001312,0.0,0.0,0.0,0.0,0.0,0.0,96.4,3.6
20160317001342,0.0,0.0,0.0,0.0,0.0,0.0,78.9,21.1
20160317001412,0.0,0.0,0.0,0.0,0.0,0.0,3.2,96.8
20160317001442,0.0,0.0,0.0,0.0,0.0,0.0,17.1,82.9
20160317001512,0.0,0.0,0.0,0.0,0.0,0.0,3.6,96.4
20160317001542,0.0,0.0,0.0,0.0,0.0,0.0,2.8,97.2
20160317001612,0.0,0.0,0.0,0.0,0.0,0.0,0.5,99.5
20160317001642,0.0,0.0,0.0,0.0,0.0,0.0,2.2,97.8
20160317001712,0.0,0.0,0.0,0.0,0.0,0.0,10.0,90.0
20160317001742,0.0,0.0,0.0,0.0,0.0,0.0,2.5,97.5
20160317001812,0.0,0.0,0.0,0.0,0.0,0.0,87.2,12.8
20160317001843,0.0,0.0,0.0,0.0,0.0,0.0,89.1,10.9
20160317001913,0.0,0.0,0.0,0.0,0.0,0.0,91.7,8.3
20160317001943,0.0,0.0,0.0,0.0,0.0,0.0,96.2,3.8
20160317002013,0.0,0.0,0.0,0.0,0.0,0.0,99.6,0.4
20160317002043,0.0,0.0,0.0,0.0,0.0,0.0,100.0,0.0
20160317002113,0.0,0.0,0.0,0.0,0.0,0.0,99.1,0.9
20160317002143,0.0,0.0,0.0,0.0,0.0,0.0,99.3,0.7
20160317002213,0.0,0.0,0.0,0.0,0.0,0.0,75.1,24.9
20160317002243,0.0,0.0,0.0,0.0,0.0,0.0,92.2,7.8
20160317002313,0.0,0.0,0.0,0.0,0.0,0.0,93.1,6.9
20160317002343,0.0,0.0,0.0,0.0,0.0,0.0,91.4,8.6
20160317002413,0.0,0.0,0.0,0.0,0.0,0.0,97.3,2.7
20160317002443,0.0,0.0,0.0,0.0,0.0,0.0,56.1,43.9
20160317002513,0.0,0.0,0.0,0.0,0.0,0.0,38.9,61.1
