UT,arc,discrete,diffuse,ac,ab,clear,cloudy,dd
20160220155700,0.0,0.0,0.0,0.0,0.0,0.0,0.0,100.0
20160220155730,0.0,0.0,0.0,0.0,0.0,0.0,0.0,100.0
20160220155800,0.0,0.0,0.0,0.0,0.0,0.0,0.0,100.0
20160220155830,0.0,0.0,0.0,0.0,0.0,0.0,0.0,100.0
20160220155900,0.0,0.0,0.0,0.0,0.0,0.0,0.0,100.0
20160220155930,0.0,0.0,0.0,0.0,0.0,0.0,0.0,100.0
20160220160000,0.0,0.0,0.0,0.0,0.0,0.0,0.0,100.0
20160220160030,0.0,0.0,0.0,0.0,0.0,0.0,0.0,100.0
20160220160100,0.0,0.0,0.0,0.0,0.0,0.0,0.0,100.0
20160220160130,0.0,0.0,0.0,0.0,0.0,0.0,0.0,100.0
20160220160200,0.0,0.0,0.0,0.0,0.0,0.0,0.0,100.0
20160220160230,0.0,0.0,0.0,0.0,0.0,0.0,0.0,100.0
20160220160300,0.0,0.0,0.0,0.0,0.0,0.0,0.0,100.0
20160220160330,0.0,0.0,0.0,0.0,0.0,0.0,0.0,100.0
20160220160400,0.0,0.0,0.0,0.0,0.0,0.0,0.0,100.0
20160220160430,0.0,0.0,0.0,0.0,0.0,0.0,0.0,100.0
20160220160500,0.0,0.0,0.0,0.0,0.0,0.0,0.0,100.0
20160220160530,0.0,0.0,0.0,0.0,0.0,0.0,0.0,100.0
20160220160600,0.0,0.0,0.0,0.0,0.0,0.0,0.0,100.0
20160220160630,0.0,0.0,0.0,0.0,0.0,0.0,0.0,100.0
20160220160700,0.0,0.0,0.0,0.0,0.0,0.0,0.0,100.0
20160220160730,0.0,0.0,0.0,0.0,0.0,0.0,0.0,100.0
20160220160800,0.0,0.0,0.0,0.0,0.0,0.0,0.0,100.0
20160220160830,0.0,0.0,0.0,0.0,0.0,0.0,0.0,100.0
20160220160900,0.0,0.0,0.0,0.0,0.0,0.0,0.0,100.0
20160220160930,0.0,0.0,0.0,0.0,0.0,0.0,0.0,100.0
20160220161000,0.0,0.0,0.0,0.0,0.0,0.0,0.0,100.0
20160220161030,0.0,0.0,0.0,0.0,0.0,0.0,0.0,100.0
20160220161100,0.0,0.0,0.0,0.0,0.0,0.0,0.0,100.0
20160220161130,0.0,0.0,0.0,0.0,0.0,0.0,0.0,100.0
20160220161200,0.0,0.0,0.0,0.0,0.0,0.0,0.0,100.0
20160220161230,0.0,0.0,0.0,0.0,0.0,0.0,0.0,100.0
20160220161300,0.0,0.0,0.0,0.0,0.0,0.0,0.0,100.0
20160220161330,0.0,0.0,0.0,0.0,0.0,0.0,0.0,100.0
20160220161400,0.0,0.0,0.0,0.0,0.0,0.0,0.0,100.0
20160220161430,0.0,0.0,0.0,0.0,0.0,0.0,0.0,100.0
20160220161500,0.0,0.0,0.0,0.0,0.0,0.0,0.0,100.0
20160220161530,0.0,0.0,0.0,0.0,0.0,0.0,0.0,100.0
20160220161600,0.0,0.0,0.0,0.0,0.0,0.0,0.0,100.0
20160220161630,0.0,0.0,0.0,0.0,0.0,0.0,0.0,100.0
20160220161700,0.0,0.0,0.0,0.0,0.0,0.0,0.0,100.0
20160220161730,0.0,0.0,0.0,0.0,0.0,0.0,0.0,100.0
20160220161800,0.0,0.0,0.0,0.0,0.0,0.0,0.0,100.0
20160220161830,0.0,0.0,0.0,0.0,0.0,0.0,0.0,100.0
20160220161900,0.0,0.0,0.0,0.0,0.0,0.0,0.0,100.0
20160220161930,0.0,0.0,0.0,0.0,0.0,0.0,0.0,100.0
20160220162000,0.0,0.0,0.0,0.0,0.0,0.0,0.0,100.0
20160220162030,0.0,0.0,0.0,0.0,0.0,0.0,0.0,100.0
20160220162100,0.0,0.0,0.0,0.0,0.0,0.0,0.0,100.0
20160220162130,0.0,0.0,0.0,0.0,0.0,0.0,0.0,100.0
20160220162200,0.0,0.0,0.0,0.0,0.0,0.0,0.0,100.0
20160220162230,0.0,0.0,0.0,0.0,0.0,0.0,0.0,100.0
20160220162300,0.0,0.0,0.0,0.0,0.0,0.0,0.0,100.0
20160220162330,0.0,0.0,0.0,0.0,0.0,0.0,0.0,100.0
20160220162400,0.0,0.0,0.0,0.0,0.0,0.0,0.0,100.0
20160220162430,0.0,0.0,0.0,0.0,0.0,0.0,0.0,100.0
20160220162500,0.0,0.0,0.0,0.0,0.0,0.0,0.0,100.0
20160220162530,0.0,0.0,0.0,0.0,0.0,0.0,0.0,100.0
20160220162600,0.0,0.0,0.0,0.0,0.0,0.0,0.0,100.0
20160220162630,0.0,0.0,0.0,0.0,0.0,0.0,0.0,100.0
20160220162700,0.0,0.0,0.0,0.0,0.0,0.0,0.0,100.0
20160220162730,0.0,0.0,0.0,0.0,0.0,0.0,0.0,100.0
20160220162800,0.0,0.0,0.0,0.0,0.0,0.0,0.0,100.0
20160220162830,0.0,0.0,0.0,0.0,0.0,0.0,0.0,100.0
20160220162901,0.0,0.0,0.0,0.0,0.0,0.0,0.0,100.0
20160220162931,0.0,0.0,0.0,0.0,0.0,0.0,0.0,100.0
20160220163001,0.0,0.0,0.0,0.0,0.0,0.0,0.0,100.0
20160220163031,0.0,0.0,0.0,0.0,0.0,0.0,0.0,100.0
20160220163101,0.0,0.0,0.0,0.0,0.0,0.0,0.0,100.0
20160220163131,0.0,0.0,0.0,0.0,0.0,0.0,0.0,100.0
20160220163201,0.0,0.0,0.0,0.0,0.0,0.0,0.0,100.0
20160220163231,0.0,0.0,0.0,0.0,0.0,0.0,0.0,100.0
20160220163301,0.0,0.0,0.0,0.0,0.0,0.0,0.0,100.0
20160220163331,0.0,0.0,0.0,0.0,0.0,0.0,0.0,100.0
20160220163401,0.0,0.0,0.0,0.0,0.0,0.0,0.0,100.0
20160220163431,0.0,0.0,0.0,0.0,0.0,0.0,0.0,100.0
20160220163501,0.0,0.0,0.0,0.0,0.0,0.0,0.0,100.0
20160220163531,0.0,0.0,0.0,0.0,0.0,0.0,0.0,100.0
20160220163601,0.0,0.0,0.0,0.0,0.0,0.0,0.0,100.0
20160220163631,0.0,0.0,0.0,0.0,0.0,0.0,0.0,100.0
20160220163701,0.0,0.0,0.0,0.0,0.0,0.0,0.0,100.0
20160220163731,0.0,0.0,0.0,0.0,0.0,0.0,0.0,100.0
20160220163801,0.0,0.0,0.0,0.0,0.0,0.0,0.0,100.0
20160220163831,0.0,0.0,0.0,0.0,0.0,0.0,0.0,100.0
20160220163901,0.0,0.0,0.0,0.0,0.0,0.0,0.0,100.0
20160220163931,0.0,0.0,0.0,0.0,0.0,0.0,0.0,100.0
20160220164001,0.0,0.0,0.0,0.0,0.0,0.0,0.0,100.0
20160220164031,0.0,0.0,0.0,0.0,0.0,0.0,0.0,100.0
20160220164101,0.0,0.0,0.0,0.0,0.0,0.0,0.0,100.0
20160220164131,0.0,0.0,0.0,0.0,0.0,0.0,0.0,100.0
20160220164201,0.0,0.0,0.0,0.0,0.0,0.0,0.0,100.0
20160220164231,0.0,0.0,0.0,0.0,0.0,0.0,0.0,100.0
20160220164301,0.0,0.0,0.0,0.0,0.0,0.0,0.0,100.0
20160220164331,0.0,0.0,0.0,0.0,0.0,0.0,0.0,100.0
20160220164401,0.0,0.0,0.0,0.0,0.0,0.0,0.0,100.0
20160220164431,0.0,0.0,0.0,0.0,0.0,0.0,0.0,100.0
20160220164501,0.0,0.0,0.0,0.0,0.0,0.0,0.0,100.0
20160220164531,0.0,0.0,0.0,0.0,0.0,0.0,0.0,100.0
20160220164601,0.0,0.0,0.0,0.0,0.0,0.0,0.0,100.0
20160220164631,0.0,0.0,0.0,0.0,0.0,0.0,0.0,100.0
20160220164701,0.0,0.0,0.0,0.0,0.0,0.0,0.0,100.0
20160220164731,0.0,0.0,0.0,0.0,0.0,0.0,0.0,100.0
20160220164801,0.0,0.0,0.0,0.0,0.0,0.0,0.0,100.0
20160220164831,0.0,0.0,0.0,0.0,0.0,0.0,0.0,100.0
20160220164901,0.0,0.0,0.0,0.0,0.0,0.0,0.0,100.0
20160220164931,0.0,0.0,0.0,0.0,0.0,0.0,0.0,100.0
20160220165001,0.0,0.0,0.0,0.0,0.0,0.0,0.0,100.0
20160220165031,0.0,0.0,0.0,0.0,0.0,0.0,0.0,100.0
20160220165101,0.0,0.0,0.0,0.0,0.0,0.0,0.0,100.0
20160220165131,0.0,0.0,0.0,0.0,0.0,0.0,0.0,100.0
20160220165201,0.0,0.0,0.0,0.0,0.0,0.0,0.0,100.0
20160220165231,0.0,0.0,0.0,0.0,0.0,0.0,0.0,100.0
20160220165301,0.0,0.0,0.0,0.0,0.0,0.0,0.0,100.0
20160220165331,0.0,0.0,0.0,0.0,0.0,0.0,0.0,100.0
20160220165401,0.0,0.0,0.0,0.0,0.0,0.0,0.0,100.0
20160220165431,0.0,0.0,0.0,0.0,0.0,0.0,0.0,100.0
20160220165501,0.0,0.0,0.0,0.0,0.0,0.0,0.0,100.0
20160220165531,0.0,0.0,0.0,0.0,0.0,0.0,0.0,100.0
20160220165601,0.0,0.0,0.0,0.0,0.0,0.0,0.0,100.0
20160220165631,0.0,0.0,0.0,0.0,0.0,0.0,0.0,100.0
20160220165831,0.0,0.0,0.0,0.0,0.0,0.0,0.0,100.0
20160220165901,0.0,0.0,0.0,0.0,0.0,0.0,0.0,100.0
20160220165931,0.0,0.0,0.0,0.0,0.0,0.0,0.0,100.0
20160220170001,0.0,0.0,0.0,0.0,0.0,0.0,0.0,100.0
20160220170031,0.0,0.0,0.0,0.0,0.0,0.0,0.0,100.0
20160220170101,0.0,0.0,0.0,0.0,0.0,0.0,0.0,100.0
20160220170131,0.0,0.0,0.0,0.0,0.1,0.0,0.0,99.9
20160220170201,0.0,0.0,0.0,0.0,0.1,0.0,0.0,99.9
20160220170231,0.0,0.0,0.0,0.0,0.0,0.0,0.0,100.0
20160220170302,0.0,0.0,0.0,0.0,0.0,0.0,0.0,100.0
20160220170332,0.0,0.0,0.0,0.0,0.0,0.0,0.0,100.0
20160220170402,0.0,0.0,0.0,0.0,0.0,0.0,0.1,99.9
20160220170432,0.0,0.0,0.0,0.0,0.0,0.0,0.0,100.0
20160220170502,0.0,0.0,0.0,0.0,0.0,0.0,0.0,100.0
20160220170532,0.0,0.0,0.0,0.0,0.0,0.0,0.0,100.0
20160220170602,0.0,0.0,0.0,0.0,0.0,0.0,0.0,100.0
20160220170632,0.0,0.0,0.0,0.0,0.0,0.0,0.0,100.0
20160220170702,0.0,0.0,0.0,0.0,0.0,0.0,0.1,99.8
20160220170732,0.0,0.0,0.0,0.0,0.1,0.0,0.2,99.7
20160220170802,0.0,0.0,0.0,0.0,0.2,0.0,0.7,99.0
20160220170832,0.0,0.0,0.0,0.0,0.0,0.0,0.4,99.6
20160220170902,0.0,0.0,0.0,0.0,0.0,0.0,2.6,97.4
20160220170932,0.0,0.0,0.0,0.0,0.1,0.0,25.5,74.4
20160220171002,0.0,0.0,0.0,0.0,0.5,0.0,6.3,93.3
20160220171032,0.0,0.0,0.0,0.0,0.5,0.0,31.6,67.9
20160220171102,0.0,0.0,0.0,0.0,0.1,0.0,8.0,91.9
20160220171132,0.0,0.0,0.0,0.0,0.1,0.0,21.4,78.4
20160220171202,0.0,0.0,0.0,0.0,0.2,0.0,17.4,82.4
20160220171232,0.0,0.0,0.0,0.0,1.7,0.0,5.3,93.0
20160220171302,0.0,0.0,0.0,0.0,2.4,0.0,49.8,47.8
20160220171332,0.0,0.0,0.0,0.0,1.5,0.0,17.6,80.9
20160220171402,0.0,0.0,0.0,0.0,3.3,0.0,39.2,57.5
20160220171432,0.0,0.0,0.0,0.0,1.5,0.0,22.8,75.7
20160220171502,0.0,0.0,0.0,0.0,0.8,0.0,81.6,17.6
20160220171532,0.0,0.0,0.0,0.0,0.8,0.0,39.9,59.3
20160220171602,0.0,0.0,0.0,0.0,2.1,0.0,54.6,43.3
20160220171632,0.0,0.0,0.0,0.0,1.4,0.0,92.7,5.9
20160220171702,0.0,0.0,0.0,0.0,1.9,0.0,59.2,38.9
20160220171732,0.0,0.0,0.0,0.0,0.3,0.0,82.2,17.5
20160220171802,0.0,0.0,0.0,0.0,2.6,0.0,61.0,36.4
20160220171832,0.0,0.0,0.0,0.0,3.7,0.0,80.6,15.6
20160220171902,0.0,0.0,0.0,0.0,16.9,0.0,69.0,14.2
20160220171932,0.0,0.0,0.0,0.0,9.0,0.0,82.7,8.3
20160220172002,0.0,0.0,0.0,0.0,5.1,0.0,92.3,2.6
20160220172032,0.0,0.0,0.0,0.0,0.5,0.0,96.3,3.3
20160220172102,0.0,0.0,0.0,0.0,1.2,0.0,97.0,1.8
20160220172132,0.0,0.0,0.0,0.0,3.0,0.0,88.2,8.8
20160220172202,0.0,0.0,0.0,0.0,2.6,0.0,88.6,8.8
20160220172232,0.0,0.0,0.0,0.0,14.3,0.0,44.6,41.1
20160220172302,0.0,0.0,0.0,0.0,2.2,0.0,76.9,20.9
20160220172332,0.0,0.0,0.0,0.0,17.5,0.0,73.1,9.3
20160220172402,0.0,0.0,0.0,0.0,0.9,0.0,96.3,2.9
20160220172432,0.0,0.0,0.0,0.0,1.2,0.0,93.3,5.5
20160220172502,0.0,0.0,0.0,0.0,5.3,0.0,49.3,45.4
20160220172532,0.0,0.0,0.0,0.0,1.6,0.0,94.1,4.3
20160220172602,0.0,0.0,0.0,0.0,0.5,0.0,87.7,11.8
20160220172632,0.0,0.0,0.0,0.0,0.8,0.0,75.9,23.4
20160220172702,0.0,0.0,0.0,0.0,1.2,0.0,91.6,7.2
20160220172732,0.0,0.0,0.0,0.0,6.9,0.0,39.1,54.0
20160220172802,0.0,0.0,0.0,0.0,3.3,0.0,93.0,3.7
20160220172832,0.0,0.0,0.0,0.0,2.6,0.0,95.0,2.5
20160220172902,0.0,0.0,0.0,0.0,3.7,0.0,94.7,1.6
20160220172932,0.0,0.0,0.0,0.0,3.1,0.0,95.8,1.1
20160220173002,0.0,0.0,0.0,0.0,5.2,0.0,91.7,3.1
20160220173033,0.0,0.0,0.0,0.0,0.9,0.0,97.2,1.9
20160220173103,0.0,0.0,0.0,0.0,2.7,0.0,95.9,1.5
20160220173133,0.0,0.0,0.0,0.0,2.8,0.0,96.1,1.1
20160220173203,0.0,0.0,0.0,0.0,8.2,0.0,90.4,1.4
20160220173233,0.0,0.0,0.0,0.0,14.2,0.0,83.4,2.4
20160220173303,0.0,0.0,0.0,0.0,4.8,0.0,93.3,1.9
20160220173333,0.0,0.0,0.0,0.0,5.4,0.0,91.2,3.4
20160220173403,0.0,0.0,0.0,0.0,6.1,0.0,90.4,3.5
20160220173433,0.0,0.0,0.0,0.0,2.9,0.0,94.1,3.0
20160220173503,0.0,0.0,0.0,0.0,2.3,0.0,96.4,1.3
20160220173533,0.0,0.0,0.0,0.0,11.2,0.0,86.0,2.8
20160220173603,0.0,0.0,0.0,0.0,10.2,0.0,85.2,4.6
20160220173633,0.0,0.0,0.0,0.0,4.4,0.0,94.2,1.4
20160220173703,0.0,0.0,0.0,0.0,8.5,0.0,85.3,6.2
20160220173733,0.0,0.0,0.0,0.0,14.6,0.0,70.6,14.8
20160220173803,0.0,0.0,0.0,0.0,7.8,0.0,90.6,1.6
20160220173833,0.0,0.0,0.0,0.0,12.1,0.0,86.1,1.7
20160220173903,0.0,0.0,0.0,0.0,12.9,0.0,70.3,16.7
20160220173933,0.0,0.0,0.0,0.0,14.6,0.0,79.4,6.0
20160220174003,0.0,0.0,0.0,0.0,4.7,0.0,93.0,2.2
20160220174033,0.0,0.0,0.0,0.0,2.1,0.0,87.9,10.1
20160220174103,0.0,0.0,0.0,0.0,7.5,0.0,80.5,11.9
20160220174133,0.0,0.0,0.0,0.0,8.5,0.0,82.5,9.0
20160220174203,0.0,0.0,0.0,0.0,4.2,0.0,89.9,5.9
20160220174233,0.0,0.0,0.0,0.0,13.6,0.0,79.8,6.6
20160220174303,0.0,0.0,0.0,0.0,4.5,0.0,91.3,4.2
20160220174333,0.0,0.0,0.0,0.0,0.2,0.0,97.6,2.2
20160220174403,0.0,0.0,0.0,0.0,0.2,0.0,98.6,1.3
20160220174433,0.0,0.0,0.0,0.0,6.5,0.0,86.4,7.1
20160220174503,0.0,0.0,0.0,0.0,0.6,0.0,98.6,0.7
20160220174533,0.0,0.0,0.0,0.0,3.0,0.0,95.1,2.0
20160220174603,0.0,0.0,0.0,0.0,0.5,0.0,97.5,2.0
20160220174633,0.0,0.0,0.0,0.0,3.9,0.0,85.8,10.2
20160220174703,0.0,0.0,0.0,0.0,8.3,0.0,75.3,16.4
20160220174733,0.0,0.0,0.0,0.0,1.5,0.0,92.6,5.9
20160220174803,0.0,0.0,0.0,0.0,14.2,0.0,78.5,7.4
20160220174833,0.0,0.0,0.0,0.0,3.3,0.0,93.6,3.1
20160220174903,0.0,0.0,0.0,0.0,2.4,0.0,96.4,1.1
20160220174933,0.0,0.0,0.0,0.0,3.9,0.0,88.8,7.3
20160220175003,0.0,0.0,0.0,0.0,4.9,0.0,92.3,2.8
20160220175033,0.0,0.0,0.0,0.0,1.8,0.0,96.0,2.3
20160220175103,0.0,0.0,0.0,0.0,1.3,0.0,96.0,2.7
20160220175133,0.0,0.0,0.0,0.0,9.6,0.0,73.9,16.5
20160220175203,0.0,0.0,0.0,0.0,7.1,0.0,83.7,9.2
20160220175233,0.0,0.0,0.0,0.0,0.9,0.0,98.6,0.4
20160220175303,0.0,0.0,0.0,0.0,2.2,0.0,91.5,6.3
20160220175333,0.0,0.0,0.0,0.0,2.2,0.0,88.7,9.0
20160220175403,0.0,0.0,0.0,0.0,2.0,0.0,88.7,9.3
20160220175433,0.0,0.0,0.0,0.0,2.1,0.0,68.4,29.5
20160220175503,0.0,0.0,0.0,0.0,2.1,0.0,91.6,6.3
20160220175533,0.0,0.0,0.0,0.0,2.2,0.0,88.9,8.9
20160220175603,0.0,0.0,0.0,0.0,9.1,0.0,80.7,10.2
20160220175633,0.0,0.0,0.0,0.0,4.8,0.0,90.6,4.6
20160220175703,0.0,0.0,0.0,0.0,11.5,0.0,79.3,9.2
20160220175733,0.0,0.0,0.0,0.0,8.9,0.0,82.6,8.4
20160220175803,0.0,0.0,0.0,0.0,31.9,0.0,58.1,10.0
20160220175833,0.0,0.0,0.0,0.0,18.4,0.0,79.6,2.0
20160220175903,0.0,0.0,0.0,0.0,41.4,0.0,52.5,6.1
20160220175933,0.0,0.0,0.0,0.0,12.5,0.0,80.2,7.3
20160220180003,0.0,0.0,0.0,0.0,7.6,0.0,87.8,4.6
20160220180033,0.0,0.0,0.0,0.0,6.7,0.0,90.0,3.3
20160220180103,0.0,0.0,0.0,0.0,3.8,0.0,93.7,2.5
20160220180133,0.0,0.0,0.0,0.0,12.1,0.0,83.5,4.4
20160220180203,0.0,0.0,0.0,0.0,9.1,0.0,84.6,6.2
20160220180233,0.0,0.0,0.0,0.0,13.0,0.0,81.9,5.1
20160220180303,0.0,0.0,0.0,0.0,10.1,0.0,86.0,3.9
20160220180333,0.0,0.0,0.0,0.0,4.9,0.0,93.7,1.3
20160220180403,0.0,0.0,0.0,0.0,7.6,0.0,83.5,8.8
20160220180434,0.0,0.0,0.0,0.0,11.6,0.0,73.9,14.5
20160220180504,0.0,0.0,0.0,0.0,6.0,0.0,87.2,6.8
20160220180534,0.0,0.0,0.0,0.0,2.7,0.0,93.9,3.3
20160220180604,0.0,0.0,0.0,0.0,4.1,0.0,93.4,2.5
20160220180634,0.0,0.0,0.0,0.0,8.9,0.0,85.0,6.1
20160220180704,0.0,0.0,0.0,0.0,17.4,0.0,78.8,3.7
20160220180734,0.0,0.0,0.0,0.0,9.8,0.0,85.2,5.0
20160220180804,0.0,0.0,0.0,0.0,30.8,0.0,67.2,1.9
20160220180834,0.0,0.0,0.0,0.0,23.0,0.0,75.5,1.5
20160220180904,0.0,0.0,0.0,0.0,27.8,0.0,67.8,4.3
20160220180934,0.0,0.0,0.0,0.0,17.9,0.0,76.8,5.3
20160220181004,0.0,0.0,0.0,0.0,17.7,0.0,74.7,7.6
20160220181034,0.0,0.0,0.0,0.0,21.9,0.0,76.3,1.8
20160220181104,0.0,0.0,0.0,0.0,4.5,0.0,94.7,0.8
20160220181134,0.0,0.0,0.0,0.0,10.9,0.0,85.9,3.2
20160220181204,0.0,0.0,0.0,0.0,11.2,0.0,83.8,5.0
20160220181234,0.0,0.0,0.1,0.0,23.9,0.0,69.0,7.1
20160220181304,0.0,0.0,0.1,0.0,11.0,0.0,86.0,3.0
20160220181334,0.0,0.0,0.0,0.0,3.4,0.0,94.8,1.8
20160220181404,0.0,0.0,0.0,0.0,1.9,0.0,95.9,2.1
20160220181434,0.0,0.0,0.0,0.0,5.1,0.0,88.1,6.8
20160220181504,0.0,0.0,0.0,0.0,1.7,0.0,95.5,2.8
20160220181534,0.0,0.0,0.0,0.0,1.0,0.0,97.6,1.4
20160220181604,0.0,0.0,0.0,0.0,2.4,0.0,91.7,6.0
20160220181634,0.0,0.0,0.0,0.0,3.0,0.0,92.7,4.3
20160220181704,0.0,0.0,0.0,0.0,8.2,0.0,81.7,10.1
20160220181734,0.0,0.0,0.0,0.0,13.4,0.0,72.8,13.7
20160220181804,0.0,0.0,0.0,0.0,3.9,0.0,83.4,12.7
20160220181834,0.0,0.0,0.0,0.0,4.6,0.0,83.3,12.1
20160220181904,0.0,0.0,0.0,0.0,2.4,0.0,62.2,35.3
20160220181934,0.0,0.0,0.0,0.0,5.6,0.0,85.9,8.6
20160220182004,0.0,0.0,0.0,0.0,1.8,0.0,79.5,18.8
20160220182034,0.0,0.0,0.0,0.0,2.4,0.0,86.2,11.4
20160220182104,0.0,0.0,0.0,0.0,1.4,0.0,45.0,53.6
20160220182134,0.0,0.0,0.0,0.0,0.6,0.0,16.2,83.2
20160220182204,0.0,0.0,0.0,0.0,1.3,0.0,16.4,82.4
20160220182234,0.0,0.0,0.0,0.0,1.1,0.0,29.3,69.5
20160220182304,0.0,0.0,0.0,0.0,1.9,0.0,48.4,49.7
20160220182334,0.0,0.0,0.0,0.0,1.5,0.0,55.1,43.5
20160220182404,0.0,0.0,0.0,0.0,3.1,0.0,50.8,46.1
20160220182434,0.0,0.0,0.0,0.0,2.1,0.0,62.3,35.6
20160220182504,0.0,0.0,0.0,0.0,1.5,0.0,80.1,18.4
20160220182534,0.0,0.0,0.0,0.0,3.0,0.0,71.7,25.3
20160220182604,0.0,0.0,0.0,0.0,1.0,0.0,87.6,11.4
20160220182634,0.0,0.0,0.0,0.0,1.0,0.0,83.5,15.6
20160220182704,0.0,0.0,0.0,0.0,3.5,0.0,72.0,24.6
20160220182734,0.0,0.0,0.0,0.0,1.8,0.0,86.7,11.5
20160220182804,0.0,0.0,0.0,0.0,1.3,0.0,95.9,2.8
20160220182834,0.0,0.0,0.0,0.0,2.6,0.0,94.0,3.5
20160220182904,0.0,0.0,0.0,0.0,2.0,0.0,92.4,5.6
20160220182934,0.0,0.0,0.0,0.0,1.4,0.0,89.2,9.4
20160220183004,0.0,0.0,0.0,0.0,3.9,0.0,82.5,13.6
20160220183034,0.0,0.0,0.0,0.0,0.3,0.0,96.0,3.7
20160220183104,0.0,0.0,0.0,0.0,0.3,0.0,94.5,5.3
20160220183134,0.0,0.0,0.0,0.0,0.7,0.0,68.1,31.2
20160220183204,0.0,0.0,0.0,0.0,0.4,0.0,97.8,1.8
20160220183234,0.0,0.0,0.0,0.0,0.7,0.0,95.3,4.0
20160220183304,0.0,0.0,0.0,0.0,0.7,0.0,90.4,9.0
20160220183334,0.0,0.0,0.0,0.0,0.9,0.0,63.1,35.9
20160220183404,0.0,0.0,0.0,0.0,2.2,0.0,40.6,57.2
20160220183434,0.0,0.0,0.0,0.0,2.0,0.0,72.6,25.4
20160220183504,0.0,0.0,0.0,0.0,2.4,0.0,32.4,65.3
20160220183534,0.0,0.0,0.0,0.0,4.4,0.0,28.4,67.2
20160220183604,0.0,0.0,0.0,0.0,2.5,0.0,45.7,51.8
20160220183634,0.0,0.0,0.0,0.0,3.7,0.0,61.5,34.8
20160220183704,0.0,0.0,0.0,0.0,5.5,0.0,66.6,27.9
20160220183734,0.0,0.0,0.0,0.0,8.4,0.0,53.3,38.3
20160220183804,0.0,0.0,0.0,0.0,3.0,0.0,28.8,68.2
20160220183835,0.0,0.0,0.0,0.0,7.5,0.0,53.5,39.0
20160220183905,0.0,0.0,0.0,0.0,6.7,0.0,29.2,64.1
20160220183935,0.0,0.0,0.0,0.0,9.2,0.0,41.7,49.1
20160220184005,0.0,0.0,0.0,0.0,2.8,0.0,8.9,88.4
20160220184035,0.0,0.0,0.0,0.0,5.1,0.0,64.9,30.0
20160220184105,0.0,0.0,0.0,0.0,14.6,0.0,56.3,29.1
20160220184135,0.0,0.0,0.0,0.0,10.1,0.0,33.7,56.2
20160220184205,0.0,0.0,0.0,0.0,2.0,0.0,38.8,59.2
20160220184235,0.0,0.0,0.0,0.0,11.8,0.0,62.2,26.0
20160220184305,0.0,0.0,0.0,0.0,11.2,0.0,48.8,40.1
20160220184335,0.0,0.0,0.0,0.0,6.0,0.0,84.8,9.2
20160220184405,0.0,0.0,0.0,0.0,5.6,0.0,84.1,10.3
20160220184435,0.0,0.0,0.0,0.0,11.9,0.0,72.6,15.4
20160220184505,0.0,0.0,0.0,0.0,9.7,0.0,80.7,9.6
20160220184535,0.0,0.0,0.0,0.0,18.6,0.0,66.4,14.9
20160220184605,0.0,0.0,0.0,0.0,23.9,0.0,54.1,21.9
20160220184635,0.0,0.0,0.0,0.0,31.2,0.0,50.7,18.1
20160220184705,0.0,0.0,0.0,0.0,54.3,0.0,31.3,14.3
20160220184735,0.0,0.0,0.0,0.0,38.1,0.0,48.1,13.8
20160220184805,0.0,0.0,0.0,0.0,13.1,0.0,77.5,9.3
20160220184835,0.0,0.0,0.0,0.0,13.0,0.0,71.1,15.9
20160220184905,0.0,0.0,0.0,0.0,49.3,0.0,19.9,30.8
20160220184935,0.0,0.0,0.0,0.0,23.4,0.0,66.3,10.3
20160220185005,0.0,0.0,0.0,0.0,38.1,0.0,49.1,12.8
20160220185035,0.0,0.0,0.0,0.0,14.9,0.0,62.7,22.4
20160220185105,0.0,0.0,0.0,0.0,39.6,0.0,35.7,24.7
20160220185135,0.0,0.0,0.0,0.0,16.6,0.0,54.0,29.4
20160220185205,0.0,0.0,0.0,0.0,5.6,0.0,89.7,4.7
20160220185235,0.0,0.0,0.0,0.0,43.2,0.0,33.5,23.2
20160220185305,0.0,0.0,0.0,0.0,13.9,0.0,71.7,14.3
20160220185335,0.0,0.0,0.0,0.0,38.7,0.0,43.4,17.9
20160220185405,0.0,0.0,0.0,0.0,5.6,0.0,88.5,5.9
20160220185435,0.0,0.0,0.0,0.0,24.1,0.0,32.3,43.6
20160220185505,0.0,0.0,0.0,0.0,20.6,0.0,44.7,34.7
20160220185535,0.0,0.0,0.0,0.0,10.8,0.0,70.6,18.6
20160220185605,0.0,0.0,0.0,0.0,4.8,0.0,80.8,14.4
20160220185635,0.0,0.0,0.0,0.0,6.6,0.0,75.3,18.0
20160220185705,0.0,0.0,0.0,0.0,17.2,0.0,43.2,39.6
20160220185735,0.0,0.0,0.0,0.0,2.5,0.0,86.6,10.9
20160220185805,0.0,0.0,0.0,0.0,8.1,0.0,77.1,14.8
20160220185835,0.0,0.0,0.0,0.0,5.9,0.0,93.0,1.0
20160220185905,0.0,0.0,0.0,0.0,7.9,0.0,82.3,9.7
20160220185935,0.0,0.0,0.0,0.0,2.9,0.0,95.2,1.9
20160220190005,0.0,0.0,0.0,0.0,2.1,0.0,97.0,0.9
20160220190035,0.0,0.0,0.0,0.0,7.4,0.0,78.8,13.8
20160220190105,0.0,0.0,0.0,0.0,1.0,0.0,97.5,1.4
20160220190135,0.0,0.0,0.0,0.0,3.3,0.0,89.0,7.7
20160220190205,0.0,0.0,0.0,0.0,1.1,0.0,87.6,11.3
20160220190235,0.0,0.0,0.1,0.0,4.5,0.0,81.9,13.4
20160220190305,0.0,0.0,0.0,0.0,0.6,0.0,98.6,0.8
20160220190335,0.0,0.0,0.0,0.0,2.3,0.0,97.2,0.4
20160220190405,0.0,0.0,0.0,0.0,1.9,0.0,96.5,1.5
20160220190435,0.0,0.0,0.0,0.0,1.2,0.0,97.6,1.2
20160220190505,0.0,0.0,0.0,0.0,0.3,0.0,98.5,1.2
20160220190535,0.0,0.0,0.0,0.0,2.4,0.0,93.8,3.9
20160220190605,0.0,0.0,0.0,0.0,0.8,0.0,94.8,4.4
20160220190635,0.0,0.0,0.0,0.0,0.1,0.0,99.2,0.6
20160220190705,0.0,0.0,0.0,0.0,0.2,0.0,98.1,1.7
20160220190735,0.0,0.0,0.0,0.0,1.5,0.0,90.4,8.1
20160220190805,0.0,0.0,0.0,0.0,1.4,0.0,92.6,6.0
20160220190835,0.0,0.0,0.0,0.0,3.3,0.0,91.7,5.0
20160220190905,0.0,0.0,0.0,0.0,0.4,0.0,98.9,0.7
20160220190935,0.0,0.0,0.0,0.0,0.4,0.0,97.8,1.8
20160220191005,0.0,0.0,0.0,0.0,1.4,0.0,93.3,5.3
20160220191035,0.0,0.0,0.0,0.0,1.0,0.0,91.8,7.1
20160220191105,0.0,0.0,0.0,0.0,0.3,0.0,98.7,1.0
20160220191135,0.0,0.0,0.0,0.0,0.7,0.0,97.0,2.2
20160220191205,0.0,0.0,0.0,0.0,0.2,0.0,99.7,0.1
20160220191235,0.0,0.0,0.0,0.0,3.0,0.0,94.2,2.9
20160220191305,0.0,0.0,0.0,0.0,3.0,0.0,95.9,1.1
20160220191336,0.0,0.0,0.0,0.0,1.5,0.0,94.1,4.4
20160220191406,0.0,0.0,0.0,0.0,1.4,0.0,97.3,1.3
20160220191436,0.0,0.0,0.0,0.0,8.0,0.0,85.9,6.1
20160220191506,0.0,0.0,0.0,0.0,10.7,0.0,57.1,32.1
20160220191536,0.0,0.0,0.0,0.0,18.7,0.0,70.6,10.7
20160220191606,0.0,0.0,0.0,0.0,1.1,0.0,98.5,0.4
20160220191636,0.0,0.0,0.0,0.0,0.2,0.0,99.7,0.1
20160220191706,0.0,0.0,0.0,0.0,1.8,0.0,95.9,2.3
20160220191736,0.0,0.0,0.0,0.0,0.3,0.0,98.3,1.4
20160220191806,0.0,0.0,0.0,0.0,0.3,0.0,98.9,0.8
20160220191836,0.0,0.0,0.0,0.0,5.0,0.0,86.0,9.0
20160220191906,0.0,0.0,0.0,0.0,3.4,0.0,91.7,4.8
20160220191936,0.0,0.0,0.0,0.0,3.2,0.0,94.9,1.9
20160220192006,0.0,0.0,0.0,0.0,0.4,0.0,99.2,0.4
20160220192036,0.0,0.0,0.0,0.0,0.9,0.0,98.6,0.5
20160220192106,0.0,0.0,0.0,0.0,1.9,0.0,95.8,2.3
20160220192136,0.0,0.0,0.0,0.0,1.4,0.0,96.2,2.3
20160220192206,0.0,0.0,0.0,0.0,1.0,0.0,98.4,0.6
20160220192236,0.0,0.0,0.0,0.0,11.0,0.0,78.0,11.1
20160220192306,0.0,0.0,0.0,0.0,6.6,0.0,87.0,6.3
20160220192336,0.0,0.0,0.0,0.0,0.7,0.0,96.8,2.5
20160220192406,0.0,0.0,0.0,0.0,5.1,0.0,93.5,1.4
20160220192436,0.0,0.0,0.0,0.0,0.2,0.0,99.8,0.0
20160220192506,0.0,0.0,0.0,0.0,0.7,0.0,98.8,0.5
20160220192536,0.0,0.0,0.0,0.0,0.1,0.0,99.8,0.1
20160220192606,0.0,0.0,0.0,0.0,1.1,0.0,97.7,1.2
20160220192636,0.0,0.0,0.0,0.0,0.1,0.0,99.7,0.2
20160220192706,0.0,0.0,0.0,0.0,0.5,0.0,98.2,1.3
20160220192736,0.0,0.0,0.0,0.0,0.1,0.0,99.8,0.1
20160220192806,0.0,0.0,0.0,0.0,0.2,0.0,96.8,3.0
20160220192836,0.0,0.0,0.0,0.0,0.3,0.0,95.6,4.2
20160220192906,0.0,0.0,0.0,0.0,0.2,0.0,89.8,10.0
20160220192936,0.0,0.0,0.0,0.0,0.6,0.0,81.9,17.5
20160220193006,0.0,0.0,0.0,0.0,0.2,0.0,97.4,2.4
20160220193036,0.0,0.0,0.0,0.0,0.6,0.0,97.7,1.7
20160220193106,0.0,0.0,0.0,0.0,0.1,0.0,99.6,0.3
20160220193136,0.0,0.0,0.0,0.0,0.3,0.0,98.6,1.1
20160220193206,0.0,0.0,0.0,0.0,0.4,0.0,96.6,3.0
20160220193236,0.0,0.0,0.0,0.0,0.5,0.0,96.8,2.7
20160220193306,0.0,0.0,0.0,0.0,0.0,0.0,96.6,3.3
20160220193336,0.0,0.0,0.0,0.0,0.2,0.0,96.2,3.6
20160220193406,0.0,0.0,0.0,0.0,0.1,0.0,84.2,15.7
20160220193436,0.0,0.0,0.0,0.0,0.2,0.0,94.0,5.8
20160220193506,0.0,0.0,0.0,0.0,0.9,0.0,92.2,6.9
20160220193536,0.0,0.0,0.0,0.0,0.5,0.0,89.1,10.5
20160220193606,0.0,0.0,0.0,0.0,0.1,0.0,99.1,0.8
20160220193636,0.0,0.0,0.0,0.0,1.7,0.0,93.6,4.7
20160220193706,0.0,0.0,0.0,0.0,0.5,0.0,95.6,3.9
20160220193736,0.0,0.0,0.0,0.0,0.1,0.0,98.0,1.9
20160220193806,0.0,0.0,0.0,0.0,0.8,0.0,85.2,14.0
20160220193836,0.0,0.0,0.0,0.0,0.2,0.0,94.0,5.8
20160220193906,0.0,0.0,0.0,0.0,0.2,0.0,93.9,6.0
20160220193936,0.0,0.0,0.0,0.0,1.4,0.0,93.2,5.4
20160220194007,0.0,0.0,0.0,0.0,10.6,0.0,76.0,13.3
20160220194037,0.0,0.0,0.0,0.0,10.8,0.0,79.1,10.1
20160220194107,0.0,0.0,0.0,0.0,1.4,0.0,89.8,8.8
20160220194137,0.0,0.0,0.0,0.0,1.8,0.0,93.7,4.5
20160220194207,0.0,0.0,0.0,0.0,0.4,0.0,96.4,3.1
20160220194237,0.0,0.0,0.0,0.0,1.0,0.0,95.9,3.1
20160220194307,0.0,0.0,0.0,0.0,0.1,0.0,98.7,1.2
20160220194337,0.0,0.0,0.0,0.0,0.1,0.0,94.5,5.5
20160220194407,0.0,0.0,0.0,0.0,0.1,0.0,95.1,4.9
20160220194437,0.0,0.0,0.0,0.0,0.1,0.0,99.3,0.6
20160220194507,0.0,0.0,0.0,0.0,0.8,0.0,97.3,2.0
20160220194537,0.0,0.0,0.0,0.0,0.7,0.0,97.6,1.7
20160220194607,0.0,0.0,0.0,0.0,0.2,0.0,97.0,2.8
20160220194637,0.0,0.0,0.0,0.0,0.4,0.0,97.6,2.0
20160220194707,0.0,0.0,0.0,0.0,0.3,0.0,96.4,3.2
20160220194737,0.0,0.0,0.0,0.0,2.4,0.0,95.5,2.1
20160220194807,0.0,0.0,0.0,0.0,2.4,0.0,93.1,4.5
20160220194837,0.0,0.0,0.0,0.0,2.8,0.0,92.9,4.2
20160220194907,0.0,0.0,0.0,0.0,4.6,0.0,66.9,28.5
20160220194937,0.0,0.0,0.0,0.0,0.0,0.0,99.9,0.0
20160220195007,0.0,0.0,0.0,0.0,0.7,0.0,98.6,0.7
20160220195037,0.0,0.0,0.0,0.0,0.5,0.0,98.3,1.2
20160220195107,0.0,0.0,0.0,0.0,0.7,0.0,97.7,1.7
20160220195137,0.0,0.0,0.0,0.0,4.9,0.0,93.0,2.1
20160220195207,0.0,0.0,0.0,0.0,2.4,0.0,92.6,5.0
20160220195237,0.0,0.0,0.0,0.0,1.2,0.0,95.4,3.4
20160220195307,0.0,0.0,0.0,0.0,0.4,0.0,70.4,29.2
20160220195337,0.0,0.0,0.0,0.0,0.6,0.0,62.3,37.1
20160220195407,0.0,0.0,0.0,0.0,0.4,0.0,70.2,29.4
20160220195437,0.0,0.0,0.0,0.0,1.1,0.0,77.3,21.6
20160220195507,0.0,0.0,0.0,0.0,2.7,0.0,70.9,26.5
20160220195537,0.0,0.0,0.0,0.0,0.7,0.0,76.4,22.9
20160220195607,0.0,0.0,0.0,0.0,2.0,0.0,54.4,43.6
20160220195637,0.0,0.0,0.0,0.0,1.4,0.0,65.8,32.8
20160220195707,0.0,0.0,0.0,0.0,1.9,0.0,53.7,44.4
20160220195737,0.0,0.0,0.0,0.0,0.8,0.0,25.9,73.3
20160220195807,0.0,0.0,0.0,0.0,6.9,0.0,61.6,31.4
20160220195837,0.0,0.0,0.0,0.0,1.0,0.0,82.6,16.4
20160220195907,0.0,0.0,0.0,0.0,1.5,0.0,74.9,23.6
20160220195937,0.0,0.0,0.0,0.0,4.3,0.0,62.4,33.3
20160220200007,0.0,0.0,0.0,0.0,2.3,0.0,67.2,30.5
20160220200037,0.0,0.0,0.0,0.0,4.6,0.0,52.4,42.9
20160220200107,0.0,0.0,0.0,0.0,1.9,0.0,83.6,14.5
20160220200137,0.0,0.0,0.0,0.0,1.8,0.0,69.1,29.1
20160220200207,0.0,0.0,0.0,0.0,3.7,0.0,71.4,24.9
20160220200237,0.0,0.0,0.0,0.0,2.3,0.0,62.1,35.6
20160220200307,0.0,0.0,0.0,0.0,2.1,0.0,59.9,38.0
20160220200337,0.0,0.0,0.0,0.0,0.8,0.0,89.5,9.7
20160220200407,0.0,0.0,0.0,0.1,1.6,0.0,46.1,52.2
20160220200437,0.0,0.0,0.0,0.0,1.2,0.0,65.4,33.4
20160220200507,0.0,0.0,0.0,0.0,1.3,0.0,74.1,24.6
20160220200537,0.0,0.0,0.0,0.0,0.6,0.0,80.4,19.0
20160220200607,0.0,0.0,0.0,0.0,0.8,0.0,59.0,40.1
20160220200637,0.0,0.0,0.0,0.0,2.3,0.0,70.7,27.0
20160220200707,0.0,0.0,0.0,0.0,1.3,0.0,69.6,29.1
20160220200737,0.0,0.0,0.0,0.0,0.6,0.0,45.7,53.7
20160220200807,0.0,0.0,0.0,0.0,0.7,0.0,77.9,21.4
20160220200837,0.0,0.0,0.0,0.0,0.7,0.0,87.5,11.8
20160220200907,0.0,0.0,0.0,0.0,0.5,0.0,94.0,5.4
20160220200937,0.0,0.0,0.0,0.0,2.7,0.0,43.4,53.9
20160220201007,0.0,0.0,0.0,0.0,4.8,0.0,37.0,58.2
20160220201037,0.0,0.0,0.0,0.0,4.0,0.0,71.1,24.9
20160220201107,0.0,0.0,0.0,0.0,3.9,0.0,72.1,23.9
20160220201137,0.0,0.0,0.0,0.0,3.8,0.0,65.4,30.8
20160220201207,0.0,0.0,0.0,0.0,2.8,0.0,56.1,41.1
20160220201237,0.0,0.0,0.0,0.0,6.9,0.0,33.5,59.6
20160220201307,0.0,0.0,0.0,0.0,3.7,0.0,73.7,22.5
20160220201337,0.0,0.0,0.0,0.0,22.8,0.0,58.9,18.3
20160220201407,0.0,0.0,0.0,0.0,8.3,0.0,71.9,19.8
20160220201437,0.0,0.0,0.0,0.0,35.2,0.0,38.4,26.4
20160220201508,0.0,0.0,0.0,0.0,19.4,0.0,12.5,68.1
20160220201538,0.0,0.0,0.0,0.0,17.1,0.0,59.6,23.2
20160220201608,0.0,0.0,0.0,0.0,20.4,0.0,69.1,10.5
20160220201638,0.0,0.0,0.0,0.0,27.8,0.0,65.6,6.7
20160220201708,0.0,0.0,0.0,0.0,36.5,0.0,57.2,6.3
20160220201738,0.0,0.0,0.0,0.0,38.0,0.0,51.8,10.1
20160220201808,0.0,0.0,0.0,0.0,42.2,0.0,54.5,3.3
20160220201838,0.0,0.0,0.0,0.0,6.6,0.0,92.8,0.6
20160220201908,0.0,0.0,0.0,0.0,4.8,0.0,93.6,1.6
20160220201938,0.0,0.0,0.0,0.0,17.4,0.0,72.7,9.8
20160220202008,0.0,0.0,0.0,0.0,23.5,0.0,75.0,1.5
20160220202038,0.0,0.0,0.0,0.0,23.8,0.0,48.4,27.8
20160220202108,0.0,0.0,0.0,0.0,3.7,0.0,61.2,35.1
20160220202138,0.0,0.0,0.0,0.0,11.6,0.0,63.9,24.5
20160220202208,0.0,0.0,0.0,0.0,28.7,0.0,45.7,25.5
20160220202238,0.0,0.0,0.0,0.0,16.6,0.0,32.1,51.3
20160220202308,0.0,0.0,0.0,0.0,7.7,0.0,52.4,39.9
20160220202338,0.0,0.0,0.0,0.0,18.2,0.0,30.1,51.7
20160220202408,0.0,0.0,0.0,0.0,8.5,0.0,6.7,84.8
20160220202438,0.0,0.0,0.0,0.0,2.3,0.0,18.8,78.9
20160220202508,0.0,0.0,0.0,0.0,1.3,0.0,1.5,97.2
20160220202538,0.0,0.0,0.0,0.0,4.3,0.0,56.0,39.8
20160220202608,0.0,0.0,0.0,0.0,5.6,0.0,77.2,17.2
20160220202638,0.0,0.0,0.0,0.0,2.3,0.0,70.2,27.5
20160220202708,0.0,0.0,0.0,0.0,6.5,0.0,32.3,61.2
20160220202738,0.0,0.0,0.0,0.0,5.4,0.0,81.1,13.5
20160220202808,0.0,0.0,0.0,0.0,6.8,0.0,72.5,20.8
20160220202838,0.0,0.0,0.0,0.0,5.3,0.0,76.8,17.8
20160220202908,0.0,0.0,0.0,0.0,25.3,0.0,63.5,11.2
20160220202938,0.0,0.0,0.0,0.0,31.7,0.0,45.1,23.2
20160220203008,0.0,0.0,0.0,0.0,11.7,0.0,62.1,26.2
20160220203038,0.0,0.0,0.0,0.0,6.6,0.0,78.2,15.2
20160220203108,0.0,0.0,0.0,0.0,2.2,0.0,86.3,11.5
20160220203138,0.0,0.0,0.0,0.0,2.2,0.0,90.3,7.5
20160220203208,0.0,0.0,0.0,0.0,2.7,0.0,85.5,11.8
20160220203238,0.0,0.0,0.0,0.0,6.1,0.0,72.1,21.7
20160220203308,0.0,0.0,0.0,0.0,3.1,0.0,79.4,17.5
20160220203338,0.0,0.0,0.0,0.0,7.2,0.0,73.8,19.0
20160220203408,0.0,0.0,0.0,0.0,1.5,0.0,59.6,38.9
20160220203438,0.0,0.0,0.0,0.0,6.2,0.0,74.4,19.3
20160220203508,0.0,0.0,0.0,0.0,7.1,0.0,91.1,1.8
20160220203538,0.0,0.0,0.0,0.0,5.6,0.0,60.2,34.2
20160220203608,0.0,0.0,0.0,0.0,3.7,0.0,86.3,9.9
20160220203638,0.0,0.0,0.0,0.0,1.3,0.0,92.3,6.4
20160220203708,0.0,0.0,0.0,0.0,4.4,0.0,72.6,23.0
20160220203738,0.0,0.0,0.0,0.0,1.0,0.0,95.8,3.2
20160220203808,0.0,0.0,0.0,0.0,1.7,0.0,89.1,9.1
20160220203838,0.0,0.0,0.0,0.0,6.1,0.0,85.8,8.1
20160220203908,0.0,0.0,0.0,0.0,3.5,0.0,93.7,2.8
20160220203938,0.0,0.0,0.0,0.0,1.2,0.0,98.3,0.4
20160220204008,0.0,0.0,0.0,0.0,3.1,0.0,95.8,1.1
20160220204038,0.0,0.0,0.0,0.0,0.9,0.0,95.1,3.9
20160220204108,0.0,0.0,0.0,0.0,0.6,0.0,91.1,8.2
20160220204138,0.0,0.0,0.0,0.0,0.9,0.0,98.5,0.5
20160220204208,0.0,0.0,0.0,0.0,0.3,0.0,97.3,2.4
20160220204238,0.0,0.0,0.0,0.0,0.5,0.0,96.2,3.3
20160220204308,0.0,0.0,0.0,0.0,0.6,0.0,96.6,2.8
20160220204338,0.0,0.0,0.0,0.0,3.1,0.0,94.5,2.5
20160220204408,0.0,0.0,0.0,0.0,0.9,0.0,97.3,1.7
20160220204438,0.0,0.0,0.0,0.0,0.9,0.0,98.2,0.8
20160220204508,0.0,0.0,0.0,0.0,28.6,0.0,68.8,2.6
20160220204538,0.0,0.0,0.0,0.0,48.4,0.0,49.3,2.3
20160220204608,0.0,0.0,0.0,0.0,22.3,0.0,76.8,0.8
20160220204638,0.0,0.0,0.0,0.0,9.4,0.0,88.6,2.0
20160220204708,0.0,0.0,0.0,0.0,8.7,0.0,89.6,1.8
20160220204738,0.0,0.0,0.0,0.0,27.3,0.0,70.5,2.2
20160220204808,0.0,0.0,0.0,0.0,11.0,0.0,88.3,0.6
20160220204838,0.0,0.0,0.0,0.0,5.7,0.0,92.9,1.4
20160220204909,0.0,0.0,0.0,0.0,57.6,0.0,41.6,0.8
20160220204939,0.0,0.0,0.0,0.0,70.1,0.0,29.2,0.7
20160220205009,0.0,0.0,0.0,0.0,97.9,0.0,2.0,0.0
20160220205039,0.0,0.0,0.0,0.0,100.0,0.0,0.0,0.0
20160220205109,0.0,0.0,0.0,0.0,100.0,0.0,0.0,0.0
20160220205139,0.0,0.0,0.0,0.0,100.0,0.0,0.0,0.0
20160220205209,0.0,0.0,0.0,0.1,99.9,0.0,0.0,0.0
20160220205239,0.0,0.0,0.0,0.0,99.9,0.0,0.0,0.0
20160220205309,0.0,0.0,0.0,0.0,16.4,0.0,83.5,0.1
20160220205339,0.0,0.0,0.0,0.0,14.5,0.0,85.1,0.4
20160220205409,0.0,0.0,0.0,0.0,4.1,0.0,95.8,0.2
20160220205439,0.0,0.0,0.0,0.0,0.9,0.0,99.0,0.1
20160220205509,0.0,0.0,0.0,0.0,0.6,0.0,99.4,0.1
20160220205539,0.0,0.0,0.0,0.0,6.8,0.0,92.1,1.0
20160220205609,0.0,0.0,0.0,0.0,0.6,0.0,99.2,0.2
20160220205639,0.0,0.0,0.0,0.0,0.5,0.0,99.1,0.4
20160220205709,0.0,0.0,0.0,0.0,0.4,0.0,99.5,0.1
20160220205739,0.0,0.0,0.0,0.0,0.5,0.0,99.5,0.0
20160220205809,0.0,0.0,0.0,0.0,1.8,0.0,98.0,0.1
20160220205839,0.0,0.0,0.0,0.0,2.7,0.0,97.2,0.1
20160220205909,0.0,0.0,0.0,0.0,2.7,0.0,97.0,0.3
20160220205939,0.0,0.0,0.0,0.0,0.2,0.0,99.8,0.0
20160220210009,0.0,0.0,0.0,0.0,1.3,0.0,98.5,0.2
20160220210039,0.0,0.0,0.0,0.0,0.6,0.0,99.3,0.1
20160220210109,0.0,0.0,0.0,0.0,1.5,0.0,98.2,0.3
20160220210139,0.0,0.0,0.0,0.0,0.1,0.0,99.9,0.0
20160220210209,0.0,0.0,0.0,0.0,0.4,0.0,99.6,0.0
20160220210239,0.0,0.0,0.0,0.0,0.2,0.0,99.8,0.0
20160220210309,0.0,0.0,0.0,0.0,0.3,0.0,99.6,0.1
20160220210339,0.0,0.0,0.0,0.0,0.3,0.0,99.7,0.0
20160220210409,0.0,0.0,0.0,0.0,3.1,0.0,96.7,0.2
20160220210439,0.0,0.0,0.0,0.0,1.5,0.0,97.9,0.6
20160220210509,0.0,0.0,0.0,0.0,0.7,0.0,99.2,0.1
20160220210539,0.0,0.0,0.0,0.0,0.1,0.0,99.8,0.0
20160220210609,0.0,0.0,0.0,0.0,0.1,0.0,99.9,0.0
20160220210639,0.0,0.0,0.0,0.0,1.1,0.0,98.9,0.0
20160220210709,0.0,0.0,0.0,0.0,0.3,0.0,99.6,0.1
20160220210739,0.0,0.0,0.0,0.0,0.1,0.0,99.9,0.0
20160220210809,0.0,0.0,0.0,0.0,1.1,0.0,98.8,0.1
20160220210839,0.0,0.0,0.0,0.0,3.8,0.0,96.1,0.1
20160220210909,0.0,0.0,0.0,0.0,0.3,0.0,99.7,0.0
20160220210939,0.0,0.0,0.0,0.0,3.1,0.0,96.8,0.1
20160220211009,0.0,0.0,0.0,0.0,23.2,0.0,76.7,0.0
20160220211039,0.0,0.0,0.0,0.1,69.7,0.0,29.7,0.4
20160220211109,0.0,0.0,0.0,0.1,59.3,0.0,39.8,0.7
20160220211139,0.0,0.0,0.0,0.1,79.6,0.0,19.9,0.5
20160220211209,0.0,0.0,0.0,0.1,32.2,0.0,66.8,0.9
20160220211239,0.0,0.0,0.0,0.0,27.7,0.0,71.9,0.4
20160220211309,0.0,0.0,0.0,0.0,13.4,0.0,86.2,0.4
20160220211339,0.0,0.0,0.0,0.0,2.6,0.0,97.3,0.2
20160220211409,0.0,0.0,0.0,0.0,2.1,0.0,97.9,0.0
20160220211439,0.0,0.0,0.0,0.0,4.9,0.0,94.7,0.4
20160220211509,0.0,0.0,0.0,0.0,3.4,0.0,96.5,0.1
20160220211539,0.0,0.0,0.0,0.0,10.1,0.0,89.7,0.2
20160220211609,0.0,0.0,0.0,0.0,2.2,0.0,97.2,0.5
20160220211640,0.0,0.0,0.0,0.0,5.4,0.0,94.4,0.3
20160220211710,0.0,0.0,0.0,0.0,14.0,0.0,85.7,0.3
20160220211740,0.0,0.0,0.0,0.0,22.3,0.0,75.8,1.9
20160220211810,0.0,0.0,0.0,0.0,13.7,0.0,84.5,1.8
20160220211840,0.0,0.0,0.0,0.0,8.0,0.0,91.5,0.5
20160220211910,0.0,0.0,0.0,0.0,5.6,0.0,94.3,0.2
20160220211940,0.0,0.0,0.0,0.0,14.2,0.0,85.2,0.6
20160220212010,0.0,0.0,0.0,0.0,2.3,0.0,97.6,0.2
20160220212040,0.0,0.0,0.0,0.0,4.8,0.0,92.3,2.9
20160220212110,0.0,0.0,0.0,0.0,2.6,0.0,97.0,0.4
20160220212140,0.0,0.0,0.0,0.0,5.0,0.0,93.9,1.2
20160220212210,0.0,0.0,0.0,0.0,9.8,0.0,89.9,0.3
20160220212240,0.0,0.0,0.0,0.2,6.7,0.0,92.7,0.5
20160220212310,0.0,0.0,0.0,0.4,51.5,0.0,47.8,0.2
20160220212340,0.0,0.0,0.0,0.2,94.9,0.0,4.8,0.0
20160220212410,0.0,0.0,0.0,0.9,96.4,0.0,2.6,0.1
20160220212440,0.0,0.0,0.0,1.6,90.8,0.0,7.5,0.1
20160220212510,0.0,0.0,0.0,0.6,53.1,0.0,46.0,0.3
20160220212540,0.0,0.0,0.0,0.0,3.2,0.0,96.8,0.0
20160220212610,0.0,0.0,0.0,0.0,1.9,0.0,97.7,0.4
20160220212640,0.0,0.0,0.0,0.0,1.6,0.0,98.2,0.2
20160220212710,0.0,0.0,0.0,0.0,5.4,0.0,94.4,0.2
20160220212740,0.0,0.0,0.0,0.0,2.0,0.0,97.5,0.5
20160220212810,0.0,0.0,0.0,0.0,8.7,0.0,90.2,1.1
20160220212840,0.0,0.0,0.0,0.0,4.7,0.0,94.7,0.6
20160220212910,0.0,0.0,0.0,0.0,5.3,0.0,93.5,1.2
20160220212940,0.0,0.0,0.0,0.0,44.7,0.0,55.2,0.1
20160220213010,0.0,0.0,0.0,0.4,75.3,0.0,22.6,1.7
20160220213040,0.0,0.0,0.0,1.0,51.1,0.0,40.7,7.1
20160220213110,0.0,0.0,0.0,1.1,85.6,0.0,11.3,1.9
20160220213140,0.0,0.0,0.0,0.2,31.0,0.0,68.2,0.6
20160220213210,0.0,0.0,0.0,0.0,41.0,0.0,51.5,7.5
20160220213240,0.0,0.0,0.0,0.4,41.8,0.0,19.3,38.5
20160220213310,0.0,0.0,0.0,0.0,6.4,0.0,90.8,2.8
20160220213340,0.0,0.0,0.0,0.2,10.0,0.0,85.5,4.4
20160220213410,0.0,0.0,0.0,7.5,72.9,0.0,19.3,0.3
20160220213440,0.0,0.0,0.0,2.0,86.5,0.0,11.1,0.4
20160220213510,0.0,0.0,0.0,0.1,5.3,0.0,46.3,48.4
20160220213540,0.0,0.0,0.0,0.0,0.2,0.0,98.0,1.7
20160220213610,0.0,0.0,0.0,0.0,2.8,0.0,93.5,3.8
20160220213640,0.0,0.0,0.0,0.0,1.6,0.0,86.3,12.0
20160220213710,0.0,0.0,0.0,0.0,4.1,0.0,69.6,26.3
20160220213740,0.0,0.0,0.0,0.0,3.4,0.0,88.3,8.3
20160220213810,0.0,0.0,0.0,0.1,5.6,0.0,93.4,0.9
20160220213840,0.0,0.0,0.0,0.1,21.5,0.0,71.2,7.1
20160220213910,0.0,0.0,0.0,0.1,11.5,0.0,84.2,4.2
20160220213940,0.0,0.0,0.0,0.0,18.9,0.0,39.5,41.6
20160220214010,0.0,0.0,0.0,0.0,11.1,0.0,69.8,19.0
20160220214040,0.0,0.0,0.0,0.0,3.0,0.0,95.4,1.6
20160220214110,0.0,0.0,0.0,0.1,7.5,0.0,90.9,1.5
20160220214140,0.0,0.0,0.0,0.0,1.5,0.0,98.0,0.5
20160220214210,0.0,0.0,0.0,0.0,15.5,0.0,83.1,1.3
20160220214240,0.0,0.0,0.0,0.0,3.3,0.0,95.6,1.1
20160220214310,0.0,0.0,0.0,0.0,4.0,0.0,94.6,1.4
20160220214340,0.0,0.0,0.0,0.0,0.6,0.0,98.6,0.7
20160220214410,0.0,0.0,0.0,0.0,1.2,0.0,94.9,3.9
20160220214440,0.0,0.0,0.0,0.0,0.9,0.0,97.0,2.1
20160220214510,0.0,0.0,0.0,0.0,0.5,0.0,99.2,0.3
20160220214540,0.0,0.0,0.0,0.0,0.6,0.0,99.3,0.2
20160220214610,0.0,0.0,0.0,0.0,2.8,0.0,95.6,1.6
20160220214640,0.0,0.0,0.0,0.0,0.3,0.0,99.3,0.4
20160220214710,0.0,0.0,0.0,0.0,1.2,0.0,93.1,5.7
20160220214740,0.0,0.0,0.0,0.0,2.1,0.0,97.2,0.8
20160220214810,0.0,0.0,0.0,0.0,0.9,0.0,97.2,1.9
20160220214840,0.0,0.0,0.0,0.0,0.4,0.0,98.6,1.0
20160220214910,0.0,0.0,0.0,0.0,1.1,0.0,92.5,6.4
20160220214940,0.0,0.0,0.0,0.0,0.1,0.0,99.8,0.2
20160220215010,0.0,0.0,0.0,0.0,0.7,0.0,93.6,5.7
20160220215041,0.0,0.0,0.0,0.0,0.2,0.0,98.6,1.2
20160220215111,0.0,0.0,0.0,0.0,0.0,0.0,100.0,0.0
20160220215141,0.0,0.0,0.0,0.0,0.7,0.0,96.8,2.5
20160220215211,0.0,0.0,0.0,0.0,1.4,0.0,96.4,2.1
20160220215241,0.0,0.0,0.0,0.0,2.2,0.0,97.3,0.5
20160220215311,0.0,0.0,0.0,0.0,0.8,0.0,96.2,3.0
20160220215341,0.0,0.0,0.0,0.0,0.1,0.0,98.4,1.5
20160220215411,0.0,0.0,0.0,0.0,0.0,0.0,99.9,0.1
20160220215441,0.0,0.0,0.0,0.0,0.3,0.0,96.7,3.0
20160220215511,0.0,0.0,0.0,0.0,0.2,0.0,98.2,1.5
20160220215541,0.0,0.0,0.0,0.0,0.0,0.0,98.4,1.6
20160220215611,0.0,0.0,0.0,0.0,0.0,0.0,99.6,0.4
20160220215641,0.0,0.0,0.0,0.0,0.0,0.0,99.4,0.5
20160220215711,0.0,0.0,0.0,0.0,0.0,0.0,99.8,0.2
20160220215741,0.0,0.0,0.0,0.0,0.0,0.0,100.0,0.0
20160220215811,0.0,0.0,0.0,0.0,0.0,0.0,99.3,0.7
20160220215841,0.0,0.0,0.0,0.0,0.0,0.0,99.4,0.5
20160220215911,0.0,0.0,0.0,0.0,0.0,0.0,98.6,1.4
20160220215941,0.0,0.0,0.0,0.0,0.0,0.0,99.9,0.1
20160220220011,0.0,0.0,0.0,0.0,0.0,0.0,98.9,1.0
20160220220041,0.0,0.0,0.0,0.0,0.0,0.0,99.1,0.9
20160220220111,0.0,0.0,0.0,0.0,0.0,0.0,99.8,0.2
20160220220141,0.0,0.0,0.0,0.0,0.0,0.0,99.4,0.5
20160220220211,0.0,0.0,0.0,0.0,0.0,0.0,99.2,0.7
20160220220241,0.0,0.0,0.0,0.0,0.0,0.0,98.9,1.1
20160220220311,0.0,0.0,0.0,0.0,0.0,0.0,99.4,0.6
20160220220341,0.0,0.0,0.0,0.0,0.0,0.0,96.8,3.2
20160220220411,0.0,0.0,0.0,0.0,0.0,0.0,98.2,1.8
20160220220441,0.0,0.0,0.0,0.0,0.0,0.0,99.5,0.5
20160220220511,0.0,0.0,0.0,0.0,0.2,0.0,94.4,5.5
20160220220541,0.0,0.0,0.0,0.0,0.1,0.0,94.3,5.6
20160220220611,0.0,0.0,0.0,0.0,0.0,0.0,99.8,0.2
20160220220641,0.0,0.0,0.0,0.0,0.0,0.0,99.2,0.8
20160220220711,0.0,0.0,0.0,0.0,0.1,0.0,99.2,0.7
20160220220741,0.0,0.0,0.0,0.0,0.0,0.0,99.6,0.4
20160220220811,0.0,0.0,0.0,0.0,0.0,0.0,99.8,0.1
20160220220841,0.0,0.2,0.1,4.4,20.6,0.0,73.8,1.0
20160220220911,0.0,0.5,0.4,9.7,32.9,0.0,55.4,1.1
20160220220941,0.0,0.9,0.3,36.4,20.9,0.0,40.5,1.0
20160220221011,0.0,4.4,1.8,17.6,34.5,0.0,33.3,8.4
20160220221041,0.0,2.0,1.1,24.0,41.4,0.0,26.2,5.2
20160220221111,0.0,5.1,1.1,19.1,33.9,0.0,36.9,3.9
20160220221141,0.0,24.2,0.1,4.8,66.7,0.0,2.7,1.6
20160220221211,0.0,0.3,0.3,15.0,36.8,0.0,45.2,2.4
20160220221241,0.0,0.1,1.0,6.4,50.5,0.0,41.1,0.9
20160220221311,0.0,0.0,0.1,20.9,70.2,0.0,6.6,2.2
20160220221341,0.0,0.0,0.1,1.4,9.6,0.0,85.9,3.0
20160220221411,0.0,0.0,0.1,4.6,21.0,0.0,69.0,5.2
20160220221441,0.0,0.1,0.0,7.9,56.2,0.0,31.3,4.6
20160220221511,0.0,0.0,0.0,3.9,10.6,0.0,82.9,2.6
20160220221541,0.0,0.0,0.0,0.3,1.7,0.0,91.8,6.2
20160220221611,0.0,0.0,0.0,0.0,0.8,0.0,76.4,22.7
20160220221641,0.0,0.0,0.0,0.0,0.0,0.0,97.4,2.6
20160220221711,0.0,0.0,0.0,0.0,0.0,0.0,63.3,36.6
20160220221741,0.0,0.0,0.0,0.0,0.0,0.0,92.2,7.7
20160220221811,0.0,0.0,0.0,0.0,0.0,0.0,99.6,0.4
20160220221841,0.0,0.0,0.0,0.0,0.0,0.0,97.8,2.2
20160220221911,0.0,0.0,0.0,0.0,0.0,0.0,99.0,0.9
20160220221941,0.0,0.0,0.0,0.0,0.0,0.0,99.8,0.2
20160220222011,0.0,0.0,0.0,0.0,0.0,0.0,99.9,0.1
20160220222041,0.0,0.0,0.0,0.0,0.1,0.0,99.3,0.6
20160220222111,0.0,0.0,0.0,0.0,0.1,0.0,99.8,0.1
20160220222141,0.0,0.0,0.0,0.0,0.0,0.0,99.9,0.1
20160220222211,0.0,0.0,0.0,0.0,0.1,0.0,99.6,0.3
20160220222241,0.0,0.0,0.0,0.0,0.1,0.0,99.7,0.2
20160220222311,0.0,0.0,0.0,0.0,1.0,0.0,98.6,0.4
20160220222341,0.0,0.0,0.1,1.1,6.0,0.0,92.4,0.4
20160220222411,0.0,0.0,0.0,0.1,0.2,0.0,99.5,0.1
20160220222442,0.0,0.0,0.1,2.7,3.1,0.0,93.9,0.2
20160220222512,0.0,0.1,0.2,12.0,6.1,0.0,80.3,1.4
20160220222542,0.0,0.1,0.3,6.2,1.3,0.0,91.1,1.0
20160220222612,0.0,0.1,0.1,1.8,1.6,0.0,93.3,3.1
20160220222642,0.0,0.0,0.0,0.0,0.1,0.0,82.6,17.2
20160220222712,0.0,0.0,0.0,0.0,0.0,0.0,97.3,2.6
20160220222742,0.0,0.0,0.0,0.0,0.0,0.0,96.8,3.2
20160220222812,0.0,0.0,0.0,0.0,0.0,0.0,94.1,5.8
20160220222842,0.0,0.0,0.0,0.0,0.1,0.0,90.8,9.0
20160220222912,0.0,0.0,0.0,0.0,0.2,0.0,85.7,14.0
20160220222942,0.0,0.0,0.0,0.0,0.1,0.0,93.5,6.4
20160220223012,0.0,0.0,0.0,0.0,0.0,0.0,96.6,3.3
20160220223042,0.0,0.0,0.0,0.0,0.6,0.0,91.2,8.1
20160220223112,0.0,0.0,0.0,0.1,0.2,0.0,52.6,47.2
20160220223142,0.0,0.0,0.0,0.1,0.1,0.0,66.5,33.4
20160220223212,0.0,0.0,0.0,0.1,0.1,0.0,78.8,20.9
20160220223242,0.0,0.0,0.0,0.1,0.5,0.0,76.3,23.1
20160220223312,0.0,0.0,0.0,0.1,2.1,0.0,79.9,17.9
20160220223342,0.0,0.0,0.0,0.2,1.5,0.0,86.9,11.4
20160220223412,0.0,0.0,0.0,0.1,0.4,0.0,96.0,3.5
20160220223442,0.0,0.0,0.0,0.2,0.4,0.0,92.8,6.6
20160220223512,0.0,0.0,0.1,0.2,0.8,0.0,63.8,35.1
20160220223542,0.0,0.0,0.1,0.2,0.1,0.0,84.8,14.9
20160220223612,0.0,0.0,0.0,0.3,0.5,0.0,75.2,24.0
20160220223642,0.0,0.0,0.0,0.1,0.1,0.0,97.5,2.3
20160220223712,0.0,0.1,0.4,7.2,10.8,0.0,71.5,9.9
20160220223742,0.0,0.0,0.0,0.3,0.3,0.0,98.0,1.4
20160220223812,0.0,0.0,0.0,0.0,0.1,0.0,99.5,0.4
20160220223842,0.0,0.0,0.0,0.1,0.3,0.0,90.9,8.6
20160220223912,0.0,0.0,0.1,0.1,0.2,0.0,96.6,3.0
20160220223942,0.0,0.0,0.0,0.0,0.1,0.0,96.8,3.1
20160220224012,0.0,0.0,0.0,0.0,0.1,0.0,99.0,0.9
20160220224042,0.0,0.0,0.0,0.0,0.0,0.0,99.2,0.7
20160220224112,0.0,0.0,0.0,0.1,0.1,0.0,98.9,0.8
20160220224142,0.0,0.0,0.1,0.0,0.3,0.0,99.0,0.7
20160220224212,0.0,0.0,0.1,0.1,1.9,0.0,97.2,0.7
20160220224242,0.0,0.1,0.2,0.1,1.0,0.0,87.5,11.0
20160220224312,0.0,0.0,0.0,0.0,0.4,0.0,95.7,3.8
20160220224342,0.0,0.0,0.0,0.0,1.4,0.0,97.5,1.1
20160220224412,0.0,0.0,0.0,0.1,1.8,0.0,88.8,9.3
20160220224442,0.0,0.1,0.1,0.7,10.9,0.0,84.1,4.2
20160220224512,0.0,0.0,0.0,0.3,18.0,0.0,73.7,8.0
20160220224542,0.0,0.0,0.0,0.1,1.9,0.0,95.6,2.4
20160220224612,0.0,0.1,0.1,0.7,34.9,0.0,52.6,11.7
20160220224642,0.0,0.0,0.2,1.3,7.3,0.0,67.7,23.5
20160220224712,0.0,0.0,0.0,0.2,2.0,0.0,92.2,5.7
20160220224742,0.0,0.0,0.2,0.2,2.1,0.0,85.7,11.7
20160220224812,0.0,0.0,0.1,0.0,0.8,0.0,97.8,1.2
20160220224842,0.0,0.0,0.0,0.0,0.7,0.0,98.6,0.7
20160220224912,0.0,0.0,0.1,0.0,1.0,0.0,98.2,0.7
