UT,arc,discrete,diffuse,ac,ab,clear,cloudy,dd
20160218155000,0.0,0.0,0.0,0.0,0.0,0.0,0.0,100.0
20160218155030,0.0,0.0,0.0,0.0,0.0,0.0,0.0,100.0
20160218155100,0.0,0.0,0.0,0.0,0.0,0.0,0.0,100.0
20160218155130,0.0,0.0,0.0,0.0,0.0,0.0,0.0,100.0
20160218155200,0.0,0.0,0.0,0.0,0.0,0.0,0.0,100.0
20160218155230,0.0,0.0,0.0,0.0,0.0,0.0,0.0,100.0
20160218155300,0.0,0.0,0.0,0.0,0.0,0.0,0.0,100.0
20160218155330,0.0,0.0,0.0,0.0,0.0,0.0,0.0,100.0
20160218155400,0.0,0.0,0.0,0.0,0.0,0.0,0.0,100.0
20160218155430,0.0,0.0,0.0,0.0,0.0,0.0,0.0,100.0
20160218155500,0.0,0.0,0.0,0.0,0.0,0.0,0.0,100.0
20160218155530,0.0,0.0,0.0,0.0,0.0,0.0,0.0,100.0
20160218155600,0.0,0.0,0.0,0.0,0.0,0.0,0.0,100.0
20160218155630,0.0,0.0,0.0,0.0,0.0,0.0,0.0,100.0
20160218155700,0.0,0.0,0.0,0.0,0.0,0.0,0.0,100.0
20160218155730,0.0,0.0,0.0,0.0,0.0,0.0,0.0,100.0
20160218155801,0.0,0.0,0.0,0.0,0.0,0.0,0.0,100.0
20160218155831,0.0,0.0,0.0,0.0,0.0,0.0,0.0,100.0
20160218155901,0.0,0.0,0.0,0.0,0.0,0.0,0.0,100.0
20160218155931,0.0,0.0,0.0,0.0,0.0,0.0,0.0,100.0
20160218160001,0.0,0.0,0.0,0.0,0.0,0.0,0.0,100.0
20160218160031,0.0,0.0,0.0,0.0,0.0,0.0,0.0,100.0
20160218160101,0.0,0.0,0.0,0.0,0.0,0.0,0.0,100.0
20160218160131,0.0,0.0,0.0,0.0,0.0,0.0,0.0,100.0
20160218160201,0.0,0.0,0.0,0.0,0.0,0.0,0.0,100.0
20160218160231,0.0,0.0,0.0,0.0,0.0,0.0,0.0,100.0
20160218160301,0.0,0.0,0.0,0.0,0.0,0.0,0.0,100.0
20160218160331,0.0,0.0,0.0,0.0,0.0,0.0,0.0,100.0
20160218160401,0.0,0.0,0.0,0.0,0.0,0.0,0.0,100.0
20160218160431,0.0,0.0,0.0,0.0,0.0,0.0,0.0,100.0
20160218160501,0.0,0.0,0.0,0.0,0.0,0.0,0.0,100.0
20160218160531,0.0,0.0,0.0,0.0,0.0,0.0,0.0,100.0
20160218160601,0.0,0.0,0.0,0.0,0.0,0.0,0.0,100.0
20160218160631,0.0,0.0,0.0,0.0,0.0,0.0,0.0,100.0
20160218160701,0.0,0.0,0.0,0.0,0.0,0.0,0.0,100.0
20160218160731,0.0,0.0,0.0,0.0,0.0,0.0,0.0,100.0
20160218160801,0.0,0.0,0.0,0.0,0.0,0.0,0.0,100.0
20160218160831,0.0,0.0,0.0,0.0,0.0,0.0,0.0,100.0
20160218160901,0.0,0.0,0.0,0.0,0.0,0.0,0.0,100.0
20160218160931,0.0,0.0,0.0,0.0,0.0,0.0,0.0,100.0
20160218161001,0.0,0.0,0.0,0.0,0.0,0.0,0.0,100.0
20160218161031,0.0,0.0,0.0,0.0,0.0,0.0,0.0,100.0
20160218161101,0.0,0.0,0.0,0.0,0.0,0.0,0.0,100.0
20160218161131,0.0,0.0,0.0,0.0,0.0,0.0,0.0,100.0
20160218161201,0.0,0.0,0.0,0.0,0.0,0.0,0.0,100.0
20160218161231,0.0,0.0,0.0,0.0,0.0,0.0,0.0,100.0
20160218161301,0.0,0.0,0.0,0.0,0.0,0.0,0.0,100.0
20160218161331,0.0,0.0,0.0,0.0,0.0,0.0,0.0,100.0
20160218161401,0.0,0.0,0.0,0.0,0.0,0.0,0.0,100.0
20160218161431,0.0,0.0,0.0,0.0,0.0,0.0,0.0,100.0
20160218161501,0.0,0.0,0.0,0.0,0.0,0.0,0.0,100.0
20160218161531,0.0,0.0,0.0,0.0,0.0,0.0,0.0,100.0
20160218161601,0.0,0.0,0.0,0.0,0.0,0.0,0.0,100.0
20160218161631,0.0,0.0,0.0,0.0,0.0,0.0,0.0,100.0
20160218161701,0.0,0.0,0.0,0.0,0.0,0.0,0.0,100.0
20160218161731,0.0,0.0,0.0,0.0,0.0,0.0,0.0,100.0
20160218161801,0.0,0.0,0.0,0.0,0.0,0.0,0.0,100.0
20160218161831,0.0,0.0,0.0,0.0,0.0,0.0,0.0,100.0
20160218161901,0.0,0.0,0.0,0.0,0.0,0.0,0.0,100.0
20160218161931,0.0,0.0,0.0,0.0,0.0,0.0,0.0,100.0
20160218162001,0.0,0.0,0.0,0.0,0.0,0.0,0.0,100.0
20160218162031,0.0,0.0,0.0,0.0,0.0,0.0,0.0,100.0
20160218162101,0.0,0.0,0.0,0.0,0.0,0.0,0.0,100.0
20160218162131,0.0,0.0,0.0,0.0,0.0,0.0,0.0,100.0
20160218162201,0.0,0.0,0.0,0.0,0.0,0.0,0.0,100.0
20160218162231,0.0,0.0,0.0,0.0,0.0,0.0,0.0,100.0
20160218162301,0.0,0.0,0.0,0.0,0.0,0.0,0.0,100.0
20160218162331,0.0,0.0,0.0,0.0,0.0,0.0,0.0,100.0
20160218162401,0.0,0.0,0.0,0.0,0.0,0.0,0.0,100.0
20160218162431,0.0,0.0,0.0,0.0,0.0,0.0,0.0,100.0
20160218162501,0.0,0.0,0.0,0.0,0.0,0.0,0.0,100.0
20160218162531,0.0,0.0,0.0,0.0,0.0,0.0,0.0,100.0
20160218162601,0.0,0.0,0.0,0.0,0.0,0.0,0.0,100.0
20160218162631,0.0,0.0,0.0,0.0,0.0,0.0,0.0,100.0
20160218162701,0.0,0.0,0.0,0.0,0.0,0.0,0.0,100.0
20160218162731,0.0,0.0,0.0,0.0,0.0,0.0,0.0,100.0
20160218162801,0.0,0.0,0.0,0.0,0.0,0.0,0.0,100.0
20160218162831,0.0,0.0,0.0,0.0,0.0,0.0,0.0,100.0
20160218162901,0.0,0.0,0.0,0.0,0.0,0.0,0.0,100.0
20160218162931,0.0,0.0,0.0,0.0,0.0,0.0,0.0,100.0
20160218163001,0.0,0.0,0.0,0.0,0.0,0.0,0.0,100.0
20160218163031,0.0,0.0,0.0,0.0,0.0,0.0,0.0,100.0
20160218163101,0.0,0.0,0.0,0.0,0.0,0.0,0.0,100.0
20160218163131,0.0,0.0,0.0,0.0,0.0,0.0,0.0,100.0
20160218163202,0.0,0.0,0.0,0.0,0.0,0.0,0.0,100.0
20160218163232,0.0,0.0,0.0,0.0,0.0,0.0,0.0,100.0
20160218163302,0.0,0.0,0.0,0.0,0.0,0.0,0.0,100.0
20160218163332,0.0,0.0,0.0,0.0,0.0,0.0,0.0,100.0
20160218163402,0.0,0.0,0.0,0.0,0.0,0.0,0.0,100.0
20160218163432,0.0,0.0,0.0,0.0,0.0,0.0,0.0,100.0
20160218163502,0.0,0.0,0.0,0.0,0.0,0.0,0.0,100.0
20160218163532,0.0,0.0,0.0,0.0,0.0,0.0,0.0,100.0
20160218163602,0.0,0.0,0.0,0.0,0.0,0.0,0.0,100.0
20160218163632,0.0,0.0,0.0,0.0,0.0,0.0,0.0,100.0
20160218163702,0.0,0.0,0.0,0.0,0.0,0.0,0.0,100.0
20160218163732,0.0,0.0,0.0,0.0,0.0,0.0,0.0,100.0
20160218163802,0.0,0.0,0.0,0.0,0.0,0.0,0.0,100.0
20160218163832,0.0,0.0,0.0,0.0,0.0,0.0,0.0,100.0
20160218163902,0.0,0.0,0.0,0.0,0.0,0.0,0.0,100.0
20160218163932,0.0,0.0,0.0,0.0,0.0,0.0,0.1,99.9
20160218164002,0.0,0.0,0.0,0.0,0.0,0.0,0.0,100.0
20160218164032,0.0,0.0,0.0,0.0,0.0,0.0,0.0,100.0
20160218164102,0.0,0.0,0.0,0.0,0.0,0.0,0.2,99.8
20160218164132,0.0,0.0,0.0,0.0,0.0,0.1,0.7,99.2
20160218164202,0.0,0.0,0.0,0.0,0.0,0.0,0.3,99.7
20160218164232,0.0,0.0,0.0,0.0,0.0,0.1,4.5,95.4
20160218164302,0.0,0.0,0.0,0.0,0.0,0.1,0.7,99.2
20160218164332,0.0,0.0,0.0,0.0,0.0,0.0,3.4,96.6
20160218164402,0.0,0.0,0.0,0.0,0.0,0.0,1.7,98.2
20160218164432,0.0,0.0,0.0,0.0,0.0,0.0,1.0,99.0
20160218164502,0.0,0.0,0.0,0.0,0.0,0.1,2.0,97.8
20160218164532,0.0,0.0,0.0,0.0,0.0,0.1,1.6,98.3
20160218164602,0.0,0.0,0.0,0.0,0.0,0.1,9.5,90.4
20160218164632,0.0,0.0,0.0,0.0,0.0,0.1,8.1,91.8
20160218164702,0.0,0.0,0.0,0.0,0.0,0.3,9.4,90.3
20160218164732,0.0,0.0,0.1,0.0,0.0,0.5,4.2,95.2
20160218164802,0.0,0.0,0.0,0.0,0.0,0.0,7.2,92.8
20160218164832,0.0,0.0,0.0,0.0,0.0,0.4,18.6,81.0
20160218164902,0.0,0.0,0.0,0.0,0.0,0.2,34.2,65.6
20160218164932,0.0,0.0,0.0,0.0,0.0,0.4,16.0,83.6
20160218165132,0.0,0.0,0.0,0.0,0.0,0.0,0.1,99.9
20160218165202,0.0,0.0,0.0,0.0,0.0,0.0,0.9,99.1
20160218165232,0.0,0.0,0.0,0.0,0.0,0.0,1.8,98.2
20160218165302,0.0,0.0,0.0,0.0,0.0,0.0,1.6,98.4
20160218165332,0.0,0.0,0.0,0.0,0.0,0.0,15.9,84.0
20160218165402,0.0,0.0,0.0,0.0,0.0,0.0,1.5,98.4
20160218165432,0.0,0.0,0.0,0.0,0.0,0.0,0.4,99.6
20160218165502,0.0,0.0,0.0,0.0,0.0,0.0,0.6,99.4
20160218165532,0.0,0.0,0.0,0.0,0.0,0.0,0.5,99.5
20160218165602,0.0,0.0,0.0,0.0,0.1,0.0,8.3,91.6
20160218165632,0.0,0.0,0.0,0.0,0.0,0.0,2.0,97.9
20160218165702,0.0,0.0,0.0,0.0,0.0,0.0,3.8,96.2
20160218165732,0.0,0.0,0.0,0.0,0.0,0.0,7.9,92.0
20160218165802,0.0,0.0,0.0,0.0,0.1,0.0,6.7,93.1
20160218165832,0.0,0.0,0.0,0.0,0.0,0.0,14.2,85.8
20160218165902,0.0,0.0,0.0,0.0,0.0,0.0,11.8,88.1
20160218165932,0.0,0.0,0.0,0.1,0.0,0.0,58.8,41.1
20160218170002,0.0,0.0,0.0,0.1,0.1,0.0,59.0,40.8
20160218170032,0.0,0.0,0.0,0.1,0.3,0.0,55.1,44.5
20160218170102,0.0,0.0,0.0,0.0,0.1,0.0,29.7,70.2
20160218170132,0.0,0.0,0.0,0.1,0.1,0.0,12.7,87.2
20160218170202,0.0,0.0,0.0,0.1,0.1,0.0,84.8,15.0
20160218170232,0.0,0.0,0.0,0.1,0.1,0.0,85.0,14.7
20160218170302,0.0,0.0,0.0,0.1,0.0,0.0,93.5,6.3
20160218170332,0.0,0.0,0.0,0.0,0.0,0.0,94.5,5.4
20160218170402,0.0,0.0,0.0,0.0,0.1,0.0,83.7,16.2
20160218170432,0.0,0.0,0.0,0.0,0.0,0.0,95.4,4.6
20160218170502,0.0,0.0,0.0,0.1,0.1,0.0,77.1,22.8
20160218170532,0.0,0.0,0.0,0.0,0.0,0.0,87.2,12.7
20160218170602,0.0,0.0,0.0,0.1,0.0,0.0,93.4,6.5
20160218170633,0.0,0.0,0.0,0.0,0.0,0.0,99.2,0.8
20160218170703,0.0,0.0,0.0,0.0,0.0,0.0,98.3,1.6
20160218170733,0.0,0.0,0.0,0.1,0.0,0.0,98.6,1.3
20160218170803,0.0,0.0,0.0,0.2,0.0,0.0,99.1,0.7
20160218170833,0.0,0.0,0.0,0.1,0.0,0.0,99.1,0.7
20160218170903,0.0,0.0,0.0,0.2,0.0,0.0,97.8,1.9
20160218170933,0.0,0.0,0.0,0.1,0.0,0.0,94.8,5.0
20160218171003,0.0,0.0,0.0,0.0,0.0,0.0,99.2,0.7
20160218171033,0.0,0.0,0.0,0.2,0.0,0.0,96.6,3.2
20160218171103,0.0,0.0,0.0,0.3,0.3,0.0,82.8,16.5
20160218171133,0.0,0.0,0.0,0.2,0.1,0.0,94.5,5.3
20160218171203,0.0,0.0,0.0,0.1,0.2,0.0,94.5,5.2
20160218171233,0.0,0.0,0.0,0.1,0.0,0.0,98.1,1.8
20160218171303,0.0,0.0,0.0,0.1,0.1,0.0,97.4,2.5
20160218171333,0.0,0.0,0.0,0.1,0.1,0.0,94.6,5.3
20160218171403,0.0,0.0,0.0,0.2,0.1,0.0,93.4,6.3
20160218171433,0.0,0.0,0.0,0.1,0.0,0.0,96.5,3.4
20160218171503,0.0,0.0,0.0,0.1,0.0,0.0,96.4,3.5
20160218171533,0.0,0.0,0.0,0.0,0.0,0.0,97.9,2.0
20160218171603,0.0,0.0,0.0,0.0,0.0,0.0,99.5,0.4
20160218171633,0.0,0.0,0.0,0.1,0.0,0.0,99.7,0.3
20160218171703,0.0,0.0,0.0,0.1,0.0,0.0,99.1,0.8
20160218171733,0.0,0.0,0.0,0.1,0.1,0.0,94.1,5.6
20160218171803,0.0,0.0,0.0,0.1,0.2,0.0,96.3,3.4
20160218171833,0.0,0.0,0.0,0.1,0.0,0.0,99.1,0.8
20160218171903,0.0,0.0,0.0,0.0,0.0,0.0,99.9,0.1
20160218171933,0.0,0.0,0.0,0.1,0.2,0.0,98.1,1.6
20160218172003,0.0,0.0,0.0,0.1,0.1,0.0,98.7,1.1
20160218172033,0.0,0.0,0.0,0.3,1.2,0.0,83.9,14.5
20160218172103,0.0,0.0,0.0,0.3,0.3,0.0,96.7,2.8
20160218172133,0.0,0.0,0.0,0.4,0.0,0.0,98.5,1.0
20160218172203,0.0,0.0,0.0,0.6,0.3,0.0,91.9,7.1
20160218172233,0.0,0.0,0.0,0.3,0.4,0.0,84.9,14.4
20160218172303,0.0,0.0,0.0,0.0,0.0,0.0,92.6,7.3
20160218172333,0.0,0.0,0.0,0.1,0.0,0.0,89.6,10.2
20160218172403,0.0,0.0,0.0,0.2,0.0,0.0,81.7,18.0
20160218172433,0.0,0.0,0.0,0.3,0.1,0.0,97.0,2.7
20160218172503,0.0,0.0,0.0,0.1,0.0,0.0,98.2,1.7
20160218172533,0.0,0.0,0.0,0.1,0.0,0.0,97.3,2.6
20160218172603,0.0,0.0,0.0,0.1,0.0,0.0,97.1,2.8
20160218172633,0.0,0.0,0.0,0.1,0.0,0.0,99.2,0.8
20160218172703,0.0,0.0,0.0,0.3,0.1,0.0,83.8,15.9
20160218172733,0.0,0.0,0.0,0.0,0.1,0.0,28.0,71.9
20160218172803,0.0,0.0,0.0,0.3,0.2,0.0,83.3,16.2
20160218172833,0.0,0.0,0.0,0.5,0.3,0.0,86.7,12.5
20160218172903,0.0,0.0,0.0,0.3,0.0,0.0,93.2,6.4
20160218172933,0.0,0.0,0.0,0.1,0.0,0.0,98.8,1.1
20160218173003,0.0,0.0,0.0,0.1,0.1,0.0,96.9,3.0
20160218173033,0.0,0.0,0.0,0.1,0.1,0.0,96.2,3.7
20160218173103,0.0,0.0,0.0,0.0,0.0,0.0,99.6,0.3
20160218173133,0.0,0.0,0.0,0.1,0.0,0.0,98.3,1.7
20160218173203,0.0,0.0,0.0,0.1,0.0,0.0,95.9,4.0
20160218173233,0.0,0.0,0.0,0.0,0.0,0.0,98.2,1.8
20160218173303,0.0,0.0,0.0,0.0,0.0,0.0,98.4,1.6
20160218173334,0.0,0.0,0.0,0.0,0.0,0.0,99.0,0.9
20160218173404,0.0,0.0,0.0,0.0,0.0,0.0,91.6,8.4
20160218173434,0.0,0.0,0.0,0.0,0.0,0.0,64.5,35.5
20160218173504,0.0,0.0,0.0,0.2,0.0,0.0,77.2,22.6
20160218173534,0.0,0.0,0.0,0.0,0.0,0.0,80.7,19.3
20160218173604,0.0,0.0,0.0,0.0,0.0,0.0,61.4,38.6
20160218173634,0.0,0.0,0.0,0.0,0.0,0.0,95.9,4.0
20160218173704,0.0,0.0,0.0,0.0,0.0,0.0,88.7,11.3
20160218173734,0.0,0.0,0.0,0.0,0.0,0.0,88.5,11.5
20160218173804,0.0,0.0,0.0,0.0,0.0,0.0,94.1,5.9
20160218173834,0.0,0.0,0.0,0.0,0.0,0.0,70.6,29.3
20160218173904,0.0,0.0,0.0,0.0,0.0,0.0,90.7,9.3
20160218173934,0.0,0.0,0.0,0.0,0.0,0.0,64.5,35.5
20160218174004,0.0,0.0,0.0,0.0,0.0,0.0,94.0,5.9
20160218174034,0.0,0.0,0.0,0.0,0.0,0.0,74.0,26.0
20160218174104,0.0,0.0,0.0,0.1,0.0,0.0,73.0,26.9
20160218174134,0.0,0.0,0.0,0.0,0.0,0.0,81.2,18.8
20160218174204,0.0,0.0,0.0,0.1,0.0,0.0,31.0,69.0
20160218174234,0.0,0.0,0.0,0.1,0.0,0.0,63.8,36.2
20160218174304,0.0,0.0,0.0,0.1,0.0,0.0,45.1,54.9
20160218174334,0.0,0.0,0.0,0.0,0.0,0.0,18.6,81.3
20160218174404,0.0,0.0,0.0,0.0,0.0,0.0,27.3,72.7
20160218174434,0.0,0.0,0.0,0.1,0.0,0.0,44.4,55.5
20160218174504,0.0,0.0,0.0,0.0,0.0,0.0,22.5,77.5
20160218174534,0.0,0.0,0.0,0.0,0.0,0.0,53.8,46.2
20160218174604,0.0,0.0,0.0,0.0,0.0,0.0,41.6,58.4
20160218174634,0.0,0.0,0.0,0.0,0.0,0.0,70.0,30.0
20160218174704,0.0,0.0,0.0,0.1,0.0,0.0,53.4,46.6
20160218174734,0.0,0.0,0.0,0.1,0.0,0.0,67.8,32.1
20160218174804,0.0,0.0,0.0,0.0,0.0,0.0,61.3,38.7
20160218174834,0.0,0.0,0.0,0.0,0.0,0.0,77.7,22.3
20160218174904,0.0,0.0,0.0,0.0,0.0,0.0,85.9,14.1
20160218174934,0.0,0.0,0.0,0.0,0.0,0.0,69.6,30.4
20160218175004,0.0,0.0,0.0,0.0,0.0,0.0,67.3,32.7
20160218175034,0.0,0.0,0.0,0.0,0.0,0.0,59.0,41.0
20160218175104,0.0,0.0,0.0,0.0,0.0,0.0,50.9,49.1
20160218175134,0.0,0.0,0.0,0.0,0.0,0.0,89.4,10.6
20160218175204,0.0,0.0,0.0,0.0,0.0,0.0,65.8,34.2
20160218175234,0.0,0.0,0.0,0.0,0.0,0.0,64.5,35.5
20160218175304,0.0,0.0,0.0,0.0,0.0,0.0,76.6,23.4
20160218175334,0.0,0.0,0.0,0.0,0.0,0.0,76.2,23.7
20160218175404,0.0,0.0,0.0,0.0,0.0,0.0,83.6,16.4
20160218175434,0.0,0.0,0.0,0.0,0.0,0.0,87.4,12.6
20160218175504,0.0,0.0,0.0,0.0,0.0,0.0,91.7,8.3
20160218175534,0.0,0.0,0.0,0.0,0.0,0.0,99.1,0.9
20160218175604,0.0,0.0,0.0,0.0,0.0,0.0,90.2,9.8
20160218175634,0.0,0.0,0.0,0.0,0.0,0.0,88.1,11.9
20160218175704,0.0,0.0,0.0,0.0,0.0,0.0,93.6,6.4
20160218175734,0.0,0.0,0.0,0.1,0.0,0.0,96.8,3.1
20160218175804,0.0,0.0,0.0,0.0,0.0,0.0,88.9,11.1
20160218175834,0.0,0.0,0.0,0.0,0.0,0.0,80.8,19.2
20160218175904,0.0,0.0,0.0,0.0,0.0,0.0,83.4,16.6
20160218175934,0.0,0.0,0.0,0.0,0.0,0.0,93.4,6.6
20160218180004,0.0,0.0,0.0,0.0,0.0,0.0,53.4,46.6
20160218180034,0.0,0.0,0.0,0.1,0.0,0.0,59.4,40.5
20160218180104,0.0,0.0,0.0,0.0,0.0,0.0,53.9,46.1
20160218180134,0.0,0.0,0.0,0.0,0.0,0.0,95.9,4.0
20160218180204,0.0,0.0,0.0,0.0,0.0,0.0,92.6,7.4
20160218180234,0.0,0.0,0.0,0.2,0.0,0.0,79.1,20.7
20160218180304,0.0,0.0,0.0,0.0,0.0,0.0,78.9,21.1
20160218180334,0.0,0.0,0.0,0.1,0.0,0.0,74.0,25.9
20160218180404,0.0,0.0,0.0,0.0,0.0,0.0,67.3,32.6
20160218180434,0.0,0.0,0.0,0.0,0.0,0.0,27.0,73.0
20160218180504,0.0,0.0,0.0,0.1,0.1,0.0,13.0,86.9
20160218180534,0.0,0.0,0.0,0.1,0.0,0.0,31.5,68.4
20160218180604,0.0,0.0,0.0,0.2,0.0,0.0,35.4,64.4
20160218180634,0.0,0.0,0.0,0.2,0.0,0.0,75.9,23.9
20160218180704,0.0,0.0,0.0,0.4,0.1,0.0,46.1,53.3
20160218180734,0.0,0.0,0.0,0.3,0.0,0.0,83.3,16.3
20160218180805,0.0,0.0,0.0,1.7,0.1,0.0,73.5,24.7
20160218180835,0.0,0.0,0.0,0.1,0.0,0.0,85.0,14.8
20160218180905,0.0,0.0,0.0,0.5,0.0,0.0,91.9,7.6
20160218180935,0.0,0.0,0.0,0.1,0.0,0.0,89.4,10.5
20160218181005,0.0,0.0,0.0,0.0,0.0,0.0,97.1,2.9
20160218181035,0.0,0.0,0.0,0.1,0.0,0.0,95.5,4.4
20160218181105,0.0,0.0,0.0,0.4,0.1,0.0,70.5,28.9
20160218181135,0.0,0.0,0.0,0.1,0.0,0.0,45.0,54.8
20160218181205,0.0,0.0,0.0,0.0,0.0,0.0,73.2,26.7
20160218181235,0.0,0.0,0.0,0.1,0.0,0.0,60.2,39.7
20160218181305,0.0,0.0,0.0,0.2,0.0,0.0,78.8,21.0
20160218181335,0.0,0.0,0.0,0.6,0.0,0.0,66.9,32.5
20160218181405,0.0,0.0,0.0,1.6,0.1,0.0,83.4,14.9
20160218181435,0.0,0.0,0.0,3.7,0.5,0.0,53.6,42.2
20160218181505,0.0,0.0,0.0,0.3,0.4,0.0,43.5,55.7
20160218181535,0.0,0.0,0.0,3.5,0.3,0.0,39.1,57.1
20160218181605,0.0,0.0,0.0,4.9,0.6,0.0,43.2,51.4
20160218181635,0.0,0.0,0.0,0.9,0.1,0.0,54.4,44.6
20160218181705,0.0,0.0,0.0,3.8,0.2,0.0,23.4,72.5
20160218181735,0.0,0.0,0.0,0.5,0.1,0.0,54.0,45.5
20160218181805,0.0,0.0,0.0,2.9,0.1,0.0,37.0,60.0
20160218181835,0.0,0.0,0.0,0.8,0.4,0.0,34.5,64.2
20160218181905,0.0,0.0,0.0,4.7,1.6,0.0,33.0,60.7
20160218181935,0.0,0.0,0.0,2.2,1.1,0.0,37.0,59.7
20160218182005,0.0,0.0,0.0,0.2,0.2,0.0,58.4,41.1
20160218182035,0.0,0.0,0.0,0.2,0.0,0.0,4.1,95.6
20160218182105,0.0,0.0,0.1,3.8,1.6,0.0,22.7,71.8
20160218182135,0.0,0.0,0.0,0.2,0.2,0.0,5.1,94.4
20160218182205,0.0,0.0,0.4,4.7,1.1,0.0,8.0,85.8
20160218182235,0.0,0.0,0.4,2.8,2.4,0.0,7.0,87.4
20160218182305,0.0,0.0,1.8,19.1,15.7,0.0,11.5,51.7
20160218182335,0.0,0.0,3.1,25.9,5.9,0.0,5.0,60.1
20160218182405,0.0,0.0,0.2,1.3,2.0,0.0,6.2,90.2
20160218182435,0.0,0.0,0.5,1.3,3.2,0.0,48.0,47.0
20160218182505,0.0,0.0,1.9,1.6,1.1,0.0,21.1,74.2
20160218182535,0.0,0.0,0.2,0.9,1.3,0.0,16.8,80.8
20160218182605,0.0,0.0,1.3,9.0,1.6,0.0,74.4,13.7
20160218182635,0.0,0.0,0.6,0.5,2.1,0.0,36.6,60.2
20160218182705,0.0,0.0,0.3,2.3,4.8,0.0,85.5,7.1
20160218182735,0.0,0.0,0.2,1.5,4.5,0.0,66.9,26.9
20160218182805,0.0,0.0,0.2,0.8,1.3,0.0,52.2,45.5
20160218182835,0.0,0.0,0.0,1.1,2.1,0.0,92.9,3.8
20160218182905,0.0,0.0,0.0,0.4,6.1,0.0,83.6,9.8
20160218182935,0.0,0.0,0.0,0.1,0.5,0.0,97.4,2.1
20160218183005,0.0,0.0,0.0,0.0,0.3,0.0,90.6,9.0
20160218183035,0.0,0.0,0.0,0.0,0.1,0.0,93.2,6.7
20160218183105,0.0,0.0,0.0,0.0,0.1,0.0,98.8,1.1
20160218183135,0.0,0.0,0.0,0.0,0.0,0.0,58.0,41.9
20160218183205,0.0,0.0,0.0,0.3,0.1,0.0,86.9,12.6
20160218183235,0.0,0.0,0.0,0.0,0.1,0.0,11.2,88.7
20160218183305,0.0,0.0,0.0,0.1,0.1,0.0,62.4,37.5
20160218183335,0.0,0.0,0.0,0.5,0.0,0.0,42.5,56.9
20160218183405,0.0,0.0,0.0,0.0,0.0,0.0,16.9,83.1
20160218183435,0.0,0.0,0.0,0.0,0.0,0.0,2.2,97.8
20160218183505,0.0,0.0,0.0,0.0,0.0,0.0,12.1,87.8
20160218183535,0.0,0.0,0.1,0.2,0.1,0.0,16.6,83.0
20160218183605,0.0,0.0,0.2,0.4,0.3,0.0,59.6,39.6
20160218183635,0.0,0.0,0.0,0.2,0.2,0.0,8.2,91.3
20160218183705,0.0,0.0,0.0,0.1,0.3,0.0,4.0,95.6
20160218183735,0.0,0.0,0.1,0.1,0.8,0.0,1.8,97.2
20160218183805,0.0,0.0,0.0,0.0,0.0,0.0,0.9,99.0
20160218183835,0.0,0.0,0.0,0.0,0.1,0.0,1.8,98.0
20160218183905,0.0,0.0,0.0,0.2,0.2,0.0,8.8,90.9
20160218183935,0.0,0.0,0.0,0.0,0.0,0.0,3.8,96.1
20160218184005,0.0,0.0,0.0,0.2,0.4,0.0,27.8,71.5
20160218184035,0.0,0.0,0.0,0.1,0.3,0.0,3.5,96.1
20160218184105,0.0,0.0,0.0,0.0,0.1,0.0,1.2,98.7
20160218184135,0.0,0.0,0.0,0.0,0.1,0.0,6.3,93.6
20160218184206,0.0,0.0,0.0,0.0,0.1,0.0,3.8,96.1
20160218184236,0.0,0.0,0.0,0.0,0.2,0.0,9.9,89.9
20160218184306,0.0,0.0,0.0,0.0,0.0,0.0,6.8,93.1
20160218184336,0.0,0.0,0.0,0.1,0.1,0.0,21.5,78.3
20160218184406,0.0,0.0,0.0,0.0,0.0,0.0,6.5,93.5
20160218184436,0.0,0.0,0.0,0.0,0.1,0.0,49.2,50.7
20160218184506,0.0,0.0,0.0,0.0,0.0,0.0,1.5,98.4
20160218184536,0.0,0.0,0.0,0.1,0.0,0.0,51.0,48.9
20160218184606,0.0,0.0,0.0,0.1,0.0,0.0,86.4,13.4
20160218184636,0.0,0.0,0.0,0.1,0.0,0.0,56.7,43.2
20160218184706,0.0,0.0,0.0,0.1,0.0,0.0,65.8,34.0
20160218184736,0.0,0.0,0.0,0.1,0.0,0.0,32.0,67.8
20160218184806,0.0,0.0,0.0,0.1,0.0,0.0,65.4,34.4
20160218184836,0.0,0.0,0.0,0.1,0.0,0.0,18.0,81.9
20160218184906,0.0,0.0,0.0,0.0,0.0,0.0,9.3,90.6
20160218184936,0.0,0.0,0.0,0.1,0.0,0.0,26.4,73.5
20160218185006,0.0,0.0,0.0,0.0,0.0,0.0,6.8,93.2
20160218185036,0.0,0.0,0.0,0.1,0.0,0.0,47.8,52.1
20160218185106,0.0,0.0,0.0,0.0,0.0,0.0,17.0,83.0
20160218185136,0.0,0.0,0.0,0.1,0.0,0.0,23.9,76.0
20160218185206,0.0,0.0,0.0,0.1,0.0,0.0,67.7,32.1
20160218185236,0.0,0.0,0.0,0.1,0.0,0.0,28.7,71.2
20160218185306,0.0,0.0,0.0,0.2,0.0,0.0,12.5,87.3
20160218185336,0.0,0.0,0.0,0.1,0.0,0.0,35.7,64.2
20160218185406,0.0,0.0,0.0,0.1,0.0,0.0,20.1,79.8
20160218185436,0.0,0.0,0.0,0.1,0.0,0.0,26.1,73.7
20160218185506,0.0,0.0,0.0,0.1,0.0,0.0,30.9,68.9
20160218185536,0.0,0.0,0.0,0.2,0.0,0.0,8.3,91.5
20160218185606,0.0,0.0,0.0,0.0,0.0,0.0,2.6,97.4
20160218185636,0.0,0.0,0.0,0.0,0.0,0.0,4.8,95.2
20160218185706,0.0,0.0,0.0,0.0,0.0,0.0,6.2,93.8
20160218185736,0.0,0.0,0.0,0.0,0.0,0.0,4.4,95.6
20160218185806,0.0,0.0,0.0,0.0,0.0,0.0,26.8,73.2
20160218185836,0.0,0.0,0.0,0.0,0.0,0.0,7.8,92.1
20160218185906,0.0,0.0,0.0,0.0,0.0,0.0,10.3,89.7
20160218185936,0.0,0.0,0.0,0.1,0.0,0.0,27.8,72.0
20160218190006,0.0,0.0,0.0,0.0,0.0,0.0,2.0,98.0
20160218190036,0.0,0.0,0.0,0.0,0.0,0.0,26.9,73.1
20160218190106,0.0,0.0,0.0,0.0,0.0,0.0,4.6,95.4
20160218190136,0.0,0.0,0.0,0.0,0.0,0.0,38.1,61.9
20160218190206,0.0,0.0,0.0,0.1,0.0,0.0,26.7,73.2
20160218190236,0.0,0.0,0.0,0.0,0.0,0.0,26.5,73.5
20160218190306,0.0,0.0,0.0,0.0,0.0,0.0,4.9,95.1
20160218190336,0.0,0.0,0.0,0.0,0.0,0.0,2.2,97.8
20160218190406,0.0,0.0,0.0,0.0,0.0,0.0,21.4,78.6
20160218190436,0.0,0.0,0.0,0.0,0.0,0.0,14.6,85.4
20160218190506,0.0,0.0,0.0,0.0,0.0,0.0,19.3,80.6
20160218190536,0.0,0.0,0.0,0.0,0.0,0.0,2.5,97.5
20160218190606,0.0,0.0,0.0,0.0,0.0,0.0,54.8,45.1
20160218190636,0.0,0.0,0.0,0.0,0.0,0.0,12.4,87.6
20160218190706,0.0,0.0,0.0,0.0,0.0,0.0,8.4,91.6
20160218190736,0.0,0.0,0.0,0.0,0.0,0.0,7.9,92.1
20160218190806,0.0,0.0,0.0,0.0,0.0,0.0,1.7,98.3
20160218190836,0.0,0.0,0.0,0.1,0.0,0.0,21.8,78.1
20160218190906,0.0,0.0,0.0,0.0,0.0,0.0,19.1,80.9
20160218190936,0.0,0.0,0.0,0.0,0.0,0.0,14.7,85.3
20160218191006,0.0,0.0,0.0,0.0,0.0,0.0,5.4,94.6
20160218191036,0.0,0.0,0.0,0.0,0.0,0.0,22.6,77.4
20160218191106,0.0,0.0,0.0,0.0,0.0,0.0,3.6,96.4
20160218191136,0.0,0.0,0.0,0.0,0.0,0.0,3.8,96.2
20160218191206,0.0,0.0,0.0,0.0,0.0,0.0,2.7,97.3
20160218191236,0.0,0.0,0.0,0.0,0.0,0.0,1.7,98.3
20160218191306,0.0,0.0,0.0,0.0,0.0,0.0,3.7,96.3
20160218191336,0.0,0.0,0.0,0.0,0.0,0.0,1.8,98.2
20160218191406,0.0,0.0,0.0,0.0,0.0,0.0,3.0,97.0
20160218191436,0.0,0.0,0.0,0.0,0.0,0.0,9.9,90.1
20160218191506,0.0,0.0,0.0,0.0,0.0,0.0,33.5,66.5
20160218191536,0.0,0.0,0.0,0.0,0.0,0.0,12.1,87.9
20160218191607,0.0,0.0,0.0,0.0,0.0,0.0,54.4,45.6
20160218191637,0.0,0.0,0.0,0.0,0.0,0.0,43.8,56.2
20160218191707,0.0,0.0,0.0,0.0,0.0,0.0,80.5,19.5
20160218191737,0.0,0.0,0.0,0.0,0.0,0.0,59.0,40.9
20160218191807,0.0,0.0,0.0,0.0,0.0,0.0,27.2,72.8
20160218191837,0.0,0.0,0.0,0.0,0.0,0.0,24.9,75.0
20160218191907,0.0,0.0,0.0,0.0,0.0,0.0,28.4,71.5
20160218191937,0.0,0.0,0.0,0.0,0.0,0.0,4.4,95.6
20160218192007,0.0,0.0,0.0,0.0,0.0,0.0,37.0,62.9
20160218192037,0.0,0.0,0.0,0.0,0.0,0.0,94.7,5.2
20160218192107,0.0,0.0,0.0,0.0,0.0,0.0,66.9,33.1
20160218192137,0.0,0.0,0.0,0.0,0.0,0.0,84.6,15.4
20160218192207,0.0,0.0,0.0,0.0,0.0,0.0,89.0,11.0
20160218192237,0.0,0.0,0.0,0.0,0.0,0.0,37.8,62.1
20160218192307,0.0,0.0,0.0,0.1,0.0,0.0,25.7,74.2
20160218192337,0.0,0.0,0.0,0.1,0.2,0.0,47.0,52.7
20160218192407,0.0,0.0,0.0,0.0,0.0,0.0,69.4,30.6
20160218192437,0.0,0.0,0.0,0.1,0.0,0.0,12.6,87.4
20160218192507,0.0,0.0,0.0,0.0,0.0,0.0,18.5,81.5
20160218192537,0.0,0.0,0.0,0.0,0.0,0.0,3.3,96.7
20160218192607,0.0,0.0,0.0,0.0,0.0,0.0,68.5,31.5
20160218192637,0.0,0.0,0.0,0.0,0.0,0.0,77.7,22.2
20160218192707,0.0,0.0,0.0,0.1,0.0,0.0,49.1,50.7
20160218192737,0.0,0.0,0.0,0.0,0.0,0.0,21.5,78.5
20160218192807,0.0,0.0,0.0,0.0,0.0,0.0,18.4,81.5
20160218192837,0.0,0.0,0.0,0.0,0.0,0.0,24.5,75.5
20160218192907,0.0,0.0,0.0,0.0,0.0,0.0,64.7,35.3
20160218192937,0.0,0.0,0.0,0.0,0.0,0.0,63.9,36.0
20160218193007,0.0,0.0,0.0,0.0,0.0,0.0,22.0,78.0
20160218193037,0.0,0.0,0.0,0.0,0.0,0.0,7.7,92.2
20160218193107,0.0,0.0,0.0,0.0,0.0,0.0,2.9,97.1
20160218193137,0.0,0.0,0.0,0.0,0.0,0.0,3.7,96.3
20160218193207,0.0,0.0,0.0,0.0,0.0,0.0,0.6,99.4
20160218193237,0.0,0.0,0.0,0.0,0.0,0.0,1.3,98.6
20160218193307,0.0,0.0,0.0,0.0,0.0,0.0,11.1,88.9
20160218193337,0.0,0.0,0.0,0.0,0.0,0.0,1.1,98.9
20160218193407,0.0,0.0,0.0,0.0,0.0,0.0,9.4,90.6
20160218193437,0.0,0.0,0.0,0.0,0.0,0.0,1.9,98.0
20160218193507,0.0,0.0,0.0,0.0,0.0,0.0,3.7,96.3
20160218193537,0.0,0.0,0.0,0.0,0.0,0.0,4.2,95.8
20160218193607,0.0,0.0,0.0,0.0,0.0,0.0,1.8,98.2
20160218193637,0.0,0.0,0.0,0.0,0.0,0.0,2.9,97.1
20160218193707,0.0,0.0,0.0,0.0,0.0,0.0,4.2,95.8
20160218193737,0.0,0.0,0.0,0.0,0.0,0.0,5.7,94.3
20160218193807,0.0,0.0,0.0,0.0,0.0,0.0,5.2,94.8
20160218193837,0.0,0.0,0.0,0.0,0.0,0.0,7.1,92.9
20160218193907,0.0,0.0,0.0,0.0,0.0,0.0,14.4,85.6
20160218193937,0.0,0.0,0.0,0.0,0.0,0.0,33.2,66.8
20160218194007,0.0,0.0,0.0,0.0,0.0,0.0,38.4,61.6
20160218194037,0.0,0.0,0.0,0.0,0.0,0.0,5.4,94.6
20160218194107,0.0,0.0,0.0,0.0,0.0,0.0,1.8,98.2
20160218194137,0.0,0.0,0.0,0.0,0.0,0.0,7.1,92.9
20160218194207,0.0,0.0,0.0,0.0,0.0,0.0,0.3,99.7
20160218194237,0.0,0.0,0.0,0.0,0.0,0.0,2.4,97.6
20160218194307,0.0,0.0,0.0,0.0,0.0,0.0,0.6,99.4
20160218194338,0.0,0.0,0.0,0.0,0.0,0.0,3.2,96.8
20160218194408,0.0,0.0,0.0,0.0,0.0,0.0,1.4,98.6
20160218194438,0.0,0.0,0.0,0.0,0.0,0.0,3.9,96.1
20160218194508,0.0,0.0,0.0,0.0,0.0,0.0,2.2,97.8
20160218194538,0.0,0.0,0.0,0.0,0.0,0.0,1.9,98.1
20160218194608,0.0,0.0,0.0,0.0,0.0,0.0,9.5,90.4
20160218194638,0.0,0.0,0.0,0.0,0.0,0.0,6.2,93.8
20160218194708,0.0,0.0,0.0,0.0,0.0,0.0,2.5,97.5
20160218194738,0.0,0.0,0.0,0.0,0.0,0.0,0.2,99.8
20160218194808,0.0,0.0,0.0,0.0,0.0,0.0,70.4,29.5
20160218194838,0.0,0.0,0.0,0.0,0.0,0.0,46.6,53.4
20160218194908,0.0,0.0,0.0,0.0,0.0,0.0,44.1,55.9
20160218194938,0.0,0.0,0.0,0.0,0.0,0.0,76.1,23.9
20160218195008,0.0,0.0,0.0,0.0,0.0,0.0,0.4,99.6
20160218195038,0.0,0.0,0.0,0.0,0.0,0.0,9.4,90.6
20160218195108,0.0,0.0,0.0,0.0,0.0,0.0,8.4,91.6
20160218195138,0.0,0.0,0.0,0.0,0.0,0.0,2.7,97.3
20160218195208,0.0,0.0,0.0,0.0,0.0,0.0,2.8,97.2
20160218195238,0.0,0.0,0.0,0.0,0.0,0.0,0.0,100.0
20160218195308,0.0,0.0,0.0,0.0,0.0,0.0,0.2,99.8
20160218195338,0.0,0.0,0.0,0.0,0.0,0.0,0.3,99.7
20160218195408,0.0,0.0,0.0,0.0,0.0,0.0,3.3,96.7
20160218195438,0.0,0.0,0.0,0.0,0.0,0.0,0.8,99.2
20160218195508,0.0,0.0,0.0,0.0,0.0,0.0,2.1,97.9
20160218195538,0.0,0.0,0.0,0.0,0.0,0.0,0.7,99.3
20160218195608,0.0,0.0,0.0,0.0,0.0,0.0,2.6,97.4
20160218195638,0.0,0.0,0.0,0.0,0.0,0.0,0.2,99.8
20160218195708,0.0,0.0,0.0,0.0,0.0,0.0,0.7,99.3
20160218195738,0.0,0.0,0.0,0.0,0.0,0.0,0.2,99.8
20160218195808,0.0,0.0,0.0,0.0,0.0,0.0,0.3,99.7
20160218195838,0.0,0.0,0.0,0.0,0.0,0.0,0.0,100.0
20160218195908,0.0,0.0,0.0,0.0,0.0,0.0,0.6,99.4
20160218195938,0.0,0.0,0.0,0.0,0.0,0.0,0.4,99.6
20160218200008,0.0,0.0,0.0,0.0,0.0,0.0,1.5,98.5
20160218200038,0.0,0.0,0.0,0.0,0.0,0.0,1.6,98.4
20160218200108,0.0,0.0,0.0,0.0,0.0,0.0,1.0,99.0
20160218200138,0.0,0.0,0.0,0.0,0.0,0.0,0.6,99.4
20160218200208,0.0,0.0,0.0,0.0,0.0,0.0,8.1,91.9
20160218200238,0.0,0.0,0.0,0.1,0.0,0.0,6.0,93.9
20160218200308,0.0,0.0,0.0,0.1,0.0,0.0,18.6,81.4
20160218200338,0.0,0.0,0.0,0.0,0.0,0.0,1.4,98.6
20160218200408,0.0,0.0,0.0,0.0,0.0,0.0,0.6,99.4
20160218200438,0.0,0.0,0.0,0.0,0.0,0.0,13.0,87.0
20160218200508,0.0,0.0,0.0,0.0,0.0,0.0,0.5,99.5
20160218200538,0.0,0.0,0.0,0.0,0.0,0.0,1.7,98.3
20160218200608,0.0,0.0,0.0,0.0,0.0,0.0,2.6,97.4
20160218200638,0.0,0.0,0.0,0.0,0.0,0.0,4.1,95.9
20160218200708,0.0,0.0,0.0,0.0,0.0,0.0,3.1,96.9
20160218200738,0.0,0.0,0.0,0.0,0.0,0.0,0.3,99.7
20160218200808,0.0,0.0,0.0,0.0,0.0,0.0,1.4,98.6
20160218200838,0.0,0.0,0.0,0.0,0.0,0.0,0.5,99.5
20160218200908,0.0,0.0,0.0,0.0,0.0,0.0,8.3,91.7
20160218200938,0.0,0.0,0.0,0.0,0.0,0.0,0.3,99.7
20160218201008,0.0,0.0,0.0,0.0,0.0,0.0,0.1,99.9
20160218201038,0.0,0.0,0.0,0.0,0.0,0.0,0.3,99.7
20160218201108,0.0,0.0,0.0,0.0,0.0,0.0,0.0,100.0
20160218201138,0.0,0.0,0.0,0.0,0.0,0.0,0.9,99.1
20160218201208,0.0,0.0,0.0,0.0,0.0,0.0,0.2,99.7
20160218201238,0.0,0.0,0.0,0.0,0.0,0.0,0.0,100.0
20160218201308,0.0,0.0,0.0,0.0,0.0,0.0,0.3,99.7
20160218201338,0.0,0.0,0.0,0.0,0.0,0.0,2.1,97.9
20160218201408,0.0,0.0,0.0,0.0,0.0,0.0,0.2,99.8
20160218201438,0.0,0.0,0.0,0.0,0.0,0.0,1.0,99.0
20160218201508,0.0,0.0,0.0,0.0,0.0,0.0,1.3,98.7
20160218201538,0.0,0.0,0.0,0.0,0.0,0.0,0.9,99.1
20160218201608,0.0,0.0,0.0,0.0,0.0,0.0,2.8,97.1
20160218201638,0.0,0.0,0.0,0.1,0.0,0.0,25.3,74.6
20160218201708,0.0,0.0,0.0,0.1,0.0,0.0,21.4,78.4
20160218201739,0.0,0.0,0.0,0.1,0.0,0.0,10.9,89.1
20160218201809,0.0,0.0,0.0,0.1,0.0,0.0,5.7,94.2
20160218201839,0.0,0.0,0.0,0.1,0.0,0.0,15.0,84.8
20160218201909,0.0,0.0,0.0,0.1,0.0,0.0,23.5,76.4
20160218201939,0.0,0.0,0.0,0.1,0.0,0.0,26.6,73.3
20160218202009,0.0,0.0,0.0,0.0,0.0,0.0,9.4,90.6
20160218202039,0.0,0.0,0.0,0.0,0.0,0.0,76.2,23.8
20160218202109,0.0,0.0,0.0,0.0,0.0,0.0,6.5,93.5
20160218202139,0.0,0.0,0.0,0.0,0.0,0.0,0.5,99.5
20160218202209,0.0,0.0,0.0,0.0,0.0,0.0,7.1,92.8
20160218202239,0.0,0.0,0.0,0.0,0.0,0.0,2.1,97.9
20160218202309,0.0,0.0,0.0,0.0,0.0,0.0,1.2,98.8
20160218202339,0.0,0.0,0.0,0.0,0.0,0.0,1.9,98.1
20160218202409,0.0,0.0,0.0,0.0,0.0,0.0,60.5,39.5
20160218202439,0.0,0.0,0.0,0.0,0.0,0.0,11.9,88.1
20160218202509,0.0,0.0,0.0,0.0,0.0,0.0,3.2,96.8
20160218202539,0.0,0.0,0.0,0.0,0.0,0.0,22.7,77.3
20160218202609,0.0,0.0,0.0,0.0,0.0,0.0,23.4,76.6
20160218202639,0.0,0.0,0.0,0.0,0.0,0.0,27.2,72.8
20160218202709,0.0,0.0,0.0,0.0,0.0,0.0,23.1,76.9
20160218202739,0.0,0.0,0.0,0.0,0.0,0.0,33.6,66.4
20160218202809,0.0,0.0,0.0,0.0,0.0,0.0,62.0,38.0
20160218202839,0.0,0.0,0.0,0.0,0.0,0.0,33.8,66.2
20160218202909,0.0,0.0,0.0,0.0,0.0,0.0,34.1,65.9
20160218202939,0.0,0.0,0.0,0.0,0.0,0.0,20.1,79.9
20160218203009,0.0,0.0,0.0,0.0,0.0,0.0,0.4,99.6
20160218203039,0.0,0.0,0.0,0.0,0.0,0.0,3.1,96.9
20160218203109,0.0,0.0,0.0,0.0,0.0,0.0,10.9,89.1
20160218203139,0.0,0.0,0.0,0.0,0.0,0.0,23.9,76.1
20160218203209,0.0,0.0,0.0,0.2,0.0,0.0,57.3,42.5
20160218203239,0.0,0.0,0.0,0.1,0.0,0.0,54.9,45.0
20160218203309,0.0,0.0,0.0,0.3,0.0,0.0,79.1,20.6
20160218203339,0.0,0.0,0.0,0.0,0.0,0.0,80.5,19.5
20160218203409,0.0,0.0,0.0,0.0,0.0,0.0,72.7,27.3
20160218203439,0.0,0.0,0.0,0.0,0.0,0.0,20.4,79.6
20160218203509,0.0,0.0,0.0,0.0,0.0,0.0,41.6,58.4
20160218203539,0.0,0.0,0.0,0.0,0.0,0.0,73.3,26.7
20160218203609,0.0,0.0,0.0,0.0,0.0,0.0,96.5,3.5
20160218203639,0.0,0.0,0.0,0.0,0.0,0.0,51.0,49.0
20160218203709,0.0,0.0,0.0,0.0,0.0,0.0,40.2,59.8
20160218203739,0.0,0.0,0.0,0.0,0.0,0.0,32.0,68.0
20160218203809,0.0,0.0,0.0,0.0,0.0,0.0,26.8,73.2
20160218203839,0.0,0.0,0.0,0.0,0.0,0.0,27.0,73.0
20160218203909,0.0,0.0,0.0,0.0,0.0,0.0,45.3,54.7
20160218203939,0.0,0.0,0.0,0.0,0.0,0.0,11.0,88.9
20160218204009,0.0,0.0,0.0,0.0,0.0,0.0,1.0,99.0
20160218204039,0.0,0.0,0.0,0.1,0.0,0.0,2.1,97.8
20160218204109,0.0,0.0,0.0,0.0,0.0,0.0,1.1,98.9
20160218204139,0.0,0.0,0.0,0.0,0.0,0.0,2.0,97.9
20160218204209,0.0,0.0,0.0,0.0,0.0,0.0,3.0,97.0
20160218204239,0.0,0.0,0.0,0.1,0.0,0.0,11.7,88.2
20160218204309,0.0,0.0,0.0,0.0,0.0,0.0,4.2,95.7
20160218204339,0.0,0.0,0.0,0.0,0.0,0.0,7.8,92.1
20160218204409,0.0,0.0,0.0,0.0,0.0,0.0,17.8,82.1
20160218204439,0.0,0.0,0.0,0.0,0.0,0.0,3.7,96.3
20160218204509,0.0,0.0,0.0,0.0,0.0,0.0,9.0,91.0
20160218204539,0.0,0.0,0.0,0.0,0.0,0.0,18.8,81.2
20160218204609,0.0,0.0,0.0,0.0,0.1,0.0,92.0,7.8
20160218204639,0.0,0.0,0.0,0.0,0.0,0.0,98.3,1.7
20160218204709,0.0,0.0,0.0,0.0,0.0,0.0,99.7,0.2
20160218204739,0.0,0.0,0.0,0.1,0.0,0.0,93.1,6.8
20160218204809,0.0,0.0,0.0,0.2,0.1,0.0,89.7,10.0
20160218204839,0.0,0.0,0.0,0.3,0.3,0.0,91.5,8.0
20160218204909,0.0,0.0,0.0,0.3,0.1,0.0,92.4,7.3
20160218204939,0.0,0.0,0.0,0.1,0.1,0.0,94.5,5.3
20160218205009,0.0,0.0,0.0,0.0,0.1,0.0,98.9,1.0
20160218205039,0.0,0.0,0.0,0.1,0.2,0.0,99.0,0.7
20160218205109,0.0,0.0,0.0,0.2,0.2,0.0,99.1,0.5
20160218205139,0.0,0.0,0.0,0.1,0.1,0.0,99.6,0.2
20160218205209,0.0,0.0,0.0,0.0,0.0,0.0,99.8,0.1
20160218205240,0.0,0.0,0.0,0.0,0.0,0.0,99.7,0.3
20160218205310,0.0,0.0,0.0,0.1,0.1,0.0,98.8,1.0
20160218205340,0.0,0.0,0.0,0.1,0.2,0.0,99.1,0.6
20160218205410,0.0,0.0,0.0,0.2,0.9,0.0,97.6,1.4
20160218205440,0.0,0.0,0.0,0.0,0.2,0.0,99.2,0.6
20160218205510,0.0,0.0,0.0,0.1,0.5,0.0,97.0,2.5
20160218205540,0.0,0.0,0.0,0.0,0.2,0.0,93.2,6.6
20160218205610,0.0,0.0,0.0,0.1,0.6,0.0,95.7,3.6
20160218205640,0.0,0.0,0.0,0.0,0.0,0.0,99.8,0.1
20160218205710,0.0,0.0,0.0,3.3,1.4,0.0,94.5,0.8
20160218205740,0.0,0.0,0.0,0.9,1.3,0.0,97.6,0.3
20160218205810,0.0,0.0,0.0,0.8,0.7,0.0,98.4,0.1
20160218205840,0.0,0.0,0.0,10.4,17.9,0.0,71.0,0.6
20160218205910,0.0,0.0,0.0,5.7,3.1,0.0,89.7,1.5
20160218205940,0.0,0.0,0.0,0.5,1.0,0.0,97.6,0.9
20160218210010,0.0,0.0,0.0,1.2,3.4,0.0,94.9,0.4
20160218210040,0.0,0.0,0.0,0.2,1.1,0.0,97.6,1.1
20160218210110,0.0,0.0,0.0,0.0,0.1,0.0,99.4,0.4
20160218210140,0.0,0.0,0.0,0.0,0.0,0.0,99.9,0.1
20160218210210,0.0,0.0,0.0,0.0,0.0,0.0,99.9,0.1
20160218210240,0.0,0.0,0.0,0.0,0.0,0.0,99.9,0.1
20160218210310,0.0,0.0,0.0,0.0,0.0,0.0,100.0,0.0
20160218210340,0.0,0.0,0.0,0.0,0.0,0.0,100.0,0.0
20160218210410,0.0,0.0,0.0,0.0,0.1,0.0,99.8,0.1
20160218210440,0.0,0.0,0.0,0.0,0.0,0.0,99.9,0.0
20160218210510,0.0,0.0,0.0,0.0,0.0,0.0,99.9,0.0
20160218210540,0.0,0.0,0.0,0.0,0.0,0.0,99.9,0.0
20160218210610,0.0,0.0,0.0,0.0,0.1,0.0,99.9,0.0
20160218210640,0.0,0.0,0.0,0.0,0.0,0.0,99.9,0.0
20160218210710,0.0,0.0,0.0,0.1,0.1,0.0,99.8,0.0
20160218210740,0.0,0.0,0.0,0.1,0.0,0.0,99.9,0.0
20160218210810,0.0,0.0,0.0,0.0,0.2,0.0,99.7,0.0
20160218210840,0.0,0.0,0.0,0.0,0.1,0.0,99.7,0.1
20160218210910,0.0,0.0,0.0,0.0,0.1,0.0,99.8,0.1
20160218210940,0.0,0.0,0.0,0.0,0.0,0.0,99.9,0.1
20160218211010,0.0,0.0,0.0,0.0,0.0,0.0,99.9,0.0
20160218211040,0.0,0.0,0.0,0.0,0.0,0.0,100.0,0.0
20160218211110,0.0,0.0,0.0,0.0,0.0,0.0,99.9,0.0
20160218211140,0.0,0.0,0.0,0.0,0.3,0.0,99.4,0.3
20160218211210,0.0,0.0,0.0,0.0,0.1,0.0,99.9,0.1
20160218211240,0.0,0.0,0.0,0.0,0.0,0.0,99.7,0.3
20160218211310,0.0,0.0,0.0,0.0,0.0,0.0,99.7,0.2
20160218211340,0.0,0.0,0.0,0.0,0.1,0.0,99.7,0.2
20160218211410,0.0,0.0,0.0,0.0,0.1,0.0,99.6,0.3
20160218211440,0.0,0.0,0.0,0.0,0.0,0.0,99.9,0.1
20160218211510,0.0,0.0,0.0,0.0,0.0,0.0,99.9,0.0
20160218211540,0.0,0.0,0.0,0.0,0.0,0.0,100.0,0.0
20160218211610,0.0,0.0,0.0,0.0,0.0,0.0,100.0,0.0
20160218211640,0.0,0.0,0.0,0.0,0.1,0.0,99.8,0.1
20160218211710,0.0,0.0,0.0,0.0,0.1,0.0,99.9,0.1
20160218211740,0.0,0.0,0.0,0.0,0.0,0.0,100.0,0.0
20160218211810,0.0,0.0,0.0,0.0,0.0,0.0,99.9,0.1
20160218211840,0.0,0.0,0.0,0.0,0.1,0.0,99.8,0.1
20160218211911,0.0,0.0,0.0,0.0,0.1,0.0,99.5,0.5
20160218211941,0.0,0.0,0.0,0.0,0.0,0.0,99.9,0.1
20160218212011,0.0,0.0,0.0,0.0,0.1,0.0,99.8,0.2
20160218212041,0.0,0.0,0.0,0.0,0.1,0.0,99.1,0.8
20160218212111,0.0,0.0,0.0,0.1,0.1,0.0,97.2,2.5
20160218212141,0.0,0.0,0.0,0.0,0.0,0.0,99.7,0.2
20160218212211,0.0,0.0,0.0,0.3,0.2,0.0,98.8,0.7
20160218212241,0.0,0.0,0.0,0.1,0.1,0.0,99.4,0.3
20160218212311,0.0,0.0,0.0,0.2,0.2,0.0,99.0,0.6
20160218212341,0.0,0.0,0.0,0.3,0.4,0.0,98.3,1.0
20160218212411,0.0,0.0,0.1,0.8,2.2,0.0,91.2,5.7
20160218212441,0.0,0.0,0.0,3.3,0.7,0.0,94.3,1.7
20160218212511,0.0,0.0,0.0,1.7,1.2,0.0,79.0,18.1
20160218212541,0.0,0.0,0.1,12.8,1.4,0.0,62.9,22.9
20160218212611,0.0,0.0,0.1,7.0,0.7,0.0,21.1,71.2
20160218212641,0.0,0.0,0.0,8.6,1.0,0.0,12.0,78.4
20160218212711,0.0,0.0,0.0,4.1,0.3,0.0,7.9,87.8
20160218212741,0.0,0.0,0.0,19.8,0.2,0.0,29.3,50.7
20160218212811,0.0,0.0,0.0,4.5,0.1,0.0,0.7,94.7
20160218212841,0.0,0.0,0.0,7.7,0.2,0.0,2.2,90.0
20160218212911,0.0,0.0,0.0,0.8,0.0,0.0,0.6,98.6
20160218212941,0.0,0.0,0.0,0.4,0.0,0.0,1.1,98.4
20160218213011,0.0,0.0,0.0,0.6,0.0,0.0,1.8,97.6
20160218213041,0.0,0.0,0.0,0.9,0.0,0.0,3.5,95.6
20160218213111,0.0,0.0,0.0,8.1,0.0,0.0,10.3,81.5
20160218213141,0.0,0.0,0.0,1.6,0.0,0.0,23.3,75.1
20160218213211,0.0,0.0,0.0,2.4,0.0,0.0,16.6,81.0
20160218213241,0.0,0.0,0.0,0.3,0.0,0.0,8.3,91.4
20160218213311,0.0,0.0,0.0,0.4,0.0,0.0,0.3,99.4
20160218213341,0.0,0.0,0.0,1.3,1.3,0.0,0.0,97.3
20160218213411,0.0,0.0,0.0,2.1,0.0,0.0,0.2,97.7
20160218213441,0.0,0.0,0.0,1.9,0.0,0.0,0.1,97.9
20160218213511,0.0,0.0,0.0,2.6,0.1,0.0,3.2,94.1
20160218213541,0.0,0.0,0.0,0.1,0.0,0.0,98.9,1.0
20160218213611,0.0,0.0,0.0,7.9,0.1,0.0,86.9,5.2
20160218213641,0.0,0.0,0.0,0.4,0.0,0.0,97.8,1.8
20160218213711,0.0,0.0,0.0,0.2,0.0,0.0,98.5,1.3
20160218213741,0.0,0.0,0.0,1.4,0.0,0.0,81.0,17.6
20160218213811,0.0,0.0,0.0,2.6,0.0,0.0,72.4,25.0
20160218213841,0.0,0.0,0.0,0.3,0.0,0.0,83.2,16.4
20160218213911,0.0,0.0,0.0,0.1,0.0,0.0,93.9,6.1
20160218213941,0.0,0.0,0.0,0.1,0.0,0.0,46.7,53.2
20160218214011,0.0,0.0,0.0,0.0,0.0,0.0,24.4,75.6
20160218214041,0.0,0.0,0.0,0.0,0.0,0.0,32.1,67.9
20160218214111,0.0,0.0,0.0,0.0,0.0,0.0,1.3,98.7
20160218214141,0.0,0.0,0.0,0.0,0.0,0.0,1.0,99.0
20160218214211,0.0,0.0,0.0,0.1,0.0,0.0,3.6,96.4
20160218214241,0.0,0.0,0.0,0.0,0.0,0.0,2.7,97.2
20160218214311,0.0,0.0,0.0,0.0,0.0,0.0,3.2,96.7
20160218214341,0.0,0.0,0.0,0.0,0.0,0.0,5.9,94.1
20160218214411,0.0,0.0,0.0,0.0,0.0,0.0,42.0,58.0
20160218214441,0.0,0.0,0.0,0.0,0.0,0.0,19.6,80.3
20160218214511,0.0,0.0,0.0,0.0,0.0,0.0,5.5,94.5
20160218214541,0.0,0.0,0.0,0.0,0.0,0.0,18.2,81.7
20160218214611,0.0,0.0,0.0,0.0,0.0,0.0,6.8,93.2
20160218214641,0.0,0.0,0.0,0.1,0.0,0.0,2.9,97.0
20160218214711,0.0,0.0,0.0,0.0,0.0,0.0,0.2,99.7
20160218214741,0.0,0.0,0.0,0.0,0.0,0.0,0.1,99.9
20160218214811,0.0,0.0,0.0,0.0,0.0,0.0,3.6,96.4
20160218214841,0.0,0.0,0.0,0.0,0.0,0.0,0.9,99.0
20160218214911,0.0,0.0,0.0,0.1,0.0,0.0,6.2,93.8
20160218214941,0.0,0.0,0.0,0.1,0.0,0.0,3.2,96.7
20160218215011,0.0,0.0,0.0,0.1,0.0,0.0,7.7,92.2
20160218215041,0.0,0.0,0.0,0.1,0.0,0.0,4.2,95.7
20160218215111,0.0,0.0,0.0,0.4,0.0,0.0,16.8,82.9
20160218215141,0.0,0.0,0.0,0.2,0.0,0.0,7.6,92.3
20160218215211,0.0,0.0,0.0,0.1,0.0,0.0,3.1,96.8
20160218215241,0.0,0.0,0.0,1.2,0.0,0.0,25.7,73.1
20160218215311,0.0,0.0,0.0,0.6,0.0,0.0,1.8,97.6
20160218215341,0.0,0.0,0.0,0.9,0.0,0.0,3.1,96.1
20160218215412,0.0,0.0,0.0,0.1,0.0,0.0,0.3,99.6
20160218215442,0.0,0.0,0.0,0.0,0.0,0.0,1.0,99.0
20160218215512,0.0,0.0,0.0,0.1,0.0,0.0,0.2,99.7
20160218215542,0.0,0.0,0.0,0.2,0.0,0.0,0.7,99.1
20160218215612,0.0,0.0,0.0,0.0,0.0,0.0,0.5,99.4
20160218215642,0.0,0.0,0.0,0.2,0.0,0.0,1.5,98.3
20160218215712,0.0,0.0,0.0,2.1,0.5,0.0,4.5,92.8
20160218215742,0.0,0.0,0.0,1.5,0.1,0.0,9.5,89.0
20160218215812,0.0,0.0,0.1,7.5,0.3,0.0,6.8,85.4
20160218215842,0.0,0.0,0.0,10.7,0.2,0.0,10.7,78.5
20160218215912,0.0,0.0,0.0,2.8,0.0,0.0,3.2,93.9
20160218215942,0.0,0.0,0.0,0.2,0.0,0.0,0.5,99.3
20160218220012,0.0,0.0,0.0,0.4,0.0,0.0,2.1,97.4
20160218220042,0.0,0.0,0.0,3.0,0.0,0.0,0.8,96.1
20160218220112,0.0,0.0,0.0,1.3,0.0,0.0,0.1,98.6
20160218220142,0.0,0.0,0.0,0.1,0.0,0.0,0.2,99.7
20160218220212,0.0,0.0,0.0,0.1,0.0,0.0,0.7,99.1
20160218220242,0.0,0.0,0.0,1.5,0.0,0.0,8.5,90.0
20160218220312,0.0,0.0,0.0,0.2,0.0,0.0,3.4,96.4
20160218220342,0.0,0.0,0.0,0.0,0.0,0.0,11.9,88.0
20160218220412,0.0,0.0,0.0,0.1,0.4,0.0,8.8,90.8
20160218220442,0.0,0.0,0.0,0.0,0.0,0.0,2.3,97.7
20160218220512,0.0,0.0,0.0,0.1,0.0,0.0,0.7,99.3
20160218220542,0.0,0.0,0.0,1.7,0.0,0.0,6.9,91.4
20160218220612,0.0,0.0,0.0,0.1,0.0,0.0,6.0,93.9
20160218220642,0.0,0.0,0.0,2.5,0.0,0.0,5.3,92.1
20160218220712,0.0,0.0,0.0,1.7,0.0,0.0,1.2,97.2
20160218220742,0.0,0.0,0.0,0.0,0.0,0.0,4.8,95.2
20160218220812,0.0,0.0,0.0,0.1,0.0,0.0,20.9,79.0
20160218220842,0.0,0.0,0.0,0.0,0.0,0.0,31.0,68.9
20160218220912,0.0,0.0,0.0,0.1,0.0,0.0,7.8,92.0
20160218220942,0.0,0.0,0.0,0.2,0.0,0.0,18.2,81.6
20160218221012,0.0,0.0,0.0,0.2,0.0,0.0,10.7,89.2
20160218221042,0.0,0.0,0.0,0.0,0.0,0.0,90.5,9.5
20160218221112,0.0,0.0,0.0,0.0,0.0,0.0,88.5,11.5
20160218221142,0.0,0.0,0.0,0.2,0.0,0.0,58.2,41.6
20160218221212,0.0,0.0,0.0,0.0,0.0,0.0,79.6,20.3
20160218221242,0.0,0.0,0.0,0.1,0.0,0.0,56.3,43.6
20160218221312,0.0,0.0,0.0,0.0,0.0,0.0,9.3,90.7
20160218221342,0.0,0.0,0.0,0.0,0.0,0.0,1.5,98.4
20160218221412,0.0,0.0,0.0,0.0,0.0,0.0,0.8,99.2
20160218221442,0.0,0.0,0.0,0.1,0.0,0.0,0.4,99.6
20160218221512,0.0,0.0,0.0,0.3,0.1,0.0,5.0,94.6
20160218221542,0.0,0.0,0.0,0.1,0.0,0.0,0.1,99.7
20160218221612,0.0,0.0,0.0,1.0,0.0,0.0,0.6,98.4
20160218221642,0.0,0.0,0.0,0.9,0.0,0.0,1.1,98.0
20160218221712,0.0,0.0,0.0,1.5,0.0,0.0,0.6,97.9
20160218221742,0.0,0.0,0.0,0.3,0.0,0.0,0.7,99.0
20160218221812,0.0,0.0,0.0,0.9,0.0,0.0,0.5,98.6
20160218221842,0.0,0.0,0.0,0.1,0.0,0.0,13.1,86.8
20160218221912,0.0,0.0,0.0,1.8,0.0,0.0,6.9,91.3
20160218221942,0.0,0.0,0.0,1.3,0.0,0.0,7.5,91.2
20160218222012,0.0,0.0,0.0,0.3,0.0,0.0,7.7,92.0
20160218222042,0.0,0.0,0.0,0.6,0.0,0.0,15.7,83.7
20160218222112,0.0,0.0,0.0,1.2,0.0,0.0,8.7,90.1
20160218222142,0.0,0.0,0.0,0.5,0.0,0.0,14.1,85.4
20160218222212,0.0,0.0,0.0,0.2,0.0,0.0,2.4,97.4
20160218222242,0.0,0.0,0.0,2.9,0.0,0.0,9.8,87.3
20160218222312,0.0,0.0,0.0,0.1,0.0,0.0,22.8,77.1
20160218222342,0.0,0.0,0.0,0.1,0.0,0.0,26.1,73.8
20160218222412,0.0,0.0,0.0,0.1,0.0,0.0,47.7,52.3
20160218222442,0.0,0.0,0.0,0.1,0.0,0.0,13.4,86.6
20160218222512,0.0,0.0,0.0,0.0,0.0,0.0,42.0,58.0
20160218222542,0.0,0.0,0.0,0.1,0.0,0.0,18.3,81.7
20160218222612,0.0,0.0,0.0,0.7,0.0,0.0,40.8,58.5
20160218222642,0.0,0.0,0.0,0.2,0.0,0.0,63.7,36.1
20160218222712,0.0,0.0,0.0,1.1,0.1,0.0,5.0,93.8
20160218222742,0.0,0.0,0.0,9.0,0.4,0.0,35.8,54.7
20160218222813,0.0,0.0,0.0,0.0,0.0,0.0,96.6,3.4
20160218222843,0.0,0.0,0.0,0.0,0.0,0.0,99.7,0.3
20160218222913,0.0,0.0,0.0,0.0,0.0,0.0,98.6,1.4
20160218222943,0.0,0.0,0.0,0.0,0.0,0.0,99.6,0.4
20160218223013,0.0,0.0,0.0,0.0,0.0,0.0,95.9,4.1
20160218223043,0.0,0.0,0.0,0.0,0.0,0.0,65.6,34.4
20160218223113,0.0,0.0,0.0,0.0,0.0,0.0,84.2,15.7
20160218223143,0.0,0.0,0.0,0.0,0.0,0.0,85.8,14.2
20160218223213,0.0,0.0,0.0,0.0,0.0,0.0,62.5,37.5
20160218223243,0.0,0.0,0.0,0.0,0.0,0.0,17.0,83.0
20160218223313,0.0,0.0,0.0,0.0,0.0,0.0,43.3,56.7
20160218223343,0.0,0.0,0.0,0.0,0.0,0.0,20.7,79.3
20160218223413,0.0,0.0,0.0,0.0,0.0,0.0,30.6,69.4
20160218223443,0.0,0.0,0.0,0.0,0.0,0.0,13.7,86.2
20160218223513,0.0,0.0,0.0,0.0,0.0,0.0,49.2,50.7
20160218223543,0.0,0.0,0.0,0.1,0.0,0.0,19.9,80.0
20160218223613,0.0,0.0,0.0,0.0,0.0,0.0,23.3,76.6
20160218223643,0.0,0.0,0.0,0.0,0.0,0.0,22.4,77.6
20160218223713,0.0,0.0,0.0,0.0,0.0,0.0,17.3,82.7
20160218223743,0.0,0.0,0.0,0.0,0.0,0.0,6.1,93.9
20160218223813,0.0,0.0,0.0,0.0,0.0,0.0,5.4,94.6
20160218223843,0.0,0.0,0.0,0.0,0.0,0.0,2.8,97.2
20160218223913,0.0,0.0,0.0,0.0,0.0,0.0,2.3,97.7
20160218223943,0.0,0.0,0.0,0.1,0.0,0.0,0.0,99.9
20160218224013,0.0,0.0,0.0,1.1,0.0,0.0,0.1,98.9
20160218224043,0.0,0.0,0.0,0.3,0.0,0.0,0.3,99.4
20160218224113,0.0,0.0,0.0,0.9,0.0,0.0,0.2,99.0
20160218224143,0.0,0.0,0.0,0.6,0.0,0.0,3.6,95.8
20160218224213,0.0,0.0,0.0,1.4,0.0,0.0,4.8,93.8
20160218224243,0.0,0.0,0.0,0.2,0.0,0.0,6.5,93.3
