UT,arc,discrete,diffuse,ac,ab,clear,cloudy,dd
20160209151700,0.0,0.0,0.0,0.0,0.0,0.0,0.0,100.0
20160209151730,0.0,0.0,0.0,0.0,0.0,0.0,0.0,100.0
20160209151800,0.0,0.0,0.0,0.0,0.0,0.0,0.0,100.0
20160209151830,0.0,0.0,0.0,0.0,0.0,0.0,0.0,100.0
20160209151900,0.0,0.0,0.0,0.0,0.0,0.0,0.0,100.0
20160209151930,0.0,0.0,0.0,0.0,0.0,0.0,0.0,100.0
20160209152000,0.0,0.0,0.0,0.0,0.0,0.0,0.0,100.0
20160209152030,0.0,0.0,0.0,0.0,0.0,0.0,0.0,100.0
20160209152100,0.0,0.0,0.0,0.0,0.0,0.0,0.0,100.0
20160209152130,0.0,0.0,0.0,0.0,0.0,0.0,0.0,100.0
20160209152200,0.0,0.0,0.0,0.0,0.0,0.0,0.0,99.9
20160209152230,0.0,0.0,0.0,0.0,0.0,0.0,0.0,100.0
20160209152300,0.0,0.0,0.0,0.0,0.0,0.0,0.1,99.9
20160209152330,0.0,0.0,0.0,0.0,0.0,0.0,0.1,99.9
20160209152400,0.0,0.0,0.0,0.0,0.0,0.0,1.3,98.7
20160209152430,0.0,0.0,0.0,0.0,0.0,0.0,0.2,99.7
20160209152500,0.0,0.0,0.0,0.0,0.0,0.0,0.1,99.9
20160209152530,0.0,0.0,0.0,0.0,0.0,0.0,0.0,100.0
20160209152600,0.0,0.0,0.0,0.0,0.0,0.0,0.0,100.0
20160209152630,0.0,0.0,0.0,0.0,0.0,0.0,0.0,100.0
20160209152701,0.0,0.0,0.0,0.0,0.0,0.0,0.0,100.0
20160209152731,0.0,0.0,0.0,0.0,0.0,0.0,0.0,100.0
20160209152801,0.0,0.0,0.0,0.0,0.0,0.0,0.0,100.0
20160209152831,0.0,0.0,0.0,0.0,0.0,0.0,0.0,100.0
20160209152901,0.0,0.0,0.0,0.0,0.0,0.0,0.0,100.0
20160209152931,0.0,0.0,0.0,0.0,0.0,0.0,0.0,100.0
20160209153001,0.0,0.0,0.0,0.0,0.0,0.0,0.0,100.0
20160209153031,0.0,0.0,0.0,0.0,0.0,0.0,0.0,100.0
20160209153101,0.0,0.0,0.0,0.0,0.0,0.0,0.0,100.0
20160209153131,0.0,0.0,0.0,0.0,0.0,0.0,0.0,100.0
20160209153201,0.0,0.0,0.0,0.0,0.0,0.0,0.0,100.0
20160209153231,0.0,0.0,0.0,0.0,0.0,0.0,0.0,100.0
20160209153301,0.0,0.0,0.0,0.0,0.0,0.0,0.0,100.0
20160209153331,0.0,0.0,0.0,0.0,0.0,0.0,0.0,100.0
20160209153401,0.0,0.0,0.0,0.0,0.0,0.0,0.0,100.0
20160209153431,0.0,0.0,0.0,0.0,0.0,0.0,0.0,100.0
20160209153501,0.0,0.0,0.0,0.0,0.0,0.0,0.0,100.0
20160209153531,0.0,0.0,0.0,0.0,0.0,0.0,0.0,100.0
20160209153601,0.0,0.0,0.0,0.0,0.0,0.0,0.0,100.0
20160209153631,0.0,0.0,0.0,0.0,0.0,0.0,0.0,100.0
20160209153701,0.0,0.0,0.0,0.0,0.0,0.0,0.0,100.0
20160209153731,0.0,0.0,0.0,0.0,0.0,0.0,0.0,100.0
20160209153801,0.0,0.0,0.0,0.0,0.0,0.0,0.0,100.0
20160209153831,0.0,0.0,0.0,0.0,0.0,0.0,0.0,100.0
20160209153901,0.0,0.0,0.0,0.0,0.0,0.0,0.0,100.0
20160209153931,0.0,0.0,0.0,0.0,0.0,0.0,0.0,100.0
20160209154001,0.0,0.0,0.0,0.0,0.0,0.0,0.0,100.0
20160209154031,0.0,0.0,0.0,0.0,0.0,0.0,0.0,100.0
20160209154101,0.0,0.0,0.0,0.0,0.0,0.0,0.0,100.0
20160209154131,0.0,0.0,0.0,0.0,0.0,0.0,0.0,100.0
20160209154201,0.0,0.0,0.0,0.0,0.0,0.0,0.0,100.0
20160209154231,0.0,0.0,0.0,0.0,0.0,0.0,0.0,100.0
20160209154301,0.0,0.0,0.0,0.0,0.0,0.0,0.0,100.0
20160209154331,0.0,0.0,0.0,0.0,0.0,0.0,0.0,100.0
20160209154401,0.0,0.0,0.0,0.0,0.0,0.0,0.0,100.0
20160209154431,0.0,0.0,0.0,0.0,0.0,0.0,0.0,100.0
20160209154501,0.0,0.0,0.0,0.0,0.0,0.0,0.0,100.0
20160209154531,0.0,0.0,0.0,0.0,0.0,0.0,0.0,100.0
20160209154601,0.0,0.0,0.0,0.0,0.0,0.0,0.0,100.0
20160209154631,0.0,0.0,0.0,0.0,0.0,0.0,0.0,100.0
20160209154701,0.0,0.0,0.0,0.0,0.0,0.0,0.0,100.0
20160209154731,0.0,0.0,0.0,0.0,0.0,0.0,0.0,100.0
20160209154801,0.0,0.0,0.0,0.0,0.0,0.0,0.0,100.0
20160209154831,0.0,0.0,0.0,0.0,0.0,0.0,0.0,100.0
20160209154901,0.0,0.0,0.0,0.0,0.0,0.0,0.0,100.0
20160209154931,0.0,0.0,0.0,0.0,0.0,0.0,0.0,100.0
20160209155001,0.0,0.0,0.0,0.0,0.0,0.0,0.0,100.0
20160209155031,0.0,0.0,0.0,0.0,0.0,0.0,0.0,100.0
20160209155101,0.0,0.0,0.0,0.0,0.0,0.0,0.0,100.0
20160209155131,0.0,0.0,0.0,0.0,0.0,0.0,0.0,100.0
20160209155201,0.0,0.0,0.0,0.0,0.0,0.0,0.0,100.0
20160209155231,0.0,0.0,0.0,0.0,0.0,0.0,0.0,100.0
20160209155301,0.0,0.0,0.0,0.0,0.0,0.0,0.0,100.0
20160209155331,0.0,0.0,0.0,0.0,0.0,0.0,0.0,100.0
20160209155401,0.0,0.0,0.0,0.0,0.0,0.0,0.0,100.0
20160209155431,0.0,0.0,0.0,0.0,0.0,0.0,0.0,100.0
20160209155501,0.0,0.0,0.0,0.0,0.0,0.0,0.0,100.0
20160209155531,0.0,0.0,0.0,0.0,0.0,0.0,0.0,100.0
20160209155601,0.0,0.0,0.0,0.0,0.0,0.0,0.0,100.0
20160209155631,0.0,0.0,0.0,0.0,0.0,0.0,0.0,100.0
20160209155701,0.0,0.0,0.0,0.0,0.0,0.0,0.0,100.0
20160209155731,0.0,0.0,0.0,0.0,0.0,0.0,0.0,100.0
20160209155801,0.0,0.0,0.0,0.0,0.0,0.0,0.0,100.0
20160209155831,0.0,0.0,0.0,0.0,0.0,0.0,0.0,100.0
20160209155901,0.0,0.0,0.0,0.0,0.0,0.0,0.0,100.0
20160209155931,0.0,0.0,0.0,0.0,0.0,0.0,0.0,100.0
20160209160001,0.0,0.0,0.0,0.0,0.0,0.0,0.0,100.0
20160209160031,0.0,0.0,0.0,0.0,0.0,0.0,0.0,100.0
20160209160102,0.0,0.0,0.0,0.0,0.0,0.0,0.0,100.0
20160209160132,0.0,0.0,0.0,0.0,0.0,0.0,0.0,100.0
20160209160202,0.0,0.0,0.0,0.0,0.0,0.0,0.0,100.0
20160209160232,0.0,0.0,0.0,0.0,0.0,0.0,0.0,100.0
20160209160302,0.0,0.0,0.0,0.0,0.0,0.0,0.0,100.0
20160209160332,0.0,0.0,0.0,0.0,0.0,0.0,0.0,100.0
20160209160402,0.0,0.0,0.0,0.0,0.0,0.0,0.0,100.0
20160209160432,0.0,0.0,0.0,0.0,0.0,0.0,0.0,100.0
20160209160502,0.0,0.0,0.0,0.0,0.0,0.0,0.0,100.0
20160209160532,0.0,0.0,0.0,0.0,0.0,0.0,0.0,100.0
20160209160602,0.0,0.0,0.0,0.0,0.0,0.0,0.0,100.0
20160209160632,0.0,0.0,0.0,0.0,0.0,0.0,0.0,100.0
20160209160702,0.0,0.0,0.0,0.0,0.0,0.0,0.0,100.0
20160209160732,0.0,0.0,0.0,0.0,0.0,0.0,0.0,100.0
20160209160802,0.0,0.0,0.0,0.0,0.0,0.0,0.0,100.0
20160209160832,0.0,0.0,0.0,0.0,0.0,0.0,0.0,100.0
20160209160902,0.0,0.0,0.0,0.0,0.0,0.0,0.0,100.0
20160209160932,0.0,0.0,0.0,0.0,0.0,0.0,0.0,100.0
20160209161002,0.0,0.0,0.0,0.0,0.0,0.0,0.0,100.0
20160209161032,0.0,0.0,0.0,0.0,0.0,0.0,0.0,100.0
20160209161102,0.0,0.0,0.0,0.0,0.0,0.0,0.0,100.0
20160209161132,0.0,0.0,0.0,0.0,0.0,0.0,0.0,100.0
20160209161202,0.0,0.0,0.0,0.0,0.0,0.0,0.0,100.0
20160209161232,0.0,0.0,0.0,0.0,0.0,0.0,0.0,100.0
20160209161302,0.0,0.0,0.0,0.0,0.0,0.0,0.0,100.0
20160209161332,0.0,0.0,0.0,0.0,0.0,0.2,0.0,99.8
20160209161402,0.0,0.0,0.0,0.0,0.0,0.1,0.0,99.9
20160209161432,0.0,0.0,0.0,0.0,0.0,0.5,0.0,99.5
20160209161502,0.0,0.0,0.0,0.0,0.0,0.1,0.0,99.9
20160209161532,0.0,0.0,0.0,0.0,0.0,0.5,0.0,99.5
20160209161602,0.0,0.0,0.0,0.0,0.0,0.3,0.0,99.7
20160209161632,0.0,0.0,0.0,0.0,0.0,0.3,0.0,99.7
20160209161832,0.0,0.0,0.0,0.0,0.0,0.0,0.0,100.0
20160209161902,0.0,0.0,0.0,0.0,0.0,0.0,0.0,100.0
20160209161932,0.0,0.0,0.0,0.0,0.0,0.0,0.0,100.0
20160209162002,0.0,0.0,0.0,0.0,0.0,0.0,0.1,99.9
20160209162032,0.0,0.0,0.0,0.0,0.0,0.0,0.1,99.9
20160209162102,0.0,0.0,0.0,0.0,0.0,0.0,0.8,99.2
20160209162132,0.0,0.0,0.0,0.0,0.0,0.0,0.2,99.8
20160209162202,0.0,0.0,0.0,0.0,0.0,0.0,0.2,99.8
20160209162232,0.0,0.0,0.0,0.0,0.0,0.0,0.3,99.6
20160209162302,0.0,0.0,0.0,0.0,0.0,0.0,1.2,98.8
20160209162332,0.0,0.0,0.0,0.0,0.0,0.0,0.9,99.1
20160209162402,0.0,0.0,0.0,0.0,0.0,0.0,0.2,99.8
20160209162432,0.0,0.0,0.0,0.0,0.0,0.0,1.0,99.0
20160209162502,0.0,0.0,0.0,0.0,0.0,0.0,1.3,98.7
20160209162532,0.0,0.0,0.0,0.0,0.0,0.0,1.7,98.2
20160209162602,0.0,0.0,0.0,0.0,0.1,0.0,3.4,96.5
20160209162632,0.0,0.0,0.0,0.0,0.0,0.0,2.7,97.2
20160209162702,0.0,0.0,0.0,0.0,0.0,0.0,2.3,97.6
20160209162732,0.0,0.0,0.0,0.0,0.0,0.0,1.9,98.0
20160209162802,0.0,0.0,0.0,0.0,0.0,0.0,1.2,98.7
20160209162833,0.0,0.0,0.0,0.0,0.0,0.0,3.3,96.6
20160209162903,0.0,0.0,0.0,0.0,0.0,0.0,4.4,95.5
20160209162933,0.0,0.0,0.0,0.1,0.1,0.0,3.8,96.0
20160209163003,0.0,0.0,0.0,0.0,0.0,0.1,4.9,94.9
20160209163033,0.0,0.0,0.0,0.0,0.0,0.0,3.3,96.6
20160209163103,0.0,0.0,0.0,0.1,0.1,0.1,18.4,81.3
20160209163133,0.0,0.0,0.0,0.0,0.1,0.1,7.2,92.4
20160209163203,0.0,0.0,0.0,0.0,0.0,0.0,1.1,98.8
20160209163233,0.0,0.0,0.0,0.0,0.1,0.0,2.7,97.2
20160209163303,0.0,0.0,0.0,0.0,0.1,0.0,1.8,98.1
20160209163333,0.0,0.0,0.0,0.0,0.0,0.0,0.6,99.4
20160209163403,0.0,0.0,0.0,0.0,0.0,0.0,0.2,99.7
20160209163433,0.0,0.0,0.0,0.0,0.0,0.0,0.1,99.9
20160209163503,0.0,0.0,0.0,0.0,0.0,0.0,0.1,99.9
20160209163533,0.0,0.0,0.0,0.0,0.0,0.0,0.0,100.0
20160209163603,0.0,0.0,0.0,0.0,0.0,0.0,0.0,100.0
20160209163633,0.0,0.0,0.0,0.0,0.0,0.0,0.0,100.0
20160209163703,0.0,0.0,0.0,0.0,0.0,0.0,0.0,100.0
20160209163733,0.0,0.0,0.0,0.0,0.0,0.0,0.0,100.0
20160209163803,0.0,0.0,0.0,0.0,0.0,0.0,0.2,99.8
20160209163833,0.0,0.0,0.0,0.0,0.0,0.0,0.3,99.6
20160209163903,0.0,0.0,0.1,0.0,0.0,0.0,0.0,99.8
20160209163933,0.0,0.0,0.0,0.0,0.0,0.1,0.1,99.8
20160209164003,0.0,0.0,0.0,0.0,0.0,0.0,0.2,99.8
20160209164033,0.0,0.0,0.1,0.0,0.0,0.0,0.2,99.7
20160209164103,0.0,0.0,0.1,0.0,0.1,0.1,0.4,99.4
20160209164133,0.0,0.0,0.1,0.0,0.0,0.0,0.3,99.6
20160209164203,0.0,0.0,1.7,0.0,0.2,0.3,0.4,97.3
20160209164233,0.0,0.0,0.1,0.0,0.0,0.1,0.0,99.8
20160209164303,0.0,0.0,0.3,0.0,0.0,0.2,0.8,98.7
20160209164333,0.0,0.0,1.0,0.0,0.0,0.1,0.3,98.6
20160209164403,0.0,0.0,8.4,0.0,0.4,0.2,0.4,90.7
20160209164433,0.0,0.0,6.0,0.0,1.2,0.8,1.2,90.8
20160209164503,0.0,0.0,1.2,0.0,0.3,0.7,19.8,77.9
20160209164533,0.2,0.0,12.9,0.0,1.7,0.8,4.9,79.5
20160209164603,0.2,0.0,3.5,0.0,0.5,0.8,1.2,93.8
20160209164633,0.5,0.0,12.6,0.0,2.6,1.5,12.0,70.8
20160209164703,0.0,0.0,5.3,0.0,1.1,0.7,15.1,77.8
20160209164733,0.5,0.0,9.4,0.0,1.9,3.3,39.3,45.5
20160209164803,0.7,0.0,9.9,0.0,4.8,3.8,33.9,46.9
20160209164833,0.2,0.0,1.5,0.0,0.2,1.0,76.7,20.5
20160209164903,0.1,0.0,3.4,0.0,0.0,0.4,90.7,5.3
20160209164933,0.2,0.0,3.2,0.0,0.0,0.1,84.8,11.6
20160209165003,0.3,0.0,3.0,0.0,0.9,0.3,47.9,47.6
20160209165033,0.1,0.0,2.5,0.0,0.9,0.2,74.9,21.4
20160209165103,0.2,0.0,1.3,0.0,1.1,0.2,64.6,32.6
20160209165133,0.9,0.0,11.7,0.0,1.0,1.8,66.5,18.2
20160209165203,0.2,0.0,6.1,0.0,1.6,0.2,41.8,50.0
20160209165233,0.1,0.0,6.0,0.0,0.8,0.4,54.1,38.7
20160209165303,0.2,0.0,12.3,0.0,0.5,0.4,77.7,8.8
20160209165333,0.4,0.0,15.2,0.0,1.1,0.9,78.1,4.3
20160209165403,0.1,0.0,8.0,0.0,0.7,0.4,88.5,2.3
20160209165433,2.2,0.2,40.0,0.0,1.8,0.9,37.6,17.3
20160209165503,0.2,0.1,19.1,0.1,2.6,0.5,32.0,45.4
20160209165533,0.4,0.0,4.5,0.0,2.9,0.5,83.8,8.0
20160209165603,0.4,0.1,23.2,0.0,4.9,0.4,60.9,10.1
20160209165633,0.2,0.0,14.4,0.0,0.4,0.2,78.9,5.9
20160209165703,0.1,0.0,1.8,0.0,0.2,0.2,91.6,5.9
20160209165733,0.1,0.0,2.1,0.0,0.4,0.1,84.4,12.8
20160209165803,1.0,0.1,11.3,0.0,2.7,0.4,70.4,14.1
20160209165833,0.5,0.0,24.4,0.0,5.3,0.5,53.7,15.6
20160209165903,0.2,0.0,9.2,0.0,0.4,0.5,86.0,3.7
20160209165933,0.4,0.0,33.2,0.0,0.4,0.8,60.5,4.7
20160209170003,0.2,0.0,47.5,0.0,1.7,0.8,26.5,23.2
20160209170033,0.1,0.0,26.1,0.0,0.2,0.4,24.0,49.2
20160209170103,0.2,0.0,48.3,0.0,1.9,0.9,30.9,17.8
20160209170133,0.1,0.0,15.3,0.0,0.4,0.2,81.7,2.2
20160209170203,0.1,0.0,51.8,0.0,3.0,0.7,23.4,20.9
20160209170234,0.5,0.0,31.0,0.1,0.9,0.6,57.4,9.6
20160209170304,0.3,0.0,20.9,0.0,1.1,1.5,63.7,12.5
20160209170334,0.7,0.1,10.4,0.1,0.9,0.6,83.1,4.3
20160209170404,0.2,0.0,20.0,0.0,0.4,0.3,78.5,0.6
20160209170434,0.4,0.0,46.4,0.1,0.7,1.3,37.8,13.2
20160209170504,0.2,0.0,3.4,0.1,0.7,0.3,88.4,6.8
20160209170534,0.2,0.0,8.1,0.0,1.2,0.4,87.6,2.4
20160209170604,0.6,0.1,26.7,0.1,9.5,2.9,41.9,18.3
20160209170634,0.1,0.0,1.4,0.0,0.6,0.6,92.9,4.4
20160209170704,0.3,0.0,3.3,0.0,0.5,0.1,89.6,6.2
20160209170734,0.4,0.0,10.8,0.0,1.1,0.1,82.7,4.9
20160209170804,0.0,0.0,0.3,0.0,0.0,0.0,99.5,0.1
20160209170834,0.0,0.0,0.0,0.0,0.0,0.0,99.6,0.3
20160209170904,0.0,0.0,1.2,0.0,1.7,0.1,90.9,6.0
20160209170934,0.0,0.0,0.3,0.0,0.0,0.0,95.0,4.6
20160209171004,0.0,0.0,0.5,0.0,0.3,0.1,96.3,2.8
20160209171034,0.0,0.0,0.4,0.0,0.0,0.1,97.7,1.8
20160209171104,0.0,0.0,0.5,0.0,0.5,0.1,92.5,6.4
20160209171134,0.0,0.0,1.0,0.0,0.2,0.1,95.6,3.1
20160209171204,0.4,0.0,3.4,0.1,2.9,0.3,76.8,16.1
20160209171234,0.3,0.0,0.9,0.1,3.0,2.2,66.6,26.9
20160209171304,0.1,0.0,2.6,0.0,1.3,3.5,78.2,14.4
20160209171334,0.0,0.0,0.7,0.0,0.5,0.6,87.0,11.2
20160209171404,0.2,0.0,1.1,0.0,0.2,0.1,93.7,4.6
20160209171434,0.2,0.0,0.6,0.1,2.6,1.1,85.0,10.3
20160209171504,0.1,0.0,1.2,0.0,0.1,0.2,90.6,7.7
20160209171534,0.0,0.0,0.1,0.0,0.2,0.2,94.8,4.7
20160209171604,0.2,0.0,3.3,0.0,2.2,1.1,82.0,11.0
20160209171634,0.1,0.0,1.3,0.0,0.8,0.4,77.0,20.3
20160209171704,0.5,0.0,1.8,0.0,1.0,0.5,93.5,2.7
20160209171734,0.0,0.0,2.1,0.0,0.5,0.4,81.7,15.2
20160209171804,0.1,0.0,0.9,0.1,1.8,1.6,76.5,19.0
20160209171834,0.6,0.0,5.7,0.0,1.0,0.6,85.6,6.5
20160209171904,0.0,0.0,0.3,0.0,0.2,0.1,96.3,3.1
20160209171934,0.0,0.0,0.6,0.0,0.1,0.2,96.3,2.8
20160209172004,0.0,0.0,0.1,0.0,0.3,0.1,95.4,4.0
20160209172034,0.0,0.0,0.3,0.0,0.2,0.1,89.7,9.7
20160209172104,0.0,0.0,0.5,0.0,0.2,0.1,88.5,10.7
20160209172134,0.0,0.0,0.4,0.0,0.2,0.1,90.2,9.1
20160209172204,0.0,0.0,0.1,0.0,0.2,0.5,89.4,9.8
20160209172234,0.0,0.0,0.5,0.0,0.1,0.1,96.7,2.6
20160209172304,0.0,0.0,0.5,0.0,0.7,0.1,79.2,19.5
20160209172334,0.0,0.0,0.6,0.0,0.6,0.1,87.6,11.2
20160209172404,0.0,0.0,0.3,0.0,0.6,0.2,95.5,3.3
20160209172434,0.0,0.0,0.8,0.0,0.1,0.1,97.5,1.4
20160209172504,0.0,0.0,6.4,0.0,1.1,0.3,81.5,10.7
20160209172534,0.0,0.0,0.7,0.0,0.3,0.1,91.3,7.5
20160209172604,0.0,0.0,1.7,0.0,0.4,0.9,93.4,3.6
20160209172634,0.1,0.0,2.6,0.0,0.8,0.5,91.6,4.3
20160209172704,0.0,0.0,0.5,0.0,0.1,0.2,97.4,1.7
20160209172734,0.0,0.0,0.5,0.0,1.0,1.5,92.5,4.4
20160209172804,0.0,0.0,0.1,0.0,0.2,0.2,89.4,10.1
20160209172834,0.0,0.0,0.3,0.0,0.2,0.1,92.3,7.2
20160209172904,0.0,0.0,0.1,0.0,0.5,0.2,91.4,7.8
20160209172934,0.0,0.0,0.4,0.0,0.3,0.2,83.6,15.6
20160209173004,0.0,0.0,0.1,0.0,0.1,0.0,97.0,2.8
20160209173034,0.0,0.0,0.1,0.0,0.1,0.0,98.1,1.7
20160209173104,0.0,0.0,0.2,0.0,0.2,0.4,95.2,4.0
20160209173134,0.0,0.0,0.1,0.0,0.0,0.0,97.6,2.3
20160209173204,0.1,0.0,0.5,0.0,2.2,0.6,82.7,14.0
20160209173234,0.0,0.0,0.5,0.0,0.4,0.1,95.4,3.5
20160209173304,0.0,0.0,0.5,0.0,1.2,0.1,82.1,16.1
20160209173334,0.0,0.0,0.0,0.0,0.1,0.0,97.0,2.9
20160209173404,0.0,0.0,0.3,0.0,0.1,0.1,90.8,8.8
20160209173434,0.0,0.0,0.9,0.0,0.3,0.2,85.8,12.8
20160209173504,0.0,0.0,0.1,0.0,0.0,0.0,99.2,0.7
20160209173534,0.0,0.0,0.1,0.0,0.0,0.0,98.4,1.5
20160209173604,0.1,0.0,7.2,0.0,0.7,0.1,74.3,17.5
20160209173634,0.0,0.0,0.2,0.0,0.1,0.0,97.7,2.0
20160209173705,0.0,0.0,1.1,0.0,0.3,0.1,49.3,49.2
20160209173735,0.0,0.0,0.3,0.0,0.1,0.1,85.7,13.8
20160209173805,0.0,0.0,0.1,0.0,0.3,0.1,83.5,16.0
20160209173835,0.0,0.0,0.2,0.0,0.0,0.0,97.6,2.0
20160209173905,0.0,0.0,0.0,0.0,0.0,0.0,94.8,5.2
20160209173935,0.0,0.0,0.7,0.0,0.2,0.0,94.7,4.4
20160209174005,0.0,0.0,0.3,0.0,0.0,0.1,93.9,5.6
20160209174035,0.0,0.0,4.2,0.0,1.6,0.1,71.0,22.9
20160209174105,0.0,0.0,2.1,0.0,0.1,0.0,96.2,1.7
20160209174135,0.0,0.0,11.0,0.0,1.6,0.1,78.6,8.6
20160209174205,0.0,0.0,2.0,0.0,0.7,0.0,90.8,6.4
20160209174235,0.0,0.0,0.3,0.0,0.2,0.0,97.1,2.4
20160209174305,0.1,0.0,4.3,0.0,0.8,0.2,64.1,30.5
20160209174335,0.0,0.0,0.6,0.0,0.1,0.0,98.1,1.2
20160209174405,0.0,0.0,1.0,0.0,0.0,0.0,97.9,1.0
20160209174435,0.0,0.0,0.3,0.0,0.1,0.0,99.3,0.3
20160209174505,0.0,0.0,0.8,0.0,0.3,0.0,96.8,2.0
20160209174535,0.0,0.0,0.4,0.0,0.0,0.0,99.5,0.0
20160209174605,0.0,0.0,0.4,0.0,0.1,0.0,99.2,0.2
20160209174635,0.0,0.0,4.3,0.0,0.8,0.0,90.8,4.0
20160209174705,0.0,0.0,0.6,0.0,0.0,0.0,99.0,0.3
20160209174735,0.0,0.0,0.8,0.0,0.0,0.0,98.8,0.4
20160209174805,0.0,0.0,1.6,0.0,0.1,0.1,93.5,4.8
20160209174835,0.0,0.0,0.3,0.0,0.0,0.0,99.3,0.4
20160209174905,0.0,0.0,0.7,0.0,0.8,0.0,92.5,5.9
20160209174935,0.0,0.0,0.7,0.0,0.1,0.0,97.9,1.3
20160209175005,0.0,0.0,0.2,0.0,0.1,0.0,97.3,2.4
20160209175035,0.0,0.0,0.1,0.0,0.1,0.0,99.2,0.6
20160209175105,0.0,0.0,0.7,0.0,0.2,0.0,97.9,1.2
20160209175135,0.0,0.0,0.1,0.0,0.2,0.0,99.1,0.5
20160209175205,0.0,0.0,0.2,0.0,0.0,0.0,99.7,0.1
20160209175235,0.0,0.0,0.1,0.0,0.0,0.0,99.6,0.3
20160209175305,0.0,0.0,0.0,0.0,0.1,0.0,99.8,0.1
20160209175335,0.0,0.0,0.1,0.0,0.1,0.0,99.6,0.2
20160209175405,0.0,0.0,0.3,0.0,0.0,0.0,99.1,0.5
20160209175435,0.0,0.0,0.1,0.0,0.0,0.0,99.6,0.3
20160209175505,0.0,0.0,0.1,0.0,0.0,0.0,99.7,0.2
20160209175535,0.0,0.0,0.1,0.0,0.1,0.0,99.5,0.3
20160209175605,0.0,0.0,0.5,0.0,0.1,0.0,95.7,3.7
20160209175635,0.0,0.0,0.3,0.0,0.1,0.0,96.4,3.2
20160209175705,0.0,0.0,0.1,0.0,0.2,0.0,98.5,1.2
20160209175735,0.0,0.0,0.0,0.0,0.0,0.0,99.2,0.7
20160209175805,0.0,0.0,0.1,0.0,0.0,0.0,99.6,0.3
20160209175835,0.0,0.0,0.1,0.0,0.0,0.0,99.8,0.1
20160209175905,0.0,0.0,0.4,0.0,0.1,0.0,97.4,2.1
20160209175935,0.0,0.0,0.1,0.0,0.0,0.0,99.4,0.5
20160209180005,0.0,0.0,0.0,0.0,0.1,0.0,98.2,1.6
20160209180035,0.0,0.0,0.0,0.0,0.0,0.0,99.9,0.1
20160209180105,0.0,0.0,0.0,0.0,0.0,0.0,99.9,0.1
20160209180135,0.0,0.0,0.4,0.0,0.1,0.0,98.8,0.7
20160209180205,0.0,0.0,0.1,0.0,0.0,0.0,99.7,0.2
20160209180235,0.0,0.0,0.0,0.0,0.0,0.0,99.9,0.1
20160209180305,0.0,0.0,0.0,0.0,0.0,0.0,99.7,0.3
20160209180335,0.0,0.0,0.5,0.0,0.0,0.0,99.1,0.4
20160209180406,0.0,0.0,0.2,0.0,0.0,0.0,98.9,0.9
20160209180436,0.0,0.0,0.1,0.0,0.1,0.0,94.5,5.3
20160209180506,0.0,0.0,0.2,0.0,0.1,0.0,92.0,7.7
20160209180536,0.0,0.0,0.1,0.0,0.0,0.0,98.7,1.2
20160209180606,0.0,0.0,0.6,0.0,0.1,0.0,98.6,0.7
20160209180636,0.0,0.0,0.2,0.0,0.0,0.0,99.0,0.7
20160209180706,0.0,0.0,0.3,0.0,0.0,0.0,99.2,0.5
20160209180736,0.0,0.0,0.4,0.0,0.0,0.0,99.3,0.2
20160209180806,0.0,0.0,0.5,0.0,0.0,0.0,98.9,0.5
20160209180836,0.0,0.0,0.1,0.0,0.0,0.0,99.4,0.5
20160209180906,0.0,0.0,0.1,0.0,0.0,0.0,99.3,0.6
20160209180936,0.0,0.0,0.3,0.0,0.0,0.0,99.3,0.4
20160209181006,0.0,0.0,0.1,0.0,0.0,0.0,99.2,0.6
20160209181036,0.0,0.0,0.1,0.0,0.0,0.0,99.2,0.7
20160209181106,0.0,0.0,0.2,0.0,0.0,0.0,99.4,0.4
20160209181136,0.0,0.0,0.1,0.0,0.0,0.0,98.9,1.0
20160209181206,0.0,0.0,0.1,0.0,0.0,0.0,98.8,1.1
20160209181236,0.0,0.0,0.1,0.0,0.0,0.0,96.9,3.0
20160209181306,0.0,0.0,0.1,0.0,0.0,0.0,99.8,0.1
20160209181336,0.0,0.0,0.2,0.0,0.0,0.0,96.2,3.6
20160209181406,0.0,0.0,0.1,0.0,0.0,0.0,99.5,0.4
20160209181436,0.0,0.0,0.1,0.0,0.0,0.0,99.8,0.1
20160209181506,0.0,0.0,0.1,0.0,0.0,0.0,99.7,0.2
20160209181536,0.0,0.0,0.0,0.0,0.0,0.0,99.9,0.1
20160209181606,0.0,0.0,0.3,0.0,0.0,0.0,98.9,0.8
20160209181636,0.0,0.0,0.1,0.0,0.0,0.0,99.5,0.4
20160209181706,0.0,0.0,0.1,0.0,0.0,0.0,99.9,0.1
20160209181736,0.1,0.0,0.7,0.0,0.1,0.0,97.7,1.4
20160209181806,0.0,0.0,0.6,0.0,0.0,0.0,99.3,0.1
20160209181836,0.1,0.0,0.9,0.0,0.0,0.0,98.6,0.3
20160209181906,0.0,0.0,0.1,0.0,0.0,0.0,99.8,0.1
20160209181936,0.0,0.0,0.3,0.0,0.0,0.0,99.5,0.1
20160209182006,0.0,0.0,0.1,0.0,0.0,0.0,99.7,0.2
20160209182036,0.0,0.0,1.9,0.0,0.0,0.0,97.6,0.4
20160209182106,0.0,0.0,0.2,0.0,0.0,0.0,99.4,0.3
20160209182136,0.0,0.0,0.6,0.0,0.1,0.0,98.0,1.2
20160209182206,0.0,0.0,1.4,0.0,0.2,0.0,98.1,0.2
20160209182236,0.0,0.0,0.2,0.0,0.0,0.0,99.8,0.1
20160209182306,0.0,0.0,0.4,0.0,0.1,0.0,99.3,0.1
20160209182336,0.1,0.0,2.5,0.0,0.4,0.1,96.2,0.7
20160209182406,0.0,0.0,2.9,0.0,0.2,0.1,96.4,0.3
20160209182436,0.1,0.0,10.5,0.0,0.7,0.1,87.9,0.9
20160209182506,0.0,0.0,1.0,0.0,0.0,0.0,98.7,0.2
20160209182536,0.0,0.0,3.1,0.0,0.1,0.0,96.6,0.2
20160209182606,0.0,0.0,4.0,0.0,0.1,0.0,95.1,0.7
20160209182636,0.0,0.0,1.8,0.0,0.2,0.0,96.3,1.6
20160209182706,0.0,0.0,1.5,0.0,0.1,0.0,96.0,2.2
20160209182736,0.1,0.0,3.8,0.0,0.2,0.0,95.3,0.6
20160209182806,0.0,0.0,1.5,0.0,0.0,0.0,98.3,0.1
20160209182836,0.1,0.1,3.9,0.0,2.1,0.2,93.1,0.4
20160209182906,0.2,0.0,1.8,0.0,0.3,0.1,97.3,0.3
20160209182936,0.4,0.0,9.7,0.0,2.1,0.4,84.4,3.0
20160209183006,0.6,0.0,13.1,0.1,1.7,0.7,81.8,2.1
20160209183036,0.4,0.1,27.8,0.0,0.9,0.7,66.6,3.5
20160209183106,0.3,0.0,7.2,0.0,0.7,0.1,91.1,0.5
20160209183136,0.0,0.0,1.4,0.0,0.2,0.0,98.1,0.2
20160209183206,0.3,0.0,4.6,0.0,1.3,0.1,93.2,0.5
20160209183236,0.5,0.1,6.9,0.0,2.0,0.7,89.3,0.5
20160209183306,0.3,0.0,2.1,0.0,0.4,0.1,96.7,0.4
20160209183336,0.2,0.0,3.7,0.0,0.6,0.1,94.8,0.4
20160209183406,0.3,0.0,2.8,0.0,0.8,0.5,95.2,0.4
20160209183436,0.1,0.1,2.9,0.0,1.1,0.4,94.7,0.7
20160209183506,0.3,0.1,3.4,0.0,0.8,0.4,94.5,0.5
20160209183536,0.9,0.0,27.9,0.1,0.3,0.2,70.2,0.5
20160209183606,0.4,0.1,17.3,0.1,0.8,0.1,78.4,2.8
20160209183636,0.1,0.1,3.3,0.0,1.5,0.4,84.2,10.5
20160209183706,0.5,0.0,6.0,0.1,1.2,0.2,89.7,2.3
20160209183736,0.2,0.1,20.6,0.1,0.6,0.2,76.8,1.4
20160209183806,0.2,0.1,21.0,0.0,2.2,0.3,70.6,5.6
20160209183837,0.3,0.1,53.1,0.0,0.3,0.1,45.3,0.8
20160209183907,0.1,0.1,14.9,0.0,1.0,0.1,79.8,4.0
20160209183937,0.0,0.0,4.3,0.0,0.3,0.0,94.9,0.4
20160209184007,0.0,0.0,6.4,0.0,0.2,0.0,92.7,0.7
20160209184037,0.0,0.0,7.9,0.0,0.1,0.0,90.8,1.1
20160209184107,0.0,0.0,1.0,0.1,0.1,0.0,98.1,0.7
20160209184137,0.0,0.0,4.1,0.0,0.2,0.0,93.8,1.8
20160209184207,0.0,0.0,2.7,0.0,0.2,0.0,96.7,0.4
20160209184237,0.0,0.0,16.4,0.0,0.9,0.1,80.6,2.1
20160209184307,0.0,0.0,2.6,0.0,0.1,0.0,96.7,0.6
20160209184337,0.0,0.0,6.7,0.1,2.4,0.0,70.4,20.4
20160209184407,0.0,0.0,1.5,0.0,0.4,0.0,87.1,10.8
20160209184437,0.1,0.0,6.2,0.1,0.4,0.0,87.9,5.2
20160209184507,0.2,0.0,9.6,0.1,0.6,0.1,82.7,6.8
20160209184537,0.3,0.0,5.8,0.1,0.4,0.1,58.6,34.6
20160209184607,0.1,0.0,2.0,0.0,0.3,0.0,79.9,17.6
20160209184637,0.1,0.0,2.9,0.2,2.0,0.1,74.5,20.2
20160209184707,0.0,0.0,6.0,0.0,0.3,0.1,84.2,9.3
20160209184737,0.1,0.0,5.3,0.0,0.1,0.0,91.5,2.9
20160209184807,0.1,0.0,6.6,0.3,1.7,0.1,84.5,6.8
20160209184837,0.1,0.0,11.8,0.0,0.3,0.1,86.0,1.7
20160209184907,0.1,0.1,34.7,0.1,4.4,0.2,54.4,6.1
20160209184937,0.0,0.0,1.5,0.0,0.6,0.0,96.9,1.0
20160209185007,0.0,0.0,8.0,0.0,0.8,0.0,90.0,1.1
20160209185037,0.1,0.0,8.2,0.1,0.7,0.1,87.8,3.1
20160209185107,0.0,0.0,8.3,0.0,0.6,0.0,87.8,3.2
20160209185137,0.0,0.0,27.0,0.0,1.3,0.0,66.4,5.2
20160209185207,0.0,0.0,11.6,0.1,1.5,0.0,79.2,7.6
20160209185237,0.0,0.0,1.3,0.0,2.3,0.0,92.0,4.4
20160209185307,0.0,0.0,3.9,0.2,2.6,0.0,87.4,5.8
20160209185337,0.0,0.0,18.3,0.0,2.2,0.0,76.9,2.5
20160209185407,0.0,0.0,22.1,0.0,4.7,0.0,69.6,3.5
20160209185437,0.0,0.0,1.1,0.0,0.7,0.0,96.7,1.5
20160209185507,0.0,0.0,2.7,0.0,0.5,0.0,94.6,2.0
20160209185537,0.0,0.0,5.9,0.1,7.7,0.1,80.4,5.8
20160209185607,0.0,0.0,1.4,0.0,0.3,0.0,98.1,0.2
20160209185637,0.0,0.0,0.4,0.0,0.3,0.0,97.3,2.0
20160209185707,0.0,0.0,1.1,0.0,0.2,0.0,98.0,0.8
20160209185737,0.0,0.0,2.5,0.0,0.4,0.0,94.1,2.9
20160209185807,0.0,0.0,1.0,0.0,0.2,0.0,97.6,1.2
20160209185837,0.0,0.0,3.2,0.0,0.3,0.1,93.4,3.0
20160209185907,0.0,0.0,2.1,0.0,0.2,0.0,95.4,2.2
20160209185937,0.0,0.0,0.2,0.0,0.0,0.0,99.0,0.8
20160209190007,0.0,0.0,1.6,0.0,0.2,0.0,97.3,0.8
20160209190037,0.0,0.1,3.0,0.0,2.5,0.0,83.2,11.2
20160209190107,0.0,0.0,1.5,0.0,0.4,0.0,96.3,1.8
20160209190137,0.0,0.0,0.9,0.0,0.0,0.0,98.9,0.2
20160209190207,0.0,0.0,0.0,0.0,0.1,0.0,98.0,1.9
20160209190237,0.0,0.0,0.1,0.0,0.0,0.0,97.2,2.7
20160209190307,0.0,0.0,0.2,0.0,0.2,0.0,95.7,3.8
20160209190337,0.0,0.0,0.1,0.0,0.2,0.0,98.1,1.6
20160209190407,0.0,0.0,0.1,0.0,0.1,0.0,97.0,2.8
20160209190437,0.0,0.0,0.2,0.0,0.0,0.0,99.4,0.4
20160209190507,0.0,0.0,1.3,0.0,0.1,0.0,83.2,15.3
20160209190537,0.0,0.0,0.1,0.0,0.0,0.0,52.5,47.4
20160209190607,0.0,0.0,2.2,0.0,0.1,0.1,92.8,4.8
20160209190637,0.0,0.0,1.4,0.0,0.2,0.0,81.9,16.4
20160209190707,0.0,0.0,2.4,0.0,0.1,0.0,87.3,10.2
20160209190737,0.0,0.0,10.3,0.0,0.2,0.1,76.5,12.8
20160209190807,0.0,0.1,4.4,0.0,0.1,0.1,87.1,8.2
20160209190837,0.0,0.1,2.6,0.0,0.5,0.0,70.6,26.1
20160209190907,0.0,0.1,3.4,0.0,0.3,0.1,79.0,17.2
20160209190937,0.0,0.0,1.2,0.0,0.2,0.0,93.6,5.0
20160209191007,0.0,0.0,0.6,0.0,0.2,0.0,90.9,8.3
20160209191037,0.0,0.0,0.4,0.0,0.2,0.0,95.7,3.7
20160209191107,0.0,0.1,3.8,0.1,0.2,0.1,85.5,10.2
20160209191137,0.0,0.0,0.3,0.0,0.1,0.0,98.3,1.3
20160209191207,0.0,0.0,0.4,0.0,0.1,0.0,95.4,4.1
20160209191238,0.0,0.0,3.1,0.1,0.3,0.0,86.4,10.0
20160209191308,0.0,0.0,0.1,0.0,0.0,0.0,99.1,0.7
20160209191338,0.0,0.0,0.3,0.0,0.1,0.0,88.5,11.1
20160209191408,0.0,0.0,0.1,0.0,0.0,0.0,96.0,3.8
20160209191438,0.0,0.0,0.4,0.0,0.2,0.0,73.7,25.7
20160209191508,0.0,0.0,0.3,0.0,0.1,0.0,97.4,2.2
20160209191538,0.0,0.0,0.4,0.0,0.2,0.0,95.5,3.8
20160209191608,0.0,0.0,0.0,0.0,0.1,0.0,88.0,11.8
20160209191638,0.0,0.0,0.1,0.0,0.0,0.0,98.8,1.1
20160209191708,0.0,0.0,2.0,0.0,0.3,0.0,93.4,4.2
20160209191738,0.0,0.0,0.5,0.0,0.1,0.0,93.0,6.4
20160209191808,0.0,0.0,0.5,0.0,0.0,0.0,98.6,0.8
20160209191838,0.0,0.0,0.3,0.0,0.0,0.0,90.3,9.3
20160209191908,0.0,0.0,0.1,0.0,0.1,0.0,96.6,3.1
20160209191938,0.0,0.0,0.1,0.0,0.0,0.0,93.8,6.0
20160209192008,0.0,0.0,0.2,0.0,0.0,0.0,93.3,6.5
20160209192038,0.0,0.0,0.2,0.0,0.1,0.0,95.9,3.9
20160209192108,0.0,0.0,0.2,0.0,0.0,0.0,98.1,1.8
20160209192138,0.0,0.0,0.3,0.0,0.0,0.0,98.3,1.3
20160209192208,0.0,0.0,0.6,0.0,0.0,0.0,97.7,1.7
20160209192238,0.0,0.0,0.0,0.0,0.0,0.0,99.1,0.9
20160209192308,0.0,0.0,0.9,0.0,0.0,0.0,98.4,0.7
20160209192338,0.0,0.0,0.1,0.0,0.1,0.0,96.1,3.6
20160209192408,0.0,0.0,0.2,0.0,0.1,0.0,98.8,0.9
20160209192438,0.0,0.1,3.0,0.0,0.1,0.0,90.3,6.3
20160209192508,0.0,0.0,0.4,0.0,0.2,0.0,87.6,11.8
20160209192538,0.0,0.0,1.6,0.0,0.1,0.0,76.5,21.8
20160209192608,0.0,0.0,0.2,0.0,0.0,0.0,92.2,7.6
20160209192638,0.0,0.0,0.1,0.0,0.0,0.0,99.2,0.7
20160209192708,0.0,0.0,0.1,0.0,0.0,0.0,98.7,1.2
20160209192738,0.0,0.0,0.3,0.0,0.1,0.0,97.0,2.6
20160209192808,0.0,0.0,0.1,0.0,0.0,0.0,96.8,3.1
20160209192838,0.0,0.0,0.0,0.0,0.0,0.0,98.5,1.4
20160209192908,0.0,0.1,0.3,0.0,0.2,0.0,95.7,3.7
20160209192938,0.0,0.0,0.6,0.0,0.1,0.0,97.6,1.7
20160209193008,0.0,0.0,3.5,0.0,0.1,0.0,93.8,2.6
20160209193038,0.0,0.0,0.3,0.0,0.1,0.0,96.9,2.6
20160209193108,0.0,0.0,1.2,0.0,0.1,0.0,95.2,3.5
20160209193138,0.0,0.1,0.9,0.0,0.3,0.0,92.5,6.2
20160209193208,0.0,0.0,0.6,0.1,0.7,0.0,85.6,12.9
20160209193238,0.0,0.0,0.4,0.0,0.4,0.0,97.8,1.3
20160209193308,0.0,0.0,0.2,0.1,0.4,0.0,95.3,4.1
20160209193338,0.0,0.0,0.0,0.0,0.0,0.0,99.1,0.8
20160209193408,0.0,0.0,0.1,0.0,0.1,0.0,93.3,6.5
20160209193438,0.0,0.0,0.0,0.0,0.0,0.0,99.7,0.2
20160209193508,0.0,0.0,0.8,0.0,0.1,0.0,97.1,1.9
20160209193538,0.0,0.0,0.1,0.0,0.1,0.0,94.7,5.0
20160209193608,0.0,0.0,0.5,0.1,0.3,0.0,95.6,3.4
20160209193638,0.0,0.0,1.6,0.1,0.1,0.0,96.9,1.3
20160209193708,0.0,0.0,0.2,0.1,0.6,0.0,90.2,8.8
20160209193738,0.0,0.0,1.5,0.0,0.2,0.0,97.6,0.7
20160209193808,0.1,0.1,3.3,0.6,2.1,0.1,63.2,30.6
20160209193838,0.0,0.0,0.3,0.1,0.6,0.0,95.9,3.0
20160209193908,0.0,0.0,0.8,0.0,0.1,0.0,92.9,6.2
20160209193939,0.0,0.0,0.3,0.0,0.2,0.0,96.3,3.0
20160209194009,0.0,0.0,0.0,0.0,0.0,0.0,98.7,1.2
20160209194039,0.0,0.0,0.1,0.0,0.1,0.1,94.2,5.5
20160209194109,0.0,0.0,0.0,0.0,0.0,0.0,96.9,3.0
20160209194139,0.0,0.0,0.0,0.0,0.0,0.0,99.6,0.3
20160209194209,0.0,0.0,0.0,0.0,0.0,0.0,98.8,1.1
20160209194239,0.0,0.0,0.0,0.0,0.0,0.0,99.3,0.6
20160209194309,0.0,0.0,0.5,0.1,0.3,0.1,92.9,6.1
20160209194339,0.0,0.0,0.1,0.0,0.0,0.0,99.2,0.7
20160209194409,0.0,0.0,0.1,0.0,0.0,0.0,98.4,1.5
20160209194439,0.0,0.0,0.0,0.0,0.0,0.0,98.5,1.4
20160209194509,0.0,0.0,0.0,0.0,0.0,0.0,99.6,0.4
20160209194539,0.0,0.0,0.0,0.0,0.0,0.0,99.8,0.2
20160209194609,0.0,0.0,0.1,0.0,0.0,0.0,97.5,2.4
20160209194639,0.0,0.0,0.1,0.0,0.0,0.0,94.9,5.0
20160209194709,0.0,0.0,0.0,0.0,0.0,0.0,99.7,0.3
20160209194739,0.0,0.0,0.0,0.0,0.0,0.0,99.7,0.3
20160209194809,0.0,0.0,0.7,0.0,0.0,0.0,92.4,6.8
20160209194839,0.0,0.0,0.0,0.0,0.0,0.0,99.6,0.3
20160209194909,0.0,0.0,0.0,0.0,0.0,0.0,99.5,0.5
20160209194939,0.0,0.0,0.1,0.0,0.0,0.0,93.5,6.3
20160209195009,0.0,0.0,0.2,0.0,0.0,0.0,96.2,3.6
20160209195039,0.0,0.0,0.1,0.0,0.1,0.0,94.0,5.8
20160209195109,0.0,0.0,0.3,0.0,0.0,0.0,93.4,6.1
20160209195139,0.0,0.0,0.2,0.0,0.0,0.0,91.2,8.5
20160209195209,0.0,0.0,0.6,0.0,0.1,0.1,78.7,20.5
20160209195239,0.0,0.0,0.8,0.1,0.1,0.0,93.9,5.0
20160209195309,0.0,0.0,0.8,0.0,0.0,0.0,41.8,57.3
20160209195339,0.0,0.0,0.7,0.1,0.1,0.0,96.4,2.8
20160209195409,0.0,0.0,1.4,0.0,0.2,0.0,92.1,6.2
20160209195439,0.0,0.0,0.6,0.0,0.0,0.0,98.0,1.3
20160209195509,0.1,0.0,5.1,0.1,0.8,0.0,77.5,16.5
20160209195539,0.0,0.0,0.9,0.0,0.5,0.0,96.9,1.7
20160209195609,0.0,0.0,0.9,0.0,0.6,0.0,96.8,1.6
20160209195639,0.0,0.0,0.8,0.0,0.8,0.0,85.5,12.7
20160209195709,0.0,0.0,0.7,0.0,0.2,0.0,91.2,7.8
20160209195739,0.1,0.0,2.9,0.0,0.5,0.0,91.7,4.8
20160209195809,0.0,0.0,1.4,0.0,0.7,0.1,89.2,8.6
20160209195839,0.0,0.0,1.3,0.0,0.3,0.1,80.2,18.1
20160209195909,0.1,0.0,1.0,0.0,0.8,0.1,86.1,11.9
20160209195939,0.0,0.0,1.9,0.0,0.2,0.0,68.2,29.6
20160209200009,0.1,0.0,2.2,0.0,0.3,0.1,91.8,5.6
20160209200039,0.1,0.0,0.9,0.0,0.2,0.0,97.1,1.7
20160209200109,0.0,0.0,0.2,0.0,0.0,0.1,87.7,12.0
20160209200139,0.0,0.0,0.4,0.0,0.2,0.1,78.6,20.7
20160209200209,0.0,0.0,0.4,0.0,0.2,0.1,78.4,20.8
20160209200239,0.0,0.0,0.3,0.0,0.1,0.0,94.7,4.9
20160209200309,0.1,0.0,3.5,0.0,0.3,0.0,43.3,52.8
20160209200339,0.0,0.0,0.9,0.0,0.1,0.0,67.3,31.6
20160209200409,0.0,0.0,0.2,0.0,0.2,0.1,89.6,9.9
20160209200439,0.0,0.0,0.1,0.0,0.2,0.0,89.1,10.5
20160209200509,0.0,0.0,0.3,0.0,0.2,0.0,89.4,10.0
20160209200539,0.1,0.0,2.1,0.0,1.1,0.1,79.7,17.0
20160209200609,0.0,0.0,2.3,0.0,0.3,0.1,66.5,30.8
20160209200639,0.0,0.0,0.1,0.0,0.1,0.0,84.6,15.2
20160209200709,0.0,0.0,1.3,0.0,0.2,0.1,70.6,27.7
20160209200739,0.0,0.0,0.1,0.0,0.4,0.0,26.0,73.4
20160209200809,0.1,0.0,2.0,0.1,0.6,0.4,84.3,12.5
20160209200839,0.0,0.0,0.2,0.0,0.0,0.0,79.5,20.3
20160209200909,0.0,0.0,1.9,0.0,0.5,0.1,69.8,27.7
20160209200939,0.0,0.0,1.0,0.0,0.2,0.0,60.4,38.4
20160209201009,0.0,0.0,0.1,0.0,0.1,0.0,89.9,9.9
20160209201039,0.0,0.0,0.2,0.0,0.0,0.1,82.7,17.1
20160209201109,0.0,0.0,0.3,0.0,0.0,0.0,89.3,10.3
20160209201139,0.0,0.0,0.4,0.0,0.1,0.0,94.4,5.1
20160209201209,0.0,0.0,0.7,0.0,0.1,0.0,70.0,29.0
20160209201239,0.0,0.0,1.1,0.0,0.0,0.1,87.2,11.5
20160209201309,0.0,0.0,0.0,0.0,0.0,0.0,85.3,14.6
20160209201339,0.0,0.0,0.1,0.0,0.0,0.1,81.4,18.4
20160209201410,0.0,0.0,0.0,0.0,0.0,0.0,56.5,43.5
20160209201440,0.0,0.0,0.1,0.0,0.0,0.0,77.0,22.9
20160209201510,0.0,0.0,0.1,0.0,0.1,0.0,76.1,23.6
20160209201540,0.0,0.0,0.1,0.0,0.1,0.0,96.1,3.8
20160209201610,0.0,0.0,0.1,0.0,0.0,0.0,99.1,0.8
20160209201640,0.0,0.0,0.1,0.0,0.0,0.0,70.4,29.4
20160209201710,0.0,0.0,0.0,0.0,0.0,0.0,79.0,20.9
20160209201740,0.0,0.0,0.3,0.0,0.1,0.1,59.0,40.5
20160209201810,0.0,0.0,0.1,0.0,0.0,0.0,88.6,11.3
20160209201840,0.0,0.0,0.1,0.0,0.0,0.1,90.5,9.3
20160209201910,0.0,0.0,1.3,0.0,0.2,0.1,56.1,42.2
20160209201940,0.0,0.0,0.1,0.0,0.1,0.1,68.1,31.5
20160209202010,0.0,0.0,0.7,0.0,0.2,0.3,62.8,35.9
20160209202040,0.0,0.0,0.2,0.0,0.1,0.0,32.5,67.2
20160209202110,0.0,0.0,0.0,0.0,0.0,0.0,67.3,32.6
20160209202140,0.0,0.0,0.1,0.0,0.0,0.0,56.0,43.9
20160209202210,0.0,0.0,0.0,0.0,0.0,0.0,90.7,9.3
20160209202240,0.0,0.0,0.1,0.0,0.0,0.0,68.6,31.2
20160209202310,0.0,0.0,0.0,0.0,0.0,0.0,53.3,46.7
20160209202340,0.0,0.0,0.0,0.0,0.0,0.0,94.7,5.3
20160209202410,0.0,0.0,0.0,0.0,0.0,0.0,91.4,8.6
20160209202440,0.0,0.0,0.0,0.0,0.0,0.0,95.3,4.6
20160209202510,0.0,0.0,0.0,0.0,0.0,0.0,74.8,25.1
20160209202540,0.0,0.0,0.0,0.0,0.0,0.0,95.2,4.7
20160209202610,0.0,0.0,0.1,0.0,0.1,0.0,85.6,14.2
20160209202640,0.0,0.0,0.0,0.0,0.0,0.0,96.5,3.4
20160209202710,0.0,0.0,0.0,0.0,0.0,0.0,99.7,0.3
20160209202740,0.0,0.0,0.0,0.0,0.0,0.0,99.8,0.2
20160209202810,0.0,0.0,0.0,0.0,0.0,0.0,99.4,0.6
20160209202840,0.0,0.0,0.0,0.0,0.0,0.0,99.3,0.7
20160209202910,0.0,0.0,0.0,0.0,0.0,0.0,97.5,2.5
20160209202940,0.0,0.0,0.0,0.0,0.0,0.0,99.6,0.4
20160209203010,0.0,0.0,0.0,0.0,0.0,0.0,99.6,0.4
20160209203040,0.0,0.0,0.0,0.0,0.0,0.0,98.9,1.1
20160209203110,0.0,0.0,0.0,0.0,0.0,0.0,97.5,2.5
20160209203140,0.0,0.0,0.0,0.0,0.0,0.0,98.9,1.1
20160209203210,0.0,0.0,0.0,0.0,0.0,0.0,99.1,0.8
20160209203240,0.0,0.0,0.0,0.0,0.0,0.0,97.6,2.4
20160209203310,0.0,0.0,0.0,0.0,0.0,0.0,98.0,2.0
20160209203340,0.0,0.0,0.0,0.0,0.0,0.0,99.7,0.3
20160209203410,0.0,0.0,0.0,0.0,0.0,0.0,99.8,0.1
20160209203440,0.0,0.0,0.0,0.0,0.0,0.0,99.0,1.0
20160209203510,0.0,0.0,0.0,0.0,0.0,0.0,100.0,0.0
20160209203540,0.0,0.0,0.0,0.0,0.0,0.0,99.7,0.3
20160209203610,0.0,0.0,0.0,0.0,0.0,0.0,99.9,0.1
20160209203640,0.0,0.0,0.0,0.0,0.0,0.0,99.4,0.6
20160209203710,0.0,0.0,0.1,0.0,0.1,0.0,98.6,1.3
20160209203740,0.0,0.0,0.1,0.0,0.0,0.0,98.9,0.9
20160209203810,0.0,0.0,0.1,0.0,0.0,0.0,98.3,1.6
20160209203840,0.0,0.0,0.0,0.0,0.0,0.0,99.8,0.1
20160209203910,0.0,0.0,0.0,0.0,0.0,0.0,96.8,3.1
20160209203940,0.0,0.0,0.0,0.0,0.0,0.0,97.5,2.4
20160209204010,0.0,0.0,0.2,0.0,0.1,0.0,87.1,12.6
20160209204040,0.0,0.0,0.0,0.0,0.1,0.0,78.3,21.6
20160209204110,0.0,0.0,0.1,0.0,0.1,0.0,93.2,6.7
20160209204140,0.0,0.0,0.0,0.0,0.1,0.0,98.7,1.2
20160209204210,0.0,0.0,0.0,0.0,0.1,0.0,97.0,2.9
20160209204240,0.0,0.0,0.1,0.0,0.4,0.0,84.0,15.4
20160209204310,0.0,0.0,0.3,0.0,0.3,0.0,76.9,22.5
20160209204340,0.0,0.0,0.2,0.0,0.3,0.0,30.3,69.1
20160209204410,0.0,0.0,0.8,0.0,0.5,0.0,39.9,58.8
20160209204440,0.0,0.0,0.2,0.0,0.4,0.0,68.2,31.2
20160209204510,0.0,0.0,0.6,0.0,0.2,0.0,68.0,31.2
20160209204540,0.0,0.0,0.9,0.0,3.1,0.0,49.9,46.1
20160209204610,0.0,0.0,0.5,0.0,3.3,0.0,11.3,84.9
20160209204640,0.0,0.0,0.3,0.0,0.4,0.0,37.4,61.9
20160209204710,0.0,0.0,1.4,0.0,0.9,0.0,1.2,96.5
20160209204740,0.0,0.0,1.1,0.1,1.0,0.0,0.4,97.4
20160209204811,0.0,0.0,1.0,0.1,0.7,0.0,0.1,98.1
20160209204841,0.0,0.1,9.2,0.2,2.9,0.0,5.1,82.5
20160209204911,0.0,0.0,3.5,0.2,2.1,0.0,0.9,93.3
20160209204941,0.0,0.0,0.2,0.0,0.2,0.0,0.0,99.6
20160209205011,0.0,0.0,0.3,0.1,1.4,0.0,0.2,98.0
20160209205041,0.0,0.0,0.1,0.0,2.0,0.0,1.8,96.1
20160209205111,0.0,0.0,0.7,0.2,1.2,0.0,2.1,95.7
20160209205141,0.0,0.0,1.7,0.1,8.0,0.0,40.4,49.7
20160209205211,0.0,0.0,0.0,0.0,0.2,0.0,82.8,16.9
20160209205241,0.0,0.0,1.4,0.0,1.8,0.0,11.5,85.3
20160209205311,0.0,0.0,0.1,0.1,1.8,0.0,5.4,92.6
20160209205341,0.0,0.0,0.2,0.1,1.3,0.0,58.1,40.3
20160209205411,0.0,0.0,1.1,0.1,0.4,0.0,34.1,64.3
20160209205441,0.0,0.0,0.0,0.1,0.5,0.0,85.7,13.8
20160209205511,0.0,0.0,0.1,0.0,0.0,0.0,98.9,1.0
20160209205541,0.0,0.0,0.0,0.0,0.0,0.0,95.0,5.0
20160209205611,0.0,0.0,0.0,0.0,0.0,0.0,99.6,0.3
20160209205641,0.0,0.0,0.0,0.0,0.0,0.0,98.9,1.0
20160209205711,0.0,0.0,0.0,0.0,0.1,0.0,94.7,5.3
20160209205741,0.0,0.0,0.0,0.0,0.0,0.0,98.8,1.2
20160209205811,0.0,0.0,0.0,0.0,0.1,0.0,96.3,3.5
20160209205841,0.0,0.0,0.1,0.0,0.1,0.0,93.1,6.7
20160209205911,0.0,0.0,0.2,0.0,0.2,0.0,97.7,2.0
20160209205941,0.0,0.0,0.0,0.0,0.0,0.0,99.1,0.9
20160209210011,0.0,0.0,0.1,0.0,1.2,0.0,51.9,46.7
20160209210041,0.0,0.0,0.1,0.0,0.4,0.0,73.4,26.1
20160209210111,0.0,0.0,0.1,0.0,0.1,0.0,77.0,22.8
20160209210141,0.0,0.0,0.1,0.0,0.1,0.0,95.4,4.4
20160209210211,0.0,0.0,0.0,0.0,0.1,0.0,65.0,34.8
20160209210241,0.0,0.0,0.0,0.0,0.1,0.0,83.2,16.6
20160209210311,0.0,0.0,0.0,0.0,0.0,0.0,87.1,12.8
20160209210341,0.0,0.0,0.0,0.0,0.0,0.0,95.3,4.7
20160209210411,0.0,0.0,0.0,0.0,0.0,0.0,98.7,1.3
20160209210441,0.0,0.0,0.1,0.0,0.0,0.0,97.2,2.6
20160209210511,0.0,0.0,0.0,0.0,0.0,0.0,99.5,0.5
20160209210541,0.0,0.0,0.0,0.0,0.0,0.0,99.4,0.6
20160209210611,0.0,0.0,0.0,0.0,0.0,0.0,99.5,0.5
20160209210641,0.0,0.0,0.0,0.0,0.0,0.0,99.5,0.4
20160209210711,0.0,0.0,0.0,0.0,0.0,0.0,99.4,0.6
20160209210741,0.0,0.0,0.0,0.0,0.0,0.0,99.5,0.5
20160209210811,0.0,0.0,0.0,0.0,0.0,0.0,98.4,1.6
20160209210841,0.0,0.0,0.0,0.0,0.0,0.0,97.2,2.8
20160209210911,0.0,0.0,0.0,0.0,0.0,0.0,97.6,2.3
20160209210941,0.0,0.0,0.0,0.0,0.1,0.0,95.4,4.5
20160209211011,0.0,0.0,0.0,0.0,0.0,0.0,99.2,0.8
20160209211041,0.0,0.0,0.0,0.0,0.0,0.0,99.9,0.1
20160209211111,0.0,0.0,0.0,0.0,0.0,0.0,99.5,0.5
20160209211141,0.0,0.0,0.0,0.0,0.0,0.0,99.8,0.2
20160209211211,0.0,0.0,0.0,0.0,0.0,0.0,99.4,0.5
20160209211241,0.0,0.0,0.0,0.0,0.0,0.0,98.9,1.1
20160209211311,0.0,0.0,0.0,0.0,0.0,0.0,99.9,0.1
20160209211341,0.0,0.0,0.0,0.0,0.0,0.0,100.0,0.0
20160209211411,0.0,0.0,0.0,0.0,0.0,0.0,99.9,0.1
20160209211441,0.0,0.0,0.0,0.0,0.0,0.0,99.9,0.1
20160209211511,0.0,0.0,0.0,0.0,0.0,0.0,100.0,0.0
20160209211541,0.0,0.0,0.0,0.0,0.0,0.0,99.9,0.1
20160209211611,0.0,0.0,0.0,0.0,0.0,0.0,99.9,0.0
20160209211641,0.0,0.0,0.0,0.0,0.0,0.0,99.9,0.0
20160209211711,0.0,0.0,0.0,0.0,0.0,0.0,99.9,0.1
20160209211741,0.0,0.0,0.0,0.0,0.0,0.0,100.0,0.0
20160209211811,0.0,0.0,0.0,0.0,0.0,0.0,100.0,0.0
20160209211841,0.0,0.0,0.0,0.0,0.0,0.0,99.9,0.1
20160209211911,0.0,0.0,0.0,0.0,0.0,0.0,100.0,0.0
20160209211941,0.0,0.0,0.0,0.0,0.0,0.0,100.0,0.0
20160209212011,0.0,0.0,0.0,0.0,0.0,0.0,100.0,0.0
20160209212041,0.0,0.0,0.0,0.0,0.0,0.0,100.0,0.0
20160209212112,0.0,0.0,0.0,0.0,0.0,0.0,99.9,0.1
20160209212142,0.0,0.0,0.0,0.0,0.0,0.0,99.9,0.1
20160209212212,0.0,0.0,0.0,0.0,0.0,0.0,99.9,0.1
20160209212242,0.0,0.0,0.0,0.0,0.1,0.0,97.6,2.3
20160209212312,0.0,0.0,0.0,0.0,0.0,0.0,100.0,0.0
20160209212342,0.0,0.0,0.0,0.0,0.0,0.0,100.0,0.0
20160209212412,0.0,0.0,0.0,0.0,0.0,0.0,99.9,0.1
20160209212442,0.0,0.0,0.0,0.0,0.0,0.0,99.9,0.1
20160209212512,0.0,0.0,0.0,0.0,0.0,0.0,99.7,0.3
20160209212542,0.0,0.0,0.0,0.0,0.0,0.0,99.9,0.1
20160209212612,0.0,0.0,0.0,0.0,0.0,0.0,99.9,0.1
20160209212642,0.0,0.0,0.0,0.0,0.0,0.0,99.9,0.1
20160209212712,0.0,0.0,0.0,0.0,0.0,0.0,99.3,0.7
20160209212742,0.0,0.0,0.0,0.0,0.0,0.0,99.8,0.1
20160209212812,0.0,0.0,0.0,0.0,0.1,0.0,99.9,0.1
20160209212842,0.0,0.0,0.0,0.0,0.0,0.0,99.9,0.1
20160209212912,0.0,0.0,0.0,0.0,0.1,0.0,99.8,0.1
20160209212942,0.0,0.0,0.0,0.0,0.0,0.0,100.0,0.0
20160209213012,0.0,0.0,0.0,0.0,0.0,0.0,100.0,0.0
20160209213042,0.0,0.0,0.0,0.0,0.0,0.0,100.0,0.0
20160209213112,0.0,0.0,0.0,0.0,0.0,0.0,99.9,0.0
20160209213142,0.0,0.0,0.0,0.0,0.0,0.0,100.0,0.0
20160209213212,0.0,0.0,0.0,0.0,0.0,0.0,100.0,0.0
20160209213242,0.0,0.0,0.0,0.0,0.0,0.0,100.0,0.0
20160209213312,0.0,0.0,0.0,0.0,0.0,0.0,100.0,0.0
20160209213342,0.0,0.0,0.0,0.0,0.0,0.0,100.0,0.0
20160209213412,0.0,0.0,0.0,0.0,0.0,0.0,99.9,0.1
20160209213442,0.0,0.0,0.0,0.0,0.0,0.0,100.0,0.0
20160209213512,0.0,0.0,0.0,0.0,0.0,0.0,100.0,0.0
20160209213542,0.0,0.0,0.0,0.0,0.0,0.0,100.0,0.0
20160209213612,0.0,0.0,0.0,0.0,0.0,0.0,100.0,0.0
20160209213642,0.0,0.0,0.0,0.0,0.0,0.0,100.0,0.0
20160209213712,0.0,0.0,0.0,0.0,0.0,0.0,100.0,0.0
20160209213742,0.0,0.0,0.0,0.0,0.0,0.0,100.0,0.0
20160209213812,0.0,0.0,0.0,0.0,0.0,0.0,100.0,0.0
20160209213842,0.0,0.0,0.0,0.0,0.0,0.0,99.9,0.1
20160209213912,0.0,0.0,0.0,0.0,0.0,0.0,100.0,0.0
20160209213942,0.0,0.0,0.0,0.0,0.0,0.0,100.0,0.0
20160209214012,0.0,0.0,0.0,0.0,0.0,0.0,99.8,0.2
20160209214042,0.0,0.0,0.0,0.0,0.0,0.0,99.7,0.3
20160209214112,0.0,0.0,0.0,0.0,0.0,0.0,100.0,0.0
20160209214142,0.0,0.0,0.0,0.0,0.1,0.0,99.6,0.3
20160209214212,0.0,0.0,0.1,0.0,0.2,0.0,93.4,6.4
20160209214242,0.0,0.0,0.1,0.0,0.0,0.0,99.6,0.3
20160209214312,0.0,0.0,0.0,0.0,0.0,0.0,99.9,0.0
20160209214342,0.0,0.0,0.0,0.0,0.1,0.0,98.9,1.1
20160209214412,0.0,0.0,0.2,0.1,0.2,0.0,98.5,1.0
20160209214442,0.0,0.0,3.3,0.4,3.1,0.0,91.8,1.4
20160209214512,0.0,0.2,51.0,34.7,3.7,0.0,7.3,3.0
20160209214542,0.0,0.1,60.7,37.6,0.5,0.0,0.6,0.5
20160209214612,0.0,0.4,79.8,16.1,2.5,0.0,0.3,0.9
20160209214642,0.0,0.2,0.7,96.8,1.4,0.0,0.0,1.0
20160209214712,0.0,0.8,1.4,68.8,26.4,0.0,0.0,2.5
20160209214742,0.0,0.4,0.9,94.9,3.1,0.0,0.1,0.6
20160209214812,0.0,0.2,4.2,67.6,6.8,0.0,0.6,20.7
20160209214842,0.0,0.6,13.7,70.2,13.9,0.0,0.1,1.6
20160209214912,0.0,0.0,0.3,98.9,0.7,0.0,0.0,0.0
20160209214943,0.0,0.0,0.0,100.0,0.0,0.0,0.0,0.0
20160209215013,0.0,0.0,0.0,96.2,2.2,0.0,1.5,0.0
20160209215043,0.0,0.0,0.0,98.6,1.2,0.0,0.2,0.0
20160209215113,0.0,0.0,0.0,98.8,1.2,0.0,0.0,0.0
20160209215143,0.0,0.0,0.1,93.2,0.9,0.0,5.4,0.4
20160209215213,0.0,0.0,0.0,99.8,0.1,0.0,0.1,0.0
20160209215243,0.0,0.0,0.0,99.9,0.1,0.0,0.0,0.0
20160209215313,0.0,0.0,0.0,100.0,0.0,0.0,0.0,0.0
20160209215343,0.0,0.0,0.0,99.5,0.4,0.0,0.0,0.0
20160209215413,0.0,0.0,0.0,99.8,0.2,0.0,0.0,0.0
20160209215443,0.0,0.0,0.0,97.4,0.4,0.0,1.1,1.1
20160209215513,0.0,0.0,0.1,50.5,1.1,0.0,33.5,14.8
20160209215543,0.0,0.0,0.0,2.7,0.2,0.0,79.6,17.5
20160209215613,0.0,0.0,0.0,98.8,0.5,0.0,0.7,0.0
20160209215643,0.0,0.0,0.0,95.5,0.8,0.0,3.4,0.3
20160209215713,0.0,0.0,0.0,80.9,0.7,0.0,17.2,1.2
20160209215743,0.0,0.0,0.1,14.2,0.4,0.0,74.6,10.6
20160209215813,0.1,0.0,0.1,27.9,4.2,0.0,56.0,11.8
20160209215843,0.1,0.0,0.0,36.1,1.0,0.0,47.5,15.2
20160209215913,0.0,0.0,0.1,16.0,1.2,0.0,20.3,62.4
20160209215943,0.0,0.0,0.0,28.7,6.5,0.0,18.1,46.6
20160209220013,0.0,0.0,0.0,95.0,0.7,0.0,3.7,0.6
20160209220043,0.0,0.0,0.1,24.7,0.9,0.0,46.6,27.7
20160209220113,0.0,0.0,0.1,92.7,0.6,0.0,0.9,5.7
20160209220143,0.0,0.0,0.0,99.5,0.3,0.0,0.1,0.1
20160209220213,0.0,0.0,0.0,99.8,0.2,0.0,0.0,0.0
20160209220243,0.0,0.0,0.0,99.4,0.1,0.0,0.3,0.1
20160209220313,0.0,0.0,0.0,71.8,0.3,0.0,24.3,3.5
20160209220343,0.0,0.0,0.0,6.0,0.1,0.0,86.2,7.7
20160209220413,0.0,0.0,0.0,0.2,0.0,0.0,95.5,4.2
20160209220443,0.0,0.0,0.0,0.5,0.1,0.0,94.2,5.2
20160209220513,0.0,0.0,0.0,0.1,0.0,0.0,98.9,1.0
20160209220543,0.0,0.0,0.2,1.0,0.2,0.0,82.0,16.6
20160209220613,0.1,0.0,3.1,1.5,0.7,0.0,2.8,91.8
20160209220643,0.1,0.1,2.8,64.9,2.4,0.0,7.0,22.7
20160209220713,0.1,0.0,1.6,12.4,4.2,0.0,8.8,73.0
20160209220743,0.0,0.0,1.7,3.8,5.3,0.0,11.4,77.6
20160209220813,0.0,0.0,0.2,0.4,0.5,0.0,59.0,39.9
20160209220843,0.1,0.0,0.4,10.0,0.7,0.0,60.9,27.9
20160209220913,0.2,0.0,2.9,16.5,2.6,0.0,35.3,42.5
20160209220943,0.2,0.0,1.1,3.3,1.5,0.0,45.0,49.0
20160209221013,0.1,0.0,0.6,0.9,0.5,0.0,63.1,34.9
