UT,arc,discrete,diffuse,ac,ab,clear,cloudy,dd
20160210152000,0.0,0.0,0.0,0.0,0.0,0.0,0.0,100.0
20160210152030,0.0,0.0,0.0,0.0,0.0,0.0,0.0,100.0
20160210152100,0.0,0.0,0.0,0.0,0.0,0.0,0.0,100.0
20160210152130,0.0,0.0,0.0,0.0,0.0,0.0,0.0,100.0
20160210152200,0.0,0.0,0.0,0.0,0.0,0.0,0.0,100.0
20160210152230,0.0,0.0,0.0,0.0,0.0,0.0,0.0,100.0
20160210152300,0.0,0.0,0.0,0.0,0.0,0.0,0.0,100.0
20160210152330,0.0,0.0,0.0,0.0,0.0,0.0,0.0,100.0
20160210152400,0.0,0.0,0.0,0.0,0.0,0.0,0.0,100.0
20160210152430,0.0,0.0,0.0,0.0,0.0,0.0,0.0,100.0
20160210152500,0.0,0.0,0.0,0.0,0.0,0.0,0.0,100.0
20160210152530,0.0,0.0,0.0,0.0,0.0,0.0,0.0,100.0
20160210152600,0.0,0.0,0.0,0.0,0.0,0.0,0.0,100.0
20160210152630,0.0,0.0,0.0,0.0,0.0,0.0,0.1,99.9
20160210152700,0.0,0.0,0.0,0.0,0.0,0.0,0.0,100.0
20160210152730,0.0,0.0,0.0,0.0,0.0,0.0,0.1,99.9
20160210152800,0.0,0.0,0.0,0.0,0.0,0.0,0.1,99.9
20160210152830,0.0,0.0,0.0,0.0,0.0,0.0,0.1,99.9
20160210152900,0.0,0.0,0.0,0.0,0.0,0.0,0.0,100.0
20160210152930,0.0,0.0,0.0,0.0,0.0,0.0,0.2,99.8
20160210153000,0.0,0.0,0.0,0.0,0.0,0.0,0.4,99.6
20160210153030,0.0,0.0,0.0,0.0,0.0,0.0,0.9,99.1
20160210153100,0.0,0.0,0.0,0.0,0.0,0.0,0.2,99.8
20160210153130,0.0,0.0,0.0,0.0,0.0,0.0,0.1,99.9
20160210153200,0.0,0.0,0.0,0.0,0.0,0.0,0.2,99.8
20160210153230,0.0,0.0,0.0,0.0,0.0,0.0,0.0,100.0
20160210153300,0.0,0.0,0.0,0.0,0.0,0.0,0.0,100.0
20160210153330,0.0,0.0,0.0,0.0,0.0,0.0,0.0,100.0
20160210153400,0.0,0.0,0.0,0.0,0.0,0.0,0.0,100.0
20160210153430,0.0,0.0,0.0,0.0,0.0,0.0,0.0,100.0
20160210153500,0.0,0.0,0.0,0.0,0.0,0.0,0.0,100.0
20160210153530,0.0,0.0,0.0,0.0,0.0,0.0,0.0,100.0
20160210153600,0.0,0.0,0.0,0.0,0.0,0.0,0.1,99.9
20160210153630,0.0,0.0,0.0,0.0,0.0,0.0,0.0,100.0
20160210153700,0.0,0.0,0.0,0.0,0.0,0.0,0.0,100.0
20160210153730,0.0,0.0,0.0,0.0,0.0,0.0,0.0,100.0
20160210153800,0.0,0.0,0.0,0.0,0.0,0.0,0.0,100.0
20160210153830,0.0,0.0,0.0,0.0,0.0,0.0,0.0,100.0
20160210153900,0.0,0.0,0.0,0.0,0.0,0.0,0.0,100.0
20160210153930,0.0,0.0,0.0,0.0,0.0,0.0,0.0,100.0
20160210154000,0.0,0.0,0.0,0.0,0.0,0.0,0.0,100.0
20160210154030,0.0,0.0,0.0,0.0,0.0,0.0,0.0,100.0
20160210154100,0.0,0.0,0.0,0.0,0.0,0.0,0.0,100.0
20160210154130,0.0,0.0,0.0,0.0,0.0,0.0,0.0,100.0
20160210154200,0.0,0.0,0.0,0.0,0.0,0.0,0.0,100.0
20160210154230,0.0,0.0,0.0,0.0,0.0,0.0,0.0,100.0
20160210154300,0.0,0.0,0.0,0.0,0.0,0.0,0.0,100.0
20160210154330,0.0,0.0,0.0,0.0,0.0,0.0,0.0,100.0
20160210154400,0.0,0.0,0.0,0.0,0.0,0.0,0.0,100.0
20160210154430,0.0,0.0,0.0,0.0,0.0,0.0,0.0,100.0
20160210154500,0.0,0.0,0.0,0.0,0.0,0.0,0.0,100.0
20160210154530,0.0,0.0,0.0,0.0,0.0,0.0,0.0,100.0
20160210154600,0.0,0.0,0.0,0.0,0.0,0.0,0.0,100.0
20160210154630,0.0,0.0,0.0,0.0,0.0,0.0,0.0,100.0
20160210154701,0.0,0.0,0.0,0.0,0.0,0.0,0.0,100.0
20160210154731,0.0,0.0,0.0,0.0,0.0,0.0,0.0,100.0
20160210154801,0.0,0.0,0.0,0.0,0.0,0.0,0.0,100.0
20160210154831,0.0,0.0,0.0,0.0,0.0,0.0,0.0,100.0
20160210154901,0.0,0.0,0.0,0.0,0.0,0.0,0.0,100.0
20160210154931,0.0,0.0,0.0,0.0,0.0,0.0,0.0,100.0
20160210155001,0.0,0.0,0.0,0.0,0.0,0.0,0.0,100.0
20160210155031,0.0,0.0,0.0,0.0,0.0,0.0,0.0,100.0
20160210155101,0.0,0.0,0.0,0.0,0.0,0.0,0.0,100.0
20160210155131,0.0,0.0,0.0,0.0,0.0,0.0,0.0,100.0
20160210155201,0.0,0.0,0.0,0.0,0.0,0.0,0.0,100.0
20160210155231,0.0,0.0,0.0,0.0,0.0,0.0,0.0,100.0
20160210155301,0.0,0.0,0.0,0.0,0.0,0.0,0.0,100.0
20160210155331,0.0,0.0,0.0,0.0,0.0,0.0,0.0,100.0
20160210155401,0.0,0.0,0.0,0.0,0.0,0.0,0.0,100.0
20160210155431,0.0,0.0,0.0,0.0,0.0,0.0,0.0,100.0
20160210155501,0.0,0.0,0.0,0.0,0.0,0.0,0.0,100.0
20160210155531,0.0,0.0,0.0,0.0,0.0,0.0,0.0,100.0
20160210155601,0.0,0.0,0.0,0.0,0.0,0.0,0.0,100.0
20160210155631,0.0,0.0,0.0,0.0,0.0,0.0,0.0,100.0
20160210155701,0.0,0.0,0.0,0.0,0.0,0.0,0.0,100.0
20160210155731,0.0,0.0,0.0,0.0,0.0,0.0,0.0,100.0
20160210155801,0.0,0.0,0.0,0.0,0.0,0.0,0.0,100.0
20160210155831,0.0,0.0,0.0,0.0,0.0,0.0,0.0,100.0
20160210155901,0.0,0.0,0.0,0.0,0.0,0.0,0.0,100.0
20160210155931,0.0,0.0,0.0,0.0,0.0,0.0,0.0,100.0
20160210160001,0.0,0.0,0.0,0.0,0.0,0.0,0.0,100.0
20160210160031,0.0,0.0,0.0,0.0,0.0,0.0,0.0,100.0
20160210160101,0.0,0.0,0.0,0.0,0.0,0.0,0.0,100.0
20160210160131,0.0,0.0,0.0,0.0,0.0,0.0,0.0,100.0
20160210160201,0.0,0.0,0.0,0.0,0.0,0.0,0.0,100.0
20160210160231,0.0,0.0,0.0,0.0,0.0,0.0,0.0,100.0
20160210160301,0.0,0.0,0.0,0.0,0.0,0.0,0.0,100.0
20160210160331,0.0,0.0,0.0,0.0,0.0,0.0,0.0,100.0
20160210160401,0.0,0.0,0.0,0.0,0.0,0.0,0.0,100.0
20160210160431,0.0,0.0,0.0,0.0,0.0,0.0,0.0,100.0
20160210160501,0.0,0.0,0.0,0.0,0.0,0.0,0.0,100.0
20160210160531,0.0,0.0,0.0,0.0,0.0,0.0,0.0,100.0
20160210160601,0.0,0.0,0.0,0.0,0.0,0.0,0.0,100.0
20160210160631,0.0,0.0,0.0,0.0,0.0,0.0,0.0,100.0
20160210160701,0.0,0.0,0.0,0.0,0.0,0.0,0.0,100.0
20160210160731,0.0,0.0,0.0,0.0,0.0,0.0,0.0,100.0
20160210160801,0.0,0.0,0.0,0.0,0.0,0.0,0.0,100.0
20160210160831,0.0,0.0,0.0,0.0,0.0,0.0,0.0,100.0
20160210160901,0.0,0.0,0.0,0.0,0.0,0.0,0.0,100.0
20160210160931,0.0,0.0,0.0,0.0,0.0,0.0,0.0,100.0
20160210161001,0.0,0.0,0.0,0.0,0.0,0.0,0.0,100.0
20160210161031,0.0,0.0,0.0,0.0,0.0,0.0,0.0,100.0
20160210161101,0.0,0.0,0.0,0.0,0.0,0.0,0.0,100.0
20160210161131,0.0,0.0,0.0,0.0,0.0,0.0,0.0,100.0
20160210161201,0.0,0.0,0.0,0.0,0.0,0.0,0.0,100.0
20160210161231,0.0,0.0,0.0,0.0,0.0,0.0,0.0,100.0
20160210161301,0.0,0.0,0.0,0.0,0.0,0.0,0.0,100.0
20160210161331,0.0,0.0,0.0,0.0,0.0,0.0,0.0,100.0
20160210161401,0.0,0.0,0.0,0.0,0.0,0.0,0.0,100.0
20160210161431,0.0,0.0,0.0,0.0,0.0,0.0,0.0,100.0
20160210161501,0.0,0.0,0.0,0.0,0.0,0.0,0.0,100.0
20160210161531,0.0,0.0,0.0,0.0,0.0,0.0,0.0,100.0
20160210161601,0.0,0.0,0.0,0.0,0.0,0.0,0.0,100.0
20160210161631,0.0,0.0,0.0,0.0,0.0,0.0,0.0,100.0
20160210161701,0.0,0.0,0.0,0.0,0.0,0.0,0.0,100.0
20160210161731,0.0,0.0,0.0,0.0,0.0,0.0,0.0,100.0
20160210161801,0.0,0.0,0.0,0.0,0.0,0.0,0.0,100.0
20160210161831,0.0,0.0,0.0,0.0,0.0,0.0,0.0,100.0
20160210161901,0.0,0.0,0.0,0.0,0.0,0.0,0.0,100.0
20160210161931,0.0,0.0,0.0,0.0,0.0,0.0,0.0,100.0
20160210162132,0.0,0.0,0.0,0.0,0.0,0.0,0.0,100.0
20160210162202,0.0,0.0,0.0,0.0,0.0,0.0,0.0,100.0
20160210162232,0.0,0.0,0.0,0.0,0.0,0.0,0.0,100.0
20160210162302,0.0,0.0,0.0,0.0,0.0,0.0,0.0,100.0
20160210162332,0.0,0.0,0.0,0.0,0.0,0.0,0.0,100.0
20160210162402,0.0,0.0,0.0,0.0,0.0,0.0,0.0,100.0
20160210162432,0.0,0.0,0.0,0.0,0.0,0.0,0.0,100.0
20160210162502,0.0,0.0,0.0,0.0,0.0,0.0,0.0,100.0
20160210162532,0.0,0.0,0.0,0.0,0.0,0.0,0.0,100.0
20160210162602,0.0,0.0,0.0,0.0,0.0,0.0,0.0,100.0
20160210162632,0.0,0.0,0.0,0.0,0.0,0.0,0.0,100.0
20160210162702,0.0,0.0,0.0,0.0,0.0,0.0,0.0,100.0
20160210162732,0.0,0.0,0.0,0.0,0.0,0.0,0.0,100.0
20160210162802,0.0,0.0,0.0,0.0,0.0,0.0,0.0,100.0
20160210162832,0.0,0.0,0.0,0.0,0.0,0.0,0.0,100.0
20160210162902,0.0,0.0,0.0,0.0,0.0,0.0,0.0,100.0
20160210162932,0.0,0.0,0.0,0.0,0.0,0.0,0.0,100.0
20160210163002,0.0,0.0,0.0,0.0,0.0,0.0,0.0,100.0
20160210163032,0.0,0.0,0.0,0.0,0.0,0.0,0.0,100.0
20160210163102,0.0,0.0,0.0,0.0,0.0,0.0,0.0,100.0
20160210163132,0.0,0.0,0.0,0.0,0.0,0.0,0.0,100.0
20160210163202,0.0,0.0,0.0,0.0,0.0,0.0,0.0,100.0
20160210163232,0.0,0.0,0.0,0.0,0.0,0.0,0.0,100.0
20160210163302,0.0,0.0,0.0,0.0,0.0,0.0,0.0,100.0
20160210163332,0.0,0.0,0.0,0.0,0.0,0.0,0.0,100.0
20160210163402,0.0,0.0,0.0,0.0,0.0,0.0,0.0,100.0
20160210163432,0.0,0.0,0.0,0.0,0.0,0.0,0.0,100.0
20160210163502,0.0,0.0,0.0,0.0,0.0,0.0,0.0,100.0
20160210163532,0.0,0.0,0.0,0.0,0.0,0.0,0.0,100.0
20160210163602,0.0,0.0,0.0,0.0,0.0,0.0,0.0,100.0
20160210163632,0.0,0.0,0.0,0.0,0.0,0.0,0.0,100.0
20160210163702,0.0,0.0,0.0,0.0,0.0,0.0,0.0,100.0
20160210163732,0.0,0.0,0.0,0.0,0.0,0.0,0.0,100.0
20160210163802,0.0,0.0,0.0,0.0,0.0,0.0,0.0,100.0
20160210163832,0.0,0.0,0.0,0.0,0.0,0.0,0.0,100.0
20160210163902,0.0,0.0,0.0,0.0,0.0,0.0,0.0,100.0
20160210163932,0.0,0.0,0.0,0.0,0.0,0.0,0.0,100.0
20160210164002,0.0,0.0,0.0,0.0,0.0,0.0,0.0,100.0
20160210164032,0.0,0.0,0.0,0.0,0.0,0.0,0.0,100.0
20160210164102,0.0,0.0,0.0,0.0,0.0,0.0,0.1,99.9
20160210164132,0.0,0.0,0.0,0.0,0.0,0.0,0.0,100.0
20160210164202,0.0,0.0,0.0,0.0,0.0,0.0,0.1,99.9
20160210164232,0.0,0.0,0.0,0.0,0.0,0.0,0.0,100.0
20160210164302,0.0,0.0,0.0,0.0,0.0,0.0,0.0,100.0
20160210164332,0.0,0.0,0.0,0.0,0.0,0.0,0.1,99.9
20160210164402,0.0,0.0,0.0,0.0,0.0,0.0,0.0,100.0
20160210164432,0.0,0.0,0.0,0.0,0.0,0.0,0.0,100.0
20160210164502,0.0,0.0,0.0,0.0,0.0,0.0,0.0,100.0
20160210164532,0.0,0.0,0.0,0.0,0.0,0.0,0.0,100.0
20160210164602,0.0,0.0,0.0,0.0,0.0,0.0,0.0,100.0
20160210164632,0.0,0.0,0.0,0.0,0.0,0.0,0.0,100.0
20160210164702,0.0,0.0,0.0,0.0,0.0,0.0,0.0,100.0
20160210164732,0.0,0.0,0.0,0.0,0.0,0.0,0.0,100.0
20160210164802,0.0,0.0,0.0,0.0,0.0,0.0,0.0,100.0
20160210164832,0.0,0.0,0.0,0.0,0.0,0.0,0.0,100.0
20160210164902,0.0,0.0,0.0,0.0,0.0,0.0,0.0,100.0
20160210164932,0.0,0.0,0.0,0.0,0.0,0.0,0.0,100.0
20160210165002,0.0,0.0,0.0,0.0,0.0,0.0,0.0,100.0
20160210165032,0.0,0.0,0.0,0.0,0.0,0.0,0.0,100.0
20160210165102,0.0,0.0,0.0,0.0,0.0,0.0,0.0,100.0
20160210165132,0.0,0.0,0.0,0.0,0.0,0.0,0.0,100.0
20160210165202,0.0,0.0,0.0,0.0,0.0,0.0,0.0,100.0
20160210165233,0.0,0.0,0.0,0.0,0.0,0.0,0.0,100.0
20160210165303,0.0,0.0,0.0,0.0,0.0,0.1,0.1,99.8
20160210165333,0.0,0.0,0.0,0.0,0.0,0.0,0.3,99.7
20160210165403,0.0,0.0,0.0,0.0,0.0,0.1,0.1,99.9
20160210165433,0.2,0.0,0.1,0.0,0.1,0.6,0.0,99.0
20160210165503,0.0,0.0,0.0,0.0,0.0,0.1,0.1,99.9
20160210165533,0.0,0.0,0.0,0.0,0.0,0.0,0.0,100.0
20160210165603,0.0,0.0,0.0,0.0,0.0,0.0,0.0,100.0
20160210165633,0.0,0.0,0.0,0.0,0.0,0.0,0.1,99.9
20160210165703,0.0,0.0,0.0,0.0,0.0,0.0,0.1,99.8
20160210165733,0.0,0.0,0.0,0.0,0.0,0.0,0.1,99.9
20160210165803,0.0,0.0,0.0,0.0,0.0,0.0,0.0,100.0
20160210165833,0.0,0.0,0.0,0.0,0.0,0.0,0.0,100.0
20160210165903,0.0,0.0,0.0,0.0,0.0,0.0,0.0,100.0
20160210165933,0.0,0.0,0.0,0.0,0.0,0.1,0.0,99.9
20160210170003,0.0,0.0,0.0,0.0,0.0,0.0,0.0,99.9
20160210170033,0.0,0.0,0.0,0.0,0.0,0.1,0.0,99.9
20160210170103,0.0,0.0,0.0,0.0,0.0,0.0,0.0,100.0
20160210170133,0.0,0.0,0.0,0.0,0.0,0.0,0.0,100.0
20160210170203,0.0,0.0,0.0,0.0,0.0,0.0,0.0,100.0
20160210170233,0.0,0.0,0.0,0.0,0.0,0.1,0.0,99.9
20160210170303,0.0,0.0,0.0,0.0,0.0,0.0,0.0,100.0
20160210170333,0.0,0.0,0.0,0.0,0.0,0.0,0.0,100.0
20160210170403,0.0,0.0,0.0,0.0,0.0,0.0,0.0,100.0
20160210170433,0.0,0.0,0.0,0.0,0.0,0.0,0.0,99.9
20160210170503,0.0,0.0,0.0,0.0,0.0,0.0,0.0,100.0
20160210170533,0.0,0.0,0.0,0.0,0.0,0.1,0.0,99.9
20160210170603,0.0,0.0,0.0,0.0,0.0,0.0,0.0,100.0
20160210170633,0.0,0.0,0.0,0.0,0.0,0.0,0.0,100.0
20160210170703,0.0,0.0,0.0,0.0,0.0,0.2,0.0,99.8
20160210170733,0.0,0.0,0.0,0.0,0.0,0.2,0.0,99.8
20160210170803,0.0,0.0,0.0,0.0,0.0,0.0,0.0,100.0
20160210170833,0.0,0.0,0.0,0.0,0.0,0.4,0.0,99.6
20160210170903,0.0,0.0,0.0,0.0,0.0,0.1,0.0,99.9
20160210170933,0.0,0.0,0.0,0.0,0.0,0.1,0.0,99.9
20160210171003,0.0,0.0,0.0,0.0,0.0,0.0,0.0,100.0
20160210171033,0.0,0.0,0.3,0.0,0.0,0.5,0.0,99.2
20160210171103,0.0,0.0,0.0,0.0,0.0,0.1,0.0,99.9
20160210171133,0.0,0.0,0.0,0.0,0.0,0.0,0.0,100.0
20160210171203,0.0,0.0,0.0,0.0,0.0,0.0,0.0,100.0
20160210171233,0.0,0.0,0.0,0.0,0.0,0.0,0.1,99.9
20160210171303,0.0,0.0,0.0,0.0,0.0,0.3,0.0,99.6
20160210171333,0.0,0.0,0.0,0.0,0.0,0.1,0.1,99.8
20160210171403,0.0,0.0,0.0,0.0,0.0,1.7,0.4,97.8
20160210171433,0.0,0.0,0.1,0.0,0.0,1.3,0.4,98.3
20160210171503,0.0,0.0,0.0,0.0,0.0,1.4,0.1,98.4
20160210171533,0.0,0.0,0.1,0.0,0.0,0.3,0.1,99.5
20160210171603,0.0,0.0,0.1,0.0,0.0,1.6,0.2,98.1
20160210171633,0.0,0.0,0.0,0.0,0.0,1.3,0.1,98.6
20160210171703,0.0,0.0,0.0,0.0,0.0,0.2,0.0,99.8
20160210171733,0.0,0.0,0.0,0.0,0.0,0.6,0.0,99.4
20160210171803,0.0,0.0,0.0,0.0,0.0,1.4,0.1,98.5
20160210171833,0.0,0.0,0.0,0.0,0.0,1.3,0.0,98.6
20160210171903,0.0,0.0,0.0,0.0,0.0,1.3,0.1,98.5
20160210171933,0.0,0.0,0.0,0.0,0.0,1.6,0.0,98.4
20160210172003,0.0,0.0,0.0,0.0,0.0,20.1,0.0,79.9
20160210172033,0.0,0.0,0.1,0.0,0.0,7.0,0.0,92.9
20160210172103,0.0,0.0,0.0,0.0,0.0,5.2,0.0,94.7
20160210172133,0.0,0.0,0.1,0.0,0.0,35.9,0.1,63.8
20160210172203,0.0,0.0,0.1,0.0,0.0,7.2,0.0,92.7
20160210172233,0.0,0.0,0.0,0.0,0.0,8.9,0.0,91.1
20160210172304,0.0,0.0,0.0,0.0,0.0,4.7,0.0,95.2
20160210172334,0.0,0.0,0.0,0.0,0.0,1.2,0.0,98.8
20160210172404,0.0,0.0,0.0,0.0,0.0,12.3,0.2,87.5
20160210172434,0.0,0.0,0.0,0.0,0.0,9.6,0.0,90.3
20160210172504,0.0,0.0,0.0,0.0,0.0,23.8,0.2,76.0
20160210172534,0.0,0.0,0.0,0.0,0.0,26.6,0.4,72.9
20160210172604,0.0,0.0,0.1,0.0,0.0,10.8,3.5,85.7
20160210172634,0.0,0.0,0.5,0.0,0.0,55.8,2.7,40.9
20160210172704,0.0,0.0,0.0,0.0,0.0,17.2,3.3,79.5
20160210172734,0.0,0.0,0.3,0.0,0.0,8.3,2.2,89.2
20160210172804,0.0,0.0,0.0,0.0,0.0,1.3,0.9,97.7
20160210172834,0.0,0.0,0.0,0.0,0.0,22.3,1.4,76.3
20160210172904,0.0,0.0,0.0,0.0,0.0,21.0,9.2,69.9
20160210172934,0.0,0.0,0.0,0.0,0.0,1.4,2.8,95.9
20160210173004,0.0,0.0,0.0,0.0,0.0,2.4,23.9,73.6
20160210173034,0.0,0.0,0.0,0.0,0.0,4.7,60.0,35.3
20160210173104,0.0,0.0,0.0,0.0,0.0,2.2,29.6,68.2
20160210173134,0.0,0.0,0.0,0.0,0.0,0.9,55.0,44.0
20160210173204,0.0,0.0,0.0,0.0,0.0,3.2,21.5,75.3
20160210173234,0.0,0.0,0.0,0.0,0.0,0.5,35.2,64.3
20160210173304,0.0,0.0,0.0,0.0,0.0,0.9,7.8,91.3
20160210173334,0.0,0.0,0.0,0.0,0.0,0.8,9.4,89.8
20160210173404,0.0,0.0,0.0,0.0,0.0,1.8,60.2,38.1
20160210173434,0.0,0.0,0.0,0.0,0.0,0.4,1.5,98.2
20160210173504,0.0,0.0,0.0,0.0,0.0,2.1,1.1,96.8
20160210173534,0.0,0.0,0.0,0.0,0.0,5.9,0.2,93.8
20160210173604,0.0,0.0,0.0,0.0,0.0,4.5,0.5,95.0
20160210173634,0.0,0.0,0.0,0.0,0.0,3.2,0.0,96.7
20160210173704,0.0,0.0,0.0,0.0,0.0,1.3,0.7,98.0
20160210173734,0.0,0.0,0.1,0.0,0.0,1.0,0.6,98.3
20160210173804,0.0,0.0,0.0,0.0,0.0,0.9,0.1,99.0
20160210173834,0.0,0.0,0.0,0.0,0.0,1.5,0.6,97.9
20160210173904,0.0,0.0,0.0,0.0,0.0,0.9,0.4,98.7
20160210173934,0.0,0.0,0.0,0.0,0.0,0.6,0.5,98.9
20160210174004,0.0,0.0,0.0,0.0,0.0,1.8,1.7,96.5
20160210174034,0.0,0.0,0.1,0.0,0.0,15.3,5.0,79.7
20160210174104,0.0,0.0,0.0,0.0,0.0,2.9,0.8,96.2
20160210174134,0.0,0.0,0.1,0.0,0.0,8.0,0.4,91.5
20160210174204,0.0,0.2,0.5,0.0,0.0,37.5,5.0,56.8
20160210174234,0.0,0.0,0.1,0.0,0.0,9.0,2.3,88.5
20160210174304,0.0,0.0,0.0,0.0,0.0,10.3,4.8,84.9
20160210174334,0.0,0.0,0.0,0.0,0.0,44.6,0.7,54.6
20160210174404,0.0,0.0,0.0,0.0,0.0,22.6,0.5,76.9
20160210174434,0.0,0.0,0.0,0.0,0.0,21.7,0.2,78.1
20160210174504,0.0,0.0,0.0,0.0,0.0,11.8,2.4,85.8
20160210174534,0.0,0.0,0.0,0.0,0.0,16.3,0.4,83.3
20160210174604,0.0,0.0,0.0,0.0,0.0,46.3,0.9,52.8
20160210174634,0.0,0.0,0.0,0.0,0.0,12.3,0.4,87.4
20160210174704,0.0,0.0,0.0,0.0,0.0,40.5,1.1,58.5
20160210174734,0.0,0.0,0.0,0.0,0.0,63.6,1.2,35.2
20160210174804,0.0,0.0,0.0,0.0,0.0,4.0,4.2,91.8
20160210174834,0.0,0.0,0.0,0.0,0.0,1.4,0.2,98.4
20160210174904,0.0,0.0,0.0,0.0,0.0,1.0,0.6,98.4
20160210174934,0.0,0.0,0.0,0.0,0.0,7.0,5.1,87.8
20160210175004,0.0,0.0,0.0,0.1,0.0,8.0,4.8,87.1
20160210175034,0.0,0.0,0.1,0.0,0.0,9.0,1.6,89.3
20160210175104,0.0,0.0,0.0,0.0,0.0,29.9,2.3,67.8
20160210175134,0.0,0.0,0.0,0.0,0.0,19.5,12.4,68.1
20160210175204,0.0,0.0,0.0,0.0,0.0,17.6,1.9,80.5
20160210175234,0.0,0.0,0.0,0.0,0.0,60.6,6.0,33.4
20160210175304,0.0,0.0,0.0,0.0,0.0,3.0,1.3,95.7
20160210175334,0.0,0.0,0.0,0.0,0.0,0.9,0.7,98.4
20160210175404,0.0,0.0,0.0,0.0,0.0,6.8,1.7,91.5
20160210175434,0.0,0.0,0.0,0.0,0.0,2.2,2.2,95.6
20160210175504,0.0,0.0,0.0,0.0,0.0,0.4,0.2,99.4
20160210175534,0.0,0.0,0.0,0.0,0.0,3.7,4.2,92.2
20160210175604,0.0,0.0,0.0,0.0,0.0,1.4,1.0,97.5
20160210175634,0.0,0.0,0.0,0.0,0.0,4.7,0.4,94.9
20160210175705,0.0,0.0,0.0,0.0,0.0,0.1,0.0,99.9
20160210175735,0.0,0.0,0.0,0.0,0.0,0.4,0.2,99.4
20160210175805,0.0,0.0,0.0,0.0,0.0,1.8,1.9,96.3
20160210175835,0.0,0.0,0.0,0.0,0.0,1.9,0.4,97.7
20160210175905,0.0,0.0,0.0,0.0,0.0,3.6,0.1,96.4
20160210175935,0.0,0.0,0.0,0.0,0.0,35.4,0.2,64.4
20160210180005,0.0,0.0,0.0,0.0,0.0,44.8,0.1,55.1
20160210180035,0.0,0.0,0.0,0.0,0.0,16.5,0.2,83.3
20160210180105,0.0,0.0,0.0,0.0,0.0,98.6,0.0,1.4
20160210180135,0.0,0.0,0.0,0.0,0.0,52.7,0.1,47.3
20160210180205,0.0,0.0,0.0,0.0,0.0,7.0,0.0,93.0
20160210180235,0.0,0.0,0.0,0.0,0.0,14.5,0.5,85.0
20160210180305,0.0,0.0,0.0,0.0,0.0,63.6,0.4,36.0
20160210180335,0.0,0.0,0.0,0.0,0.0,93.7,0.4,5.9
20160210180405,0.0,0.0,0.0,0.0,0.0,83.9,0.1,16.0
20160210180435,0.0,0.0,0.0,0.0,0.0,32.0,0.2,67.8
20160210180505,0.0,0.0,0.0,0.0,0.0,81.5,0.2,18.2
20160210180535,0.0,0.0,0.0,0.0,0.0,69.2,0.1,30.7
20160210180605,0.0,0.0,0.0,0.0,0.0,49.1,0.1,50.9
20160210180635,0.0,0.0,0.0,0.0,0.0,76.4,0.1,23.5
20160210180705,0.0,0.0,0.0,0.0,0.0,54.0,0.1,45.9
20160210180735,0.0,0.0,0.0,0.0,0.0,85.8,0.0,14.2
20160210180805,0.0,0.0,0.0,0.0,0.0,15.8,0.0,84.2
20160210180835,0.0,0.0,0.0,0.0,0.0,44.0,0.0,56.0
20160210180905,0.0,0.0,0.0,0.0,0.0,25.7,0.3,74.0
20160210180935,0.0,0.0,0.0,0.0,0.0,38.8,0.2,61.0
20160210181005,0.0,0.0,0.0,0.0,0.0,76.4,0.0,23.6
20160210181035,0.0,0.0,0.0,0.0,0.0,94.5,0.0,5.5
20160210181105,0.0,0.0,0.0,0.0,0.0,99.7,0.0,0.3
20160210181135,0.0,0.0,0.0,0.0,0.0,98.6,0.0,1.4
20160210181205,0.0,0.0,0.0,0.0,0.0,99.7,0.0,0.3
20160210181235,0.0,0.0,0.0,0.0,0.0,99.5,0.0,0.5
20160210181305,0.0,0.0,0.0,0.0,0.0,99.0,0.0,1.0
20160210181335,0.0,0.0,0.0,0.0,0.0,96.7,0.0,3.2
20160210181405,0.0,0.1,0.0,0.0,0.0,85.6,0.0,14.3
20160210181435,0.4,0.1,0.0,0.0,0.0,90.1,0.0,9.5
20160210181505,0.0,0.1,0.0,0.0,0.0,90.8,0.0,9.1
20160210181535,0.1,0.1,0.0,0.0,0.0,89.1,0.0,10.7
20160210181605,0.2,0.0,0.0,0.0,0.0,98.3,0.0,1.5
20160210181635,0.4,0.2,0.0,0.0,0.0,80.3,0.0,18.9
20160210181705,0.1,0.3,0.0,0.0,0.0,78.1,0.0,21.5
20160210181735,0.0,0.0,0.0,0.0,0.0,92.5,0.0,7.4
20160210181805,0.1,0.2,0.1,0.0,0.0,77.8,0.3,21.5
20160210181835,0.0,0.0,0.0,0.0,0.0,74.6,0.3,25.0
20160210181905,0.0,0.0,0.0,0.0,0.0,94.7,2.1,3.1
20160210181935,0.0,0.1,0.1,0.0,0.0,23.9,17.9,58.1
20160210182005,0.0,0.1,0.0,0.0,0.0,51.1,16.7,32.1
20160210182035,0.1,0.0,0.1,0.1,0.0,34.4,2.9,62.5
20160210182105,28.2,1.0,0.1,20.0,1.0,16.6,4.2,28.9
20160210182135,16.5,3.8,0.6,2.1,0.4,68.8,1.1,6.6
20160210182205,75.8,1.1,0.2,1.1,0.1,20.3,0.3,1.1
20160210182235,75.2,1.1,0.3,1.4,0.1,21.5,0.2,0.2
20160210182305,38.3,0.3,0.1,0.6,0.1,60.4,0.0,0.0
20160210182335,8.2,0.1,0.1,0.1,0.0,91.4,0.0,0.0
20160210182405,93.0,0.7,0.0,0.2,0.0,6.1,0.0,0.0
20160210182435,82.3,0.5,0.0,0.0,0.0,17.2,0.0,0.0
20160210182505,75.8,0.3,0.0,0.3,0.0,23.5,0.0,0.0
20160210182535,14.6,0.4,0.2,0.4,0.0,84.3,0.1,0.0
20160210182605,4.8,0.0,0.1,0.2,0.0,94.8,0.0,0.0
20160210182635,9.1,0.2,0.1,0.1,0.0,90.4,0.1,0.0
20160210182705,38.5,0.6,0.6,0.7,0.0,59.0,0.0,0.5
20160210182735,12.8,0.2,0.2,0.2,0.0,86.5,0.0,0.0
20160210182805,19.7,0.2,1.7,0.2,0.0,78.2,0.0,0.0
20160210182835,0.4,0.0,0.5,0.0,0.0,98.9,0.1,0.0
20160210182905,3.7,0.3,0.1,0.0,0.0,95.7,0.1,0.0
20160210182935,9.2,0.1,1.8,0.0,0.0,88.8,0.1,0.0
20160210183005,15.7,0.4,13.0,0.0,0.0,68.6,2.3,0.0
20160210183035,69.5,0.4,0.9,0.0,0.0,29.1,0.1,0.0
20160210183105,60.1,0.0,0.0,0.0,0.0,39.9,0.0,0.0
20160210183136,73.5,0.6,0.0,0.0,0.0,25.8,0.0,0.0
20160210183206,50.7,0.2,0.0,0.0,0.0,49.1,0.0,0.0
20160210183236,45.0,0.1,0.1,0.0,0.0,54.8,0.0,0.0
20160210183306,86.9,0.2,0.5,0.0,0.0,12.5,0.0,0.0
20160210183336,94.5,0.3,0.1,0.0,0.0,5.1,0.0,0.0
20160210183406,47.9,0.3,0.2,0.0,0.0,51.5,0.0,0.0
20160210183436,78.2,0.1,0.4,0.0,0.0,21.3,0.0,0.0
20160210183506,95.6,0.1,1.3,0.0,0.0,2.9,0.0,0.0
20160210183536,94.4,0.1,2.5,0.0,0.0,3.0,0.0,0.0
20160210183606,34.1,0.2,1.0,0.0,0.0,64.7,0.1,0.0
20160210183636,89.8,0.1,0.4,0.0,0.0,9.7,0.0,0.0
20160210183706,15.2,0.0,0.2,0.0,0.0,84.5,0.0,0.0
20160210183736,5.0,0.0,0.1,0.0,0.0,94.9,0.0,0.0
20160210183806,10.0,0.0,0.2,0.0,0.0,89.7,0.1,0.0
20160210183836,4.2,0.0,0.1,0.0,0.0,95.7,0.1,0.0
20160210183906,1.3,0.0,0.0,0.0,0.0,98.7,0.0,0.0
20160210183936,0.8,0.0,0.0,0.0,0.0,99.1,0.0,0.0
20160210184006,0.0,0.0,0.0,0.0,0.0,100.0,0.0,0.0
20160210184036,0.1,0.0,0.0,0.0,0.0,99.9,0.0,0.0
20160210184106,0.9,0.0,0.0,0.0,0.0,99.0,0.1,0.0
20160210184136,2.7,0.0,0.1,0.0,0.0,97.1,0.1,0.0
20160210184206,0.1,0.0,0.0,0.0,0.0,99.8,0.0,0.0
20160210184236,0.1,0.0,0.0,0.0,0.0,99.8,0.0,0.0
20160210184306,0.1,0.0,0.0,0.0,0.0,99.8,0.0,0.0
20160210184336,1.3,0.0,0.0,0.0,0.0,98.6,0.1,0.0
20160210184406,1.0,0.0,0.0,0.0,0.0,98.9,0.1,0.0
20160210184436,0.8,0.0,0.0,0.0,0.0,99.1,0.1,0.0
20160210184506,0.4,0.0,0.0,0.0,0.0,99.5,0.0,0.0
20160210184536,2.1,0.0,0.0,0.0,0.0,97.7,0.1,0.1
20160210184606,0.3,0.0,0.0,0.0,0.0,99.4,0.2,0.0
20160210184636,0.2,0.0,0.1,0.0,0.0,99.3,0.3,0.0
20160210184706,0.0,0.0,0.0,0.0,0.0,100.0,0.0,0.0
20160210184736,0.0,0.0,0.0,0.0,0.0,99.9,0.0,0.0
20160210184806,0.0,0.0,0.0,0.0,0.0,99.9,0.1,0.0
20160210184836,0.2,0.0,0.0,0.0,0.0,99.8,0.0,0.0
20160210184906,0.4,0.0,0.2,0.0,0.0,99.0,0.4,0.1
20160210184936,0.2,0.0,0.0,0.0,0.0,99.5,0.1,0.1
20160210185006,0.1,0.0,0.0,0.0,0.0,99.9,0.0,0.0
20160210185036,0.0,0.0,0.0,0.0,0.0,100.0,0.0,0.0
20160210185106,0.0,0.0,0.0,0.0,0.0,100.0,0.0,0.0
20160210185136,0.0,0.0,0.0,0.0,0.0,99.9,0.0,0.0
20160210185206,0.1,0.0,0.0,0.0,0.0,99.8,0.1,0.0
20160210185236,2.2,0.0,0.0,0.0,0.0,97.7,0.1,0.0
20160210185306,0.1,0.0,0.0,0.0,0.0,99.9,0.0,0.0
20160210185336,0.1,0.0,0.0,0.0,0.0,99.9,0.0,0.0
20160210185406,0.0,0.0,0.0,0.0,0.0,99.9,0.0,0.0
20160210185436,0.0,0.0,0.0,0.0,0.0,99.8,0.1,0.0
20160210185506,0.2,0.0,0.2,0.0,0.0,99.4,0.0,0.1
20160210185536,0.1,0.0,0.2,0.0,0.0,99.3,0.1,0.3
20160210185606,0.1,0.0,0.1,0.0,0.0,99.7,0.0,0.1
20160210185636,0.4,0.0,0.3,0.0,0.0,98.6,0.2,0.6
20160210185706,0.0,0.0,0.1,0.0,0.0,99.8,0.0,0.1
20160210185736,0.3,0.0,0.1,0.0,0.0,99.5,0.0,0.0
20160210185806,1.3,0.0,0.3,0.0,0.0,98.1,0.0,0.2
20160210185837,1.4,0.0,3.1,0.0,0.0,94.7,0.1,0.7
20160210185907,0.4,0.0,0.2,0.0,0.0,98.6,0.0,0.7
20160210185937,0.6,0.0,0.3,0.0,0.0,98.0,0.3,0.8
20160210190007,0.2,0.0,0.6,0.0,0.0,97.9,0.1,1.2
20160210190037,0.0,0.0,0.1,0.0,0.0,98.8,0.0,1.0
20160210190107,0.2,0.0,0.1,0.0,0.0,73.0,0.1,26.6
20160210190137,0.0,0.0,0.0,0.0,0.0,97.9,0.0,2.0
20160210190207,0.1,0.0,0.3,0.0,0.0,99.2,0.1,0.4
20160210190237,0.0,0.0,0.0,0.0,0.0,99.5,0.1,0.3
20160210190307,0.2,0.0,0.7,0.0,0.0,98.9,0.1,0.1
20160210190337,0.0,0.0,0.0,0.0,0.0,99.8,0.0,0.1
20160210190407,0.7,0.0,0.1,0.0,0.0,98.9,0.2,0.0
20160210190437,0.1,0.0,0.0,0.0,0.0,99.9,0.0,0.0
20160210190507,0.2,0.0,0.0,0.0,0.0,99.8,0.0,0.0
20160210190537,0.2,0.0,0.0,0.0,0.0,99.8,0.0,0.0
20160210190607,1.3,0.0,0.0,0.0,0.0,98.6,0.0,0.0
20160210190637,5.0,0.0,0.0,0.0,0.0,94.9,0.0,0.1
20160210190707,0.7,0.0,0.0,0.0,0.0,99.3,0.0,0.0
20160210190737,5.9,0.0,0.0,0.0,0.0,94.1,0.0,0.1
20160210190807,0.8,0.0,0.0,0.0,0.0,99.2,0.0,0.0
20160210190837,0.4,0.0,0.0,0.0,0.0,99.5,0.0,0.0
20160210190907,1.6,0.0,0.0,0.0,0.0,98.3,0.0,0.0
20160210190937,0.9,0.0,0.0,0.0,0.0,99.0,0.0,0.0
20160210191007,1.1,0.0,0.0,0.0,0.0,98.9,0.0,0.0
20160210191037,22.1,0.0,0.1,0.0,0.0,77.6,0.1,0.0
20160210191107,33.8,0.1,0.5,0.0,0.0,65.5,0.1,0.0
20160210191137,2.1,0.2,0.8,0.0,0.0,96.5,0.1,0.3
20160210191207,2.7,0.0,0.3,0.0,0.0,96.5,0.0,0.4
20160210191237,1.0,0.0,0.1,0.0,0.0,98.8,0.0,0.1
20160210191307,0.1,0.0,0.0,0.0,0.0,99.7,0.0,0.1
20160210191337,14.0,0.1,0.0,0.1,0.0,85.7,0.1,0.1
20160210191407,8.6,0.8,0.5,0.2,0.5,74.3,0.8,14.4
20160210191437,0.5,0.0,0.0,0.0,0.0,99.2,0.1,0.2
20160210191507,1.1,0.2,0.5,0.6,0.1,77.8,1.1,18.7
20160210191537,1.1,0.5,6.3,0.4,0.5,73.6,3.2,14.5
20160210191607,4.2,1.4,1.9,6.6,0.2,54.0,25.5,6.3
20160210191637,43.9,0.1,3.2,2.7,0.1,46.3,0.6,3.0
20160210191707,2.9,0.1,5.3,0.6,0.0,66.6,18.8,5.6
20160210191737,13.1,1.1,46.2,3.7,0.3,21.2,13.0,1.4
20160210191807,37.2,0.5,45.0,6.1,1.6,5.0,3.4,1.2
20160210191837,16.2,0.6,62.9,2.2,1.1,6.5,9.6,0.9
20160210191907,5.2,0.3,71.5,4.0,0.2,9.3,8.1,1.5
20160210191937,26.4,0.8,32.0,7.3,0.5,6.8,22.9,3.2
20160210192007,7.2,0.1,3.2,1.0,0.1,0.8,87.3,0.4
20160210192037,26.5,0.2,3.6,2.2,0.2,4.1,61.8,1.5
20160210192107,38.0,0.2,28.6,9.0,0.3,1.6,21.5,0.8
20160210192137,24.0,0.6,43.3,18.8,0.6,0.4,10.1,2.2
20160210192207,12.1,0.3,75.8,10.2,0.2,0.2,0.7,0.5
20160210192237,32.8,1.3,27.9,33.6,1.9,0.4,1.9,0.2
20160210192307,23.5,0.2,61.5,13.6,0.2,0.2,0.9,0.0
20160210192337,54.2,0.4,24.5,15.2,0.3,0.5,4.8,0.0
20160210192407,62.4,0.6,28.1,7.5,0.4,0.2,0.9,0.0
20160210192437,97.5,0.1,1.8,0.3,0.1,0.1,0.1,0.0
20160210192507,92.6,1.0,4.8,1.2,0.1,0.2,0.2,0.0
20160210192537,88.4,0.2,10.7,0.3,0.0,0.1,0.3,0.0
20160210192607,76.4,0.9,17.8,4.4,0.0,0.1,0.2,0.0
20160210192637,56.7,2.3,35.9,2.9,0.6,0.4,1.1,0.1
20160210192707,50.9,0.7,33.3,0.2,0.1,4.0,10.1,0.6
20160210192737,60.0,12.4,14.6,0.4,0.3,6.4,4.6,1.3
20160210192807,86.0,3.1,3.9,0.6,0.0,5.7,0.6,0.1
20160210192837,94.5,1.7,1.1,0.2,0.0,2.3,0.3,0.0
20160210192907,99.1,0.1,0.1,0.0,0.0,0.7,0.0,0.0
20160210192937,91.5,1.7,0.8,0.4,0.0,3.5,0.8,1.3
20160210193007,59.9,4.7,1.3,0.2,0.1,25.7,2.1,6.0
20160210193037,59.2,8.2,0.8,0.1,0.1,16.0,3.1,12.6
20160210193107,2.9,1.3,0.9,0.2,0.0,30.8,16.3,47.6
20160210193137,19.2,1.1,14.5,4.6,0.0,51.3,2.9,6.3
20160210193207,1.5,1.1,0.4,0.5,0.0,23.0,1.2,72.3
20160210193237,7.4,6.6,0.6,0.3,0.0,50.0,0.0,35.0
20160210193308,3.1,1.7,3.1,0.9,0.0,2.1,0.1,89.0
20160210193338,33.4,13.3,5.4,0.5,0.1,14.2,0.2,33.0
20160210193408,54.4,37.3,2.7,0.1,0.1,4.3,0.1,1.1
20160210193438,84.7,5.2,3.3,0.2,0.1,6.2,0.0,0.3
20160210193508,2.5,6.1,1.2,0.0,0.0,73.6,1.5,15.1
20160210193538,31.7,11.3,17.0,0.3,0.1,28.8,0.9,9.8
20160210193608,54.3,5.1,14.6,0.1,0.1,20.0,3.1,2.7
20160210193638,46.3,2.8,1.2,0.1,0.0,48.9,0.2,0.5
20160210193708,96.2,1.2,0.5,0.0,0.0,1.7,0.2,0.2
20160210193738,37.3,57.1,3.0,0.1,0.3,0.8,0.1,1.3
20160210193808,13.5,36.2,16.7,0.1,0.2,12.4,0.3,20.6
20160210193838,20.6,70.4,8.1,0.2,0.1,0.3,0.1,0.2
20160210193908,12.9,81.4,4.4,0.5,0.1,0.4,0.1,0.3
20160210193938,41.8,30.4,20.9,1.2,0.4,4.2,0.4,0.8
20160210194008,69.7,26.8,2.8,0.6,0.0,0.1,0.0,0.0
20160210194038,32.2,53.2,12.8,1.2,0.1,0.2,0.1,0.1
20160210194108,26.4,45.1,27.1,0.7,0.2,0.4,0.1,0.0
20160210194138,4.3,82.7,11.9,0.7,0.2,0.1,0.1,0.0
20160210194208,1.9,26.2,68.4,0.3,0.4,0.7,1.7,0.4
20160210194238,7.5,32.6,47.5,0.6,0.3,1.7,7.8,2.1
20160210194308,0.5,3.7,86.3,0.6,0.1,3.4,4.0,1.5
20160210194338,2.1,37.5,49.9,8.9,0.2,0.5,0.5,0.3
20160210194408,3.5,13.8,66.8,13.3,0.9,0.4,0.8,0.5
20160210194438,3.3,8.4,80.0,5.6,0.4,0.2,1.7,0.4
20160210194508,0.2,0.4,35.7,1.3,0.3,0.8,2.0,59.2
20160210194538,0.8,49.1,27.9,13.3,1.4,0.4,1.8,5.2
20160210194608,0.9,22.8,14.7,54.2,1.8,0.4,1.7,3.4
20160210194638,0.8,17.1,4.2,71.5,0.5,0.2,4.2,1.5
20160210194708,1.5,11.6,1.2,79.5,0.5,0.3,5.1,0.4
20160210194738,2.9,3.4,5.8,84.1,1.0,0.3,2.4,0.2
20160210194808,6.0,4.4,45.5,6.9,0.3,1.1,35.1,0.6
20160210194838,2.1,1.2,18.0,25.0,0.2,0.5,49.8,3.2
20160210194908,3.3,1.7,26.1,16.3,0.3,0.1,46.3,5.9
20160210194938,1.0,1.1,69.2,13.7,0.1,0.2,12.8,1.9
20160210195008,2.2,2.3,47.8,32.6,0.0,0.1,14.8,0.3
20160210195038,0.9,1.8,50.0,45.9,0.0,0.0,1.2,0.1
20160210195108,5.0,5.8,35.0,49.8,0.1,0.0,4.0,0.3
20160210195138,5.7,36.1,2.7,54.4,0.0,0.0,0.5,0.5
20160210195208,5.3,8.7,13.1,60.7,0.1,0.0,9.4,2.7
20160210195238,21.3,68.4,0.9,8.3,0.2,0.0,0.7,0.2
20160210195308,20.5,39.4,0.5,39.0,0.2,0.0,0.4,0.0
20160210195338,22.1,60.5,1.3,15.2,0.1,0.0,0.5,0.2
20160210195408,12.2,57.5,21.7,8.3,0.1,0.0,0.1,0.0
20160210195438,20.8,20.4,37.4,15.5,0.2,0.0,5.4,0.2
20160210195508,6.1,6.8,60.2,26.1,0.1,0.1,0.5,0.2
20160210195538,14.0,8.6,43.5,22.4,0.2,0.4,10.3,0.7
20160210195608,36.3,6.5,4.2,48.2,0.2,0.2,3.6,0.9
20160210195638,50.8,2.4,0.8,20.7,0.1,0.9,24.1,0.2
20160210195708,16.4,1.3,1.1,79.4,0.1,0.0,1.7,0.0
20160210195738,53.3,1.2,2.2,42.6,0.0,0.0,0.6,0.0
20160210195808,12.4,2.6,0.3,84.7,0.0,0.0,0.0,0.0
20160210195838,9.2,17.8,0.5,72.5,0.1,0.0,0.0,0.0
20160210195908,1.6,1.9,0.1,96.3,0.0,0.0,0.0,0.0
20160210195938,9.5,27.8,2.6,57.9,0.6,0.1,1.5,0.0
20160210200008,14.3,21.7,1.6,61.7,0.1,0.1,0.4,0.0
20160210200038,7.6,46.5,0.6,44.7,0.0,0.0,0.6,0.0
20160210200108,4.0,8.5,0.4,87.0,0.1,0.0,0.1,0.0
20160210200138,11.2,6.3,0.1,82.1,0.0,0.0,0.2,0.0
20160210200208,47.1,5.1,0.3,47.1,0.1,0.0,0.2,0.0
20160210200238,9.8,23.4,0.1,66.4,0.1,0.0,0.2,0.0
20160210200308,17.7,14.6,0.9,66.6,0.1,0.0,0.1,0.0
20160210200338,4.5,47.8,0.1,47.4,0.1,0.0,0.0,0.0
20160210200408,6.8,28.7,2.2,61.1,0.1,0.0,1.1,0.0
20160210200438,7.0,68.2,1.7,22.3,0.2,0.0,0.5,0.0
20160210200508,11.7,53.3,11.5,20.9,0.4,0.0,2.2,0.0
20160210200538,13.2,46.6,0.3,37.0,1.4,0.0,1.3,0.1
20160210200608,5.0,8.4,0.0,83.9,2.3,0.0,0.1,0.2
20160210200638,1.3,32.3,0.0,65.8,0.7,0.0,0.0,0.0
20160210200709,1.0,2.6,0.0,96.3,0.1,0.0,0.0,0.0
20160210200739,18.8,0.8,0.1,79.6,0.5,0.0,0.1,0.1
20160210200809,80.3,1.9,0.1,17.6,0.1,0.0,0.0,0.0
20160210200839,94.5,1.9,0.0,3.5,0.1,0.0,0.0,0.0
20160210200909,84.1,8.4,0.2,6.3,1.1,0.0,0.0,0.0
20160210200939,85.3,10.4,0.1,3.9,0.4,0.0,0.0,0.0
20160210201009,95.9,3.1,0.0,0.8,0.2,0.0,0.0,0.0
20160210201039,84.5,4.3,0.1,5.4,5.4,0.2,0.0,0.1
20160210201109,96.2,1.1,0.0,2.4,0.3,0.1,0.0,0.0
20160210201139,98.4,1.4,0.0,0.1,0.1,0.0,0.0,0.0
20160210201209,96.5,1.7,0.0,1.1,0.4,0.2,0.0,0.0
20160210201239,99.2,0.3,0.0,0.2,0.2,0.0,0.0,0.0
20160210201309,99.7,0.2,0.0,0.0,0.0,0.0,0.0,0.0
20160210201339,98.3,0.9,0.1,0.5,0.2,0.0,0.0,0.0
20160210201409,94.9,1.0,0.1,3.9,0.1,0.0,0.0,0.0
20160210201439,95.7,1.1,0.2,2.8,0.2,0.0,0.0,0.0
20160210201509,86.4,4.0,0.8,8.1,0.6,0.0,0.0,0.0
20160210201539,30.5,38.7,4.9,24.9,0.8,0.1,0.1,0.0
20160210201609,83.3,6.3,1.0,8.1,1.1,0.0,0.1,0.0
20160210201639,26.1,14.9,18.1,36.5,2.3,0.2,1.6,0.3
20160210201709,1.1,13.1,22.8,57.0,0.6,0.3,4.9,0.2
20160210201739,0.6,46.2,10.0,39.5,1.3,0.0,2.3,0.1
20160210201809,1.8,47.8,28.0,21.0,1.0,0.0,0.5,0.0
20160210201839,0.0,65.6,15.8,15.6,1.4,0.1,1.4,0.1
20160210201909,0.2,17.9,15.7,57.2,2.7,0.2,5.3,0.7
20160210201939,0.0,3.6,94.4,0.5,0.2,0.1,1.2,0.1
20160210202009,0.4,3.7,86.9,6.7,0.7,0.1,1.5,0.1
20160210202039,0.8,22.0,36.4,37.1,3.0,0.1,0.5,0.2
20160210202109,0.7,6.2,79.3,11.5,1.1,0.0,1.0,0.1
20160210202139,2.0,9.3,15.6,57.5,14.6,0.1,0.5,0.5
20160210202209,1.2,40.2,15.2,35.0,8.1,0.0,0.1,0.1
20160210202239,2.2,8.9,75.0,8.1,5.2,0.0,0.4,0.1
20160210202309,0.8,10.8,79.4,1.7,6.1,0.1,0.7,0.3
20160210202339,0.8,5.0,82.1,3.0,6.9,0.1,2.0,0.1
20160210202409,2.0,8.7,78.5,1.7,7.6,0.1,1.3,0.0
20160210202439,1.0,20.7,64.5,1.8,5.3,0.2,6.3,0.1
20160210202509,1.8,5.6,58.6,1.5,6.4,0.3,25.1,0.6
20160210202539,7.2,11.4,57.8,7.2,2.0,0.2,14.3,0.0
20160210202609,10.5,5.8,62.1,3.2,0.5,0.8,16.9,0.1
20160210202639,3.8,10.3,71.8,4.1,1.9,0.2,7.7,0.1
20160210202709,22.6,4.8,65.9,3.4,1.4,0.2,1.5,0.0
20160210202739,29.2,11.1,53.6,2.7,0.4,0.1,2.8,0.1
20160210202809,20.2,16.1,56.9,3.7,1.0,0.1,2.0,0.1
20160210202839,4.9,3.3,89.3,1.3,0.4,0.0,0.7,0.0
20160210202909,4.1,1.2,85.8,6.9,0.4,0.1,1.5,0.0
20160210202939,3.0,2.4,91.3,0.4,0.5,0.3,2.0,0.1
20160210203009,9.2,3.8,50.5,1.3,3.2,2.0,29.3,0.7
20160210203039,4.7,2.6,65.6,4.7,0.9,0.9,19.7,1.0
20160210203109,0.8,2.3,4.8,0.4,0.3,1.0,89.2,1.3
20160210203139,0.4,0.3,7.8,0.2,0.1,0.3,90.6,0.5
20160210203209,0.0,0.1,2.9,0.1,0.0,0.2,94.3,2.2
20160210203239,0.1,0.5,4.0,0.2,0.0,1.9,87.2,6.1
20160210203309,0.0,0.1,3.8,0.0,0.0,0.1,94.0,2.0
20160210203339,0.0,0.0,14.6,0.0,0.0,0.1,81.2,4.1
20160210203409,0.0,0.0,2.4,0.0,0.0,0.1,91.9,5.6
20160210203440,0.0,0.0,1.9,0.0,0.0,0.4,87.0,10.7
20160210203510,0.0,0.0,5.5,0.0,0.0,0.4,72.5,21.6
20160210203540,0.0,0.0,8.0,0.0,0.0,0.5,74.2,17.4
20160210203610,0.0,0.0,0.6,0.1,0.0,0.1,81.1,18.1
20160210203640,0.0,0.0,4.1,0.0,0.0,0.1,69.5,26.3
20160210203710,0.0,0.0,4.1,0.0,0.0,1.4,53.2,41.3
20160210203740,0.0,0.0,2.2,0.0,0.0,0.4,86.9,10.5
20160210203810,0.0,0.0,10.9,0.0,0.0,1.2,65.0,22.9
20160210203840,0.0,0.0,14.7,0.0,0.0,0.5,65.3,19.5
20160210203910,0.0,0.0,19.3,0.2,0.0,2.0,69.3,9.2
20160210203940,0.0,0.0,12.1,0.1,0.0,0.8,68.0,19.1
20160210204010,0.0,0.0,39.1,0.0,0.0,4.3,30.5,26.0
20160210204040,0.0,0.0,10.6,0.1,0.0,0.9,44.6,43.9
20160210204110,0.0,0.0,0.5,0.0,0.0,1.4,23.5,74.5
20160210204140,0.0,0.0,2.4,0.1,0.0,0.7,32.1,64.7
20160210204210,0.0,0.0,4.1,0.2,0.0,0.9,81.9,12.8
20160210204240,0.0,0.0,21.8,1.0,0.1,1.1,47.0,29.1
20160210204310,0.0,0.1,5.7,0.3,0.0,1.9,28.7,63.3
20160210204340,0.0,0.1,19.5,0.2,0.0,5.1,63.5,11.5
20160210204410,0.0,0.1,59.9,0.5,0.1,6.7,22.8,9.9
20160210204440,0.1,0.2,89.8,0.5,0.1,2.9,4.2,2.1
20160210204510,0.1,0.2,80.7,3.1,0.2,1.3,11.7,2.6
20160210204540,0.2,0.2,85.9,2.7,0.1,4.0,6.0,0.9
20160210204610,0.0,0.4,35.9,2.7,0.1,5.9,14.9,40.1
20160210204640,0.0,0.0,55.5,0.6,0.0,6.7,19.0,18.3
20160210204710,0.0,0.0,7.5,0.3,0.0,2.0,18.4,71.7
20160210204740,0.0,0.1,27.0,4.2,0.1,4.1,33.2,31.3
20160210204810,0.0,0.1,9.0,2.0,0.0,0.9,25.3,62.8
20160210204840,0.0,0.3,64.0,2.6,0.0,1.2,13.5,18.3
20160210204910,0.0,0.1,33.4,0.2,0.0,0.9,47.1,18.3
20160210204940,0.0,0.0,6.3,1.0,0.0,0.9,50.0,41.8
20160210205010,0.0,0.0,6.5,19.9,0.0,0.0,46.3,27.3
20160210205040,0.0,0.2,39.0,18.4,0.0,0.5,13.7,28.2
20160210205110,0.0,0.1,31.7,8.1,0.0,2.2,32.5,25.4
20160210205140,0.0,0.1,71.9,3.9,0.0,0.4,23.4,0.2
20160210205210,0.8,0.1,19.8,24.2,0.0,1.5,53.2,0.4
20160210205240,0.1,0.1,7.0,77.1,0.0,0.9,12.4,2.4
20160210205310,0.9,0.7,14.4,61.4,0.5,0.6,17.2,4.3
20160210205340,4.9,1.1,27.9,64.8,0.0,0.2,0.9,0.2
20160210205410,0.1,1.0,0.9,97.7,0.0,0.0,0.1,0.1
20160210205440,0.1,2.7,81.0,12.3,0.1,1.1,1.1,1.7
20160210205510,11.9,22.1,27.8,37.2,0.3,0.4,0.1,0.1
20160210205540,4.5,9.9,68.7,14.7,1.1,0.3,0.2,0.4
20160210205610,4.6,2.4,1.4,91.3,0.3,0.0,0.0,0.0
20160210205640,2.0,9.4,10.8,73.3,1.0,0.1,0.7,2.6
20160210205710,2.7,3.1,55.3,37.9,0.2,0.2,0.5,0.1
20160210205740,2.2,3.9,18.8,75.0,0.1,0.0,0.1,0.0
20160210205810,1.4,3.1,80.5,14.2,0.3,0.2,0.2,0.1
20160210205840,1.5,0.9,76.0,19.3,1.4,0.0,0.8,0.1
20160210205910,0.5,0.4,28.7,69.0,0.9,0.0,0.4,0.0
20160210205940,0.3,0.9,51.6,44.5,0.5,0.2,1.8,0.2
20160210210010,0.2,0.8,91.0,6.9,0.4,0.1,0.6,0.0
20160210210040,0.0,0.0,97.3,0.2,0.1,0.0,1.7,0.6
20160210210110,0.0,0.2,89.9,0.3,0.1,0.1,7.9,1.5
20160210210140,0.0,0.3,87.4,2.0,0.2,0.1,7.5,2.5
20160210210210,0.0,0.4,72.1,4.8,0.3,0.4,19.9,2.3
20160210210240,0.0,0.4,80.6,4.0,0.1,0.1,11.4,3.3
20160210210310,0.0,0.3,58.3,1.3,0.1,0.1,38.4,1.5
20160210210340,0.1,1.8,57.9,27.8,0.4,0.4,10.9,0.7
20160210210410,0.0,0.5,89.9,0.8,0.1,0.3,7.0,1.4
20160210210440,0.0,0.1,93.5,0.5,0.1,0.4,4.6,0.8
20160210210510,0.1,0.8,78.8,0.4,0.4,2.2,16.2,1.0
20160210210540,0.0,0.2,92.7,1.4,0.3,0.3,4.9,0.1
20160210210610,0.0,0.1,95.3,0.7,0.2,0.4,3.1,0.2
20160210210640,0.0,0.7,89.6,0.2,0.4,0.3,8.0,0.8
20160210210710,0.0,0.1,96.6,0.4,0.1,0.1,2.6,0.1
20160210210740,0.1,0.2,95.6,0.1,0.6,0.2,2.8,0.4
20160210210810,0.9,0.3,96.4,0.2,0.8,0.3,1.0,0.1
20160210210841,3.3,3.2,91.9,0.3,0.9,0.1,0.3,0.0
20160210210911,0.4,2.5,94.5,0.7,0.6,0.3,1.0,0.1
20160210210941,0.1,0.2,98.8,0.0,0.1,0.1,0.6,0.1
20160210211011,0.3,0.4,99.1,0.1,0.0,0.0,0.1,0.0
20160210211041,0.0,1.1,97.0,0.0,0.3,0.3,1.0,0.2
20160210211111,0.0,0.1,99.3,0.1,0.1,0.1,0.3,0.0
20160210211141,0.0,0.0,99.4,0.0,0.1,0.0,0.5,0.0
20160210211211,0.0,0.0,97.4,0.0,0.0,0.3,2.1,0.0
20160210211241,0.0,0.0,98.0,0.0,0.1,0.5,1.3,0.0
20160210211311,0.0,1.8,80.8,0.2,0.9,1.4,14.6,0.4
20160210211341,0.0,0.5,92.3,0.0,2.6,1.6,2.8,0.0
20160210211411,0.0,0.7,97.5,0.1,1.0,0.3,0.3,0.0
20160210211441,0.0,1.6,92.7,5.1,0.6,0.0,0.0,0.0
20160210211511,0.1,5.5,0.3,92.1,1.9,0.0,0.0,0.0
20160210211541,0.9,49.2,2.6,39.7,7.5,0.0,0.0,0.0
20160210211611,0.0,2.7,14.0,82.0,1.2,0.0,0.0,0.0
20160210211641,0.0,15.1,16.7,67.0,1.2,0.0,0.0,0.0
20160210211711,0.1,46.0,0.8,52.7,0.3,0.0,0.0,0.0
20160210211741,0.3,10.3,11.6,73.8,3.9,0.0,0.0,0.0
20160210211811,0.1,0.7,95.3,2.3,0.3,0.0,1.1,0.0
20160210211841,0.0,0.0,95.1,0.2,0.1,0.0,4.6,0.0
20160210211911,0.0,0.3,80.9,0.1,0.1,2.1,14.1,2.4
20160210211941,0.0,0.4,75.4,0.1,0.3,1.6,21.4,0.8
20160210212011,0.0,1.0,85.4,0.3,0.2,1.6,11.0,0.4
20160210212041,0.1,1.7,67.7,25.9,2.8,0.1,1.6,0.0
20160210212111,0.5,7.6,16.3,70.9,4.5,0.0,0.0,0.0
20160210212141,0.1,1.9,85.0,11.8,0.5,0.0,0.7,0.0
20160210212211,0.0,0.4,82.0,0.1,0.1,0.2,17.0,0.1
20160210212241,0.1,0.0,86.4,0.1,0.4,1.5,10.2,1.3
20160210212311,0.0,0.1,89.8,0.5,0.2,0.1,8.9,0.3
20160210212341,0.0,0.0,35.7,0.1,1.1,1.3,60.2,1.5
20160210212411,0.0,0.0,9.6,0.1,0.3,4.8,83.6,1.6
20160210212441,0.0,0.0,6.3,0.0,0.0,12.9,75.7,5.0
20160210212511,0.0,0.0,2.8,0.0,0.0,14.3,59.5,23.4
20160210212541,0.0,0.0,4.1,0.0,0.0,20.1,62.0,13.8
20160210212611,0.0,0.0,39.4,0.1,0.1,10.9,41.8,7.7
20160210212641,0.0,0.0,4.8,0.0,0.0,15.2,73.2,6.7
20160210212711,0.0,0.0,1.6,0.0,0.0,6.3,73.4,18.7
20160210212741,0.0,0.0,0.4,0.0,0.0,1.9,19.5,78.2
20160210212811,0.0,0.0,0.3,0.0,0.0,4.8,0.5,94.3
20160210212841,0.0,0.0,0.1,0.0,0.0,2.0,8.5,89.3
20160210212911,0.0,0.0,0.0,0.0,0.0,0.0,3.6,96.3
20160210212941,0.0,0.0,0.2,0.0,0.0,1.0,17.2,81.5
20160210213011,0.0,0.0,1.1,0.0,0.0,4.3,1.8,92.8
20160210213041,0.0,0.0,6.4,0.0,0.0,2.2,1.3,90.0
20160210213111,0.0,0.0,0.2,0.0,0.0,0.1,0.5,99.2
20160210213141,0.0,0.1,3.2,0.1,0.0,0.6,3.2,92.8
20160210213211,0.0,0.0,0.1,0.0,0.0,0.9,4.0,95.0
20160210213241,0.0,0.0,0.7,0.0,0.0,1.8,9.3,88.2
20160210213311,0.0,0.0,0.1,0.0,0.0,0.7,3.0,96.2
20160210213341,0.0,0.0,0.2,0.0,0.0,0.3,0.2,99.3
20160210213411,0.0,0.0,1.8,0.1,0.0,0.8,3.5,93.8
20160210213441,0.0,0.1,1.0,0.1,0.0,0.8,2.2,95.9
20160210213511,0.0,0.0,0.7,0.0,0.0,5.6,18.1,75.6
20160210213541,0.0,0.1,3.9,0.0,0.0,6.4,9.7,79.8
20160210213611,0.1,5.4,10.2,0.3,2.2,7.6,14.8,59.4
20160210213641,0.0,2.1,4.2,0.0,4.4,3.8,2.3,83.2
20160210213711,0.2,3.9,14.2,0.0,8.9,40.3,7.5,25.0
20160210213741,0.0,0.5,4.9,0.0,1.1,25.4,19.0,49.1
20160210213811,0.0,0.3,8.1,0.0,0.3,13.0,7.5,70.8
20160210213841,0.0,0.0,0.2,0.0,0.1,5.7,17.2,76.8
20160210213911,0.0,0.0,4.4,0.0,0.0,1.6,20.4,73.6
20160210213941,0.0,0.0,0.5,0.0,0.0,0.9,13.1,85.5
20160210214011,0.0,0.0,18.7,0.0,0.2,4.7,16.4,59.9
20160210214041,0.0,0.0,20.8,0.1,0.5,4.4,32.6,41.6
20160210214111,0.0,0.1,4.7,0.2,0.2,2.5,12.0,80.5
20160210214141,0.0,0.0,1.5,0.0,0.0,4.6,3.7,90.1
20160210214211,0.0,1.3,32.3,1.0,0.6,6.9,7.5,50.4
20160210214242,0.0,1.6,18.4,0.1,0.4,9.2,4.3,66.0
20160210214312,0.0,2.1,24.7,0.3,2.0,4.2,3.7,63.0
20160210214342,0.0,1.5,8.3,0.0,0.4,1.8,0.9,87.1
20160210214412,0.0,0.6,10.8,0.1,0.3,28.4,7.1,52.7
20160210214442,0.0,0.5,20.4,0.1,0.1,6.5,16.2,56.2
20160210214512,0.0,0.7,5.6,0.0,0.1,13.7,47.2,32.7
20160210214542,0.0,9.8,51.4,8.0,5.9,0.3,12.9,11.7
20160210214612,0.0,0.5,15.4,10.3,0.5,1.3,2.2,70.0
20160210214642,0.0,0.6,39.7,2.8,0.3,2.5,11.9,42.1
20160210214712,0.0,4.4,40.5,1.7,1.1,5.4,10.6,36.4
20160210214742,0.0,6.1,59.5,0.7,0.6,3.4,4.7,25.0
20160210214812,0.0,0.2,34.4,0.3,0.3,0.1,4.4,60.2
20160210214842,0.0,0.1,51.5,0.1,0.6,1.6,4.7,41.4
20160210214912,0.0,0.3,15.1,0.3,0.4,1.9,11.1,70.9
20160210214942,0.0,0.0,7.8,0.1,0.0,1.0,3.5,87.6
20160210215012,0.0,0.0,0.4,0.0,0.0,0.1,1.4,98.0
20160210215042,0.0,0.0,1.5,0.0,0.0,1.6,26.7,70.2
20160210215112,0.0,0.0,0.2,0.0,0.0,0.1,0.1,99.6
20160210215142,0.0,0.0,1.3,0.1,0.0,0.2,0.7,97.7
20160210215212,0.0,0.0,1.4,0.0,0.0,0.2,0.4,97.9
20160210215242,0.0,0.0,0.1,0.0,0.0,0.0,0.5,99.4
20160210215312,0.0,0.0,0.1,0.0,0.0,0.0,0.2,99.7
20160210215342,0.0,0.0,11.7,0.9,0.1,1.2,18.1,68.0
20160210215412,0.0,0.1,24.1,1.0,0.0,3.2,16.8,54.7
20160210215442,0.0,0.1,42.0,1.3,0.2,0.2,26.7,29.5
20160210215512,0.0,0.4,41.5,15.1,0.2,0.1,6.2,36.6
20160210215542,0.0,0.1,88.2,1.0,0.0,0.4,9.5,0.9
20160210215612,0.5,0.4,43.1,21.6,1.5,0.5,29.5,3.1
20160210215642,0.0,0.6,57.8,15.5,0.2,0.3,22.8,2.8
20160210215712,0.0,0.1,81.8,0.7,0.1,0.1,16.8,0.4
20160210215742,0.0,0.1,87.9,1.0,0.2,0.5,9.5,0.9
20160210215812,0.0,0.0,96.0,0.2,0.0,0.0,3.6,0.1
20160210215842,0.0,0.0,99.5,0.1,0.0,0.0,0.2,0.0
20160210215912,0.0,0.0,99.0,0.1,0.0,0.0,0.7,0.1
20160210215942,0.1,0.0,89.3,0.0,0.0,0.1,10.3,0.2
20160210220012,0.0,0.0,97.8,0.2,0.0,0.2,1.3,0.4
20160210220042,0.0,0.0,83.7,0.2,0.0,0.4,14.5,1.2
20160210220112,0.0,0.0,83.3,1.2,0.1,0.1,12.0,3.1
20160210220142,0.0,0.0,44.2,1.9,0.3,0.1,20.4,33.1
20160210220212,0.0,0.0,89.3,0.7,0.1,0.1,6.4,3.4
20160210220242,0.0,0.0,95.7,3.0,0.0,0.0,0.4,0.9
20160210220312,0.0,0.0,97.6,2.2,0.0,0.0,0.1,0.0
20160210220342,0.0,0.0,99.0,1.0,0.0,0.0,0.0,0.0
20160210220412,0.0,0.1,84.5,15.1,0.3,0.0,0.1,0.0
20160210220442,0.0,0.0,92.3,7.6,0.1,0.0,0.0,0.0
20160210220512,0.0,0.0,89.9,9.7,0.3,0.0,0.0,0.0
20160210220542,0.0,0.0,98.2,1.6,0.0,0.0,0.2,0.0
20160210220612,0.0,0.0,97.7,2.0,0.0,0.0,0.2,0.0
20160210220642,0.0,0.0,90.6,5.0,0.0,0.0,4.3,0.0
20160210220712,0.0,0.0,82.4,17.5,0.0,0.0,0.0,0.0
20160210220742,0.0,0.4,90.1,9.3,0.1,0.0,0.0,0.0
20160210220812,0.0,1.0,92.5,6.2,0.3,0.0,0.0,0.0
20160210220842,0.2,0.2,80.9,17.2,1.4,0.0,0.0,0.0
20160210220912,0.9,1.6,90.7,6.6,0.1,0.0,0.0,0.0
20160210220942,0.1,0.2,98.9,0.6,0.1,0.0,0.0,0.0
20160210221012,0.2,4.7,86.0,8.5,0.6,0.0,0.0,0.0
20160210221042,0.2,1.6,94.9,2.9,0.4,0.0,0.0,0.0
