UT,arc,discrete,diffuse,ac,ab,clear,cloudy,dd
20160116135800,0.0,0.0,0.0,0.0,0.0,0.0,0.0,100.0
20160116135830,0.0,0.0,0.0,0.0,0.0,0.0,0.0,100.0
20160116135900,0.0,0.0,0.0,0.0,0.0,0.0,0.0,100.0
20160116135930,0.0,0.0,0.0,0.0,0.0,0.0,0.0,100.0
20160116140000,0.0,0.0,0.0,0.0,0.0,0.0,0.0,100.0
20160116140031,0.0,0.0,0.0,0.0,0.0,0.0,0.0,100.0
20160116140101,0.0,0.0,0.0,0.0,0.0,0.0,0.0,100.0
20160116140131,0.0,0.0,0.0,0.0,0.0,0.0,0.0,100.0
20160116140201,0.0,0.0,0.0,0.0,0.0,0.0,0.0,100.0
20160116140231,0.0,0.0,0.0,0.0,0.0,0.0,0.0,100.0
20160116140301,0.0,0.0,0.0,0.0,0.0,0.0,0.0,100.0
20160116140331,0.0,0.0,0.0,0.0,0.0,0.0,0.0,100.0
20160116140401,0.0,0.0,0.0,0.0,0.0,0.0,0.0,100.0
20160116140431,0.0,0.0,0.0,0.0,0.0,0.0,0.0,100.0
20160116140501,0.0,0.0,0.0,0.0,0.0,0.0,0.0,100.0
20160116140531,0.0,0.0,0.0,0.0,0.0,0.0,0.0,100.0
20160116140601,0.0,0.0,0.0,0.0,0.0,0.0,0.0,100.0
20160116140631,0.0,0.0,0.0,0.0,0.0,0.0,0.0,100.0
20160116140701,0.0,0.0,0.0,0.0,0.0,0.0,0.0,100.0
20160116140731,0.0,0.0,0.0,0.0,0.0,0.0,0.0,100.0
20160116140801,0.0,0.0,0.0,0.0,0.0,0.0,0.0,100.0
20160116140831,0.0,0.0,0.0,0.0,0.0,0.0,0.0,100.0
20160116140901,0.0,0.0,0.0,0.0,0.0,0.0,0.0,100.0
20160116140931,0.0,0.0,0.0,0.0,0.0,0.0,0.0,100.0
20160116141001,0.0,0.0,0.0,0.0,0.0,0.0,0.0,100.0
20160116141031,0.0,0.0,0.0,0.0,0.0,0.0,0.0,100.0
20160116141101,0.0,0.0,0.0,0.0,0.0,0.0,0.0,100.0
20160116141131,0.0,0.0,0.0,0.0,0.0,0.0,0.0,100.0
20160116141201,0.0,0.0,0.0,0.0,0.0,0.0,0.0,100.0
20160116141231,0.0,0.0,0.0,0.0,0.0,0.0,0.0,100.0
20160116141301,0.0,0.0,0.0,0.0,0.0,0.0,0.0,100.0
20160116141331,0.0,0.0,0.0,0.0,0.0,0.0,0.0,100.0
20160116141401,0.0,0.0,0.0,0.0,0.0,0.0,0.0,100.0
20160116141431,0.0,0.0,0.0,0.0,0.0,0.0,0.0,100.0
20160116141501,0.0,0.0,0.0,0.0,0.0,0.0,0.0,100.0
20160116141531,0.0,0.0,0.0,0.0,0.0,0.0,0.0,100.0
20160116141601,0.0,0.0,0.0,0.0,0.0,0.0,0.0,100.0
20160116141631,0.0,0.0,0.0,0.0,0.0,0.0,0.0,100.0
20160116141701,0.0,0.0,0.0,0.0,0.0,0.0,0.0,100.0
20160116141731,0.0,0.0,0.0,0.0,0.0,0.0,0.0,100.0
20160116141801,0.0,0.0,0.0,0.0,0.0,0.0,0.0,100.0
20160116141831,0.0,0.0,0.0,0.0,0.0,0.0,0.0,100.0
20160116141901,0.0,0.0,0.0,0.0,0.0,0.0,0.0,100.0
20160116141931,0.0,0.0,0.0,0.0,0.0,0.0,0.0,100.0
20160116142001,0.0,0.0,0.0,0.0,0.0,0.0,0.0,100.0
20160116142031,0.0,0.0,0.0,0.0,0.0,0.0,0.0,100.0
20160116142101,0.0,0.0,0.0,0.0,0.0,0.0,0.0,100.0
20160116142131,0.0,0.0,0.0,0.0,0.0,0.0,0.0,100.0
20160116142201,0.0,0.0,0.0,0.0,0.0,0.0,0.0,100.0
20160116142231,0.0,0.0,0.0,0.0,0.0,0.0,0.0,100.0
20160116142301,0.0,0.0,0.0,0.0,0.0,0.0,0.0,100.0
20160116142331,0.0,0.0,0.0,0.0,0.0,0.0,0.0,100.0
20160116142401,0.0,0.0,0.0,0.0,0.0,0.0,0.0,100.0
20160116142431,0.0,0.0,0.0,0.0,0.0,0.0,0.0,100.0
20160116142501,0.0,0.0,0.0,0.0,0.0,0.0,0.0,100.0
20160116142531,0.0,0.0,0.0,0.0,0.0,0.0,0.0,100.0
20160116142601,0.0,0.0,0.0,0.0,0.0,0.0,0.0,100.0
20160116142631,0.0,0.0,0.0,0.0,0.0,0.0,0.0,100.0
20160116142701,0.0,0.0,0.0,0.0,0.0,0.0,0.0,100.0
20160116142731,0.0,0.0,0.0,0.0,0.0,0.0,0.0,100.0
20160116142802,0.0,0.0,0.0,0.0,0.0,0.0,0.0,100.0
20160116142832,0.0,0.0,0.0,0.0,0.0,0.0,0.0,100.0
20160116142902,0.0,0.0,0.0,0.0,0.0,0.0,0.0,100.0
20160116142932,0.0,0.0,0.0,0.0,0.0,0.0,0.0,100.0
20160116143002,0.0,0.0,0.0,0.0,0.0,0.0,0.0,100.0
20160116143032,0.0,0.0,0.0,0.0,0.0,0.0,0.0,100.0
20160116143102,0.0,0.0,0.0,0.0,0.0,0.0,0.0,100.0
20160116143132,0.0,0.0,0.0,0.0,0.0,0.0,0.0,100.0
20160116143202,0.0,0.0,0.0,0.0,0.0,0.0,0.0,100.0
20160116143232,0.0,0.0,0.0,0.0,0.0,0.0,0.0,100.0
20160116143302,0.0,0.0,0.0,0.0,0.0,0.0,0.0,100.0
20160116143332,0.0,0.0,0.0,0.0,0.0,0.0,0.0,100.0
20160116143402,0.0,0.0,0.0,0.0,0.0,0.0,0.0,100.0
20160116143432,0.0,0.0,0.0,0.0,0.0,0.0,0.0,100.0
20160116143502,0.0,0.0,0.0,0.0,0.0,0.0,0.0,100.0
20160116143532,0.0,0.0,0.0,0.0,0.0,0.0,0.0,100.0
20160116143602,0.0,0.0,0.0,0.0,0.0,0.0,0.0,100.0
20160116143632,0.0,0.0,0.0,0.0,0.0,0.0,0.0,100.0
20160116143702,0.0,0.0,0.0,0.0,0.0,0.0,0.0,100.0
20160116143732,0.0,0.0,0.0,0.0,0.0,0.0,0.0,100.0
20160116143802,0.0,0.0,0.0,0.0,0.0,0.0,0.0,100.0
20160116143832,0.0,0.0,0.0,0.0,0.0,0.0,0.0,100.0
20160116143902,0.0,0.0,0.0,0.0,0.0,0.0,0.0,100.0
20160116143932,0.0,0.0,0.0,0.0,0.0,0.0,0.0,100.0
20160116144002,0.0,0.0,0.0,0.0,0.0,0.0,0.0,100.0
20160116144032,0.0,0.0,0.0,0.0,0.0,0.0,0.0,100.0
20160116144102,0.0,0.0,0.0,0.0,0.0,0.0,0.0,100.0
20160116144132,0.0,0.0,0.0,0.0,0.0,0.0,0.0,100.0
20160116144202,0.0,0.0,0.0,0.0,0.0,0.0,0.0,100.0
20160116144232,0.0,0.0,0.0,0.0,0.0,0.0,0.0,100.0
20160116144302,0.0,0.0,0.0,0.0,0.0,0.0,0.0,100.0
20160116144332,0.0,0.0,0.0,0.0,0.0,0.0,0.0,100.0
20160116144402,0.0,0.0,0.0,0.0,0.0,0.0,0.0,100.0
20160116144432,0.0,0.0,0.0,0.0,0.0,0.0,0.0,100.0
20160116144502,0.0,0.0,0.0,0.0,0.0,0.0,0.0,100.0
20160116144532,0.0,0.0,0.0,0.0,0.0,0.0,0.0,100.0
20160116144602,0.0,0.0,0.0,0.0,0.0,0.0,0.0,100.0
20160116144632,0.0,0.0,0.0,0.0,0.0,0.0,0.0,100.0
20160116144702,0.0,0.0,0.0,0.0,0.0,0.0,0.0,100.0
20160116144732,0.0,0.0,0.0,0.0,0.0,0.0,0.0,100.0
20160116144802,0.0,0.0,0.0,0.0,0.0,0.0,0.0,100.0
20160116144832,0.0,0.0,0.0,0.0,0.0,0.0,0.0,100.0
20160116144902,0.0,0.0,0.0,0.0,0.0,0.0,0.0,100.0
20160116144932,0.0,0.0,0.0,0.0,0.0,0.0,0.0,100.0
20160116145002,0.0,0.0,0.0,0.0,0.0,0.0,0.0,100.0
20160116145032,0.0,0.0,0.0,0.0,0.0,0.0,0.0,100.0
20160116145102,0.0,0.0,0.0,0.0,0.0,0.0,0.0,100.0
20160116145132,0.0,0.0,0.0,0.0,0.0,0.0,0.0,100.0
20160116145202,0.0,0.0,0.0,0.0,0.0,0.0,0.0,100.0
20160116145232,0.0,0.0,0.0,0.0,0.0,0.0,0.0,100.0
20160116145302,0.0,0.0,0.0,0.0,0.0,0.0,0.0,100.0
20160116145332,0.0,0.0,0.0,0.0,0.0,0.0,0.0,100.0
20160116145402,0.0,0.0,0.0,0.0,0.0,0.0,0.0,100.0
20160116145432,0.0,0.0,0.0,0.0,0.0,0.0,0.0,100.0
20160116145502,0.0,0.0,0.0,0.0,0.0,0.0,0.0,100.0
20160116145532,0.0,0.0,0.0,0.0,0.0,0.0,0.0,100.0
20160116145602,0.0,0.0,0.0,0.0,0.0,0.0,0.0,100.0
20160116145632,0.0,0.0,0.0,0.0,0.0,0.0,0.0,100.0
20160116145702,0.0,0.0,0.0,0.0,0.0,0.0,0.0,100.0
20160116145732,0.0,0.0,0.0,0.0,0.0,0.0,0.0,100.0
20160116145932,0.0,0.0,0.0,0.0,0.0,0.0,0.0,100.0
20160116150002,0.0,0.0,0.0,0.0,0.0,0.0,0.0,100.0
20160116150032,0.0,0.0,0.0,0.0,0.0,0.0,0.0,100.0
20160116150102,0.0,0.0,0.0,0.0,0.0,0.0,0.0,100.0
20160116150132,0.0,0.0,0.0,0.0,0.0,0.0,0.0,100.0
20160116150203,0.0,0.0,0.0,0.0,0.0,0.0,0.0,100.0
20160116150233,0.0,0.0,0.0,0.0,0.0,0.0,0.0,100.0
20160116150303,0.0,0.0,0.0,0.0,0.0,0.0,0.0,100.0
20160116150333,0.0,0.0,0.0,0.0,0.0,0.0,0.0,100.0
20160116150403,0.0,0.0,0.0,0.0,0.0,0.0,0.0,100.0
20160116150433,0.0,0.0,0.0,0.0,0.0,0.0,0.0,100.0
20160116150503,0.0,0.0,0.0,0.0,0.0,0.0,0.0,100.0
20160116150533,0.0,0.0,0.0,0.0,0.0,0.0,0.0,100.0
20160116150603,0.0,0.0,0.0,0.0,0.0,0.0,0.0,100.0
20160116150633,0.0,0.0,0.0,0.0,0.0,0.0,0.2,99.8
20160116150703,0.0,0.0,0.0,0.0,0.0,0.0,0.0,100.0
20160116150733,0.0,0.0,0.0,0.0,0.0,0.0,0.0,100.0
20160116150803,0.0,0.0,0.0,0.0,0.0,0.0,0.0,100.0
20160116150833,0.0,0.0,0.0,0.0,0.0,0.0,0.1,99.9
20160116150903,0.0,0.0,0.0,0.0,0.0,0.0,0.0,100.0
20160116150933,0.0,0.0,0.0,0.0,0.0,0.0,0.0,100.0
20160116151003,0.0,0.0,0.0,0.0,0.0,0.0,0.0,100.0
20160116151033,0.0,0.0,0.0,0.0,0.0,0.0,0.9,99.1
20160116151103,0.0,0.0,0.0,0.0,0.0,0.0,0.1,99.9
20160116151133,0.0,0.0,0.0,0.0,0.0,0.0,2.5,97.5
20160116151203,0.0,0.0,0.0,0.0,0.0,0.0,1.0,99.0
20160116151233,0.0,0.0,0.0,0.0,0.0,0.0,4.6,95.4
20160116151303,0.0,0.0,0.0,0.0,0.0,0.0,1.7,98.3
20160116151333,0.0,0.0,0.0,0.0,0.0,0.0,0.6,99.4
20160116151403,0.0,0.0,0.0,0.0,0.0,0.0,1.9,98.1
20160116151433,0.0,0.0,0.0,0.0,0.0,0.0,2.8,97.2
20160116151503,0.0,0.0,0.0,0.0,0.1,0.0,8.7,91.2
20160116151533,0.0,0.0,0.0,0.0,0.0,0.0,1.3,98.7
20160116151603,0.0,0.0,0.0,0.0,0.0,0.0,0.2,99.8
20160116151633,0.0,0.0,0.0,0.0,0.0,0.0,2.0,98.0
20160116151703,0.0,0.0,0.0,0.0,0.0,0.0,0.6,99.4
20160116151733,0.0,0.0,0.0,0.0,0.0,0.0,1.1,98.9
20160116151803,0.0,0.0,0.0,0.1,0.0,0.0,5.0,94.9
20160116151833,0.0,0.0,0.0,0.0,0.0,0.0,3.4,96.6
20160116151903,0.0,0.0,0.0,0.0,0.0,0.0,3.9,96.1
20160116151933,0.0,0.0,0.0,0.0,0.0,0.0,78.1,21.9
20160116152003,0.0,0.0,0.0,0.0,0.0,0.0,16.4,83.6
20160116152033,0.0,0.0,0.0,0.0,0.0,0.0,33.4,66.6
20160116152103,0.0,0.0,0.0,0.0,0.0,0.0,43.0,56.9
20160116152133,0.0,0.0,0.0,0.0,0.0,0.0,28.8,71.2
20160116152203,0.0,0.0,0.0,0.0,0.1,0.0,76.7,23.1
20160116152233,0.0,0.0,0.0,0.0,0.0,0.0,94.0,6.0
20160116152303,0.0,0.0,0.0,0.0,0.0,0.0,75.7,24.2
20160116152333,0.0,0.0,0.0,0.0,0.0,0.0,9.5,90.4
20160116152403,0.0,0.0,0.0,0.0,0.0,0.0,6.1,93.9
20160116152433,0.0,0.0,0.0,0.0,0.0,0.0,0.7,99.3
20160116152503,0.0,0.0,0.0,0.0,0.0,0.0,0.7,99.2
20160116152533,0.0,0.0,0.0,0.0,0.2,0.0,0.4,99.4
20160116152603,0.0,0.0,0.0,0.0,0.0,0.0,0.0,100.0
20160116152633,0.0,0.0,0.0,0.0,0.0,0.0,0.0,100.0
20160116152703,0.0,0.0,0.0,0.0,0.0,0.0,0.0,100.0
20160116152733,0.0,0.0,0.0,0.0,0.0,0.0,0.0,100.0
20160116152803,0.0,0.0,0.0,0.0,0.0,0.0,0.0,99.9
20160116152833,0.0,0.0,0.0,0.0,0.0,0.0,0.1,99.9
20160116152903,0.0,0.0,0.0,0.0,0.0,0.0,0.0,100.0
20160116152933,0.0,0.0,0.0,0.0,0.0,0.0,0.0,100.0
20160116153003,0.0,0.0,0.0,0.0,0.0,0.0,0.0,100.0
20160116153033,0.0,0.0,0.0,0.0,0.0,0.0,0.0,100.0
20160116153103,0.0,0.0,0.0,0.0,0.0,0.0,0.0,100.0
20160116153133,0.0,0.0,0.0,0.0,0.0,0.4,0.1,99.4
20160116153203,0.0,0.0,0.0,0.0,0.0,0.1,0.2,99.7
20160116153233,0.0,0.0,0.0,0.0,0.1,0.4,0.8,98.7
20160116153303,0.0,0.0,0.0,0.0,0.0,0.0,0.2,99.8
20160116153333,0.0,0.0,0.0,0.0,0.0,0.0,0.2,99.8
20160116153403,0.0,0.0,0.0,0.0,0.0,0.1,0.1,99.8
20160116153433,0.0,0.0,0.0,0.0,0.2,3.5,2.9,93.5
20160116153503,0.0,0.0,0.0,0.0,0.0,0.2,2.0,97.8
20160116153533,0.0,0.0,0.0,0.0,0.0,0.1,0.2,99.7
20160116153604,0.0,0.0,0.0,0.0,0.1,0.8,2.8,96.3
20160116153634,0.0,0.0,0.0,0.0,0.3,0.7,1.1,98.0
20160116153704,0.0,0.0,0.0,0.0,0.1,0.1,1.5,98.3
20160116153734,0.0,0.0,0.0,0.0,0.0,0.0,0.0,100.0
20160116153804,0.0,0.0,0.0,0.0,0.0,0.0,0.5,99.5
20160116153834,0.0,0.0,0.0,0.0,0.0,0.1,0.3,99.6
20160116153904,0.0,0.0,0.0,0.0,0.0,0.0,1.7,98.2
20160116153934,0.0,0.0,0.0,0.0,0.1,0.1,1.5,98.2
20160116154004,0.0,0.0,0.0,0.0,0.0,0.0,1.8,98.1
20160116154034,0.0,0.0,0.0,0.0,0.0,0.1,2.5,97.4
20160116154104,0.0,0.0,0.0,0.0,0.0,0.0,0.3,99.7
20160116154134,0.0,0.0,0.0,0.0,0.1,0.2,1.1,98.6
20160116154204,0.0,0.0,0.0,0.0,0.3,0.9,3.4,95.4
20160116154234,0.0,0.0,0.0,0.0,0.0,0.0,1.3,98.7
20160116154304,0.0,0.0,0.0,0.0,0.0,0.0,67.6,32.4
20160116154334,0.0,0.0,0.0,0.0,0.0,0.0,83.2,16.8
20160116154404,0.0,0.0,0.0,0.0,0.0,0.0,98.8,1.2
20160116154434,0.0,0.0,0.0,0.0,0.0,0.0,97.0,3.0
20160116154504,0.0,0.0,0.0,0.0,0.0,0.0,99.9,0.0
20160116154534,0.0,0.0,0.0,0.0,0.0,0.0,99.4,0.6
20160116154604,0.0,0.0,0.0,0.0,0.0,0.0,99.5,0.5
20160116154634,0.0,0.0,0.0,0.0,0.0,0.1,99.7,0.2
20160116154704,0.0,0.0,0.0,0.0,0.0,0.2,99.1,0.7
20160116154734,0.0,0.0,0.0,0.0,0.0,0.0,98.8,1.2
20160116154804,0.0,0.0,0.0,0.1,0.0,0.0,99.2,0.7
20160116154834,0.0,0.0,0.0,0.2,0.0,0.0,98.8,1.0
20160116154904,0.0,0.0,0.0,0.0,0.0,0.0,99.7,0.3
20160116154934,0.0,0.0,0.0,0.0,0.0,0.0,100.0,0.0
20160116155004,0.0,0.0,0.0,0.0,0.0,0.0,98.5,1.4
20160116155034,0.0,0.0,0.0,0.0,0.0,0.0,98.7,1.3
20160116155104,0.0,0.0,0.0,0.0,0.0,0.0,99.9,0.1
20160116155134,0.0,0.0,0.0,0.0,0.0,0.0,99.9,0.1
20160116155204,0.0,0.0,0.0,0.0,0.0,0.0,99.9,0.1
20160116155234,0.0,0.0,0.0,0.0,0.0,0.0,99.1,0.9
20160116155304,0.0,0.0,0.0,0.0,0.0,0.0,99.2,0.7
20160116155334,0.0,0.0,0.0,0.0,0.0,0.0,50.8,49.2
20160116155404,0.0,0.0,0.0,0.0,0.0,0.0,94.4,5.6
20160116155434,0.0,0.0,0.0,0.0,0.0,0.0,97.7,2.3
20160116155504,0.0,0.0,0.0,0.0,0.0,0.0,81.3,18.7
20160116155534,0.0,0.0,0.0,0.0,0.0,0.0,62.1,37.9
20160116155604,0.0,0.0,0.0,0.0,0.0,0.0,93.1,6.9
20160116155634,0.0,0.0,0.0,0.0,0.0,0.0,76.9,23.1
20160116155704,0.0,0.0,0.0,0.0,0.0,0.0,32.4,67.6
20160116155734,0.0,0.0,0.0,0.0,0.0,0.0,32.2,67.8
20160116155804,0.0,0.0,0.0,0.0,0.0,0.0,87.8,12.2
20160116155834,0.0,0.0,0.0,0.0,0.0,0.0,82.1,17.9
20160116155904,0.0,0.0,0.0,0.0,0.0,0.0,46.5,53.5
20160116155934,0.0,0.0,0.0,0.0,0.0,0.0,55.9,44.1
20160116160004,0.0,0.0,0.0,0.0,0.0,0.0,19.1,80.9
20160116160034,0.0,0.0,0.0,0.0,0.0,0.0,43.5,56.5
20160116160104,0.0,0.0,0.0,0.0,0.0,0.0,55.7,44.3
20160116160134,0.0,0.0,0.0,0.0,0.0,0.0,44.4,55.6
20160116160204,0.0,0.0,0.0,0.0,0.0,0.0,61.0,39.0
20160116160234,0.0,0.0,0.0,0.0,0.0,0.0,79.6,20.4
20160116160304,0.0,0.0,0.0,0.0,0.0,0.0,10.9,89.1
20160116160335,0.0,0.0,0.0,0.0,0.0,0.0,89.1,10.9
20160116160405,0.0,0.0,0.0,0.0,0.0,0.0,39.8,60.2
20160116160435,0.0,0.0,0.0,0.0,0.0,0.0,93.3,6.7
20160116160505,0.0,0.0,0.0,0.0,0.0,0.0,77.3,22.6
20160116160535,0.0,0.0,0.0,0.0,0.0,0.0,99.8,0.2
20160116160605,0.0,0.0,0.0,0.0,0.0,0.0,92.6,7.4
20160116160635,0.0,0.0,0.0,0.0,0.0,0.0,99.3,0.7
20160116160705,0.0,0.0,0.0,0.0,0.0,0.0,32.2,67.7
20160116160735,0.0,0.0,0.0,0.0,0.2,0.0,14.4,85.3
20160116160805,0.0,0.0,0.0,0.0,0.1,0.0,72.6,27.3
20160116160835,0.0,0.0,0.0,0.0,0.0,0.0,47.2,52.8
20160116160905,0.0,0.0,0.0,0.0,0.0,0.0,0.2,99.8
20160116160935,0.0,0.0,0.0,0.0,0.1,0.0,1.8,98.0
20160116161005,0.0,0.0,0.0,0.0,0.0,0.0,1.9,98.1
20160116161035,0.0,0.0,0.0,0.0,0.0,0.0,0.4,99.6
20160116161105,0.0,0.0,0.0,0.0,0.5,0.2,23.8,75.5
20160116161135,0.0,0.0,0.0,0.0,0.6,0.0,55.9,43.5
20160116161205,0.0,0.0,0.0,0.0,0.4,0.0,15.3,84.2
20160116161235,0.0,0.0,0.0,0.0,21.7,1.6,17.1,59.5
20160116161305,0.0,0.0,0.0,0.3,3.6,20.0,36.6,39.4
20160116161335,0.0,0.0,0.0,0.0,0.3,2.5,75.5,21.6
20160116161405,0.0,0.0,0.0,0.0,5.4,14.1,16.6,63.8
20160116161435,0.2,0.0,0.0,0.0,60.0,12.2,8.7,18.9
20160116161505,0.0,0.0,0.0,0.0,10.6,60.1,26.4,2.8
20160116161535,0.1,0.0,0.0,0.5,61.2,18.5,16.0,3.6
20160116161605,0.0,0.0,0.0,0.3,24.1,43.1,31.3,1.3
20160116161635,0.1,0.0,0.0,1.0,16.4,3.4,77.6,1.5
20160116161705,0.0,0.0,0.0,2.4,9.6,12.7,74.6,0.7
20160116161735,0.0,0.0,0.0,0.7,4.0,67.1,27.6,0.6
20160116161805,0.1,0.0,0.0,0.5,1.2,7.8,88.7,1.7
20160116161835,0.0,0.0,0.0,0.1,1.3,30.0,68.3,0.3
20160116161905,0.1,0.0,0.0,1.7,2.5,20.4,73.4,1.9
20160116161935,0.0,0.0,0.0,1.1,2.3,2.7,93.0,0.8
20160116162005,0.0,0.0,0.0,4.8,4.7,3.8,83.9,2.7
20160116162035,0.0,0.0,0.0,0.2,4.2,0.5,94.1,1.0
20160116162105,0.0,0.0,0.0,0.1,0.1,0.0,96.5,3.3
20160116162135,0.0,0.0,0.0,0.3,4.6,0.6,89.1,5.4
20160116162205,0.0,0.0,0.0,0.5,0.9,0.7,88.4,9.6
20160116162235,0.0,0.0,0.0,0.2,0.9,0.2,83.7,15.1
20160116162305,0.0,0.0,0.0,0.3,0.4,0.3,60.6,38.4
20160116162335,0.0,0.0,0.0,1.1,2.1,0.0,58.5,38.3
20160116162405,0.0,0.0,0.0,0.0,0.0,0.0,97.7,2.3
20160116162435,0.0,0.0,0.1,1.1,0.5,0.0,87.1,11.3
20160116162505,0.0,0.0,0.0,0.0,1.2,0.1,96.7,2.0
20160116162535,0.0,0.0,0.0,0.5,2.7,0.2,96.0,0.7
20160116162605,0.0,0.0,0.0,0.7,0.1,0.0,96.3,2.8
20160116162635,0.0,0.0,0.1,0.2,0.0,0.0,96.3,3.3
20160116162705,0.0,0.0,0.0,0.1,0.0,0.0,97.2,2.7
20160116162735,0.0,0.0,0.1,1.6,0.1,0.0,97.2,1.0
20160116162805,0.0,0.0,0.0,0.7,0.1,0.0,98.0,1.2
20160116162835,0.0,0.2,0.0,6.7,0.8,0.0,89.7,2.7
20160116162905,0.0,0.0,0.0,0.5,0.0,0.0,96.7,2.8
20160116162935,0.0,0.0,0.0,0.3,0.0,0.0,99.5,0.3
20160116163005,0.0,0.0,0.0,0.0,0.0,0.0,99.9,0.1
20160116163035,0.0,0.0,0.0,0.0,0.0,0.0,99.9,0.1
20160116163105,0.0,0.0,0.0,0.0,0.1,0.0,98.7,1.2
20160116163135,0.0,0.0,0.0,0.0,0.0,0.0,99.3,0.6
20160116163205,0.0,0.0,0.0,0.0,0.2,0.0,93.1,6.7
20160116163235,0.0,0.0,0.0,0.0,0.3,0.0,98.8,0.8
20160116163305,0.0,0.0,0.0,0.0,2.2,0.6,41.4,55.7
20160116163335,0.0,0.0,0.1,0.1,44.7,0.4,2.6,52.0
20160116163405,0.0,0.0,0.1,0.0,18.8,0.1,3.8,77.1
20160116163435,0.0,0.0,0.1,0.1,2.9,0.1,6.5,90.3
20160116163505,0.0,0.1,0.1,0.1,11.4,11.8,21.8,54.7
20160116163535,0.0,0.0,0.0,0.0,1.2,0.4,4.2,94.1
20160116163605,0.1,0.0,0.0,0.0,12.1,0.4,2.5,84.8
20160116163635,0.0,0.0,0.0,0.0,18.5,11.9,7.5,62.1
20160116163705,0.0,0.0,0.0,0.0,2.1,5.7,83.9,8.3
20160116163736,0.0,0.0,0.0,0.0,0.2,2.0,95.6,2.2
20160116163806,0.0,0.0,0.0,0.1,4.0,18.6,73.4,3.9
20160116163836,0.0,0.0,0.0,0.0,11.5,13.3,55.9,19.3
20160116163906,0.0,0.0,0.0,0.1,2.2,4.8,91.8,1.1
20160116163936,0.0,0.0,0.0,0.2,12.9,9.0,76.1,1.8
20160116164006,0.0,0.0,0.0,0.0,0.8,0.4,96.5,2.3
20160116164036,0.0,0.0,0.0,0.0,0.1,0.0,99.1,0.7
20160116164106,0.0,0.0,0.0,0.2,0.7,0.2,90.6,8.3
20160116164136,0.0,0.0,0.0,0.0,0.4,0.0,98.5,1.1
20160116164206,0.0,0.0,0.0,0.0,0.3,0.0,99.6,0.1
20160116164236,0.0,0.0,0.0,0.0,23.6,0.0,76.4,0.0
20160116164306,0.0,0.0,0.0,0.0,0.4,0.0,99.5,0.1
20160116164336,0.0,0.0,0.0,0.0,0.1,0.0,98.7,1.2
20160116164406,0.0,0.0,0.0,0.2,0.1,0.0,88.2,11.5
20160116164436,0.0,0.0,0.0,0.0,0.0,0.0,97.8,2.2
20160116164506,0.0,0.0,0.0,0.0,0.0,0.0,99.8,0.2
20160116164536,0.0,0.0,0.0,0.0,0.0,0.0,99.9,0.1
20160116164606,0.0,0.0,0.0,0.2,0.1,0.0,98.4,1.4
20160116164636,0.0,0.0,0.0,0.0,0.0,0.0,99.8,0.2
20160116164706,0.0,0.0,0.0,0.0,0.0,0.0,99.9,0.0
20160116164736,0.0,0.0,0.0,0.0,0.0,0.0,99.9,0.0
20160116164806,0.0,0.0,0.0,0.0,1.0,0.1,98.8,0.1
20160116164836,0.0,0.0,0.0,0.1,1.6,0.1,98.1,0.2
20160116164906,0.0,0.0,0.0,0.6,2.2,0.1,95.0,2.1
20160116164936,0.0,0.0,0.0,0.4,9.2,0.4,74.5,15.4
20160116165006,0.0,0.1,0.0,0.1,1.4,0.1,78.7,19.5
20160116165036,0.0,0.0,0.0,0.1,0.0,0.0,74.4,25.4
20160116165106,0.0,0.0,0.0,0.1,0.0,0.0,98.0,1.8
20160116165136,0.0,0.0,0.0,0.1,0.0,0.0,99.8,0.0
20160116165206,0.0,0.0,0.1,2.9,12.7,0.0,84.0,0.3
20160116165236,0.0,0.0,0.0,1.2,0.1,0.0,98.5,0.1
20160116165306,0.0,0.0,0.1,1.5,0.1,0.0,97.7,0.6
20160116165336,0.0,0.0,0.0,0.2,0.0,0.0,99.7,0.0
20160116165406,0.0,0.0,0.0,0.0,0.0,0.0,99.7,0.2
20160116165436,0.0,0.0,0.0,0.2,0.4,0.0,99.0,0.5
20160116165506,0.0,0.0,0.0,0.1,0.6,0.2,96.7,2.4
20160116165536,0.0,0.0,0.0,0.0,0.1,0.0,98.0,1.9
20160116165606,0.0,0.0,0.0,0.0,0.0,0.0,99.5,0.5
20160116165636,0.0,0.0,0.0,0.0,0.2,0.0,99.0,0.7
20160116165706,0.0,0.0,0.0,0.1,0.9,0.0,98.5,0.6
20160116165736,0.0,0.0,0.0,0.0,0.0,0.0,99.4,0.6
20160116165806,0.0,0.0,0.0,0.0,0.1,0.0,99.8,0.1
20160116165836,0.0,0.0,0.0,0.0,0.0,0.0,97.1,2.8
20160116165906,0.0,0.0,0.1,0.0,0.2,0.0,21.0,78.7
20160116165936,0.0,0.0,0.1,0.0,0.8,6.7,68.2,24.2
20160116170006,0.0,0.0,0.1,0.0,0.4,5.1,10.1,84.3
20160116170036,0.0,0.0,0.0,0.0,0.0,0.1,0.5,99.4
20160116170106,0.0,0.0,0.0,0.0,0.0,0.0,0.3,99.6
20160116170136,0.0,0.0,0.0,0.0,0.0,0.1,0.2,99.7
20160116170206,0.0,0.0,0.0,0.0,0.2,0.5,1.7,97.6
20160116170236,0.0,0.0,0.0,0.0,0.1,0.0,1.1,98.8
20160116170306,0.0,0.0,0.0,0.0,0.1,0.0,1.5,98.3
20160116170336,0.0,0.0,0.0,0.0,0.0,0.0,0.1,99.9
20160116170406,0.1,0.0,0.0,0.0,0.4,4.4,29.5,65.6
20160116170436,0.0,0.0,0.0,0.0,0.2,1.0,10.7,88.0
20160116170506,0.0,0.0,0.0,0.1,3.8,7.3,60.4,28.4
20160116170536,0.7,0.0,0.0,2.4,6.2,66.2,23.9,0.6
20160116170606,0.0,0.0,0.0,0.0,1.5,90.3,8.1,0.1
20160116170636,0.1,0.0,0.0,0.0,2.7,18.9,73.6,4.7
20160116170706,0.0,0.0,0.0,0.0,0.0,10.4,85.0,4.5
20160116170736,0.3,0.0,0.1,0.1,4.8,72.9,21.4,0.5
20160116170806,0.1,0.0,0.1,0.1,4.6,59.0,35.6,0.5
20160116170836,0.3,0.0,0.2,0.0,34.8,22.2,40.1,2.3
20160116170906,0.1,0.0,0.1,0.2,17.0,9.5,69.5,3.5
20160116170936,0.0,0.0,0.0,0.0,1.4,0.8,97.4,0.4
20160116171006,2.4,0.0,0.2,0.0,6.3,1.5,72.0,17.5
20160116171036,0.5,0.0,0.1,0.0,59.3,8.8,28.1,3.2
20160116171106,1.3,0.0,0.0,0.0,46.3,48.1,3.6,0.6
20160116171136,0.1,0.0,0.0,0.0,60.4,26.8,2.4,10.3
20160116171206,0.4,0.1,0.0,0.0,67.8,13.8,4.0,13.9
20160116171237,0.8,0.0,0.0,0.0,21.4,63.8,4.6,9.3
20160116171307,2.8,0.1,0.2,0.0,52.6,35.7,3.6,5.1
20160116171337,0.3,0.0,0.0,0.0,1.3,98.1,0.2,0.1
20160116171407,0.4,0.0,0.0,0.0,27.0,65.4,1.7,5.6
20160116171437,0.5,0.0,0.0,0.0,11.2,60.8,1.2,26.3
20160116171507,1.5,0.0,0.0,0.0,22.3,67.3,4.6,4.2
20160116171537,3.1,0.0,0.0,0.0,7.9,68.3,14.6,6.0
20160116171607,1.4,0.0,0.0,0.0,21.8,25.0,6.5,45.3
20160116171637,0.2,0.0,0.0,0.0,15.0,23.9,14.8,46.1
20160116171707,0.3,0.0,0.0,0.0,8.1,47.9,5.8,37.8
20160116171737,0.4,0.1,0.0,0.0,19.8,28.6,9.9,41.1
20160116171807,0.3,0.0,0.0,0.0,33.9,15.0,2.3,48.4
20160116171837,0.1,0.0,0.0,0.0,2.0,47.9,1.6,48.4
20160116171907,0.0,0.0,0.0,0.0,2.1,5.3,12.1,80.4
20160116171937,0.0,0.0,0.0,0.0,2.6,5.7,25.4,66.2
20160116172007,0.1,0.0,0.0,0.0,7.5,10.1,49.0,33.3
20160116172037,0.4,0.0,0.0,0.0,4.9,33.2,26.0,35.5
20160116172107,0.0,0.0,0.0,0.0,1.4,12.1,83.0,3.5
20160116172137,0.0,0.0,0.0,0.0,7.3,45.1,45.2,2.3
20160116172207,0.1,0.0,0.0,0.1,3.1,22.7,28.0,46.0
20160116172237,0.5,0.1,0.0,0.0,11.8,31.2,23.5,32.9
20160116172307,0.0,0.0,0.0,0.0,7.0,7.8,29.0,56.1
20160116172337,0.2,0.0,0.1,0.5,3.4,11.2,7.1,77.4
20160116172407,0.0,0.0,0.0,0.1,9.8,0.3,7.3,82.5
20160116172437,0.0,0.0,0.0,0.1,2.9,1.5,9.7,85.8
20160116172507,0.0,0.0,0.0,0.4,52.8,3.8,28.7,14.3
20160116172537,0.0,0.0,0.0,7.7,11.2,1.4,66.8,12.9
20160116172607,0.0,0.0,0.0,1.4,10.6,0.1,78.3,9.6
20160116172637,0.0,0.0,0.0,0.1,0.4,0.0,99.1,0.3
20160116172707,0.0,0.0,0.0,0.0,0.2,0.0,99.7,0.1
20160116172737,0.0,0.0,0.0,0.2,0.3,0.0,99.2,0.3
20160116172807,0.0,0.0,0.0,0.2,1.8,0.0,91.6,6.4
20160116172837,0.0,0.0,0.0,0.0,0.5,0.0,98.6,0.9
20160116172907,0.0,0.0,0.0,0.1,0.6,0.0,98.4,0.9
20160116172937,0.0,0.0,0.0,0.1,5.5,0.1,91.4,2.8
20160116173007,0.0,0.0,0.2,0.1,1.3,0.1,98.0,0.4
20160116173037,0.0,0.0,0.4,0.2,1.0,0.1,91.2,7.1
20160116173107,0.0,0.0,0.0,0.1,0.0,0.0,99.4,0.4
20160116173137,0.0,0.0,0.0,0.1,0.0,0.0,99.8,0.0
20160116173207,0.0,0.0,0.0,0.7,0.0,0.0,99.0,0.3
20160116173237,0.0,0.0,0.0,0.0,0.0,0.0,99.9,0.1
20160116173307,0.0,0.0,0.0,0.0,0.0,0.0,100.0,0.0
20160116173337,0.0,0.0,0.0,0.1,0.0,0.0,99.8,0.0
20160116173407,0.0,0.0,0.1,0.0,0.0,0.0,99.9,0.0
20160116173437,0.0,0.0,0.0,0.0,0.0,0.0,99.9,0.0
20160116173507,0.0,0.0,0.0,0.1,0.0,0.0,99.9,0.0
20160116173537,0.0,0.0,0.0,0.2,0.0,0.0,99.8,0.0
20160116173607,0.0,0.0,0.0,0.0,0.0,0.0,100.0,0.0
20160116173637,0.0,0.0,0.0,0.0,0.0,0.0,100.0,0.0
20160116173707,0.0,0.0,0.0,0.0,0.0,0.0,100.0,0.0
20160116173737,0.0,0.0,0.0,0.1,0.0,0.0,99.7,0.1
20160116173807,0.0,0.0,0.0,0.0,0.0,0.0,99.8,0.1
20160116173837,0.0,0.0,0.0,0.1,0.0,0.0,98.6,1.3
20160116173907,0.0,0.0,0.0,0.1,0.0,0.0,94.9,4.9
20160116173938,0.0,0.0,0.0,0.3,0.0,0.0,87.8,11.8
20160116174008,0.0,0.0,0.0,0.1,0.0,0.0,96.9,3.0
20160116174038,0.0,0.0,0.0,0.0,0.0,0.0,63.9,36.0
20160116174108,0.0,0.0,0.3,0.0,0.3,0.0,36.5,62.8
20160116174138,0.0,0.0,0.2,0.0,0.0,0.0,84.7,15.0
20160116174208,0.0,0.0,0.1,0.1,0.0,0.0,78.5,21.3
20160116174238,0.0,0.0,0.2,0.0,0.0,0.0,28.4,71.3
20160116174308,0.0,0.0,0.0,0.0,0.0,0.0,21.4,78.5
20160116174338,0.0,0.0,2.3,0.4,0.2,0.0,33.9,63.1
20160116174408,0.0,0.0,0.2,0.0,0.0,0.0,25.5,74.3
20160116174438,0.0,0.0,0.0,0.0,0.0,0.0,99.7,0.2
20160116174508,0.0,0.0,0.0,0.1,1.6,0.0,93.0,5.3
20160116174538,0.0,0.0,0.0,0.0,0.7,0.0,78.5,20.7
20160116174608,0.0,0.0,0.0,0.0,0.1,0.0,2.5,97.4
20160116174638,0.0,0.0,0.0,0.0,0.0,0.0,0.6,99.3
20160116174708,0.0,0.0,0.0,0.0,1.5,0.3,6.3,91.9
20160116174738,0.0,0.0,0.0,0.1,1.7,2.9,15.5,79.8
20160116174808,0.0,0.1,0.0,0.0,1.4,2.1,62.5,33.9
20160116174838,0.0,0.3,0.0,0.0,1.2,13.7,40.9,43.8
20160116174908,0.0,0.1,0.0,0.0,11.0,14.1,4.3,70.4
20160116174938,0.4,0.1,0.0,2.0,5.2,38.0,3.4,50.9
20160116175008,0.0,0.0,0.0,0.0,0.6,2.5,1.5,95.4
20160116175038,0.4,0.2,0.0,0.1,0.8,31.7,36.9,29.8
20160116175108,0.0,0.0,0.0,0.1,2.1,1.3,10.8,85.7
20160116175138,0.0,0.0,0.0,2.0,3.2,1.7,60.4,32.6
20160116175208,0.0,0.0,0.0,0.2,49.8,0.6,2.0,47.4
20160116175238,0.0,0.0,0.0,0.7,16.2,1.7,71.7,9.6
20160116175308,0.0,0.0,0.0,0.7,6.6,0.1,26.0,66.5
20160116175338,0.0,0.0,0.0,4.2,4.3,0.1,0.6,90.8
20160116175408,0.0,0.0,0.0,6.7,58.8,0.1,28.9,5.5
20160116175438,0.0,0.0,0.1,7.4,4.5,0.2,84.2,3.6
20160116175508,0.0,0.0,0.0,2.6,0.9,0.0,94.0,2.5
20160116175538,0.0,0.0,0.0,0.2,0.6,0.0,98.4,0.7
20160116175608,0.0,0.0,0.0,0.3,1.0,0.0,95.0,3.7
20160116175638,0.0,0.0,0.0,0.5,0.1,0.0,97.3,2.1
20160116175708,0.0,0.0,0.0,0.0,0.0,0.0,97.9,2.1
20160116175738,0.0,0.0,0.0,0.5,0.0,0.0,86.3,13.2
20160116175808,0.0,0.0,0.0,0.1,0.0,0.0,99.8,0.0
20160116175838,0.0,0.0,0.0,0.0,0.0,0.0,100.0,0.0
20160116175908,0.0,0.0,0.0,0.2,0.0,0.0,99.8,0.1
20160116175938,0.0,0.0,0.0,0.1,0.0,0.0,99.9,0.0
20160116180008,0.0,0.0,0.0,0.1,0.0,0.0,99.6,0.3
20160116180038,0.0,0.0,0.1,0.0,0.0,0.0,99.9,0.0
20160116180108,0.0,0.0,0.0,0.0,0.0,0.0,100.0,0.0
20160116180138,0.0,0.0,0.1,0.0,0.0,0.0,99.9,0.0
20160116180208,0.0,0.0,0.1,0.0,0.0,0.0,99.5,0.3
20160116180238,0.0,0.0,0.1,0.0,0.0,0.0,99.7,0.2
20160116180308,0.0,0.0,0.0,0.0,0.0,0.0,99.9,0.0
20160116180338,0.0,0.0,0.0,0.0,0.0,0.0,100.0,0.0
20160116180408,0.0,0.0,1.1,0.0,0.1,0.0,98.6,0.1
20160116180438,0.0,0.0,0.0,0.1,0.0,0.0,99.9,0.0
20160116180508,0.0,0.0,1.3,0.2,0.0,0.1,98.1,0.4
20160116180538,0.0,0.0,0.0,0.2,0.0,0.0,99.7,0.0
20160116180608,0.0,0.0,0.0,0.0,0.0,0.0,99.9,0.0
20160116180638,0.0,0.3,2.7,4.6,0.1,0.1,91.2,0.8
20160116180708,0.0,0.4,1.2,38.6,3.9,0.0,44.0,11.8
20160116180738,0.0,0.3,0.2,7.1,48.9,0.0,31.7,11.7
20160116180808,0.0,0.0,0.0,0.5,2.2,0.0,81.7,15.5
20160116180838,0.0,0.0,0.0,0.2,0.4,0.0,15.3,84.1
20160116180908,0.0,0.0,0.0,0.0,0.0,0.0,9.5,90.4
20160116180938,0.0,0.0,0.0,0.0,0.0,0.0,0.1,99.9
20160116181008,0.0,0.0,0.0,0.0,0.1,0.0,44.1,55.7
20160116181038,0.0,0.0,0.0,0.0,0.0,0.0,93.8,6.2
20160116181108,0.0,0.0,0.0,0.0,0.2,0.0,2.7,97.1
20160116181138,0.0,0.0,0.0,0.2,1.4,0.0,2.8,95.6
20160116181208,0.0,0.0,0.2,0.6,3.6,0.0,34.6,61.0
20160116181238,0.0,0.0,0.0,0.2,0.7,0.0,91.6,7.5
20160116181308,0.0,0.0,0.0,0.3,0.1,0.0,97.6,2.0
20160116181338,0.0,0.0,0.0,0.2,0.8,0.0,98.2,0.8
20160116181409,0.0,0.0,0.0,4.0,0.8,0.0,92.2,3.0
20160116181439,0.0,0.0,0.0,1.5,0.6,0.0,97.1,0.8
20160116181509,0.0,0.0,0.0,4.3,0.0,0.1,90.5,5.0
20160116181539,0.0,0.0,0.0,11.8,0.0,0.2,74.6,13.4
20160116181609,0.0,0.0,0.0,0.5,0.0,0.0,99.2,0.3
20160116181639,0.0,0.0,0.0,0.1,0.0,0.0,97.6,2.3
20160116181709,0.0,0.0,0.0,0.6,0.0,0.0,97.4,2.0
20160116181739,0.0,0.0,0.0,0.1,0.0,0.0,90.2,9.7
20160116181809,0.0,0.0,0.0,1.5,0.0,0.0,57.5,41.0
20160116181839,0.0,0.0,0.0,1.2,0.0,0.0,56.6,42.2
20160116181909,0.0,0.0,0.0,0.5,0.0,0.0,99.2,0.2
20160116181939,0.0,0.0,0.0,1.1,0.0,0.0,95.6,3.3
20160116182009,0.0,0.0,0.0,0.2,0.0,0.0,93.7,6.0
20160116182039,0.0,0.0,0.0,0.2,0.0,0.0,93.6,6.1
20160116182109,0.0,0.0,0.0,0.1,0.0,0.0,98.6,1.3
20160116182139,0.0,0.0,0.0,0.1,0.0,0.0,99.9,0.0
20160116182209,0.0,0.0,0.0,0.4,0.0,0.0,97.4,2.2
20160116182239,0.0,0.0,0.0,0.2,0.0,0.0,99.0,0.8
20160116182309,0.0,0.0,0.0,0.0,0.0,0.0,97.7,2.3
20160116182339,0.0,0.0,0.0,0.2,0.0,0.0,99.3,0.5
20160116182409,0.0,0.0,0.0,0.0,0.0,0.0,99.9,0.0
20160116182439,0.0,0.0,0.0,0.3,0.0,0.0,99.7,0.0
20160116182509,0.0,0.0,0.0,1.7,0.0,0.0,98.2,0.2
20160116182539,0.0,0.0,0.0,0.1,0.0,0.0,99.8,0.1
20160116182609,0.0,0.0,0.0,0.1,0.0,0.0,99.7,0.2
20160116182639,0.0,0.0,0.0,0.1,0.0,0.0,98.2,1.7
20160116182709,0.0,0.0,0.0,0.2,0.0,0.0,96.7,3.2
20160116182739,0.0,0.0,0.1,0.5,0.0,0.0,81.8,17.5
20160116182809,0.0,0.0,0.0,0.4,0.0,0.0,97.7,1.9
20160116182839,0.0,0.1,5.4,2.8,0.3,0.0,65.7,25.8
20160116182909,0.0,0.0,0.0,12.7,0.0,0.0,52.5,34.8
20160116182939,0.0,0.0,0.0,0.6,0.0,0.0,82.7,16.6
20160116183009,0.0,0.0,0.0,0.2,0.0,0.0,87.0,12.8
20160116183039,0.0,0.0,0.0,0.2,0.0,0.0,79.9,19.9
20160116183109,0.0,0.0,0.0,0.1,0.0,0.0,87.9,12.1
20160116183139,0.0,0.0,0.0,0.0,0.0,0.0,99.8,0.2
20160116183209,0.0,0.0,0.0,0.1,0.0,0.0,95.2,4.7
20160116183239,0.0,0.0,0.0,0.0,0.0,0.0,99.1,0.9
20160116183309,0.0,0.0,0.0,0.0,0.0,0.0,100.0,0.0
20160116183339,0.0,0.0,0.0,0.0,0.0,0.0,99.8,0.2
20160116183409,0.0,0.0,0.0,0.0,0.0,0.0,99.4,0.5
20160116183439,0.0,0.0,0.0,0.0,0.0,0.0,99.3,0.6
20160116183509,0.0,0.0,0.0,0.0,0.0,0.0,99.9,0.1
20160116183539,0.0,0.0,0.0,0.0,0.0,0.0,100.0,0.0
20160116183609,0.0,0.0,0.0,0.0,0.0,0.0,100.0,0.0
20160116183639,0.0,0.0,0.0,0.0,0.0,0.0,99.9,0.0
20160116183709,0.0,0.0,0.0,0.0,0.0,0.0,99.9,0.1
20160116183739,0.0,0.0,0.0,0.1,0.0,0.0,95.0,4.9
20160116183809,0.0,0.0,0.0,0.0,0.0,0.0,99.5,0.5
20160116183839,0.0,0.0,0.0,0.0,0.0,0.0,93.6,6.3
20160116183909,0.0,0.0,0.0,0.1,0.0,0.0,86.2,13.7
20160116183939,0.0,0.0,0.0,0.0,0.0,0.0,99.8,0.2
20160116184009,0.0,0.0,0.0,0.1,0.0,0.0,98.6,1.3
20160116184039,0.0,0.0,0.0,0.1,0.0,0.0,96.2,3.7
20160116184109,0.0,0.0,0.0,0.2,0.0,0.0,95.6,4.2
20160116184139,0.0,0.0,0.0,0.3,0.0,0.0,72.6,27.1
20160116184209,0.0,0.0,0.0,1.5,0.0,0.0,48.5,49.9
20160116184239,0.0,0.0,0.0,0.2,0.0,0.0,89.6,10.1
20160116184309,0.0,0.0,0.0,0.0,0.0,0.0,99.6,0.3
20160116184339,0.0,0.0,0.0,0.0,0.0,0.0,67.4,32.6
20160116184409,0.0,0.0,0.0,0.0,0.0,0.0,93.8,6.2
20160116184439,0.0,0.0,0.0,0.0,0.0,0.0,99.2,0.8
20160116184509,0.0,0.0,0.0,0.0,0.0,0.0,99.4,0.6
20160116184539,0.0,0.0,0.0,0.0,0.0,0.0,99.9,0.1
20160116184609,0.0,0.0,0.0,0.0,0.0,0.0,99.9,0.1
20160116184639,0.0,0.0,0.0,0.0,0.0,0.0,100.0,0.0
20160116184709,0.0,0.0,0.0,0.0,0.0,0.0,99.8,0.1
20160116184739,0.0,0.0,0.0,0.0,0.0,0.0,98.4,1.6
20160116184810,0.0,0.0,0.0,0.0,0.0,0.0,99.3,0.6
20160116184840,0.0,0.0,0.0,0.0,0.0,0.0,47.8,52.2
20160116184910,0.0,0.0,0.0,0.0,0.0,0.0,52.7,47.3
20160116184940,0.0,0.0,0.0,0.0,0.0,0.0,97.6,2.4
20160116185010,0.0,0.0,0.0,0.0,0.0,0.0,99.3,0.7
20160116185040,0.0,0.0,0.0,0.0,0.0,0.0,99.5,0.5
20160116185110,0.0,0.0,0.0,0.0,0.0,0.0,87.6,12.4
20160116185140,0.0,0.0,0.0,0.0,0.0,0.0,78.6,21.4
20160116185210,0.0,0.0,0.0,0.3,0.0,0.0,68.4,31.3
20160116185240,0.0,0.0,0.0,1.4,0.0,0.0,91.1,7.5
20160116185310,0.0,0.0,0.0,0.1,0.0,0.0,59.4,40.5
20160116185340,0.0,0.0,0.0,0.0,0.0,0.0,88.1,11.9
20160116185410,0.0,0.0,0.0,0.0,0.0,0.0,94.8,5.2
20160116185440,0.0,0.0,0.0,0.1,0.0,0.0,51.3,48.6
20160116185510,0.0,0.0,0.0,0.0,0.0,0.0,98.8,1.2
20160116185540,0.0,0.0,0.0,0.0,0.0,0.0,91.7,8.3
20160116185610,0.0,0.0,0.0,0.0,0.0,0.0,98.1,1.9
20160116185640,0.0,0.0,0.0,0.0,0.0,0.0,99.9,0.1
20160116185710,0.0,0.0,0.0,0.0,0.0,0.0,93.6,6.4
20160116185740,0.0,0.0,0.0,0.0,0.0,0.0,5.5,94.4
20160116185810,0.0,0.0,0.0,0.0,0.0,0.0,74.9,25.1
20160116185840,0.0,0.0,0.0,0.0,0.0,0.0,5.9,94.1
20160116185910,0.0,0.0,0.0,0.0,0.0,0.0,7.1,92.8
20160116185940,0.0,0.0,0.1,0.0,0.1,0.0,6.0,93.8
20160116190010,0.0,0.0,0.0,0.0,0.0,0.0,1.2,98.8
20160116190040,0.0,0.0,0.0,0.0,0.0,0.0,8.4,91.5
20160116190110,0.0,0.0,0.1,0.1,0.0,0.0,55.9,43.9
20160116190140,0.0,0.0,0.6,0.0,0.0,0.0,35.0,64.4
20160116190210,0.0,0.0,4.1,0.4,0.7,0.1,31.0,63.7
20160116190240,0.0,0.0,0.0,0.0,0.0,0.0,81.5,18.4
20160116190310,0.0,0.0,0.2,0.2,0.0,0.0,17.2,82.4
20160116190340,0.0,0.4,0.1,0.4,0.1,0.0,4.4,94.6
20160116190410,0.0,0.1,0.7,0.1,0.1,0.0,26.2,72.8
20160116190440,0.0,0.1,0.1,0.1,0.0,0.0,41.8,57.9
20160116190510,0.0,0.0,0.3,0.4,0.0,0.0,12.1,87.1
20160116190540,0.0,0.0,0.0,0.6,0.0,0.0,11.7,87.6
20160116190610,0.0,0.1,0.3,1.2,0.0,0.0,18.6,79.8
20160116190640,0.0,0.0,0.3,0.1,0.0,0.0,62.5,37.1
20160116190710,0.0,0.0,1.2,0.5,0.0,0.0,37.5,60.7
20160116190740,0.0,0.0,0.1,0.1,0.0,0.0,99.4,0.3
20160116190810,0.0,0.0,0.0,0.1,0.0,0.0,99.8,0.1
20160116190840,0.0,0.0,0.0,0.1,0.1,0.0,98.9,1.0
20160116190910,0.0,0.0,0.0,0.0,0.0,0.0,99.9,0.1
20160116190940,0.0,0.0,0.0,0.1,0.0,0.0,98.2,1.7
20160116191010,0.0,0.0,0.2,0.5,0.0,0.0,98.1,1.2
20160116191040,0.0,0.0,0.0,0.1,0.1,0.0,98.8,1.1
20160116191110,0.0,0.0,0.0,0.2,0.1,0.0,99.0,0.6
20160116191140,0.0,0.0,0.0,0.8,0.1,0.0,74.1,24.9
20160116191210,0.0,0.0,0.0,0.3,0.1,0.0,77.0,22.6
20160116191240,0.0,0.0,0.0,0.0,0.0,0.0,95.6,4.4
20160116191310,0.0,0.0,0.0,0.0,0.3,0.0,99.4,0.3
20160116191340,0.0,0.0,0.0,0.0,0.0,0.0,99.8,0.2
20160116191410,0.0,0.0,0.0,0.0,0.0,0.0,99.1,0.8
20160116191440,0.0,0.0,0.0,0.0,0.0,0.0,99.6,0.3
20160116191510,0.0,0.0,0.0,0.0,0.0,0.0,97.6,2.4
20160116191540,0.0,0.0,0.0,0.0,0.1,0.0,98.5,1.4
20160116191610,0.0,0.0,0.0,0.0,0.1,0.0,98.9,0.9
20160116191640,0.0,0.0,0.0,0.8,0.4,0.0,86.7,12.1
20160116191710,0.0,0.2,0.0,2.7,3.3,0.1,81.4,12.4
20160116191740,0.0,0.0,0.0,0.1,0.9,0.0,98.5,0.4
20160116191810,0.0,0.0,0.0,0.3,1.6,0.0,97.1,0.9
20160116191840,0.0,0.0,0.0,0.0,0.0,0.0,99.9,0.0
20160116191910,0.0,0.0,0.0,0.0,0.0,0.0,99.1,0.9
20160116191940,0.0,0.0,0.0,0.1,0.0,0.0,99.6,0.2
20160116192010,0.0,0.0,0.0,0.1,0.0,0.0,99.4,0.5
20160116192040,0.0,0.0,0.0,0.1,0.2,0.0,97.9,1.8
20160116192110,0.0,0.0,0.0,2.2,0.3,0.0,95.9,1.5
20160116192140,0.0,0.0,0.0,0.1,0.0,0.0,98.2,1.7
20160116192211,0.0,0.0,0.0,0.0,0.0,0.0,99.6,0.3
20160116192241,0.0,0.0,0.0,0.0,0.0,0.0,99.6,0.3
20160116192311,0.0,0.0,0.0,0.0,0.0,0.0,99.9,0.1
20160116192341,0.0,0.0,0.0,0.0,0.0,0.0,99.9,0.1
20160116192411,0.0,0.0,0.0,0.0,0.0,0.0,99.1,0.9
20160116192441,0.0,0.0,0.0,0.0,0.1,0.0,99.8,0.0
20160116192511,0.0,0.0,0.0,0.0,0.0,0.0,99.0,0.9
20160116192541,0.0,0.0,0.0,0.1,0.1,0.0,97.8,2.1
20160116192611,0.0,0.0,0.0,0.1,0.1,0.0,85.4,14.4
20160116192641,0.0,0.0,0.0,0.2,1.5,0.0,56.1,42.2
20160116192711,0.0,0.0,0.0,0.1,0.1,0.0,96.5,3.3
20160116192741,0.0,0.0,0.0,0.0,0.2,0.0,98.9,0.9
20160116192811,0.0,0.0,0.0,0.1,0.2,0.0,88.5,11.2
20160116192841,0.0,0.0,0.0,0.1,0.2,0.0,98.4,1.3
20160116192911,0.0,0.0,0.0,0.1,0.0,0.0,86.9,13.0
20160116192941,0.0,0.0,0.0,0.0,0.0,0.0,98.0,2.0
20160116193011,0.0,0.0,0.0,0.0,0.0,0.0,92.7,7.3
20160116193041,0.0,0.0,0.0,0.0,0.0,0.0,99.1,0.9
20160116193111,0.0,0.0,0.0,0.0,0.2,0.0,93.8,5.9
20160116193141,0.0,0.0,0.0,0.0,0.2,0.0,98.6,1.1
20160116193211,0.0,0.0,0.0,0.0,0.7,0.0,82.2,17.0
20160116193241,0.0,0.0,0.0,0.0,0.1,0.0,98.1,1.8
20160116193311,0.0,0.0,0.0,0.7,0.2,0.0,87.6,11.5
20160116193341,0.0,0.0,0.0,0.1,0.1,0.0,90.0,9.7
20160116193411,0.0,0.0,0.0,0.2,0.4,0.0,90.8,8.5
20160116193441,0.0,0.0,0.0,0.0,0.0,0.0,78.4,21.6
20160116193511,0.0,0.0,0.0,0.1,0.0,0.0,99.6,0.3
20160116193541,0.0,0.0,0.0,0.0,0.0,0.0,99.7,0.3
20160116193611,0.0,0.0,0.0,0.0,0.0,0.0,100.0,0.0
20160116193641,0.0,0.0,0.0,0.1,0.1,0.0,95.4,4.4
20160116193711,0.0,0.0,0.0,0.0,0.0,0.0,99.9,0.1
20160116193741,0.0,0.0,0.0,0.1,0.2,0.0,97.4,2.3
20160116193811,0.0,0.0,0.0,0.0,0.0,0.0,99.4,0.6
20160116193841,0.0,0.0,0.0,0.0,0.0,0.0,99.6,0.4
20160116193911,0.0,0.0,0.0,0.0,0.0,0.0,99.8,0.1
20160116193941,0.0,0.0,0.0,0.1,0.1,0.1,74.5,25.1
20160116194011,0.0,0.0,0.0,0.1,0.1,4.9,45.9,49.0
20160116194041,0.0,0.0,0.0,0.0,0.1,1.3,76.9,21.7
20160116194111,0.0,0.0,0.0,0.1,0.1,0.2,74.0,25.6
20160116194141,0.0,0.0,0.0,0.0,0.0,0.1,98.0,1.9
20160116194211,0.0,0.0,0.0,0.0,0.1,1.3,44.2,54.4
20160116194241,0.0,0.0,0.0,0.1,0.2,0.7,87.7,11.3
20160116194311,0.0,0.0,0.0,0.6,0.4,0.7,79.9,18.4
20160116194341,0.0,0.0,0.0,0.2,0.0,0.0,89.5,10.3
20160116194411,0.0,0.0,0.0,1.5,0.0,0.0,90.3,8.1
20160116194441,0.0,0.0,0.0,0.9,0.0,0.0,92.4,6.7
20160116194511,0.0,0.0,0.0,0.1,0.0,0.0,96.1,3.8
20160116194541,0.0,0.0,0.0,0.0,0.0,0.0,83.1,16.8
20160116194611,0.0,0.0,0.0,0.1,0.0,0.0,84.0,15.9
20160116194641,0.0,0.0,0.0,0.3,0.1,0.1,43.9,55.5
20160116194711,0.0,0.0,0.0,0.6,0.0,0.0,37.7,61.7
20160116194741,0.0,0.0,0.0,0.5,0.0,0.0,61.8,37.6
20160116194811,0.0,0.0,0.0,1.6,0.0,0.0,89.0,9.4
20160116194841,0.0,0.0,0.0,0.3,0.1,0.0,96.2,3.4
20160116194911,0.0,0.0,0.2,0.0,0.0,0.0,99.5,0.3
20160116194942,0.0,0.2,0.3,0.0,0.0,0.0,97.4,2.1
20160116195012,0.0,0.0,0.3,0.0,0.0,0.0,98.4,1.3
20160116195042,0.0,0.0,0.2,0.0,0.0,0.0,98.3,1.5
20160116195112,0.0,0.0,0.0,0.0,0.0,0.0,99.3,0.6
20160116195142,0.0,0.0,0.0,0.0,0.0,0.0,69.0,31.0
20160116195212,0.0,0.0,0.0,0.0,0.0,0.0,95.5,4.5
20160116195242,0.0,0.0,0.0,0.0,0.0,0.3,39.9,59.7
20160116195312,0.0,0.0,0.0,0.0,0.0,0.8,5.4,93.7
20160116195342,0.0,0.0,0.0,0.2,0.4,5.7,19.7,74.0
20160116195412,0.0,0.0,0.0,0.4,0.7,34.7,52.1,12.0
20160116195442,0.0,0.0,0.0,0.2,0.1,0.6,55.1,44.0
20160116195512,0.0,0.0,0.0,1.4,1.2,0.2,79.9,17.2
20160116195542,0.0,0.0,0.0,0.2,0.5,0.1,63.9,35.2
20160116195612,0.0,0.0,0.0,0.4,0.1,0.0,17.8,81.6
20160116195642,0.0,0.3,0.1,2.5,0.1,0.0,66.0,31.0
20160116195712,0.0,0.2,0.1,0.5,4.6,0.0,73.7,21.0
20160116195742,0.0,0.6,0.1,0.9,1.0,0.0,95.2,2.1
20160116195812,0.0,0.0,0.2,2.0,0.3,0.0,67.9,29.6
20160116195842,0.0,0.0,0.0,0.2,0.1,0.0,76.0,23.7
20160116195912,0.0,0.1,0.0,0.8,0.1,0.0,88.8,10.2
20160116195942,0.0,0.0,0.0,5.2,0.0,0.0,78.4,16.4
20160116200012,0.0,0.0,0.0,0.4,0.0,0.0,98.9,0.7
20160116200042,0.0,0.0,0.0,0.2,0.0,0.0,98.2,1.6
20160116200112,0.0,0.0,0.0,0.1,0.0,0.0,97.4,2.5
20160116200142,0.0,0.0,0.0,0.6,0.3,0.0,97.7,1.3
20160116200212,0.0,0.0,0.0,0.1,0.0,0.0,99.7,0.2
20160116200242,0.0,0.0,0.0,0.0,0.0,0.0,99.9,0.1
20160116200312,0.0,0.0,0.0,0.0,0.0,0.0,99.8,0.2
20160116200342,0.0,0.0,0.0,0.0,0.0,0.0,96.3,3.7
20160116200412,0.0,0.0,0.0,0.0,0.0,0.0,99.5,0.5
20160116200442,0.0,0.0,0.0,0.0,0.0,0.0,99.5,0.5
20160116200512,0.0,0.0,0.0,0.0,0.0,0.0,99.8,0.2
20160116200542,0.0,0.0,0.0,0.0,0.0,0.0,99.8,0.2
20160116200612,0.0,0.0,0.0,0.0,0.0,0.0,99.8,0.2
20160116200642,0.0,0.0,0.0,0.0,0.0,0.0,90.3,9.7
20160116200712,0.0,0.0,0.0,0.0,0.0,0.0,96.0,4.0
20160116200742,0.0,0.0,0.0,0.0,0.0,0.0,82.0,18.0
20160116200812,0.0,0.0,0.0,0.0,0.0,0.0,87.6,12.4
20160116200842,0.0,0.0,0.0,0.0,0.0,0.0,73.0,27.0
20160116200912,0.0,0.0,0.0,0.0,0.0,0.0,99.5,0.5
20160116200942,0.0,0.0,0.0,0.0,0.0,0.0,99.4,0.6
20160116201012,0.0,0.0,0.0,0.0,0.0,0.0,99.7,0.3
20160116201042,0.0,0.0,0.0,0.0,0.0,0.0,98.4,1.6
20160116201112,0.0,0.0,0.0,0.0,0.0,0.0,97.7,2.3
20160116201142,0.0,0.0,0.0,0.0,0.0,0.0,98.6,1.4
20160116201212,0.0,0.0,0.0,0.0,0.0,0.0,99.8,0.2
20160116201242,0.0,0.0,0.0,0.0,0.0,0.0,99.9,0.1
20160116201312,0.0,0.0,0.0,0.0,0.0,0.0,98.6,1.4
20160116201342,0.0,0.0,0.0,0.0,0.0,0.0,93.1,6.9
20160116201412,0.0,0.0,0.0,0.0,0.0,0.0,86.8,13.2
20160116201442,0.0,0.0,0.0,0.0,0.0,0.0,97.3,2.7
20160116201512,0.0,0.0,0.0,0.0,0.0,0.0,93.5,6.5
20160116201542,0.0,0.0,0.0,0.0,0.0,0.0,36.6,63.4
20160116201612,0.0,0.0,0.0,0.0,0.0,0.0,47.8,52.2
20160116201642,0.0,0.0,0.0,0.0,0.0,0.0,92.0,8.0
20160116201712,0.0,0.0,0.0,0.0,0.0,0.0,98.4,1.6
20160116201742,0.0,0.0,0.0,0.0,0.0,0.0,94.2,5.8
20160116201812,0.0,0.0,0.0,0.0,0.0,0.0,91.9,8.1
20160116201842,0.0,0.0,0.0,0.0,0.0,0.0,99.7,0.3
20160116201912,0.0,0.0,0.0,0.0,0.0,0.0,99.3,0.7
20160116201942,0.0,0.0,0.0,0.0,0.0,0.0,98.1,1.9
20160116202012,0.0,0.0,0.0,0.0,0.0,0.0,99.4,0.6
20160116202042,0.0,0.0,0.0,0.0,0.0,0.0,75.4,24.6
20160116202112,0.0,0.0,0.0,0.0,0.0,0.0,31.1,68.9
20160116202142,0.0,0.0,0.0,0.0,0.0,0.0,85.7,14.2
20160116202212,0.0,0.0,0.0,0.0,0.0,0.0,57.4,42.6
20160116202242,0.0,0.0,0.0,0.0,0.0,0.0,43.8,56.2
20160116202312,0.0,0.0,0.0,0.0,0.0,0.0,49.5,50.5
20160116202343,0.0,0.0,0.0,0.0,0.0,0.0,44.7,55.3
20160116202413,0.0,0.0,0.0,0.0,0.0,0.0,4.1,95.9
20160116202443,0.0,0.0,0.0,0.0,0.0,0.0,45.4,54.6
20160116202513,0.0,0.0,0.0,0.0,0.0,0.0,42.3,57.7
20160116202543,0.0,0.0,0.0,0.0,0.0,0.0,88.7,11.3
20160116202613,0.0,0.0,0.0,0.0,0.0,0.0,73.6,26.4
20160116202643,0.0,0.0,0.0,0.0,0.0,0.0,59.6,40.4
20160116202713,0.0,0.0,0.0,0.0,0.0,0.0,53.6,46.4
20160116202743,0.0,0.0,0.0,0.0,0.0,0.0,82.1,17.9
20160116202813,0.0,0.0,0.0,0.0,0.0,0.0,49.8,50.2
20160116202843,0.0,0.0,0.0,0.0,0.0,0.0,53.4,46.6
20160116202913,0.0,0.0,0.0,0.0,0.0,0.0,93.2,6.8
20160116202943,0.0,0.0,0.0,0.0,0.0,0.0,40.2,59.8
20160116203013,0.0,0.0,0.0,0.0,0.0,0.0,4.8,95.2
20160116203043,0.0,0.0,0.0,0.0,0.0,0.0,10.2,89.8
20160116203113,0.0,0.0,0.0,0.0,0.0,0.0,65.6,34.4
20160116203143,0.0,0.0,0.0,0.0,0.0,0.0,91.8,8.2
20160116203213,0.0,0.0,0.0,0.0,0.0,0.0,97.5,2.5
20160116203243,0.0,0.0,0.0,0.0,0.0,0.0,93.5,6.5
20160116203313,0.0,0.0,0.0,0.0,0.0,0.0,94.1,5.9
20160116203343,0.0,0.0,0.0,0.0,0.0,0.0,96.7,3.3
20160116203413,0.0,0.0,0.0,0.0,0.0,0.0,80.1,19.9
20160116203443,0.0,0.0,0.0,0.0,0.0,0.0,98.7,1.3
20160116203513,0.0,0.0,0.0,0.0,0.0,0.0,98.6,1.4
20160116203543,0.0,0.0,0.0,0.0,0.0,0.0,78.1,21.9
20160116203613,0.0,0.0,0.0,0.0,0.0,0.0,99.0,1.0
20160116203643,0.0,0.0,0.0,0.0,0.0,0.0,100.0,0.0
20160116203713,0.0,0.0,0.0,0.0,0.0,0.0,99.9,0.1
20160116203743,0.0,0.0,0.0,0.0,0.0,0.0,98.6,1.4
20160116203813,0.0,0.0,0.0,0.0,0.0,0.0,100.0,0.0
20160116203843,0.0,0.0,0.0,0.0,0.0,0.0,95.0,5.0
20160116203913,0.0,0.0,0.0,0.0,0.0,0.0,99.9,0.1
20160116203943,0.0,0.0,0.0,0.0,0.0,0.0,99.9,0.1
20160116204013,0.0,0.0,0.0,0.0,0.0,0.0,100.0,0.0
20160116204043,0.0,0.0,0.0,0.0,0.0,0.0,99.9,0.1
20160116204113,0.0,0.0,0.0,0.0,0.0,0.0,89.1,10.9
20160116204143,0.0,0.0,0.0,0.0,0.0,0.0,98.4,1.6
20160116204213,0.0,0.0,0.0,0.0,0.0,0.0,94.9,5.1
20160116204243,0.0,0.0,0.0,0.0,0.0,0.0,51.5,48.5
20160116204313,0.0,0.0,0.0,0.0,0.0,0.0,85.4,14.6
20160116204343,0.0,0.0,0.0,0.0,0.0,0.0,95.5,4.5
20160116204413,0.0,0.0,0.0,0.0,0.0,0.0,99.3,0.7
20160116204443,0.0,0.0,0.0,0.0,0.0,0.0,42.5,57.5
20160116204513,0.0,0.0,0.0,0.0,0.0,0.0,4.0,96.0
20160116204543,0.0,0.0,0.0,0.0,0.0,0.0,0.0,100.0
20160116204613,0.0,0.0,0.0,0.0,0.0,0.0,0.1,99.9
20160116204643,0.0,0.0,0.0,0.0,0.0,0.0,0.1,99.9
20160116204713,0.0,0.0,0.0,0.0,0.0,0.0,4.6,95.4
20160116204743,0.0,0.0,0.0,0.0,0.0,0.0,62.1,37.9
20160116204813,0.0,0.0,0.0,0.0,0.0,0.0,90.0,10.0
20160116204843,0.0,0.0,0.0,0.0,0.0,0.0,97.3,2.7
20160116204913,0.0,0.0,0.0,0.0,0.0,0.0,71.5,28.5
20160116204943,0.0,0.0,0.0,0.0,0.0,0.0,92.7,7.3
20160116205013,0.0,0.0,0.0,0.0,0.0,0.0,93.7,6.3
