UT,arc,discrete,diffuse,ac,ab,clear,cloudy,dd
20160201144900,0.0,0.0,0.0,0.0,0.0,0.0,0.0,100.0
20160201144930,0.0,0.0,0.0,0.0,0.0,0.0,0.0,100.0
20160201145000,0.0,0.0,0.0,0.0,0.0,0.0,0.0,100.0
20160201145030,0.0,0.0,0.0,0.0,0.0,0.0,0.0,100.0
20160201145100,0.0,0.0,0.0,0.0,0.0,0.0,0.0,100.0
20160201145130,0.0,0.0,0.0,0.0,0.0,0.0,0.1,99.9
20160201145200,0.0,0.0,0.0,0.0,0.0,0.0,0.3,99.7
20160201145230,0.0,0.0,0.0,0.0,0.0,0.0,0.1,99.9
20160201145300,0.0,0.0,0.0,0.0,0.0,0.0,0.2,99.8
20160201145330,0.0,0.0,0.0,0.0,0.0,0.0,0.4,99.6
20160201145400,0.0,0.0,0.0,0.0,0.0,0.0,0.1,99.9
20160201145430,0.0,0.0,0.0,0.0,0.0,0.0,1.0,99.0
20160201145500,0.0,0.0,0.0,0.0,0.0,0.0,0.1,99.9
20160201145530,0.0,0.0,0.0,0.0,0.0,0.0,0.1,99.9
20160201145600,0.0,0.0,0.0,0.0,0.0,0.0,0.0,100.0
20160201145630,0.0,0.0,0.0,0.0,0.0,0.0,0.0,100.0
20160201145700,0.0,0.0,0.0,0.0,0.0,0.0,0.0,100.0
20160201145730,0.0,0.0,0.0,0.0,0.0,0.0,0.0,100.0
20160201145800,0.0,0.0,0.0,0.0,0.0,0.0,0.0,100.0
20160201145830,0.0,0.0,0.0,0.0,0.0,0.0,0.0,100.0
20160201145900,0.0,0.0,0.0,0.0,0.0,0.0,0.0,100.0
20160201145930,0.0,0.0,0.0,0.0,0.0,0.0,0.0,100.0
20160201150000,0.0,0.0,0.0,0.0,0.0,0.0,0.0,100.0
20160201150030,0.0,0.0,0.0,0.0,0.0,0.0,0.0,100.0
20160201150100,0.0,0.0,0.0,0.0,0.0,0.0,0.0,100.0
20160201150130,0.0,0.0,0.0,0.0,0.0,0.0,0.0,100.0
20160201150200,0.0,0.0,0.0,0.0,0.0,0.0,0.0,100.0
20160201150230,0.0,0.0,0.0,0.0,0.0,0.0,0.0,100.0
20160201150300,0.0,0.0,0.0,0.0,0.0,0.0,0.0,100.0
20160201150330,0.0,0.0,0.0,0.0,0.0,0.0,0.0,100.0
20160201150400,0.0,0.0,0.0,0.0,0.0,0.0,0.0,100.0
20160201150430,0.0,0.0,0.0,0.0,0.0,0.0,0.0,100.0
20160201150500,0.0,0.0,0.0,0.0,0.0,0.0,0.0,100.0
20160201150530,0.0,0.0,0.0,0.0,0.0,0.0,0.0,100.0
20160201150600,0.0,0.0,0.0,0.0,0.0,0.0,0.0,100.0
20160201150630,0.0,0.0,0.0,0.0,0.0,0.0,0.0,100.0
20160201150700,0.0,0.0,0.0,0.0,0.0,0.0,0.0,100.0
20160201150730,0.0,0.0,0.0,0.0,0.0,0.0,0.0,100.0
20160201150800,0.0,0.0,0.0,0.0,0.0,0.0,0.0,100.0
20160201150830,0.0,0.0,0.0,0.0,0.0,0.0,0.0,100.0
20160201150900,0.0,0.0,0.0,0.0,0.0,0.0,0.0,100.0
20160201150930,0.0,0.0,0.0,0.0,0.0,0.0,0.0,100.0
20160201151000,0.0,0.0,0.0,0.0,0.0,0.0,0.0,100.0
20160201151030,0.0,0.0,0.0,0.0,0.0,0.0,0.0,100.0
20160201151100,0.0,0.0,0.0,0.0,0.0,0.0,0.0,100.0
20160201151130,0.0,0.0,0.0,0.0,0.0,0.0,0.0,100.0
20160201151200,0.0,0.0,0.0,0.0,0.0,0.0,0.0,100.0
20160201151230,0.0,0.0,0.0,0.0,0.0,0.0,0.0,100.0
20160201151300,0.0,0.0,0.0,0.0,0.0,0.0,0.0,100.0
20160201151331,0.0,0.0,0.0,0.0,0.0,0.0,0.1,99.9
20160201151401,0.0,0.0,0.0,0.0,0.0,0.0,0.0,100.0
20160201151431,0.0,0.0,0.0,0.0,0.0,0.0,0.2,99.8
20160201151501,0.0,0.0,0.0,0.0,0.0,0.0,33.9,66.1
20160201151531,0.0,0.0,0.0,0.0,0.0,0.0,1.7,98.3
20160201151601,0.0,0.0,0.0,0.0,0.0,0.0,3.1,96.9
20160201151631,0.0,0.0,0.0,0.0,0.0,0.0,7.5,92.5
20160201151701,0.0,0.0,0.0,0.0,0.0,0.0,1.3,98.7
20160201151731,0.0,0.0,0.0,0.0,0.0,0.0,6.6,93.4
20160201151801,0.0,0.0,0.0,0.0,0.0,0.0,2.7,97.2
20160201151831,0.0,0.0,0.0,0.0,0.0,0.0,4.0,96.0
20160201151901,0.0,0.0,0.0,0.0,0.0,0.0,0.4,99.6
20160201151931,0.0,0.0,0.0,0.0,0.0,0.0,0.4,99.6
20160201152001,0.0,0.0,0.0,0.0,0.0,0.0,0.2,99.8
20160201152031,0.0,0.0,0.0,0.0,0.0,0.0,0.0,100.0
20160201152101,0.0,0.0,0.0,0.0,0.0,0.0,0.0,100.0
20160201152131,0.0,0.0,0.0,0.0,0.0,0.0,0.1,99.9
20160201152201,0.0,0.0,0.0,0.0,0.0,0.0,0.1,99.9
20160201152231,0.0,0.0,0.0,0.0,0.0,0.0,0.1,99.9
20160201152301,0.0,0.0,0.0,0.0,0.0,0.0,0.0,100.0
20160201152331,0.0,0.0,0.0,0.0,0.0,0.0,0.1,99.9
20160201152401,0.0,0.0,0.0,0.0,0.0,0.0,0.3,99.7
20160201152431,0.0,0.0,0.0,0.0,0.0,0.0,0.1,99.9
20160201152501,0.0,0.0,0.0,0.0,0.0,0.0,0.0,100.0
20160201152531,0.0,0.0,0.0,0.0,0.0,0.0,0.1,99.9
20160201152601,0.0,0.0,0.0,0.0,0.0,0.0,0.3,99.7
20160201152631,0.0,0.0,0.0,0.0,0.0,0.0,0.0,100.0
20160201152701,0.0,0.0,0.0,0.0,0.0,0.0,0.0,100.0
20160201152731,0.0,0.0,0.0,0.0,0.0,0.0,0.3,99.7
20160201152801,0.0,0.0,0.0,0.0,0.0,0.0,0.1,99.9
20160201152831,0.0,0.0,0.0,0.0,0.0,0.0,0.2,99.8
20160201152901,0.0,0.0,0.0,0.0,0.0,0.0,0.0,100.0
20160201152931,0.0,0.0,0.0,0.0,0.0,0.0,0.0,100.0
20160201153001,0.0,0.0,0.0,0.0,0.0,0.0,0.0,100.0
20160201153031,0.0,0.0,0.0,0.0,0.0,0.0,0.0,100.0
20160201153101,0.0,0.0,0.0,0.0,0.0,0.0,0.2,99.8
20160201153131,0.0,0.0,0.0,0.0,0.0,0.0,0.0,100.0
20160201153201,0.0,0.0,0.0,0.0,0.0,0.0,0.0,100.0
20160201153231,0.0,0.0,0.0,0.0,0.0,0.0,0.1,99.9
20160201153301,0.0,0.0,0.0,0.0,0.0,0.0,0.0,100.0
20160201153331,0.0,0.0,0.0,0.0,0.0,0.0,0.0,100.0
20160201153401,0.0,0.0,0.0,0.0,0.0,0.0,0.0,100.0
20160201153431,0.0,0.0,0.0,0.0,0.0,0.0,0.0,100.0
20160201153501,0.0,0.0,0.0,0.0,0.0,0.0,0.0,100.0
20160201153531,0.0,0.0,0.0,0.0,0.0,0.0,0.2,99.8
20160201153601,0.0,0.0,0.0,0.0,0.0,0.0,0.6,99.3
20160201153631,0.0,0.0,0.0,0.0,0.0,0.0,0.3,99.7
20160201153701,0.0,0.0,0.0,0.0,0.0,0.0,0.0,100.0
20160201153731,0.0,0.0,0.0,0.0,0.0,0.0,0.1,99.9
20160201153801,0.0,0.0,0.0,0.0,0.0,0.0,0.0,100.0
20160201153831,0.0,0.0,0.0,0.0,0.0,0.0,0.0,100.0
20160201153901,0.0,0.0,0.0,0.0,0.0,0.0,0.1,99.9
20160201153931,0.0,0.0,0.0,0.0,0.0,0.0,0.0,100.0
20160201154001,0.0,0.0,0.0,0.0,0.0,0.0,0.0,100.0
20160201154031,0.0,0.0,0.0,0.0,0.0,0.0,0.0,100.0
20160201154101,0.0,0.0,0.0,0.0,0.0,0.0,0.0,100.0
20160201154131,0.0,0.0,0.0,0.0,0.0,0.0,0.0,100.0
20160201154201,0.0,0.0,0.0,0.0,0.0,0.0,0.0,100.0
20160201154231,0.0,0.0,0.0,0.0,0.0,0.0,0.0,100.0
20160201154301,0.0,0.0,0.0,0.0,0.0,0.0,0.0,100.0
20160201154331,0.0,0.0,0.0,0.0,0.0,0.0,0.0,100.0
20160201154401,0.0,0.0,0.0,0.0,0.0,0.0,0.0,100.0
20160201154431,0.0,0.0,0.0,0.0,0.0,0.0,0.0,100.0
20160201154501,0.0,0.0,0.0,0.0,0.0,0.0,0.2,99.8
20160201154531,0.0,0.0,0.0,0.0,0.0,0.0,0.0,100.0
20160201154601,0.0,0.0,0.0,0.0,0.0,0.0,0.0,100.0
20160201154631,0.0,0.0,0.0,0.0,0.0,0.0,0.0,100.0
20160201154701,0.0,0.0,0.0,0.0,0.0,0.0,0.0,100.0
20160201154732,0.0,0.0,0.0,0.0,0.0,0.1,0.2,99.6
20160201154802,0.0,0.0,0.0,0.0,0.0,0.0,0.0,100.0
20160201154832,0.0,0.0,0.0,0.0,0.0,0.0,0.0,100.0
20160201155032,0.0,0.0,0.0,0.0,0.0,0.0,6.3,93.7
20160201155102,0.0,0.0,0.0,0.1,0.0,0.0,3.2,96.7
20160201155132,0.0,0.0,0.0,0.0,0.0,0.0,26.4,73.6
20160201155202,0.0,0.0,0.0,0.0,0.0,0.0,3.3,96.7
20160201155232,0.0,0.0,0.0,0.0,0.0,0.0,17.1,82.9
20160201155302,0.0,0.0,0.0,0.0,0.0,0.0,2.7,97.3
20160201155332,0.0,0.0,0.0,0.0,0.0,0.0,1.2,98.8
20160201155402,0.0,0.0,0.0,0.0,0.0,0.0,17.4,82.6
20160201155432,0.0,0.0,0.0,0.0,0.0,0.0,9.3,90.7
20160201155502,0.0,0.0,0.0,0.0,0.0,0.0,8.9,91.1
20160201155532,0.0,0.0,0.0,0.0,0.0,0.0,4.8,95.2
20160201155602,0.0,0.0,0.0,0.0,0.0,0.0,10.1,89.9
20160201155632,0.0,0.0,0.0,0.0,0.0,0.0,4.9,95.1
20160201160418,0.0,0.0,0.1,0.0,0.0,0.0,36.9,63.0
20160201160448,0.0,0.0,0.0,0.0,0.0,0.0,24.5,75.5
20160201160518,0.0,0.0,0.1,0.0,0.0,0.0,16.4,83.5
20160201160548,0.0,0.0,0.1,0.0,0.0,0.0,70.5,29.3
20160201160618,0.0,0.0,0.0,0.0,0.0,0.0,42.1,57.8
20160201160648,0.0,0.0,0.0,0.0,0.0,0.0,45.1,54.9
20160201160718,0.0,0.0,0.0,0.0,0.0,0.0,36.0,64.0
20160201160748,0.0,0.0,0.0,0.0,0.0,0.0,23.9,76.1
20160201160818,0.0,0.0,0.0,0.0,0.0,0.0,13.5,86.5
20160201160848,0.0,0.0,0.0,0.0,0.0,0.0,8.4,91.6
20160201160918,0.0,0.0,0.0,0.0,0.0,0.0,16.3,83.6
20160201160948,0.0,0.0,0.0,0.0,0.0,0.0,20.4,79.6
20160201161018,0.0,0.0,0.0,0.0,0.0,0.0,88.0,12.0
20160201161048,0.0,0.0,0.0,0.0,0.0,0.0,86.2,13.8
20160201161118,0.0,0.0,0.0,0.0,0.0,0.0,94.8,5.2
20160201161148,0.0,0.0,0.0,0.0,0.0,0.0,90.7,9.3
20160201161218,0.0,0.0,0.0,0.0,0.0,0.0,71.3,28.7
20160201161248,0.0,0.0,0.0,0.0,0.0,0.0,13.5,86.5
20160201161318,0.0,0.0,0.0,0.0,0.0,0.0,37.9,62.1
20160201161348,0.0,0.0,0.0,0.0,0.0,0.0,8.0,92.0
20160201161418,0.0,0.0,0.0,0.0,0.0,0.0,0.4,99.6
20160201161448,0.0,0.0,0.0,0.0,0.0,0.0,2.0,98.0
20160201161518,0.0,0.0,0.0,0.0,0.0,0.0,1.6,98.4
20160201161548,0.0,0.0,0.0,0.0,0.0,0.0,2.1,97.9
20160201161618,0.0,0.0,0.0,0.0,0.0,0.0,0.7,99.3
20160201161648,0.0,0.0,0.0,0.0,0.0,0.0,1.1,98.9
20160201161718,0.0,0.0,0.0,0.0,0.0,0.0,16.3,83.7
20160201161748,0.0,0.0,0.0,0.0,0.0,0.0,3.2,96.8
20160201161818,0.0,0.0,0.0,0.0,0.0,0.0,5.5,94.5
20160201161848,0.0,0.0,0.0,0.0,0.0,0.0,3.4,96.5
20160201161919,0.0,0.0,0.0,0.0,0.0,0.0,0.1,99.9
20160201161949,0.0,0.0,0.0,0.0,0.0,0.0,0.2,99.8
20160201162019,0.0,0.0,0.0,0.0,0.0,0.0,0.3,99.7
20160201162049,0.0,0.0,0.0,0.0,0.0,0.0,0.9,99.1
20160201162119,0.0,0.0,0.0,0.0,0.0,0.0,0.7,99.3
20160201162149,0.0,0.0,0.0,0.0,0.0,0.0,0.5,99.5
20160201162219,0.0,0.0,0.0,0.0,0.0,0.0,2.2,97.8
20160201162249,0.0,0.0,0.0,0.0,0.0,0.0,1.0,99.0
20160201162319,0.0,0.0,0.0,0.0,0.0,0.0,0.5,99.5
20160201162349,0.0,0.0,0.0,0.0,0.0,0.0,0.6,99.4
20160201162419,0.0,0.0,0.0,0.0,0.0,0.0,18.0,82.0
20160201162449,0.0,0.0,0.0,0.0,0.0,0.0,38.4,61.6
20160201162519,0.0,0.0,0.0,0.0,0.0,0.0,7.1,92.9
20160201162549,0.0,0.0,0.0,0.0,0.0,0.0,33.8,66.2
20160201162619,0.0,0.0,0.0,0.1,0.0,0.0,14.9,85.0
20160201162649,0.0,0.0,0.0,0.1,0.0,0.0,7.5,92.4
20160201162719,0.0,0.0,0.0,0.0,0.0,0.0,0.6,99.4
20160201162749,0.0,0.0,0.0,0.0,0.0,0.0,19.5,80.4
20160201162819,0.0,0.0,0.0,0.0,0.0,0.0,10.8,89.1
20160201162849,0.0,0.0,0.1,0.2,0.0,0.0,11.2,88.5
20160201162919,0.0,0.0,0.0,0.0,0.0,0.0,48.1,51.9
20160201162949,0.0,0.0,0.0,0.0,0.0,0.0,17.6,82.4
20160201163019,0.0,0.0,0.0,0.0,0.0,0.0,28.1,71.9
20160201163049,0.0,0.0,0.1,0.0,0.1,0.0,37.1,62.7
20160201163119,0.0,0.0,0.0,0.0,0.1,0.0,6.7,93.1
20160201163149,0.0,0.0,0.1,0.0,0.1,0.0,69.2,30.6
20160201163219,0.0,0.0,0.0,0.0,0.0,0.0,60.9,39.0
20160201163249,0.0,0.0,0.0,0.0,0.0,0.0,81.5,18.5
20160201163319,0.0,0.0,0.0,0.0,0.0,0.0,99.6,0.4
20160201163349,0.0,0.0,0.0,0.0,0.0,0.0,94.1,5.8
20160201163419,0.0,0.0,0.1,0.0,0.0,0.0,98.6,1.2
20160201163449,0.0,0.0,0.0,0.0,0.0,0.0,98.9,1.1
20160201163519,0.0,0.0,0.0,0.0,0.0,0.0,99.1,0.9
20160201163549,0.0,0.0,0.0,0.0,0.0,0.0,99.0,1.0
20160201163619,0.0,0.0,0.0,0.0,0.0,0.0,87.9,12.1
20160201163649,0.0,0.0,0.0,0.0,0.0,0.0,95.2,4.8
20160201163719,0.0,0.0,0.0,0.0,0.0,0.0,51.5,48.4
20160201163749,0.0,0.0,0.0,0.0,0.0,0.0,99.8,0.2
20160201163819,0.0,0.0,0.0,0.0,0.0,0.0,57.5,42.5
20160201163849,0.0,0.0,0.0,0.0,0.0,0.0,9.8,90.2
20160201163919,0.0,0.0,0.0,0.0,0.0,0.4,94.1,5.5
20160201163949,0.0,0.0,0.2,0.0,0.0,0.0,37.6,62.2
20160201164019,0.0,0.0,0.1,0.0,0.0,0.1,66.6,33.2
20160201164049,0.0,0.0,0.0,0.0,0.0,0.5,91.1,8.4
20160201164119,0.0,0.0,0.0,0.0,0.0,0.2,90.9,8.8
20160201164149,0.0,0.0,0.0,0.0,0.0,0.1,91.5,8.3
20160201164219,0.0,0.0,0.0,0.0,0.0,2.4,54.5,43.1
20160201164249,0.0,0.0,0.0,0.0,0.0,0.2,95.7,4.1
20160201164319,0.0,0.0,0.0,0.0,0.0,2.0,46.4,51.6
20160201164349,0.0,0.0,0.0,0.0,0.0,4.1,69.4,26.5
20160201164419,0.0,0.0,0.0,0.0,0.0,74.3,3.8,21.9
20160201164449,0.0,0.0,0.0,0.0,0.0,77.0,8.5,14.5
20160201164519,0.0,0.0,0.0,0.0,0.0,81.9,2.0,16.1
20160201164549,0.0,0.0,0.0,0.0,0.0,10.4,0.4,89.2
20160201164619,0.0,0.0,0.0,0.0,0.0,70.6,0.5,28.9
20160201164649,0.0,0.0,0.0,0.0,0.0,93.8,0.2,6.0
20160201164719,0.0,0.0,0.0,0.0,0.0,60.5,1.1,38.4
20160201164749,0.0,0.0,0.0,0.0,0.0,81.1,1.7,17.2
20160201164819,0.0,0.0,0.0,0.0,0.0,62.1,2.2,35.6
20160201164849,0.2,0.1,0.1,0.0,0.0,85.2,7.3,7.2
20160201164919,0.0,0.0,0.0,0.0,0.0,15.7,72.9,11.4
20160201164949,0.0,0.0,0.0,0.0,0.0,53.6,37.0,9.4
20160201165019,0.0,0.0,0.0,0.0,0.0,89.6,1.9,8.5
20160201165049,0.0,0.0,0.0,0.0,0.0,14.9,40.8,44.2
20160201165119,0.0,0.0,0.0,0.0,0.0,0.7,11.1,88.2
20160201165149,0.0,0.0,0.0,0.0,0.0,1.2,92.6,6.2
20160201165219,0.0,0.0,0.1,0.1,0.1,1.0,27.6,71.0
20160201165250,0.0,0.0,0.0,0.0,0.0,1.5,5.3,93.1
20160201165320,0.1,0.0,0.0,0.0,0.0,8.7,69.2,21.8
20160201165350,1.6,0.0,0.1,0.2,0.2,4.3,88.9,4.7
20160201165420,0.0,0.0,0.0,0.0,0.0,0.5,94.6,4.9
20160201165450,0.0,0.0,0.0,0.0,0.0,0.6,95.5,3.8
20160201165520,0.1,0.0,0.0,0.0,0.1,0.6,89.3,9.9
20160201165550,0.4,0.0,0.0,1.2,0.1,28.2,62.5,7.6
20160201165620,0.0,0.0,0.0,0.0,0.0,2.9,91.9,5.2
20160201165650,0.3,0.0,0.1,0.2,0.2,13.3,66.0,20.0
20160201165720,0.0,0.0,0.0,0.0,0.0,14.1,65.7,20.2
20160201165750,0.0,0.0,0.0,0.1,0.0,0.5,35.0,64.4
20160201165820,1.2,0.1,1.7,0.0,0.1,30.5,41.5,24.9
20160201165850,1.5,0.3,1.2,0.0,0.0,51.5,26.8,18.7
20160201165920,4.2,0.2,2.2,0.1,0.0,29.4,3.5,60.4
20160201165950,1.3,0.4,0.5,0.1,0.0,36.9,34.0,26.6
20160201170020,1.0,0.4,1.6,0.1,0.0,62.6,26.1,8.1
20160201170050,0.3,0.3,1.6,0.3,0.1,1.5,73.8,22.1
20160201170120,0.5,3.9,4.4,1.5,0.2,0.7,46.6,42.4
20160201170150,0.7,0.4,1.2,0.3,0.1,3.2,92.1,2.1
20160201170220,0.0,0.5,0.7,0.3,0.8,0.5,81.6,15.6
20160201170250,0.0,0.2,0.1,0.7,0.8,0.2,84.1,13.9
20160201170320,0.0,0.2,0.1,0.2,0.3,0.0,88.9,10.2
20160201170350,0.0,0.1,0.0,0.0,0.4,0.0,97.4,2.1
20160201170420,0.0,0.0,0.0,0.0,0.0,0.0,99.7,0.3
20160201170450,0.0,0.0,0.0,0.0,0.5,0.0,93.5,5.9
20160201170520,0.0,0.0,0.0,0.0,0.0,0.0,99.8,0.2
20160201170550,0.0,0.0,0.0,0.0,0.0,0.0,100.0,0.0
20160201170620,0.0,0.0,0.0,0.0,0.0,0.0,99.9,0.1
20160201170650,0.0,0.0,0.0,0.0,0.0,0.0,100.0,0.0
20160201170720,0.0,0.0,0.0,0.0,0.0,0.0,100.0,0.0
20160201170750,0.0,0.0,0.0,0.0,0.0,0.0,100.0,0.0
20160201170820,0.0,0.0,0.0,0.0,0.0,0.0,100.0,0.0
20160201170850,0.0,0.0,0.0,0.0,0.0,0.0,100.0,0.0
20160201170920,0.0,0.0,0.0,0.0,0.0,0.0,100.0,0.0
20160201170950,0.0,0.0,0.0,0.0,0.0,0.0,100.0,0.0
20160201171020,0.0,0.0,0.0,0.0,0.0,0.0,99.9,0.1
20160201171050,0.0,0.0,0.0,0.0,0.0,0.0,100.0,0.0
20160201171120,0.0,0.0,0.0,0.0,0.0,0.0,100.0,0.0
20160201171150,0.0,0.0,0.0,0.0,0.0,0.0,100.0,0.0
20160201171220,0.0,0.0,0.0,0.0,0.0,0.0,100.0,0.0
20160201171250,0.0,0.0,0.0,0.0,0.0,0.0,97.6,2.4
20160201171320,0.0,0.0,0.0,0.0,0.0,0.0,91.6,8.4
20160201171350,0.0,0.0,0.0,0.0,0.0,0.0,99.2,0.8
20160201171420,0.0,0.0,0.0,0.0,0.0,0.0,99.1,0.9
20160201171450,0.0,0.0,0.0,0.0,0.0,0.0,100.0,0.0
20160201171520,0.0,0.0,0.0,0.0,0.0,0.0,96.7,3.3
20160201171550,0.0,0.0,0.0,0.0,0.0,0.0,99.1,0.9
20160201171620,0.0,0.0,0.0,0.0,0.0,0.0,98.2,1.8
20160201171650,0.0,0.0,0.0,0.0,0.0,0.0,99.6,0.4
20160201171720,0.0,0.0,0.0,0.0,0.0,0.0,94.5,5.5
20160201171750,0.0,0.0,0.0,0.0,0.0,0.0,88.7,11.3
20160201171820,0.0,0.0,0.0,0.0,0.0,0.0,57.5,42.5
20160201171850,0.0,0.0,0.0,0.0,0.0,0.0,79.5,20.5
20160201171920,0.0,0.0,0.4,0.0,0.0,0.0,96.1,3.5
20160201171950,0.0,0.0,0.0,0.0,0.0,0.0,99.8,0.1
20160201172020,0.0,0.0,0.0,0.0,0.0,0.0,100.0,0.0
20160201172051,0.0,0.0,0.0,0.0,0.0,0.0,99.3,0.7
20160201172121,0.0,0.0,0.0,0.0,0.0,0.0,100.0,0.0
20160201172151,0.0,0.0,0.0,0.0,0.0,0.0,99.5,0.5
20160201172221,0.1,0.0,0.0,0.0,0.7,0.0,94.5,4.6
20160201172251,0.0,0.0,0.0,0.0,0.0,0.0,99.3,0.6
20160201172321,0.0,0.0,0.0,0.3,0.2,0.0,91.8,7.6
20160201172351,0.0,0.0,0.0,30.8,2.1,0.0,60.8,6.2
20160201172421,0.0,0.0,0.0,12.4,2.2,0.0,79.8,5.6
20160201172451,0.0,0.0,0.0,35.0,2.9,0.0,58.4,3.7
20160201172521,0.0,0.0,0.0,10.2,0.1,0.0,88.7,1.0
20160201172551,0.0,0.0,0.0,6.4,0.1,0.0,92.5,1.0
20160201172621,0.0,0.0,0.0,4.9,0.1,0.0,94.5,0.5
20160201172651,0.0,0.0,0.0,1.6,0.0,0.0,97.5,0.8
20160201172721,0.0,0.0,0.0,1.3,0.1,0.0,98.2,0.5
20160201172751,0.0,0.0,0.0,0.9,0.1,0.0,98.0,1.0
20160201172821,0.0,0.0,0.0,1.3,0.0,0.0,98.6,0.1
20160201172851,0.0,0.0,0.0,1.5,0.0,0.0,97.9,0.6
20160201172921,0.0,0.0,0.0,0.9,0.0,0.0,99.0,0.1
20160201172951,0.0,0.0,0.0,0.6,0.0,0.0,99.1,0.2
20160201173021,0.0,0.0,0.0,2.2,0.0,0.0,97.5,0.3
20160201173051,0.0,0.0,0.0,0.3,0.0,0.0,99.6,0.1
20160201173121,0.0,0.0,0.0,0.1,0.0,0.0,99.9,0.1
20160201173151,0.0,0.0,0.0,0.1,0.0,0.0,99.9,0.0
20160201173221,0.0,0.0,0.0,0.5,0.0,0.0,99.5,0.1
20160201173251,0.0,0.0,0.0,0.7,0.0,0.0,99.2,0.1
20160201173321,0.0,0.0,0.0,0.3,0.0,0.0,99.7,0.1
20160201173351,0.0,0.0,0.0,0.1,0.0,0.0,99.9,0.0
20160201173421,0.0,0.0,0.0,0.0,0.0,0.0,100.0,0.0
20160201173451,0.0,0.0,0.0,0.0,0.0,0.0,100.0,0.0
20160201173521,0.0,0.0,0.0,0.0,0.0,0.0,100.0,0.0
20160201173551,0.0,0.0,0.0,0.0,0.0,0.0,100.0,0.0
20160201173621,0.0,0.0,0.0,0.0,0.0,0.0,100.0,0.0
20160201173651,0.0,0.0,0.0,0.0,0.0,0.0,100.0,0.0
20160201173721,0.0,0.0,0.0,0.0,0.0,0.0,100.0,0.0
20160201173751,0.0,0.0,0.0,0.2,0.0,0.0,99.8,0.0
20160201173821,0.0,0.0,0.0,0.2,0.0,0.0,99.8,0.0
20160201173851,0.0,0.0,0.0,0.0,0.0,0.0,100.0,0.0
20160201173921,0.0,0.0,0.0,0.0,0.0,0.0,100.0,0.0
20160201173951,0.0,0.0,0.0,0.0,0.0,0.0,100.0,0.0
20160201174021,0.0,0.0,0.0,0.0,0.0,0.0,100.0,0.0
20160201174051,0.0,0.0,0.0,0.0,0.0,0.0,100.0,0.0
20160201174121,0.0,0.0,0.0,0.0,0.0,0.0,99.9,0.0
20160201174151,0.0,0.0,0.0,0.0,0.0,0.0,100.0,0.0
20160201174221,0.0,0.0,0.0,0.0,0.1,0.0,99.7,0.2
20160201174251,0.0,0.0,0.0,0.0,0.0,0.0,99.6,0.4
20160201174321,0.0,0.0,0.0,0.0,0.0,0.0,100.0,0.0
20160201174351,0.0,0.0,0.0,0.0,0.0,0.0,99.8,0.2
20160201174421,0.0,0.0,0.0,0.0,0.0,0.0,99.9,0.1
20160201174451,0.0,0.0,0.0,0.0,0.0,0.0,98.5,1.5
20160201174521,0.0,0.0,0.2,0.0,0.0,0.0,99.6,0.2
20160201174551,0.0,0.0,0.1,0.0,0.0,0.0,99.7,0.2
20160201174621,0.0,0.0,0.0,0.0,0.0,0.0,99.7,0.3
20160201174651,0.0,0.0,0.0,0.0,0.0,0.0,99.9,0.0
20160201174721,0.0,0.0,0.0,0.0,0.0,0.0,99.9,0.1
20160201174751,0.0,0.0,0.2,0.0,0.0,0.0,91.0,8.7
20160201174821,0.0,0.0,0.1,0.0,0.0,0.0,98.5,1.4
20160201174851,0.0,0.0,0.2,0.0,0.0,0.0,98.0,1.7
20160201174921,0.0,0.0,0.1,0.0,0.0,0.0,95.9,4.0
20160201174951,0.0,0.0,0.4,0.1,0.1,0.0,62.4,37.0
20160201175021,0.0,0.0,0.1,0.0,0.0,0.0,97.1,2.8
20160201175051,0.0,0.0,3.6,0.0,0.1,0.0,73.7,22.5
20160201175121,0.0,0.0,0.3,0.0,0.0,0.0,85.3,14.4
20160201175151,0.0,0.0,0.4,0.0,0.0,0.0,98.1,1.4
20160201175221,0.0,0.0,0.0,0.0,0.0,0.0,97.9,2.0
20160201175251,0.0,0.0,0.0,0.0,0.3,0.0,91.5,8.1
20160201175321,0.0,0.0,0.1,0.0,0.0,0.0,93.0,6.8
20160201175351,0.0,0.0,0.2,0.0,0.4,0.0,78.4,21.0
20160201175421,0.0,0.0,0.0,0.0,0.1,0.0,99.5,0.3
20160201175451,0.0,0.0,0.0,0.0,0.1,0.0,2.0,97.8
20160201175522,0.0,0.0,0.0,0.0,0.3,0.0,18.7,80.9
20160201175552,0.1,0.0,0.0,0.0,1.1,0.4,65.2,33.2
20160201175622,0.0,0.0,0.0,0.0,0.0,0.1,95.4,4.5
20160201175652,0.0,0.0,0.0,0.0,0.0,0.0,8.4,91.5
20160201175722,0.0,0.0,0.0,0.0,0.0,0.4,81.0,18.5
20160201175752,0.0,0.0,0.0,0.0,0.0,0.2,16.1,83.7
20160201175822,0.0,0.0,0.0,0.0,0.0,0.1,34.1,65.8
20160201175852,0.0,0.0,0.0,0.0,0.0,0.0,66.0,34.0
20160201175922,0.0,0.0,0.0,0.0,0.1,0.0,86.2,13.6
20160201175952,0.0,0.0,0.0,0.0,0.0,0.0,50.4,49.6
20160201180022,0.0,0.1,0.2,0.0,0.1,0.1,95.1,4.4
20160201180052,0.0,0.0,0.3,0.0,0.3,0.0,57.7,41.6
20160201180122,0.2,0.2,0.9,0.0,1.1,0.4,88.5,8.7
20160201180152,0.0,0.0,0.8,0.0,0.8,0.0,52.6,45.8
20160201180222,0.0,0.0,0.0,0.0,0.2,0.0,95.4,4.4
20160201180252,0.0,0.0,0.0,0.0,0.3,0.0,83.4,16.3
20160201180322,0.0,0.0,0.7,0.0,0.4,0.0,19.7,79.2
20160201180352,0.0,0.0,0.1,0.0,0.1,0.0,91.7,8.1
20160201180422,0.1,0.1,1.2,0.0,0.1,0.1,30.2,68.2
20160201180452,0.1,0.4,1.4,0.0,0.3,0.2,84.8,12.8
20160201180522,0.0,0.0,1.2,0.0,0.1,0.0,83.6,15.0
20160201180552,0.1,0.1,8.1,0.1,0.8,0.1,81.6,9.1
20160201180622,0.0,0.0,0.5,0.0,0.3,0.0,53.0,46.1
20160201180652,0.0,0.0,0.1,0.0,0.2,0.0,99.0,0.6
20160201180722,0.0,0.0,0.0,0.0,0.0,0.0,99.7,0.2
20160201180752,0.0,0.0,0.0,0.0,0.0,0.0,99.0,1.0
20160201180822,0.0,0.0,0.0,0.0,0.0,0.0,99.8,0.2
20160201180852,0.0,0.0,0.2,0.0,0.0,0.0,94.9,4.9
20160201180922,0.0,0.2,0.5,0.0,0.1,0.0,96.2,2.9
20160201180952,0.0,0.0,0.1,0.0,0.1,0.0,90.7,9.0
20160201181022,0.0,0.0,0.1,0.0,0.3,0.0,96.3,3.3
20160201181052,0.0,0.1,0.2,0.0,0.1,0.0,75.4,24.1
20160201181122,0.0,0.0,0.0,0.0,0.1,0.0,43.8,56.0
20160201181152,0.0,0.0,1.3,0.0,0.4,0.0,46.6,51.6
20160201181222,0.0,0.0,0.1,0.0,0.1,0.1,94.1,5.6
20160201181252,0.0,0.0,0.9,0.0,0.2,0.2,88.5,10.2
20160201181322,0.0,0.0,0.0,0.0,0.1,0.0,46.1,53.8
20160201181352,0.0,0.0,0.1,0.0,0.3,0.0,91.8,7.8
20160201181422,0.1,0.0,0.0,0.0,0.6,0.0,72.3,26.9
20160201181452,0.0,0.0,0.0,0.0,0.5,0.2,86.9,12.2
20160201181522,0.3,0.5,0.8,0.1,6.9,0.4,29.7,61.3
20160201181552,0.0,0.1,0.0,0.0,0.3,0.2,69.3,30.1
20160201181622,0.0,0.0,0.0,0.0,0.6,0.0,87.0,12.4
20160201181652,0.2,0.4,0.2,0.0,3.0,0.0,62.0,34.3
20160201181722,0.1,0.4,0.5,0.0,5.7,0.1,75.9,17.2
20160201181752,0.3,0.1,0.1,0.0,13.8,0.1,71.6,14.1
20160201181822,0.2,0.2,0.1,0.0,3.0,0.2,20.3,76.1
20160201181852,0.0,0.0,0.0,0.0,2.4,0.0,70.7,26.8
20160201181922,0.2,0.1,0.0,0.0,32.4,0.0,65.3,2.1
20160201181952,0.0,0.0,0.0,0.0,0.2,0.0,99.2,0.6
20160201182022,0.0,0.0,0.0,0.0,1.1,0.0,97.5,1.4
20160201182052,0.0,0.0,0.0,0.0,3.3,0.0,92.7,3.9
20160201182122,0.0,0.0,0.0,0.0,0.9,0.0,10.5,88.6
20160201182152,0.0,0.8,1.0,0.2,15.9,0.0,71.4,10.7
20160201182222,0.0,0.3,0.2,0.0,1.0,0.0,64.7,33.7
20160201182252,0.0,0.8,0.3,0.0,5.3,0.0,56.5,37.0
20160201182322,0.0,0.6,1.5,0.1,1.8,0.0,20.6,75.3
20160201182352,0.0,0.2,1.0,0.2,0.1,0.0,92.2,6.3
20160201182422,0.0,1.9,4.2,0.5,0.5,0.0,82.3,10.5
20160201182452,0.0,0.8,2.1,0.1,1.1,0.0,49.7,46.3
20160201182522,0.0,0.5,0.6,0.2,0.1,0.0,86.5,12.1
20160201182552,0.0,0.1,0.2,0.1,0.0,0.1,27.6,71.9
20160201182622,0.0,0.0,0.0,0.0,0.0,0.0,40.2,59.6
20160201182652,0.0,0.1,0.7,0.1,0.4,0.1,55.0,43.6
20160201182722,0.0,0.2,2.1,0.0,0.0,0.2,74.5,23.0
20160201182752,0.0,0.1,0.4,0.0,0.1,0.0,87.3,12.0
20160201182822,0.0,0.0,0.9,0.1,0.2,0.0,53.2,45.5
20160201182852,0.0,0.1,1.8,0.0,0.4,0.0,68.0,29.6
20160201182923,0.2,5.3,1.0,0.1,0.4,0.2,13.9,78.8
20160201182953,0.0,0.2,0.1,0.0,0.0,0.1,14.1,85.5
20160201183023,0.1,7.3,1.9,0.1,0.1,0.1,77.6,12.9
20160201183053,0.0,0.2,0.1,0.0,0.0,0.0,99.2,0.4
20160201183123,0.0,0.1,0.6,0.0,0.0,0.0,92.9,6.4
20160201183153,0.0,0.0,0.1,0.0,0.0,0.0,99.8,0.1
20160201183223,0.0,0.0,0.0,0.0,0.0,0.0,95.4,4.6
20160201183253,0.0,0.0,0.0,0.0,0.0,0.0,96.4,3.6
20160201183323,0.0,0.1,0.2,0.0,0.0,0.0,65.6,34.1
20160201183353,0.0,0.4,0.6,0.0,0.0,0.0,53.8,45.2
20160201183423,0.0,0.0,0.1,0.0,0.0,0.0,34.1,65.7
20160201183453,0.0,0.0,0.0,0.0,0.0,0.0,2.5,97.4
20160201183523,0.0,0.4,0.5,0.0,0.0,0.0,37.5,61.6
20160201183553,0.0,0.0,0.7,0.0,0.0,0.1,81.3,17.9
20160201183623,0.0,0.0,0.3,0.0,0.0,0.1,81.6,18.0
20160201183653,0.0,0.2,0.5,0.0,0.1,0.1,95.1,3.9
20160201183723,0.0,0.0,0.1,0.0,0.0,0.1,79.2,20.6
20160201183753,0.0,0.3,0.0,0.0,0.3,0.0,32.7,66.5
20160201183823,0.0,1.8,0.5,0.0,1.7,0.1,34.3,61.6
20160201183853,0.0,0.9,0.3,0.2,0.4,0.1,41.7,56.3
20160201183923,0.0,0.2,0.2,0.0,0.0,0.3,70.6,28.7
20160201183953,0.0,0.5,1.4,0.0,0.0,0.2,67.2,30.7
20160201184023,0.0,0.2,0.8,0.0,0.1,0.7,52.7,45.4
20160201184053,0.0,0.2,0.3,0.0,0.0,0.1,81.0,18.3
20160201184123,0.0,0.0,0.2,0.0,0.0,0.2,98.8,0.7
20160201184153,0.0,0.4,1.8,0.0,0.1,0.2,90.6,6.9
20160201184223,0.0,0.2,0.3,0.0,0.1,0.1,85.1,14.3
20160201184253,0.0,0.0,0.0,0.0,0.0,0.0,97.0,3.0
20160201184323,0.0,0.0,0.0,0.0,0.0,0.0,69.8,30.1
20160201184353,0.0,0.0,0.0,0.0,0.0,0.0,99.0,0.9
20160201184423,0.0,0.0,0.0,0.0,0.0,0.0,99.0,1.0
20160201184453,0.0,0.0,0.1,0.0,0.0,0.0,99.7,0.2
20160201184523,0.0,0.6,6.5,0.1,0.1,0.0,75.9,16.7
20160201184553,0.0,0.1,0.3,0.0,0.0,0.0,89.9,9.8
20160201184623,0.0,0.0,0.0,0.0,0.0,0.0,99.7,0.3
20160201184653,0.0,0.0,0.2,0.0,0.0,0.0,99.8,0.1
20160201184723,0.0,0.2,1.8,0.0,0.1,0.0,96.6,1.3
20160201184753,0.0,0.0,0.1,0.0,0.0,0.0,99.4,0.5
20160201184823,0.0,0.0,0.0,0.0,0.0,0.0,100.0,0.0
20160201184853,0.0,0.0,0.0,0.0,0.0,0.0,99.9,0.1
20160201184923,0.0,0.0,0.0,0.0,0.0,0.0,100.0,0.0
20160201184953,0.0,0.0,0.0,0.0,0.0,0.0,100.0,0.0
20160201185023,0.0,0.0,0.0,0.0,0.0,0.0,100.0,0.0
20160201185053,0.0,0.0,0.0,0.0,0.0,0.0,100.0,0.0
20160201185123,0.0,0.0,0.0,0.0,0.0,0.0,100.0,0.0
20160201185153,0.0,0.0,0.0,0.0,0.0,0.0,100.0,0.0
20160201185223,0.0,0.0,0.0,0.0,0.0,0.0,99.9,0.1
20160201185253,0.0,0.0,0.0,0.0,0.0,0.0,100.0,0.0
20160201185323,0.0,0.0,0.0,0.0,0.0,0.0,100.0,0.0
20160201185353,0.0,0.0,0.0,0.0,0.0,0.0,99.6,0.4
20160201185423,0.0,0.0,0.0,0.0,0.0,0.0,99.8,0.2
20160201185453,0.0,0.0,0.0,0.0,0.0,0.0,98.9,1.1
20160201185523,0.0,0.0,0.0,0.0,0.0,0.0,99.7,0.3
20160201185553,0.0,0.0,0.0,0.0,0.0,0.0,99.3,0.7
20160201185624,0.0,0.0,0.0,0.0,0.0,0.0,96.9,3.1
20160201185654,0.0,0.0,0.0,0.0,0.0,0.0,98.7,1.3
20160201185724,0.0,0.0,0.0,0.0,0.0,0.0,96.4,3.6
20160201185754,0.0,0.0,0.0,0.0,0.0,0.0,99.8,0.2
20160201185824,0.0,0.0,0.0,0.0,0.0,0.0,94.1,5.9
20160201185854,0.0,0.0,0.0,0.0,0.0,0.0,97.4,2.6
20160201185924,0.0,0.0,0.1,0.0,0.1,0.0,93.8,6.0
20160201185954,0.0,0.0,0.0,0.0,0.1,0.0,89.6,10.3
20160201190024,0.0,0.0,0.0,0.0,0.1,0.0,92.1,7.7
20160201190054,0.0,0.1,0.2,0.0,0.5,0.0,81.2,18.0
20160201190124,0.1,0.3,0.4,0.0,1.5,0.1,68.5,29.2
20160201190154,0.0,0.0,0.3,0.0,0.2,0.0,48.9,50.5
20160201190224,0.0,0.0,0.0,0.0,0.1,0.0,75.1,24.7
20160201190254,0.0,0.0,0.0,0.0,0.0,0.0,87.6,12.4
20160201190324,0.0,0.0,0.0,0.0,0.0,0.0,97.7,2.3
20160201190354,0.0,0.0,0.0,0.0,0.0,0.0,98.8,1.2
20160201190424,0.0,0.0,0.0,0.0,0.0,0.0,99.9,0.1
20160201190454,0.0,0.0,0.0,0.0,0.0,0.0,99.6,0.4
20160201190524,0.0,0.0,0.8,0.0,0.0,0.0,90.2,8.9
20160201190554,0.0,0.1,0.4,0.0,0.3,0.0,44.9,54.3
20160201190624,0.0,0.0,0.0,0.0,0.1,0.0,24.3,75.5
20160201190654,0.0,0.3,0.8,0.0,0.2,0.2,39.0,59.4
20160201190724,0.1,0.2,1.9,0.0,0.4,0.1,87.9,9.3
20160201190754,0.1,1.5,4.7,0.1,2.4,0.2,81.0,10.1
20160201190824,0.0,1.5,1.5,0.1,4.6,0.0,91.0,1.3
20160201190854,0.0,0.3,0.3,0.1,1.3,0.0,97.7,0.2
20160201190924,0.1,7.3,1.6,0.0,7.0,0.2,66.5,17.4
20160201190954,0.0,4.8,0.4,0.0,0.4,2.0,5.7,86.7
20160201191024,0.0,5.1,6.0,0.0,1.1,6.4,64.0,17.4
20160201191054,0.0,1.0,0.1,0.0,0.2,24.6,23.9,50.2
20160201191124,0.0,1.6,0.0,0.0,0.2,6.1,23.4,68.7
20160201191154,0.0,7.4,0.1,0.0,0.1,58.0,30.7,3.7
20160201191224,0.0,0.3,0.0,0.0,0.0,72.1,1.4,26.1
20160201191254,0.0,0.2,0.0,0.0,0.0,64.2,34.7,0.9
20160201191324,0.0,0.8,0.0,0.0,0.3,41.2,42.0,15.6
20160201191354,0.0,0.0,0.0,0.0,0.1,3.7,6.5,89.6
20160201191424,0.0,1.4,0.0,0.0,0.6,61.5,3.3,33.3
20160201191454,0.0,0.6,0.0,0.0,0.0,98.5,0.7,0.1
20160201191524,0.0,0.3,0.0,0.0,0.0,99.0,0.3,0.4
20160201191554,0.0,12.1,0.0,0.0,0.4,71.9,4.2,11.4
20160201191624,0.0,5.7,0.3,0.0,0.1,79.8,11.5,2.5
20160201191654,0.0,2.8,0.0,0.0,0.0,95.9,0.5,0.7
20160201191724,0.0,2.5,0.0,0.0,0.3,87.4,4.6,5.2
20160201191754,0.0,2.1,0.0,0.0,0.0,90.7,0.4,6.8
20160201191824,0.0,1.2,0.0,0.0,0.0,98.2,0.5,0.1
20160201191854,0.1,1.8,0.1,0.0,0.0,90.1,0.6,7.4
20160201191924,0.0,0.0,0.0,0.0,0.0,1.1,0.1,98.8
20160201191954,0.0,0.0,0.0,0.0,0.0,3.5,2.4,94.1
20160201192024,0.0,0.0,0.0,0.0,0.0,0.6,0.9,98.6
20160201192054,0.0,0.0,0.0,0.0,0.0,2.7,0.3,96.9
20160201192124,0.0,0.0,0.0,0.0,0.0,0.3,0.0,99.7
20160201192154,0.0,0.0,0.0,0.0,0.0,2.8,1.2,96.0
20160201192224,0.0,0.0,0.1,0.0,0.0,6.6,0.6,92.7
20160201192254,0.0,0.1,0.1,0.0,0.0,12.4,0.9,86.5
20160201192324,0.0,0.0,0.1,0.0,0.0,22.2,1.9,75.8
20160201192354,0.0,0.0,0.0,0.0,0.0,0.9,0.4,98.7
20160201192424,0.0,0.0,0.0,0.0,0.0,39.8,3.4,56.8
20160201192454,0.0,0.1,0.1,0.0,0.1,22.2,3.5,74.1
20160201192524,0.0,0.9,0.0,0.0,0.0,46.8,0.6,51.6
20160201192554,0.0,0.8,0.0,0.0,0.3,49.6,10.2,39.1
20160201192624,0.0,0.7,0.1,0.0,0.8,6.0,64.1,28.3
20160201192654,0.0,1.1,0.8,0.1,0.6,25.1,19.4,52.9
20160201192724,0.0,0.7,0.6,0.0,0.5,0.3,88.0,9.8
20160201192754,0.0,0.1,0.2,0.0,0.0,0.8,94.4,4.6
20160201192824,0.0,0.0,0.0,0.0,0.0,0.5,95.8,3.6
20160201192854,0.0,0.0,0.2,0.0,0.0,5.4,77.3,16.9
20160201192924,0.0,0.0,0.1,0.0,0.0,0.8,94.0,5.1
20160201192954,0.0,0.0,0.0,0.0,0.0,0.1,90.6,9.2
20160201193024,0.0,0.0,0.0,0.0,0.0,0.4,94.1,5.4
20160201193055,0.0,0.0,0.0,0.0,0.0,0.1,90.8,9.1
20160201193125,0.0,0.0,0.0,0.0,0.0,0.0,99.2,0.8
20160201193155,0.0,0.0,0.0,0.0,0.0,0.0,96.1,3.9
20160201193225,0.0,0.0,0.0,0.0,0.0,0.1,97.5,2.4
20160201193255,0.1,42.8,0.1,0.0,0.3,12.5,18.3,25.9
20160201193325,0.8,0.6,2.6,0.0,0.7,2.7,43.7,48.8
20160201193355,0.0,0.2,0.3,0.0,0.2,0.4,67.5,31.4
20160201193425,0.0,0.5,0.2,0.0,0.2,1.2,26.1,71.8
20160201193455,0.1,1.6,1.4,0.1,11.3,1.4,29.4,54.8
20160201193525,0.0,0.8,0.6,0.0,0.9,0.9,59.8,36.9
20160201193555,0.2,1.3,3.8,0.0,8.3,3.8,62.2,20.4
20160201193625,0.1,1.2,0.4,0.0,1.0,1.7,63.8,31.8
20160201193655,0.2,7.4,5.5,0.0,4.3,5.6,29.2,47.7
20160201193725,0.1,59.7,5.2,0.0,6.8,1.1,11.6,15.6
20160201193755,0.0,2.1,0.9,0.0,0.1,1.4,39.1,56.5
20160201193825,0.0,0.0,0.0,0.0,0.0,0.1,2.9,97.1
20160201193855,0.0,0.1,0.1,0.0,0.0,0.1,85.5,14.2
20160201193925,0.0,0.2,0.0,0.0,0.0,0.2,14.7,84.8
20160201193955,0.0,6.1,0.3,0.0,0.0,1.6,60.7,31.2
20160201194025,0.0,1.0,0.2,0.0,0.3,0.4,7.0,91.0
20160201194055,0.0,0.0,0.5,0.0,0.0,0.1,15.1,84.3
20160201194125,0.0,0.0,0.3,0.0,0.1,0.0,29.6,69.9
20160201194155,0.0,0.7,1.4,0.0,0.1,0.1,97.0,0.7
20160201194225,0.0,0.0,0.3,0.0,0.0,0.0,94.4,5.2
20160201194255,0.0,0.0,0.3,0.0,0.1,0.0,95.0,4.7
20160201194325,0.0,0.9,3.0,0.0,0.6,0.1,87.1,8.4
20160201194355,0.0,1.5,0.4,0.1,0.5,1.1,90.1,6.3
20160201194425,0.1,1.2,3.4,0.1,7.9,2.8,24.7,59.8
20160201194455,0.0,0.8,0.3,0.0,0.0,1.8,42.6,54.5
20160201194525,0.0,0.0,0.1,0.0,0.1,0.4,9.2,90.1
20160201194555,0.0,3.7,1.6,0.0,16.8,0.8,64.2,12.9
20160201194625,0.0,0.0,0.0,0.0,0.0,0.3,85.8,13.9
20160201194655,0.0,0.0,0.0,0.0,0.0,0.0,48.8,51.1
20160201194725,0.0,0.0,0.0,0.0,0.0,0.0,95.3,4.7
20160201194755,0.0,0.0,0.0,0.0,0.0,0.0,91.6,8.4
20160201194825,0.0,0.0,0.0,0.0,0.0,0.0,89.0,11.0
20160201194855,0.0,0.7,0.0,0.0,0.2,0.0,37.0,62.1
20160201194925,0.0,0.0,0.0,0.0,0.0,0.0,97.7,2.3
20160201194955,0.0,0.0,0.0,0.0,0.0,0.0,92.0,8.0
20160201195025,0.0,0.0,0.2,0.0,0.0,0.0,14.2,85.6
20160201195055,0.0,0.0,0.0,0.0,0.0,0.0,86.5,13.5
20160201195125,0.0,0.0,0.0,0.0,0.0,0.0,93.0,7.0
20160201195155,0.0,0.1,0.0,0.0,0.0,0.0,74.6,25.3
20160201195225,0.0,0.0,0.1,0.0,0.0,0.0,81.0,18.9
20160201195255,0.0,0.0,0.5,0.0,0.0,0.0,61.9,37.5
20160201195325,0.0,0.1,0.2,0.0,0.0,0.1,74.5,25.0
20160201195355,0.0,0.1,0.6,0.0,0.0,0.1,69.8,29.3
20160201195425,0.0,0.0,0.2,0.0,0.0,0.1,84.7,15.0
20160201195455,0.0,0.0,0.0,0.0,0.0,0.0,92.9,7.0
20160201195525,0.0,0.0,0.1,0.0,0.0,0.0,88.4,11.5
20160201195555,0.0,0.1,0.9,0.0,0.0,0.0,78.8,20.2
20160201195625,0.0,0.1,2.2,0.0,0.0,0.1,96.0,1.7
20160201195655,0.0,0.2,0.2,0.0,0.0,0.0,77.6,22.0
20160201195725,0.0,0.2,0.5,0.0,0.0,0.1,98.0,1.1
20160201195755,0.0,0.0,0.6,0.0,0.0,0.1,73.1,26.1
20160201195825,0.0,0.0,0.0,0.0,0.0,0.0,99.6,0.3
20160201195855,0.0,0.1,0.2,0.0,0.0,0.1,93.4,6.2
20160201195925,0.0,0.6,2.4,0.0,0.1,0.8,51.5,44.6
20160201195955,0.0,0.8,6.3,0.1,0.1,3.2,85.5,4.1
20160201200025,0.0,0.1,0.4,0.0,0.0,0.6,73.0,25.8
20160201200055,0.0,0.2,1.5,0.1,0.2,0.5,21.4,76.0
20160201200125,0.0,0.5,1.4,0.0,0.2,0.6,81.0,16.3
20160201200155,0.0,0.0,0.0,0.0,0.0,0.0,98.2,1.7
20160201200225,0.0,0.1,0.4,0.0,0.0,0.6,96.8,2.1
20160201200255,0.0,0.0,0.5,0.1,0.2,0.1,95.2,3.9
20160201200325,0.0,1.1,0.4,3.0,0.4,0.1,94.3,0.7
20160201200355,6.4,4.3,56.5,15.5,6.4,0.4,9.9,0.5
20160201200425,0.9,0.9,5.6,89.2,1.6,0.1,1.7,0.1
20160201200456,23.6,5.8,31.6,25.3,5.5,1.3,6.3,0.7
20160201200526,0.9,0.4,6.7,81.4,1.0,0.8,6.0,2.8
20160201200556,1.7,1.2,27.2,18.2,0.7,7.2,32.4,11.5
20160201200626,0.1,0.0,12.9,0.1,0.1,0.3,78.4,8.1
20160201200656,0.2,0.4,22.7,0.9,0.2,0.5,7.9,67.3
20160201200726,0.2,34.4,10.5,36.6,7.2,0.0,3.8,7.4
20160201200756,0.7,0.7,86.0,11.9,0.6,0.0,0.1,0.0
20160201200826,1.0,1.3,55.3,39.5,2.7,0.0,0.2,0.0
20160201200856,0.3,0.4,78.1,8.2,1.5,0.2,11.0,0.4
20160201200926,0.7,1.0,53.2,19.3,1.4,0.1,24.1,0.2
20160201200956,0.3,0.1,51.1,0.5,0.3,0.2,47.4,0.1
20160201201026,0.6,1.3,47.7,10.9,0.4,0.3,34.7,4.1
20160201201056,0.2,0.1,16.4,1.2,0.0,0.1,80.9,1.1
20160201201126,0.1,0.1,14.4,1.5,0.1,0.3,76.4,7.1
20160201201156,0.2,0.2,10.7,0.3,0.0,1.0,41.3,46.3
20160201201226,0.1,0.1,37.6,0.2,0.0,0.9,57.0,4.1
20160201201256,0.0,0.0,5.9,0.1,0.0,1.3,12.7,80.0
20160201201326,0.1,0.0,2.9,0.1,0.0,1.2,25.8,69.9
20160201201356,0.0,0.0,0.2,0.0,0.0,1.5,2.7,95.6
20160201201426,0.0,0.0,0.1,0.0,0.0,0.5,12.2,87.2
20160201201456,0.0,0.0,0.1,0.0,0.0,0.9,1.5,97.5
20160201201526,0.1,0.4,0.1,0.0,0.0,0.7,27.0,71.6
20160201201556,0.0,0.0,0.0,0.0,0.0,1.1,9.0,89.9
20160201201626,0.0,0.0,0.0,0.0,0.0,0.3,2.1,97.5
20160201201656,0.0,0.1,0.2,0.0,0.0,12.5,16.1,71.2
20160201201726,0.0,0.0,0.1,0.0,0.0,9.6,27.3,62.9
20160201201756,0.4,0.4,1.9,1.0,0.1,7.0,82.3,6.9
20160201201826,0.3,0.3,3.3,0.3,1.0,22.8,35.4,36.6
20160201201856,0.1,0.2,1.3,0.1,0.3,1.7,45.7,50.5
20160201201926,0.4,16.5,0.1,47.7,8.0,0.4,18.2,8.7
20160201201956,0.1,3.9,0.1,18.3,1.4,0.1,49.3,26.9
20160201202026,0.0,0.3,0.4,1.1,3.0,0.0,79.0,16.1
20160201202056,0.0,0.9,0.0,4.0,0.3,0.0,72.5,22.3
20160201202126,0.1,6.2,0.2,5.5,1.2,0.0,55.4,31.4
20160201202156,0.0,17.5,0.9,14.9,19.3,0.0,39.0,8.4
20160201202226,0.0,0.8,0.0,28.8,6.3,0.0,59.6,4.5
20160201202256,0.0,0.1,0.0,11.0,0.4,0.0,79.1,9.5
20160201202326,0.0,0.0,0.0,1.1,0.0,0.0,91.4,7.4
20160201202356,0.0,0.0,0.0,12.0,0.0,0.0,82.3,5.6
20160201202426,0.0,0.0,0.0,0.7,0.0,0.0,95.0,4.3
20160201202456,0.0,0.0,0.0,17.8,0.0,0.0,80.5,1.6
20160201202526,0.0,0.0,0.0,2.3,0.0,0.0,93.9,3.8
20160201202556,0.0,0.0,0.0,3.8,0.2,0.0,94.2,1.8
20160201202626,0.0,0.0,0.0,0.5,0.0,0.0,95.3,4.2
20160201202656,0.0,0.0,0.0,1.6,0.0,0.0,88.4,9.9
20160201202726,0.0,0.0,0.0,0.9,0.0,0.0,73.9,25.2
20160201202756,0.0,0.0,0.0,14.8,0.0,0.0,78.8,6.5
20160201202826,0.0,0.0,0.1,11.7,0.0,0.0,78.6,9.6
20160201202856,0.0,0.0,0.0,0.0,0.0,0.0,99.6,0.4
20160201202926,0.0,0.0,0.0,0.0,0.0,0.0,99.1,0.9
20160201202956,0.0,0.0,0.0,0.0,0.0,0.0,100.0,0.0
20160201203026,0.0,0.0,0.0,0.0,0.0,0.0,100.0,0.0
20160201203056,0.0,0.0,0.0,0.0,0.0,0.0,100.0,0.0
20160201203126,0.0,0.0,0.0,0.0,0.0,0.0,97.1,2.9
20160201203156,0.0,0.0,0.0,0.0,0.0,0.0,88.4,11.6
20160201203227,0.0,0.0,0.0,0.0,0.0,0.0,12.8,87.2
20160201203257,0.0,0.0,0.0,0.0,0.0,0.0,56.6,43.4
20160201203327,0.0,0.0,0.0,0.6,0.2,0.0,98.9,0.3
20160201203357,0.0,0.0,0.0,99.8,0.0,0.0,0.1,0.0
20160201203427,0.0,0.1,0.1,78.3,1.4,0.0,19.0,1.2
20160201203457,0.0,0.1,0.1,39.1,1.3,0.0,58.5,0.9
20160201203527,0.0,0.8,2.0,61.6,0.8,0.0,31.7,3.0
20160201203557,0.0,0.0,0.0,0.4,0.0,0.0,98.1,1.4
20160201203627,0.0,0.0,0.4,0.0,0.0,0.0,92.3,7.2
20160201203657,0.0,0.4,0.2,72.2,1.5,0.0,23.5,2.2
20160201203727,0.0,0.2,0.7,41.2,9.0,0.0,43.6,5.4
20160201203757,0.0,1.3,0.8,79.0,7.1,0.0,11.5,0.3
20160201203827,0.0,0.2,1.2,94.1,0.6,0.0,3.9,0.0
20160201203857,0.0,0.1,0.1,97.8,0.8,0.0,1.2,0.0
20160201203927,0.0,0.0,0.3,93.8,0.1,0.0,5.7,0.1
20160201203957,0.0,0.0,0.5,94.2,0.3,0.0,4.7,0.3
20160201204027,0.0,0.1,0.0,19.3,0.3,0.0,77.9,2.4
20160201204057,0.0,0.0,0.0,0.0,0.0,0.0,97.7,2.2
20160201204127,0.0,0.0,0.0,0.0,0.0,0.0,98.8,1.1
20160201204157,0.0,0.1,0.0,90.5,0.2,0.0,8.4,0.7
20160201204227,0.0,0.0,0.0,3.4,0.0,0.0,87.8,8.7
20160201204257,0.0,0.0,0.0,98.9,0.0,0.0,1.0,0.1
20160201204327,0.0,0.0,0.0,22.4,0.1,0.0,73.2,4.4
20160201204357,0.0,0.0,0.0,1.9,0.0,0.0,92.8,5.2
20160201204427,0.0,0.0,0.1,75.4,0.0,0.0,23.7,0.8
20160201204457,0.0,0.0,0.0,54.9,0.0,0.0,44.3,0.7
20160201204527,0.0,0.0,0.0,1.8,0.0,0.0,97.8,0.4
20160201204557,0.0,0.0,0.0,0.0,0.0,0.0,99.8,0.2
20160201204627,0.0,0.0,0.0,0.0,0.0,0.0,91.4,8.6
20160201204657,0.0,0.0,0.0,0.0,0.0,0.0,98.8,1.1
20160201204727,0.0,0.0,0.1,0.1,0.0,0.0,98.8,1.1
20160201204757,0.0,0.0,0.1,0.0,0.0,0.0,96.7,3.2
20160201204827,0.0,0.0,0.2,0.0,0.0,0.0,99.0,0.7
20160201204857,0.0,0.0,0.2,0.3,0.0,0.0,98.9,0.5
20160201204927,0.0,0.0,0.2,0.2,0.0,0.0,99.0,0.6
20160201204957,0.0,0.0,0.0,0.0,0.0,0.0,99.3,0.7
20160201205027,0.0,0.0,0.2,0.2,0.0,0.0,98.0,1.4
20160201205057,0.0,0.0,0.1,0.0,0.0,0.0,98.4,1.4
20160201205127,0.1,0.1,3.5,0.7,0.4,0.0,39.7,55.5
20160201205157,0.0,0.0,0.1,0.0,0.0,0.0,95.3,4.5
20160201205227,0.0,0.1,0.1,0.1,0.4,0.0,91.0,8.2
20160201205257,0.0,0.2,0.9,0.1,0.1,0.0,94.8,4.0
20160201205327,0.0,0.2,0.6,0.1,0.1,0.0,98.4,0.6
20160201205357,0.0,0.1,1.9,0.0,1.1,0.2,83.7,12.9
20160201205427,0.0,0.0,0.7,0.0,0.2,0.0,93.4,5.6
20160201205457,0.0,0.5,5.9,0.1,1.0,0.2,62.8,29.6
20160201205527,0.0,0.7,7.2,0.4,2.8,0.0,39.7,49.2
20160201205557,0.0,0.1,0.7,0.1,0.4,0.0,52.6,46.1
20160201205627,0.0,0.3,1.3,3.2,0.5,0.0,68.0,26.6
20160201205657,0.0,0.7,3.5,2.8,3.4,0.0,52.8,36.7
20160201205727,0.0,0.0,0.3,0.0,0.0,0.0,10.1,89.6
20160201205757,0.0,0.0,0.1,0.0,0.0,0.0,73.0,26.9
20160201205827,0.0,0.0,0.2,0.0,0.0,0.0,84.6,15.2
20160201205857,0.0,0.0,0.0,0.0,0.0,0.0,90.8,9.2
20160201205927,0.0,0.0,0.0,0.0,0.0,0.0,1.0,99.0
20160201205957,0.0,0.0,0.1,0.0,0.0,0.1,30.9,68.9
20160201210027,0.0,0.0,0.1,0.0,0.0,0.0,95.0,4.9
20160201210057,0.0,0.0,0.0,0.0,0.0,0.0,9.8,90.1
20160201210127,0.0,0.0,0.0,0.0,0.0,0.0,91.0,9.0
20160201210157,0.0,0.0,0.5,0.0,0.0,0.0,81.6,17.8
20160201210227,0.0,0.0,0.2,0.0,0.0,0.0,44.5,55.2
20160201210257,0.0,0.0,0.1,0.0,0.0,0.0,96.3,3.6
20160201210327,0.0,0.0,0.1,0.0,0.0,0.0,14.0,85.9
20160201210357,0.0,0.1,0.6,0.2,0.0,0.5,85.2,13.3
20160201210427,0.0,0.0,0.1,0.0,0.0,0.1,93.2,6.6
20160201210457,0.0,0.0,0.1,0.0,0.0,0.1,93.7,6.1
20160201210527,0.0,0.0,0.0,0.0,0.0,0.0,91.2,8.7
20160201210557,0.0,0.0,0.4,0.0,0.0,0.1,87.9,11.6
20160201210628,0.0,0.0,0.7,0.0,0.0,0.0,98.2,1.1
20160201210658,0.0,0.0,0.1,0.0,0.0,0.0,97.3,2.5
20160201210728,0.0,0.0,0.2,0.4,0.0,0.0,80.1,19.3
20160201210758,0.0,0.0,0.1,0.0,0.0,0.0,97.6,2.3
20160201210828,0.0,0.1,0.2,0.0,0.0,0.0,40.5,59.1
20160201210858,0.0,0.0,0.1,0.0,0.0,0.0,13.8,86.1
20160201210928,0.0,0.0,0.1,0.0,0.0,0.1,6.9,92.8
20160201210958,0.0,0.0,0.0,0.0,0.0,0.1,3.0,96.8
20160201211028,0.2,0.1,0.5,0.0,0.0,3.8,7.8,87.6
20160201211058,0.0,0.3,0.3,0.0,0.0,0.9,50.4,48.1
20160201211128,0.0,0.6,0.5,0.0,0.0,0.2,1.8,96.9
20160201211158,0.0,0.2,0.0,0.0,0.0,0.2,1.3,98.3
20160201211228,0.0,0.2,0.0,0.0,0.0,0.2,5.1,94.4
20160201211258,0.0,0.0,0.0,0.0,0.0,0.1,2.0,97.9
20160201211328,0.0,0.1,0.0,0.0,0.0,1.9,66.9,31.1
20160201211358,0.0,0.1,0.0,0.0,0.1,0.3,36.7,62.9
20160201211428,0.0,0.0,0.0,0.0,0.0,0.0,52.0,47.9
20160201211458,0.0,0.1,0.0,0.0,0.0,0.1,33.4,66.3
20160201211528,0.0,0.0,0.0,0.0,0.0,0.1,46.8,53.0
20160201211558,0.0,0.0,0.0,0.0,0.0,0.0,39.7,60.2
20160201211628,0.0,0.1,0.0,0.1,0.0,0.6,22.6,76.5
20160201211658,0.3,0.9,0.2,1.7,0.2,1.3,81.4,14.2
20160201211728,23.3,1.5,0.5,56.1,2.5,0.2,14.5,1.5
20160201211758,27.5,0.1,0.0,71.4,1.0,0.0,0.0,0.0
20160201211828,1.3,0.1,0.0,98.6,0.0,0.0,0.0,0.0
20160201211858,5.0,0.5,0.0,94.4,0.1,0.0,0.0,0.0
20160201211928,3.3,3.6,0.0,91.0,2.0,0.0,0.1,0.0
20160201211958,0.2,2.7,0.0,96.1,0.7,0.0,0.4,0.0
20160201212028,1.6,2.5,0.0,91.2,2.6,0.0,1.8,0.1
20160201212058,0.3,0.6,0.0,97.6,1.1,0.0,0.4,0.0
20160201212128,0.2,0.5,0.0,98.1,0.7,0.0,0.4,0.0
20160201212158,0.1,0.6,0.0,99.1,0.2,0.0,0.0,0.0
20160201212228,0.4,1.8,0.0,97.0,0.7,0.0,0.0,0.0
20160201212258,0.1,0.1,0.0,99.5,0.2,0.0,0.0,0.0
20160201212328,0.1,1.8,0.4,96.8,0.9,0.0,0.0,0.0
20160201212358,0.7,5.6,1.1,90.2,1.4,0.0,0.9,0.1
20160201212428,0.3,2.4,0.7,93.4,0.3,0.0,2.7,0.1
20160201212458,0.8,3.3,5.1,87.3,1.1,0.0,2.3,0.1
20160201212528,0.5,11.6,0.6,85.0,2.3,0.0,0.0,0.0
20160201212558,0.4,0.5,0.0,98.9,0.1,0.0,0.0,0.0
20160201212628,10.1,1.5,0.0,88.3,0.1,0.0,0.0,0.0
20160201212658,0.7,3.1,0.7,95.5,0.1,0.0,0.0,0.0
20160201212728,3.0,2.0,0.1,94.8,0.0,0.0,0.0,0.0
20160201212758,1.1,0.5,0.0,98.3,0.0,0.0,0.0,0.0
20160201212828,4.1,5.4,0.0,90.4,0.1,0.0,0.0,0.0
20160201212858,0.1,0.8,0.0,99.2,0.0,0.0,0.0,0.0
20160201212928,0.0,1.4,0.0,98.6,0.0,0.0,0.0,0.0
20160201212958,0.3,12.0,0.0,87.7,0.0,0.0,0.0,0.0
20160201213028,7.6,29.7,0.5,61.8,0.3,0.0,0.0,0.1
20160201213058,1.1,6.7,1.5,89.3,1.2,0.0,0.0,0.1
20160201213128,15.2,8.4,0.2,76.0,0.1,0.0,0.0,0.0
20160201213158,7.8,7.7,0.3,83.7,0.5,0.0,0.0,0.0
20160201213228,16.2,2.2,0.0,81.5,0.0,0.0,0.0,0.0
20160201213258,9.8,13.9,0.2,75.9,0.3,0.0,0.0,0.0
20160201213328,0.8,31.9,0.1,67.1,0.1,0.0,0.0,0.0
20160201213358,23.1,4.2,0.2,71.8,0.6,0.1,0.1,0.0
20160201213428,29.4,6.9,3.0,59.8,0.5,0.4,0.1,0.0
20160201213458,7.4,42.9,1.0,37.2,10.8,0.3,0.4,0.0
20160201213528,0.4,28.7,0.9,3.0,3.0,4.3,59.5,0.3
20160201213558,9.4,43.0,14.5,12.5,2.2,7.9,3.5,7.0
20160201213628,39.7,14.6,4.9,39.5,0.7,0.5,0.0,0.1
20160201213658,85.1,7.8,3.1,2.6,1.3,0.1,0.0,0.0
20160201213728,54.2,17.4,17.3,6.3,0.4,4.0,0.1,0.2
20160201213758,2.6,85.2,5.8,1.0,0.6,3.4,0.2,1.1
20160201213828,6.8,62.7,18.0,0.3,0.3,8.1,1.0,2.8
20160201213858,0.2,5.9,22.8,0.1,0.4,50.0,2.1,18.5
20160201213928,0.1,0.2,7.5,0.0,0.1,8.4,0.6,83.1
20160201213958,1.8,2.8,74.0,2.4,2.7,12.8,0.1,3.4
20160201214028,0.0,0.7,83.6,0.0,0.1,2.1,0.1,13.5
20160201214059,0.1,0.3,38.1,0.0,0.3,1.2,0.0,60.0
20160201214129,0.0,0.0,6.5,0.0,0.0,0.5,0.0,92.8
20160201214159,0.0,0.5,8.6,0.0,0.0,0.5,0.5,90.0
20160201214229,0.0,0.7,36.6,0.0,0.1,1.0,0.9,60.7
20160201214259,0.0,0.3,79.1,0.0,0.1,0.1,0.0,20.3
20160201214329,0.0,0.7,74.3,0.0,0.1,0.8,0.1,24.1
20160201214359,0.8,8.4,48.7,0.0,0.2,25.7,0.1,16.1
20160201214429,1.4,11.3,25.4,0.1,0.9,36.3,0.0,24.6
20160201214459,69.8,3.9,23.6,0.3,2.2,0.2,0.0,0.0
20160201214529,99.1,0.2,0.1,0.1,0.5,0.0,0.0,0.0
20160201214559,98.5,0.9,0.0,0.5,0.1,0.0,0.0,0.0
20160201214629,100.0,0.0,0.0,0.0,0.0,0.0,0.0,0.0
20160201214659,100.0,0.0,0.0,0.0,0.0,0.0,0.0,0.0
20160201214729,100.0,0.0,0.0,0.0,0.0,0.0,0.0,0.0
20160201214759,99.8,0.2,0.0,0.0,0.0,0.0,0.0,0.0
20160201214829,100.0,0.0,0.0,0.0,0.0,0.0,0.0,0.0
