UT,arc,discrete,diffuse,ac,ab,clear,cloudy,dd
20160307165500,0.0,0.0,0.0,0.0,0.0,0.0,0.0,100.0
20160307170252,0.0,0.0,0.0,0.0,0.0,0.0,0.0,100.0
20160307170322,0.0,0.0,0.0,0.0,0.0,0.0,0.0,100.0
20160307170352,0.0,0.0,0.0,0.0,0.0,0.0,0.0,100.0
20160307170422,0.0,0.0,0.0,0.0,0.0,0.0,0.0,100.0
20160307170452,0.0,0.0,0.0,0.0,0.0,0.0,0.0,100.0
20160307170522,0.0,0.0,0.0,0.0,0.0,0.0,0.0,100.0
20160307170552,0.0,0.0,0.0,0.0,0.0,0.0,0.0,100.0
20160307170622,0.0,0.0,0.0,0.0,0.0,0.0,0.0,100.0
20160307170652,0.0,0.0,0.0,0.0,0.0,0.0,0.0,100.0
20160307170722,0.0,0.0,0.0,0.0,0.0,0.0,0.0,100.0
20160307170752,0.0,0.0,0.0,0.0,0.0,0.0,0.0,100.0
20160307170822,0.0,0.0,0.0,0.0,0.0,0.0,0.0,100.0
20160307170852,0.0,0.0,0.0,0.0,0.0,0.0,0.0,100.0
20160307170922,0.0,0.0,0.0,0.0,0.0,0.0,0.0,100.0
20160307170952,0.0,0.0,0.0,0.0,0.0,0.0,0.0,100.0
20160307171022,0.0,0.0,0.0,0.0,0.0,0.0,0.0,100.0
20160307171052,0.0,0.0,0.0,0.0,0.0,0.0,0.0,100.0
20160307171122,0.0,0.0,0.0,0.0,0.0,0.0,0.0,100.0
20160307171152,0.0,0.0,0.0,0.0,0.0,0.0,0.0,100.0
20160307171222,0.0,0.0,0.0,0.0,0.0,0.0,0.0,100.0
20160307171252,0.0,0.0,0.0,0.0,0.0,0.0,0.0,100.0
20160307171322,0.0,0.0,0.0,0.0,0.0,0.0,0.0,100.0
20160307171352,0.0,0.0,0.0,0.0,0.0,0.0,0.0,100.0
20160307171422,0.0,0.0,0.0,0.0,0.0,0.0,0.0,100.0
20160307171452,0.0,0.0,0.0,0.0,0.0,0.0,0.0,100.0
20160307171522,0.0,0.0,0.0,0.0,0.0,0.0,0.0,100.0
20160307171552,0.0,0.0,0.0,0.0,0.0,0.0,0.0,100.0
20160307171622,0.0,0.0,0.0,0.0,0.0,0.0,0.0,100.0
20160307171652,0.0,0.0,0.0,0.0,0.0,0.0,0.0,100.0
20160307171722,0.0,0.0,0.0,0.0,0.0,0.0,0.0,100.0
20160307171752,0.0,0.0,0.0,0.0,0.0,0.0,0.0,100.0
20160307171822,0.0,0.0,0.0,0.0,0.0,0.0,0.0,100.0
20160307171852,0.0,0.0,0.0,0.0,0.0,0.0,0.0,100.0
20160307171922,0.0,0.0,0.0,0.0,0.0,0.0,0.0,100.0
20160307171952,0.0,0.0,0.0,0.0,0.0,0.0,0.0,100.0
20160307172022,0.0,0.0,0.0,0.0,0.0,0.0,0.0,100.0
20160307172052,0.0,0.0,0.0,0.0,0.0,0.0,0.0,100.0
20160307172122,0.0,0.0,0.0,0.0,0.0,0.0,0.0,100.0
20160307172152,0.0,0.0,0.0,0.0,0.0,0.0,0.0,100.0
20160307172222,0.0,0.0,0.0,0.0,0.0,0.0,0.0,100.0
20160307172252,0.0,0.0,0.0,0.0,0.0,0.0,0.0,100.0
20160307172322,0.0,0.0,0.0,0.0,0.0,0.0,0.0,100.0
20160307172352,0.0,0.0,0.0,0.0,0.0,0.0,0.0,100.0
20160307172422,0.0,0.0,0.0,0.0,0.0,0.0,0.0,100.0
20160307172452,0.0,0.0,0.0,0.0,0.0,0.0,0.0,100.0
20160307172522,0.0,0.0,0.0,0.0,0.0,0.0,0.0,100.0
20160307172552,0.0,0.0,0.0,0.0,0.0,0.0,0.0,100.0
20160307172622,0.0,0.0,0.0,0.0,0.0,0.0,0.0,100.0
20160307172652,0.0,0.0,0.0,0.0,0.0,0.0,0.0,100.0
20160307172722,0.0,0.0,0.0,0.0,0.0,0.0,0.0,100.0
20160307172752,0.0,0.0,0.0,0.0,0.0,0.0,0.0,100.0
20160307172822,0.0,0.0,0.0,0.0,0.0,0.0,0.0,100.0
20160307172853,0.0,0.0,0.0,0.0,0.0,0.0,0.0,100.0
20160307172923,0.0,0.0,0.0,0.0,0.0,0.0,0.0,100.0
20160307172953,0.0,0.0,0.0,0.0,0.0,0.0,0.0,100.0
20160307173023,0.0,0.0,0.0,0.0,0.0,0.0,0.0,100.0
20160307173053,0.0,0.0,0.0,0.0,0.0,0.0,0.0,100.0
20160307173123,0.0,0.0,0.0,0.0,0.0,0.0,0.0,100.0
20160307173153,0.0,0.0,0.0,0.0,0.0,0.0,0.0,100.0
20160307173223,0.0,0.0,0.0,0.0,0.0,0.0,0.0,100.0
20160307173253,0.0,0.0,0.0,0.0,0.0,0.0,0.0,100.0
20160307173323,0.0,0.0,0.0,0.0,0.0,0.0,0.0,100.0
20160307173353,0.0,0.0,0.0,0.0,0.0,0.0,0.0,100.0
20160307173423,0.0,0.0,0.0,0.0,0.0,0.0,0.0,100.0
20160307173453,0.0,0.0,0.0,0.0,0.0,0.0,0.0,100.0
20160307173523,0.0,0.0,0.0,0.0,0.0,0.0,0.0,100.0
20160307173553,0.0,0.0,0.0,0.0,0.0,0.0,0.0,100.0
20160307173623,0.0,0.0,0.0,0.0,0.0,0.0,0.0,100.0
20160307173653,0.0,0.0,0.0,0.0,0.0,0.0,0.0,100.0
20160307173723,0.0,0.0,0.0,0.0,0.0,0.0,0.0,100.0
20160307173753,0.0,0.0,0.0,0.0,0.0,0.0,0.0,100.0
20160307173823,0.0,0.0,0.0,0.0,0.0,0.0,0.0,100.0
20160307173853,0.0,0.0,0.0,0.0,0.0,0.0,0.0,100.0
20160307173923,0.0,0.0,0.0,0.0,0.0,0.0,0.0,100.0
20160307173953,0.0,0.0,0.0,0.0,0.0,0.0,0.0,100.0
20160307174023,0.0,0.0,0.0,0.0,0.0,0.0,0.0,100.0
20160307174053,0.0,0.0,0.0,0.0,0.0,0.0,0.0,100.0
20160307174123,0.0,0.0,0.0,0.0,0.0,0.0,0.0,100.0
20160307174153,0.0,0.0,0.0,0.0,0.0,0.0,0.0,100.0
20160307174223,0.0,0.0,0.0,0.0,0.0,0.0,0.0,100.0
20160307174253,0.0,0.0,0.0,0.0,0.0,0.0,0.0,100.0
20160307174323,0.0,0.0,0.0,0.0,0.0,0.0,0.0,100.0
20160307174353,0.0,0.0,0.0,0.0,0.0,0.0,0.0,100.0
20160307174423,0.0,0.0,0.0,0.0,0.0,0.0,0.0,100.0
20160307174453,0.0,0.0,0.0,0.0,0.0,0.0,0.0,100.0
20160307174523,0.0,0.0,0.0,0.0,0.0,0.0,0.0,100.0
20160307174553,0.0,0.0,0.0,0.0,0.0,0.0,0.0,100.0
20160307174623,0.0,0.0,0.0,0.0,0.0,0.0,0.0,100.0
20160307174653,0.0,0.0,0.0,0.0,0.0,0.0,0.0,100.0
20160307174723,0.0,0.0,0.0,0.0,0.0,0.0,0.0,100.0
20160307174753,0.0,0.0,0.0,0.0,0.0,0.0,0.0,100.0
20160307174823,0.0,0.0,0.0,0.0,0.0,0.0,0.0,100.0
20160307174853,0.0,0.0,0.0,0.0,0.0,0.0,0.0,100.0
20160307174923,0.0,0.0,0.0,0.0,0.0,0.0,0.0,100.0
20160307174953,0.0,0.0,0.0,0.0,0.0,0.0,0.0,100.0
20160307175023,0.0,0.0,0.0,0.0,0.0,0.0,0.0,100.0
20160307175053,0.0,0.0,0.8,4.4,42.7,0.0,0.0,52.0
20160307175123,0.0,0.0,1.7,44.7,52.0,0.0,0.0,1.6
20160307175153,0.0,0.0,0.3,12.1,55.0,0.0,0.0,32.6
20160307175223,0.0,0.0,0.2,87.8,10.2,0.0,0.0,1.7
20160307175253,0.0,0.1,2.6,79.6,14.4,0.0,0.0,3.4
20160307175323,0.0,0.0,3.2,21.1,48.6,0.0,0.0,27.1
20160307175353,0.0,0.0,0.4,1.2,16.0,0.0,0.0,82.4
20160307175423,0.0,0.1,2.2,7.7,45.1,0.0,0.0,44.9
20160307175453,0.0,0.0,0.4,3.7,73.4,0.0,0.0,22.6
20160307175623,0.0,0.0,0.0,0.0,99.8,0.0,0.0,0.2
20160307175653,0.0,0.0,0.0,0.0,85.6,0.0,0.0,14.4
20160307175723,0.0,0.0,0.0,0.0,98.5,0.0,0.0,1.5
20160307175753,0.0,0.0,0.0,0.0,99.9,0.0,0.0,0.1
20160307175823,0.0,0.0,0.0,0.0,85.3,0.0,0.0,14.7
20160307175853,0.0,0.0,0.0,0.0,99.8,0.0,0.0,0.2
20160307175923,0.0,0.0,0.0,0.0,72.6,0.0,0.0,27.4
20160307175953,0.0,0.4,0.0,0.0,91.6,0.0,0.0,8.0
20160307180023,0.0,0.0,0.0,0.0,79.9,0.0,0.0,20.1
20160307180053,0.0,0.0,0.0,0.0,58.4,0.0,0.0,41.6
20160307180123,0.0,0.0,0.0,0.0,4.9,0.0,0.0,95.1
20160307180153,0.0,0.0,0.0,0.0,0.0,0.0,0.0,100.0
20160307180223,0.0,0.0,0.0,0.0,0.0,0.0,0.0,100.0
20160307180253,0.0,0.0,0.0,0.0,1.3,0.0,0.0,98.7
20160307180324,0.0,0.0,0.0,0.0,93.8,0.0,0.0,6.2
20160307180354,0.0,0.0,0.0,0.0,100.0,0.0,0.0,0.0
20160307180424,0.0,0.0,0.0,0.0,100.0,0.0,0.0,0.0
20160307180454,0.0,0.0,0.0,0.0,100.0,0.0,0.0,0.0
20160307180524,0.0,0.0,0.0,0.0,100.0,0.0,0.0,0.0
20160307180554,0.0,0.0,0.0,0.0,100.0,0.0,0.0,0.0
20160307180624,0.0,0.0,0.0,0.0,96.8,0.0,0.0,3.2
20160307180654,0.0,0.0,0.0,0.0,100.0,0.0,0.0,0.0
20160307180724,0.0,0.0,0.0,0.0,100.0,0.0,0.0,0.0
20160307180754,0.0,0.0,0.0,0.0,100.0,0.0,0.0,0.0
20160307180824,0.0,0.0,0.0,0.0,100.0,0.0,0.0,0.0
20160307180854,0.0,0.0,0.0,0.0,100.0,0.0,0.0,0.0
20160307180924,0.0,0.0,0.0,0.0,100.0,0.0,0.0,0.0
20160307180954,0.0,0.0,0.0,0.0,100.0,0.0,0.0,0.0
20160307181024,0.0,0.0,0.0,0.0,100.0,0.0,0.0,0.0
20160307181054,0.0,0.0,0.0,0.0,100.0,0.0,0.0,0.0
20160307181124,0.0,0.0,0.0,0.1,99.9,0.0,0.0,0.0
20160307181154,0.0,0.1,0.0,42.0,57.9,0.0,0.0,0.0
20160307181224,0.0,0.0,0.0,0.1,99.9,0.0,0.0,0.0
20160307181254,0.0,0.0,0.0,0.7,99.3,0.0,0.0,0.0
20160307181324,0.0,0.0,0.0,0.2,99.8,0.0,0.0,0.0
20160307181354,0.0,0.0,0.0,0.3,99.7,0.0,0.0,0.0
20160307181424,0.0,0.0,0.0,0.7,99.2,0.0,0.0,0.0
20160307181454,0.0,0.0,0.0,18.7,81.3,0.0,0.0,0.0
20160307181524,0.0,0.0,0.0,10.6,89.3,0.0,0.0,0.0
20160307181554,0.0,0.0,0.0,20.4,79.5,0.0,0.0,0.1
20160307181624,0.0,0.2,0.0,4.8,94.3,0.0,0.0,0.7
20160307181654,0.0,0.3,0.0,10.1,89.4,0.0,0.0,0.1
20160307181724,0.0,0.0,0.0,2.9,97.1,0.0,0.0,0.0
20160307181754,0.0,0.0,0.0,0.3,99.6,0.0,0.0,0.0
20160307181824,0.0,0.1,0.0,0.1,99.8,0.0,0.0,0.0
20160307181854,0.0,0.0,0.0,0.2,99.7,0.0,0.0,0.0
20160307181924,0.0,0.0,0.0,15.8,84.2,0.0,0.0,0.0
20160307181954,0.0,0.1,0.0,10.3,89.6,0.0,0.0,0.0
20160307182024,0.0,1.1,0.0,2.9,96.0,0.0,0.0,0.0
20160307182054,0.0,0.2,0.0,14.7,84.3,0.0,0.0,0.7
20160307182124,0.0,3.3,0.0,26.0,70.4,0.0,0.0,0.2
20160307182154,0.0,0.9,0.0,30.0,69.1,0.0,0.0,0.0
20160307182224,0.0,0.4,0.0,6.6,93.0,0.0,0.0,0.0
20160307182254,0.0,0.2,0.0,2.1,97.7,0.0,0.0,0.0
20160307182324,0.0,0.0,0.0,0.6,99.4,0.0,0.0,0.0
20160307182354,0.0,0.2,0.0,4.7,95.1,0.0,0.0,0.0
20160307182424,0.0,0.0,0.0,0.5,99.5,0.0,0.0,0.0
20160307182454,0.0,0.1,0.0,6.4,93.5,0.0,0.0,0.0
20160307182524,0.0,0.0,0.0,1.5,98.3,0.0,0.0,0.2
20160307182554,0.0,0.3,0.0,23.7,75.9,0.0,0.0,0.1
20160307182624,0.0,3.9,0.0,22.7,73.3,0.0,0.0,0.0
20160307182654,0.0,0.5,0.0,40.0,57.5,0.0,0.1,1.8
20160307182724,0.0,0.7,0.1,28.8,59.1,0.0,0.1,11.2
20160307182754,0.0,0.6,0.1,22.2,70.7,0.0,0.1,6.3
20160307182824,0.0,0.2,0.0,76.8,20.8,0.0,0.1,2.0
20160307182854,0.0,0.1,0.0,74.9,24.5,0.0,0.0,0.5
20160307182924,0.0,0.4,0.0,73.4,26.0,0.0,0.0,0.3
20160307182954,0.1,1.0,0.0,86.5,10.4,0.0,0.1,1.9
20160307183024,0.0,0.4,0.0,94.6,4.8,0.0,0.0,0.2
20160307183054,0.0,0.7,0.0,98.5,0.7,0.0,0.0,0.1
20160307183124,0.0,0.1,0.0,97.9,0.3,0.0,0.6,1.0
20160307183154,0.0,0.2,0.0,94.7,1.3,0.0,0.4,3.4
20160307183224,0.0,5.5,0.0,92.6,1.7,0.0,0.1,0.2
20160307183254,0.0,23.4,0.0,69.1,7.2,0.0,0.1,0.3
20160307183324,0.0,2.7,0.0,48.6,48.7,0.0,0.0,0.0
20160307183354,0.0,3.1,0.2,85.1,11.4,0.0,0.0,0.2
20160307183424,0.0,0.7,0.1,96.7,2.4,0.0,0.0,0.0
20160307183454,0.0,0.4,0.1,76.8,22.5,0.0,0.0,0.2
20160307183524,0.0,0.1,0.0,99.5,0.4,0.0,0.0,0.0
20160307183554,0.0,2.1,0.0,96.6,1.3,0.0,0.0,0.0
20160307183624,0.0,0.5,0.0,98.5,1.0,0.0,0.0,0.0
20160307183654,0.0,0.6,0.0,94.3,5.1,0.0,0.0,0.0
20160307183725,0.0,0.1,0.0,99.8,0.1,0.0,0.0,0.0
20160307183755,0.0,0.1,0.0,99.8,0.1,0.0,0.0,0.0
20160307183825,0.0,2.0,0.0,95.2,2.7,0.0,0.0,0.0
20160307183855,0.0,15.7,0.0,71.6,12.7,0.0,0.0,0.0
20160307183925,0.0,10.7,0.1,80.9,8.3,0.0,0.0,0.0
20160307183955,0.0,14.5,0.1,81.5,3.8,0.0,0.0,0.1
20160307184025,0.0,48.1,0.0,35.0,16.9,0.0,0.0,0.0
20160307184055,0.0,8.4,0.0,39.7,51.9,0.0,0.0,0.0
20160307184125,0.0,0.4,0.2,97.6,1.7,0.0,0.0,0.0
20160307184155,0.0,0.6,0.0,99.1,0.3,0.0,0.0,0.0
20160307184225,0.0,34.4,0.2,55.1,10.2,0.0,0.0,0.0
20160307184255,0.0,3.1,0.0,95.5,1.3,0.0,0.0,0.0
20160307184325,0.0,2.0,0.0,91.9,6.1,0.0,0.0,0.0
20160307184355,0.0,33.5,0.0,60.1,6.4,0.0,0.0,0.0
20160307184425,0.0,5.8,0.0,92.6,1.6,0.0,0.0,0.0
20160307184455,0.0,3.9,0.0,94.2,1.9,0.0,0.0,0.0
20160307184525,0.0,10.3,0.0,89.0,0.6,0.0,0.0,0.0
20160307184555,0.0,3.8,0.0,95.4,0.7,0.0,0.0,0.0
20160307184625,0.0,4.0,0.0,95.3,0.4,0.0,0.1,0.2
20160307184655,0.0,0.5,0.1,94.9,4.4,0.0,0.0,0.0
20160307184725,0.0,0.1,0.0,96.3,3.5,0.0,0.0,0.0
20160307184755,0.0,0.3,0.1,91.4,8.0,0.0,0.0,0.2
20160307184825,0.0,0.5,0.0,98.5,1.0,0.0,0.0,0.0
20160307184855,0.0,0.2,0.1,98.4,1.3,0.0,0.0,0.0
20160307184925,0.0,0.3,0.1,99.3,0.3,0.0,0.0,0.0
20160307184955,0.0,0.2,0.2,88.6,11.0,0.0,0.0,0.0
20160307185025,0.0,1.0,2.1,16.9,78.4,0.0,1.3,0.3
20160307185055,0.0,0.0,0.0,95.4,4.6,0.0,0.0,0.0
20160307185125,0.0,0.0,0.2,89.6,6.9,0.0,3.1,0.2
20160307185155,0.0,0.0,0.1,91.1,6.5,0.0,1.6,0.6
20160307185225,0.0,0.1,0.8,93.6,1.6,0.0,2.3,1.5
20160307185255,0.0,0.1,1.0,78.7,10.5,0.0,6.5,3.1
20160307185325,0.0,0.0,0.2,94.5,3.9,0.0,1.1,0.3
20160307185355,0.0,0.0,0.1,78.9,6.7,0.0,14.1,0.2
20160307185425,0.0,0.0,0.3,18.7,1.4,0.0,78.4,1.2
20160307185455,0.0,0.0,0.2,28.9,4.3,0.0,66.4,0.3
20160307185525,0.0,0.0,1.6,71.2,2.9,0.0,21.5,2.8
20160307185555,0.0,0.0,0.5,99.1,0.2,0.0,0.1,0.0
20160307185625,0.0,0.0,0.0,99.9,0.0,0.0,0.0,0.0
20160307185655,0.0,0.1,2.1,97.3,0.3,0.0,0.1,0.0
20160307185725,0.1,0.1,0.4,81.7,8.5,0.0,8.9,0.3
20160307185755,0.0,0.0,0.2,52.9,39.8,0.0,6.7,0.4
20160307185825,0.0,0.1,1.0,76.2,7.7,0.0,14.1,0.7
20160307185855,0.2,0.1,6.6,24.0,8.6,0.0,58.6,1.8
20160307185925,0.1,0.0,0.1,11.7,8.3,0.0,78.7,1.2
20160307185955,0.0,0.0,0.0,0.1,0.1,0.0,99.5,0.2
20160307190025,0.0,0.0,0.0,0.0,0.1,0.0,97.9,2.0
20160307190055,0.0,0.0,0.0,0.0,0.9,0.0,84.0,15.1
20160307190125,0.0,0.0,0.0,0.0,0.5,0.0,47.3,52.2
20160307190155,0.0,0.0,0.0,0.0,1.1,0.0,78.0,20.8
20160307190225,0.0,0.0,0.0,0.0,0.0,0.0,98.8,1.1
20160307190255,0.0,0.0,0.0,0.0,0.5,0.0,2.7,96.7
20160307190325,0.0,0.9,3.0,5.8,35.8,0.0,5.5,49.1
20160307190355,0.0,0.0,1.1,0.3,4.9,0.0,33.2,60.5
20160307190425,0.0,0.2,0.5,1.3,96.3,0.0,0.0,1.8
20160307190456,0.0,0.0,0.0,0.0,9.1,0.0,10.8,80.0
20160307190526,0.0,0.0,0.1,0.0,13.4,0.0,16.3,70.1
20160307190556,0.0,0.0,0.2,0.2,14.0,0.0,10.1,75.5
20160307190626,0.0,0.0,0.0,0.0,3.3,0.0,20.8,75.8
20160307190656,0.0,0.0,0.2,0.3,19.1,0.0,14.2,66.1
20160307190726,0.0,0.0,0.1,0.0,9.4,0.0,12.9,77.6
20160307190756,0.0,0.0,0.0,0.6,20.7,0.0,23.4,55.2
20160307190826,0.2,0.0,0.4,1.7,19.8,0.0,20.2,57.7
20160307190856,0.1,0.0,2.0,1.4,47.1,0.0,17.4,31.9
20160307190926,0.0,0.0,3.8,1.5,61.9,0.0,0.4,32.3
20160307190956,0.4,0.1,38.3,26.4,31.5,0.0,2.1,1.2
20160307191026,0.0,0.9,24.6,40.4,33.9,0.0,0.0,0.1
20160307191056,0.0,0.1,9.9,65.0,23.8,0.0,0.8,0.4
20160307191126,0.1,0.3,66.0,16.3,15.5,0.0,1.8,0.1
20160307191156,0.6,5.2,28.5,16.0,48.7,0.0,0.8,0.2
20160307191226,0.2,4.9,3.5,54.9,36.2,0.0,0.1,0.3
20160307191256,0.3,1.5,6.1,23.5,68.6,0.0,0.1,0.0
20160307191326,0.6,1.1,53.0,15.1,25.6,0.0,2.8,1.8
20160307191356,0.6,0.6,4.0,8.7,51.0,0.0,15.4,19.7
20160307191426,0.9,1.0,5.5,7.9,37.2,0.0,21.0,26.6
20160307191456,0.5,0.7,9.1,7.4,32.5,0.0,33.4,16.4
20160307191526,0.4,6.1,3.7,12.1,75.0,0.0,0.9,1.7
20160307191556,0.3,6.9,0.4,1.6,90.7,0.0,0.0,0.1
20160307191626,0.1,2.7,2.0,71.7,23.5,0.0,0.0,0.0
20160307191656,0.0,2.7,0.2,85.2,11.8,0.0,0.0,0.1
20160307191726,0.0,1.8,4.2,89.9,3.7,0.0,0.3,0.0
20160307191756,0.1,0.7,4.7,78.9,10.2,0.1,2.9,2.5
20160307191826,0.2,2.4,26.6,51.9,6.6,0.0,1.1,11.1
20160307191856,0.1,1.0,11.9,78.8,6.5,0.0,1.0,0.7
20160307191926,0.7,0.6,12.2,46.3,23.1,0.1,6.3,10.8
20160307191956,1.3,2.1,37.1,22.6,22.1,0.1,4.7,9.9
20160307192026,0.6,1.7,59.2,24.5,10.4,0.0,1.5,2.2
20160307192056,0.4,0.5,3.7,78.2,12.5,0.0,3.8,0.9
20160307192126,0.3,0.4,20.7,34.5,33.9,0.0,3.7,6.5
20160307192156,0.2,0.0,5.0,3.9,19.7,0.0,64.8,6.4
20160307192226,1.1,0.0,3.2,5.4,58.7,0.1,17.7,13.7
20160307192256,0.6,0.1,7.4,3.2,76.0,0.0,3.8,8.9
20160307192326,0.1,0.1,2.8,5.7,36.5,0.0,15.8,38.9
20160307192356,0.2,0.0,1.1,2.0,47.6,0.0,22.2,26.9
20160307192426,0.1,0.0,0.9,0.3,16.5,0.1,28.6,53.7
20160307192456,0.0,0.0,0.1,0.1,2.6,0.0,95.4,1.8
20160307192526,0.0,0.0,0.6,6.2,62.1,0.0,27.4,3.5
20160307192556,1.2,0.0,0.3,2.1,36.0,0.0,10.0,50.4
20160307192626,0.2,0.2,3.1,46.7,22.9,0.0,17.5,9.5
20160307192656,0.1,0.0,2.8,1.7,94.0,0.0,0.2,1.2
20160307192726,3.8,1.2,2.6,2.6,88.0,0.0,0.2,1.6
20160307192756,1.7,1.1,7.6,6.7,79.8,0.0,0.1,3.1
20160307192826,0.5,1.1,0.3,3.4,94.5,0.0,0.0,0.1
20160307192856,0.4,1.8,7.2,1.0,87.5,0.0,0.0,2.0
20160307192926,1.2,0.4,10.3,2.9,54.0,0.0,0.3,30.9
20160307192956,1.1,1.9,3.4,68.6,19.3,0.0,0.1,5.6
20160307193026,6.1,45.6,6.7,25.3,15.9,0.0,0.0,0.4
20160307193056,1.2,3.9,5.3,10.7,78.7,0.0,0.0,0.1
20160307193126,0.4,16.4,5.8,0.2,77.2,0.0,0.0,0.0
20160307193156,2.3,70.0,1.5,0.4,25.8,0.0,0.0,0.0
20160307193226,1.6,2.3,10.7,0.1,85.2,0.0,0.0,0.2
20160307193256,0.0,0.5,1.2,0.2,97.9,0.0,0.0,0.2
20160307193326,0.8,14.2,1.2,0.3,82.8,0.0,0.0,0.7
20160307193356,0.1,9.8,2.6,0.3,87.1,0.0,0.0,0.1
20160307193426,0.0,92.8,0.6,0.2,6.4,0.0,0.0,0.0
20160307193456,0.0,74.4,5.8,0.1,19.7,0.0,0.0,0.0
20160307193526,0.0,39.0,5.5,0.4,55.0,0.0,0.0,0.0
20160307193556,0.0,91.5,0.1,0.0,8.4,0.0,0.0,0.0
20160307193626,0.0,97.9,0.1,0.0,2.0,0.0,0.0,0.0
20160307193656,0.0,99.9,0.0,0.0,0.1,0.0,0.0,0.0
20160307193726,0.0,99.3,0.0,0.1,0.6,0.0,0.0,0.0
20160307193756,0.0,99.1,0.4,0.3,0.2,0.0,0.0,0.0
20160307193826,0.0,71.1,13.5,9.1,6.3,0.0,0.0,0.1
20160307193857,0.1,14.7,42.2,1.8,36.2,0.0,2.9,1.9
20160307193927,0.0,0.3,64.0,1.2,34.1,0.0,0.4,0.0
20160307193957,0.5,47.7,36.0,3.4,12.2,0.0,0.1,0.1
20160307194027,0.0,87.1,0.6,0.0,12.3,0.0,0.0,0.0
20160307194057,0.3,3.4,17.1,1.8,77.3,0.0,0.0,0.0
20160307194127,0.2,16.7,25.9,2.6,54.6,0.0,0.0,0.0
20160307194157,15.5,2.0,4.0,6.8,70.9,0.0,0.7,0.1
20160307194227,39.2,3.3,1.2,16.5,39.2,0.0,0.2,0.4
20160307194257,87.0,5.2,0.3,2.3,5.1,0.0,0.0,0.0
20160307194327,38.8,1.2,0.7,32.7,26.2,0.0,0.0,0.3
20160307194357,79.7,0.3,0.1,5.1,14.8,0.0,0.0,0.1
20160307194427,89.4,0.7,0.1,4.6,5.0,0.1,0.0,0.0
20160307194457,86.6,2.7,0.0,7.6,3.0,0.0,0.0,0.1
20160307194527,34.8,34.5,0.0,3.8,26.7,0.0,0.1,0.1
20160307194557,65.9,10.0,0.1,8.8,14.8,0.0,0.0,0.4
20160307194627,91.6,2.2,0.0,2.2,3.7,0.0,0.0,0.3
20160307194657,77.8,0.4,0.0,16.5,2.5,0.0,0.0,2.6
20160307194727,22.8,0.3,0.1,3.7,14.6,0.1,0.3,58.0
20160307194757,30.6,1.9,0.0,50.8,6.1,0.1,0.3,10.3
20160307194827,13.2,2.2,0.5,54.4,12.1,0.7,2.0,15.0
20160307194857,60.4,3.6,4.7,5.2,17.6,0.7,0.5,7.4
20160307194927,92.3,0.3,0.1,6.1,0.5,0.4,0.1,0.2
20160307194957,93.1,0.4,0.1,3.2,2.4,0.2,0.0,0.6
20160307195027,88.7,0.1,0.0,5.8,0.9,0.5,0.0,4.0
20160307195057,99.3,0.0,0.0,0.6,0.0,0.0,0.0,0.0
20160307195127,99.9,0.0,0.0,0.1,0.0,0.0,0.0,0.0
20160307195157,100.0,0.0,0.0,0.0,0.0,0.0,0.0,0.0
20160307195227,100.0,0.0,0.0,0.0,0.0,0.0,0.0,0.0
20160307195257,100.0,0.0,0.0,0.0,0.0,0.0,0.0,0.0
20160307195327,100.0,0.0,0.0,0.0,0.0,0.0,0.0,0.0
20160307195357,100.0,0.0,0.0,0.0,0.0,0.0,0.0,0.0
20160307195427,99.7,0.0,0.0,0.3,0.0,0.0,0.0,0.0
20160307195457,100.0,0.0,0.0,0.0,0.0,0.0,0.0,0.0
20160307195527,100.0,0.0,0.0,0.0,0.0,0.0,0.0,0.0
20160307195557,100.0,0.0,0.0,0.0,0.0,0.0,0.0,0.0
20160307195627,100.0,0.0,0.0,0.0,0.0,0.0,0.0,0.0
20160307195657,100.0,0.0,0.0,0.0,0.0,0.0,0.0,0.0
20160307195727,100.0,0.0,0.0,0.0,0.0,0.0,0.0,0.0
20160307195757,100.0,0.0,0.0,0.0,0.0,0.0,0.0,0.0
20160307195827,100.0,0.0,0.0,0.0,0.0,0.0,0.0,0.0
20160307195857,100.0,0.0,0.0,0.0,0.0,0.0,0.0,0.0
20160307195927,100.0,0.0,0.0,0.0,0.0,0.0,0.0,0.0
20160307195957,100.0,0.0,0.0,0.0,0.0,0.0,0.0,0.0
20160307200027,100.0,0.0,0.0,0.0,0.0,0.0,0.0,0.0
20160307200057,100.0,0.0,0.0,0.0,0.0,0.0,0.0,0.0
20160307200127,100.0,0.0,0.0,0.0,0.0,0.0,0.0,0.0
20160307200157,100.0,0.0,0.0,0.0,0.0,0.0,0.0,0.0
20160307200227,100.0,0.0,0.0,0.0,0.0,0.0,0.0,0.0
20160307200257,99.9,0.0,0.0,0.0,0.0,0.1,0.0,0.0
20160307200327,100.0,0.0,0.0,0.0,0.0,0.0,0.0,0.0
20160307200357,100.0,0.0,0.0,0.0,0.0,0.0,0.0,0.0
20160307200427,99.9,0.0,0.0,0.0,0.0,0.0,0.0,0.0
20160307200457,100.0,0.0,0.0,0.0,0.0,0.0,0.0,0.0
20160307200527,100.0,0.0,0.0,0.0,0.0,0.0,0.0,0.0
20160307200557,100.0,0.0,0.0,0.0,0.0,0.0,0.0,0.0
20160307200627,99.9,0.0,0.0,0.0,0.0,0.0,0.0,0.0
20160307200657,100.0,0.0,0.0,0.0,0.0,0.0,0.0,0.0
20160307200727,100.0,0.0,0.0,0.0,0.0,0.0,0.0,0.0
20160307200757,100.0,0.0,0.0,0.0,0.0,0.0,0.0,0.0
20160307200827,99.9,0.0,0.0,0.0,0.0,0.0,0.0,0.0
20160307200857,100.0,0.0,0.0,0.0,0.0,0.0,0.0,0.0
20160307200927,100.0,0.0,0.0,0.0,0.0,0.0,0.0,0.0
20160307200957,100.0,0.0,0.0,0.0,0.0,0.0,0.0,0.0
20160307201027,100.0,0.0,0.0,0.0,0.0,0.0,0.0,0.0
20160307201057,99.4,0.0,0.5,0.0,0.1,0.0,0.0,0.0
20160307201127,99.8,0.0,0.1,0.0,0.1,0.0,0.0,0.0
20160307201157,99.7,0.0,0.1,0.0,0.1,0.0,0.0,0.1
20160307201227,98.5,0.4,0.1,0.0,0.6,0.0,0.0,0.4
20160307201257,97.2,0.4,0.7,0.1,0.9,0.0,0.0,0.6
20160307201328,96.6,0.5,0.3,0.1,1.6,0.0,0.0,0.9
20160307201358,94.8,2.2,1.0,0.0,0.8,0.0,0.0,1.2
20160307201428,29.9,64.8,0.1,3.0,2.1,0.0,0.0,0.1
20160307201458,60.2,33.1,0.2,5.2,0.8,0.0,0.0,0.5
20160307201528,87.0,3.3,0.1,1.1,7.6,0.0,0.0,0.8
20160307201558,2.2,92.9,0.0,4.7,0.1,0.0,0.0,0.0
20160307201628,0.2,99.6,0.0,0.1,0.1,0.0,0.0,0.0
20160307201658,0.1,98.5,0.0,0.3,1.0,0.0,0.0,0.0
20160307201728,0.5,89.5,5.1,2.5,0.8,0.0,0.0,1.5
20160307201758,0.0,99.9,0.0,0.1,0.0,0.0,0.0,0.0
20160307201828,0.0,99.5,0.0,0.4,0.0,0.0,0.0,0.0
20160307201858,0.0,96.5,2.4,0.9,0.2,0.0,0.0,0.0
20160307201928,0.0,12.1,87.6,0.3,0.0,0.0,0.0,0.0
20160307201958,0.0,94.4,2.0,3.6,0.1,0.0,0.0,0.0
20160307202028,0.0,75.1,9.0,1.2,14.7,0.0,0.0,0.0
20160307202058,0.0,72.7,2.8,24.1,0.3,0.0,0.0,0.0
20160307202128,0.0,93.1,1.7,4.8,0.4,0.0,0.0,0.0
20160307202158,0.1,67.3,26.0,5.4,1.2,0.0,0.0,0.0
20160307202228,0.0,99.9,0.0,0.0,0.0,0.0,0.0,0.0
20160307202258,0.0,99.9,0.0,0.0,0.1,0.0,0.0,0.0
20160307202328,0.0,98.9,0.0,0.8,0.3,0.0,0.0,0.0
20160307202358,0.0,98.0,1.0,0.0,0.9,0.0,0.0,0.0
20160307202428,0.0,96.4,1.6,0.2,1.8,0.0,0.0,0.0
20160307202458,0.0,81.6,0.0,9.6,8.8,0.0,0.0,0.0
20160307202528,0.0,100.0,0.0,0.0,0.0,0.0,0.0,0.0
20160307202558,0.0,99.2,0.0,0.0,0.8,0.0,0.0,0.0
20160307202628,0.0,91.4,2.0,4.0,2.5,0.0,0.0,0.0
20160307202658,0.0,99.9,0.0,0.0,0.1,0.0,0.0,0.0
20160307202728,0.0,100.0,0.0,0.0,0.0,0.0,0.0,0.0
20160307202758,0.0,97.9,0.0,2.0,0.0,0.0,0.0,0.0
20160307202828,0.0,99.8,0.0,0.2,0.0,0.0,0.0,0.0
20160307202858,0.0,99.7,0.0,0.3,0.0,0.0,0.0,0.0
20160307202928,0.0,98.2,0.6,1.0,0.2,0.0,0.0,0.0
20160307202958,0.0,62.9,34.5,2.2,0.4,0.0,0.0,0.0
20160307203028,0.0,2.5,95.5,1.9,0.1,0.0,0.0,0.0
20160307203058,0.0,39.8,46.4,13.5,0.3,0.0,0.0,0.0
20160307203128,0.0,4.4,68.3,25.0,2.3,0.0,0.0,0.1
20160307203158,0.0,0.3,97.5,2.0,0.3,0.0,0.0,0.0
20160307203228,0.0,0.2,99.0,0.5,0.4,0.0,0.0,0.0
20160307203258,0.0,0.4,98.9,0.6,0.2,0.0,0.0,0.0
20160307203328,0.0,37.4,58.5,3.1,1.0,0.0,0.0,0.0
20160307203358,0.0,7.9,86.7,5.1,0.3,0.0,0.0,0.0
20160307203428,0.0,6.9,72.3,20.8,0.0,0.0,0.0,0.0
20160307203458,0.0,2.8,89.9,7.3,0.1,0.0,0.0,0.0
20160307203528,0.0,0.4,95.4,4.2,0.0,0.0,0.0,0.0
20160307203558,0.0,0.0,99.8,0.2,0.0,0.0,0.0,0.0
20160307203628,0.0,0.4,99.3,0.3,0.0,0.0,0.0,0.0
20160307203658,0.0,0.1,99.8,0.1,0.0,0.0,0.0,0.0
20160307203728,0.0,4.8,92.2,2.9,0.1,0.0,0.0,0.0
20160307203758,0.0,0.3,99.6,0.1,0.0,0.0,0.0,0.0
20160307203828,0.0,0.3,99.6,0.1,0.0,0.0,0.0,0.0
20160307203858,0.0,0.0,100.0,0.0,0.0,0.0,0.0,0.0
20160307203928,0.0,0.0,100.0,0.0,0.0,0.0,0.0,0.0
20160307203958,0.0,0.0,100.0,0.0,0.0,0.0,0.0,0.0
20160307204028,0.0,0.1,99.8,0.0,0.0,0.0,0.0,0.0
20160307204058,0.0,0.0,100.0,0.0,0.0,0.0,0.0,0.0
20160307204129,0.0,0.1,99.9,0.0,0.0,0.0,0.0,0.0
20160307204159,0.0,0.1,99.9,0.0,0.0,0.0,0.0,0.0
20160307204229,0.0,0.0,100.0,0.0,0.0,0.0,0.0,0.0
20160307204259,0.0,0.0,100.0,0.0,0.0,0.0,0.0,0.0
20160307204329,0.0,0.0,100.0,0.0,0.0,0.0,0.0,0.0
20160307204359,0.0,0.2,99.3,0.1,0.4,0.0,0.0,0.0
20160307204429,0.0,1.7,95.6,0.5,2.2,0.0,0.0,0.0
20160307204459,0.0,28.4,61.8,0.5,9.4,0.0,0.0,0.0
20160307204529,0.0,2.5,96.8,0.3,0.4,0.0,0.0,0.0
20160307204559,0.0,4.8,91.6,1.2,2.3,0.0,0.0,0.0
20160307204629,0.0,9.9,88.4,0.2,1.6,0.0,0.0,0.0
20160307204659,0.0,0.4,98.6,0.7,0.3,0.0,0.0,0.0
20160307204729,0.0,0.1,99.9,0.0,0.0,0.0,0.0,0.0
20160307204759,0.0,2.5,91.8,0.3,5.4,0.0,0.0,0.0
20160307204829,0.0,3.7,82.3,1.3,12.7,0.0,0.0,0.1
20160307204859,0.0,0.1,99.8,0.1,0.0,0.0,0.0,0.0
20160307204929,0.0,0.0,99.8,0.2,0.0,0.0,0.0,0.0
20160307204959,0.0,0.2,99.7,0.1,0.0,0.0,0.0,0.0
20160307205029,0.0,4.1,95.1,0.9,0.0,0.0,0.0,0.0
20160307205059,0.0,0.0,99.9,0.1,0.0,0.0,0.0,0.0
20160307205129,0.0,0.0,99.9,0.0,0.0,0.0,0.0,0.0
20160307205159,0.0,0.0,99.9,0.1,0.0,0.0,0.0,0.0
20160307205229,0.0,0.0,99.7,0.2,0.1,0.0,0.0,0.0
20160307205259,0.0,0.0,100.0,0.0,0.0,0.0,0.0,0.0
20160307205329,0.0,0.0,99.5,0.5,0.0,0.0,0.0,0.0
20160307205359,0.0,0.1,94.0,6.0,0.0,0.0,0.0,0.0
20160307205429,0.0,0.0,99.6,0.3,0.0,0.0,0.0,0.0
20160307205459,0.0,0.0,99.2,0.7,0.1,0.0,0.0,0.1
20160307205529,0.0,0.0,99.5,0.5,0.0,0.0,0.0,0.0
20160307205559,0.0,0.0,94.9,5.1,0.0,0.0,0.0,0.0
20160307205629,0.0,0.0,99.8,0.2,0.0,0.0,0.0,0.0
20160307205659,0.0,0.0,99.8,0.2,0.0,0.0,0.0,0.0
20160307205729,0.0,0.0,99.9,0.1,0.0,0.0,0.0,0.0
20160307205759,0.0,0.0,100.0,0.0,0.0,0.0,0.0,0.0
20160307205829,0.0,0.0,100.0,0.0,0.0,0.0,0.0,0.0
20160307205859,0.0,0.0,100.0,0.0,0.0,0.0,0.0,0.0
20160307205929,0.0,0.0,100.0,0.0,0.0,0.0,0.0,0.0
20160307205959,0.0,0.0,99.9,0.0,0.0,0.0,0.0,0.0
20160307210029,0.0,0.0,99.9,0.0,0.0,0.0,0.0,0.0
20160307210059,0.0,0.1,99.0,0.2,0.8,0.0,0.0,0.0
20160307210129,0.0,0.0,100.0,0.0,0.0,0.0,0.0,0.0
20160307210159,0.0,0.0,100.0,0.0,0.0,0.0,0.0,0.0
20160307210229,0.0,0.0,100.0,0.0,0.0,0.0,0.0,0.0
20160307210259,0.0,0.0,100.0,0.0,0.0,0.0,0.0,0.0
20160307210329,0.0,0.0,99.9,0.0,0.0,0.0,0.0,0.0
20160307210359,0.0,0.0,99.7,0.0,0.0,0.0,0.0,0.2
20160307210429,0.0,0.0,99.9,0.1,0.0,0.0,0.0,0.0
20160307210459,0.0,0.0,99.4,0.4,0.0,0.0,0.0,0.2
20160307210529,0.0,0.0,99.9,0.1,0.0,0.0,0.0,0.1
20160307210559,0.0,0.0,100.0,0.0,0.0,0.0,0.0,0.0
20160307210629,0.0,0.0,100.0,0.0,0.0,0.0,0.0,0.0
20160307210659,0.0,0.0,100.0,0.0,0.0,0.0,0.0,0.0
20160307210729,0.0,0.0,100.0,0.0,0.0,0.0,0.0,0.0
20160307210759,0.0,0.0,100.0,0.0,0.0,0.0,0.0,0.0
20160307210829,0.0,0.0,100.0,0.0,0.0,0.0,0.0,0.0
20160307210859,0.0,0.0,99.9,0.1,0.0,0.0,0.0,0.0
20160307210929,0.0,0.0,100.0,0.0,0.0,0.0,0.0,0.0
20160307210959,0.0,0.0,100.0,0.0,0.0,0.0,0.0,0.0
20160307211029,0.0,0.0,99.9,0.0,0.0,0.0,0.0,0.0
20160307211059,0.0,0.5,99.3,0.2,0.0,0.0,0.0,0.0
20160307211129,0.0,0.8,98.5,0.5,0.3,0.0,0.0,0.0
20160307211159,0.0,98.4,1.5,0.1,0.0,0.0,0.0,0.0
20160307211229,0.0,33.1,66.7,0.2,0.1,0.0,0.0,0.0
20160307211259,0.0,4.8,95.0,0.2,0.0,0.0,0.0,0.0
20160307211329,0.0,0.8,95.6,3.3,0.3,0.0,0.0,0.0
20160307211359,0.0,0.7,97.3,0.2,1.8,0.0,0.0,0.0
20160307211430,0.0,3.1,87.5,2.9,6.5,0.0,0.0,0.0
20160307211500,0.0,0.6,98.1,0.1,1.3,0.0,0.0,0.0
20160307211530,0.0,0.0,99.9,0.0,0.0,0.0,0.0,0.0
20160307211600,0.0,0.0,99.9,0.0,0.1,0.0,0.0,0.0
20160307211630,0.7,0.1,97.3,0.4,1.6,0.0,0.0,0.0
20160307211700,3.2,0.9,94.6,0.5,0.6,0.0,0.0,0.2
20160307211730,0.8,0.0,98.5,0.2,0.4,0.0,0.0,0.0
20160307211800,3.5,1.5,87.4,3.6,3.6,0.0,0.0,0.4
20160307211830,10.1,0.8,85.7,0.8,1.9,0.2,0.0,0.4
20160307211900,18.7,0.2,76.7,0.5,1.8,0.4,0.0,1.7
20160307211930,12.4,0.4,46.6,2.5,3.7,29.8,0.6,3.9
20160307212000,2.3,0.5,87.3,1.5,4.6,0.5,1.0,2.3
20160307212030,1.4,0.2,95.3,0.7,2.0,0.0,0.0,0.4
20160307212100,0.3,0.4,93.8,3.1,1.3,0.1,0.2,0.9
20160307212130,0.4,1.4,89.4,4.8,3.4,0.1,0.2,0.3
20160307212200,0.1,0.1,98.6,0.3,0.9,0.0,0.0,0.0
20160307212230,0.6,0.1,98.1,0.1,0.9,0.0,0.0,0.1
20160307212300,0.0,0.0,99.8,0.0,0.1,0.0,0.0,0.0
20160307212330,0.0,0.7,99.2,0.0,0.1,0.0,0.0,0.0
20160307212400,0.0,40.6,56.6,0.1,2.7,0.0,0.0,0.0
20160307212430,0.0,13.4,86.2,0.0,0.3,0.0,0.0,0.0
20160307212500,0.0,0.5,99.5,0.0,0.0,0.0,0.0,0.0
20160307212530,0.0,9.3,86.7,0.1,3.9,0.0,0.0,0.0
20160307212600,0.0,85.4,12.4,0.0,2.2,0.0,0.0,0.0
20160307212630,0.0,97.7,0.9,0.0,1.4,0.0,0.0,0.0
20160307212700,0.0,97.2,0.9,0.0,1.8,0.0,0.0,0.0
20160307212730,0.2,45.1,27.6,1.7,25.4,0.0,0.0,0.0
20160307212800,0.0,30.5,67.7,0.2,1.6,0.0,0.0,0.0
20160307212830,0.0,99.4,0.2,0.2,0.2,0.0,0.0,0.0
20160307212900,0.9,94.5,0.8,1.0,2.8,0.0,0.0,0.0
20160307212930,11.2,77.6,0.0,7.2,3.9,0.0,0.0,0.0
20160307213000,0.9,45.9,2.9,1.3,48.9,0.0,0.0,0.0
20160307213030,0.7,20.3,8.4,18.6,52.0,0.0,0.0,0.0
20160307213100,0.3,54.4,10.0,17.1,18.2,0.0,0.0,0.0
20160307213130,0.0,96.9,0.5,0.2,2.4,0.0,0.0,0.0
20160307213200,0.0,94.8,0.2,3.9,1.1,0.0,0.0,0.0
20160307213230,0.0,96.7,0.0,3.2,0.1,0.0,0.0,0.0
20160307213300,0.0,96.4,0.0,0.5,3.1,0.0,0.0,0.0
20160307213330,0.0,99.9,0.0,0.0,0.1,0.0,0.0,0.0
20160307213400,0.0,99.8,0.0,0.0,0.2,0.0,0.0,0.0
20160307213430,0.0,99.9,0.0,0.0,0.1,0.0,0.0,0.0
20160307213500,0.0,97.6,0.0,0.3,2.2,0.0,0.0,0.0
20160307213530,0.0,97.9,0.0,2.0,0.1,0.0,0.0,0.0
20160307213600,0.0,100.0,0.0,0.0,0.0,0.0,0.0,0.0
20160307213630,0.0,100.0,0.0,0.0,0.0,0.0,0.0,0.0
20160307213700,0.0,100.0,0.0,0.0,0.0,0.0,0.0,0.0
20160307213730,0.0,100.0,0.0,0.0,0.0,0.0,0.0,0.0
20160307213800,0.0,100.0,0.0,0.0,0.0,0.0,0.0,0.0
20160307213830,0.0,100.0,0.0,0.0,0.0,0.0,0.0,0.0
20160307213900,0.0,99.0,0.0,0.6,0.3,0.0,0.0,0.0
20160307214701,0.0,100.0,0.0,0.0,0.0,0.0,0.0,0.0
20160307214731,0.0,100.0,0.0,0.0,0.0,0.0,0.0,0.0
20160307215531,0.0,0.2,99.8,0.0,0.0,0.0,0.0,0.0
20160307220331,40.1,2.3,4.1,3.7,49.8,0.0,0.0,0.1
20160307220401,15.8,18.5,10.6,52.1,3.0,0.0,0.0,0.0
20160307220431,8.9,87.3,0.0,2.4,1.4,0.0,0.0,0.0
20160307221231,0.0,0.1,77.9,21.9,0.1,0.0,0.0,0.0
20160307221301,0.0,0.2,37.8,61.8,0.2,0.0,0.0,0.0
20160307221331,0.0,0.6,12.0,87.3,0.1,0.0,0.0,0.0
20160307221401,0.0,0.0,99.6,0.4,0.0,0.0,0.0,0.0
20160307221431,0.0,0.0,99.5,0.5,0.0,0.0,0.0,0.0
20160307221501,0.0,0.2,98.3,1.4,0.1,0.0,0.0,0.0
20160307221531,0.0,0.1,98.0,1.9,0.1,0.0,0.0,0.0
20160307221601,0.0,0.0,99.6,0.3,0.1,0.0,0.0,0.0
20160307221631,0.0,0.1,96.6,3.2,0.1,0.0,0.0,0.0
20160307221701,0.0,0.2,95.8,3.9,0.0,0.0,0.0,0.0
20160307221731,0.0,0.7,80.3,14.7,4.3,0.0,0.0,0.0
20160307221801,0.0,0.1,64.4,34.5,0.9,0.0,0.0,0.1
20160307221831,0.0,0.2,82.1,16.3,0.9,0.0,0.0,0.6
20160307221901,0.0,0.2,91.7,7.8,0.2,0.0,0.0,0.1
20160307221931,0.0,0.0,97.4,1.5,0.0,0.0,0.0,1.1
20160307222001,0.0,0.0,99.5,0.4,0.0,0.0,0.0,0.0
20160307222031,0.0,0.1,99.0,0.7,0.0,0.0,0.0,0.2
20160307222101,0.0,0.0,98.7,1.1,0.0,0.0,0.0,0.2
20160307222132,0.0,0.1,70.2,27.6,0.4,0.0,0.0,1.9
20160307222202,0.0,0.8,7.7,85.7,1.3,0.0,0.0,4.5
20160307222232,0.0,0.6,2.5,94.6,2.3,0.0,0.0,0.0
20160307222302,0.0,0.3,8.5,90.8,0.3,0.0,0.0,0.1
20160307222332,0.0,0.2,2.3,96.3,0.4,0.0,0.0,0.8
20160307222402,0.0,1.7,4.8,90.1,1.9,0.0,0.0,1.5
20160307222432,0.0,0.0,77.7,19.6,0.1,0.0,0.0,2.6
20160307222502,0.0,0.0,44.8,48.3,0.2,0.0,0.0,6.7
20160307222532,0.0,0.0,83.1,11.3,0.0,0.0,0.0,5.5
20160307222602,0.0,0.0,43.3,55.8,0.1,0.0,0.0,0.8
20160307222632,0.0,0.0,93.2,5.2,0.1,0.0,0.0,1.5
20160307222702,0.0,0.0,96.6,2.7,0.0,0.0,0.0,0.7
20160307222732,0.0,0.0,93.1,6.6,0.0,0.0,0.0,0.2
20160307222802,0.0,0.0,57.6,35.5,0.8,0.0,0.1,6.0
20160307222832,0.0,0.0,90.3,5.9,0.0,0.0,0.1,3.7
20160307222902,0.0,0.1,48.6,51.2,0.0,0.0,0.0,0.0
20160307222932,0.0,0.0,19.3,79.6,0.2,0.0,0.0,0.9
20160307223002,0.0,0.0,42.8,56.6,0.4,0.0,0.0,0.1
20160307223032,0.0,0.0,69.2,30.3,0.1,0.0,0.0,0.3
20160307223102,0.0,0.0,97.5,2.4,0.0,0.0,0.0,0.0
20160307223132,0.0,0.0,56.0,43.9,0.1,0.0,0.0,0.0
20160307223202,0.0,0.0,40.6,58.9,0.4,0.0,0.0,0.1
20160307223232,0.0,0.0,84.1,15.2,0.6,0.0,0.0,0.1
20160307223302,0.0,0.0,85.4,13.7,0.8,0.0,0.0,0.0
20160307223332,0.0,0.0,90.8,7.6,0.5,0.0,0.3,0.8
20160307223402,0.0,0.0,69.5,27.0,0.9,0.0,0.0,2.6
20160307223432,0.0,0.0,90.0,9.7,0.1,0.0,0.0,0.2
20160307223502,0.0,0.0,93.4,6.5,0.0,0.0,0.0,0.0
20160307223532,0.0,0.1,94.4,5.4,0.1,0.0,0.0,0.0
20160307223602,0.0,0.1,97.2,2.7,0.1,0.0,0.0,0.0
20160307223632,0.0,0.1,85.0,14.7,0.1,0.0,0.0,0.0
20160307223702,0.0,0.2,84.0,15.7,0.1,0.0,0.0,0.0
20160307223732,0.0,0.1,86.0,13.0,0.1,0.0,0.0,0.7
20160307223802,0.0,0.4,81.1,15.1,0.6,0.0,0.1,2.7
20160307223832,0.0,0.0,88.8,10.4,0.1,0.0,0.0,0.8
20160307223902,0.0,0.0,25.5,73.1,0.2,0.0,0.0,1.2
20160307223932,0.0,0.0,92.0,7.7,0.1,0.0,0.0,0.2
20160307224002,0.0,0.0,82.6,16.6,0.1,0.0,0.0,0.6
20160307224032,0.0,0.2,45.2,42.7,0.8,0.0,0.2,10.8
20160307224102,0.0,0.2,73.1,25.9,0.1,0.0,0.1,0.7
20160307224132,0.0,0.1,89.7,8.3,0.1,0.0,0.6,1.2
20160307224202,0.0,0.0,92.0,4.2,0.1,0.0,0.1,3.5
20160307224232,0.0,2.9,46.3,50.3,0.5,0.0,0.0,0.1
20160307224302,0.0,0.1,52.1,47.1,0.7,0.0,0.0,0.0
20160307224332,0.0,0.5,2.5,93.8,3.2,0.0,0.0,0.0
20160307224402,0.0,0.4,16.3,83.1,0.3,0.0,0.0,0.0
20160307224432,0.0,0.1,7.9,91.3,0.3,0.0,0.0,0.4
20160307224502,0.0,0.0,43.0,56.7,0.2,0.0,0.0,0.1
20160307224532,0.0,0.0,96.6,3.1,0.1,0.0,0.0,0.2
20160307224602,0.0,0.0,78.6,21.1,0.0,0.0,0.1,0.2
20160307224632,0.0,0.0,66.4,30.7,0.4,0.0,0.2,2.3
20160307224702,0.0,0.0,98.5,1.3,0.0,0.0,0.0,0.1
20160307224732,0.0,0.2,94.6,4.3,0.1,0.0,0.0,0.7
20160307224802,0.0,0.1,83.2,12.7,0.0,0.0,0.1,3.8
20160307224832,0.0,0.0,26.7,44.9,0.6,0.0,0.8,26.9
20160307224903,0.0,0.1,90.5,5.7,0.4,0.0,2.2,1.2
20160307224933,0.0,0.2,29.8,60.6,0.2,0.0,1.6,7.6
20160307225003,0.0,1.2,19.6,73.4,0.2,0.0,2.1,3.6
20160307225033,0.0,0.2,19.8,25.1,0.2,0.0,11.0,43.6
20160307225103,0.0,0.2,7.0,32.8,0.3,0.0,14.3,45.4
20160307225133,0.1,0.7,4.8,75.7,0.9,0.0,1.7,16.1
20160307225203,0.0,0.0,1.2,0.8,0.9,0.0,3.0,94.2
20160307225233,0.0,0.0,3.4,9.5,1.3,0.0,2.7,83.0
20160307225303,0.0,0.0,4.4,3.2,0.5,0.0,6.7,85.1
20160307225333,0.0,0.0,11.1,0.6,0.3,0.0,9.7,78.3
20160307225403,0.0,0.0,44.9,3.7,1.0,0.1,10.5,39.9
20160307225433,0.0,0.0,18.0,3.6,0.1,0.1,36.0,42.2
20160307225503,0.2,0.1,12.8,10.4,0.3,0.1,22.1,54.0
20160307225533,0.0,0.0,24.7,12.2,0.2,0.3,8.2,54.3
20160307225603,0.2,0.0,26.0,39.1,0.8,0.2,6.3,27.3
20160307225633,0.6,0.1,20.1,57.1,0.7,0.1,7.1,14.2
20160307225703,0.2,0.0,17.6,34.4,0.2,0.1,22.8,24.6
20160307225733,0.1,0.0,13.9,80.3,0.0,0.0,3.9,1.8
20160307225803,0.0,0.0,47.6,42.9,0.0,0.0,7.6,1.7
20160307225833,0.0,0.0,3.9,86.4,0.0,0.0,0.7,8.9
20160307225903,0.0,0.0,4.3,53.5,0.1,0.0,3.2,38.8
20160307225933,0.0,0.0,3.5,87.0,0.0,0.0,4.7,4.6
20160307230003,0.1,0.0,13.2,70.0,0.1,0.1,5.3,11.2
20160307230033,0.1,0.1,10.9,85.0,0.1,0.0,1.9,1.9
20160307230103,0.0,0.0,49.5,50.1,0.1,0.0,0.2,0.1
20160307230133,0.0,0.1,58.2,40.6,0.0,0.0,0.1,1.0
20160307230203,0.0,0.0,92.1,7.8,0.0,0.0,0.0,0.1
20160307230233,0.0,0.0,92.2,7.8,0.0,0.0,0.0,0.0
20160307230303,0.0,0.0,88.5,11.3,0.0,0.0,0.0,0.1
20160307230333,0.0,0.0,79.2,20.7,0.0,0.0,0.0,0.1
20160307230403,0.0,0.1,60.8,38.6,0.0,0.0,0.0,0.5
20160307230433,0.0,0.0,24.6,75.3,0.0,0.0,0.0,0.1
20160307230503,0.0,0.0,56.9,42.8,0.0,0.0,0.0,0.3
20160307230533,0.0,0.0,64.8,35.1,0.0,0.0,0.0,0.0
20160307230603,0.0,0.0,26.1,72.6,0.0,0.0,0.2,1.1
20160307230633,0.0,0.0,61.5,38.2,0.0,0.0,0.1,0.2
20160307230703,0.0,0.0,96.4,3.5,0.0,0.0,0.0,0.1
20160307230733,0.0,0.0,87.3,12.7,0.0,0.0,0.0,0.0
20160307230803,0.0,0.0,96.4,3.5,0.0,0.0,0.0,0.0
20160307230833,0.0,0.0,95.3,4.6,0.0,0.0,0.0,0.0
20160307230903,0.0,0.0,98.7,1.3,0.0,0.0,0.0,0.0
20160307230933,0.0,0.2,86.5,13.2,0.0,0.0,0.0,0.0
20160307231003,0.0,0.0,97.6,2.4,0.0,0.0,0.0,0.0
20160307231033,0.0,0.0,99.5,0.5,0.0,0.0,0.0,0.0
20160307231103,0.0,0.1,95.1,4.8,0.0,0.0,0.0,0.0
20160307231133,0.0,0.0,99.1,0.9,0.0,0.0,0.0,0.0
20160307231203,0.0,0.0,99.7,0.2,0.0,0.0,0.0,0.0
20160307231233,0.0,0.0,99.8,0.2,0.0,0.0,0.0,0.0
20160307231303,0.0,0.0,99.9,0.1,0.0,0.0,0.0,0.0
20160307231333,0.0,0.0,95.0,5.0,0.0,0.0,0.0,0.0
20160307231403,0.0,0.0,80.7,19.1,0.1,0.0,0.0,0.1
20160307231433,0.0,0.0,94.3,5.5,0.0,0.0,0.0,0.1
20160307231503,0.0,0.1,81.9,17.4,0.1,0.0,0.1,0.4
20160307231533,0.0,0.0,98.6,1.3,0.0,0.0,0.1,0.0
20160307231603,0.0,0.0,75.6,22.5,0.1,0.0,1.2,0.6
20160307231633,0.0,0.0,56.5,43.0,0.1,0.0,0.1,0.3
20160307231703,0.0,0.0,80.4,19.5,0.0,0.0,0.0,0.1
20160307231733,0.0,0.0,94.1,5.8,0.1,0.0,0.0,0.0
20160307231803,0.0,0.1,83.8,13.3,0.4,0.0,0.4,2.0
20160307231833,0.0,0.0,73.7,26.2,0.0,0.0,0.1,0.0
20160307231903,0.0,0.0,70.3,29.5,0.0,0.0,0.0,0.2
20160307231933,0.0,0.0,13.6,86.2,0.0,0.0,0.0,0.2
20160307232003,0.0,0.0,7.2,68.0,0.2,0.0,0.0,24.5
20160307232033,0.0,0.0,12.7,84.1,0.1,0.0,0.0,3.0
20160307232103,0.0,0.0,22.2,64.1,0.5,0.0,0.8,12.3
20160307232133,0.0,0.1,19.3,43.3,1.0,0.0,0.1,36.2
20160307232203,0.0,0.0,13.6,85.4,0.0,0.0,0.0,1.0
20160307232233,0.0,0.0,45.0,54.6,0.0,0.0,0.0,0.4
20160307232304,0.0,0.0,74.4,25.2,0.0,0.0,0.0,0.4
20160307232334,0.0,0.0,87.2,10.1,0.0,0.0,0.0,2.6
20160307232404,0.0,0.0,74.0,25.9,0.0,0.0,0.0,0.1
20160307232434,0.0,0.0,86.7,12.6,0.0,0.0,0.0,0.6
20160307232504,0.0,0.0,97.0,3.0,0.0,0.0,0.0,0.0
20160307232534,0.0,0.0,99.5,0.5,0.0,0.0,0.0,0.0
20160307232604,0.0,0.0,95.7,4.3,0.0,0.0,0.0,0.0
20160307232634,0.0,0.0,99.8,0.2,0.0,0.0,0.0,0.0
20160307232704,0.0,0.0,96.8,3.0,0.0,0.0,0.0,0.2
20160307232734,0.0,0.0,95.8,4.2,0.0,0.0,0.0,0.0
20160307232804,0.0,0.0,76.6,23.4,0.0,0.0,0.0,0.0
20160307232834,0.0,0.0,94.7,5.3,0.0,0.0,0.0,0.0
20160307232904,0.0,0.0,91.2,8.7,0.0,0.0,0.2,0.0
20160307232934,0.0,0.0,93.5,6.4,0.0,0.0,0.0,0.0
20160307233004,0.0,0.0,87.7,12.1,0.0,0.0,0.0,0.1
20160307233034,0.0,0.0,90.6,9.2,0.0,0.0,0.1,0.0
20160307233104,0.0,0.0,97.3,2.6,0.0,0.0,0.1,0.0
20160307233134,0.0,0.0,75.2,23.4,0.1,0.0,1.2,0.1
20160307233204,0.0,0.0,12.4,85.6,0.1,0.0,1.9,0.1
20160307233234,0.0,0.0,34.0,43.7,0.2,0.0,21.9,0.2
20160307233304,0.0,0.0,68.1,29.8,0.3,0.0,1.2,0.6
20160307233334,0.0,0.0,47.8,39.8,0.1,0.0,9.9,2.3
20160307233404,0.0,0.0,74.7,23.2,0.0,0.0,1.8,0.3
20160307233434,0.1,0.0,66.7,27.9,0.4,0.0,4.1,0.8
20160307233504,0.0,0.0,16.7,42.3,0.6,0.0,28.7,11.7
20160307233534,0.0,0.0,3.6,93.3,0.4,0.0,2.1,0.7
20160307233604,0.0,0.0,1.0,92.9,0.4,0.0,3.6,2.0
20160307233634,0.0,0.0,2.1,97.4,0.1,0.0,0.4,0.0
20160307233704,0.1,0.1,9.9,85.5,0.5,0.0,2.7,1.2
20160307233734,0.0,0.0,1.4,98.2,0.2,0.0,0.0,0.1
20160307233804,0.0,0.1,2.7,91.8,3.8,0.0,1.1,0.6
20160307233834,0.0,0.0,2.4,97.1,0.0,0.0,0.3,0.2
20160307233904,0.0,0.0,7.6,85.7,0.9,0.0,4.0,1.8
20160307233934,0.0,0.0,6.9,84.4,0.2,0.0,8.2,0.3
20160307234004,0.0,0.0,11.7,85.8,0.1,0.0,2.2,0.2
20160307234034,0.0,0.0,4.1,79.8,0.1,0.0,16.0,0.1
20160307234104,0.0,0.0,3.1,6.1,0.0,0.0,90.4,0.3
20160307234134,0.1,0.0,13.3,10.6,1.2,0.0,73.7,1.1
20160307234204,0.3,0.0,18.9,15.6,3.7,0.0,23.9,37.6
20160307234234,0.1,0.0,7.3,27.2,9.8,0.0,31.9,23.7
20160307234304,0.1,0.1,20.3,39.4,3.9,0.0,8.7,27.5
20160307234334,0.2,0.1,8.7,20.8,2.4,0.0,49.9,18.0
20160307234404,0.2,0.2,11.5,12.8,1.1,0.0,39.0,35.1
20160307234434,0.1,0.1,24.8,6.7,1.0,0.0,28.7,38.5
20160307234504,0.1,0.1,65.2,17.0,0.7,0.0,4.1,12.8
20160307234534,0.2,0.3,33.6,38.4,3.5,0.0,8.4,15.6
20160307234604,0.1,0.0,24.7,61.8,0.8,0.0,6.6,6.0
20160307234634,0.2,0.2,66.0,14.3,1.4,0.0,3.6,14.3
20160307234704,0.1,0.0,57.3,15.7,0.9,0.0,0.5,25.4
20160307234734,0.1,0.1,58.5,26.0,0.5,0.0,2.7,12.1
20160307234804,0.0,0.0,6.0,74.1,0.2,0.0,7.6,12.0
20160307234834,0.0,0.0,43.0,45.1,0.0,0.0,9.2,2.6
20160307234904,0.0,0.0,27.7,53.0,0.1,0.0,7.7,11.4
20160307234934,0.0,0.0,79.2,14.0,0.1,0.0,2.6,4.1
20160307235004,0.0,0.0,56.0,30.6,0.0,0.0,5.8,7.5
20160307235034,0.0,0.0,67.8,31.4,0.0,0.0,0.4,0.4
20160307235104,0.0,0.0,76.8,22.1,0.0,0.0,0.2,0.9
20160307235134,0.0,0.0,56.7,38.3,0.1,0.0,0.6,4.3
20160307235204,0.0,0.0,22.4,74.0,0.0,0.0,1.4,2.3
20160307235234,0.0,0.0,45.4,52.9,0.1,0.0,0.1,1.6
20160307235304,0.0,0.0,15.6,78.8,0.0,0.0,0.6,5.0
20160307235334,0.0,0.0,60.2,32.7,0.0,0.0,4.5,2.5
20160307235404,0.0,0.0,54.5,44.9,0.0,0.0,0.1,0.4
20160307235434,0.0,0.0,34.0,63.0,0.1,0.0,1.2,1.7
20160307235504,0.0,0.0,13.3,66.7,0.1,0.0,19.2,0.7
20160307235534,0.0,0.0,34.8,59.1,0.3,0.0,2.7,3.1
20160307235604,0.0,0.0,31.7,65.1,0.1,0.0,2.1,1.0
20160307235634,0.0,0.1,32.3,64.4,0.1,0.0,0.8,2.2
20160307235704,0.0,0.1,7.3,91.2,0.0,0.0,0.5,0.9
20160307235734,0.0,0.0,26.2,71.7,0.1,0.0,0.7,1.3
20160307235805,0.0,0.0,21.5,78.1,0.0,0.0,0.3,0.1
20160307235835,0.0,0.0,76.3,20.6,0.2,0.0,1.8,1.1
20160307235905,0.0,0.0,70.1,27.8,0.0,0.0,1.4,0.6
20160307235935,0.0,0.0,70.2,27.8,0.1,0.0,0.6,1.4
20160308000005,0.0,0.0,52.5,45.4,0.1,0.0,0.5,1.4
20160308000035,0.0,0.0,67.0,28.4,0.3,0.0,1.5,2.7
20160308000105,0.0,0.0,79.3,9.5,0.1,0.0,4.5,6.6
20160308000135,0.0,0.0,90.9,4.5,0.4,0.0,0.1,4.2
20160308000205,0.0,0.0,56.0,40.3,0.1,0.0,1.8,1.8
20160308000235,0.0,0.0,27.2,41.2,0.2,0.0,3.5,27.9
20160308000305,0.0,0.0,3.2,94.2,0.0,0.0,0.2,2.4
20160308000335,0.1,0.0,71.9,24.2,0.1,0.0,0.2,3.4
20160308000405,0.1,0.0,5.6,91.8,0.1,0.0,0.2,2.2
20160308000435,0.1,0.2,44.8,53.0,0.2,0.0,0.4,1.3
20160308000505,0.0,0.0,69.5,29.2,0.1,0.0,0.0,1.2
20160308000535,0.0,0.0,68.2,17.9,0.1,0.0,0.1,13.6
20160308000605,0.0,0.1,13.7,86.0,0.0,0.0,0.0,0.2
20160308000635,0.0,0.1,68.5,16.2,0.2,0.0,0.4,14.7
20160308000705,0.0,0.1,24.2,74.4,0.2,0.0,0.1,1.1
20160308000735,0.0,0.0,80.0,13.9,0.0,0.0,0.1,6.1
20160308000805,0.0,0.0,54.4,43.5,0.2,0.0,0.0,1.9
20160308000835,0.0,0.0,9.6,88.9,0.1,0.0,0.1,1.3
20160308000905,0.0,0.0,3.4,94.1,0.1,0.0,0.1,2.2
20160308000935,0.0,0.0,1.1,96.7,1.2,0.0,0.1,1.0
20160308001005,0.0,0.0,2.9,90.2,0.6,0.0,0.1,6.1
20160308001035,0.0,0.0,3.6,60.1,1.1,0.0,0.4,34.7
20160308001105,0.0,0.0,3.4,60.4,0.6,0.0,0.7,34.8
20160308001135,0.0,0.1,10.3,62.1,1.5,0.0,0.8,25.2
20160308001205,0.0,0.0,2.5,1.4,0.4,0.0,0.9,94.8
20160308001235,0.0,0.2,17.1,50.9,0.5,0.0,0.1,31.3
20160308001305,0.0,0.1,1.9,43.2,0.2,0.0,0.1,54.5
20160308001335,0.0,0.0,2.7,29.8,0.2,0.0,0.3,66.9
20160308001405,0.0,0.2,18.4,3.5,0.3,0.0,0.6,77.1
20160308001435,0.0,0.1,15.0,0.9,0.5,0.0,1.0,82.5
20160308001505,0.0,0.0,1.0,0.3,0.5,0.0,0.4,97.7
20160308001535,0.0,0.0,0.3,1.7,0.3,0.0,1.0,96.7
20160308001605,0.0,0.0,1.1,63.9,0.1,0.0,14.3,20.6
20160308001635,0.0,0.0,0.1,19.7,0.1,0.0,35.1,44.9
20160308001705,0.0,0.0,0.8,34.9,0.4,0.0,28.2,35.7
20160308001735,0.0,0.0,0.9,72.7,0.0,0.0,23.3,3.0
20160308001805,0.0,0.0,0.0,94.8,0.0,0.0,0.3,4.8
20160308001835,0.0,0.0,0.7,79.7,0.1,0.0,3.1,16.3
20160308001905,0.0,0.0,1.0,91.7,0.0,0.0,1.9,5.3
20160308001935,0.0,0.1,0.8,85.4,2.3,0.0,0.2,11.1
20160308002005,0.0,0.0,0.0,98.5,0.2,0.0,0.0,1.1
20160308002035,0.1,0.3,0.9,81.8,1.0,0.0,0.5,15.5
20160308002105,0.1,0.2,2.0,71.4,0.6,0.0,12.7,13.0
20160308002135,0.0,0.0,0.9,91.6,0.1,0.0,4.2,3.1
20160308002205,0.0,0.0,2.0,64.9,0.4,0.0,6.1,26.6
20160308002235,0.0,0.0,0.2,95.9,0.5,0.0,0.1,3.3
