UT,arc,discrete,diffuse,ac,ab,clear,cloudy,dd
20160118140300,0.0,0.0,0.0,0.0,0.0,0.0,0.0,100.0
20160118140330,0.0,0.0,0.0,0.0,0.0,0.0,0.0,100.0
20160118140400,0.0,0.0,0.0,0.0,0.0,0.0,0.0,100.0
20160118140430,0.0,0.0,0.0,0.0,0.0,0.0,0.0,100.0
20160118140500,0.0,0.0,0.0,0.0,0.0,0.0,0.0,100.0
20160118140530,0.0,0.0,0.0,0.0,0.0,0.0,0.0,100.0
20160118140600,0.0,0.0,0.0,0.0,0.0,0.0,0.0,100.0
20160118140630,0.0,0.0,0.0,0.0,0.0,0.0,0.0,100.0
20160118140700,0.0,0.0,0.0,0.0,0.0,0.0,0.0,100.0
20160118140730,0.0,0.0,0.0,0.0,0.0,0.0,0.0,100.0
20160118140800,0.0,0.0,0.0,0.0,0.0,0.0,0.0,100.0
20160118140830,0.0,0.0,0.0,0.0,0.0,0.0,0.0,100.0
20160118140900,0.0,0.0,0.0,0.0,0.0,0.0,0.0,100.0
20160118140930,0.0,0.0,0.0,0.0,0.0,0.0,0.0,100.0
20160118141000,0.0,0.0,0.0,0.0,0.0,0.0,0.0,100.0
20160118141030,0.0,0.0,0.0,0.0,0.0,0.0,0.0,100.0
20160118141100,0.0,0.0,0.0,0.0,0.0,0.0,0.0,100.0
20160118141130,0.0,0.0,0.0,0.0,0.0,0.0,0.0,100.0
20160118141200,0.0,0.0,0.0,0.0,0.0,0.0,0.0,100.0
20160118141230,0.0,0.0,0.0,0.0,0.0,0.0,0.0,100.0
20160118141300,0.0,0.0,0.0,0.0,0.0,0.0,0.0,100.0
20160118141330,0.0,0.0,0.0,0.0,0.0,0.0,0.0,100.0
20160118141400,0.0,0.0,0.0,0.0,0.0,0.0,0.0,100.0
20160118141430,0.0,0.0,0.0,0.0,0.0,0.0,0.0,100.0
20160118141500,0.0,0.0,0.0,0.0,0.0,0.0,0.0,100.0
20160118141530,0.0,0.0,0.0,0.0,0.0,0.0,0.0,100.0
20160118141600,0.0,0.0,0.0,0.0,0.0,0.0,0.0,100.0
20160118141630,0.0,0.0,0.0,0.0,0.0,0.0,0.0,100.0
20160118141700,0.0,0.0,0.0,0.0,0.0,0.0,0.0,100.0
20160118141730,0.0,0.0,0.0,0.0,0.0,0.0,0.0,100.0
20160118141800,0.0,0.0,0.0,0.0,0.0,0.0,0.0,100.0
20160118141830,0.0,0.0,0.0,0.0,0.0,0.0,0.0,100.0
20160118141900,0.0,0.0,0.0,0.0,0.0,0.0,0.0,100.0
20160118141930,0.0,0.0,0.0,0.0,0.0,0.0,0.0,100.0
20160118142000,0.0,0.0,0.0,0.0,0.0,0.0,0.0,100.0
20160118142031,0.0,0.0,0.0,0.0,0.0,0.0,0.0,100.0
20160118142101,0.0,0.0,0.0,0.0,0.0,0.0,0.0,100.0
20160118142131,0.0,0.0,0.0,0.0,0.0,0.0,0.0,100.0
20160118142201,0.0,0.0,0.0,0.0,0.0,0.0,0.0,100.0
20160118142231,0.0,0.0,0.0,0.0,0.0,0.0,0.0,100.0
20160118142301,0.0,0.0,0.0,0.0,0.0,0.0,0.0,100.0
20160118142331,0.0,0.0,0.0,0.0,0.0,0.0,0.0,100.0
20160118142401,0.0,0.0,0.0,0.0,0.0,0.0,0.0,100.0
20160118142431,0.0,0.0,0.0,0.0,0.0,0.0,0.0,100.0
20160118142501,0.0,0.0,0.0,0.0,0.0,0.0,0.0,100.0
20160118142531,0.0,0.0,0.0,0.0,0.0,0.0,0.0,100.0
20160118142601,0.0,0.0,0.0,0.0,0.0,0.0,0.0,100.0
20160118142631,0.0,0.0,0.0,0.0,0.0,0.0,0.0,100.0
20160118142701,0.0,0.0,0.0,0.0,0.0,0.0,0.0,100.0
20160118142731,0.0,0.0,0.0,0.0,0.0,0.0,0.0,100.0
20160118142801,0.0,0.0,0.0,0.0,0.0,0.0,0.0,100.0
20160118142831,0.0,0.0,0.0,0.0,0.0,0.0,0.0,100.0
20160118142901,0.0,0.0,0.0,0.0,0.0,0.0,0.0,100.0
20160118142931,0.0,0.0,0.0,0.0,0.0,0.0,0.0,100.0
20160118143001,0.0,0.0,0.0,0.0,0.0,0.0,0.0,100.0
20160118143031,0.0,0.0,0.0,0.0,0.0,0.0,0.0,100.0
20160118143101,0.0,0.0,0.0,0.0,0.0,0.0,0.0,100.0
20160118143131,0.0,0.0,0.0,0.0,0.0,0.0,0.0,100.0
20160118143201,0.0,0.0,0.0,0.0,0.0,0.0,0.0,100.0
20160118143231,0.0,0.0,0.0,0.0,0.0,0.0,0.0,100.0
20160118143301,0.0,0.0,0.0,0.0,0.0,0.0,0.0,100.0
20160118143331,0.0,0.0,0.0,0.0,0.0,0.0,0.0,100.0
20160118143401,0.0,0.0,0.0,0.0,0.0,0.0,0.0,100.0
20160118143431,0.0,0.0,0.0,0.0,0.0,0.0,0.0,100.0
20160118143501,0.0,0.0,0.0,0.0,0.0,0.0,0.0,100.0
20160118143531,0.0,0.0,0.0,0.0,0.0,0.0,0.0,100.0
20160118143601,0.0,0.0,0.0,0.0,0.0,0.0,0.0,100.0
20160118143631,0.0,0.0,0.0,0.0,0.0,0.0,0.0,100.0
20160118143701,0.0,0.0,0.0,0.0,0.0,0.0,0.0,100.0
20160118143731,0.0,0.0,0.0,0.0,0.0,0.0,0.0,100.0
20160118143801,0.0,0.0,0.0,0.0,0.0,0.0,0.0,100.0
20160118143831,0.0,0.0,0.0,0.0,0.0,0.0,0.0,100.0
20160118143901,0.0,0.0,0.0,0.0,0.0,0.0,0.0,100.0
20160118143931,0.0,0.0,0.0,0.0,0.0,0.0,0.0,100.0
20160118144001,0.0,0.0,0.0,0.0,0.0,0.0,0.0,100.0
20160118144031,0.0,0.0,0.0,0.0,0.0,0.0,0.0,100.0
20160118144101,0.0,0.0,0.0,0.0,0.0,0.0,0.0,100.0
20160118144131,0.0,0.0,0.0,0.0,0.0,0.0,0.0,100.0
20160118144201,0.0,0.0,0.0,0.0,0.0,0.0,0.0,100.0
20160118144231,0.0,0.0,0.0,0.0,0.0,0.0,0.0,100.0
20160118144301,0.0,0.0,0.0,0.0,0.0,0.0,0.0,100.0
20160118144331,0.0,0.0,0.0,0.0,0.0,0.0,0.0,100.0
20160118144401,0.0,0.0,0.0,0.0,0.0,0.0,0.0,100.0
20160118144431,0.0,0.0,0.0,0.0,0.0,0.0,0.0,100.0
20160118144501,0.0,0.0,0.0,0.0,0.0,0.0,0.0,100.0
20160118144531,0.0,0.0,0.0,0.0,0.0,0.0,0.0,100.0
20160118144601,0.0,0.0,0.0,0.0,0.0,0.0,0.0,100.0
20160118144631,0.0,0.0,0.0,0.0,0.0,0.0,0.0,100.0
20160118144701,0.0,0.0,0.0,0.0,0.0,0.0,0.0,100.0
20160118144731,0.0,0.0,0.0,0.0,0.0,0.0,0.0,100.0
20160118144801,0.0,0.0,0.0,0.0,0.0,0.0,0.0,100.0
20160118144831,0.0,0.0,0.0,0.0,0.0,0.0,0.0,100.0
20160118144901,0.0,0.0,0.0,0.0,0.0,0.0,0.0,100.0
20160118144931,0.0,0.0,0.0,0.0,0.0,0.0,0.0,100.0
20160118145001,0.0,0.0,0.0,0.0,0.0,0.0,0.0,100.0
20160118145031,0.0,0.0,0.0,0.0,0.0,0.0,0.0,100.0
20160118145101,0.0,0.0,0.0,0.0,0.0,0.0,0.0,100.0
20160118145131,0.0,0.0,0.0,0.0,0.0,0.0,0.0,100.0
20160118145201,0.0,0.0,0.0,0.0,0.0,0.0,0.0,100.0
20160118145231,0.0,0.0,0.0,0.0,0.0,0.0,0.0,100.0
20160118145301,0.0,0.0,0.0,0.0,0.0,0.0,0.0,100.0
20160118145331,0.0,0.0,0.0,0.0,0.0,0.0,0.0,100.0
20160118145401,0.0,0.0,0.0,0.0,0.0,0.0,0.0,100.0
20160118145431,0.0,0.0,0.0,0.0,0.0,0.0,0.0,100.0
20160118145502,0.0,0.0,0.0,0.0,0.0,0.0,0.0,100.0
20160118145532,0.0,0.0,0.0,0.0,0.0,0.0,0.0,100.0
20160118145602,0.0,0.0,0.0,0.0,0.0,0.0,0.0,100.0
20160118145632,0.0,0.0,0.0,0.0,0.0,0.0,0.0,100.0
20160118145702,0.0,0.0,0.0,0.0,0.0,0.0,0.0,100.0
20160118145732,0.0,0.0,0.0,0.0,0.0,0.0,0.0,100.0
20160118145802,0.0,0.0,0.0,0.0,0.0,0.0,0.0,100.0
20160118145832,0.0,0.0,0.0,0.0,0.0,0.0,0.0,100.0
20160118145902,0.0,0.0,0.0,0.0,0.0,0.0,0.0,100.0
20160118145932,0.0,0.0,0.0,0.0,0.0,0.0,0.0,100.0
20160118150002,0.0,0.0,0.0,0.0,0.0,0.0,0.0,100.0
20160118150032,0.0,0.0,0.0,0.0,0.0,0.0,0.0,100.0
20160118150102,0.0,0.0,0.0,0.0,0.0,0.0,0.0,100.0
20160118150132,0.0,0.0,0.0,0.0,0.0,0.0,0.0,100.0
20160118150202,0.0,0.0,0.0,0.0,0.0,0.0,0.0,100.0
20160118150232,0.0,0.0,0.0,0.0,0.0,0.0,0.0,100.0
20160118150432,0.0,0.0,0.0,0.0,0.0,0.0,0.0,100.0
20160118150502,0.0,0.0,0.0,0.0,0.0,0.0,0.0,100.0
20160118150532,0.0,0.0,0.0,0.0,0.0,0.0,0.0,100.0
20160118150602,0.0,0.0,0.0,0.0,0.0,0.0,0.0,100.0
20160118150632,0.0,0.0,0.0,0.0,0.0,0.0,0.0,100.0
20160118150702,0.0,0.0,0.0,0.0,0.0,0.0,0.0,100.0
20160118150732,0.0,0.0,0.0,0.0,0.0,0.0,0.0,100.0
20160118150802,0.0,0.0,0.0,0.0,0.0,0.0,0.0,100.0
20160118150832,0.0,0.0,0.0,0.0,0.0,0.0,0.0,100.0
20160118150902,0.0,0.0,0.0,0.0,0.0,0.0,0.0,100.0
20160118150932,0.0,0.0,0.0,0.0,0.0,0.0,0.0,100.0
20160118151002,0.0,0.0,0.0,0.0,0.0,0.0,0.0,100.0
20160118151032,0.0,0.0,0.0,0.0,0.0,0.0,0.0,100.0
20160118151102,0.0,0.0,0.0,0.0,0.0,0.0,0.0,100.0
20160118151132,0.0,0.0,0.0,0.0,0.0,0.0,0.0,100.0
20160118151202,0.0,0.0,0.0,0.0,0.0,0.0,0.0,100.0
20160118151232,0.0,0.0,0.0,0.0,0.0,0.0,0.0,100.0
20160118151302,0.0,0.0,0.0,0.0,0.0,0.0,0.0,100.0
20160118151332,0.0,0.0,0.0,0.0,0.0,0.0,0.0,100.0
20160118151402,0.0,0.0,0.0,0.0,0.0,0.0,0.0,100.0
20160118151432,0.0,0.0,0.0,0.0,0.0,0.0,0.0,100.0
20160118151502,0.0,0.0,0.0,0.0,0.0,0.0,0.0,100.0
20160118151532,0.0,0.0,0.0,0.0,0.0,0.0,0.0,100.0
20160118151602,0.0,0.0,0.0,0.0,0.0,0.0,0.0,100.0
20160118151632,0.0,0.0,0.0,0.0,0.0,0.0,0.0,100.0
20160118151702,0.0,0.0,0.0,0.0,0.0,0.0,0.0,100.0
20160118151732,0.0,0.0,0.0,0.0,0.0,0.0,0.0,100.0
20160118151802,0.0,0.0,0.0,0.0,0.0,0.0,0.0,100.0
20160118151832,0.0,0.0,0.0,0.0,0.0,0.0,0.0,100.0
20160118151902,0.0,0.0,0.0,0.0,0.0,0.0,0.0,100.0
20160118151932,0.0,0.0,0.0,0.0,0.0,0.0,0.0,100.0
20160118152002,0.0,0.0,0.0,0.0,0.0,0.0,0.0,100.0
20160118152032,0.0,0.0,0.0,0.0,0.0,0.0,0.0,100.0
20160118152102,0.0,0.0,0.0,0.0,0.0,0.0,0.0,100.0
20160118152132,0.0,0.0,0.0,0.0,0.0,0.0,0.0,100.0
20160118152202,0.0,0.0,0.0,0.0,0.0,0.0,0.0,100.0
20160118152232,0.0,0.0,0.0,0.0,0.0,0.0,0.0,100.0
20160118152302,0.0,0.0,0.0,0.0,0.0,0.0,0.0,100.0
20160118152332,0.0,0.0,0.0,0.0,0.0,0.0,0.0,100.0
20160118152402,0.0,0.0,0.0,0.0,0.0,0.0,0.0,100.0
20160118152432,0.0,0.0,0.0,0.0,0.0,0.0,0.0,100.0
20160118152502,0.0,0.0,0.0,0.0,0.0,0.0,0.0,100.0
20160118152532,0.0,0.0,0.0,0.0,0.0,0.0,0.0,100.0
20160118152602,0.0,0.0,0.0,0.0,0.0,0.0,0.0,100.0
20160118152632,0.0,0.0,0.0,0.0,0.0,0.0,0.0,100.0
20160118152702,0.0,0.0,0.0,0.0,0.0,0.0,0.0,100.0
20160118152732,0.0,0.0,0.0,0.0,0.0,0.0,0.0,100.0
20160118152802,0.0,0.0,0.0,0.0,0.0,0.0,0.0,100.0
20160118152832,0.0,0.0,0.0,0.0,0.0,0.0,0.0,100.0
20160118152903,0.0,0.0,0.0,0.0,0.0,0.0,0.0,100.0
20160118152933,0.0,0.0,0.0,0.0,0.0,0.0,0.0,100.0
20160118153003,0.0,0.0,0.0,0.0,0.0,0.0,0.0,100.0
20160118153033,0.0,0.0,0.0,0.0,0.0,0.0,0.0,100.0
20160118153103,0.0,0.0,0.0,0.0,0.0,0.0,0.0,100.0
20160118153133,0.0,0.0,0.0,0.0,0.0,0.0,0.0,100.0
20160118153203,0.0,0.0,0.0,0.0,0.0,0.0,0.0,100.0
20160118153233,0.0,0.0,0.0,0.0,0.0,0.0,0.0,100.0
20160118153303,0.0,0.0,0.0,0.0,0.0,0.0,0.0,100.0
20160118153333,0.0,0.0,0.0,0.0,0.0,0.1,0.0,99.9
20160118153403,0.0,0.0,0.0,0.0,0.0,0.0,0.0,100.0
20160118153433,0.0,0.0,0.0,0.0,0.1,0.0,0.0,99.9
20160118153503,0.0,0.0,0.0,0.0,0.0,0.0,0.0,99.9
20160118153533,0.0,0.0,0.0,0.0,0.1,0.0,0.0,99.9
20160118153603,0.0,0.0,0.0,0.0,0.1,0.0,0.0,99.9
20160118153633,0.0,0.0,0.0,0.0,0.6,0.1,0.1,99.2
20160118153703,0.0,0.0,0.0,0.0,0.3,0.0,0.0,99.7
20160118153733,0.0,0.0,0.0,0.0,0.1,0.0,0.0,99.9
20160118153803,0.0,0.0,0.0,0.0,0.0,0.0,0.0,100.0
20160118153833,0.0,0.0,0.0,0.0,0.0,0.0,0.0,100.0
20160118153903,0.0,0.0,0.0,0.0,0.2,0.0,0.0,99.8
20160118153933,0.0,0.0,0.0,0.0,0.1,0.0,0.0,99.9
20160118154003,0.0,0.0,0.0,0.0,0.8,0.1,0.2,99.0
20160118154033,0.0,0.0,0.0,0.0,0.3,0.0,0.1,99.6
20160118154103,0.0,0.0,0.0,0.0,1.5,0.4,0.2,97.9
20160118154133,0.0,0.0,0.0,0.0,1.9,0.3,0.1,97.8
20160118154203,0.1,0.0,0.0,0.0,3.0,0.3,0.4,96.2
20160118154233,0.0,0.0,0.0,0.0,1.3,0.5,0.1,98.1
20160118154303,0.0,0.0,0.0,0.0,0.1,1.6,0.2,98.2
20160118154333,0.0,0.0,0.0,0.0,0.3,0.2,0.1,99.5
20160118154403,0.0,0.0,0.0,0.0,0.2,0.4,0.1,99.2
20160118154433,0.0,0.0,0.0,0.0,0.2,1.6,0.1,98.1
20160118154503,0.0,0.0,0.0,0.0,0.1,0.8,0.0,99.0
20160118154533,0.0,0.0,0.0,0.0,0.6,9.0,0.3,90.0
20160118154603,0.1,0.0,0.0,0.0,2.3,2.6,0.3,94.8
20160118154633,0.0,0.0,0.0,0.0,0.3,0.6,0.2,99.0
20160118154703,0.0,0.0,0.0,0.0,0.2,0.1,0.1,99.7
20160118154733,0.0,0.0,0.0,0.0,0.3,0.2,0.3,99.2
20160118154803,0.0,0.0,0.0,0.0,0.8,1.3,0.3,97.6
20160118154833,0.0,0.0,0.0,0.0,0.6,0.5,0.7,98.2
20160118154903,0.0,0.0,0.0,0.0,1.0,2.8,1.2,94.9
20160118154933,0.0,0.0,0.0,0.0,0.4,9.9,0.3,89.3
20160118155003,0.0,0.0,0.0,0.0,0.2,3.3,0.3,96.1
20160118155033,0.0,0.0,0.0,0.0,0.3,3.4,0.3,96.0
20160118155103,0.0,0.0,0.0,0.0,0.6,10.7,0.4,88.4
20160118155133,0.0,0.0,0.0,0.0,0.3,11.4,0.8,87.5
20160118155203,0.0,0.0,0.0,0.0,0.8,1.3,1.3,96.6
20160118155233,0.0,0.0,0.0,0.0,0.5,2.4,1.5,95.6
20160118155303,0.0,0.0,0.0,0.0,0.6,4.1,0.4,94.8
20160118155333,0.0,0.0,0.0,0.0,1.0,2.5,1.3,95.2
20160118155403,0.0,0.0,0.0,0.0,0.9,3.1,0.4,95.5
20160118155433,0.0,0.0,0.0,0.0,1.4,4.4,0.6,93.6
20160118155503,0.0,0.0,0.0,0.0,1.1,22.1,0.9,75.8
20160118155533,0.0,0.0,0.0,0.0,4.9,11.3,1.4,82.4
20160118155603,0.0,0.0,0.0,0.0,0.7,20.9,6.2,72.2
20160118155633,0.0,0.0,0.0,0.0,0.5,62.6,1.9,35.0
20160118155703,0.0,0.0,0.0,0.0,1.6,20.8,3.7,73.8
20160118155733,0.0,0.0,0.0,0.0,0.5,39.4,3.7,56.4
20160118155804,0.0,0.0,0.0,0.0,1.7,26.8,3.3,68.2
20160118155834,0.1,0.0,0.0,0.0,2.4,58.9,6.3,32.3
20160118155904,0.0,0.0,0.0,0.0,1.8,45.3,0.7,52.0
20160118155934,0.0,0.0,0.0,0.0,1.4,76.1,4.9,17.6
20160118160004,0.0,0.0,0.0,0.0,0.1,21.0,0.8,78.1
20160118160034,0.0,0.0,0.0,0.0,2.7,41.4,2.6,53.3
20160118160104,0.1,0.0,0.0,0.0,3.8,35.8,3.2,57.1
20160118160134,0.0,0.0,0.0,0.0,3.0,67.4,4.3,25.2
20160118160204,0.0,0.0,0.0,0.0,0.6,53.8,2.1,43.5
20160118160234,0.1,0.0,0.0,0.0,2.1,53.8,7.3,36.7
20160118160304,0.0,0.0,0.0,0.0,1.8,44.5,3.4,50.3
20160118160334,0.0,0.0,0.0,0.0,1.0,24.7,4.6,69.6
20160118160404,0.0,0.0,0.0,0.0,0.5,62.6,1.9,35.0
20160118160434,0.1,0.0,0.0,0.0,0.6,11.3,4.7,83.3
20160118160504,0.1,0.0,0.1,0.0,3.9,25.6,6.7,63.6
20160118160534,0.0,0.0,0.0,0.0,1.9,49.0,6.2,42.8
20160118160604,0.1,0.0,0.0,0.0,2.1,23.6,6.5,67.7
20160118160634,0.1,0.0,0.0,0.0,1.1,12.3,2.4,84.1
20160118160704,0.0,0.0,0.0,0.0,0.6,39.5,6.1,53.8
20160118160734,0.0,0.0,0.0,0.0,0.2,56.3,7.1,36.3
20160118160804,0.0,0.0,0.0,0.0,0.8,50.7,5.9,42.5
20160118160834,0.1,0.0,0.0,0.0,1.0,18.9,3.0,77.0
20160118160904,0.0,0.0,0.0,0.0,0.7,4.5,2.1,92.7
20160118160934,0.1,0.0,0.0,0.0,1.9,39.6,12.1,46.3
20160118161004,0.1,0.0,0.0,0.0,1.6,46.8,12.6,38.9
20160118161034,0.1,0.0,0.0,0.0,0.9,20.3,7.1,71.6
20160118161104,0.1,0.0,0.0,0.0,1.4,34.6,5.9,58.0
20160118161134,0.2,0.0,0.0,0.0,1.9,35.4,23.7,38.9
20160118161204,0.1,0.0,0.0,0.0,3.0,17.6,18.3,60.9
20160118161234,0.1,0.0,0.0,0.0,1.4,14.8,13.6,70.2
20160118161304,0.1,0.0,0.0,0.0,0.8,60.4,7.2,31.5
20160118161334,0.1,0.0,0.0,0.0,1.0,10.0,15.0,74.0
20160118161404,0.1,0.0,0.0,0.0,1.1,33.3,21.1,44.5
20160118161434,0.1,0.0,0.0,0.0,1.6,11.6,11.0,75.8
20160118161504,0.0,0.0,0.0,0.0,7.0,2.2,15.0,75.7
20160118161534,0.1,0.0,0.0,0.0,5.7,9.0,16.3,68.9
20160118161604,0.0,0.0,0.0,0.0,6.2,5.1,9.3,79.4
20160118161634,0.0,0.0,0.0,0.0,0.8,8.9,2.5,87.8
20160118161704,0.0,0.0,0.0,0.0,2.7,5.6,5.5,86.2
20160118161734,0.1,0.0,0.0,0.0,9.6,20.6,5.3,64.2
20160118161804,0.1,0.0,0.0,0.0,3.5,6.1,5.8,84.5
20160118161834,0.1,0.0,0.0,0.0,1.7,15.5,7.4,75.3
20160118161904,0.1,0.0,0.0,0.0,0.9,9.4,25.9,63.7
20160118161934,0.0,0.0,0.0,0.0,1.1,5.3,12.3,81.3
20160118162004,0.0,0.0,0.0,0.0,1.0,0.4,1.8,96.8
20160118162034,0.0,0.0,0.0,0.0,0.6,3.6,17.9,77.9
20160118162104,0.1,0.0,0.0,0.0,5.4,5.0,13.6,75.9
20160118162134,0.0,0.0,0.0,0.0,1.0,1.0,8.9,89.1
20160118162204,0.3,0.0,0.0,0.0,4.6,0.5,16.8,77.8
20160118162234,0.0,0.0,0.0,0.0,0.4,0.1,2.5,97.0
20160118162304,0.0,0.0,0.0,0.0,0.2,1.3,39.1,59.4
20160118162334,0.1,0.0,0.0,0.0,0.7,6.8,3.1,89.4
20160118162404,0.2,0.0,0.0,0.0,1.3,5.6,31.5,61.3
20160118162434,0.0,0.0,0.0,0.0,0.4,0.8,2.1,96.7
20160118162504,0.1,0.0,0.0,0.0,0.9,7.2,6.1,85.7
20160118162534,0.0,0.0,0.0,0.0,0.2,0.3,1.4,98.1
20160118162604,0.0,0.0,0.0,0.0,1.1,4.1,23.7,71.1
20160118162634,0.0,0.0,0.0,0.0,0.6,6.0,2.8,90.6
20160118162704,0.0,0.0,0.0,0.0,0.2,0.6,5.4,93.7
20160118162734,0.1,0.0,0.0,0.0,1.0,11.3,16.4,71.1
20160118162804,0.0,0.0,0.0,0.0,1.2,35.4,5.3,58.0
20160118162834,0.0,0.0,0.0,0.0,1.6,48.5,9.4,40.4
20160118162904,0.0,0.0,0.0,0.0,1.5,5.4,5.5,87.6
20160118162934,0.0,0.0,0.0,0.0,0.9,1.9,12.8,84.4
20160118163004,0.0,0.0,0.0,0.0,0.5,7.3,13.2,79.0
20160118163035,0.1,0.0,0.0,0.0,1.2,12.4,20.6,65.7
20160118163105,0.0,0.0,0.0,0.0,0.3,22.2,4.5,73.0
20160118163135,0.0,0.0,0.0,0.0,0.2,2.5,9.5,87.8
20160118163205,0.1,0.0,0.0,0.0,2.2,10.5,11.3,75.9
20160118163235,0.0,0.0,0.0,0.0,0.8,2.7,4.8,91.7
20160118163305,0.0,0.0,0.0,0.0,0.2,9.0,5.6,85.3
20160118163335,0.1,0.0,0.0,0.0,0.2,28.3,40.8,30.6
20160118163405,0.1,0.0,0.0,0.0,0.5,48.8,37.3,13.4
20160118163435,0.0,0.0,0.0,0.0,0.3,22.1,21.9,55.7
20160118163505,0.0,0.0,0.0,0.0,1.2,10.4,43.9,44.4
20160118163535,0.0,0.0,0.0,0.0,0.8,30.2,6.8,62.1
20160118163605,0.0,0.0,0.0,0.0,1.1,37.8,8.9,52.1
20160118163635,0.1,0.0,0.0,0.0,0.5,65.2,10.9,23.3
20160118163705,0.0,0.0,0.0,0.0,0.3,23.2,32.5,43.9
20160118163735,0.0,0.0,0.0,0.0,2.6,15.2,18.1,64.1
20160118163805,0.1,0.0,0.0,0.0,0.6,10.9,27.7,60.8
20160118163835,0.0,0.0,0.0,0.0,0.7,61.2,5.5,32.5
20160118163905,0.1,0.0,0.0,0.0,4.4,61.9,14.6,19.0
20160118163935,0.0,0.0,0.0,0.0,0.4,85.5,2.3,11.8
20160118164005,0.1,0.0,0.0,0.0,1.2,54.7,11.7,32.2
20160118164035,0.0,0.0,0.0,0.0,0.5,24.4,7.5,67.5
20160118164105,0.0,0.0,0.0,0.0,1.4,18.9,28.1,51.6
20160118164135,0.0,0.0,0.0,0.0,5.1,60.4,4.1,30.3
20160118164205,0.0,0.0,0.0,0.0,0.2,69.3,3.5,26.9
20160118164235,0.0,0.0,0.0,0.0,0.7,25.2,25.0,49.1
20160118164305,0.1,0.0,0.0,0.0,0.2,62.8,10.9,26.0
20160118164335,0.2,0.0,0.0,0.0,1.6,51.3,32.9,14.1
20160118164405,0.1,0.0,0.0,0.0,0.2,67.2,21.5,11.0
20160118164435,0.5,0.0,0.0,0.0,2.1,57.2,11.8,28.4
20160118164505,0.2,0.0,0.0,0.0,1.0,37.9,21.1,39.8
20160118164535,0.2,0.0,0.0,0.0,2.0,47.2,9.5,41.1
20160118164605,0.1,0.0,0.0,0.0,0.6,25.2,13.0,61.0
20160118164635,0.2,0.0,0.0,0.0,1.7,56.9,14.3,26.9
20160118164705,0.2,0.0,0.0,0.0,2.5,17.8,28.2,51.3
20160118164735,0.1,0.0,0.0,0.0,1.3,34.4,5.7,58.6
20160118164805,0.1,0.0,0.0,0.0,1.6,35.6,23.3,39.4
20160118164835,0.2,0.0,0.0,0.0,1.3,19.9,14.0,64.6
20160118164905,0.2,0.0,0.0,0.0,0.8,5.4,24.5,69.1
20160118164935,0.4,0.0,0.0,0.0,1.1,21.4,41.1,36.0
20160118165005,0.1,0.0,0.0,0.0,9.7,18.7,21.1,50.4
20160118165035,0.4,0.0,0.0,0.0,5.3,45.8,17.6,30.9
20160118165105,0.2,0.0,0.0,0.0,7.5,5.0,20.2,67.0
20160118165135,0.1,0.0,0.0,0.0,19.3,3.1,20.0,57.5
20160118165205,0.5,0.0,0.0,0.0,4.5,66.9,11.7,16.3
20160118165235,0.2,0.0,0.0,0.0,14.1,24.6,16.2,44.8
20160118165305,0.1,0.0,0.0,0.0,3.9,6.4,43.3,46.3
20160118165335,0.8,0.0,0.0,0.0,10.6,27.0,10.8,50.7
20160118165405,1.4,0.0,0.0,0.0,3.0,29.8,39.4,26.4
20160118165435,0.4,0.0,0.0,0.0,20.9,5.1,12.9,60.7
20160118165505,0.3,0.0,0.0,0.0,2.9,16.9,44.1,35.7
20160118165535,0.1,0.0,0.0,0.0,4.2,20.5,22.4,52.7
20160118165605,0.1,0.0,0.0,0.0,0.9,2.9,60.5,35.5
20160118165635,0.3,0.0,0.0,0.0,2.4,5.8,32.1,59.3
20160118165705,0.3,0.0,0.0,0.0,1.2,27.4,25.0,46.1
20160118165735,0.5,0.0,0.0,0.0,1.8,47.3,35.3,15.1
20160118165805,0.6,0.0,0.0,0.0,3.7,56.0,21.6,18.0
20160118165835,0.4,0.0,0.0,0.0,9.6,75.2,4.9,9.8
20160118165905,0.6,0.0,0.0,0.0,1.0,18.4,35.7,44.2
20160118165935,0.8,0.1,0.1,0.0,17.2,21.5,24.4,35.9
20160118170005,0.6,0.1,0.0,0.0,21.9,11.4,7.3,58.7
20160118170035,0.1,0.1,0.0,0.0,8.9,16.7,37.6,36.5
20160118170105,0.5,0.0,0.0,0.0,5.8,27.2,26.4,40.1
20160118170135,0.6,0.0,0.0,0.0,2.8,48.8,31.0,16.7
20160118170205,0.2,0.0,0.0,0.0,3.5,36.3,41.3,18.7
20160118170235,0.6,0.0,0.0,0.0,4.2,26.1,23.5,45.5
20160118170305,0.4,0.0,0.0,0.0,2.8,18.7,19.2,58.8
20160118170335,1.3,0.1,0.0,0.0,2.2,45.0,2.9,48.5
20160118170405,0.4,0.0,0.0,0.0,5.1,35.3,6.9,52.3
20160118170435,0.4,0.0,0.0,0.0,2.4,37.3,14.0,45.8
20160118170506,0.3,0.0,0.0,0.0,2.3,11.9,18.8,66.7
20160118170536,0.7,0.0,0.0,0.0,1.4,70.6,17.0,10.3
20160118170606,0.5,0.0,0.0,0.0,4.4,8.9,5.3,80.9
20160118170636,0.3,0.0,0.0,0.0,19.9,13.7,20.0,46.0
20160118170706,0.1,0.0,0.0,0.0,11.2,13.2,3.9,71.5
20160118170736,1.1,0.0,0.0,0.0,11.1,22.8,8.4,56.6
20160118170806,0.6,0.0,0.0,0.0,2.1,19.4,5.4,72.6
20160118170836,0.7,0.0,0.0,0.0,21.0,12.3,24.4,41.5
20160118170906,0.8,0.0,0.0,0.0,5.3,14.8,22.3,56.8
20160118170936,0.3,0.0,0.0,0.0,13.1,7.0,33.3,46.3
20160118171006,0.5,0.0,0.0,0.0,5.0,14.3,62.7,17.3
20160118171036,0.1,0.0,0.0,0.0,3.2,66.3,10.2,20.2
20160118171106,0.2,0.0,0.0,0.0,6.2,23.4,21.0,49.2
20160118171136,0.5,0.0,0.0,0.0,11.0,16.9,32.8,38.7
20160118171206,1.4,0.1,0.0,0.0,55.5,16.7,7.9,18.4
20160118171236,0.3,0.1,0.1,0.0,23.2,57.9,8.1,10.4
20160118171306,0.3,0.1,0.0,0.0,57.3,15.9,12.5,13.9
20160118171336,0.3,0.1,0.0,0.0,26.3,35.7,24.3,13.2
20160118171406,0.2,0.0,0.0,0.0,27.8,14.6,45.1,12.3
20160118171436,0.2,0.0,0.0,0.0,39.6,22.8,11.9,25.4
20160118171506,0.1,0.0,0.0,0.0,44.5,22.9,17.6,14.8
20160118171536,0.2,0.0,0.0,0.0,8.9,18.4,13.4,59.0
20160118171606,0.1,0.0,0.0,0.0,3.2,19.6,28.3,48.7
20160118171636,0.1,0.0,0.1,0.0,51.8,4.4,15.6,28.0
20160118171706,0.1,0.0,0.0,0.0,9.5,11.7,11.3,67.4
20160118171736,0.5,0.1,0.0,0.0,13.8,33.7,25.6,26.2
20160118171806,0.6,0.2,0.0,0.0,8.9,44.5,18.3,27.6
20160118171836,0.7,0.0,0.0,0.0,8.5,64.3,19.8,6.7
20160118171906,0.7,0.0,0.0,0.0,30.6,21.7,30.0,17.0
20160118171936,0.8,0.1,0.1,0.0,59.1,14.7,12.9,12.4
20160118172006,0.3,0.2,0.1,0.0,32.9,28.5,12.3,25.8
20160118172036,0.2,0.0,0.0,0.0,61.1,15.7,13.9,9.1
20160118172106,0.1,0.1,0.0,0.0,22.3,48.9,11.2,17.5
20160118172136,0.2,0.0,0.1,0.0,10.1,47.6,19.6,22.3
20160118172206,0.4,0.0,0.1,0.0,19.2,28.1,30.7,21.5
20160118172236,0.8,0.0,0.0,0.0,47.7,31.2,10.6,9.6
20160118172306,0.5,0.0,0.0,0.0,33.2,38.2,11.8,16.3
20160118172336,0.3,0.0,0.0,0.0,20.6,31.9,13.8,33.3
20160118172406,0.2,0.0,0.0,0.0,35.6,27.2,27.6,9.3
20160118172436,0.2,0.0,0.0,0.0,31.9,23.0,26.0,18.8
20160118172506,0.4,0.0,0.1,0.0,71.3,15.7,4.6,8.0
20160118172536,0.5,0.0,0.0,0.0,46.9,32.7,6.9,12.9
20160118172606,0.4,0.0,0.0,0.0,41.3,32.1,23.0,3.2
20160118172636,0.3,0.0,0.0,0.0,67.7,11.6,7.7,12.6
20160118172706,0.5,0.0,0.0,0.0,42.8,29.2,14.9,12.6
20160118172736,0.3,0.0,0.1,0.0,32.2,34.6,17.5,15.3
20160118172806,0.1,0.0,0.0,0.0,24.0,12.9,29.4,33.5
20160118172836,0.1,0.0,0.0,0.0,55.8,17.8,4.3,21.9
20160118172906,0.1,0.0,0.0,0.0,59.2,6.4,11.0,23.2
20160118172936,0.2,0.0,0.0,0.0,76.5,6.5,3.9,12.9
20160118173006,0.2,0.0,0.0,0.0,81.5,5.6,3.1,9.5
20160118173036,0.1,0.0,0.0,0.0,81.6,10.4,3.5,4.4
20160118173106,0.1,0.0,0.0,0.0,19.5,51.8,12.7,15.8
20160118173136,0.1,0.0,0.0,0.0,24.0,26.0,18.8,31.2
20160118173206,0.5,0.0,0.0,0.0,36.2,22.4,12.9,27.9
20160118173236,0.2,0.0,0.0,0.0,13.2,29.1,22.8,34.7
20160118173306,0.2,0.0,0.1,0.0,76.5,2.4,8.7,12.1
20160118173336,0.2,0.0,0.0,0.0,66.3,23.3,5.0,5.3
20160118173406,0.2,0.0,0.0,0.0,20.8,30.6,26.3,22.1
20160118173436,0.2,0.0,0.0,0.0,67.8,7.7,6.9,17.5
20160118173506,0.1,0.0,0.0,0.0,37.7,7.2,27.9,27.1
20160118173536,0.2,0.0,0.0,0.0,21.0,15.7,17.9,45.0
20160118173606,0.0,0.0,0.0,0.0,71.4,5.3,9.8,13.4
20160118173636,0.1,0.0,0.0,0.0,30.0,13.3,7.1,49.6
20160118173706,0.1,0.0,0.0,0.0,68.1,5.3,10.5,16.0
20160118173736,0.1,0.0,0.0,0.0,45.9,8.4,15.1,30.4
20160118173806,0.1,0.0,0.0,0.0,65.8,8.2,1.2,24.6
20160118173836,0.0,0.0,0.0,0.0,67.3,5.4,3.2,24.1
20160118173906,0.0,0.0,0.0,0.0,13.2,79.2,6.2,1.4
20160118173937,0.1,0.0,0.0,0.0,77.7,4.3,3.6,14.4
20160118174007,0.2,0.0,0.0,0.0,50.5,22.1,7.8,19.4
20160118174037,0.4,0.0,0.0,0.0,59.9,15.5,11.1,13.2
20160118174107,0.1,0.0,0.0,0.0,45.4,27.6,3.5,23.5
20160118174137,0.0,0.0,0.0,0.0,32.3,4.2,5.1,58.4
20160118174207,0.2,0.0,0.0,0.0,63.3,12.3,2.1,22.1
20160118174237,0.4,0.0,0.0,0.0,54.0,17.1,2.1,26.4
20160118174307,0.6,0.0,0.0,0.0,21.7,52.0,3.8,22.0
20160118174337,0.7,0.0,0.0,0.0,28.9,57.6,3.6,9.1
20160118174407,1.1,0.0,0.0,0.0,7.3,51.8,9.1,30.8
20160118174437,0.1,0.0,0.0,0.0,3.3,59.5,34.0,3.1
20160118174507,0.4,0.0,0.0,0.0,19.9,38.9,27.1,13.8
20160118174537,0.2,0.0,0.0,0.0,47.5,14.2,7.3,30.8
20160118174607,0.1,0.0,0.0,0.0,9.8,3.6,1.1,85.4
20160118174637,0.6,0.0,0.0,0.0,29.3,8.9,3.3,57.9
20160118174707,0.3,0.0,0.0,0.0,31.9,50.3,1.4,16.1
20160118174737,0.3,0.0,0.0,0.0,17.4,68.5,2.0,11.8
20160118174807,0.1,0.0,0.0,0.0,16.9,12.4,4.0,66.5
20160118174837,0.0,0.0,0.0,0.0,47.1,14.6,2.0,36.2
20160118174907,0.1,0.0,0.0,0.0,26.3,7.9,2.0,63.8
20160118174937,0.1,0.0,0.0,0.0,46.6,11.4,12.0,29.9
20160118175007,0.1,0.0,0.0,0.0,18.7,47.1,10.9,23.1
20160118175037,0.6,0.0,0.0,0.0,30.7,23.7,2.3,42.7
20160118175107,0.1,0.0,0.0,0.0,36.7,51.6,3.4,8.2
20160118175137,0.3,0.0,0.0,0.0,28.7,46.8,2.9,21.1
20160118175207,0.3,0.0,0.0,0.0,46.5,11.2,2.7,39.3
20160118175237,0.3,0.0,0.0,0.0,72.1,20.3,1.0,6.1
20160118175307,0.1,0.0,0.0,0.0,15.1,3.5,1.1,80.1
20160118175337,0.1,0.0,0.0,0.0,16.1,45.3,10.1,28.5
20160118175407,0.2,0.0,0.0,0.0,31.0,12.4,1.2,55.2
20160118175437,0.2,0.0,0.0,0.0,27.1,16.0,5.1,51.6
20160118175507,0.1,0.0,0.0,0.0,20.3,52.3,1.1,26.2
20160118175537,0.1,0.0,0.0,0.0,18.8,48.2,2.1,30.8
20160118175607,0.1,0.0,0.0,0.0,12.4,5.3,2.0,80.2
20160118175637,0.1,0.0,0.0,0.0,12.9,24.7,1.3,61.0
20160118175707,0.3,0.0,0.0,0.0,35.8,10.1,3.5,50.3
20160118175737,0.1,0.0,0.0,0.0,11.3,38.3,7.5,42.8
20160118175807,0.1,0.0,0.0,0.0,10.0,43.7,3.2,42.9
20160118175837,0.1,0.0,0.0,0.0,6.2,7.0,2.3,84.3
20160118175907,0.2,0.0,0.0,0.0,17.7,43.7,0.3,38.0
20160118175937,0.1,0.0,0.0,0.0,28.3,53.8,3.6,14.1
20160118180007,0.2,0.0,0.0,0.0,10.3,30.1,2.4,57.0
20160118180037,0.0,0.0,0.0,0.0,54.1,1.9,2.1,41.9
20160118180107,0.1,0.0,0.0,0.0,16.2,29.3,3.7,50.8
20160118180137,0.0,0.0,0.0,0.0,30.6,10.0,3.8,55.5
20160118180207,0.0,0.0,0.0,0.0,11.0,0.9,0.9,87.3
20160118180237,0.1,0.0,0.0,0.0,22.9,6.9,4.8,65.4
20160118180307,0.1,0.0,0.0,0.0,16.9,9.7,3.9,69.5
20160118180337,0.1,0.0,0.0,0.0,29.5,13.2,5.2,51.9
20160118180407,0.0,0.0,0.0,0.0,42.1,5.4,0.7,51.8
20160118180437,0.1,0.0,0.0,0.0,19.2,21.1,3.7,55.8
20160118180507,0.0,0.0,0.0,0.0,47.4,2.0,11.7,38.9
20160118180537,0.1,0.0,0.0,0.0,45.8,7.2,3.7,43.2
20160118180607,0.1,0.0,0.0,0.0,52.2,9.2,1.0,37.4
20160118180638,0.2,0.0,0.0,0.0,28.2,5.5,8.4,57.8
20160118180708,0.2,0.0,0.0,0.0,65.7,20.3,2.4,11.4
20160118180738,0.1,0.0,0.0,0.0,38.8,6.7,4.9,49.5
20160118180808,0.1,0.0,0.0,0.0,23.1,11.4,5.0,60.3
20160118180838,0.0,0.0,0.0,0.0,24.4,4.6,2.2,68.8
20160118180908,0.2,0.0,0.0,0.0,13.1,2.3,5.7,78.7
20160118180938,0.1,0.0,0.0,0.0,6.5,11.1,14.2,68.1
20160118181008,0.1,0.0,0.0,0.0,39.0,8.0,10.7,42.1
20160118181038,0.0,0.0,0.0,0.0,45.0,8.7,2.8,43.5
20160118181108,0.0,0.0,0.0,0.0,17.5,12.2,21.1,49.1
20160118181138,0.1,0.0,0.0,0.0,18.5,13.0,10.4,57.9
20160118181208,0.2,0.0,0.0,0.0,21.8,13.2,8.1,56.8
20160118181238,0.0,0.0,0.0,0.0,27.5,0.6,6.2,65.7
20160118181308,0.1,0.0,0.0,0.0,14.8,1.5,7.5,76.2
20160118181338,0.0,0.0,0.0,0.0,31.0,1.6,3.2,64.2
20160118181408,0.2,0.0,0.0,0.0,23.7,14.4,4.6,57.1
20160118181438,0.0,0.0,0.0,0.0,9.1,25.1,14.8,51.0
20160118181508,0.0,0.0,0.0,0.0,20.0,49.2,10.9,19.9
20160118181538,0.1,0.0,0.0,0.0,8.7,10.0,21.7,59.6
20160118181608,0.0,0.0,0.0,0.0,13.0,11.6,10.2,65.2
20160118181638,0.1,0.0,0.0,0.0,22.5,18.2,3.0,56.1
20160118181708,0.0,0.0,0.0,0.0,14.9,10.4,1.3,73.4
20160118181738,0.1,0.0,0.0,0.0,14.9,32.9,1.6,50.5
20160118181808,0.1,0.0,0.0,0.0,18.3,4.2,0.9,76.5
20160118181838,0.1,0.0,0.0,0.0,25.2,24.8,1.2,48.7
20160118181908,0.1,0.0,0.0,0.0,43.0,24.9,2.2,29.8
20160118181938,0.0,0.0,0.0,0.0,20.6,24.2,3.6,51.6
20160118182008,0.0,0.0,0.0,0.0,20.4,3.0,6.2,70.4
20160118182038,0.0,0.0,0.0,0.0,11.3,19.0,3.1,66.6
20160118182108,0.1,0.0,0.0,0.0,48.5,2.0,1.4,48.0
20160118182138,0.1,0.0,0.0,0.0,21.8,46.7,2.8,28.5
20160118182208,0.0,0.0,0.0,0.0,30.3,1.7,5.6,62.3
20160118182238,0.0,0.0,0.0,0.0,22.6,2.8,2.0,72.6
20160118182308,0.1,0.0,0.0,0.0,12.1,5.0,0.8,82.0
20160118182338,0.0,0.0,0.0,0.0,8.0,3.5,1.2,87.3
20160118182408,0.0,0.0,0.0,0.0,6.4,15.2,0.6,77.8
20160118182438,0.0,0.0,0.0,0.0,1.8,0.8,0.3,97.0
20160118182508,0.0,0.0,0.0,0.0,11.7,2.4,0.8,85.2
20160118182538,0.0,0.0,0.0,0.0,11.2,4.2,2.1,82.4
20160118182608,0.0,0.0,0.0,0.0,21.4,2.5,0.5,75.6
20160118182638,0.0,0.0,0.0,0.0,23.4,5.1,1.4,70.0
20160118182708,0.1,0.0,0.0,0.0,19.4,25.8,0.4,54.2
20160118182738,0.0,0.0,0.0,0.0,23.4,1.8,0.4,74.4
20160118182808,0.0,0.0,0.0,0.0,8.0,1.1,0.6,90.3
20160118182838,0.0,0.0,0.0,0.0,8.9,5.4,0.2,85.5
20160118182908,0.1,0.0,0.0,0.0,19.6,8.8,0.1,71.4
20160118182938,0.0,0.0,0.0,0.0,8.4,0.6,0.6,90.4
20160118183008,0.0,0.0,0.0,0.0,5.4,1.4,0.2,93.0
20160118183038,0.0,0.0,0.0,0.0,4.9,5.4,1.1,88.6
20160118183108,0.0,0.0,0.0,0.0,12.3,4.4,0.7,82.5
20160118183138,0.1,0.0,0.0,0.0,58.1,16.6,1.2,24.0
20160118183208,0.0,0.0,0.0,0.0,7.0,1.7,0.6,90.6
20160118183238,0.0,0.0,0.0,0.0,15.2,8.7,1.4,74.6
20160118183308,0.0,0.0,0.0,0.0,11.9,61.0,2.0,25.1
20160118183338,0.0,0.0,0.0,0.0,20.0,18.5,0.3,61.2
20160118183408,0.0,0.0,0.0,0.0,36.6,6.4,0.8,56.2
20160118183438,0.0,0.0,0.0,0.0,4.2,1.3,0.3,94.1
20160118183508,0.0,0.0,0.0,0.0,5.7,1.3,0.3,92.6
20160118183538,0.0,0.0,0.0,0.0,2.6,1.1,0.1,96.1
20160118183608,0.0,0.0,0.0,0.0,46.3,3.5,0.2,50.0
20160118183638,0.1,0.0,0.0,0.0,21.0,28.5,0.5,50.0
20160118183708,0.1,0.0,0.0,0.0,10.3,15.3,0.5,73.8
20160118183738,0.0,0.0,0.0,0.0,13.7,2.2,0.4,83.7
20160118183808,0.0,0.0,0.0,0.0,27.1,1.8,0.1,71.0
20160118183838,0.0,0.0,0.0,0.0,15.8,1.8,0.2,82.3
20160118183908,0.0,0.0,0.0,0.0,14.5,3.0,0.1,82.4
20160118183938,0.1,0.0,0.0,0.0,17.9,19.6,1.2,61.1
20160118184008,0.0,0.0,0.0,0.0,27.1,3.1,1.0,68.9
20160118184038,0.0,0.0,0.0,0.0,16.8,3.3,0.1,79.8
20160118184109,0.1,0.0,0.0,0.0,27.0,7.7,0.5,64.6
20160118184139,0.0,0.0,0.0,0.0,14.5,5.3,1.1,79.1
20160118184209,0.0,0.0,0.0,0.0,14.4,8.4,0.7,76.4
20160118184239,0.1,0.0,0.0,0.0,17.5,1.8,0.2,80.5
20160118184309,0.1,0.0,0.0,0.0,31.8,1.2,0.4,66.5
20160118184339,0.0,0.0,0.0,0.0,9.2,11.7,0.3,78.7
20160118184409,0.1,0.0,0.0,0.0,15.6,12.1,0.4,71.8
20160118184439,0.0,0.0,0.0,0.0,33.3,25.4,0.4,40.9
20160118184509,0.0,0.0,0.0,0.0,11.9,1.4,0.0,86.6
20160118184539,0.1,0.0,0.0,0.0,12.1,3.3,0.1,84.4
20160118184609,0.0,0.0,0.0,0.0,8.1,2.8,0.3,88.8
20160118184639,0.1,0.0,0.0,0.0,9.6,17.9,0.1,72.3
20160118184709,0.0,0.0,0.0,0.0,17.9,1.6,0.1,80.3
20160118184739,0.0,0.0,0.0,0.0,10.4,4.7,0.1,84.8
20160118184809,0.1,0.0,0.0,0.0,8.6,3.2,0.1,88.0
20160118184839,0.1,0.0,0.0,0.0,24.4,10.5,0.1,64.9
20160118184909,0.1,0.0,0.0,0.0,14.3,0.6,0.5,84.6
20160118184939,0.2,0.0,0.0,0.0,33.1,6.5,0.3,59.9
20160118185009,0.5,0.0,0.0,0.0,17.1,22.3,0.1,60.0
20160118185039,0.1,0.0,0.0,0.0,23.8,2.2,0.4,73.4
20160118185109,0.0,0.0,0.0,0.0,14.2,0.8,1.3,83.7
20160118185139,0.0,0.0,0.0,0.0,13.8,0.4,0.1,85.7
20160118185209,0.0,0.0,0.0,0.0,9.5,1.0,0.2,89.3
20160118185239,0.1,0.0,0.0,0.0,10.9,2.1,0.2,86.7
20160118185309,0.0,0.0,0.0,0.0,14.0,0.4,0.1,85.5
20160118185339,0.0,0.0,0.0,0.0,10.3,0.9,0.1,88.7
20160118185409,0.1,0.0,0.0,0.0,11.1,1.3,0.2,87.2
20160118185439,0.0,0.0,0.0,0.0,3.4,0.1,0.0,96.4
20160118185509,0.1,0.0,0.0,0.0,12.6,2.0,0.2,85.2
20160118185539,0.1,0.0,0.0,0.0,14.5,1.7,0.2,83.6
20160118185609,0.2,0.0,0.0,0.0,7.0,0.5,0.0,92.3
20160118185639,0.3,0.0,0.0,0.0,9.2,2.6,0.2,87.7
20160118185709,0.0,0.0,0.0,0.0,2.8,0.4,0.1,96.7
20160118185739,0.1,0.0,0.0,0.0,15.0,1.4,0.2,83.3
20160118185809,0.1,0.0,0.0,0.0,5.4,0.4,0.2,94.0
20160118185839,0.1,0.0,0.0,0.0,12.4,0.2,0.0,87.3
20160118185909,0.3,0.0,0.0,0.0,19.3,2.4,0.3,77.6
20160118185939,0.3,0.0,0.0,0.0,9.5,1.2,0.1,88.8
20160118190009,0.1,0.0,0.0,0.0,19.2,1.1,0.4,79.1
20160118190039,0.1,0.0,0.0,0.0,42.7,0.8,0.1,56.3
20160118190109,0.1,0.0,0.0,0.0,8.5,1.5,0.2,89.7
20160118190139,0.3,0.0,0.0,0.0,27.4,3.7,0.1,68.4
20160118190209,1.2,0.0,0.0,0.0,31.0,2.6,0.1,65.1
20160118190239,0.1,0.0,0.0,0.0,15.4,2.2,0.2,82.1
20160118190309,0.4,0.0,0.0,0.0,6.4,4.7,0.1,88.3
20160118190339,0.6,0.0,0.0,0.0,6.9,1.0,0.1,91.3
20160118190409,0.3,0.0,0.0,0.0,4.0,9.6,0.4,85.6
20160118190439,0.6,0.0,0.0,0.0,12.4,0.6,0.3,86.1
20160118190509,0.1,0.0,0.0,0.0,7.9,0.5,0.0,91.5
20160118190539,0.2,0.0,0.0,0.0,12.0,1.6,0.1,86.1
20160118190609,0.1,0.0,0.0,0.0,5.1,0.5,0.0,94.3
20160118190639,0.1,0.0,0.0,0.0,1.9,0.2,0.1,97.7
20160118190709,0.1,0.0,0.0,0.0,1.9,0.1,0.1,97.8
20160118190739,0.1,0.0,0.0,0.0,1.1,2.3,0.3,96.2
20160118190809,0.1,0.0,0.0,0.0,3.9,0.5,0.2,95.4
20160118190839,0.6,0.0,0.0,0.0,10.0,0.5,0.1,88.8
20160118190909,0.1,0.0,0.0,0.0,7.9,0.5,0.2,91.3
20160118190939,0.0,0.0,0.0,0.0,1.5,0.3,0.1,98.1
20160118191009,0.1,0.0,0.0,0.0,7.6,0.6,0.3,91.3
20160118191039,0.5,0.0,0.0,0.0,8.6,2.1,0.6,88.1
20160118191109,0.1,0.0,0.0,0.0,3.1,2.0,0.5,94.2
20160118191139,0.0,0.0,0.0,0.0,11.4,0.1,0.1,88.4
20160118191209,0.6,0.0,0.0,0.0,14.8,0.9,0.3,83.4
20160118191239,0.0,0.0,0.0,0.0,1.2,0.2,0.0,98.6
20160118191309,0.0,0.0,0.0,0.0,2.4,0.4,0.1,97.1
20160118191339,0.2,0.0,0.0,0.0,17.1,0.4,0.7,81.6
20160118191409,0.0,0.0,0.0,0.0,1.9,2.2,0.2,95.6
20160118191439,0.0,0.0,0.0,0.0,9.0,0.1,0.0,90.8
20160118191510,0.0,0.0,0.0,0.0,8.0,0.6,0.7,90.7
20160118191540,0.1,0.0,0.0,0.0,9.0,0.5,0.1,90.4
20160118191610,0.0,0.0,0.0,0.0,2.5,0.3,0.0,97.1
20160118191640,0.1,0.0,0.0,0.0,1.8,2.7,0.1,95.4
20160118191710,0.0,0.0,0.0,0.0,7.3,1.8,0.2,90.8
20160118191740,0.1,0.0,0.0,0.0,30.6,2.9,0.3,66.1
20160118191810,0.0,0.0,0.0,0.0,27.5,1.9,0.4,70.1
20160118191840,0.1,0.0,0.0,0.0,18.2,0.3,0.2,81.2
20160118191910,0.1,0.0,0.0,0.0,29.8,0.8,0.2,69.1
20160118191940,0.0,0.0,0.0,0.0,12.0,0.2,0.1,87.7
20160118192010,0.1,0.0,0.0,0.0,33.4,1.0,0.1,65.4
20160118192040,0.0,0.0,0.0,0.0,36.0,0.3,0.1,63.6
20160118192110,0.0,0.0,0.0,0.0,46.6,0.6,0.2,52.6
20160118192140,0.0,0.0,0.0,0.0,7.4,0.5,0.2,91.8
20160118192210,0.0,0.0,0.0,0.0,9.8,0.6,0.5,89.1
20160118192240,0.0,0.0,0.0,0.0,2.5,0.4,0.1,96.9
20160118192310,0.0,0.0,0.0,0.0,2.5,0.3,0.1,97.1
20160118192340,0.0,0.0,0.0,0.0,19.1,0.9,0.0,79.9
20160118192410,0.0,0.0,0.0,0.0,9.4,3.4,0.1,87.1
20160118192440,0.0,0.0,0.0,0.0,11.8,2.0,0.1,86.0
20160118192510,0.0,0.0,0.0,0.0,3.3,0.7,0.2,95.8
20160118192540,0.0,0.0,0.0,0.0,10.2,1.1,0.2,88.4
20160118192610,0.0,0.0,0.0,0.0,16.8,1.7,0.0,81.4
20160118192640,0.0,0.0,0.0,0.0,11.5,5.5,0.3,82.6
20160118192710,0.0,0.0,0.0,0.0,33.6,1.6,0.4,64.3
20160118192740,0.0,0.0,0.0,0.0,7.1,0.2,0.1,92.6
20160118192810,0.0,0.0,0.0,0.0,14.3,1.6,0.1,84.0
20160118192840,0.0,0.0,0.0,0.0,15.0,0.7,0.1,84.2
20160118192910,0.0,0.0,0.0,0.0,8.4,17.9,0.8,72.9
20160118192940,0.0,0.0,0.0,0.0,4.5,1.9,0.3,93.4
20160118193010,0.0,0.0,0.0,0.0,18.5,1.4,0.2,79.8
20160118193040,0.0,0.0,0.0,0.0,1.3,0.3,0.1,98.3
20160118193110,0.0,0.0,0.0,0.0,29.9,3.0,0.4,66.7
20160118193140,0.1,0.0,0.0,0.0,35.9,14.4,0.3,49.3
20160118193210,0.0,0.0,0.0,0.0,13.4,4.1,0.2,82.2
20160118193240,0.0,0.0,0.0,0.0,75.4,1.2,0.1,23.2
20160118193310,0.0,0.0,0.0,0.0,14.7,0.4,0.1,84.7
20160118193340,0.0,0.0,0.0,0.0,35.2,4.4,0.1,60.2
20160118193410,0.0,0.0,0.0,0.0,10.7,0.4,0.1,88.9
20160118193440,0.0,0.0,0.0,0.0,18.1,2.1,0.1,79.8
20160118193510,0.1,0.0,0.0,0.0,34.6,3.0,0.1,62.3
20160118193540,0.1,0.0,0.0,0.0,18.6,2.2,0.2,79.0
20160118193610,0.1,0.0,0.0,0.0,19.3,3.4,0.1,77.2
20160118193640,0.1,0.0,0.0,0.0,65.4,2.8,0.1,31.6
20160118193710,0.0,0.0,0.0,0.0,69.6,4.3,0.2,25.9
20160118193740,0.0,0.0,0.0,0.0,8.2,0.3,0.1,91.4
20160118193810,0.0,0.0,0.0,0.0,14.6,5.9,0.2,79.2
20160118193840,0.0,0.0,0.0,0.0,29.9,1.4,0.1,68.5
20160118193910,0.1,0.0,0.0,0.0,35.4,6.8,0.1,57.6
20160118193940,0.0,0.0,0.0,0.0,55.0,2.9,0.1,42.0
20160118194010,0.0,0.0,0.0,0.0,32.6,1.0,0.1,66.4
20160118194040,0.0,0.0,0.0,0.0,32.8,1.6,0.1,65.5
20160118194110,0.0,0.0,0.0,0.0,49.5,9.3,0.1,41.0
20160118194140,0.1,0.0,0.0,0.0,71.1,11.0,0.1,17.7
20160118194210,0.0,0.0,0.0,0.0,40.8,10.2,0.3,48.7
20160118194240,0.1,0.0,0.0,0.0,38.7,13.4,0.2,47.6
20160118194311,0.1,0.0,0.0,0.0,40.9,13.6,0.2,45.2
20160118194341,0.1,0.0,0.0,0.0,49.0,6.6,0.9,43.4
20160118194411,0.4,0.0,0.0,0.0,50.6,5.8,0.2,43.0
20160118194441,0.1,0.0,0.0,0.0,14.9,2.1,0.2,82.6
20160118194511,0.0,0.0,0.0,0.0,24.4,1.0,0.1,74.5
20160118194541,0.1,0.0,0.0,0.0,8.8,1.7,0.0,89.4
20160118194611,0.0,0.0,0.0,0.0,13.7,1.8,0.1,84.4
20160118194641,0.0,0.0,0.0,0.0,2.5,0.3,0.0,97.2
20160118194711,0.0,0.0,0.0,0.0,2.5,0.3,0.0,97.1
20160118194741,0.0,0.0,0.0,0.0,2.4,0.2,0.1,97.2
20160118194811,0.1,0.0,0.0,0.0,16.4,1.9,0.0,81.6
20160118194841,0.1,0.0,0.0,0.0,40.5,4.7,0.3,54.4
20160118194911,0.0,0.0,0.0,0.0,27.2,1.6,0.1,71.1
20160118194941,0.0,0.0,0.0,0.0,23.8,2.3,0.1,73.8
20160118195011,0.1,0.0,0.0,0.0,19.9,0.6,0.2,79.2
20160118195041,0.0,0.0,0.0,0.0,20.1,0.2,0.0,79.6
20160118195111,0.2,0.0,0.0,0.0,17.2,8.6,0.1,73.9
20160118195141,0.2,0.0,0.0,0.0,17.3,0.5,0.1,81.9
20160118195211,0.1,0.0,0.0,0.0,9.2,1.4,0.0,89.4
20160118195241,0.5,0.0,0.0,0.0,26.2,32.6,1.4,39.3
20160118195311,0.0,0.0,0.0,0.0,5.0,0.3,0.0,94.6
20160118195341,0.1,0.0,0.0,0.0,20.8,0.5,0.1,78.6
20160118195411,0.1,0.0,0.0,0.0,29.9,2.9,0.1,67.1
20160118195441,0.1,0.0,0.0,0.0,19.5,2.0,0.0,78.4
20160118195511,0.1,0.0,0.0,0.0,12.9,4.7,0.1,82.1
20160118195541,0.0,0.0,0.0,0.0,40.3,1.6,0.0,58.1
20160118195611,0.0,0.0,0.0,0.0,29.2,1.5,0.0,69.2
20160118195641,0.1,0.0,0.0,0.0,18.0,0.6,0.1,81.3
20160118195711,0.0,0.0,0.0,0.0,40.5,2.2,0.2,57.1
20160118195741,0.0,0.0,0.0,0.0,78.9,5.2,0.1,15.7
20160118195811,0.0,0.0,0.0,0.0,23.5,2.8,0.1,73.6
20160118195841,0.0,0.0,0.0,0.0,33.3,2.8,0.1,63.7
20160118195911,0.1,0.0,0.0,0.0,27.3,12.3,0.0,60.3
20160118195941,0.1,0.0,0.0,0.0,12.0,2.0,0.1,85.8
20160118200011,0.0,0.0,0.0,0.0,11.2,0.5,0.1,88.1
20160118200041,0.0,0.0,0.0,0.0,26.8,0.6,0.3,72.3
20160118200111,0.0,0.0,0.0,0.0,4.4,0.2,0.0,95.4
20160118200141,0.0,0.0,0.0,0.0,4.2,0.1,0.0,95.6
20160118200211,0.0,0.0,0.0,0.0,7.3,0.1,0.0,92.6
20160118200241,0.0,0.0,0.0,0.0,1.9,0.1,0.1,97.9
20160118200311,0.0,0.0,0.0,0.0,3.9,1.0,0.1,95.0
20160118200341,0.0,0.0,0.0,0.0,3.0,0.1,0.0,96.9
20160118200411,0.1,0.0,0.0,0.0,15.9,1.0,0.0,83.0
20160118200441,0.1,0.0,0.0,0.0,18.4,2.7,0.1,78.8
20160118200511,0.0,0.0,0.0,0.0,14.1,1.6,0.1,84.2
20160118200541,0.0,0.0,0.0,0.0,22.3,1.3,0.2,76.2
20160118200611,0.0,0.0,0.0,0.0,9.2,0.7,0.0,90.1
20160118200641,0.1,0.0,0.0,0.0,45.0,1.6,0.1,53.2
20160118200711,0.0,0.0,0.0,0.0,15.4,0.4,0.1,84.1
20160118200741,0.0,0.0,0.0,0.0,8.3,3.2,0.2,88.2
20160118200811,0.1,0.0,0.0,0.0,30.4,6.5,0.1,62.9
20160118200841,0.0,0.0,0.0,0.0,8.1,0.4,0.0,91.4
20160118200911,0.0,0.0,0.0,0.0,22.3,0.6,0.0,77.0
20160118200941,0.0,0.0,0.0,0.0,5.8,0.1,0.0,94.1
20160118201011,0.0,0.0,0.0,0.0,15.0,0.2,0.0,84.8
20160118201041,0.0,0.0,0.0,0.0,3.9,0.1,0.0,96.0
20160118201111,0.0,0.0,0.0,0.0,54.9,0.2,0.1,44.8
20160118201141,0.0,0.0,0.0,0.0,10.3,0.6,0.1,89.0
20160118201211,0.0,0.0,0.0,0.0,3.8,0.4,0.0,95.8
20160118201241,0.0,0.0,0.0,0.0,9.6,0.4,0.0,89.9
20160118201311,0.0,0.0,0.0,0.0,4.5,0.2,0.0,95.3
20160118201341,0.0,0.0,0.0,0.0,17.4,0.3,0.0,82.2
20160118201411,0.1,0.0,0.0,0.0,20.3,0.4,0.0,79.2
20160118201441,0.1,0.0,0.0,0.0,25.8,0.5,0.0,73.6
20160118201511,0.0,0.0,0.0,0.0,6.8,0.1,0.0,93.1
20160118201541,0.0,0.0,0.0,0.0,11.2,0.3,0.1,88.3
20160118201611,0.0,0.0,0.0,0.0,42.0,0.6,0.0,57.4
20160118201641,0.1,0.0,0.0,0.0,64.2,1.1,0.0,34.6
20160118201712,0.0,0.0,0.0,0.0,28.3,0.5,0.0,71.1
20160118201742,0.0,0.0,0.0,0.0,19.5,1.9,0.1,78.5
20160118201812,0.1,0.0,0.0,0.0,56.8,2.0,0.0,41.0
20160118201842,0.0,0.0,0.0,0.0,48.9,1.2,0.2,49.7
20160118201912,0.0,0.0,0.0,0.0,23.0,0.4,0.0,76.5
20160118201942,0.0,0.0,0.0,0.0,10.5,0.1,0.0,89.4
20160118202012,0.0,0.0,0.0,0.0,17.8,0.6,0.1,81.5
20160118202042,0.0,0.0,0.0,0.0,8.7,0.0,0.0,91.2
20160118202112,0.0,0.0,0.0,0.0,8.9,0.3,0.0,90.8
20160118202142,0.0,0.0,0.0,0.0,11.1,0.2,0.0,88.6
20160118202212,0.0,0.0,0.0,0.0,9.9,0.4,0.0,89.7
20160118202242,0.0,0.0,0.0,0.0,6.6,0.2,0.0,93.2
20160118202312,0.0,0.0,0.0,0.0,20.6,9.2,0.1,70.1
20160118202342,0.0,0.0,0.0,0.0,10.1,0.7,0.0,89.2
20160118202412,0.0,0.0,0.0,0.0,14.4,0.8,0.1,84.6
20160118202442,0.0,0.0,0.0,0.0,14.1,0.3,0.1,85.5
20160118202512,0.0,0.0,0.0,0.0,11.8,1.0,0.1,87.1
20160118202542,0.0,0.0,0.0,0.0,29.3,0.4,0.0,70.2
20160118202612,0.0,0.0,0.0,0.0,14.4,0.2,0.0,85.3
20160118202642,0.0,0.0,0.0,0.0,52.7,0.3,0.1,46.9
20160118202712,0.0,0.0,0.0,0.0,12.2,0.4,0.0,87.4
20160118202742,0.0,0.0,0.0,0.0,4.2,0.2,0.0,95.7
20160118202812,0.1,0.0,0.0,0.0,17.2,1.7,0.0,81.1
20160118202842,0.0,0.0,0.0,0.0,5.1,0.6,0.0,94.2
20160118202912,0.0,0.0,0.0,0.0,23.9,0.1,0.0,75.9
20160118202942,0.0,0.0,0.0,0.0,51.6,0.3,0.0,48.0
20160118203012,0.0,0.0,0.0,0.0,46.6,0.6,0.2,52.6
20160118203042,0.0,0.0,0.0,0.0,18.3,0.6,0.0,81.0
20160118203112,0.0,0.0,0.0,0.0,15.5,0.1,0.1,84.3
20160118203142,0.0,0.0,0.0,0.0,25.2,1.2,0.1,73.5
20160118203212,0.0,0.0,0.0,0.0,32.4,0.2,0.1,67.3
20160118203242,0.0,0.0,0.0,0.0,35.5,0.9,0.2,63.4
20160118203312,0.0,0.0,0.0,0.0,26.8,0.6,0.3,72.2
20160118203342,0.0,0.0,0.0,0.0,10.5,0.5,0.0,89.0
20160118203412,0.0,0.0,0.0,0.0,5.4,0.2,0.0,94.3
20160118203442,0.0,0.0,0.0,0.0,35.5,0.4,0.1,64.0
20160118203512,0.0,0.0,0.0,0.0,15.0,0.1,0.0,84.8
20160118203542,0.1,0.0,0.0,0.0,61.1,0.1,0.0,38.7
20160118203612,0.0,0.0,0.0,0.0,46.5,0.5,0.0,53.0
20160118203642,0.0,0.0,0.0,0.0,21.0,0.8,0.0,78.2
20160118203712,0.0,0.0,0.0,0.0,46.4,0.5,0.0,53.0
20160118203742,0.0,0.0,0.0,0.0,30.8,0.1,0.0,69.1
20160118203812,0.0,0.0,0.0,0.0,6.4,0.0,0.0,93.6
20160118203842,0.0,0.0,0.0,0.0,27.2,1.1,0.0,71.7
20160118203912,0.0,0.0,0.0,0.0,9.2,0.1,0.0,90.7
20160118203942,0.0,0.0,0.0,0.0,20.4,0.1,0.0,79.5
20160118204012,0.0,0.0,0.0,0.0,7.8,0.1,0.0,92.1
20160118204042,0.1,0.0,0.0,0.0,63.8,0.3,0.0,35.9
20160118204112,0.1,0.0,0.0,0.0,56.7,0.8,0.1,42.4
20160118204142,0.1,0.0,0.0,0.0,76.4,0.4,0.0,23.1
20160118204212,0.0,0.0,0.0,0.0,67.7,0.7,0.0,31.5
20160118204242,0.0,0.0,0.0,0.0,68.1,0.2,0.0,31.7
20160118204312,0.1,0.0,0.0,0.0,51.4,1.0,0.0,47.5
20160118204342,0.1,0.0,0.0,0.0,79.1,0.3,0.0,20.5
20160118204412,0.0,0.0,0.0,0.0,73.9,0.5,0.0,25.6
20160118204442,0.0,0.0,0.0,0.0,68.2,0.2,0.0,31.6
20160118204512,0.0,0.0,0.0,0.0,30.7,0.3,0.0,69.0
20160118204542,0.0,0.0,0.0,0.0,26.0,0.2,0.0,73.8
20160118204612,0.0,0.0,0.0,0.0,27.1,0.2,0.0,72.6
20160118204642,0.0,0.0,0.0,0.0,9.3,0.1,0.0,90.6
20160118204712,0.0,0.0,0.0,0.0,23.8,0.0,0.0,76.1
20160118204742,0.0,0.0,0.0,0.0,63.1,0.1,0.0,36.8
20160118204812,0.0,0.0,0.0,0.0,13.0,0.0,0.0,87.0
20160118204842,0.0,0.0,0.0,0.0,71.9,0.0,0.0,28.1
20160118204912,0.0,0.0,0.0,0.0,72.1,0.1,0.0,27.7
20160118204942,0.0,0.0,0.0,0.0,34.9,0.0,0.0,65.0
20160118205012,0.0,0.0,0.0,0.0,46.8,0.1,0.0,53.0
20160118205042,0.0,0.0,0.0,0.0,19.0,0.1,0.0,80.9
