UT,arc,discrete,diffuse,ac,ab,clear,cloudy,dd
20160207151000,0.0,0.0,0.0,0.0,0.0,0.0,0.0,100.0
20160207151030,0.0,0.0,0.0,0.0,0.0,0.0,0.0,100.0
20160207151100,0.0,0.0,0.0,0.0,0.0,0.0,0.0,100.0
20160207151130,0.0,0.0,0.0,0.0,0.0,0.0,0.0,100.0
20160207151200,0.0,0.0,0.0,0.0,0.0,0.0,0.0,100.0
20160207151230,0.0,0.0,0.0,0.0,0.0,0.0,0.0,100.0
20160207151300,0.0,0.0,0.0,0.0,0.0,0.0,0.0,100.0
20160207151330,0.0,0.0,0.0,0.0,0.0,0.0,0.0,100.0
20160207151400,0.0,0.0,0.0,0.0,0.0,0.0,0.0,100.0
20160207151430,0.0,0.0,0.0,0.0,0.0,0.0,0.0,100.0
20160207151500,0.0,0.0,0.0,0.0,0.0,0.0,0.0,100.0
20160207151530,0.0,0.0,0.0,0.0,0.0,0.0,0.0,100.0
20160207151600,0.0,0.0,0.0,0.0,0.0,0.0,0.0,100.0
20160207151630,0.0,0.0,0.0,0.0,0.0,0.0,0.0,100.0
20160207151700,0.0,0.0,0.0,0.0,0.0,0.0,0.0,100.0
20160207151730,0.0,0.0,0.0,0.0,0.0,0.0,0.0,100.0
20160207151800,0.0,0.0,0.0,0.0,0.0,0.0,0.0,100.0
20160207151830,0.0,0.0,0.0,0.0,0.0,0.0,0.0,100.0
20160207151900,0.0,0.0,0.0,0.0,0.0,0.0,0.0,100.0
20160207151930,0.0,0.0,0.0,0.0,0.0,0.0,0.0,100.0
20160207152000,0.0,0.0,0.0,0.0,0.0,0.0,0.0,100.0
20160207152030,0.0,0.0,0.0,0.0,0.0,0.0,0.0,100.0
20160207152100,0.0,0.0,0.0,0.0,0.0,0.0,0.0,100.0
20160207152130,0.0,0.0,0.0,0.0,0.0,0.0,0.0,100.0
20160207152200,0.0,0.0,0.0,0.0,0.0,0.0,0.0,100.0
20160207152230,0.0,0.0,0.0,0.0,0.0,0.0,0.0,100.0
20160207152300,0.0,0.0,0.0,0.0,0.0,0.0,0.0,100.0
20160207152330,0.0,0.0,0.0,0.0,0.0,0.0,0.0,100.0
20160207152400,0.0,0.0,0.0,0.0,0.0,0.0,0.0,100.0
20160207152430,0.0,0.0,0.0,0.0,0.0,0.0,0.0,100.0
20160207152500,0.0,0.0,0.0,0.0,0.0,0.0,0.0,100.0
20160207152530,0.0,0.0,0.0,0.0,0.0,0.0,0.0,100.0
20160207152600,0.0,0.0,0.0,0.0,0.0,0.0,0.0,100.0
20160207152630,0.0,0.0,0.0,0.0,0.0,0.0,0.0,100.0
20160207152700,0.0,0.0,0.0,0.0,0.0,0.0,0.0,100.0
20160207152730,0.0,0.0,0.0,0.0,0.0,0.0,0.0,100.0
20160207152800,0.0,0.0,0.0,0.0,0.0,0.0,0.0,100.0
20160207152830,0.0,0.0,0.0,0.0,0.0,0.0,0.0,100.0
20160207152900,0.0,0.0,0.0,0.0,0.0,0.0,0.0,100.0
20160207152930,0.0,0.0,0.0,0.0,0.0,0.0,0.0,100.0
20160207153000,0.0,0.0,0.0,0.0,0.0,0.0,0.0,100.0
20160207153030,0.0,0.0,0.0,0.0,0.0,0.0,0.0,100.0
20160207153100,0.0,0.0,0.0,0.0,0.0,0.0,0.0,100.0
20160207153130,0.0,0.0,0.0,0.0,0.0,0.0,0.0,100.0
20160207153200,0.0,0.0,0.0,0.0,0.0,0.0,0.0,100.0
20160207153230,0.0,0.0,0.0,0.0,0.0,0.0,0.0,100.0
20160207153300,0.0,0.0,0.0,0.0,0.0,0.0,0.0,100.0
20160207153330,0.0,0.0,0.0,0.0,0.0,0.0,0.0,100.0
20160207153400,0.0,0.0,0.0,0.0,0.0,0.0,0.0,100.0
20160207153430,0.0,0.0,0.0,0.0,0.0,0.0,0.0,100.0
20160207153500,0.0,0.0,0.0,0.0,0.0,0.0,0.0,100.0
20160207153530,0.0,0.0,0.0,0.0,0.0,0.0,0.0,100.0
20160207153600,0.0,0.0,0.0,0.0,0.0,0.0,0.0,100.0
20160207153631,0.0,0.0,0.0,0.0,0.0,0.0,0.0,100.0
20160207153701,0.0,0.0,0.0,0.0,0.0,0.0,0.0,100.0
20160207153731,0.0,0.0,0.0,0.0,0.0,0.0,0.0,100.0
20160207153801,0.0,0.0,0.0,0.0,0.0,0.0,0.0,100.0
20160207153831,0.0,0.0,0.0,0.0,0.0,0.0,0.0,100.0
20160207153901,0.0,0.0,0.0,0.0,0.0,0.0,0.0,100.0
20160207153931,0.0,0.0,0.0,0.0,0.0,0.0,0.0,100.0
20160207154001,0.0,0.0,0.0,0.0,0.0,0.0,0.0,100.0
20160207154031,0.0,0.0,0.0,0.0,0.0,0.0,0.0,100.0
20160207154101,0.0,0.0,0.0,0.0,0.0,0.0,0.0,100.0
20160207154131,0.0,0.0,0.0,0.0,0.0,0.0,0.0,100.0
20160207154201,0.0,0.0,0.0,0.0,0.0,0.0,0.0,100.0
20160207154231,0.0,0.0,0.0,0.0,0.0,0.0,0.0,100.0
20160207154301,0.0,0.0,0.0,0.0,0.0,0.0,0.0,100.0
20160207154331,0.0,0.0,0.0,0.0,0.0,0.0,0.0,100.0
20160207154401,0.0,0.0,0.0,0.0,0.0,0.0,0.0,100.0
20160207154431,0.0,0.0,0.0,0.0,0.0,0.0,0.0,100.0
20160207154501,0.0,0.0,0.0,0.0,0.0,0.0,0.0,100.0
20160207154531,0.0,0.0,0.0,0.0,0.0,0.0,0.0,100.0
20160207154601,0.0,0.0,0.0,0.0,0.0,0.0,0.0,100.0
20160207154631,0.0,0.0,0.0,0.0,0.0,0.0,0.0,100.0
20160207154701,0.0,0.0,0.0,0.0,0.0,0.0,0.0,100.0
20160207154731,0.0,0.0,0.0,0.0,0.0,0.0,0.0,100.0
20160207154801,0.0,0.0,0.0,0.0,0.0,0.0,0.0,100.0
20160207154831,0.0,0.0,0.0,0.0,0.0,0.0,0.0,100.0
20160207154901,0.0,0.0,0.0,0.0,0.0,0.0,0.0,100.0
20160207154931,0.0,0.0,0.0,0.0,0.0,0.0,0.0,100.0
20160207155001,0.0,0.0,0.0,0.0,0.0,0.0,0.0,100.0
20160207155031,0.0,0.0,0.0,0.0,0.0,0.0,0.0,100.0
20160207155101,0.0,0.0,0.0,0.0,0.0,0.0,0.0,100.0
20160207155131,0.0,0.0,0.0,0.0,0.0,0.0,0.0,100.0
20160207155201,0.0,0.0,0.0,0.0,0.0,0.0,0.0,100.0
20160207155231,0.0,0.0,0.0,0.0,0.0,0.0,0.0,100.0
20160207155301,0.0,0.0,0.0,0.0,0.0,0.0,0.0,100.0
20160207155331,0.0,0.0,0.0,0.0,0.0,0.0,0.0,100.0
20160207155401,0.0,0.0,0.0,0.0,0.0,0.0,0.0,100.0
20160207155431,0.0,0.0,0.0,0.0,0.0,0.0,0.0,100.0
20160207155501,0.0,0.0,0.0,0.0,0.0,0.0,0.0,100.0
20160207155531,0.0,0.0,0.0,0.0,0.0,0.0,0.0,100.0
20160207155601,0.0,0.0,0.0,0.0,0.0,0.0,0.0,100.0
20160207155631,0.0,0.0,0.0,0.0,0.0,0.0,0.0,100.0
20160207155701,0.0,0.0,0.0,0.0,0.0,0.0,0.0,100.0
20160207155731,0.0,0.0,0.0,0.0,0.1,0.0,0.0,99.9
20160207155801,0.0,0.0,0.0,0.0,0.2,0.0,0.0,99.8
20160207155831,0.0,0.0,0.0,0.0,0.0,0.0,0.0,100.0
20160207155901,0.0,0.0,0.0,0.0,0.2,0.0,0.0,99.8
20160207155931,0.0,0.0,0.0,0.0,0.0,0.0,0.0,100.0
20160207160001,0.0,0.0,0.0,0.0,0.1,0.0,0.0,99.9
20160207160031,0.0,0.0,0.0,0.0,1.2,0.0,0.0,98.8
20160207160101,0.0,0.0,0.0,0.0,0.0,0.0,0.0,100.0
20160207160131,0.0,0.0,0.0,0.0,0.0,0.0,0.0,100.0
20160207160201,0.0,0.0,0.0,0.0,0.0,0.0,0.0,100.0
20160207160231,0.0,0.0,0.0,0.0,3.7,0.0,0.0,96.3
20160207160301,0.0,0.0,0.0,0.0,2.1,0.0,0.0,97.9
20160207160331,0.0,0.0,0.0,0.0,3.4,0.0,0.0,96.6
20160207160401,0.0,0.0,0.0,0.0,0.8,0.0,0.0,99.2
20160207160431,0.0,0.0,0.0,0.0,1.6,0.0,0.0,98.4
20160207160501,0.0,0.0,0.0,0.0,5.2,0.0,0.0,94.8
20160207160531,0.0,0.0,0.0,0.0,42.3,0.0,0.0,57.7
20160207160601,0.0,0.0,0.0,0.0,32.2,0.0,0.0,67.8
20160207160631,0.0,0.0,0.0,0.0,3.1,0.0,0.0,96.9
20160207160702,0.0,0.0,0.0,0.0,12.1,0.0,0.0,87.9
20160207160732,0.0,0.0,0.0,0.0,4.8,0.0,0.1,95.1
20160207160802,0.1,0.0,0.1,0.0,5.6,0.1,0.1,94.1
20160207160832,0.2,0.0,0.7,0.0,69.6,0.3,0.7,28.6
20160207160902,0.0,0.0,0.1,0.0,74.3,0.0,0.1,25.4
20160207160932,0.4,0.0,8.9,0.1,57.6,0.4,1.5,31.1
20160207161132,0.0,0.0,0.0,0.0,11.2,0.0,0.0,88.8
20160207161202,0.0,0.0,0.0,0.0,87.4,0.0,0.0,12.6
20160207161232,0.0,0.0,0.0,0.0,89.0,0.0,0.0,11.0
20160207161302,0.0,0.0,0.0,0.0,91.8,0.0,0.0,8.2
20160207161332,0.0,0.0,0.0,0.0,91.3,0.0,0.0,8.7
20160207161402,0.0,0.0,0.0,0.0,89.2,0.0,0.0,10.8
20160207161432,0.0,0.0,0.0,0.0,96.5,0.0,0.0,3.5
20160207161502,0.0,0.0,0.0,0.0,81.5,0.0,0.0,18.5
20160207161532,0.0,0.0,0.0,0.0,87.8,0.0,0.0,12.2
20160207161602,0.0,0.0,0.0,0.0,81.7,0.0,0.0,18.3
20160207161632,0.0,0.0,0.0,0.0,73.5,0.0,0.0,26.5
20160207161702,0.0,0.0,0.0,0.0,96.3,0.0,0.0,3.7
20160207161732,0.0,0.0,0.0,0.0,26.6,0.0,0.0,73.4
20160207161802,0.0,0.1,0.0,0.0,70.1,0.0,0.0,29.8
20160207161832,0.0,0.0,0.0,0.0,37.9,0.0,0.0,62.0
20160207161902,0.0,0.0,0.0,0.0,81.0,0.0,0.0,19.0
20160207161932,0.0,0.1,0.0,0.0,82.8,0.0,0.0,17.1
20160207162002,0.1,0.0,0.0,0.0,81.1,0.0,0.0,18.7
20160207162032,0.4,0.1,0.0,0.0,70.7,0.0,0.0,28.7
20160207162102,0.6,0.1,0.0,0.0,92.1,0.0,0.0,7.2
20160207162132,2.3,0.4,0.0,0.0,96.2,0.0,0.0,1.1
20160207162202,3.4,0.0,0.0,0.0,92.4,0.0,0.0,4.2
20160207162232,6.9,0.1,0.0,0.0,92.9,0.0,0.0,0.1
20160207162302,3.7,0.0,0.0,0.0,96.3,0.0,0.0,0.1
20160207162332,2.6,0.1,0.0,0.0,97.4,0.0,0.0,0.0
20160207162402,2.2,0.0,0.0,0.0,97.7,0.0,0.0,0.1
20160207162432,9.8,0.1,0.0,0.0,89.9,0.0,0.0,0.2
20160207162502,35.3,0.3,0.0,0.0,64.1,0.0,0.0,0.3
20160207162532,33.5,0.6,0.0,0.0,65.9,0.0,0.0,0.0
20160207162602,12.0,0.5,0.0,0.0,87.4,0.0,0.0,0.0
20160207162632,36.8,1.8,0.0,0.4,59.4,0.0,0.0,1.7
20160207162702,37.4,4.4,0.0,0.0,58.1,0.0,0.0,0.1
20160207162732,80.0,3.3,0.0,0.0,16.7,0.0,0.0,0.0
20160207162802,10.7,14.7,0.0,0.1,74.5,0.0,0.0,0.0
20160207162832,36.4,11.2,0.0,0.0,52.4,0.0,0.0,0.0
20160207162902,1.0,78.4,0.0,0.0,20.5,0.0,0.0,0.0
20160207162932,0.0,3.9,0.0,0.0,96.1,0.0,0.0,0.0
20160207163002,0.0,0.8,0.0,0.0,99.2,0.0,0.0,0.0
20160207163032,0.0,1.1,0.0,0.0,98.9,0.0,0.0,0.0
20160207163102,8.3,26.4,0.0,0.0,65.3,0.0,0.0,0.0
20160207163132,1.9,3.8,0.0,0.1,94.1,0.0,0.0,0.0
20160207163202,58.1,10.0,0.0,0.0,31.9,0.0,0.0,0.0
20160207163232,2.3,1.0,0.0,0.0,96.6,0.0,0.0,0.0
20160207163302,9.4,50.6,0.0,0.1,39.9,0.0,0.0,0.0
20160207163332,0.2,89.6,0.0,0.0,10.1,0.0,0.0,0.0
20160207163402,4.8,42.8,0.0,0.0,52.3,0.0,0.0,0.0
20160207163432,0.0,99.1,0.0,0.0,0.9,0.0,0.0,0.0
20160207163502,0.0,98.4,0.0,0.0,1.6,0.0,0.0,0.0
20160207163532,7.1,40.3,0.0,0.0,52.6,0.0,0.0,0.0
20160207163602,94.3,0.6,0.0,0.0,5.2,0.0,0.0,0.0
20160207163632,23.7,65.5,0.0,0.2,10.5,0.0,0.0,0.0
20160207163702,81.3,17.7,0.0,0.2,0.7,0.0,0.0,0.0
20160207163732,94.2,5.3,0.0,0.0,0.5,0.0,0.0,0.0
20160207163802,99.2,0.6,0.0,0.0,0.3,0.0,0.0,0.0
20160207163833,96.1,2.5,0.0,0.0,1.4,0.0,0.0,0.0
20160207163903,0.1,77.6,0.0,0.0,22.3,0.0,0.0,0.0
20160207163933,94.4,2.4,0.0,0.0,3.2,0.0,0.0,0.0
20160207164003,99.3,0.0,0.0,0.0,0.6,0.0,0.0,0.0
20160207164033,64.7,9.8,0.0,0.1,25.4,0.0,0.0,0.0
20160207164103,92.1,4.0,0.0,0.2,3.8,0.0,0.0,0.0
20160207164133,89.8,2.0,0.0,0.2,7.9,0.0,0.0,0.0
20160207164203,53.0,32.8,0.0,0.4,13.9,0.0,0.0,0.0
20160207164233,94.5,0.8,0.0,0.2,4.5,0.0,0.0,0.0
20160207164303,90.7,3.2,0.0,1.8,4.3,0.0,0.0,0.0
20160207164333,89.2,9.2,0.0,0.9,0.7,0.0,0.0,0.0
20160207164403,93.7,6.0,0.0,0.3,0.1,0.0,0.0,0.0
20160207164433,98.4,1.5,0.0,0.0,0.0,0.0,0.0,0.0
20160207164503,86.8,13.1,0.0,0.1,0.0,0.0,0.0,0.0
20160207164533,88.4,11.6,0.0,0.0,0.0,0.0,0.0,0.0
20160207164603,92.3,7.7,0.0,0.0,0.0,0.0,0.0,0.0
20160207164633,93.7,6.3,0.0,0.0,0.0,0.0,0.0,0.0
20160207164703,99.8,0.2,0.0,0.0,0.0,0.0,0.0,0.0
20160207164733,91.0,8.9,0.0,0.1,0.0,0.0,0.0,0.0
20160207164803,95.9,4.1,0.0,0.0,0.0,0.0,0.0,0.0
20160207164833,51.5,48.3,0.0,0.2,0.0,0.0,0.0,0.0
20160207164903,91.8,8.0,0.0,0.2,0.0,0.0,0.0,0.0
20160207164933,13.6,85.9,0.0,0.4,0.0,0.0,0.0,0.0
20160207165003,93.4,6.5,0.0,0.1,0.0,0.0,0.0,0.0
20160207165033,96.9,3.1,0.0,0.0,0.0,0.0,0.0,0.0
20160207165103,96.0,3.9,0.0,0.0,0.0,0.0,0.0,0.0
20160207165133,17.9,81.9,0.0,0.1,0.0,0.0,0.0,0.0
20160207165203,99.4,0.6,0.0,0.0,0.0,0.0,0.0,0.0
20160207165233,92.3,7.5,0.0,0.1,0.0,0.0,0.0,0.0
20160207165303,99.8,0.2,0.0,0.0,0.0,0.0,0.0,0.0
20160207165333,99.5,0.2,0.0,0.2,0.1,0.0,0.0,0.0
20160207165403,98.8,0.6,0.0,0.3,0.2,0.0,0.0,0.0
20160207165433,99.6,0.2,0.0,0.1,0.0,0.0,0.0,0.0
20160207165503,75.4,19.4,0.0,4.8,0.4,0.0,0.0,0.0
20160207165533,16.1,83.6,0.0,0.3,0.0,0.0,0.0,0.0
20160207165603,74.8,25.2,0.0,0.0,0.0,0.0,0.0,0.0
20160207165633,55.6,44.2,0.0,0.1,0.2,0.0,0.0,0.0
20160207165703,15.0,83.8,0.0,0.8,0.4,0.0,0.0,0.0
20160207165733,0.6,99.3,0.0,0.1,0.0,0.0,0.0,0.0
20160207165803,2.6,96.6,0.0,0.5,0.3,0.0,0.0,0.0
20160207165833,0.1,99.3,0.0,0.0,0.6,0.0,0.0,0.0
20160207165903,0.1,99.8,0.0,0.0,0.1,0.0,0.0,0.0
20160207165933,0.0,100.0,0.0,0.0,0.0,0.0,0.0,0.0
20160207170003,0.0,100.0,0.0,0.0,0.0,0.0,0.0,0.0
20160207170033,0.0,100.0,0.0,0.0,0.0,0.0,0.0,0.0
20160207170103,0.0,100.0,0.0,0.0,0.0,0.0,0.0,0.0
20160207170133,0.0,100.0,0.0,0.0,0.0,0.0,0.0,0.0
20160207170203,0.0,100.0,0.0,0.0,0.0,0.0,0.0,0.0
20160207170233,0.0,99.9,0.0,0.0,0.0,0.0,0.0,0.0
20160207170303,0.0,99.7,0.0,0.2,0.1,0.0,0.0,0.0
20160207170333,0.0,100.0,0.0,0.0,0.0,0.0,0.0,0.0
20160207170403,0.1,98.3,0.0,1.3,0.3,0.0,0.0,0.0
20160207170433,0.5,78.3,0.1,14.7,6.5,0.0,0.0,0.0
20160207170503,4.7,31.5,2.7,35.9,25.1,0.0,0.0,0.0
20160207170533,4.6,17.2,0.3,69.3,8.6,0.0,0.0,0.0
20160207170603,7.2,9.3,6.6,63.0,13.5,0.2,0.3,0.0
20160207170633,0.1,0.2,94.7,4.4,0.3,0.1,0.1,0.0
20160207170703,0.0,0.0,98.2,0.8,0.3,0.0,0.4,0.1
20160207170733,0.3,2.5,88.5,7.4,1.3,0.0,0.0,0.0
20160207170803,0.8,1.2,94.4,2.9,0.6,0.0,0.1,0.0
20160207170833,0.4,0.3,98.0,1.0,0.2,0.0,0.0,0.0
20160207170903,2.1,10.0,71.5,5.8,10.4,0.0,0.1,0.0
20160207170933,0.5,14.9,83.9,0.2,0.4,0.0,0.0,0.0
20160207171003,13.2,59.3,24.8,2.3,0.5,0.0,0.0,0.0
20160207171033,0.4,65.4,25.4,8.1,0.6,0.0,0.0,0.0
20160207171103,0.1,8.8,18.8,71.8,0.4,0.0,0.0,0.0
20160207171133,0.0,20.6,26.8,51.3,1.0,0.0,0.0,0.2
20160207171203,0.0,9.7,62.3,27.8,0.1,0.0,0.0,0.0
20160207171234,0.2,11.1,30.4,36.4,21.9,0.0,0.0,0.0
20160207171304,0.0,89.9,0.5,7.0,2.6,0.0,0.0,0.0
20160207171334,0.0,57.8,14.1,27.4,0.6,0.0,0.0,0.0
20160207171404,0.0,70.9,22.9,5.7,0.4,0.0,0.0,0.1
20160207171434,0.0,94.5,1.1,4.3,0.0,0.0,0.0,0.0
20160207171504,0.0,4.8,80.9,10.0,4.3,0.0,0.0,0.0
20160207171534,0.0,61.7,37.1,0.6,0.5,0.0,0.0,0.0
20160207171604,0.0,85.7,5.6,8.6,0.1,0.0,0.0,0.0
20160207171634,0.7,32.4,4.6,61.7,0.5,0.0,0.0,0.0
20160207171704,0.1,72.7,10.6,16.5,0.1,0.0,0.0,0.0
20160207171734,0.0,91.1,1.1,7.3,0.4,0.0,0.0,0.0
20160207171804,1.7,4.4,81.7,11.6,0.5,0.1,0.2,0.0
20160207171834,0.3,0.1,98.3,1.1,0.2,0.0,0.0,0.0
20160207171904,21.6,0.8,75.8,0.4,0.1,0.1,0.9,0.3
20160207171934,48.3,0.1,50.6,0.3,0.6,0.0,0.1,0.1
20160207172004,1.3,0.1,98.0,0.1,0.5,0.0,0.0,0.0
20160207172034,4.3,11.7,72.0,0.2,11.3,0.1,0.1,0.3
20160207172104,0.8,10.5,81.3,0.2,7.1,0.0,0.0,0.1
20160207172134,0.4,0.5,97.3,0.0,1.6,0.0,0.1,0.0
20160207172204,0.1,0.0,99.5,0.0,0.4,0.0,0.0,0.0
20160207172234,0.1,0.1,98.5,0.2,0.8,0.0,0.1,0.2
20160207172304,0.1,0.1,99.6,0.0,0.1,0.0,0.0,0.0
20160207172334,0.3,0.0,99.4,0.0,0.2,0.0,0.0,0.0
20160207172404,2.0,0.1,97.2,0.1,0.4,0.1,0.0,0.1
20160207172434,14.0,0.8,82.0,1.6,1.6,0.0,0.0,0.0
20160207172504,61.6,1.9,34.2,0.3,1.5,0.5,0.0,0.1
20160207172534,64.7,4.5,26.8,0.3,2.7,0.8,0.1,0.1
20160207172604,1.7,0.2,97.3,0.2,0.3,0.1,0.1,0.2
20160207172634,0.6,0.1,93.4,0.0,2.5,0.0,0.4,2.9
20160207172704,1.9,0.1,90.4,0.2,2.0,1.3,1.7,2.5
20160207172734,3.2,0.4,93.6,0.0,2.0,0.2,0.1,0.5
20160207172804,0.5,0.1,96.7,0.0,1.7,0.1,0.3,0.5
20160207172834,0.1,0.4,96.3,0.3,0.4,0.1,0.0,2.5
20160207172904,0.0,0.7,94.3,4.6,0.1,0.0,0.0,0.3
20160207172934,0.0,3.2,61.8,32.1,2.3,0.0,0.1,0.5
20160207173004,0.0,2.1,59.0,22.3,16.4,0.0,0.1,0.1
20160207173034,0.0,1.2,95.8,0.5,2.4,0.0,0.0,0.0
20160207173104,0.0,0.1,98.8,0.1,0.9,0.0,0.0,0.2
20160207173134,0.0,0.2,99.1,0.1,0.6,0.0,0.0,0.0
20160207173204,0.2,0.0,99.0,0.1,0.6,0.0,0.0,0.1
20160207173234,0.2,0.1,99.0,0.2,0.4,0.0,0.0,0.1
20160207173304,0.1,0.4,97.9,0.2,1.4,0.0,0.0,0.0
20160207173334,0.0,1.1,93.7,0.2,5.0,0.0,0.0,0.0
20160207173404,0.0,1.5,96.1,1.5,0.8,0.0,0.0,0.0
20160207173434,0.0,0.5,99.1,0.2,0.1,0.0,0.0,0.0
20160207173504,0.0,6.7,84.7,4.2,4.3,0.0,0.0,0.0
20160207173534,0.4,2.2,95.6,0.4,1.3,0.0,0.0,0.1
20160207173604,2.9,5.8,88.0,1.1,2.2,0.0,0.0,0.0
20160207173634,0.5,35.1,61.9,0.3,2.2,0.0,0.0,0.0
20160207173704,0.5,36.1,61.5,0.9,1.0,0.0,0.0,0.0
20160207173734,0.6,96.2,2.1,0.3,0.7,0.0,0.0,0.0
20160207173804,0.1,94.5,3.8,0.1,1.5,0.0,0.0,0.0
20160207173834,0.0,94.5,3.4,0.7,1.4,0.0,0.0,0.0
20160207173904,0.0,53.4,46.0,0.4,0.2,0.0,0.0,0.0
20160207173934,0.0,98.9,0.6,0.3,0.2,0.0,0.0,0.0
20160207174004,0.1,89.1,8.3,2.0,0.4,0.0,0.0,0.0
20160207174034,0.0,91.9,6.2,1.0,0.8,0.0,0.0,0.0
20160207174104,0.0,99.3,0.5,0.1,0.0,0.0,0.0,0.0
20160207174134,0.0,94.0,5.1,0.1,0.8,0.0,0.0,0.0
20160207174204,0.4,38.2,58.6,0.9,1.9,0.0,0.0,0.0
20160207174234,0.1,10.1,84.4,3.5,1.8,0.0,0.0,0.0
20160207174304,0.0,84.4,5.6,7.5,2.5,0.0,0.0,0.0
20160207174334,0.0,99.0,0.0,1.0,0.0,0.0,0.0,0.0
20160207174404,0.0,95.6,2.9,0.3,1.1,0.0,0.0,0.0
20160207174434,0.2,7.8,89.8,1.1,1.1,0.0,0.0,0.0
20160207174504,0.6,11.0,19.1,54.3,14.6,0.0,0.3,0.0
20160207174534,0.1,67.2,2.1,29.7,0.9,0.0,0.0,0.0
20160207174604,0.3,77.7,14.9,5.6,1.6,0.0,0.0,0.0
20160207174634,0.0,94.9,1.1,3.9,0.0,0.0,0.0,0.0
20160207174705,0.0,97.8,0.0,0.8,1.4,0.0,0.0,0.0
20160207174735,0.0,77.9,4.0,15.1,2.9,0.0,0.0,0.0
20160207174805,0.1,23.5,16.9,28.6,30.7,0.0,0.2,0.0
20160207174835,0.1,13.8,27.9,52.3,4.2,0.0,1.7,0.1
20160207174905,0.0,86.5,2.6,9.2,1.7,0.0,0.0,0.0
20160207174935,0.0,94.9,0.0,5.0,0.0,0.0,0.0,0.0
20160207175005,0.0,90.4,1.0,7.0,1.6,0.0,0.0,0.0
20160207175035,0.0,74.1,4.3,19.6,1.9,0.0,0.0,0.0
20160207175105,0.0,72.4,20.9,3.8,2.8,0.0,0.1,0.0
20160207175135,0.1,79.8,17.4,0.8,1.8,0.0,0.1,0.0
20160207175205,0.4,22.0,74.1,1.3,2.0,0.0,0.2,0.0
20160207175235,0.1,26.9,47.8,11.0,13.7,0.0,0.5,0.0
20160207175305,0.6,6.3,81.3,6.1,2.3,0.1,3.3,0.1
20160207175335,0.8,4.5,76.8,1.8,1.5,0.1,14.3,0.3
20160207175405,0.4,3.4,90.2,3.3,0.3,0.0,2.3,0.0
20160207175435,0.2,30.8,57.5,2.7,4.0,0.2,3.3,1.2
20160207175505,0.0,68.6,12.1,15.1,4.1,0.0,0.1,0.0
20160207175535,0.0,0.4,93.8,5.4,0.2,0.0,0.1,0.0
20160207175605,0.8,0.6,93.8,2.2,1.3,0.0,1.2,0.0
20160207175635,1.1,11.2,85.9,0.3,1.4,0.0,0.1,0.0
20160207175705,0.3,87.7,9.5,0.6,1.9,0.0,0.0,0.0
20160207175735,0.5,92.6,3.8,2.2,1.0,0.0,0.0,0.0
20160207175805,0.0,97.4,0.9,1.3,0.3,0.0,0.0,0.0
20160207175835,0.1,95.5,1.4,1.2,1.8,0.0,0.0,0.0
20160207175905,0.1,21.7,11.4,57.5,8.4,0.0,0.4,0.4
20160207175935,0.2,7.2,85.4,0.7,4.9,0.0,1.4,0.0
20160207180005,1.0,6.9,88.3,1.3,1.5,0.0,1.1,0.0
20160207180035,0.9,5.5,88.1,1.1,2.6,0.1,1.6,0.1
20160207180105,0.7,4.7,91.1,0.9,1.6,0.0,0.9,0.1
20160207180135,0.2,2.4,86.6,6.6,2.8,0.0,1.4,0.0
20160207180205,0.2,1.4,85.8,8.9,3.1,0.0,0.6,0.0
20160207180235,0.1,22.0,38.8,21.8,11.7,0.0,4.3,1.1
20160207180305,0.0,33.6,6.9,41.9,14.7,0.0,2.8,0.1
20160207180335,0.0,1.0,0.9,93.6,4.3,0.0,0.3,0.0
20160207180405,0.0,1.3,0.6,79.9,4.7,0.0,13.2,0.2
20160207180435,0.0,0.3,1.0,32.4,2.3,0.0,63.7,0.3
20160207180505,0.0,0.8,8.6,2.7,1.6,0.0,86.0,0.3
20160207180535,0.1,0.5,9.0,8.0,2.5,0.0,79.7,0.3
20160207180605,0.0,0.0,14.1,19.2,2.7,0.0,63.5,0.4
20160207180635,0.2,0.0,1.2,89.5,4.9,0.0,4.0,0.1
20160207180705,0.3,0.2,4.2,94.1,1.0,0.0,0.2,0.0
20160207180735,0.3,1.1,8.3,85.9,2.0,0.0,2.1,0.3
20160207180805,0.3,1.0,8.2,79.7,1.4,0.0,8.7,0.6
20160207180835,0.1,1.9,21.6,6.0,0.7,0.0,69.3,0.4
20160207180905,0.1,2.4,18.5,42.8,2.4,0.0,32.5,1.2
20160207180935,0.2,3.1,30.0,11.2,2.0,0.0,52.0,1.4
20160207181005,0.2,1.1,59.5,13.8,2.3,0.0,22.5,0.6
20160207181035,0.2,0.5,17.7,39.4,5.7,0.0,35.5,1.0
20160207181105,0.1,0.1,34.7,52.7,1.8,0.0,10.5,0.2
20160207181135,0.0,0.0,17.5,77.5,0.9,0.0,2.7,1.3
20160207181205,0.0,0.0,57.9,33.1,1.1,0.0,7.6,0.2
20160207181235,0.1,0.1,6.7,62.8,3.2,0.0,23.4,3.7
20160207181305,0.2,1.0,25.9,22.5,3.0,0.0,44.6,2.8
20160207181335,0.0,0.1,7.4,56.3,1.8,0.0,33.4,0.9
20160207181406,0.0,0.1,6.4,51.0,0.3,0.0,38.1,4.1
20160207181436,0.0,0.0,0.4,13.8,0.1,0.0,84.7,1.0
20160207181506,0.1,1.0,7.8,50.5,1.0,0.0,36.4,3.2
20160207181536,0.2,0.5,30.4,36.8,0.5,0.1,29.5,2.0
20160207181606,0.2,0.1,10.0,81.5,0.4,0.0,7.3,0.6
20160207181636,0.2,0.0,5.3,88.6,0.2,0.0,3.9,1.7
20160207181706,0.2,0.1,3.5,52.9,1.6,0.0,34.1,7.6
20160207181736,0.2,0.1,4.4,83.9,4.6,0.0,6.6,0.3
20160207181806,0.2,0.0,15.7,71.2,0.5,0.0,12.0,0.3
20160207181836,0.0,0.0,3.3,83.8,0.2,0.0,12.2,0.4
20160207181906,0.0,0.0,4.2,94.6,0.2,0.0,1.0,0.0
20160207181936,0.0,0.0,1.0,98.2,0.2,0.0,0.5,0.1
20160207182006,0.0,0.0,10.6,87.5,0.8,0.0,0.6,0.4
20160207182036,0.1,0.1,6.4,80.5,0.9,0.0,10.2,2.0
20160207182106,0.0,0.0,0.9,97.7,0.1,0.0,0.9,0.3
20160207182136,0.0,0.1,7.1,82.4,0.3,0.0,9.4,0.7
20160207182206,0.0,0.0,0.7,97.2,0.1,0.0,1.6,0.4
20160207182236,0.0,0.0,2.0,92.2,0.3,0.0,4.0,1.5
20160207182306,0.1,0.1,3.3,88.9,0.5,0.0,5.9,1.2
20160207182336,0.2,0.0,0.8,77.5,3.5,0.0,14.4,3.5
20160207182406,0.1,0.0,7.7,34.0,1.1,0.0,54.6,2.6
20160207182436,1.0,0.1,11.4,48.4,6.2,0.0,19.9,13.1
20160207182506,0.7,0.0,17.0,46.6,1.2,0.0,29.3,5.2
20160207182536,0.1,0.0,2.5,70.8,0.4,0.0,6.2,19.9
20160207182606,0.3,0.0,3.4,69.1,0.4,0.0,6.0,20.7
20160207182636,0.2,0.0,15.7,79.3,0.3,0.0,1.1,3.4
20160207182706,0.1,0.0,10.0,79.6,0.2,0.0,3.0,7.0
20160207182736,0.1,0.0,14.3,60.2,1.7,0.0,4.8,18.8
20160207182806,0.0,0.0,42.9,53.1,0.3,0.0,1.7,2.0
20160207182836,0.0,0.0,11.5,86.9,0.2,0.0,0.6,0.9
20160207182906,0.0,0.0,10.0,76.8,0.2,0.0,7.1,5.9
20160207182936,0.0,0.0,4.6,90.7,0.1,0.0,1.7,3.0
20160207183006,0.0,0.0,0.4,96.5,0.2,0.0,1.2,1.6
20160207183036,0.2,0.1,4.2,89.0,0.8,0.0,2.9,2.8
20160207183106,1.1,0.2,13.2,69.3,3.6,0.2,5.3,7.2
20160207183136,0.4,0.5,5.0,92.4,0.4,0.0,0.3,0.9
20160207183206,0.1,0.3,61.7,17.4,1.4,0.0,15.0,4.1
20160207183236,0.4,0.6,58.9,32.1,2.5,0.0,4.4,1.1
20160207183306,0.0,1.5,51.6,28.9,2.5,0.0,6.1,9.4
20160207183336,0.1,0.1,43.5,26.1,0.3,0.0,6.9,23.1
20160207183406,0.0,0.1,81.4,18.3,0.1,0.0,0.1,0.1
20160207183436,0.0,0.3,96.5,2.8,0.1,0.0,0.0,0.2
20160207183506,0.1,0.1,97.8,1.7,0.2,0.0,0.0,0.0
20160207183536,0.0,0.0,99.7,0.3,0.0,0.0,0.0,0.0
20160207183606,0.0,0.0,99.4,0.5,0.0,0.0,0.0,0.0
20160207183636,0.4,0.1,97.9,1.5,0.1,0.0,0.0,0.0
20160207183706,0.2,0.0,99.3,0.4,0.1,0.0,0.0,0.0
20160207183736,1.4,0.1,96.3,1.8,0.3,0.0,0.0,0.0
20160207183806,1.2,0.3,53.5,44.1,0.8,0.0,0.0,0.1
20160207183836,0.1,0.2,90.4,8.9,0.2,0.0,0.0,0.0
20160207183906,0.0,0.0,95.5,4.4,0.0,0.0,0.0,0.0
20160207183936,0.0,0.1,9.8,89.0,0.1,0.0,0.2,0.6
20160207184006,0.1,0.0,94.1,5.6,0.0,0.0,0.1,0.1
20160207184036,0.1,0.2,94.3,5.0,0.2,0.0,0.1,0.2
20160207184106,0.3,0.1,80.8,18.7,0.1,0.0,0.0,0.1
20160207184136,0.4,0.1,95.8,3.1,0.2,0.1,0.1,0.2
20160207184206,1.2,0.2,90.8,6.7,0.4,0.3,0.2,0.3
20160207184236,0.5,0.0,52.7,42.3,1.5,0.1,1.0,1.9
20160207184306,0.8,0.5,30.7,54.4,0.3,0.8,1.9,10.6
20160207184336,0.6,0.1,52.7,33.0,0.1,1.0,9.8,2.7
20160207184406,5.6,0.2,58.6,2.8,1.1,8.0,6.1,17.6
20160207184436,12.1,0.3,61.4,1.7,0.5,10.5,5.4,8.1
20160207184506,0.7,0.0,69.9,0.4,0.1,0.5,0.6,27.8
20160207184536,0.6,0.0,94.2,0.2,0.2,1.3,0.1,3.3
20160207184606,1.3,0.0,97.7,0.1,0.0,0.8,0.0,0.1
20160207184636,0.8,0.0,98.7,0.1,0.1,0.2,0.0,0.1
20160207184706,1.6,0.3,92.2,1.3,0.1,3.3,0.2,0.9
20160207184736,16.2,0.2,50.2,0.7,0.2,32.0,0.3,0.3
20160207184806,2.2,0.2,14.7,0.1,0.9,76.0,0.3,5.7
20160207184837,2.8,0.5,94.6,0.2,0.2,1.3,0.0,0.4
20160207184907,1.7,0.1,71.2,0.1,0.2,24.2,0.2,2.3
20160207184937,6.9,0.1,85.0,0.7,0.2,7.0,0.0,0.1
20160207185007,4.1,0.1,92.1,0.0,0.1,3.5,0.0,0.0
20160207185037,45.3,0.3,39.0,0.3,1.1,12.6,0.1,1.3
20160207185107,18.3,0.1,79.7,0.2,0.0,1.6,0.0,0.0
20160207185137,28.6,1.0,58.7,1.0,2.4,7.8,0.0,0.4
20160207185207,13.6,0.5,82.3,0.1,0.2,3.2,0.0,0.0
20160207185237,5.2,0.6,93.3,0.1,0.4,0.5,0.0,0.0
20160207185307,1.0,0.1,98.0,0.4,0.3,0.1,0.0,0.0
20160207185337,0.1,0.2,98.4,0.6,0.4,0.2,0.0,0.0
20160207185407,1.2,0.6,93.1,2.7,0.3,1.8,0.0,0.3
20160207185437,2.9,0.8,92.1,1.9,0.9,0.7,0.1,0.6
20160207185507,0.4,0.1,99.0,0.0,0.1,0.3,0.0,0.0
20160207185537,0.8,0.1,98.7,0.1,0.1,0.2,0.0,0.0
20160207185607,2.0,0.1,96.5,0.1,0.3,1.0,0.0,0.0
20160207185637,0.5,0.0,91.4,0.1,0.2,7.7,0.0,0.1
20160207185707,1.2,0.0,97.9,0.0,0.0,0.8,0.0,0.0
20160207185737,0.4,0.0,98.8,0.0,0.0,0.8,0.0,0.0
20160207185807,0.6,0.0,99.1,0.0,0.2,0.1,0.0,0.0
20160207185837,14.1,0.1,83.7,0.3,1.4,0.3,0.0,0.0
20160207185907,1.6,0.4,96.3,0.1,1.5,0.1,0.0,0.0
20160207185937,9.9,0.2,85.0,0.0,3.8,0.6,0.0,0.6
20160207190007,38.8,0.1,59.5,0.0,1.1,0.4,0.0,0.0
20160207190037,61.1,0.3,33.8,0.0,1.2,3.5,0.0,0.0
20160207190107,35.8,0.2,61.0,0.0,1.9,1.1,0.0,0.0
20160207190137,83.8,2.1,12.7,0.1,1.0,0.3,0.0,0.0
20160207190207,97.0,0.0,2.5,0.0,0.1,0.3,0.0,0.0
20160207190237,23.5,0.2,68.9,0.0,0.3,7.1,0.0,0.0
20160207190307,55.8,0.3,41.1,0.0,1.4,1.3,0.0,0.0
20160207190337,19.7,0.5,76.0,0.0,0.5,3.3,0.0,0.0
20160207190407,17.2,0.1,78.7,0.0,0.1,3.8,0.1,0.0
20160207190437,12.3,0.2,84.6,0.0,0.3,2.5,0.1,0.0
20160207190507,5.2,0.0,93.6,0.0,0.0,1.2,0.0,0.0
20160207190537,4.3,0.1,89.9,0.0,0.2,5.5,0.0,0.1
20160207190607,22.1,0.1,69.0,0.0,0.2,8.5,0.0,0.0
20160207190637,7.3,0.0,69.2,0.0,0.0,23.3,0.0,0.0
20160207190707,2.2,0.0,94.9,0.0,0.1,2.6,0.1,0.1
20160207190737,0.9,0.1,97.7,0.0,0.2,1.0,0.1,0.1
20160207190807,0.7,0.1,82.5,0.0,0.1,14.9,0.2,1.5
20160207190837,0.7,0.1,87.2,0.0,0.2,11.3,0.1,0.4
20160207190907,25.8,0.1,55.1,0.0,0.2,18.7,0.0,0.1
20160207190937,32.0,0.1,28.3,0.0,0.2,39.3,0.0,0.1
20160207191007,17.4,0.1,19.9,0.0,0.1,62.2,0.0,0.2
20160207191037,51.0,0.2,27.4,0.0,0.1,20.6,0.0,0.7
20160207191107,59.5,0.4,31.2,0.1,0.1,8.8,0.0,0.0
20160207191137,38.8,0.3,59.5,0.0,0.1,1.3,0.0,0.1
20160207191207,42.1,1.9,55.1,0.2,0.2,0.5,0.0,0.0
20160207191237,8.6,9.4,77.6,0.2,3.2,0.8,0.0,0.1
20160207191307,0.0,6.1,91.8,0.0,2.1,0.0,0.0,0.0
20160207191337,0.0,12.6,82.8,0.4,4.1,0.0,0.0,0.0
20160207191407,0.1,47.2,48.7,3.6,0.3,0.0,0.0,0.0
20160207191437,0.6,34.6,62.3,1.3,1.2,0.0,0.0,0.0
20160207191507,0.2,0.9,98.4,0.5,0.0,0.0,0.0,0.0
20160207191537,0.1,0.2,95.5,4.3,0.0,0.0,0.0,0.0
20160207191607,0.1,0.1,99.6,0.1,0.1,0.0,0.0,0.0
20160207191637,0.6,0.1,98.9,0.3,0.0,0.1,0.0,0.0
20160207191707,1.6,0.1,97.9,0.3,0.0,0.1,0.0,0.0
20160207191737,0.2,0.1,99.7,0.1,0.0,0.0,0.0,0.0
20160207191807,0.4,0.0,98.6,0.0,0.1,0.8,0.0,0.0
20160207191837,0.1,0.0,99.2,0.0,0.1,0.6,0.0,0.0
20160207191907,0.3,0.0,99.4,0.0,0.0,0.2,0.0,0.0
20160207191937,1.7,0.0,95.9,0.0,0.0,2.3,0.0,0.0
20160207192007,0.4,0.0,99.5,0.0,0.0,0.0,0.0,0.0
20160207192037,3.7,0.2,95.7,0.1,0.0,0.2,0.0,0.0
20160207192107,0.8,0.0,99.1,0.0,0.0,0.0,0.0,0.0
20160207192137,3.0,0.0,96.8,0.0,0.0,0.0,0.0,0.0
20160207192207,0.1,0.0,99.8,0.0,0.0,0.0,0.0,0.0
20160207192238,0.2,0.0,99.8,0.0,0.0,0.0,0.0,0.0
20160207192308,0.2,0.0,99.8,0.0,0.0,0.0,0.0,0.0
20160207192338,0.0,0.0,99.9,0.0,0.0,0.0,0.0,0.0
20160207192408,0.1,0.0,99.8,0.0,0.0,0.0,0.0,0.0
20160207192438,0.0,0.1,99.9,0.0,0.0,0.0,0.0,0.0
20160207192508,0.0,0.1,99.9,0.0,0.0,0.0,0.0,0.0
20160207192538,0.1,0.1,99.8,0.0,0.0,0.0,0.0,0.0
20160207192608,2.0,0.1,97.3,0.4,0.1,0.0,0.0,0.0
20160207192638,1.7,0.1,97.4,0.7,0.0,0.0,0.0,0.0
20160207192708,0.5,0.0,99.2,0.2,0.0,0.0,0.0,0.0
20160207192738,0.6,0.2,98.2,0.9,0.0,0.0,0.0,0.1
20160207192808,0.0,0.0,99.9,0.0,0.0,0.0,0.0,0.0
20160207192838,3.2,0.2,96.3,0.1,0.0,0.0,0.1,0.1
20160207192908,0.7,0.9,97.9,0.1,0.2,0.0,0.1,0.0
20160207192938,0.2,0.2,99.5,0.1,0.0,0.0,0.0,0.0
20160207193008,0.0,0.0,99.9,0.1,0.0,0.0,0.0,0.0
20160207193038,0.1,0.6,96.0,2.9,0.5,0.0,0.0,0.0
20160207193108,0.1,0.0,89.5,10.2,0.0,0.0,0.2,0.0
20160207193138,0.0,3.3,46.0,50.3,0.1,0.0,0.2,0.0
20160207193208,0.0,0.6,1.3,98.0,0.0,0.0,0.0,0.0
20160207193238,0.2,0.1,84.2,14.9,0.2,0.0,0.3,0.0
20160207193308,0.0,0.3,94.6,2.0,0.0,0.1,0.3,2.7
20160207193338,0.0,0.2,95.6,2.2,0.0,0.1,0.1,1.8
20160207193408,0.0,1.6,43.6,1.3,0.1,0.9,2.5,50.1
20160207193438,0.0,0.1,95.3,1.3,0.0,0.2,2.4,0.7
20160207193508,0.0,0.0,99.2,0.6,0.0,0.0,0.1,0.1
20160207193538,0.0,0.1,61.2,35.5,0.1,0.0,2.8,0.3
20160207193608,0.0,0.0,79.4,10.9,0.0,0.1,9.4,0.2
20160207193638,0.0,0.0,97.8,1.5,0.0,0.0,0.7,0.0
20160207193708,0.0,0.1,95.5,4.0,0.0,0.1,0.3,0.0
20160207193738,0.0,0.1,99.7,0.1,0.0,0.1,0.1,0.0
20160207193808,0.0,0.8,84.1,13.4,0.3,0.2,1.0,0.1
20160207193838,0.0,0.0,98.2,0.7,0.0,0.0,1.0,0.0
20160207193908,0.0,0.6,80.2,9.9,0.6,0.0,7.7,0.8
20160207193938,0.0,0.4,72.0,26.5,0.2,0.1,0.6,0.3
20160207194008,0.0,0.6,28.5,55.8,1.6,0.2,6.1,7.3
20160207194038,0.0,0.4,86.0,9.7,0.3,0.0,2.3,1.3
20160207194108,0.0,0.1,98.8,1.0,0.0,0.0,0.1,0.1
20160207194138,0.0,0.0,97.7,1.9,0.0,0.0,0.3,0.1
20160207194208,0.0,0.0,7.3,91.4,0.0,0.0,0.5,0.8
20160207194238,0.0,0.1,27.7,55.0,0.1,0.0,0.6,16.5
20160207194308,0.0,0.0,15.9,80.4,0.1,0.0,0.3,3.4
20160207194338,0.0,0.0,56.6,39.2,0.0,0.0,0.3,3.9
20160207194408,0.0,0.0,15.4,77.5,0.0,0.0,0.8,6.2
20160207194438,0.0,0.0,9.0,64.1,0.0,0.0,3.2,23.6
20160207194508,0.0,0.0,56.9,30.8,0.0,0.0,1.5,10.7
20160207194538,0.0,0.0,65.4,19.4,0.0,0.0,1.8,13.4
20160207194608,0.0,0.0,30.4,16.1,0.0,0.0,0.9,52.6
20160207194638,0.0,0.0,1.6,49.4,0.0,0.0,7.9,41.1
20160207194708,0.0,0.0,5.6,9.5,0.0,0.0,10.4,74.5
20160207194738,0.0,0.0,23.6,36.1,0.0,0.0,11.3,29.0
20160207194808,0.0,0.0,3.5,72.1,0.1,0.0,8.0,16.3
20160207194838,0.0,0.0,10.0,17.8,0.3,0.0,1.0,70.9
20160207194908,0.0,0.0,3.2,16.4,0.1,0.0,10.6,69.7
20160207194939,0.0,0.0,0.4,45.8,0.0,0.0,0.9,52.9
20160207195009,0.0,0.0,0.3,89.4,0.0,0.0,0.4,9.9
20160207195039,0.0,0.0,0.0,96.8,0.0,0.0,1.0,2.1
20160207195109,0.0,0.0,0.1,75.0,0.1,0.0,6.3,18.4
20160207195139,0.0,0.0,0.2,39.7,0.1,0.0,52.9,7.1
20160207195209,0.0,0.0,0.1,77.5,0.1,0.0,1.2,21.1
20160207195239,0.0,0.0,0.1,70.0,0.1,0.0,8.1,21.7
20160207195309,0.0,0.0,0.0,32.6,0.2,0.0,49.1,18.0
20160207195339,0.0,0.0,0.0,57.0,0.0,0.0,10.7,32.3
20160207195409,0.0,0.0,0.1,99.1,0.0,0.0,0.6,0.2
20160207195439,0.0,0.0,0.4,70.1,0.1,0.0,5.0,24.3
20160207195509,0.0,0.1,1.0,94.3,0.1,0.0,3.2,1.4
20160207195539,0.0,0.0,0.1,96.6,0.0,0.0,2.6,0.7
20160207195609,0.0,0.0,0.0,48.4,0.1,0.0,49.8,1.7
20160207195639,0.0,0.0,0.0,45.5,0.0,0.0,46.7,7.7
20160207195709,0.0,0.0,0.0,6.5,0.0,0.0,29.8,63.6
20160207195739,0.0,0.0,0.0,15.1,0.0,0.0,48.0,36.9
20160207195809,0.0,0.0,0.0,5.6,0.0,0.0,74.5,19.9
20160207195839,0.0,0.0,0.0,3.5,0.0,0.0,34.1,62.4
20160207195909,0.0,0.0,0.0,13.8,0.0,0.0,79.3,6.9
20160207195939,0.0,0.0,0.0,6.8,0.0,0.0,61.3,31.8
20160207200009,0.0,0.0,0.0,26.3,0.1,0.0,61.8,11.8
20160207200039,0.0,0.0,0.0,49.5,0.1,0.0,35.2,15.2
20160207200109,0.0,0.0,0.0,92.5,0.1,0.0,7.0,0.4
20160207200139,0.0,0.0,0.1,38.8,0.1,0.0,38.7,22.3
20160207200209,0.0,0.1,0.2,34.9,0.1,0.0,46.6,18.1
20160207200239,0.0,0.0,0.0,97.4,0.0,0.0,2.1,0.4
20160207200309,0.0,0.0,0.0,89.2,0.0,0.0,8.8,1.9
20160207200339,0.0,0.0,0.2,85.6,0.1,0.0,8.6,5.5
20160207200409,0.0,0.0,2.9,76.7,0.1,0.0,16.6,3.7
20160207200439,0.0,0.1,7.1,24.7,0.2,0.0,59.0,9.0
20160207200509,0.0,0.1,1.8,68.3,0.2,0.0,27.7,1.8
20160207200539,0.0,0.2,2.5,66.4,0.1,0.0,27.0,3.8
20160207200609,0.0,0.1,1.7,4.7,0.0,0.0,86.7,6.8
20160207200639,0.0,0.0,0.2,8.2,0.0,0.0,90.9,0.6
20160207200709,0.0,0.0,0.6,3.3,0.0,0.0,95.2,0.8
20160207200739,0.0,0.0,0.1,8.9,0.0,0.0,87.5,3.4
20160207200809,0.0,0.1,0.7,14.0,0.0,0.0,84.1,1.1
20160207200839,0.0,0.0,0.1,0.2,0.0,0.0,9.0,90.7
20160207200909,0.0,0.0,0.1,0.8,0.0,0.0,35.6,63.5
20160207200939,0.0,0.0,0.5,0.6,0.0,0.0,15.1,83.7
20160207201009,0.0,0.0,0.0,1.6,0.0,0.0,52.6,45.7
20160207201039,0.0,0.0,0.0,13.9,0.0,0.0,63.8,22.3
20160207201109,0.0,0.1,0.1,27.3,0.0,0.0,55.6,17.0
20160207201139,0.0,0.0,0.2,16.2,0.1,0.0,71.1,12.3
20160207201209,0.0,0.1,1.5,32.5,0.1,0.0,48.9,16.9
20160207201239,0.0,0.5,0.6,15.2,0.2,0.0,9.1,74.5
20160207201309,0.1,1.4,2.1,33.7,0.2,0.0,50.7,11.9
20160207201339,0.0,0.3,0.3,7.3,0.0,0.0,8.3,83.8
20160207201409,0.0,0.0,0.1,4.5,0.0,0.0,3.9,91.5
20160207201439,0.0,0.1,0.3,4.7,0.1,0.0,76.0,18.8
20160207201509,0.0,0.2,1.8,18.8,0.3,0.0,57.1,21.6
20160207201539,0.0,0.1,0.6,65.0,0.2,0.0,7.3,26.6
20160207201609,0.1,0.9,7.8,63.1,0.8,0.0,22.7,4.6
20160207201639,0.1,2.0,50.1,40.2,1.0,0.0,1.0,5.6
20160207201709,0.0,7.7,69.1,21.8,0.2,0.0,0.3,0.9
20160207201739,0.0,9.5,13.3,70.7,1.7,0.0,0.6,4.3
20160207201809,0.0,17.4,15.7,60.4,2.8,0.0,0.4,3.3
20160207201839,0.2,9.2,40.9,48.9,0.4,0.0,0.1,0.3
20160207201909,0.0,25.3,28.6,41.5,1.4,0.0,1.2,2.0
20160207201939,0.0,2.2,1.4,96.1,0.1,0.0,0.2,0.0
20160207202009,0.0,7.4,3.3,83.1,0.3,0.0,4.2,1.6
20160207202039,0.0,22.8,3.7,62.2,1.2,0.0,1.2,8.9
20160207202109,0.1,17.1,2.1,78.3,0.5,0.0,0.9,1.0
20160207202139,0.3,58.9,30.1,9.8,0.8,0.0,0.1,0.1
20160207202209,0.3,43.6,16.9,37.8,0.7,0.0,0.5,0.3
20160207202239,0.4,22.1,43.9,29.6,2.8,0.0,0.6,0.5
20160207202309,0.0,4.3,92.1,1.8,0.8,0.0,0.5,0.4
20160207202339,0.7,25.4,51.0,19.7,1.9,0.0,1.2,0.1
20160207202410,0.8,9.6,60.0,10.8,3.6,0.0,13.6,1.6
20160207202440,1.3,44.6,9.6,43.6,0.5,0.0,0.4,0.1
20160207202510,2.6,32.4,12.5,50.1,0.7,0.0,1.5,0.3
20160207202540,1.4,12.3,1.2,80.7,0.5,0.0,0.7,3.2
20160207202610,0.2,35.8,0.6,63.0,0.1,0.0,0.2,0.1
20160207202640,0.9,33.4,14.0,26.3,1.2,0.0,1.3,22.8
20160207202710,1.0,1.8,28.4,59.6,0.3,0.0,1.0,7.9
20160207202740,0.2,3.0,19.7,71.1,0.0,0.0,1.5,4.4
20160207202810,0.9,9.2,34.7,47.2,0.3,0.0,6.2,1.5
20160207202840,1.0,1.2,52.7,26.3,1.0,0.0,1.4,16.3
20160207202910,0.3,2.2,70.6,17.5,1.6,0.1,3.7,4.1
20160207202940,0.1,8.8,83.8,5.0,0.7,0.0,0.9,0.7
20160207203010,0.2,5.7,77.2,14.4,0.7,0.0,0.8,1.0
20160207203040,0.2,31.2,53.0,11.4,0.9,0.0,2.8,0.4
20160207203110,0.1,10.2,39.8,40.5,2.8,0.0,4.1,2.4
20160207203140,1.0,42.0,14.3,40.2,1.1,0.0,1.2,0.2
20160207203210,0.2,24.4,65.6,9.0,0.3,0.0,0.3,0.1
20160207203240,1.0,3.8,83.4,8.3,2.8,0.0,0.3,0.4
20160207203310,0.3,6.1,90.7,2.5,0.3,0.0,0.0,0.1
20160207203340,0.1,24.8,62.2,12.3,0.1,0.0,0.1,0.3
20160207203410,1.8,22.7,71.8,3.0,0.2,0.0,0.1,0.4
20160207203440,2.1,5.1,90.6,1.7,0.1,0.0,0.3,0.1
20160207203510,0.3,4.8,93.6,1.2,0.0,0.0,0.0,0.1
20160207203540,1.1,2.7,88.2,7.0,0.6,0.0,0.3,0.2
20160207203610,1.1,2.6,94.3,1.4,0.6,0.0,0.0,0.0
20160207203640,0.6,2.6,96.1,0.4,0.2,0.0,0.0,0.0
20160207203710,0.2,1.5,95.5,0.1,0.4,0.1,0.0,2.2
20160207203740,0.9,1.1,97.4,0.2,0.0,0.0,0.0,0.2
20160207203810,0.6,0.3,98.9,0.1,0.0,0.0,0.0,0.0
20160207203840,4.6,2.8,92.3,0.0,0.1,0.1,0.0,0.1
20160207203910,13.7,3.9,81.3,0.0,0.7,0.1,0.1,0.1
20160207203940,3.3,1.8,94.2,0.4,0.2,0.0,0.0,0.0
20160207204010,4.0,1.3,91.8,1.1,0.5,0.0,0.0,1.3
20160207204040,1.1,1.5,94.8,2.5,0.1,0.0,0.0,0.0
20160207204110,2.2,1.5,92.9,2.0,0.7,0.0,0.0,0.7
20160207204140,0.8,0.5,98.2,0.1,0.2,0.0,0.0,0.1
20160207204210,7.0,7.4,80.2,3.7,1.0,0.1,0.0,0.6
20160207204240,2.4,1.9,94.7,0.6,0.3,0.0,0.0,0.0
20160207204310,91.9,1.0,4.5,2.3,0.2,0.0,0.0,0.0
20160207204340,81.2,3.4,13.9,1.0,0.4,0.0,0.0,0.0
20160207204410,97.0,0.9,0.4,1.5,0.2,0.0,0.0,0.0
20160207204440,95.6,1.2,0.9,2.1,0.1,0.0,0.0,0.0
20160207204510,69.2,11.1,4.7,11.3,3.6,0.0,0.0,0.0
20160207204540,43.9,14.1,4.1,34.5,3.4,0.0,0.0,0.0
20160207204610,2.6,3.2,3.9,88.5,1.5,0.0,0.1,0.1
20160207204640,0.6,2.7,3.9,92.0,0.6,0.0,0.0,0.1
20160207204710,9.7,9.2,29.1,45.6,3.0,0.5,0.4,2.5
20160207204740,45.3,12.3,16.4,23.0,1.4,0.1,0.2,1.4
20160207204810,20.8,9.6,6.7,61.1,1.0,0.0,0.0,0.8
20160207204840,5.2,6.8,14.9,40.3,4.0,0.8,2.2,25.8
20160207204910,0.7,1.1,3.4,62.3,1.2,0.1,1.3,29.9
20160207204940,1.9,1.6,10.0,73.1,3.4,0.1,2.8,7.0
20160207205010,0.2,0.3,57.7,35.5,4.5,0.0,0.8,1.0
20160207205040,0.4,0.5,41.3,43.7,13.0,0.0,0.4,0.6
20160207205110,0.8,0.4,33.6,54.9,10.3,0.0,0.0,0.0
20160207205140,0.9,35.4,0.0,55.3,8.4,0.0,0.0,0.0
20160207205210,0.5,13.4,2.8,67.8,15.5,0.0,0.0,0.0
20160207205240,1.6,0.1,27.9,69.0,1.3,0.0,0.1,0.0
20160207205310,0.1,9.3,0.9,58.1,31.5,0.0,0.0,0.0
20160207205340,0.0,1.4,1.0,90.1,7.4,0.0,0.0,0.0
20160207205410,0.0,0.2,0.3,91.6,7.7,0.0,0.2,0.0
20160207205440,1.0,0.8,0.5,78.1,17.4,0.0,1.3,0.9
20160207205510,0.8,0.2,0.1,43.3,13.6,0.1,9.0,33.1
20160207205540,0.5,0.4,0.2,33.8,2.7,0.0,4.6,57.7
20160207205610,0.3,0.3,0.1,83.8,1.5,0.0,0.7,13.3
20160207205640,0.3,0.2,0.3,67.6,1.7,0.0,15.8,14.0
20160207205710,3.4,0.3,3.2,33.5,10.7,0.1,8.5,40.2
20160207205740,0.9,0.1,3.1,61.4,6.4,0.0,15.7,12.4
20160207205811,0.5,0.1,1.5,42.9,24.0,0.0,8.0,23.1
20160207205841,0.1,0.0,0.5,49.0,7.8,0.0,29.2,13.4
20160207205911,0.1,0.1,1.2,46.7,3.9,0.0,35.0,13.0
20160207205941,0.0,0.0,0.6,44.0,2.5,0.0,35.2,17.7
20160207210011,0.1,0.0,0.2,37.4,0.1,0.0,52.3,9.9
20160207210041,0.0,0.0,0.0,32.5,0.6,0.0,25.6,41.3
20160207210111,0.1,0.0,0.7,7.8,1.0,0.0,37.5,52.8
20160207210141,0.0,0.0,0.1,24.5,5.5,0.0,41.2,28.5
20160207210211,0.0,0.0,0.0,11.3,2.2,0.0,24.4,62.0
20160207210241,0.0,0.0,0.1,13.7,3.3,0.0,12.9,69.9
20160207210311,0.1,0.0,0.2,65.4,3.5,0.0,21.6,9.2
20160207210341,0.0,0.0,1.1,85.3,5.1,0.0,1.4,7.1
20160207210411,0.2,0.1,4.1,29.4,4.1,0.0,31.5,30.6
20160207210441,0.2,0.1,1.0,10.2,2.7,0.0,50.7,35.1
20160207210511,0.6,0.0,2.3,8.2,4.6,0.0,24.0,60.3
20160207210541,1.1,0.0,6.2,35.9,8.2,0.2,14.3,34.2
20160207210611,0.5,0.0,0.5,5.4,2.6,0.4,38.3,52.1
20160207210641,0.0,0.0,0.0,0.4,1.2,0.0,15.0,83.3
20160207210711,0.0,0.0,0.1,2.5,0.6,0.0,24.0,72.7
20160207210741,0.1,0.0,0.1,0.7,0.4,0.0,68.9,29.9
20160207210811,0.1,0.0,0.4,1.1,1.2,0.1,61.4,35.7
20160207210841,0.1,0.0,0.1,1.3,0.2,0.0,46.8,51.4
20160207210911,0.1,0.0,0.2,0.7,0.2,0.0,53.6,45.2
20160207210941,0.0,0.0,0.0,0.4,0.0,0.0,51.0,48.5
20160207211011,0.0,0.0,0.0,0.3,0.0,0.0,64.6,35.0
20160207211041,0.6,0.1,6.7,2.4,0.2,0.1,43.6,46.3
20160207211111,0.0,0.0,0.4,0.1,0.1,0.0,50.2,49.3
20160207211141,0.1,0.0,0.6,0.3,0.6,0.0,37.0,61.4
20160207211211,0.3,0.0,0.2,2.6,1.2,0.0,44.4,51.2
20160207211241,0.1,0.0,0.5,7.4,1.8,0.0,35.1,55.2
20160207211311,0.0,0.0,1.0,2.4,2.4,0.0,17.5,76.5
20160207211341,0.4,0.0,18.4,62.1,1.1,0.0,15.7,2.2
20160207211411,0.1,0.1,30.0,23.8,3.6,0.0,24.0,18.4
20160207211441,0.1,0.0,45.1,25.5,2.9,0.0,4.7,21.7
20160207211511,0.2,0.0,51.9,14.9,0.8,0.0,13.7,18.4
20160207211541,0.2,0.0,33.7,7.0,7.8,0.1,23.0,28.1
20160207211611,0.0,0.0,15.3,32.3,2.7,0.0,32.9,16.8
20160207211641,0.0,0.1,22.9,0.4,0.7,0.1,33.0,42.8
20160207211711,0.3,0.0,63.7,3.5,1.4,0.1,14.5,16.5
20160207211741,0.3,0.0,4.9,3.1,5.2,0.2,66.8,19.4
20160207211811,0.2,0.0,14.6,4.3,3.4,0.1,55.1,22.2
20160207211841,0.4,0.1,8.8,4.4,2.1,0.2,79.2,4.8
20160207211911,0.2,0.0,6.4,1.9,0.9,0.1,88.8,1.6
20160207211941,0.6,0.1,37.9,14.9,1.2,0.2,40.8,4.3
20160207212011,0.1,0.1,2.1,5.0,5.9,0.1,48.9,37.8
20160207212041,0.0,0.0,1.0,39.2,2.8,0.0,25.1,31.8
20160207212111,0.1,0.0,2.8,40.9,2.4,0.0,26.2,27.5
20160207212141,0.1,0.0,0.9,13.1,2.1,0.3,19.4,64.1
20160207212211,0.4,0.1,4.5,16.3,8.3,0.9,59.2,10.3
20160207212241,0.3,0.1,0.8,7.2,9.3,1.3,49.6,31.5
20160207212311,0.3,0.1,3.0,3.8,4.2,1.3,63.6,23.8
20160207212341,0.9,0.1,1.8,7.0,9.0,1.6,56.4,23.3
20160207212411,0.3,0.1,0.7,2.2,6.1,0.5,74.7,15.4
20160207212441,0.4,0.0,0.9,1.2,2.8,1.3,86.4,7.0
20160207212511,0.3,0.0,1.4,0.7,1.5,0.2,86.3,9.7
20160207212541,0.3,0.0,0.1,0.7,1.6,0.2,89.0,8.1
20160207212611,0.4,0.0,0.2,0.1,1.0,0.2,87.8,10.2
20160207212642,11.0,0.1,9.9,2.9,19.2,0.3,51.3,5.5
20160207212712,11.9,0.2,8.1,40.2,25.7,0.1,8.0,5.9
20160207212742,9.0,0.1,0.9,4.1,7.6,0.3,69.7,8.4
20160207212812,1.7,0.0,0.9,0.0,2.0,0.1,88.3,6.8
20160207212842,2.4,0.0,0.5,0.1,1.3,0.2,89.5,5.9
20160207212912,1.1,0.0,2.4,0.6,1.8,0.2,84.1,9.7
20160207212942,1.9,0.0,6.7,1.0,1.1,0.2,74.8,14.3
20160207213012,0.2,0.0,2.6,0.2,0.3,0.0,89.6,7.1
20160207213042,1.4,0.2,4.8,0.6,7.3,0.1,65.8,19.9
20160207213112,4.3,0.8,17.3,1.3,2.4,0.5,43.0,30.4
20160207213142,3.8,0.1,3.6,6.3,1.3,0.2,55.1,29.7
20160207213212,1.9,0.2,0.7,44.8,3.6,0.0,18.3,30.5
20160207213242,6.5,0.3,11.9,9.1,18.4,0.4,31.2,22.3
20160207213312,1.4,0.8,7.5,33.7,35.7,0.1,13.6,7.2
20160207213342,4.6,0.5,8.8,74.3,8.0,0.0,3.0,0.7
20160207213412,1.6,0.1,2.3,43.5,7.1,0.0,30.5,14.7
20160207213442,1.3,0.0,0.7,1.3,1.4,0.2,78.0,17.0
20160207213512,0.2,0.0,0.4,0.3,0.4,0.0,86.1,12.6
20160207213542,1.1,0.0,1.0,1.7,0.3,0.0,90.6,5.3
20160207213612,0.3,0.0,0.4,1.1,0.7,0.0,69.3,28.2
20160207213642,0.2,0.0,0.3,1.6,0.4,0.0,89.6,7.8
20160207213712,0.3,0.0,0.3,4.9,1.6,0.1,72.2,20.5
20160207213742,0.8,0.0,0.9,10.0,0.7,0.1,73.7,13.7
20160207213812,0.1,0.0,3.6,1.7,0.2,0.0,72.7,21.6
20160207213842,0.0,0.0,0.1,0.4,0.3,0.0,67.0,32.2
20160207213912,0.0,0.0,0.1,1.8,0.6,0.0,70.3,27.0
20160207213942,0.2,0.0,1.1,46.6,2.9,0.0,31.3,17.9
20160207214012,0.5,0.0,0.4,52.8,1.7,0.1,25.1,19.4
20160207214042,0.2,0.0,1.4,77.5,3.4,0.0,10.7,6.9
20160207214112,0.2,0.1,2.8,84.9,2.5,0.0,4.3,5.3
20160207214142,0.3,0.0,2.7,55.9,9.6,0.1,11.4,20.0
20160207214212,1.1,0.1,11.5,32.5,3.3,0.1,15.8,35.5
20160207214242,1.5,0.0,48.9,21.4,1.6,0.1,14.2,12.2
20160207214312,0.2,0.0,7.3,3.2,0.9,0.0,12.5,75.8
20160207214342,0.1,0.0,4.5,1.4,0.2,0.0,18.5,75.2
20160207214412,0.1,0.0,3.1,3.0,0.2,0.0,5.7,87.9
20160207214442,0.1,0.0,30.6,1.1,0.1,0.1,4.6,63.5
20160207214512,0.0,0.0,6.1,5.5,1.6,0.3,17.8,68.7
20160207214542,0.2,0.0,23.5,0.3,0.6,0.3,13.1,62.0
20160207214612,0.2,0.0,43.6,0.2,0.2,0.9,11.7,43.2
20160207214642,0.0,0.0,17.9,1.0,0.2,2.6,43.1,35.2
20160207214712,1.6,0.0,36.3,21.5,4.4,5.2,12.9,18.3
20160207214742,0.3,0.0,32.2,14.1,2.7,1.0,17.0,32.7
20160207214812,0.0,0.0,2.3,5.1,0.3,0.2,21.7,70.4
20160207214842,0.1,0.0,11.4,22.7,1.6,0.4,10.1,53.7
20160207214912,0.0,0.0,23.4,28.2,0.8,0.2,11.7,35.7
20160207214942,0.0,0.0,33.3,8.9,0.6,0.0,8.9,48.2
20160207215012,0.0,0.4,46.3,50.0,2.9,0.0,0.1,0.3
20160207215042,0.0,0.1,42.0,42.1,14.4,0.0,0.6,0.8
20160207215112,0.0,0.1,44.6,53.8,1.4,0.0,0.1,0.0
20160207215142,0.0,0.0,2.8,91.4,5.6,0.0,0.2,0.0
20160207215212,0.0,0.1,1.9,97.1,0.9,0.0,0.0,0.0
20160207215242,0.0,0.0,10.5,89.3,0.2,0.0,0.0,0.0
20160207215312,0.0,0.0,4.2,90.2,5.5,0.0,0.0,0.0
20160207215342,0.0,0.0,0.0,99.9,0.1,0.0,0.0,0.0
20160207215412,0.0,0.0,0.1,99.8,0.1,0.0,0.0,0.0
20160207215442,0.0,0.0,0.0,99.8,0.1,0.0,0.0,0.0
20160207215512,0.0,0.0,0.0,99.5,0.3,0.0,0.0,0.1
20160207215542,0.0,0.1,0.1,98.7,0.6,0.0,0.0,0.5
20160207215612,0.1,0.2,0.5,93.2,5.0,0.0,0.0,0.9
20160207215642,0.0,0.1,0.1,98.0,1.7,0.0,0.0,0.0
20160207215712,0.0,0.2,0.0,99.3,0.4,0.0,0.0,0.0
20160207215742,0.0,0.1,0.0,99.9,0.0,0.0,0.0,0.0
20160207215812,0.0,0.4,0.0,99.1,0.4,0.0,0.0,0.0
20160207215842,0.1,0.4,0.0,99.0,0.5,0.0,0.0,0.0
20160207215912,0.0,0.3,0.0,98.9,0.8,0.0,0.0,0.0
20160207215943,0.1,0.0,0.1,98.0,1.7,0.0,0.0,0.0
20160207220013,2.1,0.1,7.8,75.8,4.2,0.1,2.3,7.6
