UT,arc,discrete,diffuse,ac,ab,clear,cloudy,dd
20160219155300,0.0,0.0,0.0,0.0,0.0,0.0,0.0,100.0
20160219155330,0.0,0.0,0.0,0.0,0.0,0.0,0.0,100.0
20160219155400,0.0,0.0,0.0,0.0,0.0,0.0,0.0,100.0
20160219155430,0.0,0.0,0.0,0.0,0.0,0.0,0.0,100.0
20160219155500,0.0,0.0,0.0,0.0,0.0,0.0,0.0,100.0
20160219155530,0.0,0.0,0.0,0.0,0.0,0.0,0.0,100.0
20160219155600,0.0,0.0,0.0,0.0,0.0,0.0,0.0,100.0
20160219155630,0.0,0.0,0.0,0.0,0.0,0.0,0.0,100.0
20160219155700,0.0,0.0,0.0,0.0,0.0,0.0,0.0,100.0
20160219155730,0.0,0.0,0.0,0.0,0.0,0.0,0.0,100.0
20160219155800,0.0,0.0,0.0,0.0,0.0,0.0,0.0,100.0
20160219155830,0.0,0.0,0.0,0.0,0.0,0.0,0.0,100.0
20160219155900,0.0,0.0,0.0,0.0,0.0,0.0,0.0,100.0
20160219155930,0.0,0.0,0.0,0.0,0.0,0.0,0.0,100.0
20160219160000,0.0,0.0,0.0,0.0,0.0,0.0,0.0,100.0
20160219160030,0.0,0.0,0.0,0.0,0.0,0.0,0.0,100.0
20160219160100,0.0,0.0,0.0,0.0,0.0,0.0,0.0,100.0
20160219160130,0.0,0.0,0.0,0.0,0.0,0.0,0.0,100.0
20160219160200,0.0,0.0,0.0,0.0,0.0,0.0,0.0,100.0
20160219160230,0.0,0.0,0.0,0.0,0.0,0.0,0.0,100.0
20160219160300,0.0,0.0,0.0,0.0,0.0,0.0,0.0,100.0
20160219160330,0.0,0.0,0.0,0.0,0.0,0.0,0.0,100.0
20160219160400,0.0,0.0,0.0,0.0,0.0,0.0,0.0,100.0
20160219160430,0.0,0.0,0.0,0.0,0.0,0.0,0.0,100.0
20160219160500,0.0,0.0,0.0,0.0,0.0,0.0,0.0,100.0
20160219160530,0.0,0.0,0.0,0.0,0.0,0.0,0.0,100.0
20160219160600,0.0,0.0,0.0,0.0,0.0,0.0,0.0,100.0
20160219160630,0.0,0.0,0.0,0.0,0.0,0.0,0.0,100.0
20160219160700,0.0,0.0,0.0,0.0,0.0,0.0,0.0,100.0
20160219160730,0.0,0.0,0.0,0.0,0.0,0.0,0.0,100.0
20160219160800,0.0,0.0,0.0,0.0,0.0,0.0,0.0,100.0
20160219160830,0.0,0.0,0.0,0.0,0.0,0.0,0.0,100.0
20160219160900,0.0,0.0,0.0,0.0,0.0,0.0,0.0,100.0
20160219160930,0.0,0.0,0.0,0.0,0.0,0.0,0.0,100.0
20160219161000,0.0,0.0,0.0,0.0,0.0,0.0,0.0,100.0
20160219161030,0.0,0.0,0.0,0.0,0.0,0.0,0.0,100.0
20160219161100,0.0,0.0,0.0,0.0,0.0,0.0,0.0,100.0
20160219161130,0.0,0.0,0.0,0.0,0.0,0.0,0.0,100.0
20160219161201,0.0,0.0,0.0,0.0,0.0,0.0,0.0,100.0
20160219161231,0.0,0.0,0.0,0.0,0.0,0.0,0.0,100.0
20160219161301,0.0,0.0,0.0,0.0,0.0,0.0,0.0,100.0
20160219161331,0.0,0.0,0.0,0.0,0.0,0.0,0.0,100.0
20160219161401,0.0,0.0,0.0,0.0,0.0,0.0,0.0,100.0
20160219161431,0.0,0.0,0.0,0.0,0.0,0.0,0.0,100.0
20160219161501,0.0,0.0,0.0,0.0,0.0,0.0,0.0,100.0
20160219161531,0.0,0.0,0.0,0.0,0.0,0.0,0.0,100.0
20160219161601,0.0,0.0,0.0,0.0,0.0,0.0,0.0,100.0
20160219161631,0.0,0.0,0.0,0.0,0.0,0.0,0.0,100.0
20160219161701,0.0,0.0,0.0,0.0,0.0,0.0,0.0,100.0
20160219161731,0.0,0.0,0.0,0.0,0.0,0.0,0.0,100.0
20160219161801,0.0,0.0,0.0,0.0,0.0,0.0,0.0,100.0
20160219161831,0.0,0.0,0.0,0.0,0.0,0.0,0.0,100.0
20160219161901,0.0,0.0,0.0,0.0,0.0,0.0,0.0,100.0
20160219161931,0.0,0.0,0.0,0.0,0.0,0.0,0.0,100.0
20160219162001,0.0,0.0,0.0,0.0,0.0,0.0,0.0,100.0
20160219162031,0.0,0.0,0.0,0.0,0.0,0.0,0.0,100.0
20160219162101,0.0,0.0,0.0,0.0,0.0,0.0,0.0,100.0
20160219162131,0.0,0.0,0.0,0.0,0.0,0.0,0.0,100.0
20160219162201,0.0,0.0,0.0,0.0,0.0,0.0,0.0,100.0
20160219162231,0.0,0.0,0.0,0.0,0.0,0.0,0.0,100.0
20160219162301,0.0,0.0,0.0,0.0,0.0,0.0,0.0,100.0
20160219162331,0.0,0.0,0.0,0.0,0.0,0.0,0.0,100.0
20160219162401,0.0,0.0,0.0,0.0,0.0,0.0,0.0,100.0
20160219162431,0.0,0.0,0.0,0.0,0.0,0.0,0.0,100.0
20160219162501,0.0,0.0,0.0,0.0,0.0,0.0,0.0,100.0
20160219162531,0.0,0.0,0.0,0.0,0.0,0.0,0.0,100.0
20160219162601,0.0,0.0,0.0,0.0,0.0,0.0,0.0,100.0
20160219162631,0.0,0.0,0.0,0.0,0.0,0.0,0.0,100.0
20160219162701,0.0,0.0,0.0,0.0,0.0,0.0,0.0,100.0
20160219162731,0.0,0.0,0.0,0.0,0.0,0.0,0.0,100.0
20160219162801,0.0,0.0,0.0,0.0,0.0,0.0,0.0,100.0
20160219162831,0.0,0.0,0.0,0.0,0.0,0.0,0.0,100.0
20160219162901,0.0,0.0,0.0,0.0,0.0,0.0,0.0,100.0
20160219162931,0.0,0.0,0.0,0.0,0.0,0.0,0.0,100.0
20160219163001,0.0,0.0,0.0,0.0,0.0,0.0,0.0,100.0
20160219163031,0.0,0.0,0.0,0.0,0.0,0.0,0.0,100.0
20160219163101,0.0,0.0,0.0,0.0,0.0,0.0,0.0,100.0
20160219163131,0.0,0.0,0.0,0.0,0.0,0.0,0.0,100.0
20160219163201,0.0,0.0,0.0,0.0,0.0,0.0,0.0,100.0
20160219163231,0.0,0.0,0.0,0.0,0.0,0.0,0.0,100.0
20160219163301,0.0,0.0,0.0,0.0,0.0,0.0,0.0,100.0
20160219163331,0.0,0.0,0.0,0.0,0.0,0.0,0.0,100.0
20160219163401,0.0,0.0,0.0,0.0,0.0,0.0,0.0,100.0
20160219163431,0.0,0.0,0.0,0.0,0.0,0.0,0.0,100.0
20160219163501,0.0,0.0,0.0,0.0,0.0,0.0,0.0,100.0
20160219163531,0.0,0.0,0.0,0.0,0.0,0.0,0.0,100.0
20160219163601,0.0,0.0,0.0,0.0,0.0,0.0,0.0,100.0
20160219163631,0.0,0.0,0.0,0.0,0.0,0.0,0.1,99.9
20160219163701,0.0,0.0,0.0,0.0,0.0,0.0,0.3,99.7
20160219163731,0.0,0.0,0.0,0.0,2.2,0.0,3.0,94.8
20160219163801,0.0,0.0,0.0,0.0,0.1,0.0,1.0,98.9
20160219163831,0.0,0.0,0.0,0.0,0.0,0.0,0.4,99.6
20160219163901,0.0,0.0,0.0,0.0,0.0,0.0,0.0,100.0
20160219163932,0.0,0.0,0.0,0.0,0.0,0.0,0.0,100.0
20160219164002,0.0,0.0,0.0,0.0,0.0,0.0,0.0,100.0
20160219164032,0.0,0.0,0.0,0.0,0.0,0.0,1.2,98.8
20160219164102,0.0,0.0,0.0,0.0,0.0,0.0,0.6,99.3
20160219164132,0.0,0.0,0.0,0.0,0.0,0.0,0.0,100.0
20160219164202,0.0,0.0,0.0,0.0,0.0,0.0,0.0,100.0
20160219164232,0.0,0.0,0.0,0.0,0.0,0.0,0.0,99.9
20160219164302,0.0,0.0,0.0,0.0,0.0,0.0,0.3,99.7
20160219164332,0.0,0.0,0.0,0.0,0.0,0.0,0.2,99.8
20160219164402,0.0,0.0,0.0,0.0,0.0,0.0,0.1,99.9
20160219164432,0.0,0.0,0.0,0.0,0.0,0.0,0.3,99.7
20160219164502,0.0,0.0,0.0,0.0,0.0,0.0,0.3,99.7
20160219164532,0.0,0.0,0.0,0.0,0.0,0.0,0.0,100.0
20160219164602,0.0,0.0,0.0,0.0,0.0,0.0,0.0,100.0
20160219164632,0.0,0.0,0.0,0.0,0.0,0.0,1.0,99.0
20160219164702,0.0,0.0,0.0,0.0,0.0,0.0,0.1,99.9
20160219164732,0.0,0.0,0.0,0.0,0.0,0.0,0.3,99.7
20160219164802,0.0,0.0,0.0,0.0,0.0,0.0,0.9,99.1
20160219164832,0.0,0.0,0.0,0.0,0.0,0.0,56.8,43.2
20160219164902,0.0,0.0,0.0,0.0,0.0,0.0,47.7,52.3
20160219164932,0.0,0.0,0.0,0.0,0.0,0.0,15.0,85.0
20160219165002,0.0,0.0,0.0,0.0,0.0,0.0,12.4,87.5
20160219165032,0.0,0.0,0.0,0.0,0.0,0.0,65.4,34.6
20160219165102,0.0,0.0,0.0,0.8,0.0,0.0,10.8,88.4
20160219165132,0.0,0.0,0.0,0.1,0.0,0.0,26.3,73.5
20160219165202,0.0,0.0,0.0,0.1,0.0,0.0,57.2,42.7
20160219165232,0.0,0.0,0.0,0.2,0.0,0.0,77.3,22.5
20160219165432,0.0,0.0,0.0,0.0,0.0,0.0,4.8,95.2
20160219165502,0.0,0.0,0.0,0.0,0.4,0.0,52.0,47.6
20160219165532,0.0,0.0,0.0,0.0,0.2,0.0,53.0,46.8
20160219165602,0.0,0.0,0.0,0.0,0.1,0.0,28.4,71.5
20160219165632,0.0,0.0,0.0,0.0,0.1,0.0,24.0,75.9
20160219165702,0.0,0.0,0.0,0.0,0.0,0.0,28.8,71.1
20160219165732,0.0,0.0,0.0,0.0,0.1,0.0,19.2,80.7
20160219165802,0.0,0.0,0.0,0.0,0.0,0.0,80.8,19.2
20160219165832,0.0,0.0,0.0,0.0,0.0,0.0,78.1,21.9
20160219165902,0.0,0.0,0.0,0.0,0.0,0.0,55.7,44.3
20160219165932,0.0,0.0,0.0,0.0,0.0,0.0,1.5,98.5
20160219170002,0.0,0.0,0.0,0.0,0.0,0.0,52.7,47.2
20160219170032,0.0,0.0,0.0,0.0,0.0,0.0,88.9,11.1
20160219170102,0.0,0.0,0.0,0.0,0.0,0.0,98.0,2.0
20160219170132,0.0,0.0,0.0,0.0,0.0,0.0,94.9,5.0
20160219170202,0.0,0.0,0.0,0.0,0.1,0.0,71.9,28.0
20160219170232,0.0,0.0,0.0,0.0,0.1,0.0,78.6,21.3
20160219170302,0.0,0.0,0.0,0.0,0.0,0.0,82.5,17.5
20160219170332,0.0,0.0,0.0,0.0,0.0,0.0,86.8,13.2
20160219170402,0.0,0.0,0.0,0.0,0.0,0.0,88.4,11.6
20160219170432,0.0,0.0,0.0,0.1,0.0,0.0,88.1,11.8
20160219170502,0.0,0.0,0.0,0.0,0.1,0.0,94.9,5.0
20160219170532,0.0,0.0,0.0,0.0,0.0,0.0,94.9,5.1
20160219170602,0.0,0.0,0.0,0.0,0.9,0.0,89.5,9.6
20160219170632,0.0,0.0,0.0,0.0,0.1,0.0,15.7,84.2
20160219170702,0.0,0.0,0.0,0.0,0.0,0.0,24.7,75.2
20160219170732,0.0,0.0,0.0,0.0,0.2,0.0,84.7,15.0
20160219170802,0.0,0.0,0.0,0.0,0.1,0.0,92.2,7.7
20160219170832,0.0,0.0,0.0,0.0,0.0,0.0,96.9,3.1
20160219170902,0.0,0.0,0.0,0.0,0.0,0.0,98.1,1.9
20160219170932,0.0,0.0,0.0,0.0,0.0,0.0,20.1,79.9
20160219171002,0.0,0.0,0.0,0.0,0.0,0.0,85.3,14.7
20160219171032,0.0,0.0,0.0,0.0,0.0,0.0,88.0,11.9
20160219171102,0.0,0.0,0.0,0.0,0.0,0.0,93.2,6.8
20160219171132,0.0,0.0,0.0,0.0,0.2,0.0,88.3,11.5
20160219171202,0.0,0.0,0.0,0.0,0.0,0.0,93.9,6.1
20160219171232,0.0,0.0,0.0,0.0,0.0,0.0,98.4,1.6
20160219171302,0.0,0.0,0.0,0.0,0.0,0.0,97.3,2.7
20160219171333,0.0,0.0,0.0,0.0,0.0,0.0,90.0,10.0
20160219171403,0.0,0.0,0.0,0.0,0.1,0.0,88.1,11.8
20160219171433,0.0,0.0,0.0,0.0,0.1,0.0,80.5,19.4
20160219171503,0.0,0.0,0.0,0.0,1.7,0.0,77.6,20.7
20160219171533,0.0,0.0,0.0,0.0,0.7,0.0,39.7,59.5
20160219171603,0.0,0.0,0.0,0.0,0.4,0.0,48.0,51.6
20160219171633,0.0,0.0,0.0,0.0,0.3,0.0,86.8,12.9
20160219171703,0.0,0.0,0.0,0.0,0.2,0.0,96.9,2.9
20160219171733,0.0,0.0,0.0,0.0,0.4,0.0,22.6,77.1
20160219171803,0.0,0.0,0.0,0.0,0.0,0.0,88.3,11.7
20160219171833,0.0,0.0,0.0,0.0,0.3,0.0,81.6,18.0
20160219171903,0.0,0.0,0.0,0.0,0.3,0.0,51.5,48.2
20160219171933,0.0,0.0,0.0,0.0,0.9,0.0,95.2,3.9
20160219172003,0.0,0.0,0.0,0.0,0.0,0.0,99.7,0.3
20160219172033,0.0,0.0,0.0,0.0,0.1,0.0,99.1,0.9
20160219172103,0.0,0.0,0.0,0.0,0.1,0.0,99.5,0.4
20160219172133,0.0,0.0,0.0,0.0,0.2,0.0,99.3,0.4
20160219172203,0.0,0.0,0.0,9.2,4.2,0.0,81.5,5.1
20160219172233,0.0,0.0,0.0,0.0,0.1,0.0,99.6,0.3
20160219172303,0.0,0.0,0.0,0.0,0.1,0.0,97.2,2.7
20160219172333,0.0,0.0,0.0,0.0,0.1,0.0,99.2,0.7
20160219172403,0.0,0.0,0.0,0.0,0.1,0.0,98.3,1.6
20160219172433,0.0,0.0,0.0,0.0,0.2,0.0,98.5,1.3
20160219172503,0.0,0.0,0.0,0.0,0.1,0.0,97.7,2.2
20160219172533,0.0,0.0,0.0,0.0,0.0,0.0,39.4,60.6
20160219172603,0.0,0.0,0.0,0.0,0.1,0.0,93.9,6.1
20160219172633,0.0,0.0,0.0,0.0,0.1,0.0,99.2,0.7
20160219172703,0.0,0.0,0.0,0.0,0.1,0.0,99.5,0.5
20160219172733,0.0,0.0,0.0,0.0,0.0,0.0,99.8,0.2
20160219172803,0.0,0.0,0.0,0.0,0.0,0.0,99.9,0.0
20160219172833,0.0,0.0,0.0,0.0,0.0,0.0,99.9,0.1
20160219172903,0.0,0.0,0.0,0.0,0.0,0.0,99.4,0.6
20160219172933,0.0,0.0,0.0,0.0,0.0,0.0,99.6,0.4
20160219173003,0.0,0.0,0.0,0.0,0.0,0.0,99.7,0.2
20160219173033,0.0,0.0,0.0,0.0,0.0,0.0,98.0,2.0
20160219173103,0.0,0.0,0.0,0.0,0.0,0.0,80.8,19.1
20160219173133,0.0,0.0,0.0,0.0,0.0,0.0,93.7,6.3
20160219173203,0.0,0.3,0.0,0.6,0.8,0.0,30.1,68.1
20160219173233,0.0,0.0,0.0,0.5,2.2,0.0,79.4,17.8
20160219173303,0.0,0.0,0.0,0.0,0.1,0.0,98.9,1.0
20160219173333,0.0,0.0,0.0,0.0,0.0,0.0,84.4,15.6
20160219173403,0.0,0.0,0.0,0.0,0.2,0.0,84.7,15.2
20160219173433,0.0,0.0,0.0,0.0,0.1,0.0,97.7,2.3
20160219173503,0.0,0.0,0.0,0.0,0.1,0.0,93.3,6.6
20160219173533,0.0,0.0,0.0,0.0,0.1,0.0,99.0,0.9
20160219173603,0.0,0.0,0.0,0.0,0.9,0.0,94.5,4.7
20160219173633,0.0,0.0,0.0,0.0,0.4,0.0,35.9,63.6
20160219173703,0.0,0.2,0.0,0.0,0.2,0.0,75.5,24.0
20160219173733,0.0,0.0,0.0,0.2,0.6,0.0,52.1,47.0
20160219173803,0.0,0.4,0.0,0.2,1.9,0.0,27.2,70.2
20160219173833,0.0,0.0,0.0,0.0,0.5,0.0,87.3,12.1
20160219173903,0.0,0.0,0.0,0.0,0.2,0.0,97.6,2.3
20160219173933,0.0,0.0,0.0,0.0,0.1,0.0,91.7,8.2
20160219174003,0.0,0.0,0.0,0.0,0.8,0.0,31.0,68.1
20160219174033,0.0,0.0,0.0,0.0,0.5,0.0,91.9,7.6
20160219174103,0.0,0.0,0.0,0.1,0.3,0.0,76.4,23.2
20160219174133,0.0,0.0,0.0,0.0,0.2,0.0,55.6,44.2
20160219174203,0.0,0.0,0.0,0.0,0.2,0.0,26.9,72.9
20160219174233,0.0,0.0,0.0,0.0,0.0,0.0,95.9,4.1
20160219174303,0.0,0.0,0.0,0.0,0.0,0.0,88.2,11.8
20160219174333,0.0,0.0,0.0,0.0,0.0,0.0,93.0,6.9
20160219174403,0.0,0.0,0.0,0.0,0.1,0.0,73.0,26.9
20160219174433,0.0,0.0,0.0,0.0,0.2,0.0,83.8,16.0
20160219174503,0.0,0.0,0.0,0.0,0.0,0.0,80.3,19.6
20160219174533,0.0,0.0,0.0,0.0,0.0,0.0,89.1,10.9
20160219174603,0.0,0.0,0.0,0.0,0.0,0.0,86.1,13.9
20160219174633,0.0,0.0,0.0,0.0,0.0,0.0,86.6,13.3
20160219174703,0.0,0.0,0.0,0.0,0.1,0.0,63.2,36.6
20160219174733,0.0,0.0,0.0,0.0,0.0,0.0,91.6,8.4
20160219174803,0.0,0.0,0.0,0.0,0.0,0.0,96.3,3.6
20160219174834,0.0,0.0,0.0,0.0,0.0,0.0,99.8,0.2
20160219174904,0.0,0.0,0.0,0.0,0.0,0.0,97.9,2.1
20160219174934,0.0,0.0,0.0,0.0,0.3,0.0,76.0,23.7
20160219175004,0.0,0.0,0.0,0.0,0.0,0.0,92.1,7.9
20160219175034,0.0,0.0,0.0,0.0,0.0,0.0,96.3,3.7
20160219175104,0.0,0.0,0.0,0.0,0.0,0.0,98.7,1.3
20160219175134,0.0,0.0,0.0,0.0,0.0,0.0,80.2,19.8
20160219175204,0.0,0.0,0.0,0.0,0.1,0.0,28.1,71.8
20160219175234,0.0,0.0,0.0,0.1,0.0,0.0,68.0,31.9
20160219175304,0.0,0.0,0.0,0.0,0.0,0.0,90.5,9.5
20160219175334,0.0,0.0,0.0,0.0,0.1,0.0,89.4,10.6
20160219175404,0.0,0.0,0.0,0.0,0.0,0.0,93.1,6.9
20160219175434,0.0,0.0,0.0,0.0,0.0,0.0,90.3,9.7
20160219175504,0.0,0.0,0.0,0.0,0.0,0.0,98.4,1.6
20160219175534,0.0,0.0,0.0,0.0,0.0,0.0,99.7,0.2
20160219175604,0.0,0.0,0.0,0.0,0.0,0.0,95.4,4.6
20160219175634,0.0,0.0,0.0,0.0,0.0,0.0,99.2,0.8
20160219175704,0.0,0.0,0.0,0.0,0.0,0.0,93.2,6.7
20160219175734,0.0,0.0,0.0,0.0,0.0,0.0,95.8,4.2
20160219175804,0.0,0.0,0.0,0.0,0.0,0.0,90.4,9.6
20160219175834,0.0,0.0,0.0,0.0,0.1,0.0,82.9,17.0
20160219175904,0.0,0.0,0.0,0.1,0.0,0.0,81.4,18.5
20160219175934,0.0,0.0,0.0,0.0,0.6,0.0,96.7,2.7
20160219180004,0.0,0.0,0.0,0.7,1.0,0.0,85.7,12.6
20160219180034,0.0,0.0,0.0,0.6,0.9,0.0,72.7,25.8
20160219180104,0.0,0.0,0.0,0.1,0.1,0.0,89.1,10.8
20160219180134,0.0,0.0,0.0,0.0,0.2,0.0,84.1,15.7
20160219180204,0.0,0.0,0.0,0.0,0.2,0.0,84.4,15.4
20160219180234,0.0,0.0,0.0,0.6,0.4,0.0,95.4,3.7
20160219180304,0.0,0.0,0.0,1.8,2.0,0.0,67.5,28.7
20160219180334,0.0,0.0,0.0,0.1,0.2,0.0,97.0,2.8
20160219180404,0.0,0.0,0.0,0.0,0.0,0.0,87.0,13.0
20160219180434,0.0,0.0,0.0,0.0,0.0,0.0,89.0,10.9
20160219180504,0.0,0.0,0.0,0.6,0.1,0.0,84.4,14.8
20160219180534,0.0,0.0,0.0,0.4,0.1,0.0,90.8,8.7
20160219180604,0.0,0.1,0.0,0.9,2.4,0.0,75.4,21.2
20160219180634,0.0,0.0,0.0,0.0,0.2,0.0,84.9,14.8
20160219180704,0.0,0.0,0.0,0.0,0.0,0.0,98.2,1.7
20160219180734,0.0,0.0,0.0,0.0,0.0,0.0,95.8,4.2
20160219180804,0.0,0.0,0.0,0.0,0.0,0.0,97.5,2.5
20160219180834,0.0,0.0,0.0,0.0,0.0,0.0,97.7,2.3
20160219180904,0.0,0.0,0.0,0.0,0.0,0.0,98.8,1.2
20160219180934,0.0,0.0,0.0,0.0,0.0,0.0,84.6,15.4
20160219181004,0.0,0.0,0.0,0.0,0.1,0.0,40.5,59.4
20160219181034,0.0,0.0,0.0,0.0,0.0,0.0,11.5,88.4
20160219181104,0.0,0.0,0.0,0.1,0.1,0.0,95.6,4.1
20160219181134,0.0,0.0,0.0,0.0,0.5,0.0,92.0,7.4
20160219181204,0.0,0.0,0.0,0.2,0.3,0.0,92.6,6.9
20160219181234,0.0,0.0,0.0,0.0,0.1,0.0,80.0,19.9
20160219181304,0.0,0.0,0.0,0.1,1.9,0.0,53.4,44.6
20160219181334,0.0,0.0,0.0,0.1,0.5,0.0,49.5,49.9
20160219181404,0.0,0.0,0.0,0.0,0.5,0.0,45.7,53.7
20160219181434,0.0,0.0,0.0,0.1,0.1,0.0,93.6,6.2
20160219181504,0.0,0.0,0.0,0.0,0.0,0.0,96.7,3.2
20160219181534,0.0,0.3,0.0,0.0,2.1,0.0,73.7,23.9
20160219181604,0.0,0.0,0.0,0.3,0.4,0.0,92.8,6.4
20160219181634,0.0,0.1,0.0,0.1,0.4,0.0,92.0,7.4
20160219181704,0.0,0.0,0.0,0.0,0.3,0.0,70.0,29.7
20160219181734,0.0,0.2,0.0,0.2,1.0,0.0,39.0,59.6
20160219181804,0.1,6.0,0.0,4.4,6.4,0.0,68.9,14.1
20160219181834,0.0,2.3,0.0,6.9,8.5,0.0,26.7,55.6
20160219181904,0.0,7.9,0.0,29.8,9.0,0.0,26.9,26.4
20160219181934,0.0,3.5,0.0,26.2,41.0,0.0,20.1,9.1
20160219182004,0.6,13.6,0.0,7.0,67.1,0.0,10.9,0.8
20160219182034,0.1,1.2,0.1,3.4,46.5,0.0,41.3,7.4
20160219182104,0.2,1.6,0.0,3.6,38.3,0.0,54.4,1.9
20160219182134,0.3,3.3,0.4,2.3,65.1,0.0,22.9,5.6
20160219182204,0.4,4.8,0.1,0.8,26.9,0.0,38.9,28.1
20160219182235,0.1,1.3,0.1,1.0,56.7,0.0,22.4,18.5
20160219182305,0.0,0.0,0.0,1.5,16.9,0.0,47.2,34.4
20160219182335,0.0,0.1,0.0,4.0,48.6,0.0,16.2,31.0
20160219182405,0.2,0.5,0.1,5.0,85.0,0.0,2.0,7.3
20160219182435,0.0,0.3,0.0,3.5,92.5,0.0,1.3,2.4
20160219182505,0.0,1.2,0.0,6.3,13.7,0.0,42.5,36.2
20160219182535,0.0,0.4,0.2,11.7,55.4,0.0,26.1,6.2
20160219182605,0.0,0.3,0.0,2.3,52.1,0.0,39.9,5.3
20160219182635,0.0,0.7,0.2,5.4,84.2,0.0,5.7,3.6
20160219182705,0.1,0.2,0.1,1.2,38.8,0.0,15.5,44.2
20160219182735,0.0,0.1,0.0,12.3,26.9,0.0,38.6,21.9
20160219182805,0.0,0.2,0.0,4.0,6.8,0.0,60.4,28.5
20160219182835,0.0,0.1,0.0,3.2,18.7,0.0,2.5,75.4
20160219182905,0.1,0.7,0.1,15.9,30.2,0.0,38.3,14.8
20160219182935,0.0,0.5,0.1,3.3,76.4,0.0,8.9,10.9
20160219183005,0.0,0.3,0.0,4.5,92.3,0.0,0.4,2.5
20160219183035,0.0,1.2,0.0,13.6,83.1,0.0,0.6,1.5
20160219183105,0.0,16.0,0.0,16.3,43.4,0.0,17.4,6.8
20160219183135,0.0,4.1,0.0,37.3,50.3,0.0,6.9,1.2
20160219183205,0.0,4.7,0.0,66.7,25.0,0.0,1.0,2.5
20160219183235,0.0,4.7,0.0,53.2,41.7,0.0,0.0,0.3
20160219183305,0.0,1.5,0.0,72.3,24.5,0.0,0.1,1.5
20160219183335,0.0,1.6,0.0,1.5,96.4,0.0,0.0,0.5
20160219183405,0.0,0.8,0.0,4.8,92.4,0.0,1.0,0.9
20160219183435,0.1,0.0,0.0,88.3,11.5,0.0,0.1,0.0
20160219183505,0.0,1.8,0.0,21.9,68.1,0.0,1.1,7.1
20160219183535,0.0,0.6,0.0,1.3,91.5,0.0,1.8,4.8
20160219183605,0.0,0.3,0.0,6.9,7.3,0.0,31.2,54.3
20160219183635,0.0,2.3,0.0,13.1,58.5,0.0,13.8,12.1
20160219183705,0.0,4.2,0.1,26.2,52.4,0.0,3.4,13.7
20160219183735,0.0,4.1,0.1,17.8,69.4,0.0,1.7,6.9
20160219183805,0.0,13.1,0.0,17.2,67.9,0.0,0.8,0.9
20160219183835,0.0,1.4,0.1,15.3,63.9,0.0,16.9,2.4
20160219183905,0.0,0.2,0.0,10.9,25.5,0.0,48.1,15.3
20160219183935,0.0,0.2,0.0,3.6,50.8,0.0,40.8,4.6
20160219184005,0.0,0.3,0.0,6.4,89.6,0.0,2.9,0.8
20160219184035,0.0,0.8,0.0,26.7,65.7,0.0,4.5,2.2
20160219184105,0.0,0.7,0.0,18.0,73.0,0.0,7.7,0.5
20160219184135,0.0,0.7,0.0,54.3,42.4,0.0,1.8,0.7
20160219184205,0.0,3.9,0.0,26.0,26.8,0.0,38.6,4.7
20160219184235,0.0,0.1,0.0,6.1,7.7,0.0,83.3,2.8
20160219184305,0.0,0.1,0.0,1.8,1.6,0.0,19.5,76.9
20160219184335,0.0,0.1,0.0,8.6,1.6,0.0,48.5,41.2
20160219184405,0.0,0.1,0.0,77.4,4.0,0.0,6.6,11.8
20160219184435,0.0,0.2,0.1,29.2,28.6,0.0,19.9,22.0
20160219184505,0.0,0.2,0.0,17.9,5.4,0.0,47.7,28.9
20160219184535,0.0,0.3,0.0,2.8,22.1,0.0,52.8,22.0
20160219184605,0.0,0.2,0.0,8.5,5.8,0.0,71.6,13.9
20160219184635,0.0,0.0,0.0,2.4,12.7,0.0,33.2,51.8
20160219184705,0.0,0.0,0.0,38.9,33.8,0.0,13.3,13.9
20160219184735,0.0,0.1,0.0,41.6,18.2,0.0,30.6,9.6
20160219184805,0.0,0.0,0.0,16.0,16.3,0.0,58.3,9.3
20160219184835,0.0,0.0,0.0,1.0,3.9,0.0,93.0,2.1
20160219184905,0.0,0.0,0.0,0.0,0.2,0.0,97.1,2.7
20160219184935,0.0,0.0,0.0,0.6,8.9,0.0,67.5,23.0
20160219185006,0.0,0.0,0.0,0.1,1.9,0.0,88.6,9.4
20160219185036,0.0,0.0,0.0,0.0,0.2,0.0,81.1,18.7
20160219185106,0.0,0.0,0.0,0.0,0.1,0.0,98.2,1.7
20160219185136,0.0,0.0,0.0,0.0,0.0,0.0,99.4,0.6
20160219185206,0.0,0.0,0.0,0.0,0.0,0.0,99.6,0.4
20160219185236,0.0,0.0,0.0,0.1,0.1,0.0,92.0,7.8
20160219185306,0.0,0.0,0.0,0.0,0.0,0.0,98.0,2.0
20160219185336,0.0,0.0,0.0,0.0,0.0,0.0,95.2,4.8
20160219185406,0.0,0.0,0.0,0.0,0.1,0.0,98.5,1.4
20160219185436,0.0,0.0,0.0,0.1,1.7,0.0,96.8,1.3
20160219185506,0.0,0.0,0.0,0.0,4.0,0.0,94.2,1.8
20160219185536,0.0,0.0,0.0,0.1,7.7,0.0,87.2,5.0
20160219185606,0.0,0.0,0.0,0.0,1.4,0.0,83.5,15.0
20160219185636,0.0,0.0,0.0,0.0,0.5,0.0,97.5,2.0
20160219185706,0.0,0.0,0.0,0.0,0.2,0.0,94.8,5.0
20160219185736,0.0,0.0,0.0,0.0,0.3,0.0,89.3,10.4
20160219185806,0.0,0.0,0.0,0.0,0.0,0.0,99.1,0.9
20160219185836,0.0,0.0,0.0,0.0,0.0,0.0,98.6,1.4
20160219185906,0.0,0.0,0.0,0.0,0.0,0.0,99.8,0.2
20160219185936,0.0,0.0,0.0,0.0,0.2,0.0,74.6,25.2
20160219190006,0.0,0.0,0.0,0.0,0.0,0.0,85.4,14.5
20160219190036,0.0,0.0,0.0,0.0,0.1,0.0,86.4,13.5
20160219190106,0.0,0.0,0.0,0.0,0.0,0.0,91.1,8.8
20160219190136,0.0,0.0,0.0,0.0,0.1,0.0,87.1,12.8
20160219190206,0.0,0.0,0.0,0.0,0.0,0.0,97.5,2.5
20160219190236,0.0,0.0,0.0,0.0,0.0,0.0,74.9,25.1
20160219190306,0.0,0.0,0.0,0.0,0.0,0.0,94.4,5.6
20160219190336,0.0,0.0,0.0,0.0,0.0,0.0,98.5,1.5
20160219190406,0.0,0.0,0.0,0.0,0.0,0.0,98.7,1.3
20160219190436,0.0,0.0,0.0,0.0,0.0,0.0,93.6,6.4
20160219190506,0.0,0.0,0.0,0.0,0.0,0.0,94.1,5.9
20160219190536,0.0,0.0,0.0,0.0,0.0,0.0,98.4,1.6
20160219190606,0.0,0.0,0.0,0.0,0.0,0.0,88.0,12.0
20160219190636,0.0,0.0,0.0,0.0,0.0,0.0,98.9,1.1
20160219190706,0.0,0.0,0.0,0.0,0.0,0.0,92.1,7.9
20160219190736,0.0,0.0,0.0,0.0,0.0,0.0,96.7,3.3
20160219190806,0.0,0.0,0.0,0.0,0.0,0.0,97.3,2.7
20160219190836,0.0,0.0,0.0,0.0,0.0,0.0,99.8,0.2
20160219190906,0.0,0.0,0.0,0.0,0.0,0.0,97.0,3.0
20160219190936,0.0,0.0,0.0,0.0,0.0,0.0,97.5,2.5
20160219191006,0.0,0.0,0.0,0.0,0.0,0.0,91.3,8.6
20160219191036,0.0,0.0,0.0,0.0,0.0,0.0,93.8,6.2
20160219191106,0.0,0.0,0.0,0.0,0.0,0.0,65.7,34.3
20160219191136,0.0,0.0,0.0,0.0,0.0,0.0,74.0,26.0
20160219191206,0.0,0.0,0.0,0.0,0.0,0.0,64.7,35.3
20160219191236,0.0,0.0,0.0,0.0,0.0,0.0,84.2,15.8
20160219191306,0.0,0.0,0.0,0.0,0.0,0.0,68.8,31.2
20160219191336,0.0,0.0,0.0,0.0,0.0,0.0,80.0,20.0
20160219191406,0.0,0.0,0.0,0.0,0.1,0.0,87.2,12.7
20160219191436,0.0,0.0,0.0,0.0,0.0,0.0,97.5,2.5
20160219191506,0.0,0.0,0.0,0.0,0.1,0.0,89.7,10.2
20160219191536,0.0,0.0,0.0,0.0,0.1,0.0,85.6,14.3
20160219191606,0.0,0.0,0.0,0.0,0.0,0.0,91.7,8.3
20160219191636,0.0,0.0,0.0,0.0,0.0,0.0,99.6,0.4
20160219191706,0.0,0.0,0.0,0.0,0.0,0.0,98.5,1.5
20160219191736,0.0,0.0,0.0,0.0,0.0,0.0,99.5,0.5
20160219191806,0.0,0.0,0.0,0.0,0.0,0.0,98.0,2.0
20160219191836,0.0,0.0,0.0,0.0,0.0,0.0,99.6,0.4
20160219191906,0.0,0.0,0.0,0.0,0.0,0.0,98.3,1.6
20160219191936,0.0,0.0,0.0,0.0,0.0,0.0,99.4,0.6
20160219192006,0.0,0.0,0.0,0.0,0.0,0.0,98.7,1.3
20160219192036,0.0,0.0,0.0,0.0,0.0,0.0,98.9,1.1
20160219192106,0.0,0.0,0.0,0.0,0.0,0.0,99.9,0.1
20160219192136,0.0,0.0,0.0,0.0,0.0,0.0,99.9,0.1
20160219192206,0.0,0.0,0.0,0.0,0.0,0.0,99.0,1.0
20160219192236,0.0,0.0,0.0,0.0,0.0,0.0,97.9,2.1
20160219192306,0.0,0.0,0.0,0.0,0.0,0.0,99.6,0.4
20160219192336,0.0,0.0,0.0,0.0,0.0,0.0,99.3,0.7
20160219192407,0.0,0.0,0.0,0.0,0.0,0.0,99.3,0.7
20160219192437,0.0,0.0,0.0,0.0,0.0,0.0,99.5,0.5
20160219192507,0.0,0.0,0.0,0.0,0.0,0.0,99.6,0.4
20160219192537,0.0,0.0,0.0,0.0,0.0,0.0,97.3,2.7
20160219192607,0.0,0.0,0.0,0.0,0.0,0.0,99.1,0.9
20160219192637,0.0,0.0,0.0,0.0,0.0,0.0,99.8,0.2
20160219192707,0.0,0.0,0.0,0.0,0.0,0.0,98.5,1.5
20160219192737,0.0,0.0,0.0,0.0,0.0,0.0,96.0,4.0
20160219192807,0.0,0.0,0.0,0.0,0.0,0.0,97.6,2.4
20160219192837,0.0,0.0,0.0,0.0,0.0,0.0,99.6,0.4
20160219192907,0.0,0.0,0.0,0.0,0.0,0.0,99.9,0.1
20160219192937,0.0,0.0,0.0,0.0,0.0,0.0,99.6,0.3
20160219193007,0.0,0.0,0.0,0.0,0.0,0.0,96.0,4.0
20160219193037,0.0,0.0,0.0,0.0,0.0,0.0,95.1,4.9
20160219193107,0.0,0.0,0.0,0.0,0.0,0.0,98.4,1.6
20160219193137,0.0,0.0,0.0,0.0,0.2,0.0,89.3,10.5
20160219193207,0.0,0.0,0.0,0.0,0.0,0.0,98.8,1.2
20160219193237,0.0,0.0,0.0,0.0,0.0,0.0,97.0,3.0
20160219193307,0.0,0.0,0.0,0.0,0.0,0.0,99.4,0.6
20160219193337,0.0,0.0,0.0,0.0,0.0,0.0,97.6,2.4
20160219193407,0.0,0.0,0.0,0.0,0.0,0.0,94.2,5.8
20160219193437,0.0,0.0,0.0,0.0,0.1,0.0,90.7,9.2
20160219193507,0.0,0.0,0.0,0.0,0.1,0.0,85.6,14.3
20160219193537,0.0,0.0,0.0,0.0,0.1,0.0,79.1,20.8
20160219193607,0.0,0.0,0.0,0.0,0.0,0.0,87.8,12.2
20160219193637,0.0,0.0,0.0,0.0,0.0,0.0,95.2,4.8
20160219193707,0.0,0.0,0.0,0.0,0.0,0.0,96.0,4.0
20160219193737,0.0,0.0,0.0,0.1,0.1,0.0,83.1,16.8
20160219193807,0.0,0.0,0.0,0.0,0.1,0.0,65.9,34.0
20160219193837,0.0,0.0,0.0,0.0,0.0,0.0,86.6,13.4
20160219193907,0.0,0.0,0.0,0.0,0.0,0.0,94.9,5.1
20160219193937,0.0,0.0,0.0,0.0,0.0,0.0,98.5,1.4
20160219194007,0.0,0.0,0.0,0.0,0.0,0.0,97.5,2.5
20160219194037,0.0,0.0,0.0,0.0,0.0,0.0,98.5,1.5
20160219194107,0.0,0.0,0.0,0.0,0.0,0.0,99.7,0.3
20160219194137,0.0,0.0,0.0,0.0,0.0,0.0,99.2,0.8
20160219194207,0.0,0.0,0.0,0.0,0.0,0.0,100.0,0.0
20160219194237,0.0,0.0,0.0,0.0,0.0,0.0,99.6,0.4
20160219194307,0.0,0.0,0.0,0.0,0.0,0.0,99.5,0.5
20160219194337,0.0,0.0,0.0,0.0,0.0,0.0,98.7,1.2
20160219194407,0.0,0.0,0.0,0.0,0.0,0.0,96.8,3.2
20160219194437,0.0,0.0,0.0,0.0,0.0,0.0,95.5,4.5
20160219194507,0.0,0.0,0.0,0.0,0.0,0.0,98.8,1.2
20160219194537,0.0,0.0,0.0,0.0,0.0,0.0,99.8,0.2
20160219194607,0.0,0.0,0.0,0.0,0.0,0.0,99.2,0.8
20160219194637,0.0,0.0,0.0,0.0,0.0,0.0,98.1,1.9
20160219194707,0.0,0.0,0.0,0.0,0.0,0.0,99.4,0.6
20160219194737,0.0,0.0,0.0,0.0,0.0,0.0,99.1,0.9
20160219194807,0.0,0.0,0.0,0.0,0.0,0.0,97.4,2.6
20160219194837,0.0,0.0,0.0,0.0,0.0,0.0,97.6,2.4
20160219194907,0.0,0.0,0.0,0.0,0.0,0.0,98.3,1.7
20160219194937,0.0,0.0,0.0,0.0,0.0,0.0,99.5,0.5
20160219195007,0.0,0.0,0.0,0.0,0.0,0.0,99.6,0.4
20160219195037,0.0,0.0,0.0,0.0,0.0,0.0,99.1,0.9
20160219195107,0.0,0.0,0.0,0.0,0.0,0.0,99.8,0.2
20160219195137,0.0,0.0,0.0,0.0,0.0,0.0,98.1,1.9
20160219195207,0.0,0.0,0.0,0.0,0.0,0.0,99.2,0.8
20160219195237,0.0,0.0,0.0,0.0,0.0,0.0,98.6,1.4
20160219195307,0.0,0.0,0.0,0.0,0.0,0.0,99.7,0.3
20160219195337,0.0,0.0,0.0,0.0,0.0,0.0,98.7,1.3
20160219195407,0.0,0.0,0.0,0.0,0.0,0.0,98.4,1.6
20160219195437,0.0,0.0,0.0,0.0,0.0,0.0,86.5,13.5
20160219195507,0.0,0.0,0.0,0.0,0.0,0.0,99.6,0.4
20160219195537,0.0,0.0,0.0,0.0,0.0,0.0,93.2,6.8
20160219195607,0.0,0.0,0.0,0.0,0.0,0.0,87.5,12.5
20160219195637,0.0,0.0,0.0,0.0,0.0,0.0,89.1,10.8
20160219195707,0.0,0.0,0.0,0.0,0.0,0.0,74.7,25.3
20160219195737,0.0,0.0,0.0,0.0,0.0,0.0,97.6,2.4
20160219195808,0.0,0.0,0.0,0.0,0.0,0.0,100.0,0.0
20160219195838,0.0,0.0,0.0,0.0,0.0,0.0,91.2,8.7
20160219195908,0.0,0.0,0.0,0.0,0.0,0.0,99.6,0.4
20160219195938,0.0,0.0,0.0,0.0,0.0,0.0,99.7,0.3
20160219200008,0.0,0.0,0.0,0.0,0.1,0.0,99.8,0.2
20160219200038,0.0,0.0,0.0,0.0,0.0,0.0,99.2,0.8
20160219200108,0.0,0.0,0.0,0.0,0.0,0.0,99.7,0.2
20160219200138,0.0,0.0,0.0,0.0,0.0,0.0,100.0,0.0
20160219200208,0.0,0.0,0.0,0.0,0.0,0.0,100.0,0.0
20160219200238,0.0,0.0,0.0,0.0,0.0,0.0,100.0,0.0
20160219200308,0.0,0.0,0.0,0.0,0.0,0.0,99.9,0.1
20160219200338,0.0,0.0,0.0,0.0,0.0,0.0,99.8,0.2
20160219200408,0.0,0.0,0.0,0.0,0.0,0.0,99.9,0.1
20160219200438,0.0,0.0,0.0,0.0,0.0,0.0,99.9,0.1
20160219200508,0.0,0.0,0.0,0.0,0.0,0.0,99.8,0.2
20160219200538,0.0,0.0,0.0,0.0,0.0,0.0,99.7,0.3
20160219200608,0.0,0.0,0.0,0.0,0.0,0.0,88.9,11.1
20160219200638,0.0,0.0,0.0,0.0,0.0,0.0,91.4,8.6
20160219200708,0.0,0.0,0.0,0.0,0.0,0.0,98.6,1.4
20160219200738,0.0,0.0,0.0,0.0,0.0,0.0,85.5,14.5
20160219200808,0.0,0.0,0.0,0.0,0.0,0.0,94.1,5.9
20160219200838,0.0,0.0,0.0,0.0,0.0,0.0,95.6,4.4
20160219200908,0.0,0.0,0.0,0.0,0.0,0.0,99.7,0.3
20160219200938,0.0,0.0,0.0,0.0,0.0,0.0,98.3,1.7
20160219201008,0.0,0.0,0.0,0.0,0.0,0.0,99.1,0.8
20160219201038,0.0,0.0,0.0,0.0,0.0,0.0,99.5,0.5
20160219201108,0.0,0.0,0.0,0.0,0.0,0.0,93.3,6.6
20160219201138,0.0,0.0,0.0,0.0,0.0,0.0,96.7,3.3
20160219201208,0.0,0.0,0.0,0.0,0.0,0.0,97.8,2.1
20160219201238,0.0,0.0,0.0,0.0,0.0,0.0,98.1,1.8
20160219201308,0.0,0.0,0.0,0.0,0.1,0.0,95.5,4.5
20160219201338,0.0,0.0,0.0,0.0,0.0,0.0,96.4,3.6
20160219201408,0.0,0.0,0.0,0.0,0.0,0.0,95.6,4.4
20160219201438,0.0,0.0,0.0,0.0,0.1,0.0,94.2,5.7
20160219201508,0.0,0.0,0.0,0.0,0.0,0.0,94.2,5.7
20160219201538,0.0,0.0,0.0,0.0,0.0,0.0,93.9,6.0
20160219201608,0.0,0.0,0.0,0.0,0.1,0.0,76.2,23.7
20160219201638,0.0,0.0,0.0,0.0,0.0,0.0,80.3,19.6
20160219201708,0.0,0.0,0.0,0.0,0.0,0.0,93.0,7.0
20160219201738,0.0,0.0,0.0,0.0,0.0,0.0,93.0,7.0
20160219201808,0.0,0.0,0.0,0.0,0.0,0.0,99.9,0.1
20160219201838,0.0,0.0,0.0,0.0,0.0,0.0,98.6,1.4
20160219201908,0.0,0.0,0.0,0.0,0.0,0.0,99.4,0.6
20160219201938,0.0,0.0,0.0,0.0,0.0,0.0,98.5,1.5
20160219202008,0.0,0.0,0.0,0.0,0.0,0.0,98.3,1.7
20160219202038,0.0,0.0,0.0,0.0,0.0,0.0,98.6,1.4
20160219202108,0.0,0.0,0.0,0.0,0.0,0.0,93.6,6.3
20160219202138,0.0,0.0,0.0,0.0,0.0,0.0,88.1,11.8
20160219202208,0.0,0.0,0.0,0.0,0.1,0.0,87.4,12.5
20160219202238,0.0,0.0,0.0,0.0,0.0,0.0,91.7,8.2
20160219202308,0.0,0.0,0.0,0.0,0.0,0.0,88.1,11.8
20160219202338,0.0,0.0,0.0,0.0,0.0,0.0,45.1,54.8
20160219202408,0.0,0.0,0.0,0.2,0.2,0.0,23.2,76.3
20160219202438,0.0,0.0,0.0,0.1,0.1,0.0,15.2,84.7
20160219202508,0.0,0.0,0.0,0.1,0.0,0.0,67.9,32.0
20160219202539,0.0,0.0,0.0,0.0,0.0,0.0,92.2,7.8
20160219202609,0.0,0.0,0.0,0.0,0.0,0.0,93.5,6.5
20160219202639,0.0,0.0,0.0,0.1,0.0,0.0,71.0,28.9
20160219202709,0.0,0.0,0.0,0.0,0.0,0.0,32.8,67.1
20160219202739,0.0,0.0,0.0,0.0,0.0,0.0,50.1,49.9
20160219202809,0.0,0.0,0.0,0.0,0.0,0.0,30.8,69.2
20160219202839,0.0,0.0,0.0,0.0,0.0,0.0,28.2,71.8
20160219202909,0.0,0.0,0.0,0.0,0.0,0.0,11.3,88.7
20160219202939,0.0,0.0,0.0,0.0,0.0,0.0,84.7,15.2
20160219203009,0.0,0.0,0.0,0.0,0.0,0.0,54.4,45.6
20160219203039,0.0,0.0,0.0,0.0,0.0,0.0,81.1,18.8
20160219203109,0.0,0.0,0.0,0.0,0.1,0.0,82.2,17.6
20160219203139,0.0,0.0,0.0,0.0,0.2,0.0,36.5,63.2
20160219203209,0.0,0.0,0.0,0.0,0.1,0.0,67.3,32.6
20160219203239,0.0,0.0,0.0,0.0,0.1,0.0,91.6,8.3
20160219203309,0.0,0.0,0.0,0.0,0.1,0.0,98.0,2.0
20160219203339,0.0,0.0,0.0,0.0,0.0,0.0,44.6,55.4
20160219203409,0.0,0.0,0.0,0.0,0.2,0.0,81.6,18.2
20160219203439,0.0,0.0,0.0,0.0,0.2,0.0,35.1,64.7
20160219203509,0.0,0.0,0.0,0.0,0.3,0.0,32.2,67.5
20160219203539,0.0,0.0,0.0,0.0,0.1,0.0,43.6,56.3
20160219203609,0.0,0.0,0.0,0.0,0.0,0.0,85.8,14.1
20160219203639,0.0,0.0,0.0,0.0,0.0,0.0,98.2,1.8
20160219203709,0.0,0.0,0.0,0.0,0.0,0.0,98.4,1.6
20160219203739,0.0,0.0,0.0,0.0,0.0,0.0,99.5,0.5
20160219203809,0.0,0.0,0.0,0.0,0.0,0.0,92.5,7.5
20160219203839,0.0,0.0,0.0,0.0,0.0,0.0,53.1,46.9
20160219203909,0.0,0.0,0.0,0.0,0.0,0.0,65.7,34.3
20160219203939,0.0,0.0,0.0,0.0,0.0,0.0,57.9,42.0
20160219204009,0.0,0.0,0.0,0.0,0.2,0.0,69.0,30.8
20160219204039,0.0,0.0,0.0,0.0,0.2,0.0,27.0,72.8
20160219204109,0.0,0.0,0.0,0.0,0.1,0.0,12.1,87.8
20160219204139,0.0,0.0,0.0,0.0,0.3,0.0,60.0,39.7
20160219204209,0.0,0.0,0.0,0.1,0.2,0.0,25.6,74.1
20160219204239,0.0,0.0,0.0,0.0,0.1,0.0,30.4,69.5
20160219204309,0.0,0.0,0.0,0.0,0.3,0.0,9.9,89.8
20160219204339,0.0,0.0,0.0,0.0,0.2,0.0,47.5,52.3
20160219204409,0.0,0.0,0.0,0.0,0.1,0.0,71.6,28.3
20160219204439,0.0,0.0,0.0,0.0,0.0,0.0,80.2,19.7
20160219204509,0.0,0.0,0.0,0.0,0.2,0.0,70.7,29.2
20160219204539,0.0,0.0,0.0,0.0,0.5,0.0,81.7,17.8
20160219204609,0.0,0.0,0.0,0.0,0.0,0.0,98.7,1.3
20160219204639,0.0,0.0,0.0,0.0,0.2,0.0,88.0,11.8
20160219204709,0.0,0.0,0.0,0.0,0.3,0.0,82.5,17.2
20160219204739,0.0,0.0,0.0,0.0,0.1,0.0,77.7,22.2
20160219204809,0.0,0.0,0.0,0.0,0.4,0.0,73.5,26.0
20160219204839,0.0,0.0,0.0,0.0,0.7,0.0,86.1,13.1
20160219204909,0.0,0.0,0.0,0.0,0.1,0.0,94.0,5.9
20160219204939,0.0,0.0,0.0,0.0,0.1,0.0,85.4,14.5
20160219205009,0.0,0.0,0.0,0.0,0.0,0.0,97.7,2.3
20160219205039,0.0,0.0,0.0,0.0,0.0,0.0,94.5,5.5
20160219205109,0.0,0.0,0.0,0.0,0.1,0.0,95.6,4.3
20160219205139,0.0,0.0,0.0,0.0,0.0,0.0,96.7,3.3
20160219205209,0.0,0.0,0.0,0.0,0.0,0.0,86.5,13.5
20160219205239,0.0,0.0,0.0,0.0,0.1,0.0,60.3,39.6
20160219205309,0.0,0.0,0.0,0.0,0.0,0.0,98.5,1.5
20160219205339,0.0,0.0,0.0,0.0,0.0,0.0,99.1,0.9
20160219205409,0.0,0.0,0.0,0.0,0.0,0.0,100.0,0.0
20160219205439,0.0,0.0,0.0,0.0,0.0,0.0,100.0,0.0
20160219205509,0.0,0.0,0.0,0.0,0.0,0.0,99.5,0.5
20160219205539,0.0,0.0,0.0,0.0,0.0,0.0,99.8,0.2
20160219205609,0.0,0.0,0.0,0.0,0.0,0.0,99.3,0.7
20160219205639,0.0,0.0,0.0,0.0,0.0,0.0,99.3,0.7
20160219205709,0.0,0.0,0.0,0.0,0.0,0.0,96.4,3.6
20160219205739,0.0,0.0,0.0,0.0,0.0,0.0,99.3,0.7
20160219205809,0.0,0.0,0.0,0.0,0.0,0.0,99.6,0.4
20160219205839,0.0,0.0,0.0,0.0,0.0,0.0,99.4,0.5
20160219205909,0.0,0.0,0.0,0.0,0.2,0.0,91.2,8.6
20160219205940,0.0,0.0,0.0,0.0,0.0,0.0,99.1,0.9
20160219210010,0.0,0.0,0.0,0.0,0.0,0.0,99.6,0.4
20160219210040,0.0,0.0,0.0,0.0,0.0,0.0,99.9,0.1
20160219210110,0.0,0.0,0.0,0.0,0.0,0.0,93.5,6.5
20160219210140,0.0,0.0,0.0,0.0,0.0,0.0,97.7,2.3
20160219210210,0.0,0.0,0.0,0.0,0.0,0.0,99.5,0.5
20160219210240,0.0,0.0,0.0,0.0,0.0,0.0,100.0,0.0
20160219210310,0.0,0.0,0.0,0.0,0.0,0.0,99.9,0.1
20160219210340,0.0,0.0,0.0,0.0,0.0,0.0,99.8,0.2
20160219210410,0.0,0.0,0.0,0.0,0.0,0.0,99.2,0.8
20160219210440,0.0,0.0,0.0,0.0,0.0,0.0,99.8,0.2
20160219210510,0.0,0.0,0.0,0.0,0.0,0.0,99.9,0.1
20160219210540,0.0,0.0,0.0,0.0,0.0,0.0,99.7,0.3
20160219210610,0.0,0.0,0.0,0.0,0.0,0.0,98.5,1.5
20160219210640,0.0,0.0,0.0,0.0,0.0,0.0,99.1,0.8
20160219210710,0.0,0.0,0.0,0.0,0.0,0.0,98.9,1.1
20160219210740,0.0,0.0,0.0,0.0,0.0,0.0,99.7,0.3
20160219210810,0.0,0.0,0.0,0.0,0.0,0.0,97.4,2.6
20160219210840,0.0,0.0,0.0,0.0,0.0,0.0,98.3,1.7
20160219210910,0.0,0.0,0.0,0.0,0.0,0.0,99.4,0.6
20160219210940,0.0,0.0,0.0,0.0,0.0,0.0,99.4,0.6
20160219211010,0.0,0.0,0.0,0.0,0.0,0.0,99.4,0.6
20160219211040,0.0,0.0,0.0,0.0,0.0,0.0,99.4,0.6
20160219211110,0.0,0.0,0.0,0.0,0.0,0.0,99.7,0.3
20160219211140,0.0,0.0,0.0,0.0,0.0,0.0,99.4,0.6
20160219211210,0.0,0.0,0.0,0.0,0.0,0.0,99.7,0.3
20160219211240,0.0,0.0,0.0,0.0,0.0,0.0,99.0,1.0
20160219211310,0.0,0.0,0.0,0.0,0.0,0.0,99.1,0.9
20160219211340,0.0,0.0,0.0,0.0,0.0,0.0,99.3,0.7
20160219211410,0.0,0.0,0.0,0.0,0.0,0.0,99.7,0.3
20160219211440,0.0,0.0,0.0,0.0,0.0,0.0,99.0,1.0
20160219211510,0.0,0.0,0.0,0.0,0.0,0.0,99.3,0.7
20160219211540,0.0,0.0,0.0,0.0,0.0,0.0,98.4,1.6
20160219211610,0.0,0.0,0.0,0.0,0.0,0.0,92.0,8.0
20160219211640,0.0,0.0,0.0,0.0,0.0,0.0,97.0,3.0
20160219211710,0.0,0.0,0.0,0.0,0.0,0.0,92.3,7.7
20160219211740,0.0,0.0,0.0,0.0,0.0,0.0,99.1,0.9
20160219211810,0.0,0.0,0.0,0.0,0.0,0.0,88.6,11.4
20160219211840,0.0,0.0,0.0,0.0,0.0,0.0,99.3,0.7
20160219211910,0.0,0.0,0.0,0.0,0.0,0.0,99.5,0.5
20160219211940,0.0,0.0,0.0,0.0,0.0,0.0,91.2,8.8
20160219212010,0.0,0.0,0.0,0.0,0.0,0.0,97.2,2.8
20160219212040,0.0,0.0,0.0,0.0,0.0,0.0,99.7,0.3
20160219212110,0.0,0.0,0.0,0.0,0.0,0.0,99.9,0.1
20160219212140,0.0,0.0,0.0,0.0,0.0,0.0,99.3,0.7
20160219212210,0.0,0.0,0.0,0.0,0.0,0.0,99.9,0.1
20160219212240,0.0,0.0,0.0,0.0,0.0,0.0,99.8,0.2
20160219212310,0.0,0.0,0.0,0.0,0.0,0.0,99.9,0.1
20160219212340,0.0,0.0,0.0,0.0,0.0,0.0,99.8,0.2
20160219212410,0.0,0.0,0.0,0.0,0.0,0.0,99.5,0.5
20160219212440,0.0,0.0,0.0,0.0,0.0,0.0,99.8,0.2
20160219212510,0.0,0.0,0.0,0.0,0.0,0.0,98.0,2.0
20160219212540,0.0,0.0,0.0,0.0,0.0,0.0,99.1,0.9
20160219212610,0.0,0.0,0.0,0.0,0.0,0.0,98.7,1.3
20160219212640,0.0,0.0,0.0,0.0,0.0,0.0,98.5,1.5
20160219212710,0.0,0.0,0.0,0.0,0.0,0.0,99.0,1.0
20160219212740,0.0,0.0,0.0,0.0,0.0,0.0,98.3,1.7
20160219212810,0.0,0.0,0.0,0.0,0.0,0.0,99.2,0.8
20160219212840,0.0,0.0,0.0,0.0,0.0,0.0,98.6,1.4
20160219212910,0.0,0.0,0.0,0.0,0.0,0.0,99.0,0.9
20160219212940,0.0,0.0,0.0,0.0,0.0,0.0,99.4,0.6
20160219213010,0.0,0.0,0.0,0.0,0.0,0.0,81.5,18.4
20160219213040,0.0,0.0,0.0,0.0,0.0,0.0,92.3,7.7
20160219213110,0.0,0.0,0.0,0.0,0.0,0.0,99.4,0.6
20160219213140,0.0,0.0,0.0,0.0,0.0,0.0,99.3,0.7
20160219213210,0.0,0.0,0.0,0.0,0.0,0.0,99.2,0.8
20160219213240,0.0,0.0,0.0,0.0,0.0,0.0,98.8,1.2
20160219213310,0.0,0.0,0.0,0.0,0.0,0.0,99.5,0.5
20160219213340,0.0,0.0,0.0,0.0,0.0,0.0,95.4,4.6
20160219213411,0.0,0.0,0.0,0.0,0.0,0.0,93.2,6.8
20160219213441,0.0,0.0,0.0,0.0,0.0,0.0,98.7,1.3
20160219213511,0.0,0.0,0.0,0.0,0.0,0.0,99.6,0.4
20160219213541,0.0,0.0,0.0,0.0,0.0,0.0,97.6,2.3
20160219213611,0.0,0.0,0.0,0.0,0.0,0.0,88.4,11.6
20160219213641,0.0,0.0,0.0,0.0,0.0,0.0,99.6,0.4
20160219213711,0.0,0.0,0.0,0.0,0.0,0.0,99.8,0.2
20160219213741,0.0,0.0,0.0,0.0,0.0,0.0,99.0,1.0
20160219213811,0.0,0.0,0.0,0.0,0.0,0.0,99.5,0.5
20160219213841,0.0,0.0,0.0,0.0,0.0,0.0,99.5,0.5
20160219213911,0.0,0.0,0.0,0.0,0.0,0.0,99.3,0.7
20160219213941,0.0,0.0,0.0,0.0,0.0,0.0,97.5,2.5
20160219214011,0.0,0.0,0.0,0.0,0.0,0.0,99.5,0.5
20160219214041,0.0,0.0,0.0,0.0,0.0,0.0,99.3,0.7
20160219214111,0.0,0.0,0.0,0.0,0.0,0.0,97.1,2.9
20160219214141,0.0,0.0,0.0,0.0,0.0,0.0,99.6,0.4
20160219214211,0.0,0.0,0.0,0.0,0.0,0.0,99.8,0.2
20160219214241,0.0,0.0,0.0,0.0,0.0,0.0,99.6,0.4
20160219214311,0.0,0.0,0.0,0.0,0.0,0.0,99.9,0.1
20160219214341,0.0,0.0,0.0,0.0,0.0,0.0,99.6,0.4
20160219214411,0.0,0.0,0.0,0.0,0.0,0.0,97.6,2.4
20160219214441,0.0,0.0,0.0,0.0,0.0,0.0,99.5,0.5
20160219214511,0.0,0.0,0.0,0.0,0.0,0.0,98.4,1.6
20160219214541,0.0,0.0,0.0,0.0,0.0,0.0,88.9,11.1
20160219214611,0.0,0.0,0.0,0.0,0.0,0.0,96.3,3.7
20160219214641,0.0,0.0,0.0,0.0,0.0,0.0,95.1,4.9
20160219214711,0.0,0.0,0.0,0.0,0.0,0.0,99.9,0.1
20160219214741,0.0,0.0,0.0,0.0,0.0,0.0,99.7,0.3
20160219214811,0.0,0.0,0.0,0.0,0.0,0.0,99.5,0.5
20160219214841,0.0,0.0,0.0,0.0,0.0,0.0,99.9,0.1
20160219214911,0.0,0.0,0.0,0.0,0.0,0.0,99.9,0.0
20160219214941,0.0,0.0,0.0,0.0,0.0,0.0,100.0,0.0
20160219215011,0.0,0.0,0.0,0.0,0.0,0.0,100.0,0.0
20160219215041,0.0,0.0,0.0,0.0,0.0,0.0,99.5,0.5
20160219215111,0.0,0.0,0.0,0.0,0.0,0.0,99.9,0.1
20160219215141,0.0,0.0,0.0,0.0,0.0,0.0,99.9,0.1
20160219215211,0.0,0.0,0.0,0.0,0.0,0.0,100.0,0.0
20160219215241,0.0,0.0,0.0,0.0,0.0,0.0,99.8,0.2
20160219215311,0.0,0.0,0.0,0.0,0.0,0.0,99.9,0.1
20160219215341,0.0,0.0,0.0,0.0,0.0,0.0,99.9,0.1
20160219215411,0.0,0.0,0.0,0.0,0.0,0.0,99.6,0.4
20160219215441,0.0,0.0,0.0,0.0,0.0,0.0,98.9,1.1
20160219215511,0.0,0.0,0.0,0.0,0.0,0.0,88.4,11.6
20160219215541,0.0,0.0,0.0,0.0,0.0,0.0,95.9,4.1
20160219215611,0.0,0.0,0.0,0.0,0.0,0.0,99.9,0.1
20160219215641,0.0,0.0,0.0,0.0,0.0,0.0,99.5,0.5
20160219215711,0.0,0.0,0.0,0.0,0.0,0.0,98.8,1.2
20160219215741,0.0,0.0,0.0,0.0,0.0,0.0,98.1,1.9
20160219215811,0.0,0.0,0.0,0.0,0.0,0.0,90.4,9.6
20160219215841,0.0,0.0,0.0,0.0,0.0,0.0,98.2,1.8
20160219215911,0.0,0.0,0.0,0.0,0.0,0.0,97.2,2.8
20160219215941,0.0,0.0,0.0,0.0,0.0,0.0,95.6,4.4
20160219220011,0.0,0.0,0.0,0.0,0.0,0.0,98.4,1.5
20160219220041,0.0,0.0,0.0,0.0,0.0,0.0,99.0,1.0
20160219220112,0.0,0.0,0.0,0.0,0.0,0.0,97.2,2.8
20160219220142,0.0,0.0,0.0,0.0,0.0,0.0,99.3,0.7
20160219220212,0.0,0.0,0.0,0.0,0.0,0.0,98.4,1.6
20160219220242,0.0,0.0,0.0,0.0,0.0,0.0,77.0,23.0
20160219220312,0.0,0.0,0.0,0.0,0.0,0.0,95.6,4.4
20160219220342,0.0,0.0,0.0,0.0,0.0,0.0,89.5,10.5
20160219220412,0.0,0.0,0.0,0.0,0.0,0.0,94.1,5.9
20160219220442,0.0,0.0,0.0,0.0,0.0,0.0,99.3,0.7
20160219220512,0.0,0.0,0.0,0.0,0.0,0.0,99.6,0.4
20160219220542,0.0,0.0,0.0,0.0,0.0,0.0,98.9,1.1
20160219220612,0.0,0.0,0.0,0.0,0.0,0.0,99.9,0.1
20160219220642,0.0,0.0,0.0,0.0,0.0,0.0,94.9,5.1
20160219220712,0.0,0.0,0.0,0.0,0.0,0.0,79.8,20.2
20160219220742,0.0,0.0,0.0,0.0,0.0,0.0,47.9,52.1
20160219220812,0.0,0.0,0.0,0.0,0.0,0.0,80.9,19.1
20160219220842,0.0,0.0,0.0,0.0,0.0,0.0,99.1,0.9
20160219220912,0.0,0.0,0.0,0.0,0.0,0.0,99.2,0.8
20160219220942,0.0,0.0,0.0,0.0,0.0,0.0,98.7,1.3
20160219221012,0.0,0.0,0.0,0.0,0.0,0.0,98.5,1.5
20160219221042,0.0,0.0,0.0,0.0,0.0,0.0,85.1,14.8
20160219221112,0.0,0.0,0.0,0.0,0.0,0.0,75.4,24.6
20160219221142,0.0,0.0,0.0,0.0,0.4,0.0,90.1,9.5
20160219221212,0.0,0.0,0.0,0.0,0.1,0.0,96.0,3.9
20160219221242,0.0,0.0,0.0,0.0,0.1,0.0,85.6,14.3
20160219221312,0.0,0.0,0.0,0.0,0.0,0.0,83.4,16.5
20160219221342,0.0,0.0,0.0,0.0,0.2,0.0,53.5,46.2
20160219221412,0.0,0.0,0.0,0.0,0.0,0.0,93.9,6.1
20160219221442,0.0,0.0,0.0,0.0,0.1,0.0,88.5,11.4
20160219221512,0.0,0.0,0.0,0.0,0.1,0.0,97.8,2.0
20160219221542,0.0,0.0,0.0,0.0,0.0,0.0,99.8,0.2
20160219221612,0.0,0.0,0.0,0.0,0.0,0.0,89.8,10.2
20160219221642,0.0,0.0,0.0,0.0,0.0,0.0,95.1,4.9
20160219221712,0.0,0.0,0.0,0.0,0.0,0.0,100.0,0.0
20160219221742,0.0,0.0,0.0,0.0,0.0,0.0,100.0,0.0
20160219221812,0.0,0.0,0.0,0.0,0.0,0.0,99.9,0.0
20160219221842,0.0,0.0,0.0,0.0,0.1,0.0,99.9,0.1
20160219221912,0.0,0.0,0.0,0.0,0.2,0.0,95.5,4.4
20160219221942,0.0,0.0,0.0,0.0,0.1,0.0,98.1,1.8
20160219222012,0.0,0.0,0.0,0.0,0.3,0.0,33.5,66.2
20160219222042,0.0,0.0,0.0,0.0,1.1,0.0,20.0,78.9
20160219222112,0.0,0.0,0.1,0.0,17.6,0.0,5.4,76.9
20160219222142,0.0,0.0,0.0,0.0,2.1,0.0,3.7,94.1
20160219222212,0.0,0.0,0.0,0.0,4.4,0.0,16.4,79.2
20160219222242,0.0,0.0,0.0,0.0,0.6,0.0,4.2,95.3
20160219222312,0.0,0.0,0.0,0.0,3.7,0.0,5.6,90.7
20160219222342,0.0,0.0,0.0,0.0,4.6,0.0,2.4,93.0
20160219222412,0.0,0.0,0.0,0.0,9.7,0.0,0.3,90.1
20160219222442,0.0,0.0,0.1,0.0,5.8,0.0,3.0,91.1
20160219222512,0.0,0.0,0.0,0.0,3.0,0.0,0.5,96.5
20160219222542,0.0,0.0,0.1,0.0,4.3,0.0,0.8,94.8
20160219222612,0.0,0.0,0.0,0.0,0.6,0.0,16.8,82.5
20160219222642,0.0,0.0,0.0,0.0,0.3,0.0,0.4,99.3
20160219222712,0.0,0.0,0.0,0.0,8.8,0.0,2.2,89.0
20160219222742,0.0,0.0,0.0,0.0,1.6,0.0,4.1,94.3
20160219222812,0.0,0.0,0.0,0.0,1.3,0.0,0.0,98.6
20160219222842,0.0,0.0,0.0,0.0,3.5,0.0,0.1,96.4
20160219222912,0.0,0.0,0.0,0.0,1.5,0.0,0.2,98.3
20160219222942,0.0,0.0,0.0,0.0,0.5,0.0,0.0,99.5
20160219223012,0.0,0.0,0.0,0.0,0.1,0.0,0.0,99.9
20160219223042,0.0,0.0,0.0,0.0,1.0,0.0,0.0,99.0
20160219223112,0.0,0.0,0.0,0.0,0.5,0.0,0.0,99.5
20160219223142,0.0,0.0,0.0,0.0,2.2,0.0,0.0,97.8
20160219223212,0.0,0.0,0.0,0.0,1.3,0.0,0.1,98.6
20160219223242,0.0,0.0,0.0,0.0,1.6,0.0,0.0,98.4
20160219223312,0.0,0.0,0.0,0.0,0.8,0.0,0.0,99.2
20160219223342,0.0,0.0,0.0,0.0,0.6,0.0,0.0,99.4
20160219223412,0.0,0.0,0.0,0.0,8.2,0.0,0.0,91.8
20160219223442,0.0,0.0,0.0,0.0,1.5,0.0,0.0,98.5
20160219223512,0.0,0.0,0.0,0.0,0.7,0.0,0.0,99.2
20160219223543,0.0,0.0,0.0,0.0,0.5,0.0,0.1,99.4
20160219223613,0.0,0.0,0.0,0.0,2.4,0.0,11.1,86.5
20160219223643,0.0,0.0,0.0,0.0,0.6,0.0,10.3,89.1
20160219223713,0.0,0.0,0.0,0.0,0.1,0.0,68.2,31.6
20160219223743,0.0,0.0,0.0,0.0,0.1,0.0,17.7,82.3
20160219223813,0.0,0.0,0.0,0.0,2.7,0.0,57.0,40.3
20160219223843,0.0,0.0,0.0,0.0,0.4,0.0,37.8,61.9
20160219223913,0.0,0.0,0.0,0.0,2.7,0.0,10.8,86.5
20160219223943,0.0,0.0,0.0,0.0,0.9,0.0,8.4,90.7
20160219224013,0.0,0.0,0.0,0.0,0.1,0.0,39.9,59.9
20160219224043,0.0,0.0,0.0,0.0,0.3,0.0,71.1,28.6
20160219224113,0.0,0.0,0.0,0.0,0.2,0.0,90.0,9.8
20160219224143,0.0,0.0,0.0,0.0,2.5,0.0,88.8,8.7
20160219224213,0.0,0.0,0.0,0.0,1.8,0.0,83.7,14.5
20160219224243,0.0,0.0,0.0,0.0,6.1,0.0,66.4,27.5
20160219224313,0.0,0.0,0.0,0.0,1.6,0.0,73.5,24.9
20160219224343,0.0,0.0,0.0,0.0,0.0,0.0,86.2,13.7
20160219224413,0.0,0.0,0.0,0.0,0.1,0.0,94.0,5.9
20160219224443,0.0,0.0,0.0,0.0,0.4,0.0,46.4,53.3
20160219224513,0.0,0.0,0.0,0.0,0.0,0.0,98.6,1.4
20160219224543,0.0,0.0,0.0,0.0,0.0,0.0,99.6,0.4
