UT,arc,discrete,diffuse,ac,ab,clear,cloudy,dd
20160217154600,0.0,0.0,0.0,0.0,0.0,0.0,0.0,100.0
20160217154630,0.0,0.0,0.0,0.0,0.0,0.0,0.0,100.0
20160217154700,0.0,0.0,0.0,0.0,0.0,0.0,0.0,100.0
20160217154730,0.0,0.0,0.0,0.0,0.0,0.0,0.0,100.0
20160217154800,0.0,0.0,0.0,0.0,0.0,0.0,0.0,100.0
20160217154830,0.0,0.0,0.0,0.0,0.0,0.0,0.0,100.0
20160217154900,0.0,0.0,0.0,0.0,0.0,0.0,0.0,100.0
20160217154930,0.0,0.0,0.0,0.0,0.0,0.0,0.0,100.0
20160217155000,0.0,0.0,0.0,0.0,0.0,0.0,0.0,100.0
20160217155030,0.0,0.0,0.0,0.0,0.0,0.0,0.0,100.0
20160217155100,0.0,0.0,0.0,0.0,0.0,0.0,0.0,100.0
20160217155130,0.0,0.0,0.0,0.0,0.0,0.0,0.0,100.0
20160217155200,0.0,0.0,0.0,0.0,0.0,0.0,0.0,100.0
20160217155230,0.0,0.0,0.0,0.0,0.0,0.0,0.0,100.0
20160217155300,0.0,0.0,0.0,0.0,0.0,0.0,0.0,100.0
20160217155330,0.0,0.0,0.0,0.0,0.0,0.0,0.0,100.0
20160217155400,0.0,0.0,0.0,0.0,0.0,0.0,0.0,100.0
20160217155430,0.0,0.0,0.0,0.0,0.0,0.0,0.0,100.0
20160217155500,0.0,0.0,0.0,0.0,0.0,0.0,0.0,100.0
20160217155530,0.0,0.0,0.0,0.0,0.0,0.0,0.0,100.0
20160217155600,0.0,0.0,0.0,0.0,0.0,0.0,0.0,100.0
20160217155630,0.0,0.0,0.0,0.0,0.0,0.0,0.0,100.0
20160217155700,0.0,0.0,0.0,0.0,0.0,0.0,0.0,100.0
20160217155730,0.0,0.0,0.0,0.0,0.0,0.0,0.0,100.0
20160217155800,0.0,0.0,0.0,0.0,0.0,0.0,0.0,100.0
20160217155830,0.0,0.0,0.0,0.0,0.0,0.0,0.0,100.0
20160217155900,0.0,0.0,0.0,0.0,0.0,0.0,0.0,100.0
20160217155930,0.0,0.0,0.0,0.0,0.0,0.0,0.0,100.0
20160217160000,0.0,0.0,0.0,0.0,0.0,0.0,0.0,100.0
20160217160030,0.0,0.0,0.0,0.0,0.0,0.0,0.0,100.0
20160217160100,0.0,0.0,0.0,0.0,0.0,0.0,0.0,100.0
20160217160130,0.0,0.0,0.0,0.0,0.0,0.0,0.0,100.0
20160217160200,0.0,0.0,0.0,0.0,0.0,0.0,0.0,100.0
20160217160230,0.0,0.0,0.0,0.0,0.0,0.0,0.0,100.0
20160217160300,0.0,0.0,0.0,0.0,0.0,0.0,0.0,100.0
20160217160330,0.0,0.0,0.0,0.0,0.0,0.0,0.0,100.0
20160217160400,0.0,0.0,0.0,0.0,0.0,0.0,0.0,100.0
20160217160430,0.0,0.0,0.0,0.0,0.0,0.0,0.0,100.0
20160217160500,0.0,0.0,0.0,0.0,0.0,0.0,0.0,100.0
20160217160530,0.0,0.0,0.0,0.0,0.0,0.0,0.0,100.0
20160217160600,0.0,0.0,0.0,0.0,0.0,0.0,0.0,100.0
20160217160630,0.0,0.0,0.0,0.0,0.0,0.0,0.0,100.0
20160217160700,0.0,0.0,0.0,0.0,0.0,0.0,0.0,100.0
20160217160730,0.0,0.0,0.0,0.0,0.0,0.0,0.0,100.0
20160217160800,0.0,0.0,0.0,0.0,0.0,0.0,0.0,100.0
20160217160830,0.0,0.0,0.0,0.0,0.0,0.0,0.0,100.0
20160217160900,0.0,0.0,0.0,0.0,0.0,0.0,0.0,100.0
20160217160930,0.0,0.0,0.0,0.0,0.0,0.0,0.0,100.0
20160217161000,0.0,0.0,0.0,0.0,0.0,0.0,0.0,100.0
20160217161030,0.0,0.0,0.0,0.0,0.0,0.0,0.0,100.0
20160217161100,0.0,0.0,0.0,0.0,0.0,0.0,0.0,100.0
20160217161130,0.0,0.0,0.0,0.0,0.0,0.0,0.0,100.0
20160217161200,0.0,0.0,0.0,0.0,0.0,0.0,0.0,100.0
20160217161230,0.0,0.0,0.0,0.0,0.0,0.0,0.0,100.0
20160217161300,0.0,0.0,0.0,0.0,0.0,0.0,0.0,100.0
20160217161330,0.0,0.0,0.0,0.0,0.0,0.0,0.0,100.0
20160217161400,0.0,0.0,0.0,0.0,0.0,0.0,0.0,100.0
20160217161431,0.0,0.0,0.0,0.0,0.0,0.0,0.0,100.0
20160217161501,0.0,0.0,0.0,0.0,0.0,0.0,0.0,100.0
20160217161531,0.0,0.0,0.0,0.0,0.0,0.0,0.0,100.0
20160217161601,0.0,0.0,0.0,0.0,0.0,0.0,0.0,100.0
20160217161631,0.0,0.0,0.0,0.0,0.0,0.0,0.0,100.0
20160217161701,0.0,0.0,0.0,0.0,0.0,0.0,0.0,100.0
20160217161731,0.0,0.0,0.0,0.0,0.0,0.0,0.0,100.0
20160217161801,0.0,0.0,0.0,0.0,0.0,0.0,0.0,100.0
20160217161831,0.0,0.0,0.0,0.0,0.0,0.0,0.0,100.0
20160217161901,0.0,0.0,0.0,0.0,0.0,0.0,0.0,100.0
20160217161931,0.0,0.0,0.0,0.0,0.0,0.0,0.0,100.0
20160217162001,0.0,0.0,0.0,0.0,0.0,0.0,0.0,99.9
20160217162031,0.0,0.0,0.0,0.0,0.0,0.0,0.0,100.0
20160217162101,0.0,0.0,0.0,0.0,0.0,0.0,0.0,100.0
20160217162131,0.0,0.0,0.0,0.0,0.0,0.0,0.0,100.0
20160217162201,0.0,0.0,0.0,0.0,0.0,0.0,0.0,100.0
20160217162231,0.0,0.0,0.0,0.0,0.0,0.0,0.0,100.0
20160217162301,0.0,0.0,0.0,0.0,0.0,0.0,0.0,100.0
20160217162331,0.0,0.0,0.0,0.0,0.0,0.0,0.0,100.0
20160217162401,0.0,0.0,0.0,0.0,0.0,0.0,0.0,100.0
20160217162431,0.0,0.0,0.0,0.0,0.0,0.0,0.0,100.0
20160217162501,0.0,0.0,0.0,0.0,0.0,0.0,0.0,100.0
20160217162531,0.0,0.0,0.0,0.0,0.0,0.0,0.0,100.0
20160217162601,0.0,0.0,0.0,0.0,0.0,0.0,0.0,100.0
20160217162631,0.0,0.0,0.0,0.0,0.0,0.0,0.0,100.0
20160217162701,0.0,0.0,0.0,0.0,0.0,0.0,0.0,100.0
20160217162731,0.0,0.0,0.0,0.0,0.0,0.0,0.0,100.0
20160217162801,0.0,0.0,0.0,0.0,0.0,0.0,0.0,100.0
20160217162831,0.0,0.0,0.0,0.0,0.0,0.0,0.0,100.0
20160217162901,0.0,0.0,0.0,0.0,0.0,0.0,0.0,100.0
20160217162931,0.0,0.0,0.0,0.0,0.0,0.0,0.0,100.0
20160217163001,0.0,0.0,0.0,0.0,0.0,0.0,0.0,100.0
20160217163031,0.0,0.0,0.0,0.0,0.0,0.0,0.0,100.0
20160217163101,0.0,0.0,0.0,0.0,0.0,0.0,0.0,100.0
20160217163131,0.0,0.0,0.0,0.0,0.0,0.0,0.1,99.9
20160217163201,0.0,0.0,0.0,0.0,0.0,0.0,0.0,100.0
20160217163231,0.0,0.0,0.0,0.0,0.0,0.0,0.6,99.3
20160217163301,0.0,0.0,0.0,0.0,0.0,0.0,0.2,99.8
20160217163331,0.0,0.0,0.0,0.0,0.0,0.0,0.5,99.5
20160217163401,0.0,0.0,0.0,0.0,0.0,0.0,0.3,99.7
20160217163431,0.0,0.0,0.0,0.0,0.0,0.0,0.4,99.6
20160217163501,0.0,0.0,0.0,0.0,0.0,0.0,0.9,99.0
20160217163531,0.0,0.0,0.0,0.0,0.0,0.1,6.1,93.8
20160217163601,0.0,0.0,0.0,0.0,0.0,0.1,1.5,98.4
20160217163631,0.0,0.0,0.0,0.0,0.0,0.0,0.3,99.7
20160217163701,0.0,0.0,0.0,0.0,0.0,0.0,0.0,100.0
20160217163731,0.0,0.0,0.0,0.0,0.0,0.0,0.0,100.0
20160217163801,0.0,0.0,0.0,0.0,0.0,0.0,0.0,100.0
20160217163831,0.0,0.0,0.0,0.0,0.0,0.0,0.0,100.0
20160217163901,0.0,0.0,0.0,0.0,0.0,0.0,0.0,100.0
20160217163931,0.0,0.0,0.0,0.0,0.0,0.0,0.1,99.9
20160217164001,0.0,0.0,0.0,0.0,0.0,0.0,0.1,99.9
20160217164031,0.0,0.0,0.0,0.0,0.0,0.0,0.1,99.9
20160217164101,0.0,0.0,0.4,0.0,0.0,0.0,0.3,99.2
20160217164131,0.0,0.0,0.0,0.0,0.0,0.0,0.8,99.1
20160217164201,0.0,0.0,0.0,0.0,0.0,0.3,5.2,94.5
20160217164231,0.0,0.0,0.0,0.0,0.0,0.1,10.6,89.3
20160217164301,0.0,0.0,0.0,0.0,0.0,0.1,53.9,45.8
20160217164331,0.0,0.0,0.0,0.0,0.0,0.1,17.9,82.0
20160217164401,0.0,0.0,0.0,0.0,0.0,0.0,2.9,97.1
20160217164431,0.0,0.0,0.0,0.0,0.0,0.0,1.7,98.3
20160217164501,0.0,0.0,0.0,0.0,0.0,0.1,1.5,98.4
20160217164531,0.0,0.0,0.0,0.0,0.0,0.0,0.3,99.6
20160217164731,0.0,0.0,0.0,0.0,0.0,0.0,0.0,100.0
20160217164801,0.0,0.0,0.0,0.0,0.0,0.0,0.0,100.0
20160217164831,0.0,0.0,0.0,0.0,0.0,0.0,0.0,100.0
20160217164902,0.0,0.0,0.0,0.0,0.0,0.0,0.0,100.0
20160217164932,0.0,0.0,0.0,0.0,0.0,0.0,0.0,100.0
20160217165002,0.0,0.0,0.0,0.0,0.0,0.0,0.0,100.0
20160217165032,0.0,0.0,0.0,0.0,0.0,0.0,0.0,100.0
20160217165102,0.0,0.0,0.0,0.0,0.0,0.0,0.0,100.0
20160217165132,0.0,0.0,0.0,0.0,0.0,0.0,0.1,99.9
20160217165202,0.0,0.0,0.0,0.0,0.0,0.0,0.2,99.8
20160217165232,0.0,0.0,0.0,0.0,0.0,0.0,0.4,99.6
20160217165302,0.0,0.0,0.0,0.0,0.0,0.0,0.3,99.7
20160217165332,0.0,0.0,0.0,0.0,0.0,0.0,2.6,97.4
20160217165402,0.0,0.0,0.0,0.0,0.0,0.0,4.1,95.9
20160217165432,0.0,0.0,0.0,0.0,0.0,0.0,14.0,86.0
20160217165502,0.0,0.0,0.0,0.0,0.0,0.0,1.6,98.4
20160217165532,0.0,0.0,0.0,0.0,0.0,0.0,3.4,96.6
20160217165602,0.0,0.0,0.0,0.0,0.0,0.0,8.4,91.6
20160217165632,0.0,0.0,0.0,0.0,0.0,0.0,55.8,44.2
20160217165702,0.0,0.0,0.0,0.0,0.0,0.0,78.2,21.7
20160217165732,0.0,0.0,0.0,0.0,0.1,0.0,29.1,70.7
20160217165802,0.0,0.0,0.0,0.0,0.0,0.0,57.5,42.4
20160217165832,0.0,0.0,0.0,0.0,0.0,0.0,79.5,20.5
20160217165902,0.0,0.0,0.0,0.0,0.0,0.0,30.4,69.6
20160217165932,0.0,0.0,0.0,0.0,0.0,0.0,41.6,58.4
20160217170002,0.0,0.0,0.0,0.0,0.0,0.0,23.2,76.8
20160217170032,0.0,0.0,0.0,0.0,0.0,0.0,72.6,27.4
20160217170102,0.0,0.0,0.0,0.0,0.0,0.0,13.4,86.5
20160217170132,0.0,0.0,0.0,0.0,0.1,0.0,24.5,75.4
20160217170202,0.0,0.0,0.0,0.0,0.1,0.0,82.3,17.6
20160217170232,0.0,0.0,0.0,0.0,0.0,0.0,93.3,6.7
20160217170302,0.0,0.0,0.0,0.0,0.0,0.0,30.7,69.3
20160217170332,0.0,0.0,0.0,0.0,0.0,0.0,17.0,83.0
20160217170402,0.0,0.0,0.0,0.0,0.0,0.0,1.3,98.7
20160217170432,0.0,0.0,0.0,0.0,0.0,0.0,53.5,46.5
20160217170502,0.0,0.0,0.0,0.0,0.0,0.0,2.8,97.2
20160217170532,0.0,0.0,0.0,0.0,0.0,0.0,69.4,30.6
20160217170602,0.0,0.0,0.0,0.0,0.0,0.0,49.8,50.2
20160217170632,0.0,0.0,0.0,0.0,0.0,0.0,7.1,92.9
20160217170702,0.0,0.0,0.0,0.0,0.0,0.0,0.7,99.3
20160217170732,0.0,0.0,0.0,0.0,0.0,0.0,1.1,98.9
20160217170802,0.0,0.0,0.0,0.0,0.0,0.0,0.4,99.6
20160217170832,0.0,0.0,0.0,0.0,0.0,0.0,9.8,90.2
20160217170902,0.0,0.0,0.0,0.0,0.3,0.0,7.9,91.8
20160217170932,0.0,0.0,0.0,0.0,0.1,0.0,22.1,77.8
20160217171002,0.0,0.0,0.0,0.0,0.0,0.0,2.4,97.6
20160217171032,0.0,0.0,0.0,0.0,0.0,0.0,94.1,5.9
20160217171102,0.0,0.0,0.0,0.0,0.0,0.0,22.8,77.2
20160217171132,0.0,0.0,0.0,0.0,0.0,0.0,35.7,64.3
20160217171202,0.0,0.0,0.0,0.0,0.0,0.0,41.4,58.5
20160217171232,0.0,0.0,0.0,0.0,0.0,0.0,14.9,85.1
20160217171302,0.0,0.0,0.0,0.0,0.0,0.0,87.3,12.7
20160217171332,0.0,0.0,0.0,0.0,0.0,0.0,76.4,23.6
20160217171402,0.0,0.0,0.0,0.0,0.0,0.0,28.2,71.8
20160217171432,0.0,0.0,0.0,0.0,0.0,0.0,86.8,13.2
20160217171502,0.0,0.0,0.0,0.0,0.0,0.0,62.9,37.1
20160217171532,0.0,0.0,0.0,0.0,0.0,0.0,68.4,31.6
20160217171603,0.0,0.0,0.0,0.0,0.0,0.0,67.3,32.7
20160217171633,0.0,0.0,0.0,0.0,0.0,0.0,92.3,7.7
20160217171703,0.0,0.0,0.0,0.0,0.0,0.0,11.5,88.5
20160217171733,0.0,0.0,0.0,0.0,0.0,0.0,96.5,3.5
20160217171803,0.0,0.0,0.0,0.0,0.0,0.0,90.7,9.3
20160217171833,0.0,0.0,0.0,0.0,0.0,0.0,95.0,5.0
20160217171903,0.0,0.0,0.0,0.0,0.0,0.0,97.7,2.3
20160217171933,0.0,0.0,0.0,0.0,0.0,0.0,95.8,4.2
20160217172003,0.0,0.0,0.0,0.0,0.0,0.0,99.7,0.3
20160217172033,0.0,0.0,0.0,0.0,0.0,0.0,80.6,19.3
20160217172103,0.0,0.0,0.0,0.0,0.1,0.0,63.1,36.8
20160217172133,0.0,0.0,0.0,0.0,0.0,0.0,87.4,12.6
20160217172203,0.0,0.0,0.0,0.0,0.0,0.0,91.7,8.3
20160217172233,0.0,0.0,0.0,0.0,0.0,0.0,84.8,15.2
20160217172303,0.0,0.0,0.0,0.0,0.0,0.0,82.2,17.8
20160217172333,0.0,0.0,0.0,0.0,0.0,0.0,95.8,4.2
20160217172403,0.0,0.0,0.0,0.0,0.0,0.0,85.1,14.8
20160217172433,0.0,0.0,0.0,0.0,0.0,0.0,85.5,14.5
20160217172503,0.0,0.0,0.0,0.0,0.0,0.0,89.3,10.7
20160217172533,0.0,0.0,0.0,0.0,0.0,0.0,99.1,0.9
20160217172603,0.0,0.0,0.0,0.0,0.0,0.0,99.2,0.8
20160217172633,0.0,0.0,0.0,0.0,0.0,0.0,98.0,2.0
20160217172703,0.0,0.0,0.0,0.0,0.0,0.0,84.2,15.8
20160217172733,0.0,0.0,0.0,0.0,0.0,0.0,99.4,0.6
20160217172803,0.0,0.0,0.0,0.0,0.0,0.0,88.9,11.0
20160217172833,0.0,0.0,0.0,0.0,0.0,0.0,97.9,2.1
20160217172903,0.0,0.0,0.0,0.0,0.0,0.0,97.7,2.2
20160217172933,0.0,0.0,0.0,0.0,0.0,0.0,99.8,0.2
20160217173003,0.0,0.0,0.0,0.0,0.0,0.0,99.3,0.7
20160217173033,0.0,0.0,0.0,0.0,0.0,0.0,88.2,11.8
20160217173103,0.0,0.0,0.0,0.0,0.0,0.0,98.7,1.3
20160217173133,0.0,0.0,0.0,0.0,0.0,0.0,98.6,1.4
20160217173203,0.0,0.0,0.0,0.0,0.0,0.0,95.8,4.2
20160217173233,0.0,0.0,0.0,0.0,0.0,0.0,96.7,3.2
20160217173303,0.0,0.0,0.0,0.0,0.0,0.0,97.4,2.6
20160217173333,0.0,0.0,0.0,0.0,0.0,0.0,99.3,0.7
20160217173403,0.0,0.0,0.0,0.0,0.0,0.0,97.8,2.2
20160217173433,0.0,0.0,0.0,0.0,0.0,0.0,97.6,2.4
20160217173503,0.0,0.0,0.0,0.0,0.0,0.0,97.3,2.7
20160217173533,0.0,0.0,0.0,0.0,0.0,0.0,96.8,3.2
20160217173603,0.0,0.0,0.0,0.0,0.0,0.0,92.6,7.3
20160217173633,0.0,0.0,0.0,0.0,0.1,0.0,91.8,8.2
20160217173703,0.0,0.0,0.0,0.0,0.0,0.0,99.8,0.2
20160217173733,0.0,0.0,0.0,0.0,0.0,0.0,94.9,5.1
20160217173803,0.0,0.0,0.0,0.0,0.0,0.0,98.5,1.5
20160217173833,0.0,0.0,0.0,0.0,0.0,0.0,97.7,2.3
20160217173903,0.0,0.0,0.0,0.0,0.0,0.0,95.9,4.0
20160217173933,0.0,0.0,0.0,0.0,0.0,0.0,99.6,0.4
20160217174003,0.0,0.0,0.0,0.0,0.0,0.0,99.5,0.5
20160217174033,0.0,0.0,0.0,0.0,0.0,0.0,99.2,0.8
20160217174103,0.0,0.0,0.0,0.0,0.0,0.0,99.9,0.1
20160217174133,0.0,0.0,0.0,0.0,0.0,0.0,99.3,0.7
20160217174203,0.0,0.0,0.0,0.0,0.0,0.0,98.7,1.3
20160217174233,0.0,0.0,0.0,0.0,0.0,0.0,99.4,0.6
20160217174303,0.0,0.0,0.0,0.0,0.0,0.0,99.1,0.9
20160217174333,0.0,0.0,0.0,0.0,0.0,0.0,98.7,1.3
20160217174403,0.0,0.0,0.0,0.0,0.0,0.0,99.8,0.2
20160217174433,0.0,0.0,0.0,0.0,0.0,0.0,99.9,0.1
20160217174503,0.0,0.0,0.0,0.0,0.0,0.0,99.6,0.4
20160217174533,0.0,0.0,0.0,0.0,0.0,0.0,99.4,0.5
20160217174603,0.0,0.0,0.0,0.0,0.0,0.0,99.1,0.9
20160217174633,0.0,0.0,0.0,0.0,0.0,0.0,99.6,0.4
20160217174703,0.0,0.0,0.0,0.0,0.0,0.0,100.0,0.0
20160217174733,0.0,0.0,0.0,0.0,0.0,0.0,99.7,0.3
20160217174803,0.0,0.0,0.0,0.0,0.0,0.0,98.6,1.4
20160217174833,0.0,0.0,0.0,0.0,0.0,0.0,98.7,1.3
20160217174903,0.0,0.0,0.0,0.0,0.0,0.0,99.8,0.2
20160217174933,0.0,0.0,0.0,0.0,0.0,0.0,95.3,4.7
20160217175003,0.0,0.0,0.0,0.0,0.0,0.0,98.0,2.0
20160217175034,0.0,0.0,0.0,0.0,0.0,0.0,99.9,0.1
20160217175104,0.0,0.0,0.0,0.0,0.0,0.0,99.7,0.3
20160217175134,0.0,0.0,0.0,0.0,0.0,0.0,99.4,0.6
20160217175204,0.0,0.0,0.0,0.0,0.0,0.0,99.6,0.4
20160217175234,0.0,0.0,0.0,0.0,0.0,0.0,92.3,7.7
20160217175304,0.0,0.0,0.0,0.0,0.0,0.0,99.7,0.3
20160217175334,0.0,0.0,0.0,0.0,0.0,0.0,98.9,1.0
20160217175404,0.0,0.0,0.0,0.0,0.0,0.0,97.4,2.5
20160217175434,0.0,0.0,0.0,0.0,0.0,0.0,99.4,0.6
20160217175504,0.0,0.0,0.0,0.0,0.0,0.0,97.4,2.5
20160217175534,0.0,0.0,0.0,0.0,0.0,0.0,95.4,4.6
20160217175604,0.0,0.0,0.0,0.0,0.0,0.0,95.2,4.8
20160217175634,0.0,0.0,0.0,0.0,0.0,0.0,97.3,2.6
20160217175704,0.0,0.0,0.0,0.0,0.0,0.0,99.3,0.7
20160217175734,0.0,0.0,0.0,0.0,0.0,0.0,99.0,0.9
20160217175804,0.0,0.0,0.0,0.0,0.0,0.0,99.7,0.3
20160217175834,0.0,0.0,0.0,0.0,0.0,0.0,99.1,0.8
20160217175904,0.0,0.0,0.0,0.1,0.0,0.0,99.1,0.8
20160217175934,0.0,0.0,0.0,0.0,0.0,0.0,97.3,2.7
20160217180004,0.0,0.0,0.0,0.0,0.0,0.0,99.8,0.1
20160217180034,0.0,0.0,0.0,0.0,0.0,0.0,99.2,0.7
20160217180104,0.0,0.0,0.0,0.0,0.0,0.0,99.4,0.6
20160217180134,0.0,0.0,0.0,0.0,0.0,0.0,98.5,1.5
20160217180204,0.0,0.0,0.0,0.0,0.0,0.0,99.6,0.4
20160217180234,0.0,0.0,0.0,0.0,0.0,0.0,99.4,0.6
20160217180304,0.0,0.0,0.0,0.0,0.0,0.0,99.8,0.2
20160217180334,0.0,0.0,0.0,0.0,0.0,0.0,99.5,0.5
20160217180404,0.0,0.0,0.0,0.0,0.0,0.0,99.2,0.8
20160217180434,0.0,0.0,0.0,0.0,0.0,0.0,99.7,0.3
20160217180504,0.0,0.0,0.0,0.0,0.0,0.0,99.6,0.4
20160217180534,0.0,0.0,0.0,0.0,0.0,0.0,99.6,0.4
20160217180604,0.0,0.0,0.0,0.0,0.0,0.0,98.4,1.6
20160217180634,0.0,0.0,0.0,0.0,0.0,0.0,94.6,5.4
20160217180704,0.0,0.0,0.0,0.0,0.0,0.0,99.7,0.3
20160217180734,0.0,0.0,0.0,0.1,0.0,0.0,97.2,2.7
20160217180804,0.0,0.0,0.0,0.0,0.0,0.0,99.8,0.1
20160217180834,0.0,0.0,0.0,0.0,0.0,0.0,99.9,0.1
20160217180904,0.0,0.0,0.0,0.0,0.0,0.0,99.8,0.1
20160217180934,0.0,0.0,0.0,0.0,0.0,0.0,99.8,0.2
20160217181004,0.0,0.0,0.0,0.0,0.0,0.0,99.6,0.4
20160217181034,0.0,0.0,0.0,0.0,0.0,0.0,97.0,3.0
20160217181104,0.0,0.0,0.0,0.1,0.0,0.0,98.9,1.0
20160217181134,0.0,0.0,0.0,0.1,0.0,0.0,95.8,4.1
20160217181204,0.0,0.0,0.0,0.4,0.0,0.0,94.3,5.2
20160217181234,0.0,0.0,0.0,0.0,0.0,0.0,99.6,0.3
20160217181304,0.0,0.0,0.0,0.2,0.0,0.0,99.4,0.4
20160217181334,0.0,0.0,0.0,8.3,1.3,0.0,78.0,12.5
20160217181404,0.0,0.0,0.0,1.4,1.1,0.0,91.7,5.9
20160217181434,0.0,0.0,0.0,8.0,4.7,0.0,67.5,19.7
20160217181504,0.0,0.0,0.0,24.6,2.3,0.0,53.0,19.9
20160217181534,0.0,0.0,0.0,25.7,8.3,0.0,55.1,10.9
20160217181604,0.0,0.0,0.0,7.1,0.2,0.0,91.0,1.6
20160217181634,0.0,0.0,0.0,0.3,0.2,0.0,96.5,3.0
20160217181704,0.0,0.0,0.0,0.8,0.1,0.0,98.7,0.4
20160217181734,0.0,0.0,0.0,0.2,0.0,0.0,99.6,0.2
20160217181804,0.0,0.0,0.0,0.2,0.0,0.0,99.3,0.5
20160217181834,0.0,0.0,0.0,0.4,0.0,0.0,99.3,0.2
20160217181904,0.0,0.0,0.0,0.1,0.1,0.0,92.4,7.4
20160217181934,0.0,0.0,0.0,0.1,0.2,0.0,98.9,0.8
20160217182004,0.0,0.0,0.0,0.4,0.3,0.0,98.0,1.3
20160217182034,0.0,0.0,0.0,0.4,0.2,0.0,98.2,1.1
20160217182104,0.0,0.0,0.0,0.4,0.1,0.0,96.6,2.9
20160217182134,0.0,0.0,0.0,0.1,0.1,0.0,96.6,3.2
20160217182204,0.0,0.0,0.0,0.1,0.0,0.0,98.0,1.9
20160217182234,0.0,0.0,0.0,0.3,0.1,0.0,95.5,4.1
20160217182304,0.0,0.0,0.0,0.1,0.0,0.0,95.0,4.8
20160217182334,0.0,0.0,0.0,0.2,0.1,0.0,90.6,9.1
20160217182404,0.0,0.0,0.0,0.3,0.7,0.0,96.5,2.4
20160217182435,0.0,0.0,0.0,0.1,0.0,0.0,98.1,1.8
20160217182505,0.0,0.0,0.0,0.0,0.0,0.0,97.5,2.4
20160217182535,0.0,0.0,0.0,0.4,0.3,0.0,95.0,4.4
20160217182605,0.0,0.0,0.0,0.1,0.0,0.0,98.3,1.5
20160217182635,0.0,0.0,0.0,0.0,0.0,0.0,97.8,2.2
20160217182705,0.0,0.0,0.0,0.0,0.0,0.0,98.5,1.5
20160217182735,0.0,0.0,0.0,0.0,0.0,0.0,94.7,5.2
20160217182805,0.0,0.0,0.0,0.0,0.0,0.0,99.6,0.4
20160217182835,0.0,0.0,0.0,0.0,0.0,0.0,99.3,0.7
20160217182905,0.0,0.0,0.0,0.0,0.0,0.0,99.0,1.0
20160217182935,0.0,0.0,0.0,0.0,0.0,0.0,98.3,1.6
20160217183005,0.0,0.0,0.0,0.0,0.0,0.0,99.3,0.7
20160217183035,0.0,0.0,0.0,0.0,0.0,0.0,99.0,1.0
20160217183105,0.0,0.0,0.0,0.0,0.0,0.0,99.0,1.0
20160217183135,0.0,0.0,0.0,0.0,0.0,0.0,77.7,22.2
20160217183205,0.0,0.0,0.0,0.0,0.0,0.0,99.5,0.5
20160217183235,0.0,0.0,0.0,0.0,0.0,0.0,99.5,0.5
20160217183305,0.0,0.0,0.0,0.0,0.0,0.0,99.6,0.3
20160217183335,0.0,0.0,0.0,0.0,0.0,0.0,99.8,0.2
20160217183405,0.0,0.0,0.0,0.0,0.0,0.0,99.9,0.1
20160217183435,0.0,0.0,0.0,0.0,0.0,0.0,99.9,0.1
20160217183505,0.0,0.0,0.0,0.0,0.0,0.0,99.8,0.2
20160217183535,0.0,0.0,0.0,0.0,0.0,0.0,99.2,0.7
20160217183605,0.0,0.0,0.0,0.0,0.0,0.0,99.8,0.1
20160217183635,0.0,0.0,0.0,0.0,0.0,0.0,99.8,0.1
20160217183705,0.0,0.0,0.0,0.0,0.0,0.0,99.9,0.1
20160217183735,0.0,0.0,0.0,0.0,0.0,0.0,99.9,0.0
20160217183805,0.0,0.0,0.0,0.0,0.0,0.0,99.7,0.3
20160217183835,0.0,0.0,0.0,0.0,0.0,0.0,99.3,0.7
20160217183905,0.0,0.0,0.0,0.0,0.0,0.0,99.9,0.1
20160217183935,0.0,0.0,0.0,0.0,0.0,0.0,99.7,0.3
20160217184005,0.0,0.0,0.0,0.0,0.0,0.0,99.9,0.1
20160217184035,0.0,0.0,0.0,0.0,0.0,0.0,99.8,0.1
20160217184105,0.0,0.0,0.0,0.0,0.0,0.0,98.7,1.3
20160217184135,0.0,0.0,0.0,0.0,0.0,0.0,97.0,3.0
20160217184205,0.0,0.0,0.0,0.0,0.0,0.0,99.9,0.1
20160217184235,0.0,0.0,0.0,0.0,0.0,0.0,99.3,0.7
20160217184305,0.0,0.0,0.0,0.0,0.0,0.0,99.7,0.3
20160217184335,0.0,0.0,0.0,0.0,0.0,0.0,99.9,0.1
20160217184405,0.0,0.0,0.0,0.0,0.0,0.0,99.4,0.6
20160217184435,0.0,0.0,0.0,0.0,0.0,0.0,97.6,2.4
20160217184505,0.0,0.0,0.0,0.0,0.0,0.0,95.9,4.1
20160217184535,0.0,0.0,0.0,0.0,0.0,0.0,96.0,4.0
20160217184605,0.0,0.0,0.0,0.0,0.0,0.0,97.8,2.2
20160217184635,0.0,0.0,0.0,0.1,0.0,0.0,99.3,0.6
20160217184705,0.0,0.0,0.0,0.0,0.0,0.0,99.7,0.2
20160217184735,0.0,0.0,0.0,0.0,0.0,0.0,99.0,1.0
20160217184805,0.0,0.0,0.0,0.0,0.0,0.0,99.2,0.7
20160217184835,0.0,0.0,0.0,0.0,0.0,0.0,98.7,1.3
20160217184905,0.0,0.0,0.0,0.0,0.0,0.0,99.8,0.2
20160217184935,0.0,0.0,0.0,0.0,0.0,0.0,99.3,0.7
20160217185005,0.0,0.0,0.0,0.0,0.0,0.0,99.7,0.3
20160217185035,0.0,0.0,0.0,0.0,0.0,0.0,99.3,0.7
20160217185105,0.0,0.0,0.0,0.0,0.0,0.0,97.8,2.2
20160217185135,0.0,0.0,0.0,0.0,0.0,0.0,99.7,0.3
20160217185205,0.0,0.0,0.0,0.0,0.0,0.0,99.2,0.8
20160217185235,0.0,0.0,0.0,0.0,0.0,0.0,99.9,0.0
20160217185305,0.0,0.0,0.0,0.0,0.0,0.0,99.9,0.0
20160217185335,0.0,0.0,0.0,0.1,0.0,0.0,97.9,2.0
20160217185405,0.0,0.0,0.0,0.0,0.0,0.0,99.3,0.7
20160217185435,0.0,0.0,0.0,0.0,0.0,0.0,94.4,5.6
20160217185505,0.0,0.0,0.0,0.0,0.0,0.0,91.7,8.3
20160217185535,0.0,0.0,0.0,0.0,0.0,0.0,98.5,1.5
20160217185605,0.0,0.0,0.0,0.0,0.0,0.0,98.0,2.0
20160217185635,0.0,0.0,0.0,0.0,0.0,0.0,99.7,0.3
20160217185705,0.0,0.0,0.0,0.0,0.0,0.0,99.8,0.2
20160217185735,0.0,0.0,0.0,0.0,0.0,0.0,99.9,0.1
20160217185805,0.0,0.0,0.0,0.0,0.0,0.0,99.8,0.2
20160217185836,0.0,0.0,0.0,0.0,0.0,0.0,99.6,0.4
20160217185906,0.0,0.0,0.0,0.0,0.0,0.0,99.8,0.2
20160217185936,0.0,0.0,0.0,0.0,0.0,0.0,100.0,0.0
20160217190006,0.0,0.0,0.0,0.0,0.0,0.0,100.0,0.0
20160217190036,0.0,0.0,0.0,0.0,0.0,0.0,99.9,0.1
20160217190106,0.0,0.0,0.0,0.0,0.0,0.0,98.7,1.3
20160217190136,0.0,0.0,0.0,0.0,0.0,0.0,99.3,0.6
20160217190206,0.0,0.0,0.0,0.0,0.0,0.0,99.9,0.1
20160217190236,0.0,0.0,0.0,0.0,0.0,0.0,99.7,0.3
20160217190306,0.0,0.0,0.0,0.0,0.0,0.0,99.9,0.1
20160217190336,0.0,0.0,0.0,0.0,0.0,0.0,100.0,0.0
20160217190406,0.0,0.0,0.0,0.0,0.0,0.0,100.0,0.0
20160217190436,0.0,0.0,0.0,0.0,0.0,0.0,99.9,0.1
20160217190506,0.0,0.0,0.0,0.0,0.0,0.0,99.9,0.1
20160217190536,0.0,0.0,0.0,0.0,0.0,0.0,99.8,0.2
20160217190606,0.0,0.0,0.0,0.0,0.0,0.0,99.4,0.6
20160217190636,0.0,0.0,0.0,0.0,0.0,0.0,99.9,0.1
20160217190706,0.0,0.0,0.0,0.0,0.0,0.0,99.9,0.0
20160217190736,0.0,0.0,0.0,0.0,0.0,0.0,99.8,0.2
20160217190806,0.0,0.0,0.0,0.0,0.0,0.0,99.4,0.6
20160217190836,0.0,0.0,0.0,0.0,0.1,0.0,97.3,2.6
20160217190906,0.0,0.0,0.0,0.0,0.1,0.0,98.6,1.3
20160217190936,0.0,0.0,0.0,0.0,0.0,0.0,99.5,0.5
20160217191006,0.0,0.0,0.0,0.0,0.0,0.0,99.9,0.1
20160217191036,0.0,0.0,0.0,0.0,0.0,0.0,99.9,0.1
20160217191106,0.0,0.0,0.0,0.0,0.0,0.0,99.9,0.1
20160217191136,0.0,0.0,0.0,0.0,0.0,0.0,99.5,0.5
20160217191206,0.0,0.0,0.0,0.0,0.0,0.0,98.3,1.7
20160217191236,0.0,0.0,0.0,0.0,0.0,0.0,99.8,0.2
20160217191306,0.0,0.0,0.0,0.0,0.0,0.0,99.6,0.4
20160217191336,0.0,0.0,0.0,0.0,0.0,0.0,99.8,0.2
20160217191406,0.0,0.0,0.0,0.0,0.0,0.0,100.0,0.0
20160217191436,0.0,0.0,0.0,0.0,0.0,0.0,100.0,0.0
20160217191506,0.0,0.0,0.0,0.0,0.0,0.0,99.9,0.1
20160217191536,0.0,0.0,0.0,0.0,0.0,0.0,99.7,0.2
20160217191606,0.0,0.0,0.0,0.0,0.0,0.0,99.9,0.1
20160217191636,0.0,0.0,0.0,0.0,0.0,0.0,99.9,0.1
20160217191706,0.0,0.0,0.0,0.0,0.0,0.0,99.8,0.2
20160217191736,0.0,0.0,0.0,0.0,0.0,0.0,97.7,2.3
20160217191806,0.0,0.0,0.0,0.0,0.0,0.0,99.7,0.3
20160217191836,0.0,0.0,0.0,0.0,0.0,0.0,99.9,0.1
20160217191906,0.0,0.0,0.0,0.0,0.1,0.0,99.1,0.8
20160217191936,0.0,0.0,0.0,0.0,0.0,0.0,99.9,0.1
20160217192006,0.0,0.0,0.0,0.0,0.0,0.0,99.9,0.1
20160217192036,0.0,0.0,0.0,0.0,0.0,0.0,100.0,0.0
20160217192106,0.0,0.0,0.0,0.0,0.0,0.0,99.9,0.1
20160217192136,0.0,0.0,0.0,0.0,0.0,0.0,99.8,0.2
20160217192206,0.0,0.0,0.0,0.0,0.0,0.0,99.8,0.2
20160217192236,0.0,0.0,0.0,0.0,0.0,0.0,99.7,0.2
20160217192306,0.0,0.0,0.0,0.0,0.0,0.0,99.7,0.3
20160217192336,0.0,0.0,0.0,0.0,0.0,0.0,98.9,1.1
20160217192406,0.0,0.0,0.0,0.0,0.0,0.0,99.1,0.9
20160217192436,0.0,0.0,0.0,0.0,0.0,0.0,99.9,0.1
20160217192506,0.0,0.0,0.0,0.0,0.0,0.0,99.8,0.2
20160217192536,0.0,0.0,0.0,0.0,0.0,0.0,99.8,0.2
20160217192607,0.0,0.0,0.0,0.0,0.0,0.0,98.5,1.5
20160217192637,0.0,0.0,0.0,0.0,0.0,0.0,99.6,0.4
20160217192707,0.0,0.0,0.0,0.0,0.0,0.0,99.7,0.3
20160217192737,0.0,0.0,0.0,0.0,0.0,0.0,99.7,0.3
20160217192807,0.0,0.0,0.0,0.0,0.0,0.0,97.8,2.2
20160217192837,0.0,0.0,0.0,0.0,0.0,0.0,99.7,0.3
20160217192907,0.0,0.0,0.0,0.0,0.0,0.0,99.5,0.5
20160217192937,0.0,0.0,0.0,0.0,0.0,0.0,97.1,2.9
20160217193007,0.0,0.0,0.0,0.0,0.0,0.0,99.9,0.1
20160217193037,0.0,0.0,0.0,0.0,0.1,0.0,98.2,1.7
20160217193107,0.0,0.0,0.0,0.0,0.1,0.0,98.7,1.2
20160217193137,0.0,0.0,0.0,0.0,0.0,0.0,99.1,0.9
20160217193207,0.0,0.0,0.0,0.0,0.0,0.0,99.9,0.1
20160217193237,0.0,0.0,0.0,0.0,0.0,0.0,99.8,0.2
20160217193307,0.0,0.0,0.0,0.0,0.0,0.0,100.0,0.0
20160217193337,0.0,0.0,0.0,0.0,0.0,0.0,99.8,0.2
20160217193407,0.0,0.0,0.0,0.0,0.0,0.0,99.8,0.2
20160217193437,0.0,0.0,0.0,0.0,0.0,0.0,99.9,0.1
20160217193507,0.0,0.0,0.0,0.0,0.0,0.0,99.9,0.1
20160217193537,0.0,0.0,0.0,0.0,0.0,0.0,99.8,0.2
20160217193607,0.0,0.0,0.0,0.0,0.0,0.0,99.8,0.2
20160217193637,0.0,0.0,0.0,0.0,0.0,0.0,99.9,0.1
20160217193707,0.0,0.0,0.0,0.0,0.0,0.0,99.0,1.0
20160217193737,0.0,0.0,0.0,0.0,0.0,0.0,97.7,2.3
20160217193807,0.0,0.0,0.0,0.0,0.0,0.0,99.5,0.5
20160217193837,0.0,0.0,0.0,0.0,0.0,0.0,99.5,0.5
20160217193907,0.0,0.0,0.0,0.0,0.0,0.0,99.8,0.2
20160217193937,0.0,0.0,0.0,0.0,0.0,0.0,99.8,0.2
20160217194007,0.0,0.0,0.0,0.0,0.0,0.0,99.9,0.1
20160217194037,0.0,0.0,0.0,0.0,0.0,0.0,99.9,0.1
20160217194107,0.0,0.0,0.0,0.0,0.0,0.0,97.6,2.3
20160217194137,0.0,0.0,0.0,0.0,0.0,0.0,99.8,0.2
20160217194207,0.0,0.0,0.0,0.0,0.0,0.0,99.9,0.1
20160217194237,0.0,0.0,0.0,0.0,0.0,0.0,99.8,0.2
20160217194307,0.0,0.0,0.0,0.0,0.0,0.0,97.9,2.1
20160217194337,0.0,0.0,0.0,0.0,0.0,0.0,98.8,1.2
20160217194407,0.0,0.0,0.0,0.0,0.0,0.0,99.7,0.3
20160217194437,0.0,0.0,0.0,0.0,0.0,0.0,99.9,0.1
20160217194507,0.0,0.0,0.0,0.0,0.0,0.0,99.5,0.4
20160217194537,0.0,0.0,0.0,0.0,0.0,0.0,99.2,0.8
20160217194607,0.0,0.0,0.0,0.0,0.0,0.0,98.7,1.3
20160217194637,0.0,0.0,0.0,0.0,0.0,0.0,99.7,0.3
20160217194707,0.0,0.0,0.0,0.0,0.0,0.0,99.5,0.5
20160217194737,0.0,0.0,0.0,0.0,0.0,0.0,99.3,0.7
20160217194807,0.0,0.0,0.0,0.0,0.0,0.0,99.9,0.1
20160217194837,0.0,0.0,0.0,0.0,0.0,0.0,97.2,2.7
20160217194907,0.0,0.0,0.0,0.0,0.0,0.0,98.3,1.7
20160217194937,0.0,0.0,0.0,0.0,0.0,0.0,99.1,0.9
20160217195007,0.0,0.0,0.0,0.0,0.0,0.0,99.9,0.1
20160217195037,0.0,0.0,0.0,0.0,0.0,0.0,99.9,0.1
20160217195107,0.0,0.0,0.0,0.0,0.0,0.0,99.3,0.7
20160217195137,0.0,0.0,0.0,0.0,0.0,0.0,98.6,1.3
20160217195207,0.0,0.0,0.0,0.0,0.1,0.0,97.8,2.1
20160217195237,0.0,0.0,0.0,0.0,0.0,0.0,99.2,0.7
20160217195307,0.0,0.0,0.0,0.0,0.0,0.0,98.9,1.1
20160217195337,0.0,0.0,0.0,0.0,0.0,0.0,99.0,1.0
20160217195407,0.0,0.0,0.0,0.0,0.0,0.0,99.3,0.6
20160217195437,0.0,0.0,0.0,0.1,0.0,0.0,97.9,2.0
20160217195507,0.0,0.0,0.0,0.2,0.1,0.0,99.0,0.8
20160217195537,0.0,0.0,0.0,0.0,0.0,0.0,99.1,0.9
20160217195607,0.0,0.0,0.0,0.1,0.0,0.0,98.3,1.6
20160217195637,0.0,0.0,0.0,0.2,0.1,0.0,98.7,1.1
20160217195707,0.0,0.0,0.0,0.2,0.1,0.0,99.1,0.7
20160217195737,0.0,0.0,0.0,0.0,0.0,0.0,99.9,0.1
20160217195807,0.0,0.0,0.0,0.1,0.0,0.0,98.8,1.1
20160217195837,0.0,0.0,0.0,0.0,0.0,0.0,99.5,0.4
20160217195907,0.0,0.0,0.0,0.1,0.0,0.0,98.3,1.6
20160217195937,0.0,0.0,0.0,0.0,0.0,0.0,99.8,0.1
20160217200008,0.0,0.0,0.0,0.2,0.1,0.0,98.9,0.8
20160217200038,0.0,0.0,0.0,0.2,0.1,0.0,97.8,2.0
20160217200108,0.0,0.0,0.0,0.3,0.1,0.0,97.4,2.3
20160217200138,0.0,0.0,0.0,0.2,0.0,0.0,99.6,0.2
20160217200208,0.0,0.0,0.0,0.1,0.0,0.0,99.5,0.4
20160217200238,0.0,0.0,0.0,0.1,0.0,0.0,99.3,0.7
20160217200308,0.0,0.0,0.0,0.1,0.0,0.0,99.7,0.2
20160217200338,0.0,0.0,0.0,0.2,0.0,0.0,99.0,0.8
20160217200408,0.0,0.0,0.0,0.2,0.1,0.0,94.1,5.7
20160217200438,0.0,0.0,0.0,0.0,0.0,0.0,99.6,0.3
20160217200508,0.0,0.0,0.0,0.1,0.0,0.0,99.4,0.5
20160217200538,0.0,0.0,0.0,0.1,0.0,0.0,99.3,0.6
20160217200608,0.0,0.0,0.0,0.4,0.0,0.0,97.7,1.9
20160217200638,0.0,0.0,0.0,0.2,0.2,0.0,96.3,3.4
20160217200708,0.0,0.0,0.0,0.4,0.2,0.0,99.0,0.5
20160217200738,0.0,0.0,0.0,0.8,0.3,0.0,95.3,3.6
20160217200808,0.0,0.0,0.0,0.1,0.1,0.0,97.7,2.2
20160217200838,0.0,0.0,0.0,0.0,0.0,0.0,98.9,1.1
20160217200908,0.0,0.0,0.0,0.1,0.0,0.0,97.4,2.5
20160217200938,0.0,0.0,0.0,0.1,0.0,0.0,98.2,1.8
20160217201008,0.0,0.0,0.0,0.0,0.0,0.0,99.3,0.6
20160217201038,0.0,0.0,0.0,0.1,0.0,0.0,98.8,1.2
20160217201108,0.0,0.0,0.0,0.1,0.0,0.0,99.7,0.3
20160217201138,0.0,0.0,0.0,0.1,0.0,0.0,99.7,0.2
20160217201208,0.0,0.0,0.0,0.1,0.0,0.0,99.5,0.4
20160217201238,0.0,0.0,0.0,0.0,0.0,0.0,99.6,0.4
20160217201308,0.0,0.0,0.0,0.0,0.0,0.0,99.7,0.3
20160217201338,0.0,0.0,0.0,0.0,0.0,0.0,99.8,0.2
20160217201408,0.0,0.0,0.0,0.0,0.0,0.0,99.1,0.9
20160217201438,0.0,0.0,0.0,0.0,0.0,0.0,99.7,0.3
20160217201508,0.0,0.0,0.0,0.0,0.0,0.0,99.2,0.7
20160217201538,0.0,0.0,0.0,0.0,0.0,0.0,99.2,0.8
20160217201608,0.0,0.0,0.0,0.1,0.0,0.0,96.9,3.0
20160217201638,0.0,0.0,0.0,0.1,0.0,0.0,98.1,1.8
20160217201708,0.0,0.0,0.0,0.1,0.0,0.0,99.1,0.8
20160217201738,0.0,0.0,0.0,0.0,0.0,0.0,98.6,1.4
20160217201808,0.0,0.0,0.0,0.0,0.0,0.0,99.8,0.2
20160217201838,0.0,0.0,0.0,0.0,0.0,0.0,99.5,0.5
20160217201908,0.0,0.0,0.0,0.0,0.0,0.0,99.6,0.3
20160217201938,0.0,0.0,0.0,0.0,0.0,0.0,99.2,0.7
20160217202008,0.0,0.0,0.0,0.0,0.0,0.0,99.7,0.3
20160217202038,0.0,0.0,0.0,0.0,0.0,0.0,99.3,0.7
20160217202108,0.0,0.0,0.0,0.0,0.0,0.0,99.3,0.6
20160217202138,0.0,0.0,0.0,0.0,0.0,0.0,98.0,2.0
20160217202208,0.0,0.0,0.0,0.0,0.0,0.0,99.5,0.5
20160217202238,0.0,0.0,0.0,0.1,0.0,0.0,99.0,0.8
20160217202308,0.0,0.0,0.0,0.0,0.0,0.0,99.2,0.8
20160217202338,0.0,0.0,0.0,0.0,0.0,0.0,97.8,2.1
20160217202408,0.0,0.0,0.0,0.0,0.0,0.0,98.9,1.0
20160217202438,0.0,0.0,0.0,0.1,0.0,0.0,87.8,12.1
20160217202508,0.0,0.0,0.0,0.0,0.0,0.0,98.5,1.5
20160217202538,0.0,0.0,0.0,0.0,0.0,0.0,96.7,3.3
20160217202608,0.0,0.0,0.0,0.0,0.0,0.0,99.1,0.9
20160217202638,0.0,0.0,0.0,0.1,0.0,0.0,95.4,4.5
20160217202708,0.0,0.0,0.0,0.0,0.0,0.0,97.2,2.7
20160217202738,0.0,0.0,0.0,0.1,0.0,0.0,92.3,7.6
20160217202808,0.0,0.0,0.0,0.1,0.0,0.0,96.7,3.3
20160217202838,0.0,0.0,0.0,0.4,0.0,0.0,91.2,8.4
20160217202908,0.0,0.0,0.0,0.7,0.0,0.0,94.1,5.2
20160217202938,0.0,0.0,0.0,0.6,0.0,0.0,96.7,2.7
20160217203008,0.0,0.0,0.0,0.1,0.0,0.0,93.1,6.7
20160217203038,0.0,0.0,0.0,0.4,0.0,0.0,97.5,2.1
20160217203108,0.0,0.0,0.0,0.3,0.0,0.0,95.6,4.1
20160217203138,0.0,0.0,0.0,0.0,0.0,0.0,95.0,4.9
20160217203208,0.0,0.0,0.0,0.0,0.0,0.0,98.6,1.4
20160217203238,0.0,0.0,0.0,0.1,0.0,0.0,97.1,2.8
20160217203308,0.0,0.0,0.0,0.1,0.0,0.0,99.0,0.9
20160217203338,0.0,0.0,0.0,0.1,0.0,0.0,99.2,0.7
20160217203408,0.0,0.0,0.0,0.0,0.0,0.0,97.5,2.5
20160217203439,0.0,0.0,0.0,0.0,0.0,0.0,96.9,3.1
20160217203509,0.0,0.0,0.0,0.0,0.0,0.0,94.6,5.4
20160217203539,0.0,0.0,0.0,0.0,0.0,0.0,96.0,4.0
20160217203609,0.0,0.0,0.0,0.0,0.0,0.0,96.0,4.0
20160217203639,0.0,0.0,0.0,0.0,0.0,0.0,97.6,2.4
20160217203709,0.0,0.0,0.0,0.0,0.0,0.0,89.7,10.3
20160217203739,0.0,0.0,0.0,0.0,0.0,0.0,97.9,2.1
20160217203809,0.0,0.0,0.0,0.0,0.0,0.0,94.2,5.7
20160217203839,0.0,0.0,0.0,0.0,0.0,0.0,96.8,3.2
20160217203909,0.0,0.0,0.0,0.0,0.0,0.0,97.2,2.8
20160217203939,0.0,0.0,0.0,0.1,0.0,0.0,80.6,19.3
20160217204009,0.0,0.0,0.0,0.0,0.0,0.0,93.8,6.1
20160217204039,0.0,0.0,0.0,0.1,0.0,0.0,92.4,7.5
20160217204109,0.0,0.0,0.0,0.1,0.0,0.0,61.1,38.8
20160217204139,0.0,0.0,0.0,0.0,0.0,0.0,85.2,14.7
20160217204209,0.0,0.0,0.0,0.1,0.0,0.0,39.7,60.2
20160217204239,0.0,0.0,0.0,0.0,0.0,0.0,94.4,5.6
20160217204309,0.0,0.0,0.0,0.0,0.0,0.0,96.3,3.6
20160217204339,0.0,0.0,0.0,0.0,0.0,0.0,47.0,53.0
20160217204409,0.0,0.0,0.0,0.0,0.0,0.0,97.5,2.5
20160217204439,0.0,0.0,0.0,0.0,0.0,0.0,33.3,66.7
20160217204509,0.0,0.0,0.0,0.0,0.0,0.0,94.1,5.9
20160217204539,0.0,0.0,0.0,0.0,0.0,0.0,92.9,7.1
20160217204609,0.0,0.0,0.0,0.1,0.1,0.0,90.9,8.9
20160217204639,0.0,0.0,0.0,0.0,0.0,0.0,70.0,30.0
20160217204709,0.0,0.0,0.0,0.0,0.0,0.0,97.3,2.7
20160217204739,0.0,0.0,0.0,0.0,0.0,0.0,98.1,1.9
20160217204809,0.0,0.0,0.0,0.1,0.0,0.0,92.1,7.7
20160217204839,0.0,0.0,0.0,0.4,0.0,0.0,95.2,4.3
20160217204909,0.0,0.0,0.0,3.5,0.2,0.0,44.8,51.4
20160217204939,0.0,0.0,0.0,1.1,0.2,0.0,67.9,30.8
20160217205009,0.0,0.0,0.0,6.2,0.7,0.0,9.3,83.8
20160217205039,0.0,0.0,0.0,6.5,0.2,0.0,70.0,23.3
20160217205109,0.0,0.0,0.0,6.4,0.1,0.0,68.8,24.7
20160217205139,0.0,0.0,0.0,9.2,0.2,0.0,43.0,47.6
20160217205209,0.0,0.0,0.0,0.5,0.1,0.0,95.2,4.2
20160217205239,0.0,0.0,0.0,1.9,0.1,0.0,90.8,7.2
20160217205309,0.0,0.0,0.0,1.6,0.2,0.0,97.4,0.9
20160217205339,0.0,0.0,0.0,4.2,0.7,0.0,92.3,2.9
20160217205409,0.0,0.0,0.0,3.1,0.9,0.0,52.0,44.0
20160217205439,0.0,0.0,0.0,8.1,0.5,0.0,82.8,8.6
20160217205509,0.0,0.0,0.0,3.8,1.9,0.0,73.1,21.1
20160217205539,0.0,0.0,0.0,2.8,0.5,0.0,93.3,3.5
20160217205609,0.0,0.0,0.0,1.1,0.3,0.0,86.7,11.8
20160217205639,0.0,0.0,0.0,0.6,0.4,0.0,98.0,1.1
20160217205709,0.0,0.0,0.0,0.6,0.1,0.0,88.0,11.4
20160217205739,0.0,0.0,0.0,3.9,0.4,0.0,93.1,2.6
20160217205809,0.0,0.0,0.0,0.5,0.3,0.0,96.2,3.0
20160217205839,0.0,0.0,0.0,0.5,0.0,0.0,96.0,3.5
20160217205909,0.0,0.0,0.0,0.3,0.0,0.0,98.1,1.6
20160217205939,0.0,0.0,0.0,0.8,0.1,0.0,56.2,42.9
20160217210009,0.0,0.0,0.0,0.6,0.1,0.0,90.3,9.0
20160217210039,0.0,0.0,0.0,1.0,0.4,0.0,94.2,4.4
20160217210109,0.0,0.0,0.0,0.4,0.1,0.0,92.1,7.4
20160217210140,0.0,0.0,0.0,0.0,0.0,0.0,99.0,1.0
20160217210210,0.0,0.0,0.0,0.1,0.0,0.0,27.1,72.8
20160217210240,0.0,0.0,0.0,0.0,0.0,0.0,92.6,7.4
20160217210310,0.0,0.0,0.0,0.0,0.0,0.0,94.3,5.6
20160217210340,0.0,0.0,0.0,0.1,0.0,0.0,93.6,6.3
20160217210410,0.0,0.0,0.0,0.0,0.0,0.0,91.4,8.5
20160217210440,0.0,0.0,0.0,0.1,0.1,0.0,92.7,7.1
20160217210510,0.0,0.0,0.0,0.2,0.3,0.0,95.8,3.7
20160217210540,0.0,0.0,0.0,0.7,0.2,0.0,95.4,3.7
20160217210610,0.0,0.0,0.0,0.1,0.2,0.0,97.8,1.9
20160217210640,0.0,0.0,0.0,0.7,0.1,0.0,97.8,1.5
20160217210710,0.0,0.0,0.0,0.6,0.0,0.0,98.4,0.9
20160217210740,0.0,0.0,0.0,0.3,0.1,0.0,95.0,4.7
20160217210810,0.0,0.0,0.0,0.1,0.0,0.0,52.8,47.2
20160217210840,0.0,0.0,0.0,0.0,0.0,0.0,91.6,8.4
20160217210910,0.0,0.0,0.0,0.0,0.0,0.0,22.2,77.7
20160217210940,0.0,0.0,0.0,0.0,0.0,0.0,85.7,14.3
20160217211010,0.0,0.0,0.0,0.0,0.0,0.0,47.3,52.7
20160217211040,0.0,0.0,0.0,0.0,0.0,0.0,53.5,46.5
20160217211110,0.0,0.0,0.0,0.1,0.0,0.0,89.5,10.4
20160217211140,0.0,0.0,0.0,0.0,0.2,0.0,91.4,8.4
20160217211210,0.0,0.0,0.0,0.0,0.0,0.0,94.6,5.3
20160217211240,0.0,0.0,0.0,0.0,0.1,0.0,78.7,21.2
20160217211310,0.0,0.0,0.0,0.4,0.1,0.0,82.9,16.6
20160217211340,0.0,0.0,0.0,0.2,0.1,0.0,92.7,7.0
20160217211410,0.0,0.0,0.0,0.1,0.0,0.0,93.7,6.2
20160217211440,0.0,0.0,0.0,0.1,0.1,0.0,93.3,6.5
20160217211510,0.0,0.0,0.0,0.3,0.3,0.0,80.1,19.3
20160217211540,0.0,0.0,0.0,0.0,0.1,0.0,67.6,32.3
20160217211610,0.0,0.0,0.0,0.6,0.2,0.0,34.6,64.6
20160217211640,0.0,0.0,0.0,0.4,0.2,0.0,95.7,3.7
20160217211710,0.0,0.0,0.0,0.0,0.2,0.0,94.4,5.3
20160217211740,0.0,0.0,0.0,0.0,0.1,0.0,83.9,16.0
20160217211810,0.0,0.0,0.0,0.0,0.0,0.0,99.0,1.0
20160217211840,0.0,0.0,0.0,0.1,0.4,0.0,45.3,54.2
20160217211910,0.0,0.0,0.0,0.1,0.2,0.0,25.7,74.0
20160217211940,0.0,0.0,0.0,0.0,0.0,0.0,15.6,84.4
20160217212010,0.0,0.0,0.0,0.2,0.8,0.0,29.4,69.6
20160217212040,0.0,0.0,0.0,0.0,0.7,0.0,81.6,17.7
20160217212110,0.0,0.0,0.0,0.4,0.5,0.0,91.4,7.6
20160217212140,0.0,0.0,0.0,0.1,0.2,0.0,37.8,62.0
20160217212210,0.0,0.0,0.0,0.0,0.0,0.0,26.9,73.1
20160217212240,0.0,0.0,0.0,0.0,0.0,0.0,9.5,90.5
20160217212310,0.0,0.0,0.0,0.0,0.0,0.0,21.0,79.0
20160217212340,0.0,0.0,0.0,0.0,0.0,0.0,1.1,98.9
20160217212410,0.0,0.0,0.0,0.0,0.0,0.0,46.9,53.1
20160217212440,0.0,0.0,0.0,0.0,0.0,0.0,5.7,94.2
20160217212510,0.0,0.0,0.0,0.0,0.1,0.0,1.9,98.1
20160217212540,0.0,0.0,0.0,0.0,0.8,0.0,4.5,94.7
20160217212610,0.0,0.0,0.0,0.0,0.2,0.0,4.3,95.4
20160217212640,0.0,0.0,0.0,0.0,0.0,0.0,0.7,99.3
20160217212710,0.0,0.0,0.0,0.0,0.0,0.0,11.6,88.4
20160217212740,0.0,0.0,0.0,0.0,0.0,0.0,49.4,50.5
20160217212810,0.0,0.0,0.0,0.0,0.1,0.0,34.4,65.5
20160217212840,0.0,0.0,0.0,0.0,0.1,0.0,20.3,79.6
20160217212910,0.0,0.0,0.0,0.0,0.0,0.0,10.2,89.8
20160217212940,0.0,0.0,0.0,0.1,0.0,0.0,46.0,53.9
20160217213010,0.0,0.0,0.0,0.0,0.0,0.0,8.5,91.5
20160217213040,0.0,0.0,0.0,0.1,0.0,0.0,76.9,23.1
20160217213110,0.0,0.0,0.0,0.1,0.0,0.0,21.9,78.0
20160217213140,0.0,0.0,0.0,0.0,0.0,0.0,24.8,75.2
20160217213210,0.0,0.0,0.0,0.0,0.0,0.0,10.0,90.0
20160217213240,0.0,0.0,0.0,0.0,0.0,0.0,40.6,59.3
20160217213310,0.0,0.0,0.0,0.0,0.0,0.0,2.6,97.4
20160217213340,0.0,0.0,0.0,0.0,0.0,0.0,9.7,90.3
20160217213410,0.0,0.0,0.0,0.0,0.0,0.0,19.1,80.9
20160217213440,0.0,0.0,0.0,0.0,0.0,0.0,15.0,84.9
20160217213510,0.0,0.0,0.0,0.0,0.0,0.0,37.6,62.4
20160217213541,0.0,0.0,0.0,0.0,0.1,0.0,63.2,36.8
20160217213611,0.0,0.0,0.0,0.0,0.0,0.0,11.9,88.1
20160217213641,0.0,0.0,0.0,0.0,0.0,0.0,27.5,72.5
20160217213711,0.0,0.0,0.0,0.0,0.0,0.0,59.9,40.0
20160217213741,0.0,0.0,0.0,0.0,0.0,0.0,1.1,98.9
20160217213811,0.0,0.0,0.0,0.0,0.0,0.0,8.2,91.7
20160217213841,0.0,0.0,0.0,0.0,0.0,0.0,54.0,46.0
20160217213911,0.0,0.0,0.0,0.2,0.0,0.0,29.7,70.1
20160217213941,0.0,0.0,0.0,0.0,0.0,0.0,7.6,92.4
20160217214011,0.0,0.0,0.0,1.5,0.0,0.0,2.9,95.5
20160217214041,0.0,0.0,0.0,0.1,0.1,0.0,28.3,71.5
20160217214111,0.0,0.0,0.0,0.1,0.0,0.0,57.9,42.0
20160217214141,0.0,0.0,0.0,0.0,0.4,0.0,33.5,66.0
20160217214211,0.0,0.0,0.0,0.1,0.1,0.0,24.1,75.7
20160217214241,0.0,0.0,0.0,0.0,0.0,0.0,48.8,51.2
20160217214311,0.0,0.0,0.0,0.0,0.0,0.0,13.0,87.0
20160217214341,0.0,0.0,0.0,0.0,0.0,0.0,13.5,86.4
20160217214411,0.0,0.0,0.0,0.0,0.0,0.0,0.8,99.2
20160217214441,0.0,0.0,0.0,0.0,0.0,0.0,1.1,98.9
20160217214511,0.0,0.0,0.0,0.0,0.0,0.0,2.5,97.5
20160217214541,0.0,0.0,0.0,0.0,0.0,0.0,2.3,97.7
20160217214611,0.0,0.0,0.0,0.0,0.0,0.0,37.4,62.6
20160217214641,0.0,0.0,0.0,0.0,0.0,0.0,6.1,93.9
20160217214711,0.0,0.0,0.0,0.0,0.0,0.0,13.1,86.9
20160217214741,0.0,0.0,0.0,0.0,0.0,0.0,15.7,84.3
20160217214811,0.0,0.0,0.0,0.0,0.1,0.0,50.5,49.5
20160217214841,0.0,0.0,0.0,0.0,0.0,0.0,2.1,97.9
20160217214911,0.0,0.0,0.0,0.0,0.0,0.0,7.2,92.8
20160217214941,0.0,0.0,0.0,0.0,0.0,0.0,7.0,93.0
20160217215011,0.0,0.0,0.0,0.0,0.0,0.0,9.1,90.9
20160217215041,0.0,0.0,0.0,0.0,0.0,0.0,55.1,44.9
20160217215111,0.0,0.0,0.0,0.0,0.0,0.0,2.9,97.1
20160217215141,0.0,0.0,0.0,0.0,0.0,0.0,13.6,86.4
20160217215211,0.0,0.0,0.0,0.0,0.0,0.0,13.2,86.8
20160217215241,0.0,0.0,0.0,0.0,0.0,0.0,9.8,90.2
20160217215311,0.0,0.0,0.0,0.0,0.0,0.0,0.7,99.3
20160217215341,0.0,0.0,0.0,0.0,0.0,0.0,3.1,96.9
20160217215411,0.0,0.0,0.0,0.0,0.0,0.0,3.6,96.4
20160217215441,0.0,0.0,0.0,0.0,0.0,0.0,0.6,99.4
20160217215511,0.0,0.0,0.0,0.0,0.0,0.0,0.2,99.8
20160217215541,0.0,0.0,0.0,0.0,0.0,0.0,0.0,100.0
20160217215611,0.0,0.0,0.0,0.0,0.0,0.0,0.3,99.7
20160217215641,0.0,0.0,0.0,0.0,0.0,0.0,0.4,99.6
20160217215711,0.0,0.0,0.0,0.0,0.0,0.0,0.1,99.9
20160217215741,0.0,0.0,0.0,0.0,0.0,0.0,0.5,99.5
20160217215811,0.0,0.0,0.0,0.0,0.0,0.0,0.2,99.8
20160217215841,0.0,0.0,0.0,0.0,0.0,0.0,2.1,97.9
20160217215911,0.0,0.0,0.0,0.0,0.0,0.0,8.2,91.8
20160217215941,0.0,0.0,0.0,0.0,0.0,0.0,8.1,91.9
20160217220011,0.0,0.0,0.0,0.0,0.0,0.0,0.1,99.9
20160217220041,0.0,0.0,0.0,0.0,0.0,0.0,1.6,98.4
20160217220111,0.0,0.0,0.0,0.0,0.0,0.0,0.7,99.3
20160217220141,0.0,0.0,0.0,0.0,0.0,0.0,0.3,99.7
20160217220211,0.0,0.0,0.0,0.0,0.0,0.0,0.4,99.6
20160217220241,0.0,0.0,0.0,0.0,0.0,0.0,7.5,92.5
20160217220311,0.0,0.0,0.0,0.0,0.0,0.0,0.2,99.8
20160217220341,0.0,0.0,0.0,0.0,0.0,0.0,3.1,96.9
20160217220411,0.0,0.0,0.0,0.0,0.0,0.0,0.9,99.1
20160217220441,0.0,0.0,0.0,0.0,0.0,0.0,1.8,98.2
20160217220511,0.0,0.0,0.0,0.0,0.0,0.0,25.6,74.3
20160217220541,0.0,0.0,0.0,0.0,0.0,0.0,11.5,88.5
20160217220611,0.0,0.0,0.0,0.0,0.0,0.0,0.6,99.4
20160217220641,0.0,0.0,0.0,0.0,0.0,0.0,2.3,97.7
20160217220711,0.0,0.0,0.0,0.0,0.0,0.0,0.2,99.8
20160217220741,0.0,0.0,0.0,0.0,0.0,0.0,15.2,84.8
20160217220811,0.0,0.0,0.0,0.0,0.0,0.0,22.1,77.8
20160217220841,0.0,0.0,0.0,0.0,0.0,0.0,1.0,99.0
20160217220911,0.0,0.0,0.0,0.0,0.0,0.0,18.9,81.1
20160217220941,0.0,0.0,0.0,0.0,0.0,0.0,2.4,97.6
20160217221011,0.0,0.0,0.0,0.0,0.0,0.0,1.8,98.2
20160217221042,0.0,0.0,0.0,0.0,0.0,0.0,25.5,74.4
20160217221112,0.0,0.0,0.0,0.0,0.0,0.0,12.3,87.7
20160217221142,0.0,0.0,0.0,0.0,0.0,0.0,27.4,72.6
20160217221212,0.0,0.0,0.0,0.0,0.0,0.0,83.6,16.4
20160217221242,0.0,0.0,0.0,0.0,0.1,0.0,25.7,74.3
20160217221312,0.0,0.0,0.0,0.0,0.2,0.0,61.8,38.0
20160217221342,0.0,0.0,0.0,0.7,0.1,0.0,51.8,47.4
20160217221412,0.0,0.0,0.0,0.0,0.0,0.0,91.1,8.9
20160217221442,0.0,0.0,0.0,0.7,0.1,0.0,29.5,69.7
20160217221512,0.0,0.0,0.0,0.4,0.0,0.0,92.1,7.5
20160217221542,0.0,0.0,0.0,0.3,0.0,0.0,69.5,30.2
20160217221612,0.0,0.0,0.0,0.1,0.0,0.0,98.3,1.6
20160217221642,0.0,0.0,0.0,0.1,0.0,0.0,91.5,8.3
20160217221712,0.0,0.0,0.0,0.3,0.0,0.0,87.3,12.4
20160217221742,0.0,0.0,0.0,0.0,0.0,0.0,91.6,8.4
20160217221812,0.0,0.0,0.0,0.1,0.0,0.0,75.2,24.7
20160217221842,0.0,0.0,0.0,0.1,0.4,0.0,55.8,43.7
20160217221912,0.0,0.0,0.0,0.3,0.3,0.0,41.8,57.6
20160217221942,0.0,0.0,0.0,0.1,0.1,0.0,73.3,26.6
20160217222012,0.0,0.0,0.0,0.3,0.3,0.0,70.2,29.2
20160217222042,0.0,0.0,0.0,0.0,0.1,0.0,37.4,62.5
20160217222112,0.0,0.0,0.0,0.0,0.1,0.0,82.3,17.6
20160217222142,0.0,0.0,0.0,0.3,0.5,0.0,70.8,28.5
20160217222212,0.0,0.0,0.0,0.1,0.1,0.0,98.2,1.7
20160217222242,0.0,0.0,0.0,0.0,0.1,0.0,96.1,3.8
20160217222312,0.0,0.0,0.0,0.1,0.1,0.0,95.7,4.1
20160217222342,0.0,0.0,0.0,0.0,0.1,0.0,99.1,0.8
20160217222412,0.0,0.0,0.0,0.0,0.0,0.0,95.5,4.4
20160217222442,0.0,0.0,0.0,0.0,0.0,0.0,95.3,4.6
20160217222512,0.0,0.0,0.0,0.0,0.0,0.0,98.7,1.3
20160217222542,0.0,0.0,0.0,0.0,0.0,0.0,91.5,8.4
20160217222612,0.0,0.0,0.0,0.0,0.0,0.0,94.2,5.7
20160217222642,0.0,0.0,0.0,1.7,1.4,0.0,87.4,9.4
20160217222712,0.0,0.0,0.0,0.6,0.3,0.0,97.2,1.9
20160217222742,0.0,0.0,0.0,0.5,0.1,0.0,97.2,2.2
20160217222812,0.0,0.0,0.0,0.1,0.0,0.0,97.5,2.3
20160217222842,0.0,0.0,0.0,1.9,0.3,0.0,82.4,15.4
20160217222912,0.0,0.0,0.0,0.2,0.1,0.0,97.8,1.8
20160217222942,0.0,0.0,0.0,2.7,0.7,0.0,68.4,28.2
20160217223012,0.0,0.0,0.0,1.2,0.3,0.0,80.2,18.3
20160217223042,0.0,0.0,0.0,0.6,0.3,0.0,94.2,4.8
20160217223112,0.0,0.0,0.0,2.7,0.6,0.0,83.7,13.0
20160217223142,0.0,0.0,0.0,6.2,0.3,0.0,62.0,31.4
20160217223212,0.0,0.0,0.0,1.1,0.1,0.0,97.5,1.3
20160217223242,0.0,0.0,0.0,1.2,0.2,0.0,82.3,16.3
20160217223312,0.0,0.0,0.0,0.9,0.2,0.0,88.7,10.3
20160217223342,0.0,0.0,0.0,0.0,0.0,0.0,99.9,0.1
20160217223412,0.0,0.0,0.0,0.4,0.1,0.0,97.2,2.3
20160217223442,0.0,0.0,0.0,0.1,0.0,0.0,96.2,3.6
20160217223512,0.0,0.0,0.0,0.1,0.0,0.0,99.3,0.6
20160217223542,0.0,0.0,0.0,0.1,0.0,0.0,99.3,0.6
20160217223612,0.0,0.0,0.0,0.1,0.0,0.0,97.9,1.9
20160217223642,0.0,0.0,0.0,0.1,0.0,0.0,98.7,1.3
20160217223713,0.0,0.0,0.0,0.1,0.0,0.0,99.7,0.2
20160217223743,0.0,0.0,0.0,0.1,0.0,0.0,99.7,0.2
20160217223813,0.0,0.0,0.0,0.2,0.0,0.0,99.6,0.2
20160217223843,0.0,0.0,0.0,0.1,0.0,0.0,99.6,0.3
20160217223913,0.0,0.0,0.0,0.9,0.1,0.0,92.5,6.4
20160217223943,0.0,0.0,0.0,0.5,0.1,0.0,87.0,12.3
20160217224013,0.0,0.0,0.0,32.1,0.7,0.0,42.5,24.7
