UT,arc,discrete,diffuse,ac,ab,clear,cloudy,dd
20160224161200,0.0,0.0,0.0,0.0,0.0,0.0,0.0,100.0
20160224161230,0.0,0.0,0.0,0.0,0.0,0.0,0.0,100.0
20160224161300,0.0,0.0,0.0,0.0,0.0,0.0,0.0,100.0
20160224161330,0.0,0.0,0.0,0.0,0.0,0.0,0.0,100.0
20160224161400,0.0,0.0,0.0,0.0,0.0,0.0,0.0,100.0
20160224161430,0.0,0.0,0.0,0.0,0.0,0.0,0.0,100.0
20160224161500,0.0,0.0,0.0,0.0,0.0,0.0,0.0,100.0
20160224161530,0.0,0.0,0.0,0.0,0.0,0.0,0.0,100.0
20160224161600,0.0,0.0,0.0,0.0,0.0,0.0,0.0,100.0
20160224161630,0.0,0.0,0.0,0.0,0.0,0.0,0.0,100.0
20160224161700,0.0,0.0,0.0,0.0,0.0,0.0,0.0,100.0
20160224161730,0.0,0.0,0.0,0.0,0.0,0.0,0.0,100.0
20160224161800,0.0,0.0,0.0,0.0,0.0,0.0,0.0,100.0
20160224161830,0.0,0.0,0.0,0.0,0.0,0.0,0.0,100.0
20160224161900,0.0,0.0,0.0,0.0,0.0,0.0,0.0,100.0
20160224161930,0.0,0.0,0.0,0.0,0.0,0.0,0.0,100.0
20160224162000,0.0,0.0,0.0,0.0,0.0,0.0,0.0,100.0
20160224162030,0.0,0.0,0.0,0.0,0.0,0.0,0.0,100.0
20160224162100,0.0,0.0,0.0,0.0,0.0,0.0,0.0,100.0
20160224162130,0.0,0.0,0.0,0.0,0.0,0.0,0.0,100.0
20160224162200,0.0,0.0,0.0,0.0,0.0,0.0,0.0,100.0
20160224162230,0.0,0.0,0.0,0.0,0.0,0.0,0.0,100.0
20160224162300,0.0,0.0,0.0,0.0,0.0,0.0,0.0,100.0
20160224162330,0.0,0.0,0.0,0.0,0.0,0.0,0.0,100.0
20160224162400,0.0,0.0,0.0,0.0,0.0,0.0,0.0,100.0
20160224162430,0.0,0.0,0.0,0.0,0.0,0.0,0.0,100.0
20160224162500,0.0,0.0,0.0,0.0,0.0,0.0,0.0,100.0
20160224162530,0.0,0.0,0.0,0.0,0.0,0.0,0.0,100.0
20160224162600,0.0,0.0,0.0,0.0,0.0,0.0,0.0,100.0
20160224162630,0.0,0.0,0.0,0.0,0.0,0.0,0.0,100.0
20160224162700,0.0,0.0,0.0,0.0,0.0,0.0,0.0,100.0
20160224162730,0.0,0.0,0.0,0.0,0.0,0.0,0.0,100.0
20160224162800,0.0,0.0,0.0,0.0,0.0,0.0,0.0,100.0
20160224162830,0.0,0.0,0.0,0.0,0.0,0.0,0.0,100.0
20160224162900,0.0,0.0,0.0,0.0,0.0,0.0,0.0,100.0
20160224162930,0.0,0.0,0.0,0.0,0.0,0.0,0.0,100.0
20160224163000,0.0,0.0,0.0,0.0,0.0,0.0,0.0,100.0
20160224163030,0.0,0.0,0.0,0.0,0.0,0.0,0.0,100.0
20160224163100,0.0,0.0,0.0,0.0,0.0,0.0,0.0,100.0
20160224163130,0.0,0.0,0.0,0.0,0.0,0.0,0.0,100.0
20160224163200,0.0,0.0,0.0,0.0,0.0,0.0,0.0,100.0
20160224163230,0.0,0.0,0.0,0.0,0.0,0.0,0.0,100.0
20160224163300,0.0,0.0,0.0,0.0,0.0,0.0,0.0,100.0
20160224163330,0.0,0.0,0.0,0.0,0.0,0.0,0.0,100.0
20160224163400,0.0,0.0,0.0,0.0,0.0,0.0,0.0,100.0
20160224163430,0.0,0.0,0.0,0.0,0.0,0.0,0.0,100.0
20160224163500,0.0,0.0,0.0,0.0,0.0,0.0,0.0,100.0
20160224163530,0.0,0.0,0.0,0.0,0.0,0.0,0.0,100.0
20160224163600,0.0,0.0,0.0,0.0,0.0,0.0,0.0,100.0
20160224163630,0.0,0.0,0.0,0.0,0.0,0.0,0.0,100.0
20160224163700,0.0,0.0,0.0,0.0,0.0,0.0,0.0,100.0
20160224163730,0.0,0.0,0.0,0.0,0.0,0.0,0.0,100.0
20160224163800,0.0,0.0,0.0,0.0,0.0,0.0,0.0,100.0
20160224163830,0.0,0.0,0.0,0.0,0.0,0.0,0.0,100.0
20160224163900,0.0,0.0,0.0,0.0,0.0,0.0,0.0,100.0
20160224163930,0.0,0.0,0.0,0.0,0.0,0.0,0.0,100.0
20160224164000,0.0,0.0,0.0,0.0,0.0,0.0,0.0,100.0
20160224164030,0.0,0.0,0.0,0.0,0.0,0.0,0.0,100.0
20160224164100,0.0,0.0,0.0,0.0,0.0,0.0,0.0,100.0
20160224164131,0.0,0.0,0.0,0.0,0.0,0.0,0.0,100.0
20160224164201,0.0,0.0,0.0,0.0,0.0,0.0,0.0,100.0
20160224164231,0.0,0.0,0.0,0.0,0.0,0.0,0.0,100.0
20160224164301,0.0,0.0,0.0,0.0,0.0,0.0,0.0,100.0
20160224164331,0.0,0.0,0.0,0.0,0.0,0.0,0.0,100.0
20160224164401,0.0,0.0,0.0,0.0,0.0,0.0,0.0,100.0
20160224164431,0.0,0.0,0.0,0.0,0.0,0.0,0.0,100.0
20160224164501,0.0,0.0,0.0,0.0,0.0,0.0,0.0,100.0
20160224164531,0.0,0.0,0.0,0.0,0.0,0.0,0.0,100.0
20160224164601,0.0,0.0,0.0,0.0,0.0,0.0,0.0,100.0
20160224164631,0.0,0.0,0.0,0.0,0.0,0.0,0.0,100.0
20160224164701,0.0,0.0,0.0,0.0,0.0,0.0,0.0,100.0
20160224164731,0.0,0.0,0.0,0.0,0.0,0.0,0.0,100.0
20160224164801,0.0,0.0,0.0,0.0,0.0,0.0,0.0,100.0
20160224164831,0.0,0.0,0.0,0.0,0.0,0.0,0.0,100.0
20160224164901,0.0,0.0,0.0,0.0,0.0,0.0,0.0,100.0
20160224164931,0.0,0.0,0.0,0.0,0.0,0.0,0.0,100.0
20160224165001,0.0,0.0,0.0,0.0,0.0,0.0,0.0,100.0
20160224165031,0.0,0.0,0.0,0.0,0.0,0.0,0.0,100.0
20160224165101,0.0,0.0,0.0,0.0,0.0,0.0,0.0,100.0
20160224165131,0.0,0.0,0.0,0.0,0.0,0.0,0.0,100.0
20160224165201,0.0,0.0,0.0,0.0,0.0,0.0,0.0,100.0
20160224165231,0.0,0.0,0.0,0.0,0.0,0.0,0.0,100.0
20160224165301,0.0,0.0,0.0,0.0,0.0,0.0,0.0,100.0
20160224165331,0.0,0.0,0.0,0.0,0.0,0.0,0.0,100.0
20160224165401,0.0,0.0,0.0,0.0,0.0,0.0,0.0,100.0
20160224165431,0.0,0.0,0.0,0.0,0.0,0.0,0.0,100.0
20160224165501,0.0,0.0,0.0,0.0,0.0,0.0,0.0,100.0
20160224165531,0.0,0.0,0.0,0.0,0.0,0.0,0.0,100.0
20160224165601,0.0,0.0,0.0,0.0,0.0,0.0,0.0,100.0
20160224165631,0.0,0.0,0.0,0.0,0.0,0.0,0.0,100.0
20160224165701,0.0,0.0,0.0,0.0,0.0,0.0,0.0,100.0
20160224165731,0.0,0.0,0.0,0.0,0.0,0.0,0.0,100.0
20160224165801,0.0,0.0,0.0,0.0,0.0,0.0,0.0,100.0
20160224165831,0.0,0.0,0.0,0.0,0.0,0.0,0.0,100.0
20160224165901,0.0,0.0,0.0,0.0,0.0,0.0,0.0,100.0
20160224165931,0.0,0.0,0.0,0.0,0.0,0.0,0.0,100.0
20160224170001,0.0,0.0,0.0,0.0,0.0,0.0,0.0,100.0
20160224170031,0.0,0.0,0.0,0.0,0.0,0.0,0.0,100.0
20160224170101,0.0,0.0,0.0,0.0,0.0,0.0,0.0,100.0
20160224170131,0.0,0.0,0.0,0.0,0.0,0.0,0.0,100.0
20160224170201,0.0,0.0,0.0,0.0,0.0,0.0,0.0,100.0
20160224170231,0.0,0.0,0.0,0.0,0.0,0.0,0.0,100.0
20160224170301,0.0,0.0,0.0,0.0,0.0,0.0,0.0,100.0
20160224170331,0.0,0.0,0.0,0.0,0.0,0.0,0.0,100.0
20160224170401,0.0,0.0,0.0,0.0,0.0,0.0,0.0,100.0
20160224170431,0.0,0.0,0.0,0.0,0.0,0.0,0.0,100.0
20160224170501,0.0,0.0,0.0,0.0,0.0,0.0,0.0,100.0
20160224170531,0.0,0.0,0.0,0.0,0.0,0.0,0.0,100.0
20160224170601,0.0,0.0,0.0,0.0,0.0,0.0,0.2,99.7
20160224170631,0.0,0.0,0.1,0.0,0.0,0.2,0.2,99.6
20160224170701,0.0,0.0,0.0,0.0,0.0,0.0,0.0,99.9
20160224170731,0.0,0.0,0.0,0.0,0.0,0.0,0.1,99.9
20160224170801,0.0,0.0,0.0,0.0,0.0,0.1,0.1,99.8
20160224170831,0.0,0.0,0.1,0.0,0.0,0.2,0.3,99.4
20160224170902,0.0,0.0,0.0,0.0,0.0,0.2,0.1,99.7
20160224170932,0.0,0.0,0.0,0.0,0.0,0.1,0.0,99.8
20160224171002,0.0,0.0,0.0,0.0,0.0,0.1,0.0,99.9
20160224171032,0.0,0.0,0.0,0.0,0.0,0.1,0.0,99.9
20160224171102,0.0,0.0,0.0,0.0,0.0,3.3,0.8,95.8
20160224171132,0.0,0.0,0.0,0.0,0.0,0.9,0.3,98.8
20160224171332,0.0,0.0,0.0,0.0,0.0,0.0,0.0,100.0
20160224171402,0.0,0.0,0.0,0.0,0.0,0.0,0.0,100.0
20160224171432,0.0,0.0,0.0,0.0,0.0,0.0,0.0,100.0
20160224171502,0.0,0.0,0.0,0.0,0.0,0.0,0.0,100.0
20160224171532,0.0,0.0,0.0,0.0,0.0,0.0,0.0,100.0
20160224171602,0.0,0.0,0.0,0.0,0.0,0.0,0.0,100.0
20160224171632,0.0,0.0,0.0,0.0,0.0,0.0,0.0,100.0
20160224171702,0.0,0.0,0.0,0.0,0.0,0.0,0.0,100.0
20160224171732,0.0,0.0,0.0,0.0,0.0,0.0,0.0,100.0
20160224171802,0.0,0.0,0.0,0.0,0.0,0.0,0.0,100.0
20160224171832,0.0,0.0,0.0,0.0,0.0,0.0,0.0,100.0
20160224171902,0.0,0.0,0.0,0.0,0.0,0.0,0.0,100.0
20160224171932,0.0,0.0,0.0,0.0,0.0,0.0,0.0,100.0
20160224172002,0.0,0.0,0.0,0.0,0.0,0.0,0.0,100.0
20160224172032,0.0,0.0,0.0,0.0,0.0,0.0,0.0,100.0
20160224172102,0.0,0.0,0.0,0.0,0.0,0.0,0.0,100.0
20160224172132,0.0,0.0,0.0,0.0,0.0,0.0,0.0,100.0
20160224172202,0.0,0.0,0.0,0.0,0.0,0.0,0.0,100.0
20160224172232,0.0,0.0,0.0,0.0,0.0,0.0,0.0,100.0
20160224172302,0.0,0.0,0.0,0.0,0.0,0.0,0.3,99.7
20160224172332,0.0,0.0,0.0,0.0,0.0,0.0,0.1,99.8
20160224172402,0.0,0.0,0.0,0.0,0.0,0.0,0.2,99.8
20160224172432,0.0,0.0,0.1,0.0,0.1,0.0,2.0,97.8
20160224172502,0.0,0.0,0.0,0.0,0.0,0.0,0.2,99.7
20160224172532,0.0,0.0,0.0,0.0,0.0,0.0,0.1,99.9
20160224172602,0.0,0.0,0.1,0.0,0.2,0.0,3.6,96.1
20160224172632,0.0,0.0,0.0,0.0,0.0,0.0,0.3,99.7
20160224172702,0.0,0.0,0.0,0.0,0.1,0.0,1.8,98.0
20160224172732,0.0,0.0,0.0,0.0,0.1,0.0,6.3,93.5
20160224172802,0.0,0.0,0.0,0.0,0.1,0.0,4.5,95.4
20160224172832,0.0,0.0,0.1,0.0,0.2,0.1,9.0,90.5
20160224172902,0.0,0.0,0.1,0.0,0.0,0.0,4.2,95.6
20160224172932,0.0,0.0,0.2,0.0,0.2,0.0,31.4,68.1
20160224173002,0.0,0.0,0.6,0.0,1.0,0.3,24.4,73.7
20160224173032,0.0,0.0,0.3,0.1,0.4,0.0,41.8,57.3
20160224173102,0.0,0.0,1.2,0.0,0.6,0.1,22.2,75.9
20160224173132,0.0,0.0,0.1,0.0,0.2,0.0,64.3,35.3
20160224173202,0.0,0.0,0.1,0.1,0.1,0.0,86.8,13.0
20160224173232,0.0,0.0,0.9,0.0,0.1,0.0,36.4,62.6
20160224173302,0.0,0.0,0.1,0.0,0.0,0.0,5.5,94.4
20160224173332,0.0,0.0,0.1,0.0,0.0,0.0,0.6,99.2
20160224173402,0.0,0.0,0.2,0.0,0.0,0.0,1.0,98.8
20160224173432,0.0,0.0,0.0,0.0,0.0,0.0,0.4,99.6
20160224173502,0.0,0.0,0.5,0.0,0.0,0.0,5.5,94.0
20160224173532,0.0,0.0,0.1,0.0,0.0,0.0,0.1,99.8
20160224173602,0.0,0.0,0.2,0.0,0.0,0.0,1.1,98.6
20160224173632,0.0,0.0,1.1,0.0,0.0,0.0,0.2,98.6
20160224173702,0.0,0.0,0.1,0.0,0.0,0.0,0.2,99.8
20160224173732,0.0,0.0,0.3,0.0,0.0,0.0,0.1,99.6
20160224173802,0.0,0.0,0.1,0.0,0.0,0.0,0.3,99.6
20160224173832,0.0,0.0,0.2,0.0,0.0,0.0,0.0,99.8
20160224173902,0.0,0.0,0.1,0.0,0.0,0.6,0.7,98.5
20160224173932,0.0,0.0,0.8,0.0,0.0,0.3,0.7,98.3
20160224174002,0.0,0.0,0.3,0.0,0.0,0.7,0.4,98.6
20160224174032,0.0,0.0,0.1,0.0,0.0,0.4,0.3,99.1
20160224174102,0.0,0.0,0.1,0.0,0.0,0.1,0.0,99.7
20160224174132,0.0,0.0,0.4,0.0,0.0,0.2,0.1,99.2
20160224174202,0.1,0.0,8.4,0.0,0.4,4.7,5.8,80.7
20160224174232,0.1,0.0,6.1,0.0,0.2,6.5,1.4,85.7
20160224174302,0.0,0.0,17.3,0.0,0.2,1.5,0.8,80.1
20160224174333,0.1,0.0,15.6,0.0,0.1,11.0,22.3,50.9
20160224174403,0.0,0.0,2.3,0.0,0.0,2.1,6.5,89.2
20160224174433,0.0,0.0,3.0,0.0,0.0,0.7,0.2,96.0
20160224174503,0.0,0.0,36.7,0.0,0.2,7.8,1.0,54.3
20160224174533,0.0,0.0,39.4,0.0,0.3,1.4,0.9,58.0
20160224174603,0.0,0.0,51.7,0.0,0.3,4.8,5.2,38.0
20160224174633,0.0,0.0,22.6,0.0,0.1,3.2,10.4,63.8
20160224174703,0.0,0.0,54.9,0.0,0.1,6.5,4.3,34.3
20160224174733,0.0,0.0,26.8,0.0,0.1,1.9,0.5,70.7
20160224174803,0.0,0.0,9.8,0.0,0.1,11.4,15.4,63.3
20160224174833,0.0,0.0,59.1,0.0,0.2,8.3,3.5,28.9
20160224174903,0.0,0.0,44.4,0.0,0.3,7.6,41.6,6.1
20160224174933,0.0,0.0,8.1,0.0,0.1,5.4,31.1,55.2
20160224175003,0.0,0.0,37.0,0.0,0.3,44.9,7.8,10.0
20160224175033,0.0,0.0,43.1,0.0,0.2,21.0,3.3,32.4
20160224175103,0.0,0.0,27.7,0.1,1.2,14.7,20.1,36.1
20160224175133,0.0,0.0,18.9,0.0,0.1,1.4,39.0,40.6
20160224175203,0.0,0.0,33.9,0.0,0.1,8.2,14.0,43.8
20160224175233,0.0,0.0,30.8,0.0,0.0,1.4,63.7,4.1
20160224175303,0.0,0.0,35.8,0.0,0.2,1.9,56.4,5.7
20160224175333,0.0,0.0,21.6,0.0,0.0,8.6,53.6,16.2
20160224175403,0.0,0.0,1.4,0.0,0.0,1.0,24.0,73.6
20160224175433,0.0,0.0,5.9,0.0,0.0,0.2,89.5,4.4
20160224175503,0.0,0.0,25.5,0.0,0.1,0.9,69.8,3.8
20160224175533,0.0,0.0,22.0,0.0,0.1,15.9,48.7,13.3
20160224175603,0.0,0.0,14.2,0.0,0.1,0.7,39.7,45.2
20160224175633,0.0,0.0,20.7,0.0,0.2,6.4,45.1,27.4
20160224175703,0.0,0.0,7.5,0.0,0.1,3.0,16.8,72.7
20160224175733,0.1,0.0,17.8,0.0,0.4,14.3,37.8,29.5
20160224175803,0.0,0.0,7.6,0.0,0.1,14.8,73.4,4.1
20160224175833,0.0,0.0,3.1,0.0,0.1,22.1,23.6,51.0
20160224175903,0.1,0.0,4.8,0.0,0.2,3.6,60.2,31.1
20160224175933,0.0,0.0,12.6,0.0,0.0,13.3,71.8,2.4
20160224180003,0.1,0.0,36.0,0.0,0.1,16.4,40.9,6.5
20160224180033,0.4,0.0,9.7,0.0,0.0,17.1,8.3,64.4
20160224180103,0.1,0.0,11.0,0.0,0.3,21.0,26.0,41.6
20160224180133,0.0,0.0,13.8,0.0,0.1,35.1,44.1,6.9
20160224180203,0.0,0.0,4.9,0.0,0.1,15.4,72.7,6.8
20160224180233,0.0,0.0,3.3,0.0,0.0,27.8,23.6,45.3
20160224180303,0.0,0.0,3.0,0.0,0.0,11.9,79.8,5.3
20160224180333,0.0,0.0,2.3,0.0,0.0,3.8,66.4,27.5
20160224180403,0.0,0.0,19.8,0.0,0.1,35.9,8.6,35.4
20160224180433,0.0,0.0,9.5,0.0,0.1,22.8,37.9,29.6
20160224180503,0.0,0.0,3.8,0.0,0.1,5.0,34.1,57.0
20160224180533,0.0,0.0,1.5,0.0,0.0,5.3,26.5,66.7
20160224180603,0.0,0.0,1.7,0.0,0.0,0.6,97.5,0.2
20160224180633,0.0,0.0,13.1,0.0,0.0,8.0,47.6,31.3
20160224180703,0.0,0.0,12.9,0.0,0.0,2.1,84.5,0.5
20160224180733,0.0,0.0,13.4,0.0,0.0,6.4,33.4,46.8
20160224180803,0.0,0.0,13.8,0.0,0.0,34.9,43.4,7.8
20160224180833,0.0,0.0,1.3,0.0,0.0,4.0,91.3,3.4
20160224180903,0.0,0.0,2.5,0.0,0.1,66.0,25.0,6.3
20160224180933,0.0,0.0,3.0,0.0,0.1,31.0,10.0,55.9
20160224181003,0.0,0.0,4.5,0.0,0.2,9.2,83.1,2.9
20160224181033,0.0,0.0,0.2,0.0,0.0,0.6,8.4,90.8
20160224181103,0.0,0.0,6.9,0.0,0.1,37.2,14.5,41.3
20160224181133,0.0,0.0,8.6,0.0,0.1,30.3,38.8,22.1
20160224181203,0.0,0.0,5.3,0.0,0.5,25.8,51.1,17.3
20160224181233,0.0,0.0,0.3,0.0,0.0,2.3,43.1,54.2
20160224181303,0.0,0.0,0.4,0.0,0.0,2.5,4.5,92.5
20160224181333,0.0,0.0,1.4,0.1,0.0,1.2,8.5,88.8
20160224181403,0.0,0.0,1.0,0.0,0.0,2.7,2.7,93.6
20160224181433,0.0,0.0,0.5,0.0,0.0,3.2,2.7,93.5
20160224181503,0.0,0.0,0.9,0.0,0.2,5.8,3.0,90.0
20160224181533,0.0,0.0,0.8,0.0,0.0,1.2,75.9,22.0
20160224181603,0.0,0.0,0.6,0.0,0.0,3.0,38.2,58.1
20160224181633,0.0,0.0,1.1,0.1,0.1,1.0,4.5,93.2
20160224181703,0.0,0.0,2.6,0.0,0.0,7.1,4.9,85.3
20160224181734,0.0,0.0,0.7,0.0,0.0,0.4,16.5,82.3
20160224181804,0.0,0.0,2.7,0.0,0.0,1.2,3.9,92.1
20160224181834,0.0,0.0,1.2,0.0,0.1,0.8,3.7,94.2
20160224181904,0.0,0.0,1.7,0.0,0.0,1.3,5.2,91.8
20160224181934,0.0,0.0,2.2,0.0,0.0,1.8,4.9,91.0
20160224182004,0.0,0.0,0.7,0.0,0.0,3.4,4.7,91.2
20160224182034,0.0,0.0,2.0,0.0,0.1,2.4,42.3,53.3
20160224182104,0.3,0.0,6.1,0.1,0.4,9.7,16.4,67.0
20160224182134,0.0,0.0,2.6,0.0,0.1,30.4,5.8,61.0
20160224182204,0.1,0.0,8.7,0.0,0.1,6.6,4.0,80.5
20160224182234,0.3,0.0,10.6,0.0,0.2,34.6,0.9,53.4
20160224182304,0.2,0.0,9.5,0.0,0.4,18.4,1.0,70.5
20160224182334,0.0,0.0,2.0,0.0,0.0,4.9,0.8,92.2
20160224182404,0.1,0.0,4.8,0.0,0.2,9.9,0.9,84.1
20160224182434,0.1,0.0,8.0,0.0,0.0,2.7,1.1,88.0
20160224182504,0.0,0.0,2.3,0.0,0.0,0.5,0.2,96.9
20160224182534,0.1,0.0,26.8,0.0,0.1,46.3,4.2,22.5
20160224182604,0.0,0.0,7.1,0.0,0.0,1.0,0.2,91.7
20160224182634,0.0,0.0,6.3,0.0,0.0,2.6,0.9,90.1
20160224182704,0.0,0.0,1.0,0.0,0.0,1.3,0.6,97.1
20160224182734,0.0,0.0,4.1,0.0,0.0,1.1,1.5,93.3
20160224182804,0.0,0.0,1.2,0.0,0.0,0.3,0.4,98.1
20160224182834,0.0,0.0,0.4,0.0,0.0,1.3,0.4,97.9
20160224182904,0.0,0.0,0.0,0.0,0.0,0.0,0.0,99.9
20160224182934,0.0,0.0,0.0,0.0,0.0,0.0,0.0,99.9
20160224183004,0.0,0.0,1.1,0.0,0.0,0.4,0.3,98.2
20160224183034,0.0,0.0,1.3,0.0,0.0,0.1,0.4,98.2
20160224183104,0.0,0.0,1.0,0.0,0.0,0.0,0.1,98.9
20160224183134,0.0,0.0,2.5,0.0,0.0,0.1,1.1,96.3
20160224183204,0.0,0.0,1.1,0.0,0.0,0.1,0.0,98.8
20160224183234,0.0,0.0,0.1,0.0,0.0,0.0,0.0,99.9
20160224183304,0.0,0.0,0.1,0.0,0.0,0.0,0.0,99.9
20160224183334,0.0,0.0,0.4,0.0,0.0,0.0,0.1,99.5
20160224183404,0.0,0.0,0.8,0.0,0.0,0.1,0.1,99.1
20160224183434,0.0,0.0,0.0,0.0,0.0,0.0,0.0,99.9
20160224183504,0.0,0.0,0.0,0.0,0.0,0.0,0.0,99.9
20160224183534,0.0,0.0,0.0,0.0,0.0,0.0,0.0,100.0
20160224183604,0.0,0.0,0.1,0.0,0.0,0.0,0.0,99.9
20160224183634,0.0,0.0,0.2,0.0,0.0,0.0,0.0,99.8
20160224183704,0.0,0.0,0.1,0.0,0.0,0.0,0.0,99.9
20160224183734,0.0,0.0,0.0,0.0,0.0,0.0,0.0,100.0
20160224183804,0.0,0.0,0.1,0.0,0.0,0.0,0.1,99.8
20160224183834,0.0,0.0,0.2,0.0,0.0,0.0,0.0,99.7
20160224183904,0.0,0.0,0.0,0.0,0.0,0.0,0.0,99.9
20160224183934,0.0,0.0,0.0,0.0,0.0,0.0,0.0,100.0
20160224184004,0.0,0.0,0.0,0.0,0.0,0.0,0.0,100.0
20160224184034,0.0,0.0,0.0,0.0,0.0,0.0,0.0,99.9
20160224184104,0.0,0.0,0.1,0.0,0.0,0.0,0.0,99.9
20160224184134,0.0,0.0,0.1,0.0,0.0,0.0,0.0,99.9
20160224184204,0.0,0.0,0.0,0.0,0.0,0.0,0.0,100.0
20160224184234,0.0,0.0,0.0,0.0,0.0,0.0,0.0,100.0
20160224184304,0.0,0.0,0.0,0.0,0.0,0.0,0.0,100.0
20160224184334,0.0,0.0,0.0,0.0,0.0,0.0,0.0,100.0
20160224184404,0.0,0.0,0.0,0.0,0.0,0.0,0.0,100.0
20160224184434,0.0,0.0,0.0,0.0,0.0,0.0,0.0,100.0
20160224184504,0.0,0.0,0.0,0.0,0.0,0.0,0.0,100.0
20160224184534,0.0,0.0,0.0,0.0,0.0,0.0,0.0,100.0
20160224184604,0.0,0.0,0.0,0.0,0.0,0.0,0.0,100.0
20160224184634,0.0,0.0,0.0,0.0,0.0,0.0,0.0,100.0
20160224184704,0.0,0.0,0.0,0.0,0.0,0.0,0.0,100.0
20160224184734,0.0,0.0,0.0,0.0,0.0,0.0,0.0,100.0
20160224184805,0.0,0.0,0.0,0.0,0.0,0.0,0.0,100.0
20160224184835,0.0,0.0,0.0,0.0,0.0,0.0,0.0,100.0
20160224184905,0.0,0.0,0.0,0.0,0.0,0.0,0.0,100.0
20160224184935,0.0,0.0,0.0,0.0,0.0,0.0,0.0,100.0
20160224185005,0.0,0.0,0.0,0.0,0.0,0.0,0.0,100.0
20160224185035,0.0,0.0,0.0,0.0,0.0,0.0,0.0,100.0
20160224185105,0.0,0.0,0.0,0.0,0.0,0.0,0.0,100.0
20160224185135,0.0,0.0,0.0,0.0,0.0,0.0,0.0,100.0
20160224185205,0.0,0.0,0.0,0.0,0.0,0.0,0.0,100.0
20160224185235,0.0,0.0,0.0,0.0,0.0,0.0,0.0,100.0
20160224185305,0.0,0.0,0.0,0.0,0.0,0.0,0.0,100.0
20160224185335,0.0,0.0,0.0,0.0,0.0,0.0,0.0,100.0
20160224185405,0.0,0.0,0.0,0.0,0.0,0.0,0.0,100.0
20160224185435,0.0,0.0,0.0,0.0,0.0,0.0,0.0,100.0
20160224185505,0.0,0.0,0.0,0.0,0.0,0.0,0.0,100.0
20160224185535,0.0,0.0,0.0,0.0,0.0,0.0,0.0,100.0
20160224185605,0.0,0.0,0.0,0.0,0.0,0.0,0.0,100.0
20160224185635,0.0,0.0,0.0,0.0,0.0,0.0,0.0,100.0
20160224185705,0.0,0.0,0.4,0.0,0.2,0.4,0.1,99.0
20160224185735,0.0,0.0,0.1,0.0,0.1,0.1,0.2,99.5
20160224185805,0.1,0.0,0.2,0.0,0.9,0.1,0.0,98.7
20160224185835,0.4,0.1,2.6,0.0,1.3,0.8,0.8,94.0
20160224185905,1.9,0.2,5.9,0.1,8.2,2.8,2.5,78.5
20160224185935,0.3,0.0,3.1,0.0,2.1,2.0,3.2,89.3
20160224190005,0.2,0.1,3.0,0.0,2.2,1.9,13.7,79.0
20160224190035,1.0,0.2,4.1,0.0,1.3,1.2,8.0,84.2
20160224190105,0.4,0.0,3.8,0.0,1.4,1.4,10.3,82.7
20160224190135,0.2,0.0,4.3,0.1,0.7,3.2,80.3,11.2
20160224190205,0.7,0.0,1.9,0.0,0.8,0.4,62.8,33.4
20160224190235,1.5,0.1,24.0,0.1,0.6,1.5,43.2,29.0
20160224190305,0.3,0.0,7.4,0.1,2.6,0.7,50.9,38.0
20160224190335,0.4,0.1,4.5,0.1,0.5,0.3,48.7,45.4
20160224190405,0.5,0.1,21.0,0.0,1.9,0.6,52.6,23.3
20160224190435,0.4,0.0,2.1,0.1,0.4,0.5,39.6,57.0
20160224190505,0.2,0.0,2.2,0.0,1.1,0.1,40.7,55.8
20160224190535,0.5,0.0,6.4,0.1,0.7,4.6,42.3,45.5
20160224190605,1.3,0.1,10.0,0.1,2.5,0.3,48.2,37.3
20160224190635,0.7,0.2,6.1,0.0,2.2,0.5,35.4,54.8
20160224190705,1.2,0.0,4.6,0.3,6.3,0.4,33.4,53.8
20160224190735,0.8,0.0,18.8,0.1,2.9,0.4,6.7,70.2
20160224190805,1.4,0.1,23.3,0.2,10.3,1.2,16.9,46.6
20160224190835,0.2,0.0,0.4,0.1,1.4,0.2,36.9,60.8
20160224190905,0.1,0.0,0.3,0.0,1.2,0.3,51.6,46.5
20160224190935,0.3,0.0,2.0,0.1,1.9,1.3,27.8,66.6
20160224191005,0.5,0.0,5.8,0.1,6.0,0.5,18.2,68.9
20160224191035,0.4,0.0,3.2,0.0,6.9,1.6,22.5,65.5
20160224191105,0.9,0.1,18.7,0.1,11.2,0.3,13.3,55.4
20160224191135,0.4,0.0,2.4,0.0,11.7,0.2,9.9,75.4
20160224191205,2.0,0.0,9.2,0.3,3.1,0.6,39.3,45.5
20160224191235,4.0,0.1,8.0,0.2,25.3,0.3,11.8,50.4
20160224191305,2.9,0.1,8.7,0.2,15.3,0.5,6.8,65.5
20160224191335,7.8,0.5,9.8,0.2,17.5,0.7,8.8,54.8
20160224191405,0.9,0.4,58.5,0.2,13.1,0.6,4.6,21.8
20160224191435,1.0,0.4,13.5,0.1,15.5,0.1,5.6,63.7
20160224191505,0.8,0.2,7.2,0.2,7.4,0.1,2.9,81.2
20160224191535,0.9,0.2,46.3,0.4,5.0,0.1,4.1,42.9
20160224191605,0.3,0.1,9.8,0.1,3.3,0.0,10.1,76.3
20160224191635,0.2,0.2,39.3,0.3,21.7,0.0,8.4,29.8
20160224191705,1.1,0.1,25.8,0.6,3.1,0.7,24.6,44.0
20160224191735,0.4,0.4,59.2,1.2,8.4,0.2,21.7,8.5
20160224191805,0.6,0.3,24.3,0.6,3.0,0.1,13.5,57.6
20160224191835,0.3,0.1,10.8,0.2,0.7,0.0,35.4,52.5
20160224191906,0.9,0.4,31.2,1.2,4.2,0.1,25.8,36.2
20160224191936,0.6,0.1,6.3,0.8,2.1,0.1,68.9,21.2
20160224192006,0.9,0.1,17.6,0.4,1.7,0.1,20.8,58.3
20160224192036,0.8,0.1,3.9,0.6,1.8,0.1,34.2,58.6
20160224192106,0.4,0.1,5.1,0.2,2.2,0.0,6.2,85.9
20160224192136,0.6,0.1,30.7,0.3,0.7,0.2,53.9,13.5
20160224192206,0.3,0.0,3.3,0.3,0.5,0.1,84.0,11.5
20160224192236,1.1,0.0,7.1,0.4,0.2,0.1,87.7,3.4
20160224192306,2.2,0.0,15.6,0.9,1.0,0.1,44.3,35.9
20160224192336,4.9,0.2,33.2,0.2,8.0,0.2,16.8,36.5
20160224192406,0.5,0.0,6.2,0.5,0.7,0.1,84.7,7.4
20160224192436,0.5,0.0,2.7,0.2,0.4,0.0,95.4,0.7
20160224192506,0.8,0.0,8.7,1.3,0.8,0.2,79.7,8.4
20160224192536,0.1,0.0,1.2,0.3,0.2,0.1,89.7,8.4
20160224192606,0.5,0.0,8.4,2.9,1.9,0.1,66.2,20.0
20160224192636,0.5,0.0,11.2,0.8,3.5,0.0,28.3,55.7
20160224192706,0.5,0.1,12.8,0.8,3.8,0.0,21.7,60.2
20160224192736,0.6,0.0,8.6,1.1,3.0,0.2,46.2,40.2
20160224192806,1.2,0.0,13.6,0.3,5.1,0.0,25.9,53.8
20160224192836,1.2,0.0,3.3,0.1,2.1,0.0,59.6,33.6
20160224192906,1.4,0.0,23.9,0.4,4.5,0.0,7.4,62.4
20160224192936,1.6,0.0,7.9,0.8,2.2,0.1,45.8,41.5
20160224193006,1.4,0.0,4.4,0.4,2.5,0.1,28.7,62.5
20160224193036,0.2,0.0,2.1,0.3,1.7,0.0,13.3,82.4
20160224193106,0.5,0.0,3.3,0.4,1.1,0.0,55.8,38.9
20160224193136,0.1,0.0,6.1,0.2,1.1,0.0,16.8,75.6
20160224193206,0.4,0.0,3.9,0.4,5.0,0.0,19.1,71.1
20160224193236,0.1,0.0,0.9,0.3,2.2,0.0,37.9,58.6
20160224193306,0.2,0.0,1.2,0.2,0.7,0.0,43.4,54.3
20160224193336,0.1,0.0,1.7,0.0,1.9,0.0,11.1,85.2
20160224193406,0.2,0.0,1.0,0.1,1.4,0.0,64.6,32.7
20160224193436,0.1,0.0,2.4,0.3,9.4,0.0,35.3,52.4
20160224193506,0.1,0.0,2.5,0.1,2.6,0.0,13.5,81.2
20160224193536,0.2,0.0,2.3,0.2,3.5,0.0,37.0,56.7
20160224193606,0.3,0.0,0.9,0.2,9.6,0.0,35.8,53.3
20160224193636,0.3,0.1,7.4,0.6,8.5,0.0,55.0,28.1
20160224193706,0.3,0.2,13.4,0.3,26.0,0.0,31.1,28.7
20160224193736,0.4,0.2,1.7,0.3,12.9,0.0,66.7,17.8
20160224193806,0.4,0.2,23.8,1.1,51.3,0.0,13.5,9.6
20160224193836,0.2,0.5,3.8,0.3,90.6,0.0,1.8,2.7
20160224193906,1.2,0.8,3.6,0.6,79.7,0.0,5.4,8.7
20160224193936,0.1,0.2,4.4,0.2,40.3,0.0,24.5,30.2
20160224194006,0.3,0.4,4.1,0.2,47.8,0.0,12.3,35.0
20160224194036,0.9,0.2,11.4,0.6,58.6,0.0,22.2,6.2
20160224194106,0.1,0.2,4.4,0.4,75.9,0.0,6.0,12.9
20160224194136,0.0,0.2,3.1,0.5,82.1,0.0,8.6,5.5
20160224194206,0.1,0.1,1.6,0.5,67.5,0.0,29.8,0.4
20160224194236,0.1,0.1,0.8,0.1,98.2,0.0,0.4,0.3
20160224194306,0.1,0.0,0.5,0.4,98.3,0.0,0.5,0.2
20160224194336,0.6,1.0,0.6,1.2,96.4,0.0,0.1,0.0
20160224194406,0.0,0.0,0.1,0.2,99.7,0.0,0.0,0.0
20160224194436,0.0,0.1,0.2,0.3,99.3,0.0,0.0,0.0
20160224194506,0.0,0.0,0.1,0.2,99.5,0.0,0.0,0.0
20160224194536,0.0,0.0,0.1,0.1,99.7,0.0,0.0,0.0
20160224194606,0.0,0.3,7.6,0.4,90.1,0.0,1.3,0.4
20160224194636,0.0,0.1,2.7,0.2,63.2,0.0,26.3,7.5
20160224194706,0.0,0.0,4.0,0.2,10.1,0.0,10.4,75.2
20160224194736,0.0,0.0,0.7,0.1,2.0,0.0,30.6,66.6
20160224194806,0.0,0.0,0.9,0.0,5.8,0.0,4.8,88.4
20160224194836,0.0,0.0,0.2,0.0,11.4,0.0,2.3,86.0
20160224194906,0.0,0.0,0.3,0.1,76.9,0.0,0.6,22.1
20160224194936,0.0,0.0,0.0,0.4,99.2,0.0,0.0,0.3
20160224195006,0.0,0.0,0.0,0.4,99.6,0.0,0.0,0.0
20160224195036,0.0,0.1,0.0,1.4,98.5,0.0,0.0,0.0
20160224195106,0.0,0.1,0.1,4.3,95.6,0.0,0.0,0.0
20160224195136,0.0,0.0,0.0,0.4,99.6,0.0,0.0,0.0
20160224195206,0.0,0.0,0.0,0.1,99.8,0.0,0.0,0.0
20160224195236,0.0,0.0,0.0,0.1,99.9,0.0,0.0,0.0
20160224195306,0.0,0.0,0.0,0.0,100.0,0.0,0.0,0.0
20160224195337,0.0,0.0,0.0,0.0,99.9,0.0,0.0,0.0
20160224195407,0.0,0.1,0.0,0.0,99.9,0.0,0.0,0.0
20160224195437,0.0,0.0,0.0,0.0,100.0,0.0,0.0,0.0
20160224195507,0.0,0.0,0.0,0.0,99.9,0.0,0.0,0.0
20160224195537,0.0,0.0,0.2,0.1,99.7,0.0,0.0,0.1
20160224195607,0.0,0.1,1.9,0.2,97.6,0.0,0.0,0.1
20160224195637,0.0,0.3,0.5,1.8,97.4,0.0,0.0,0.0
20160224195707,0.0,0.1,0.5,2.0,97.4,0.0,0.0,0.0
20160224195737,0.0,0.0,0.1,0.7,99.1,0.0,0.0,0.0
20160224195807,0.1,0.1,0.7,0.7,98.5,0.0,0.0,0.0
20160224195837,0.0,0.0,0.1,0.5,99.3,0.0,0.0,0.0
20160224195907,0.0,0.0,0.1,1.2,98.7,0.0,0.0,0.0
20160224195937,0.0,0.1,0.3,0.3,99.3,0.0,0.0,0.0
20160224200007,0.0,0.0,0.3,1.4,98.2,0.0,0.0,0.0
20160224200037,0.0,0.5,0.1,0.1,99.3,0.0,0.0,0.0
20160224200107,0.0,0.1,0.2,0.3,99.4,0.0,0.0,0.0
20160224200137,0.0,0.0,0.7,0.9,98.4,0.0,0.0,0.0
20160224200207,0.0,0.0,0.1,0.1,99.9,0.0,0.0,0.0
20160224200237,0.5,0.1,0.0,0.4,99.0,0.0,0.0,0.0
20160224200307,0.1,0.1,0.0,0.0,99.8,0.0,0.0,0.0
20160224200337,0.3,0.0,0.1,0.0,99.6,0.0,0.0,0.0
20160224200407,0.1,0.0,0.1,0.0,99.7,0.0,0.0,0.0
20160224200437,0.2,0.0,0.0,0.0,99.7,0.0,0.0,0.0
20160224200507,0.0,0.0,0.1,0.0,99.8,0.0,0.0,0.0
20160224200537,0.0,0.1,0.3,0.0,99.4,0.0,0.0,0.2
20160224200607,0.0,0.1,0.8,0.0,97.3,0.0,0.0,1.8
20160224200637,0.0,0.0,0.7,0.0,81.4,0.0,0.0,17.8
20160224200707,0.0,0.1,0.2,0.1,99.5,0.0,0.0,0.0
20160224200737,0.0,0.0,0.3,0.1,99.4,0.0,0.0,0.1
20160224200807,1.5,0.1,0.2,0.1,98.0,0.0,0.0,0.0
20160224200837,3.7,0.9,1.1,0.7,93.6,0.0,0.0,0.1
20160224200907,0.1,0.1,0.0,0.0,99.8,0.0,0.0,0.0
20160224200937,0.0,0.0,0.0,0.0,100.0,0.0,0.0,0.0
20160224201007,0.0,0.0,0.0,0.0,99.9,0.0,0.0,0.0
20160224201037,0.0,0.0,0.0,0.0,100.0,0.0,0.0,0.0
20160224201107,0.0,0.0,0.0,0.0,100.0,0.0,0.0,0.0
20160224201137,0.0,0.0,0.0,0.0,99.9,0.0,0.0,0.0
20160224201207,0.0,0.0,0.1,0.3,99.6,0.0,0.0,0.0
20160224201237,0.0,0.0,0.3,0.0,99.6,0.0,0.0,0.0
20160224201307,0.0,0.0,0.1,0.0,99.9,0.0,0.0,0.0
20160224201337,0.0,0.0,0.1,0.0,99.8,0.0,0.0,0.1
20160224201407,0.3,0.5,2.4,0.1,94.8,0.0,0.0,1.9
20160224201437,0.1,0.0,0.8,0.0,98.7,0.0,0.0,0.4
20160224201507,0.1,0.2,4.1,0.0,90.1,0.0,0.0,5.4
20160224201537,0.0,0.0,0.1,0.0,99.7,0.0,0.0,0.1
20160224201607,0.0,0.0,0.1,0.0,99.9,0.0,0.0,0.0
20160224201637,0.0,0.0,0.1,0.0,99.6,0.0,0.0,0.3
20160224201707,0.0,0.0,0.2,0.0,93.0,0.0,0.0,6.8
20160224201737,0.0,0.0,0.5,0.0,98.3,0.0,0.0,1.1
20160224201807,0.0,0.0,0.2,0.0,94.7,0.0,0.0,5.1
20160224201837,0.0,0.0,6.3,0.5,66.2,0.0,0.3,26.6
20160224201907,0.0,0.0,0.8,0.1,98.0,0.0,0.0,1.0
20160224201937,0.0,0.0,0.1,0.1,99.8,0.0,0.0,0.0
20160224202007,0.0,0.0,0.0,0.0,100.0,0.0,0.0,0.0
20160224202037,0.0,0.0,0.0,0.0,100.0,0.0,0.0,0.0
20160224202107,0.0,0.0,0.0,0.0,99.9,0.0,0.0,0.0
20160224202137,0.0,0.0,0.0,0.1,99.9,0.0,0.0,0.0
20160224202207,0.0,0.0,0.1,0.1,99.6,0.0,0.0,0.2
20160224202237,0.0,0.0,0.0,0.0,98.1,0.0,0.0,1.8
20160224202307,0.0,0.0,0.0,0.1,98.9,0.0,0.0,1.0
20160224202337,0.0,0.0,0.0,0.1,99.9,0.0,0.0,0.0
20160224202407,0.0,0.0,0.0,0.2,99.7,0.0,0.0,0.1
20160224202437,0.0,0.0,0.0,0.2,99.8,0.0,0.0,0.0
20160224202507,0.0,0.0,0.0,0.2,99.8,0.0,0.0,0.0
20160224202537,0.0,0.0,0.0,0.1,99.9,0.0,0.0,0.0
20160224202607,0.0,0.0,0.1,1.2,98.7,0.0,0.0,0.0
20160224202637,0.0,0.0,0.0,0.2,99.7,0.0,0.0,0.0
20160224202707,0.0,0.0,0.0,0.1,99.8,0.0,0.0,0.1
20160224202738,0.0,0.0,0.4,0.3,98.9,0.0,0.0,0.3
20160224202808,0.0,0.0,0.0,0.1,99.9,0.0,0.0,0.0
20160224202838,0.0,0.0,0.1,0.3,99.4,0.0,0.0,0.2
20160224202908,0.0,0.0,0.6,2.8,25.3,0.0,16.1,55.1
20160224202938,0.0,0.0,0.2,0.1,17.8,0.0,3.8,78.1
20160224203008,0.0,0.0,0.1,0.2,66.2,0.0,0.4,33.2
20160224203038,0.0,0.0,0.0,0.1,45.5,0.0,0.5,54.0
20160224203108,0.0,0.0,0.0,0.1,21.5,0.0,0.0,78.4
20160224203138,0.0,0.0,0.0,0.0,2.3,0.0,0.0,97.6
20160224203208,0.0,0.0,0.0,0.4,82.0,0.0,0.0,17.6
20160224203238,0.0,0.0,0.0,0.7,98.5,0.0,0.0,0.8
20160224203308,0.0,0.0,0.0,0.1,99.8,0.0,0.0,0.0
20160224203338,0.0,0.0,0.0,0.6,99.4,0.0,0.0,0.0
20160224203408,0.0,0.0,0.0,0.1,99.9,0.0,0.0,0.0
20160224203438,0.0,0.0,0.1,15.4,84.3,0.0,0.0,0.2
20160224203508,0.0,0.0,0.1,0.8,98.9,0.0,0.0,0.2
20160224203538,0.0,0.0,0.3,0.3,99.2,0.0,0.0,0.2
20160224203608,0.0,0.0,0.2,0.1,99.6,0.0,0.0,0.0
20160224203638,0.0,0.0,0.0,0.3,99.5,0.0,0.0,0.1
20160224203708,0.0,0.0,0.0,0.2,99.6,0.0,0.0,0.1
20160224203738,0.0,0.0,0.0,0.1,99.8,0.0,0.0,0.1
20160224203808,0.0,0.0,0.1,0.4,99.2,0.0,0.0,0.3
20160224203838,0.0,0.0,0.0,1.7,96.5,0.0,1.1,0.6
20160224203908,0.0,0.0,0.0,0.5,94.0,0.0,0.2,5.2
20160224203938,0.0,0.0,0.8,1.5,87.8,0.0,2.6,7.3
20160224204008,0.0,0.0,0.8,0.5,79.4,0.0,13.3,6.1
20160224204038,0.0,0.0,1.2,0.5,68.1,0.0,11.5,18.7
20160224204108,0.0,0.0,0.5,0.0,35.2,0.0,4.3,60.0
20160224204138,0.0,0.0,0.1,0.0,10.3,0.0,4.8,84.7
20160224204208,0.0,0.0,0.0,0.0,3.9,0.0,1.1,95.0
20160224204238,0.0,0.0,0.0,0.0,2.5,0.0,0.1,97.4
20160224204308,0.0,0.0,0.0,0.0,4.4,0.0,0.0,95.5
20160224204338,0.0,0.0,0.0,0.0,25.4,0.0,0.0,74.6
20160224204408,0.0,0.0,0.0,0.0,86.3,0.0,0.0,13.7
20160224204438,0.0,0.0,0.0,0.0,99.9,0.0,0.0,0.1
20160224204508,0.0,0.0,0.0,0.1,99.6,0.0,0.0,0.3
20160224204538,0.0,0.0,0.0,0.1,99.9,0.0,0.0,0.0
20160224204608,0.0,0.0,0.0,0.5,98.4,0.0,0.0,1.1
20160224204638,0.0,0.0,0.0,0.2,99.7,0.0,0.0,0.2
20160224204708,0.0,0.0,0.0,0.0,99.8,0.0,0.0,0.1
20160224204738,0.0,0.0,0.0,0.1,87.1,0.0,0.0,12.8
20160224204808,0.0,0.0,0.0,0.1,47.9,0.0,0.0,52.0
20160224204838,0.0,0.0,0.0,0.4,60.6,0.0,0.0,39.0
20160224204908,0.0,0.0,0.0,0.0,8.7,0.0,0.0,91.3
20160224204938,0.0,0.0,0.0,0.0,5.3,0.0,0.0,94.7
20160224205008,0.0,0.0,0.0,0.0,0.0,0.0,0.0,100.0
20160224205038,0.0,0.0,0.0,0.0,0.0,0.0,0.0,100.0
20160224205108,0.0,0.0,0.0,0.0,0.0,0.0,0.0,100.0
20160224205138,0.0,0.0,0.0,0.0,0.2,0.0,0.0,99.8
20160224205208,0.0,0.0,0.0,0.0,0.2,0.0,0.0,99.8
20160224205238,0.0,0.0,0.0,0.0,5.1,0.0,0.0,94.9
20160224205308,0.0,0.0,0.0,0.0,0.8,0.0,0.0,99.2
20160224205338,0.0,0.0,0.0,0.0,0.0,0.0,0.0,100.0
20160224205408,0.0,0.0,0.0,0.0,0.1,0.0,0.0,99.9
20160224205438,0.0,0.0,0.0,0.0,0.0,0.0,0.0,100.0
20160224205509,0.0,0.0,0.0,0.0,0.0,0.0,0.0,100.0
20160224205539,0.0,0.0,0.0,0.0,0.0,0.0,0.0,100.0
20160224205609,0.0,0.0,0.0,0.0,0.0,0.0,0.0,100.0
20160224205639,0.0,0.0,0.0,0.0,0.0,0.0,0.0,100.0
20160224205709,0.0,0.0,0.0,0.0,0.0,0.0,0.0,100.0
20160224205739,0.0,0.0,0.0,0.0,0.0,0.0,0.0,100.0
20160224205809,0.0,0.0,0.0,0.0,0.0,0.0,0.0,100.0
20160224205839,0.0,0.0,0.0,0.0,0.0,0.0,0.0,100.0
20160224205909,0.0,0.0,0.0,0.0,0.0,0.0,0.0,100.0
20160224205939,0.0,0.0,0.0,0.0,0.0,0.0,0.0,100.0
20160224210009,0.0,0.0,0.0,0.0,0.0,0.0,0.0,100.0
20160224210039,0.0,0.0,0.0,0.0,0.0,0.0,0.0,100.0
20160224210109,0.0,0.0,0.0,0.0,0.0,0.0,0.0,100.0
20160224210139,0.0,0.0,0.0,0.0,0.0,0.0,0.0,100.0
20160224210209,0.0,0.0,0.0,0.0,0.0,0.0,0.0,100.0
20160224210239,0.0,0.0,0.0,0.0,0.0,0.0,0.0,100.0
20160224210309,0.0,0.0,0.0,0.0,0.0,0.0,0.0,100.0
20160224210339,0.0,0.0,0.0,0.0,0.0,0.0,4.6,95.3
20160224210409,0.0,0.0,0.0,0.0,0.7,0.0,56.2,43.1
20160224210439,0.0,0.0,0.0,0.0,0.3,0.0,84.3,15.4
20160224210509,0.0,0.0,0.0,0.0,0.5,0.0,63.2,36.4
20160224210539,0.0,0.0,0.0,0.0,0.4,0.0,93.3,6.2
20160224210609,0.0,0.0,0.0,0.0,0.2,0.0,98.9,0.9
20160224210639,0.0,0.0,0.0,0.0,0.9,0.0,85.0,14.0
20160224210709,0.0,0.0,0.0,0.0,0.1,0.0,99.4,0.6
20160224210739,0.0,0.0,0.0,0.0,0.6,0.0,97.6,1.7
20160224210809,0.0,0.0,0.0,0.0,0.7,0.0,88.7,10.6
20160224210839,0.0,0.0,0.0,0.0,0.1,0.0,97.2,2.7
20160224210909,0.0,0.0,0.0,0.0,0.1,0.0,94.6,5.2
20160224210939,0.0,0.0,0.0,0.0,0.1,0.0,98.6,1.3
20160224211009,0.0,0.0,0.0,0.0,0.1,0.0,93.5,6.3
20160224211039,0.0,0.0,0.0,0.0,0.1,0.0,94.9,5.0
20160224211109,0.0,0.0,0.0,0.0,0.1,0.0,96.8,3.1
20160224211139,0.0,0.0,0.0,0.0,0.2,0.0,96.4,3.5
20160224211209,0.0,0.0,0.0,0.0,0.4,0.0,92.0,7.6
20160224211239,0.0,0.0,0.1,0.0,8.6,0.0,77.9,13.4
20160224211309,0.0,0.0,0.0,0.0,0.6,0.0,91.8,7.6
20160224211339,0.0,0.0,0.0,0.0,0.1,0.0,99.4,0.6
20160224211409,0.0,0.0,0.0,0.0,0.1,0.0,97.4,2.5
20160224211439,0.0,0.0,0.0,0.0,0.1,0.0,99.5,0.4
20160224211509,0.0,0.0,0.0,0.0,0.4,0.0,84.0,15.7
20160224211539,0.0,0.0,0.0,0.0,0.1,0.0,97.8,2.1
20160224211609,0.0,0.0,0.0,0.0,0.0,0.0,99.0,0.9
20160224211639,0.0,0.0,0.0,0.0,0.0,0.0,84.4,15.6
20160224211709,0.0,0.0,0.0,0.0,0.1,0.0,97.6,2.3
20160224211739,0.0,0.0,0.0,0.0,0.0,0.0,98.2,1.8
20160224211809,0.0,0.0,0.0,0.0,0.2,0.0,82.8,17.0
20160224211839,0.0,0.0,0.0,0.0,0.1,0.0,93.2,6.7
20160224211909,0.0,0.0,0.0,0.0,0.2,0.0,96.3,3.5
20160224211939,0.0,0.0,0.1,0.0,0.3,0.0,75.5,24.1
20160224212009,0.0,0.0,0.1,0.0,0.3,0.0,94.9,4.7
20160224212039,0.0,0.0,0.1,0.0,0.3,0.0,92.8,6.8
20160224212109,0.0,0.0,0.0,0.0,0.1,0.0,88.6,11.3
20160224212139,0.0,0.0,0.0,0.0,0.1,0.0,91.5,8.4
20160224212209,0.0,0.0,0.0,0.0,0.2,0.0,93.1,6.7
20160224212239,0.0,0.0,0.0,0.0,0.1,0.0,92.4,7.5
20160224212309,0.0,0.0,0.0,0.0,0.1,0.0,62.8,37.1
20160224212339,0.0,0.0,0.0,0.0,0.1,0.0,84.9,15.0
20160224212409,0.0,0.0,0.0,0.0,0.4,0.0,62.9,36.7
20160224212439,0.0,0.0,0.0,0.0,0.2,0.0,63.1,36.7
20160224212509,0.0,0.0,0.0,0.0,0.1,0.0,86.0,14.0
20160224212539,0.0,0.0,0.0,0.0,0.4,0.0,70.0,29.6
20160224212609,0.0,0.0,0.0,0.0,0.1,0.0,85.4,14.5
20160224212639,0.0,0.0,0.0,0.0,0.2,0.0,79.0,20.8
20160224212709,0.0,0.0,0.0,0.0,0.1,0.0,94.7,5.2
20160224212739,0.0,0.0,0.0,0.0,0.1,0.0,87.4,12.5
20160224212809,0.0,0.0,0.0,0.0,0.2,0.0,69.4,30.4
20160224212839,0.0,0.0,0.0,0.0,0.1,0.0,95.4,4.6
20160224212910,0.0,0.0,0.0,0.0,0.1,0.0,92.3,7.7
20160224212940,0.0,0.0,0.0,0.0,0.1,0.0,75.6,24.3
20160224213010,0.0,0.0,0.0,0.0,0.5,0.0,66.2,33.3
20160224213040,0.0,0.0,0.0,0.0,0.2,0.0,64.8,35.0
20160224213110,0.0,0.0,0.0,0.0,0.4,0.0,80.0,19.6
20160224213140,0.0,0.0,0.0,0.0,0.0,0.0,98.9,1.1
20160224213210,0.0,0.0,0.0,0.0,0.1,0.0,97.1,2.8
20160224213240,0.0,0.0,0.0,0.0,0.3,0.0,71.1,28.6
20160224213310,0.0,0.0,0.0,0.0,0.0,0.0,97.2,2.8
20160224213340,0.0,0.0,0.0,0.0,0.0,0.0,97.4,2.6
20160224213410,0.0,0.0,0.0,0.0,0.1,0.0,87.9,12.0
20160224213440,0.0,0.0,0.0,0.0,0.0,0.0,93.1,6.8
20160224213510,0.0,0.0,0.0,0.0,0.2,0.0,33.8,65.9
20160224213540,0.0,0.0,0.0,0.0,0.1,0.0,38.7,61.1
20160224213610,0.0,0.0,0.0,0.0,0.0,0.0,81.9,18.1
20160224213640,0.0,0.0,0.0,0.0,0.1,0.0,88.2,11.7
20160224213710,0.0,0.0,0.0,0.0,0.2,0.0,88.9,10.9
20160224213740,0.0,0.0,0.0,0.0,0.5,0.0,17.5,82.0
20160224213810,0.0,0.0,0.0,0.0,0.0,0.0,30.8,69.1
20160224213840,0.0,0.0,0.0,0.0,0.1,0.0,84.0,15.8
20160224213910,0.0,0.0,0.0,0.0,0.4,0.0,68.3,31.2
20160224213940,0.0,0.0,0.0,0.0,0.1,0.0,23.7,76.2
20160224214010,0.0,0.0,0.0,0.0,0.2,0.0,78.4,21.4
20160224214040,0.0,0.0,0.0,0.0,0.2,0.0,87.9,12.0
20160224214110,0.0,0.0,0.0,0.0,0.5,0.0,59.2,40.3
20160224214140,0.0,0.0,0.0,0.0,0.2,0.0,87.1,12.7
20160224214210,0.0,0.0,0.0,0.0,1.0,0.0,58.4,40.6
20160224214240,0.0,0.0,0.0,0.0,0.1,0.0,74.6,25.3
20160224214310,0.0,0.0,0.0,0.0,0.1,0.0,52.0,48.0
20160224214340,0.0,0.0,0.0,0.0,0.1,0.0,4.1,95.8
20160224214410,0.0,0.0,0.0,0.0,0.0,0.0,47.2,52.8
20160224214440,0.0,0.0,0.0,0.0,0.0,0.0,0.8,99.1
20160224214510,0.0,0.0,0.0,0.0,0.0,0.0,0.3,99.7
20160224214540,0.0,0.0,0.0,0.0,0.0,0.0,1.3,98.7
20160224214610,0.0,0.0,0.0,0.0,0.0,0.0,0.4,99.6
20160224214640,0.0,0.0,0.0,0.0,0.0,0.0,0.4,99.6
20160224214710,0.0,0.0,0.0,0.0,0.0,0.0,0.3,99.7
20160224214740,0.0,0.0,0.0,0.0,0.0,0.0,0.0,100.0
20160224214810,0.0,0.0,0.0,0.0,0.0,0.0,0.2,99.8
20160224214840,0.0,0.0,0.0,0.0,0.0,0.0,0.0,100.0
20160224214910,0.0,0.0,0.0,0.0,0.0,0.0,0.0,100.0
20160224214940,0.0,0.0,0.0,0.0,0.0,0.0,0.0,100.0
20160224215010,0.0,0.0,0.0,0.0,0.0,0.0,0.0,100.0
20160224215040,0.0,0.0,0.0,0.0,0.0,0.0,0.0,100.0
20160224215110,0.0,0.0,0.0,0.0,0.0,0.0,0.0,100.0
20160224215140,0.0,0.0,0.0,0.0,0.0,0.0,0.0,100.0
20160224215210,0.0,0.0,0.0,0.0,0.0,0.0,0.1,99.9
20160224215240,0.0,0.0,0.0,0.0,0.0,0.0,3.4,96.6
20160224215310,0.0,0.0,0.0,0.0,0.0,0.0,29.5,70.5
20160224215340,0.0,0.0,0.0,0.0,0.0,0.0,28.0,71.9
20160224215410,0.0,0.0,0.0,0.0,0.0,0.0,46.5,53.4
20160224215440,0.0,0.0,0.0,0.0,0.0,0.0,9.9,90.1
20160224215510,0.0,0.0,0.0,0.0,0.0,0.0,14.8,85.2
20160224215540,0.0,0.0,0.0,0.0,0.0,0.0,3.8,96.2
20160224215610,0.0,0.0,0.0,0.0,0.0,0.0,0.5,99.5
20160224215640,0.0,0.0,0.0,0.0,0.0,0.0,1.6,98.4
20160224215710,0.0,0.0,0.0,0.0,0.0,0.0,5.7,94.3
20160224215740,0.0,0.0,0.0,0.0,0.0,0.0,0.0,100.0
20160224215810,0.0,0.0,0.0,0.0,0.0,0.0,1.7,98.3
20160224215840,0.0,0.0,0.0,0.0,0.0,0.0,56.1,43.9
20160224215910,0.0,0.0,0.0,0.0,0.0,0.0,35.8,64.2
20160224215940,0.0,0.0,0.0,0.0,0.0,0.0,23.7,76.3
20160224220010,0.0,0.0,0.0,0.0,0.0,0.0,15.3,84.6
20160224220040,0.0,0.0,0.0,0.0,0.1,0.0,69.3,30.6
20160224220110,0.0,0.0,0.0,0.0,0.1,0.0,40.9,59.0
20160224220140,0.0,0.0,0.0,0.0,0.0,0.0,96.3,3.7
20160224220210,0.0,0.0,0.0,0.0,0.1,0.0,74.9,24.9
20160224220240,0.0,0.0,0.0,0.0,0.0,0.0,96.4,3.6
20160224220311,0.0,0.0,0.0,0.0,0.1,0.0,96.6,3.3
20160224220341,0.0,0.0,0.0,0.0,0.1,0.0,85.6,14.3
20160224220411,0.0,0.0,0.0,0.0,0.0,0.0,98.2,1.8
20160224220441,0.0,0.0,0.0,0.0,0.0,0.0,98.5,1.5
20160224220511,0.0,0.0,0.0,0.0,0.0,0.0,96.1,3.9
20160224220541,0.0,0.0,0.0,0.0,0.0,0.0,99.8,0.2
20160224220611,0.0,0.0,0.0,0.0,0.3,0.0,93.3,6.5
20160224220641,0.0,0.0,0.0,0.0,0.1,0.0,95.8,4.2
20160224220711,0.0,0.0,0.0,0.0,0.0,0.0,97.7,2.2
20160224220741,0.0,0.0,0.0,0.0,0.0,0.0,99.2,0.7
20160224220811,0.0,0.0,0.0,0.0,0.0,0.0,96.5,3.5
20160224220841,0.0,0.0,0.0,0.0,0.0,0.0,99.2,0.8
20160224220911,0.0,0.0,0.0,0.0,0.0,0.0,98.5,1.5
20160224220941,0.0,0.0,0.0,0.1,0.2,0.0,81.7,18.0
20160224221011,0.0,0.0,0.0,0.0,0.0,0.0,97.4,2.5
20160224221041,0.0,0.0,0.0,0.0,0.1,0.0,79.3,20.5
20160224221111,0.0,0.0,0.0,0.0,0.0,0.0,96.7,3.2
20160224221141,0.0,0.0,0.0,0.0,0.0,0.0,9.3,90.7
20160224221211,0.0,0.0,0.0,0.0,0.0,0.0,6.8,93.2
20160224221241,0.0,0.0,0.0,0.0,0.0,0.0,5.8,94.2
20160224221311,0.0,0.0,0.0,0.0,0.0,0.0,11.8,88.2
20160224221341,0.0,0.0,0.0,0.0,0.0,0.0,36.0,63.9
20160224221411,0.0,0.0,0.0,0.0,0.0,0.0,0.3,99.7
20160224221441,0.0,0.0,0.0,0.0,0.0,0.0,0.3,99.7
20160224221511,0.0,0.0,0.0,0.0,0.0,0.0,1.5,98.5
20160224221541,0.0,0.0,0.0,0.0,0.0,0.0,0.7,99.3
20160224221611,0.0,0.0,0.0,0.0,0.0,0.0,0.1,99.9
20160224221641,0.0,0.0,0.0,0.0,0.0,0.0,0.1,99.9
20160224221711,0.0,0.0,0.0,0.0,0.0,0.0,1.0,99.0
20160224221741,0.0,0.0,0.0,0.0,0.0,0.0,0.4,99.6
20160224221811,0.0,0.0,0.0,0.0,0.0,0.0,34.5,65.4
20160224221841,0.0,0.0,0.0,0.0,0.0,0.0,87.6,12.3
20160224221911,0.0,0.0,0.0,0.0,0.0,0.0,86.1,13.8
20160224221941,0.0,0.0,0.0,0.0,0.0,0.0,97.5,2.4
20160224222011,0.0,0.0,0.0,0.0,0.1,0.0,97.9,2.0
20160224222041,0.0,0.0,0.0,0.0,0.0,0.0,81.4,18.5
20160224222111,0.0,0.0,0.0,0.0,0.1,0.0,91.1,8.8
20160224222141,0.0,0.0,0.0,0.0,0.1,0.0,76.8,23.1
20160224222211,0.0,0.0,0.0,0.0,0.1,0.0,91.0,8.8
20160224222241,0.0,0.0,0.0,0.0,0.2,0.0,95.6,4.2
20160224222311,0.0,0.0,0.0,0.0,0.1,0.0,98.1,1.8
20160224222341,0.0,0.0,0.0,0.0,0.0,0.0,96.9,3.0
20160224222411,0.0,0.0,0.0,0.0,0.1,0.0,91.9,8.0
20160224222441,0.0,0.0,0.0,0.0,0.1,0.0,93.5,6.4
20160224222511,0.0,0.0,0.0,0.0,0.0,0.0,98.5,1.4
20160224222541,0.0,0.0,0.0,0.0,0.0,0.0,99.6,0.4
20160224222611,0.0,0.0,0.0,0.0,0.0,0.0,97.2,2.8
20160224222641,0.0,0.0,0.0,0.0,0.0,0.0,99.4,0.6
20160224222711,0.0,0.0,0.0,0.0,0.0,0.0,98.1,1.8
20160224222741,0.0,0.0,0.0,0.0,0.0,0.0,98.2,1.8
20160224222811,0.0,0.0,0.0,0.0,0.1,0.0,98.1,1.8
20160224222841,0.0,0.0,0.0,0.0,0.0,0.0,93.2,6.7
20160224222911,0.0,0.0,0.0,0.0,0.0,0.0,99.5,0.4
20160224222941,0.0,0.0,0.0,0.0,0.0,0.0,99.5,0.5
20160224223011,0.0,0.0,0.0,0.0,0.0,0.0,96.4,3.6
20160224223042,0.0,0.0,0.0,0.0,0.1,0.0,96.8,3.1
20160224223112,0.0,0.0,0.0,0.0,0.0,0.0,94.8,5.2
20160224223142,0.0,0.0,0.0,0.0,0.0,0.0,97.6,2.3
20160224223212,0.0,0.0,0.0,0.0,0.0,0.0,97.7,2.3
20160224223242,0.0,0.0,0.0,0.0,0.0,0.0,99.7,0.3
20160224223312,0.0,0.0,0.0,0.0,0.0,0.0,99.2,0.8
20160224223342,0.0,0.0,0.0,0.0,0.0,0.0,99.8,0.2
20160224223412,0.0,0.0,0.0,0.0,0.0,0.0,99.8,0.1
20160224223442,0.0,0.0,0.0,0.0,0.0,0.0,99.9,0.1
20160224223512,0.0,0.0,0.0,0.0,0.0,0.0,99.9,0.1
20160224223542,0.0,0.0,0.0,0.0,0.0,0.0,99.6,0.4
20160224223612,0.0,0.0,0.0,0.0,0.0,0.0,99.6,0.4
20160224223642,0.0,0.0,0.0,0.0,0.0,0.0,99.9,0.1
20160224223712,0.0,0.0,0.0,0.0,0.0,0.0,99.6,0.4
20160224223742,0.0,0.0,0.0,0.0,0.0,0.0,99.7,0.3
20160224223812,0.0,0.0,0.0,0.0,0.0,0.0,99.6,0.4
20160224223842,0.0,0.0,0.0,0.0,0.0,0.0,98.9,1.0
20160224223912,0.0,0.0,0.0,0.0,0.0,0.0,99.0,1.0
20160224223942,0.0,0.0,0.0,0.0,0.0,0.0,99.2,0.8
20160224224012,0.0,0.0,0.0,0.0,0.0,0.0,99.0,0.9
20160224224042,0.0,0.0,0.0,0.0,0.1,0.0,93.4,6.5
20160224224112,0.0,0.0,0.0,0.0,0.1,0.0,95.1,4.9
20160224224142,0.0,0.0,0.0,0.0,0.0,0.0,99.6,0.3
20160224224212,0.0,0.0,0.0,0.0,0.0,0.0,98.5,1.5
20160224224242,0.0,0.0,0.0,0.0,0.1,0.0,98.0,1.9
20160224224312,0.0,0.0,0.0,0.0,0.0,0.0,96.8,3.1
20160224224342,0.0,0.0,0.0,0.0,0.0,0.0,98.6,1.3
20160224224412,0.0,0.0,0.0,0.0,0.1,0.0,98.6,1.3
20160224224442,0.0,0.0,0.0,0.0,0.0,0.0,98.0,2.0
20160224224512,0.0,0.0,0.0,0.0,0.2,0.0,93.6,6.2
20160224224542,0.0,0.0,0.0,0.0,0.2,0.1,93.8,5.9
20160224224612,0.0,0.0,0.0,0.0,0.0,0.0,89.9,10.0
20160224224642,0.0,0.0,0.0,0.0,0.0,0.0,95.3,4.7
20160224224712,0.0,0.0,0.0,0.0,0.1,0.0,96.0,3.9
20160224224742,0.0,0.0,0.0,0.0,0.0,0.0,96.8,3.2
20160224224812,0.0,0.0,0.0,0.0,0.0,0.0,96.8,3.2
20160224224842,0.0,0.0,0.0,0.0,0.0,0.0,97.6,2.4
20160224224912,0.0,0.0,0.0,0.0,0.0,0.0,98.2,1.8
20160224224942,0.0,0.0,0.0,0.0,0.0,0.0,97.6,2.4
20160224225012,0.0,0.0,0.0,0.0,0.0,0.0,96.8,3.2
20160224225042,0.0,0.0,0.0,0.0,0.0,0.0,96.2,3.8
20160224225112,0.0,0.0,0.0,0.0,0.1,0.0,98.6,1.3
20160224225142,0.0,0.0,0.0,0.0,0.0,0.0,99.7,0.3
20160224225212,0.0,0.0,0.0,0.0,0.1,0.0,94.1,5.8
20160224225242,0.0,0.0,0.0,0.0,0.0,0.0,99.5,0.4
20160224225312,0.0,0.0,0.0,0.0,0.1,0.0,90.9,8.9
20160224225342,0.0,0.0,0.0,0.0,0.1,0.0,81.3,18.5
20160224225412,0.0,0.0,0.0,0.0,0.0,0.0,95.2,4.7
20160224225442,0.0,0.0,0.0,0.0,0.1,0.0,92.4,7.5
20160224225512,0.0,0.0,0.0,0.0,0.2,0.0,96.5,3.3
20160224225542,0.0,0.0,0.0,0.0,0.1,0.0,96.2,3.7
20160224225612,0.0,0.0,0.0,0.0,0.1,0.0,97.8,2.2
20160224225642,0.0,0.0,0.0,0.0,0.2,0.0,88.9,10.8
20160224225712,0.0,0.0,0.0,0.0,0.1,0.0,90.9,8.9
20160224225742,0.0,0.0,0.0,0.0,0.1,0.0,80.6,19.3
20160224225812,0.0,0.0,0.0,0.0,0.2,0.0,95.7,4.1
20160224225842,0.0,0.0,0.0,0.0,0.1,0.1,87.0,12.8
20160224225912,0.0,0.0,0.1,0.0,1.2,0.0,29.1,69.6
20160224225942,0.0,0.0,0.2,0.0,1.3,0.1,39.2,59.0
20160224230012,0.0,0.0,0.0,0.0,0.6,0.0,73.7,25.6
20160224230042,0.0,0.0,0.0,0.0,0.1,0.0,83.8,16.1
20160224230112,0.0,0.0,0.0,0.0,0.5,0.0,74.9,24.6
20160224230142,0.0,0.0,0.1,0.0,0.4,0.0,76.7,22.8
20160224230212,0.0,0.0,0.0,0.0,0.2,0.0,92.9,6.8
20160224230242,0.0,0.0,0.0,0.0,0.7,0.0,87.2,12.1
20160224230312,0.0,0.0,0.0,0.0,0.3,0.0,83.6,16.0
20160224230342,0.0,0.0,0.0,0.0,0.4,0.0,90.9,8.7
