UT,arc,discrete,diffuse,ac,ab,clear,cloudy,dd
20160213153100,0.0,0.0,0.0,0.0,0.0,0.0,0.0,100.0
20160213153130,0.0,0.0,0.0,0.0,0.0,0.0,0.0,100.0
20160213153200,0.0,0.0,0.0,0.0,0.0,0.0,0.0,100.0
20160213153230,0.0,0.0,0.0,0.0,0.0,0.0,0.0,100.0
20160213153300,0.0,0.0,0.0,0.0,0.0,0.0,0.0,100.0
20160213153330,0.0,0.0,0.0,0.0,0.0,0.0,0.0,100.0
20160213153400,0.0,0.0,0.0,0.0,0.0,0.0,0.0,100.0
20160213153430,0.0,0.0,0.0,0.0,0.0,0.0,0.0,100.0
20160213153500,0.0,0.0,0.0,0.0,0.0,0.0,0.0,100.0
20160213153530,0.0,0.0,0.0,0.0,0.0,0.0,0.0,100.0
20160213153600,0.0,0.0,0.0,0.0,0.0,0.0,0.0,100.0
20160213153630,0.0,0.0,0.0,0.0,0.0,0.0,0.0,100.0
20160213153700,0.0,0.0,0.0,0.0,0.0,0.0,0.0,100.0
20160213153730,0.0,0.0,0.0,0.0,0.0,0.0,0.0,100.0
20160213153800,0.0,0.0,0.0,0.0,0.0,0.0,0.0,100.0
20160213153830,0.0,0.0,0.0,0.0,0.0,0.0,0.0,100.0
20160213153900,0.0,0.0,0.0,0.0,0.0,0.0,0.0,100.0
20160213153930,0.0,0.0,0.0,0.0,0.0,0.0,0.0,100.0
20160213154000,0.0,0.0,0.0,0.0,0.0,0.0,0.0,100.0
20160213154030,0.0,0.0,0.0,0.0,0.0,0.0,0.0,100.0
20160213154100,0.0,0.0,0.0,0.0,0.0,0.0,0.1,99.9
20160213154131,0.0,0.0,0.0,0.0,0.0,0.0,0.2,99.8
20160213154201,0.0,0.0,0.0,0.0,0.0,0.0,0.2,99.8
20160213154231,0.0,0.0,0.0,0.0,0.0,0.0,0.1,99.9
20160213154301,0.0,0.0,0.0,0.0,0.0,0.0,0.0,100.0
20160213154331,0.0,0.0,0.0,0.0,0.0,0.0,0.0,100.0
20160213154401,0.0,0.0,0.0,0.0,0.0,0.0,0.0,100.0
20160213154431,0.0,0.0,0.0,0.0,0.0,0.0,0.0,100.0
20160213154501,0.0,0.0,0.0,0.0,0.0,0.0,0.0,100.0
20160213154531,0.0,0.0,0.0,0.0,0.0,0.0,0.0,100.0
20160213154601,0.0,0.0,0.0,0.0,0.0,0.0,0.0,100.0
20160213154631,0.0,0.0,0.0,0.0,0.0,0.0,0.0,100.0
20160213154701,0.0,0.0,0.0,0.0,0.0,0.0,0.0,100.0
20160213154731,0.0,0.0,0.0,0.0,0.0,0.0,0.0,100.0
20160213154801,0.0,0.0,0.0,0.0,0.0,0.0,0.0,100.0
20160213154831,0.0,0.0,0.0,0.0,0.0,0.0,0.0,100.0
20160213154901,0.0,0.0,0.0,0.0,0.0,0.0,0.0,100.0
20160213154931,0.0,0.0,0.0,0.0,0.0,0.0,0.0,100.0
20160213155001,0.0,0.0,0.0,0.0,0.0,0.0,0.0,100.0
20160213155031,0.0,0.0,0.0,0.0,0.0,0.0,0.0,100.0
20160213155101,0.0,0.0,0.0,0.0,0.0,0.0,0.0,100.0
20160213155131,0.0,0.0,0.0,0.0,0.0,0.0,0.0,100.0
20160213155201,0.0,0.0,0.0,0.0,0.0,0.0,0.0,100.0
20160213155231,0.0,0.0,0.0,0.0,0.0,0.0,0.0,100.0
20160213155301,0.0,0.0,0.0,0.0,0.0,0.0,0.0,100.0
20160213155331,0.0,0.0,0.0,0.0,0.0,0.0,0.0,100.0
20160213155401,0.0,0.0,0.0,0.0,0.0,0.0,0.0,100.0
20160213155431,0.0,0.0,0.0,0.0,0.0,0.0,0.0,100.0
20160213155501,0.0,0.0,0.0,0.0,0.0,0.0,0.0,100.0
20160213155531,0.0,0.0,0.0,0.0,0.0,0.0,0.0,100.0
20160213155601,0.0,0.0,0.0,0.0,0.0,0.0,0.0,100.0
20160213155631,0.0,0.0,0.0,0.0,0.0,0.0,0.0,100.0
20160213155701,0.0,0.0,0.0,0.0,0.0,0.0,0.0,100.0
20160213155731,0.0,0.0,0.0,0.0,0.0,0.0,0.0,100.0
20160213155801,0.0,0.0,0.0,0.0,0.0,0.0,0.0,100.0
20160213155831,0.0,0.0,0.0,0.0,0.0,0.0,0.0,100.0
20160213155901,0.0,0.0,0.0,0.0,0.0,0.0,0.0,100.0
20160213155931,0.0,0.0,0.0,0.0,0.0,0.0,0.0,100.0
20160213160001,0.0,0.0,0.0,0.0,0.0,0.0,0.0,100.0
20160213160031,0.0,0.0,0.0,0.0,0.0,0.0,0.0,100.0
20160213160101,0.0,0.0,0.0,0.0,0.0,0.0,0.0,100.0
20160213160131,0.0,0.0,0.0,0.0,0.0,0.0,0.0,100.0
20160213160201,0.0,0.0,0.0,0.0,0.0,0.0,0.0,100.0
20160213160231,0.0,0.0,0.0,0.0,0.0,0.0,0.0,100.0
20160213160301,0.0,0.0,0.0,0.0,0.0,0.0,0.0,100.0
20160213160331,0.0,0.0,0.0,0.0,0.0,0.0,0.0,100.0
20160213160401,0.0,0.0,0.0,0.0,0.0,0.0,0.0,100.0
20160213160431,0.0,0.0,0.0,0.0,0.0,0.0,0.0,100.0
20160213160501,0.0,0.0,0.0,0.0,0.0,0.0,0.0,100.0
20160213160531,0.0,0.0,0.0,0.0,0.0,0.0,0.0,100.0
20160213160601,0.0,0.0,0.0,0.0,0.0,0.0,0.0,100.0
20160213160631,0.0,0.0,0.0,0.0,0.0,0.0,0.0,100.0
20160213160701,0.0,0.0,0.0,0.0,0.0,0.0,0.0,100.0
20160213160731,0.0,0.0,0.0,0.0,0.0,0.0,0.0,100.0
20160213160801,0.0,0.0,0.0,0.0,0.0,0.0,0.0,100.0
20160213160831,0.0,0.0,0.0,0.0,0.0,0.0,0.0,100.0
20160213160901,0.0,0.0,0.0,0.0,0.0,0.0,0.0,100.0
20160213160931,0.0,0.0,0.0,0.0,0.0,0.0,0.0,100.0
20160213161001,0.0,0.0,0.0,0.0,0.0,0.0,0.0,100.0
20160213161031,0.0,0.0,0.0,0.0,0.0,0.0,0.0,100.0
20160213161101,0.0,0.0,0.0,0.0,0.0,0.0,0.0,100.0
20160213161131,0.0,0.0,0.0,0.0,0.0,0.0,0.0,100.0
20160213161201,0.0,0.0,0.0,0.0,0.0,0.0,0.0,100.0
20160213161231,0.0,0.0,0.0,0.0,0.0,0.0,0.0,100.0
20160213161301,0.0,0.0,0.0,0.0,0.0,0.0,0.0,100.0
20160213161331,0.0,0.0,0.0,0.0,0.0,0.0,0.0,100.0
20160213161401,0.0,0.0,0.0,0.0,0.0,0.0,0.0,100.0
20160213161431,0.0,0.0,0.0,0.0,0.0,0.0,0.0,100.0
20160213161502,0.0,0.0,0.0,0.0,0.0,0.0,0.0,100.0
20160213161532,0.0,0.0,0.0,0.0,0.0,0.0,0.0,100.0
20160213161602,0.0,0.0,0.0,0.0,0.0,0.0,0.0,100.0
20160213161632,0.0,0.0,0.0,0.0,0.0,0.0,0.0,100.0
20160213161702,0.0,0.0,0.0,0.0,0.0,0.0,0.0,100.0
20160213161732,0.0,0.0,0.0,0.0,0.0,0.0,0.0,100.0
20160213161802,0.0,0.0,0.0,0.0,0.0,0.0,0.0,100.0
20160213161832,0.0,0.0,0.0,0.0,0.0,0.0,0.0,100.0
20160213161902,0.0,0.0,0.0,0.0,0.0,0.0,0.0,100.0
20160213161932,0.0,0.0,0.0,0.0,0.0,0.0,0.0,100.0
20160213162002,0.0,0.0,0.0,0.0,0.0,0.0,0.0,100.0
20160213162032,0.0,0.0,0.0,0.0,0.0,0.0,0.0,100.0
20160213162102,0.0,0.0,0.0,0.0,0.0,0.0,0.0,100.0
20160213162132,0.0,0.0,0.0,0.0,0.0,0.0,0.0,100.0
20160213162202,0.0,0.0,0.0,0.0,0.0,0.0,0.0,100.0
20160213162232,0.0,0.0,0.0,0.0,0.0,0.0,0.0,100.0
20160213162302,0.0,0.0,0.0,0.0,0.0,0.0,0.0,100.0
20160213162332,0.0,0.0,0.0,0.0,0.0,0.0,0.0,100.0
20160213162402,0.0,0.0,0.0,0.0,0.0,0.0,0.0,100.0
20160213162432,0.0,0.0,0.0,0.0,0.0,0.0,0.0,100.0
20160213162502,0.0,0.0,0.0,0.0,0.0,0.0,0.0,100.0
20160213162532,0.0,0.0,0.0,0.0,0.0,0.0,0.0,100.0
20160213162602,0.0,0.0,0.0,0.0,0.0,0.0,0.0,100.0
20160213162632,0.0,0.0,0.0,0.0,0.0,0.0,0.0,100.0
20160213162702,0.0,0.0,0.0,0.0,0.0,0.0,0.0,100.0
20160213162732,0.0,0.0,0.0,0.0,0.0,0.0,0.0,100.0
20160213162802,0.0,0.0,0.0,0.0,0.0,0.0,0.0,100.0
20160213162832,0.0,0.0,0.0,0.0,0.0,0.0,0.0,100.0
20160213162902,0.0,0.0,0.0,0.0,0.0,0.0,0.0,100.0
20160213162932,0.0,0.0,0.0,0.0,0.0,0.0,0.0,100.0
20160213163002,0.0,0.0,0.0,0.0,0.0,0.0,0.0,100.0
20160213163032,0.0,0.0,0.0,0.0,0.0,0.0,0.0,100.0
20160213163232,0.0,0.0,0.0,0.0,0.0,0.0,0.0,100.0
20160213163302,0.0,0.0,0.0,0.0,0.0,0.0,0.0,100.0
20160213163332,0.0,0.0,0.0,0.0,0.0,0.0,0.0,100.0
20160213163402,0.0,0.0,0.0,0.0,0.0,0.0,0.0,100.0
20160213163432,0.0,0.0,0.0,0.0,0.0,0.0,0.0,100.0
20160213163502,0.0,0.0,0.0,0.0,0.0,0.0,0.0,100.0
20160213163532,0.0,0.0,0.0,0.0,0.0,0.0,0.0,100.0
20160213163602,0.0,0.0,0.0,0.0,0.0,0.0,0.0,100.0
20160213163632,0.0,0.0,0.0,0.0,0.0,0.0,0.0,100.0
20160213163702,0.0,0.0,0.0,0.0,0.0,0.0,0.0,100.0
20160213163732,0.0,0.0,0.0,0.0,0.0,0.0,0.0,100.0
20160213163802,0.0,0.0,0.0,0.0,0.0,0.0,0.0,100.0
20160213163832,0.0,0.0,0.0,0.0,0.0,0.0,0.0,100.0
20160213163902,0.0,0.0,0.0,0.0,0.0,0.0,0.0,100.0
20160213163932,0.0,0.0,0.0,0.0,0.0,0.0,0.0,100.0
20160213164002,0.0,0.0,0.0,0.0,0.0,0.0,0.0,100.0
20160213164032,0.0,0.0,0.0,0.0,0.0,0.0,0.0,100.0
20160213164102,0.0,0.0,0.0,0.0,0.0,0.0,0.0,100.0
20160213164132,0.0,0.0,0.0,0.0,0.0,0.0,0.0,100.0
20160213164202,0.0,0.0,0.0,0.0,0.0,0.0,0.0,100.0
20160213164232,0.0,0.0,0.0,0.0,0.0,0.0,0.0,100.0
20160213164302,0.0,0.0,0.0,0.0,0.0,0.0,0.0,100.0
20160213164332,0.0,0.0,0.0,0.0,0.0,0.0,0.0,100.0
20160213164402,0.0,0.0,0.0,0.0,0.0,0.0,0.0,100.0
20160213164432,0.0,0.0,0.0,0.0,0.0,0.0,0.0,100.0
20160213164502,0.0,0.0,0.0,0.0,0.0,0.0,0.0,100.0
20160213164532,0.0,0.0,0.0,0.0,0.0,0.0,0.0,100.0
20160213164602,0.0,0.0,0.0,0.0,0.0,0.0,0.0,100.0
20160213164632,0.0,0.0,0.0,0.0,0.0,0.0,0.0,100.0
20160213164702,0.0,0.0,0.0,0.0,0.0,0.0,0.0,100.0
20160213164732,0.0,0.0,0.0,0.0,0.0,0.0,0.0,100.0
20160213164802,0.0,0.0,0.0,0.0,0.0,0.0,0.0,100.0
20160213164832,0.0,0.0,0.0,0.0,0.0,0.0,0.0,100.0
20160213164902,0.0,0.0,0.0,0.0,0.0,0.0,0.0,100.0
20160213164933,0.0,0.0,0.0,0.0,0.0,0.0,0.0,100.0
20160213165003,0.0,0.0,0.0,0.0,0.0,0.0,0.0,100.0
20160213165033,0.0,0.0,0.0,0.0,0.0,0.0,0.0,100.0
20160213165103,0.0,0.0,0.0,0.0,0.0,0.0,0.0,100.0
20160213165133,0.0,0.0,0.0,0.0,0.0,0.0,0.0,100.0
20160213165203,0.0,0.0,0.0,0.0,0.0,0.0,0.0,100.0
20160213165233,0.0,0.0,0.0,0.0,0.1,0.0,0.1,99.8
20160213165303,0.0,0.0,0.0,0.0,0.0,0.0,0.0,99.9
20160213165333,0.0,0.0,0.0,0.0,0.6,0.2,0.3,98.9
20160213165403,0.0,0.0,0.0,0.0,0.2,0.1,0.0,99.6
20160213165433,0.0,0.0,0.0,0.0,0.1,0.1,0.1,99.7
20160213165503,0.0,0.0,0.0,0.0,0.6,0.1,0.1,99.2
20160213165533,0.0,0.0,0.0,0.0,0.2,0.1,0.2,99.6
20160213165603,0.0,0.0,0.0,0.0,1.1,0.7,0.7,97.4
20160213165633,0.0,0.0,0.0,0.0,1.2,0.8,0.2,97.8
20160213165703,0.0,0.0,0.0,0.0,3.2,0.3,1.0,95.5
20160213165733,0.0,0.0,0.0,0.0,0.5,0.2,0.5,98.8
20160213165803,0.0,0.0,0.1,0.0,0.7,1.8,3.4,94.0
20160213165833,0.1,0.0,0.1,0.0,0.3,7.6,1.8,90.0
20160213165903,0.0,0.0,0.1,0.0,0.1,1.1,1.1,97.6
20160213165933,0.1,0.0,0.2,0.0,1.0,3.6,7.6,87.6
20160213170003,0.0,0.0,0.1,0.0,0.2,0.7,1.9,97.0
20160213170033,0.1,0.0,0.1,0.0,0.8,1.4,1.8,95.7
20160213170103,0.0,0.0,0.2,0.0,1.2,1.9,4.2,92.4
20160213170133,0.0,0.0,0.0,0.0,1.0,1.6,3.4,94.0
20160213170203,0.1,0.0,0.5,0.0,3.0,2.3,7.6,86.5
20160213170233,0.0,0.0,0.5,0.0,4.9,3.3,27.2,64.0
20160213170303,0.1,0.0,1.6,0.1,9.0,3.3,6.0,79.8
20160213170333,0.1,0.0,2.2,0.1,22.3,7.0,19.9,48.5
20160213170403,0.1,0.0,4.2,0.0,5.3,1.5,20.3,68.6
20160213170433,0.0,0.0,7.1,0.2,7.8,3.8,60.9,20.2
20160213170503,0.0,0.0,0.5,0.1,2.2,1.2,55.2,40.7
20160213170533,0.0,0.0,0.2,0.0,5.2,0.8,50.1,43.7
20160213170603,0.0,0.0,3.8,0.5,5.0,1.2,71.5,18.1
20160213170633,0.0,0.0,1.0,0.1,2.9,0.7,55.2,40.1
20160213170703,0.0,0.0,11.9,0.1,2.4,2.1,30.1,53.4
20160213170733,0.0,0.0,9.1,0.2,2.9,2.2,53.1,32.4
20160213170803,0.0,0.0,39.6,0.1,0.5,16.4,19.2,24.1
20160213170833,0.1,0.0,13.7,0.1,1.9,11.3,48.1,24.9
20160213170903,0.0,0.0,2.0,0.0,0.1,1.6,79.8,16.5
20160213170933,0.0,0.0,8.9,0.2,0.2,0.3,72.9,17.4
20160213171003,0.0,0.0,9.1,0.5,0.0,0.3,73.7,16.3
20160213171033,0.0,0.0,5.4,0.4,0.1,1.5,79.7,12.8
20160213171103,0.0,0.0,0.3,0.0,0.0,0.2,91.2,8.3
20160213171133,0.0,0.0,0.4,0.1,0.4,0.5,97.3,1.4
20160213171203,0.0,0.0,0.9,0.1,2.3,0.2,85.9,10.6
20160213171233,0.0,0.0,1.7,0.1,1.8,0.4,79.7,16.4
20160213171303,0.0,0.0,1.3,0.0,0.5,0.3,52.3,45.6
20160213171333,0.0,0.0,0.9,0.2,0.3,0.6,85.8,12.3
20160213171403,0.0,0.0,0.7,0.0,0.3,0.7,94.6,3.7
20160213171433,0.0,0.0,0.1,0.0,0.3,0.1,97.6,1.9
20160213171503,0.0,0.0,0.4,0.2,1.8,1.4,91.0,5.1
20160213171533,0.0,0.0,0.0,0.0,0.1,0.1,97.8,2.0
20160213171603,0.0,0.0,0.0,0.0,0.2,0.0,99.6,0.2
20160213171633,0.0,0.0,0.0,0.0,0.9,0.2,97.5,1.4
20160213171703,0.0,0.0,0.0,0.0,0.5,0.2,98.9,0.4
20160213171733,0.0,0.0,0.0,0.1,2.6,0.0,95.8,1.4
20160213171803,0.0,0.0,0.0,0.0,0.4,0.1,99.2,0.3
20160213171833,0.0,0.0,0.3,0.0,1.6,0.3,83.0,14.8
20160213171903,0.0,0.0,0.1,0.6,0.8,0.1,96.5,1.9
20160213171933,0.0,0.0,0.1,1.0,0.6,0.1,97.0,1.1
20160213172003,0.0,0.1,0.9,4.7,1.6,0.2,90.3,2.3
20160213172033,0.0,0.1,0.3,0.2,0.2,0.1,98.9,0.2
20160213172103,0.0,0.0,0.4,0.3,0.3,0.0,97.9,1.0
20160213172133,0.0,0.0,0.5,0.1,0.2,0.0,99.1,0.1
20160213172203,0.1,0.1,0.6,0.2,2.1,0.3,95.7,0.9
20160213172233,0.0,0.2,0.3,0.5,1.2,0.4,95.4,2.0
20160213172303,0.0,0.2,0.3,0.8,1.6,0.4,93.5,3.2
20160213172333,0.0,0.0,0.0,0.1,0.0,0.0,99.6,0.3
20160213172404,0.0,0.0,0.0,0.1,1.6,0.1,98.0,0.3
20160213172434,0.0,0.0,0.0,0.1,1.5,0.3,97.8,0.3
20160213172504,0.0,0.2,0.2,0.5,1.6,0.7,93.2,3.6
20160213172534,0.0,0.2,0.4,0.6,1.0,1.2,95.1,1.5
20160213172604,0.0,0.1,0.1,0.2,0.3,0.3,97.0,1.9
20160213172634,0.0,0.0,0.0,0.0,0.0,0.0,99.8,0.1
20160213172704,0.0,0.0,0.0,0.1,0.1,0.1,98.7,0.9
20160213172734,0.0,0.0,0.0,0.0,0.0,0.1,99.6,0.2
20160213172804,0.0,0.0,0.0,0.0,0.0,0.1,98.3,1.6
20160213172834,0.0,0.0,0.0,0.0,0.0,0.0,99.9,0.1
20160213172904,0.0,0.0,0.0,0.0,0.0,0.1,99.7,0.2
20160213172934,0.0,0.0,0.0,0.0,0.0,0.1,98.5,1.3
20160213173004,0.0,0.0,0.0,0.3,0.2,0.4,97.7,1.5
20160213173034,0.0,0.0,0.0,0.1,0.1,0.1,99.1,0.6
20160213173104,0.0,0.0,0.0,0.1,0.0,0.1,99.7,0.2
20160213173134,0.0,0.0,0.0,0.1,0.0,0.1,97.9,1.9
20160213173204,0.0,0.0,0.0,0.2,0.0,0.7,98.7,0.4
20160213173234,0.0,0.0,0.0,0.3,0.0,0.1,99.1,0.5
20160213173304,0.0,0.0,0.0,0.2,0.0,0.2,99.0,0.6
20160213173334,0.0,0.0,0.0,0.4,0.2,0.4,96.0,3.0
20160213173404,0.0,0.0,0.0,0.3,0.1,0.3,98.9,0.4
20160213173434,0.0,0.1,0.0,0.5,0.5,0.5,93.7,4.7
20160213173504,0.0,0.0,0.0,0.5,0.8,0.1,93.9,4.6
20160213173534,0.0,0.0,0.0,0.4,0.6,0.1,94.6,4.3
20160213173604,0.0,0.0,0.0,0.3,1.1,0.1,60.0,38.4
20160213173634,0.0,0.0,0.0,0.1,0.3,0.2,74.2,25.2
20160213173704,0.0,0.0,0.0,0.2,0.6,0.2,82.7,16.3
20160213173734,0.0,0.0,0.0,0.5,0.7,0.1,87.2,11.6
20160213173804,0.0,0.0,0.0,0.3,0.4,0.1,90.1,9.1
20160213173834,0.0,0.0,0.0,0.1,2.4,0.4,88.4,8.7
20160213173904,0.0,0.0,0.0,0.1,1.3,1.2,92.7,4.7
20160213173934,0.0,0.0,0.0,0.0,0.2,0.3,96.1,3.3
20160213174004,0.0,0.0,0.0,0.0,0.2,0.0,97.8,2.0
20160213174034,0.0,0.0,0.0,0.0,0.4,0.1,92.5,7.0
20160213174104,0.0,0.0,0.0,0.0,2.5,0.2,96.3,0.9
20160213174134,0.0,0.0,0.0,0.0,0.5,0.2,99.1,0.3
20160213174204,0.0,0.0,0.0,0.2,5.7,0.6,86.6,6.8
20160213174234,0.0,0.0,0.0,0.1,21.6,2.8,72.0,3.5
20160213174304,0.0,0.0,0.0,0.0,17.1,5.6,75.5,1.8
20160213174334,0.0,0.0,0.0,0.0,78.0,5.7,13.5,2.7
20160213174404,0.0,0.0,0.0,0.0,87.0,1.2,11.1,0.6
20160213174434,0.0,0.0,0.0,0.0,16.7,0.8,82.3,0.2
20160213174504,0.0,0.0,0.0,0.0,34.0,0.6,61.8,3.6
20160213174534,0.0,0.0,0.0,0.0,20.8,0.6,78.0,0.6
20160213174604,0.0,0.0,0.0,0.0,5.3,0.2,93.7,0.7
20160213174634,0.0,0.0,0.0,0.0,4.5,3.0,91.2,1.1
20160213174704,0.0,0.0,0.0,0.0,4.7,0.8,90.7,3.7
20160213174734,0.0,0.0,0.0,0.0,1.5,0.8,96.8,1.0
20160213174804,0.0,0.0,0.0,0.0,0.1,0.2,99.0,0.7
20160213174834,0.0,0.0,0.0,0.0,1.0,2.4,96.4,0.2
20160213174904,0.0,0.0,0.0,0.0,0.0,0.4,98.8,0.8
20160213174934,0.0,0.0,0.0,0.0,0.3,1.7,96.0,1.8
20160213175004,0.0,0.1,0.0,0.4,4.5,3.4,83.4,8.0
20160213175034,0.0,0.0,0.1,0.5,3.2,12.2,80.2,3.8
20160213175104,0.0,0.0,0.0,0.0,0.1,0.1,99.8,0.0
20160213175135,0.0,0.0,0.0,0.0,0.1,0.3,99.5,0.0
20160213175205,0.0,0.0,0.0,0.1,0.7,0.3,98.5,0.3
20160213175235,0.0,0.0,0.0,0.2,1.3,0.2,96.3,1.9
20160213175305,0.0,0.1,0.1,0.1,0.2,1.0,97.1,1.4
20160213175335,0.0,0.0,0.0,0.0,1.3,2.9,95.6,0.1
20160213175405,0.0,0.0,0.0,0.1,0.7,2.4,96.8,0.0
20160213175435,0.0,0.0,0.1,0.3,0.2,24.7,74.4,0.2
20160213175505,0.0,0.1,0.0,0.2,3.1,66.2,29.9,0.4
20160213175535,0.2,0.3,0.7,0.3,15.6,63.3,17.7,1.9
20160213175605,0.2,0.3,0.7,0.8,28.8,37.6,30.2,1.5
20160213175635,0.0,0.1,0.0,0.0,19.9,37.3,40.3,2.4
20160213175705,0.0,0.0,0.0,0.0,29.4,24.6,41.1,4.8
20160213175735,0.2,0.0,0.2,0.0,37.6,12.9,27.8,21.2
20160213175805,0.1,0.1,0.4,0.1,9.1,23.7,55.6,11.0
20160213175835,0.0,0.0,0.2,0.0,0.7,65.6,27.9,5.7
20160213175905,0.0,0.0,0.1,0.1,0.6,56.6,42.1,0.4
20160213175935,0.0,0.0,0.4,0.0,1.6,48.3,47.8,1.9
20160213180005,0.1,0.0,0.0,0.0,0.5,49.8,48.7,0.9
20160213180035,0.0,0.0,0.1,0.0,0.2,62.6,34.9,2.2
20160213180105,0.0,0.0,0.0,0.0,0.4,9.8,86.9,2.9
20160213180135,0.0,0.0,0.0,0.0,0.7,8.6,84.4,6.3
20160213180205,0.1,0.0,0.0,0.0,3.5,6.0,89.9,0.4
20160213180235,0.0,0.0,0.1,0.1,3.7,5.0,83.5,7.6
20160213180305,0.1,0.0,0.0,0.0,1.3,1.4,96.1,1.0
20160213180335,0.4,0.0,0.1,0.0,4.3,13.5,78.6,3.1
20160213180405,0.0,0.0,0.0,0.0,0.3,5.1,94.4,0.2
20160213180435,0.0,0.0,0.0,0.0,0.3,1.0,97.6,1.1
20160213180505,0.0,0.0,0.1,0.0,3.3,29.0,38.3,29.2
20160213180535,0.0,0.0,0.0,0.0,0.1,10.0,89.3,0.5
20160213180605,0.0,0.0,0.0,0.0,3.5,52.4,21.1,23.0
20160213180635,0.0,0.0,0.0,0.0,1.0,26.2,70.3,2.5
20160213180705,0.0,0.0,0.0,0.0,4.0,57.8,12.1,26.0
20160213180735,0.2,0.0,0.0,0.1,2.5,51.6,15.2,30.3
20160213180805,0.2,0.0,0.0,0.0,1.3,25.7,15.2,57.6
20160213180835,0.2,0.0,0.0,0.0,0.5,31.5,14.4,53.3
20160213180905,0.8,0.0,0.2,0.0,1.5,21.7,7.0,68.8
20160213180935,0.1,0.0,0.0,0.0,0.2,10.5,0.6,88.6
20160213181005,0.0,0.0,0.1,0.0,0.5,38.1,2.6,58.7
20160213181035,0.1,0.0,0.1,0.0,0.2,24.8,1.6,73.1
20160213181105,0.1,0.0,0.5,0.0,0.4,8.4,0.6,90.0
20160213181135,0.0,0.0,0.0,0.0,0.1,71.8,2.0,26.1
20160213181205,0.0,0.0,0.0,0.0,0.2,2.9,0.1,96.9
20160213181235,0.0,0.0,0.0,0.0,0.0,2.7,0.1,97.3
20160213181305,0.0,0.0,0.0,0.0,0.0,8.4,0.0,91.5
20160213181335,0.0,0.0,0.0,0.0,0.0,0.5,0.0,99.4
20160213181405,0.0,0.0,0.0,0.0,0.0,0.6,0.0,99.3
20160213181435,0.0,0.0,0.0,0.0,0.0,0.2,0.0,99.8
20160213181505,0.0,0.0,0.0,0.0,0.0,0.2,0.0,99.8
20160213181535,0.0,0.0,0.0,0.0,0.1,3.0,0.0,97.0
20160213181605,0.0,0.0,0.0,0.0,0.0,0.7,0.0,99.3
20160213181635,0.0,0.0,0.0,0.0,0.0,0.9,0.0,99.1
20160213181705,0.0,0.0,0.0,0.0,0.0,0.1,0.0,99.8
20160213181735,0.0,0.0,0.0,0.0,0.0,7.8,0.1,92.0
20160213181805,0.0,0.0,0.0,0.0,0.0,4.3,0.0,95.7
20160213181835,0.0,0.0,0.0,0.0,0.0,0.8,0.1,99.1
20160213181905,0.0,0.0,0.1,0.0,0.1,3.2,0.1,96.4
20160213181935,0.0,0.0,0.0,0.0,0.0,1.2,0.0,98.8
20160213182005,0.0,0.0,0.0,0.0,0.0,0.2,0.0,99.8
20160213182035,0.0,0.0,0.0,0.0,0.0,0.0,0.0,99.9
20160213182105,0.0,0.0,0.0,0.0,0.0,0.2,0.7,99.1
20160213182135,0.0,0.0,0.0,0.0,0.0,0.3,0.4,99.3
20160213182205,0.0,0.0,0.0,0.0,0.0,0.2,0.1,99.7
20160213182235,0.0,0.0,0.0,0.0,0.1,0.7,0.4,98.8
20160213182305,0.0,0.0,0.0,0.0,0.0,0.0,0.0,99.9
20160213182335,0.0,0.0,0.0,0.0,0.2,0.3,0.7,98.8
20160213182405,0.0,0.0,0.0,0.0,0.3,0.7,0.9,98.0
20160213182435,0.0,0.0,0.0,0.0,0.0,0.1,0.3,99.6
20160213182505,0.0,0.0,0.0,0.0,0.2,0.2,0.1,99.6
20160213182536,0.0,0.0,0.0,0.0,0.4,0.3,0.1,99.1
20160213182606,0.0,0.0,0.0,0.0,0.1,1.5,1.8,96.5
20160213182636,0.0,0.0,0.0,0.1,2.0,1.0,36.1,60.7
20160213182706,0.0,0.0,0.0,0.0,0.5,0.4,5.2,93.9
20160213182736,0.0,0.1,0.0,0.0,0.9,0.4,31.0,67.6
20160213182806,0.0,0.0,0.0,0.0,0.0,0.0,86.0,13.9
20160213182836,0.0,0.0,0.0,0.0,0.1,0.1,57.9,42.0
20160213182906,0.0,0.0,0.0,0.0,0.0,0.0,11.8,88.1
20160213182936,0.0,0.0,0.0,0.0,0.0,0.0,13.1,86.9
20160213183006,0.0,0.1,0.0,0.0,0.1,0.2,12.9,86.6
20160213183036,0.0,0.0,0.0,0.0,0.0,0.4,21.5,78.0
20160213183106,0.0,0.0,0.0,0.0,0.0,0.2,43.1,56.7
20160213183136,0.0,0.0,0.0,0.0,0.0,0.1,23.1,76.8
20160213183206,0.0,0.0,0.0,0.0,0.0,0.2,2.8,96.9
20160213183236,0.0,0.0,0.0,0.0,0.0,0.0,1.5,98.5
20160213183306,0.0,0.0,0.0,0.0,0.0,0.0,0.1,99.9
20160213183336,0.0,0.0,0.0,0.0,0.0,0.1,1.0,98.9
20160213183406,0.0,0.0,0.0,0.0,0.0,0.0,0.5,99.5
20160213183436,0.0,0.0,0.0,0.0,0.0,0.0,0.1,99.9
20160213183506,0.0,0.0,0.0,0.0,0.0,0.0,0.4,99.6
20160213183536,0.0,0.0,0.0,0.0,0.0,0.0,1.2,98.7
20160213183606,0.0,0.0,0.0,0.0,0.0,0.0,0.6,99.4
20160213183636,0.0,0.0,0.0,0.0,0.0,0.0,0.1,99.9
20160213183706,0.0,0.0,0.0,0.0,0.0,0.0,0.9,99.1
20160213183736,0.0,0.0,0.0,0.0,0.0,0.0,1.4,98.4
20160213183806,0.0,0.0,0.0,0.1,0.0,0.1,1.3,98.5
20160213183836,0.0,0.0,0.3,0.0,0.1,0.1,12.8,86.8
20160213183906,0.0,0.0,0.0,0.0,0.0,0.0,15.9,84.1
20160213183936,0.0,0.1,0.0,0.0,0.1,0.0,46.9,52.8
20160213184006,0.0,0.0,0.0,0.2,0.1,0.0,26.5,73.1
20160213184036,0.0,0.0,0.1,0.7,0.1,0.1,56.8,42.2
20160213184106,0.0,0.0,0.0,0.1,0.0,0.0,46.6,53.1
20160213184136,0.0,0.0,0.1,0.0,0.0,0.0,77.3,22.6
20160213184206,0.0,0.0,0.1,0.3,0.0,0.0,90.0,9.6
20160213184236,0.0,0.1,0.1,0.4,0.0,0.0,40.5,58.9
20160213184306,0.0,0.0,0.0,0.0,0.0,0.0,7.5,92.5
20160213184336,0.0,0.0,0.0,0.0,0.0,0.0,14.3,85.7
20160213184406,0.0,0.0,0.0,0.0,0.0,0.0,17.2,82.7
20160213184436,0.0,0.0,0.0,0.0,0.0,0.0,29.2,70.8
20160213184506,0.0,0.0,0.0,0.0,0.0,0.0,7.9,92.1
20160213184536,0.0,0.0,0.0,0.0,0.0,0.0,6.7,93.3
20160213184606,0.0,0.0,0.0,0.0,0.0,0.0,7.1,92.8
20160213184636,0.0,0.0,0.0,0.0,0.0,0.0,53.5,46.4
20160213184706,0.0,0.0,0.0,0.0,0.0,0.0,23.4,76.5
20160213184736,0.0,0.0,0.0,0.0,0.0,0.0,1.5,98.5
20160213184806,0.0,0.0,0.0,0.0,0.0,0.0,22.2,77.8
20160213184836,0.0,0.0,0.0,0.0,0.0,0.0,44.7,55.3
20160213184906,0.0,0.0,0.0,0.0,0.0,0.0,53.8,46.2
20160213184936,0.0,0.0,0.0,0.1,0.0,0.0,63.4,36.5
20160213185006,0.0,0.0,0.0,0.3,0.0,0.0,64.6,35.1
20160213185036,0.0,0.0,0.0,0.0,0.0,0.0,82.1,17.9
20160213185106,0.0,0.0,0.0,0.2,0.0,0.0,77.2,22.6
20160213185136,0.0,0.0,0.0,0.1,0.0,0.0,56.7,43.2
20160213185206,0.0,0.0,0.0,0.0,0.0,0.0,96.9,3.0
20160213185236,0.0,0.2,0.0,0.7,0.1,0.0,74.4,24.7
20160213185306,0.0,0.0,0.0,0.1,0.0,0.0,66.7,33.2
20160213185336,0.0,0.0,0.0,0.1,0.0,0.0,68.6,31.3
20160213185406,0.0,0.0,0.0,0.1,0.0,0.0,69.9,30.0
20160213185436,0.0,0.0,0.0,0.1,0.0,0.0,34.9,65.0
20160213185506,0.0,0.0,0.0,0.0,0.0,0.0,4.7,95.2
20160213185536,0.0,0.0,0.0,0.3,0.1,0.0,40.9,58.6
20160213185606,0.0,0.0,0.0,0.1,0.0,0.0,58.4,41.5
20160213185636,0.0,0.0,0.0,0.1,0.0,0.0,71.9,27.9
20160213185706,0.0,0.0,0.0,0.1,0.0,0.0,57.9,42.0
20160213185736,0.0,0.0,0.0,0.0,0.0,0.0,99.5,0.5
20160213185806,0.0,0.0,0.0,0.0,0.0,0.0,90.5,9.4
20160213185836,0.0,0.0,0.0,0.0,0.0,0.0,99.0,1.0
20160213185906,0.0,0.0,0.0,0.0,0.0,0.0,99.0,1.0
20160213185937,0.0,0.0,0.0,0.0,0.0,0.0,91.5,8.5
20160213190007,0.0,0.0,0.0,0.0,0.0,0.0,99.6,0.4
20160213190037,0.0,0.0,0.0,0.0,0.0,0.0,97.9,2.1
20160213190107,0.0,0.0,0.0,0.0,0.0,0.0,99.7,0.3
20160213190137,0.0,0.0,0.0,0.0,0.0,0.0,98.8,1.1
20160213190207,0.0,0.0,0.0,0.0,0.0,0.0,99.8,0.2
20160213190237,0.0,0.0,0.0,0.0,0.0,0.0,99.9,0.1
20160213190307,0.0,0.0,0.0,0.0,0.0,0.0,99.9,0.1
20160213190337,0.0,0.0,0.0,0.0,0.0,0.0,99.9,0.1
20160213190407,0.0,0.0,0.0,0.1,0.0,0.0,98.9,1.1
20160213190437,0.0,0.0,0.0,0.0,0.0,0.0,99.8,0.2
20160213190507,0.0,0.0,0.0,0.0,0.0,0.0,99.8,0.2
20160213190537,0.0,0.0,0.0,0.0,0.0,0.0,96.8,3.2
20160213190607,0.0,0.0,0.0,0.0,0.0,0.0,99.8,0.2
20160213190637,0.0,0.0,0.0,0.0,0.0,0.0,99.7,0.3
20160213190707,0.0,0.0,0.0,0.0,0.0,0.0,97.7,2.3
20160213190737,0.0,0.0,0.0,0.0,0.0,0.0,99.9,0.1
20160213190807,0.0,0.0,0.0,0.0,0.0,0.0,99.9,0.1
20160213190837,0.0,0.0,0.0,0.0,0.0,0.0,99.8,0.2
20160213190907,0.0,0.0,0.0,0.0,0.0,0.0,99.8,0.2
20160213190937,0.0,0.0,0.0,0.0,0.0,0.0,99.8,0.2
20160213191007,0.0,0.0,0.0,0.0,0.0,0.0,99.9,0.1
20160213191037,0.0,0.0,0.0,0.0,0.0,0.0,92.1,7.9
20160213191107,0.0,0.0,0.0,0.0,0.0,0.0,87.6,12.3
20160213191137,0.0,0.0,0.0,0.0,0.0,0.0,97.1,2.9
20160213191207,0.0,0.0,0.0,0.0,0.0,0.0,99.8,0.2
20160213191237,0.0,0.0,0.0,0.0,0.0,0.0,99.7,0.2
20160213191307,0.0,0.0,0.0,0.0,0.0,0.0,100.0,0.0
20160213191337,0.0,0.0,0.0,0.0,0.0,0.0,99.9,0.1
20160213191407,0.0,0.0,0.0,0.0,0.0,0.0,99.9,0.1
20160213191437,0.0,0.0,0.0,0.0,0.0,0.0,99.7,0.3
20160213191507,0.0,0.0,0.0,0.0,0.0,0.0,100.0,0.0
20160213191537,0.0,0.0,0.0,0.0,0.0,0.0,100.0,0.0
20160213191607,0.0,0.0,0.0,0.0,0.0,0.0,99.7,0.3
20160213191637,0.0,0.0,0.0,0.0,0.0,0.0,99.7,0.3
20160213191707,0.0,0.0,0.0,0.0,0.0,0.0,100.0,0.0
20160213191737,0.0,0.0,0.0,0.0,0.0,0.0,99.7,0.3
20160213191807,0.0,0.0,0.0,0.0,0.0,0.0,95.8,4.2
20160213191837,0.0,0.0,0.0,0.0,0.0,0.0,97.8,2.2
20160213191907,0.0,0.0,0.0,0.0,0.0,0.0,95.3,4.7
20160213191937,0.0,0.0,0.0,0.0,0.0,0.0,93.3,6.7
20160213192007,0.0,0.0,0.0,0.0,0.0,0.0,98.4,1.6
20160213192037,0.0,0.0,0.0,0.1,0.0,0.0,90.9,9.0
20160213192107,0.0,0.0,0.0,0.7,0.0,0.0,97.4,1.9
20160213192137,0.0,0.0,0.0,0.0,0.0,0.0,95.8,4.2
20160213192207,0.0,0.0,0.0,0.0,0.0,0.0,99.3,0.7
20160213192237,0.0,0.0,0.0,0.0,0.0,0.0,99.6,0.3
20160213192307,0.0,0.0,0.0,0.0,0.0,0.0,99.4,0.6
20160213192337,0.0,0.0,0.0,0.0,0.0,0.0,99.7,0.3
20160213192407,0.0,0.0,0.0,0.0,0.0,0.0,91.6,8.3
20160213192437,0.0,0.0,0.0,0.0,0.0,0.0,91.1,8.9
20160213192507,0.0,0.0,0.0,0.0,0.0,0.0,99.4,0.6
20160213192537,0.0,0.0,0.0,0.0,0.0,0.0,99.6,0.4
20160213192607,0.0,0.0,0.0,0.0,0.0,0.0,99.4,0.6
20160213192637,0.0,0.0,0.0,0.0,0.0,0.0,99.8,0.2
20160213192708,0.0,0.0,0.0,0.0,0.0,0.0,97.9,2.1
20160213192738,0.0,0.0,0.0,0.0,0.0,0.0,99.4,0.6
20160213192808,0.0,0.0,0.0,0.7,0.0,0.0,71.4,27.9
20160213192838,0.0,0.0,0.0,0.0,0.0,0.0,99.5,0.5
20160213192908,0.0,0.0,0.0,0.1,0.0,0.0,99.0,1.0
20160213192938,0.0,0.0,0.0,0.0,0.0,0.0,97.2,2.8
20160213193008,0.0,0.0,0.0,0.0,0.0,0.0,98.7,1.2
20160213193038,0.0,0.0,0.0,0.0,0.0,0.0,87.1,12.9
20160213193108,0.0,0.0,0.0,0.0,0.0,0.0,99.7,0.3
20160213193138,0.0,0.0,0.0,0.0,0.0,0.0,100.0,0.0
20160213193208,0.0,0.0,0.0,0.0,0.0,0.0,99.9,0.1
20160213193238,0.0,0.0,0.0,0.0,0.0,0.0,99.9,0.1
20160213193308,0.0,0.0,0.0,0.0,0.0,0.0,99.8,0.1
20160213193338,0.0,0.0,0.0,0.0,0.0,0.0,99.8,0.2
20160213193408,0.0,0.0,0.0,0.0,0.0,0.0,99.8,0.2
20160213193438,0.0,0.0,0.0,0.0,0.0,0.0,99.6,0.4
20160213193508,0.0,0.0,0.0,0.0,0.0,0.0,99.9,0.1
20160213193538,0.0,0.0,0.0,0.0,0.0,0.0,99.9,0.1
20160213193608,0.0,0.0,0.0,0.0,0.0,0.0,100.0,0.0
20160213193638,0.0,0.0,0.0,0.0,0.0,0.0,100.0,0.0
20160213193708,0.0,0.0,0.0,0.0,0.0,0.0,100.0,0.0
20160213193738,0.0,0.0,0.0,0.0,0.0,0.0,100.0,0.0
20160213193808,0.0,0.0,0.0,0.0,0.0,0.0,100.0,0.0
20160213193838,0.0,0.0,0.0,0.0,0.0,0.0,100.0,0.0
20160213193908,0.0,0.0,0.0,0.0,0.0,0.0,100.0,0.0
20160213193938,0.0,0.0,0.0,0.0,0.0,0.0,99.8,0.2
20160213194008,0.0,0.0,0.0,0.0,0.0,0.0,99.0,1.0
20160213194038,0.0,0.0,0.0,0.0,0.0,0.0,99.5,0.5
20160213194108,0.0,0.0,0.0,0.0,0.0,0.0,100.0,0.0
20160213194138,0.0,0.0,0.0,0.0,0.0,0.0,100.0,0.0
20160213194208,0.0,0.0,0.0,0.0,0.0,0.0,100.0,0.0
20160213194238,0.0,0.0,0.0,0.0,0.0,0.0,99.9,0.0
20160213194308,0.0,0.0,0.0,0.0,0.0,0.0,99.9,0.1
20160213194338,0.0,0.0,0.0,0.0,0.0,0.0,99.5,0.5
20160213194408,0.0,0.0,0.0,0.0,0.0,0.0,99.9,0.1
20160213194438,0.0,0.0,0.0,0.0,0.0,0.0,97.7,2.3
20160213194508,0.0,0.0,0.0,0.0,0.0,0.0,98.6,1.4
20160213194538,0.0,0.0,0.0,0.0,0.0,0.0,99.1,0.9
20160213194608,0.0,0.0,0.0,0.0,0.0,0.0,99.8,0.2
20160213194638,0.0,0.0,0.0,0.0,0.0,0.0,98.4,1.6
20160213194708,0.0,0.0,0.0,0.0,0.0,0.0,99.4,0.6
20160213194738,0.0,0.0,0.0,0.0,0.0,0.0,94.1,5.9
20160213194808,0.0,0.0,0.0,0.1,0.0,0.0,87.3,12.6
20160213194838,0.0,0.0,0.0,0.0,0.0,0.0,98.1,1.9
20160213194908,0.0,0.0,0.0,0.7,0.0,0.0,91.5,7.8
20160213194938,0.0,0.0,0.0,0.0,0.0,0.0,97.3,2.7
20160213195008,0.0,0.0,0.0,0.0,0.0,0.0,97.9,2.1
20160213195038,0.0,0.0,0.0,0.0,0.0,0.0,88.8,11.1
20160213195108,0.0,0.0,0.0,0.1,0.0,0.0,94.3,5.6
20160213195138,0.0,0.0,0.0,0.0,0.0,0.0,99.7,0.3
20160213195208,0.0,0.0,0.0,0.0,0.0,0.0,99.3,0.6
20160213195238,0.0,0.0,0.0,0.0,0.0,0.0,99.0,1.0
20160213195308,0.0,0.0,0.0,0.0,0.0,0.0,99.0,0.9
20160213195338,0.0,0.0,0.0,0.0,0.0,0.0,100.0,0.0
20160213195408,0.0,0.0,0.0,0.0,0.0,0.0,100.0,0.0
20160213195438,0.0,0.0,0.0,0.1,0.0,0.0,99.5,0.4
20160213195508,0.0,0.0,0.1,0.4,0.0,0.0,99.3,0.2
20160213195538,0.0,0.0,0.0,0.0,0.0,0.0,99.3,0.7
20160213195608,0.0,0.0,0.0,0.0,0.0,0.0,99.4,0.5
20160213195638,0.0,0.0,0.1,0.1,0.0,0.0,98.8,1.1
20160213195708,0.0,0.0,0.0,0.0,0.0,0.0,98.7,1.2
20160213195738,0.0,0.0,0.1,0.0,0.0,0.0,99.4,0.5
20160213195808,0.0,0.0,0.0,0.0,0.0,0.0,98.7,1.2
20160213195838,0.0,0.0,0.0,0.0,0.0,0.0,99.2,0.8
20160213195908,0.0,0.0,0.0,0.0,0.0,0.0,93.3,6.7
20160213195938,0.0,0.0,0.0,0.1,0.0,0.0,98.5,1.4
20160213200008,0.0,0.0,0.0,0.0,0.0,0.0,99.9,0.1
20160213200038,0.0,0.0,0.0,0.0,0.0,0.0,99.7,0.3
20160213200109,0.0,0.0,0.0,0.0,0.0,0.0,99.4,0.6
20160213200139,0.0,0.0,0.0,0.0,0.0,0.0,98.9,1.1
20160213200209,0.0,0.0,0.0,0.0,0.0,0.0,91.9,8.0
20160213200239,0.0,0.0,0.0,0.0,0.0,0.0,100.0,0.0
20160213200309,0.0,0.0,0.0,0.0,0.0,0.0,99.3,0.7
20160213200339,0.0,0.0,0.0,0.0,0.0,0.0,99.5,0.5
20160213200409,0.0,0.0,0.0,0.0,0.0,0.0,98.7,1.2
20160213200439,0.0,0.0,0.0,0.0,0.0,0.0,98.4,1.6
20160213200509,0.0,0.0,0.0,0.0,0.0,0.0,97.8,2.2
20160213200539,0.0,0.0,0.0,0.0,0.0,0.0,97.2,2.8
20160213200609,0.0,0.0,0.0,0.0,0.0,0.0,99.1,0.9
20160213200639,0.0,0.0,0.0,0.0,0.0,0.0,99.8,0.2
20160213200709,0.0,0.0,0.0,0.0,0.0,0.0,96.0,4.0
20160213200739,0.0,0.0,0.0,0.0,0.0,0.0,93.4,6.6
20160213200809,0.0,0.0,0.3,0.1,0.0,0.0,73.6,25.9
20160213200839,0.0,0.0,0.0,0.0,0.0,0.0,91.2,8.8
20160213200909,0.0,0.0,0.0,0.0,0.0,0.0,98.7,1.3
20160213200939,0.0,0.0,0.0,0.0,0.0,0.0,98.0,2.0
20160213201009,0.0,0.0,0.0,0.0,0.0,0.0,97.0,3.0
20160213201039,0.0,0.0,0.0,0.0,0.0,0.0,95.0,4.9
20160213201109,0.0,0.0,0.0,0.0,0.0,0.0,98.9,1.1
20160213201139,0.0,0.0,0.1,0.0,0.0,0.0,98.0,1.9
20160213201209,0.0,0.0,0.0,0.1,0.0,0.0,96.8,3.1
20160213201239,0.0,0.0,0.0,0.0,0.0,0.0,97.8,2.1
20160213201309,0.0,0.0,0.0,0.0,0.0,0.0,96.6,3.4
20160213201339,0.0,0.0,0.2,0.1,0.0,0.0,85.4,14.3
20160213201409,0.0,0.0,0.2,0.4,0.0,0.0,89.5,9.9
20160213201439,0.0,0.0,0.1,0.1,0.0,0.0,89.7,10.1
20160213201509,0.0,0.0,0.1,0.1,0.0,0.0,88.9,10.9
20160213201539,0.0,0.0,0.0,0.0,0.0,0.0,99.4,0.6
20160213201609,0.0,0.0,0.1,0.2,0.0,0.0,96.0,3.7
20160213201639,0.0,0.0,0.1,0.1,0.0,0.0,92.6,7.2
20160213201709,0.0,0.0,0.0,0.0,0.0,0.0,98.1,1.9
20160213201739,0.0,0.0,0.0,0.1,0.0,0.0,95.5,4.5
20160213201809,0.0,0.0,0.0,0.0,0.0,0.0,99.6,0.4
20160213201839,0.0,0.0,0.0,0.0,0.0,0.0,96.5,3.5
20160213201909,0.0,0.0,0.1,0.0,0.0,0.0,97.5,2.4
20160213201939,0.0,0.0,0.1,0.0,0.0,0.0,94.5,5.4
20160213202009,0.0,0.0,0.1,0.0,0.0,0.0,95.9,4.1
20160213202039,0.0,0.0,0.0,0.0,0.0,0.0,98.8,1.1
20160213202109,0.0,0.0,0.0,0.0,0.0,0.0,99.9,0.1
20160213202139,0.0,0.0,0.0,0.0,0.0,0.0,99.2,0.7
20160213202209,0.0,0.0,0.1,0.1,0.0,0.0,99.3,0.5
20160213202239,0.0,0.0,0.1,0.0,0.0,0.0,99.7,0.2
20160213202309,0.0,0.0,0.1,0.0,0.0,0.0,94.1,5.8
20160213202339,0.0,0.0,0.0,0.0,0.0,0.0,99.1,0.9
20160213202409,0.0,0.0,0.1,0.0,0.0,0.0,97.7,2.2
20160213202439,0.0,0.0,0.0,0.0,0.0,0.0,99.5,0.5
20160213202509,0.0,0.0,0.0,0.0,0.0,0.0,98.7,1.3
20160213202539,0.0,0.0,0.0,0.0,0.0,0.0,93.2,6.8
20160213202609,0.0,0.0,0.0,0.0,0.0,0.0,94.3,5.7
20160213202639,0.0,0.0,0.0,0.0,0.0,0.0,97.0,2.9
20160213202709,0.0,0.0,0.3,0.0,0.0,0.0,59.8,39.9
20160213202739,0.0,0.0,0.1,0.0,0.0,0.0,89.5,10.4
20160213202809,0.0,0.0,0.0,0.0,0.0,0.0,99.7,0.3
20160213202839,0.0,0.0,0.0,0.0,0.0,0.0,95.1,4.9
20160213202909,0.0,0.0,0.0,0.0,0.0,0.0,84.9,15.1
20160213202939,0.0,0.0,0.0,0.0,0.0,0.0,99.2,0.8
20160213203009,0.0,0.0,0.0,0.0,0.0,0.0,99.0,1.0
20160213203039,0.0,0.0,0.0,0.0,0.0,0.0,99.9,0.1
20160213203109,0.0,0.0,0.1,0.0,0.0,0.0,99.2,0.7
20160213203139,0.0,0.0,0.0,0.0,0.0,0.0,99.8,0.2
20160213203209,0.0,0.0,0.0,0.0,0.0,0.0,99.1,0.9
20160213203239,0.0,0.0,0.0,0.0,0.0,0.0,99.9,0.1
20160213203309,0.0,0.0,0.0,0.0,0.0,0.0,99.8,0.2
20160213203339,0.0,0.0,0.0,0.0,0.0,0.0,100.0,0.0
20160213203409,0.0,0.0,0.0,0.0,0.0,0.0,100.0,0.0
20160213203439,0.0,0.0,0.0,0.0,0.0,0.0,99.9,0.1
20160213203509,0.0,0.0,0.0,0.0,0.0,0.0,99.6,0.4
20160213203540,0.0,0.0,0.0,0.0,0.0,0.0,99.3,0.6
20160213203610,0.0,0.0,0.0,0.0,0.0,0.0,98.9,1.0
20160213203640,0.0,0.0,0.0,0.0,0.0,0.0,99.9,0.1
20160213203710,0.0,0.0,0.0,0.0,0.0,0.0,94.9,5.1
20160213203740,0.0,0.0,0.0,0.0,0.0,0.0,98.0,2.0
20160213203810,0.0,0.0,0.0,0.0,0.0,0.0,79.2,20.8
20160213203840,0.0,0.0,0.0,0.0,0.0,0.0,99.7,0.3
20160213203910,0.0,0.0,0.0,0.0,0.0,0.0,94.7,5.3
20160213203940,0.0,0.0,0.0,0.0,0.0,0.0,65.9,34.1
20160213204010,0.0,0.0,0.0,0.0,0.0,0.0,86.8,13.1
20160213204040,0.0,0.0,0.0,0.0,0.0,0.0,86.7,13.3
20160213204110,0.0,0.0,0.0,0.0,0.0,0.0,85.3,14.7
20160213204140,0.0,0.0,0.0,0.0,0.0,0.0,99.6,0.4
20160213204210,0.0,0.0,0.0,0.0,0.0,0.0,99.2,0.8
20160213204240,0.0,0.0,0.0,0.0,0.0,0.0,98.5,1.5
20160213204310,0.0,0.0,0.0,0.0,0.0,0.0,99.7,0.3
20160213204340,0.0,0.0,0.0,0.0,0.0,0.0,99.6,0.4
20160213204410,0.0,0.0,0.0,0.0,0.0,0.0,97.1,2.9
20160213204440,0.0,0.0,0.0,0.0,0.0,0.0,100.0,0.0
20160213204510,0.0,0.0,0.0,0.0,0.0,0.0,99.6,0.3
20160213204540,0.0,0.0,0.0,0.0,0.0,0.0,99.9,0.1
20160213204610,0.0,0.0,0.0,0.0,0.0,0.0,98.9,1.1
20160213204640,0.0,0.0,0.1,0.0,0.0,0.0,99.8,0.1
20160213204710,0.0,0.0,0.0,0.0,0.0,0.0,99.2,0.8
20160213204740,0.0,0.0,0.4,0.0,0.0,0.0,98.6,1.0
20160213204810,0.0,0.0,0.2,0.0,0.0,0.0,99.7,0.1
20160213204840,0.0,0.0,0.0,0.0,0.0,0.0,99.5,0.4
20160213204910,0.0,0.0,0.0,0.0,0.0,0.0,99.9,0.1
20160213204940,0.0,0.0,0.0,0.0,0.0,0.0,100.0,0.0
20160213205010,0.0,0.0,0.0,0.0,0.0,0.0,100.0,0.0
20160213205040,0.0,0.0,0.0,0.0,0.0,0.0,100.0,0.0
20160213205110,0.0,0.0,0.0,0.0,0.0,0.0,100.0,0.0
20160213205140,0.0,0.0,0.0,0.0,0.0,0.0,99.9,0.1
20160213205210,0.0,0.0,0.1,0.0,0.0,0.0,99.9,0.0
20160213205240,0.0,0.0,0.1,0.0,0.0,0.0,99.8,0.0
20160213205310,0.0,0.0,0.1,0.0,0.0,0.0,99.7,0.2
20160213205340,0.0,0.0,0.0,0.0,0.0,0.0,99.4,0.6
20160213205410,0.0,0.0,0.0,0.0,0.0,0.0,99.9,0.1
20160213205440,0.0,0.0,0.0,0.0,0.0,0.0,99.7,0.2
20160213205510,0.0,0.0,0.0,0.0,0.0,0.0,99.9,0.1
20160213205540,0.0,0.0,0.0,0.0,0.0,0.0,99.5,0.5
20160213205610,0.0,0.0,0.0,0.0,0.0,0.0,99.2,0.8
20160213205640,0.0,0.0,0.2,0.0,0.0,0.0,98.7,1.0
20160213205710,0.0,0.0,0.5,0.1,0.0,0.0,82.2,17.1
20160213205740,0.0,0.0,0.2,0.0,0.0,0.0,99.0,0.8
20160213205810,0.0,0.0,0.3,0.0,0.0,0.0,93.1,6.4
20160213205840,0.0,0.0,0.0,0.0,0.0,0.0,98.7,1.3
20160213205910,0.0,0.2,1.3,0.2,0.3,0.1,87.7,10.1
20160213205940,0.0,0.1,3.7,0.2,0.0,0.0,90.9,5.0
20160213210010,0.0,0.0,0.9,0.2,0.2,0.0,95.1,3.7
20160213210040,0.0,0.1,3.5,0.2,0.4,0.0,89.9,5.9
20160213210110,0.0,0.0,0.2,0.0,0.0,0.0,99.0,0.7
20160213210140,0.0,0.0,0.4,0.1,0.1,0.0,94.5,5.0
20160213210210,0.0,0.0,2.8,0.0,0.1,0.0,96.3,0.8
20160213210241,0.0,0.0,0.5,0.1,0.1,0.0,96.8,2.6
20160213210311,0.0,0.0,0.0,0.0,0.0,0.0,98.7,1.3
20160213210341,0.0,0.0,0.1,0.1,0.0,0.0,91.1,8.7
20160213210411,0.0,0.0,0.0,0.0,0.0,0.0,96.2,3.8
20160213210441,0.0,0.0,0.9,0.1,0.0,0.0,94.0,5.0
20160213210511,0.0,0.0,0.0,0.0,0.0,0.0,99.3,0.7
20160213210541,0.0,0.0,0.1,0.0,0.0,0.0,99.4,0.5
20160213210611,0.0,0.0,0.2,0.1,0.0,0.1,92.6,6.9
20160213210641,0.0,0.0,0.4,0.1,0.1,0.1,94.3,5.1
20160213210711,0.1,0.0,0.7,0.2,0.2,0.1,86.8,12.0
20160213210741,0.0,0.0,0.3,0.1,0.0,0.0,99.2,0.5
20160213210811,0.0,0.0,0.3,0.0,0.0,0.0,99.5,0.1
20160213210841,0.0,0.0,0.4,0.0,0.0,0.0,94.9,4.7
20160213210911,0.0,0.0,0.7,0.1,0.1,0.3,92.3,6.5
20160213210941,0.0,0.0,0.1,0.0,0.0,0.0,99.2,0.6
20160213211011,0.0,0.0,0.2,0.0,0.0,0.2,95.1,4.6
20160213211041,0.0,0.0,0.3,0.0,0.1,0.1,96.4,3.1
20160213211111,0.1,0.0,0.3,0.1,0.1,0.1,72.7,26.5
20160213211141,0.0,0.0,0.2,0.0,0.1,0.1,77.3,22.4
20160213211211,0.0,0.0,1.4,0.3,0.2,0.1,78.8,19.3
20160213211241,0.0,0.0,0.2,0.1,0.0,0.0,74.1,25.6
20160213211311,0.0,0.0,1.0,0.5,0.0,0.0,87.9,10.5
20160213211341,0.0,0.0,3.0,0.3,0.1,0.1,87.1,9.4
20160213211411,0.0,0.0,0.3,0.1,0.0,0.0,98.3,1.2
20160213211441,0.0,0.0,1.0,0.3,0.1,0.1,90.8,7.7
20160213211511,0.1,0.0,2.3,0.4,0.1,0.1,88.4,8.5
20160213211541,0.0,0.0,0.8,0.1,0.0,0.0,98.7,0.3
20160213211611,0.0,0.0,0.1,0.0,0.0,0.0,99.7,0.1
20160213211641,0.0,0.0,0.0,0.0,0.0,0.0,99.5,0.4
20160213211711,0.0,0.0,0.2,0.0,0.0,0.0,99.6,0.2
20160213211741,0.0,0.0,0.1,0.0,0.0,0.0,99.9,0.0
20160213211811,0.0,0.0,0.1,0.0,0.0,0.0,98.3,1.6
20160213211841,0.0,0.0,0.0,0.0,0.0,0.0,99.3,0.7
20160213211911,0.0,0.0,0.5,0.0,0.0,0.0,99.5,0.0
20160213211941,0.0,0.0,0.2,0.0,0.0,0.0,97.0,2.8
20160213212011,0.0,0.0,0.3,0.0,0.0,0.0,98.9,0.8
20160213212041,0.0,0.0,0.4,0.0,0.0,0.0,99.2,0.3
20160213212111,0.0,0.0,0.4,0.0,0.0,0.0,58.6,41.0
20160213212141,0.0,0.0,0.1,0.0,0.0,0.0,97.9,1.9
20160213212211,0.0,0.0,0.3,0.0,0.0,0.0,80.7,18.9
20160213212241,0.0,0.0,0.4,0.1,0.0,0.0,90.7,8.8
20160213212311,0.0,0.0,0.1,0.0,0.0,0.0,97.1,2.9
20160213212341,0.0,0.0,0.1,0.0,0.0,0.0,96.7,3.2
20160213212411,0.0,0.0,0.0,0.1,0.0,0.0,94.7,5.1
20160213212441,0.0,0.0,0.0,0.0,0.0,0.0,73.7,26.2
20160213212511,0.0,0.0,0.0,0.1,0.0,0.0,76.8,23.1
20160213212541,0.0,0.0,0.0,0.0,0.0,0.0,93.3,6.7
20160213212611,0.0,0.0,0.1,0.1,0.0,0.0,97.3,2.5
20160213212641,0.0,0.0,0.0,0.0,0.0,0.0,76.2,23.8
20160213212711,0.0,0.0,0.0,0.0,0.0,0.0,97.4,2.5
20160213212741,0.0,0.0,0.0,0.0,0.0,0.0,98.4,1.5
20160213212811,0.0,0.0,0.0,0.0,0.0,0.0,98.7,1.3
20160213212841,0.0,0.0,0.1,0.0,0.0,0.0,99.5,0.4
20160213212911,0.0,0.0,0.0,0.0,0.0,0.0,99.5,0.5
20160213212941,0.0,0.0,1.9,0.0,0.0,0.0,89.4,8.6
20160213213011,0.0,0.1,8.2,0.2,0.1,0.1,73.8,17.4
20160213213041,0.0,0.0,2.8,0.1,0.0,0.1,63.5,33.4
20160213213111,0.0,0.0,0.3,0.0,0.0,0.0,83.0,16.7
20160213213141,0.0,0.0,0.9,0.1,0.0,0.0,97.9,1.1
20160213213211,0.0,0.1,1.4,0.7,0.0,0.0,97.6,0.2
20160213213241,0.0,0.3,4.9,32.6,0.3,0.0,58.5,3.3
20160213213311,0.0,1.1,12.8,64.9,0.5,0.0,14.9,5.9
20160213213341,0.0,0.0,8.2,1.2,0.1,0.0,87.4,3.1
20160213213411,0.0,0.0,0.3,0.1,0.0,0.0,96.6,3.0
20160213213441,0.0,0.0,0.0,0.0,0.0,0.0,100.0,0.0
20160213213511,0.0,0.0,0.1,0.1,0.0,0.0,99.4,0.3
20160213213541,0.0,0.0,0.0,0.1,0.0,0.0,99.2,0.8
20160213213611,0.0,0.0,16.9,0.7,0.0,0.0,81.0,1.3
20160213213641,0.0,0.0,5.7,17.3,0.1,0.0,74.4,2.5
20160213213712,0.0,0.0,2.0,8.5,0.0,0.0,88.7,0.7
20160213213742,0.0,0.1,8.5,2.8,0.1,0.0,84.7,3.7
20160213213812,0.0,0.0,1.4,82.6,0.0,0.0,15.8,0.1
20160213213842,0.0,0.0,0.5,90.7,0.1,0.0,8.5,0.2
20160213213912,0.0,0.3,3.8,26.5,0.3,0.0,65.8,3.2
20160213213942,0.0,0.0,0.3,1.2,0.0,0.0,90.3,8.1
20160213214012,0.0,0.0,0.6,0.3,0.0,0.0,91.9,7.2
20160213214042,0.0,0.0,0.4,0.1,0.0,0.0,98.5,1.0
20160213214112,0.0,0.1,16.4,0.1,0.0,0.7,79.4,3.3
20160213214142,0.0,3.5,1.7,93.1,0.9,0.0,0.1,0.8
20160213214212,0.0,0.3,0.9,98.5,0.3,0.0,0.0,0.1
20160213214242,0.0,1.2,1.3,95.2,2.2,0.0,0.0,0.1
20160213214312,0.0,0.2,3.0,93.4,1.5,0.0,1.7,0.2
20160213214342,0.1,0.7,0.9,97.3,1.0,0.0,0.0,0.0
20160213214412,0.0,0.3,0.1,99.5,0.1,0.0,0.0,0.0
20160213214442,0.0,0.4,0.1,99.4,0.1,0.0,0.0,0.0
20160213214512,1.5,0.8,0.3,92.1,5.3,0.0,0.0,0.0
20160213214542,0.0,4.9,0.1,94.9,0.1,0.0,0.0,0.0
20160213214612,0.1,1.4,2.4,95.7,0.1,0.0,0.3,0.1
20160213214642,0.1,1.1,1.5,95.9,1.0,0.0,0.1,0.3
20160213214712,0.2,5.9,32.2,59.4,1.0,0.0,1.1,0.1
20160213214742,0.5,4.2,2.0,89.2,3.3,0.0,0.5,0.3
20160213214812,0.1,2.3,2.0,95.3,0.1,0.0,0.1,0.0
20160213214842,1.4,1.8,1.7,94.7,0.2,0.0,0.1,0.0
20160213214912,0.4,1.1,3.4,91.5,1.8,0.0,1.6,0.2
20160213214942,0.0,0.1,25.8,69.2,0.1,0.0,4.5,0.3
20160213215012,0.0,0.0,1.4,1.9,0.0,0.0,95.8,1.0
20160213215042,0.0,0.0,15.6,59.8,0.1,0.0,24.3,0.2
20160213215112,0.0,0.1,2.8,95.9,0.6,0.0,0.4,0.3
20160213215142,0.0,0.0,5.0,94.6,0.2,0.0,0.1,0.2
20160213215212,0.0,0.0,3.7,95.6,0.3,0.0,0.3,0.1
20160213215242,0.0,0.0,2.5,97.2,0.0,0.0,0.3,0.0
20160213215312,0.0,0.0,17.2,81.9,0.1,0.0,0.8,0.0
20160213215342,0.0,0.2,51.6,22.2,0.1,0.0,25.6,0.3
20160213215412,0.0,0.0,17.8,53.0,0.3,0.0,28.0,0.8
20160213215442,0.0,0.1,47.2,5.0,0.1,0.0,46.5,1.1
20160213215512,0.0,0.1,37.8,41.5,0.3,0.0,19.1,1.2
20160213215542,0.0,0.0,19.5,69.8,0.3,0.0,9.8,0.6
20160213215612,0.0,0.0,21.8,72.3,0.7,0.0,5.0,0.1
20160213215642,0.0,0.0,37.7,21.4,1.0,0.0,32.0,8.0
20160213215712,0.0,0.0,29.4,16.9,0.2,0.0,49.6,3.9
20160213215742,0.0,0.0,3.9,7.9,0.1,0.0,85.8,2.3
20160213215812,0.0,0.0,38.2,11.4,0.2,0.0,48.3,1.8
20160213215842,0.0,0.0,13.2,64.2,0.1,0.0,18.8,3.6
20160213215912,0.0,0.0,5.5,67.1,0.3,0.0,26.5,0.6
20160213215942,0.0,0.0,24.3,2.7,0.1,0.0,56.0,16.9
20160213220012,0.0,0.0,30.2,8.6,0.1,0.1,59.4,1.6
20160213220042,0.0,0.0,1.1,3.1,0.0,0.0,94.9,0.9
20160213220112,0.0,0.0,10.1,85.8,0.1,0.0,2.3,1.7
20160213220142,0.0,0.0,2.1,0.4,0.0,0.0,96.3,1.1
20160213220212,0.0,0.0,0.4,0.3,0.0,0.0,95.8,3.5
20160213220242,0.0,0.0,0.5,0.4,0.0,0.0,91.4,7.7
20160213220312,0.0,0.0,0.2,0.9,0.0,0.0,85.6,13.2
20160213220342,0.0,0.0,3.9,3.3,0.0,0.0,70.5,22.2
20160213220412,0.0,0.0,2.9,6.4,0.0,0.0,80.6,10.0
20160213220442,0.0,0.0,2.2,2.1,0.0,0.0,86.1,9.5
20160213220512,0.0,0.0,2.7,0.7,0.0,0.0,80.9,15.6
20160213220542,0.0,0.0,0.1,0.0,0.0,0.0,83.0,16.8
20160213220612,0.0,0.0,0.2,0.0,0.0,0.0,87.6,12.2
20160213220642,0.0,0.0,1.8,0.4,0.0,0.0,71.9,25.8
20160213220712,0.0,0.0,2.1,0.6,0.0,0.0,65.1,32.1
20160213220742,0.0,0.0,0.5,0.3,0.0,0.0,85.3,13.9
20160213220812,0.0,0.0,4.3,0.3,0.0,0.1,51.6,43.7
20160213220842,0.0,0.0,8.8,1.2,0.0,0.2,72.1,17.7
20160213220912,0.0,0.0,2.7,1.2,0.0,0.0,92.7,3.4
20160213220942,0.0,0.0,4.4,1.6,0.0,0.0,92.7,1.1
20160213221012,0.0,0.2,16.3,1.9,0.2,0.1,63.0,18.4
20160213221042,0.0,0.0,4.6,0.3,0.0,0.0,91.8,3.2
20160213221112,0.0,0.0,9.9,0.2,0.0,0.0,82.6,7.2
20160213221143,0.0,0.0,4.9,0.9,0.0,0.0,84.3,9.8
20160213221213,0.0,0.0,21.1,0.2,0.0,0.0,58.6,20.1
20160213221243,0.0,0.0,5.8,0.1,0.0,0.0,54.1,40.0
20160213221313,0.0,0.0,3.9,0.0,0.0,0.0,50.8,45.2
20160213221343,0.0,0.1,80.8,1.6,0.0,0.0,11.4,6.1
20160213221413,0.0,0.0,2.4,0.2,0.0,0.0,77.7,19.7
20160213221443,0.0,0.0,6.4,0.2,0.0,0.0,78.9,14.6
20160213221513,0.0,0.0,1.3,0.0,0.0,0.0,93.6,5.1
20160213221543,0.0,0.0,8.6,0.1,0.0,0.0,71.2,20.1
20160213221613,0.0,0.0,14.3,0.5,0.0,0.0,62.6,22.5
20160213221643,0.0,0.2,38.1,1.6,0.0,0.0,39.2,20.8
20160213221713,0.0,0.0,49.3,0.8,0.0,0.0,9.9,40.0
20160213221743,0.0,0.1,66.2,0.1,0.0,0.0,29.1,4.5
20160213221813,0.0,0.0,8.3,0.4,0.0,0.0,87.1,4.2
20160213221843,0.0,0.0,1.4,0.2,0.0,0.0,67.2,31.1
20160213221913,0.0,0.0,7.6,0.7,0.0,0.1,70.4,21.3
20160213221943,0.0,0.4,17.1,67.6,0.2,0.0,9.1,5.6
20160213222013,0.0,0.0,42.6,1.0,0.0,0.2,49.3,6.9
20160213222043,0.0,0.1,6.4,2.5,0.1,0.2,55.5,35.2
20160213222113,0.0,0.1,62.4,0.4,0.0,0.1,31.8,5.2
20160213222143,0.0,0.0,14.1,1.0,0.0,0.0,76.8,8.1
20160213222213,0.0,0.0,2.2,8.4,0.0,0.0,74.0,15.4
20160213222243,0.0,0.0,0.5,0.2,0.0,0.0,91.8,7.4
20160213222313,0.0,0.0,4.4,3.1,0.0,0.0,86.4,6.0
20160213222343,0.0,0.2,20.5,23.5,0.0,0.0,49.8,6.0
