UT,arc,discrete,diffuse,ac,ab,clear,cloudy,dd
20160212152800,0.0,0.0,0.0,0.0,0.0,0.0,0.0,100.0
20160212152830,0.0,0.0,0.0,0.0,0.0,0.0,0.0,100.0
20160212152900,0.0,0.0,0.0,0.0,0.0,0.0,0.0,100.0
20160212152930,0.0,0.0,0.0,0.0,0.0,0.0,0.0,100.0
20160212153000,0.0,0.0,0.0,0.0,0.0,0.0,0.0,100.0
20160212153030,0.0,0.0,0.0,0.0,0.0,0.0,0.0,100.0
20160212153100,0.0,0.0,0.0,0.0,0.0,0.0,0.0,100.0
20160212153130,0.0,0.0,0.0,0.0,0.0,0.0,0.0,100.0
20160212153200,0.0,0.0,0.0,0.0,0.0,0.0,0.0,100.0
20160212153230,0.0,0.0,0.0,0.0,0.0,0.0,0.0,100.0
20160212153300,0.0,0.0,0.0,0.0,0.0,0.0,0.0,100.0
20160212153330,0.0,0.0,0.0,0.0,0.0,0.0,0.0,100.0
20160212153400,0.0,0.0,0.0,0.0,0.0,0.0,0.0,100.0
20160212153430,0.0,0.0,0.0,0.0,0.0,0.0,0.0,100.0
20160212153500,0.0,0.0,0.0,0.0,0.0,0.0,0.0,100.0
20160212153530,0.0,0.0,0.0,0.0,0.0,0.0,0.1,99.9
20160212153600,0.0,0.0,0.0,0.0,0.0,0.0,0.2,99.8
20160212153630,0.0,0.0,0.0,0.0,0.0,0.0,0.4,99.6
20160212153700,0.0,0.0,0.0,0.0,0.0,0.0,0.6,99.4
20160212153730,0.0,0.0,0.0,0.0,0.0,0.0,1.1,98.9
20160212153800,0.0,0.0,0.0,0.0,0.0,0.0,0.8,99.2
20160212153830,0.0,0.0,0.0,0.0,0.0,0.0,0.1,99.9
20160212153900,0.0,0.0,0.0,0.0,0.0,0.0,0.0,100.0
20160212153930,0.0,0.0,0.0,0.0,0.0,0.0,0.0,100.0
20160212154000,0.0,0.0,0.0,0.0,0.0,0.0,0.0,100.0
20160212154030,0.0,0.0,0.0,0.0,0.0,0.0,0.0,100.0
20160212154100,0.0,0.0,0.0,0.0,0.0,0.0,0.0,100.0
20160212154130,0.0,0.0,0.0,0.0,0.0,0.0,0.0,100.0
20160212154200,0.0,0.0,0.0,0.0,0.0,0.0,0.0,100.0
20160212154230,0.0,0.0,0.0,0.0,0.0,0.0,0.0,100.0
20160212154300,0.0,0.0,0.0,0.0,0.0,0.0,0.0,100.0
20160212154330,0.0,0.0,0.0,0.0,0.0,0.0,0.0,100.0
20160212154400,0.0,0.0,0.0,0.0,0.0,0.0,0.0,100.0
20160212154430,0.0,0.0,0.0,0.0,0.0,0.0,0.0,100.0
20160212154500,0.0,0.0,0.0,0.0,0.0,0.0,0.0,100.0
20160212154530,0.0,0.0,0.0,0.0,0.0,0.0,0.0,100.0
20160212154600,0.0,0.0,0.0,0.0,0.0,0.0,0.0,100.0
20160212154630,0.0,0.0,0.0,0.0,0.0,0.0,0.0,100.0
20160212154700,0.0,0.0,0.0,0.0,0.0,0.0,0.0,100.0
20160212154730,0.0,0.0,0.0,0.0,0.0,0.0,0.0,100.0
20160212154800,0.0,0.0,0.0,0.0,0.0,0.0,0.0,100.0
20160212154830,0.0,0.0,0.0,0.0,0.0,0.0,0.0,100.0
20160212154900,0.0,0.0,0.0,0.0,0.0,0.0,0.0,100.0
20160212154930,0.0,0.0,0.0,0.0,0.0,0.0,0.0,100.0
20160212155000,0.0,0.0,0.0,0.0,0.0,0.0,0.0,100.0
20160212155030,0.0,0.0,0.0,0.0,0.0,0.0,0.0,100.0
20160212155100,0.0,0.0,0.0,0.0,0.0,0.0,0.0,100.0
20160212155130,0.0,0.0,0.0,0.0,0.0,0.0,0.0,100.0
20160212155200,0.0,0.0,0.0,0.0,0.0,0.0,0.0,100.0
20160212155230,0.0,0.0,0.0,0.0,0.0,0.0,0.0,100.0
20160212155300,0.0,0.0,0.0,0.0,0.0,0.0,0.0,100.0
20160212155330,0.0,0.0,0.0,0.0,0.0,0.0,0.0,100.0
20160212155400,0.0,0.0,0.0,0.0,0.0,0.0,0.0,100.0
20160212155430,0.0,0.0,0.0,0.0,0.0,0.0,0.0,100.0
20160212155500,0.0,0.0,0.0,0.0,0.0,0.0,0.0,100.0
20160212155531,0.0,0.0,0.0,0.0,0.0,0.0,0.0,100.0
20160212155601,0.0,0.0,0.0,0.0,0.0,0.0,0.0,100.0
20160212155631,0.0,0.0,0.0,0.0,0.0,0.0,0.0,100.0
20160212155701,0.0,0.0,0.0,0.0,0.0,0.0,0.0,100.0
20160212155731,0.0,0.0,0.0,0.0,0.0,0.0,0.0,100.0
20160212155801,0.0,0.0,0.0,0.0,0.0,0.0,0.0,100.0
20160212155831,0.0,0.0,0.0,0.0,0.0,0.0,0.0,100.0
20160212155901,0.0,0.0,0.0,0.0,0.0,0.0,0.0,100.0
20160212155931,0.0,0.0,0.0,0.0,0.0,0.0,0.0,100.0
20160212160001,0.0,0.0,0.0,0.0,0.0,0.0,0.0,100.0
20160212160031,0.0,0.0,0.0,0.0,0.0,0.0,0.0,100.0
20160212160101,0.0,0.0,0.0,0.0,0.0,0.0,0.0,100.0
20160212160131,0.0,0.0,0.0,0.0,0.0,0.0,0.0,100.0
20160212160201,0.0,0.0,0.0,0.0,0.0,0.0,0.0,100.0
20160212160231,0.0,0.0,0.0,0.0,0.0,0.0,0.0,100.0
20160212160301,0.0,0.0,0.0,0.0,0.0,0.0,0.0,100.0
20160212160331,0.0,0.0,0.0,0.0,0.0,0.0,0.0,100.0
20160212160401,0.0,0.0,0.0,0.0,0.0,0.0,0.0,100.0
20160212160431,0.0,0.0,0.0,0.0,0.0,0.0,0.0,100.0
20160212160501,0.0,0.0,0.0,0.0,0.0,0.0,0.0,100.0
20160212160531,0.0,0.0,0.0,0.0,0.0,0.0,0.0,100.0
20160212160601,0.0,0.0,0.0,0.0,0.0,0.0,0.0,100.0
20160212160631,0.0,0.0,0.0,0.0,0.0,0.0,0.0,100.0
20160212160701,0.0,0.0,0.0,0.0,0.0,0.0,0.0,100.0
20160212160731,0.0,0.0,0.0,0.0,0.1,0.0,0.0,99.9
20160212160801,0.0,0.0,0.0,0.0,0.0,0.0,0.0,100.0
20160212160831,0.0,0.0,0.0,0.0,0.0,0.0,0.0,100.0
20160212160901,0.0,0.0,0.0,0.0,0.0,0.0,0.0,100.0
20160212160931,0.0,0.0,0.0,0.0,0.0,0.0,0.0,100.0
20160212161001,0.0,0.0,0.0,0.0,0.0,0.0,0.0,100.0
20160212161031,0.0,0.0,0.0,0.0,0.0,0.0,0.0,100.0
20160212161101,0.0,0.0,0.0,0.0,0.0,0.0,0.0,100.0
20160212161131,0.0,0.0,0.0,0.0,0.0,0.0,0.0,100.0
20160212161201,0.0,0.0,0.0,0.0,0.0,0.0,0.0,100.0
20160212161231,0.0,0.0,0.0,0.0,0.0,0.0,0.0,100.0
20160212161301,0.0,0.0,0.0,0.0,0.0,0.0,0.0,100.0
20160212161331,0.0,0.0,0.0,0.0,0.0,0.0,0.0,100.0
20160212161401,0.0,0.0,0.0,0.0,0.0,0.0,0.0,100.0
20160212161431,0.0,0.0,0.0,0.0,0.0,0.0,0.0,100.0
20160212161501,0.0,0.0,0.0,0.0,0.0,0.0,0.0,100.0
20160212161531,0.0,0.0,0.0,0.0,0.0,0.0,0.0,100.0
20160212161601,0.0,0.0,0.0,0.0,0.0,0.0,0.0,100.0
20160212161631,0.0,0.0,0.0,0.0,0.0,0.0,0.0,100.0
20160212161701,0.0,0.0,0.0,0.0,0.0,0.0,0.0,100.0
20160212161731,0.0,0.0,0.0,0.0,0.0,0.0,0.0,100.0
20160212161801,0.0,0.0,0.0,0.0,0.0,0.0,0.0,100.0
20160212161831,0.0,0.0,0.0,0.0,0.0,0.0,0.0,100.0
20160212161901,0.0,0.0,0.0,0.0,0.0,0.0,0.0,100.0
20160212161931,0.0,0.0,0.0,0.0,0.0,0.0,0.0,100.0
20160212162001,0.0,0.0,0.0,0.0,0.0,0.0,0.0,100.0
20160212162031,0.0,0.0,0.0,0.0,0.1,0.0,0.0,99.9
20160212162101,0.0,0.0,0.0,0.0,0.0,0.0,0.0,100.0
20160212162131,0.0,0.0,0.0,0.0,0.0,0.0,0.0,100.0
20160212162201,0.0,0.0,0.0,0.0,0.3,0.0,0.0,99.7
20160212162231,0.0,0.0,0.0,0.0,0.1,0.0,0.0,99.9
20160212162301,0.0,0.0,0.0,0.0,0.1,0.0,0.0,99.9
20160212162331,0.0,0.0,0.0,0.0,0.2,0.0,0.0,99.8
20160212162401,0.0,0.0,0.0,0.0,0.9,0.0,0.0,99.1
20160212162431,0.0,0.0,0.0,0.0,0.3,0.0,0.0,99.7
20160212162501,0.0,0.0,0.0,0.0,0.2,0.0,0.0,99.8
20160212162531,0.0,0.0,0.0,0.0,0.8,0.0,0.0,99.2
20160212162601,0.0,0.0,0.0,0.0,0.7,0.0,0.0,99.3
20160212162631,0.0,0.0,0.0,0.0,1.6,0.0,0.0,98.4
20160212162701,0.0,0.0,0.0,0.0,0.1,0.0,0.0,99.9
20160212162731,0.0,0.0,0.0,0.0,0.2,0.0,0.0,99.7
20160212162931,0.0,0.0,0.0,0.0,0.0,0.0,0.0,100.0
20160212163002,0.0,0.0,0.0,0.0,0.0,0.0,0.0,100.0
20160212163032,0.0,0.0,0.0,0.0,0.0,0.0,0.0,100.0
20160212163102,0.0,0.0,0.0,0.0,0.0,0.0,0.0,100.0
20160212163132,0.0,0.0,0.0,0.0,0.0,0.0,0.0,100.0
20160212163202,0.0,0.0,0.0,0.0,0.0,0.0,0.0,100.0
20160212163232,0.0,0.0,0.0,0.0,0.0,0.0,0.0,100.0
20160212163302,0.0,0.0,0.0,0.0,0.0,0.0,0.0,100.0
20160212163332,0.0,0.0,0.0,0.0,0.0,0.0,0.0,100.0
20160212163402,0.0,0.0,0.0,0.0,0.0,0.0,0.0,100.0
20160212163432,0.0,0.0,0.0,0.0,0.0,0.0,0.0,100.0
20160212163502,0.0,0.0,0.0,0.0,0.0,0.0,0.0,100.0
20160212163532,0.0,0.0,0.0,0.0,0.0,0.0,0.0,100.0
20160212163602,0.0,0.0,0.0,0.0,0.0,0.0,0.0,100.0
20160212163632,0.0,0.0,0.0,0.0,0.0,0.0,0.0,100.0
20160212163702,0.0,0.0,0.0,0.0,0.0,0.0,0.0,100.0
20160212163732,0.0,0.0,0.0,0.0,0.0,0.0,0.0,100.0
20160212163802,0.0,0.0,0.0,0.0,0.0,0.0,0.0,100.0
20160212163832,0.0,0.0,0.0,0.0,0.0,0.0,0.0,100.0
20160212163902,0.0,0.0,0.0,0.0,0.0,0.0,0.0,100.0
20160212163932,0.0,0.0,0.0,0.0,0.0,0.0,0.0,100.0
20160212164002,0.0,0.0,0.0,0.0,0.0,0.0,0.0,100.0
20160212164032,0.0,0.0,0.0,0.0,0.0,0.0,0.0,100.0
20160212164102,0.0,0.0,0.0,0.0,0.0,0.0,0.0,100.0
20160212164132,0.0,0.0,0.0,0.0,0.0,0.0,0.0,100.0
20160212164202,0.0,0.0,0.0,0.0,0.0,0.0,0.0,100.0
20160212164232,0.0,0.0,0.0,0.0,0.0,0.0,0.0,100.0
20160212164302,0.0,0.0,0.0,0.0,0.0,0.0,0.0,100.0
20160212164332,0.0,0.0,0.0,0.0,0.0,0.0,0.0,100.0
20160212164402,0.0,0.0,0.0,0.0,0.0,0.0,0.0,100.0
20160212164432,0.0,0.0,0.0,0.0,0.0,0.0,0.0,100.0
20160212164502,0.0,0.0,0.0,0.0,0.0,0.0,0.0,100.0
20160212164532,0.0,0.0,0.0,0.0,0.0,0.0,0.0,100.0
20160212164602,0.0,0.0,0.0,0.0,0.1,0.0,0.0,99.9
20160212164632,0.1,0.0,0.0,0.0,0.2,0.0,0.0,99.7
20160212164702,0.0,0.0,0.0,0.0,0.0,0.0,0.0,100.0
20160212164732,0.0,0.0,0.0,0.0,0.0,0.0,0.0,99.9
20160212164802,0.0,0.0,0.0,0.0,0.0,0.0,0.0,99.9
20160212164832,0.3,0.0,0.1,0.0,0.1,0.4,0.0,99.1
20160212164902,0.0,0.0,0.0,0.0,0.0,0.0,0.0,99.9
20160212164932,0.0,0.0,0.0,0.0,0.1,0.2,0.0,99.8
20160212165002,0.1,0.0,0.0,0.0,0.0,0.3,0.0,99.6
20160212165032,0.2,0.0,0.0,0.0,0.1,0.0,0.0,99.7
20160212165102,0.0,0.0,0.0,0.0,0.0,0.0,0.0,99.9
20160212165132,0.0,0.0,0.0,0.0,0.0,0.1,0.0,99.9
20160212165202,0.0,0.0,0.0,0.0,0.0,0.0,0.0,99.9
20160212165232,0.0,0.0,0.0,0.0,0.0,0.1,0.0,99.8
20160212165302,1.3,0.0,0.1,0.0,0.6,6.2,0.0,91.7
20160212165332,0.6,0.0,0.2,0.0,0.9,15.6,0.1,82.6
20160212165402,0.7,0.0,0.0,0.0,0.4,0.5,0.0,98.4
20160212165432,0.2,0.0,0.1,0.0,0.0,1.5,0.0,98.2
20160212165502,0.3,0.0,0.2,0.0,0.2,4.5,0.0,94.7
20160212165532,1.7,0.0,0.1,0.0,0.6,6.8,0.0,90.8
20160212165602,0.6,0.0,0.3,0.0,0.3,7.8,0.1,90.9
20160212165632,1.1,0.0,0.3,0.0,0.6,32.6,0.1,65.4
20160212165703,0.9,0.0,0.1,0.0,1.3,70.3,0.1,27.3
20160212165733,0.0,0.0,0.0,0.0,0.0,0.1,0.0,99.9
20160212165803,0.5,0.0,0.2,0.0,0.2,7.5,0.1,91.5
20160212165833,0.1,0.0,0.0,0.0,0.0,8.9,0.0,91.0
20160212165903,0.2,0.0,0.1,0.0,0.5,24.0,0.1,75.2
20160212165933,0.1,0.0,0.0,0.0,0.1,2.3,0.0,97.5
20160212170003,0.0,0.0,0.0,0.0,0.1,9.8,0.1,90.0
20160212170033,0.5,0.0,0.1,0.0,1.1,35.6,0.1,62.6
20160212170103,0.0,0.0,0.0,0.0,0.0,18.3,0.0,81.6
20160212170133,0.0,0.0,0.0,0.0,0.1,5.4,0.0,94.4
20160212170203,0.0,0.0,0.0,0.0,0.0,18.4,0.0,81.5
20160212170233,0.1,0.0,0.1,0.0,0.3,7.7,0.0,91.7
20160212170303,0.0,0.0,0.0,0.0,0.2,20.6,0.2,79.0
20160212170333,1.3,0.0,0.1,0.0,0.5,19.8,0.2,78.1
20160212170403,3.8,0.0,0.7,0.0,0.7,73.9,1.3,19.7
20160212170433,0.3,0.0,0.1,0.0,0.2,34.4,0.6,64.4
20160212170503,1.0,0.0,0.1,0.0,0.4,38.5,0.8,59.1
20160212170533,0.3,0.0,0.4,0.0,0.3,91.0,0.5,7.6
20160212170603,0.5,0.0,0.1,0.0,0.2,56.2,0.4,42.6
20160212170633,0.2,0.0,0.0,0.0,0.0,96.3,0.1,3.2
20160212170703,0.6,0.0,0.1,0.0,0.0,98.2,0.0,1.1
20160212170733,1.3,0.0,0.2,0.0,0.6,82.5,0.1,15.4
20160212170803,0.3,0.0,0.1,0.0,0.2,90.7,0.1,8.7
20160212170833,2.7,0.0,0.9,0.0,1.1,68.7,0.2,26.4
20160212170903,4.4,0.0,0.2,0.0,0.4,90.0,0.0,5.0
20160212170933,5.3,0.0,0.1,0.0,4.1,64.6,0.1,25.8
20160212171003,1.4,0.0,0.1,0.0,1.1,62.3,0.1,35.0
20160212171033,5.0,0.0,0.2,0.0,1.9,89.5,0.1,3.3
20160212171103,1.6,0.0,0.5,0.0,1.6,93.6,0.0,2.7
20160212171133,3.6,0.0,0.4,0.0,2.7,91.8,0.1,1.4
20160212171203,1.7,0.0,0.2,0.0,1.4,90.2,0.1,6.4
20160212171233,2.0,0.0,0.3,0.0,0.3,96.0,0.0,1.4
20160212171303,5.3,0.0,0.8,0.0,1.2,89.6,0.1,3.1
20160212171333,1.5,0.0,0.9,0.0,0.7,95.6,0.1,1.2
20160212171403,1.9,0.0,3.1,0.0,0.4,94.4,0.0,0.2
20160212171433,6.2,0.1,8.8,0.0,14.3,45.0,2.3,23.4
20160212171503,3.2,0.0,5.3,0.0,0.7,88.8,1.3,0.7
20160212171533,5.4,0.0,13.0,0.0,1.7,46.1,2.0,31.9
20160212171603,0.7,0.0,4.9,0.0,2.8,82.8,1.3,7.5
20160212171633,1.3,0.0,8.0,0.0,1.2,80.3,0.6,8.6
20160212171703,1.3,0.0,6.5,0.0,0.6,87.5,1.7,2.3
20160212171733,2.0,0.0,5.1,0.0,0.2,82.8,0.4,9.4
20160212171803,0.4,0.0,1.6,0.0,0.5,96.0,1.0,0.4
20160212171833,0.1,0.0,0.5,0.0,0.0,99.0,0.3,0.2
20160212171903,2.6,0.0,2.8,0.0,0.2,91.3,2.6,0.5
20160212171933,0.6,0.0,12.8,0.0,0.4,84.1,0.8,1.2
20160212172003,2.5,0.0,43.7,0.0,0.6,51.5,1.1,0.6
20160212172033,1.0,0.0,36.4,0.0,0.3,59.8,2.1,0.3
20160212172103,4.2,0.0,11.9,0.0,1.8,80.9,0.5,0.7
20160212172133,0.4,0.0,29.8,0.0,11.0,54.4,1.7,2.7
20160212172203,2.3,0.1,35.3,0.0,6.6,54.0,0.1,1.7
20160212172233,0.4,0.0,19.4,0.0,0.8,79.0,0.3,0.1
20160212172303,0.5,0.0,57.4,0.0,2.8,35.8,0.8,2.6
20160212172333,0.4,0.0,43.7,0.0,2.3,51.4,0.5,1.8
20160212172403,1.5,0.0,38.3,0.0,3.9,54.3,0.5,1.5
20160212172433,0.4,0.0,86.1,0.0,3.7,5.3,0.2,4.3
20160212172503,0.6,0.0,72.0,0.0,25.1,1.6,0.0,0.6
20160212172533,0.0,0.3,70.4,0.2,9.4,0.4,0.3,19.0
20160212172603,0.1,0.1,92.2,0.0,2.5,1.5,0.6,3.0
20160212172633,0.1,0.2,92.1,0.0,1.0,2.7,1.2,2.6
20160212172703,0.0,0.3,50.4,0.2,20.8,0.2,1.0,27.0
20160212172733,0.0,0.1,91.7,0.2,1.1,0.4,5.1,1.5
20160212172803,0.0,0.1,91.2,1.0,6.6,0.0,0.8,0.3
20160212172833,0.0,0.0,95.9,0.2,0.3,0.0,3.0,0.5
20160212172903,0.0,0.3,93.8,0.5,0.7,0.0,4.3,0.3
20160212172933,0.0,0.2,73.9,0.2,2.1,0.0,22.0,1.5
20160212173003,0.0,0.0,71.3,0.1,2.4,0.1,24.7,1.3
20160212173033,0.0,0.0,51.0,0.0,0.7,0.0,34.6,13.5
20160212173103,0.0,0.0,25.0,0.1,5.7,0.0,62.6,6.5
20160212173134,0.0,0.0,48.5,0.2,19.0,0.0,24.1,8.2
20160212173204,0.0,0.0,51.8,0.4,5.5,0.0,38.8,3.5
20160212173234,0.0,0.1,25.4,1.0,8.0,0.0,48.7,16.8
20160212173304,0.0,0.0,9.5,0.7,3.0,0.0,73.2,13.6
20160212173334,0.0,0.0,17.7,4.5,1.1,0.0,69.0,7.8
20160212173404,0.0,0.4,24.7,10.2,0.5,0.0,61.5,2.7
20160212173434,0.0,0.3,51.2,1.8,2.9,0.0,42.4,1.3
20160212173504,0.0,0.0,0.8,0.1,2.4,0.0,86.2,10.6
20160212173534,0.0,0.0,2.5,0.3,2.6,0.0,59.8,34.6
20160212173604,0.0,0.0,0.0,0.0,0.3,0.0,99.5,0.1
20160212173634,0.0,0.0,0.6,0.2,1.0,0.0,78.0,20.2
20160212173704,0.0,0.0,1.9,0.2,21.8,0.0,70.9,5.2
20160212173734,0.0,0.1,2.1,1.3,17.6,0.0,50.0,28.8
20160212173804,0.0,0.0,0.6,1.6,2.7,0.0,94.6,0.5
20160212173834,0.0,0.0,0.4,4.5,1.7,0.0,93.1,0.3
20160212173904,0.0,0.0,0.3,1.4,0.4,0.0,97.7,0.2
20160212173934,0.0,0.0,0.2,3.5,0.2,0.0,95.8,0.3
20160212174004,0.0,0.0,0.8,0.4,0.0,0.0,98.6,0.2
20160212174034,0.0,0.0,0.0,0.0,0.0,0.0,99.9,0.0
20160212174104,0.0,0.0,0.0,0.0,0.0,0.0,100.0,0.0
20160212174134,0.0,0.0,0.0,0.0,0.0,0.0,99.8,0.1
20160212174204,0.0,0.0,0.0,0.0,0.0,0.0,99.9,0.1
20160212174234,0.0,0.0,0.2,0.0,0.0,0.0,99.8,0.0
20160212174304,0.0,0.1,19.3,0.2,0.1,0.1,77.4,2.8
20160212174334,0.0,0.0,0.2,0.0,0.0,0.0,99.6,0.2
20160212174404,0.0,0.0,0.5,0.0,0.0,0.0,99.3,0.2
20160212174434,0.0,0.1,2.3,0.3,0.0,0.0,97.2,0.1
20160212174504,0.0,0.0,0.3,0.0,0.0,0.0,99.6,0.1
20160212174534,0.0,0.0,0.1,0.0,0.0,0.0,99.4,0.5
20160212174604,0.0,0.0,0.0,0.0,0.0,0.0,99.6,0.4
20160212174634,0.0,0.0,0.0,0.0,0.0,0.0,98.8,1.2
20160212174704,0.0,0.0,0.1,0.0,0.0,0.0,99.8,0.0
20160212174734,0.0,0.0,0.0,0.0,0.0,0.0,98.4,1.6
20160212174804,0.0,0.0,0.0,0.0,0.0,0.0,99.4,0.6
20160212174834,0.0,0.0,0.0,0.0,0.0,0.0,98.9,1.1
20160212174904,0.0,0.0,0.0,0.0,0.0,0.0,99.5,0.4
20160212174934,0.0,0.0,0.0,0.0,0.0,0.0,100.0,0.0
20160212175004,0.0,0.0,0.0,0.0,0.0,0.0,99.8,0.2
20160212175034,0.0,0.0,0.0,0.0,0.0,0.0,97.2,2.8
20160212175104,0.0,0.0,0.0,0.0,0.0,0.0,100.0,0.0
20160212175134,0.0,0.0,0.8,0.0,0.0,0.0,96.7,2.5
20160212175204,0.0,0.0,0.0,0.0,0.0,0.0,99.8,0.1
20160212175234,0.0,0.0,0.0,0.0,0.0,0.0,100.0,0.0
20160212175304,0.0,0.0,0.0,0.0,0.0,0.0,99.8,0.1
20160212175334,0.0,0.0,0.1,0.0,0.0,0.0,99.6,0.3
20160212175404,0.0,0.0,0.1,0.0,0.0,0.0,99.1,0.7
20160212175434,0.0,0.0,0.1,0.0,0.0,0.0,95.1,4.8
20160212175504,0.0,0.0,0.0,0.0,0.0,0.0,99.3,0.7
20160212175534,0.0,0.0,0.2,0.0,0.0,0.0,96.0,3.7
20160212175604,0.0,0.0,0.8,0.1,0.0,0.0,89.0,10.1
20160212175634,0.0,0.2,12.6,0.8,0.0,0.0,49.8,36.6
20160212175704,0.0,0.0,18.1,0.0,0.0,0.0,15.7,66.1
20160212175734,0.0,0.0,64.3,0.7,0.0,0.0,31.6,3.4
20160212175804,0.0,0.6,16.3,0.1,0.1,0.0,77.6,5.4
20160212175834,0.0,0.3,1.4,0.1,0.2,0.0,3.9,94.1
20160212175904,0.0,0.2,3.3,0.0,0.1,0.0,4.4,92.0
20160212175934,0.0,0.0,15.9,1.1,0.4,0.0,1.8,80.8
20160212180004,0.0,0.1,32.7,9.2,22.5,2.5,3.6,29.5
20160212180034,0.0,0.4,25.9,4.1,1.0,0.1,0.6,67.8
20160212180104,0.0,0.0,96.9,0.0,0.6,0.0,0.1,2.4
20160212180134,0.0,0.4,88.7,0.1,3.9,0.3,1.3,5.4
20160212180204,0.0,0.2,99.3,0.0,0.1,0.0,0.0,0.4
20160212180234,0.0,0.0,99.4,0.0,0.2,0.0,0.0,0.4
20160212180304,0.0,0.0,97.0,0.0,2.4,0.1,0.3,0.1
20160212180334,0.2,0.0,77.9,0.0,6.6,0.3,0.8,14.2
20160212180404,0.0,0.0,29.3,0.6,18.0,1.0,8.4,42.7
20160212180434,0.0,0.1,70.4,0.1,4.4,0.1,0.5,24.6
20160212180504,0.0,0.0,98.2,0.0,0.6,0.2,0.2,0.8
20160212180535,0.0,0.1,82.5,0.2,16.2,0.2,0.1,0.6
20160212180605,0.1,0.2,78.1,0.1,18.1,1.4,0.7,1.3
20160212180635,0.1,0.1,37.4,1.4,22.7,1.3,4.2,32.8
20160212180705,0.1,1.2,40.7,12.2,14.1,0.1,29.8,1.8
20160212180735,0.1,2.2,5.2,3.0,21.6,0.0,62.7,5.2
20160212180805,0.0,0.8,3.0,20.8,17.4,0.0,55.3,2.6
20160212180835,0.0,0.7,6.7,45.1,33.4,0.0,1.2,12.9
20160212180905,0.0,0.7,67.9,10.0,2.0,0.0,14.4,4.9
20160212180935,0.0,1.2,34.3,36.8,0.7,0.0,26.6,0.4
20160212181005,0.0,0.5,3.2,50.1,0.8,0.0,44.2,1.2
20160212181035,0.0,0.0,4.0,4.4,0.8,0.0,89.7,1.1
20160212181105,0.0,0.2,4.4,12.9,1.2,0.0,76.1,5.2
20160212181135,0.0,0.0,0.3,0.1,0.0,0.0,96.4,3.1
20160212181205,0.0,0.0,0.0,0.4,0.0,0.0,97.0,2.6
20160212181235,0.0,0.0,0.1,0.4,0.0,0.0,97.5,1.9
20160212181305,0.0,0.0,0.7,0.6,0.0,0.0,97.2,1.5
20160212181335,0.0,0.0,0.2,0.5,0.0,0.0,96.2,3.1
20160212181405,0.0,0.0,0.1,0.2,0.0,0.0,99.1,0.6
20160212181435,0.0,0.0,0.0,0.3,0.0,0.0,99.3,0.4
20160212181505,0.0,0.0,0.0,0.0,0.0,0.0,99.9,0.1
20160212181535,0.0,0.0,0.0,0.0,0.0,0.0,99.8,0.2
20160212181605,0.0,0.0,0.0,0.0,0.0,0.0,99.9,0.1
20160212181635,0.0,0.0,0.0,0.0,0.0,0.0,99.6,0.4
20160212181705,0.0,0.0,0.0,0.3,0.0,0.0,64.3,35.5
20160212181735,0.0,0.0,0.0,0.5,0.0,0.0,64.8,34.7
20160212181805,0.0,0.0,0.0,0.0,0.0,0.0,99.9,0.1
20160212181835,0.0,0.0,0.0,0.0,0.0,0.0,100.0,0.0
20160212181905,0.0,0.0,0.0,0.0,0.0,0.0,100.0,0.0
20160212181935,0.0,0.0,0.0,0.0,0.0,0.0,99.9,0.1
20160212182005,0.0,0.0,0.0,0.0,0.0,0.0,99.5,0.5
20160212182035,0.0,0.0,0.0,0.0,0.0,0.0,99.6,0.4
20160212182105,0.0,0.0,0.0,0.0,0.0,0.0,98.9,1.0
20160212182135,0.0,0.0,0.0,0.0,0.0,0.0,98.1,1.9
20160212182205,0.0,0.0,0.0,0.0,0.0,0.0,99.1,0.9
20160212182235,0.0,0.0,0.0,0.0,0.0,0.0,99.8,0.2
20160212182305,0.0,0.0,0.0,0.0,0.0,0.0,99.8,0.2
20160212182335,0.0,0.0,0.0,0.0,0.0,0.0,62.9,37.0
20160212182405,0.0,0.0,0.0,16.0,0.2,0.0,83.0,0.8
20160212182435,0.0,0.0,0.1,99.0,0.1,0.0,0.5,0.2
20160212182505,0.0,0.1,0.0,90.1,0.7,0.0,2.8,6.3
20160212182535,0.0,1.2,0.3,96.5,0.8,0.0,0.9,0.2
20160212182605,0.0,0.8,1.8,26.1,0.1,0.0,31.1,40.1
20160212182635,0.0,0.4,18.3,8.7,0.0,0.0,46.8,25.8
20160212182705,0.0,0.1,1.2,0.1,0.0,0.0,8.2,90.4
20160212182735,0.0,0.0,2.4,0.4,0.0,0.0,12.1,85.1
20160212182805,0.0,0.1,5.6,3.4,0.0,0.0,3.8,87.1
20160212182835,0.0,0.4,12.2,4.5,0.2,0.0,3.1,79.6
20160212182905,0.0,1.8,65.0,6.5,0.3,0.0,0.4,26.0
20160212182935,0.0,3.2,58.9,37.6,0.1,0.0,0.0,0.2
20160212183005,0.0,0.1,76.1,15.3,0.1,0.0,2.3,6.1
20160212183035,0.0,0.0,24.6,72.7,0.1,0.0,0.8,1.7
20160212183105,0.0,0.1,79.4,15.3,0.0,0.0,0.1,5.1
20160212183135,0.0,0.0,87.0,6.3,0.0,0.0,0.1,6.6
20160212183205,0.0,0.2,21.9,64.5,3.7,0.0,2.7,7.0
20160212183235,0.0,0.2,90.1,6.4,1.5,0.0,1.1,0.7
20160212183305,0.0,0.0,89.5,7.4,0.9,0.0,0.3,1.8
20160212183336,0.0,0.2,40.3,48.1,6.8,0.0,0.4,4.3
20160212183406,0.0,0.1,5.5,94.2,0.2,0.0,0.0,0.0
20160212183436,0.0,0.7,4.8,84.0,2.2,0.0,2.4,5.9
20160212183506,0.0,0.3,34.3,62.8,2.2,0.0,0.4,0.1
20160212183536,0.0,0.0,5.5,83.7,3.4,0.0,6.5,0.8
20160212183606,0.0,0.1,2.2,93.7,2.4,0.0,1.4,0.3
20160212183636,0.0,0.0,0.7,96.2,2.0,0.0,1.0,0.1
20160212183706,0.0,0.0,5.6,94.0,0.1,0.0,0.1,0.2
20160212183736,0.0,0.0,8.6,90.5,0.4,0.0,0.0,0.4
20160212183806,0.0,0.0,58.6,40.9,0.2,0.0,0.1,0.2
20160212183836,0.0,0.0,38.7,53.0,0.8,0.0,1.1,6.4
20160212183906,0.0,1.3,7.0,83.6,6.4,0.0,0.1,1.6
20160212183936,0.0,1.2,9.9,84.2,2.5,0.0,0.1,2.2
20160212184006,0.0,1.0,81.9,14.0,1.9,0.0,0.7,0.6
20160212184036,0.0,0.1,52.6,44.8,0.3,0.0,1.1,1.1
20160212184106,0.0,0.0,74.7,25.1,0.1,0.0,0.0,0.1
20160212184136,0.0,0.2,9.1,89.4,0.1,0.0,0.1,1.1
20160212184206,0.0,0.1,58.3,32.8,0.1,0.0,0.4,8.3
20160212184236,0.0,0.3,34.6,65.0,0.0,0.0,0.0,0.0
20160212184306,0.0,0.1,1.4,98.3,0.1,0.0,0.0,0.0
20160212184336,0.0,0.1,0.0,99.8,0.1,0.0,0.0,0.0
20160212184406,0.0,0.1,0.6,98.9,0.2,0.0,0.2,0.1
20160212184436,0.0,0.9,7.3,89.2,0.3,0.0,0.6,1.6
20160212184506,0.0,0.9,41.8,56.7,0.1,0.0,0.2,0.2
20160212184536,0.0,0.1,88.6,9.3,1.8,0.0,0.2,0.0
20160212184606,0.0,0.0,96.8,2.8,0.3,0.0,0.0,0.0
20160212184636,0.0,0.1,19.3,80.1,0.4,0.0,0.0,0.1
20160212184706,0.0,0.0,85.2,13.3,0.3,0.0,1.1,0.1
20160212184736,0.0,0.1,93.8,5.5,0.4,0.0,0.2,0.0
20160212184806,0.0,0.1,98.5,0.6,0.1,0.0,0.7,0.0
20160212184836,0.0,0.8,95.2,3.3,0.4,0.0,0.2,0.1
20160212184906,0.0,0.1,99.3,0.2,0.0,0.0,0.4,0.0
20160212184936,0.0,0.1,96.6,1.6,0.0,0.0,1.6,0.0
20160212185006,0.0,0.2,90.9,7.6,0.0,0.0,1.3,0.0
20160212185036,0.0,0.0,90.9,7.2,1.2,0.0,0.7,0.0
20160212185106,0.0,0.0,96.6,2.8,0.1,0.0,0.5,0.0
20160212185136,0.0,0.2,70.5,23.5,4.6,0.0,1.1,0.1
20160212185206,0.0,0.2,90.5,6.3,1.7,0.0,1.3,0.0
20160212185236,0.0,0.1,98.8,0.5,0.4,0.0,0.2,0.0
20160212185306,0.0,1.0,71.1,3.7,23.9,0.0,0.2,0.0
20160212185336,0.0,2.3,90.7,2.3,4.7,0.0,0.0,0.0
20160212185406,0.0,25.0,44.4,13.4,17.1,0.0,0.0,0.1
20160212185436,0.1,22.8,13.3,52.3,9.7,0.0,0.2,1.5
20160212185506,0.0,3.7,91.6,1.5,1.4,0.0,1.4,0.4
20160212185536,0.1,1.5,89.0,5.4,3.6,0.0,0.2,0.2
20160212185606,0.1,0.3,88.7,4.7,2.9,0.0,0.3,3.1
20160212185636,0.2,0.2,84.5,2.4,2.9,0.0,8.7,1.1
20160212185706,0.0,0.5,98.5,0.3,0.5,0.0,0.2,0.0
20160212185736,0.0,0.5,96.9,1.0,0.4,0.0,1.1,0.0
20160212185806,0.2,0.1,98.6,0.5,0.4,0.0,0.2,0.1
20160212185836,0.2,0.1,97.8,1.2,0.5,0.0,0.1,0.1
20160212185906,0.0,0.0,99.8,0.1,0.1,0.0,0.0,0.0
20160212185936,0.2,0.2,87.7,2.7,8.8,0.0,0.1,0.2
20160212190006,0.0,0.0,99.1,0.6,0.1,0.0,0.1,0.0
20160212190036,0.0,0.1,31.8,66.0,0.2,0.0,0.2,1.6
20160212190106,0.1,0.0,61.8,35.2,1.7,0.0,0.5,0.7
20160212190136,0.0,0.0,99.0,0.8,0.0,0.0,0.1,0.0
20160212190206,0.0,0.0,99.5,0.2,0.1,0.0,0.2,0.1
20160212190236,0.0,0.0,92.8,0.7,0.0,0.0,5.2,1.2
20160212190306,0.0,0.1,99.2,0.1,0.1,0.0,0.3,0.2
20160212190336,0.0,0.0,99.1,0.2,0.2,0.0,0.3,0.1
20160212190406,0.0,0.0,99.6,0.1,0.1,0.1,0.1,0.0
20160212190436,0.0,0.0,99.6,0.0,0.1,0.1,0.1,0.0
20160212190506,0.0,0.0,99.3,0.0,0.0,0.0,0.6,0.0
20160212190536,0.0,0.0,96.6,1.1,1.1,0.2,0.8,0.2
20160212190606,0.0,0.0,99.4,0.2,0.3,0.0,0.1,0.0
20160212190636,0.0,0.3,97.6,1.0,0.8,0.0,0.2,0.0
20160212190707,0.0,0.0,100.0,0.0,0.0,0.0,0.0,0.0
20160212190737,0.0,0.0,100.0,0.0,0.0,0.0,0.0,0.0
20160212190807,0.0,0.0,99.9,0.1,0.0,0.0,0.0,0.0
20160212190837,0.0,0.0,99.8,0.0,0.1,0.0,0.0,0.0
20160212190907,0.0,0.7,96.9,0.3,2.1,0.0,0.0,0.0
20160212190937,0.0,0.0,97.5,1.0,0.8,0.0,0.1,0.5
20160212191007,0.0,0.1,98.3,0.3,0.9,0.0,0.3,0.0
20160212191037,0.0,0.0,99.5,0.2,0.1,0.0,0.1,0.1
20160212191107,0.0,0.1,97.6,0.1,1.5,0.0,0.6,0.1
20160212191137,0.0,0.0,99.8,0.0,0.1,0.0,0.0,0.0
20160212191207,0.0,0.0,99.9,0.0,0.0,0.0,0.0,0.0
20160212191237,0.0,0.0,99.7,0.0,0.2,0.0,0.0,0.0
20160212191307,0.0,0.0,99.9,0.0,0.1,0.0,0.0,0.0
20160212191337,0.1,0.0,99.1,0.1,0.7,0.0,0.1,0.0
20160212191407,0.3,0.0,99.4,0.1,0.2,0.0,0.0,0.0
20160212191437,0.2,1.0,96.6,0.2,1.9,0.0,0.0,0.0
20160212191507,0.6,0.4,85.0,0.2,13.9,0.1,0.0,0.0
20160212191537,3.3,0.6,82.8,1.0,12.2,0.0,0.0,0.1
20160212191607,0.6,0.1,97.1,0.1,2.1,0.0,0.0,0.0
20160212191637,0.0,0.0,99.6,0.1,0.2,0.1,0.0,0.0
20160212191707,0.0,0.0,99.9,0.0,0.1,0.0,0.0,0.0
20160212191737,0.0,0.0,100.0,0.0,0.0,0.0,0.0,0.0
20160212191807,0.0,0.0,99.3,0.0,0.6,0.1,0.0,0.0
20160212191837,0.5,0.0,97.0,0.0,0.5,1.9,0.1,0.0
20160212191907,0.8,0.1,98.0,0.0,0.3,0.7,0.0,0.1
20160212191937,0.0,0.1,98.5,0.0,0.4,1.0,0.0,0.0
20160212192007,0.2,0.0,96.9,0.0,0.3,2.7,0.0,0.0
20160212192037,0.1,0.1,98.7,0.0,0.3,0.9,0.0,0.0
20160212192107,0.0,0.2,99.8,0.0,0.0,0.0,0.0,0.0
20160212192137,0.3,0.2,97.9,0.0,1.5,0.0,0.0,0.0
20160212192207,0.1,0.2,99.7,0.0,0.1,0.0,0.0,0.0
20160212192237,0.1,0.1,99.7,0.0,0.1,0.0,0.0,0.0
20160212192307,0.0,0.1,99.7,0.0,0.2,0.0,0.0,0.0
20160212192337,1.0,0.3,98.4,0.0,0.3,0.0,0.0,0.0
20160212192407,1.7,0.1,96.2,0.0,1.8,0.1,0.0,0.0
20160212192437,7.8,0.1,89.1,0.0,2.9,0.1,0.0,0.0
20160212192507,9.8,0.8,86.6,0.1,2.2,0.5,0.0,0.0
20160212192537,0.3,0.0,99.3,0.0,0.4,0.0,0.0,0.0
20160212192607,0.3,0.0,96.5,0.0,3.0,0.1,0.0,0.0
20160212192637,0.0,0.0,99.1,0.0,0.8,0.0,0.0,0.0
20160212192707,0.1,0.0,99.7,0.0,0.2,0.0,0.0,0.0
20160212192737,0.0,0.0,99.9,0.0,0.0,0.0,0.0,0.0
20160212192807,0.0,0.0,100.0,0.0,0.0,0.0,0.0,0.0
20160212192837,0.0,0.0,99.9,0.0,0.1,0.0,0.0,0.0
20160212192907,0.0,0.0,99.9,0.0,0.1,0.0,0.0,0.0
20160212192937,0.0,0.0,99.7,0.0,0.2,0.0,0.0,0.0
20160212193007,0.0,0.0,99.8,0.0,0.1,0.0,0.0,0.0
20160212193037,0.1,0.0,99.6,0.0,0.2,0.0,0.0,0.1
20160212193107,0.1,0.0,99.4,0.0,0.4,0.0,0.0,0.0
20160212193137,0.1,0.0,99.4,0.0,0.5,0.0,0.0,0.0
20160212193207,1.9,0.2,95.7,0.0,2.0,0.1,0.0,0.1
20160212193237,1.0,0.3,98.1,0.0,0.5,0.0,0.0,0.0
20160212193307,2.2,0.2,96.9,0.0,0.7,0.0,0.0,0.0
20160212193337,64.0,2.4,32.2,0.2,1.2,0.0,0.0,0.0
20160212193407,2.5,0.2,95.2,0.0,2.0,0.0,0.0,0.0
20160212193437,1.4,0.2,96.1,0.0,2.3,0.0,0.0,0.0
20160212193507,0.3,0.0,94.7,0.0,4.8,0.0,0.0,0.1
20160212193537,0.0,0.0,99.9,0.0,0.0,0.0,0.0,0.0
20160212193607,0.0,0.0,100.0,0.0,0.0,0.0,0.0,0.0
20160212193637,0.0,0.0,99.9,0.0,0.1,0.0,0.0,0.0
20160212193707,0.0,0.0,99.8,0.0,0.1,0.0,0.0,0.0
20160212193737,0.0,0.0,99.4,0.1,0.3,0.1,0.0,0.1
20160212193807,0.2,0.0,97.5,0.1,1.6,0.2,0.0,0.3
20160212193837,0.1,0.0,98.8,0.2,0.6,0.1,0.0,0.2
20160212193907,0.0,0.0,99.8,0.0,0.1,0.0,0.0,0.1
20160212193937,0.0,0.0,99.8,0.0,0.1,0.0,0.0,0.0
20160212194007,0.0,0.0,99.1,0.0,0.8,0.0,0.0,0.0
20160212194037,0.0,0.0,99.9,0.0,0.0,0.0,0.0,0.0
20160212194108,0.0,0.0,100.0,0.0,0.0,0.0,0.0,0.0
20160212194138,0.0,0.0,100.0,0.0,0.0,0.0,0.0,0.0
20160212194208,0.0,0.0,100.0,0.0,0.0,0.0,0.0,0.0
20160212194238,0.0,0.0,100.0,0.0,0.0,0.0,0.0,0.0
20160212194308,0.2,0.1,93.4,0.4,5.9,0.0,0.0,0.0
20160212194338,0.0,0.0,99.8,0.1,0.1,0.0,0.0,0.0
20160212194408,0.1,0.0,99.2,0.0,0.6,0.0,0.0,0.1
20160212194438,0.0,0.0,99.8,0.1,0.1,0.0,0.0,0.0
20160212194508,0.0,0.0,99.8,0.0,0.1,0.0,0.0,0.0
20160212194538,0.3,0.0,97.7,0.2,1.8,0.0,0.0,0.0
20160212194608,0.2,0.0,99.2,0.0,0.5,0.0,0.0,0.0
20160212194638,0.1,0.0,99.5,0.1,0.2,0.0,0.0,0.0
20160212194708,1.2,0.0,98.2,0.1,0.5,0.0,0.0,0.0
20160212194738,1.9,0.0,97.4,0.1,0.7,0.0,0.0,0.0
20160212194808,6.8,0.0,87.0,0.8,5.4,0.1,0.0,0.0
20160212194838,4.8,0.0,88.8,0.5,5.6,0.1,0.1,0.1
20160212194908,5.8,0.0,90.9,0.2,3.0,0.0,0.0,0.0
20160212194938,2.1,0.0,94.1,0.2,3.5,0.0,0.0,0.0
20160212195008,2.0,0.1,94.3,1.3,2.0,0.1,0.1,0.1
20160212195038,0.8,0.0,96.5,0.3,2.1,0.0,0.1,0.1
20160212195108,0.3,0.0,97.9,0.3,1.4,0.0,0.1,0.1
20160212195138,0.0,0.0,99.8,0.1,0.1,0.0,0.0,0.0
20160212195208,0.2,0.0,98.2,0.2,1.2,0.0,0.1,0.0
20160212195238,0.0,0.1,99.0,0.0,0.7,0.0,0.2,0.0
20160212195308,0.0,0.0,99.7,0.1,0.1,0.0,0.0,0.0
20160212195338,0.0,0.0,95.8,0.3,3.8,0.0,0.1,0.1
20160212195408,0.0,0.0,98.8,0.4,0.7,0.0,0.0,0.0
20160212195438,0.1,0.0,97.8,0.1,1.9,0.0,0.1,0.0
20160212195508,0.4,0.0,98.1,0.0,1.4,0.0,0.0,0.0
20160212195538,0.1,0.0,99.4,0.3,0.1,0.0,0.0,0.0
20160212195608,0.2,0.0,99.4,0.0,0.3,0.0,0.0,0.0
20160212195638,0.6,0.1,98.9,0.0,0.4,0.0,0.0,0.0
20160212195708,0.5,0.2,98.2,0.7,0.4,0.0,0.0,0.0
20160212195738,0.5,0.0,99.1,0.1,0.2,0.0,0.0,0.0
20160212195808,0.0,0.0,99.8,0.1,0.1,0.0,0.0,0.0
20160212195838,0.0,0.0,99.5,0.0,0.3,0.0,0.0,0.2
20160212195908,0.0,0.0,99.0,0.8,0.1,0.0,0.0,0.1
20160212195938,0.0,0.0,99.2,0.6,0.0,0.0,0.0,0.0
20160212200008,0.0,0.1,99.5,0.2,0.0,0.0,0.0,0.1
20160212200038,0.4,0.6,97.0,0.7,0.7,0.1,0.1,0.2
20160212200108,0.0,0.0,99.6,0.2,0.1,0.0,0.0,0.1
20160212200138,0.0,0.1,99.5,0.1,0.2,0.0,0.0,0.0
20160212200208,0.0,0.0,99.9,0.0,0.0,0.0,0.0,0.0
20160212200238,0.0,0.0,99.9,0.0,0.0,0.0,0.0,0.0
20160212200308,0.0,0.0,100.0,0.0,0.0,0.0,0.0,0.0
20160212200338,0.0,0.0,99.9,0.0,0.1,0.0,0.0,0.0
20160212200408,0.0,0.0,100.0,0.0,0.0,0.0,0.0,0.0
20160212200438,0.1,0.0,99.9,0.0,0.0,0.0,0.0,0.0
20160212200508,0.0,0.0,100.0,0.0,0.0,0.0,0.0,0.0
20160212200538,0.2,0.0,99.7,0.0,0.0,0.0,0.0,0.0
20160212200608,0.8,0.0,99.0,0.0,0.2,0.0,0.0,0.0
20160212200638,0.9,0.0,99.0,0.0,0.0,0.0,0.0,0.0
20160212200708,0.9,0.0,99.1,0.0,0.0,0.0,0.0,0.0
20160212200738,0.4,0.1,99.4,0.0,0.1,0.0,0.0,0.0
20160212200808,4.3,0.1,95.2,0.0,0.3,0.0,0.0,0.0
20160212200838,18.4,0.3,81.1,0.0,0.3,0.0,0.0,0.0
20160212200908,19.8,1.6,78.1,0.1,0.4,0.0,0.0,0.0
20160212200938,48.3,10.2,40.8,0.2,0.5,0.0,0.0,0.0
20160212201008,91.8,4.3,2.9,0.0,1.0,0.0,0.0,0.0
20160212201038,90.3,5.0,3.9,0.0,0.8,0.0,0.0,0.0
20160212201108,76.8,3.4,2.9,0.0,17.0,0.0,0.0,0.0
20160212201138,96.2,1.1,1.1,0.0,1.5,0.0,0.0,0.0
20160212201208,96.7,0.4,2.1,0.1,0.8,0.0,0.0,0.0
20160212201238,89.3,6.1,3.8,0.0,0.9,0.0,0.0,0.0
20160212201308,90.8,1.0,7.0,0.2,1.0,0.0,0.0,0.0
20160212201338,92.7,1.5,4.6,0.2,0.9,0.0,0.0,0.0
20160212201408,99.0,0.7,0.1,0.1,0.1,0.0,0.0,0.0
20160212201438,98.8,0.4,0.4,0.0,0.4,0.0,0.0,0.0
20160212201508,99.2,0.1,0.2,0.0,0.5,0.0,0.0,0.0
20160212201538,87.4,0.7,10.7,0.2,1.1,0.0,0.0,0.0
20160212201609,90.2,2.8,4.7,0.1,2.2,0.0,0.0,0.0
20160212201639,22.2,2.3,64.0,0.5,10.9,0.0,0.0,0.0
20160212201709,11.0,5.8,73.6,0.0,9.5,0.0,0.0,0.0
20160212201739,13.9,0.7,84.3,0.0,1.0,0.0,0.0,0.0
20160212201809,25.8,14.8,57.9,0.3,1.2,0.0,0.0,0.0
20160212201839,18.1,26.5,53.0,0.1,2.3,0.0,0.0,0.1
20160212201909,36.1,8.0,48.9,0.1,7.0,0.0,0.0,0.0
20160212201939,56.3,5.5,29.1,0.0,9.0,0.0,0.0,0.0
20160212202009,11.3,10.1,76.8,0.0,1.8,0.0,0.0,0.0
20160212202039,20.0,23.9,47.2,0.0,8.8,0.0,0.0,0.0
20160212202109,27.6,7.7,51.7,0.0,13.0,0.0,0.0,0.0
20160212202139,45.8,2.0,48.5,0.1,3.7,0.0,0.0,0.0
20160212202209,8.5,0.3,89.4,0.0,1.7,0.0,0.0,0.0
20160212202239,17.0,16.8,63.1,0.0,3.0,0.0,0.0,0.0
20160212202309,27.4,11.2,55.3,0.1,5.9,0.0,0.0,0.0
20160212202339,83.3,3.8,4.6,0.0,8.4,0.0,0.0,0.0
20160212202409,45.5,9.6,40.5,0.0,4.4,0.0,0.0,0.0
20160212202439,30.7,5.2,62.6,0.0,1.4,0.0,0.0,0.0
20160212202509,36.1,13.5,49.0,0.0,1.3,0.0,0.0,0.0
20160212202539,21.0,2.6,74.2,0.0,2.1,0.0,0.0,0.0
20160212202609,83.9,0.6,13.8,0.0,1.7,0.0,0.0,0.0
20160212202639,89.4,0.4,10.0,0.0,0.3,0.0,0.0,0.0
20160212202709,63.2,4.5,31.1,0.0,1.1,0.0,0.0,0.0
20160212202739,81.8,0.6,17.4,0.0,0.1,0.0,0.0,0.0
20160212202809,65.8,1.9,32.0,0.0,0.2,0.1,0.0,0.0
20160212202839,83.6,0.7,14.9,0.0,0.7,0.1,0.0,0.0
20160212202909,45.0,1.0,53.3,0.0,0.7,0.0,0.0,0.0
20160212202939,64.3,6.5,25.1,0.0,4.2,0.0,0.0,0.0
20160212203009,3.9,5.4,88.5,0.0,2.1,0.0,0.0,0.0
20160212203039,3.2,5.9,88.1,0.0,2.8,0.0,0.0,0.0
20160212203109,29.0,7.1,62.0,0.0,1.8,0.0,0.0,0.0
20160212203139,5.7,12.0,79.2,0.0,2.9,0.1,0.0,0.0
20160212203209,16.4,1.0,81.7,0.0,0.8,0.1,0.0,0.0
20160212203239,95.7,0.1,4.2,0.0,0.1,0.0,0.0,0.0
20160212203309,97.2,0.1,2.7,0.0,0.1,0.0,0.0,0.0
20160212203339,49.5,0.2,50.1,0.0,0.2,0.0,0.0,0.0
20160212203409,3.4,0.2,96.1,0.0,0.2,0.1,0.0,0.0
20160212203439,4.2,0.6,94.8,0.0,0.4,0.1,0.0,0.0
20160212203509,4.8,0.1,94.9,0.0,0.1,0.0,0.0,0.0
20160212203539,3.5,0.0,96.0,0.0,0.2,0.2,0.0,0.0
20160212203609,28.4,0.3,70.4,0.0,0.7,0.2,0.0,0.0
20160212203639,23.5,0.2,75.5,0.0,0.4,0.4,0.0,0.0
20160212203709,5.8,0.3,93.7,0.0,0.2,0.0,0.0,0.0
20160212203739,8.8,0.4,89.9,0.1,0.5,0.3,0.0,0.0
20160212203809,0.8,0.0,99.0,0.0,0.1,0.1,0.0,0.0
20160212203839,0.1,0.0,99.9,0.0,0.0,0.0,0.0,0.0
20160212203909,0.0,0.0,99.8,0.0,0.0,0.1,0.0,0.0
20160212203939,0.1,0.0,99.7,0.0,0.0,0.1,0.0,0.0
20160212204009,0.0,0.0,99.9,0.0,0.0,0.0,0.0,0.0
20160212204039,0.0,0.0,100.0,0.0,0.0,0.0,0.0,0.0
20160212204109,0.0,0.0,99.8,0.0,0.0,0.0,0.0,0.1
20160212204139,0.0,0.0,100.0,0.0,0.0,0.0,0.0,0.0
20160212204209,0.0,0.0,100.0,0.0,0.0,0.0,0.0,0.0
20160212204239,0.0,0.0,99.9,0.0,0.0,0.0,0.0,0.0
20160212204310,0.0,0.0,99.9,0.0,0.0,0.0,0.0,0.0
20160212204340,0.0,0.0,100.0,0.0,0.0,0.0,0.0,0.0
20160212204410,0.0,0.0,100.0,0.0,0.0,0.0,0.0,0.0
20160212204440,0.0,0.0,99.8,0.0,0.1,0.1,0.0,0.0
20160212204510,0.0,0.0,100.0,0.0,0.0,0.0,0.0,0.0
20160212204540,0.0,0.0,100.0,0.0,0.0,0.0,0.0,0.0
20160212204610,0.0,0.0,100.0,0.0,0.0,0.0,0.0,0.0
20160212204640,0.0,0.0,100.0,0.0,0.0,0.0,0.0,0.0
20160212204710,0.0,0.0,100.0,0.0,0.0,0.0,0.0,0.0
20160212204740,0.0,0.0,100.0,0.0,0.0,0.0,0.0,0.0
20160212204810,0.0,0.0,99.9,0.0,0.0,0.0,0.0,0.0
20160212204840,0.0,0.0,99.9,0.0,0.0,0.1,0.0,0.0
20160212204910,0.0,0.0,100.0,0.0,0.0,0.0,0.0,0.0
20160212204940,0.0,0.0,99.3,0.0,0.0,0.5,0.2,0.0
20160212205010,0.0,0.0,99.9,0.0,0.0,0.0,0.0,0.0
20160212205040,0.0,0.0,99.8,0.0,0.0,0.1,0.1,0.0
20160212205110,0.0,0.0,99.8,0.0,0.0,0.1,0.0,0.0
20160212205140,0.0,0.0,99.9,0.0,0.0,0.0,0.0,0.0
20160212205210,0.0,0.0,99.8,0.0,0.0,0.1,0.0,0.0
20160212205240,0.0,0.0,99.9,0.0,0.0,0.0,0.0,0.0
20160212205310,0.0,0.0,100.0,0.0,0.0,0.0,0.0,0.0
20160212205340,0.0,0.0,99.8,0.0,0.0,0.2,0.0,0.0
20160212205410,0.0,0.0,99.8,0.0,0.0,0.2,0.0,0.0
20160212205440,0.0,0.0,99.9,0.0,0.0,0.1,0.0,0.0
20160212205510,0.0,0.0,99.7,0.0,0.0,0.3,0.0,0.0
20160212205540,0.0,0.0,99.7,0.0,0.0,0.3,0.0,0.0
20160212205610,0.0,0.0,100.0,0.0,0.0,0.0,0.0,0.0
20160212205640,0.0,0.0,99.7,0.0,0.0,0.3,0.0,0.0
20160212205710,0.0,0.0,99.9,0.0,0.0,0.1,0.0,0.0
20160212205740,0.0,0.0,99.4,0.0,0.0,0.5,0.0,0.0
20160212205810,0.0,0.0,99.3,0.0,0.0,0.7,0.0,0.0
20160212205840,0.0,0.0,100.0,0.0,0.0,0.0,0.0,0.0
20160212205910,0.0,0.0,98.1,0.0,0.0,1.9,0.0,0.0
20160212205940,0.0,0.0,99.9,0.0,0.0,0.0,0.0,0.0
20160212210010,0.0,0.0,100.0,0.0,0.0,0.0,0.0,0.0
20160212210040,0.0,0.0,100.0,0.0,0.0,0.0,0.0,0.0
20160212210110,0.0,0.0,100.0,0.0,0.0,0.0,0.0,0.0
20160212210140,0.0,0.0,100.0,0.0,0.0,0.0,0.0,0.0
20160212210210,0.0,0.0,100.0,0.0,0.0,0.0,0.0,0.0
20160212210240,0.0,0.0,99.9,0.0,0.0,0.1,0.0,0.0
20160212210310,0.0,0.0,100.0,0.0,0.0,0.0,0.0,0.0
20160212210340,0.0,0.0,100.0,0.0,0.0,0.0,0.0,0.0
20160212210410,0.0,0.0,100.0,0.0,0.0,0.0,0.0,0.0
20160212210440,0.0,0.0,99.9,0.0,0.0,0.0,0.0,0.0
20160212210510,0.0,0.0,100.0,0.0,0.0,0.0,0.0,0.0
20160212210540,0.0,0.0,99.9,0.0,0.0,0.0,0.0,0.0
20160212210610,0.0,0.0,99.8,0.0,0.0,0.1,0.0,0.0
20160212210640,0.0,0.0,100.0,0.0,0.0,0.0,0.0,0.0
20160212210710,0.0,0.0,100.0,0.0,0.0,0.0,0.0,0.0
20160212210740,0.0,0.0,100.0,0.0,0.0,0.0,0.0,0.0
20160212210810,0.0,0.0,100.0,0.0,0.0,0.0,0.0,0.0
20160212210840,0.0,0.0,100.0,0.0,0.0,0.0,0.0,0.0
20160212210910,0.0,0.0,99.9,0.0,0.0,0.0,0.0,0.0
20160212210940,0.0,0.0,100.0,0.0,0.0,0.0,0.0,0.0
20160212211010,0.0,0.0,99.9,0.0,0.0,0.0,0.0,0.0
20160212211040,0.0,0.0,99.9,0.0,0.0,0.0,0.0,0.0
20160212211110,0.0,0.0,99.9,0.0,0.0,0.0,0.0,0.0
20160212211140,0.0,0.0,99.4,0.0,0.1,0.1,0.3,0.1
20160212211210,0.1,0.4,98.8,0.1,0.4,0.0,0.1,0.1
20160212211240,0.3,0.0,98.4,0.1,1.0,0.1,0.1,0.0
20160212211310,0.1,0.0,99.5,0.2,0.2,0.0,0.0,0.0
20160212211340,0.2,0.0,99.5,0.0,0.2,0.0,0.0,0.0
20160212211410,0.2,0.0,99.7,0.0,0.0,0.0,0.0,0.0
20160212211440,0.8,0.0,98.7,0.1,0.3,0.1,0.0,0.0
20160212211510,0.2,0.1,99.4,0.1,0.1,0.0,0.1,0.0
20160212211540,0.4,0.0,98.1,0.1,0.6,0.1,0.4,0.4
20160212211610,0.2,0.0,98.8,0.2,0.4,0.1,0.2,0.1
20160212211640,0.4,0.0,97.7,0.1,0.1,0.0,1.4,0.2
20160212211710,0.4,0.0,98.6,0.2,0.7,0.0,0.0,0.1
20160212211741,5.3,0.1,89.4,0.2,4.3,0.2,0.3,0.1
20160212211811,4.1,0.1,85.7,1.7,2.1,2.9,0.9,2.4
20160212211841,0.2,0.1,98.1,0.0,0.3,0.9,0.3,0.2
20160212211911,2.2,0.4,95.9,0.2,0.7,0.1,0.0,0.5
20160212211941,1.6,0.2,95.1,0.4,0.5,0.1,1.4,0.8
20160212212011,0.1,0.1,97.8,0.2,0.5,0.2,0.4,0.6
20160212212041,1.7,0.1,42.4,1.3,6.9,22.3,21.0,4.3
20160212212111,4.6,0.0,88.4,0.0,4.3,2.2,0.3,0.1
20160212212141,2.8,0.1,57.1,0.1,10.3,27.4,0.2,2.0
20160212212211,0.5,0.1,93.1,0.1,1.9,3.2,0.1,1.1
20160212212241,0.1,0.1,95.0,0.1,1.2,2.0,0.1,1.4
20160212212311,1.4,0.0,93.3,0.4,2.5,1.6,0.4,0.4
20160212212341,0.1,0.0,98.5,0.0,0.3,0.6,0.1,0.3
20160212212411,1.5,0.0,94.3,0.2,1.7,1.7,0.2,0.3
20160212212441,0.1,0.1,96.0,0.4,0.5,0.9,0.2,1.8
20160212212511,0.0,0.0,99.7,0.0,0.0,0.2,0.0,0.0
20160212212541,1.0,0.2,95.7,0.3,1.4,0.8,0.1,0.5
20160212212611,0.6,0.1,95.7,0.6,0.5,0.2,0.6,1.6
20160212212641,0.9,0.0,95.0,0.0,0.2,0.1,3.7,0.1
20160212212711,0.2,0.0,98.8,0.0,0.2,0.2,0.0,0.5
20160212212741,0.1,0.0,98.0,0.1,0.1,0.1,0.3,1.3
20160212212811,0.3,0.0,93.5,0.3,0.2,0.2,4.0,1.5
20160212212841,0.0,0.0,95.4,0.1,0.0,0.0,4.3,0.1
20160212212911,0.2,0.0,69.6,1.6,0.0,0.0,28.2,0.3
20160212212941,0.0,0.0,93.7,0.4,0.0,0.1,3.4,2.4
20160212213011,0.1,0.0,89.5,0.3,0.1,0.1,9.1,0.8
20160212213041,0.0,0.0,96.2,0.2,0.0,0.0,3.2,0.3
20160212213111,0.3,0.0,45.5,2.4,0.0,0.2,40.6,10.9
20160212213141,1.0,0.0,87.5,6.7,0.1,0.0,4.0,0.7
20160212213211,0.0,0.0,97.2,2.3,0.0,0.0,0.4,0.1
20160212213241,0.0,0.0,98.9,1.0,0.0,0.0,0.0,0.0
20160212213311,0.0,0.0,82.4,12.4,0.0,0.0,5.0,0.2
20160212213341,0.0,0.7,93.9,3.8,0.0,0.0,0.4,1.2
20160212213411,0.1,0.5,77.8,6.2,0.1,0.0,6.1,9.1
20160212213441,0.0,0.1,93.7,3.5,0.0,0.0,1.5,1.3
20160212213511,0.1,0.0,90.2,2.4,0.0,0.0,4.2,3.1
20160212213541,0.0,0.1,95.1,2.4,0.0,0.0,2.1,0.4
20160212213611,0.0,0.4,78.0,0.6,0.7,0.0,8.6,11.7
20160212213641,0.1,0.1,6.9,0.2,0.0,0.0,72.5,20.1
20160212213711,0.2,1.2,6.5,2.9,0.5,0.1,48.9,39.8
20160212213741,0.0,2.8,30.5,6.4,1.6,0.0,24.5,34.2
20160212213811,0.4,2.3,33.0,1.5,0.8,0.1,48.4,13.7
20160212213841,0.0,0.5,10.8,2.8,0.1,0.0,37.8,48.0
20160212213911,0.1,0.2,36.8,2.8,0.1,0.0,55.1,4.9
20160212213941,0.0,0.0,24.4,0.3,0.1,0.0,70.3,4.9
20160212214011,0.1,0.0,10.6,1.0,0.2,0.0,72.3,15.8
20160212214041,0.0,0.0,45.6,1.4,0.0,0.0,49.5,3.3
20160212214111,0.0,0.0,14.1,0.5,0.0,0.0,78.9,6.4
20160212214141,0.0,0.0,1.3,0.2,0.0,0.0,97.1,1.4
20160212214211,0.0,0.0,1.6,0.0,0.0,0.0,95.6,2.7
20160212214241,0.0,0.0,4.2,0.2,0.2,0.3,85.0,10.1
20160212214311,0.0,0.0,2.1,0.1,0.0,0.2,88.3,9.4
20160212214341,0.0,0.0,1.5,0.6,0.0,0.0,91.1,6.7
20160212214411,0.0,0.0,1.4,0.7,0.1,0.0,92.3,5.5
20160212214441,0.0,0.0,0.1,0.4,0.0,0.0,96.2,3.2
20160212214511,0.0,0.0,0.0,0.0,0.0,0.0,100.0,0.0
20160212214541,0.0,0.0,0.0,0.0,0.0,0.0,100.0,0.0
20160212214611,0.0,0.0,0.0,0.0,0.0,0.0,100.0,0.0
20160212214641,0.0,0.0,0.0,0.0,0.0,0.0,99.8,0.2
20160212214711,0.0,0.0,0.0,0.0,0.0,0.0,99.9,0.1
20160212214741,0.0,0.0,0.0,0.0,0.0,0.0,99.5,0.5
20160212214811,0.0,0.0,0.0,0.0,0.0,0.0,99.8,0.1
20160212214841,0.0,0.0,0.0,0.0,0.0,0.0,100.0,0.0
20160212214911,0.0,0.0,0.0,0.0,0.0,0.0,99.4,0.5
20160212214941,0.0,0.0,0.0,0.1,0.0,0.0,99.8,0.0
20160212215011,0.0,0.0,0.0,0.0,0.0,0.0,96.8,3.2
20160212215041,0.0,0.0,0.0,0.0,0.0,0.0,99.9,0.1
20160212215111,0.0,0.0,0.0,0.0,0.0,0.0,99.5,0.5
20160212215142,0.0,0.0,0.0,0.0,0.0,0.0,99.1,0.9
20160212215212,0.0,0.0,0.0,0.0,0.0,0.0,99.9,0.1
20160212215242,0.0,0.0,0.0,0.0,0.0,0.0,98.1,1.8
20160212215312,0.0,0.0,0.0,0.0,0.0,0.0,98.1,1.9
20160212215342,0.0,0.0,0.0,0.0,0.0,0.0,99.5,0.5
20160212215412,0.0,0.0,0.0,0.0,0.0,0.0,99.8,0.2
20160212215442,0.0,0.0,0.1,0.0,0.0,0.0,99.9,0.0
20160212215512,0.0,0.0,1.5,0.0,0.0,0.0,98.2,0.3
20160212215542,0.0,0.0,0.0,0.0,0.0,0.0,99.9,0.1
20160212215612,0.0,0.0,1.3,0.0,0.0,0.0,93.0,5.7
20160212215642,0.0,0.0,0.0,0.0,0.0,0.0,98.3,1.7
20160212215712,0.0,0.0,0.0,0.1,0.0,0.0,98.9,1.0
20160212215742,0.0,0.0,0.0,0.0,0.0,0.0,99.5,0.4
20160212215812,0.0,0.0,0.0,0.0,0.0,0.0,100.0,0.0
20160212215842,0.0,0.0,0.0,0.1,0.0,0.0,99.2,0.7
20160212215912,0.0,0.0,0.1,0.1,0.0,0.0,98.1,1.8
20160212215942,0.0,0.0,0.0,4.0,0.0,0.0,94.9,1.1
20160212220012,0.0,0.0,0.2,0.0,0.0,0.0,98.1,1.7
20160212220042,0.0,0.0,0.0,0.0,0.0,0.0,99.7,0.2
20160212220112,0.0,0.0,0.2,0.0,0.0,0.0,99.3,0.5
20160212220142,0.0,0.0,15.2,0.0,0.0,0.0,84.7,0.0
20160212220212,0.0,0.0,3.2,0.0,0.0,0.0,96.8,0.1
20160212220242,0.0,0.0,73.1,0.0,0.0,0.0,26.8,0.1
20160212220312,0.0,0.0,60.0,0.0,0.0,0.0,37.3,2.6
20160212220342,0.0,0.0,2.1,0.0,0.0,0.0,97.5,0.4
20160212220412,0.0,0.0,7.4,0.0,0.0,0.0,90.5,2.1
20160212220442,0.0,0.0,0.6,0.0,0.0,0.0,99.3,0.1
20160212220512,0.0,0.0,15.1,0.0,0.0,0.1,82.5,2.3
20160212220542,0.0,0.0,39.5,0.1,0.0,0.0,50.8,9.6
20160212220612,0.0,0.0,41.4,0.2,0.1,0.1,38.0,20.2
20160212220642,0.1,0.1,66.3,0.2,0.1,0.1,12.0,21.1
20160212220712,0.1,1.6,75.6,0.3,0.3,1.4,0.8,20.0
20160212220742,0.0,0.0,96.0,0.0,0.0,0.3,1.9,1.8
20160212220812,0.0,0.0,95.8,0.0,0.1,0.9,0.6,2.6
20160212220842,0.0,0.0,98.5,0.0,0.0,0.0,0.0,1.4
20160212220912,0.0,0.0,97.5,0.0,0.0,1.5,0.1,0.8
20160212220942,0.0,0.0,95.1,0.0,0.3,1.4,0.0,3.1
20160212221012,0.0,0.0,85.0,0.0,0.0,14.7,0.0,0.3
20160212221042,0.1,0.0,84.3,0.0,0.0,5.8,0.0,9.8
20160212221112,0.1,0.1,86.1,0.0,0.0,12.0,0.1,1.6
20160212221142,0.4,0.1,72.4,0.0,0.6,25.2,0.1,1.2
20160212221212,0.3,0.5,92.3,0.0,0.8,5.3,0.0,0.7
20160212221242,0.2,0.0,93.5,0.0,0.1,6.2,0.0,0.1
20160212221312,0.1,0.0,96.1,0.0,0.0,3.7,0.0,0.0
20160212221342,7.0,0.0,65.9,0.0,0.6,26.2,0.0,0.1
20160212221412,0.8,0.0,85.9,0.0,1.0,11.9,0.1,0.3
20160212221442,9.7,0.1,76.4,0.0,3.7,9.8,0.1,0.3
20160212221512,0.8,0.1,89.0,0.1,1.5,8.4,0.1,0.1
20160212221542,0.3,0.1,97.0,0.1,0.8,0.5,0.2,1.0
20160212221612,5.9,0.2,85.4,0.4,3.6,3.4,0.1,1.1
20160212221642,1.1,0.2,92.5,0.1,4.4,1.3,0.1,0.3
20160212221712,1.9,0.0,95.6,0.1,0.3,1.9,0.0,0.2
20160212221742,0.6,0.0,72.6,0.4,0.7,22.7,1.5,1.4
20160212221812,0.1,0.0,99.0,0.0,0.0,0.6,0.0,0.2
20160212221842,0.6,0.0,98.2,0.0,0.1,1.0,0.0,0.1
20160212221913,0.0,0.0,99.8,0.0,0.0,0.1,0.0,0.0
20160212221943,1.2,0.2,96.1,0.2,1.0,0.8,0.2,0.4
20160212222013,1.5,0.2,95.0,0.2,1.8,0.2,0.0,1.1
20160212222043,2.2,0.3,93.8,0.8,2.1,0.3,0.2,0.3
