UT,arc,discrete,diffuse,ac,ab,clear,cloudy,dd
20161210131201,0.0,0.0,0.0,0.0,0.0,0.0,0.0,100.0
20161210131231,0.0,0.0,0.0,0.0,0.0,0.0,0.0,100.0
20161210131301,0.0,0.0,0.0,0.0,0.0,0.0,0.0,100.0
20161210131331,0.0,0.0,0.0,0.0,0.0,0.0,0.0,100.0
20161210131401,0.0,0.0,0.0,0.0,0.0,0.0,0.0,100.0
20161210131431,0.0,0.0,0.0,0.0,0.0,0.0,0.0,100.0
20161210131501,0.0,0.0,0.0,0.0,0.0,0.0,0.0,100.0
20161210131531,0.0,0.0,0.0,0.0,0.0,0.0,0.0,100.0
20161210131601,0.0,0.0,0.0,0.0,0.0,0.0,0.0,100.0
20161210131631,0.0,0.0,0.0,0.0,0.0,0.0,0.0,100.0
20161210131701,0.0,0.0,0.0,0.0,0.0,0.0,0.0,100.0
20161210131731,0.0,0.0,0.0,0.0,0.0,0.0,0.0,100.0
20161210131801,0.0,0.0,0.0,0.0,0.0,0.0,0.0,100.0
20161210131831,0.0,0.0,0.0,0.0,0.0,0.0,0.0,100.0
20161210131901,0.0,0.0,0.0,0.0,0.0,0.0,0.0,100.0
20161210131931,0.0,0.0,0.0,0.0,0.0,0.0,0.0,100.0
20161210132001,0.0,0.0,0.0,0.0,0.0,0.0,0.0,100.0
20161210132031,0.0,0.0,0.0,0.0,0.0,0.0,0.0,100.0
20161210132101,0.0,0.0,0.0,0.0,0.0,0.0,0.0,100.0
20161210132131,0.0,0.0,0.0,0.0,0.0,0.0,0.0,100.0
20161210132201,0.0,0.0,0.0,0.0,0.0,0.0,0.0,100.0
20161210132231,0.0,0.0,0.0,0.0,0.0,0.0,0.0,100.0
20161210132301,0.0,0.0,0.0,0.0,0.0,0.0,0.0,100.0
20161210132331,0.0,0.0,0.0,0.0,0.0,0.0,0.0,100.0
20161210132401,0.0,0.0,0.0,0.0,0.0,0.0,0.0,100.0
20161210132431,0.0,0.0,0.0,0.0,0.0,0.0,0.0,100.0
20161210132501,0.0,0.0,0.0,0.0,0.0,0.0,0.0,100.0
20161210132531,0.0,0.0,0.0,0.0,0.0,0.0,0.0,100.0
20161210132601,0.0,0.0,0.0,0.0,0.0,0.0,0.0,100.0
20161210132631,0.0,0.0,0.0,0.0,0.0,0.0,0.0,100.0
20161210132701,0.0,0.0,0.0,0.0,0.0,0.0,0.0,100.0
20161210132731,0.0,0.0,0.0,0.0,0.0,0.0,0.0,100.0
20161210132801,0.0,0.0,0.0,0.0,0.0,0.0,0.0,100.0
20161210132831,0.0,0.0,0.0,0.0,0.0,0.0,0.0,100.0
20161210132901,0.0,0.0,0.0,0.0,0.0,0.0,0.0,100.0
20161210132931,0.0,0.0,0.0,0.0,0.0,0.0,0.0,100.0
20161210133001,0.0,0.0,0.0,0.0,0.0,0.0,0.0,100.0
20161210133031,0.0,0.0,0.0,0.0,0.0,0.0,0.0,100.0
20161210133101,0.0,0.0,0.0,0.0,0.0,0.0,0.0,100.0
20161210133131,0.0,0.0,0.0,0.0,0.0,0.0,0.0,100.0
20161210133201,0.0,0.0,0.0,0.0,0.0,0.0,0.0,100.0
20161210133231,0.0,0.0,0.0,0.0,0.0,0.0,0.0,100.0
20161210133301,0.0,0.0,0.0,0.0,0.0,0.0,0.0,100.0
20161210133331,0.0,0.0,0.0,0.0,0.0,0.0,0.0,100.0
20161210133401,0.0,0.0,0.0,0.0,0.0,0.0,0.0,100.0
20161210133431,0.0,0.0,0.0,0.0,0.0,0.0,0.0,100.0
20161210133501,0.0,0.0,0.0,0.0,0.0,0.0,0.0,100.0
20161210133531,0.0,0.0,0.0,0.0,0.0,0.0,0.0,100.0
20161210133601,0.0,0.0,0.0,0.0,0.0,0.0,0.0,100.0
20161210133631,0.0,0.0,0.0,0.0,0.0,0.0,0.0,100.0
20161210133701,0.0,0.0,0.0,0.0,0.0,0.0,0.0,100.0
20161210133731,0.0,0.0,0.0,0.0,0.0,0.0,0.0,100.0
20161210133801,0.0,0.0,0.0,0.0,0.0,0.0,0.0,100.0
20161210133831,0.0,0.0,0.0,0.0,0.0,0.0,0.0,100.0
20161210133901,0.0,0.0,0.0,0.0,0.0,0.0,0.0,100.0
20161210133931,0.0,0.0,0.0,0.0,0.0,0.0,0.0,100.0
20161210134001,0.0,0.0,0.0,0.0,0.0,0.0,0.0,100.0
20161210134031,0.0,0.0,0.0,0.0,0.0,0.0,0.0,100.0
20161210134101,0.0,0.0,0.0,0.0,0.0,0.0,0.0,100.0
20161210134131,0.0,0.0,0.0,0.0,0.0,0.0,0.0,100.0
20161210134201,0.0,0.0,0.0,0.0,0.0,0.0,0.0,100.0
20161210134231,0.0,0.0,0.0,0.0,0.0,0.0,0.0,100.0
20161210134301,0.0,0.0,0.0,0.0,0.0,0.0,0.0,100.0
20161210134331,0.0,0.0,0.0,0.0,0.0,0.0,0.0,100.0
20161210134401,0.0,0.0,0.0,0.0,0.0,0.0,0.0,100.0
20161210134431,0.0,0.0,0.0,0.0,0.0,0.0,0.0,100.0
20161210134501,0.0,0.0,0.0,0.0,0.0,0.0,0.0,100.0
20161210134531,0.0,0.0,0.0,0.0,0.0,0.0,0.0,100.0
20161210134602,0.0,0.0,0.0,0.0,0.0,0.0,0.0,100.0
20161210134632,0.0,0.0,0.0,0.0,0.0,0.0,0.0,100.0
20161210134702,0.0,0.0,0.0,0.0,0.0,0.0,0.0,100.0
20161210134732,0.0,0.0,0.0,0.0,0.0,0.0,0.0,100.0
20161210134802,0.0,0.0,0.0,0.0,0.0,0.0,0.0,100.0
20161210134832,0.0,0.0,0.0,0.0,0.0,0.0,0.0,100.0
20161210134902,0.0,0.0,0.0,0.0,0.0,0.0,0.0,100.0
20161210134932,0.0,0.0,0.0,0.0,0.0,0.0,0.0,100.0
20161210135002,0.0,0.0,0.0,0.0,0.0,0.0,0.0,100.0
20161210135032,0.0,0.0,0.0,0.0,0.0,0.0,0.0,100.0
20161210135102,0.0,0.0,0.0,0.0,0.0,0.0,0.0,100.0
20161210135132,0.0,0.0,0.0,0.0,0.0,0.0,0.0,100.0
20161210135202,0.0,0.0,0.0,0.0,0.0,0.0,0.0,100.0
20161210135232,0.0,0.0,0.0,0.0,0.0,0.0,0.0,100.0
20161210135302,0.0,0.0,0.0,0.0,0.0,0.0,0.0,100.0
20161210135332,0.0,0.0,0.0,0.0,0.0,0.0,0.0,100.0
20161210135402,0.0,0.0,0.0,0.0,0.0,0.0,0.0,100.0
20161210135432,0.0,0.0,0.0,0.0,0.0,0.0,0.0,100.0
20161210135502,0.0,0.0,0.0,0.0,0.0,0.0,0.0,100.0
20161210135532,0.0,0.0,0.0,0.0,0.0,0.0,0.0,100.0
20161210135602,0.0,0.0,0.0,0.0,0.0,0.0,0.0,100.0
20161210135632,0.0,0.0,0.0,0.0,0.0,0.0,0.0,100.0
20161210135702,0.0,0.0,0.0,0.0,0.0,0.0,0.0,100.0
20161210135732,0.0,0.0,0.0,0.0,0.0,0.0,0.0,100.0
20161210135802,0.0,0.0,0.0,0.0,0.0,0.0,0.0,100.0
20161210135832,0.0,0.0,0.0,0.0,0.0,0.0,0.0,100.0
20161210135902,0.0,0.0,0.0,0.0,0.0,0.0,0.0,100.0
20161210135932,0.0,0.0,0.0,0.0,0.0,0.0,0.0,100.0
20161210140002,0.0,0.0,0.0,0.0,0.0,0.0,0.0,100.0
20161210140032,0.0,0.0,0.0,0.0,0.0,0.0,0.0,100.0
20161210140102,0.0,0.0,0.0,0.0,0.0,0.0,0.0,100.0
20161210140132,0.0,0.0,0.0,0.0,0.0,0.0,0.0,100.0
20161210140202,0.0,0.0,0.0,0.0,0.0,0.0,0.0,100.0
20161210140232,0.0,0.0,0.0,0.0,0.0,0.0,0.0,100.0
20161210140302,0.0,0.0,0.0,0.0,0.0,0.0,0.0,100.0
20161210140332,0.0,0.0,0.0,0.0,0.0,0.0,0.0,100.0
20161210140402,0.0,0.0,0.0,0.0,0.0,0.0,0.0,100.0
20161210140432,0.0,0.0,0.0,0.0,0.0,0.0,0.0,100.0
20161210140502,0.0,0.0,0.0,0.0,0.0,0.0,0.0,100.0
20161210140532,0.0,0.0,0.0,0.0,0.0,0.0,0.0,100.0
20161210140602,0.0,0.0,0.0,0.0,0.0,0.0,0.0,100.0
20161210140632,0.0,0.0,0.0,0.0,0.0,0.0,0.0,100.0
20161210140702,0.0,0.0,0.0,0.0,0.0,0.0,0.0,100.0
20161210140732,0.0,0.0,0.0,0.0,0.0,0.0,0.0,100.0
20161210140802,0.0,0.0,0.0,0.0,0.0,0.0,0.0,100.0
20161210140832,0.0,0.0,0.0,0.0,0.0,0.0,0.0,100.0
20161210140902,0.0,0.0,0.0,0.0,0.0,0.0,0.0,100.0
20161210140932,0.0,0.0,0.0,0.0,0.0,0.0,0.0,100.0
20161210141002,0.0,0.0,0.0,0.0,0.0,0.0,0.0,100.0
20161210141032,0.0,0.0,0.0,0.0,0.0,0.0,0.0,100.0
20161210141102,0.0,0.0,0.0,0.0,0.0,0.0,0.0,100.0
20161210141132,0.0,0.0,0.0,0.0,0.0,0.0,0.0,100.0
20161210141333,0.0,0.0,0.0,0.0,0.1,0.0,0.6,99.4
20161210141403,0.0,0.0,0.0,0.0,0.4,0.0,3.8,95.7
20161210141433,0.0,0.0,0.0,0.0,0.0,0.0,0.5,99.4
20161210141503,0.0,0.0,0.0,0.0,0.3,0.0,0.5,99.2
20161210141533,0.0,0.0,0.0,0.0,0.2,0.0,0.7,99.1
20161210141603,0.0,0.0,0.0,0.0,0.1,0.0,1.3,98.6
20161210141633,0.0,0.0,0.0,0.0,0.2,0.0,0.4,99.4
20161210141703,0.0,0.0,0.0,0.0,1.4,0.0,0.1,98.6
20161210141733,0.0,0.0,0.0,0.0,0.7,0.0,0.5,98.8
20161210141803,0.0,0.0,0.0,0.0,0.5,0.0,0.1,99.4
20161210141833,0.0,0.0,0.0,0.0,1.9,0.0,0.3,97.9
20161210141903,0.0,0.0,0.0,0.0,0.9,0.0,0.1,99.0
20161210141933,0.0,0.0,0.0,0.0,1.1,0.0,0.2,98.7
20161210142003,0.0,0.0,0.0,0.0,0.5,0.0,0.3,99.2
20161210142033,0.0,0.0,0.0,0.0,0.5,0.0,1.6,97.9
20161210142103,0.0,0.0,0.0,0.0,1.0,0.0,0.6,98.4
20161210142133,0.0,0.0,0.0,0.0,3.1,0.0,8.8,88.2
20161210142203,0.0,0.0,0.0,0.0,4.9,0.0,5.0,90.1
20161210142233,0.0,0.0,0.0,0.0,4.9,0.0,6.3,88.8
20161210142303,0.0,0.0,0.0,0.0,1.1,0.0,7.5,91.5
20161210142333,0.0,0.0,0.0,0.0,6.7,0.0,31.3,62.0
20161210142403,0.0,0.0,0.0,0.0,1.5,0.0,19.1,79.5
20161210142433,0.0,0.0,0.0,0.0,2.2,0.0,28.4,69.5
20161210142503,0.0,0.0,0.0,0.0,0.4,0.0,15.8,83.8
20161210142533,0.0,0.0,0.0,0.0,0.1,0.0,19.7,80.2
20161210142603,0.0,0.0,0.0,0.0,0.3,0.0,76.1,23.6
20161210142633,0.0,0.0,0.0,0.0,0.3,0.0,24.9,74.8
20161210142703,0.0,0.0,0.0,0.0,0.2,0.0,37.2,62.7
20161210142733,0.0,0.0,0.0,0.0,0.1,0.0,41.5,58.4
20161210142803,0.0,0.0,0.0,0.0,1.1,0.0,56.0,42.9
20161210142833,0.0,0.0,0.0,0.0,0.1,0.0,76.2,23.7
20161210142903,0.0,0.0,0.0,0.0,0.3,0.0,64.3,35.5
20161210142933,0.0,0.0,0.0,0.0,0.4,0.0,50.7,49.0
20161210143003,0.0,0.0,0.0,0.0,2.1,0.0,79.9,18.0
20161210143033,0.0,0.0,0.0,0.0,3.3,0.0,39.8,56.9
20161210143103,0.0,0.0,0.0,0.0,0.3,0.0,2.7,97.0
20161210143133,0.0,0.0,0.0,0.0,0.6,0.0,4.0,95.4
20161210143203,0.0,0.0,0.0,0.0,0.2,0.0,0.4,99.5
20161210143233,0.0,0.0,0.0,0.0,0.2,0.0,0.2,99.5
20161210143303,0.0,0.0,0.0,0.0,0.1,0.0,0.0,99.9
20161210143333,0.0,0.0,0.0,0.0,0.0,0.0,0.0,100.0
20161210143403,0.0,0.0,0.0,0.0,0.0,0.0,0.0,99.9
20161210143433,0.0,0.0,0.0,0.0,0.0,0.0,0.0,100.0
20161210143503,0.0,0.0,0.0,0.0,0.0,0.0,0.0,100.0
20161210143533,0.0,0.0,0.0,0.0,0.0,0.0,0.7,99.3
20161210143603,0.0,0.0,0.0,0.0,0.0,0.0,0.5,99.5
20161210143633,0.0,0.0,0.0,0.0,0.1,0.0,0.3,99.6
20161210143703,0.0,0.0,0.0,0.0,0.0,0.0,0.6,99.4
20161210143733,0.0,0.0,0.0,0.0,0.0,0.0,0.9,99.1
20161210143803,0.0,0.0,0.0,0.0,0.1,0.0,0.5,99.4
20161210143833,0.0,0.0,0.0,0.0,0.0,0.0,0.4,99.6
20161210143903,0.0,0.0,0.0,0.0,0.0,0.0,4.6,95.3
20161210143933,0.0,0.0,0.0,0.0,0.0,0.0,1.5,98.4
20161210144003,0.0,0.0,0.0,0.0,0.0,0.0,5.7,94.3
20161210144033,0.0,0.0,0.0,0.0,0.1,0.0,13.5,86.4
20161210144103,0.0,0.0,0.0,0.0,0.0,0.0,3.2,96.8
20161210144133,0.0,0.0,0.0,0.0,0.0,0.0,2.4,97.6
20161210144203,0.0,0.0,0.0,0.0,0.0,0.0,7.0,93.0
20161210144233,0.0,0.0,0.0,0.0,0.1,0.0,23.2,76.8
20161210144303,0.0,0.0,0.0,0.0,0.0,0.0,6.5,93.5
20161210144333,0.0,0.0,0.0,0.0,0.0,0.0,4.2,95.8
20161210144403,0.0,0.0,0.0,0.0,0.0,0.0,1.5,98.4
20161210144433,0.0,0.0,0.0,0.0,0.0,0.0,10.3,89.7
20161210144503,0.0,0.0,0.0,0.0,0.1,0.0,1.0,99.0
20161210144533,0.0,0.0,0.0,0.0,0.0,0.0,21.8,78.1
20161210144603,0.0,0.0,0.0,0.0,0.1,0.0,5.8,94.2
20161210144633,0.0,0.0,0.0,0.0,0.1,0.0,2.8,97.1
20161210144703,0.0,0.0,0.0,0.0,0.0,0.0,0.9,99.1
20161210144733,0.0,0.0,0.0,0.0,0.1,0.0,1.5,98.4
20161210144804,0.0,0.0,0.0,0.0,0.5,0.0,2.1,97.4
20161210144834,0.0,0.0,0.0,0.0,0.6,0.0,1.7,97.6
20161210144904,0.0,0.0,0.0,0.0,0.4,0.0,2.1,97.5
20161210144934,0.0,0.0,0.0,0.0,0.4,0.0,6.1,93.5
20161210145004,0.0,0.0,0.0,0.0,0.8,0.0,9.9,89.3
20161210145034,0.0,0.0,0.0,0.0,0.5,0.0,7.6,91.9
20161210145104,0.0,0.0,0.0,0.0,0.6,0.0,12.0,87.4
20161210145134,0.0,0.0,0.0,0.0,1.0,0.0,7.1,91.8
20161210145204,0.0,0.0,0.0,0.0,2.2,0.0,19.4,78.4
20161210145234,0.0,0.0,0.0,0.0,0.2,0.0,2.4,97.3
20161210145304,0.0,0.0,0.0,0.0,1.0,0.0,3.4,95.6
20161210145334,0.0,0.0,0.0,0.0,14.4,0.0,11.7,73.9
20161210145404,0.0,0.0,0.0,0.0,8.3,0.0,52.6,39.1
20161210145434,0.0,0.0,0.0,0.0,18.9,0.0,48.0,33.0
20161210145504,0.0,0.0,0.0,0.0,2.5,0.0,91.7,5.8
20161210145534,0.0,0.0,0.0,0.0,1.3,0.0,94.8,3.9
20161210145604,0.0,0.0,0.0,0.0,1.6,0.0,93.5,4.9
20161210145634,0.0,0.0,0.0,0.0,0.5,0.0,99.3,0.2
20161210145704,0.0,0.0,0.0,0.0,0.7,0.0,98.8,0.5
20161210145734,0.0,0.0,0.0,0.0,0.1,0.0,99.7,0.2
20161210145804,0.0,0.0,0.0,0.0,0.4,0.0,99.6,0.1
20161210145834,0.0,0.0,0.0,0.0,0.1,0.0,99.7,0.2
20161210145904,0.0,0.0,0.0,0.0,0.0,0.0,99.9,0.1
20161210145934,0.0,0.0,0.0,0.0,0.0,0.0,99.9,0.1
20161210150004,0.0,0.0,0.0,0.0,0.0,0.0,99.9,0.1
20161210150034,0.0,0.0,0.0,0.0,0.0,0.0,100.0,0.0
20161210150104,0.0,0.0,0.0,0.0,0.0,0.0,100.0,0.0
20161210150134,0.0,0.0,0.0,0.0,0.0,0.0,100.0,0.0
20161210150204,0.0,0.0,0.0,0.0,0.0,0.0,100.0,0.0
20161210150234,0.0,0.0,0.0,0.0,0.0,0.0,100.0,0.0
20161210150304,0.0,0.0,0.0,0.0,0.0,0.0,100.0,0.0
20161210150334,0.0,0.0,0.0,0.0,0.0,0.0,100.0,0.0
20161210150404,0.0,0.0,0.0,0.0,0.0,0.0,100.0,0.0
20161210150434,0.0,0.0,0.0,0.0,0.0,0.0,100.0,0.0
20161210150504,0.0,0.0,0.0,0.0,0.0,0.0,100.0,0.0
20161210150534,0.0,0.0,0.0,0.0,0.0,0.0,100.0,0.0
20161210150604,0.0,0.0,0.0,0.0,0.0,0.0,100.0,0.0
20161210150634,0.0,0.0,0.0,0.0,0.0,0.0,99.6,0.4
20161210150704,0.0,0.0,0.0,0.0,0.0,0.0,95.3,4.7
20161210150734,0.0,0.0,0.0,0.0,0.0,0.0,65.0,35.0
20161210150804,0.0,0.0,0.0,0.0,0.0,0.0,40.5,59.4
20161210150834,0.0,0.0,0.0,0.0,0.0,0.0,42.9,57.1
20161210150904,0.0,0.0,0.0,0.0,0.0,0.0,5.5,94.4
20161210150934,0.0,0.0,0.0,0.0,0.0,0.0,42.3,57.6
20161210151004,0.0,0.0,0.0,0.0,0.0,0.0,43.2,56.8
20161210151034,0.0,0.0,0.0,0.0,0.0,0.0,1.3,98.7
20161210151104,0.0,0.0,0.0,0.0,0.0,0.0,15.5,84.5
20161210151134,0.0,0.0,0.0,0.0,0.0,0.0,15.2,84.8
20161210151204,0.0,0.0,0.0,0.0,0.0,0.0,0.5,99.5
20161210151234,0.0,0.0,0.0,0.0,0.0,0.0,2.3,97.7
20161210151304,0.0,0.0,0.0,0.0,0.0,0.0,0.3,99.7
20161210151334,0.0,0.0,0.0,0.0,0.0,0.0,1.1,98.9
20161210151404,0.0,0.0,0.0,0.0,0.0,0.0,1.3,98.7
20161210151434,0.0,0.0,0.0,0.0,0.0,0.0,0.2,99.8
20161210151504,0.0,0.0,0.0,0.0,0.0,0.0,10.1,89.9
20161210151534,0.0,0.0,0.0,0.0,0.0,0.0,15.1,84.9
20161210151604,0.0,0.0,0.0,0.0,0.0,0.0,98.0,2.0
20161210151634,0.0,0.0,0.0,0.0,0.5,0.0,99.3,0.2
20161210151704,0.0,0.0,0.0,0.0,0.5,0.0,99.4,0.1
20161210151734,0.0,0.0,0.0,0.0,0.1,0.0,99.5,0.4
20161210151804,0.0,0.0,0.0,0.0,0.0,0.0,97.1,2.9
20161210151834,0.0,0.0,0.0,0.0,0.0,0.0,51.8,48.2
20161210151904,0.0,0.0,0.0,0.0,0.0,0.0,78.1,21.9
20161210151934,0.0,0.0,0.0,0.0,0.0,0.0,29.9,70.0
20161210152004,0.0,0.0,0.0,0.0,0.0,0.0,0.3,99.7
20161210152034,0.0,0.0,0.0,0.0,0.0,0.0,0.2,99.8
20161210152104,0.0,0.0,0.0,0.0,0.0,0.0,0.5,99.5
20161210152134,0.0,0.0,0.0,0.0,0.0,0.0,2.2,97.8
20161210152204,0.0,0.0,0.0,0.0,0.1,0.0,83.4,16.6
20161210152235,0.0,0.0,0.0,0.0,0.0,0.0,98.6,1.3
20161210152305,0.0,0.0,0.0,0.0,0.1,0.0,54.5,45.4
20161210152335,0.0,0.0,0.0,0.0,0.2,0.0,23.3,76.5
20161210152405,0.0,0.0,0.0,0.0,0.0,0.0,50.0,50.0
20161210152435,0.0,0.0,0.0,0.0,0.1,0.0,9.4,90.5
20161210152505,0.0,0.0,0.0,0.0,0.0,0.0,1.7,98.2
20161210152535,0.0,0.0,0.0,0.0,0.0,0.0,6.2,93.8
20161210152605,0.0,0.0,0.0,0.0,0.0,0.0,5.2,94.8
20161210152635,0.0,0.0,0.0,0.0,0.0,0.0,5.1,94.9
20161210152705,0.0,0.0,0.0,0.0,0.0,0.0,9.0,91.0
20161210152735,0.0,0.0,0.0,0.0,0.0,0.0,1.4,98.6
20161210152805,0.0,0.0,0.0,0.0,0.0,0.0,37.7,62.3
20161210152835,0.0,0.0,0.0,0.0,0.0,0.0,72.0,28.0
20161210152905,0.0,0.0,0.0,0.0,0.0,0.0,92.3,7.7
20161210152935,0.0,0.0,0.0,0.0,0.0,0.0,86.8,13.2
20161210153005,0.0,0.0,0.0,0.0,0.0,0.0,74.4,25.6
20161210153035,0.0,0.0,0.0,0.0,0.0,0.0,72.1,27.8
20161210153105,0.0,0.0,0.0,0.0,0.0,0.0,95.6,4.4
20161210153135,0.0,0.0,0.0,0.0,0.0,0.0,49.9,50.1
20161210153205,0.0,0.0,0.0,0.0,0.0,0.0,16.0,84.0
20161210153235,0.0,0.0,0.0,0.0,0.6,0.0,78.4,21.0
20161210153305,0.0,0.0,0.0,0.0,0.1,0.0,98.0,1.9
20161210153335,0.0,0.0,0.0,0.0,0.2,0.0,95.6,4.3
20161210153405,0.0,0.0,0.0,0.0,0.0,0.0,85.6,14.4
20161210153435,0.0,0.0,0.0,0.0,0.0,0.0,69.1,30.9
20161210153505,0.0,0.0,0.0,0.0,0.0,0.0,14.4,85.5
20161210153535,0.0,0.0,0.0,0.0,0.0,0.0,94.4,5.6
20161210153605,0.0,0.0,0.0,0.0,0.3,0.0,97.9,1.8
20161210153635,0.0,0.0,0.0,0.0,0.4,0.0,99.1,0.5
20161210153705,0.0,0.0,0.0,0.0,0.1,0.0,99.9,0.0
20161210153735,0.0,0.0,0.0,0.0,0.0,0.0,99.8,0.2
20161210153805,0.0,0.0,0.0,0.0,0.0,0.0,100.0,0.0
20161210153835,0.0,0.0,0.0,0.0,0.0,0.0,99.7,0.3
20161210153905,0.0,0.0,0.0,0.0,0.0,0.0,52.2,47.8
20161210153935,0.0,0.0,0.0,0.0,0.0,0.0,35.5,64.5
20161210154005,0.0,0.0,0.0,0.0,0.0,0.0,8.6,91.4
20161210154035,0.0,0.0,0.0,0.0,0.0,0.0,2.2,97.8
20161210154105,0.0,0.0,0.0,0.0,0.0,0.0,0.4,99.6
20161210154135,0.0,0.0,0.0,0.0,0.0,0.0,3.2,96.8
20161210154205,0.0,0.0,0.0,0.0,0.0,0.0,0.6,99.4
20161210154235,0.0,0.0,0.0,0.0,0.0,0.0,69.2,30.8
20161210154305,0.0,0.0,0.0,0.0,0.0,0.0,1.0,99.0
20161210154335,0.0,0.0,0.0,0.0,0.0,0.0,0.3,99.7
20161210154405,0.0,0.0,0.0,0.0,0.0,0.0,1.0,99.0
20161210154435,0.0,0.0,0.0,0.0,0.0,0.0,2.8,97.2
20161210154505,0.0,0.0,0.0,0.0,0.0,0.0,0.9,99.1
20161210154535,0.0,0.0,0.0,0.0,0.0,0.0,0.1,99.9
20161210154605,0.0,0.0,0.0,0.0,0.0,0.0,3.8,96.2
20161210154635,0.0,0.0,0.0,0.0,0.0,0.0,2.8,97.2
20161210154705,0.0,0.0,0.0,0.0,0.0,0.0,7.0,93.0
20161210154735,0.0,0.0,0.0,0.0,0.0,0.0,0.3,99.7
20161210154805,0.0,0.0,0.0,0.0,0.0,0.0,1.2,98.8
20161210154835,0.0,0.0,0.0,0.0,0.0,0.0,0.6,99.4
20161210154905,0.0,0.0,0.0,0.0,0.0,0.0,0.4,99.6
20161210154935,0.0,0.0,0.0,0.0,0.0,0.0,1.0,99.0
20161210155006,0.0,0.0,0.0,0.0,0.1,0.0,1.1,98.8
20161210155036,0.0,0.0,0.0,0.0,0.0,0.0,0.2,99.8
20161210155106,0.0,0.0,0.0,0.0,0.9,0.0,0.2,98.9
20161210155136,0.0,0.0,0.0,0.0,0.0,0.0,0.0,100.0
20161210155206,0.0,0.0,0.0,0.0,0.0,0.0,0.0,100.0
20161210155236,0.0,0.0,0.0,0.0,0.0,0.0,0.0,100.0
20161210155306,0.0,0.0,0.0,0.0,0.0,0.0,0.1,99.9
20161210155336,0.0,0.0,0.0,0.0,0.0,0.0,0.1,99.9
20161210155406,0.0,0.0,0.0,0.0,0.0,0.0,0.2,99.8
20161210155436,0.0,0.0,0.0,0.0,0.0,0.0,0.7,99.3
20161210155506,0.0,0.0,0.0,0.0,0.0,0.0,0.1,99.9
20161210155536,0.0,0.0,0.0,0.0,0.0,0.0,2.4,97.6
20161210155606,0.0,0.0,0.0,0.0,0.1,0.0,7.8,92.1
20161210155636,0.0,0.0,0.0,0.0,0.2,0.0,3.4,96.4
20161210155706,0.0,0.0,0.0,0.0,0.1,0.0,10.8,89.0
20161210155736,0.0,0.0,0.0,0.0,0.0,0.0,18.5,81.5
20161210155806,0.0,0.0,0.0,0.0,0.1,0.0,29.6,70.4
20161210155836,0.0,0.0,0.0,0.0,0.1,0.0,84.1,15.8
20161210155906,0.0,0.0,0.0,0.0,0.0,0.0,96.6,3.4
20161210155936,0.0,0.0,0.0,0.0,0.0,0.0,99.7,0.3
20161210160006,0.0,0.0,0.0,0.0,0.0,0.0,100.0,0.0
20161210160036,0.0,0.0,0.0,0.0,0.0,0.0,100.0,0.0
20161210160106,0.0,0.0,0.0,0.1,0.0,0.0,99.9,0.0
20161210160136,0.0,0.0,0.0,0.0,0.0,0.0,100.0,0.0
20161210160206,0.0,0.0,0.0,0.0,0.0,0.0,100.0,0.0
20161210160236,0.0,0.0,0.0,0.0,0.0,0.0,100.0,0.0
20161210160306,0.0,0.0,0.0,0.0,0.0,0.0,100.0,0.0
20161210160336,0.0,0.0,0.0,0.0,0.0,0.0,100.0,0.0
20161210160406,0.0,0.0,0.0,0.0,0.0,0.0,100.0,0.0
20161210160436,0.0,0.0,0.0,0.0,0.0,0.0,100.0,0.0
20161210160506,0.0,0.0,0.0,0.0,0.0,0.0,100.0,0.0
20161210160536,0.0,0.0,0.0,0.0,0.0,0.0,99.4,0.6
20161210160606,0.0,0.0,0.0,0.0,0.0,0.0,89.2,10.7
20161210160636,0.0,0.0,0.0,0.1,0.0,0.0,93.5,6.4
20161210160706,0.0,0.0,0.0,0.0,0.0,0.0,95.1,4.8
20161210160736,0.0,0.0,0.0,0.0,0.0,0.0,97.3,2.6
20161210160806,0.0,0.0,0.0,0.0,0.0,0.0,98.1,1.9
20161210160836,0.0,0.0,0.0,0.0,0.0,0.0,95.6,4.4
20161210160906,0.0,0.0,0.0,0.0,0.0,0.0,93.9,6.1
20161210160936,0.0,0.0,0.0,0.0,0.0,0.0,65.7,34.3
20161210161006,0.0,0.0,0.0,0.0,0.0,0.0,30.1,69.9
20161210161036,0.0,0.0,0.0,0.0,0.0,0.0,75.6,24.4
20161210161106,0.0,0.0,0.0,0.0,0.0,0.0,73.4,26.6
20161210161136,0.0,0.0,0.0,0.0,0.0,0.0,7.9,92.1
20161210161206,0.0,0.0,0.0,0.0,0.0,0.0,1.1,98.9
20161210161236,0.0,0.0,0.0,0.0,0.0,0.0,1.5,98.5
20161210161306,0.0,0.0,0.0,0.0,0.0,0.0,4.5,95.5
20161210161336,0.0,0.0,0.0,0.0,0.0,0.0,1.7,98.3
20161210161406,0.0,0.0,0.0,0.0,0.0,0.0,24.5,75.4
20161210161436,0.0,0.0,0.0,0.0,0.0,0.0,14.0,86.0
20161210161506,0.0,0.0,0.0,0.0,0.0,0.0,19.3,80.7
20161210161536,0.0,0.0,0.0,0.0,0.0,0.0,6.3,93.6
20161210161606,0.0,0.0,0.0,0.0,0.0,0.0,62.6,37.4
20161210161636,0.0,0.0,0.0,0.0,0.0,0.0,0.9,99.1
20161210161706,0.0,0.0,0.0,0.0,0.0,0.0,1.4,98.6
20161210161736,0.0,0.0,0.0,0.0,0.0,0.0,0.9,99.1
20161210161806,0.0,0.0,0.0,0.0,0.0,0.0,5.9,94.1
20161210161836,0.0,0.0,0.0,0.0,0.0,0.0,5.6,94.4
20161210161906,0.0,0.0,0.0,0.0,0.0,0.0,37.3,62.7
20161210161936,0.0,0.0,0.0,0.0,0.0,0.0,16.1,83.8
20161210162006,0.0,0.0,0.0,0.0,0.0,0.0,24.2,75.7
20161210162036,0.0,0.0,0.0,0.0,0.0,0.0,0.8,99.2
20161210162106,0.0,0.0,0.0,0.0,0.0,0.0,0.8,99.2
20161210162136,0.0,0.0,0.0,0.0,0.0,0.0,0.0,100.0
20161210162206,0.0,0.0,0.0,0.0,0.0,0.0,0.0,100.0
20161210162236,0.0,0.0,0.0,0.0,0.0,0.0,0.2,99.8
20161210162306,0.0,0.0,0.0,0.0,0.0,0.0,0.0,100.0
20161210162336,0.0,0.0,0.0,0.0,0.0,0.0,0.0,100.0
20161210162407,0.0,0.0,0.0,0.0,0.0,0.0,0.0,100.0
20161210162437,0.0,0.0,0.0,0.0,0.0,0.0,0.0,100.0
20161210162507,0.0,0.0,0.0,0.0,0.0,0.0,0.0,100.0
20161210162537,0.0,0.0,0.0,0.0,1.7,0.0,84.5,13.7
20161210162607,0.0,0.0,0.0,0.0,0.4,0.0,98.4,1.2
20161210162637,0.0,0.0,0.0,0.0,0.5,0.0,98.3,1.1
20161210162707,0.0,0.0,0.0,0.0,2.7,0.0,97.2,0.1
20161210162737,0.0,0.0,0.0,0.0,16.0,0.1,83.8,0.1
20161210162807,0.0,0.0,0.0,0.0,21.9,0.0,78.0,0.1
20161210162837,0.0,0.0,0.0,0.0,2.0,0.0,98.0,0.0
20161210162907,0.0,0.0,0.0,0.0,13.1,0.1,86.8,0.0
20161210162937,0.0,0.0,0.0,0.0,9.6,0.0,90.3,0.0
20161210163007,0.0,0.0,0.0,0.0,51.9,0.3,47.7,0.1
20161210163037,0.0,0.0,0.0,0.0,4.5,0.3,95.2,0.1
20161210163107,0.0,0.0,0.0,0.0,8.5,0.8,90.3,0.4
20161210163137,0.0,0.0,0.0,0.0,31.0,0.9,67.3,0.8
20161210163207,0.0,0.0,0.0,0.0,31.9,0.3,67.6,0.2
20161210163237,0.0,0.0,0.0,0.0,28.0,0.2,71.1,0.7
20161210163307,0.0,0.0,0.0,0.0,39.5,2.3,56.3,1.9
20161210163337,0.0,0.0,0.0,0.0,3.6,0.5,89.7,6.3
20161210163407,0.0,0.0,0.0,0.0,4.4,0.1,93.5,1.9
20161210163437,0.0,0.0,0.0,0.0,11.0,0.1,79.7,9.2
20161210163507,0.0,0.0,0.0,0.0,2.2,0.0,87.4,10.4
20161210163537,0.0,0.0,0.0,0.0,1.6,0.2,83.2,15.1
20161210163607,0.0,0.0,0.0,0.0,0.2,0.0,95.5,4.2
20161210163637,0.0,0.0,0.0,0.0,2.3,0.0,95.2,2.5
20161210163707,0.0,0.0,0.0,0.0,0.1,0.0,98.0,1.9
20161210163737,0.0,0.0,0.0,0.0,0.0,0.0,97.8,2.2
20161210163807,0.0,0.0,0.0,0.0,0.0,0.0,99.8,0.1
20161210163837,0.0,0.0,0.0,0.0,0.0,0.1,99.6,0.3
20161210163907,0.0,0.0,0.0,0.0,0.5,0.2,98.5,0.8
20161210163937,0.0,0.0,0.0,0.0,0.5,0.1,97.7,1.7
20161210164007,0.0,0.0,0.0,0.0,0.0,0.0,99.7,0.3
20161210164037,0.0,0.0,0.0,0.0,0.4,0.1,98.5,1.0
20161210164107,0.0,0.0,0.0,0.0,0.3,0.5,96.1,3.1
20161210164137,0.0,0.0,0.0,0.0,0.0,0.1,87.3,12.5
20161210164207,0.0,0.0,0.0,0.0,0.4,0.2,89.8,9.7
20161210164237,0.0,0.0,0.0,0.0,1.5,0.2,97.2,1.1
20161210164307,0.0,0.0,0.0,0.0,0.6,0.0,97.3,2.1
20161210164337,0.0,0.0,0.0,0.0,0.6,0.0,95.5,3.9
20161210164407,0.0,0.0,0.0,0.0,0.5,0.1,95.1,4.2
20161210164437,0.0,0.0,0.0,0.0,1.3,0.1,92.8,5.8
20161210164507,0.0,0.0,0.0,0.0,0.0,0.0,89.5,10.4
20161210164537,0.0,0.0,0.0,0.0,0.0,0.0,96.9,3.0
20161210164607,0.0,0.0,0.0,0.0,0.1,0.0,99.8,0.1
20161210164637,0.0,0.0,0.0,0.0,0.3,0.0,93.7,6.0
20161210164707,0.0,0.0,0.0,0.0,0.1,0.0,99.6,0.3
20161210164737,0.0,0.0,0.0,0.0,0.0,0.0,99.9,0.1
20161210164807,0.0,0.0,0.0,0.0,0.5,0.0,99.3,0.2
20161210164837,0.0,0.0,0.0,0.0,0.3,0.0,99.7,0.1
20161210164907,0.0,0.0,0.0,0.0,0.5,0.0,99.5,0.0
20161210164937,0.0,0.0,0.0,0.0,0.8,0.0,99.1,0.0
20161210165007,0.0,0.0,0.0,0.0,2.3,0.0,97.6,0.0
20161210165037,0.0,0.0,0.0,0.0,0.5,0.0,99.4,0.0
20161210165107,0.0,0.0,0.0,0.0,1.8,0.0,98.2,0.0
20161210165137,0.0,0.0,0.0,0.0,1.5,0.0,98.4,0.0
20161210165207,0.0,0.0,0.0,0.0,0.7,0.0,99.3,0.0
20161210165237,0.0,0.0,0.0,0.0,1.3,0.0,98.7,0.1
20161210165307,0.0,0.0,0.0,0.0,1.0,0.0,99.0,0.0
20161210165337,0.0,0.0,0.0,0.0,7.1,0.0,92.8,0.1
20161210165407,0.0,0.0,0.0,0.0,5.3,0.0,94.7,0.0
20161210165437,0.0,0.0,0.0,0.0,0.5,0.0,98.3,1.2
20161210165507,0.0,0.0,0.0,0.0,0.8,0.0,99.0,0.3
20161210165537,0.0,0.0,0.0,0.0,0.5,0.0,98.0,1.5
20161210165607,0.0,0.0,0.0,0.0,0.4,0.0,98.3,1.4
20161210165637,0.0,0.0,0.0,0.0,3.3,0.4,84.3,12.1
20161210165707,0.0,0.0,0.0,0.0,0.2,0.1,97.5,2.2
20161210165737,0.0,0.0,0.0,0.0,0.3,0.4,86.6,12.7
20161210165807,0.0,0.0,0.0,0.0,0.0,0.1,96.9,2.9
20161210165838,0.0,0.0,0.0,0.0,0.1,0.1,98.7,1.1
20161210165908,0.0,0.0,0.0,0.0,0.7,1.8,66.5,31.0
20161210165938,0.0,0.0,0.0,0.0,0.2,0.5,96.8,2.5
20161210170008,0.0,0.0,0.0,0.0,2.1,0.5,69.9,27.5
20161210170038,0.0,0.0,0.0,0.0,4.4,2.2,24.1,69.3
20161210170108,0.0,0.0,0.0,0.0,0.2,0.2,72.6,27.1
20161210170138,0.0,0.0,0.0,0.0,17.8,0.4,70.8,11.0
20161210170208,0.0,0.0,0.0,0.0,39.7,0.5,57.2,2.7
20161210170238,0.0,0.0,0.0,0.0,30.0,0.4,68.8,0.7
20161210170308,0.0,0.0,0.0,0.0,85.0,0.5,14.0,0.6
20161210170338,0.0,0.0,0.0,0.0,77.7,0.3,20.2,1.8
20161210170408,0.0,0.0,0.0,0.0,19.3,0.0,80.7,0.0
20161210170438,0.0,0.0,0.0,0.0,3.2,0.0,96.3,0.4
20161210170508,0.0,0.0,0.0,0.0,9.4,0.0,90.5,0.0
20161210170538,0.0,0.0,0.0,0.0,1.2,0.0,98.8,0.0
20161210170608,0.0,0.0,0.0,0.0,0.6,0.0,99.4,0.0
20161210170638,0.0,0.0,0.0,0.0,0.3,0.0,99.7,0.0
20161210170708,0.0,0.0,0.0,0.0,0.1,0.0,99.9,0.0
20161210170738,0.0,0.0,0.0,0.0,2.0,0.0,98.0,0.1
20161210170808,0.0,0.0,0.0,0.0,0.9,0.0,99.0,0.1
20161210170838,0.0,0.0,0.0,0.0,0.2,0.0,99.6,0.1
20161210170908,0.0,0.0,0.0,0.1,0.1,0.0,99.8,0.0
20161210170938,0.0,0.0,0.0,0.0,0.0,0.0,99.9,0.0
20161210171008,0.0,0.0,0.0,0.0,0.0,0.0,99.9,0.0
20161210171038,0.0,0.0,0.0,0.0,0.0,0.0,99.9,0.0
20161210171108,0.0,0.0,0.0,0.0,0.0,0.0,100.0,0.0
20161210171138,0.0,0.0,0.0,0.0,0.0,0.0,100.0,0.0
20161210171208,0.0,0.0,0.0,0.0,0.0,0.0,100.0,0.0
20161210171238,0.0,0.0,0.0,0.0,0.0,0.0,100.0,0.0
20161210171308,0.0,0.0,0.0,0.0,0.0,0.0,100.0,0.0
20161210171338,0.0,0.0,0.0,0.0,0.0,0.0,100.0,0.0
20161210171408,0.0,0.0,0.0,0.0,0.0,0.0,100.0,0.0
20161210171438,0.0,0.0,0.0,0.0,0.0,0.0,100.0,0.0
20161210171508,0.0,0.0,0.0,0.0,0.0,0.0,100.0,0.0
20161210171538,0.0,0.0,0.0,0.0,0.0,0.0,100.0,0.0
20161210171608,0.0,0.0,0.0,0.0,0.0,0.0,100.0,0.0
20161210171638,0.0,0.0,0.0,0.0,0.0,0.0,100.0,0.0
20161210171708,0.0,0.0,0.0,0.0,0.0,0.0,100.0,0.0
20161210171738,0.0,0.0,0.0,0.0,0.0,0.0,100.0,0.0
20161210171808,0.0,0.0,0.0,0.0,0.0,0.0,100.0,0.0
20161210171838,0.0,0.0,0.0,0.0,0.0,0.0,100.0,0.0
20161210171908,0.0,0.0,0.0,0.0,0.0,0.0,100.0,0.0
20161210171938,0.0,0.0,0.0,0.0,0.0,0.0,100.0,0.0
20161210172008,0.0,0.0,0.0,0.0,0.0,0.0,100.0,0.0
20161210172038,0.0,0.0,0.0,0.0,0.0,0.0,100.0,0.0
20161210172108,0.0,0.0,0.0,0.0,0.0,0.0,100.0,0.0
20161210172138,0.0,0.0,0.0,0.0,0.0,0.0,100.0,0.0
20161210172208,0.0,0.0,0.0,0.0,0.0,0.0,99.9,0.1
20161210172238,0.0,0.0,0.0,0.0,0.0,0.0,94.6,5.4
20161210172308,0.0,0.0,0.0,0.0,0.0,0.0,58.9,41.1
20161210172338,0.0,0.0,0.0,0.0,0.0,0.0,38.6,61.4
20161210172408,0.0,0.0,0.0,0.0,0.0,0.0,22.3,77.7
20161210172438,0.0,0.0,0.0,0.0,0.0,0.0,21.0,79.0
20161210172508,0.0,0.0,0.0,0.0,0.0,0.0,5.1,94.9
20161210172538,0.0,0.0,0.0,0.0,0.0,0.0,0.3,99.7
20161210172609,0.0,0.0,0.0,0.0,0.0,0.0,0.3,99.7
20161210172639,0.0,0.0,0.0,0.0,0.0,0.0,0.2,99.8
20161210172709,0.0,0.0,0.0,0.0,0.0,0.0,0.2,99.8
20161210172739,0.0,0.0,0.0,0.0,0.0,0.0,0.2,99.8
20161210172809,0.0,0.0,0.0,0.0,0.0,0.0,0.0,100.0
20161210172839,0.0,0.0,0.0,0.0,0.0,0.0,0.1,99.9
20161210172909,0.0,0.0,0.0,0.0,0.0,0.0,0.1,99.9
20161210172939,0.0,0.0,0.0,0.0,0.0,0.0,0.1,99.9
20161210173009,0.0,0.0,0.0,0.0,0.1,0.0,0.4,99.5
20161210173039,0.0,0.0,0.0,0.2,2.5,0.0,0.2,97.1
20161210173109,0.0,0.0,0.0,2.5,8.6,0.0,16.7,72.2
20161210173139,0.0,0.0,0.0,3.1,39.7,0.0,35.9,21.3
20161210173209,0.0,0.3,0.0,20.8,26.4,0.0,47.6,4.9
20161210173239,0.0,0.3,0.0,7.7,66.9,0.0,24.0,1.0
20161210173309,0.0,0.1,0.0,13.9,62.4,0.0,21.0,2.6
20161210173339,0.0,0.0,0.0,4.2,32.5,0.0,62.6,0.7
20161210173409,0.0,0.0,0.0,1.8,59.3,0.0,38.8,0.1
20161210173439,0.0,0.0,0.0,0.9,91.8,0.0,7.2,0.0
20161210173509,0.0,0.0,0.0,0.6,86.2,0.0,13.2,0.0
20161210173539,0.0,0.0,0.0,0.1,98.4,0.0,1.5,0.0
20161210173609,0.0,0.0,0.0,0.0,99.6,0.0,0.3,0.0
20161210173639,0.0,0.0,0.0,0.1,99.7,0.0,0.2,0.0
20161210173709,0.0,0.0,0.0,0.2,98.8,0.0,1.1,0.0
20161210173739,0.0,0.0,0.0,0.0,99.6,0.0,0.3,0.0
20161210173809,0.0,0.0,0.0,0.1,99.7,0.0,0.2,0.0
20161210173839,0.0,0.0,0.0,0.0,97.6,0.0,2.3,0.0
20161210173909,0.0,0.0,0.0,0.0,99.3,0.0,0.7,0.0
20161210173939,0.0,0.0,0.0,0.0,99.7,0.0,0.2,0.0
20161210174009,0.0,0.0,0.0,0.0,100.0,0.0,0.0,0.0
20161210174039,0.0,0.0,0.0,0.0,100.0,0.0,0.0,0.0
20161210174109,0.0,0.0,0.0,0.0,100.0,0.0,0.0,0.0
20161210174139,0.0,0.0,0.0,0.0,100.0,0.0,0.0,0.0
20161210174209,0.0,0.0,0.0,0.0,99.8,0.0,0.2,0.0
20161210174239,0.0,0.0,0.0,0.0,98.9,0.0,1.1,0.0
20161210174309,0.0,0.0,0.0,0.0,96.3,0.0,3.7,0.0
20161210174339,0.0,0.0,0.0,0.0,81.1,0.0,18.9,0.0
20161210174409,0.0,0.0,0.0,0.0,5.9,0.0,94.1,0.0
20161210174439,0.0,0.0,0.0,0.0,2.7,0.0,97.3,0.0
20161210174509,0.0,0.0,0.0,0.0,18.5,0.0,81.4,0.0
20161210174539,0.0,0.0,0.0,0.0,7.8,0.0,92.2,0.0
20161210174609,0.0,0.0,0.0,0.0,27.4,0.1,72.5,0.0
20161210174639,0.0,0.0,0.0,0.0,1.0,0.0,99.0,0.0
20161210174709,0.0,0.0,0.0,0.0,0.4,0.3,81.8,17.5
20161210174739,0.0,0.0,0.0,0.0,1.9,0.2,96.5,1.4
20161210174809,0.0,0.0,0.0,0.0,0.1,0.4,97.9,1.5
20161210174839,0.0,0.0,0.0,0.0,4.0,0.0,11.5,84.4
20161210174909,0.0,0.0,0.0,0.0,3.2,0.3,10.6,85.8
20161210174939,0.0,0.0,0.0,0.0,0.2,0.6,59.4,39.9
20161210175009,0.0,0.0,0.0,0.0,0.1,0.9,97.6,1.4
20161210175039,0.0,0.0,0.0,0.0,1.0,0.2,96.3,2.6
20161210175109,0.0,0.0,0.0,0.0,14.3,0.1,77.2,8.4
20161210175139,0.0,0.0,0.0,0.0,54.1,0.1,22.3,23.6
20161210175209,0.0,0.0,0.0,0.0,82.9,0.0,0.2,16.9
20161210175239,0.0,0.0,0.0,0.0,54.8,0.0,0.2,45.0
20161210175309,0.0,0.0,0.0,0.0,91.5,0.0,4.0,4.5
20161210175339,0.0,0.0,0.0,0.0,52.9,0.0,46.8,0.2
20161210175409,0.0,0.0,0.0,0.0,35.3,0.1,44.1,20.6
20161210175439,0.0,0.0,0.0,0.0,81.4,0.0,17.1,1.5
20161210175509,0.0,0.0,0.0,0.0,17.3,0.0,81.0,1.7
20161210175539,0.0,0.0,0.0,0.0,11.8,0.2,87.9,0.1
20161210175609,0.0,0.0,0.0,0.0,15.3,0.3,84.3,0.0
20161210175639,0.0,0.0,0.0,0.0,14.9,0.0,85.0,0.0
20161210175709,0.0,0.0,0.0,0.0,15.9,0.0,84.0,0.0
20161210175739,0.0,0.0,0.0,0.0,7.7,0.0,92.3,0.0
20161210175809,0.0,0.0,0.0,0.0,22.0,0.0,78.0,0.0
20161210175839,0.0,0.0,0.0,0.0,0.3,0.0,99.7,0.0
20161210175909,0.0,0.0,0.0,0.0,0.1,0.0,99.9,0.0
20161210175940,0.0,0.0,0.0,0.0,0.1,0.0,99.9,0.0
20161210180010,0.0,0.0,0.0,0.0,0.1,0.0,99.9,0.0
20161210180040,0.0,0.0,0.0,0.0,0.3,0.0,99.7,0.0
20161210180110,0.0,0.0,0.0,0.0,0.1,0.0,99.9,0.0
20161210180140,0.0,0.0,0.0,0.0,0.1,0.1,99.8,0.0
20161210180210,0.0,0.0,0.0,0.0,0.0,0.4,99.6,0.0
20161210180240,0.0,0.0,0.0,0.0,0.1,1.3,98.6,0.0
20161210180310,0.0,0.0,0.0,0.0,0.1,4.5,95.4,0.0
20161210180340,0.0,0.0,0.0,0.0,0.0,0.3,99.7,0.0
20161210180410,0.0,0.0,0.0,0.0,0.1,0.3,99.7,0.0
20161210180440,0.0,0.0,0.0,0.0,0.1,1.2,98.7,0.0
20161210180510,0.0,0.0,0.0,0.0,0.1,1.4,98.5,0.0
20161210180540,0.0,0.0,0.0,0.0,0.2,11.6,88.2,0.0
20161210180610,0.0,0.0,0.0,0.0,0.4,4.2,95.3,0.0
20161210180640,0.0,0.0,0.0,0.0,0.1,0.7,99.3,0.0
20161210180710,0.0,0.0,0.0,0.0,0.0,0.3,99.7,0.0
20161210180740,0.0,0.0,0.0,0.0,0.3,7.0,92.7,0.0
20161210180810,0.0,0.0,0.0,0.0,0.2,3.2,96.6,0.0
20161210180840,0.0,0.0,0.0,0.0,0.4,9.1,90.4,0.1
20161210180910,0.0,0.0,0.0,0.0,0.4,30.2,69.4,0.0
20161210180940,0.0,0.0,0.0,0.0,0.1,0.9,99.0,0.0
20161210181010,0.0,0.0,0.0,0.0,0.0,7.6,92.3,0.1
20161210181040,0.0,0.0,0.0,0.0,0.0,2.3,97.6,0.0
20161210181110,0.0,0.0,0.0,0.0,0.0,3.6,96.4,0.0
20161210181140,0.0,0.0,0.0,0.0,0.1,1.1,98.7,0.0
20161210181210,0.0,0.0,0.0,0.0,0.0,0.5,99.5,0.0
20161210181240,0.0,0.0,0.0,0.0,0.0,1.9,98.0,0.1
20161210181310,0.0,0.0,0.0,0.0,0.0,0.2,99.5,0.3
20161210181340,0.0,0.0,0.0,0.0,0.0,0.4,99.4,0.2
20161210181410,0.0,0.0,0.0,0.0,0.0,0.9,98.9,0.1
20161210181440,0.0,0.0,0.0,0.0,0.0,0.1,99.5,0.5
20161210181510,0.0,0.0,0.0,0.0,0.1,1.6,97.7,0.6
20161210181540,0.0,0.0,0.0,0.0,0.0,0.1,99.3,0.6
20161210181610,0.0,0.0,0.0,0.0,0.0,0.5,98.9,0.6
20161210181640,0.0,0.0,0.0,0.0,0.0,0.1,98.6,1.3
20161210181710,0.0,0.0,0.0,0.0,0.0,0.2,99.7,0.1
20161210181740,0.0,0.0,0.0,0.0,0.0,0.1,99.6,0.3
20161210181810,0.0,0.0,0.0,0.0,0.0,0.0,99.8,0.2
20161210181840,0.0,0.0,0.0,0.0,0.0,0.0,99.8,0.1
20161210181910,0.0,0.0,0.0,0.0,0.2,0.0,99.6,0.2
20161210181940,0.0,0.0,0.0,0.0,0.0,0.0,99.7,0.2
20161210182010,0.0,0.0,0.0,0.0,0.2,0.4,99.2,0.2
20161210182040,0.0,0.0,0.0,0.0,0.2,0.2,99.6,0.1
20161210182110,0.0,0.0,0.0,0.0,0.0,0.4,99.5,0.1
20161210182140,0.0,0.0,0.0,0.0,0.4,0.2,99.4,0.0
20161210182210,0.0,0.0,0.0,0.0,0.2,0.0,99.8,0.0
20161210182240,0.0,0.0,0.0,0.0,0.2,0.0,99.8,0.0
20161210182310,0.0,0.0,0.0,0.0,0.0,0.0,100.0,0.0
20161210182340,0.0,0.0,0.0,0.0,0.1,0.0,99.9,0.0
20161210182410,0.0,0.0,0.0,0.0,0.7,0.0,99.3,0.0
20161210182440,0.0,0.0,0.0,0.0,0.5,0.0,99.5,0.0
20161210182510,0.0,0.0,0.0,0.0,0.1,0.0,99.9,0.0
20161210182540,0.0,0.0,0.0,0.0,0.2,0.0,99.8,0.0
20161210182610,0.0,0.0,0.0,0.0,0.2,0.0,99.8,0.0
20161210182640,0.0,0.0,0.0,0.0,0.3,0.0,99.7,0.0
20161210182710,0.0,0.0,0.0,0.0,0.0,0.0,100.0,0.0
20161210182740,0.0,0.0,0.0,0.0,0.0,0.0,100.0,0.0
20161210182810,0.0,0.0,0.0,0.0,0.0,0.0,100.0,0.0
20161210182840,0.0,0.0,0.0,0.0,0.0,0.0,100.0,0.0
20161210182910,0.0,0.0,0.0,0.0,0.0,0.0,100.0,0.0
20161210182940,0.0,0.0,0.0,0.0,0.0,0.0,100.0,0.0
20161210183010,0.0,0.0,0.0,0.0,0.0,0.0,100.0,0.0
20161210183040,0.0,0.0,0.0,0.0,0.0,0.0,100.0,0.0
20161210183110,0.0,0.0,0.0,0.0,0.0,0.0,100.0,0.0
20161210183140,0.0,0.0,0.0,0.0,0.0,0.0,100.0,0.0
20161210183210,0.0,0.0,0.0,0.0,0.0,0.0,100.0,0.0
20161210183240,0.0,0.0,0.0,0.0,0.0,0.0,100.0,0.0
20161210183310,0.0,0.0,0.0,0.0,0.0,0.0,100.0,0.0
20161210183340,0.0,0.0,0.0,0.0,0.0,0.0,100.0,0.0
20161210183411,0.0,0.0,0.0,0.0,0.0,0.0,100.0,0.0
20161210183441,0.0,0.0,0.0,0.0,0.0,0.0,100.0,0.0
20161210183511,0.0,0.0,0.0,0.0,0.0,0.0,100.0,0.0
20161210183541,0.0,0.0,0.0,0.0,0.0,0.0,100.0,0.0
20161210183611,0.0,0.0,0.0,0.0,0.0,0.0,100.0,0.0
20161210183641,0.0,0.0,0.0,0.0,0.0,0.0,100.0,0.0
20161210183711,0.0,0.0,0.0,0.0,0.0,0.0,100.0,0.0
20161210183741,0.0,0.0,0.0,0.0,0.0,0.0,100.0,0.0
20161210183811,0.0,0.0,0.0,0.0,0.0,0.0,99.9,0.1
20161210183841,0.0,0.0,0.0,0.0,0.0,0.0,100.0,0.0
20161210183911,0.0,0.0,0.0,0.0,0.0,0.0,99.9,0.1
20161210183941,0.0,0.0,0.0,0.0,0.0,0.0,100.0,0.0
20161210184011,0.0,0.0,0.0,0.0,0.0,0.0,99.9,0.1
20161210184041,0.0,0.0,0.0,0.0,0.0,0.0,96.7,3.3
20161210184111,0.0,0.0,0.0,0.0,0.0,0.0,71.8,28.2
20161210184141,0.0,0.0,0.0,0.0,0.0,0.0,10.5,89.5
20161210184211,0.0,0.0,0.0,0.0,0.0,0.0,6.7,93.3
20161210184241,0.0,0.0,0.0,0.0,0.0,0.0,12.1,87.9
20161210184311,0.0,0.0,0.0,0.0,0.0,0.0,18.2,81.8
20161210184341,0.0,0.0,0.0,0.0,0.0,0.0,2.5,97.4
20161210184411,0.0,0.0,0.0,0.0,0.0,0.0,5.2,94.8
20161210184441,0.0,0.0,0.0,0.0,0.0,0.0,9.7,90.2
20161210184511,0.0,0.0,0.0,0.0,0.0,0.0,2.4,97.6
20161210184541,0.0,0.0,0.0,0.0,0.0,0.0,1.0,99.0
20161210184611,0.0,0.0,0.0,0.0,0.0,0.0,1.8,98.2
20161210184641,0.0,0.0,0.0,0.0,0.0,0.0,2.4,97.5
20161210184711,0.0,0.0,0.0,0.0,0.0,0.0,2.8,97.1
20161210184741,0.0,0.0,0.0,0.0,0.0,0.0,0.6,99.4
20161210184811,0.0,0.0,0.0,0.0,0.0,0.0,0.2,99.8
20161210184841,0.0,0.0,0.0,0.0,0.0,0.0,0.2,99.7
20161210184911,0.0,0.0,0.0,0.0,0.2,0.0,2.5,97.3
20161210184941,0.0,0.0,0.0,0.0,0.1,0.0,7.1,92.8
20161210185011,0.0,0.0,0.0,0.0,0.2,0.0,3.9,95.9
20161210185041,0.0,0.0,0.0,0.0,0.5,0.0,11.0,88.4
20161210185111,0.0,0.0,0.0,0.0,0.1,0.0,8.2,91.7
20161210185141,0.0,0.0,0.0,0.0,0.1,0.0,1.6,98.3
20161210185211,0.0,0.0,0.0,0.0,0.1,0.0,2.5,97.4
20161210185241,0.0,0.0,0.0,0.0,0.3,0.0,0.4,99.2
20161210185311,0.0,0.0,0.0,0.0,0.2,0.0,1.7,98.1
20161210185341,0.0,0.0,0.0,0.0,0.0,0.0,0.3,99.7
20161210185411,0.0,0.0,0.0,0.0,0.0,0.0,0.2,99.8
20161210185441,0.0,0.0,0.0,0.0,0.0,0.0,1.0,99.0
20161210185511,0.0,0.0,0.0,0.0,0.1,0.0,0.5,99.4
20161210185541,0.0,0.0,0.0,0.0,0.0,0.0,0.3,99.6
20161210185611,0.0,0.0,0.0,0.0,0.0,0.0,2.3,97.7
20161210185641,0.0,0.0,0.0,0.0,0.0,0.0,25.6,74.4
20161210185711,0.0,0.0,0.0,0.1,0.0,0.0,99.5,0.4
20161210185741,0.0,0.0,0.0,0.0,0.0,0.0,99.8,0.2
20161210185811,0.0,0.0,0.0,0.0,0.0,0.0,99.9,0.0
20161210185841,0.0,0.0,0.0,0.0,0.0,0.0,99.9,0.0
20161210185911,0.0,0.0,0.0,0.0,0.0,0.0,100.0,0.0
20161210185941,0.0,0.0,0.0,0.0,0.0,0.0,100.0,0.0
20161210190011,0.0,0.0,0.0,0.0,0.0,0.0,99.9,0.1
20161210190041,0.0,0.0,0.0,0.0,0.0,0.0,100.0,0.0
20161210190111,0.0,0.0,0.0,0.0,0.0,0.0,99.9,0.1
20161210190141,0.0,0.0,0.0,0.0,0.0,0.0,99.8,0.2
20161210190211,0.0,0.0,0.0,0.0,0.0,0.0,99.9,0.1
20161210190241,0.0,0.0,0.0,0.0,0.0,0.0,99.9,0.1
20161210190311,0.0,0.0,0.0,0.0,0.0,0.0,99.9,0.1
20161210190341,0.0,0.0,0.0,0.0,0.0,0.0,99.1,0.9
20161210190411,0.0,0.0,0.0,0.0,0.0,0.0,99.3,0.7
20161210190441,0.0,0.0,0.0,0.0,0.0,0.0,99.3,0.7
20161210190511,0.0,0.0,0.0,0.0,0.0,0.0,97.7,2.3
20161210190541,0.0,0.0,0.0,0.0,0.0,0.0,94.4,5.6
20161210190611,0.0,0.0,0.0,0.0,0.0,0.0,97.1,2.9
20161210190641,0.0,0.0,0.0,0.0,0.0,0.0,91.2,8.8
20161210190711,0.0,0.0,0.0,0.0,0.0,0.0,35.1,64.9
20161210190741,0.0,0.0,0.0,0.0,0.0,0.0,65.4,34.6
20161210190812,0.0,0.0,0.0,0.0,0.0,0.0,32.2,67.8
20161210190842,0.0,0.0,0.0,0.0,0.0,0.0,1.2,98.8
20161210190912,0.0,0.0,0.0,0.0,0.0,0.0,0.6,99.4
20161210190942,0.0,0.0,0.0,0.0,0.0,0.0,0.5,99.5
20161210191012,0.0,0.0,0.0,0.0,0.0,0.0,0.2,99.8
20161210191042,0.0,0.0,0.0,0.0,0.0,0.0,0.1,99.9
20161210191112,0.0,0.0,0.0,0.0,0.0,0.0,0.5,99.5
20161210191142,0.0,0.0,0.0,0.0,0.0,0.0,0.3,99.7
20161210191212,0.0,0.0,0.0,0.0,0.0,0.0,0.2,99.8
20161210191242,0.0,0.0,0.0,0.0,0.0,0.0,0.0,100.0
20161210191312,0.0,0.0,0.0,0.0,0.0,0.0,0.1,99.9
20161210191342,0.0,0.0,0.0,0.0,0.0,0.0,0.2,99.8
20161210191412,0.0,0.0,0.0,0.0,0.0,0.0,0.3,99.7
20161210191442,0.0,0.0,0.0,0.0,0.0,0.0,1.5,98.5
20161210191512,0.0,0.0,0.0,0.0,0.0,0.0,1.1,98.9
20161210191542,0.0,0.0,0.0,0.0,0.0,0.0,0.6,99.4
20161210191612,0.0,0.0,0.0,0.0,0.0,0.0,0.7,99.3
20161210191642,0.0,0.0,0.0,0.0,0.0,0.0,0.1,99.8
20161210191712,0.0,0.0,0.0,0.0,0.0,0.0,0.6,99.4
20161210191742,0.0,0.0,0.0,0.0,0.0,0.0,1.1,98.9
20161210191812,0.0,0.0,0.0,0.0,0.0,0.0,1.0,99.0
20161210191842,0.0,0.0,0.0,0.0,0.0,0.0,0.5,99.5
20161210191912,0.0,0.0,0.0,0.0,0.0,0.0,0.1,99.9
20161210191942,0.0,0.0,0.0,0.0,0.0,0.0,0.2,99.7
20161210192012,0.0,0.0,0.0,0.0,0.1,0.0,0.2,99.7
20161210192042,0.0,0.0,0.0,0.0,0.0,0.0,0.1,99.9
20161210192112,0.0,0.0,0.0,0.0,0.0,0.0,0.1,99.9
20161210192142,0.0,0.0,0.0,0.0,0.1,0.0,0.1,99.9
20161210192212,0.0,0.0,0.0,0.0,0.1,0.0,0.0,99.8
20161210192242,0.0,0.0,0.2,0.0,0.1,0.0,40.4,59.3
20161210192312,0.0,0.0,0.0,0.0,0.0,0.0,94.6,5.3
20161210192342,0.0,0.0,0.0,0.0,0.0,0.0,87.2,12.8
20161210192412,0.0,0.0,0.0,0.0,0.0,0.0,16.2,83.7
20161210192442,0.0,0.0,0.0,0.0,0.0,0.0,98.6,1.3
20161210192512,0.0,0.0,0.0,0.0,0.0,0.0,90.7,9.3
20161210192542,0.0,0.0,0.0,0.0,0.0,0.0,99.6,0.4
20161210192612,0.0,0.0,0.0,0.0,0.0,0.0,100.0,0.0
20161210192642,0.0,0.0,0.0,0.0,0.0,0.0,98.2,1.8
20161210192712,0.0,0.0,0.0,0.0,0.0,0.0,94.1,5.8
20161210192742,0.0,0.0,0.0,0.0,0.0,0.0,99.7,0.3
20161210192812,0.0,0.0,0.0,0.0,0.0,0.0,99.9,0.1
20161210192842,0.0,0.0,0.0,0.0,0.0,0.0,99.9,0.1
20161210192912,0.0,0.0,0.0,0.0,0.0,0.0,99.9,0.1
20161210192942,0.0,0.0,0.0,0.0,0.0,0.0,99.9,0.1
20161210193012,0.0,0.0,0.0,0.0,0.0,0.0,99.9,0.0
20161210193042,0.0,0.0,0.0,0.2,0.0,0.0,99.8,0.0
20161210193112,0.0,0.0,0.0,0.0,0.0,0.0,100.0,0.0
20161210193142,0.0,0.0,0.0,0.1,0.0,0.0,99.8,0.0
20161210193212,0.0,0.0,0.0,0.0,0.0,0.0,99.9,0.0
20161210193242,0.0,0.0,0.0,0.0,0.0,0.0,99.8,0.2
20161210193312,0.0,0.0,0.0,0.0,0.0,0.0,89.9,10.1
20161210193342,0.0,0.0,0.0,0.0,0.0,0.0,11.1,88.9
20161210193412,0.0,0.0,0.0,0.0,0.0,0.0,84.0,16.0
20161210193442,0.0,0.0,0.0,0.0,0.0,0.0,96.7,3.3
20161210193512,0.0,0.0,0.0,0.0,0.0,0.0,99.8,0.2
20161210193543,0.0,0.0,0.0,0.0,0.0,0.0,99.9,0.1
20161210193613,0.0,0.0,0.0,0.0,0.0,0.0,99.9,0.0
20161210193643,0.0,0.0,0.0,0.0,0.0,0.0,99.9,0.1
20161210193713,0.0,0.0,0.0,0.0,0.1,0.0,98.9,1.1
20161210193743,0.0,0.0,0.0,0.0,0.0,0.0,99.7,0.3
20161210193813,0.0,0.0,0.0,0.0,0.0,0.0,99.1,0.9
20161210193843,0.0,0.0,0.0,0.0,0.0,0.0,99.8,0.2
20161210193913,0.0,0.0,0.0,0.0,0.0,0.2,99.7,0.1
20161210193943,0.0,0.0,0.0,0.0,0.0,0.1,99.6,0.3
20161210194013,0.0,0.0,0.0,0.0,0.0,0.4,98.4,1.2
20161210194043,0.0,0.0,0.0,0.0,0.1,1.6,66.0,32.3
20161210194113,0.0,0.0,0.0,0.0,0.1,2.7,66.0,31.1
20161210194143,0.0,0.0,0.0,0.0,0.6,2.7,85.0,11.7
20161210194213,0.0,0.0,0.0,0.0,10.1,4.6,59.0,26.3
20161210194243,0.0,0.0,0.0,0.0,6.3,11.5,78.9,3.3
20161210194313,0.0,0.0,0.0,0.0,1.9,8.2,89.5,0.3
20161210194343,0.0,0.0,0.0,0.0,7.0,10.9,77.9,4.2
20161210194413,0.0,0.0,0.0,0.0,2.2,5.3,91.2,1.3
20161210194443,0.0,0.0,0.0,0.0,0.4,0.6,99.0,0.1
20161210194513,0.0,0.0,0.0,0.0,0.2,1.2,98.6,0.0
20161210194543,0.0,0.0,0.0,0.0,0.2,3.5,96.3,0.1
20161210194613,0.0,0.0,0.0,0.0,0.4,2.7,96.8,0.0
20161210194643,0.0,0.0,0.0,0.0,2.9,2.2,94.4,0.5
20161210194713,0.0,0.0,0.0,0.0,6.3,1.0,92.5,0.1
20161210194743,0.0,0.0,0.0,0.0,27.6,14.7,38.8,18.9
20161210194813,0.0,0.0,0.0,0.0,62.0,0.2,37.6,0.2
20161210194843,0.0,0.0,0.0,0.0,20.1,1.0,78.4,0.4
20161210194913,0.0,0.0,0.0,0.0,22.9,4.5,72.4,0.2
20161210194943,0.0,0.0,0.0,0.0,19.6,2.6,77.7,0.1
20161210195013,0.0,0.0,0.0,0.0,13.8,9.1,76.8,0.3
20161210195043,0.0,0.0,0.0,0.0,0.9,0.5,98.4,0.1
20161210195113,0.0,0.0,0.0,0.0,1.8,1.4,96.7,0.1
20161210195143,0.0,0.0,0.0,0.0,2.9,0.4,96.4,0.3
20161210195213,0.0,0.0,0.0,0.0,0.5,0.7,98.8,0.1
20161210195243,0.0,0.0,0.0,0.0,1.3,0.8,97.8,0.1
20161210195313,0.0,0.0,0.0,0.0,3.7,12.0,77.9,6.3
20161210195343,0.0,0.0,0.0,0.0,24.7,2.1,71.7,1.5
20161210195413,0.0,0.0,0.0,0.0,3.0,2.2,94.2,0.6
20161210195443,0.0,0.0,0.0,0.0,26.3,3.4,63.1,7.2
20161210195513,0.0,0.0,0.0,0.0,14.6,2.1,37.6,45.7
20161210195543,0.0,0.0,0.0,0.0,1.0,0.5,6.4,92.1
20161210195613,0.0,0.0,0.0,0.0,0.6,0.4,27.4,71.6
20161210195643,0.0,0.0,0.0,0.0,0.1,0.2,74.6,25.1
20161210195713,0.0,0.0,0.0,0.0,0.3,0.5,57.5,41.8
20161210195743,0.0,0.0,0.0,0.0,0.2,2.6,53.5,43.7
20161210195813,0.0,0.0,0.0,0.0,2.2,0.3,14.2,83.3
20161210195843,0.0,0.0,0.0,0.0,0.2,0.5,15.1,84.1
20161210195913,0.0,0.0,0.0,0.0,0.2,2.2,42.2,55.4
20161210195943,0.0,0.0,0.0,0.0,0.2,3.1,77.4,19.3
20161210200013,0.0,0.0,0.0,0.0,0.0,13.3,79.0,7.7
20161210200043,0.0,0.0,0.0,0.0,0.0,9.2,80.9,9.9
20161210200113,0.0,0.0,0.0,0.0,0.0,8.9,89.6,1.5
20161210200143,0.0,0.0,0.0,0.0,0.0,19.0,80.2,0.8
20161210200213,0.0,0.0,0.0,0.0,0.0,5.4,93.4,1.2
20161210200243,0.0,0.0,0.0,0.0,0.0,11.0,87.7,1.3
20161210200313,0.0,0.0,0.0,0.0,0.0,24.3,75.4,0.3
20161210200343,0.0,0.0,0.0,0.0,0.0,7.7,91.9,0.4
20161210200413,0.0,0.0,0.0,0.0,0.0,2.8,97.1,0.0
20161210200443,0.0,0.0,0.0,0.0,0.0,17.4,63.2,19.4
