UT,arc,discrete,diffuse,ac,ab,clear,cloudy,dd
20190121141200,0.0,0.0,0.0,0.0,0.0,0.0,0.0,100.0
20190121141230,0.0,0.0,0.0,0.0,0.0,0.0,0.0,100.0
20190121141300,0.0,0.0,0.0,0.0,0.0,0.0,0.0,100.0
20190121141330,0.0,0.0,0.0,0.0,0.0,0.0,0.0,100.0
20190121141400,0.0,0.0,0.0,0.0,0.0,0.0,0.0,100.0
20190121141430,0.0,0.0,0.0,0.0,0.0,0.0,0.0,100.0
20190121141500,0.0,0.0,0.0,0.0,0.0,0.0,0.0,100.0
20190121141530,0.0,0.0,0.0,0.0,0.0,0.0,0.0,100.0
20190121141600,0.0,0.0,0.0,0.0,0.0,0.0,0.0,100.0
20190121141630,0.0,0.0,0.0,0.0,0.0,0.0,0.0,100.0
20190121141700,0.0,0.0,0.0,0.0,0.0,0.0,0.0,100.0
20190121141730,0.0,0.0,0.0,0.0,0.0,0.0,0.0,100.0
20190121141800,0.0,0.0,0.0,0.0,0.0,0.0,0.0,100.0
20190121141830,0.0,0.0,0.0,0.0,0.0,0.0,0.0,100.0
20190121141900,0.0,0.0,0.0,0.0,0.0,0.0,0.0,100.0
20190121141930,0.0,0.0,0.0,0.0,0.0,0.0,0.0,100.0
20190121142000,0.0,0.0,0.0,0.0,0.0,0.0,0.0,100.0
20190121142030,0.0,0.0,0.0,0.0,0.0,0.0,0.0,100.0
20190121142100,0.0,0.0,0.0,0.0,0.0,0.0,0.0,100.0
20190121142130,0.0,0.0,0.0,0.0,0.0,0.0,0.0,100.0
20190121142200,0.0,0.0,0.0,0.0,0.0,0.0,0.0,100.0
20190121142230,0.0,0.0,0.0,0.0,0.0,0.0,0.0,100.0
20190121142300,0.0,0.0,0.0,0.0,0.0,0.0,0.0,100.0
20190121142330,0.0,0.0,0.0,0.0,0.0,0.0,0.0,100.0
20190121142400,0.0,0.0,0.0,0.0,0.0,0.0,0.0,100.0
20190121142430,0.0,0.0,0.0,0.0,0.0,0.0,0.0,100.0
20190121142500,0.0,0.0,0.0,0.0,0.0,0.0,0.0,100.0
20190121142530,0.0,0.0,0.0,0.0,0.0,0.0,0.0,100.0
20190121142600,0.0,0.0,0.0,0.0,0.0,0.0,0.0,100.0
20190121142630,0.0,0.0,0.0,0.0,0.0,0.0,0.0,100.0
20190121142700,0.0,0.0,0.0,0.0,0.0,0.0,0.0,100.0
20190121142730,0.0,0.0,0.0,0.0,0.0,0.0,0.0,100.0
20190121142800,0.0,0.0,0.0,0.0,0.0,0.0,0.0,100.0
20190121142830,0.0,0.0,0.0,0.0,0.0,0.0,0.0,100.0
20190121142900,0.0,0.0,0.0,0.0,0.0,0.0,0.0,100.0
20190121142930,0.0,0.0,0.0,0.0,0.0,0.0,0.0,100.0
20190121143000,0.0,0.0,0.0,0.0,0.0,0.0,0.0,100.0
20190121143030,0.0,0.0,0.0,0.0,0.0,0.0,0.0,100.0
20190121143100,0.0,0.0,0.0,0.0,0.0,0.0,0.0,100.0
20190121143130,0.0,0.0,0.0,0.0,0.0,0.0,0.0,100.0
20190121143200,0.0,0.0,0.0,0.0,0.0,0.0,0.0,100.0
20190121143230,0.0,0.0,0.0,0.0,0.0,0.0,0.0,100.0
20190121143300,0.0,0.0,0.0,0.0,0.0,0.0,0.0,100.0
20190121143331,0.0,0.0,0.0,0.0,0.0,0.0,0.0,100.0
20190121143401,0.0,0.0,0.0,0.0,0.0,0.0,0.0,100.0
20190121143431,0.0,0.0,0.0,0.0,0.0,0.0,0.0,100.0
20190121143501,0.0,0.0,0.0,0.0,0.0,0.0,0.0,100.0
20190121143531,0.0,0.0,0.0,0.0,0.0,0.0,0.0,100.0
20190121143601,0.0,0.0,0.0,0.0,0.0,0.0,0.0,100.0
20190121143631,0.0,0.0,0.0,0.0,0.0,0.0,0.0,100.0
20190121143701,0.0,0.0,0.0,0.0,0.0,0.0,0.0,100.0
20190121143731,0.0,0.0,0.0,0.0,0.0,0.0,0.0,100.0
20190121143801,0.0,0.0,0.0,0.0,0.0,0.0,0.0,100.0
20190121143831,0.0,0.0,0.0,0.0,0.0,0.0,0.0,100.0
20190121143901,0.0,0.0,0.0,0.0,0.0,0.0,0.0,100.0
20190121143931,0.0,0.0,0.0,0.0,0.0,0.0,0.0,100.0
20190121144001,0.0,0.0,0.0,0.0,0.0,0.0,0.0,100.0
20190121144031,0.0,0.0,0.0,0.0,0.0,0.0,0.0,100.0
20190121144101,0.0,0.0,0.0,0.0,0.0,0.0,0.0,100.0
20190121144131,0.0,0.0,0.0,0.0,0.0,0.0,0.0,100.0
20190121144201,0.0,0.0,0.0,0.0,0.0,0.0,0.0,100.0
20190121144231,0.0,0.0,0.0,0.0,0.0,0.0,0.0,100.0
20190121144301,0.0,0.0,0.0,0.0,0.0,0.0,0.0,100.0
20190121144331,0.0,0.0,0.0,0.0,0.0,0.0,0.0,100.0
20190121144401,0.0,0.0,0.0,0.0,0.0,0.0,0.0,100.0
20190121144431,0.0,0.0,0.0,0.0,0.0,0.0,0.0,100.0
20190121144501,0.0,0.0,0.0,0.0,0.0,0.0,0.0,100.0
20190121144531,0.0,0.0,0.0,0.0,0.0,0.0,0.0,100.0
20190121144601,0.0,0.0,0.0,0.0,0.0,0.0,0.0,100.0
20190121144631,0.0,0.0,0.0,0.0,0.0,0.0,0.0,100.0
20190121144701,0.0,0.0,0.0,0.0,0.0,0.0,0.0,100.0
20190121144731,0.0,0.0,0.0,0.0,0.0,0.0,0.0,100.0
20190121144801,0.0,0.0,0.0,0.0,0.0,0.0,0.0,100.0
20190121144831,0.0,0.0,0.0,0.0,0.0,0.0,0.0,100.0
20190121144901,0.0,0.0,0.0,0.0,0.0,0.0,0.0,100.0
20190121144931,0.0,0.0,0.0,0.0,0.0,0.0,0.0,100.0
20190121145001,0.0,0.0,0.0,0.0,0.0,0.0,0.0,100.0
20190121145031,0.0,0.0,0.0,0.0,0.0,0.0,0.0,100.0
20190121145101,0.0,0.0,0.0,0.0,0.0,0.0,0.0,100.0
20190121145131,0.0,0.0,0.0,0.0,0.0,0.0,0.0,100.0
20190121145201,0.0,0.0,0.0,0.0,0.0,0.0,0.0,100.0
20190121145231,0.0,0.0,0.0,0.0,0.0,0.0,0.0,100.0
20190121145301,0.0,0.0,0.0,0.0,0.0,0.0,0.0,100.0
20190121145331,0.0,0.0,0.0,0.0,0.0,0.0,0.0,100.0
20190121145401,0.0,0.0,0.0,0.0,0.0,0.0,0.0,100.0
20190121145431,0.0,0.0,0.0,0.0,0.0,0.0,0.0,100.0
20190121145501,0.0,0.0,0.0,0.0,0.0,0.0,0.0,100.0
20190121145531,0.0,0.0,0.0,0.0,0.0,0.0,0.0,100.0
20190121145601,0.0,0.0,0.0,0.0,0.0,0.0,0.0,100.0
20190121145631,0.0,0.0,0.0,0.0,0.0,0.0,0.0,100.0
20190121145701,0.0,0.0,0.0,0.0,0.0,0.0,0.0,100.0
20190121145731,0.0,0.0,0.0,0.0,0.0,0.0,0.0,100.0
20190121145801,0.0,0.0,0.0,0.0,0.0,0.0,0.0,100.0
20190121145831,0.0,0.0,0.0,0.0,0.0,0.0,0.0,100.0
20190121145901,0.0,0.0,0.0,0.0,0.0,0.0,0.0,100.0
20190121145931,0.0,0.0,0.0,0.0,0.0,0.0,0.0,100.0
20190121150001,0.0,0.0,0.0,0.0,0.0,0.0,0.0,100.0
20190121150032,0.0,0.0,0.0,0.0,0.0,0.0,0.0,100.0
20190121150102,0.0,0.0,0.0,0.0,0.0,0.0,0.0,100.0
20190121150132,0.0,0.0,0.0,0.0,0.0,0.0,0.0,100.0
20190121150202,0.0,0.0,0.0,0.0,0.0,0.0,0.0,100.0
20190121150232,0.0,0.0,0.0,0.0,0.0,0.0,0.0,100.0
20190121150302,0.0,0.0,0.0,0.0,0.0,0.0,0.0,100.0
20190121150332,0.0,0.0,0.0,0.0,0.0,0.0,0.0,100.0
20190121150402,0.0,0.0,0.0,0.0,0.0,0.0,0.0,100.0
20190121150432,0.0,0.0,0.0,0.0,0.0,0.0,0.0,100.0
20190121150502,0.0,0.0,0.0,0.0,0.0,0.0,0.0,100.0
20190121150532,0.0,0.0,0.0,0.0,0.0,0.0,0.0,100.0
20190121150602,0.0,0.0,0.0,0.0,0.0,0.0,0.0,100.0
20190121150632,0.0,0.0,0.0,0.0,0.0,0.0,0.0,100.0
20190121150702,0.0,0.0,0.0,0.0,0.0,0.0,0.0,100.0
20190121150732,0.0,0.0,0.0,0.0,0.0,0.0,0.0,100.0
20190121150802,0.0,0.0,0.0,0.0,0.0,0.0,0.0,100.0
20190121150832,0.0,0.0,0.0,0.0,0.0,0.0,0.0,100.0
20190121150902,0.0,0.0,0.0,0.0,0.0,0.0,0.0,100.0
20190121150932,0.0,0.0,0.0,0.0,0.0,0.0,0.0,100.0
20190121151002,0.0,0.0,0.0,0.0,0.0,0.0,0.0,100.0
20190121151032,0.0,0.0,0.0,0.0,0.0,0.0,0.0,100.0
20190121151102,0.0,0.0,0.0,0.0,0.0,0.0,0.0,100.0
20190121151132,0.0,0.0,0.0,0.0,0.0,0.0,0.0,100.0
20190121151332,0.0,0.0,0.0,0.0,0.8,0.0,0.0,99.2
20190121151402,0.0,0.0,0.0,0.0,1.0,0.0,0.0,99.0
20190121151432,0.0,0.0,0.0,0.0,0.6,0.0,0.0,99.4
20190121151502,0.0,0.0,0.0,0.0,1.1,0.0,0.0,98.9
20190121151532,0.0,0.0,0.0,0.0,4.8,0.0,0.0,95.2
20190121151602,0.0,0.0,0.0,0.0,4.1,0.0,0.0,95.9
20190121151632,0.0,0.0,0.0,0.0,0.3,0.0,0.0,99.7
20190121151702,0.0,0.0,0.0,0.0,0.2,0.0,0.0,99.8
20190121151732,0.0,0.0,0.0,0.0,0.1,0.0,0.0,99.9
20190121151802,0.0,0.0,0.0,0.0,0.0,0.0,0.0,100.0
20190121151832,0.0,0.0,0.0,0.0,0.0,0.0,0.0,100.0
20190121151902,0.0,0.0,0.0,0.0,0.0,0.0,0.0,100.0
20190121151932,0.0,0.0,0.0,0.0,0.1,0.0,0.0,99.9
20190121152002,0.0,0.0,0.0,0.0,0.1,0.0,0.0,99.9
20190121152032,0.0,0.0,0.0,0.0,0.2,0.0,0.0,99.8
20190121152102,0.0,0.0,0.0,0.0,0.2,0.0,0.0,99.8
20190121152132,0.0,0.0,0.0,0.0,0.6,0.0,0.0,99.4
20190121152202,0.0,0.0,0.0,0.0,0.3,0.0,0.0,99.7
20190121152232,0.0,0.0,0.0,0.0,1.7,0.0,0.0,98.3
20190121152302,0.0,0.0,0.0,0.0,4.9,0.0,0.0,95.1
20190121152332,0.0,0.0,0.0,0.0,17.3,0.0,0.0,82.7
20190121152402,0.0,0.0,0.0,0.0,4.0,0.0,0.0,96.0
20190121152432,0.0,0.0,0.0,0.0,0.9,0.0,0.0,99.1
20190121152502,0.0,0.0,0.0,0.0,0.6,0.0,0.0,99.4
20190121152532,0.0,0.0,0.0,0.0,2.9,0.0,0.0,97.1
20190121152602,0.0,0.0,0.0,0.0,0.9,0.0,0.0,99.1
20190121152632,0.0,0.0,0.0,0.0,3.1,0.0,0.0,96.8
20190121152702,0.0,0.0,0.0,0.0,1.7,0.0,0.0,98.3
20190121152732,0.0,0.0,0.0,0.0,0.9,0.0,0.0,99.1
20190121152802,0.0,0.0,0.0,0.0,0.3,0.0,0.0,99.7
20190121152832,0.0,0.0,0.0,0.0,3.2,0.0,0.0,96.7
20190121152902,0.0,0.0,0.0,0.0,2.3,0.0,0.0,97.7
20190121152932,0.0,0.0,0.0,0.0,1.9,0.0,0.0,98.1
20190121153002,0.0,0.0,0.0,0.0,0.2,0.0,0.0,99.8
20190121153032,0.0,0.0,0.0,0.0,0.4,0.0,0.0,99.6
20190121153102,0.0,0.0,0.0,0.0,0.3,0.0,0.0,99.7
20190121153132,0.0,0.0,0.0,0.0,0.3,0.0,0.0,99.7
20190121153202,0.0,0.0,0.0,0.0,0.0,0.0,0.0,100.0
20190121153232,0.0,0.0,0.0,0.0,0.1,0.0,0.0,99.9
20190121153302,0.0,0.0,0.0,0.0,0.0,0.0,0.0,100.0
20190121153332,0.0,0.0,0.0,0.0,0.0,0.0,0.0,100.0
20190121153402,0.0,0.0,0.0,0.0,0.0,0.0,0.0,100.0
20190121153432,0.0,0.0,0.0,0.0,0.0,0.0,0.0,100.0
20190121153503,0.0,0.0,0.0,0.0,0.0,0.0,0.0,100.0
20190121153533,0.0,0.0,0.0,0.0,0.0,0.0,0.0,100.0
20190121153603,0.0,0.0,0.0,0.0,0.0,0.0,0.0,100.0
20190121153633,0.0,0.0,0.0,0.0,0.0,0.0,0.0,100.0
20190121153703,0.0,0.0,0.0,0.0,0.0,0.0,0.0,100.0
20190121153733,0.0,0.0,0.0,0.0,0.0,0.0,0.0,100.0
20190121153803,0.0,0.0,0.0,0.0,0.0,0.0,0.0,100.0
20190121153833,0.0,0.0,0.0,0.0,0.0,0.0,0.0,100.0
20190121153903,0.0,0.0,0.0,0.0,0.0,0.0,0.0,100.0
20190121153933,0.0,0.0,0.0,0.0,0.0,0.0,0.0,100.0
20190121154003,0.0,0.0,0.0,0.0,0.0,0.0,0.0,100.0
20190121154033,0.0,0.0,0.0,0.0,0.0,0.0,0.0,100.0
20190121154103,0.0,0.0,0.0,0.0,0.0,0.0,0.0,100.0
20190121154133,0.0,0.0,0.0,0.0,0.0,0.0,0.0,100.0
20190121154203,0.0,0.0,0.0,0.0,0.0,0.0,0.0,100.0
20190121154233,0.0,0.0,0.0,0.0,0.0,0.0,0.0,100.0
20190121154303,0.0,0.0,0.0,0.0,0.0,0.0,0.0,100.0
20190121154333,0.0,0.0,0.0,0.0,0.0,0.0,0.0,100.0
20190121154403,0.0,0.0,0.0,0.0,0.0,0.0,0.0,100.0
20190121154433,0.0,0.0,0.0,0.0,0.0,0.0,0.0,100.0
20190121154503,0.0,0.0,0.0,0.0,0.0,0.0,0.0,100.0
20190121154533,0.0,0.0,0.0,0.0,0.0,0.0,0.0,100.0
20190121154603,0.0,0.0,0.0,0.0,0.0,0.0,0.0,100.0
20190121154633,0.0,0.0,0.0,0.0,0.0,0.0,0.0,100.0
20190121154703,0.0,0.0,0.0,0.0,0.0,0.0,0.0,100.0
20190121154733,0.0,0.0,0.0,0.0,0.2,0.0,0.0,99.8
20190121154803,0.0,0.0,0.0,0.0,0.0,0.0,0.0,100.0
20190121154833,0.0,0.0,0.0,0.0,0.2,0.0,0.1,99.7
20190121154903,0.0,0.0,0.0,0.0,1.2,0.0,0.2,98.6
20190121154933,0.0,0.0,0.0,0.0,5.4,0.0,0.7,93.8
20190121155003,0.0,0.0,0.0,0.0,3.7,0.0,0.9,95.3
20190121155033,0.0,0.0,0.0,0.0,0.1,0.0,0.0,99.9
20190121155103,0.0,0.0,0.0,0.0,0.0,0.0,0.0,99.9
20190121155133,0.0,0.0,0.0,0.0,1.8,0.0,0.5,97.7
20190121155203,0.0,0.0,0.0,0.0,0.1,0.0,0.2,99.8
20190121155233,0.0,0.0,0.0,0.0,0.1,0.0,0.0,99.9
20190121155303,0.0,0.0,0.0,0.0,0.0,0.0,0.1,99.9
20190121155333,0.0,0.0,0.0,0.0,0.1,0.0,0.2,99.7
20190121155403,0.0,0.0,0.0,0.0,0.1,0.0,0.0,99.9
20190121155433,0.0,0.0,0.0,0.0,0.1,0.0,0.0,99.9
20190121155503,0.0,0.0,0.0,0.0,0.6,0.0,0.0,99.4
20190121155533,0.0,0.0,0.0,0.0,1.5,0.0,0.1,98.4
20190121155603,0.0,0.0,0.0,0.0,4.1,0.0,0.3,95.7
20190121155633,0.0,0.0,0.0,0.0,0.0,0.0,0.0,100.0
20190121155703,0.0,0.0,0.0,0.0,0.0,0.0,0.0,100.0
20190121155733,0.0,0.0,0.0,0.0,0.1,0.0,0.0,99.9
20190121155803,0.0,0.0,0.0,0.0,0.1,0.0,0.0,99.9
20190121155833,0.0,0.0,0.0,0.0,0.0,0.0,0.0,100.0
20190121155903,0.0,0.0,0.0,0.0,0.0,0.0,0.0,100.0
20190121155933,0.0,0.0,0.0,0.0,0.0,0.0,0.0,100.0
20190121160003,0.0,0.0,0.0,0.0,0.1,0.0,0.1,99.8
20190121160033,0.0,0.0,0.0,0.0,0.1,0.0,0.7,99.2
20190121160103,0.0,0.0,0.0,0.0,0.1,0.0,0.2,99.8
20190121160133,0.0,0.0,0.0,0.0,0.1,0.0,0.1,99.8
20190121160203,0.0,0.0,0.0,0.0,0.4,0.0,0.5,99.1
20190121160233,0.0,0.0,0.0,0.0,0.2,0.0,0.1,99.6
20190121160303,0.0,0.0,0.0,0.0,1.8,0.0,2.5,95.8
20190121160333,0.0,0.0,0.0,0.0,0.1,0.0,0.9,99.1
20190121160403,0.0,0.0,0.0,0.0,0.0,0.0,4.4,95.6
20190121160433,0.0,0.0,0.0,0.0,0.0,0.0,3.0,97.0
20190121160503,0.0,0.0,0.0,0.0,0.1,0.0,0.7,99.2
20190121160533,0.0,0.0,0.0,0.0,0.7,0.0,11.7,87.6
20190121160603,0.0,0.0,0.0,0.0,0.4,0.0,2.6,96.9
20190121160633,0.0,0.0,0.0,0.0,0.2,0.0,16.5,83.3
20190121160703,0.0,0.0,0.0,0.0,0.3,0.0,4.8,94.8
20190121160733,0.0,0.0,0.0,0.0,0.1,0.0,0.1,99.8
20190121160803,0.0,0.0,0.0,0.0,0.1,0.0,0.7,99.1
20190121160833,0.0,0.0,0.0,0.0,0.0,0.0,0.7,99.2
20190121160904,0.0,0.0,0.0,0.0,0.0,0.0,0.8,99.2
20190121160934,0.0,0.0,0.0,0.0,0.0,0.0,0.1,99.9
20190121161004,0.0,0.0,0.0,0.0,0.1,0.0,0.3,99.7
20190121161034,0.0,0.0,0.0,0.0,0.3,0.0,0.9,98.8
20190121161104,0.0,0.0,0.0,0.0,0.1,0.0,0.3,99.5
20190121161134,0.0,0.0,0.0,0.0,0.1,0.0,0.6,99.3
20190121161204,0.0,0.0,0.0,0.0,0.1,0.0,0.3,99.6
20190121161234,0.0,0.0,0.0,0.0,0.1,0.0,0.2,99.7
20190121161304,0.0,0.0,0.0,0.0,0.1,0.0,0.2,99.7
20190121161334,0.0,0.0,0.0,0.0,0.1,0.0,0.5,99.4
20190121161404,0.0,0.0,0.0,0.0,0.0,0.0,1.0,99.0
20190121161434,0.0,0.0,0.0,0.0,0.1,0.0,0.5,99.5
20190121161504,0.0,0.0,0.0,0.0,0.1,0.0,1.1,98.8
20190121161534,0.0,0.0,0.0,0.0,0.0,0.0,0.3,99.7
20190121161604,0.0,0.0,0.0,0.0,0.1,0.0,0.2,99.7
20190121161634,0.0,0.0,0.0,0.0,0.1,0.0,0.5,99.4
20190121161704,0.0,0.0,0.0,0.0,0.0,0.0,0.3,99.7
20190121161734,0.0,0.0,0.0,0.0,0.2,0.0,0.8,99.0
20190121161804,0.0,0.0,0.0,0.0,0.1,0.0,0.0,99.9
20190121161834,0.0,0.0,0.0,0.0,0.1,0.0,0.4,99.5
20190121161904,0.0,0.0,0.0,0.0,0.1,0.0,0.9,99.0
20190121161934,0.0,0.0,0.0,0.0,4.4,0.0,2.7,92.9
20190121162004,0.0,0.0,0.0,0.0,0.5,0.0,2.1,97.4
20190121162034,0.0,0.0,0.0,0.0,1.9,0.0,2.2,95.9
20190121162104,0.0,0.0,0.0,0.0,1.1,0.0,0.9,98.0
20190121162134,0.0,0.0,0.0,0.0,0.4,0.0,1.2,98.4
20190121162204,0.0,0.0,0.0,0.0,0.0,0.0,0.2,99.7
20190121162234,0.0,0.0,0.0,0.0,0.1,0.0,1.0,98.9
20190121162304,0.0,0.0,0.0,0.0,0.0,0.0,0.4,99.5
20190121162334,0.0,0.0,0.0,0.0,0.0,0.0,1.1,98.9
20190121162404,0.0,0.0,0.0,0.0,0.5,0.0,1.0,98.5
20190121162434,0.0,0.0,0.0,0.0,0.6,0.0,3.7,95.7
20190121162504,0.0,0.0,0.0,0.0,0.9,0.0,14.6,84.4
20190121162534,0.0,0.0,0.0,0.0,0.2,0.0,2.6,97.2
20190121162604,0.0,0.0,0.0,0.0,0.6,0.0,14.5,84.8
20190121162634,0.0,0.0,0.0,0.0,0.4,0.0,3.4,96.2
20190121162704,0.0,0.0,0.0,0.0,1.7,0.0,22.3,76.0
20190121162734,0.0,0.0,0.0,0.0,1.9,0.0,40.9,57.2
20190121162804,0.0,0.0,0.0,0.0,2.3,0.0,24.6,73.1
20190121162834,0.0,0.0,0.0,0.0,1.3,0.0,31.1,67.6
20190121162904,0.0,0.0,0.0,0.0,1.3,0.0,10.8,87.9
20190121162934,0.0,0.0,0.0,0.0,6.7,0.0,14.0,79.2
20190121163004,0.0,0.0,0.0,0.0,6.5,0.0,2.3,91.1
20190121163034,0.0,0.0,0.0,0.0,5.3,0.0,6.9,87.7
20190121163104,0.0,0.0,0.0,0.1,5.9,0.0,10.2,83.8
20190121163134,0.0,0.0,0.0,0.0,5.5,0.0,37.1,57.3
20190121163204,0.0,0.0,0.0,0.0,11.4,0.0,8.7,79.9
20190121163234,0.0,0.0,0.0,0.1,14.2,0.0,42.6,43.0
20190121163304,0.0,0.0,0.0,0.0,10.0,0.0,41.9,48.1
20190121163334,0.0,0.0,0.0,0.0,3.6,0.0,33.0,63.4
20190121163404,0.0,0.0,0.0,0.0,3.9,0.0,41.1,55.0
20190121163434,0.0,0.1,0.0,0.0,36.9,0.0,10.1,52.8
20190121163504,0.0,0.1,0.0,0.0,18.0,0.0,26.6,55.2
20190121163534,0.0,0.0,0.0,0.0,10.7,0.0,13.1,76.1
20190121163604,0.0,0.1,0.0,0.1,7.3,0.0,22.5,70.0
20190121163635,0.0,0.1,0.0,0.0,4.8,0.0,18.1,77.0
20190121163705,0.0,0.0,0.0,0.0,11.1,0.0,3.5,85.3
20190121163735,0.0,0.0,0.0,0.0,17.0,0.0,3.1,79.9
20190121163805,0.0,0.0,0.0,0.0,5.9,0.0,8.5,85.6
20190121163835,0.0,0.0,0.0,0.0,5.5,0.0,9.2,85.3
20190121163905,0.0,0.0,0.0,0.0,8.6,0.0,3.5,87.9
20190121163935,0.0,0.0,0.0,0.0,26.1,0.0,10.2,63.6
20190121164005,0.0,0.0,0.0,0.1,40.1,0.0,17.9,41.9
20190121164035,0.0,0.0,0.0,0.1,15.3,0.0,41.9,42.7
20190121164105,0.0,0.0,0.0,0.1,50.7,0.0,26.0,23.1
20190121164135,0.0,0.0,0.0,0.0,65.5,0.0,23.4,11.1
20190121164205,0.0,0.0,0.0,0.1,43.4,0.0,53.2,3.3
20190121164235,0.0,0.0,0.0,0.1,39.5,0.0,59.3,1.2
20190121164305,0.0,0.0,0.0,0.2,77.5,0.0,18.0,4.3
20190121164335,0.0,0.0,0.0,0.1,53.8,0.0,42.5,3.7
20190121164405,0.0,0.0,0.0,0.0,60.1,0.0,37.4,2.5
20190121164435,0.0,0.0,0.0,0.1,32.0,0.0,65.9,2.0
20190121164505,0.0,0.0,0.0,0.0,71.4,0.0,25.6,3.0
20190121164535,0.0,0.0,0.0,0.0,56.8,0.0,39.4,3.7
20190121164605,0.0,0.0,0.0,0.0,66.2,0.0,32.1,1.7
20190121164635,0.0,0.0,0.0,0.0,51.0,0.0,46.3,2.7
20190121164705,0.0,0.0,0.0,0.0,44.7,0.0,47.3,8.0
20190121164735,0.0,0.0,0.0,0.0,46.7,0.0,42.7,10.5
20190121164805,0.0,0.0,0.0,0.0,65.5,0.0,24.1,10.4
20190121164835,0.0,0.0,0.0,0.0,38.0,0.0,57.8,4.2
20190121164905,0.0,0.0,0.0,0.0,62.6,0.0,31.5,5.9
20190121164935,0.0,0.0,0.0,0.0,32.2,0.0,29.8,37.9
20190121165005,0.0,0.0,0.0,0.0,49.3,0.0,33.9,16.8
20190121165035,0.0,0.0,0.0,0.0,46.0,0.0,21.8,32.1
20190121165105,0.0,0.0,0.0,0.0,44.1,0.0,20.5,35.4
20190121165135,0.0,0.0,0.0,0.0,44.2,0.0,41.7,14.1
20190121165205,0.0,0.0,0.0,0.0,36.8,0.0,54.0,9.2
20190121165235,0.0,0.0,0.0,0.0,28.2,0.0,66.4,5.4
20190121165305,0.0,0.0,0.0,0.0,29.8,0.0,61.0,9.0
20190121165335,0.0,0.0,0.0,0.0,7.2,0.0,90.9,1.9
20190121165405,0.0,0.0,0.0,0.0,9.2,0.0,88.1,2.6
20190121165435,0.0,0.0,0.0,0.0,4.7,0.0,93.9,1.4
20190121165505,0.0,0.0,0.0,0.0,7.4,0.0,89.8,2.7
20190121165535,0.0,0.0,0.0,0.0,8.3,0.0,89.1,2.6
20190121165605,0.0,0.0,0.0,0.0,15.3,0.0,82.3,2.4
20190121165635,0.0,0.0,0.0,0.0,29.8,0.0,65.9,4.3
20190121165705,0.0,0.0,0.0,0.0,18.5,0.0,77.0,4.4
20190121165735,0.0,0.0,0.0,0.0,26.8,0.0,70.5,2.6
20190121165805,0.0,0.0,0.0,0.0,18.9,0.0,79.2,1.9
20190121165835,0.0,0.0,0.0,0.0,11.8,0.0,86.2,2.0
20190121165905,0.0,0.0,0.0,0.0,9.5,0.0,88.3,2.1
20190121165935,0.0,0.0,0.0,0.0,15.7,0.0,82.9,1.4
20190121170005,0.0,0.0,0.0,0.1,13.2,0.0,79.1,7.7
20190121170035,0.0,0.0,0.0,0.1,11.8,0.0,80.3,7.8
20190121170105,0.0,0.0,0.0,0.0,8.8,0.0,86.8,4.4
20190121170135,0.0,0.0,0.0,0.0,7.8,0.0,90.2,2.1
20190121170205,0.0,0.0,0.0,0.0,14.3,0.0,83.2,2.5
20190121170235,0.0,0.0,0.0,0.0,0.9,0.0,98.3,0.7
20190121170305,0.0,0.0,0.0,0.0,2.9,0.0,93.4,3.6
20190121170335,0.0,0.0,0.0,0.1,6.4,0.0,69.3,24.2
20190121170405,0.0,0.0,0.0,0.0,22.4,0.0,63.0,14.5
20190121170435,0.0,0.0,0.0,0.0,7.6,0.0,41.3,51.0
20190121170505,0.0,0.0,0.0,0.0,1.5,0.0,3.2,95.3
20190121170535,0.0,0.0,0.0,0.0,1.0,0.0,0.9,98.0
20190121170605,0.0,0.0,0.0,0.0,0.2,0.0,0.3,99.5
20190121170635,0.0,0.0,0.0,0.0,0.1,0.0,0.6,99.2
20190121170705,0.0,0.0,0.0,0.0,0.3,0.0,1.2,98.5
20190121170735,0.0,0.0,0.0,0.0,0.1,0.0,0.3,99.5
20190121170805,0.0,0.0,0.0,0.0,0.0,0.0,0.1,99.9
20190121170835,0.0,0.0,0.0,0.0,0.1,0.0,0.1,99.8
20190121170905,0.0,0.0,0.0,0.0,0.0,0.0,0.0,100.0
20190121170935,0.0,0.0,0.0,0.0,0.1,0.0,0.6,99.3
20190121171005,0.0,0.0,0.0,0.0,0.3,0.0,2.8,96.9
20190121171035,0.0,0.0,0.0,0.0,0.5,0.0,6.3,93.2
20190121171106,0.0,0.0,0.0,0.0,1.6,0.0,30.2,68.2
20190121171136,0.0,0.0,0.0,0.0,3.0,0.0,46.4,50.5
20190121171206,0.0,0.0,0.0,0.0,1.3,0.0,72.5,26.1
20190121171236,0.0,0.0,0.0,0.0,0.8,0.0,93.3,5.8
20190121171306,0.0,0.0,0.0,0.0,0.5,0.0,95.2,4.2
20190121171336,0.0,0.0,0.0,0.0,3.8,0.0,58.8,37.4
20190121171406,0.0,0.0,0.0,0.0,0.7,0.0,5.2,94.1
20190121171436,0.0,0.0,0.0,0.0,0.2,0.0,8.0,91.8
20190121171506,0.0,0.0,0.0,0.0,1.1,0.0,18.4,80.5
20190121171536,0.0,0.0,0.0,0.0,1.4,0.0,44.2,54.3
20190121171606,0.0,0.0,0.0,0.1,10.0,0.0,56.6,33.3
20190121171636,0.0,0.0,0.0,0.0,3.2,0.0,92.6,4.2
20190121171706,0.0,0.0,0.0,0.0,2.4,0.0,91.4,6.1
20190121171736,0.0,0.0,0.0,0.0,1.5,0.0,96.6,1.8
20190121171806,0.0,0.0,0.0,0.0,0.6,0.0,99.2,0.2
20190121171836,0.0,0.0,0.0,0.0,0.3,0.0,99.5,0.1
20190121171906,0.0,0.0,0.0,0.0,0.4,0.0,99.4,0.2
20190121171936,0.0,0.0,0.0,0.0,0.5,0.0,99.2,0.3
20190121172006,0.0,0.0,0.0,0.0,0.4,0.0,99.5,0.1
20190121172036,0.0,0.0,0.0,0.0,0.5,0.0,99.4,0.1
20190121172106,0.0,0.0,0.0,0.0,0.1,0.0,99.9,0.0
20190121172136,0.0,0.0,0.0,0.0,0.2,0.0,99.8,0.0
20190121172206,0.0,0.0,0.0,0.0,0.1,0.0,99.9,0.0
20190121172236,0.0,0.0,0.0,0.0,0.1,0.0,99.8,0.0
20190121172306,0.0,0.0,0.0,0.0,0.2,0.0,99.6,0.1
20190121172336,0.0,0.0,0.0,0.0,0.3,0.0,99.6,0.1
20190121172406,0.0,0.0,0.0,0.0,0.4,0.0,99.5,0.1
20190121172436,0.0,0.0,0.0,0.0,0.2,0.0,99.7,0.1
20190121172506,0.0,0.0,0.0,0.0,0.2,0.0,99.8,0.1
20190121172536,0.0,0.0,0.0,0.0,0.6,0.0,99.2,0.1
20190121172606,0.0,0.0,0.0,0.0,0.4,0.0,99.5,0.0
20190121172636,0.0,0.0,0.0,0.0,0.2,0.0,99.7,0.0
20190121172706,0.0,0.0,0.0,0.0,0.8,0.0,99.0,0.1
20190121172736,0.0,0.0,0.0,0.0,0.5,0.0,99.4,0.1
20190121172806,0.0,0.0,0.0,0.0,0.2,0.0,99.8,0.0
20190121172836,0.0,0.0,0.0,0.0,1.7,0.0,98.1,0.1
20190121172906,0.0,0.0,0.0,0.0,0.2,0.0,99.6,0.2
20190121172936,0.0,0.0,0.0,0.0,0.3,0.0,99.6,0.1
20190121173006,0.0,0.0,0.0,0.0,0.1,0.0,99.8,0.1
20190121173036,0.0,0.0,0.0,0.0,0.7,0.0,99.1,0.2
20190121173106,0.0,0.0,0.0,0.0,0.3,0.0,99.6,0.0
20190121173136,0.0,0.0,0.0,0.0,0.1,0.0,99.9,0.0
20190121173206,0.0,0.0,0.0,0.0,0.4,0.0,99.1,0.5
20190121173236,0.0,0.0,0.0,0.0,0.8,0.0,98.9,0.3
20190121173306,0.0,0.0,0.0,0.0,0.3,0.0,99.4,0.2
20190121173336,0.0,0.0,0.0,0.0,0.1,0.0,99.9,0.0
20190121173406,0.0,0.0,0.0,0.0,0.2,0.0,99.8,0.0
20190121173436,0.0,0.0,0.0,0.0,0.1,0.0,99.9,0.0
20190121173506,0.0,0.0,0.0,0.0,0.1,0.0,99.9,0.0
20190121173536,0.0,0.0,0.0,0.0,0.4,0.0,99.5,0.1
20190121173606,0.0,0.0,0.0,0.0,0.8,0.0,99.1,0.1
20190121173636,0.0,0.0,0.0,0.0,0.5,0.0,99.5,0.0
20190121173706,0.0,0.0,0.0,0.0,0.3,0.0,99.6,0.0
20190121173736,0.0,0.0,0.0,0.0,0.1,0.0,99.9,0.0
20190121173806,0.0,0.0,0.0,0.0,1.1,0.0,98.7,0.1
20190121173836,0.0,0.0,0.0,0.0,1.3,0.0,98.5,0.2
20190121173906,0.0,0.0,0.0,0.0,0.9,0.0,98.7,0.3
20190121173936,0.0,0.0,0.0,0.0,0.6,0.0,99.2,0.1
20190121174006,0.0,0.0,0.0,0.0,0.4,0.0,99.5,0.1
20190121174036,0.0,0.0,0.0,0.0,1.5,0.0,98.4,0.1
20190121174106,0.0,0.0,0.0,0.0,2.0,0.0,97.5,0.4
20190121174136,0.0,0.0,0.0,0.0,0.8,0.0,98.1,1.0
20190121174206,0.0,0.0,0.0,0.0,3.0,0.0,94.9,2.0
20190121174236,0.0,0.0,0.0,0.0,3.6,0.0,93.7,2.7
20190121174306,0.0,0.0,0.0,0.1,4.5,0.0,93.0,2.4
20190121174336,0.0,0.0,0.0,0.0,0.6,0.0,99.2,0.2
20190121174406,0.0,0.0,0.0,0.0,2.3,0.0,97.2,0.5
20190121174436,0.0,0.0,0.0,0.0,0.1,0.0,98.3,1.6
20190121174507,0.0,0.0,0.0,0.0,0.2,0.0,98.2,1.6
20190121174537,0.0,0.0,0.0,0.0,1.4,0.0,96.2,2.3
20190121174607,0.0,0.0,0.0,0.0,1.7,0.0,97.2,1.1
20190121174637,0.1,0.1,0.0,0.2,5.3,0.1,91.6,2.7
20190121174707,0.0,0.0,0.0,0.0,0.0,0.0,98.1,1.8
20190121174737,0.0,0.0,0.0,0.0,0.2,0.0,73.1,26.7
20190121174807,0.0,0.0,0.0,0.0,0.1,0.0,66.2,33.7
20190121174837,0.0,0.0,0.0,0.0,1.1,0.0,71.0,28.0
20190121174907,0.0,0.0,0.0,0.0,0.1,0.0,95.8,4.1
20190121174937,0.0,0.0,0.0,0.0,0.4,0.0,97.3,2.3
20190121175007,0.0,0.0,0.0,0.0,0.1,0.0,99.1,0.7
20190121175037,0.0,0.0,0.0,0.0,0.3,0.0,99.0,0.7
20190121175107,0.0,0.0,0.0,0.0,0.8,0.0,98.9,0.3
20190121175137,0.0,0.0,0.0,0.0,4.5,0.0,94.5,0.9
20190121175207,0.0,0.0,0.0,0.0,2.6,0.0,96.6,0.7
20190121175237,0.0,0.0,0.0,0.0,1.1,0.0,98.8,0.2
20190121175307,0.0,0.0,0.0,0.0,3.9,0.0,95.5,0.5
20190121175337,0.0,0.0,0.0,0.0,1.0,0.0,98.9,0.1
20190121175407,0.0,0.0,0.0,0.0,2.3,0.0,97.5,0.2
20190121175437,0.0,0.0,0.0,0.0,0.9,0.0,98.8,0.3
20190121175507,0.0,0.0,0.0,0.0,2.7,0.0,97.1,0.2
20190121175537,0.0,0.0,0.0,0.0,0.9,0.0,98.9,0.2
20190121175607,0.0,0.0,0.0,0.0,6.3,0.0,93.2,0.5
20190121175637,0.0,0.0,0.0,0.0,1.2,0.0,98.7,0.1
20190121175707,0.0,0.0,0.0,0.0,2.7,0.0,97.0,0.2
20190121175737,0.0,0.0,0.0,0.0,2.8,0.0,97.1,0.1
20190121175807,0.0,0.0,0.0,0.0,0.7,0.0,99.3,0.0
20190121175837,0.0,0.0,0.0,0.0,0.2,0.0,99.7,0.0
20190121175907,0.0,0.0,0.0,0.0,0.4,0.0,99.6,0.0
20190121175937,0.0,0.0,0.0,0.0,0.1,0.0,99.9,0.0
20190121180007,0.0,0.0,0.0,0.0,0.2,0.0,99.8,0.0
20190121180037,0.0,0.0,0.0,0.0,0.4,0.0,99.6,0.0
20190121180107,0.0,0.0,0.0,0.0,0.2,0.0,99.8,0.0
20190121180137,0.0,0.0,0.0,0.0,0.8,0.0,99.2,0.0
20190121180207,0.0,0.0,0.0,0.0,0.2,0.0,99.8,0.0
20190121180237,0.0,0.0,0.0,0.0,0.2,0.0,99.8,0.0
20190121180307,0.0,0.0,0.0,0.0,0.7,0.0,99.3,0.0
20190121180337,0.0,0.0,0.0,0.0,0.2,0.0,99.8,0.0
20190121180407,0.0,0.0,0.0,0.0,0.3,0.0,99.7,0.0
20190121180437,0.0,0.0,0.0,0.0,0.8,0.0,99.2,0.0
20190121180507,0.0,0.0,0.0,0.0,2.7,0.0,97.2,0.1
20190121180537,0.0,0.0,0.0,0.0,1.4,0.0,98.4,0.2
20190121180607,0.0,0.0,0.0,0.0,0.9,0.0,99.0,0.1
20190121180637,0.0,0.0,0.0,0.0,0.1,0.0,99.8,0.0
20190121180707,0.0,0.0,0.0,0.0,0.6,0.0,99.4,0.0
20190121180737,0.0,0.0,0.0,0.0,0.4,0.0,99.5,0.1
20190121180807,0.0,0.0,0.0,0.0,0.5,0.0,99.5,0.1
20190121180837,0.0,0.0,0.0,0.0,0.3,0.0,99.6,0.1
20190121180907,0.0,0.0,0.0,0.0,0.5,0.0,99.3,0.2
20190121180937,0.0,0.0,0.0,0.0,1.4,0.0,98.4,0.2
20190121181007,0.0,0.0,0.0,0.0,0.4,0.0,99.4,0.1
20190121181037,0.0,0.0,0.0,0.0,2.7,0.0,96.5,0.7
20190121181107,0.0,0.0,0.0,0.0,2.0,0.0,97.6,0.3
20190121181137,0.0,0.0,0.0,0.0,6.9,0.0,92.7,0.3
20190121181207,0.0,0.0,0.0,0.0,6.3,0.0,93.0,0.6
20190121181238,0.0,0.0,0.0,0.0,7.1,0.0,92.1,0.7
20190121181308,0.0,0.0,0.0,0.0,10.2,0.0,88.5,1.2
20190121181338,0.0,0.0,0.0,0.0,14.8,0.0,80.2,5.0
20190121181408,0.0,0.0,0.0,0.0,3.8,0.0,93.5,2.7
20190121181438,0.0,0.0,0.0,0.0,9.0,0.0,83.9,7.0
20190121181508,0.0,0.0,0.0,0.0,10.8,0.0,81.6,7.5
20190121181538,0.0,0.0,0.0,0.0,5.5,0.0,90.8,3.7
20190121181608,0.0,0.0,0.0,0.0,6.1,0.0,83.7,10.2
20190121181638,0.0,0.0,0.0,0.0,2.4,0.0,91.6,6.0
20190121181708,0.0,0.0,0.0,0.0,0.7,0.0,97.7,1.6
20190121181738,0.0,0.0,0.0,0.0,1.3,0.0,95.8,2.8
20190121181808,0.0,0.0,0.0,0.0,5.2,0.0,90.6,4.2
20190121181838,0.0,0.0,0.0,0.0,1.5,0.0,94.0,4.5
20190121181908,0.0,0.0,0.0,0.0,3.7,0.0,91.3,4.9
20190121181938,0.0,0.0,0.0,0.0,2.4,0.0,95.5,2.1
20190121182008,0.0,0.0,0.0,0.0,4.5,0.0,94.0,1.5
20190121182038,0.0,0.0,0.0,0.0,2.6,0.0,95.4,1.9
20190121182108,0.0,0.0,0.0,0.0,3.4,0.0,94.1,2.4
20190121182138,0.0,0.0,0.0,0.0,1.8,0.0,97.0,1.2
20190121182208,0.0,0.0,0.0,0.0,5.8,0.0,93.1,1.0
20190121182238,0.0,0.0,0.0,0.0,1.6,0.0,97.9,0.5
20190121182308,0.0,0.0,0.0,0.0,0.8,0.0,98.9,0.3
20190121182338,0.0,0.0,0.0,0.0,2.1,0.0,97.1,0.7
20190121182408,0.0,0.0,0.0,0.0,1.5,0.0,97.4,1.1
20190121182438,0.0,0.0,0.0,0.0,0.5,0.0,98.3,1.2
20190121182508,0.0,0.0,0.0,0.0,1.2,0.0,98.0,0.9
20190121182538,0.0,0.0,0.0,0.0,0.6,0.0,98.9,0.5
20190121182608,0.0,0.0,0.0,0.0,2.7,0.0,95.1,2.2
20190121182638,0.0,0.0,0.0,0.0,1.0,0.0,98.2,0.8
20190121182708,0.0,0.0,0.0,0.0,2.4,0.0,94.6,3.0
20190121182738,0.0,0.0,0.0,0.0,1.0,0.0,97.9,1.1
20190121182808,0.0,0.0,0.0,0.0,0.5,0.0,98.6,0.9
20190121182838,0.0,0.0,0.0,0.0,1.4,0.0,96.1,2.5
20190121182908,0.0,0.0,0.0,0.0,1.9,0.0,94.5,3.6
20190121182938,0.0,0.0,0.0,0.0,0.5,0.0,97.6,1.9
20190121183008,0.0,0.0,0.0,0.0,0.2,0.0,97.9,1.9
20190121183038,0.0,0.0,0.0,0.0,0.3,0.0,97.7,2.0
20190121183108,0.0,0.0,0.0,0.0,0.7,0.0,96.6,2.7
20190121183138,0.0,0.0,0.0,0.0,0.4,0.0,97.8,1.7
20190121183208,0.0,0.0,0.0,0.0,1.6,0.0,96.9,1.4
20190121183238,0.0,0.0,0.0,0.0,0.4,0.0,99.0,0.7
20190121183308,0.0,0.0,0.0,0.0,0.6,0.0,98.8,0.6
20190121183338,0.0,0.0,0.0,0.0,0.4,0.0,99.0,0.5
20190121183408,0.0,0.0,0.0,0.0,0.3,0.0,98.4,1.3
20190121183438,0.0,0.0,0.0,0.0,0.6,0.0,96.8,2.7
20190121183508,0.0,0.0,0.0,0.0,1.1,0.0,97.6,1.3
20190121183538,0.0,0.0,0.0,0.0,0.4,0.0,98.3,1.3
20190121183608,0.0,0.0,0.0,0.0,0.3,0.0,97.6,2.1
20190121183638,0.0,0.0,0.0,0.0,0.3,0.0,99.3,0.4
20190121183708,0.0,0.0,0.0,0.0,0.5,0.0,97.4,2.1
20190121183738,0.0,0.0,0.0,0.0,0.2,0.0,98.7,1.1
20190121183808,0.0,0.0,0.0,0.0,0.1,0.0,98.8,1.1
20190121183838,0.0,0.0,0.0,0.0,0.2,0.0,98.6,1.2
20190121183908,0.0,0.0,0.0,0.0,0.3,0.0,97.7,2.0
20190121183938,0.0,0.0,0.0,0.0,0.9,0.0,96.5,2.6
20190121184008,0.0,0.0,0.0,0.0,0.3,0.0,98.1,1.7
20190121184038,0.0,0.0,0.0,0.0,0.2,0.0,99.0,0.9
20190121184108,0.0,0.0,0.0,0.0,0.9,0.0,97.6,1.5
20190121184138,0.0,0.0,0.0,0.0,0.2,0.0,99.3,0.5
20190121184208,0.0,0.0,0.0,0.0,0.1,0.0,97.6,2.3
20190121184238,0.0,0.0,0.0,0.0,0.3,0.0,98.5,1.2
20190121184308,0.0,0.0,0.0,0.0,0.2,0.0,97.6,2.1
20190121184338,0.0,0.0,0.0,0.0,1.0,0.0,95.2,3.9
20190121184408,0.0,0.0,0.0,0.0,0.6,0.0,96.7,2.6
20190121184438,0.0,0.0,0.0,0.0,0.8,0.0,96.4,2.8
20190121184508,0.0,0.0,0.0,0.0,0.4,0.0,98.7,0.9
20190121184538,0.0,0.0,0.0,0.0,0.2,0.0,99.3,0.5
20190121184608,0.0,0.0,0.0,0.0,0.3,0.0,98.5,1.2
20190121184639,0.0,0.0,0.0,0.0,0.2,0.0,99.0,0.8
20190121184709,0.0,0.0,0.0,0.0,0.2,0.0,98.9,0.9
20190121184739,0.0,0.0,0.0,0.0,0.4,0.0,98.4,1.2
20190121184809,0.0,0.0,0.0,0.0,0.2,0.0,98.7,1.1
20190121184839,0.0,0.0,0.0,0.0,0.1,0.0,99.0,0.9
20190121184909,0.0,0.0,0.0,0.0,0.1,0.0,99.4,0.5
20190121184939,0.0,0.0,0.0,0.0,0.2,0.0,98.1,1.7
20190121185009,0.0,0.0,0.0,0.0,0.2,0.0,99.4,0.4
20190121185039,0.0,0.0,0.0,0.0,0.2,0.0,98.9,0.9
20190121185109,0.0,0.0,0.0,0.0,0.1,0.0,99.1,0.9
20190121185139,0.0,0.0,0.0,0.0,0.1,0.0,98.7,1.2
20190121185209,0.0,0.0,0.0,0.0,0.6,0.0,97.2,2.2
20190121185239,0.0,0.0,0.0,0.0,0.2,0.0,98.5,1.3
20190121185309,0.0,0.0,0.0,0.0,0.2,0.0,99.0,0.8
20190121185339,0.0,0.0,0.0,0.0,0.5,0.0,95.7,3.8
20190121185409,0.0,0.0,0.0,0.0,0.5,0.0,97.0,2.5
20190121185439,0.0,0.0,0.0,0.0,0.2,0.0,98.2,1.6
20190121185509,0.0,0.0,0.0,0.0,0.5,0.0,96.6,2.9
20190121185539,0.0,0.0,0.0,0.0,0.5,0.0,96.8,2.7
20190121185609,0.0,0.0,0.0,0.0,0.4,0.0,95.7,3.9
20190121185639,0.0,0.0,0.0,0.0,0.3,0.0,97.0,2.7
20190121185709,0.0,0.0,0.0,0.0,0.2,0.0,98.6,1.2
20190121185739,0.0,0.0,0.0,0.0,0.2,0.0,98.1,1.7
20190121185809,0.0,0.0,0.0,0.0,0.2,0.0,98.3,1.6
20190121185839,0.0,0.0,0.0,0.0,0.3,0.0,97.4,2.3
20190121185909,0.0,0.0,0.0,0.0,0.2,0.0,99.2,0.6
20190121185939,0.0,0.0,0.0,0.0,0.2,0.0,98.8,1.0
20190121190009,0.0,0.0,0.0,0.0,0.2,0.0,98.2,1.6
20190121190039,0.0,0.0,0.0,0.0,0.2,0.0,98.1,1.6
20190121190109,0.0,0.0,0.0,0.0,0.5,0.0,97.7,1.7
20190121190139,0.0,0.0,0.0,0.0,0.2,0.0,97.4,2.4
20190121190209,0.0,0.0,0.0,0.0,0.2,0.0,98.4,1.4
20190121190239,0.0,0.0,0.0,0.0,0.1,0.0,98.5,1.3
20190121190309,0.0,0.0,0.0,0.0,0.1,0.0,98.9,1.0
20190121190339,0.0,0.0,0.0,0.0,0.2,0.0,97.9,1.9
20190121190409,0.0,0.0,0.0,0.0,0.1,0.0,97.5,2.4
20190121190439,0.0,0.0,0.0,0.0,0.2,0.0,97.6,2.2
20190121190509,0.0,0.0,0.0,0.0,0.1,0.0,97.7,2.1
20190121190539,0.0,0.0,0.0,0.0,0.2,0.0,97.0,2.8
20190121190609,0.0,0.0,0.0,0.0,0.2,0.0,97.1,2.7
20190121190639,0.0,0.0,0.0,0.0,0.3,0.0,96.1,3.7
20190121190709,0.0,0.0,0.0,0.0,0.1,0.0,96.6,3.2
20190121190739,0.0,0.0,0.0,0.0,0.1,0.0,97.2,2.7
20190121190809,0.0,0.0,0.0,0.0,0.1,0.0,96.4,3.5
20190121190839,0.0,0.0,0.0,0.0,0.1,0.0,97.6,2.3
20190121190909,0.0,0.0,0.0,0.0,0.1,0.0,97.1,2.7
20190121190939,0.0,0.0,0.0,0.0,0.1,0.0,97.7,2.3
20190121191009,0.0,0.0,0.0,0.0,0.1,0.0,98.1,1.8
20190121191039,0.0,0.0,0.0,0.0,0.1,0.0,99.0,0.8
20190121191109,0.0,0.0,0.0,0.0,0.5,0.0,97.5,2.0
20190121191139,0.0,0.0,0.0,0.0,0.3,0.0,97.1,2.6
20190121191209,0.0,0.0,0.0,0.0,0.3,0.0,97.7,2.0
20190121191239,0.0,0.0,0.0,0.0,0.3,0.0,96.7,3.0
20190121191309,0.0,0.0,0.0,0.0,0.3,0.0,97.7,2.0
20190121191339,0.0,0.0,0.0,0.0,0.3,0.0,97.7,2.0
20190121191409,0.0,0.0,0.0,0.0,0.3,0.0,98.6,1.1
20190121191439,0.0,0.0,0.0,0.0,0.3,0.0,97.0,2.7
20190121191509,0.0,0.0,0.0,0.0,0.6,0.0,91.6,7.8
20190121191539,0.0,0.0,0.0,0.0,0.2,0.0,97.3,2.5
20190121191609,0.0,0.0,0.0,0.0,0.2,0.0,97.9,1.9
20190121191639,0.0,0.0,0.0,0.0,0.3,0.0,97.5,2.2
20190121191709,0.0,0.0,0.0,0.0,0.2,0.0,97.3,2.5
20190121191739,0.0,0.0,0.0,0.0,0.2,0.0,97.5,2.2
20190121191809,0.0,0.0,0.0,0.0,0.2,0.0,97.2,2.6
20190121191839,0.0,0.0,0.0,0.0,0.3,0.0,93.6,6.1
20190121191909,0.0,0.0,0.0,0.0,0.3,0.0,92.3,7.4
20190121191939,0.0,0.0,0.0,0.0,0.2,0.0,96.2,3.6
20190121192009,0.0,0.0,0.0,0.0,0.3,0.0,97.7,2.0
20190121192039,0.0,0.0,0.0,0.0,1.0,0.0,91.7,7.2
20190121192110,0.0,0.0,0.0,0.0,0.2,0.0,95.8,4.0
20190121192140,0.0,0.0,0.0,0.0,0.6,0.0,93.2,6.2
20190121192210,0.0,0.0,0.0,0.0,0.3,0.0,95.8,3.9
20190121192240,0.0,0.0,0.0,0.0,0.6,0.0,95.7,3.7
20190121192310,0.0,0.0,0.0,0.0,0.2,0.0,95.1,4.7
20190121192340,0.0,0.0,0.0,0.0,0.2,0.0,96.5,3.3
20190121192410,0.0,0.0,0.0,0.0,0.2,0.0,95.4,4.4
20190121192440,0.0,0.0,0.0,0.0,0.6,0.0,95.4,4.0
20190121192510,0.0,0.0,0.0,0.0,0.3,0.0,95.3,4.4
20190121192540,0.0,0.0,0.0,0.0,0.7,0.0,93.0,6.3
20190121192610,0.0,0.0,0.0,0.0,0.4,0.0,94.0,5.6
20190121192640,0.0,0.0,0.0,0.0,0.2,0.0,96.1,3.7
20190121192710,0.0,0.0,0.0,0.0,0.6,0.0,93.5,5.8
20190121192740,0.0,0.0,0.0,0.0,0.6,0.0,96.7,2.7
20190121192810,0.0,0.0,0.0,0.0,0.5,0.0,96.5,3.0
20190121192840,0.0,0.0,0.0,0.0,0.2,0.0,97.6,2.2
20190121192910,0.0,0.0,0.0,0.0,0.4,0.0,97.5,2.1
20190121192940,0.0,0.0,0.0,0.0,0.4,0.0,97.3,2.3
20190121193010,0.0,0.0,0.0,0.0,0.5,0.0,96.0,3.5
20190121193040,0.0,0.0,0.0,0.0,0.6,0.0,96.6,2.8
20190121193110,0.0,0.0,0.0,0.0,0.3,0.0,97.4,2.3
20190121193140,0.0,0.0,0.0,0.0,0.7,0.0,93.5,5.8
20190121193210,0.0,0.0,0.0,0.0,0.5,0.0,96.4,3.1
20190121193240,0.0,0.0,0.0,0.0,0.3,0.0,96.7,3.0
20190121193310,0.0,0.0,0.0,0.0,0.4,0.0,94.4,5.1
20190121193340,0.0,0.0,0.0,0.0,0.1,0.0,97.3,2.6
20190121193410,0.0,0.0,0.0,0.0,0.3,0.0,93.6,6.1
20190121193440,0.0,0.0,0.0,0.0,0.4,0.0,94.1,5.4
20190121193510,0.0,0.0,0.0,0.0,0.1,0.0,97.6,2.3
20190121193540,0.0,0.0,0.0,0.0,0.1,0.0,98.5,1.4
20190121193610,0.0,0.0,0.0,0.0,0.3,0.0,97.9,1.8
20190121193640,0.0,0.0,0.0,0.0,0.1,0.0,98.1,1.8
20190121193710,0.0,0.0,0.0,0.0,0.2,0.0,96.0,3.8
20190121193740,0.0,0.0,0.0,0.0,0.2,0.0,94.6,5.2
20190121193810,0.0,0.0,0.0,0.0,0.1,0.0,97.0,2.9
20190121193840,0.0,0.0,0.0,0.0,0.4,0.0,97.1,2.5
20190121193910,0.0,0.0,0.0,0.0,0.1,0.0,98.3,1.7
20190121193940,0.0,0.0,0.0,0.0,0.1,0.0,98.9,1.0
20190121194010,0.0,0.0,0.0,0.0,0.1,0.0,98.4,1.5
20190121194040,0.0,0.0,0.0,0.0,0.2,0.0,97.9,1.9
20190121194110,0.0,0.0,0.0,0.0,0.3,0.0,96.0,3.7
20190121194140,0.0,0.0,0.0,0.0,0.3,0.0,95.7,3.9
20190121194210,0.0,0.0,0.0,0.0,0.3,0.0,98.1,1.7
20190121194240,0.0,0.0,0.0,0.0,0.1,0.0,99.0,0.8
20190121194310,0.0,0.0,0.0,0.0,0.7,0.0,96.9,2.4
20190121194340,0.0,0.0,0.0,0.0,0.5,0.0,94.5,5.0
20190121194410,0.0,0.0,0.0,0.0,0.1,0.0,98.6,1.3
20190121194440,0.0,0.0,0.0,0.0,0.4,0.0,97.2,2.4
20190121194510,0.0,0.0,0.0,0.0,0.5,0.0,92.2,7.3
20190121194540,0.0,0.0,0.0,0.0,0.1,0.0,98.7,1.1
20190121194610,0.0,0.0,0.0,0.0,0.1,0.0,99.2,0.7
20190121194640,0.0,0.0,0.0,0.0,0.1,0.0,99.1,0.8
20190121194710,0.0,0.0,0.0,0.0,0.1,0.0,98.8,1.1
20190121194740,0.0,0.0,0.0,0.0,0.3,0.0,98.4,1.3
20190121194810,0.0,0.0,0.0,0.0,0.2,0.0,97.9,1.9
20190121194840,0.0,0.0,0.0,0.0,0.1,0.0,98.3,1.7
20190121194910,0.0,0.0,0.0,0.0,0.1,0.0,97.8,2.0
20190121194940,0.0,0.0,0.0,0.0,0.2,0.0,98.0,1.9
20190121195010,0.0,0.0,0.0,0.0,0.0,0.0,98.3,1.6
20190121195040,0.0,0.0,0.0,0.0,0.1,0.0,96.0,3.9
20190121195110,0.0,0.0,0.0,0.0,0.1,0.0,97.6,2.3
20190121195140,0.0,0.0,0.0,0.0,0.1,0.0,96.6,3.2
20190121195210,0.0,0.0,0.0,0.0,0.0,0.0,97.7,2.3
20190121195240,0.0,0.0,0.0,0.0,0.0,0.0,98.4,1.5
20190121195310,0.0,0.0,0.0,0.0,0.1,0.0,98.4,1.6
20190121195340,0.0,0.0,0.0,0.0,0.1,0.0,98.7,1.2
20190121195410,0.0,0.0,0.0,0.0,0.1,0.0,98.5,1.5
20190121195440,0.0,0.0,0.0,0.0,0.1,0.0,98.9,1.0
20190121195511,0.0,0.0,0.0,0.0,0.2,0.0,97.9,2.0
20190121195541,0.0,0.0,0.0,0.0,0.2,0.0,95.8,4.0
20190121195611,0.0,0.0,0.0,0.0,0.4,0.0,94.3,5.2
20190121195641,0.0,0.0,0.0,0.0,0.3,0.0,97.5,2.3
20190121195711,0.0,0.0,0.0,0.0,0.3,0.0,95.8,3.9
20190121195741,0.0,0.0,0.0,0.0,0.3,0.0,95.6,4.1
20190121195811,0.0,0.0,0.0,0.0,0.2,0.0,97.4,2.3
20190121195841,0.0,0.0,0.0,0.0,0.3,0.0,96.8,2.8
20190121195911,0.0,0.0,0.0,0.0,0.3,0.0,96.1,3.6
20190121195941,0.0,0.0,0.0,0.0,0.3,0.0,94.8,4.9
20190121200011,0.0,0.0,0.0,0.0,0.4,0.0,94.5,5.1
20190121200041,0.0,0.0,0.0,0.0,0.4,0.0,96.3,3.2
20190121200111,0.0,0.0,0.0,0.0,0.9,0.0,94.8,4.3
20190121200141,0.0,0.0,0.0,0.0,1.5,0.0,91.0,7.5
20190121200211,0.0,0.0,0.0,0.0,0.8,0.0,92.7,6.5
20190121200241,0.0,0.0,0.0,0.0,0.6,0.0,86.9,12.5
20190121200311,0.0,0.0,0.0,0.0,1.8,0.0,77.2,20.9
20190121200341,0.0,0.0,0.0,0.0,1.0,0.0,88.6,10.3
20190121200411,0.0,0.0,0.0,0.0,0.7,0.0,85.6,13.7
20190121200441,0.0,0.0,0.0,0.0,0.5,0.0,87.6,11.9
20190121200511,0.0,0.0,0.0,0.0,0.9,0.0,86.9,12.1
20190121200541,0.0,0.0,0.0,0.0,0.9,0.0,89.6,9.5
20190121200611,0.0,0.0,0.0,0.0,0.4,0.0,95.8,3.7
20190121200641,0.0,0.0,0.0,0.0,0.7,0.0,90.2,9.0
20190121200711,0.0,0.0,0.0,0.0,0.5,0.0,96.2,3.4
20190121200741,0.0,0.0,0.0,0.0,1.1,0.0,88.1,10.7
20190121200811,0.0,0.0,0.0,0.0,0.3,0.0,85.0,14.6
20190121200841,0.0,0.0,0.0,0.0,0.4,0.0,94.3,5.3
20190121200911,0.0,0.0,0.0,0.0,0.8,0.0,81.1,18.0
20190121200941,0.0,0.0,0.0,0.0,0.5,0.0,88.0,11.5
20190121201011,0.0,0.0,0.0,0.0,0.4,0.0,82.3,17.3
20190121201041,0.0,0.0,0.0,0.0,0.4,0.0,91.3,8.3
20190121201111,0.0,0.0,0.0,0.0,0.4,0.0,93.6,6.1
20190121201141,0.0,0.0,0.0,0.0,0.2,0.0,93.2,6.6
20190121201211,0.0,0.0,0.0,0.0,0.2,0.0,97.1,2.7
20190121201241,0.0,0.0,0.0,0.0,0.5,0.0,84.9,14.5
20190121201311,0.0,0.0,0.0,0.0,0.2,0.0,94.3,5.4
20190121201341,0.0,0.0,0.0,0.0,0.2,0.0,90.6,9.2
20190121201411,0.0,0.0,0.0,0.0,0.3,0.0,94.7,5.0
20190121201441,0.0,0.0,0.0,0.0,0.6,0.0,90.9,8.4
20190121201511,0.0,0.0,0.0,0.0,0.1,0.0,96.5,3.4
20190121201541,0.0,0.0,0.0,0.0,0.2,0.0,94.8,5.0
20190121201611,0.0,0.0,0.0,0.0,0.1,0.0,96.7,3.2
20190121201641,0.0,0.0,0.0,0.0,0.2,0.0,90.7,9.2
20190121201711,0.0,0.0,0.0,0.0,0.3,0.0,90.6,9.1
20190121201741,0.0,0.0,0.0,0.0,0.2,0.0,94.5,5.3
20190121201811,0.0,0.0,0.0,0.0,0.2,0.0,95.8,4.0
20190121201841,0.0,0.0,0.0,0.0,0.2,0.0,94.7,5.1
20190121201911,0.0,0.0,0.0,0.0,0.1,0.0,97.4,2.5
20190121201941,0.0,0.0,0.0,0.0,0.2,0.0,95.0,4.8
20190121202011,0.0,0.0,0.0,0.0,0.2,0.0,91.7,8.1
20190121202041,0.0,0.0,0.0,0.0,0.1,0.0,97.4,2.5
20190121202111,0.0,0.0,0.0,0.0,0.2,0.0,91.6,8.2
20190121202141,0.0,0.0,0.0,0.0,0.3,0.0,93.8,5.9
20190121202211,0.0,0.0,0.0,0.0,0.5,0.0,88.5,10.9
20190121202242,0.0,0.0,0.0,0.0,0.5,0.0,91.1,8.3
20190121202312,0.0,0.0,0.0,0.0,0.3,0.0,88.9,10.9
20190121202342,0.0,0.0,0.0,0.0,0.4,0.0,91.0,8.5
20190121202412,0.0,0.0,0.0,0.0,0.4,0.0,90.0,9.5
20190121202442,0.0,0.0,0.0,0.0,0.5,0.0,91.4,8.1
20190121202512,0.0,0.0,0.0,0.0,0.6,0.0,84.0,15.3
20190121202542,0.0,0.0,0.0,0.0,0.2,0.0,96.1,3.6
20190121202612,0.0,0.0,0.0,0.0,1.3,0.0,87.1,11.5
20190121202642,0.0,0.0,0.0,0.0,0.2,0.0,91.5,8.3
20190121202712,0.0,0.0,0.0,0.0,0.5,0.0,83.9,15.5
20190121202742,0.0,0.0,0.0,0.0,0.3,0.0,88.2,11.5
20190121202812,0.0,0.0,0.0,0.0,0.5,0.0,90.5,9.0
20190121202842,0.0,0.0,0.0,0.0,0.5,0.0,83.8,15.7
20190121202912,0.0,0.0,0.0,0.0,0.3,0.0,88.0,11.6
20190121202942,0.0,0.0,0.0,0.0,0.9,0.0,86.3,12.7
20190121203012,0.0,0.0,0.0,0.0,0.3,0.0,91.1,8.7
20190121203042,0.0,0.0,0.0,0.0,0.2,0.0,94.4,5.5
20190121203112,0.0,0.0,0.0,0.0,0.3,0.0,83.9,15.7
20190121203142,0.0,0.0,0.0,0.0,0.1,0.0,96.9,3.0
20190121203212,0.0,0.0,0.0,0.0,0.1,0.0,97.2,2.7
20190121203242,0.0,0.0,0.0,0.0,0.3,0.0,91.8,7.9
20190121203312,0.0,0.0,0.0,0.0,0.2,0.0,93.0,6.8
20190121203342,0.0,0.0,0.0,0.0,0.2,0.0,93.7,6.1
20190121203412,0.0,0.0,0.0,0.0,0.4,0.0,93.6,6.0
20190121203442,0.0,0.0,0.0,0.0,0.1,0.0,97.4,2.5
20190121203512,0.0,0.0,0.0,0.0,0.2,0.0,94.3,5.5
20190121203542,0.0,0.0,0.0,0.0,0.1,0.0,97.8,2.0
20190121203612,0.0,0.0,0.0,0.0,0.2,0.0,96.3,3.6
20190121203642,0.0,0.0,0.0,0.0,0.1,0.0,97.0,2.8
20190121203712,0.0,0.0,0.0,0.0,0.1,0.0,98.6,1.3
20190121203742,0.0,0.0,0.0,0.0,0.2,0.0,97.8,1.9
20190121203812,0.0,0.0,0.0,0.0,0.3,0.0,97.2,2.4
20190121203842,0.0,0.0,0.0,0.0,0.3,0.0,97.6,2.1
20190121203912,0.0,0.0,0.0,0.0,0.2,0.0,97.5,2.3
20190121203942,0.0,0.0,0.0,0.0,0.3,0.0,97.5,2.1
20190121204012,0.0,0.0,0.0,0.0,0.2,0.0,97.1,2.7
20190121204042,0.0,0.0,0.0,0.0,0.3,0.0,97.3,2.4
20190121204112,0.0,0.0,0.0,0.0,0.4,0.0,97.7,1.9
20190121204142,0.0,0.0,0.0,0.0,0.3,0.0,97.4,2.3
20190121204212,0.0,0.0,0.0,0.0,0.1,0.0,98.8,1.1
20190121204242,0.0,0.0,0.0,0.0,0.2,0.0,98.5,1.3
20190121204312,0.0,0.0,0.0,0.0,0.4,0.0,97.9,1.7
20190121204342,0.0,0.0,0.0,0.0,0.2,0.0,96.9,2.8
20190121204412,0.0,0.0,0.0,0.0,0.3,0.0,97.8,1.9
20190121204442,0.0,0.0,0.0,0.0,0.2,0.0,97.2,2.6
20190121204512,0.0,0.0,0.0,0.0,0.2,0.0,98.3,1.5
20190121204542,0.0,0.0,0.0,0.0,0.2,0.0,97.2,2.5
20190121204612,0.0,0.0,0.0,0.0,0.3,0.0,97.7,1.9
20190121204642,0.0,0.0,0.0,0.0,0.4,0.0,96.7,2.9
20190121204712,0.0,0.0,0.0,0.0,0.2,0.0,98.2,1.6
20190121204742,0.0,0.0,0.0,0.0,0.3,0.0,97.9,1.7
20190121204812,0.0,0.0,0.0,0.0,0.3,0.0,98.0,1.7
20190121204842,0.0,0.0,0.0,0.0,1.1,0.0,95.9,2.9
20190121204912,0.0,0.0,0.0,0.0,0.7,0.0,96.4,3.0
20190121204942,0.0,0.0,0.0,0.0,0.8,0.0,94.1,5.1
20190121205012,0.0,0.0,0.0,0.0,0.5,0.0,96.5,3.0
20190121205042,0.0,0.0,0.0,0.0,0.3,0.0,98.3,1.4
20190121205112,0.0,0.0,0.0,0.0,0.3,0.0,98.4,1.3
20190121205142,0.0,0.0,0.0,0.0,0.3,0.0,98.9,0.8
20190121205212,0.0,0.0,0.0,0.0,0.3,0.0,98.7,1.0
20190121205242,0.0,0.0,0.0,0.0,0.1,0.0,98.5,1.4
20190121205312,0.0,0.0,0.0,0.0,0.6,0.0,97.5,1.9
20190121205342,0.0,0.0,0.0,0.0,0.3,0.0,98.5,1.1
20190121205412,0.0,0.0,0.0,0.0,0.7,0.0,95.2,4.1
20190121205442,0.0,0.0,0.0,0.0,0.4,0.0,96.9,2.7
20190121205512,0.0,0.0,0.0,0.0,0.4,0.0,96.9,2.7
20190121205542,0.0,0.0,0.0,0.0,0.8,0.0,95.1,4.0
20190121205612,0.0,0.0,0.0,0.0,0.8,0.0,95.0,4.2
20190121205643,0.0,0.0,0.0,0.0,1.2,0.0,94.6,4.1
20190121205713,0.0,0.0,0.0,0.0,0.4,0.0,96.2,3.4
20190121205743,0.0,0.0,0.0,0.0,0.3,0.0,95.4,4.3
20190121205813,0.0,0.0,0.0,0.0,0.6,0.0,95.4,4.0
20190121205843,0.0,0.0,0.0,0.0,0.4,0.0,96.5,3.2
20190121205913,0.0,0.0,0.0,0.0,0.3,0.0,97.7,2.0
20190121205943,0.0,0.0,0.0,0.0,0.4,0.0,96.7,2.9
20190121210013,0.0,0.0,0.0,0.0,0.3,0.0,96.4,3.3
20190121210043,0.0,0.0,0.0,0.0,1.1,0.0,94.9,4.1
20190121210113,0.0,0.0,0.0,0.0,0.5,0.0,89.9,9.6
20190121210143,0.0,0.0,0.0,0.0,0.4,0.0,94.6,5.0
20190121210213,0.0,0.0,0.0,0.0,0.2,0.0,95.4,4.3
20190121210243,0.0,0.0,0.0,0.0,0.1,0.0,98.5,1.3
20190121210313,0.0,0.0,0.0,0.0,1.0,0.0,93.4,5.6
20190121210343,0.0,0.0,0.0,0.0,0.4,0.0,92.3,7.3
20190121210413,0.0,0.0,0.0,0.0,1.5,0.0,82.9,15.5
20190121210443,0.0,0.0,0.0,0.0,0.3,0.0,96.6,3.0
20190121210513,0.0,0.0,0.0,0.0,0.4,0.0,89.7,9.8
20190121210543,0.0,0.0,0.0,0.0,0.2,0.0,91.8,8.0
20190121210613,0.0,0.0,0.0,0.0,0.2,0.0,95.0,4.8
