UT,arc,discrete,diffuse,ac,ab,clear,cloudy,dd
20190115135500,0.0,0.0,0.0,0.0,0.0,0.0,0.0,100.0
20190115135530,0.0,0.0,0.0,0.0,0.0,0.0,0.0,100.0
20190115135600,0.0,0.0,0.0,0.0,0.0,0.0,0.0,100.0
20190115135630,0.0,0.0,0.0,0.0,0.0,0.0,0.0,100.0
20190115135700,0.0,0.0,0.0,0.0,0.0,0.0,0.0,100.0
20190115135730,0.0,0.0,0.0,0.0,0.0,0.0,0.0,100.0
20190115135801,0.0,0.0,0.0,0.0,0.0,0.0,0.0,100.0
20190115135831,0.0,0.0,0.0,0.0,0.0,0.0,0.0,100.0
20190115135901,0.0,0.0,0.0,0.0,0.0,0.0,0.0,100.0
20190115135931,0.0,0.0,0.0,0.0,0.0,0.0,0.0,100.0
20190115140001,0.0,0.0,0.0,0.0,0.0,0.0,0.0,100.0
20190115140031,0.0,0.0,0.0,0.0,0.0,0.0,0.0,100.0
20190115140101,0.0,0.0,0.0,0.0,0.0,0.0,0.0,100.0
20190115140131,0.0,0.0,0.0,0.0,0.0,0.0,0.0,100.0
20190115140201,0.0,0.0,0.0,0.0,0.0,0.0,0.0,100.0
20190115140231,0.0,0.0,0.0,0.0,0.0,0.0,0.0,100.0
20190115140301,0.0,0.0,0.0,0.0,0.0,0.0,0.0,100.0
20190115140331,0.0,0.0,0.0,0.0,0.0,0.0,0.0,100.0
20190115140401,0.0,0.0,0.0,0.0,0.0,0.0,0.0,100.0
20190115140431,0.0,0.0,0.0,0.0,0.0,0.0,0.0,100.0
20190115140501,0.0,0.0,0.0,0.0,0.0,0.0,0.0,100.0
20190115140531,0.0,0.0,0.0,0.0,0.0,0.0,0.0,100.0
20190115140601,0.0,0.0,0.0,0.0,0.0,0.0,0.0,100.0
20190115140631,0.0,0.0,0.0,0.0,0.0,0.0,0.0,100.0
20190115140701,0.0,0.0,0.0,0.0,0.0,0.0,0.0,100.0
20190115140731,0.0,0.0,0.0,0.0,0.0,0.0,0.0,100.0
20190115140801,0.0,0.0,0.0,0.0,0.0,0.0,0.0,100.0
20190115140831,0.0,0.0,0.0,0.0,0.0,0.0,0.0,100.0
20190115140901,0.0,0.0,0.0,0.0,0.0,0.0,0.0,100.0
20190115140931,0.0,0.0,0.0,0.0,0.0,0.0,0.0,100.0
20190115141001,0.0,0.0,0.0,0.0,0.0,0.0,0.0,100.0
20190115141031,0.0,0.0,0.0,0.0,0.0,0.0,0.0,100.0
20190115141101,0.0,0.0,0.0,0.0,0.0,0.0,0.0,100.0
20190115141131,0.0,0.0,0.0,0.0,0.0,0.0,0.0,100.0
20190115141201,0.0,0.0,0.0,0.0,0.0,0.0,0.0,100.0
20190115141231,0.0,0.0,0.0,0.0,0.0,0.0,0.0,100.0
20190115141301,0.0,0.0,0.0,0.0,0.0,0.0,0.0,100.0
20190115141331,0.0,0.0,0.0,0.0,0.0,0.0,0.0,100.0
20190115141401,0.0,0.0,0.0,0.0,0.0,0.0,0.0,100.0
20190115141431,0.0,0.0,0.0,0.0,0.0,0.0,0.0,100.0
20190115141501,0.0,0.0,0.0,0.0,0.0,0.0,0.0,100.0
20190115141531,0.0,0.0,0.0,0.0,0.0,0.0,0.0,100.0
20190115141601,0.0,0.0,0.0,0.0,0.0,0.0,0.0,100.0
20190115141631,0.0,0.0,0.0,0.0,0.0,0.0,0.0,100.0
20190115141701,0.0,0.0,0.0,0.0,0.0,0.0,0.0,100.0
20190115141731,0.0,0.0,0.0,0.0,0.0,0.0,0.0,100.0
20190115141801,0.0,0.0,0.0,0.0,0.0,0.0,0.0,100.0
20190115141831,0.0,0.0,0.0,0.0,0.0,0.0,0.0,100.0
20190115141901,0.0,0.0,0.0,0.0,0.0,0.0,0.0,100.0
20190115141931,0.0,0.0,0.0,0.0,0.0,0.0,0.0,100.0
20190115142001,0.0,0.0,0.0,0.0,0.0,0.0,0.0,100.0
20190115142031,0.0,0.0,0.0,0.0,0.0,0.0,0.0,100.0
20190115142101,0.0,0.0,0.0,0.0,0.0,0.0,0.0,100.0
20190115142131,0.0,0.0,0.0,0.0,0.0,0.0,0.0,100.0
20190115142201,0.0,0.0,0.0,0.0,0.0,0.0,0.0,100.0
20190115142231,0.0,0.0,0.0,0.0,0.0,0.0,0.0,100.0
20190115142301,0.0,0.0,0.0,0.0,0.0,0.0,0.0,100.0
20190115142331,0.0,0.0,0.0,0.0,0.0,0.0,0.0,100.0
20190115142401,0.0,0.0,0.0,0.0,0.0,0.0,0.0,100.0
20190115142431,0.0,0.0,0.0,0.0,0.0,0.0,0.0,100.0
20190115142501,0.0,0.0,0.0,0.0,0.0,0.0,0.0,100.0
20190115142531,0.0,0.0,0.0,0.0,0.0,0.0,0.0,100.0
20190115142601,0.0,0.0,0.0,0.0,0.0,0.0,0.0,100.0
20190115142631,0.0,0.0,0.0,0.0,0.0,0.0,0.0,100.0
20190115142701,0.0,0.0,0.0,0.0,0.0,0.0,0.0,100.0
20190115142731,0.0,0.0,0.0,0.0,0.0,0.0,0.0,100.0
20190115142801,0.0,0.0,0.0,0.0,0.0,0.0,0.0,100.0
20190115142831,0.0,0.0,0.0,0.0,0.0,0.0,0.0,100.0
20190115142901,0.0,0.0,0.0,0.0,0.0,0.0,0.0,100.0
20190115142931,0.0,0.0,0.0,0.0,0.0,0.0,0.0,100.0
20190115143001,0.0,0.0,0.0,0.0,0.0,0.0,0.0,100.0
20190115143031,0.0,0.0,0.0,0.0,0.0,0.0,0.0,100.0
20190115143101,0.0,0.0,0.0,0.0,0.0,0.0,0.0,100.0
20190115143131,0.0,0.0,0.0,0.0,0.0,0.0,0.0,100.0
20190115143202,0.0,0.0,0.0,0.0,0.0,0.0,0.0,100.0
20190115143232,0.0,0.0,0.0,0.0,0.0,0.0,0.0,100.0
20190115143302,0.0,0.0,0.0,0.0,0.0,0.0,0.0,100.0
20190115143332,0.0,0.0,0.0,0.0,0.0,0.0,0.0,100.0
20190115143402,0.0,0.0,0.0,0.0,0.0,0.0,0.0,100.0
20190115143432,0.0,0.0,0.0,0.0,0.0,0.0,0.0,100.0
20190115143502,0.0,0.0,0.0,0.0,0.0,0.0,0.0,100.0
20190115143532,0.0,0.0,0.0,0.0,0.0,0.0,0.0,100.0
20190115143602,0.0,0.0,0.0,0.0,0.0,0.0,0.0,100.0
20190115143632,0.0,0.0,0.0,0.0,0.0,0.0,0.0,100.0
20190115143702,0.0,0.0,0.0,0.0,0.0,0.0,0.0,100.0
20190115143732,0.0,0.0,0.0,0.0,0.0,0.0,0.0,100.0
20190115143802,0.0,0.0,0.0,0.0,0.0,0.0,0.0,100.0
20190115143832,0.0,0.0,0.0,0.0,0.0,0.0,0.0,100.0
20190115143902,0.0,0.0,0.0,0.0,0.0,0.0,0.0,100.0
20190115143932,0.0,0.0,0.0,0.0,0.0,0.0,0.0,100.0
20190115144002,0.0,0.0,0.0,0.0,0.0,0.0,0.0,100.0
20190115144032,0.0,0.0,0.0,0.0,0.0,0.0,0.0,100.0
20190115144102,0.0,0.0,0.0,0.0,0.0,0.0,0.0,100.0
20190115144132,0.0,0.0,0.0,0.0,0.0,0.0,0.0,100.0
20190115144202,0.0,0.0,0.0,0.0,0.0,0.0,0.0,100.0
20190115144232,0.0,0.0,0.0,0.0,0.0,0.0,0.0,100.0
20190115144302,0.0,0.0,0.0,0.0,0.0,0.0,0.0,100.0
20190115144332,0.0,0.0,0.0,0.0,0.0,0.0,0.0,100.0
20190115144402,0.0,0.0,0.0,0.0,0.0,0.0,0.0,100.0
20190115144432,0.0,0.0,0.0,0.0,0.0,0.0,0.0,100.0
20190115144502,0.0,0.0,0.0,0.0,0.0,0.0,0.0,100.0
20190115144532,0.0,0.0,0.0,0.0,0.0,0.0,0.0,100.0
20190115144602,0.0,0.0,0.0,0.0,0.0,0.0,0.0,100.0
20190115144632,0.0,0.0,0.0,0.0,0.0,0.0,0.0,100.0
20190115144702,0.0,0.0,0.0,0.0,0.0,0.0,0.0,100.0
20190115144732,0.0,0.0,0.0,0.0,0.0,0.0,0.0,100.0
20190115144802,0.0,0.0,0.0,0.0,0.0,0.0,0.0,100.0
20190115144832,0.0,0.0,0.0,0.0,0.0,0.0,0.0,100.0
20190115144902,0.0,0.0,0.0,0.0,0.0,0.0,0.0,100.0
20190115144932,0.0,0.0,0.0,0.0,0.0,0.0,0.0,100.0
20190115145002,0.0,0.0,0.0,0.0,0.0,0.0,0.0,100.0
20190115145032,0.0,0.0,0.0,0.0,0.0,0.0,0.0,100.0
20190115145102,0.0,0.0,0.0,0.0,0.0,0.0,0.0,100.0
20190115145132,0.0,0.0,0.0,0.0,0.0,0.0,0.0,100.0
20190115145202,0.0,0.0,0.0,0.0,0.0,0.0,0.0,99.9
20190115145232,0.0,0.0,0.0,0.0,0.0,0.0,0.0,100.0
20190115145302,0.0,0.0,0.0,0.0,0.0,0.1,0.0,99.8
20190115145332,0.0,0.0,0.0,0.0,0.0,0.0,0.0,99.9
20190115145402,0.0,0.0,0.0,0.0,0.0,0.1,0.0,99.8
20190115145432,0.0,0.0,0.0,0.0,0.0,0.0,0.1,99.8
20190115145632,0.0,0.0,0.0,0.0,0.1,0.0,0.0,99.9
20190115145702,0.0,0.0,0.0,0.0,0.2,0.0,0.0,99.8
20190115145732,0.0,0.0,0.0,0.0,0.2,0.0,0.0,99.8
20190115145802,0.0,0.0,0.0,0.0,0.1,0.0,0.0,99.8
20190115145832,0.0,0.0,0.0,0.0,0.2,0.0,0.0,99.8
20190115145902,0.0,0.0,0.0,0.0,0.1,0.0,0.0,99.9
20190115145933,0.0,0.0,0.0,0.0,0.1,0.0,0.0,99.9
20190115150003,0.0,0.0,0.0,0.0,0.2,0.0,0.1,99.7
20190115150033,0.0,0.0,0.0,0.0,0.3,0.0,0.0,99.6
20190115150103,0.0,0.0,0.0,0.0,0.3,0.0,0.0,99.6
20190115150133,0.0,0.0,0.0,0.0,0.2,0.0,0.0,99.8
20190115150203,0.0,0.0,0.0,0.0,0.2,0.0,0.0,99.8
20190115150233,0.0,0.0,0.0,0.0,0.2,0.0,0.0,99.8
20190115150303,0.0,0.0,0.0,0.0,0.1,0.0,0.0,99.9
20190115150333,0.0,0.0,0.0,0.0,0.1,0.0,0.0,99.9
20190115150403,0.0,0.0,0.0,0.0,0.0,0.0,0.0,100.0
20190115150433,0.0,0.0,0.0,0.0,0.1,0.0,0.0,99.9
20190115150503,0.0,0.0,0.0,0.0,0.1,0.0,0.0,99.9
20190115150533,0.0,0.0,0.0,0.0,0.2,0.0,0.0,99.8
20190115150603,0.0,0.0,0.0,0.0,0.1,0.0,0.0,99.9
20190115150633,0.0,0.0,0.0,0.0,0.3,0.0,0.0,99.7
20190115150703,0.0,0.0,0.0,0.0,0.7,0.0,0.2,99.1
20190115150733,0.0,0.0,0.0,0.0,1.2,0.0,0.1,98.7
20190115150803,0.0,0.0,0.0,0.0,0.3,0.0,0.1,99.6
20190115150833,0.0,0.0,0.0,0.0,0.5,0.0,0.1,99.5
20190115150903,0.0,0.0,0.0,0.0,2.1,0.0,0.6,97.2
20190115150933,0.0,0.0,0.0,0.0,2.9,0.0,0.5,96.7
20190115151003,0.0,0.0,0.0,0.0,0.8,0.0,0.1,99.1
20190115151033,0.0,0.0,0.0,0.0,1.0,0.0,0.1,98.9
20190115151103,0.0,0.0,0.0,0.0,0.8,0.0,0.1,99.1
20190115151133,0.0,0.0,0.0,0.0,2.3,0.0,0.3,97.4
20190115151203,0.0,0.0,0.0,0.0,2.4,0.0,0.7,96.9
20190115151233,0.0,0.0,0.0,0.0,1.2,0.0,0.3,98.5
20190115151303,0.0,0.0,0.0,0.1,2.4,0.0,0.6,96.9
20190115151333,0.0,0.0,0.0,0.1,5.1,0.0,1.1,93.7
20190115151403,0.0,0.0,0.0,0.2,9.3,0.0,2.0,88.6
20190115151433,0.0,0.0,0.0,0.1,4.4,0.0,0.7,94.8
20190115151503,0.0,0.0,0.0,0.1,2.3,0.0,2.6,94.9
20190115151533,0.0,0.0,0.0,0.6,9.3,0.0,2.5,87.6
20190115151603,0.0,0.0,0.0,0.7,5.6,0.0,2.8,90.9
20190115151633,0.0,0.0,0.0,0.4,3.0,0.0,2.1,94.5
20190115151703,0.0,0.0,0.0,0.0,0.3,0.0,1.1,98.6
20190115151733,0.0,0.0,0.0,0.0,0.5,0.0,0.6,98.9
20190115151803,0.0,0.0,0.0,0.2,5.2,0.0,2.7,91.9
20190115151833,0.0,0.0,0.0,0.4,3.7,0.0,14.9,80.9
20190115151903,0.0,0.0,0.0,0.5,17.6,0.0,10.9,71.0
20190115151933,0.0,0.0,0.0,0.2,24.3,0.0,13.5,61.9
20190115152003,0.0,0.0,0.0,0.2,8.9,0.0,10.7,80.1
20190115152033,0.0,0.0,0.0,0.3,10.6,0.0,53.1,36.0
20190115152103,0.0,0.0,0.0,0.2,12.0,0.0,15.8,72.0
20190115152133,0.0,0.0,0.0,0.4,21.7,0.0,26.2,51.6
20190115152203,0.0,0.0,0.0,0.4,27.4,0.0,23.8,48.3
20190115152233,0.0,0.0,0.0,0.3,24.4,0.0,26.7,48.5
20190115152303,0.0,0.0,0.0,0.2,18.7,0.0,40.7,40.4
20190115152333,0.0,0.0,0.0,0.1,7.1,0.0,8.8,84.0
20190115152403,0.0,0.0,0.0,0.0,25.8,0.0,12.6,61.5
20190115152433,0.0,0.0,0.0,0.0,73.6,0.0,4.7,21.7
20190115152503,0.0,0.0,0.0,0.0,46.7,0.0,1.9,51.3
20190115152533,0.0,0.0,0.0,0.0,5.9,0.0,0.0,94.1
20190115152603,0.0,0.0,0.0,0.0,0.3,0.0,0.0,99.7
20190115152633,0.0,0.0,0.0,0.0,0.1,0.0,0.0,99.9
20190115152703,0.0,0.0,0.0,0.0,0.4,0.0,0.0,99.6
20190115152733,0.0,0.0,0.0,0.0,0.2,0.0,0.0,99.8
20190115152803,0.0,0.0,0.0,0.0,0.2,0.0,0.0,99.8
20190115152833,0.0,0.0,0.0,0.0,0.2,0.0,0.0,99.8
20190115152903,0.0,0.0,0.0,0.0,0.1,0.0,0.0,99.9
20190115152933,0.0,0.0,0.0,0.0,0.0,0.0,0.0,100.0
20190115153003,0.0,0.0,0.0,0.0,0.6,0.0,0.0,99.4
20190115153033,0.0,0.0,0.0,0.0,0.2,0.0,0.0,99.8
20190115153103,0.0,0.0,0.0,0.0,0.1,0.0,0.0,99.9
20190115153133,0.0,0.0,0.0,0.0,0.1,0.0,0.0,99.9
20190115153203,0.0,0.0,0.0,0.0,0.2,0.0,0.0,99.8
20190115153233,0.0,0.0,0.0,0.0,0.5,0.0,0.0,99.5
20190115153303,0.0,0.0,0.0,0.0,0.1,0.0,0.1,99.8
20190115153334,0.0,0.0,0.0,0.0,0.0,0.0,0.0,100.0
20190115153404,0.0,0.0,0.0,0.0,0.0,0.0,0.0,100.0
20190115153434,0.0,0.0,0.0,0.0,0.0,0.0,0.0,99.9
20190115153504,0.0,0.0,0.0,0.0,0.0,0.0,0.0,99.9
20190115153534,0.0,0.0,0.0,0.0,0.0,0.0,0.0,100.0
20190115153604,0.0,0.0,0.0,0.0,0.0,0.0,0.0,99.9
20190115153634,0.0,0.0,0.0,0.0,0.2,0.0,0.0,99.8
20190115153704,0.0,0.0,0.0,0.0,0.2,0.0,0.0,99.8
20190115153734,0.0,0.0,0.0,0.0,0.1,0.0,0.1,99.8
20190115153804,0.0,0.0,0.0,0.0,0.1,0.0,0.1,99.8
20190115153834,0.0,0.0,0.0,0.0,0.0,0.0,0.1,99.9
20190115153904,0.0,0.0,0.0,0.0,0.2,0.0,0.5,99.3
20190115153934,0.0,0.0,0.0,0.0,1.3,0.0,0.3,98.4
20190115154004,0.0,0.0,0.0,0.0,1.5,0.0,0.2,98.3
20190115154034,0.0,0.0,0.0,0.0,0.0,0.0,0.3,99.7
20190115154104,0.0,0.0,0.0,0.0,0.1,0.0,0.0,99.9
20190115154134,0.0,0.0,0.0,0.0,0.0,0.0,0.1,99.9
20190115154204,0.0,0.0,0.0,0.0,0.0,0.0,0.0,99.9
20190115154234,0.0,0.0,0.0,0.0,0.0,0.0,0.0,99.9
20190115154304,0.0,0.0,0.0,0.0,0.5,0.0,0.4,99.1
20190115154334,0.0,0.0,0.0,0.0,0.1,0.0,0.0,99.9
20190115154404,0.0,0.0,0.0,0.0,0.3,0.0,0.2,99.5
20190115154434,0.0,0.0,0.0,0.0,0.1,0.0,0.1,99.7
20190115154504,0.0,0.0,0.0,0.0,0.0,0.0,0.0,99.9
20190115154534,0.0,0.0,0.0,0.0,0.1,0.0,0.3,99.6
20190115154604,0.0,0.0,0.0,0.0,0.2,0.0,0.1,99.7
20190115154634,0.0,0.0,0.0,0.0,0.0,0.0,0.1,99.9
20190115154704,0.0,0.0,0.0,0.0,0.1,0.0,0.0,99.9
20190115154734,0.0,0.0,0.0,0.0,0.1,0.0,0.0,99.9
20190115154804,0.0,0.0,0.0,0.0,0.0,0.0,0.2,99.8
20190115154834,0.0,0.0,0.0,0.0,0.1,0.0,0.1,99.7
20190115154904,0.0,0.0,0.0,0.0,0.0,0.0,0.0,100.0
20190115154934,0.0,0.0,0.0,0.0,0.0,0.0,0.0,100.0
20190115155004,0.0,0.0,0.0,0.0,0.0,0.0,0.0,99.9
20190115155034,0.0,0.0,0.0,0.0,0.0,0.0,0.0,99.9
20190115155104,0.0,0.0,0.0,0.0,0.0,0.0,0.0,100.0
20190115155134,0.0,0.0,0.0,0.0,0.0,0.0,0.1,99.9
20190115155204,0.0,0.0,0.0,0.0,0.0,0.0,0.0,100.0
20190115155234,0.0,0.0,0.0,0.0,0.1,0.0,0.0,99.9
20190115155304,0.0,0.0,0.0,0.0,0.0,0.0,0.0,100.0
20190115155334,0.0,0.0,0.0,0.0,0.0,0.0,0.0,100.0
20190115155404,0.0,0.0,0.0,0.0,0.0,0.0,0.0,100.0
20190115155434,0.0,0.0,0.0,0.0,0.1,0.0,0.3,99.6
20190115155504,0.0,0.0,0.0,0.0,0.0,0.0,0.1,99.9
20190115155534,0.0,0.0,0.0,0.0,0.1,0.0,0.5,99.4
20190115155604,0.0,0.0,0.0,0.0,0.0,0.0,0.1,99.9
20190115155634,0.0,0.0,0.0,0.0,0.0,0.0,0.1,99.9
20190115155704,0.0,0.0,0.0,0.0,0.0,0.0,0.0,100.0
20190115155734,0.0,0.0,0.0,0.0,0.0,0.0,0.1,99.9
20190115155804,0.0,0.0,0.0,0.0,0.0,0.0,0.8,99.2
20190115155834,0.0,0.0,0.0,0.0,0.1,0.0,5.2,94.7
20190115155904,0.0,0.0,0.0,0.0,0.1,0.0,3.5,96.4
20190115155934,0.0,0.0,0.0,0.0,0.1,0.0,9.5,90.5
20190115160004,0.0,0.0,0.0,0.0,0.1,0.0,10.7,89.2
20190115160034,0.0,0.0,0.0,0.0,0.1,0.0,8.9,91.0
20190115160104,0.0,0.0,0.0,0.0,0.4,0.0,10.5,89.1
20190115160134,0.0,0.0,0.0,0.0,0.2,0.0,24.8,74.9
20190115160204,0.0,0.0,0.0,0.0,0.6,0.1,53.3,45.9
20190115160234,0.0,0.0,0.0,0.0,0.3,0.0,51.6,48.1
20190115160304,0.0,0.0,0.0,0.0,1.5,0.0,88.4,10.1
20190115160334,0.0,0.0,0.0,0.0,0.9,0.0,64.7,34.2
20190115160404,0.0,0.0,0.0,0.0,0.3,0.0,79.9,19.8
20190115160434,0.0,0.0,0.0,0.0,0.4,0.0,70.4,29.2
20190115160504,0.0,0.0,0.0,0.0,0.1,0.0,67.8,32.0
20190115160534,0.0,0.0,0.0,0.0,0.2,0.0,93.2,6.5
20190115160604,0.0,0.0,0.0,0.0,0.2,0.0,80.8,19.0
20190115160634,0.0,0.0,0.0,0.0,0.1,0.0,88.2,11.7
20190115160704,0.0,0.0,0.0,0.0,0.2,0.0,96.6,3.2
20190115160735,0.0,0.0,0.0,0.0,0.3,0.0,86.8,12.8
20190115160805,0.0,0.0,0.0,0.0,0.0,0.0,82.5,17.4
20190115160835,0.0,0.0,0.0,0.0,0.0,0.0,96.3,3.7
20190115160905,0.0,0.0,0.0,0.0,0.0,0.0,97.0,3.0
20190115160935,0.0,0.0,0.0,0.0,0.0,0.0,90.2,9.8
20190115161005,0.0,0.0,0.0,0.0,0.0,0.0,70.8,29.2
20190115161035,0.0,0.0,0.0,0.0,0.0,0.0,89.6,10.4
20190115161105,0.0,0.0,0.0,0.0,0.0,0.0,80.8,19.1
20190115161135,0.0,0.0,0.0,0.0,0.0,0.0,47.0,53.0
20190115161205,0.0,0.0,0.0,0.0,0.0,0.0,92.2,7.8
20190115161235,0.0,0.0,0.0,0.0,0.0,0.0,82.8,17.2
20190115161305,0.0,0.0,0.0,0.0,0.0,0.0,95.1,4.9
20190115161335,0.0,0.0,0.0,0.0,0.0,0.0,83.3,16.6
20190115161405,0.0,0.0,0.0,0.0,0.0,0.0,95.9,4.1
20190115161435,0.0,0.0,0.0,0.0,0.0,0.0,97.6,2.4
20190115161505,0.0,0.0,0.0,0.0,0.0,0.0,96.4,3.6
20190115161535,0.0,0.0,0.0,0.0,0.0,0.0,96.9,3.1
20190115161605,0.0,0.0,0.0,0.0,0.0,0.0,88.5,11.5
20190115161635,0.0,0.0,0.0,0.0,0.0,0.0,96.0,4.0
20190115161705,0.0,0.0,0.0,0.0,0.0,0.0,98.4,1.6
20190115161735,0.0,0.0,0.0,0.0,0.0,0.0,81.3,18.7
20190115161805,0.0,0.0,0.0,0.0,0.0,0.0,97.3,2.7
20190115161835,0.0,0.0,0.0,0.0,0.0,0.0,89.6,10.4
20190115161905,0.0,0.0,0.0,0.0,0.0,0.0,99.1,0.9
20190115161935,0.0,0.0,0.0,0.0,0.0,0.0,78.7,21.3
20190115162005,0.0,0.0,0.0,0.0,0.0,0.0,99.8,0.2
20190115162035,0.0,0.0,0.0,0.0,0.0,0.0,98.9,1.1
20190115162105,0.0,0.0,0.0,0.0,0.0,0.0,99.5,0.5
20190115162135,0.0,0.0,0.0,0.0,0.0,0.0,99.7,0.3
20190115162205,0.0,0.0,0.0,0.0,0.0,0.0,99.8,0.2
20190115162235,0.0,0.0,0.0,0.0,0.0,0.0,99.8,0.2
20190115162305,0.0,0.0,0.0,0.0,0.0,0.0,98.1,1.8
20190115162335,0.0,0.0,0.0,0.0,0.0,0.0,99.0,1.0
20190115162405,0.0,0.0,0.1,0.2,0.0,0.0,88.2,11.5
20190115162435,0.0,0.0,0.0,0.2,0.0,0.0,93.4,6.3
20190115162505,0.0,0.0,0.0,0.1,0.0,0.0,98.6,1.3
20190115162535,0.0,0.0,0.0,0.1,0.2,0.0,98.8,0.8
20190115162605,0.0,0.0,0.0,0.2,0.2,0.0,98.5,1.1
20190115162635,0.0,0.0,1.0,0.1,0.6,0.0,95.9,2.3
20190115162705,0.0,0.0,0.3,0.0,0.2,0.0,98.3,1.1
20190115162735,0.0,0.0,0.1,0.1,1.1,0.0,90.0,8.7
20190115162805,0.0,0.0,0.0,0.1,0.2,0.0,86.6,13.2
20190115162835,0.0,0.0,0.0,0.0,0.1,0.0,62.1,37.7
20190115162905,0.0,0.0,0.0,0.1,0.0,0.0,72.1,27.8
20190115162935,0.0,0.0,0.0,0.0,0.0,0.0,84.6,15.3
20190115163005,0.0,0.0,0.0,0.1,0.1,0.0,27.1,72.8
20190115163035,0.0,0.0,0.0,0.5,0.2,0.0,33.4,65.9
20190115163105,0.0,0.0,0.0,0.1,0.2,0.0,36.0,63.6
20190115163135,0.0,0.0,0.1,0.5,0.5,0.0,33.2,65.6
20190115163205,0.0,0.0,0.1,0.1,0.7,0.0,96.1,3.0
20190115163235,0.0,0.0,0.0,0.1,2.4,0.0,97.4,0.1
20190115163305,0.0,0.0,0.1,1.4,1.6,0.0,96.9,0.1
20190115163335,0.0,0.0,0.0,1.0,0.6,0.0,98.3,0.0
20190115163405,0.0,0.0,0.0,4.6,0.4,0.0,95.0,0.0
20190115163435,0.0,0.0,0.0,0.8,0.0,0.0,99.1,0.0
20190115163506,0.0,0.0,0.0,0.8,0.1,0.0,99.1,0.0
20190115163536,0.0,0.0,0.0,0.2,0.1,0.0,99.7,0.0
20190115163606,0.0,0.0,0.0,1.3,0.8,0.0,97.9,0.0
20190115163636,0.0,0.0,0.0,0.6,1.0,0.0,98.4,0.0
20190115163706,0.0,0.0,0.0,0.1,1.2,0.0,98.7,0.0
20190115163736,0.0,0.0,0.0,0.2,7.4,0.0,92.4,0.0
20190115163806,0.0,0.0,0.0,0.3,5.7,0.0,94.0,0.0
20190115163836,0.0,0.0,0.0,0.1,0.8,0.0,99.1,0.0
20190115163906,0.0,0.0,0.0,1.7,3.9,0.0,94.3,0.1
20190115163936,0.0,0.0,0.0,2.3,4.9,0.0,92.6,0.1
20190115164006,0.0,0.0,0.0,0.1,2.7,0.0,97.2,0.0
20190115164036,0.0,0.0,0.0,4.8,1.4,0.0,93.1,0.7
20190115164106,0.0,0.0,0.0,0.6,2.3,0.0,97.1,0.0
20190115164136,0.0,0.0,0.0,0.9,0.8,0.0,98.3,0.0
20190115164206,0.0,0.0,0.0,0.4,2.1,0.0,97.4,0.0
20190115164236,0.0,0.0,0.0,0.4,1.9,0.0,97.7,0.0
20190115164306,0.0,0.0,0.0,1.0,2.2,0.0,96.8,0.0
20190115164336,0.0,0.0,0.0,1.7,4.1,0.0,94.2,0.0
20190115164406,0.0,0.0,0.0,1.2,2.7,0.0,96.1,0.0
20190115164436,0.0,0.0,0.0,1.5,4.0,0.0,94.5,0.0
20190115164506,0.0,0.0,0.0,0.6,2.1,0.0,97.2,0.0
20190115164536,0.0,0.0,0.0,0.1,0.4,0.0,99.5,0.0
20190115164606,0.0,0.0,0.0,0.1,0.3,0.0,99.6,0.0
20190115164636,0.0,0.0,0.0,0.0,0.4,0.0,99.5,0.0
20190115164706,0.0,0.0,0.0,0.0,0.3,0.0,99.6,0.0
20190115164736,0.0,0.0,0.0,0.0,0.2,0.0,99.8,0.0
20190115164806,0.0,0.0,0.0,0.1,0.1,0.0,99.8,0.0
20190115164836,0.0,0.0,0.0,0.1,0.1,0.0,99.7,0.1
20190115164906,0.0,0.0,0.0,0.0,0.0,0.0,100.0,0.0
20190115164936,0.0,0.0,0.0,0.0,0.1,0.0,99.9,0.0
20190115165006,0.0,0.0,0.0,0.0,0.0,0.0,100.0,0.0
20190115165036,0.0,0.0,0.0,0.0,0.1,0.0,99.9,0.0
20190115165106,0.0,0.0,0.0,0.0,0.1,0.0,99.8,0.0
20190115165136,0.0,0.0,0.0,0.0,0.0,0.0,100.0,0.0
20190115165206,0.0,0.0,0.0,0.0,0.1,0.0,99.9,0.0
20190115165236,0.0,0.0,0.0,0.0,0.3,0.0,99.7,0.0
20190115165306,0.0,0.0,0.0,0.0,0.1,0.0,99.9,0.0
20190115165336,0.0,0.0,0.0,0.0,0.2,0.0,99.8,0.0
20190115165406,0.0,0.0,0.0,0.1,0.2,0.0,99.7,0.0
20190115165436,0.0,0.0,0.0,0.0,0.0,0.0,100.0,0.0
20190115165506,0.0,0.0,0.0,0.0,0.0,0.0,100.0,0.0
20190115165536,0.0,0.0,0.0,0.0,0.1,0.0,99.9,0.0
20190115165606,0.0,0.0,0.0,0.0,0.1,0.0,99.9,0.0
20190115165636,0.0,0.0,0.0,0.0,0.1,0.0,99.8,0.0
20190115165706,0.0,0.0,0.0,0.2,0.3,0.0,99.5,0.0
20190115165736,0.0,0.0,0.0,0.1,0.0,0.0,99.8,0.0
20190115165806,0.0,0.0,0.0,0.2,0.2,0.0,99.6,0.0
20190115165836,0.0,0.0,0.0,0.0,0.3,0.0,99.7,0.0
20190115165906,0.0,0.0,0.0,0.1,0.2,0.0,99.5,0.2
20190115165936,0.0,0.0,0.0,0.0,0.0,0.0,99.9,0.1
20190115170006,0.0,0.0,0.0,0.0,0.0,0.0,99.5,0.5
20190115170036,0.0,0.0,0.0,0.0,0.0,0.0,98.5,1.5
20190115170106,0.0,0.0,0.0,0.0,0.0,0.0,98.4,1.6
20190115170136,0.0,0.0,0.0,0.0,0.1,0.0,97.0,2.9
20190115170206,0.0,0.0,0.0,0.0,0.2,0.0,97.5,2.2
20190115170236,0.0,0.0,0.0,0.0,0.4,0.0,95.8,3.7
20190115170306,0.0,0.0,0.0,0.0,1.0,0.0,95.5,3.4
20190115170336,0.0,0.0,0.0,0.0,0.6,0.0,92.3,7.1
20190115170406,0.0,0.0,0.0,0.0,0.2,0.0,90.2,9.5
20190115170436,0.0,0.0,0.0,0.0,1.1,0.0,59.3,39.6
20190115170506,0.0,0.0,0.0,0.0,1.6,0.0,16.6,81.8
20190115170536,0.0,0.0,0.0,0.0,0.2,0.0,18.4,81.4
20190115170606,0.0,0.0,0.0,0.0,0.1,0.0,43.2,56.7
20190115170636,0.0,0.0,0.0,0.0,0.1,0.0,21.4,78.5
20190115170706,0.0,0.0,0.0,0.0,0.1,0.0,9.1,90.8
20190115170736,0.0,0.0,0.0,0.0,0.0,0.0,24.8,75.2
20190115170806,0.0,0.0,0.0,0.0,0.3,0.0,2.2,97.5
20190115170836,0.0,0.0,0.0,0.0,0.2,0.0,0.9,98.9
20190115170907,0.0,0.0,0.0,0.0,0.4,0.0,1.4,98.1
20190115170937,0.0,0.0,0.0,0.0,0.4,0.0,1.5,98.2
20190115171007,0.0,0.0,0.0,0.0,0.1,0.0,0.3,99.6
20190115171037,0.0,0.0,0.0,0.0,0.2,0.0,0.9,98.9
20190115171107,0.0,0.0,0.0,0.0,0.4,0.0,2.7,96.9
20190115171137,0.0,0.0,0.0,0.0,0.4,0.0,0.7,98.9
20190115171207,0.0,0.0,0.0,0.0,0.7,0.0,2.6,96.7
20190115171237,0.0,0.0,0.0,1.0,7.4,0.0,84.7,6.8
20190115171307,0.0,0.0,0.0,7.6,2.4,0.0,89.7,0.3
20190115171337,0.0,0.0,0.0,18.9,1.0,0.0,79.7,0.3
20190115171407,0.0,0.0,0.0,4.4,1.0,0.0,94.2,0.4
20190115171437,0.0,0.0,0.0,3.4,0.3,0.0,95.8,0.5
20190115171507,0.0,0.0,0.0,0.8,0.3,0.0,98.7,0.3
20190115171537,0.0,0.0,0.0,0.5,0.2,0.0,99.2,0.1
20190115171607,0.0,0.0,0.0,0.6,0.3,0.0,99.0,0.1
20190115171637,0.0,0.0,0.0,0.1,0.0,0.0,99.8,0.1
20190115171707,0.0,0.0,0.0,0.1,0.0,0.0,99.8,0.1
20190115171737,0.0,0.0,0.0,0.1,0.0,0.0,99.8,0.0
20190115171807,0.0,0.0,0.0,0.0,0.0,0.0,99.9,0.0
20190115171837,0.0,0.0,0.0,0.0,0.0,0.0,100.0,0.0
20190115171907,0.0,0.0,0.0,0.0,0.0,0.0,99.9,0.0
20190115171937,0.0,0.0,0.0,0.0,0.0,0.0,99.9,0.1
20190115172007,0.0,0.0,0.0,0.1,0.0,0.0,99.9,0.0
20190115172037,0.0,0.0,0.0,0.1,0.1,0.0,99.5,0.2
20190115172107,0.0,0.0,0.0,0.2,0.1,0.0,99.7,0.0
20190115172137,0.0,0.0,0.0,0.2,0.1,0.0,99.6,0.0
20190115172207,0.0,0.0,0.0,0.1,0.0,0.0,99.8,0.2
20190115172237,0.0,0.0,0.0,0.0,0.0,0.0,99.8,0.1
20190115172307,0.0,0.0,0.0,0.1,0.0,0.0,99.8,0.1
20190115172337,0.0,0.0,0.0,0.0,0.0,0.0,99.9,0.1
20190115172407,0.0,0.0,0.0,0.0,0.0,0.0,99.8,0.1
20190115172437,0.0,0.0,0.0,0.0,0.0,0.0,99.9,0.1
20190115172507,0.0,0.0,0.0,0.0,0.0,0.0,99.6,0.4
20190115172537,0.0,0.0,0.0,0.0,0.0,0.0,99.0,0.9
20190115172607,0.0,0.0,0.0,0.0,0.0,0.0,98.1,1.9
20190115172637,0.0,0.0,0.0,0.0,0.0,0.0,91.5,8.5
20190115172707,0.0,0.0,0.0,0.0,0.0,0.0,88.9,11.1
20190115172737,0.0,0.0,0.0,0.0,0.0,0.0,85.7,14.2
20190115172807,0.0,0.0,0.0,0.0,0.0,0.0,91.3,8.7
20190115172837,0.0,0.0,0.0,0.0,0.0,0.0,94.9,5.1
20190115172907,0.0,0.0,0.0,0.0,0.0,0.0,95.1,4.9
20190115172937,0.0,0.0,0.0,0.0,0.0,0.0,98.3,1.7
20190115173007,0.0,0.0,0.0,0.0,0.0,0.0,100.0,0.0
20190115173037,0.0,0.0,0.0,0.0,0.0,0.0,99.9,0.0
20190115173107,0.0,0.0,0.0,0.0,0.0,0.0,100.0,0.0
20190115173137,0.0,0.0,0.0,0.0,0.0,0.0,100.0,0.0
20190115173207,0.0,0.0,0.0,0.0,0.0,0.0,100.0,0.0
20190115173237,0.0,0.0,0.0,0.1,0.0,0.0,99.9,0.0
20190115173307,0.0,0.0,0.0,0.0,0.0,0.0,99.9,0.0
20190115173337,0.0,0.0,0.0,0.0,0.1,0.0,99.8,0.0
20190115173407,0.0,0.0,0.0,0.0,0.1,0.0,99.9,0.0
20190115173437,0.0,0.0,0.0,0.0,0.0,0.0,99.9,0.0
20190115173507,0.0,0.0,0.0,0.0,0.1,0.0,99.9,0.0
20190115173537,0.0,0.0,0.0,0.0,0.0,0.0,100.0,0.0
20190115173607,0.0,0.0,0.0,0.0,0.0,0.0,99.9,0.0
20190115173637,0.0,0.0,0.0,0.0,0.0,0.0,100.0,0.0
20190115173707,0.0,0.0,0.0,0.0,0.0,0.0,100.0,0.0
20190115173737,0.0,0.0,0.0,0.0,0.0,0.0,99.9,0.1
20190115173807,0.0,0.0,0.0,0.0,0.0,0.0,99.9,0.1
20190115173837,0.0,0.0,0.0,0.0,0.0,0.0,99.8,0.1
20190115173907,0.0,0.0,0.0,0.1,0.2,0.0,99.6,0.1
20190115173937,0.0,0.0,0.0,0.1,0.1,0.0,99.6,0.2
20190115174007,0.0,0.0,0.0,0.0,0.0,0.0,99.9,0.1
20190115174037,0.0,0.0,0.0,0.0,0.0,0.0,99.9,0.1
20190115174107,0.0,0.0,0.0,0.0,0.0,0.0,99.9,0.1
20190115174137,0.0,0.0,0.0,0.0,0.0,0.0,99.9,0.1
20190115174207,0.0,0.0,0.0,0.0,0.0,0.0,99.9,0.0
20190115174237,0.0,0.0,0.0,0.0,0.0,0.0,99.9,0.0
20190115174307,0.0,0.0,0.0,0.0,0.0,0.0,99.9,0.0
20190115174337,0.0,0.0,0.0,0.0,0.1,0.0,99.8,0.1
20190115174408,0.0,0.0,0.0,0.0,0.0,0.0,99.9,0.0
20190115174438,0.0,0.0,0.0,0.0,0.1,0.0,99.7,0.1
20190115174508,0.0,0.0,0.0,0.0,0.0,0.0,99.9,0.1
20190115174538,0.0,0.0,0.0,0.0,0.0,0.0,99.9,0.1
20190115174608,0.0,0.0,0.0,0.0,0.0,0.0,99.9,0.0
20190115174638,0.0,0.0,0.0,0.0,0.0,0.0,99.8,0.1
20190115174708,0.0,0.0,0.0,0.0,0.0,0.0,100.0,0.0
20190115174738,0.0,0.0,0.0,0.0,0.0,0.0,100.0,0.0
20190115174808,0.0,0.0,0.0,0.0,0.0,0.0,100.0,0.0
20190115174838,0.0,0.0,0.0,0.0,0.0,0.0,99.9,0.0
20190115174908,0.0,0.0,0.0,0.0,0.0,0.0,99.9,0.0
20190115174938,0.0,0.0,0.0,0.0,0.0,0.0,99.9,0.1
20190115175008,0.0,0.0,0.0,0.0,0.0,0.0,99.9,0.0
20190115175038,0.0,0.0,0.0,0.0,0.0,0.0,99.9,0.0
20190115175108,0.0,0.0,0.0,0.0,0.0,0.0,100.0,0.0
20190115175138,0.0,0.0,0.0,0.0,0.0,0.0,100.0,0.0
20190115175208,0.0,0.0,0.0,0.0,0.0,0.0,99.9,0.1
20190115175238,0.0,0.0,0.0,0.0,0.0,0.0,99.9,0.1
20190115175308,0.0,0.0,0.0,0.0,0.0,0.0,99.9,0.0
20190115175338,0.0,0.0,0.0,0.0,0.0,0.0,99.9,0.0
20190115175408,0.0,0.0,0.0,0.0,0.0,0.0,99.8,0.1
20190115175438,0.0,0.0,0.0,0.0,0.0,0.0,99.9,0.0
20190115175508,0.0,0.0,0.0,0.0,0.0,0.0,99.9,0.0
20190115175538,0.0,0.0,0.0,0.0,0.0,0.0,100.0,0.0
20190115175608,0.0,0.0,0.0,0.0,0.0,0.0,100.0,0.0
20190115175638,0.0,0.0,0.0,0.0,0.0,0.0,99.8,0.1
20190115175708,0.0,0.0,0.0,0.0,0.0,0.0,99.8,0.1
20190115175738,0.0,0.0,0.0,0.0,0.0,0.0,100.0,0.0
20190115175808,0.0,0.0,0.0,0.0,0.0,0.0,100.0,0.0
20190115175838,0.0,0.0,0.0,0.0,0.0,0.0,100.0,0.0
20190115175908,0.0,0.0,0.0,0.0,0.0,0.0,100.0,0.0
20190115175938,0.0,0.0,0.0,0.0,0.0,0.0,100.0,0.0
20190115180008,0.0,0.0,0.0,0.0,0.0,0.0,100.0,0.0
20190115180038,0.0,0.0,0.0,0.0,0.0,0.0,100.0,0.0
20190115180108,0.0,0.0,0.0,0.0,0.0,0.0,100.0,0.0
20190115180138,0.0,0.0,0.0,0.0,0.0,0.0,100.0,0.0
20190115180208,0.0,0.0,0.0,0.0,0.0,0.0,100.0,0.0
20190115180238,0.0,0.0,0.0,0.0,0.0,0.0,99.9,0.0
20190115180308,0.0,0.0,0.0,0.0,0.1,0.0,99.8,0.1
20190115180338,0.0,0.0,0.0,0.0,0.0,0.0,99.8,0.2
20190115180408,0.0,0.0,0.0,0.0,0.0,0.0,99.9,0.1
20190115180438,0.0,0.0,0.0,0.0,0.1,0.0,99.8,0.2
20190115180508,0.0,0.0,0.0,0.0,0.0,0.0,99.9,0.1
20190115180538,0.0,0.0,0.0,0.0,0.0,0.0,99.9,0.0
20190115180608,0.0,0.0,0.0,0.0,0.0,0.0,99.7,0.3
20190115180638,0.0,0.0,0.0,0.0,0.0,0.0,99.7,0.3
20190115180708,0.0,0.0,0.0,0.0,0.1,0.0,97.8,2.1
20190115180738,0.0,0.0,0.0,0.0,0.0,0.0,99.5,0.5
20190115180808,0.0,0.0,0.0,0.0,0.0,0.0,99.0,0.9
20190115180838,0.0,0.0,0.0,0.0,0.0,0.0,98.5,1.4
20190115180908,0.0,0.0,0.1,0.1,0.2,0.0,96.8,2.8
20190115180938,0.0,0.0,0.0,0.0,0.0,0.0,99.5,0.5
20190115181008,0.0,0.0,0.0,0.0,0.0,0.0,99.5,0.5
20190115181039,0.0,0.0,0.0,0.0,0.0,0.0,99.3,0.7
20190115181109,0.0,0.0,0.0,0.0,0.0,0.0,99.5,0.5
20190115181139,0.0,0.0,0.0,0.0,0.0,0.0,98.9,1.0
20190115181209,0.0,0.0,0.0,0.0,0.0,0.0,98.5,1.4
20190115181239,0.0,0.0,0.0,0.0,0.1,0.0,93.4,6.5
20190115181309,0.0,0.0,0.0,0.0,0.0,0.0,98.7,1.3
20190115181339,0.0,0.0,0.0,0.0,0.0,0.0,98.7,1.3
20190115181409,0.0,0.0,0.0,0.0,0.0,0.0,99.2,0.7
20190115181439,0.0,0.0,0.0,0.0,0.1,0.0,98.9,1.0
20190115181509,0.0,0.0,0.0,0.1,0.0,0.0,97.9,2.0
20190115181539,0.0,0.0,0.0,0.1,0.0,0.0,97.5,2.4
20190115181609,0.0,0.0,0.0,0.1,0.0,0.0,97.9,2.0
20190115181639,0.0,0.0,0.0,0.1,0.0,0.0,96.4,3.4
20190115181709,0.0,0.0,0.0,0.1,0.0,0.0,91.2,8.7
20190115181739,0.0,0.0,0.0,0.1,0.0,0.0,97.6,2.3
20190115181809,0.0,0.0,0.0,0.2,0.2,0.0,93.9,5.6
20190115181839,0.0,0.0,0.0,0.1,0.0,0.0,99.0,0.9
20190115181909,0.0,0.0,0.0,0.1,0.0,0.0,97.5,2.3
20190115181939,0.0,0.0,0.0,0.1,0.0,0.0,94.7,5.1
20190115182009,0.0,0.0,0.0,0.0,0.0,0.0,99.2,0.7
20190115182039,0.0,0.0,0.0,0.0,0.0,0.0,99.3,0.6
20190115182109,0.0,0.0,0.0,0.1,0.0,0.0,98.3,1.6
20190115182139,0.0,0.0,0.0,0.1,0.0,0.0,98.5,1.4
20190115182209,0.0,0.0,0.0,0.1,0.0,0.1,94.5,5.3
20190115182239,0.0,0.0,0.0,0.1,0.0,0.1,88.1,11.7
20190115182309,0.0,0.0,0.0,0.0,0.0,0.0,89.3,10.6
20190115182339,0.0,0.0,0.0,0.1,0.1,0.0,92.5,7.1
20190115182409,0.0,0.0,0.0,0.1,0.1,0.0,93.8,6.0
20190115182439,0.0,0.0,0.0,0.0,0.0,0.0,98.0,2.0
20190115182509,0.0,0.0,0.0,0.1,0.0,0.0,98.7,1.2
20190115182539,0.0,0.0,0.1,0.1,0.0,0.0,96.9,2.9
20190115182609,0.0,0.0,0.0,0.0,0.0,0.0,97.8,2.1
20190115182639,0.0,0.0,0.0,0.0,0.0,0.0,99.1,0.9
20190115182709,0.0,0.0,0.0,0.1,0.0,0.0,97.8,2.1
20190115182739,0.0,0.0,0.0,0.0,0.0,0.0,97.4,2.6
20190115182809,0.0,0.0,0.0,0.0,0.0,0.0,94.7,5.2
20190115182839,0.0,0.0,0.0,0.1,0.1,0.0,95.0,4.7
20190115182909,0.0,0.0,0.0,0.0,0.1,0.0,98.2,1.6
20190115182939,0.0,0.0,0.0,0.4,0.2,0.1,96.6,2.7
20190115183009,0.0,0.0,0.0,0.2,0.2,0.1,89.6,9.9
20190115183039,0.0,0.0,0.0,0.1,0.1,0.1,98.5,1.2
20190115183109,0.0,0.0,0.0,0.0,0.1,0.1,96.6,3.2
20190115183139,0.0,0.0,0.0,0.0,0.2,0.2,96.8,2.8
20190115183209,0.0,0.0,0.0,0.1,0.4,0.1,96.8,2.5
20190115183239,0.0,0.0,0.0,0.1,0.1,0.0,97.0,2.8
20190115183309,0.0,0.0,0.0,0.1,0.3,0.0,94.2,5.3
20190115183339,0.0,0.0,0.0,0.2,0.4,0.0,96.6,2.6
20190115183409,0.0,0.0,0.0,0.1,0.1,0.0,90.6,9.2
20190115183439,0.0,0.0,0.0,0.1,0.2,0.1,83.8,15.8
20190115183509,0.0,0.0,0.0,0.1,0.2,0.1,97.0,2.7
20190115183539,0.0,0.0,0.0,0.2,0.3,0.1,85.2,14.2
20190115183609,0.0,0.0,0.0,0.2,0.3,0.5,82.9,16.1
20190115183639,0.0,0.0,0.0,0.8,0.5,0.4,77.2,20.9
20190115183709,0.0,0.0,0.0,0.3,0.2,0.2,95.5,3.9
20190115183739,0.0,0.0,0.0,0.1,0.1,0.2,91.7,7.8
20190115183809,0.0,0.0,0.0,0.3,0.1,0.4,81.7,17.5
20190115183839,0.0,0.0,0.0,0.4,0.3,0.2,84.9,14.1
20190115183909,0.0,0.0,0.0,0.1,0.2,0.2,44.5,55.0
20190115183939,0.0,0.0,0.0,0.1,0.7,0.2,53.1,45.8
20190115184009,0.0,0.0,0.0,0.4,1.3,0.4,77.1,20.7
20190115184039,0.0,0.0,0.0,0.2,1.5,0.2,82.7,15.4
20190115184109,0.0,0.0,0.0,0.4,1.9,0.6,79.6,17.4
20190115184139,0.0,0.0,0.0,0.5,3.6,1.3,70.1,24.5
20190115184209,0.0,0.0,0.0,0.2,0.2,0.4,91.7,7.5
20190115184239,0.0,0.0,0.0,0.5,2.5,1.8,54.8,40.4
20190115184309,0.0,0.0,0.0,0.1,0.7,0.6,85.5,13.0
20190115184339,0.0,0.0,0.0,0.1,1.0,0.2,73.4,25.3
20190115184409,0.0,0.0,0.0,0.1,2.1,0.1,79.2,18.5
20190115184439,0.0,0.0,0.0,0.2,2.4,1.0,74.6,21.8
20190115184509,0.0,0.0,0.0,0.2,1.9,0.4,86.9,10.6
20190115184540,0.0,0.0,0.0,0.1,0.3,0.5,73.7,25.5
20190115184610,0.0,0.0,0.0,0.1,0.4,0.7,78.4,20.4
20190115184640,0.0,0.0,0.0,0.2,0.4,0.7,66.1,32.7
20190115184710,0.0,0.0,0.0,0.1,0.2,0.2,86.5,13.1
20190115184740,0.0,0.0,0.0,0.2,0.6,1.0,90.6,7.7
20190115184810,0.0,0.0,0.0,0.2,0.8,1.2,70.3,27.5
20190115184840,0.0,0.0,0.0,0.2,0.6,0.8,86.6,11.8
20190115184910,0.0,0.0,0.0,0.4,2.8,1.9,56.0,38.8
20190115184940,0.0,0.0,0.0,0.3,3.6,3.3,70.1,22.7
20190115185010,0.0,0.0,0.0,0.2,0.9,1.2,83.6,14.1
20190115185040,0.0,0.0,0.0,0.2,0.4,0.2,82.2,17.1
20190115185110,0.0,0.0,0.0,0.1,0.4,0.6,63.1,35.8
20190115185140,0.0,0.0,0.0,0.1,0.2,0.2,93.2,6.4
20190115185210,0.0,0.0,0.0,0.0,0.4,0.2,93.3,6.1
20190115185240,0.0,0.0,0.0,0.1,0.2,0.3,91.3,8.1
20190115185310,0.0,0.0,0.0,0.0,0.0,0.0,95.5,4.4
20190115185340,0.0,0.0,0.0,0.0,0.1,0.1,92.4,7.5
20190115185410,0.0,0.0,0.0,0.1,0.1,0.2,83.4,16.3
20190115185440,0.0,0.0,0.0,0.0,0.1,0.1,86.2,13.5
20190115185510,0.0,0.0,0.0,0.1,0.2,0.4,80.0,19.3
20190115185540,0.0,0.0,0.0,0.1,0.2,0.5,93.9,5.3
20190115185610,0.0,0.0,0.0,0.1,0.3,0.3,95.9,3.4
20190115185640,0.0,0.0,0.0,0.2,0.3,0.3,89.6,9.7
20190115185710,0.0,0.0,0.0,0.1,0.2,0.2,86.0,13.5
20190115185740,0.0,0.0,0.0,0.7,0.7,0.4,60.8,37.4
20190115185810,0.0,0.0,0.0,0.3,0.9,0.5,66.9,31.3
20190115185840,0.0,0.0,0.0,0.6,0.6,0.8,70.5,27.4
20190115185910,0.0,0.0,0.0,0.4,0.5,0.4,63.3,35.4
20190115185940,0.0,0.0,0.0,0.4,0.6,0.4,57.0,41.6
20190115190010,0.0,0.0,0.0,0.3,0.7,1.2,85.2,12.6
20190115190040,0.0,0.0,0.0,0.5,0.7,0.6,86.5,11.6
20190115190110,0.0,0.0,0.0,0.7,0.3,0.2,89.7,9.1
20190115190140,0.0,0.0,0.0,0.5,0.4,1.1,82.4,15.5
20190115190210,0.0,0.0,0.0,0.5,0.5,0.3,63.0,35.6
20190115190240,0.0,0.0,0.0,0.6,0.4,0.2,77.4,21.3
20190115190310,0.0,0.0,0.0,0.3,0.2,0.3,91.9,7.3
20190115190340,0.0,0.0,0.0,0.4,0.3,1.6,75.6,22.1
20190115190410,0.0,0.0,0.0,0.5,0.5,0.5,90.6,7.9
20190115190440,0.0,0.0,0.0,1.1,1.7,0.4,64.6,32.2
20190115190510,0.0,0.0,0.0,1.0,0.6,0.4,55.6,42.3
20190115190540,0.0,0.0,0.0,0.4,0.5,0.2,80.2,18.7
20190115190610,0.0,0.0,0.0,0.4,0.2,0.3,84.1,15.0
20190115190640,0.0,0.0,0.0,0.5,0.2,0.1,71.3,27.9
20190115190710,0.0,0.0,0.0,0.5,0.6,0.1,79.1,19.6
20190115190740,0.0,0.0,0.0,0.5,0.6,0.3,71.7,26.8
20190115190810,0.0,0.0,0.0,0.2,0.2,0.1,62.9,36.4
20190115190840,0.0,0.0,0.0,0.2,0.2,0.1,83.1,16.5
20190115190910,0.0,0.0,0.0,0.4,0.1,0.2,67.4,31.9
20190115190940,0.0,0.0,0.0,0.6,0.2,0.1,79.3,19.7
20190115191010,0.0,0.0,0.0,0.2,0.3,0.2,80.0,19.3
20190115191040,0.0,0.0,0.0,0.4,0.1,0.1,88.2,11.1
20190115191110,0.0,0.0,0.0,0.3,0.2,0.1,83.6,15.8
20190115191140,0.0,0.0,0.0,1.0,1.3,0.2,57.4,40.1
20190115191210,0.0,0.0,0.0,0.1,0.4,0.1,92.4,7.0
20190115191240,0.0,0.0,0.0,0.2,0.3,0.1,88.7,10.8
20190115191310,0.0,0.0,0.0,0.2,0.4,0.2,89.2,10.1
20190115191340,0.0,0.0,0.0,0.3,0.5,0.2,91.1,8.0
20190115191410,0.0,0.0,0.0,0.2,0.4,0.1,90.8,8.6
20190115191440,0.0,0.0,0.0,0.1,0.2,0.0,95.1,4.6
20190115191510,0.0,0.0,0.0,0.3,0.6,0.0,80.1,18.9
20190115191540,0.0,0.0,0.0,0.2,0.2,0.1,88.2,11.2
20190115191610,0.0,0.0,0.1,0.6,1.4,0.1,76.2,21.7
20190115191640,0.0,0.0,0.0,0.1,0.3,0.1,86.9,12.6
20190115191710,0.0,0.0,0.0,0.1,0.1,0.0,90.5,9.2
20190115191740,0.0,0.0,0.0,0.1,0.2,0.0,89.9,9.8
20190115191810,0.0,0.0,0.0,0.4,0.3,0.0,75.0,24.1
20190115191840,0.0,0.0,0.0,0.3,0.2,0.1,54.7,44.7
20190115191910,0.0,0.0,0.0,0.3,0.1,0.0,93.3,6.2
20190115191941,0.0,0.0,0.0,0.1,0.1,0.0,86.6,13.2
20190115192011,0.0,0.0,0.0,0.1,0.0,0.0,91.2,8.7
20190115192041,0.0,0.0,0.0,0.0,0.0,0.0,91.6,8.3
20190115192111,0.0,0.0,0.0,0.1,0.1,0.0,79.3,20.5
20190115192141,0.0,0.0,0.0,0.3,0.0,0.0,87.0,12.7
20190115192211,0.0,0.0,0.0,0.8,0.5,0.1,66.6,31.8
20190115192241,0.0,0.0,0.0,0.2,0.2,0.0,91.7,7.8
20190115192311,0.0,0.0,0.1,1.1,0.2,0.1,62.9,35.6
20190115192341,0.0,0.0,0.0,0.5,0.1,0.1,90.4,9.0
20190115192411,0.0,0.0,0.0,0.5,0.3,0.0,76.5,22.6
20190115192441,0.0,0.0,0.0,0.1,0.1,0.0,85.6,14.1
20190115192511,0.0,0.0,0.0,0.2,0.1,0.0,95.8,3.9
20190115192541,0.0,0.0,0.0,0.1,0.0,0.0,94.3,5.6
20190115192611,0.0,0.0,0.0,0.1,0.0,0.0,86.0,13.8
20190115192641,0.0,0.0,0.0,0.2,0.1,0.0,73.6,26.1
20190115192711,0.0,0.0,0.0,0.6,0.2,0.0,67.1,32.0
20190115192741,0.0,0.0,0.0,1.0,0.5,0.1,49.5,48.8
20190115192811,0.0,0.0,0.0,0.4,0.2,0.1,64.6,34.7
20190115192841,0.0,0.0,0.0,0.2,0.1,0.0,72.8,26.8
20190115192911,0.0,0.0,0.0,1.0,0.2,0.0,81.3,17.4
20190115192941,0.0,0.0,0.0,2.4,0.2,0.0,70.7,26.6
20190115193011,0.0,0.0,0.0,0.4,0.1,0.0,88.7,10.8
20190115193041,0.0,0.0,0.0,1.2,0.1,0.0,87.5,11.2
20190115193111,0.0,0.0,0.0,0.7,0.2,0.1,80.7,18.4
20190115193141,0.0,0.0,0.0,1.1,0.3,0.1,63.8,34.6
20190115193211,0.0,0.0,0.0,0.4,0.2,0.0,52.8,46.5
20190115193241,0.0,0.0,0.0,0.3,0.1,0.0,80.0,19.5
20190115193311,0.0,0.0,0.0,0.4,0.1,0.0,56.6,42.9
20190115193341,0.0,0.0,0.0,0.5,0.1,0.0,55.9,43.5
20190115193411,0.0,0.0,0.0,0.6,0.1,0.1,47.0,52.2
20190115193441,0.0,0.0,0.0,0.3,0.3,0.0,45.3,53.9
20190115193511,0.0,0.0,0.0,0.2,0.1,0.0,85.7,14.0
20190115193541,0.0,0.0,0.0,0.2,0.0,0.0,49.0,50.8
20190115193611,0.0,0.0,0.0,0.3,0.1,0.0,84.6,15.0
20190115193641,0.0,0.0,0.0,0.2,0.1,0.1,40.4,59.2
20190115193711,0.0,0.0,0.0,0.1,0.0,0.0,67.5,32.3
20190115193741,0.0,0.0,0.0,0.0,0.0,0.0,33.0,66.9
20190115193811,0.0,0.0,0.0,0.1,0.2,0.0,56.3,43.4
20190115193841,0.0,0.0,0.0,0.1,0.1,0.0,33.6,66.1
20190115193911,0.0,0.0,0.0,0.1,0.0,0.0,19.1,80.8
20190115193941,0.0,0.0,0.0,0.2,0.2,0.0,24.9,74.7
20190115194011,0.0,0.0,0.0,0.2,0.2,0.1,40.4,59.0
20190115194041,0.0,0.0,0.0,0.2,0.3,0.0,34.2,65.3
20190115194111,0.0,0.0,0.0,0.2,0.2,0.0,38.0,61.6
20190115194141,0.0,0.0,0.0,0.0,0.2,0.0,24.1,75.7
20190115194211,0.0,0.0,0.0,0.0,0.1,0.0,15.8,84.1
20190115194241,0.0,0.0,0.0,0.1,0.1,0.0,43.4,56.4
20190115194311,0.0,0.0,0.0,0.0,0.0,0.0,28.3,71.7
20190115194341,0.0,0.0,0.0,0.1,0.1,0.0,58.3,41.5
20190115194411,0.0,0.0,0.0,0.1,0.3,0.0,40.9,58.7
20190115194441,0.0,0.0,0.0,0.1,0.0,0.0,18.9,81.0
20190115194511,0.0,0.0,0.0,1.5,0.3,0.1,48.1,50.0
20190115194541,0.0,0.0,0.0,0.0,0.0,0.0,81.3,18.6
20190115194611,0.0,0.0,0.0,0.0,0.1,0.0,81.8,18.0
20190115194641,0.0,0.0,0.0,0.0,0.1,0.0,47.2,52.7
20190115194711,0.0,0.0,0.0,0.1,0.1,0.0,56.6,43.2
20190115194741,0.0,0.0,0.0,0.1,0.2,0.0,47.3,52.4
20190115194811,0.0,0.0,0.0,0.5,0.3,0.0,21.2,77.9
20190115194841,0.0,0.0,0.0,0.7,0.3,0.1,41.7,57.1
20190115194911,0.0,0.0,0.0,0.1,0.2,0.0,49.5,50.2
20190115194941,0.0,0.0,0.0,0.1,0.1,0.0,65.9,34.0
20190115195011,0.0,0.0,0.0,0.1,0.4,0.0,56.6,42.9
20190115195041,0.0,0.0,0.0,1.2,1.2,0.0,39.2,58.4
20190115195111,0.0,0.0,0.0,0.4,0.2,0.0,28.5,70.8
20190115195141,0.0,0.0,0.0,0.7,0.3,0.0,23.4,75.6
20190115195211,0.0,0.0,0.0,0.2,0.2,0.0,29.4,70.2
20190115195241,0.0,0.0,0.0,0.6,0.2,0.0,35.2,64.0
20190115195311,0.0,0.0,0.0,1.1,0.2,0.0,22.5,76.2
20190115195342,0.0,0.0,0.0,0.4,0.2,0.0,27.8,71.6
20190115195412,0.0,0.0,0.0,0.7,0.1,0.0,61.0,38.2
20190115195442,0.0,0.0,0.0,0.2,0.0,0.0,38.5,61.3
20190115195512,0.0,0.0,0.0,2.0,0.3,0.0,52.9,44.7
20190115195542,0.0,0.0,0.0,0.5,0.3,0.0,49.8,49.4
20190115195612,0.0,0.0,0.0,0.8,0.3,0.0,60.4,38.5
20190115195642,0.0,0.0,0.0,0.2,0.1,0.0,74.3,25.4
20190115195712,0.0,0.0,0.0,0.8,0.3,0.0,66.9,32.0
20190115195742,0.0,0.0,0.0,1.1,0.3,0.0,17.8,80.8
20190115195812,0.0,0.0,0.0,0.4,0.2,0.0,10.3,89.0
20190115195842,0.0,0.0,0.0,0.2,0.3,0.0,55.8,43.7
20190115195912,0.0,0.0,0.0,0.8,0.4,0.0,68.0,30.8
20190115195942,0.0,0.0,0.0,0.5,0.5,0.0,82.9,16.1
20190115200012,0.0,0.0,0.0,7.3,1.3,0.1,66.2,25.1
20190115200042,0.0,0.0,0.0,5.9,2.1,0.1,77.5,14.4
20190115200112,0.0,0.0,0.0,1.4,1.0,0.0,70.6,27.0
20190115200142,0.0,0.0,0.0,0.5,0.5,0.0,89.4,9.5
20190115200212,0.0,0.0,0.0,1.0,1.2,0.0,34.0,63.8
20190115200242,0.0,0.0,0.0,0.2,0.1,0.0,79.9,19.8
20190115200312,0.0,0.0,0.0,0.2,0.2,0.0,56.7,42.8
20190115200342,0.0,0.0,0.0,0.2,0.0,0.0,66.0,33.7
20190115200412,0.0,0.0,0.0,0.5,0.1,0.0,80.1,19.3
20190115200442,0.0,0.0,0.0,0.3,0.2,0.0,69.7,29.8
20190115200512,0.0,0.0,0.0,0.2,0.4,0.0,83.2,16.2
20190115200542,0.0,0.0,0.0,0.4,0.2,0.0,73.3,26.1
20190115200612,0.0,0.0,0.0,0.4,0.2,0.0,70.5,28.8
20190115200642,0.0,0.0,0.0,0.5,0.1,0.0,72.9,26.4
20190115200712,0.0,0.0,0.0,0.5,0.3,0.0,65.4,33.9
20190115200742,0.0,0.0,0.0,0.8,0.3,0.0,60.2,38.6
20190115200812,0.0,0.0,0.0,1.5,0.6,0.0,55.5,42.4
20190115200842,0.0,0.0,0.0,0.7,0.4,0.0,84.6,14.3
20190115200912,0.0,0.0,0.0,1.1,0.3,0.0,82.6,16.0
20190115200942,0.0,0.0,0.0,0.5,0.4,0.0,92.5,6.5
20190115201012,0.0,0.0,0.0,1.1,0.3,0.0,91.9,6.7
20190115201042,0.0,0.0,0.0,0.7,0.1,0.0,80.4,18.8
20190115201112,0.0,0.0,0.0,0.1,0.1,0.0,86.8,12.9
20190115201142,0.0,0.0,0.0,0.1,0.2,0.0,56.7,42.9
20190115201212,0.0,0.0,0.0,0.5,0.4,0.1,89.4,9.6
20190115201242,0.0,0.0,0.0,0.3,0.2,0.0,91.6,7.8
20190115201312,0.0,0.0,0.0,0.3,0.1,0.0,94.8,4.7
20190115201342,0.0,0.0,0.0,0.5,0.7,0.1,88.7,9.9
20190115201412,0.0,0.0,0.0,0.4,3.2,0.1,92.6,3.7
20190115201442,0.0,0.0,0.0,0.7,1.4,0.1,96.4,1.5
20190115201512,0.0,0.0,0.0,0.1,0.3,0.0,98.4,1.3
20190115201542,0.0,0.0,0.0,0.2,0.3,0.1,98.8,0.7
20190115201612,0.0,0.0,0.0,0.4,0.4,0.0,97.7,1.5
20190115201642,0.0,0.0,0.0,0.5,0.7,0.1,95.3,3.3
20190115201712,0.0,0.0,0.0,1.0,2.2,0.2,89.3,7.2
20190115201742,0.0,0.0,0.0,0.4,0.7,0.1,90.1,8.7
20190115201812,0.0,0.0,0.0,0.5,2.1,0.3,89.1,8.0
20190115201842,0.0,0.0,0.0,0.2,0.4,0.0,97.8,1.6
20190115201912,0.0,0.0,0.0,0.2,0.7,0.1,96.1,2.9
20190115201942,0.0,0.0,0.0,0.4,1.5,0.2,90.7,7.2
20190115202012,0.0,0.0,0.0,0.3,0.7,0.1,96.4,2.5
20190115202042,0.0,0.0,0.0,0.4,0.6,0.1,96.1,2.8
20190115202113,0.0,0.0,0.0,0.5,2.2,0.2,94.0,3.1
20190115202143,0.0,0.0,0.0,1.3,1.1,0.2,93.1,4.2
20190115202213,0.0,0.0,0.0,0.4,0.6,0.1,96.2,2.7
20190115202243,0.0,0.0,0.0,0.5,1.4,0.1,95.9,2.2
20190115202313,0.0,0.0,0.0,0.4,2.9,0.2,89.7,6.7
20190115202343,0.0,0.0,0.0,0.8,2.3,0.2,93.6,3.1
20190115202413,0.0,0.0,0.0,0.6,0.5,0.1,94.9,4.0
20190115202443,0.0,0.0,0.0,0.2,0.2,0.0,98.3,1.3
20190115202513,0.0,0.0,0.0,0.2,0.2,0.0,99.3,0.3
20190115202543,0.0,0.0,0.0,0.3,0.7,0.0,98.1,0.9
20190115202613,0.0,0.0,0.0,0.2,1.4,0.1,95.9,2.4
20190115202643,0.0,0.0,0.0,1.0,0.8,0.1,93.8,4.3
20190115202713,0.0,0.0,0.0,0.8,1.4,0.3,90.6,6.9
20190115202743,0.0,0.0,0.0,0.3,0.7,0.1,97.5,1.5
20190115202813,0.0,0.0,0.0,0.3,0.7,0.0,96.8,2.2
20190115202843,0.0,0.0,0.0,0.3,0.4,0.0,98.1,1.1
20190115202913,0.0,0.0,0.0,0.1,0.1,0.0,98.4,1.4
20190115202943,0.0,0.0,0.0,0.1,0.1,0.0,99.5,0.3
20190115203013,0.0,0.0,0.0,0.1,0.1,0.0,99.6,0.3
20190115203043,0.0,0.0,0.0,0.1,0.2,0.0,98.5,1.2
20190115203113,0.0,0.0,0.0,0.1,0.3,0.0,99.1,0.5
20190115203143,0.0,0.0,0.0,0.0,0.5,0.0,99.0,0.5
20190115203213,0.0,0.0,0.0,0.1,0.3,0.0,99.3,0.3
20190115203243,0.0,0.0,0.0,0.2,1.1,0.0,97.8,0.9
20190115203313,0.0,0.0,0.0,0.1,0.4,0.0,98.7,0.8
20190115203343,0.0,0.0,0.0,0.3,0.7,0.0,96.9,2.0
20190115203413,0.0,0.0,0.0,0.8,1.6,0.1,95.4,2.1
20190115203443,0.0,0.0,0.0,1.3,1.9,0.0,88.6,8.2
20190115203513,0.0,0.0,0.0,0.4,1.2,0.0,97.1,1.3
20190115203543,0.0,0.0,0.0,1.2,1.7,0.0,95.5,1.7
20190115203613,0.0,0.0,0.0,0.3,1.1,0.0,95.0,3.5
20190115203643,0.0,0.0,0.0,0.4,1.1,0.1,97.0,1.5
20190115203713,0.0,0.0,0.0,0.3,0.7,0.0,98.3,0.8
20190115203743,0.0,0.0,0.0,0.3,0.5,0.0,98.0,1.1
20190115203813,0.0,0.0,0.0,0.1,0.4,0.0,99.2,0.3
20190115203843,0.0,0.0,0.0,0.1,0.5,0.0,98.3,1.1
20190115203913,0.0,0.0,0.0,0.1,0.8,0.1,97.4,1.6
20190115203943,0.0,0.0,0.0,0.2,0.7,0.2,96.3,2.7
20190115204013,0.0,0.0,0.0,0.6,1.8,0.5,88.1,9.0
20190115204043,0.0,0.0,0.0,1.2,2.2,0.4,78.1,18.1
20190115204113,0.0,0.0,0.0,0.2,1.0,0.3,94.7,3.8
20190115204143,0.0,0.0,0.0,0.5,1.1,0.4,91.2,6.8
20190115204213,0.0,0.0,0.0,0.5,0.8,0.2,96.1,2.4
20190115204243,0.0,0.0,0.0,0.1,0.4,0.1,97.9,1.5
20190115204313,0.0,0.0,0.0,0.4,1.2,0.3,89.3,8.8
20190115204343,0.0,0.0,0.0,0.3,1.1,0.2,95.8,2.7
20190115204413,0.0,0.0,0.0,0.6,0.7,0.2,92.8,5.7
20190115204443,0.0,0.0,0.0,0.9,0.8,0.2,88.9,9.2
20190115204513,0.0,0.0,0.0,0.1,0.9,0.1,95.7,3.2
20190115204543,0.0,0.0,0.0,0.2,1.0,0.1,97.6,1.0
20190115204613,0.0,0.0,0.0,0.1,1.2,0.2,95.2,3.3
20190115204643,0.0,0.0,0.0,0.5,5.4,0.2,86.1,7.8
20190115204713,0.0,0.0,0.0,0.4,1.3,0.1,95.0,3.2
20190115204743,0.0,0.0,0.0,0.4,1.9,0.1,87.0,10.6
20190115204813,0.0,0.0,0.0,0.5,7.0,0.2,89.5,2.8
