UT,arc,discrete,diffuse,ac,ab,clear,cloudy,dd
20190315172801,0.0,0.0,0.0,0.0,0.0,0.0,0.0,100.0
20190315172831,0.0,0.0,0.0,0.0,0.0,0.0,0.0,100.0
20190315172901,0.0,0.0,0.0,0.0,0.0,0.0,0.0,100.0
20190315172931,0.0,0.0,0.0,0.0,0.0,0.0,0.0,100.0
20190315173001,0.0,0.0,0.0,0.0,0.0,0.0,0.0,100.0
20190315173031,0.0,0.0,0.0,0.0,0.0,0.0,0.0,100.0
20190315173101,0.0,0.0,0.0,0.0,0.0,0.0,0.0,100.0
20190315173131,0.0,0.0,0.0,0.0,0.0,0.0,0.0,100.0
20190315173201,0.0,0.0,0.0,0.0,0.0,0.0,0.0,100.0
20190315173231,0.0,0.0,0.0,0.0,0.0,0.0,0.0,100.0
20190315173301,0.0,0.0,0.0,0.0,0.0,0.0,0.0,100.0
20190315173331,0.0,0.0,0.0,0.0,0.0,0.0,0.0,100.0
20190315173401,0.0,0.0,0.0,0.0,0.0,0.0,0.0,100.0
20190315173431,0.0,0.0,0.0,0.0,0.0,0.0,0.0,100.0
20190315173501,0.0,0.0,0.0,0.0,0.0,0.0,0.0,100.0
20190315173531,0.0,0.0,0.0,0.0,0.0,0.0,0.0,100.0
20190315173601,0.0,0.0,0.0,0.0,0.0,0.0,0.0,100.0
20190315173631,0.0,0.0,0.0,0.0,0.0,0.0,0.0,100.0
20190315173701,0.0,0.0,0.0,0.0,0.0,0.0,0.0,100.0
20190315173731,0.0,0.0,0.0,0.0,0.0,0.0,0.0,100.0
20190315173801,0.0,0.0,0.0,0.0,0.0,0.0,0.0,100.0
20190315173831,0.0,0.0,0.0,0.0,0.0,0.0,0.0,100.0
20190315173901,0.0,0.0,0.0,0.0,0.0,0.0,0.0,100.0
20190315173931,0.0,0.0,0.0,0.0,0.0,0.0,0.0,100.0
20190315174001,0.0,0.0,0.0,0.0,0.0,0.0,0.0,100.0
20190315174031,0.0,0.0,0.0,0.0,0.0,0.0,0.0,100.0
20190315174101,0.0,0.0,0.0,0.0,0.0,0.0,0.0,100.0
20190315174131,0.0,0.0,0.0,0.0,0.0,0.0,0.0,100.0
20190315174201,0.0,0.0,0.0,0.0,0.0,0.0,0.0,100.0
20190315174231,0.0,0.0,0.0,0.0,0.0,0.0,0.0,100.0
20190315174301,0.0,0.0,0.0,0.0,0.0,0.0,0.0,100.0
20190315174331,0.0,0.0,0.0,0.0,0.0,0.0,0.0,100.0
20190315174401,0.0,0.0,0.0,0.0,0.0,0.0,0.0,100.0
20190315174431,0.0,0.0,0.0,0.0,0.0,0.0,0.0,100.0
20190315174501,0.0,0.0,0.0,0.0,0.0,0.0,0.0,100.0
20190315174531,0.0,0.0,0.0,0.0,0.0,0.0,0.0,100.0
20190315174601,0.0,0.0,0.0,0.0,0.0,0.0,0.0,100.0
20190315174631,0.0,0.0,0.0,0.0,0.0,0.0,0.0,100.0
20190315174701,0.0,0.0,0.0,0.0,0.0,0.0,0.0,100.0
20190315174731,0.0,0.0,0.0,0.0,0.0,0.0,0.0,100.0
20190315174801,0.0,0.0,0.0,0.0,0.0,0.0,0.0,100.0
20190315174831,0.0,0.0,0.0,0.0,0.0,0.0,0.0,100.0
20190315174901,0.0,0.0,0.0,0.0,0.0,0.0,0.0,100.0
20190315174931,0.0,0.0,0.0,0.0,0.0,0.0,0.0,100.0
20190315175001,0.0,0.0,0.0,0.0,0.0,0.0,0.0,100.0
20190315175031,0.0,0.0,0.0,0.0,0.0,0.0,0.0,100.0
20190315175101,0.0,0.0,0.0,0.0,0.0,0.0,0.0,100.0
20190315175131,0.0,0.0,0.0,0.0,0.0,0.0,0.0,100.0
20190315175201,0.0,0.0,0.0,0.0,0.0,0.0,0.0,100.0
20190315175231,0.0,0.0,0.0,0.0,0.0,0.0,0.0,100.0
20190315175301,0.0,0.0,0.0,0.0,0.0,0.0,0.0,100.0
20190315175331,0.0,0.0,0.0,0.0,0.0,0.0,0.0,100.0
20190315175401,0.0,0.0,0.0,0.0,0.0,0.0,0.0,100.0
20190315175431,0.0,0.0,0.0,0.0,0.0,0.0,0.0,100.0
20190315175501,0.0,0.0,0.0,0.0,0.0,0.0,0.0,100.0
20190315175531,0.0,0.0,0.0,0.0,0.0,0.0,0.0,100.0
20190315175601,0.0,0.0,0.0,0.0,0.0,0.0,0.0,100.0
20190315175631,0.0,0.0,0.0,0.0,0.0,0.0,0.0,100.0
20190315175701,0.0,0.0,0.0,0.0,0.0,0.0,0.0,100.0
20190315175731,0.0,0.0,0.0,0.0,0.0,0.0,0.0,100.0
20190315175801,0.0,0.0,0.0,0.0,0.0,0.0,0.0,100.0
20190315175831,0.0,0.0,0.0,0.0,0.0,0.0,0.0,100.0
20190315175901,0.0,0.0,0.0,0.0,0.0,0.0,0.0,100.0
20190315175931,0.0,0.0,0.0,0.0,0.0,0.0,0.0,100.0
20190315180001,0.0,0.0,0.0,0.0,0.0,0.0,0.0,100.0
20190315180031,0.0,0.0,0.0,0.0,0.0,0.0,0.0,100.0
20190315180101,0.0,0.0,0.0,0.0,0.0,0.0,0.0,100.0
20190315180131,0.0,0.0,0.0,0.0,0.0,0.0,0.0,100.0
20190315180202,0.0,0.0,0.0,0.0,0.0,0.0,0.0,100.0
20190315180232,0.0,0.0,0.0,0.0,0.0,0.0,0.0,100.0
20190315180302,0.0,0.0,0.0,0.0,0.0,0.0,0.0,100.0
20190315180332,0.0,0.0,0.0,0.0,0.0,0.0,0.0,100.0
20190315180402,0.0,0.0,0.0,0.0,0.0,0.0,0.0,100.0
20190315180432,0.0,0.0,0.0,0.0,0.0,0.0,0.0,100.0
20190315180502,0.0,0.0,0.0,0.0,0.0,0.0,0.0,100.0
20190315180532,0.0,0.0,0.0,0.0,0.0,0.0,0.0,100.0
20190315180602,0.0,0.0,0.0,0.0,0.0,0.0,0.0,100.0
20190315180632,0.0,0.0,0.0,0.0,0.0,0.0,0.0,100.0
20190315180702,0.0,0.0,0.0,0.0,0.0,0.0,0.0,100.0
20190315180732,0.0,0.0,0.0,0.0,0.0,0.0,0.0,100.0
20190315180802,0.0,0.0,0.0,0.0,0.0,0.0,0.0,100.0
20190315180832,0.0,0.0,0.0,0.0,0.0,0.0,0.0,100.0
20190315180902,0.0,0.0,0.0,0.0,0.0,0.0,0.0,100.0
20190315180932,0.0,0.0,0.0,0.0,0.0,0.0,0.0,100.0
20190315181002,0.0,0.0,0.0,0.0,0.0,0.0,0.0,100.0
20190315181032,0.0,0.0,0.0,0.0,0.0,0.0,0.0,100.0
20190315181102,0.0,0.0,0.0,0.0,0.0,0.0,0.0,100.0
20190315181132,0.0,0.0,0.0,0.0,0.0,0.0,0.0,100.0
20190315181202,0.0,0.0,0.0,0.0,0.0,0.0,0.0,100.0
20190315181232,0.0,0.0,0.0,0.0,0.0,0.0,0.0,100.0
20190315181302,0.0,0.0,0.0,0.0,0.0,0.0,0.0,100.0
20190315181332,0.0,0.0,0.0,0.0,0.0,0.0,0.0,100.0
20190315181402,0.0,0.0,0.0,0.0,0.0,0.0,0.0,100.0
20190315181432,0.0,0.0,0.0,0.0,0.0,0.0,0.0,100.0
20190315181502,0.0,0.0,0.0,0.0,0.0,0.0,0.0,100.0
20190315181532,0.0,0.0,0.0,0.0,0.0,0.0,0.0,100.0
20190315181602,0.0,0.0,0.0,0.0,0.0,0.0,0.0,100.0
20190315181632,0.0,0.0,0.0,0.0,0.0,0.0,0.0,100.0
20190315181702,0.0,0.0,0.0,0.0,0.0,0.0,0.0,100.0
20190315181732,0.0,0.0,0.0,0.0,0.0,0.0,0.0,100.0
20190315181802,0.0,0.0,0.0,0.0,0.0,0.0,0.0,100.0
20190315181832,0.0,0.0,0.0,0.0,0.0,0.0,0.0,100.0
20190315181902,0.0,0.0,0.0,0.0,0.0,0.0,0.0,100.0
20190315181932,0.0,0.0,0.0,0.0,0.0,0.0,0.0,100.0
20190315182002,0.0,0.0,0.0,0.0,0.0,0.0,0.0,100.0
20190315182032,0.0,0.0,0.0,0.0,0.0,0.0,0.0,100.0
20190315182102,0.0,0.0,0.0,0.0,0.0,0.0,0.0,100.0
20190315182132,0.0,0.0,0.0,0.0,0.0,0.0,0.0,100.0
20190315182202,0.0,0.0,0.0,0.0,0.0,0.0,0.0,100.0
20190315182232,0.0,0.0,0.0,0.0,0.0,0.0,0.0,100.0
20190315182302,0.0,0.0,0.0,0.0,0.0,0.0,0.0,100.0
20190315182332,0.0,0.0,0.0,0.0,0.0,0.0,0.0,100.0
20190315182402,0.0,0.0,0.0,0.0,0.0,0.0,0.0,100.0
20190315182432,0.0,0.0,0.0,0.0,0.0,0.0,0.0,100.0
20190315182502,0.0,0.0,0.0,0.0,0.0,0.0,0.0,100.0
20190315182532,0.0,0.0,0.0,0.0,0.0,0.0,0.0,100.0
20190315182602,0.0,0.0,0.0,0.0,0.0,0.0,0.0,100.0
20190315182632,0.0,0.0,0.0,0.0,0.0,0.0,0.0,100.0
20190315182702,0.0,0.0,0.0,0.0,0.0,0.0,0.0,100.0
20190315182732,0.0,0.0,0.0,0.0,0.0,0.0,0.0,100.0
20190315182932,0.0,0.0,0.0,0.0,0.0,0.0,0.0,100.0
20190315183002,0.0,0.0,0.0,0.0,0.0,0.0,0.0,100.0
20190315183032,0.0,0.0,0.0,0.0,0.0,0.0,0.0,100.0
20190315183102,0.0,0.0,0.0,0.0,0.0,0.0,0.0,100.0
20190315183132,0.0,0.0,0.0,0.0,0.0,0.0,0.0,100.0
20190315183202,0.0,0.0,0.0,0.0,0.0,0.0,0.0,100.0
20190315183232,0.0,0.0,0.0,0.0,0.0,0.0,0.0,100.0
20190315183302,0.0,0.0,0.0,0.0,0.0,0.0,0.0,100.0
20190315183332,0.0,0.0,0.0,0.0,0.0,0.0,0.0,100.0
20190315183402,0.0,0.0,0.0,0.0,0.0,0.0,0.0,99.9
20190315183432,0.0,0.0,0.0,0.0,0.0,0.0,0.1,99.9
20190315183502,0.0,0.0,0.0,0.0,0.0,0.0,0.1,99.9
20190315183532,0.0,0.0,0.0,0.0,0.0,0.0,0.0,99.9
20190315183602,0.0,0.0,0.0,0.0,0.0,0.0,0.1,99.9
20190315183633,0.0,0.0,0.0,0.0,0.0,0.0,0.1,99.8
20190315183703,0.0,0.0,0.0,0.0,0.0,0.0,0.0,99.9
20190315183733,0.0,0.0,0.0,0.0,0.1,0.0,0.2,99.7
20190315183803,0.0,0.0,0.0,0.0,0.4,0.0,0.1,99.5
20190315183833,0.0,0.0,0.0,0.0,1.4,0.0,0.2,98.4
20190315183903,0.0,0.0,0.0,0.0,1.1,0.0,0.2,98.7
20190315183933,0.0,0.0,0.0,0.0,3.5,0.0,0.4,96.1
20190315184003,0.0,0.0,0.0,0.0,6.2,0.0,0.7,93.1
20190315184033,0.0,0.0,0.0,0.0,3.0,0.0,0.6,96.4
20190315184103,0.0,0.0,0.0,0.0,6.9,0.0,0.5,92.5
20190315184133,0.0,0.0,0.0,0.0,14.7,0.0,0.9,84.4
20190315184203,0.0,0.0,0.0,0.0,0.3,0.0,0.0,99.7
20190315184233,0.0,0.0,0.0,0.0,1.1,0.0,0.0,98.8
20190315184303,0.0,0.0,0.0,0.0,0.2,0.0,0.0,99.8
20190315184333,0.0,0.0,0.0,0.0,0.3,0.0,0.3,99.4
20190315184403,0.0,0.0,0.0,0.0,1.0,0.0,0.9,98.1
20190315184433,0.0,0.0,0.0,0.0,0.7,0.0,25.6,73.6
20190315184503,0.0,0.0,0.0,0.0,3.6,0.0,42.9,53.5
20190315184533,0.0,0.0,0.0,0.0,27.3,0.0,53.7,19.0
20190315184603,0.0,0.0,0.0,0.0,9.9,0.0,77.2,12.8
20190315184633,0.0,0.0,0.0,0.0,32.2,0.0,55.1,12.5
20190315184703,0.0,0.0,0.0,0.0,14.3,0.0,78.3,7.4
20190315184733,0.0,0.0,0.0,0.1,5.7,0.0,91.4,2.8
20190315184803,0.0,0.0,0.0,0.1,10.4,0.0,86.0,3.5
20190315184833,0.0,0.0,0.0,0.0,8.3,0.0,89.8,1.8
20190315184903,0.0,0.0,0.0,0.0,3.3,0.0,92.9,3.8
20190315184933,0.0,0.0,0.0,0.0,5.9,0.0,79.1,14.9
20190315185003,0.0,0.0,0.0,0.0,0.9,0.0,89.1,10.0
20190315185033,0.0,0.0,0.0,0.0,3.4,0.0,92.4,4.2
20190315185103,0.0,0.0,0.0,0.0,3.2,0.0,87.2,9.6
20190315185133,0.0,0.0,0.0,0.0,1.8,0.0,87.2,10.9
20190315185203,0.0,0.0,0.0,0.0,0.5,0.0,90.9,8.6
20190315185233,0.0,0.0,0.0,0.0,0.2,0.0,95.7,4.1
20190315185303,0.0,0.0,0.0,0.0,0.1,0.0,97.8,2.1
20190315185333,0.0,0.0,0.0,0.0,0.0,0.0,98.5,1.4
20190315185403,0.0,0.0,0.0,0.1,0.1,0.0,98.7,1.0
20190315185433,0.0,0.0,0.0,0.0,0.2,0.0,97.9,1.8
20190315185503,0.0,0.0,0.0,0.1,0.3,0.0,94.7,4.9
20190315185533,0.0,0.0,0.0,0.1,0.2,0.0,96.0,3.7
20190315185603,0.0,0.0,0.0,0.0,0.0,0.0,8.5,91.4
20190315185633,0.0,0.0,0.0,0.0,0.0,0.0,0.0,100.0
20190315185703,0.0,0.0,0.0,0.0,0.0,0.0,0.1,99.8
20190315185733,0.0,0.0,0.0,0.0,0.0,0.0,3.3,96.7
20190315185803,0.0,0.0,0.0,0.0,0.1,0.0,47.5,52.4
20190315185833,0.0,0.0,0.0,0.0,0.2,0.0,93.6,6.2
20190315185903,0.0,0.0,0.0,0.0,0.2,0.0,99.0,0.8
20190315185933,0.0,0.0,0.0,0.0,0.2,0.0,99.3,0.4
20190315190003,0.0,0.0,0.0,0.0,0.6,0.0,98.9,0.4
20190315190033,0.0,0.0,0.0,0.0,0.5,0.0,99.4,0.1
20190315190103,0.0,0.0,0.0,0.0,0.4,0.0,98.9,0.6
20190315190133,0.0,0.0,0.0,0.0,0.8,0.0,99.0,0.2
20190315190203,0.0,0.0,0.0,0.0,0.4,0.0,99.5,0.1
20190315190233,0.0,0.0,0.0,0.0,1.1,0.0,98.5,0.4
20190315190303,0.0,0.0,0.0,0.0,0.8,0.0,98.6,0.6
20190315190333,0.0,0.0,0.0,0.0,1.4,0.0,98.0,0.6
20190315190403,0.0,0.0,0.0,0.0,1.6,0.0,98.3,0.1
20190315190433,0.0,0.0,0.0,0.0,1.2,0.0,98.3,0.5
20190315190503,0.0,0.0,0.0,0.0,0.2,0.0,99.7,0.0
20190315190533,0.0,0.0,0.0,0.0,0.3,0.0,99.5,0.1
20190315190603,0.0,0.0,0.0,0.0,0.3,0.0,99.6,0.1
20190315190633,0.0,0.0,0.0,0.0,1.7,0.0,98.2,0.1
20190315190703,0.0,0.0,0.0,0.0,2.8,0.0,96.7,0.4
20190315190733,0.0,0.0,0.0,0.0,4.1,0.0,95.3,0.6
20190315190803,0.0,0.0,0.0,0.0,8.7,0.0,90.9,0.4
20190315190833,0.0,0.0,0.0,0.0,31.0,0.0,68.7,0.3
20190315190903,0.0,0.0,0.0,0.0,19.2,0.0,79.8,0.9
20190315190933,0.0,0.0,0.0,0.0,1.9,0.0,40.8,57.3
20190315191003,0.0,0.0,0.0,0.0,8.2,0.0,38.3,53.4
20190315191033,0.0,0.0,0.0,0.0,0.1,0.0,5.8,94.1
20190315191104,0.0,0.0,0.0,0.0,0.0,0.0,0.1,99.9
20190315191134,0.0,0.0,0.0,0.0,0.0,0.0,0.0,100.0
20190315191204,0.0,0.0,0.0,0.0,0.0,0.0,0.0,100.0
20190315191234,0.0,0.0,0.0,0.0,0.0,0.0,0.0,100.0
20190315191304,0.0,0.0,0.0,0.0,0.0,0.0,0.0,100.0
20190315191334,0.0,0.0,0.0,0.0,0.8,0.0,2.5,96.7
20190315191404,0.0,0.0,0.0,0.0,0.0,0.0,0.0,100.0
20190315191434,0.0,0.0,0.0,0.0,2.0,0.0,13.9,84.1
20190315191504,0.0,0.0,0.0,0.0,1.0,0.0,93.0,6.0
20190315191534,0.0,0.0,0.0,0.0,1.2,0.0,95.7,3.2
20190315191604,0.0,0.0,0.0,0.0,1.4,0.0,32.6,66.0
20190315191634,0.0,0.0,0.0,0.0,4.8,0.0,92.2,3.0
20190315191704,0.0,0.0,0.0,0.0,0.8,0.0,2.1,97.2
20190315191734,0.0,0.0,0.0,0.0,0.5,0.0,27.6,71.9
20190315191804,0.0,0.0,0.0,0.0,1.3,0.0,66.2,32.5
20190315191834,0.0,0.0,0.0,0.0,0.3,0.0,1.4,98.3
20190315191904,0.0,0.0,0.0,0.0,0.0,0.0,0.0,100.0
20190315191934,0.0,0.0,0.0,0.0,0.0,0.0,0.0,100.0
20190315192004,0.0,0.0,0.0,0.0,0.0,0.0,0.0,100.0
20190315192034,0.0,0.0,0.0,0.0,0.0,0.0,0.0,100.0
20190315192104,0.0,0.0,0.0,0.0,0.0,0.0,0.0,100.0
20190315192134,0.0,0.0,0.0,0.0,0.0,0.0,0.0,100.0
20190315192204,0.0,0.0,0.0,0.0,0.0,0.0,0.0,100.0
20190315192234,0.0,0.0,0.0,0.0,0.0,0.0,0.0,100.0
20190315192304,0.0,0.0,0.0,0.0,0.0,0.0,0.0,100.0
20190315192334,0.0,0.0,0.0,0.0,0.0,0.0,0.0,100.0
20190315192404,0.0,0.0,0.0,0.0,0.0,0.0,0.0,100.0
20190315192434,0.0,0.0,0.0,0.0,0.0,0.0,0.0,100.0
20190315192504,0.0,0.0,0.0,0.0,0.0,0.0,0.0,100.0
20190315192534,0.0,0.0,0.0,0.0,0.0,0.0,0.0,100.0
20190315192604,0.0,0.0,0.0,0.0,0.0,0.0,0.0,100.0
20190315192634,0.0,0.0,0.0,0.0,0.0,0.0,0.0,100.0
20190315192704,0.0,0.0,0.0,0.0,0.0,0.0,0.1,99.9
20190315192734,0.0,0.0,0.0,0.0,0.0,0.0,0.0,100.0
20190315192804,0.0,0.0,0.0,0.0,0.0,0.0,0.0,100.0
20190315192834,0.0,0.0,0.0,0.0,0.0,0.0,0.0,100.0
20190315192904,0.0,0.0,0.0,0.0,0.0,0.0,0.0,100.0
20190315192934,0.0,0.0,0.0,0.0,0.0,0.0,0.0,100.0
20190315193004,0.0,0.0,0.0,0.0,0.0,0.0,0.1,99.9
20190315193034,0.0,0.0,0.0,0.0,0.0,0.0,0.1,99.9
20190315193104,0.0,0.0,0.0,0.0,0.0,0.0,0.0,100.0
20190315193134,0.0,0.0,0.0,0.0,0.0,0.0,0.1,99.9
20190315193204,0.0,0.0,0.0,0.0,0.0,0.0,0.2,99.8
20190315193234,0.0,0.0,0.0,0.0,0.0,0.0,0.3,99.7
20190315193304,0.0,0.0,0.0,0.0,0.0,0.0,0.1,99.9
20190315193334,0.0,0.0,0.0,0.0,0.0,0.0,0.1,99.9
20190315193404,0.0,0.0,0.0,0.0,0.0,0.0,0.3,99.7
20190315193434,0.0,0.0,0.0,0.0,0.0,0.0,0.6,99.4
20190315193504,0.0,0.0,0.0,0.0,0.0,0.0,0.1,99.9
20190315193534,0.0,0.0,0.0,0.0,0.0,0.0,0.3,99.7
20190315193604,0.0,0.0,0.0,0.0,0.0,0.0,1.0,99.0
20190315193634,0.0,0.0,0.0,0.0,0.0,0.0,0.1,99.9
20190315193705,0.0,0.0,0.0,0.0,0.0,0.0,1.9,98.1
20190315193735,0.0,0.0,0.0,0.0,0.0,0.0,0.2,99.8
20190315193805,0.0,0.0,0.0,0.0,0.0,0.0,0.7,99.3
20190315193835,0.0,0.0,0.0,0.0,0.0,0.0,5.2,94.8
20190315193905,0.0,0.0,0.0,0.0,0.0,0.0,1.9,98.1
20190315193935,0.0,0.0,0.0,0.0,0.0,0.0,4.7,95.3
20190315194005,0.0,0.0,0.0,0.0,0.0,0.0,4.6,95.4
20190315194035,0.0,0.0,0.0,0.0,0.0,0.0,4.8,95.2
20190315194105,0.0,0.0,0.0,0.0,0.0,0.0,3.9,96.1
20190315194135,0.0,0.0,0.0,0.0,0.0,0.0,4.4,95.6
20190315194205,0.0,0.0,0.0,0.0,0.0,0.0,5.4,94.6
20190315194235,0.0,0.0,0.0,0.0,0.0,0.0,3.7,96.3
20190315194305,0.0,0.0,0.0,0.0,0.0,0.0,14.6,85.4
20190315194335,0.0,0.0,0.0,0.0,0.0,0.0,8.3,91.7
20190315194405,0.0,0.0,0.0,0.0,0.0,0.0,3.5,96.5
20190315194435,0.0,0.0,0.0,0.0,0.0,0.0,9.6,90.4
20190315194505,0.0,0.0,0.0,0.0,0.0,0.0,2.2,97.8
20190315194535,0.0,0.0,0.0,0.0,0.0,0.0,5.2,94.8
20190315194605,0.0,0.0,0.0,0.0,0.0,0.0,1.9,98.1
20190315194635,0.0,0.0,0.0,0.0,0.0,0.0,0.6,99.3
20190315194705,0.0,0.0,0.0,0.0,0.0,0.0,9.8,90.2
20190315194735,0.0,0.0,0.0,0.0,0.0,0.0,1.3,98.7
20190315194805,0.0,0.0,0.0,0.0,0.0,0.0,0.7,99.3
20190315194835,0.0,0.0,0.0,0.0,0.0,0.0,0.4,99.6
20190315194905,0.0,0.0,0.0,0.0,0.0,0.0,0.9,99.1
20190315194935,0.0,0.0,0.0,0.0,0.0,0.0,1.2,98.8
20190315195005,0.0,0.0,0.0,0.0,0.0,0.0,3.1,96.9
20190315195035,0.0,0.0,0.0,0.0,0.0,0.0,1.9,98.1
20190315195105,0.0,0.0,0.0,0.0,0.0,0.0,3.3,96.7
20190315195135,0.0,0.0,0.0,0.0,0.0,0.0,6.9,93.1
20190315195205,0.0,0.0,0.0,0.0,0.0,0.0,3.7,96.3
20190315195235,0.0,0.0,0.0,0.0,0.0,0.0,3.5,96.5
20190315195305,0.0,0.0,0.0,0.0,0.0,0.0,0.5,99.5
20190315195335,0.0,0.0,0.0,0.0,0.0,0.0,5.5,94.5
20190315195405,0.0,0.0,0.0,0.0,0.0,0.0,2.8,97.2
20190315195435,0.0,0.0,0.0,0.0,0.0,0.0,3.7,96.3
20190315195505,0.0,0.0,0.0,0.0,0.0,0.0,5.5,94.5
20190315195535,0.0,0.0,0.0,0.0,0.0,0.0,9.7,90.3
20190315195605,0.0,0.0,0.0,0.0,0.0,0.0,9.5,90.5
20190315195635,0.0,0.0,0.0,0.0,0.0,0.0,39.6,60.4
20190315195705,0.0,0.0,0.0,0.0,0.0,0.0,18.5,81.5
20190315195735,0.0,0.0,0.0,0.0,0.0,0.0,27.8,72.2
20190315195805,0.0,0.0,0.0,0.0,0.0,0.0,6.1,93.9
20190315195835,0.0,0.0,0.0,0.0,0.0,0.0,9.9,90.1
20190315195905,0.0,0.0,0.0,0.0,0.0,0.0,22.9,77.1
20190315195935,0.0,0.0,0.0,0.0,0.0,0.0,13.6,86.3
20190315200005,0.0,0.0,0.0,0.0,0.0,0.0,34.7,65.3
20190315200035,0.0,0.0,0.0,0.0,0.0,0.0,31.4,68.6
20190315200105,0.0,0.0,0.0,0.0,0.0,0.0,47.9,52.1
20190315200135,0.0,0.0,0.0,0.0,0.0,0.0,65.0,35.0
20190315200205,0.0,0.0,0.0,0.0,0.0,0.0,45.6,54.4
20190315200235,0.0,0.0,0.0,0.0,0.0,0.0,55.7,44.3
20190315200305,0.0,0.0,0.0,0.0,0.0,0.0,76.9,23.1
20190315200335,0.0,0.0,0.0,0.0,0.0,0.0,53.8,46.2
20190315200405,0.0,0.0,0.0,0.0,0.0,0.0,72.7,27.3
20190315200435,0.0,0.0,0.0,0.0,0.0,0.0,20.6,79.4
20190315200505,0.0,0.0,0.0,0.0,0.0,0.0,52.4,47.6
20190315200535,0.0,0.0,0.0,0.0,0.0,0.0,40.7,59.3
20190315200605,0.0,0.0,0.0,0.0,0.0,0.0,22.8,77.2
20190315200635,0.0,0.0,0.0,0.0,0.0,0.0,6.6,93.4
20190315200705,0.0,0.0,0.0,0.0,0.0,0.0,3.8,96.2
20190315200735,0.0,0.0,0.0,0.0,0.0,0.0,4.6,95.4
20190315200805,0.0,0.0,0.0,0.0,0.0,0.0,6.2,93.8
20190315200835,0.0,0.0,0.0,0.0,0.0,0.0,9.7,90.3
20190315200905,0.0,0.0,0.0,0.0,0.0,0.0,74.0,26.0
20190315200935,0.0,0.0,0.0,0.0,0.0,0.0,59.5,40.5
20190315201005,0.0,0.0,0.0,0.0,0.0,0.0,18.3,81.7
20190315201035,0.0,0.0,0.0,0.0,0.0,0.0,43.9,56.1
20190315201105,0.0,0.0,0.0,0.0,0.0,0.0,94.2,5.8
20190315201136,0.0,0.0,0.0,0.0,0.0,0.0,89.0,11.0
20190315201206,0.0,0.0,0.0,0.0,0.0,0.0,92.8,7.2
20190315201236,0.0,0.0,0.0,0.0,0.0,0.0,96.8,3.2
20190315201306,0.0,0.0,0.0,0.0,0.0,0.0,85.7,14.3
20190315201336,0.0,0.0,0.0,0.0,0.0,0.0,91.8,8.2
20190315201406,0.0,0.0,0.0,0.0,0.0,0.0,23.4,76.6
20190315201436,0.0,0.0,0.0,0.0,0.0,0.0,9.0,91.0
20190315201506,0.0,0.0,0.0,0.0,0.0,0.0,49.7,50.3
20190315201536,0.0,0.0,0.0,0.0,0.0,0.0,73.3,26.7
20190315201606,0.0,0.0,0.0,0.0,0.0,0.0,90.8,9.2
20190315201636,0.0,0.0,0.0,0.0,0.0,0.0,9.6,90.4
20190315201706,0.0,0.0,0.0,0.0,0.0,0.0,21.4,78.6
20190315201736,0.0,0.0,0.0,0.0,0.0,0.0,4.7,95.3
20190315201806,0.0,0.0,0.0,0.0,0.0,0.0,30.3,69.7
20190315201836,0.0,0.0,0.0,0.0,0.0,0.0,56.3,43.7
20190315201906,0.0,0.0,0.0,0.0,0.0,0.0,8.2,91.8
20190315201936,0.0,0.0,0.0,0.0,0.0,0.0,27.2,72.8
20190315202006,0.0,0.0,0.0,0.0,0.0,0.0,40.6,59.4
20190315202036,0.0,0.0,0.0,0.0,0.0,0.0,11.8,88.2
20190315202106,0.0,0.0,0.0,0.0,0.0,0.0,4.6,95.4
20190315202136,0.0,0.0,0.0,0.0,0.0,0.0,7.4,92.6
20190315202206,0.0,0.0,0.0,0.0,0.0,0.0,27.2,72.8
20190315202236,0.0,0.0,0.0,0.0,0.0,0.0,13.8,86.2
20190315202306,0.0,0.0,0.0,0.0,0.0,0.0,20.5,79.5
20190315202336,0.0,0.0,0.0,0.0,0.0,0.0,2.5,97.5
20190315202406,0.0,0.0,0.0,0.0,0.0,0.0,11.2,88.8
20190315202436,0.0,0.0,0.0,0.0,0.0,0.0,6.3,93.7
20190315202506,0.0,0.0,0.0,0.0,0.0,0.0,7.4,92.6
20190315202536,0.0,0.0,0.0,0.0,0.0,0.0,17.5,82.5
20190315202606,0.0,0.0,0.0,0.0,0.0,0.0,9.8,90.2
20190315202636,0.0,0.0,0.0,0.0,0.0,0.0,0.9,99.1
20190315202706,0.0,0.0,0.0,0.0,0.0,0.0,92.6,7.4
20190315202736,0.0,0.0,0.0,0.0,0.0,0.0,90.0,10.0
20190315202806,0.0,0.0,0.0,0.0,0.0,0.0,99.9,0.1
20190315202836,0.0,0.0,0.0,0.0,0.0,0.0,99.8,0.2
20190315202906,0.0,0.0,0.0,0.0,0.0,0.0,99.1,0.9
20190315202936,0.0,0.0,0.0,0.0,0.0,0.0,99.9,0.1
20190315203006,0.0,0.0,0.0,0.0,0.0,0.0,99.9,0.1
20190315203036,0.0,0.0,0.0,0.0,0.0,0.0,99.9,0.1
20190315203106,0.0,0.0,0.0,0.0,0.0,0.0,99.9,0.0
20190315203136,0.0,0.0,0.0,0.0,0.0,0.0,99.8,0.1
20190315203206,0.0,0.0,0.0,0.0,0.0,0.0,99.8,0.2
20190315203236,0.0,0.0,0.0,0.0,0.0,0.0,99.8,0.1
20190315203306,0.0,0.0,0.0,0.0,0.0,0.0,99.8,0.2
20190315203336,0.0,0.0,0.0,0.0,0.0,0.0,99.6,0.4
20190315203406,0.0,0.0,0.0,0.0,0.0,0.0,99.9,0.1
20190315203436,0.0,0.0,0.0,0.0,0.0,0.0,99.9,0.1
20190315203506,0.0,0.0,0.0,0.0,0.0,0.0,99.9,0.1
20190315203536,0.0,0.0,0.0,0.0,0.0,0.0,99.6,0.4
20190315203606,0.0,0.0,0.0,0.0,0.0,0.0,99.8,0.2
20190315203636,0.0,0.0,0.0,0.0,0.0,0.0,98.7,1.3
20190315203706,0.0,0.0,0.0,0.0,0.0,0.0,10.0,90.0
20190315203736,0.0,0.0,0.0,0.0,0.0,0.0,4.6,95.4
20190315203806,0.0,0.0,0.0,0.0,0.0,0.0,9.7,90.3
20190315203836,0.0,0.0,0.0,0.0,0.0,0.0,0.2,99.8
20190315203906,0.0,0.0,0.0,0.0,0.0,0.0,3.0,97.0
20190315203936,0.0,0.0,0.0,0.0,0.0,0.0,0.6,99.4
20190315204006,0.0,0.0,0.0,0.0,0.0,0.0,0.1,99.9
20190315204036,0.0,0.0,0.0,0.0,0.0,0.0,1.9,98.1
20190315204106,0.0,0.0,0.0,0.0,0.0,0.0,1.4,98.6
20190315204136,0.0,0.0,0.0,0.0,0.0,0.0,0.4,99.6
20190315204206,0.0,0.0,0.0,0.0,0.0,0.0,0.4,99.6
20190315204236,0.0,0.0,0.0,0.0,0.0,0.0,0.5,99.5
20190315204306,0.0,0.0,0.0,0.0,0.0,0.0,0.8,99.2
20190315204336,0.0,0.0,0.0,0.0,0.0,0.0,0.6,99.4
20190315204406,0.0,0.0,0.0,0.0,0.0,0.0,87.7,12.3
20190315204436,0.0,0.0,0.0,0.0,0.0,0.0,93.4,6.6
20190315204506,0.0,0.0,0.0,0.0,0.0,0.0,77.8,22.2
20190315204537,0.0,0.0,0.0,0.0,0.0,0.0,32.2,67.8
20190315204607,0.0,0.0,0.0,0.0,0.0,0.0,2.9,97.1
20190315204637,0.0,0.0,0.0,0.0,0.0,0.0,78.7,21.2
20190315204707,0.0,0.0,0.0,0.0,0.0,0.0,13.4,86.6
20190315204737,0.0,0.0,0.0,0.0,0.0,0.0,99.5,0.5
20190315204807,0.0,0.0,0.1,0.0,0.0,0.0,99.9,0.0
20190315204837,0.0,0.0,0.1,0.0,0.0,0.0,99.7,0.2
20190315204907,0.0,0.0,0.0,0.0,0.0,0.0,99.9,0.1
20190315204937,0.0,0.0,0.0,0.0,0.0,0.0,95.2,4.8
20190315205007,0.0,0.0,0.2,0.0,0.0,0.0,30.5,69.3
20190315205037,0.0,0.0,0.0,0.0,0.0,0.0,36.8,63.2
20190315205107,0.0,0.0,0.0,0.0,0.0,0.0,8.5,91.5
20190315205137,0.0,0.0,0.0,0.0,0.0,0.0,7.0,92.9
20190315205207,0.0,0.0,0.0,0.0,0.0,0.0,1.5,98.5
20190315205237,0.0,0.0,0.0,0.0,0.0,0.0,0.3,99.7
20190315205307,0.0,0.0,0.0,0.0,0.0,0.0,0.2,99.8
20190315205337,0.0,0.0,0.0,0.0,0.0,0.0,0.8,99.2
20190315205407,0.0,0.0,0.0,0.0,0.0,0.0,0.7,99.3
20190315205437,0.0,0.0,0.0,0.0,0.0,0.0,0.9,99.1
20190315205507,0.0,0.0,0.0,0.0,0.0,0.0,4.9,95.1
20190315205537,0.0,0.0,0.0,0.0,0.0,0.0,0.4,99.6
20190315205607,0.0,0.0,0.0,0.0,0.0,0.0,3.2,96.8
20190315205637,0.0,0.0,0.0,0.0,0.0,0.0,0.8,99.2
20190315205707,0.0,0.0,0.0,0.0,0.0,0.0,1.1,98.9
20190315205737,0.0,0.0,0.0,0.0,0.0,0.0,0.9,99.1
20190315205807,0.0,0.0,0.0,0.0,0.0,0.0,3.3,96.7
20190315205837,0.0,0.0,0.0,0.0,0.0,0.0,3.0,97.0
20190315205907,0.0,0.0,0.0,0.0,0.0,0.0,0.6,99.4
20190315205937,0.0,0.0,0.0,0.0,0.0,0.0,0.2,99.8
20190315210007,0.0,0.0,0.0,0.0,0.0,0.0,1.1,98.9
20190315210037,0.0,0.0,0.0,0.0,0.0,0.0,0.2,99.8
20190315210107,0.0,0.0,0.0,0.0,0.0,0.0,4.3,95.7
20190315210137,0.0,0.0,0.0,0.0,0.0,0.0,2.2,97.8
20190315210207,0.0,0.0,0.0,0.0,0.0,0.0,2.5,97.5
20190315210237,0.0,0.0,0.0,0.0,0.0,0.0,2.3,97.7
20190315210307,0.0,0.0,0.0,0.0,0.0,0.0,8.0,92.0
20190315210337,0.0,0.0,0.0,0.0,0.0,0.0,4.1,95.9
20190315210407,0.0,0.0,0.0,0.0,0.0,0.0,8.0,92.0
20190315210437,0.0,0.0,0.0,0.0,0.0,0.0,9.0,91.0
20190315210507,0.0,0.0,0.0,0.0,0.0,0.0,1.1,98.9
20190315210537,0.0,0.0,0.0,0.0,0.0,0.0,1.0,99.0
20190315210607,0.0,0.0,0.0,0.0,0.0,0.0,2.2,97.8
20190315210637,0.0,0.0,0.0,0.0,0.0,0.0,18.7,81.3
20190315210707,0.0,0.0,0.0,0.0,0.0,0.0,18.6,81.4
20190315210737,0.0,0.0,0.0,0.0,0.0,0.0,11.1,88.9
20190315210807,0.0,0.0,0.0,0.0,0.0,0.0,5.1,94.9
20190315210837,0.0,0.0,0.0,0.0,0.0,0.0,46.2,53.8
20190315210907,0.0,0.0,0.0,0.0,0.0,0.0,2.2,97.8
20190315210937,0.0,0.0,0.0,0.0,0.0,0.0,6.0,94.0
20190315211007,0.0,0.0,0.1,0.0,0.0,0.0,2.8,97.2
20190315211037,0.0,0.0,0.0,0.0,0.0,0.0,12.0,88.0
20190315211107,0.0,0.0,0.0,0.0,0.0,0.0,4.0,96.0
20190315211137,0.0,0.0,0.0,0.0,0.0,0.0,6.0,94.0
20190315211207,0.0,0.0,0.0,0.0,0.0,0.0,1.0,99.0
20190315211238,0.0,0.0,0.0,0.0,0.0,0.0,1.3,98.7
20190315211308,0.0,0.0,0.0,0.0,0.0,0.0,1.9,98.1
20190315211338,0.0,0.0,0.0,0.0,0.0,0.0,2.4,97.6
20190315211408,0.0,0.0,0.0,0.0,0.0,0.0,0.6,99.4
20190315211438,0.0,0.0,0.0,0.0,0.0,0.0,2.2,97.8
20190315211508,0.0,0.0,0.0,0.0,0.0,0.0,1.1,98.9
20190315211538,0.0,0.0,0.0,0.0,0.0,0.0,2.4,97.6
20190315211608,0.0,0.0,0.0,0.0,0.0,0.0,15.0,85.0
20190315211638,0.0,0.0,0.0,0.0,0.0,0.0,2.3,97.7
20190315211708,0.0,0.0,0.0,0.0,0.0,0.0,1.4,98.6
20190315211738,0.0,0.0,0.0,0.0,0.0,0.0,0.7,99.3
20190315211808,0.0,0.0,0.0,0.0,0.0,0.0,0.2,99.8
20190315211838,0.0,0.0,0.0,0.0,0.0,0.0,1.1,98.9
20190315211908,0.0,0.0,0.0,0.0,0.0,0.0,0.7,99.3
20190315211938,0.0,0.0,0.0,0.0,0.0,0.0,0.7,99.3
20190315212008,0.0,0.0,0.0,0.0,0.0,0.0,0.4,99.6
20190315212038,0.0,0.0,0.0,0.0,0.0,0.0,0.2,99.8
20190315212108,0.0,0.0,0.0,0.0,0.0,0.0,0.1,99.9
20190315212138,0.0,0.0,0.0,0.0,0.0,0.0,0.3,99.7
20190315212208,0.0,0.0,0.0,0.0,0.0,0.0,0.2,99.8
20190315212238,0.0,0.0,0.0,0.0,0.0,0.0,0.0,100.0
20190315212308,0.0,0.0,0.0,0.0,0.0,0.0,0.2,99.8
20190315212338,0.0,0.0,0.0,0.0,0.0,0.0,0.2,99.8
20190315212408,0.0,0.0,0.0,0.0,0.0,0.0,1.0,99.0
20190315212438,0.0,0.0,0.0,0.0,0.0,0.0,0.3,99.7
20190315212508,0.0,0.0,0.0,0.0,0.0,0.0,0.2,99.8
20190315212538,0.0,0.0,0.0,0.0,0.0,0.0,1.1,98.9
20190315212608,0.0,0.0,0.0,0.0,0.0,0.0,0.2,99.8
20190315212638,0.0,0.0,0.0,0.0,0.0,0.0,0.1,99.9
20190315212708,0.0,0.0,0.0,0.0,0.0,0.0,0.7,99.3
20190315212738,0.0,0.0,0.0,0.0,0.0,0.0,0.2,99.8
20190315212808,0.0,0.0,0.0,0.0,0.0,0.0,0.2,99.8
20190315212838,0.0,0.0,0.0,0.0,0.0,0.0,0.1,99.9
20190315212908,0.0,0.0,0.0,0.0,0.0,0.0,0.0,100.0
20190315212938,0.0,0.0,0.0,0.0,0.0,0.0,0.0,100.0
20190315213008,0.0,0.0,0.0,0.0,0.0,0.0,0.0,100.0
20190315213038,0.0,0.0,0.0,0.0,0.0,0.0,0.0,100.0
20190315213108,0.0,0.0,0.0,0.0,0.0,0.0,0.0,100.0
20190315213138,0.0,0.0,0.0,0.0,0.0,0.0,0.0,100.0
20190315213208,0.0,0.0,0.0,0.0,0.0,0.0,0.0,100.0
20190315213238,0.0,0.0,0.0,0.0,0.0,0.0,0.0,100.0
20190315213308,0.0,0.0,0.0,0.0,0.0,0.0,0.4,99.6
20190315213338,0.0,0.0,0.0,0.0,0.0,0.0,0.3,99.7
20190315213408,0.0,0.0,0.0,0.0,0.0,0.0,0.3,99.7
20190315213438,0.0,0.0,0.0,0.0,0.0,0.0,0.2,99.8
20190315213508,0.0,0.0,0.0,0.0,0.0,0.0,0.3,99.7
20190315213538,0.0,0.0,0.0,0.0,0.0,0.0,0.3,99.7
20190315213608,0.0,0.0,0.0,0.0,0.0,0.0,0.5,99.5
20190315213638,0.0,0.0,0.0,0.0,0.0,0.0,12.6,87.4
20190315213708,0.0,0.0,0.0,0.0,0.0,0.0,9.6,90.4
20190315213738,0.0,0.0,0.0,0.0,0.0,0.0,0.2,99.8
20190315213808,0.0,0.0,0.0,0.0,0.0,0.0,0.0,100.0
20190315213838,0.0,0.0,0.0,0.0,0.0,0.0,0.1,99.9
20190315213908,0.0,0.0,0.0,0.0,0.0,0.0,0.0,100.0
20190315213938,0.0,0.0,0.0,0.0,0.0,0.0,0.0,100.0
20190315214008,0.0,0.0,0.0,0.0,0.0,0.0,0.1,99.9
20190315214038,0.0,0.0,0.0,0.0,0.0,0.0,0.0,100.0
20190315214108,0.0,0.0,0.0,0.0,0.0,0.0,0.2,99.8
20190315214138,0.0,0.0,0.0,0.0,0.0,0.0,0.4,99.6
20190315214208,0.0,0.0,0.0,0.0,0.0,0.0,0.1,99.9
20190315214238,0.0,0.0,0.0,0.0,0.0,0.0,0.5,99.5
20190315214308,0.0,0.0,0.0,0.0,0.0,0.0,0.1,99.9
20190315214338,0.0,0.0,0.0,0.0,0.0,0.0,0.1,99.9
20190315214408,0.0,0.0,0.0,0.0,0.0,0.0,0.1,99.9
20190315214438,0.0,0.0,0.0,0.0,0.0,0.0,0.0,100.0
20190315214508,0.0,0.0,0.0,0.0,0.0,0.0,0.0,100.0
20190315214538,0.0,0.0,0.0,0.0,0.0,0.0,0.0,100.0
20190315214608,0.0,0.0,0.0,0.0,0.0,0.0,0.0,100.0
20190315214638,0.0,0.0,0.0,0.0,0.0,0.0,0.2,99.8
20190315214708,0.0,0.0,0.0,0.0,0.0,0.0,0.2,99.8
20190315214739,0.0,0.0,0.0,0.0,0.0,0.0,1.0,99.0
20190315214809,0.0,0.0,0.0,0.0,0.0,0.0,5.1,94.9
20190315214839,0.0,0.0,0.0,0.0,0.0,0.0,1.8,98.2
20190315214909,0.0,0.0,0.0,0.0,0.0,0.0,0.4,99.6
20190315214939,0.0,0.0,0.0,0.0,0.0,0.0,1.7,98.3
20190315215009,0.0,0.0,0.0,0.0,0.0,0.0,5.4,94.6
20190315215039,0.0,0.0,0.0,0.0,0.0,0.0,4.1,95.9
20190315215109,0.0,0.0,0.0,0.0,0.0,0.0,1.4,98.6
20190315215139,0.0,0.0,0.0,0.0,0.0,0.0,0.6,99.4
20190315215209,0.0,0.0,0.0,0.0,0.0,0.0,0.1,99.9
20190315215239,0.0,0.0,0.0,0.0,0.0,0.0,0.5,99.5
20190315215309,0.0,0.0,0.0,0.0,0.0,0.0,1.6,98.4
20190315215339,0.0,0.0,0.0,0.0,0.0,0.0,3.5,96.5
20190315215409,0.0,0.0,0.0,0.0,0.0,0.0,12.1,87.9
20190315215439,0.0,0.0,0.0,0.0,0.0,0.0,22.4,77.6
20190315215509,0.0,0.0,0.0,0.0,0.0,0.0,14.3,85.7
20190315215539,0.0,0.0,0.0,0.0,0.0,0.0,22.4,77.6
20190315215609,0.0,0.0,0.0,0.0,0.0,0.0,8.6,91.4
20190315215639,0.0,0.0,0.0,0.0,0.0,0.0,5.6,94.4
20190315215709,0.0,0.0,0.0,0.0,0.0,0.0,4.8,95.2
20190315215739,0.0,0.0,0.0,0.0,0.0,0.0,3.3,96.7
20190315215809,0.0,0.0,0.0,0.0,0.0,0.0,19.4,80.6
20190315215839,0.0,0.0,0.0,0.0,0.0,0.0,1.7,98.3
20190315215909,0.0,0.0,0.0,0.0,0.0,0.0,31.9,68.1
20190315215939,0.0,0.0,0.0,0.0,0.0,0.0,5.4,94.6
20190315220009,0.0,0.0,0.0,0.0,0.0,0.0,18.4,81.6
20190315220039,0.0,0.0,0.0,0.0,0.0,0.0,18.0,82.0
20190315220109,0.0,0.0,0.0,0.0,0.0,0.0,5.7,94.3
20190315220139,0.0,0.0,0.0,0.0,0.0,0.0,35.7,64.3
20190315220209,0.0,0.0,0.0,0.0,0.0,0.0,22.4,77.6
20190315220239,0.0,0.0,0.0,0.0,0.0,0.0,29.0,71.0
20190315220309,0.0,0.0,0.0,0.0,0.0,0.0,69.5,30.5
20190315220339,0.0,0.0,0.0,0.0,0.0,0.0,16.9,83.1
20190315220409,0.0,0.0,0.0,0.0,0.0,0.0,24.5,75.5
20190315220439,0.0,0.0,0.0,0.0,0.0,0.0,23.3,76.7
20190315220509,0.0,0.0,0.0,0.0,0.0,0.0,5.3,94.7
20190315220539,0.0,0.0,0.0,0.0,0.0,0.0,2.4,97.6
20190315220609,0.0,0.0,0.0,0.0,0.0,0.0,3.2,96.8
20190315220639,0.0,0.0,0.0,0.0,0.0,0.0,7.1,92.9
20190315220709,0.0,0.0,0.0,0.0,0.0,0.0,42.1,57.9
20190315220739,0.0,0.0,0.0,0.0,0.0,0.0,21.1,78.9
20190315220809,0.0,0.0,0.0,0.0,0.0,0.0,43.1,56.9
20190315220839,0.0,0.0,0.0,0.0,0.0,0.0,28.6,71.4
20190315220909,0.0,0.0,0.0,0.0,0.0,0.0,48.1,51.9
20190315220939,0.0,0.0,0.0,0.0,0.0,0.0,37.4,62.6
20190315221009,0.0,0.0,0.0,0.0,0.0,0.0,26.1,73.9
20190315221039,0.0,0.0,0.0,0.0,0.0,0.0,35.3,64.7
20190315221109,0.0,0.0,0.0,0.0,0.0,0.0,2.9,97.1
20190315221139,0.0,0.0,0.0,0.0,0.0,0.0,1.1,98.9
20190315221209,0.0,0.0,0.0,0.0,0.0,0.0,0.4,99.6
20190315221239,0.0,0.0,0.0,0.0,0.0,0.0,1.0,99.0
20190315221309,0.0,0.0,0.0,0.0,0.0,0.0,4.8,95.2
20190315221339,0.0,0.0,0.0,0.0,0.0,0.0,30.1,69.9
20190315221409,0.0,0.0,0.0,0.0,0.0,0.0,76.8,23.2
20190315221439,0.0,0.0,0.0,0.0,0.0,0.0,53.2,46.8
20190315221509,0.0,0.0,0.0,0.0,0.0,0.0,24.4,75.6
20190315221539,0.0,0.0,0.0,0.0,0.0,0.0,35.0,65.0
20190315221609,0.0,0.0,0.0,0.0,0.0,0.0,29.0,70.9
20190315221639,0.0,0.0,0.0,0.0,0.0,0.0,7.4,92.6
20190315221709,0.0,0.0,0.0,0.0,0.0,0.0,13.1,86.9
20190315221739,0.0,0.0,0.0,0.0,0.0,0.0,25.4,74.6
20190315221809,0.0,0.0,0.0,0.0,0.0,0.0,8.8,91.2
20190315221839,0.0,0.0,0.0,0.0,0.0,0.0,75.1,24.9
20190315221909,0.0,0.0,0.0,0.0,0.0,0.0,64.0,35.9
20190315221939,0.0,0.0,0.0,0.0,0.0,0.0,55.2,44.8
20190315222009,0.0,0.0,0.0,0.0,0.0,0.0,4.4,95.6
20190315222039,0.0,0.0,0.0,0.0,0.0,0.0,3.0,97.0
20190315222109,0.0,0.0,0.0,0.0,0.0,0.0,12.3,87.7
20190315222140,0.0,0.0,0.0,0.0,0.0,0.0,10.1,89.9
20190315222210,0.0,0.0,0.0,0.0,0.0,0.0,6.9,93.1
20190315222240,0.0,0.0,0.0,0.0,0.0,0.0,40.6,59.4
20190315222310,0.0,0.0,0.0,0.0,0.0,0.0,19.0,81.0
20190315222340,0.0,0.0,0.0,0.0,0.0,0.0,6.4,93.6
20190315222410,0.0,0.0,0.0,0.0,0.0,0.0,33.9,66.0
20190315222440,0.0,0.0,0.0,0.0,0.0,0.0,99.4,0.5
20190315222510,0.0,0.0,0.0,0.0,0.0,0.0,100.0,0.0
20190315222540,0.0,0.0,0.0,0.0,0.0,0.0,99.9,0.0
20190315222610,0.0,0.0,0.0,0.0,0.0,0.0,100.0,0.0
20190315222640,0.0,0.0,0.0,0.0,0.0,0.0,100.0,0.0
20190315222710,0.0,0.0,0.0,0.0,0.0,0.0,100.0,0.0
20190315222740,0.0,0.0,0.0,0.0,0.0,0.0,99.9,0.0
20190315222810,0.0,0.0,0.0,0.0,0.0,0.0,100.0,0.0
20190315222840,0.0,0.0,0.0,0.0,0.0,0.0,100.0,0.0
20190315222910,0.0,0.0,0.0,0.0,0.0,0.0,100.0,0.0
20190315222940,0.0,0.0,0.0,0.0,0.0,0.0,100.0,0.0
20190315223010,0.0,0.0,0.0,0.0,0.0,0.0,100.0,0.0
20190315223040,0.0,0.0,0.0,0.0,0.0,0.0,99.9,0.0
20190315223110,0.0,0.0,0.0,0.0,0.0,0.0,100.0,0.0
20190315223140,0.0,0.0,0.0,0.0,0.0,0.0,99.9,0.1
20190315223210,0.0,0.0,0.0,0.0,0.0,0.0,99.8,0.2
20190315223240,0.0,0.0,0.0,0.0,0.0,0.0,100.0,0.0
20190315223310,0.0,0.0,0.0,0.0,0.0,0.0,99.9,0.1
20190315223340,0.0,0.0,0.0,0.0,0.0,0.0,100.0,0.0
20190315223410,0.0,0.0,0.0,0.0,0.0,0.0,99.9,0.0
20190315223440,0.0,0.0,0.1,0.2,0.0,0.0,97.1,2.6
20190315223510,0.0,0.0,0.0,0.0,0.0,0.0,99.7,0.3
20190315223540,0.0,0.0,0.0,0.0,0.0,0.0,99.9,0.1
20190315223610,0.0,0.0,0.0,0.1,0.0,0.0,99.8,0.0
20190315223640,0.0,0.0,0.0,0.1,0.1,0.0,99.6,0.2
20190315223710,0.0,0.0,0.0,0.0,0.0,0.0,99.9,0.0
20190315223740,0.0,0.0,0.0,0.0,0.0,0.0,99.7,0.2
20190315223810,0.0,0.0,0.0,0.0,0.0,0.0,100.0,0.0
20190315223840,0.0,0.0,0.0,0.0,0.0,0.0,100.0,0.0
20190315223910,0.0,0.0,0.0,0.0,0.0,0.0,99.9,0.1
20190315223940,0.0,0.0,0.0,0.0,0.0,0.0,99.7,0.2
20190315224010,0.0,0.0,0.0,0.0,0.0,0.0,99.9,0.1
20190315224040,0.0,0.0,0.0,0.0,0.0,0.0,99.8,0.1
20190315224110,0.0,0.0,0.0,0.0,0.0,0.0,100.0,0.0
20190315224140,0.0,0.0,0.0,0.0,0.0,0.0,99.9,0.1
20190315224210,0.0,0.0,0.0,0.0,0.0,0.0,100.0,0.0
20190315224240,0.0,0.0,0.0,0.0,0.0,0.0,100.0,0.0
20190315224310,0.0,0.0,0.0,0.0,0.0,0.0,99.9,0.0
20190315224340,0.0,0.0,0.0,0.0,0.0,0.0,100.0,0.0
20190315224410,0.0,0.0,0.0,0.0,0.0,0.0,100.0,0.0
20190315224440,0.0,0.0,0.0,0.0,0.0,0.0,100.0,0.0
20190315224510,0.0,0.0,0.0,0.0,0.0,0.0,100.0,0.0
20190315224540,0.0,0.0,0.0,0.0,0.0,0.0,100.0,0.0
20190315224610,0.0,0.0,0.0,0.0,0.0,0.0,100.0,0.0
20190315224640,0.0,0.0,0.0,0.0,0.0,0.0,100.0,0.0
20190315224710,0.0,0.0,0.0,0.0,0.0,0.0,100.0,0.0
20190315224740,0.0,0.0,0.0,0.0,0.0,0.0,59.6,40.4
20190315224810,0.0,0.0,0.0,0.0,0.0,0.0,100.0,0.0
20190315224840,0.0,0.0,0.0,0.0,0.0,0.0,95.5,4.5
20190315224911,0.0,0.0,0.0,0.0,0.0,0.0,68.4,31.6
20190315224941,0.0,0.0,0.0,0.0,0.0,0.0,43.5,56.5
20190315225011,0.0,0.0,0.0,0.0,0.0,0.0,6.9,93.1
20190315225041,0.0,0.0,0.0,0.0,0.0,0.0,3.9,96.1
20190315225111,0.0,0.0,0.0,0.0,0.0,0.0,86.3,13.7
20190315225141,0.0,0.0,0.0,0.0,0.0,0.0,99.7,0.3
20190315225211,0.0,0.0,0.0,0.0,0.0,0.0,96.5,3.5
20190315225241,0.0,0.0,0.0,0.0,0.0,0.0,71.1,28.9
20190315225311,0.0,0.0,0.0,0.0,0.0,0.0,2.2,97.8
20190315225341,0.0,0.0,0.0,0.0,0.0,0.0,95.3,4.7
20190315225411,0.0,0.0,0.0,0.0,0.0,0.0,26.0,74.0
20190315225441,0.0,0.0,0.0,0.0,0.0,0.0,99.9,0.1
20190315225511,0.0,0.0,0.0,0.0,0.0,0.0,41.5,58.5
20190315225541,0.0,0.0,0.0,0.0,0.0,0.0,4.6,95.4
20190315225611,0.0,0.0,0.0,0.0,0.0,0.0,2.0,98.0
20190315225641,0.0,0.0,0.0,0.0,0.0,0.0,98.4,1.6
20190315225711,0.0,0.0,0.0,0.0,0.0,0.0,99.9,0.1
20190315225741,0.0,0.0,0.0,0.0,0.0,0.0,100.0,0.0
20190315225811,0.0,0.0,0.0,0.0,0.0,0.0,100.0,0.0
20190315225841,0.0,0.0,0.0,0.0,0.0,0.0,100.0,0.0
20190315225911,0.0,0.0,0.0,0.0,0.0,0.0,100.0,0.0
20190315225941,0.0,0.0,0.0,0.0,0.0,0.0,78.7,21.3
20190315230011,0.0,0.0,0.0,0.0,0.0,0.0,99.9,0.0
20190315230041,0.0,0.0,0.0,0.0,0.0,0.0,67.1,32.9
20190315230111,0.0,0.0,0.0,0.0,0.0,0.0,98.8,1.2
20190315230141,0.0,0.0,0.0,0.0,0.0,0.0,100.0,0.0
20190315230211,0.0,0.0,0.0,0.0,0.0,0.0,100.0,0.0
20190315230241,0.0,0.0,0.0,0.0,0.0,0.0,100.0,0.0
20190315230311,0.0,0.0,0.0,0.0,0.0,0.0,100.0,0.0
20190315230341,0.0,0.0,0.0,0.0,0.0,0.0,100.0,0.0
20190315230411,0.0,0.0,0.0,0.0,0.0,0.0,100.0,0.0
20190315230441,0.0,0.0,0.0,0.0,0.0,0.0,100.0,0.0
20190315230511,0.0,0.0,0.0,0.0,0.0,0.0,99.9,0.0
20190315230541,0.0,0.0,0.0,0.0,0.0,0.0,99.9,0.1
20190315230611,0.0,0.0,0.0,0.0,0.0,0.0,100.0,0.0
20190315230641,0.0,0.0,0.0,0.0,0.0,0.0,100.0,0.0
20190315230711,0.0,0.0,0.0,0.0,0.0,0.0,100.0,0.0
20190315230741,0.0,0.0,0.0,0.0,0.0,0.0,99.9,0.0
20190315230811,0.0,0.0,0.0,0.0,0.0,0.0,100.0,0.0
20190315230841,0.0,0.0,0.0,0.0,0.0,0.0,100.0,0.0
20190315230911,0.0,0.0,0.0,0.0,0.0,0.0,100.0,0.0
20190315230941,0.0,0.0,0.0,0.0,0.0,0.0,100.0,0.0
20190315231011,0.0,0.0,0.0,0.0,0.0,0.0,100.0,0.0
20190315231041,0.0,0.0,0.0,0.0,0.0,0.0,100.0,0.0
20190315231111,0.0,0.0,0.0,0.0,0.0,0.0,100.0,0.0
20190315231141,0.0,0.0,0.0,0.0,0.0,0.0,100.0,0.0
20190315231211,0.0,0.0,0.0,0.0,0.0,0.0,100.0,0.0
20190315231241,0.0,0.0,0.0,0.0,0.0,0.0,100.0,0.0
20190315231311,0.0,0.0,0.0,0.0,0.0,0.0,100.0,0.0
20190315231341,0.0,0.0,0.0,0.0,0.0,0.0,100.0,0.0
20190315231411,0.0,0.0,0.0,0.0,0.0,0.0,100.0,0.0
20190315231441,0.0,0.0,0.0,0.0,0.0,0.0,100.0,0.0
20190315231511,0.0,0.0,0.0,0.0,0.0,0.0,99.9,0.1
20190315231541,0.0,0.0,0.0,0.0,0.0,0.0,99.9,0.1
20190315231611,0.0,0.0,0.0,0.0,0.0,0.0,100.0,0.0
20190315231641,0.0,0.0,0.0,0.0,0.0,0.0,89.0,11.0
20190315231711,0.0,0.0,0.0,0.0,0.0,0.0,74.9,25.1
20190315231741,0.0,0.0,0.0,0.0,0.0,0.0,72.9,27.1
20190315231811,0.0,0.0,0.0,0.0,0.0,0.0,44.8,55.2
20190315231841,0.0,0.0,0.0,0.0,0.0,0.0,21.5,78.5
20190315231911,0.0,0.0,0.0,0.0,0.0,0.0,64.8,35.2
20190315231941,0.0,0.0,0.0,0.0,0.0,0.0,65.4,34.6
20190315232011,0.0,0.0,0.0,0.0,0.0,0.0,85.7,14.3
20190315232041,0.0,0.0,0.0,0.0,0.0,0.0,45.7,54.3
20190315232111,0.0,0.0,0.0,0.0,0.0,0.0,21.4,78.6
20190315232141,0.0,0.0,0.0,0.0,0.0,0.0,2.1,97.9
20190315232211,0.0,0.0,0.0,0.0,0.0,0.0,0.6,99.4
20190315232241,0.0,0.0,0.0,0.0,0.0,0.0,0.4,99.6
20190315232312,0.0,0.0,0.0,0.0,0.0,0.0,2.4,97.6
20190315232342,0.0,0.0,0.0,0.0,0.0,0.0,7.6,92.4
20190315232412,0.0,0.0,0.0,0.0,0.0,0.0,82.9,17.1
20190315232442,0.0,0.0,0.0,0.0,0.0,0.0,99.8,0.2
20190315232512,0.0,0.0,0.0,0.0,0.0,0.0,97.4,2.6
20190315232542,0.0,0.0,0.0,0.0,0.0,0.0,63.1,36.9
20190315232612,0.0,0.0,0.0,0.0,0.0,0.0,55.3,44.7
20190315232642,0.0,0.0,0.0,0.0,0.0,0.0,100.0,0.0
20190315232712,0.0,0.0,0.0,0.0,0.0,0.0,100.0,0.0
20190315232742,0.0,0.0,0.0,0.0,0.0,0.0,100.0,0.0
20190315232812,0.0,0.0,0.0,0.0,0.0,0.0,100.0,0.0
20190315232842,0.0,0.0,0.0,0.0,0.0,0.0,100.0,0.0
20190315232912,0.0,0.0,0.0,0.0,0.0,0.0,99.9,0.0
20190315232942,0.0,0.0,0.0,0.0,0.0,0.0,99.9,0.1
20190315233012,0.0,0.0,0.0,0.0,0.0,0.0,99.9,0.0
20190315233042,0.0,0.0,0.0,0.0,0.0,0.0,99.9,0.1
20190315233112,0.0,0.0,0.0,0.0,0.0,0.0,99.7,0.2
20190315233142,0.0,0.0,0.0,0.0,0.0,0.0,99.9,0.1
20190315233212,0.0,0.0,0.0,0.0,0.0,0.0,100.0,0.0
20190315233242,0.0,0.0,0.0,0.0,0.0,0.0,100.0,0.0
20190315233312,0.0,0.0,0.0,0.0,0.0,0.0,99.8,0.2
20190315233342,0.0,0.0,0.0,0.0,0.0,0.0,100.0,0.0
20190315233412,0.0,0.0,0.0,0.0,0.0,0.0,100.0,0.0
20190315233442,0.0,0.0,0.0,0.0,0.0,0.0,100.0,0.0
20190315233512,0.0,0.0,0.0,0.0,0.0,0.0,99.9,0.1
20190315233542,0.0,0.0,0.0,0.0,0.0,0.0,99.9,0.1
20190315233612,0.0,0.0,0.0,0.0,0.0,0.0,95.9,4.1
20190315233642,0.0,0.0,0.0,0.0,0.0,0.0,99.9,0.1
20190315233712,0.0,0.0,0.0,0.0,0.0,0.0,100.0,0.0
20190315233742,0.0,0.0,0.0,0.0,0.0,0.0,99.9,0.0
20190315233812,0.0,0.0,0.0,0.0,0.0,0.0,100.0,0.0
20190315233842,0.0,0.0,0.0,0.0,0.0,0.0,100.0,0.0
20190315233912,0.0,0.0,0.0,0.0,0.0,0.0,99.9,0.1
20190315233942,0.0,0.0,0.0,0.0,0.0,0.0,99.8,0.2
20190315234012,0.0,0.0,0.0,0.0,0.0,0.0,98.9,1.1
20190315234042,0.0,0.0,0.0,0.0,0.0,0.0,91.6,8.4
20190315234112,0.0,0.0,0.0,0.0,0.0,0.0,89.1,10.9
20190315234142,0.0,0.0,0.0,0.0,0.0,0.0,100.0,0.0
20190315234212,0.0,0.0,0.0,0.0,0.0,0.0,99.8,0.2
20190315234242,0.0,0.0,0.0,0.0,0.0,0.0,99.9,0.1
20190315234312,0.0,0.0,0.0,0.0,0.0,0.0,100.0,0.0
20190315234342,0.0,0.0,0.0,0.0,0.0,0.0,99.5,0.5
20190315234412,0.0,0.0,0.0,0.0,0.0,0.0,99.5,0.5
20190315234442,0.0,0.0,0.0,0.0,0.0,0.0,90.4,9.6
20190315234512,0.0,0.0,0.0,0.0,0.0,0.0,100.0,0.0
20190315234542,0.0,0.0,0.0,0.0,0.0,0.0,100.0,0.0
20190315234612,0.0,0.0,0.0,0.0,0.0,0.0,100.0,0.0
20190315234642,0.0,0.0,0.0,0.0,0.0,0.0,100.0,0.0
20190315234712,0.0,0.0,0.0,0.0,0.0,0.0,100.0,0.0
20190315234742,0.0,0.0,0.0,0.0,0.0,0.0,100.0,0.0
20190315234812,0.0,0.0,0.0,0.0,0.0,0.0,100.0,0.0
20190315234842,0.0,0.0,0.0,0.0,0.0,0.0,100.0,0.0
20190315234912,0.0,0.0,0.0,0.0,0.0,0.0,100.0,0.0
20190315234942,0.0,0.0,0.0,0.0,0.0,0.0,100.0,0.0
20190315235012,0.0,0.0,0.0,0.0,0.0,0.0,100.0,0.0
20190315235042,0.0,0.0,0.0,0.0,0.0,0.0,100.0,0.0
20190315235112,0.0,0.0,0.0,0.0,0.0,0.0,100.0,0.0
20190315235142,0.0,0.0,0.0,0.0,0.0,0.0,100.0,0.0
20190315235212,0.0,0.0,0.0,0.0,0.0,0.0,100.0,0.0
20190315235242,0.0,0.0,0.0,0.0,0.0,0.0,100.0,0.0
20190315235312,0.0,0.0,0.0,0.0,0.0,0.0,100.0,0.0
20190315235342,0.0,0.0,0.0,0.0,0.0,0.0,100.0,0.0
20190315235412,0.0,0.0,0.0,0.0,0.0,0.0,100.0,0.0
20190315235442,0.0,0.0,0.0,0.0,0.0,0.0,100.0,0.0
20190315235512,0.0,0.0,0.0,0.0,0.0,0.0,99.9,0.1
20190315235542,0.0,0.0,0.0,0.0,0.0,0.0,99.8,0.2
20190315235612,0.0,0.0,0.0,0.0,0.0,0.0,99.4,0.6
20190315235642,0.0,0.0,0.0,0.0,0.0,0.0,99.5,0.5
20190315235712,0.0,0.0,0.0,0.0,0.0,0.0,95.0,5.0
20190315235743,0.0,0.0,0.0,0.0,0.0,0.0,98.1,1.9
20190315235813,0.0,0.0,0.0,0.0,0.0,0.0,99.9,0.1
20190315235843,0.0,0.0,0.0,0.0,0.0,0.0,100.0,0.0
20190315235913,0.0,0.0,0.0,0.0,0.0,0.0,100.0,0.0
20190315235943,0.0,0.0,0.0,0.0,0.0,0.0,99.4,0.6
20190316000013,0.0,0.0,0.0,0.0,0.0,0.0,99.7,0.3
20190316000043,0.0,0.0,0.0,0.0,0.0,0.0,98.6,1.4
20190316000113,0.0,0.0,0.0,0.0,0.0,0.0,94.6,5.4
20190316000143,0.0,0.0,0.0,0.0,0.0,0.0,99.5,0.5
20190316000213,0.0,0.0,0.0,0.0,0.0,0.0,88.3,11.7
20190316000243,0.0,0.0,0.0,0.0,0.0,0.0,96.1,3.9
20190316000313,0.0,0.0,0.0,0.0,0.0,0.0,99.3,0.7
20190316000343,0.0,0.0,0.0,0.0,0.0,0.0,99.8,0.2
20190316000413,0.0,0.0,0.0,0.0,0.0,0.0,63.5,36.5
20190316000443,0.0,0.0,0.0,0.0,0.0,0.0,97.1,2.9
20190316000513,0.0,0.0,0.0,0.0,0.0,0.0,16.5,83.5
20190316000543,0.0,0.0,0.0,0.0,0.0,0.0,4.6,95.4
20190316000613,0.0,0.0,0.0,0.0,0.0,0.0,25.1,74.9
20190316000643,0.0,0.0,0.0,0.0,0.0,0.0,60.7,39.3
20190316000713,0.0,0.0,0.0,0.0,0.0,0.0,61.9,38.1
20190316000743,0.0,0.0,0.0,0.0,0.0,0.0,56.5,43.5
20190316000813,0.0,0.0,0.0,0.0,0.0,0.0,0.3,99.7
20190316000843,0.0,0.0,0.0,0.0,0.0,0.0,5.0,95.0
20190316000913,0.0,0.0,0.0,0.0,0.0,0.0,13.3,86.7
20190316000943,0.0,0.0,0.0,0.0,0.0,0.0,51.3,48.7
20190316001013,0.0,0.0,0.0,0.0,0.0,0.0,12.0,88.0
20190316001043,0.0,0.0,0.0,0.0,0.0,0.0,70.0,30.0
20190316001113,0.0,0.0,0.0,0.0,0.0,0.0,88.5,11.5
20190316001143,0.0,0.0,0.0,0.0,0.0,0.0,71.2,28.8
20190316001213,0.0,0.0,0.0,0.0,0.0,0.0,46.9,53.1
20190316001243,0.0,0.0,0.0,0.0,0.0,0.0,13.3,86.7
20190316001313,0.0,0.0,0.0,0.0,0.0,0.0,99.7,0.3
20190316001343,0.0,0.0,0.0,0.0,0.0,0.0,99.9,0.1
20190316001413,0.0,0.0,0.0,0.0,0.0,0.0,68.0,32.0
20190316001443,0.0,0.0,0.0,0.0,0.0,0.0,85.2,14.8
20190316001513,0.0,0.0,0.0,0.0,0.0,0.0,80.7,19.3
20190316001543,0.0,0.0,0.0,0.0,0.0,0.0,1.1,98.9
20190316001613,0.0,0.0,0.0,0.0,0.0,0.0,84.1,15.9
20190316001643,0.0,0.0,0.0,0.0,0.0,0.0,84.7,15.3
20190316001713,0.0,0.0,0.0,0.0,0.0,0.0,72.0,28.0
20190316001743,0.0,0.0,0.0,0.0,0.0,0.0,86.3,13.7
20190316001813,0.0,0.0,0.0,0.0,0.0,0.0,84.6,15.4
20190316001843,0.0,0.0,0.0,0.0,0.0,0.0,89.0,11.0
20190316001913,0.0,0.0,0.0,0.0,0.0,0.0,63.7,36.3
20190316001943,0.0,0.0,0.0,0.0,0.0,0.0,66.7,33.3
20190316002013,0.0,0.0,0.0,0.0,0.0,0.0,36.0,64.0
20190316002043,0.0,0.0,0.0,0.0,0.0,0.0,73.9,26.1
