UT,arc,discrete,diffuse,ac,ab,clear,cloudy,dd
20191108142200,0.0,0.0,0.0,0.0,0.0,0.0,0.0,100.0
20191108142230,0.0,0.0,0.0,0.0,0.0,0.0,0.0,100.0
20191108142300,0.0,0.0,0.0,0.0,0.0,0.0,0.0,100.0
20191108142330,0.0,0.0,0.0,0.0,0.0,0.0,0.0,100.0
20191108142400,0.0,0.0,0.0,0.0,0.0,0.0,0.0,100.0
20191108142430,0.0,0.0,0.0,0.0,0.0,0.0,0.0,100.0
20191108142500,0.0,0.0,0.0,0.0,0.0,0.0,0.0,100.0
20191108142530,0.0,0.0,0.0,0.0,0.0,0.0,0.0,100.0
20191108142600,0.0,0.0,0.0,0.0,0.0,0.0,0.0,100.0
20191108142630,0.0,0.0,0.0,0.0,0.0,0.0,0.0,100.0
20191108142700,0.0,0.0,0.0,0.0,0.0,0.0,0.0,100.0
20191108142730,0.0,0.0,0.0,0.0,0.0,0.0,0.0,100.0
20191108142800,0.0,0.0,0.0,0.0,0.0,0.0,0.0,100.0
20191108142830,0.0,0.0,0.0,0.0,0.0,0.0,0.0,100.0
20191108142900,0.0,0.0,0.0,0.0,0.0,0.0,0.0,100.0
20191108142930,0.0,0.0,0.0,0.0,0.0,0.0,0.0,100.0
20191108143000,0.0,0.0,0.0,0.0,0.0,0.0,0.0,100.0
20191108143030,0.0,0.0,0.0,0.0,0.0,0.0,0.0,100.0
20191108143100,0.0,0.0,0.0,0.0,0.0,0.0,0.0,100.0
20191108143130,0.0,0.0,0.0,0.0,0.0,0.0,0.0,100.0
20191108143200,0.0,0.0,0.0,0.0,0.0,0.0,0.0,100.0
20191108143230,0.0,0.0,0.0,0.0,0.0,0.0,0.0,100.0
20191108143300,0.0,0.0,0.0,0.0,0.0,0.0,0.0,100.0
20191108143330,0.0,0.0,0.0,0.0,0.0,0.0,0.0,100.0
20191108143400,0.0,0.0,0.0,0.0,0.0,0.0,0.0,100.0
20191108143430,0.0,0.0,0.0,0.0,0.0,0.0,0.0,100.0
20191108143500,0.0,0.0,0.0,0.0,0.0,0.0,0.0,100.0
20191108143531,0.0,0.0,0.0,0.0,0.0,0.0,0.0,100.0
20191108143601,0.0,0.0,0.0,0.0,0.0,0.0,0.0,100.0
20191108143631,0.0,0.0,0.0,0.0,0.0,0.0,0.0,100.0
20191108143701,0.0,0.0,0.0,0.0,0.0,0.0,0.0,100.0
20191108143731,0.0,0.0,0.0,0.0,0.0,0.0,0.0,100.0
20191108143801,0.0,0.0,0.0,0.0,0.0,0.0,0.0,100.0
20191108143831,0.0,0.0,0.0,0.0,0.0,0.0,0.0,100.0
20191108143901,0.0,0.0,0.0,0.0,0.0,0.0,0.0,100.0
20191108143931,0.0,0.0,0.0,0.0,0.0,0.0,0.0,100.0
20191108144001,0.0,0.0,0.0,0.0,0.0,0.0,0.0,100.0
20191108144031,0.0,0.0,0.0,0.0,0.0,0.0,0.0,100.0
20191108144101,0.0,0.0,0.0,0.0,0.0,0.0,0.0,100.0
20191108144131,0.0,0.0,0.0,0.0,0.0,0.0,0.0,100.0
20191108144201,0.0,0.0,0.0,0.0,0.0,0.0,0.0,100.0
20191108144231,0.0,0.0,0.0,0.0,0.0,0.0,0.0,100.0
20191108144301,0.0,0.0,0.0,0.0,0.0,0.0,0.0,100.0
20191108144331,0.0,0.0,0.0,0.0,0.0,0.0,0.0,100.0
20191108144401,0.0,0.0,0.0,0.0,0.0,0.0,0.0,100.0
20191108144431,0.0,0.0,0.0,0.0,0.0,0.0,0.0,100.0
20191108144501,0.0,0.0,0.0,0.0,0.0,0.0,0.0,100.0
20191108144531,0.0,0.0,0.0,0.0,0.0,0.0,0.0,100.0
20191108144601,0.0,0.0,0.0,0.0,0.0,0.0,0.0,100.0
20191108144631,0.0,0.0,0.0,0.0,0.0,0.0,0.0,100.0
20191108144701,0.0,0.0,0.0,0.0,0.0,0.0,0.0,100.0
20191108144731,0.0,0.0,0.0,0.0,0.0,0.0,0.0,100.0
20191108144801,0.0,0.0,0.0,0.0,0.0,0.0,0.0,100.0
20191108144831,0.0,0.0,0.0,0.0,0.0,0.0,0.0,100.0
20191108144901,0.0,0.0,0.0,0.0,0.0,0.0,0.0,100.0
20191108144931,0.0,0.0,0.0,0.0,0.0,0.0,0.0,100.0
20191108145001,0.0,0.0,0.0,0.0,0.0,0.0,0.0,100.0
20191108145031,0.0,0.0,0.0,0.0,0.0,0.0,0.0,100.0
20191108145101,0.0,0.0,0.0,0.0,0.0,0.0,0.0,100.0
20191108145131,0.0,0.0,0.0,0.0,0.0,0.0,0.0,100.0
20191108145201,0.0,0.0,0.0,0.0,0.0,0.0,0.0,100.0
20191108145231,0.0,0.0,0.0,0.0,0.0,0.0,0.0,100.0
20191108145301,0.0,0.0,0.0,0.0,0.0,0.0,0.0,100.0
20191108145331,0.0,0.0,0.0,0.0,0.0,0.0,0.0,100.0
20191108145401,0.0,0.0,0.0,0.0,0.0,0.0,0.0,100.0
20191108145431,0.0,0.0,0.0,0.0,0.0,0.0,0.0,100.0
20191108145501,0.0,0.0,0.0,0.0,0.0,0.0,0.0,100.0
20191108145531,0.0,0.0,0.0,0.0,0.0,0.0,0.0,100.0
20191108145601,0.0,0.0,0.0,0.0,0.0,0.0,0.0,100.0
20191108145631,0.0,0.0,0.0,0.0,0.0,0.0,0.0,100.0
20191108145701,0.0,0.0,0.0,0.0,0.0,0.0,0.0,100.0
20191108145731,0.0,0.0,0.0,0.0,0.0,0.0,0.0,100.0
20191108145801,0.0,0.0,0.0,0.0,0.0,0.0,0.0,100.0
20191108145831,0.0,0.0,0.0,0.0,0.0,0.0,0.0,100.0
20191108145901,0.0,0.0,0.0,0.0,0.0,0.0,0.0,100.0
20191108145931,0.0,0.0,0.0,0.0,0.0,0.0,0.0,100.0
20191108150001,0.0,0.0,0.0,0.0,0.0,0.0,0.0,100.0
20191108150031,0.0,0.0,0.0,0.0,0.0,0.0,0.0,100.0
20191108150101,0.0,0.0,0.0,0.0,0.0,0.0,0.0,100.0
20191108150131,0.0,0.0,0.0,0.0,0.0,0.0,0.0,100.0
20191108150201,0.0,0.0,0.0,0.0,0.0,0.0,0.0,100.0
20191108150231,0.0,0.0,0.0,0.0,0.0,0.0,0.0,100.0
20191108150301,0.0,0.0,0.0,0.0,0.0,0.0,0.0,100.0
20191108150331,0.0,0.0,0.0,0.0,0.0,0.0,0.0,100.0
20191108150401,0.0,0.0,0.0,0.0,0.0,0.0,0.0,100.0
20191108150431,0.0,0.0,0.0,0.0,0.0,0.0,0.0,100.0
20191108150501,0.0,0.0,0.0,0.0,0.0,0.0,0.0,100.0
20191108150531,0.0,0.0,0.0,0.0,0.0,0.0,0.0,100.0
20191108150601,0.0,0.0,0.0,0.0,0.0,0.0,0.0,100.0
20191108150631,0.0,0.0,0.0,0.0,0.0,0.0,0.0,100.0
20191108150701,0.0,0.0,0.0,0.0,0.0,0.0,0.0,100.0
20191108150731,0.0,0.0,0.0,0.0,0.0,0.0,0.0,100.0
20191108150801,0.0,0.0,0.0,0.0,0.0,0.0,0.0,100.0
20191108150831,0.0,0.0,0.0,0.0,0.0,0.0,0.0,100.0
20191108150901,0.0,0.0,0.0,0.0,0.0,0.0,0.0,100.0
20191108150932,0.0,0.0,0.0,0.0,0.0,0.0,0.0,100.0
20191108151002,0.0,0.0,0.0,0.0,0.0,0.0,0.0,100.0
20191108151032,0.0,0.0,0.0,0.0,0.0,0.0,0.0,100.0
20191108151102,0.0,0.0,0.0,0.0,0.0,0.0,0.0,100.0
20191108151132,0.0,0.0,0.0,0.0,0.0,0.0,0.0,100.0
20191108151202,0.0,0.0,0.0,0.0,0.0,0.0,0.0,100.0
20191108151232,0.0,0.0,0.0,0.0,0.0,0.0,0.0,100.0
20191108151302,0.0,0.0,0.0,0.0,0.0,0.0,0.0,100.0
20191108151332,0.0,0.0,0.0,0.0,0.0,0.0,0.0,100.0
20191108151402,0.0,0.0,0.0,0.0,0.0,0.0,0.0,100.0
20191108151432,0.0,0.0,0.0,0.0,0.0,0.0,0.0,100.0
20191108151502,0.0,0.0,0.0,0.0,0.0,0.0,0.0,100.0
20191108151532,0.0,0.0,0.0,0.0,0.0,0.0,0.0,100.0
20191108151602,0.0,0.0,0.0,0.0,0.0,0.0,0.0,100.0
20191108151632,0.0,0.0,0.0,0.0,0.0,0.0,0.0,100.0
20191108151702,0.0,0.0,0.0,0.0,0.0,0.0,0.0,100.0
20191108151732,0.0,0.0,0.0,0.0,0.0,0.0,0.0,100.0
20191108151802,0.0,0.0,0.0,0.0,0.0,0.0,0.0,100.0
20191108151832,0.0,0.0,0.0,0.0,0.0,0.0,0.0,100.0
20191108151902,0.0,0.0,0.0,0.0,0.0,0.0,0.0,100.0
20191108151932,0.0,0.0,0.0,0.0,0.0,0.0,0.0,100.0
20191108152002,0.0,0.0,0.0,0.0,0.0,0.0,0.0,100.0
20191108152032,0.0,0.0,0.0,0.0,0.0,0.0,0.0,100.0
20191108152102,0.0,0.0,0.0,0.0,0.0,0.0,0.0,100.0
20191108152132,0.0,0.0,0.0,0.0,0.0,0.0,0.0,100.0
20191108152332,0.0,0.0,0.0,0.0,0.0,0.0,0.0,100.0
20191108152402,0.0,0.0,0.0,0.0,0.0,0.0,0.0,100.0
20191108152432,0.0,0.0,0.0,0.0,0.0,0.0,0.0,100.0
20191108152502,0.0,0.0,0.0,0.0,0.0,0.0,0.0,100.0
20191108152532,0.0,0.0,0.0,0.0,0.0,0.0,0.0,100.0
20191108152602,0.0,0.0,0.0,0.0,0.0,0.0,0.0,100.0
20191108152632,0.0,0.0,0.0,0.0,0.0,0.0,0.0,100.0
20191108152702,0.0,0.0,0.0,0.0,0.0,0.0,0.0,100.0
20191108152732,0.0,0.0,0.0,0.0,0.0,0.0,0.0,100.0
20191108152802,0.0,0.0,0.0,0.0,0.0,0.0,0.0,100.0
20191108152832,0.0,0.0,0.0,0.0,0.0,0.0,0.0,100.0
20191108152902,0.0,0.0,0.0,0.0,0.0,0.0,0.0,100.0
20191108152932,0.0,0.0,0.0,0.0,0.0,0.0,0.0,100.0
20191108153002,0.0,0.0,0.0,0.0,0.0,0.0,0.0,100.0
20191108153032,0.0,0.0,0.0,0.0,0.0,0.0,0.0,100.0
20191108153102,0.0,0.0,0.0,0.0,0.0,0.0,0.0,100.0
20191108153132,0.0,0.0,0.0,0.0,0.0,0.0,0.0,100.0
20191108153202,0.0,0.0,0.0,0.0,0.0,0.0,0.0,100.0
20191108153232,0.0,0.0,0.0,0.0,0.0,0.0,0.0,100.0
20191108153302,0.0,0.0,0.0,0.0,0.0,0.0,0.0,100.0
20191108153332,0.0,0.0,0.0,0.0,0.0,0.0,0.0,100.0
20191108153402,0.0,0.0,0.0,0.0,0.0,0.0,0.0,100.0
20191108153432,0.0,0.0,0.0,0.0,0.0,0.0,0.0,100.0
20191108153502,0.0,0.0,0.0,0.0,0.0,0.0,0.0,100.0
20191108153532,0.0,0.0,0.0,0.0,0.0,0.0,0.0,100.0
20191108153602,0.0,0.0,0.0,0.0,0.0,0.0,0.0,100.0
20191108153633,0.0,0.0,0.0,0.0,0.0,0.0,0.0,100.0
20191108153703,0.0,0.0,0.0,0.0,0.0,0.0,0.0,100.0
20191108153733,0.0,0.0,0.0,0.0,0.0,0.0,0.0,100.0
20191108153803,0.0,0.0,0.0,0.0,0.0,0.0,0.0,100.0
20191108153833,0.0,0.0,0.0,0.0,0.0,0.0,0.0,100.0
20191108153903,0.0,0.0,0.0,0.0,0.0,0.0,0.0,100.0
20191108153933,0.0,0.0,0.0,0.0,0.0,0.0,0.0,100.0
20191108154003,0.0,0.0,0.0,0.0,0.0,0.0,0.0,100.0
20191108154033,0.0,0.0,0.0,0.0,0.0,0.0,0.0,100.0
20191108154103,0.0,0.0,0.0,0.0,0.0,0.0,0.0,100.0
20191108154133,0.0,0.0,0.0,0.0,0.0,0.0,0.0,100.0
20191108154203,0.0,0.0,0.0,0.0,0.0,0.0,0.0,100.0
20191108154233,0.0,0.0,0.0,0.0,0.0,0.0,0.0,100.0
20191108154303,0.0,0.0,0.0,0.0,0.0,0.0,0.0,100.0
20191108154333,0.0,0.0,0.0,0.0,0.0,0.0,0.0,100.0
20191108154403,0.0,0.0,0.0,0.0,0.0,0.0,0.0,100.0
20191108154433,0.0,0.0,0.0,0.0,0.0,0.0,0.0,100.0
20191108154503,0.0,0.0,0.0,0.0,0.0,0.0,0.0,100.0
20191108154533,0.0,0.0,0.0,0.0,0.0,0.0,0.0,100.0
20191108154603,0.0,0.0,0.0,0.0,0.0,0.0,0.0,100.0
20191108154633,0.0,0.0,0.0,0.0,0.0,0.0,0.0,100.0
20191108154703,0.0,0.0,0.0,0.0,0.0,0.0,0.0,100.0
20191108154733,0.0,0.0,0.0,0.0,0.0,0.0,0.0,100.0
20191108154803,0.0,0.0,0.0,0.0,0.0,0.0,0.0,100.0
20191108154833,0.0,0.0,0.0,0.0,0.0,0.0,0.0,100.0
20191108154903,0.0,0.0,0.0,0.0,0.0,0.0,0.0,100.0
20191108154933,0.0,0.0,0.0,0.0,0.0,0.0,0.0,100.0
20191108155003,0.0,0.0,0.0,0.0,0.0,0.0,0.0,100.0
20191108155033,0.0,0.0,0.0,0.0,0.0,0.0,0.0,100.0
20191108155103,0.0,0.0,0.0,0.0,0.0,0.0,0.0,100.0
20191108155133,0.0,0.0,0.0,0.0,0.0,0.0,0.0,100.0
20191108155203,0.0,0.0,0.0,0.0,0.0,0.0,0.0,100.0
20191108155233,0.0,0.0,0.0,0.0,0.0,0.0,0.0,100.0
20191108155303,0.0,0.0,0.0,0.0,0.0,0.0,0.0,100.0
20191108155333,0.0,0.0,0.0,0.0,0.0,0.0,0.0,100.0
20191108155403,0.0,0.0,0.0,0.0,0.0,0.0,0.0,100.0
20191108155433,0.0,0.0,0.0,0.0,0.0,0.0,0.0,100.0
20191108155503,0.0,0.0,0.0,0.0,0.0,0.0,0.0,100.0
20191108155533,0.0,0.0,0.0,0.0,0.0,0.0,0.0,100.0
20191108155603,0.0,0.0,0.0,0.0,0.0,0.0,0.0,100.0
20191108155633,0.0,0.0,0.0,0.0,0.0,0.0,0.0,100.0
20191108155703,0.0,0.0,0.0,0.0,0.0,0.0,0.0,100.0
20191108155733,0.0,0.0,0.0,0.0,0.0,0.0,0.0,100.0
20191108155803,0.0,0.0,0.0,0.0,0.0,0.0,0.0,100.0
20191108155833,0.0,0.0,0.0,0.0,0.0,0.0,0.0,100.0
20191108155903,0.0,0.0,0.0,0.0,0.0,0.0,0.0,100.0
20191108155933,0.0,0.0,0.0,0.0,0.0,0.0,0.0,100.0
20191108160003,0.0,0.0,0.0,0.0,0.0,0.0,0.0,100.0
20191108160033,0.0,0.0,0.0,0.0,0.0,0.0,0.0,100.0
20191108160103,0.1,0.0,0.0,0.0,0.0,0.2,0.0,99.7
20191108160133,0.2,0.0,0.0,0.0,0.1,0.1,0.0,99.7
20191108160203,0.0,0.0,0.0,0.0,0.0,0.1,0.0,99.9
20191108160233,0.0,0.0,0.0,0.0,0.0,0.1,0.0,99.9
20191108160303,0.0,0.0,0.0,0.0,0.0,0.5,0.0,99.5
20191108160333,0.0,0.0,0.0,0.0,0.0,0.9,0.0,99.1
20191108160403,0.0,0.0,0.0,0.0,0.0,0.0,0.0,100.0
20191108160433,0.0,0.0,0.0,0.0,0.0,0.2,0.0,99.8
20191108160503,0.1,0.0,0.0,0.0,0.0,1.0,0.0,98.9
20191108160533,0.1,0.0,0.0,0.0,0.2,1.2,0.0,98.5
20191108160603,0.1,0.0,0.0,0.0,0.0,0.4,0.0,99.5
20191108160633,0.4,0.0,0.0,0.0,0.2,1.4,0.0,98.0
20191108160703,0.1,0.0,0.0,0.0,0.0,0.3,0.0,99.7
20191108160733,0.3,0.0,0.0,0.0,0.1,0.7,0.0,98.9
20191108160803,0.6,0.0,0.0,0.0,0.1,2.5,0.0,96.8
20191108160833,0.1,0.0,0.0,0.0,0.1,6.7,0.0,93.1
20191108160903,0.4,0.0,0.0,0.0,0.1,0.7,0.0,98.8
20191108160933,2.8,0.1,0.0,0.0,3.7,6.3,0.2,86.9
20191108161003,0.2,0.0,0.0,0.0,0.5,11.4,0.1,87.8
20191108161034,0.1,0.0,0.0,0.0,0.2,36.5,0.1,63.0
20191108161104,0.2,0.0,0.0,0.0,0.2,9.4,0.2,90.0
20191108161134,0.5,0.0,0.0,0.0,0.2,68.1,0.0,31.1
20191108161204,0.4,0.0,0.0,0.0,0.2,78.9,0.1,20.4
20191108161234,0.3,0.0,0.0,0.0,0.2,81.5,0.1,17.8
20191108161304,0.5,0.0,0.0,0.0,0.2,90.8,0.3,8.2
20191108161334,0.1,0.0,0.0,0.0,0.1,19.1,0.1,80.7
20191108161404,0.1,0.0,0.0,0.0,0.0,5.7,0.3,93.8
20191108161434,0.1,0.0,0.0,0.0,0.0,20.8,0.9,78.2
20191108161504,0.1,0.0,0.0,0.0,0.0,13.8,0.3,85.8
20191108161534,0.1,0.0,0.0,0.0,0.0,15.4,0.3,84.2
20191108161604,0.0,0.0,0.0,0.0,0.0,1.8,0.0,98.2
20191108161634,0.0,0.0,0.0,0.0,0.0,0.7,0.0,99.2
20191108161704,0.0,0.0,0.0,0.0,0.0,8.6,0.8,90.5
20191108161734,0.1,0.0,0.0,0.0,0.0,7.6,1.0,91.2
20191108161804,0.0,0.0,0.0,0.0,0.0,4.1,0.1,95.8
20191108161834,0.0,0.0,0.0,0.0,0.0,1.5,0.1,98.4
20191108161904,0.1,0.0,0.0,0.0,0.0,1.7,0.6,97.6
20191108161934,0.0,0.0,0.0,0.0,0.0,3.4,0.6,96.0
20191108162004,0.0,0.0,0.0,0.0,0.0,1.2,0.1,98.6
20191108162034,0.0,0.0,0.0,0.0,0.1,0.6,0.3,99.0
20191108162104,0.0,0.0,0.0,0.0,0.0,2.0,0.2,97.8
20191108162134,0.0,0.0,0.0,0.0,0.0,0.9,0.1,99.0
20191108162204,0.1,0.0,0.0,0.0,0.1,5.1,0.4,94.3
20191108162234,0.0,0.0,0.0,0.0,0.0,16.0,0.3,83.7
20191108162304,0.0,0.0,0.0,0.0,0.0,0.8,0.0,99.2
20191108162334,0.1,0.0,0.0,0.0,0.0,9.6,0.1,90.2
20191108162404,0.1,0.0,0.0,0.0,0.0,3.6,0.0,96.3
20191108162434,0.0,0.0,0.0,0.0,0.0,0.6,0.0,99.3
20191108162504,0.0,0.0,0.0,0.0,0.0,2.9,0.2,96.9
20191108162534,0.0,0.0,0.0,0.0,0.0,3.9,0.3,95.7
20191108162604,0.0,0.0,0.0,0.0,0.0,0.8,0.3,98.8
20191108162634,0.1,0.0,0.0,0.0,0.1,2.0,0.4,97.5
20191108162704,0.1,0.0,0.0,0.0,0.8,2.9,3.2,93.0
20191108162734,0.0,0.0,0.0,0.0,0.0,2.1,0.5,97.3
20191108162804,0.1,0.0,0.0,0.0,0.3,6.6,1.6,91.4
20191108162834,0.0,0.0,0.0,0.0,0.0,2.2,0.4,97.4
20191108162904,0.0,0.0,0.0,0.0,0.1,3.3,0.1,96.5
20191108162934,0.0,0.0,0.0,0.0,0.0,4.3,0.2,95.5
20191108163004,0.0,0.0,0.0,0.0,0.1,13.3,3.2,83.4
20191108163034,0.0,0.0,0.0,0.0,0.0,1.6,0.2,98.2
20191108163104,0.0,0.0,0.0,0.0,0.0,11.6,0.7,87.7
20191108163134,0.0,0.0,0.0,0.0,0.0,3.6,0.4,95.9
20191108163204,0.0,0.0,0.0,0.0,0.1,9.1,1.7,89.1
20191108163234,0.0,0.0,0.0,0.0,0.1,21.0,1.5,77.3
20191108163304,0.0,0.0,0.0,0.0,0.0,5.0,0.3,94.7
20191108163334,0.0,0.0,0.0,0.0,0.0,22.2,1.1,76.6
20191108163404,0.0,0.0,0.0,0.0,0.0,2.0,0.3,97.6
20191108163434,0.0,0.0,0.0,0.0,0.3,50.3,0.9,48.5
20191108163504,0.0,0.0,0.0,0.0,0.1,62.6,1.7,35.6
20191108163534,0.0,0.0,0.0,0.0,0.3,87.5,3.9,8.3
20191108163604,0.0,0.0,0.0,0.0,0.0,96.0,2.7,1.2
20191108163634,0.0,0.0,0.0,0.0,0.2,92.7,4.6,2.5
20191108163704,0.0,0.0,0.0,0.0,0.1,91.4,0.8,7.8
20191108163734,0.0,0.0,0.0,0.0,0.0,78.3,0.4,21.3
20191108163804,0.0,0.0,0.0,0.0,0.0,17.1,0.4,82.4
20191108163834,0.0,0.0,0.0,0.0,0.0,19.7,0.2,80.1
20191108163904,0.0,0.0,0.0,0.0,0.1,62.1,0.8,37.0
20191108163934,0.0,0.0,0.0,0.0,0.0,68.0,0.0,31.9
20191108164004,0.0,0.0,0.0,0.0,0.0,24.6,0.7,74.7
20191108164034,0.0,0.0,0.0,0.0,0.0,44.8,0.5,54.7
20191108164104,0.0,0.0,0.0,0.0,0.2,4.8,0.2,94.8
20191108164134,0.0,0.0,0.0,0.0,0.0,9.3,0.1,90.5
20191108164204,0.0,0.0,0.0,0.0,0.1,22.4,0.8,76.7
20191108164234,0.0,0.0,0.0,0.0,0.0,13.4,2.0,84.6
20191108164304,0.0,0.0,0.0,0.0,0.0,16.3,2.7,81.0
20191108164334,0.0,0.0,0.0,0.0,0.1,58.0,1.8,40.2
20191108164404,0.0,0.0,0.0,0.0,0.0,80.8,0.8,18.4
20191108164434,0.0,0.0,0.0,0.0,0.0,19.4,0.7,79.9
20191108164505,0.0,0.0,0.0,0.0,0.0,36.4,1.5,62.2
20191108164535,0.0,0.0,0.0,0.0,0.2,33.4,1.2,65.2
20191108164605,0.0,0.0,0.0,0.0,0.0,23.4,0.2,76.4
20191108164635,0.0,0.0,0.0,0.0,0.0,16.1,2.4,81.4
20191108164705,0.0,0.0,0.0,0.0,0.0,31.2,2.7,66.1
20191108164735,0.0,0.0,0.0,0.0,0.0,33.3,0.4,66.3
20191108164805,0.0,0.0,0.0,0.0,0.0,79.3,0.3,20.4
20191108164835,0.0,0.0,0.0,0.0,0.1,45.0,3.3,51.6
20191108164905,0.0,0.0,0.0,0.0,0.4,44.4,2.9,52.4
20191108164935,0.0,0.0,0.0,0.0,0.4,33.9,10.2,55.5
20191108165005,0.0,0.0,0.0,0.0,0.5,59.1,1.0,39.3
20191108165035,0.0,0.0,0.0,0.0,0.2,23.1,2.6,74.1
20191108165105,0.0,0.0,0.0,0.0,0.1,18.4,4.5,77.0
20191108165135,0.0,0.0,0.0,0.0,0.0,93.0,0.5,6.4
20191108165205,0.0,0.0,0.0,0.0,0.1,88.6,0.8,10.5
20191108165235,0.0,0.0,0.0,0.0,0.0,21.3,0.4,78.2
20191108165305,0.0,0.0,0.0,0.0,0.0,91.0,0.2,8.8
20191108165335,0.0,0.0,0.0,0.0,0.0,97.0,0.1,2.9
20191108165405,0.0,0.0,0.0,0.0,0.0,84.9,0.1,14.9
20191108165435,0.0,0.0,0.0,0.0,0.0,46.2,0.5,53.2
20191108165505,0.0,0.0,0.0,0.0,0.0,41.4,0.1,58.4
20191108165535,0.0,0.0,0.0,0.0,0.0,49.3,0.2,50.5
20191108165605,0.0,0.0,0.0,0.0,0.0,31.3,0.3,68.3
20191108165635,0.0,0.0,0.0,0.0,0.0,49.7,0.2,50.1
20191108165705,0.0,0.0,0.0,0.0,0.0,69.7,0.3,30.0
20191108165735,0.0,0.0,0.0,0.0,0.0,30.9,0.3,68.8
20191108165805,0.0,0.0,0.0,0.0,0.0,90.3,0.2,9.5
20191108165835,0.0,0.0,0.0,0.0,0.3,24.8,1.0,74.0
20191108165905,0.0,0.0,0.0,0.0,0.2,22.3,0.3,77.2
20191108165935,0.0,0.0,0.0,0.0,0.0,99.5,0.0,0.4
20191108170005,0.0,0.0,0.0,0.0,0.1,82.7,0.0,17.1
20191108170035,0.0,0.0,0.0,0.0,0.0,97.9,0.0,2.0
20191108170105,0.0,0.0,0.0,0.0,0.0,99.2,0.0,0.8
20191108170135,0.0,0.0,0.0,0.0,0.1,53.4,0.1,46.4
20191108170205,0.0,0.0,0.0,0.0,0.0,98.1,0.0,1.8
20191108170235,0.0,0.0,0.0,0.0,0.0,98.1,0.0,1.8
20191108170305,0.0,0.0,0.0,0.0,0.1,73.1,0.1,26.7
20191108170335,0.0,0.0,0.0,0.0,0.0,60.2,0.0,39.7
20191108170405,0.0,0.0,0.0,0.0,0.0,94.2,0.0,5.8
20191108170435,0.0,0.0,0.0,0.0,0.0,88.0,0.0,12.0
20191108170505,0.0,0.0,0.0,0.0,0.0,98.6,0.0,1.3
20191108170535,0.0,0.0,0.0,0.0,0.1,97.5,0.0,2.5
20191108170605,0.0,0.0,0.0,0.0,0.1,83.8,0.0,16.1
20191108170635,0.0,0.0,0.0,0.0,0.0,99.4,0.0,0.6
20191108170705,0.0,0.0,0.0,0.0,0.0,99.6,0.0,0.3
20191108170735,0.0,0.0,0.0,0.0,0.1,99.2,0.0,0.7
20191108170805,0.0,0.0,0.0,0.0,0.1,99.7,0.0,0.2
20191108170835,0.0,0.0,0.0,0.0,0.1,97.6,0.0,2.3
20191108170905,0.0,0.0,0.0,0.0,0.0,99.7,0.0,0.3
20191108170935,0.0,0.0,0.0,0.0,0.1,99.8,0.0,0.1
20191108171005,0.0,0.0,0.0,0.0,0.0,100.0,0.0,0.0
20191108171035,0.0,0.0,0.0,0.0,0.0,100.0,0.0,0.0
20191108171105,0.0,0.0,0.0,0.0,0.0,100.0,0.0,0.0
20191108171135,0.0,0.0,0.0,0.0,0.0,100.0,0.0,0.0
20191108171205,0.0,0.0,0.0,0.0,0.0,99.9,0.0,0.1
20191108171235,0.0,0.0,0.0,0.0,0.0,99.8,0.0,0.1
20191108171305,0.0,0.0,0.0,0.0,0.0,99.7,0.0,0.3
20191108171335,0.0,0.0,0.0,0.0,0.0,99.6,0.0,0.3
20191108171405,0.0,0.0,0.0,0.0,0.4,99.3,0.0,0.3
20191108171435,0.0,0.0,0.0,0.0,0.8,97.8,0.1,1.3
20191108171505,0.0,0.0,0.0,0.0,0.2,99.5,0.0,0.3
20191108171535,0.0,0.0,0.0,0.0,3.1,93.4,0.2,3.3
20191108171606,0.0,0.0,0.0,0.0,1.3,97.4,0.1,1.2
20191108171636,0.0,0.0,0.0,0.0,1.2,97.4,0.4,1.0
20191108171706,0.0,0.0,0.0,0.0,0.5,97.0,0.7,1.8
20191108171736,0.0,0.0,0.0,0.0,0.4,97.2,0.1,2.2
20191108171806,0.0,0.0,0.0,0.0,1.2,98.1,0.0,0.7
20191108171836,0.0,0.0,0.0,0.0,1.6,92.7,0.1,5.7
20191108171906,0.0,0.0,0.0,0.0,0.7,97.6,0.1,1.7
20191108171936,0.0,0.0,0.0,0.0,0.3,98.9,0.1,0.8
20191108172006,0.0,0.0,0.0,0.0,0.4,99.2,0.2,0.1
20191108172036,0.0,0.0,0.0,0.0,0.2,99.4,0.0,0.3
20191108172106,0.0,0.0,0.0,0.0,0.4,99.1,0.1,0.4
20191108172136,0.0,0.0,0.0,0.0,0.5,96.9,0.3,2.3
20191108172206,0.0,0.0,0.0,0.0,0.2,98.7,0.0,1.1
20191108172236,0.0,0.0,0.0,0.0,0.7,98.2,0.0,1.1
20191108172306,0.0,0.0,0.0,0.0,1.6,93.0,0.1,5.3
20191108172336,0.1,0.0,0.0,0.0,2.6,94.1,0.1,3.2
20191108172406,0.0,0.0,0.0,0.0,0.8,98.5,0.1,0.6
20191108172436,0.0,0.0,0.0,0.0,0.2,98.6,0.0,1.2
20191108172506,0.0,0.0,0.0,0.0,0.4,91.8,0.3,7.5
20191108172536,0.0,0.0,0.0,0.0,0.6,93.1,0.0,6.3
20191108172606,0.0,0.0,0.0,0.0,1.6,72.0,0.3,26.1
20191108172636,0.0,0.0,0.0,0.0,0.6,22.3,0.2,76.8
20191108172706,0.0,0.0,0.0,0.0,0.3,15.5,0.4,83.8
20191108172736,0.0,0.0,0.0,0.0,0.9,44.3,1.4,53.3
20191108172806,0.0,0.0,0.0,0.0,0.1,87.7,0.0,12.2
20191108172836,0.0,0.0,0.0,0.0,0.1,88.7,0.0,11.2
20191108172906,0.0,0.0,0.0,0.0,0.0,98.8,0.0,1.2
20191108172936,0.0,0.0,0.0,0.0,0.2,89.6,0.1,10.2
20191108173006,0.0,0.0,0.0,0.0,0.0,98.9,0.0,1.1
20191108173036,0.0,0.0,0.0,0.0,0.0,88.3,0.0,11.6
20191108173106,0.0,0.0,0.0,0.0,0.0,99.2,0.0,0.8
20191108173136,0.0,0.0,0.0,0.0,0.0,98.5,0.0,1.4
20191108173206,0.0,0.0,0.0,0.0,0.1,44.8,0.1,55.0
20191108173236,0.0,0.0,0.0,0.0,0.1,89.5,0.2,10.3
20191108173306,0.0,0.0,0.0,0.0,0.2,93.1,0.2,6.5
20191108173336,0.0,0.0,0.0,0.0,0.1,35.1,0.7,64.1
20191108173406,0.0,0.0,0.0,0.0,0.0,99.3,0.0,0.6
20191108173436,0.0,0.0,0.0,0.0,0.2,83.4,0.1,16.3
20191108173506,0.0,0.0,0.0,0.0,0.3,61.6,0.2,37.8
20191108173536,0.0,0.0,0.0,0.0,0.0,78.1,0.0,21.9
20191108173606,0.0,0.0,0.0,0.0,0.0,97.2,0.1,2.7
20191108173636,0.0,0.0,0.0,0.0,0.1,87.3,0.1,12.6
20191108173706,0.0,0.0,0.0,0.0,0.1,97.7,0.0,2.2
20191108173736,0.0,0.0,0.0,0.0,0.0,96.0,0.0,3.9
20191108173806,0.0,0.0,0.0,0.0,0.0,69.6,0.1,30.3
20191108173836,0.0,0.0,0.0,0.0,0.0,85.0,0.2,14.8
20191108173906,0.0,0.0,0.0,0.0,0.0,92.9,0.1,7.0
20191108173936,0.0,0.0,0.0,0.0,0.0,94.9,0.1,5.0
20191108174006,0.0,0.0,0.0,0.0,0.1,73.7,0.7,25.5
20191108174036,0.0,0.0,0.0,0.0,0.3,68.1,1.0,30.6
20191108174106,0.0,0.0,0.0,0.0,0.1,57.2,0.2,42.5
20191108174136,0.0,0.0,0.0,0.0,0.0,18.9,0.0,81.0
20191108174206,0.0,0.0,0.0,0.0,0.0,87.3,0.0,12.7
20191108174236,0.0,0.0,0.0,0.0,0.0,71.8,0.0,28.1
20191108174306,0.0,0.0,0.0,0.0,0.1,50.1,0.1,49.8
20191108174336,0.0,0.0,0.0,0.0,0.1,15.9,0.0,84.0
20191108174406,0.0,0.0,0.0,0.0,0.1,69.4,0.0,30.5
20191108174436,0.0,0.0,0.0,0.0,0.0,64.8,0.0,35.2
20191108174506,0.0,0.0,0.0,0.0,0.1,6.0,0.0,94.0
20191108174536,0.0,0.0,0.0,0.0,0.0,18.0,0.0,82.0
20191108174606,0.0,0.0,0.0,0.0,0.0,3.9,0.0,96.1
20191108174637,0.0,0.0,0.0,0.0,0.0,32.6,0.0,67.4
20191108174707,0.0,0.0,0.0,0.0,0.0,10.2,0.0,89.8
20191108174737,0.0,0.0,0.0,0.0,0.0,2.2,0.0,97.7
20191108174807,0.0,0.0,0.0,0.0,0.0,5.9,0.0,94.1
20191108174837,0.0,0.0,0.0,0.0,0.0,1.7,0.1,98.2
20191108174907,0.0,0.0,0.0,0.0,0.0,57.2,0.0,42.7
20191108174937,0.0,0.0,0.0,0.0,0.0,91.9,0.0,8.0
20191108175007,0.0,0.0,0.0,0.0,0.0,93.4,0.0,6.6
20191108175037,0.0,0.0,0.0,0.0,0.1,80.5,0.1,19.4
20191108175107,0.0,0.0,0.0,0.0,0.0,95.3,0.0,4.7
20191108175137,0.0,0.0,0.0,0.0,0.0,99.2,0.0,0.8
20191108175207,0.0,0.0,0.0,0.0,0.2,90.4,0.1,9.3
20191108175237,0.0,0.0,0.0,0.0,0.1,80.1,0.2,19.7
20191108175307,0.0,0.0,0.0,0.0,0.4,66.0,0.3,33.3
20191108175337,0.0,0.0,0.0,0.0,0.1,85.1,0.1,14.8
20191108175407,0.0,0.0,0.0,0.0,0.0,96.3,0.0,3.6
20191108175437,0.0,0.0,0.0,0.0,0.1,95.5,0.0,4.4
20191108175507,0.2,0.0,0.0,0.0,2.8,59.7,0.2,37.1
20191108175537,0.0,0.0,0.0,0.0,0.3,86.1,0.0,13.5
20191108175607,0.4,0.0,0.0,0.0,0.8,76.4,0.1,22.2
20191108175637,0.3,0.0,0.0,0.0,0.6,94.6,0.1,4.4
20191108175707,0.1,0.0,0.0,0.0,0.9,94.6,0.0,4.4
20191108175737,0.3,0.0,0.0,0.0,6.4,82.9,0.0,10.4
20191108175807,0.4,0.0,0.0,0.0,15.0,51.2,0.0,33.3
20191108175837,0.5,0.0,0.0,0.0,24.2,49.6,0.0,25.7
20191108175907,0.3,0.0,0.0,0.0,48.6,14.0,0.0,37.1
20191108175937,0.1,0.0,0.0,0.0,87.7,2.8,0.0,9.4
20191108180007,0.1,0.0,0.0,0.0,76.7,2.3,0.0,21.0
20191108180037,0.0,0.0,0.0,0.0,45.9,2.4,0.0,51.7
20191108180107,0.0,0.0,0.0,0.0,62.1,2.0,0.0,35.8
20191108180137,0.0,0.0,0.0,0.0,86.3,2.1,0.0,11.5
20191108180207,0.1,0.0,0.0,0.0,79.0,5.1,0.0,15.9
20191108180237,0.1,0.0,0.0,0.0,71.6,8.1,0.0,20.2
20191108180307,0.1,0.0,0.0,0.0,83.1,9.3,0.1,7.4
20191108180337,0.1,0.0,0.0,0.0,86.1,9.5,0.0,4.4
20191108180407,0.2,0.0,0.0,0.0,64.0,30.4,0.1,5.3
20191108180437,0.1,0.0,0.0,0.0,67.1,30.1,0.0,2.6
20191108180507,0.1,0.0,0.0,0.0,78.2,12.4,0.0,9.3
20191108180537,0.1,0.0,0.0,0.0,80.2,10.8,0.0,8.9
20191108180607,0.2,0.0,0.0,0.0,85.0,7.6,0.0,7.1
20191108180637,0.2,0.0,0.0,0.0,76.8,12.9,0.0,10.2
20191108180707,0.0,0.0,0.0,0.0,93.0,1.3,0.0,5.7
20191108180737,0.0,0.0,0.0,0.0,93.6,0.4,0.0,6.0
20191108180807,0.1,0.0,0.0,0.0,77.4,3.5,0.0,19.1
20191108180837,0.0,0.0,0.0,0.0,75.5,1.4,0.0,23.1
20191108180907,0.0,0.0,0.0,0.0,94.7,0.4,0.0,4.9
20191108180937,0.0,0.0,0.0,0.0,93.3,0.3,0.0,6.3
20191108181007,0.0,0.0,0.0,0.0,96.5,0.3,0.0,3.1
20191108181037,0.0,0.0,0.0,0.0,95.1,0.2,0.0,4.7
20191108181107,0.0,0.0,0.0,0.0,99.1,0.1,0.0,0.8
20191108181137,0.0,0.0,0.0,0.0,96.1,0.2,0.0,3.7
20191108181207,0.0,0.0,0.0,0.0,92.2,0.3,0.0,7.6
20191108181237,0.0,0.0,0.0,0.0,74.8,0.6,0.0,24.6
20191108181307,0.0,0.0,0.0,0.0,65.0,1.1,0.0,33.9
20191108181337,0.0,0.0,0.0,0.0,34.6,1.3,0.0,64.2
20191108181407,0.0,0.0,0.0,0.0,89.3,1.3,0.0,9.5
20191108181437,0.0,0.0,0.0,0.0,41.3,0.7,0.0,58.0
20191108181507,0.0,0.0,0.0,0.0,50.5,1.5,0.0,48.0
20191108181537,0.1,0.0,0.0,0.0,56.8,17.1,0.0,26.0
20191108181607,0.0,0.0,0.0,0.0,83.0,6.1,0.0,10.8
20191108181637,0.0,0.0,0.0,0.0,81.2,8.9,0.0,9.9
20191108181707,0.0,0.0,0.0,0.0,85.8,10.5,0.0,3.7
20191108181737,0.0,0.0,0.0,0.0,92.1,0.6,0.0,7.2
20191108181807,0.1,0.0,0.0,0.0,91.1,6.2,0.0,2.5
20191108181837,0.1,0.0,0.0,0.0,70.0,7.2,0.0,22.7
20191108181907,0.2,0.0,0.0,0.0,90.7,4.2,0.0,4.9
20191108181937,0.1,0.0,0.0,0.0,79.8,5.1,0.0,15.0
20191108182007,0.1,0.0,0.0,0.0,91.9,5.0,0.0,2.9
20191108182037,0.0,0.0,0.0,0.0,96.7,2.5,0.0,0.7
20191108182108,0.1,0.0,0.0,0.0,95.1,3.5,0.0,1.2
20191108182138,0.0,0.0,0.0,0.0,91.3,3.1,0.0,5.5
20191108182208,0.0,0.0,0.0,0.0,95.2,3.1,0.0,1.6
20191108182238,0.1,0.0,0.0,0.0,94.5,3.2,0.0,2.2
20191108182308,0.1,0.0,0.0,0.0,87.6,8.6,0.0,3.7
20191108182338,0.1,0.0,0.0,0.0,72.5,6.9,0.0,20.5
20191108182408,0.1,0.0,0.0,0.0,79.6,14.9,0.1,5.3
20191108182438,0.3,0.0,0.0,0.0,33.7,63.1,0.0,2.8
20191108182508,0.4,0.0,0.0,0.0,76.3,18.7,0.1,4.5
20191108182538,0.4,0.0,0.0,0.0,64.8,32.8,0.1,1.9
20191108182608,0.3,0.0,0.0,0.0,44.1,54.8,0.1,0.7
20191108182638,0.1,0.0,0.0,0.0,6.5,93.2,0.0,0.2
20191108182708,0.1,0.0,0.0,0.0,6.2,93.2,0.1,0.5
20191108182738,0.8,0.0,0.0,0.0,41.7,56.8,0.2,0.6
20191108182808,0.4,0.0,0.0,0.0,47.1,51.5,0.1,0.9
20191108182838,0.4,0.0,0.0,0.0,6.2,92.8,0.1,0.5
20191108182908,0.3,0.0,0.0,0.0,13.2,85.7,0.1,0.7
20191108182938,0.1,0.0,0.0,0.0,4.7,94.8,0.1,0.3
20191108183008,0.1,0.0,0.0,0.0,5.4,93.9,0.1,0.5
20191108183038,0.1,0.0,0.0,0.0,5.4,93.0,0.1,1.3
20191108183108,0.2,0.0,0.0,0.0,14.8,84.3,0.2,0.5
20191108183138,0.1,0.0,0.0,0.0,2.3,97.4,0.1,0.1
20191108183208,0.0,0.0,0.0,0.0,1.8,97.9,0.0,0.3
20191108183238,0.1,0.0,0.0,0.0,8.8,90.4,0.1,0.6
20191108183308,0.1,0.0,0.0,0.0,7.2,92.4,0.1,0.1
20191108183338,0.5,0.0,0.0,0.0,16.5,83.0,0.0,0.1
20191108183408,2.1,0.0,0.0,0.0,53.1,44.2,0.1,0.6
20191108183438,1.6,0.0,0.0,0.0,51.3,43.1,0.3,3.6
20191108183508,0.1,0.0,0.0,0.0,20.7,78.6,0.0,0.6
20191108183538,0.0,0.0,0.0,0.0,20.6,79.2,0.0,0.1
20191108183608,0.1,0.0,0.0,0.0,8.3,91.4,0.0,0.2
20191108183638,0.0,0.0,0.0,0.0,6.2,93.2,0.0,0.6
20191108183708,0.0,0.0,0.0,0.0,0.3,99.6,0.0,0.1
20191108183738,0.1,0.0,0.0,0.0,10.5,77.9,0.0,11.5
20191108183808,0.0,0.0,0.0,0.0,0.6,98.4,0.0,1.0
20191108183838,0.0,0.0,0.0,0.0,0.3,99.6,0.0,0.1
20191108183908,0.0,0.0,0.0,0.0,0.1,99.8,0.0,0.1
20191108183938,0.0,0.0,0.0,0.0,0.2,99.8,0.0,0.1
20191108184008,0.0,0.0,0.0,0.0,0.0,99.9,0.0,0.0
20191108184038,0.0,0.0,0.0,0.0,0.1,99.9,0.0,0.0
20191108184108,0.0,0.0,0.0,0.0,0.2,99.7,0.0,0.1
20191108184138,0.0,0.0,0.0,0.0,2.8,91.3,0.8,5.1
20191108184208,0.0,0.0,0.0,0.0,2.1,89.5,0.3,8.1
20191108184238,0.0,0.0,0.0,0.0,0.6,98.2,0.0,1.1
20191108184308,0.0,0.0,0.0,0.0,0.5,99.0,0.0,0.5
20191108184338,0.0,0.0,0.0,0.0,0.6,98.0,0.1,1.2
20191108184408,0.0,0.0,0.0,0.0,2.4,88.7,0.1,8.9
20191108184438,0.0,0.0,0.0,0.0,1.3,95.3,0.2,3.1
20191108184508,0.0,0.0,0.0,0.0,3.3,74.9,0.3,21.5
20191108184538,0.1,0.0,0.0,0.0,11.3,60.0,0.2,28.5
20191108184608,0.0,0.0,0.0,0.0,1.9,88.9,0.3,8.9
20191108184638,0.0,0.0,0.0,0.0,0.9,67.4,0.1,31.6
20191108184708,0.0,0.0,0.0,0.0,0.4,86.7,0.1,12.9
20191108184738,0.0,0.0,0.0,0.0,0.4,89.6,0.3,9.7
20191108184808,0.0,0.0,0.0,0.0,0.3,75.2,0.2,24.2
20191108184838,0.0,0.0,0.0,0.0,0.9,67.8,0.4,30.9
20191108184908,0.0,0.0,0.0,0.0,1.7,93.9,0.3,4.0
20191108184938,0.0,0.0,0.0,0.0,1.2,95.1,0.1,3.6
20191108185008,0.0,0.0,0.0,0.0,1.1,82.0,0.1,16.8
20191108185038,0.0,0.0,0.0,0.0,1.0,58.6,0.1,40.3
20191108185108,0.0,0.0,0.0,0.0,2.2,89.4,0.1,8.3
20191108185138,0.0,0.0,0.0,0.0,2.0,74.9,0.1,23.0
20191108185208,0.0,0.0,0.0,0.0,3.0,95.1,0.0,1.8
20191108185238,0.0,0.0,0.0,0.0,1.3,98.4,0.0,0.3
20191108185308,0.0,0.0,0.0,0.0,2.5,95.6,0.1,1.9
20191108185338,0.0,0.0,0.0,0.0,38.5,60.7,0.1,0.6
20191108185408,0.0,0.0,0.0,0.0,4.5,94.0,0.1,1.5
20191108185438,0.0,0.0,0.0,0.0,0.7,96.4,0.0,2.9
20191108185509,0.0,0.0,0.0,0.0,4.2,69.0,0.1,26.8
20191108185539,0.0,0.0,0.0,0.0,0.4,99.1,0.0,0.5
20191108185609,0.0,0.0,0.0,0.0,0.9,98.9,0.0,0.1
20191108185639,0.0,0.0,0.0,0.0,0.1,99.7,0.1,0.0
20191108185709,0.0,0.0,0.0,0.0,0.0,99.9,0.0,0.0
20191108185739,0.0,0.0,0.0,0.0,0.3,99.4,0.1,0.2
20191108185809,0.0,0.0,0.0,0.0,0.1,99.0,0.0,0.9
20191108185839,0.0,0.0,0.0,0.0,0.3,98.6,0.3,0.8
20191108185909,0.0,0.0,0.0,0.0,0.3,99.1,0.1,0.5
20191108185939,0.0,0.0,0.0,0.0,0.0,98.9,0.0,1.1
20191108190009,0.0,0.0,0.0,0.0,0.2,99.8,0.0,0.0
20191108190039,0.0,0.0,0.0,0.0,1.3,98.7,0.0,0.0
20191108190109,0.0,0.0,0.0,0.0,2.5,97.5,0.0,0.0
20191108190139,0.0,0.0,0.0,0.0,10.4,89.5,0.0,0.1
20191108190209,0.0,0.0,0.0,0.0,17.1,82.8,0.0,0.0
20191108190239,0.0,0.0,0.0,0.0,80.3,19.6,0.0,0.1
20191108190309,0.0,0.0,0.0,0.0,97.1,2.6,0.0,0.3
20191108190339,0.0,0.0,0.0,0.0,93.3,6.2,0.0,0.5
20191108190409,0.0,0.0,0.0,0.0,89.0,9.7,0.1,1.1
20191108190439,0.1,0.0,0.0,0.0,92.1,6.9,0.2,0.8
20191108190509,0.0,0.0,0.0,0.0,74.6,25.3,0.0,0.1
20191108190539,0.0,0.0,0.0,0.0,64.9,35.0,0.0,0.0
20191108190609,0.0,0.0,0.0,0.0,36.1,63.7,0.1,0.1
20191108190639,0.0,0.0,0.0,0.0,22.3,77.6,0.0,0.0
20191108190709,0.0,0.0,0.0,0.0,3.4,96.6,0.0,0.0
20191108190739,0.0,0.0,0.0,0.0,13.6,86.4,0.0,0.0
20191108190809,0.0,0.0,0.0,0.0,55.3,44.6,0.0,0.0
20191108190839,0.0,0.0,0.0,0.0,84.7,15.2,0.0,0.0
20191108190909,0.0,0.0,0.0,0.0,79.0,20.9,0.0,0.1
20191108190939,0.0,0.0,0.0,0.0,80.3,19.6,0.0,0.1
20191108191009,0.0,0.0,0.0,0.0,99.5,0.5,0.0,0.0
20191108191039,0.2,0.0,0.0,0.0,97.0,2.8,0.0,0.0
20191108191109,0.2,0.0,0.0,0.0,99.7,0.1,0.0,0.0
20191108191139,0.1,0.0,0.0,0.0,99.9,0.0,0.0,0.0
20191108191209,0.1,0.0,0.0,0.0,99.9,0.0,0.0,0.0
20191108191239,0.1,0.0,0.0,0.0,99.9,0.0,0.0,0.0
20191108191309,0.0,0.0,0.0,0.0,100.0,0.0,0.0,0.0
20191108191339,0.0,0.0,0.0,0.0,100.0,0.0,0.0,0.0
20191108191409,0.4,0.0,0.0,0.0,99.6,0.0,0.0,0.0
20191108191439,0.0,0.0,0.0,0.0,100.0,0.0,0.0,0.0
20191108191509,0.0,0.0,0.0,0.0,100.0,0.0,0.0,0.0
20191108191539,0.0,0.0,0.0,0.0,100.0,0.0,0.0,0.0
20191108191609,0.0,0.0,0.0,0.0,100.0,0.0,0.0,0.0
20191108191639,0.0,0.0,0.0,0.0,100.0,0.0,0.0,0.0
20191108191709,0.0,0.0,0.0,0.0,100.0,0.0,0.0,0.0
20191108191739,0.0,0.0,0.0,0.0,100.0,0.0,0.0,0.0
20191108191809,0.0,0.0,0.0,0.0,100.0,0.0,0.0,0.0
20191108191839,0.0,0.0,0.0,0.0,100.0,0.0,0.0,0.0
20191108191909,0.0,0.0,0.0,0.0,100.0,0.0,0.0,0.0
20191108191939,0.0,0.0,0.0,0.0,100.0,0.0,0.0,0.0
20191108192009,0.0,0.0,0.0,0.0,100.0,0.0,0.0,0.0
20191108192039,0.0,0.0,0.0,0.0,100.0,0.0,0.0,0.0
20191108192109,0.0,0.0,0.0,0.0,100.0,0.0,0.0,0.0
20191108192139,0.0,0.0,0.0,0.0,100.0,0.0,0.0,0.0
20191108192210,0.0,0.0,0.0,0.0,100.0,0.0,0.0,0.0
20191108192240,0.0,0.0,0.0,0.0,100.0,0.0,0.0,0.0
20191108192310,0.0,0.0,0.0,0.0,100.0,0.0,0.0,0.0
20191108192340,0.0,0.0,0.0,0.0,100.0,0.0,0.0,0.0
20191108192410,0.0,0.0,0.0,0.0,100.0,0.0,0.0,0.0
20191108192440,0.0,0.0,0.0,0.0,100.0,0.0,0.0,0.0
20191108192510,0.0,0.0,0.0,0.0,100.0,0.0,0.0,0.0
20191108192540,0.0,0.0,0.0,0.0,100.0,0.0,0.0,0.0
20191108192610,0.0,0.0,0.0,0.0,100.0,0.0,0.0,0.0
20191108192640,0.0,0.0,0.0,0.0,100.0,0.0,0.0,0.0
20191108192710,0.0,0.0,0.0,0.0,100.0,0.0,0.0,0.0
20191108192740,0.0,0.0,0.0,0.0,100.0,0.0,0.0,0.0
20191108192810,0.0,0.0,0.0,0.0,100.0,0.0,0.0,0.0
20191108192840,0.0,0.0,0.0,0.0,100.0,0.0,0.0,0.0
20191108192910,0.0,0.0,0.0,0.0,100.0,0.0,0.0,0.0
20191108192940,0.0,0.0,0.0,0.0,99.9,0.0,0.0,0.1
20191108193010,0.0,0.0,0.0,0.0,100.0,0.0,0.0,0.0
20191108193040,0.0,0.0,0.0,0.0,100.0,0.0,0.0,0.0
20191108193110,0.0,0.0,0.0,0.0,100.0,0.0,0.0,0.0
20191108193140,0.0,0.0,0.0,0.0,100.0,0.0,0.0,0.0
20191108193210,0.0,0.0,0.0,0.0,100.0,0.0,0.0,0.0
20191108193240,0.0,0.0,0.0,0.0,100.0,0.0,0.0,0.0
20191108193310,0.0,0.0,0.0,0.0,100.0,0.0,0.0,0.0
20191108193340,0.0,0.0,0.0,0.0,100.0,0.0,0.0,0.0
20191108193410,0.0,0.0,0.0,0.0,99.9,0.0,0.0,0.1
20191108193440,0.0,0.0,0.0,0.0,99.9,0.0,0.0,0.1
20191108193510,0.0,0.0,0.0,0.0,100.0,0.0,0.0,0.0
20191108193540,0.0,0.0,0.0,0.0,100.0,0.0,0.0,0.0
20191108193610,0.0,0.0,0.0,0.0,100.0,0.0,0.0,0.0
20191108193640,0.0,0.0,0.0,0.0,99.9,0.0,0.0,0.1
20191108193710,0.0,0.0,0.0,0.0,99.8,0.0,0.0,0.2
20191108193740,0.0,0.0,0.0,0.0,99.9,0.0,0.0,0.1
20191108193810,0.0,0.0,0.0,0.0,100.0,0.0,0.0,0.0
20191108193840,0.0,0.0,0.0,0.0,99.9,0.0,0.0,0.1
20191108193910,0.0,0.0,0.0,0.0,99.7,0.0,0.0,0.2
20191108193940,0.0,0.0,0.0,0.0,99.4,0.1,0.0,0.5
20191108194010,0.0,0.0,0.0,0.0,98.7,0.2,0.0,1.0
20191108194040,0.0,0.0,0.0,0.0,98.6,0.2,0.0,1.2
20191108194110,0.0,0.0,0.0,0.0,97.9,1.5,0.0,0.6
20191108194140,0.0,0.0,0.0,0.0,79.8,8.3,0.0,11.8
20191108194210,0.0,0.0,0.0,0.0,91.4,3.4,0.0,5.2
20191108194240,0.0,0.0,0.0,0.0,95.8,2.6,0.0,1.6
20191108194310,0.0,0.0,0.0,0.0,80.3,17.1,0.0,2.6
20191108194340,0.0,0.0,0.0,0.0,94.0,4.4,0.0,1.5
20191108194410,0.0,0.0,0.0,0.0,97.1,1.3,0.0,1.6
20191108194440,0.0,0.0,0.0,0.0,99.3,0.1,0.0,0.7
20191108194510,0.0,0.0,0.0,0.0,98.5,0.5,0.0,1.0
20191108194540,0.0,0.0,0.0,0.0,84.9,5.2,0.0,9.9
20191108194610,0.0,0.0,0.0,0.0,65.2,4.5,0.0,30.2
20191108194640,0.0,0.0,0.0,0.0,95.9,2.0,0.0,2.1
20191108194710,0.0,0.0,0.0,0.0,96.9,0.4,0.0,2.6
20191108194740,0.0,0.0,0.0,0.0,90.9,4.0,0.0,5.1
20191108194810,0.0,0.0,0.0,0.0,61.4,33.1,0.0,5.4
20191108194840,0.0,0.0,0.0,0.0,11.7,85.7,0.2,2.4
20191108194910,0.0,0.0,0.0,0.0,8.7,55.2,0.3,35.8
20191108194940,0.0,0.0,0.0,0.0,25.8,60.5,1.9,11.7
20191108195010,0.0,0.0,0.0,0.0,41.9,51.0,1.3,5.8
20191108195040,0.0,0.0,0.0,0.0,18.9,57.9,2.6,20.5
20191108195110,0.0,0.0,0.0,0.0,2.8,85.2,0.8,11.2
20191108195140,0.0,0.0,0.0,0.0,0.7,95.4,0.2,3.6
20191108195210,0.0,0.0,0.0,0.0,2.7,95.9,0.2,1.2
20191108195240,0.0,0.0,0.0,0.0,6.1,92.7,0.3,0.9
20191108195310,0.0,0.0,0.0,0.0,3.5,94.5,0.1,1.9
20191108195340,0.0,0.0,0.0,0.0,0.7,98.8,0.1,0.5
20191108195410,0.0,0.0,0.0,0.0,4.2,95.7,0.1,0.0
20191108195440,0.0,0.0,0.0,0.0,5.8,94.2,0.0,0.0
20191108195510,0.0,0.0,0.0,0.0,3.5,96.3,0.1,0.1
20191108195540,0.0,0.0,0.0,0.0,34.4,64.9,0.2,0.5
20191108195610,0.0,0.0,0.0,0.0,18.2,81.4,0.1,0.3
20191108195641,0.0,0.0,0.0,0.0,85.7,11.5,0.1,2.7
20191108195711,0.0,0.0,0.0,0.0,96.2,1.9,0.0,1.9
20191108195741,0.0,0.0,0.0,0.0,97.2,2.3,0.0,0.4
20191108195811,0.0,0.0,0.0,0.0,99.0,0.9,0.0,0.2
20191108195841,0.0,0.0,0.0,0.0,98.6,1.0,0.0,0.4
20191108195911,0.0,0.0,0.0,0.0,98.0,1.4,0.0,0.6
20191108195941,0.0,0.0,0.0,0.0,98.6,1.3,0.0,0.1
20191108200011,0.0,0.0,0.0,0.0,99.5,0.3,0.0,0.2
20191108200041,0.0,0.0,0.0,0.0,99.4,0.6,0.0,0.1
20191108200111,0.0,0.0,0.0,0.0,99.3,0.7,0.0,0.1
20191108200141,0.0,0.0,0.0,0.0,99.0,0.9,0.0,0.1
20191108200211,0.0,0.0,0.0,0.0,99.6,0.3,0.0,0.1
20191108200241,0.0,0.0,0.0,0.0,99.3,0.6,0.0,0.1
20191108200311,0.0,0.0,0.0,0.0,99.2,0.7,0.0,0.1
20191108200341,0.0,0.0,0.0,0.0,97.1,1.2,0.1,1.6
20191108200411,0.0,0.0,0.0,0.0,95.1,4.5,0.0,0.4
20191108200441,0.0,0.0,0.0,0.0,98.8,0.7,0.0,0.4
20191108200511,0.0,0.0,0.0,0.0,94.7,3.7,0.1,1.6
20191108200541,0.0,0.0,0.0,0.0,96.3,2.9,0.1,0.7
20191108200611,0.0,0.0,0.0,0.0,94.9,4.5,0.1,0.4
20191108200641,0.0,0.0,0.0,0.0,78.2,21.4,0.1,0.3
20191108200711,0.0,0.0,0.0,0.0,77.7,21.1,0.8,0.4
20191108200741,0.0,0.0,0.0,0.0,95.6,4.1,0.1,0.3
20191108200811,0.0,0.0,0.0,0.0,96.0,3.9,0.1,0.0
20191108200841,0.0,0.0,0.0,0.0,79.7,20.1,0.1,0.1
20191108200911,0.0,0.0,0.0,0.0,75.7,24.0,0.1,0.2
20191108200941,0.0,0.0,0.0,0.0,83.1,16.5,0.1,0.3
20191108201011,0.0,0.0,0.0,0.0,98.9,1.0,0.0,0.0
20191108201041,0.0,0.0,0.0,0.0,98.4,1.0,0.0,0.6
20191108201111,0.0,0.0,0.0,0.0,92.3,5.9,0.0,1.8
20191108201141,0.0,0.0,0.0,0.0,92.8,4.9,0.0,2.3
20191108201211,0.0,0.0,0.0,0.0,93.7,1.7,0.1,4.5
20191108201241,0.0,0.0,0.0,0.0,84.2,5.0,0.1,10.6
20191108201311,0.0,0.0,0.0,0.0,92.2,3.8,0.1,3.9
20191108201341,0.0,0.0,0.0,0.0,78.7,0.9,0.0,20.4
20191108201411,0.0,0.0,0.0,0.0,59.3,0.8,0.0,39.8
20191108201441,0.0,0.0,0.0,0.0,97.3,0.6,0.0,2.1
20191108201511,0.0,0.0,0.0,0.0,98.7,0.1,0.0,1.2
20191108201541,0.0,0.0,0.0,0.0,99.5,0.1,0.0,0.3
20191108201611,0.0,0.0,0.0,0.0,98.8,0.2,0.0,1.0
20191108201641,0.0,0.0,0.0,0.0,99.1,0.3,0.0,0.7
20191108201711,0.0,0.0,0.0,0.0,98.9,0.2,0.0,0.9
20191108201741,0.0,0.0,0.0,0.0,98.6,0.6,0.0,0.8
20191108201811,0.0,0.0,0.0,0.0,99.3,0.4,0.0,0.3
20191108201841,0.0,0.0,0.0,0.0,99.6,0.3,0.0,0.1
20191108201911,0.0,0.0,0.0,0.0,98.7,0.4,0.0,0.9
20191108201941,0.0,0.0,0.0,0.0,99.9,0.1,0.0,0.0
20191108202011,0.0,0.0,0.0,0.0,99.3,0.0,0.0,0.7
20191108202041,0.0,0.0,0.0,0.0,99.9,0.0,0.0,0.1
20191108202111,0.0,0.0,0.0,0.0,98.4,0.0,0.0,1.6
20191108202141,0.0,0.0,0.0,0.0,100.0,0.0,0.0,0.0
20191108202211,0.0,0.0,0.0,0.0,100.0,0.0,0.0,0.0
20191108202241,0.0,0.0,0.0,0.0,100.0,0.0,0.0,0.0
20191108202311,0.0,0.0,0.0,0.0,100.0,0.0,0.0,0.0
20191108202341,0.0,0.0,0.0,0.0,100.0,0.0,0.0,0.0
20191108202411,0.0,0.0,0.0,0.0,100.0,0.0,0.0,0.0
20191108202441,0.0,0.0,0.0,0.0,100.0,0.0,0.0,0.0
20191108202511,0.0,0.0,0.0,0.0,100.0,0.0,0.0,0.0
20191108202541,0.0,0.0,0.0,0.0,100.0,0.0,0.0,0.0
20191108202611,0.0,0.0,0.0,0.0,100.0,0.0,0.0,0.0
20191108202641,0.0,0.0,0.0,0.0,100.0,0.0,0.0,0.0
20191108202711,0.0,0.0,0.0,0.0,100.0,0.0,0.0,0.0
20191108202741,0.0,0.0,0.0,0.0,100.0,0.0,0.0,0.0
20191108202811,0.0,0.0,0.0,0.0,100.0,0.0,0.0,0.0
20191108202841,0.0,0.0,0.0,0.0,100.0,0.0,0.0,0.0
20191108202911,0.0,0.0,0.0,0.0,100.0,0.0,0.0,0.0
20191108202941,0.0,0.0,0.0,0.0,100.0,0.0,0.0,0.0
20191108203011,0.0,0.0,0.0,0.0,100.0,0.0,0.0,0.0
20191108203041,0.0,0.0,0.0,0.0,100.0,0.0,0.0,0.0
20191108203112,0.0,0.0,0.0,0.0,100.0,0.0,0.0,0.0
20191108203142,0.0,0.0,0.0,0.0,100.0,0.0,0.0,0.0
20191108203212,0.0,0.0,0.0,0.0,100.0,0.0,0.0,0.0
20191108203242,0.0,0.0,0.0,0.0,100.0,0.0,0.0,0.0
20191108203312,0.0,0.0,0.0,0.0,100.0,0.0,0.0,0.0
20191108203342,0.0,0.0,0.0,0.0,100.0,0.0,0.0,0.0
20191108203412,0.0,0.0,0.0,0.0,100.0,0.0,0.0,0.0
20191108203442,0.0,0.0,0.0,0.0,100.0,0.0,0.0,0.0
20191108203512,0.0,0.0,0.0,0.0,100.0,0.0,0.0,0.0
20191108203542,0.0,0.0,0.0,0.0,100.0,0.0,0.0,0.0
20191108203612,0.0,0.0,0.0,0.0,100.0,0.0,0.0,0.0
20191108203642,0.0,0.0,0.0,0.0,100.0,0.0,0.0,0.0
20191108203712,0.0,0.0,0.0,0.0,100.0,0.0,0.0,0.0
20191108203742,0.0,0.0,0.0,0.0,100.0,0.0,0.0,0.0
20191108203812,0.0,0.0,0.0,0.0,100.0,0.0,0.0,0.0
20191108203842,0.0,0.0,0.0,0.0,100.0,0.0,0.0,0.0
20191108203912,0.0,0.0,0.0,0.0,100.0,0.0,0.0,0.0
20191108203942,0.0,0.0,0.0,0.0,100.0,0.0,0.0,0.0
20191108204012,0.0,0.0,0.0,0.0,100.0,0.0,0.0,0.0
20191108204042,0.0,0.0,0.0,0.0,100.0,0.0,0.0,0.0
20191108204112,0.0,0.0,0.0,0.0,100.0,0.0,0.0,0.0
20191108204142,0.0,0.0,0.0,0.0,100.0,0.0,0.0,0.0
20191108204212,0.0,0.0,0.0,0.0,100.0,0.0,0.0,0.0
20191108204242,0.0,0.0,0.0,0.0,100.0,0.0,0.0,0.0
20191108204312,0.0,0.0,0.0,0.0,100.0,0.0,0.0,0.0
20191108204342,0.0,0.0,0.0,0.0,100.0,0.0,0.0,0.0
20191108204412,0.0,0.0,0.0,0.0,100.0,0.0,0.0,0.0
20191108204442,0.0,0.0,0.0,0.0,100.0,0.0,0.0,0.0
20191108204512,0.0,0.0,0.0,0.0,100.0,0.0,0.0,0.0
20191108204542,0.0,0.0,0.0,0.0,100.0,0.0,0.0,0.0
20191108204612,0.0,0.0,0.0,0.0,100.0,0.0,0.0,0.0
20191108204642,0.0,0.0,0.0,0.0,100.0,0.0,0.0,0.0
20191108204712,0.0,0.0,0.0,0.0,100.0,0.0,0.0,0.0
20191108204742,0.0,0.0,0.0,0.0,100.0,0.0,0.0,0.0
20191108204812,0.0,3.1,0.0,0.0,96.9,0.0,0.0,0.0
20191108204842,0.0,11.8,0.0,0.0,88.2,0.0,0.0,0.0
20191108204912,0.0,0.1,0.0,0.0,99.9,0.0,0.0,0.0
20191108204942,0.0,0.0,0.0,0.0,100.0,0.0,0.0,0.0
20191108205012,0.0,0.0,0.0,0.0,100.0,0.0,0.0,0.0
20191108205042,0.0,0.0,0.0,0.0,100.0,0.0,0.0,0.0
20191108205112,0.0,0.0,0.0,0.0,100.0,0.0,0.0,0.0
20191108205142,0.0,0.0,0.0,0.0,100.0,0.0,0.0,0.0
20191108205212,0.0,0.0,0.0,0.0,100.0,0.0,0.0,0.0
20191108205242,0.0,0.0,0.0,0.0,100.0,0.0,0.0,0.0
20191108205312,0.0,0.0,0.0,0.0,100.0,0.0,0.0,0.0
20191108205342,0.0,0.0,0.0,0.0,100.0,0.0,0.0,0.0
20191108205412,0.0,0.0,0.0,0.0,100.0,0.0,0.0,0.0
20191108205442,0.0,0.0,0.0,0.0,100.0,0.0,0.0,0.0
20191108205512,0.0,0.0,0.0,0.0,100.0,0.0,0.0,0.0
20191108205542,0.0,0.0,0.0,0.0,100.0,0.0,0.0,0.0
20191108205612,0.0,0.0,0.0,0.0,100.0,0.0,0.0,0.0
20191108205642,0.0,0.0,0.0,0.0,100.0,0.0,0.0,0.0
20191108205712,0.0,0.0,0.0,0.0,100.0,0.0,0.0,0.0
20191108205742,0.0,0.0,0.0,0.0,100.0,0.0,0.0,0.0
20191108205813,0.0,0.0,0.0,0.0,100.0,0.0,0.0,0.0
20191108205843,0.0,0.0,0.0,0.0,100.0,0.0,0.0,0.0
20191108205913,0.0,0.0,0.0,0.0,100.0,0.0,0.0,0.0
20191108205943,0.0,0.0,0.0,0.0,100.0,0.0,0.0,0.0
20191108210013,0.0,0.0,0.0,0.0,100.0,0.0,0.0,0.0
20191108210043,0.0,0.0,0.0,0.0,100.0,0.0,0.0,0.0
20191108210113,0.0,0.0,0.0,0.0,100.0,0.0,0.0,0.0
20191108210143,0.0,0.0,0.0,0.0,100.0,0.0,0.0,0.0
20191108210213,0.0,0.0,0.0,0.0,100.0,0.0,0.0,0.0
20191108210243,0.0,0.0,0.0,0.0,100.0,0.0,0.0,0.0
20191108210313,0.0,0.0,0.0,0.0,100.0,0.0,0.0,0.0
20191108210343,0.0,0.0,0.0,0.0,100.0,0.0,0.0,0.0
20191108210413,0.0,0.0,0.0,0.0,100.0,0.0,0.0,0.0
20191108210443,0.0,0.0,0.0,0.0,100.0,0.0,0.0,0.0
20191108210513,0.3,0.0,0.0,0.0,99.7,0.0,0.0,0.0
20191108210543,0.0,0.0,0.0,0.0,100.0,0.0,0.0,0.0
20191108210613,0.0,0.0,0.0,0.0,100.0,0.0,0.0,0.0
20191108210643,0.0,0.0,0.0,0.0,100.0,0.0,0.0,0.0
20191108210713,0.0,0.0,0.0,0.0,100.0,0.0,0.0,0.0
20191108210743,0.0,0.0,0.0,0.0,100.0,0.0,0.0,0.0
20191108210813,0.0,0.0,0.0,0.0,100.0,0.0,0.0,0.0
20191108210843,0.0,0.0,0.0,0.0,100.0,0.0,0.0,0.0
20191108210913,0.0,0.0,0.0,0.0,100.0,0.0,0.0,0.0
20191108210943,0.0,0.0,0.0,0.0,100.0,0.0,0.0,0.0
20191108211013,0.0,0.0,0.0,0.0,100.0,0.0,0.0,0.0
20191108211043,0.0,0.0,0.0,0.0,100.0,0.0,0.0,0.0
20191108211113,0.0,0.0,0.0,0.0,100.0,0.0,0.0,0.0
20191108211143,0.0,0.0,0.0,0.0,100.0,0.0,0.0,0.0
20191108211213,0.0,0.0,0.0,0.0,100.0,0.0,0.0,0.0
20191108211243,0.0,0.0,0.0,0.0,100.0,0.0,0.0,0.0
20191108211313,0.0,0.0,0.0,0.0,100.0,0.0,0.0,0.0
20191108211343,0.0,0.0,0.0,0.0,100.0,0.0,0.0,0.0
