UT,arc,discrete,diffuse,ac,ab,clear,cloudy,dd
20191015155000,0.0,0.0,0.0,0.0,0.0,0.0,0.0,100.0
20191015155030,0.0,0.0,0.0,0.0,0.0,0.0,0.0,100.0
20191015155100,0.0,0.0,0.0,0.0,0.0,0.0,0.0,100.0
20191015155130,0.0,0.0,0.0,0.0,0.0,0.0,0.0,100.0
20191015155200,0.0,0.0,0.0,0.0,0.0,0.0,0.0,100.0
20191015155230,0.0,0.0,0.0,0.0,0.0,0.0,0.0,100.0
20191015155300,0.0,0.0,0.0,0.0,0.0,0.0,0.0,100.0
20191015155330,0.0,0.0,0.0,0.0,0.0,0.0,0.0,100.0
20191015155400,0.0,0.0,0.0,0.0,0.0,0.0,0.0,100.0
20191015155430,0.0,0.0,0.0,0.0,0.0,0.0,0.0,100.0
20191015155500,0.0,0.0,0.0,0.0,0.0,0.0,0.0,100.0
20191015155530,0.0,0.0,0.0,0.0,0.0,0.0,0.0,100.0
20191015155600,0.0,0.0,0.0,0.0,0.0,0.0,0.0,100.0
20191015155630,0.0,0.0,0.0,0.0,0.0,0.0,0.0,100.0
20191015155700,0.0,0.0,0.0,0.0,0.0,0.0,0.0,100.0
20191015155730,0.0,0.0,0.0,0.0,0.0,0.0,0.0,100.0
20191015155800,0.0,0.0,0.0,0.0,0.0,0.0,0.0,100.0
20191015155830,0.0,0.0,0.0,0.0,0.0,0.0,0.0,100.0
20191015155900,0.0,0.0,0.0,0.0,0.0,0.0,0.0,100.0
20191015155930,0.0,0.0,0.0,0.0,0.0,0.0,0.0,100.0
20191015160000,0.0,0.0,0.0,0.0,0.0,0.0,0.0,100.0
20191015160030,0.0,0.0,0.0,0.0,0.0,0.0,0.0,100.0
20191015160100,0.0,0.0,0.0,0.0,0.0,0.0,0.0,100.0
20191015160131,0.0,0.0,0.0,0.0,0.0,0.0,0.0,100.0
20191015160201,0.0,0.0,0.0,0.0,0.0,0.0,0.0,100.0
20191015160231,0.0,0.0,0.0,0.0,0.0,0.0,0.0,100.0
20191015160301,0.0,0.0,0.0,0.0,0.0,0.0,0.0,100.0
20191015160331,0.0,0.0,0.0,0.0,0.0,0.0,0.0,100.0
20191015160401,0.0,0.0,0.0,0.0,0.0,0.0,0.0,100.0
20191015160431,0.0,0.0,0.0,0.0,0.0,0.0,0.0,100.0
20191015160501,0.0,0.0,0.0,0.0,0.0,0.0,0.0,100.0
20191015160531,0.0,0.0,0.0,0.0,0.0,0.0,0.0,100.0
20191015160601,0.0,0.0,0.0,0.0,0.0,0.0,0.0,100.0
20191015160631,0.0,0.0,0.0,0.0,0.0,0.0,0.0,100.0
20191015160701,0.0,0.0,0.0,0.0,0.0,0.0,0.0,100.0
20191015160731,0.0,0.0,0.0,0.0,0.0,0.0,0.0,100.0
20191015160801,0.0,0.0,0.0,0.0,0.0,0.0,0.0,100.0
20191015160831,0.0,0.0,0.0,0.0,0.0,0.0,0.0,100.0
20191015160901,0.0,0.0,0.0,0.0,0.0,0.0,0.0,100.0
20191015160931,0.0,0.0,0.0,0.0,0.0,0.0,0.0,100.0
20191015161001,0.0,0.0,0.0,0.0,0.0,0.0,0.0,100.0
20191015161031,0.0,0.0,0.0,0.0,0.0,0.0,0.0,100.0
20191015161101,0.0,0.0,0.0,0.0,0.0,0.0,0.0,100.0
20191015161131,0.0,0.0,0.0,0.0,0.0,0.0,0.0,100.0
20191015161201,0.0,0.0,0.0,0.0,0.0,0.0,0.0,100.0
20191015161231,0.0,0.0,0.0,0.0,0.0,0.0,0.0,100.0
20191015161301,0.0,0.0,0.0,0.0,0.0,0.0,0.0,100.0
20191015161331,0.0,0.0,0.0,0.0,0.0,0.0,0.0,100.0
20191015161401,0.0,0.0,0.0,0.0,0.0,0.0,0.0,100.0
20191015161431,0.0,0.0,0.0,0.0,0.0,0.0,0.0,100.0
20191015161501,0.0,0.0,0.0,0.0,0.0,0.0,0.0,100.0
20191015161531,0.0,0.0,0.0,0.0,0.0,0.0,0.0,100.0
20191015161601,0.0,0.0,0.0,0.0,0.0,0.0,0.0,100.0
20191015161631,0.0,0.0,0.0,0.0,0.0,0.0,0.0,100.0
20191015161701,0.0,0.0,0.0,0.0,0.0,0.0,0.0,100.0
20191015161731,0.0,0.0,0.0,0.0,0.0,0.0,0.0,100.0
20191015161801,0.0,0.0,0.0,0.0,0.0,0.0,0.0,100.0
20191015161831,0.0,0.0,0.0,0.0,0.0,0.0,0.0,100.0
20191015161901,0.0,0.0,0.0,0.0,0.0,0.0,0.0,100.0
20191015161931,0.0,0.0,0.0,0.0,0.0,0.0,0.0,100.0
20191015162001,0.0,0.0,0.0,0.0,0.0,0.0,0.0,100.0
20191015162031,0.0,0.0,0.0,0.0,0.0,0.0,0.0,100.0
20191015162101,0.0,0.0,0.0,0.0,0.0,0.0,0.0,100.0
20191015162131,0.0,0.0,0.0,0.0,0.0,0.0,0.0,100.0
20191015162201,0.0,0.0,0.0,0.0,0.0,0.0,0.0,100.0
20191015162231,0.0,0.0,0.0,0.0,0.0,0.0,0.0,100.0
20191015162301,0.0,0.0,0.0,0.0,0.0,0.0,0.0,100.0
20191015162331,0.0,0.0,0.0,0.0,0.0,0.0,0.0,100.0
20191015162401,0.0,0.0,0.0,0.0,0.0,0.0,0.0,100.0
20191015162431,0.0,0.0,0.0,0.0,0.0,0.0,0.0,100.0
20191015162501,0.0,0.0,0.0,0.0,0.0,0.0,0.0,100.0
20191015162531,0.0,0.0,0.0,0.0,0.0,0.0,0.0,100.0
20191015162601,0.0,0.0,0.0,0.0,0.0,0.0,0.0,100.0
20191015162631,0.0,0.0,0.0,0.0,0.0,0.0,0.0,100.0
20191015162701,0.0,0.0,0.0,0.0,0.0,0.0,0.0,100.0
20191015162731,0.0,0.0,0.0,0.0,0.0,0.0,0.0,100.0
20191015162801,0.0,0.0,0.0,0.0,0.0,0.0,0.0,100.0
20191015162831,0.0,0.0,0.0,0.0,0.0,0.0,0.0,100.0
20191015162901,0.0,0.0,0.0,0.0,0.0,0.0,0.0,100.0
20191015162931,0.0,0.0,0.0,0.0,0.0,0.0,0.0,100.0
20191015163001,0.0,0.0,0.0,0.0,0.0,0.0,0.0,100.0
20191015163031,0.0,0.0,0.0,0.0,0.0,0.0,0.0,100.0
20191015163101,0.0,0.0,0.0,0.0,0.0,0.0,0.0,100.0
20191015163131,0.0,0.0,0.0,0.0,0.0,0.0,0.0,100.0
20191015163201,0.0,0.0,0.0,0.0,0.0,0.0,0.0,100.0
20191015163231,0.0,0.0,0.0,0.0,0.0,0.0,0.0,100.0
20191015163301,0.0,0.0,0.0,0.0,0.0,0.0,0.0,100.0
20191015163331,0.0,0.0,0.0,0.0,0.0,0.0,0.0,100.0
20191015163401,0.0,0.0,0.0,0.0,0.0,0.0,0.0,100.0
20191015163431,0.0,0.0,0.0,0.0,0.0,0.0,0.0,100.0
20191015163501,0.0,0.0,0.0,0.0,0.0,0.0,0.0,100.0
20191015163532,0.0,0.0,0.0,0.0,0.0,0.0,0.0,100.0
20191015163602,0.0,0.0,0.0,0.0,0.0,0.0,0.0,100.0
20191015163632,0.0,0.0,0.0,0.0,0.0,0.0,0.0,100.0
20191015163702,0.0,0.0,0.0,0.0,0.0,0.0,0.0,100.0
20191015163732,0.0,0.0,0.0,0.0,0.0,0.0,0.0,100.0
20191015163802,0.0,0.0,0.0,0.0,0.0,0.0,0.0,100.0
20191015163832,0.0,0.0,0.0,0.0,0.0,0.0,0.0,100.0
20191015163902,0.0,0.0,0.0,0.0,0.0,0.0,0.0,100.0
20191015163932,0.0,0.0,0.0,0.0,0.0,0.0,0.0,100.0
20191015164002,0.0,0.0,0.0,0.0,0.0,0.0,0.0,100.0
20191015164032,0.0,0.0,0.0,0.0,0.0,0.0,0.0,100.0
20191015164102,0.0,0.0,0.0,0.0,0.0,0.0,0.0,100.0
20191015164132,0.0,0.0,0.0,0.0,0.0,0.0,0.0,100.0
20191015164202,0.0,0.0,0.0,0.0,0.0,0.0,0.0,100.0
20191015164232,0.0,0.0,0.0,0.0,0.0,0.0,0.0,100.0
20191015164302,0.0,0.0,0.0,0.0,0.0,0.0,0.0,100.0
20191015164332,0.0,0.0,0.0,0.0,0.0,0.0,0.0,100.0
20191015164402,0.0,0.0,0.0,0.0,0.0,0.0,0.0,100.0
20191015164432,0.0,0.0,0.0,0.0,0.0,0.0,0.0,100.0
20191015164502,0.0,0.0,0.0,0.0,0.0,0.0,0.0,100.0
20191015164532,0.0,0.0,0.0,0.0,0.0,0.0,0.0,100.0
20191015164602,0.0,0.0,0.0,0.0,0.0,0.0,0.0,100.0
20191015164632,0.0,0.0,0.0,0.0,0.0,0.0,0.0,100.0
20191015164702,0.0,0.0,0.0,0.0,0.0,0.0,0.0,100.0
20191015164732,0.0,0.0,0.0,0.0,0.0,0.0,0.0,100.0
20191015164802,0.0,0.0,0.0,0.0,0.0,0.0,0.0,100.0
20191015164832,0.0,0.0,0.0,0.0,0.0,0.0,0.0,100.0
20191015164902,0.0,0.0,0.0,0.0,0.0,0.0,0.0,100.0
20191015164932,0.0,0.0,0.0,0.0,0.0,0.0,0.0,100.0
20191015165132,0.0,0.0,0.0,0.0,0.0,0.0,0.0,100.0
20191015165202,0.0,0.0,0.0,0.0,0.0,0.0,0.0,100.0
20191015165232,0.0,0.0,0.0,0.0,0.0,0.0,0.0,100.0
20191015165302,0.0,0.0,0.0,0.0,0.0,0.0,0.0,100.0
20191015165332,0.0,0.0,0.0,0.0,0.0,0.0,0.0,100.0
20191015165402,0.0,0.0,0.0,0.0,0.0,0.0,0.0,100.0
20191015165432,0.0,0.0,0.0,0.0,0.0,0.0,0.0,100.0
20191015165502,0.0,0.0,0.0,0.0,0.0,0.0,0.0,100.0
20191015165532,0.0,0.0,0.0,0.0,0.0,0.0,0.0,100.0
20191015165602,0.0,0.0,0.0,0.0,0.0,0.0,0.0,100.0
20191015165632,0.0,0.0,0.0,0.0,0.0,0.0,0.0,100.0
20191015165702,0.0,0.0,0.0,0.0,0.0,0.0,0.0,100.0
20191015165732,0.0,0.0,0.0,0.0,0.0,0.0,0.0,100.0
20191015165802,0.0,0.0,0.0,0.0,0.0,0.0,0.0,100.0
20191015165832,0.0,0.0,0.0,0.0,0.0,0.0,0.0,100.0
20191015165902,0.0,0.0,0.0,0.0,0.0,0.0,0.0,100.0
20191015165932,0.0,0.0,0.0,0.0,0.0,0.0,0.0,100.0
20191015170002,0.0,0.0,0.0,0.0,0.0,0.0,0.0,100.0
20191015170032,0.0,0.0,0.0,0.0,0.0,0.0,0.0,100.0
20191015170102,0.0,0.0,0.0,0.0,0.0,0.0,0.0,100.0
20191015170132,0.0,0.0,0.0,0.0,0.0,0.0,0.0,100.0
20191015170202,0.0,0.0,0.0,0.0,0.0,0.0,0.0,100.0
20191015170232,0.0,0.0,0.0,0.0,0.0,0.0,0.0,100.0
20191015170303,0.0,0.0,0.0,0.0,0.0,0.0,0.0,100.0
20191015170333,0.0,0.0,0.0,0.0,0.0,0.0,0.0,100.0
20191015170403,0.0,0.0,0.0,0.0,0.0,0.0,0.0,100.0
20191015170433,0.0,0.0,0.0,0.0,0.0,0.0,0.0,100.0
20191015170503,0.0,0.0,0.0,0.0,0.0,0.0,0.0,100.0
20191015170533,0.0,0.0,0.0,0.0,0.0,0.0,0.0,100.0
20191015170603,0.0,0.0,0.0,0.0,0.0,0.0,0.0,100.0
20191015170633,0.0,0.0,0.0,0.0,0.0,0.0,0.0,100.0
20191015170703,0.0,0.0,0.0,0.0,0.0,0.0,0.0,100.0
20191015170733,0.0,0.0,0.0,0.0,0.0,0.0,0.0,100.0
20191015170803,0.0,0.0,0.0,0.0,0.0,0.0,0.0,100.0
20191015170833,0.0,0.0,0.0,0.0,0.0,0.0,0.0,100.0
20191015170903,0.0,0.0,0.0,0.0,0.0,0.0,0.0,100.0
20191015170933,0.0,0.0,0.0,0.0,0.0,0.0,0.0,100.0
20191015171003,0.0,0.0,0.0,0.0,0.0,0.0,0.0,100.0
20191015171033,0.0,0.0,0.0,0.0,0.0,0.0,0.0,100.0
20191015171103,0.0,0.0,0.0,0.0,0.0,0.0,0.0,100.0
20191015171133,0.0,0.0,0.0,0.0,0.0,0.0,0.0,100.0
20191015171203,0.0,0.0,0.0,0.0,0.0,0.0,0.0,100.0
20191015171233,0.0,0.0,0.0,0.0,0.0,0.0,0.0,100.0
20191015171303,0.0,0.0,0.0,0.0,0.0,0.0,0.0,100.0
20191015171333,0.0,0.0,0.0,0.0,0.0,0.0,0.0,100.0
20191015171403,0.0,0.0,0.0,0.0,0.0,0.0,0.0,100.0
20191015171433,0.0,0.0,0.0,0.0,0.0,0.0,0.0,100.0
20191015171503,0.0,0.0,0.0,0.0,0.0,0.0,0.0,100.0
20191015171533,0.0,0.0,0.0,0.0,0.0,0.0,0.0,100.0
20191015171603,0.0,0.0,0.0,0.0,0.0,0.0,0.0,100.0
20191015171633,0.0,0.0,0.0,0.0,0.0,0.0,0.0,100.0
20191015171703,0.0,0.0,0.0,0.0,0.0,0.0,0.0,100.0
20191015171733,0.0,0.0,0.0,0.0,0.0,0.0,0.0,100.0
20191015171803,0.0,0.0,0.0,0.0,0.0,0.0,0.0,100.0
20191015171833,0.0,0.0,0.0,0.0,0.0,0.0,0.0,100.0
20191015171903,0.0,0.0,0.0,0.0,0.0,0.0,0.0,100.0
20191015171933,0.0,0.0,0.0,0.0,0.0,0.0,0.0,100.0
20191015172003,0.0,0.0,0.0,0.0,0.0,0.0,0.0,100.0
20191015172033,0.0,0.0,0.0,0.0,0.0,0.0,0.0,100.0
20191015172103,0.0,0.0,0.0,0.0,0.0,0.0,0.0,100.0
20191015172133,0.0,0.0,0.0,0.0,0.0,0.0,0.0,100.0
20191015172203,0.0,0.0,0.0,0.0,0.0,0.0,0.0,100.0
20191015172233,0.0,0.0,0.0,0.0,0.0,0.0,0.0,100.0
20191015172303,0.0,0.0,0.0,0.0,0.0,0.0,0.0,100.0
20191015172333,0.0,0.0,0.0,0.0,0.0,0.0,0.0,100.0
20191015172403,0.0,0.0,0.0,0.0,0.0,0.0,0.0,100.0
20191015172433,0.0,0.0,0.0,0.0,0.0,0.0,0.0,100.0
20191015172503,0.0,0.0,0.0,0.0,0.0,0.0,0.0,100.0
20191015172533,0.0,0.0,0.0,0.0,0.0,0.0,0.0,100.0
20191015172603,0.0,0.0,0.0,0.0,0.0,0.0,0.0,100.0
20191015172633,0.0,0.0,0.0,0.0,0.0,0.0,0.0,100.0
20191015172703,0.0,0.0,0.0,0.0,0.0,0.0,0.0,100.0
20191015172733,0.0,0.0,0.0,0.0,0.0,0.0,0.0,100.0
20191015172803,0.0,0.0,0.0,0.0,0.0,0.0,0.0,100.0
20191015172833,0.0,0.0,0.0,0.0,0.0,0.0,0.0,100.0
20191015172903,0.0,0.0,0.0,0.0,0.0,0.0,0.0,100.0
20191015172933,0.0,0.0,0.0,0.0,0.0,0.0,0.0,100.0
20191015173003,0.0,0.0,0.0,0.0,0.0,0.0,0.0,100.0
20191015173033,0.0,0.0,0.0,0.0,0.0,0.0,0.0,100.0
20191015173103,0.0,0.0,0.0,0.0,0.0,0.0,0.0,100.0
20191015173133,0.0,0.0,0.0,0.0,0.0,0.0,0.0,100.0
20191015173203,0.0,0.0,0.0,0.0,0.0,0.0,0.0,100.0
20191015173233,0.0,0.0,0.0,0.0,0.0,0.0,0.0,100.0
20191015173303,0.0,0.0,0.0,0.0,0.0,0.0,0.0,100.0
20191015173333,0.0,0.0,0.0,0.0,0.0,0.0,0.0,100.0
20191015173403,0.0,0.0,0.0,0.0,0.0,0.0,0.0,100.0
20191015173433,0.0,0.0,0.0,0.0,0.0,0.0,0.0,100.0
20191015173503,0.0,0.0,0.0,0.0,0.0,0.0,0.0,100.0
20191015173533,0.0,0.0,0.0,0.0,0.0,0.0,0.0,100.0
20191015173603,0.0,0.0,0.0,0.0,0.0,0.0,0.0,100.0
20191015173633,0.0,0.0,0.0,0.0,0.0,0.0,0.0,100.0
20191015173704,0.0,0.0,0.0,0.0,0.0,0.0,0.0,100.0
20191015173734,0.0,0.0,0.0,0.0,0.0,0.0,0.0,100.0
20191015173804,0.0,0.0,0.0,0.0,0.0,0.0,0.0,100.0
20191015173834,0.0,0.0,0.0,0.0,0.0,0.3,0.0,99.7
20191015173904,0.0,0.0,0.0,0.0,0.0,0.2,0.0,99.8
20191015173934,0.0,0.0,0.0,0.0,0.0,0.0,0.0,100.0
20191015174004,0.0,0.0,0.0,0.0,0.0,0.3,0.1,99.6
20191015174034,0.0,0.0,0.0,0.0,0.0,0.2,0.0,99.8
20191015174104,0.0,0.0,0.0,0.0,0.0,0.4,0.1,99.5
20191015174134,0.0,0.0,0.0,0.0,0.0,0.3,0.2,99.5
20191015174204,0.0,0.0,0.0,0.0,0.0,0.0,0.1,99.9
20191015174234,0.0,0.0,0.0,0.0,0.0,0.3,0.4,99.3
20191015174304,0.0,0.0,0.0,0.0,0.0,0.1,0.7,99.2
20191015174334,0.0,0.0,0.0,0.0,0.0,0.0,0.3,99.7
20191015174404,0.0,0.0,0.0,0.0,0.0,0.0,0.3,99.7
20191015174434,0.0,0.0,0.0,0.0,0.0,0.1,1.3,98.6
20191015174504,0.0,0.0,0.0,0.0,0.0,0.2,0.4,99.5
20191015174534,0.0,0.0,0.0,0.0,0.0,0.6,4.5,94.8
20191015174604,0.0,0.0,0.0,0.0,0.0,0.8,2.9,96.2
20191015174634,0.0,0.0,0.0,0.0,0.0,0.2,0.7,99.1
20191015174704,0.0,0.0,0.0,0.0,0.0,0.2,1.5,98.3
20191015174734,0.0,0.0,0.0,0.0,0.0,0.0,0.4,99.6
20191015174804,0.0,0.0,0.0,0.0,0.0,0.1,0.6,99.3
20191015174834,0.0,0.0,0.0,0.0,0.0,0.1,0.4,99.4
20191015174904,0.0,0.0,0.0,0.0,0.0,1.0,2.9,96.0
20191015174934,0.0,0.0,0.0,0.0,0.0,0.2,1.1,98.7
20191015175004,0.0,0.0,0.0,0.0,0.0,1.5,0.6,97.8
20191015175034,0.0,0.0,0.0,0.0,0.0,1.7,1.0,97.2
20191015175104,0.0,0.0,0.0,0.0,0.0,1.0,0.5,98.4
20191015175134,0.0,0.0,0.0,0.0,0.0,1.0,0.9,98.1
20191015175204,0.0,0.0,0.0,0.0,0.0,0.6,4.2,95.2
20191015175234,0.0,0.0,0.0,0.0,0.0,0.6,2.8,96.6
20191015175304,0.0,0.0,0.0,0.0,0.0,0.3,0.9,98.8
20191015175334,0.1,0.0,0.0,0.0,0.0,4.5,3.9,91.6
20191015175404,0.0,0.0,0.0,0.0,0.0,1.5,2.1,96.4
20191015175434,0.1,0.0,0.0,0.0,0.0,2.7,0.9,96.3
20191015175504,0.0,0.0,0.0,0.0,0.0,2.0,0.6,97.4
20191015175534,0.0,0.0,0.0,0.0,0.0,0.5,0.5,99.0
20191015175604,0.0,0.0,0.0,0.0,0.0,0.8,1.2,98.0
20191015175634,0.0,0.0,0.0,0.0,0.0,0.2,0.3,99.5
20191015175704,0.0,0.0,0.0,0.0,0.0,0.5,1.8,97.7
20191015175734,0.0,0.0,0.0,0.0,0.0,1.4,0.9,97.7
20191015175804,0.0,0.0,0.0,0.0,0.0,0.1,0.3,99.5
20191015175834,0.0,0.0,0.0,0.0,0.0,0.2,0.6,99.2
20191015175904,0.0,0.0,0.0,0.0,0.0,0.2,0.9,98.9
20191015175934,0.0,0.0,0.0,0.0,0.0,0.1,0.1,99.8
20191015180004,0.0,0.0,0.0,0.0,0.0,0.0,0.0,100.0
20191015180034,0.0,0.0,0.0,0.0,0.0,0.0,0.1,99.9
20191015180104,0.0,0.0,0.0,0.0,0.0,0.0,0.2,99.8
20191015180134,0.0,0.0,0.0,0.0,0.0,0.2,0.7,99.2
20191015180204,0.0,0.0,0.0,0.0,0.0,0.7,1.6,97.6
20191015180234,0.0,0.0,0.0,0.0,0.0,2.3,1.8,95.9
20191015180304,0.0,0.0,0.0,0.0,0.0,1.6,13.2,85.2
20191015180334,0.0,0.0,0.0,0.0,0.0,0.3,3.0,96.8
20191015180404,0.0,0.0,0.0,0.0,0.0,0.4,4.1,95.5
20191015180434,0.0,0.0,0.0,0.0,0.0,0.8,10.0,89.2
20191015180504,0.0,0.0,0.0,0.0,0.0,0.3,6.4,93.3
20191015180534,0.0,0.0,0.0,0.0,0.0,0.6,3.1,96.2
20191015180604,0.0,0.0,0.0,0.0,0.0,0.6,1.7,97.6
20191015180634,0.0,0.0,0.0,0.0,0.0,0.1,0.9,99.0
20191015180704,0.0,0.0,0.0,0.0,0.0,0.1,0.7,99.2
20191015180734,0.0,0.0,0.0,0.0,0.0,0.3,0.8,98.9
20191015180804,0.0,0.0,0.0,0.0,0.0,1.1,3.7,95.2
20191015180834,0.0,0.0,0.0,0.0,0.0,0.9,1.6,97.5
20191015180904,0.0,0.0,0.0,0.0,0.0,0.3,7.8,91.8
20191015180934,0.0,0.0,0.0,0.0,0.0,0.7,11.1,88.2
20191015181004,0.0,0.0,0.0,0.0,0.0,0.4,0.9,98.7
20191015181034,0.0,0.0,0.0,0.0,0.0,0.4,8.0,91.5
20191015181104,0.0,0.0,0.0,0.0,0.0,0.1,1.1,98.8
20191015181135,0.0,0.0,0.0,0.0,0.0,1.5,3.4,95.0
20191015181205,0.0,0.0,0.0,0.0,0.0,0.0,1.2,98.7
20191015181235,0.0,0.0,0.0,0.0,0.0,0.2,0.6,99.2
20191015181305,0.0,0.0,0.0,0.0,0.1,0.8,7.6,91.6
20191015181335,0.0,0.0,0.0,0.0,0.0,0.0,0.1,99.9
20191015181405,0.0,0.0,0.0,0.0,0.0,0.0,0.2,99.7
20191015181435,0.0,0.0,0.0,0.0,0.0,0.1,0.3,99.6
20191015181505,0.0,0.0,0.0,0.0,0.0,0.2,2.0,97.8
20191015181535,0.0,0.0,0.0,0.0,0.0,0.1,0.2,99.7
20191015181605,0.0,0.0,0.0,0.0,0.0,0.1,0.1,99.9
20191015181635,0.0,0.0,0.0,0.0,0.0,0.1,0.7,99.2
20191015181705,0.0,0.0,0.0,0.0,0.0,0.2,0.1,99.7
20191015181735,0.0,0.0,0.0,0.0,0.0,0.1,0.4,99.5
20191015181805,0.1,0.0,0.0,0.0,0.1,0.8,2.3,96.8
20191015181835,0.0,0.0,0.0,0.0,0.0,0.1,0.4,99.5
20191015181905,0.0,0.0,0.0,0.0,0.0,0.1,0.4,99.5
20191015181935,0.0,0.0,0.0,0.0,0.0,0.0,0.1,99.9
20191015182005,0.0,0.0,0.0,0.0,0.0,0.0,0.2,99.7
20191015182035,0.0,0.0,0.0,0.0,0.0,0.0,0.1,99.9
20191015182105,0.0,0.0,0.0,0.0,0.0,0.0,0.0,100.0
20191015182135,0.0,0.0,0.0,0.0,0.0,0.0,0.0,99.9
20191015182205,0.0,0.0,0.0,0.0,0.0,0.0,0.0,100.0
20191015182235,0.0,0.0,0.0,0.0,0.0,0.1,0.4,99.4
20191015182305,0.0,0.0,0.0,0.0,0.0,0.0,0.1,99.9
20191015182335,0.0,0.0,0.0,0.0,0.0,0.0,0.1,99.9
20191015182405,0.0,0.0,0.0,0.0,0.0,0.1,0.1,99.8
20191015182435,0.0,0.0,0.0,0.0,0.0,0.0,0.1,99.9
20191015182505,0.0,0.0,0.0,0.0,0.0,0.4,0.2,99.4
20191015182535,0.0,0.0,0.0,0.0,0.0,0.2,0.0,99.7
20191015182605,0.0,0.0,0.0,0.0,0.1,0.3,0.3,99.4
20191015182635,0.0,0.0,0.0,0.0,0.1,0.5,0.2,99.3
20191015182705,0.0,0.0,0.0,0.0,0.1,0.4,0.4,99.1
20191015182735,0.0,0.0,0.0,0.0,0.0,0.2,0.2,99.7
20191015182805,0.0,0.0,0.0,0.0,0.1,0.3,0.6,99.1
20191015182835,0.0,0.0,0.0,0.0,0.0,0.2,0.5,99.2
20191015182905,0.0,0.0,0.0,0.0,0.0,0.1,0.4,99.5
20191015182935,0.0,0.0,0.0,0.0,0.0,0.0,0.0,100.0
20191015183005,0.0,0.0,0.0,0.0,0.0,0.0,0.1,99.9
20191015183035,0.0,0.0,0.0,0.0,0.0,0.0,0.0,100.0
20191015183105,0.0,0.0,0.0,0.0,0.0,0.1,0.3,99.6
20191015183135,0.0,0.0,0.0,0.0,0.0,0.1,0.2,99.7
20191015183205,0.0,0.0,0.0,0.0,0.1,0.1,0.3,99.5
20191015183235,0.0,0.0,0.0,0.0,0.0,0.0,0.3,99.7
20191015183305,0.0,0.0,0.0,0.0,0.4,0.3,1.3,97.9
20191015183335,0.0,0.0,0.0,0.0,0.1,0.3,0.5,99.1
20191015183405,0.2,0.0,0.0,0.0,1.9,1.1,3.8,93.0
20191015183435,0.0,0.0,0.0,0.0,0.1,0.2,1.0,98.7
20191015183505,0.0,0.0,0.0,0.0,0.1,0.1,0.2,99.6
20191015183535,0.0,0.0,0.0,0.0,0.0,0.1,0.5,99.4
20191015183605,0.0,0.0,0.0,0.0,0.0,0.1,0.3,99.5
20191015183635,0.0,0.0,0.0,0.0,0.2,0.2,0.6,99.0
20191015183705,0.0,0.0,0.0,0.0,0.0,0.1,0.1,99.8
20191015183735,0.0,0.0,0.0,0.0,0.0,0.1,0.4,99.5
20191015183805,0.0,0.0,0.0,0.0,0.0,0.0,0.2,99.8
20191015183836,0.0,0.0,0.0,0.0,0.0,0.0,0.2,99.7
20191015183906,0.0,0.0,0.0,0.0,0.1,0.0,0.3,99.6
20191015183936,0.0,0.0,0.0,0.0,0.1,0.1,1.3,98.5
20191015184006,0.0,0.0,0.0,0.0,0.1,0.1,0.5,99.4
20191015184036,0.0,0.0,0.0,0.0,0.0,0.0,0.2,99.8
20191015184106,0.0,0.0,0.0,0.0,0.1,0.1,0.2,99.7
20191015184136,0.0,0.0,0.0,0.0,0.1,0.0,0.1,99.8
20191015184206,0.0,0.0,0.0,0.0,0.3,0.0,0.1,99.6
20191015184236,0.0,0.0,0.0,0.0,0.0,0.0,0.2,99.7
20191015184306,0.0,0.0,0.0,0.0,0.0,0.0,0.2,99.8
20191015184336,0.0,0.0,0.0,0.0,0.3,0.4,1.1,98.2
20191015184406,0.0,0.0,0.0,0.0,0.2,0.7,1.1,98.0
20191015184436,0.0,0.0,0.0,0.0,0.3,0.3,1.3,97.9
20191015184506,0.0,0.0,0.0,0.0,0.1,0.1,0.7,99.2
20191015184536,0.0,0.0,0.0,0.0,0.5,0.2,0.9,98.4
20191015184606,0.0,0.0,0.0,0.0,0.7,0.2,2.6,96.6
20191015184636,0.0,0.0,0.0,0.0,0.4,0.3,7.3,92.0
20191015184706,0.0,0.0,0.0,0.0,0.1,0.0,0.3,99.5
20191015184736,0.0,0.0,0.0,0.0,0.0,0.0,0.4,99.5
20191015184806,0.0,0.0,0.0,0.0,0.3,0.1,1.0,98.6
20191015184836,0.0,0.0,0.0,0.0,0.1,0.0,1.5,98.4
20191015184906,0.0,0.0,0.0,0.0,0.1,0.0,1.4,98.4
20191015184936,0.0,0.0,0.0,0.0,0.2,0.0,4.3,95.5
20191015185006,0.0,0.0,0.0,0.0,0.1,0.1,4.1,95.7
20191015185036,0.0,0.0,0.0,0.0,0.5,0.1,6.2,93.2
20191015185106,0.0,0.0,0.0,0.0,0.1,0.1,0.6,99.3
20191015185136,0.0,0.0,0.0,0.0,0.2,0.0,1.8,98.0
20191015185206,0.0,0.0,0.0,0.0,0.4,0.1,1.6,97.9
20191015185236,0.0,0.0,0.0,0.0,0.5,0.1,2.3,97.2
20191015185306,0.0,0.0,0.0,0.0,0.7,0.3,1.2,97.8
20191015185336,0.0,0.0,0.0,0.0,1.8,0.7,9.6,87.9
20191015185406,0.0,0.0,0.0,0.0,0.1,0.1,0.7,99.1
20191015185436,0.0,0.0,0.0,0.0,0.2,0.3,2.5,96.9
20191015185506,0.0,0.0,0.0,0.0,0.2,0.0,0.6,99.2
20191015185536,0.0,0.0,0.0,0.0,0.0,0.0,0.3,99.7
20191015185606,0.0,0.0,0.0,0.0,0.3,0.1,1.2,98.4
20191015185636,0.0,0.0,0.0,0.0,1.8,0.2,3.4,94.5
20191015185706,0.0,0.0,0.0,0.0,0.3,0.1,1.8,97.8
20191015185736,0.0,0.0,0.0,0.0,0.7,0.1,2.0,97.3
20191015185806,0.0,0.0,0.0,0.0,2.1,0.1,3.1,94.7
20191015185836,0.0,0.0,0.0,0.0,0.3,0.0,0.7,99.1
20191015185906,0.0,0.0,0.0,0.0,0.2,0.3,1.8,97.7
20191015185936,0.0,0.0,0.0,0.0,0.2,0.2,1.5,98.1
20191015190006,0.0,0.0,0.0,0.0,0.4,0.1,5.0,94.4
20191015190036,0.0,0.0,0.0,0.0,1.2,0.2,6.7,91.9
20191015190106,0.0,0.0,0.0,0.0,2.7,0.6,20.4,76.3
20191015190136,0.0,0.0,0.0,0.0,3.4,0.4,3.3,92.8
20191015190206,0.1,0.0,0.0,0.0,7.6,0.5,15.0,76.8
20191015190236,0.0,0.0,0.0,0.0,3.5,0.2,1.6,94.6
20191015190306,0.1,0.0,0.0,0.0,3.8,0.2,12.3,83.6
20191015190336,0.0,0.0,0.0,0.0,0.4,0.1,1.1,98.4
20191015190406,0.0,0.0,0.0,0.0,0.3,0.0,0.4,99.3
20191015190436,0.0,0.0,0.0,0.0,0.5,0.0,0.4,99.0
20191015190506,0.0,0.0,0.0,0.0,0.9,0.2,0.6,98.3
20191015190536,0.0,0.0,0.0,0.0,0.2,0.0,0.0,99.7
20191015190606,0.0,0.0,0.0,0.0,0.4,0.1,1.9,97.6
20191015190636,0.0,0.0,0.0,0.0,0.3,0.1,0.3,99.3
20191015190706,0.0,0.0,0.0,0.0,2.3,0.3,2.4,95.0
20191015190736,0.0,0.0,0.0,0.0,4.9,0.0,0.8,94.2
20191015190806,0.0,0.0,0.0,0.0,0.2,0.0,0.4,99.4
20191015190836,0.0,0.0,0.0,0.0,1.1,0.1,3.2,95.5
20191015190906,0.0,0.0,0.0,0.0,0.2,0.0,0.4,99.4
20191015190936,0.0,0.0,0.0,0.0,0.7,0.0,0.3,99.0
20191015191006,0.0,0.0,0.0,0.0,0.0,0.0,0.5,99.4
20191015191036,0.0,0.0,0.0,0.0,0.5,0.1,3.6,95.9
20191015191106,0.0,0.0,0.0,0.0,0.8,0.1,2.1,97.0
20191015191136,0.0,0.0,0.0,0.0,1.2,0.1,5.9,92.8
20191015191206,0.0,0.0,0.0,0.0,1.1,0.3,4.3,94.3
20191015191237,0.1,0.0,0.0,0.0,1.2,0.6,4.8,93.4
20191015191307,0.0,0.0,0.0,0.0,0.9,0.1,2.4,96.5
20191015191337,0.0,0.0,0.0,0.0,0.8,0.1,7.4,91.6
20191015191407,0.0,0.0,0.0,0.0,1.0,0.3,1.4,97.3
20191015191437,0.0,0.0,0.0,0.0,0.4,0.1,2.3,97.3
20191015191507,0.0,0.0,0.0,0.0,1.0,0.1,1.3,97.5
20191015191537,0.0,0.0,0.0,0.0,0.7,0.0,2.9,96.3
20191015191607,0.0,0.0,0.0,0.0,0.5,0.0,0.8,98.7
20191015191637,0.0,0.0,0.0,0.0,0.7,0.1,0.6,98.6
20191015191707,0.0,0.0,0.0,0.0,0.0,0.1,1.9,98.0
20191015191737,0.0,0.0,0.0,0.0,1.0,0.2,1.9,97.0
20191015191807,0.0,0.0,0.0,0.0,0.2,0.0,0.8,98.9
20191015191837,0.0,0.0,0.0,0.0,0.5,0.1,0.6,98.8
20191015191907,0.0,0.0,0.0,0.0,0.1,0.0,0.4,99.5
20191015191937,0.0,0.0,0.0,0.0,0.3,0.1,0.5,99.2
20191015192007,0.0,0.0,0.0,0.0,0.4,0.1,1.2,98.3
20191015192037,0.0,0.0,0.0,0.0,2.5,0.1,15.5,81.8
20191015192107,0.0,0.0,0.0,0.0,0.2,0.1,0.9,98.8
20191015192137,0.0,0.0,0.0,0.0,0.6,0.1,2.3,97.0
20191015192207,0.0,0.0,0.0,0.0,0.8,0.1,1.2,97.9
20191015192237,0.0,0.0,0.0,0.0,0.4,0.0,4.9,94.7
20191015192307,0.0,0.0,0.0,0.0,3.1,1.2,21.2,74.5
20191015192337,0.0,0.0,0.0,0.0,0.1,0.0,1.1,98.7
20191015192407,0.0,0.0,0.0,0.0,0.1,0.0,1.5,98.4
20191015192437,0.0,0.0,0.0,0.0,0.1,0.0,0.8,99.0
20191015192507,0.0,0.0,0.0,0.0,0.3,0.0,1.0,98.6
20191015192537,0.0,0.0,0.0,0.0,0.2,0.0,1.2,98.5
20191015192607,0.0,0.0,0.0,0.0,0.7,0.0,0.2,99.0
20191015192637,0.0,0.0,0.0,0.0,1.0,0.1,0.5,98.5
20191015192707,0.0,0.0,0.0,0.0,0.2,0.0,0.2,99.6
20191015192737,0.0,0.0,0.0,0.0,0.0,0.0,0.0,99.9
20191015192807,0.0,0.0,0.0,0.0,0.2,0.0,0.1,99.8
20191015192837,0.0,0.0,0.0,0.0,0.3,0.1,0.5,99.0
20191015192907,0.0,0.0,0.0,0.0,0.1,0.0,0.4,99.4
20191015192937,0.0,0.0,0.0,0.0,0.1,0.0,0.0,99.9
20191015193007,0.0,0.0,0.0,0.0,0.0,0.0,0.1,99.9
20191015193037,0.0,0.0,0.0,0.0,0.1,0.0,0.1,99.8
20191015193107,0.0,0.0,0.0,0.0,0.1,0.0,0.6,99.3
20191015193137,0.0,0.0,0.0,0.0,0.1,0.0,1.6,98.3
20191015193207,0.0,0.0,0.0,0.0,0.4,0.1,1.3,98.2
20191015193237,0.0,0.0,0.0,0.0,0.3,0.1,5.9,93.6
20191015193307,0.0,0.0,0.0,0.0,0.3,0.0,2.3,97.4
20191015193337,0.0,0.0,0.0,0.0,0.4,0.1,5.0,94.5
20191015193407,0.0,0.0,0.0,0.0,0.1,0.0,2.0,97.8
20191015193437,0.0,0.0,0.0,0.0,0.1,0.0,1.6,98.3
20191015193507,0.0,0.0,0.0,0.0,0.4,0.4,3.3,95.9
20191015193537,0.0,0.0,0.0,0.0,0.2,0.0,0.9,98.9
20191015193607,0.0,0.0,0.0,0.0,0.2,0.1,1.4,98.4
20191015193637,0.0,0.0,0.0,0.0,0.1,0.0,0.4,99.5
20191015193707,0.0,0.0,0.0,0.0,0.0,0.0,0.0,99.9
20191015193737,0.0,0.0,0.0,0.0,0.0,0.0,0.0,100.0
20191015193807,0.0,0.0,0.0,0.0,0.0,0.0,0.0,100.0
20191015193837,0.0,0.0,0.0,0.0,0.0,0.0,0.0,100.0
20191015193907,0.0,0.0,0.0,0.0,0.0,0.0,0.0,100.0
20191015193937,0.0,0.0,0.0,0.0,0.0,0.0,0.0,100.0
20191015194007,0.0,0.0,0.0,0.0,0.0,0.0,0.0,100.0
20191015194037,0.0,0.0,0.0,0.0,0.0,0.0,0.0,100.0
20191015194107,0.0,0.0,0.0,0.0,0.0,0.0,0.0,100.0
20191015194137,0.0,0.0,0.0,0.0,0.0,0.0,0.0,100.0
20191015194207,0.0,0.0,0.0,0.0,0.0,0.0,0.0,100.0
20191015194237,0.0,0.0,0.0,0.0,0.0,0.0,0.0,100.0
20191015194307,0.0,0.0,0.0,0.0,0.0,0.0,0.0,100.0
20191015194337,0.0,0.0,0.0,0.0,0.0,0.0,0.5,99.4
20191015194407,0.0,0.0,0.0,0.0,0.0,0.0,0.5,99.5
20191015194437,0.0,0.0,0.0,0.0,0.0,0.0,0.6,99.4
20191015194507,0.0,0.0,0.0,0.0,0.0,0.0,1.4,98.6
20191015194537,0.0,0.0,0.0,0.0,0.1,0.0,4.8,95.1
20191015194607,0.0,0.0,0.0,0.0,0.2,0.0,38.7,61.0
20191015194637,0.0,0.0,0.0,0.0,0.1,0.0,6.7,93.2
20191015194708,0.0,0.0,0.0,0.0,0.3,0.1,4.2,95.5
20191015194738,0.0,0.0,0.0,0.0,2.2,0.1,32.7,65.0
20191015194808,0.0,0.0,0.0,0.0,0.4,0.1,71.7,27.7
20191015194838,0.0,0.0,0.0,0.0,0.3,0.1,40.8,58.7
20191015194908,0.0,0.0,0.0,0.0,0.7,0.2,27.5,71.6
20191015194938,0.0,0.0,0.0,0.0,2.2,0.3,8.3,89.2
20191015195008,0.0,0.0,0.0,0.0,0.8,0.1,14.5,84.6
20191015195038,0.0,0.0,0.0,0.0,0.2,0.3,3.2,96.3
20191015195108,0.0,0.0,0.0,0.0,0.5,0.2,9.4,89.9
20191015195138,0.0,0.0,0.0,0.0,0.9,1.1,42.7,55.2
20191015195208,0.0,0.0,0.0,0.0,1.0,0.5,14.0,84.6
20191015195238,0.0,0.0,0.0,0.0,0.6,0.3,11.5,87.5
20191015195308,0.0,0.0,0.0,0.0,0.5,0.2,13.5,85.8
20191015195338,0.0,0.0,0.0,0.0,0.3,0.1,4.0,95.6
20191015195408,0.0,0.0,0.0,0.0,0.2,0.1,4.2,95.6
20191015195438,0.0,0.0,0.0,0.0,0.1,0.0,2.8,97.1
20191015195508,0.0,0.0,0.0,0.0,0.2,0.1,7.0,92.6
20191015195538,0.0,0.0,0.0,0.0,0.4,0.1,2.1,97.4
20191015195608,0.0,0.0,0.0,0.0,0.2,0.1,6.0,93.7
20191015195638,0.0,0.0,0.0,0.0,0.2,0.1,18.5,81.2
20191015195708,0.0,0.0,0.0,0.0,0.0,0.0,0.7,99.3
20191015195738,0.0,0.0,0.0,0.0,0.1,0.0,8.9,91.0
20191015195808,0.0,0.0,0.0,0.0,0.3,0.0,3.8,95.8
20191015195838,0.0,0.0,0.0,0.0,0.3,0.0,4.1,95.6
20191015195908,0.0,0.0,0.0,0.0,0.1,0.0,1.5,98.4
20191015195938,0.0,0.0,0.0,0.0,0.3,0.0,1.4,98.3
20191015200008,0.0,0.0,0.0,0.0,0.1,0.0,2.2,97.7
20191015200038,0.0,0.0,0.0,0.0,0.1,0.0,0.9,99.0
20191015200108,0.0,0.0,0.0,0.0,0.1,0.0,1.1,98.9
20191015200138,0.0,0.0,0.0,0.0,0.0,0.0,0.2,99.8
20191015200208,0.0,0.0,0.0,0.0,0.1,0.0,0.5,99.4
20191015200238,0.0,0.0,0.0,0.0,0.0,0.0,0.0,100.0
20191015200308,0.0,0.0,0.0,0.0,0.0,0.0,0.0,99.9
20191015200338,0.0,0.0,0.0,0.0,0.1,0.0,0.1,99.8
20191015200408,0.0,0.0,0.0,0.0,0.0,0.0,0.1,99.8
20191015200438,0.0,0.0,0.0,0.0,0.1,0.0,0.2,99.8
20191015200508,0.0,0.0,0.0,0.0,0.0,0.0,0.2,99.7
20191015200538,0.0,0.0,0.0,0.0,0.1,0.0,1.6,98.3
20191015200608,0.0,0.0,0.0,0.0,0.1,0.0,0.2,99.8
20191015200638,0.0,0.0,0.0,0.0,0.0,0.0,0.1,99.9
20191015200708,0.0,0.0,0.0,0.0,0.0,0.0,0.1,99.9
20191015200738,0.0,0.0,0.0,0.0,0.0,0.0,2.3,97.6
20191015200808,0.0,0.0,0.0,0.0,0.0,0.0,0.2,99.7
20191015200838,0.0,0.0,0.0,0.0,0.0,0.0,1.4,98.5
20191015200908,0.0,0.0,0.0,0.0,0.9,0.1,2.0,97.0
20191015200938,0.0,0.0,0.0,0.0,0.1,0.0,3.6,96.3
20191015201008,0.0,0.0,0.0,0.0,0.2,0.0,4.1,95.6
20191015201038,0.0,0.0,0.0,0.0,0.8,0.9,7.8,90.5
20191015201108,0.0,0.0,0.0,0.0,0.9,0.3,5.8,93.0
20191015201138,0.0,0.0,0.0,0.0,0.3,0.0,0.8,98.9
20191015201208,0.0,0.0,0.0,0.0,0.1,0.0,1.1,98.7
20191015201238,0.0,0.0,0.0,0.0,0.7,0.3,4.5,94.5
20191015201308,0.0,0.0,0.0,0.0,0.2,0.3,1.8,97.7
20191015201338,0.0,0.0,0.0,0.0,0.1,0.0,0.7,99.1
20191015201408,0.0,0.0,0.0,0.0,0.1,0.0,0.8,99.0
20191015201438,0.0,0.0,0.0,0.0,0.0,0.0,0.2,99.8
20191015201508,0.0,0.0,0.0,0.0,0.1,0.1,0.4,99.5
20191015201538,0.0,0.0,0.0,0.0,0.1,0.0,0.8,99.0
20191015201608,0.0,0.0,0.0,0.0,0.0,0.0,0.3,99.7
20191015201638,0.0,0.0,0.0,0.0,0.3,0.1,7.4,92.2
20191015201708,0.0,0.0,0.0,0.0,0.3,0.2,3.2,96.3
20191015201738,0.0,0.0,0.0,0.0,0.8,1.4,49.5,48.3
20191015201808,0.0,0.0,0.0,0.0,1.8,1.6,22.3,74.2
20191015201838,0.0,0.0,0.0,0.0,0.2,0.1,5.4,94.3
20191015201908,0.0,0.0,0.0,0.0,0.5,0.4,7.9,91.3
20191015201938,0.0,0.0,0.0,0.0,0.7,0.3,13.5,85.6
20191015202008,0.0,0.0,0.0,0.0,0.5,0.2,1.8,97.5
20191015202038,0.0,0.0,0.0,0.0,0.4,0.2,19.7,79.7
20191015202108,0.0,0.0,0.0,0.0,0.2,0.1,5.1,94.6
20191015202139,0.0,0.0,0.0,0.0,0.2,0.1,7.0,92.7
20191015202209,0.0,0.0,0.0,0.0,0.2,0.0,2.6,97.1
20191015202239,0.0,0.0,0.0,0.0,0.5,0.1,5.6,93.8
20191015202309,0.0,0.0,0.0,0.0,0.5,0.3,10.1,89.1
20191015202339,0.0,0.0,0.0,0.0,0.8,0.4,6.5,92.3
20191015202409,0.0,0.0,0.0,0.0,0.1,0.0,4.9,95.0
20191015202439,0.0,0.0,0.0,0.0,2.9,0.7,7.9,88.6
20191015202509,0.0,0.0,0.0,0.0,0.7,0.3,14.4,84.6
20191015202539,0.0,0.0,0.0,0.0,2.6,0.8,13.8,82.8
20191015202609,0.0,0.0,0.0,0.0,1.5,0.5,6.9,91.1
20191015202639,0.0,0.0,0.0,0.0,7.1,0.7,34.2,58.0
20191015202709,0.0,0.0,0.0,0.0,1.2,0.1,6.8,92.0
20191015202739,0.0,0.0,0.0,0.0,2.8,1.1,19.5,76.6
20191015202809,0.0,0.0,0.0,0.0,1.1,0.8,32.1,66.0
20191015202839,0.0,0.0,0.0,0.0,1.4,0.4,26.3,71.9
20191015202909,0.0,0.0,0.0,0.0,0.6,0.5,14.4,84.5
20191015202939,0.0,0.0,0.0,0.0,1.0,0.2,29.0,69.8
20191015203009,0.0,0.0,0.0,0.0,3.0,0.6,14.8,81.6
20191015203039,0.0,0.0,0.0,0.0,2.4,0.1,11.6,85.9
20191015203109,0.0,0.0,0.0,0.0,0.3,0.0,2.5,97.2
20191015203139,0.0,0.0,0.0,0.0,0.3,0.1,2.8,96.7
20191015203209,0.0,0.0,0.0,0.0,0.0,0.0,0.4,99.6
20191015203239,0.0,0.0,0.0,0.0,0.1,0.1,2.2,97.7
20191015203309,0.0,0.0,0.0,0.0,0.4,0.2,10.1,89.3
20191015203339,0.0,0.0,0.0,0.0,0.0,0.1,0.4,99.6
20191015203409,0.0,0.0,0.0,0.0,0.3,0.1,7.7,91.8
20191015203439,0.0,0.0,0.0,0.0,0.2,0.2,7.0,92.6
20191015203509,0.0,0.0,0.0,0.0,0.1,0.0,0.5,99.4
20191015203539,0.0,0.0,0.0,0.0,0.0,0.0,0.0,100.0
20191015203609,0.0,0.0,0.0,0.0,0.0,0.0,0.0,100.0
20191015203639,0.0,0.0,0.0,0.0,0.0,0.0,0.0,100.0
20191015203709,0.0,0.0,0.0,0.0,0.0,0.0,0.0,100.0
20191015203739,0.0,0.0,0.0,0.0,0.0,0.0,0.0,100.0
20191015203809,0.0,0.0,0.0,0.0,0.0,0.0,0.0,100.0
20191015203839,0.0,0.0,0.0,0.0,0.1,0.0,0.0,99.9
20191015203909,0.0,0.0,0.0,0.0,0.0,0.0,0.0,100.0
20191015203939,0.0,0.0,0.0,0.0,0.0,0.0,0.0,100.0
20191015204009,0.0,0.0,0.0,0.0,0.1,0.0,0.0,99.9
20191015204039,0.0,0.0,0.0,0.0,0.0,0.0,0.0,100.0
20191015204109,0.0,0.0,0.0,0.0,1.3,0.0,1.8,96.9
20191015204139,0.0,0.0,0.0,0.0,0.0,0.0,0.2,99.8
20191015204209,0.0,0.0,0.0,0.0,0.2,0.0,2.9,97.0
20191015204239,0.0,0.0,0.0,0.0,0.4,0.0,0.9,98.7
20191015204309,0.0,0.0,0.0,0.0,0.0,0.0,1.1,98.8
20191015204339,0.0,0.0,0.0,0.0,0.0,0.0,0.1,99.9
20191015204409,0.0,0.0,0.0,0.0,0.0,0.0,1.9,98.0
20191015204439,0.0,0.0,0.0,0.0,0.1,0.0,0.4,99.5
20191015204509,0.0,0.0,0.0,0.0,0.1,0.0,0.2,99.8
20191015204539,0.0,0.0,0.0,0.0,0.0,0.0,1.0,99.0
20191015204609,0.0,0.0,0.0,0.0,0.0,0.0,0.2,99.7
20191015204639,0.0,0.0,0.0,0.0,0.0,0.0,1.3,98.6
20191015204709,0.0,0.0,0.0,0.0,0.1,0.0,0.2,99.7
20191015204739,0.0,0.0,0.0,0.0,0.0,0.0,0.1,99.9
20191015204809,0.0,0.0,0.0,0.0,0.1,0.0,1.0,98.9
20191015204839,0.0,0.0,0.0,0.0,0.0,0.0,1.0,98.9
20191015204910,0.0,0.0,0.0,0.0,0.0,0.0,0.2,99.7
20191015204940,0.0,0.0,0.0,0.0,0.1,0.0,0.6,99.3
20191015205010,0.0,0.0,0.0,0.0,0.1,0.0,4.3,95.6
20191015205040,0.0,0.0,0.0,0.0,0.1,0.0,0.5,99.4
20191015205110,0.0,0.0,0.0,0.0,0.0,0.0,0.3,99.7
20191015205140,0.0,0.0,0.0,0.0,0.1,0.0,2.1,97.8
20191015205210,0.0,0.0,0.0,0.0,0.0,0.0,0.2,99.7
20191015205240,0.0,0.0,0.0,0.0,0.0,0.0,1.0,99.0
20191015205310,0.0,0.0,0.0,0.0,0.0,0.0,0.1,99.9
20191015205340,0.0,0.0,0.0,0.0,0.0,0.0,0.3,99.7
20191015205410,0.0,0.0,0.0,0.0,0.1,0.0,0.3,99.7
20191015205440,0.0,0.0,0.0,0.0,0.0,0.0,0.2,99.8
20191015205510,0.0,0.0,0.0,0.0,0.1,0.0,0.1,99.8
20191015205540,0.0,0.0,0.0,0.0,0.1,0.0,0.9,99.1
20191015205610,0.0,0.0,0.0,0.0,0.1,0.0,0.5,99.4
20191015205640,0.0,0.0,0.0,0.0,0.4,0.0,1.6,98.0
20191015205710,0.0,0.0,0.0,0.0,0.6,0.0,9.2,90.2
20191015205740,0.0,0.0,0.0,0.0,0.2,0.0,1.4,98.4
20191015205810,0.0,0.0,0.0,0.0,0.6,0.0,14.1,85.2
20191015205840,0.0,0.0,0.0,0.0,3.1,0.0,10.8,86.2
20191015205910,0.0,0.0,0.0,0.0,31.6,0.0,17.3,51.1
20191015205940,0.0,0.0,0.0,0.0,55.2,0.1,28.9,15.8
20191015210010,0.0,0.0,0.0,0.0,3.0,0.1,70.6,26.2
20191015210040,0.0,0.0,0.0,0.0,1.3,0.0,11.3,87.3
20191015210110,0.0,0.0,0.0,0.0,0.1,0.0,2.5,97.4
20191015210140,0.0,0.0,0.0,0.0,0.5,0.1,8.7,90.7
20191015210210,0.0,0.0,0.0,0.0,0.7,0.0,3.3,96.0
20191015210240,0.0,0.0,0.0,0.0,0.8,0.0,13.1,86.1
20191015210310,0.0,0.0,0.0,0.0,0.9,0.1,24.8,74.2
20191015210340,0.0,0.0,0.0,0.0,1.4,0.3,45.1,53.2
20191015210410,0.0,0.0,0.0,0.0,0.2,0.0,6.5,93.3
20191015210440,0.0,0.0,0.0,0.0,3.0,0.0,62.0,35.0
20191015210510,0.0,0.0,0.0,0.0,0.5,0.0,21.5,78.0
20191015210540,0.0,0.0,0.0,0.0,8.9,0.1,64.2,26.8
20191015210610,0.0,0.0,0.0,0.0,0.7,0.1,38.6,60.6
20191015210640,0.0,0.0,0.0,0.0,0.5,0.0,17.5,81.9
20191015210710,0.0,0.0,0.0,0.0,0.2,0.0,46.7,53.1
20191015210740,0.0,0.0,0.0,0.0,1.0,0.2,34.9,64.0
20191015210810,0.0,0.0,0.0,0.0,0.1,0.2,15.5,84.2
20191015210840,0.0,0.0,0.0,0.0,0.4,0.0,37.7,61.9
20191015210910,0.0,0.0,0.0,0.0,92.3,0.0,5.4,2.2
20191015210940,0.0,0.0,0.0,0.0,68.0,0.0,31.4,0.6
20191015211010,0.0,0.0,0.0,0.0,100.0,0.0,0.0,0.0
20191015211040,0.0,0.0,0.0,0.0,100.0,0.0,0.0,0.0
20191015211110,0.1,0.0,0.0,0.0,99.9,0.0,0.0,0.0
20191015211140,0.1,0.0,0.0,0.0,99.6,0.0,0.0,0.3
20191015211210,0.0,0.0,0.0,0.0,99.7,0.0,0.1,0.1
20191015211240,0.0,0.0,0.0,0.0,99.9,0.0,0.0,0.0
20191015211310,0.0,0.0,0.0,0.0,100.0,0.0,0.0,0.0
20191015211340,0.0,0.0,0.0,0.0,100.0,0.0,0.0,0.0
20191015211410,0.0,0.0,0.0,0.0,100.0,0.0,0.0,0.0
20191015211440,0.0,0.0,0.0,0.0,99.9,0.0,0.0,0.1
20191015211510,0.0,0.0,0.0,0.0,100.0,0.0,0.0,0.0
20191015211540,0.0,0.0,0.0,0.0,100.0,0.0,0.0,0.0
20191015211610,0.0,0.0,0.0,0.0,100.0,0.0,0.0,0.0
20191015211640,0.0,0.0,0.0,0.0,100.0,0.0,0.0,0.0
20191015211710,0.0,0.0,0.0,0.0,99.9,0.0,0.0,0.0
20191015211740,0.0,0.0,0.0,0.0,100.0,0.0,0.0,0.0
20191015211810,0.0,0.0,0.0,0.0,100.0,0.0,0.0,0.0
20191015211840,0.0,0.0,0.0,0.0,100.0,0.0,0.0,0.0
20191015211910,0.0,0.0,0.0,0.0,99.9,0.0,0.0,0.0
20191015211940,0.0,0.0,0.0,0.0,100.0,0.0,0.0,0.0
20191015212010,0.0,0.0,0.0,0.0,100.0,0.0,0.0,0.0
20191015212040,0.0,0.0,0.0,0.0,100.0,0.0,0.0,0.0
20191015212110,0.0,0.0,0.0,0.0,100.0,0.0,0.0,0.0
20191015212140,0.0,0.0,0.0,0.0,100.0,0.0,0.0,0.0
20191015212210,0.0,0.0,0.0,0.0,99.5,0.0,0.0,0.4
20191015212240,0.0,0.0,0.0,0.0,99.9,0.0,0.0,0.0
20191015212311,0.0,0.0,0.0,0.0,100.0,0.0,0.0,0.0
20191015212341,0.0,0.0,0.0,0.0,99.9,0.0,0.0,0.1
20191015212411,0.0,0.0,0.0,0.0,99.2,0.0,0.1,0.7
20191015212441,0.0,0.0,0.0,0.0,99.5,0.0,0.2,0.3
20191015212511,0.0,0.0,0.0,0.0,99.6,0.0,0.2,0.2
20191015212541,0.0,0.0,0.0,0.0,99.1,0.0,0.7,0.2
20191015212611,0.0,0.0,0.0,0.0,97.7,0.0,1.2,1.1
20191015212641,0.0,0.0,0.0,0.0,99.6,0.0,0.2,0.2
20191015212711,0.0,0.0,0.0,0.0,98.5,0.0,1.2,0.3
20191015212741,0.0,0.0,0.0,0.0,90.9,0.0,7.2,1.9
20191015212811,0.0,0.0,0.0,0.0,84.9,0.0,14.2,0.8
20191015212841,0.0,0.0,0.0,0.0,66.1,0.0,32.2,1.6
20191015212911,0.0,0.0,0.0,0.0,82.5,0.0,16.8,0.7
20191015212941,0.0,0.0,0.0,0.0,91.8,0.0,6.5,1.7
20191015213011,0.0,0.0,0.0,0.0,93.6,0.0,0.9,5.5
20191015213041,0.0,0.0,0.0,0.0,97.8,0.0,0.1,2.1
20191015213111,0.0,0.0,0.0,0.0,31.1,0.0,0.0,68.9
20191015213141,0.0,0.0,0.0,0.0,4.3,0.0,0.0,95.7
20191015213211,0.0,0.0,0.0,0.0,7.0,0.0,0.0,93.0
20191015213241,0.0,0.0,0.0,0.0,0.1,0.0,0.0,99.9
20191015213311,0.0,0.0,0.0,0.0,0.2,0.0,0.0,99.8
20191015213341,0.0,0.0,0.0,0.0,0.2,0.0,0.0,99.8
20191015213411,0.0,0.0,0.0,0.0,2.1,0.0,0.0,97.9
20191015213441,0.0,0.0,0.0,0.0,0.4,0.0,0.0,99.6
20191015213511,0.0,0.0,0.0,0.0,0.1,0.0,0.0,99.9
20191015213541,0.0,0.0,0.0,0.0,0.0,0.0,0.0,100.0
20191015213611,0.0,0.0,0.0,0.0,0.0,0.0,0.0,100.0
20191015213641,0.0,0.0,0.0,0.0,0.0,0.0,0.0,100.0
20191015213711,0.0,0.0,0.0,0.0,0.1,0.0,0.0,99.9
20191015213741,0.0,0.0,0.0,0.0,1.1,0.0,0.0,98.9
20191015213811,0.0,0.0,0.0,0.0,0.0,0.0,0.0,100.0
20191015213841,0.0,0.0,0.0,0.0,0.0,0.0,0.1,99.9
20191015213911,0.0,0.0,0.0,0.0,0.0,0.0,0.8,99.2
20191015213941,0.0,0.0,0.0,0.0,0.0,0.0,1.2,98.8
20191015214011,0.0,0.0,0.0,0.0,0.6,0.0,8.5,90.9
20191015214041,0.0,0.0,0.0,0.0,0.1,0.0,8.9,91.0
20191015214111,0.0,0.0,0.0,0.0,0.0,0.0,0.3,99.7
20191015214141,0.0,0.0,0.0,0.0,0.5,0.0,0.6,98.8
20191015214211,0.0,0.0,0.0,0.0,0.2,0.0,11.0,88.7
20191015214241,0.0,0.0,0.0,0.0,0.1,0.0,4.5,95.4
20191015214311,0.0,0.0,0.0,0.0,0.1,0.0,2.7,97.2
20191015214341,0.0,0.0,0.0,0.0,0.1,0.0,5.1,94.8
20191015214411,0.0,0.0,0.0,0.0,0.1,0.0,3.6,96.3
20191015214441,0.0,0.0,0.0,0.0,0.4,0.0,5.4,94.3
20191015214511,0.0,0.0,0.0,0.0,1.3,0.0,9.7,89.1
20191015214541,0.0,0.0,0.0,0.0,0.5,0.0,4.6,94.9
20191015214611,0.0,0.0,0.0,0.0,2.7,0.0,6.9,90.4
20191015214641,0.0,0.0,0.0,0.0,4.8,0.0,1.4,93.8
20191015214711,0.0,0.0,0.0,0.0,9.9,0.0,2.9,87.2
20191015214741,0.0,0.0,0.0,0.0,22.9,0.0,6.8,70.3
20191015214811,0.0,0.0,0.0,0.0,0.2,0.0,0.9,98.8
20191015214841,0.0,0.0,0.0,0.0,0.2,0.0,6.2,93.5
20191015214911,0.0,0.0,0.0,0.0,0.1,0.0,0.6,99.3
20191015214941,0.0,0.0,0.0,0.0,0.0,0.0,9.6,90.3
20191015215011,0.0,0.0,0.0,0.0,0.0,0.0,1.6,98.4
20191015215041,0.0,0.0,0.0,0.0,0.1,0.0,11.5,88.4
20191015215111,0.0,0.0,0.0,0.0,1.0,0.0,17.4,81.5
20191015215141,0.0,0.0,0.0,0.0,0.2,0.0,3.0,96.8
20191015215211,0.0,0.0,0.0,0.0,0.3,0.0,6.9,92.8
20191015215241,0.0,0.0,0.0,0.0,0.6,0.0,5.9,93.5
20191015215311,0.0,0.0,0.0,0.0,0.1,0.0,10.0,89.9
20191015215341,0.0,0.0,0.0,0.0,0.1,0.0,0.4,99.5
20191015215411,0.0,0.0,0.0,0.0,0.3,0.0,2.2,97.5
20191015215441,0.0,0.0,0.0,0.0,0.1,0.0,7.6,92.3
20191015215511,0.0,0.0,0.0,0.0,0.3,0.0,24.7,75.1
20191015215541,0.0,0.0,0.0,0.0,0.1,0.0,1.9,98.0
20191015215611,0.0,0.0,0.0,0.0,0.2,0.0,4.7,95.1
20191015215641,0.0,0.0,0.0,0.0,0.2,0.0,17.4,82.4
20191015215712,0.0,0.0,0.0,0.0,0.0,0.0,34.8,65.1
20191015215742,0.0,0.0,0.0,0.0,0.2,0.1,38.7,61.1
20191015215812,0.0,0.0,0.0,0.0,0.0,0.0,13.1,86.8
20191015215842,0.0,0.0,0.0,0.0,0.0,0.0,13.7,86.2
20191015215912,0.0,0.0,0.0,0.0,0.0,0.0,3.6,96.4
20191015215942,0.0,0.0,0.0,0.0,0.0,0.0,14.0,86.0
20191015220012,0.0,0.0,0.0,0.0,0.0,0.0,12.8,87.2
20191015220042,0.0,0.0,0.0,0.0,0.0,0.0,6.9,93.1
20191015220112,0.0,0.0,0.0,0.0,0.1,0.0,2.5,97.5
20191015220142,0.0,0.0,0.0,0.0,0.1,0.0,2.5,97.5
20191015220212,0.0,0.0,0.0,0.0,0.1,0.0,5.6,94.3
20191015220242,0.0,0.0,0.0,0.0,0.1,0.0,8.0,91.9
20191015220312,0.0,0.0,0.0,0.0,0.1,0.0,2.6,97.3
20191015220342,0.0,0.0,0.0,0.0,0.0,0.0,0.8,99.1
20191015220412,0.0,0.0,0.0,0.0,0.0,0.0,0.2,99.7
20191015220442,0.0,0.0,0.0,0.0,0.0,0.0,5.3,94.7
20191015220512,0.0,0.0,0.0,0.0,0.0,0.0,1.7,98.3
20191015220542,0.0,0.0,0.0,0.0,0.1,0.0,10.6,89.3
20191015220612,0.0,0.0,0.0,0.0,0.0,0.0,1.2,98.8
20191015220642,0.0,0.0,0.0,0.0,0.0,0.0,11.7,88.2
20191015220712,0.0,0.0,0.0,0.0,0.0,0.0,0.9,99.1
20191015220742,0.0,0.0,0.0,0.0,0.0,0.0,2.1,97.9
20191015220812,0.0,0.0,0.0,0.0,0.1,0.0,8.1,91.8
20191015220842,0.0,0.0,0.0,0.0,0.0,0.0,2.9,97.0
20191015220912,0.0,0.0,0.0,0.0,0.0,0.0,4.6,95.4
20191015220942,0.0,0.0,0.0,0.0,0.0,0.0,4.5,95.5
20191015221012,0.0,0.0,0.0,0.0,0.0,0.0,0.3,99.7
20191015221042,0.0,0.0,0.0,0.0,0.0,0.0,13.9,86.1
20191015221112,0.0,0.0,0.0,0.0,0.0,0.0,25.5,74.5
20191015221142,0.0,0.0,0.0,0.0,0.0,0.0,10.7,89.3
20191015221212,0.0,0.0,0.0,0.0,0.0,0.0,0.7,99.3
20191015221242,0.0,0.0,0.0,0.0,0.0,0.0,3.0,97.0
20191015221312,0.0,0.0,0.0,0.0,0.0,0.0,0.9,99.0
20191015221342,0.0,0.0,0.0,0.0,0.0,0.0,16.7,83.3
20191015221412,0.0,0.0,0.0,0.0,0.0,0.0,27.2,72.8
20191015221442,0.0,0.0,0.0,0.0,0.0,0.0,18.4,81.6
20191015221512,0.0,0.0,0.0,0.0,0.0,0.0,4.0,95.9
20191015221542,0.0,0.0,0.0,0.0,0.0,0.0,0.9,99.1
20191015221612,0.0,0.0,0.0,0.0,0.0,0.0,2.6,97.4
20191015221642,0.0,0.0,0.0,0.0,0.0,0.0,21.7,78.3
20191015221712,0.0,0.0,0.0,0.0,0.0,0.0,2.1,97.9
20191015221742,0.0,0.0,0.0,0.0,0.0,0.0,2.0,98.0
20191015221812,0.0,0.0,0.0,0.0,0.0,0.0,2.9,97.1
20191015221842,0.0,0.0,0.0,0.0,0.0,0.0,2.6,97.4
20191015221912,0.0,0.0,0.0,0.0,0.0,0.0,0.9,99.1
20191015221942,0.0,0.0,0.0,0.0,0.1,0.0,8.2,91.8
20191015222012,0.0,0.0,0.0,0.0,0.0,0.0,22.1,77.8
20191015222042,0.0,0.0,0.0,0.0,0.1,0.0,0.9,99.0
20191015222112,0.0,0.0,0.0,0.0,0.0,0.0,1.1,98.9
20191015222142,0.0,0.0,0.0,0.0,0.1,0.0,2.4,97.5
20191015222212,0.0,0.0,0.0,0.0,0.0,0.0,1.0,99.0
20191015222242,0.0,0.0,0.0,0.0,0.0,0.0,1.7,98.3
20191015222312,0.0,0.0,0.0,0.0,0.0,0.0,7.6,92.3
20191015222342,0.0,0.0,0.0,0.0,0.1,0.0,14.3,85.6
20191015222412,0.0,0.0,0.0,0.0,0.1,0.0,21.8,78.1
20191015222443,0.0,0.0,0.0,0.0,0.1,0.1,29.1,70.8
20191015222513,0.0,0.0,0.0,0.0,0.1,0.0,16.6,83.3
20191015222543,0.0,0.0,0.0,0.0,0.0,0.0,18.9,81.0
20191015222613,0.0,0.0,0.0,0.0,0.1,0.1,54.2,45.7
20191015222643,0.0,0.0,0.0,0.0,0.1,0.0,7.8,92.1
20191015222713,0.0,0.0,0.0,0.0,0.4,0.0,4.8,94.8
20191015222743,0.0,0.0,0.0,0.0,0.4,0.0,0.5,99.0
20191015222813,0.0,0.0,0.0,0.0,0.1,0.0,0.2,99.8
20191015222843,0.0,0.0,0.0,0.0,0.8,0.0,0.1,99.2
20191015222913,0.0,0.0,0.0,0.0,1.9,0.0,0.1,97.9
20191015222943,0.0,0.0,0.0,0.0,1.0,0.0,0.1,98.9
20191015223013,0.0,0.0,0.0,0.0,6.0,0.0,0.3,93.7
20191015223043,0.0,0.0,0.0,0.0,3.4,0.0,0.3,96.3
20191015223113,0.0,0.0,0.0,0.0,1.4,0.0,0.1,98.5
20191015223143,0.0,0.0,0.0,0.0,1.2,0.0,0.0,98.8
20191015223213,0.0,0.0,0.0,0.0,94.7,0.0,0.1,5.2
20191015223243,0.0,0.0,0.0,0.0,8.5,0.0,0.6,90.8
20191015223313,0.0,0.0,0.0,0.0,0.4,0.0,0.0,99.5
20191015223343,0.0,0.0,0.0,0.0,0.5,0.0,0.3,99.2
20191015223413,0.0,0.0,0.0,0.0,0.9,0.0,0.2,98.9
20191015223443,0.0,0.0,0.0,0.0,0.4,0.0,0.1,99.6
20191015223513,0.0,0.0,0.0,0.0,1.1,0.0,0.4,98.4
20191015223543,0.0,0.0,0.0,0.0,3.3,0.0,0.0,96.7
20191015223613,0.0,0.0,0.0,0.0,1.0,0.0,0.0,99.0
20191015223643,0.0,0.0,0.0,0.0,0.2,0.0,0.0,99.7
20191015223713,0.0,0.0,0.0,0.0,0.6,0.0,0.1,99.3
20191015223743,0.0,0.0,0.0,0.0,0.2,0.0,0.2,99.6
20191015223813,0.0,0.0,0.0,0.0,0.9,0.0,0.1,99.1
20191015223843,0.0,0.0,0.0,0.0,12.1,0.0,1.3,86.6
20191015223913,0.0,0.0,0.0,0.0,1.4,0.0,0.0,98.6
20191015223943,0.0,0.0,0.0,0.0,4.1,0.0,0.3,95.5
20191015224013,0.0,0.0,0.0,0.0,1.9,0.0,0.1,98.1
20191015224043,0.0,0.0,0.0,0.0,0.2,0.0,0.0,99.8
20191015224113,0.0,0.0,0.0,0.0,0.5,0.0,0.1,99.4
20191015224143,0.0,0.0,0.0,0.0,0.1,0.0,0.1,99.9
20191015224213,0.0,0.0,0.0,0.0,0.3,0.0,0.1,99.6
20191015224243,0.0,0.0,0.0,0.0,1.2,0.0,0.5,98.3
20191015224313,0.0,0.0,0.0,0.0,0.4,0.0,0.2,99.5
20191015224343,0.0,0.0,0.0,0.0,0.1,0.0,0.0,99.9
