UT,arc,discrete,diffuse,ac,ab,clear,cloudy,dd
20190116135800,0.0,0.0,0.0,0.0,0.0,0.0,0.0,100.0
20190116135830,0.0,0.0,0.0,0.0,0.0,0.0,0.0,100.0
20190116135900,0.0,0.0,0.0,0.0,0.0,0.0,0.0,100.0
20190116135930,0.0,0.0,0.0,0.0,0.0,0.0,0.0,100.0
20190116140000,0.0,0.0,0.0,0.0,0.0,0.0,0.0,100.0
20190116140030,0.0,0.0,0.0,0.0,0.0,0.0,0.0,100.0
20190116140100,0.0,0.0,0.0,0.0,0.0,0.0,0.0,100.0
20190116140130,0.0,0.0,0.0,0.0,0.0,0.0,0.0,100.0
20190116140200,0.0,0.0,0.0,0.0,0.0,0.0,0.0,100.0
20190116140230,0.0,0.0,0.0,0.0,0.0,0.0,0.0,100.0
20190116140300,0.0,0.0,0.0,0.0,0.0,0.0,0.0,100.0
20190116140330,0.0,0.0,0.0,0.0,0.0,0.0,0.0,100.0
20190116140400,0.0,0.0,0.0,0.0,0.0,0.0,0.0,100.0
20190116140430,0.0,0.0,0.0,0.0,0.0,0.0,0.0,100.0
20190116140500,0.0,0.0,0.0,0.0,0.0,0.0,0.0,100.0
20190116140530,0.0,0.0,0.0,0.0,0.0,0.0,0.0,100.0
20190116140600,0.0,0.0,0.0,0.0,0.0,0.0,0.0,100.0
20190116140630,0.0,0.0,0.0,0.0,0.0,0.0,0.0,100.0
20190116140700,0.0,0.0,0.0,0.0,0.0,0.0,0.0,100.0
20190116140730,0.0,0.0,0.0,0.0,0.0,0.0,0.0,100.0
20190116140800,0.0,0.0,0.0,0.0,0.0,0.0,0.0,100.0
20190116140830,0.0,0.0,0.0,0.0,0.0,0.0,0.0,100.0
20190116140900,0.0,0.0,0.0,0.0,0.0,0.0,0.0,100.0
20190116140930,0.0,0.0,0.0,0.0,0.0,0.0,0.0,100.0
20190116141000,0.0,0.0,0.0,0.0,0.0,0.0,0.0,100.0
20190116141030,0.0,0.0,0.0,0.0,0.0,0.0,0.0,100.0
20190116141100,0.0,0.0,0.0,0.0,0.0,0.0,0.0,100.0
20190116141130,0.0,0.0,0.0,0.0,0.0,0.0,0.0,100.0
20190116141200,0.0,0.0,0.0,0.0,0.0,0.0,0.0,100.0
20190116141230,0.0,0.0,0.0,0.0,0.0,0.0,0.0,100.0
20190116141300,0.0,0.0,0.0,0.0,0.0,0.0,0.0,100.0
20190116141330,0.0,0.0,0.0,0.0,0.0,0.0,0.0,100.0
20190116141401,0.0,0.0,0.0,0.0,0.0,0.0,0.0,100.0
20190116141431,0.0,0.0,0.0,0.0,0.0,0.0,0.0,100.0
20190116141501,0.0,0.0,0.0,0.0,0.0,0.0,0.0,100.0
20190116141531,0.0,0.0,0.0,0.0,0.0,0.0,0.0,100.0
20190116141601,0.0,0.0,0.0,0.0,0.0,0.0,0.0,100.0
20190116141631,0.0,0.0,0.0,0.0,0.0,0.0,0.0,100.0
20190116141701,0.0,0.0,0.0,0.0,0.0,0.0,0.0,100.0
20190116141731,0.0,0.0,0.0,0.0,0.0,0.0,0.0,100.0
20190116141801,0.0,0.0,0.0,0.0,0.0,0.0,0.0,100.0
20190116141831,0.0,0.0,0.0,0.0,0.0,0.0,0.0,100.0
20190116141901,0.0,0.0,0.0,0.0,0.0,0.0,0.0,100.0
20190116141931,0.0,0.0,0.0,0.0,0.0,0.0,0.0,100.0
20190116142001,0.0,0.0,0.0,0.0,0.0,0.0,0.0,100.0
20190116142031,0.0,0.0,0.0,0.0,0.0,0.0,0.0,100.0
20190116142101,0.0,0.0,0.0,0.0,0.0,0.0,0.0,100.0
20190116142131,0.0,0.0,0.0,0.0,0.0,0.0,0.0,100.0
20190116142201,0.0,0.0,0.0,0.0,0.0,0.0,0.0,100.0
20190116142231,0.0,0.0,0.0,0.0,0.0,0.0,0.0,100.0
20190116142301,0.0,0.0,0.0,0.0,0.0,0.0,0.0,100.0
20190116142331,0.0,0.0,0.0,0.0,0.0,0.0,0.0,100.0
20190116142401,0.0,0.0,0.0,0.0,0.0,0.0,0.0,100.0
20190116142431,0.0,0.0,0.0,0.0,0.0,0.0,0.0,100.0
20190116142501,0.0,0.0,0.0,0.0,0.0,0.0,0.0,100.0
20190116142531,0.0,0.0,0.0,0.0,0.0,0.0,0.0,100.0
20190116142601,0.0,0.0,0.0,0.0,0.0,0.0,0.0,100.0
20190116142631,0.0,0.0,0.0,0.0,0.0,0.0,0.0,100.0
20190116142701,0.0,0.0,0.0,0.0,0.0,0.0,0.0,100.0
20190116142731,0.0,0.0,0.0,0.0,0.0,0.0,0.0,100.0
20190116142801,0.0,0.0,0.0,0.0,0.0,0.0,0.0,100.0
20190116142831,0.0,0.0,0.0,0.0,0.0,0.0,0.0,100.0
20190116142901,0.0,0.0,0.0,0.0,0.0,0.0,0.0,100.0
20190116142931,0.0,0.0,0.0,0.0,0.0,0.0,0.0,100.0
20190116143001,0.0,0.0,0.0,0.0,0.0,0.0,0.0,100.0
20190116143031,0.0,0.0,0.0,0.0,0.0,0.0,0.0,100.0
20190116143101,0.0,0.0,0.0,0.0,0.0,0.0,0.0,100.0
20190116143131,0.0,0.0,0.0,0.0,0.0,0.0,0.0,100.0
20190116143201,0.0,0.0,0.0,0.0,0.0,0.0,0.0,100.0
20190116143231,0.0,0.0,0.0,0.0,0.0,0.0,0.0,100.0
20190116143301,0.0,0.0,0.0,0.0,0.0,0.0,0.0,100.0
20190116143331,0.0,0.0,0.0,0.0,0.0,0.0,0.0,100.0
20190116143401,0.0,0.0,0.0,0.0,0.0,0.0,0.0,100.0
20190116143431,0.0,0.0,0.0,0.0,0.0,0.0,0.0,100.0
20190116143501,0.0,0.0,0.0,0.0,0.0,0.0,0.0,100.0
20190116143531,0.0,0.0,0.0,0.0,0.0,0.0,0.0,100.0
20190116143601,0.0,0.0,0.0,0.0,0.0,0.0,0.0,100.0
20190116143631,0.0,0.0,0.0,0.0,0.0,0.0,0.0,100.0
20190116143701,0.0,0.0,0.0,0.0,0.0,0.0,0.0,100.0
20190116143731,0.0,0.0,0.0,0.0,0.0,0.0,0.0,100.0
20190116143801,0.0,0.0,0.0,0.0,0.0,0.0,0.0,100.0
20190116143831,0.0,0.0,0.0,0.0,0.0,0.0,0.0,100.0
20190116143901,0.0,0.0,0.0,0.0,0.0,0.0,0.0,100.0
20190116143931,0.0,0.0,0.0,0.0,0.0,0.0,0.0,100.0
20190116144001,0.0,0.0,0.0,0.0,0.0,0.0,0.0,100.0
20190116144031,0.0,0.0,0.0,0.0,0.0,0.0,0.0,100.0
20190116144102,0.0,0.0,0.0,0.0,0.0,0.0,0.0,100.0
20190116144132,0.0,0.0,0.0,0.0,0.0,0.0,0.0,100.0
20190116144202,0.0,0.0,0.0,0.0,0.0,0.0,0.0,100.0
20190116144232,0.0,0.0,0.0,0.0,0.0,0.0,0.0,100.0
20190116144302,0.0,0.0,0.0,0.0,0.0,0.0,0.0,100.0
20190116144332,0.0,0.0,0.0,0.0,0.0,0.0,0.0,100.0
20190116144402,0.0,0.0,0.0,0.0,0.0,0.0,0.0,100.0
20190116144432,0.0,0.0,0.0,0.0,0.0,0.0,0.0,100.0
20190116144502,0.0,0.0,0.0,0.0,0.0,0.0,0.0,100.0
20190116144532,0.0,0.0,0.0,0.0,0.0,0.0,0.0,100.0
20190116144602,0.0,0.0,0.0,0.0,0.0,0.0,0.0,100.0
20190116144632,0.0,0.0,0.0,0.0,0.0,0.0,0.0,100.0
20190116144702,0.0,0.0,0.0,0.0,0.1,0.0,0.0,99.9
20190116144732,0.0,0.0,0.0,0.0,0.0,0.0,0.0,100.0
20190116144802,0.0,0.0,0.0,0.0,0.0,0.0,0.0,100.0
20190116144832,0.0,0.0,0.0,0.0,0.0,0.0,0.0,100.0
20190116144902,0.0,0.0,0.0,0.0,0.0,0.0,0.0,100.0
20190116144932,0.0,0.0,0.0,0.0,0.0,0.0,0.0,100.0
20190116145002,0.0,0.0,0.0,0.0,0.0,0.0,0.0,100.0
20190116145032,0.0,0.0,0.0,0.0,0.0,0.0,0.1,99.9
20190116145102,0.0,0.0,0.0,0.0,0.0,0.0,0.0,100.0
20190116145132,0.0,0.0,0.0,0.0,0.0,0.0,0.1,99.8
20190116145202,0.0,0.0,0.0,0.0,0.0,0.0,0.3,99.7
20190116145232,0.0,0.0,0.0,0.0,0.0,0.0,0.2,99.7
20190116145302,0.0,0.0,0.0,0.0,0.0,0.0,0.1,99.9
20190116145332,0.0,0.0,0.0,0.0,0.0,0.0,0.2,99.8
20190116145402,0.0,0.0,0.0,0.0,0.0,0.0,0.2,99.7
20190116145432,0.0,0.0,0.0,0.0,0.0,0.0,0.3,99.7
20190116145502,0.0,0.0,0.0,0.0,0.0,0.0,0.1,99.9
20190116145532,0.0,0.0,0.0,0.0,0.0,0.0,0.4,99.6
20190116145602,0.0,0.0,0.0,0.0,0.0,0.0,1.9,98.1
20190116145632,0.0,0.0,0.0,0.0,0.0,0.0,0.3,99.7
20190116145702,0.0,0.0,0.0,0.0,0.0,0.0,0.8,99.2
20190116145732,0.0,0.0,0.0,0.0,0.0,0.0,1.6,98.4
20190116145932,0.0,0.0,0.0,0.0,1.9,0.0,0.0,98.0
20190116150002,0.0,0.0,0.0,0.0,0.8,0.0,0.0,99.2
20190116150032,0.0,0.0,0.0,0.0,1.2,0.0,0.0,98.7
20190116150102,0.0,0.0,0.0,0.0,1.6,0.0,0.1,98.3
20190116150132,0.0,0.0,0.0,0.0,1.1,0.0,0.1,98.8
20190116150202,0.0,0.0,0.0,0.0,1.4,0.0,0.1,98.5
20190116150232,0.0,0.0,0.0,0.1,1.6,0.0,0.1,98.3
20190116150302,0.0,0.0,0.0,0.1,1.6,0.0,0.0,98.3
20190116150332,0.0,0.0,0.0,0.0,0.9,0.0,0.0,99.1
20190116150402,0.0,0.0,0.0,0.0,0.2,0.0,0.0,99.8
20190116150432,0.0,0.0,0.0,0.0,0.0,0.0,0.0,100.0
20190116150502,0.0,0.0,0.0,0.0,0.8,0.0,0.0,99.2
20190116150532,0.0,0.0,0.0,0.0,0.3,0.0,0.0,99.7
20190116150602,0.0,0.0,0.0,0.0,0.0,0.0,0.0,100.0
20190116150632,0.0,0.0,0.0,0.0,0.0,0.0,0.0,100.0
20190116150702,0.0,0.0,0.0,0.0,0.0,0.0,0.0,100.0
20190116150732,0.0,0.0,0.0,0.0,0.0,0.0,0.0,100.0
20190116150802,0.0,0.0,0.0,0.0,0.0,0.0,0.0,100.0
20190116150832,0.0,0.0,0.0,0.0,0.0,0.0,0.0,100.0
20190116150902,0.0,0.0,0.0,0.0,0.0,0.0,0.0,100.0
20190116150932,0.0,0.0,0.0,0.0,0.0,0.0,0.0,100.0
20190116151002,0.0,0.0,0.0,0.0,0.0,0.0,0.0,100.0
20190116151032,0.0,0.0,0.0,0.0,0.0,0.0,0.0,100.0
20190116151102,0.0,0.0,0.0,0.0,0.0,0.0,0.0,100.0
20190116151132,0.0,0.0,0.0,0.0,0.0,0.0,0.0,100.0
20190116151202,0.0,0.0,0.0,0.0,0.0,0.0,0.0,100.0
20190116151232,0.0,0.0,0.0,0.0,0.0,0.0,0.0,100.0
20190116151302,0.0,0.0,0.0,0.0,0.0,0.0,0.0,100.0
20190116151332,0.0,0.0,0.0,0.0,0.0,0.0,0.0,100.0
20190116151402,0.0,0.0,0.0,0.0,0.0,0.0,0.0,100.0
20190116151432,0.0,0.0,0.0,0.0,0.0,0.0,0.0,100.0
20190116151502,0.0,0.0,0.0,0.0,0.0,0.0,0.0,100.0
20190116151533,0.0,0.0,0.0,0.0,0.0,0.0,0.0,100.0
20190116151603,0.0,0.0,0.0,0.0,0.0,0.0,0.0,99.9
20190116151633,0.0,0.0,0.0,0.0,0.0,0.0,0.0,99.9
20190116151703,0.0,0.0,0.0,0.0,0.2,0.0,0.1,99.7
20190116151733,0.0,0.0,0.0,0.0,0.0,0.0,0.0,100.0
20190116151803,0.0,0.0,0.0,0.0,0.0,0.0,0.0,100.0
20190116151833,0.0,0.0,0.0,0.0,0.1,0.0,0.1,99.8
20190116151903,0.0,0.0,0.0,0.0,0.0,0.0,0.1,99.9
20190116151933,0.0,0.0,0.0,0.0,0.0,0.0,0.0,99.9
20190116152003,0.0,0.0,0.0,0.0,0.2,0.0,0.1,99.7
20190116152033,0.0,0.0,0.0,0.0,0.0,0.0,0.0,99.9
20190116152103,0.0,0.0,0.0,0.0,0.1,0.0,0.1,99.9
20190116152133,0.0,0.0,0.0,0.0,0.1,0.0,0.3,99.6
20190116152203,0.0,0.0,0.0,0.0,0.3,0.0,1.3,98.4
20190116152233,0.0,0.0,0.0,0.0,0.6,0.0,1.9,97.4
20190116152303,0.0,0.0,0.0,0.0,0.1,0.0,0.7,99.2
20190116152333,0.0,0.0,0.0,0.0,0.1,0.0,0.7,99.2
20190116152403,0.0,0.0,0.0,0.0,0.2,0.0,2.2,97.5
20190116152433,0.0,0.0,0.0,0.0,0.2,0.0,2.3,97.5
20190116152503,0.0,0.0,0.0,0.1,0.2,0.0,21.6,78.1
20190116152533,0.0,0.0,0.0,0.0,0.3,0.0,3.0,96.6
20190116152603,0.0,0.0,0.0,0.0,0.2,0.0,2.7,97.0
20190116152633,0.0,0.0,0.0,0.0,0.1,0.0,1.3,98.6
20190116152703,0.0,0.0,0.0,0.1,0.4,0.0,7.0,92.5
20190116152733,0.0,0.0,0.0,0.1,0.4,0.0,18.2,81.3
20190116152803,0.0,0.0,0.0,0.0,0.3,0.0,6.2,93.4
20190116152833,0.0,0.0,0.0,0.0,0.2,0.0,11.7,88.1
20190116152903,0.0,0.0,0.0,0.1,0.1,0.0,10.7,89.2
20190116152933,0.0,0.0,0.0,0.0,0.0,0.0,6.8,93.1
20190116153003,0.0,0.0,0.0,0.0,0.0,0.0,22.9,77.0
20190116153033,0.0,0.0,0.0,0.1,0.2,0.0,20.2,79.6
20190116153103,0.0,0.0,0.0,0.0,0.0,0.0,33.9,66.0
20190116153133,0.0,0.0,0.0,0.2,0.2,0.0,48.9,50.8
20190116153203,0.0,0.0,0.0,0.0,0.1,0.0,22.0,77.9
20190116153233,0.0,0.0,0.0,0.0,0.0,0.0,14.5,85.4
20190116153303,0.0,0.0,0.0,0.0,0.0,0.0,16.5,83.5
20190116153333,0.0,0.0,0.0,0.1,0.0,0.0,41.8,58.0
20190116153403,0.0,0.0,0.0,0.1,0.0,0.0,25.0,74.9
20190116153433,0.0,0.0,0.0,0.1,0.1,0.0,28.0,71.9
20190116153503,0.0,0.0,0.0,0.1,0.0,0.0,25.6,74.3
20190116153533,0.0,0.0,0.0,0.1,0.0,0.0,59.2,40.6
20190116153603,0.0,0.0,0.0,0.3,0.1,0.0,55.4,44.2
20190116153633,0.0,0.0,0.0,0.1,0.3,0.0,30.1,69.5
20190116153703,0.0,0.0,0.0,0.1,0.3,0.0,62.9,36.7
20190116153733,0.0,0.0,0.0,0.0,0.0,0.0,22.7,77.2
20190116153803,0.0,0.0,0.0,0.1,0.2,0.0,74.9,24.9
20190116153833,0.0,0.0,0.0,0.1,0.1,0.0,40.0,59.7
20190116153903,0.0,0.0,0.0,0.2,0.2,0.0,79.4,20.2
20190116153933,0.0,0.0,0.0,0.1,0.1,0.0,90.8,9.0
20190116154003,0.0,0.0,0.0,0.1,0.2,0.0,61.9,37.8
20190116154033,0.0,0.0,0.0,0.2,0.4,0.0,74.4,25.0
20190116154103,0.0,0.0,0.0,0.1,0.1,0.0,79.9,19.9
20190116154133,0.0,0.0,0.0,0.4,0.2,0.0,65.8,33.6
20190116154203,0.0,0.0,0.0,0.2,0.2,0.0,55.9,43.6
20190116154233,0.0,0.0,0.0,0.1,0.1,0.0,76.1,23.7
20190116154303,0.0,0.0,0.0,0.1,0.1,0.0,55.5,44.3
20190116154333,0.0,0.0,0.0,0.1,0.0,0.0,74.1,25.8
20190116154403,0.0,0.0,0.0,0.1,0.1,0.0,81.2,18.6
20190116154433,0.0,0.0,0.0,0.1,0.0,0.0,83.5,16.4
20190116154503,0.0,0.0,0.0,0.5,0.2,0.0,83.2,16.2
20190116154533,0.0,0.0,0.0,0.4,0.0,0.0,67.2,32.3
20190116154603,0.0,0.0,0.0,0.3,0.0,0.0,85.6,14.1
20190116154633,0.0,0.0,0.0,0.2,0.1,0.0,85.5,14.2
20190116154703,0.0,0.0,0.0,0.1,0.0,0.0,91.5,8.4
20190116154733,0.0,0.0,0.0,0.0,0.0,0.0,90.9,9.0
20190116154803,0.0,0.0,0.0,0.2,0.4,0.0,68.2,31.3
20190116154833,0.0,0.0,0.0,0.1,0.0,0.0,87.7,12.2
20190116154903,0.0,0.0,0.0,0.1,0.1,0.0,78.4,21.4
20190116154934,0.0,0.0,0.0,0.3,0.1,0.0,76.5,23.1
20190116155004,0.0,0.0,0.0,0.2,0.0,0.0,92.2,7.6
20190116155034,0.0,0.0,0.0,0.2,0.0,0.0,89.0,10.7
20190116155104,0.0,0.0,0.0,0.5,0.0,0.0,92.3,7.1
20190116155134,0.0,0.0,0.0,0.2,0.1,0.0,92.9,6.8
20190116155204,0.0,0.0,0.0,0.3,0.0,0.0,90.3,9.4
20190116155234,0.0,0.0,0.0,0.1,0.0,0.0,86.5,13.3
20190116155304,0.0,0.0,0.0,0.2,0.0,0.0,91.0,8.8
20190116155334,0.0,0.0,0.0,0.1,0.0,0.0,88.1,11.7
20190116155404,0.0,0.0,0.0,0.1,0.0,0.0,86.8,13.0
20190116155434,0.0,0.0,0.0,0.2,0.0,0.0,77.5,22.4
20190116155504,0.0,0.0,0.0,0.1,0.0,0.0,62.8,37.0
20190116155534,0.0,0.0,0.0,0.3,0.0,0.0,61.0,38.7
20190116155604,0.0,0.0,0.0,0.2,0.0,0.0,83.0,16.8
20190116155634,0.0,0.0,0.0,0.6,0.0,0.0,70.5,28.9
20190116155704,0.0,0.0,0.0,0.3,0.0,0.0,59.7,40.0
20190116155734,0.0,0.0,0.0,0.1,0.0,0.0,79.2,20.6
20190116155804,0.0,0.0,0.0,0.3,0.1,0.0,52.0,47.6
20190116155834,0.0,0.0,0.0,0.4,0.0,0.0,40.5,59.0
20190116155904,0.0,0.0,0.0,0.3,0.0,0.0,21.9,77.8
20190116155934,0.0,0.0,0.0,0.4,0.1,0.0,35.5,64.0
20190116160004,0.0,0.0,0.0,0.3,0.0,0.0,37.9,61.9
20190116160034,0.0,0.0,0.0,0.1,0.0,0.0,41.4,58.5
20190116160104,0.0,0.0,0.0,0.3,0.0,0.0,26.5,73.1
20190116160134,0.0,0.0,0.0,0.2,0.0,0.0,19.5,80.3
20190116160204,0.0,0.0,0.0,0.2,0.0,0.0,25.3,74.4
20190116160234,0.0,0.0,0.0,0.1,0.1,0.0,25.6,74.2
20190116160304,0.0,0.0,0.0,0.4,0.1,0.0,40.2,59.3
20190116160334,0.0,0.0,0.0,0.2,0.0,0.0,13.8,85.9
20190116160404,0.0,0.0,0.0,0.1,0.1,0.0,10.2,89.5
20190116160434,0.0,0.0,0.0,0.3,0.0,0.0,16.4,83.3
20190116160504,0.0,0.0,0.0,0.4,0.0,0.0,19.4,80.2
20190116160534,0.0,0.0,0.0,0.2,0.0,0.0,18.6,81.2
20190116160604,0.0,0.0,0.0,0.1,0.0,0.0,36.7,63.2
20190116160634,0.0,0.0,0.0,0.2,0.0,0.0,28.5,71.3
20190116160704,0.0,0.0,0.0,0.2,0.0,0.0,69.0,30.8
20190116160734,0.0,0.0,0.0,0.2,0.0,0.0,43.9,55.9
20190116160804,0.0,0.0,0.0,0.3,0.0,0.0,61.3,38.3
20190116160834,0.0,0.0,0.0,0.1,0.0,0.0,31.1,68.8
20190116160904,0.0,0.0,0.0,0.1,0.0,0.0,30.5,69.4
20190116160934,0.0,0.0,0.0,0.1,0.0,0.0,71.1,28.8
20190116161004,0.0,0.0,0.0,0.1,0.0,0.0,23.5,76.5
20190116161034,0.0,0.0,0.0,0.1,0.0,0.0,51.0,49.0
20190116161104,0.0,0.0,0.0,0.1,0.0,0.0,39.0,60.9
20190116161134,0.0,0.0,0.0,0.1,0.0,0.0,34.0,65.9
20190116161204,0.0,0.0,0.0,0.0,0.0,0.0,35.8,64.2
20190116161234,0.0,0.0,0.0,0.0,0.0,0.0,41.8,58.1
20190116161304,0.0,0.0,0.0,0.0,0.0,0.0,20.0,80.0
20190116161334,0.0,0.0,0.0,0.0,0.0,0.0,88.1,11.8
20190116161404,0.0,0.0,0.0,0.1,0.0,0.0,31.3,68.6
20190116161434,0.0,0.0,0.0,0.2,0.0,0.0,60.7,39.0
20190116161504,0.0,0.0,0.0,0.1,0.0,0.0,39.2,60.7
20190116161534,0.0,0.0,0.0,0.2,0.0,0.0,53.3,46.5
20190116161604,0.0,0.0,0.0,0.1,0.0,0.0,61.8,38.0
20190116161634,0.0,0.0,0.0,0.2,0.0,0.0,29.7,70.0
20190116161704,0.0,0.0,0.0,0.1,0.0,0.0,60.6,39.3
20190116161734,0.0,0.0,0.0,0.2,0.0,0.0,31.5,68.3
20190116161804,0.0,0.0,0.0,0.1,0.0,0.0,41.1,58.8
20190116161834,0.0,0.0,0.0,0.0,0.0,0.0,19.7,80.3
20190116161904,0.0,0.0,0.0,0.0,0.0,0.0,24.3,75.7
20190116161934,0.0,0.0,0.0,0.0,0.0,0.0,32.4,67.6
20190116162004,0.0,0.0,0.0,0.0,0.0,0.0,17.5,82.5
20190116162034,0.0,0.0,0.0,0.0,0.0,0.0,12.4,87.5
20190116162104,0.0,0.0,0.0,0.0,0.1,0.0,13.8,86.1
20190116162134,0.0,0.0,0.0,0.1,0.1,0.0,8.9,91.0
20190116162204,0.0,0.0,0.0,0.1,0.2,0.0,15.2,84.5
20190116162234,0.0,0.0,0.0,0.1,0.0,0.0,6.9,93.0
20190116162304,0.0,0.0,0.0,0.1,0.1,0.0,11.1,88.8
20190116162335,0.0,0.0,0.0,0.1,0.1,0.0,7.9,92.0
20190116162405,0.0,0.0,0.0,0.0,0.1,0.0,4.0,95.8
20190116162435,0.0,0.0,0.0,0.1,0.1,0.0,18.0,81.8
20190116162505,0.0,0.0,0.0,0.3,0.2,0.0,13.0,86.5
20190116162535,0.0,0.0,0.0,0.2,0.1,0.0,24.7,75.0
20190116162605,0.0,0.0,0.0,0.1,0.1,0.0,22.6,77.1
20190116162635,0.0,0.0,0.0,0.2,0.1,0.0,25.1,74.6
20190116162705,0.0,0.0,0.0,0.1,0.2,0.0,48.9,50.8
20190116162735,0.0,0.0,0.0,0.1,0.2,0.0,57.9,41.8
20190116162805,0.0,0.0,0.0,0.3,0.1,0.0,38.2,61.4
20190116162835,0.0,0.0,0.0,0.2,0.1,0.0,25.4,74.3
20190116162905,0.0,0.0,0.0,0.1,0.1,0.0,32.2,67.5
20190116162935,0.0,0.0,0.0,0.0,0.0,0.0,39.9,60.0
20190116163005,0.0,0.0,0.0,0.0,0.0,0.0,28.9,71.1
20190116163035,0.0,0.0,0.0,0.0,0.1,0.0,20.3,79.6
20190116163105,0.0,0.0,0.0,0.0,0.0,0.0,19.9,80.0
20190116163135,0.0,0.0,0.0,0.0,0.0,0.0,18.9,81.0
20190116163205,0.0,0.0,0.0,0.1,0.1,0.0,13.8,86.1
20190116163235,0.0,0.0,0.0,0.1,0.1,0.0,34.7,65.1
20190116163305,0.0,0.0,0.0,0.0,0.0,0.0,9.0,90.9
20190116163335,0.0,0.0,0.0,0.1,0.0,0.0,8.1,91.8
20190116163405,0.0,0.0,0.0,0.1,0.1,0.0,3.5,96.3
20190116163435,0.0,0.0,0.0,0.1,0.0,0.0,8.8,91.0
20190116163505,0.0,0.0,0.0,0.1,0.1,0.0,24.2,75.6
20190116163535,0.0,0.0,0.0,0.2,0.1,0.0,14.8,84.9
20190116163605,0.0,0.0,0.0,0.1,0.2,0.0,34.7,65.1
20190116163635,0.0,0.0,0.0,0.1,0.1,0.0,14.0,85.8
20190116163705,0.0,0.0,0.0,0.1,0.1,0.0,46.0,53.8
20190116163735,0.0,0.0,0.0,0.1,0.1,0.0,31.2,68.7
20190116163805,0.0,0.0,0.0,0.3,0.3,0.0,37.7,61.7
20190116163835,0.0,0.0,0.0,0.3,0.2,0.0,45.8,53.8
20190116163905,0.0,0.0,0.0,1.0,0.3,0.0,16.5,82.2
20190116163935,0.0,0.0,0.0,0.2,0.2,0.0,16.0,83.6
20190116164005,0.0,0.0,0.0,0.2,0.4,0.0,51.7,47.7
20190116164035,0.0,0.0,0.0,0.1,0.2,0.0,48.6,51.1
20190116164105,0.0,0.0,0.0,0.7,0.1,0.0,41.0,58.2
20190116164135,0.0,0.0,0.0,0.2,0.1,0.0,57.2,42.5
20190116164205,0.0,0.0,0.0,0.3,0.1,0.0,49.1,50.5
20190116164235,0.0,0.0,0.0,0.1,0.1,0.0,30.3,69.6
20190116164305,0.0,0.0,0.0,0.2,0.2,0.0,14.5,85.1
20190116164335,0.0,0.0,0.0,0.1,0.1,0.0,9.1,90.8
20190116164405,0.0,0.0,0.0,0.4,0.5,0.0,24.9,74.2
20190116164435,0.0,0.0,0.0,0.4,0.1,0.0,17.9,81.7
20190116164505,0.0,0.0,0.0,0.2,0.1,0.0,10.3,89.4
20190116164535,0.0,0.0,0.0,0.1,0.1,0.0,5.7,94.1
20190116164605,0.0,0.0,0.0,0.2,0.0,0.0,10.0,89.8
20190116164635,0.0,0.0,0.0,0.1,0.1,0.0,14.9,84.9
20190116164705,0.0,0.0,0.0,0.5,0.1,0.0,15.3,84.1
20190116164735,0.0,0.0,0.0,0.3,0.2,0.0,38.0,61.4
20190116164805,0.0,0.0,0.0,0.1,0.1,0.0,5.3,94.6
20190116164835,0.0,0.0,0.0,0.0,0.1,0.0,5.4,94.5
20190116164905,0.0,0.0,0.0,0.1,0.0,0.0,3.4,96.5
20190116164935,0.0,0.0,0.0,0.1,0.1,0.0,3.6,96.2
20190116165005,0.0,0.0,0.0,0.1,0.2,0.0,9.9,89.7
20190116165035,0.0,0.0,0.0,0.1,0.3,0.0,15.4,84.3
20190116165106,0.0,0.0,0.0,0.0,0.3,0.0,4.6,95.1
20190116165136,0.0,0.0,0.0,0.1,0.8,0.0,3.0,96.1
20190116165206,0.0,0.0,0.0,0.1,0.3,0.0,9.4,90.3
20190116165236,0.0,0.0,0.0,0.0,0.1,0.0,6.7,93.2
20190116165306,0.0,0.0,0.0,0.1,0.2,0.0,2.2,97.5
20190116165336,0.0,0.0,0.0,0.1,0.2,0.0,6.8,93.0
20190116165406,0.0,0.0,0.0,0.1,0.1,0.0,2.4,97.4
20190116165436,0.0,0.0,0.0,0.1,0.2,0.0,2.4,97.3
20190116165506,0.0,0.0,0.0,0.1,0.2,0.0,17.8,81.9
20190116165536,0.0,0.0,0.0,0.1,0.3,0.0,9.1,90.5
20190116165606,0.0,0.0,0.0,0.1,0.1,0.0,7.5,92.3
20190116165636,0.0,0.0,0.0,0.3,0.1,0.0,15.8,83.8
20190116165706,0.0,0.0,0.0,0.2,0.1,0.0,3.8,95.8
20190116165736,0.0,0.0,0.0,0.3,0.1,0.0,4.9,94.8
20190116165806,0.0,0.0,0.0,0.3,0.1,0.0,12.1,87.4
20190116165836,0.0,0.0,0.0,1.0,0.2,0.0,15.4,83.4
20190116165906,0.0,0.0,0.0,0.3,0.1,0.0,24.6,75.0
20190116165936,0.0,0.0,0.0,0.2,0.2,0.0,12.7,86.9
20190116170006,0.0,0.0,0.0,0.2,0.2,0.0,17.3,82.3
20190116170036,0.0,0.0,0.0,0.6,1.5,0.0,26.5,71.4
20190116170106,0.0,0.0,0.0,0.3,0.3,0.0,21.9,77.5
20190116170136,0.0,0.0,0.0,0.7,0.9,0.0,22.9,75.5
20190116170206,0.0,0.0,0.0,0.5,0.6,0.0,10.8,88.1
20190116170236,0.0,0.0,0.0,0.2,0.5,0.0,16.5,82.8
20190116170306,0.0,0.0,0.0,0.2,0.8,0.0,12.4,86.6
20190116170336,0.0,0.0,0.0,0.3,0.9,0.0,27.0,71.8
20190116170406,0.0,0.0,0.0,0.1,0.8,0.0,19.7,79.4
20190116170436,0.0,0.0,0.0,0.1,0.5,0.0,3.4,96.1
20190116170506,0.0,0.0,0.0,0.2,0.6,0.0,11.6,87.7
20190116170536,0.0,0.0,0.0,0.1,0.4,0.0,9.6,90.0
20190116170606,0.0,0.0,0.0,0.1,1.3,0.0,17.7,80.8
20190116170636,0.0,0.0,0.0,0.1,1.2,0.0,18.2,80.4
20190116170706,0.0,0.0,0.0,0.2,1.1,0.0,26.2,72.5
20190116170736,0.0,0.0,0.0,0.2,0.7,0.0,51.1,48.0
20190116170806,0.0,0.0,0.0,0.3,0.9,0.0,68.3,30.4
20190116170836,0.0,0.0,0.0,0.2,0.8,0.0,49.7,49.2
20190116170906,0.0,0.0,0.0,0.2,2.2,0.0,49.2,48.3
20190116170936,0.0,0.0,0.0,0.4,1.2,0.0,38.5,59.9
20190116171006,0.0,0.0,0.0,0.4,1.1,0.0,40.1,58.4
20190116171036,0.0,0.0,0.0,0.5,1.4,0.0,18.3,79.8
20190116171106,0.0,0.0,0.0,0.4,1.7,0.0,25.5,72.3
20190116171136,0.0,0.0,0.0,0.4,1.3,0.0,9.9,88.4
20190116171206,0.0,0.0,0.0,0.5,0.9,0.0,10.1,88.5
20190116171236,0.0,0.0,0.0,1.1,3.3,0.1,45.0,50.5
20190116171306,0.0,0.0,0.0,0.2,0.1,0.0,11.6,88.1
20190116171336,0.0,0.0,0.0,0.9,0.1,0.0,26.9,72.1
20190116171406,0.0,0.0,0.0,0.5,0.1,0.0,42.2,57.1
20190116171436,0.0,0.0,0.0,0.3,0.2,0.0,34.5,65.0
20190116171506,0.0,0.0,0.0,0.1,0.1,0.0,24.4,75.3
20190116171536,0.0,0.0,0.0,0.2,0.2,0.0,39.4,60.2
20190116171606,0.0,0.0,0.0,0.6,0.2,0.0,49.3,49.8
20190116171636,0.0,0.0,0.0,0.3,0.4,0.0,58.5,40.9
20190116171706,0.0,0.0,0.0,1.3,0.3,0.0,76.4,22.1
20190116171736,0.0,0.0,0.0,0.5,0.2,0.0,67.4,31.9
20190116171806,0.0,0.0,0.0,0.5,0.2,0.0,41.5,57.8
20190116171836,0.0,0.0,0.0,1.2,0.6,0.0,17.5,80.6
20190116171906,0.0,0.0,0.0,1.1,0.2,0.0,43.9,54.8
20190116171936,0.0,0.0,0.0,0.5,0.2,0.0,44.7,54.6
20190116172006,0.0,0.0,0.0,0.6,0.3,0.0,18.5,80.6
20190116172036,0.0,0.0,0.0,1.4,0.3,0.0,39.9,58.4
20190116172106,0.0,0.0,0.0,2.9,0.8,0.0,31.6,64.8
20190116172136,0.0,0.0,0.0,3.0,0.7,0.0,37.7,58.7
20190116172206,0.0,0.0,0.0,2.3,0.4,0.0,55.9,41.3
20190116172236,0.0,0.0,0.0,3.3,0.4,0.0,34.1,62.2
20190116172306,0.0,0.0,0.0,0.7,0.1,0.0,59.5,39.7
20190116172336,0.0,0.0,0.0,2.3,0.4,0.0,53.5,43.8
20190116172406,0.0,0.0,0.0,1.5,0.3,0.0,30.2,68.0
20190116172436,0.0,0.0,0.0,0.6,0.4,0.0,58.5,40.5
20190116172506,0.0,0.0,0.0,1.0,0.2,0.0,49.6,49.2
20190116172537,0.0,0.0,0.0,1.4,0.2,0.0,44.9,53.4
20190116172607,0.0,0.0,0.0,0.3,0.6,0.0,36.0,63.1
20190116172637,0.0,0.0,0.0,0.7,0.2,0.0,14.2,84.9
20190116172707,0.0,0.0,0.0,0.6,0.1,0.0,20.5,78.9
20190116172737,0.0,0.0,0.0,0.6,0.1,0.0,14.9,84.3
20190116172807,0.0,0.0,0.0,0.4,0.2,0.0,7.7,91.7
20190116172837,0.0,0.0,0.0,0.5,0.2,0.0,38.4,60.9
20190116172907,0.0,0.0,0.0,1.0,0.6,0.0,47.3,51.1
20190116172937,0.0,0.0,0.0,0.2,0.1,0.0,62.6,37.1
20190116173007,0.0,0.0,0.0,0.3,0.1,0.0,72.3,27.3
20190116173037,0.0,0.0,0.0,0.2,0.1,0.0,26.3,73.4
20190116173107,0.0,0.0,0.0,0.4,0.5,0.0,65.4,33.7
20190116173137,0.0,0.0,0.0,0.4,0.4,0.0,81.0,18.3
20190116173207,0.0,0.0,0.0,0.2,0.1,0.0,93.2,6.5
20190116173237,0.0,0.0,0.0,0.7,0.4,0.0,85.2,13.7
20190116173307,0.0,0.0,0.0,0.6,0.2,0.0,85.9,13.3
20190116173337,0.0,0.0,0.0,0.4,0.2,0.0,89.9,9.5
20190116173407,0.0,0.0,0.0,0.4,0.0,0.0,90.8,8.8
20190116173437,0.0,0.0,0.0,0.3,0.1,0.0,91.7,7.9
20190116173507,0.0,0.0,0.0,0.3,0.0,0.0,94.2,5.5
20190116173537,0.0,0.0,0.0,0.3,0.0,0.0,93.6,6.1
20190116173607,0.0,0.0,0.0,0.4,0.0,0.0,81.4,18.2
20190116173637,0.0,0.0,0.0,0.7,0.0,0.0,92.5,6.8
20190116173707,0.0,0.0,0.0,0.4,0.0,0.0,92.1,7.5
20190116173737,0.0,0.0,0.0,0.3,0.0,0.0,96.0,3.7
20190116173807,0.0,0.0,0.0,0.6,0.0,0.0,97.1,2.4
20190116173837,0.0,0.0,0.0,0.4,0.0,0.0,96.0,3.6
20190116173907,0.0,0.0,0.0,0.2,0.0,0.0,90.6,9.2
20190116173937,0.0,0.0,0.0,0.5,0.0,0.0,90.1,9.4
20190116174007,0.0,0.0,0.0,0.5,0.0,0.0,76.1,23.3
20190116174037,0.0,0.0,0.0,0.2,0.0,0.0,72.6,27.1
20190116174107,0.0,0.0,0.0,0.7,0.0,0.0,50.6,48.7
20190116174137,0.0,0.0,0.0,1.0,0.0,0.0,91.1,7.8
20190116174207,0.0,0.0,0.0,0.3,0.0,0.0,93.3,6.3
20190116174237,0.0,0.0,0.0,0.4,0.0,0.0,92.0,7.5
20190116174307,0.0,0.0,0.0,0.2,0.1,0.0,83.0,16.8
20190116174337,0.0,0.0,0.0,0.1,0.0,0.0,94.8,5.1
20190116174407,0.0,0.0,0.0,0.3,0.0,0.0,93.1,6.5
20190116174437,0.0,0.0,0.0,0.9,0.3,0.0,89.6,9.3
20190116174507,0.0,0.0,0.0,0.5,0.0,0.0,96.6,2.8
20190116174537,0.0,0.0,0.0,1.2,0.1,0.0,94.8,4.0
20190116174607,0.0,0.0,0.0,0.3,0.1,0.0,97.1,2.5
20190116174637,0.0,0.0,0.0,0.6,0.2,0.0,94.5,4.7
20190116174707,0.0,0.0,0.0,1.9,0.5,0.0,76.9,20.8
20190116174737,0.0,0.0,0.0,0.9,0.2,0.0,83.6,15.3
20190116174807,0.0,0.0,0.0,0.7,0.2,0.0,86.0,13.1
20190116174837,0.0,0.0,0.0,1.9,0.2,0.0,82.6,15.2
20190116174907,0.0,0.0,0.0,2.0,0.1,0.0,57.9,40.0
20190116174937,0.0,0.0,0.0,1.1,0.1,0.0,62.3,36.5
20190116175007,0.0,0.0,0.0,1.1,0.1,0.0,59.3,39.5
20190116175037,0.0,0.0,0.0,1.5,0.1,0.0,82.5,16.0
20190116175107,0.0,0.0,0.0,0.9,0.3,0.0,73.7,25.1
20190116175137,0.0,0.0,0.0,0.6,0.2,0.0,88.9,10.3
20190116175207,0.0,0.0,0.0,0.9,0.4,0.0,77.3,21.4
20190116175237,0.0,0.0,0.0,0.5,0.2,0.0,78.6,20.7
20190116175307,0.0,0.0,0.0,0.5,0.2,0.0,79.0,20.2
20190116175337,0.0,0.0,0.0,1.3,0.3,0.0,80.8,17.6
20190116175407,0.0,0.0,0.0,0.2,0.0,0.0,94.3,5.4
20190116175437,0.0,0.0,0.0,1.3,0.1,0.0,82.3,16.4
20190116175507,0.0,0.0,0.0,2.7,0.1,0.0,41.2,56.1
20190116175537,0.0,0.0,0.0,3.2,0.1,0.0,66.8,29.9
20190116175607,0.0,0.0,0.0,5.6,0.2,0.0,53.5,40.7
20190116175637,0.0,0.0,0.0,1.3,0.1,0.0,69.6,29.0
20190116175707,0.0,0.0,0.0,1.7,0.2,0.0,86.1,12.1
20190116175737,0.0,0.0,0.0,0.4,2.8,0.0,94.5,2.3
20190116175807,0.0,0.0,0.0,3.2,0.5,0.0,79.0,17.2
20190116175837,0.0,0.0,0.0,0.9,0.5,0.0,93.9,4.6
20190116175907,0.0,0.0,0.0,0.5,0.3,0.0,96.0,3.3
20190116175937,0.0,0.0,0.0,0.6,0.1,0.0,96.8,2.6
20190116180008,0.0,0.0,0.0,0.2,0.0,0.0,99.1,0.6
20190116180038,0.0,0.0,0.0,0.2,0.1,0.0,96.4,3.3
20190116180108,0.0,0.0,0.0,0.3,0.0,0.0,96.5,3.2
20190116180138,0.0,0.0,0.0,0.6,0.0,0.0,98.2,1.2
20190116180208,0.0,0.0,0.0,1.0,0.2,0.0,94.4,4.5
20190116180238,0.0,0.0,0.0,0.4,0.1,0.0,94.0,5.5
20190116180308,0.0,0.0,0.0,2.1,0.3,0.0,78.2,19.5
20190116180338,0.0,0.0,0.0,1.6,0.1,0.0,71.8,26.5
20190116180408,0.0,0.0,0.0,1.4,0.1,0.0,81.2,17.3
20190116180438,0.0,0.0,0.0,0.6,0.1,0.0,86.9,12.4
20190116180508,0.0,0.0,0.0,0.5,0.3,0.0,81.0,18.2
20190116180538,0.0,0.0,0.0,0.7,0.2,0.0,80.1,19.1
20190116180608,0.0,0.0,0.0,0.9,0.3,0.0,84.3,14.5
20190116180638,0.0,0.0,0.0,0.7,0.3,0.0,93.6,5.4
20190116180708,0.0,0.0,0.0,0.1,0.1,0.0,98.1,1.7
20190116180738,0.0,0.0,0.0,0.0,0.0,0.0,98.5,1.4
20190116180808,0.0,0.0,0.0,0.1,0.0,0.0,98.8,1.0
20190116180838,0.0,0.0,0.0,0.2,0.4,0.0,82.9,16.5
20190116180908,0.0,0.0,0.0,0.5,0.9,0.0,76.0,22.5
20190116180938,0.0,0.0,0.0,0.2,0.1,0.0,94.0,5.7
20190116181008,0.0,0.0,0.0,0.4,0.3,0.0,72.8,26.6
20190116181038,0.0,0.0,0.0,0.2,0.1,0.0,78.6,21.0
20190116181108,0.0,0.0,0.0,0.1,0.0,0.0,85.0,14.9
20190116181138,0.0,0.0,0.0,0.3,0.0,0.0,80.8,18.9
20190116181208,0.0,0.0,0.0,0.2,0.0,0.0,89.5,10.3
20190116181238,0.0,0.0,0.0,0.1,0.0,0.0,85.9,14.0
20190116181308,0.0,0.0,0.0,0.2,0.1,0.0,78.3,21.4
20190116181338,0.0,0.0,0.0,0.2,0.1,0.0,90.3,9.4
20190116181408,0.0,0.0,0.0,0.2,0.0,0.0,77.8,22.0
20190116181438,0.0,0.0,0.0,0.1,0.0,0.0,79.8,20.0
20190116181508,0.0,0.0,0.0,0.3,0.1,0.0,81.3,18.3
20190116181538,0.0,0.0,0.0,0.3,0.1,0.0,79.5,20.1
20190116181608,0.0,0.0,0.0,0.1,0.0,0.0,80.7,19.1
20190116181638,0.0,0.0,0.0,0.3,0.1,0.0,57.6,42.0
20190116181708,0.0,0.0,0.0,0.3,0.1,0.0,71.5,28.2
20190116181738,0.0,0.0,0.0,0.2,0.0,0.0,84.0,15.8
20190116181808,0.0,0.0,0.0,0.1,0.1,0.0,66.5,33.3
20190116181838,0.0,0.0,0.0,0.4,0.2,0.0,78.0,21.5
20190116181908,0.0,0.0,0.0,0.5,0.2,0.0,83.3,16.0
20190116181938,0.0,0.0,0.0,1.0,0.8,0.0,72.5,25.6
20190116182008,0.0,0.0,0.0,0.6,0.6,0.0,86.2,12.6
20190116182038,0.0,0.0,0.0,1.7,0.6,0.0,67.9,29.8
20190116182108,0.0,0.0,0.0,0.6,1.0,0.0,77.1,21.2
20190116182138,0.0,0.0,0.0,1.5,0.6,0.0,70.4,27.5
20190116182208,0.0,0.0,0.0,1.0,0.4,0.0,85.9,12.6
20190116182238,0.0,0.0,0.0,0.6,0.7,0.0,79.3,19.4
20190116182308,0.0,0.0,0.0,1.0,0.4,0.0,79.6,19.0
20190116182338,0.0,0.0,0.0,1.1,0.6,0.0,65.0,33.3
20190116182408,0.0,0.0,0.0,0.2,0.2,0.0,91.2,8.4
20190116182438,0.0,0.0,0.0,0.6,0.8,0.0,68.6,30.0
20190116182508,0.0,0.0,0.0,0.4,0.2,0.0,70.5,29.0
20190116182538,0.0,0.0,0.0,0.4,0.3,0.0,85.6,13.8
20190116182608,0.0,0.0,0.0,0.4,0.3,0.0,87.8,11.5
20190116182638,0.0,0.0,0.0,1.2,0.4,0.0,91.1,7.3
20190116182709,0.0,0.0,0.0,0.8,0.5,0.0,87.9,10.9
20190116182739,0.0,0.0,0.0,1.0,0.3,0.0,91.1,7.6
20190116182809,0.0,0.0,0.0,1.0,0.2,0.0,91.4,7.5
20190116182839,0.0,0.0,0.0,0.1,0.1,0.0,96.0,3.7
20190116182909,0.0,0.0,0.0,0.4,0.1,0.0,94.4,5.1
20190116182939,0.0,0.0,0.0,0.5,0.3,0.0,92.0,7.2
20190116183009,0.0,0.0,0.0,0.5,0.1,0.0,96.3,3.0
20190116183039,0.0,0.0,0.0,0.3,0.1,0.0,97.5,2.2
20190116183109,0.0,0.0,0.0,0.5,0.2,0.0,97.7,1.6
20190116183139,0.0,0.0,0.0,0.2,0.2,0.0,96.3,3.3
20190116183209,0.0,0.0,0.0,0.1,0.1,0.0,96.7,3.1
20190116183239,0.0,0.0,0.0,0.2,0.1,0.0,97.1,2.6
20190116183309,0.0,0.0,0.0,0.2,0.1,0.0,97.1,2.6
20190116183339,0.0,0.0,0.0,0.2,0.2,0.0,97.7,1.9
20190116183409,0.0,0.0,0.0,0.3,0.1,0.0,97.1,2.5
20190116183439,0.0,0.0,0.0,0.1,0.1,0.0,98.4,1.5
20190116183509,0.0,0.0,0.0,0.3,0.1,0.0,95.5,4.0
20190116183539,0.0,0.0,0.0,0.2,0.0,0.0,98.4,1.4
20190116183609,0.0,0.0,0.0,0.3,0.0,0.0,92.8,6.8
20190116183639,0.0,0.0,0.0,0.2,0.0,0.0,98.0,1.8
20190116183709,0.0,0.0,0.0,0.3,0.1,0.0,94.9,4.7
20190116183739,0.0,0.0,0.0,0.2,0.0,0.0,96.7,3.0
20190116183809,0.0,0.0,0.0,0.3,0.0,0.0,95.3,4.4
20190116183839,0.0,0.0,0.0,0.2,0.0,0.0,95.9,3.9
20190116183909,0.0,0.0,0.0,0.4,0.1,0.0,96.0,3.5
20190116183939,0.0,0.0,0.0,0.3,0.1,0.0,96.3,3.3
20190116184009,0.0,0.0,0.0,0.5,0.1,0.0,91.2,8.2
20190116184039,0.0,0.0,0.0,0.2,0.1,0.0,90.7,9.0
20190116184109,0.0,0.0,0.0,0.3,0.1,0.0,85.2,14.4
20190116184139,0.0,0.0,0.0,0.4,0.1,0.0,82.7,16.7
20190116184209,0.0,0.0,0.0,0.3,0.1,0.0,96.7,3.0
20190116184239,0.0,0.0,0.0,0.1,0.0,0.0,97.5,2.3
20190116184309,0.0,0.0,0.0,0.7,0.1,0.0,91.8,7.4
20190116184339,0.0,0.0,0.0,0.1,0.0,0.0,96.0,3.8
20190116184409,0.0,0.0,0.0,0.4,0.1,0.0,96.4,3.1
20190116184439,0.0,0.0,0.0,0.2,0.0,0.0,96.2,3.6
20190116184509,0.0,0.0,0.0,0.4,0.0,0.0,97.1,2.5
20190116184539,0.0,0.0,0.0,0.2,0.0,0.0,85.7,14.1
20190116184609,0.0,0.0,0.0,0.1,0.0,0.0,96.9,2.9
20190116184639,0.0,0.0,0.0,0.1,0.0,0.0,96.0,3.9
20190116184709,0.0,0.0,0.0,0.1,0.0,0.0,92.4,7.4
20190116184739,0.0,0.0,0.0,0.2,0.1,0.0,87.0,12.8
20190116184809,0.0,0.0,0.0,0.1,0.1,0.0,89.8,10.1
20190116184839,0.0,0.0,0.0,0.1,0.0,0.0,93.4,6.5
20190116184909,0.0,0.0,0.0,0.2,0.0,0.0,94.3,5.4
20190116184939,0.0,0.0,0.0,0.3,0.0,0.0,88.2,11.4
20190116185009,0.0,0.0,0.0,0.4,0.0,0.0,90.8,8.8
20190116185039,0.0,0.0,0.0,0.5,0.1,0.0,87.6,11.9
20190116185109,0.0,0.0,0.0,0.4,0.0,0.0,90.9,8.7
20190116185139,0.0,0.0,0.0,0.1,0.0,0.0,94.6,5.3
20190116185209,0.0,0.0,0.0,0.3,0.0,0.0,93.9,5.8
20190116185239,0.0,0.0,0.0,0.4,0.0,0.0,92.8,6.9
20190116185309,0.0,0.0,0.0,0.4,0.0,0.0,90.1,9.5
20190116185339,0.0,0.0,0.0,0.3,0.0,0.0,88.1,11.5
20190116185409,0.0,0.0,0.0,0.7,0.1,0.0,89.6,9.6
20190116185439,0.0,0.0,0.0,0.3,0.0,0.0,84.6,15.0
20190116185509,0.0,0.0,0.0,0.4,0.0,0.0,93.9,5.7
20190116185539,0.0,0.0,0.0,0.2,0.0,0.0,94.1,5.6
20190116185609,0.0,0.0,0.0,0.2,0.0,0.0,85.5,14.2
20190116185639,0.0,0.0,0.0,0.2,0.0,0.0,92.6,7.2
20190116185709,0.0,0.0,0.0,0.1,0.1,0.0,91.3,8.5
20190116185739,0.0,0.0,0.0,0.1,0.0,0.0,93.5,6.3
20190116185809,0.0,0.0,0.0,0.1,0.0,0.0,97.8,2.1
20190116185839,0.0,0.0,0.0,0.2,0.0,0.0,91.2,8.5
20190116185909,0.0,0.0,0.0,0.1,0.0,0.0,95.7,4.2
20190116185939,0.0,0.0,0.0,0.2,0.0,0.0,95.1,4.7
20190116190009,0.0,0.0,0.0,0.1,0.0,0.0,98.3,1.6
20190116190039,0.0,0.0,0.0,0.1,0.0,0.0,95.0,4.8
20190116190109,0.0,0.0,0.0,0.2,0.0,0.0,91.0,8.8
20190116190140,0.0,0.0,0.0,0.1,0.0,0.0,95.9,4.0
20190116190210,0.0,0.0,0.0,0.2,0.0,0.0,93.0,6.8
20190116190240,0.0,0.0,0.0,0.1,0.0,0.0,93.9,6.0
20190116190310,0.0,0.0,0.0,0.0,0.0,0.0,97.6,2.3
20190116190340,0.0,0.0,0.0,0.1,0.0,0.0,97.5,2.4
20190116190410,0.0,0.0,0.0,0.2,0.0,0.0,94.7,5.1
20190116190440,0.0,0.0,0.0,0.1,0.0,0.0,92.3,7.6
20190116190510,0.0,0.0,0.0,0.1,0.0,0.0,97.9,2.0
20190116190540,0.0,0.0,0.0,0.2,0.0,0.0,97.5,2.3
20190116190610,0.0,0.0,0.0,0.1,0.0,0.0,96.2,3.7
20190116190640,0.0,0.0,0.0,0.1,0.0,0.0,93.0,6.9
20190116190710,0.0,0.0,0.0,0.1,0.0,0.0,93.7,6.2
20190116190740,0.0,0.0,0.0,0.1,0.0,0.0,97.7,2.2
20190116190810,0.0,0.0,0.0,0.3,0.0,0.0,95.2,4.5
20190116190840,0.0,0.0,0.0,0.3,0.0,0.0,94.4,5.2
20190116190910,0.0,0.0,0.0,0.2,0.0,0.0,97.7,2.1
20190116190940,0.0,0.0,0.0,0.3,0.0,0.0,94.4,5.2
20190116191010,0.0,0.0,0.0,0.3,0.0,0.0,97.0,2.6
20190116191040,0.0,0.0,0.0,0.3,0.0,0.0,95.2,4.5
20190116191110,0.0,0.0,0.0,0.2,0.0,0.0,97.9,1.9
20190116191140,0.0,0.0,0.0,0.4,0.0,0.0,93.1,6.5
20190116191210,0.0,0.0,0.0,0.5,0.1,0.0,91.3,8.2
20190116191240,0.0,0.0,0.0,0.2,0.0,0.0,92.1,7.7
20190116191310,0.0,0.0,0.0,0.3,0.1,0.0,92.7,6.9
20190116191340,0.0,0.0,0.0,0.2,0.0,0.0,94.0,5.7
20190116191410,0.0,0.0,0.0,0.2,0.0,0.0,97.7,2.1
20190116191440,0.0,0.0,0.0,0.3,0.0,0.0,94.3,5.4
20190116191510,0.0,0.0,0.0,0.2,0.0,0.0,93.6,6.2
20190116191540,0.0,0.0,0.0,0.2,0.0,0.0,96.7,3.1
20190116191610,0.0,0.0,0.0,0.2,0.0,0.0,91.8,8.0
20190116191640,0.0,0.0,0.0,0.1,0.0,0.0,94.4,5.4
20190116191710,0.0,0.0,0.0,0.2,0.0,0.0,91.8,7.9
20190116191740,0.0,0.0,0.0,0.1,0.0,0.0,90.4,9.4
20190116191810,0.0,0.0,0.0,0.1,0.0,0.0,91.7,8.2
20190116191840,0.0,0.0,0.0,0.2,0.0,0.0,79.2,20.5
20190116191910,0.0,0.0,0.0,0.1,0.0,0.0,86.6,13.2
20190116191940,0.0,0.0,0.0,0.3,0.0,0.0,87.4,12.3
20190116192010,0.0,0.0,0.0,0.1,0.0,0.0,92.2,7.7
20190116192040,0.0,0.0,0.0,0.1,0.0,0.0,88.4,11.5
20190116192110,0.0,0.0,0.0,0.1,0.0,0.0,96.3,3.6
20190116192140,0.0,0.0,0.0,0.1,0.0,0.0,95.5,4.4
20190116192210,0.0,0.0,0.0,0.1,0.0,0.0,88.6,11.2
20190116192240,0.0,0.0,0.0,0.2,0.0,0.0,90.4,9.4
20190116192310,0.0,0.0,0.0,0.1,0.0,0.0,93.3,6.6
20190116192340,0.0,0.0,0.0,0.1,0.0,0.0,87.9,12.0
20190116192410,0.0,0.0,0.0,0.1,0.0,0.0,95.5,4.4
20190116192440,0.0,0.0,0.0,0.1,0.0,0.0,95.4,4.5
20190116192510,0.0,0.0,0.0,0.1,0.0,0.0,92.1,7.8
20190116192540,0.0,0.0,0.0,0.2,0.0,0.0,95.8,4.0
20190116192610,0.0,0.0,0.0,0.1,0.0,0.0,95.9,4.0
20190116192640,0.0,0.0,0.0,0.1,0.0,0.0,97.6,2.2
20190116192710,0.0,0.0,0.0,0.1,0.0,0.0,97.2,2.7
20190116192740,0.0,0.0,0.0,0.1,0.0,0.0,94.8,5.0
20190116192810,0.0,0.0,0.0,0.1,0.0,0.0,97.3,2.6
20190116192840,0.0,0.0,0.0,0.1,0.0,0.0,96.6,3.4
20190116192910,0.0,0.0,0.0,0.1,0.0,0.0,98.2,1.7
20190116192940,0.0,0.0,0.0,0.1,0.0,0.0,94.9,5.0
20190116193010,0.0,0.0,0.0,0.0,0.0,0.0,97.8,2.1
20190116193040,0.0,0.0,0.0,0.1,0.0,0.0,94.9,5.0
20190116193110,0.0,0.0,0.0,0.0,0.0,0.0,95.7,4.2
20190116193140,0.0,0.0,0.0,0.1,0.0,0.0,98.2,1.7
20190116193210,0.0,0.0,0.0,0.1,0.0,0.0,97.6,2.3
20190116193240,0.0,0.0,0.0,0.0,0.0,0.0,98.9,1.1
20190116193310,0.0,0.0,0.0,0.0,0.0,0.0,96.9,3.1
20190116193340,0.0,0.0,0.0,0.1,0.0,0.0,97.5,2.4
20190116193410,0.0,0.0,0.0,0.1,0.0,0.0,97.9,2.0
20190116193440,0.0,0.0,0.0,0.1,0.1,0.0,91.5,8.3
20190116193510,0.0,0.0,0.0,0.1,0.0,0.0,96.8,3.1
20190116193541,0.0,0.0,0.0,0.3,0.1,0.0,94.0,5.6
20190116193611,0.0,0.0,0.0,0.1,0.0,0.0,95.3,4.6
20190116193641,0.0,0.0,0.0,0.3,0.1,0.0,95.0,4.7
20190116193711,0.0,0.0,0.0,0.1,0.1,0.0,98.8,1.0
20190116193741,0.0,0.0,0.0,0.4,0.1,0.0,92.5,7.1
20190116193811,0.0,0.0,0.0,0.1,0.1,0.0,93.2,6.5
20190116193841,0.0,0.0,0.0,0.1,0.1,0.0,95.5,4.2
20190116193911,0.0,0.0,0.0,0.3,0.2,0.0,89.4,10.0
20190116193941,0.0,0.0,0.0,0.4,0.1,0.0,94.7,4.8
20190116194011,0.0,0.0,0.0,0.2,0.1,0.0,96.8,2.9
20190116194041,0.0,0.0,0.0,0.1,0.1,0.0,97.0,2.8
20190116194111,0.0,0.0,0.0,0.3,0.1,0.0,96.8,2.7
20190116194141,0.0,0.0,0.0,0.1,0.0,0.0,97.5,2.4
20190116194211,0.0,0.0,0.0,0.1,0.0,0.0,98.4,1.5
20190116194241,0.0,0.0,0.0,0.1,0.0,0.0,98.5,1.4
20190116194311,0.0,0.0,0.0,0.1,0.1,0.0,97.6,2.2
20190116194341,0.0,0.0,0.0,0.1,0.0,0.0,97.3,2.5
20190116194411,0.0,0.0,0.0,0.1,0.0,0.0,96.5,3.4
20190116194441,0.0,0.0,0.0,0.1,0.0,0.0,97.1,2.8
20190116194511,0.0,0.0,0.0,0.1,0.0,0.0,97.6,2.3
20190116194541,0.0,0.0,0.0,0.1,0.0,0.0,96.8,3.1
20190116194611,0.0,0.0,0.0,0.0,0.0,0.0,96.3,3.6
20190116194641,0.0,0.0,0.0,0.1,0.0,0.0,96.9,3.0
20190116194711,0.0,0.0,0.0,0.0,0.0,0.0,99.4,0.6
20190116194741,0.0,0.0,0.0,0.1,0.0,0.0,95.3,4.5
20190116194811,0.0,0.0,0.0,0.1,0.0,0.0,96.6,3.2
20190116194841,0.0,0.0,0.0,0.2,0.0,0.0,94.4,5.4
20190116194911,0.0,0.0,0.0,0.0,0.0,0.0,99.0,1.0
20190116194941,0.0,0.0,0.0,0.2,0.0,0.0,96.9,2.9
20190116195011,0.0,0.0,0.0,0.1,0.0,0.0,98.2,1.7
20190116195041,0.0,0.0,0.0,0.1,0.0,0.0,96.0,3.8
20190116195111,0.0,0.0,0.0,0.1,0.0,0.0,96.6,3.4
20190116195141,0.0,0.0,0.0,0.1,0.0,0.0,97.7,2.2
20190116195211,0.0,0.0,0.0,0.0,0.0,0.0,98.1,1.8
20190116195241,0.0,0.0,0.0,0.0,0.0,0.0,97.3,2.6
20190116195311,0.0,0.0,0.0,0.0,0.0,0.0,99.3,0.7
20190116195341,0.0,0.0,0.0,0.0,0.0,0.0,98.7,1.3
20190116195411,0.0,0.0,0.0,0.0,0.0,0.0,99.1,0.9
20190116195441,0.0,0.0,0.0,0.0,0.0,0.0,97.1,2.8
20190116195511,0.0,0.0,0.0,0.0,0.0,0.0,99.1,0.9
20190116195541,0.0,0.0,0.0,0.0,0.0,0.0,98.9,1.0
20190116195611,0.0,0.0,0.0,0.0,0.0,0.0,99.3,0.7
20190116195641,0.0,0.0,0.0,0.0,0.0,0.0,98.4,1.6
20190116195711,0.0,0.0,0.0,0.0,0.0,0.0,97.5,2.5
20190116195741,0.0,0.0,0.0,0.1,0.0,0.0,98.2,1.7
20190116195811,0.0,0.0,0.0,0.1,0.0,0.0,96.9,3.0
20190116195841,0.0,0.0,0.0,0.0,0.0,0.0,98.8,1.1
20190116195911,0.0,0.0,0.0,0.1,0.0,0.0,98.2,1.7
20190116195941,0.0,0.0,0.0,0.1,0.0,0.0,98.0,1.9
20190116200011,0.0,0.0,0.0,0.0,0.0,0.0,96.2,3.8
20190116200041,0.0,0.0,0.0,0.1,0.0,0.0,97.5,2.3
20190116200111,0.0,0.0,0.0,0.1,0.0,0.0,96.1,3.7
20190116200141,0.0,0.0,0.0,0.0,0.0,0.0,97.1,2.8
20190116200211,0.0,0.0,0.0,0.1,0.0,0.0,96.7,3.2
20190116200241,0.0,0.0,0.0,0.1,0.0,0.0,96.9,3.0
20190116200312,0.0,0.0,0.0,0.1,0.0,0.0,91.4,8.4
20190116200342,0.0,0.0,0.0,0.1,0.0,0.0,93.7,6.2
20190116200412,0.0,0.0,0.0,0.1,0.0,0.0,96.1,3.8
20190116200442,0.0,0.0,0.0,0.1,0.0,0.0,97.8,2.1
20190116200512,0.0,0.0,0.0,0.1,0.0,0.0,96.7,3.2
20190116200542,0.0,0.0,0.0,0.2,0.0,0.0,91.6,8.2
20190116200612,0.0,0.0,0.0,0.1,0.0,0.0,94.0,5.9
20190116200642,0.0,0.0,0.0,0.1,0.0,0.0,91.5,8.3
20190116200712,0.0,0.0,0.0,0.2,0.0,0.0,96.0,3.7
20190116200742,0.0,0.0,0.0,0.1,0.0,0.0,96.9,3.0
20190116200812,0.0,0.0,0.0,0.2,0.0,0.0,94.3,5.5
20190116200842,0.0,0.0,0.0,0.0,0.0,0.0,93.5,6.4
20190116200912,0.0,0.0,0.0,0.0,0.0,0.0,94.7,5.3
20190116200942,0.0,0.0,0.0,0.1,0.0,0.0,96.3,3.7
20190116201012,0.0,0.0,0.0,0.0,0.0,0.0,98.5,1.5
20190116201042,0.0,0.0,0.0,0.0,0.0,0.0,97.6,2.4
20190116201112,0.0,0.0,0.0,0.1,0.1,0.0,94.6,5.2
20190116201142,0.0,0.0,0.0,0.1,0.0,0.0,90.6,9.3
20190116201212,0.0,0.0,0.0,0.0,0.0,0.0,97.9,2.1
20190116201242,0.0,0.0,0.0,0.1,0.0,0.0,96.7,3.1
20190116201312,0.0,0.0,0.0,0.1,0.0,0.0,97.0,2.9
20190116201342,0.0,0.0,0.0,0.1,0.0,0.0,96.5,3.4
20190116201412,0.0,0.0,0.0,0.1,0.0,0.0,97.4,2.5
20190116201442,0.0,0.0,0.0,0.1,0.0,0.0,95.4,4.4
20190116201512,0.0,0.0,0.0,0.1,0.0,0.0,98.5,1.5
20190116201542,0.0,0.0,0.0,0.1,0.0,0.0,98.2,1.7
20190116201612,0.0,0.0,0.0,0.1,0.0,0.0,95.3,4.6
20190116201642,0.0,0.0,0.0,0.1,0.0,0.0,97.6,2.3
20190116201712,0.0,0.0,0.0,0.1,0.0,0.0,93.7,6.2
20190116201742,0.0,0.0,0.0,0.1,0.0,0.0,94.6,5.3
20190116201812,0.0,0.0,0.0,0.2,0.0,0.0,94.1,5.7
20190116201842,0.0,0.0,0.0,0.1,0.0,0.0,90.4,9.5
20190116201912,0.0,0.0,0.0,0.1,0.0,0.0,96.3,3.6
20190116201942,0.0,0.0,0.0,0.1,0.0,0.0,97.8,2.1
20190116202012,0.0,0.0,0.0,0.1,0.0,0.0,92.6,7.3
20190116202042,0.0,0.0,0.0,0.1,0.0,0.0,91.7,8.2
20190116202112,0.0,0.0,0.0,0.0,0.0,0.0,93.0,6.9
20190116202142,0.0,0.0,0.0,0.0,0.0,0.0,92.8,7.2
20190116202212,0.0,0.0,0.0,0.0,0.0,0.0,97.5,2.4
20190116202242,0.0,0.0,0.0,0.1,0.0,0.0,97.3,2.6
20190116202312,0.0,0.0,0.0,0.1,0.0,0.0,98.3,1.6
20190116202342,0.0,0.0,0.0,0.0,0.0,0.0,98.6,1.3
20190116202412,0.0,0.0,0.0,0.1,0.0,0.0,96.9,3.0
20190116202442,0.0,0.0,0.0,0.0,0.0,0.0,97.8,2.1
20190116202512,0.0,0.0,0.0,0.1,0.0,0.0,98.0,1.8
20190116202542,0.0,0.0,0.0,0.1,0.0,0.0,97.4,2.5
20190116202612,0.0,0.0,0.0,0.1,0.0,0.0,97.6,2.2
20190116202642,0.0,0.0,0.0,0.1,0.0,0.0,98.5,1.4
20190116202712,0.0,0.0,0.0,0.1,0.0,0.0,98.8,1.1
20190116202742,0.0,0.0,0.0,0.2,0.0,0.0,98.1,1.7
20190116202812,0.0,0.0,0.0,0.4,0.0,0.0,97.0,2.6
20190116202842,0.0,0.0,0.0,0.2,0.0,0.0,98.3,1.5
20190116202912,0.0,0.0,0.0,0.2,0.0,0.0,96.3,3.6
20190116202942,0.0,0.0,0.0,0.1,0.0,0.0,95.3,4.6
20190116203012,0.0,0.0,0.0,0.1,0.0,0.0,97.2,2.7
20190116203042,0.0,0.0,0.0,0.4,0.0,0.0,94.4,5.1
20190116203112,0.0,0.0,0.0,0.1,0.0,0.0,97.7,2.2
20190116203142,0.0,0.0,0.0,0.1,0.0,0.0,97.5,2.4
20190116203212,0.0,0.0,0.0,0.0,0.0,0.0,99.6,0.4
20190116203242,0.0,0.0,0.0,0.1,0.0,0.0,99.0,0.9
20190116203312,0.0,0.0,0.0,0.1,0.0,0.0,99.4,0.5
20190116203342,0.0,0.0,0.0,0.1,0.0,0.0,99.1,0.8
20190116203412,0.0,0.0,0.0,0.0,0.0,0.0,99.1,0.9
20190116203442,0.0,0.0,0.0,0.0,0.0,0.0,99.4,0.6
20190116203512,0.0,0.0,0.0,0.0,0.0,0.0,98.5,1.4
20190116203542,0.0,0.0,0.0,0.0,0.0,0.0,98.2,1.8
20190116203612,0.0,0.0,0.0,0.0,0.0,0.0,98.9,1.0
20190116203642,0.0,0.0,0.0,0.0,0.0,0.0,99.0,1.0
20190116203713,0.0,0.0,0.0,0.1,0.0,0.0,98.2,1.7
20190116203743,0.0,0.0,0.0,0.0,0.0,0.0,94.8,5.1
20190116203813,0.0,0.0,0.0,0.1,0.0,0.0,93.3,6.5
20190116203843,0.0,0.0,0.0,0.1,0.0,0.0,98.4,1.5
20190116203913,0.0,0.0,0.0,0.1,0.0,0.0,96.4,3.5
20190116203943,0.0,0.0,0.0,0.0,0.0,0.0,99.0,1.0
20190116204013,0.0,0.0,0.0,0.0,0.0,0.0,97.4,2.6
20190116204043,0.0,0.0,0.0,0.1,0.0,0.0,97.4,2.5
20190116204113,0.0,0.0,0.0,0.1,0.0,0.0,97.3,2.6
20190116204143,0.0,0.0,0.0,0.0,0.0,0.0,99.5,0.5
20190116204213,0.0,0.0,0.0,0.0,0.0,0.0,99.4,0.5
20190116204243,0.0,0.0,0.0,0.0,0.0,0.0,98.9,1.0
20190116204313,0.0,0.0,0.0,0.0,0.0,0.0,99.6,0.3
20190116204343,0.0,0.0,0.0,0.0,0.0,0.0,99.8,0.1
20190116204413,0.0,0.0,0.0,0.0,0.0,0.0,99.9,0.1
20190116204443,0.0,0.0,0.0,0.0,0.0,0.0,99.7,0.3
20190116204513,0.0,0.0,0.0,0.1,0.0,0.0,99.1,0.8
20190116204543,0.0,0.0,0.0,0.0,0.0,0.0,99.5,0.4
20190116204613,0.0,0.0,0.0,0.0,0.0,0.0,98.3,1.7
20190116204643,0.0,0.0,0.0,0.1,0.0,0.0,96.5,3.4
20190116204713,0.0,0.0,0.0,0.0,0.0,0.0,98.5,1.5
20190116204743,0.0,0.0,0.0,0.1,0.0,0.0,95.2,4.8
20190116204813,0.0,0.0,0.0,0.0,0.0,0.0,98.1,1.8
20190116204843,0.0,0.0,0.0,0.0,0.0,0.0,98.4,1.6
20190116204913,0.0,0.0,0.0,0.1,0.0,0.0,97.9,2.0
20190116204943,0.0,0.0,0.0,0.0,0.0,0.0,99.1,0.9
20190116205013,0.0,0.0,0.0,0.0,0.0,0.0,99.4,0.6
20190116205043,0.0,0.0,0.0,0.0,0.0,0.0,99.5,0.4
