UT,arc,discrete,diffuse,ac,ab,clear,cloudy,dd
20171224131200,0.0,0.0,0.0,0.0,0.0,0.0,0.0,100.0
20171224131230,0.0,0.0,0.0,0.0,0.0,0.0,0.0,100.0
20171224131300,0.0,0.0,0.0,0.0,0.0,0.0,0.0,100.0
20171224131330,0.0,0.0,0.0,0.0,0.0,0.0,0.0,100.0
20171224131400,0.0,0.0,0.0,0.0,0.0,0.0,0.0,100.0
20171224131430,0.0,0.0,0.0,0.0,0.0,0.0,0.0,100.0
20171224131500,0.0,0.0,0.0,0.0,0.0,0.0,0.0,100.0
20171224131530,0.0,0.0,0.0,0.0,0.0,0.0,0.0,100.0
20171224131600,0.0,0.0,0.0,0.0,0.0,0.0,0.0,100.0
20171224131630,0.0,0.0,0.0,0.0,0.0,0.0,0.0,100.0
20171224131700,0.0,0.0,0.0,0.0,0.0,0.0,0.0,100.0
20171224131730,0.0,0.0,0.0,0.0,0.0,0.0,0.0,100.0
20171224131800,0.0,0.0,0.0,0.0,0.0,0.0,0.0,100.0
20171224131830,0.0,0.0,0.0,0.0,0.0,0.0,0.0,100.0
20171224131900,0.0,0.0,0.0,0.0,0.0,0.0,0.0,100.0
20171224131930,0.0,0.0,0.0,0.0,0.0,0.0,0.0,100.0
20171224132000,0.0,0.0,0.0,0.0,0.0,0.0,0.0,100.0
20171224132030,0.0,0.0,0.0,0.0,0.0,0.0,0.0,100.0
20171224132100,0.0,0.0,0.0,0.0,0.0,0.0,0.0,100.0
20171224132130,0.0,0.0,0.0,0.0,0.0,0.0,0.0,100.0
20171224132200,0.0,0.0,0.0,0.0,0.0,0.0,0.0,100.0
20171224132230,0.0,0.0,0.0,0.0,0.0,0.0,0.0,100.0
20171224132300,0.0,0.0,0.0,0.0,0.0,0.0,0.0,100.0
20171224132330,0.0,0.0,0.0,0.0,0.0,0.0,0.0,100.0
20171224132400,0.0,0.0,0.0,0.0,0.0,0.0,0.0,100.0
20171224132430,0.0,0.0,0.0,0.0,0.0,0.0,0.0,100.0
20171224132500,0.0,0.0,0.0,0.0,0.0,0.0,0.0,100.0
20171224132530,0.0,0.0,0.0,0.0,0.0,0.0,0.0,100.0
20171224132600,0.0,0.0,0.0,0.0,0.0,0.0,0.0,100.0
20171224132630,0.0,0.0,0.0,0.0,0.0,0.0,0.0,100.0
20171224132700,0.0,0.0,0.0,0.0,0.0,0.0,0.0,100.0
20171224132730,0.0,0.0,0.0,0.0,0.0,0.0,0.0,100.0
20171224132800,0.0,0.0,0.0,0.0,0.0,0.0,0.0,100.0
20171224132830,0.0,0.0,0.0,0.0,0.0,0.0,0.0,100.0
20171224132900,0.0,0.0,0.0,0.0,0.0,0.0,0.0,100.0
20171224132930,0.0,0.0,0.0,0.0,0.0,0.0,0.0,100.0
20171224133000,0.0,0.0,0.0,0.0,0.0,0.0,0.0,100.0
20171224133030,0.0,0.0,0.0,0.0,0.0,0.0,0.0,100.0
20171224133100,0.0,0.0,0.0,0.0,0.0,0.0,0.0,100.0
20171224133130,0.0,0.0,0.0,0.0,0.0,0.0,0.0,100.0
20171224133200,0.0,0.0,0.0,0.0,0.0,0.0,0.0,100.0
20171224133230,0.0,0.0,0.0,0.0,0.0,0.0,0.0,100.0
20171224133300,0.0,0.0,0.0,0.0,0.0,0.0,0.0,100.0
20171224133330,0.0,0.0,0.0,0.0,0.0,0.0,0.0,100.0
20171224133400,0.0,0.0,0.0,0.0,0.0,0.0,0.0,100.0
20171224133430,0.0,0.0,0.0,0.0,0.0,0.0,0.0,100.0
20171224133500,0.0,0.0,0.0,0.0,0.0,0.0,0.0,100.0
20171224133530,0.0,0.0,0.0,0.0,0.0,0.0,0.0,100.0
20171224133600,0.0,0.0,0.0,0.0,0.0,0.0,0.0,100.0
20171224133630,0.0,0.0,0.0,0.0,0.0,0.0,0.0,100.0
20171224133700,0.0,0.0,0.0,0.0,0.0,0.0,0.0,100.0
20171224133730,0.0,0.0,0.0,0.0,0.0,0.0,0.0,100.0
20171224133800,0.0,0.0,0.0,0.0,0.0,0.0,0.0,100.0
20171224133830,0.0,0.0,0.0,0.0,0.0,0.0,0.0,100.0
20171224133900,0.0,0.0,0.0,0.0,0.0,0.0,0.0,100.0
20171224133930,0.0,0.0,0.0,0.0,0.0,0.0,0.0,100.0
20171224134000,0.0,0.0,0.0,0.0,0.0,0.0,0.0,100.0
20171224134030,0.0,0.0,0.0,0.0,0.0,0.0,0.0,100.0
20171224134100,0.0,0.0,0.0,0.0,0.0,0.0,0.0,100.0
20171224134130,0.0,0.0,0.0,0.0,0.0,0.0,0.0,100.0
20171224134201,0.0,0.0,0.0,0.0,0.0,0.0,0.0,100.0
20171224134231,0.0,0.0,0.0,0.0,0.0,0.0,0.0,100.0
20171224134301,0.0,0.0,0.0,0.0,0.0,0.0,0.0,100.0
20171224134331,0.0,0.0,0.0,0.0,0.0,0.0,0.0,100.0
20171224134401,0.0,0.0,0.0,0.0,0.0,0.0,0.0,100.0
20171224134431,0.0,0.0,0.0,0.0,0.0,0.0,0.0,100.0
20171224134501,0.0,0.0,0.0,0.0,0.0,0.0,0.0,100.0
20171224134531,0.0,0.0,0.0,0.0,0.0,0.0,0.0,100.0
20171224134601,0.0,0.0,0.0,0.0,0.0,0.0,0.0,100.0
20171224134631,0.0,0.0,0.0,0.0,0.0,0.0,0.0,100.0
20171224134701,0.0,0.0,0.0,0.0,0.0,0.0,0.0,100.0
20171224134731,0.0,0.0,0.0,0.0,0.0,0.0,0.0,100.0
20171224134801,0.0,0.0,0.0,0.0,0.0,0.0,0.0,100.0
20171224134831,0.0,0.0,0.0,0.0,0.0,0.0,0.0,100.0
20171224134901,0.0,0.0,0.0,0.0,0.0,0.0,0.0,100.0
20171224134931,0.0,0.0,0.0,0.0,0.0,0.0,0.0,100.0
20171224135001,0.0,0.0,0.0,0.0,0.0,0.0,0.0,100.0
20171224135031,0.0,0.0,0.0,0.0,0.0,0.0,0.0,100.0
20171224135101,0.0,0.0,0.0,0.0,0.0,0.0,0.0,100.0
20171224135131,0.0,0.0,0.0,0.0,0.0,0.0,0.0,100.0
20171224135201,0.0,0.0,0.0,0.0,0.0,0.0,0.0,100.0
20171224135231,0.0,0.0,0.0,0.0,0.0,0.0,0.0,100.0
20171224135301,0.0,0.0,0.0,0.0,0.0,0.0,0.0,100.0
20171224135331,0.0,0.0,0.0,0.0,0.0,0.0,0.0,100.0
20171224135401,0.0,0.0,0.0,0.0,0.0,0.0,0.0,100.0
20171224135431,0.0,0.0,0.0,0.0,0.0,0.0,0.0,100.0
20171224135501,0.0,0.0,0.0,0.0,0.0,0.0,0.0,100.0
20171224135531,0.0,0.0,0.0,0.0,0.0,0.0,0.0,100.0
20171224135601,0.0,0.0,0.0,0.0,0.0,0.0,0.0,100.0
20171224135631,0.0,0.0,0.0,0.0,0.0,0.0,0.0,100.0
20171224135701,0.0,0.0,0.0,0.0,0.0,0.0,0.0,100.0
20171224135731,0.0,0.0,0.0,0.0,0.0,0.0,0.0,100.0
20171224135801,0.0,0.0,0.0,0.0,0.0,0.0,0.0,100.0
20171224135831,0.0,0.0,0.0,0.0,0.0,0.0,0.0,100.0
20171224135901,0.0,0.0,0.0,0.0,0.0,0.0,0.0,100.0
20171224135931,0.0,0.0,0.0,0.0,0.0,0.0,0.0,100.0
20171224140001,0.0,0.0,0.0,0.0,0.0,0.0,0.0,100.0
20171224140031,0.0,0.0,0.0,0.0,0.0,0.0,0.0,100.0
20171224140101,0.0,0.0,0.0,0.0,0.0,0.0,0.0,100.0
20171224140131,0.0,0.0,0.0,0.0,0.0,0.0,0.0,100.0
20171224140201,0.0,0.0,0.0,0.0,0.0,0.0,0.0,100.0
20171224140231,0.0,0.0,0.0,0.0,0.0,0.0,0.0,100.0
20171224140301,0.0,0.0,0.0,0.0,0.0,0.0,0.0,100.0
20171224140331,0.0,0.0,0.0,0.0,0.0,0.0,0.0,100.0
20171224140401,0.0,0.0,0.0,0.0,0.0,0.0,0.0,100.0
20171224140431,0.0,0.0,0.0,0.0,0.0,0.0,0.0,100.0
20171224140501,0.0,0.0,0.0,0.0,0.0,0.0,0.0,100.0
20171224140531,0.0,0.0,0.0,0.0,0.0,0.0,0.0,100.0
20171224140601,0.0,0.0,0.0,0.0,0.0,0.0,0.0,100.0
20171224140631,0.0,0.0,0.0,0.0,0.0,0.0,0.0,100.0
20171224140701,0.0,0.0,0.0,0.0,0.0,0.0,0.0,100.0
20171224140731,0.0,0.0,0.0,0.0,0.0,0.0,0.0,100.0
20171224140801,0.0,0.0,0.0,0.0,0.0,0.0,0.0,100.0
20171224140831,0.0,0.0,0.0,0.0,0.0,0.0,0.0,100.0
20171224140901,0.0,0.0,0.0,0.0,0.0,0.0,0.0,100.0
20171224140931,0.0,0.0,0.0,0.0,0.0,0.0,0.0,100.0
20171224141002,0.0,0.0,0.0,0.0,0.0,0.0,0.0,100.0
20171224141032,0.0,0.0,0.0,0.0,0.0,0.0,0.0,100.0
20171224141102,0.0,0.0,0.0,0.0,0.0,0.0,0.0,100.0
20171224141132,0.0,0.0,0.0,0.0,0.0,0.0,0.0,100.0
20171224141332,0.0,0.0,0.0,0.0,0.0,0.0,0.0,100.0
20171224141402,0.0,0.0,0.0,0.0,0.0,0.0,0.0,100.0
20171224141432,0.0,0.0,0.0,0.0,0.0,0.0,0.0,100.0
20171224141502,0.0,0.0,0.0,0.0,0.0,0.0,0.0,100.0
20171224141532,0.0,0.0,0.0,0.0,0.0,0.0,0.0,100.0
20171224141602,0.0,0.0,0.0,0.0,0.0,0.0,0.0,100.0
20171224141632,0.0,0.0,0.0,0.0,0.0,0.0,0.0,100.0
20171224141702,0.0,0.0,0.0,0.0,0.0,0.0,0.0,100.0
20171224141732,0.0,0.0,0.0,0.0,0.0,0.0,0.0,100.0
20171224141802,0.0,0.0,0.0,0.0,0.0,0.0,0.0,100.0
20171224141832,0.0,0.0,0.0,0.0,0.0,0.0,0.0,100.0
20171224141902,0.0,0.0,0.0,0.0,0.0,0.0,0.0,100.0
20171224141932,0.0,0.0,0.0,0.0,0.0,0.0,0.0,100.0
20171224142002,0.0,0.0,0.0,0.0,0.0,0.0,0.0,100.0
20171224142032,0.0,0.0,0.0,0.0,0.0,0.0,0.0,100.0
20171224142102,0.0,0.0,0.0,0.0,0.0,0.0,0.0,100.0
20171224142132,0.0,0.0,0.0,0.0,0.0,0.0,0.0,100.0
20171224142202,0.0,0.0,0.0,0.0,0.0,0.0,0.0,100.0
20171224142232,0.0,0.0,0.0,0.0,0.0,0.0,0.0,100.0
20171224142302,0.0,0.0,0.0,0.0,0.0,0.0,0.0,100.0
20171224142332,0.0,0.0,0.0,0.0,0.0,0.0,0.0,100.0
20171224142402,0.0,0.0,0.0,0.0,0.0,0.0,0.0,100.0
20171224142432,0.0,0.0,0.0,0.0,0.0,0.0,0.0,100.0
20171224142502,0.0,0.0,0.0,0.0,0.0,0.0,0.0,100.0
20171224142532,0.0,0.0,0.0,0.0,0.0,0.0,0.0,100.0
20171224142602,0.0,0.0,0.0,0.0,0.0,0.0,0.0,100.0
20171224142632,0.0,0.0,0.0,0.0,0.0,0.0,0.0,100.0
20171224142702,0.0,0.0,0.0,0.0,0.0,0.0,0.0,100.0
20171224142732,0.0,0.0,0.0,0.0,0.0,0.0,0.0,100.0
20171224142802,0.0,0.0,0.0,0.0,0.0,0.0,0.0,100.0
20171224142832,0.0,0.0,0.0,0.0,0.0,0.0,0.0,100.0
20171224142902,0.0,0.0,0.0,0.0,0.0,0.0,0.0,100.0
20171224142932,0.0,0.0,0.0,0.0,0.0,0.0,0.0,100.0
20171224143002,0.0,0.0,0.0,0.0,0.0,0.0,0.0,100.0
20171224143032,0.0,0.0,0.0,0.0,0.0,0.0,0.0,100.0
20171224143102,0.0,0.0,0.0,0.0,0.0,0.0,0.0,100.0
20171224143132,0.0,0.0,0.0,0.0,0.0,0.0,0.0,100.0
20171224143202,0.0,0.0,0.0,0.0,0.0,0.0,0.0,100.0
20171224143232,0.0,0.0,0.0,0.0,0.0,0.0,0.0,100.0
20171224143302,0.0,0.0,0.0,0.0,0.0,0.0,0.0,100.0
20171224143332,0.0,0.0,0.0,0.0,0.0,0.0,0.0,100.0
20171224143402,0.0,0.0,0.0,0.0,0.0,0.0,0.0,100.0
20171224143432,0.0,0.0,0.0,0.0,0.0,0.0,0.0,100.0
20171224143502,0.0,0.0,0.0,0.0,0.0,0.0,0.0,100.0
20171224143532,0.0,0.0,0.0,0.0,0.0,0.0,0.0,100.0
20171224143602,0.0,0.0,0.0,0.0,0.0,0.0,0.0,100.0
20171224143632,0.0,0.0,0.0,0.0,0.0,0.0,0.0,100.0
20171224143702,0.0,0.0,0.0,0.0,0.0,0.0,0.0,100.0
20171224143732,0.0,0.0,0.0,0.0,0.0,0.0,0.0,100.0
20171224143802,0.0,0.0,0.0,0.0,0.0,0.0,0.0,100.0
20171224143832,0.0,0.0,0.0,0.0,0.0,0.0,0.0,100.0
20171224143902,0.0,0.0,0.0,0.0,0.0,0.0,0.0,100.0
20171224143932,0.0,0.0,0.0,0.0,0.0,0.0,0.0,100.0
20171224144002,0.0,0.0,0.0,0.0,0.0,0.0,0.0,100.0
20171224144032,0.0,0.0,0.0,0.0,0.0,0.0,0.0,100.0
20171224144102,0.0,0.0,0.0,0.0,0.0,0.0,0.0,100.0
20171224144132,0.0,0.0,0.0,0.0,0.0,0.0,0.0,100.0
20171224144202,0.0,0.0,0.0,0.0,0.0,0.0,0.0,100.0
20171224144232,0.0,0.0,0.0,0.0,0.0,0.0,0.0,100.0
20171224144302,0.0,0.0,0.0,0.0,0.0,0.0,0.0,100.0
20171224144332,0.0,0.0,0.0,0.0,0.0,0.0,0.0,100.0
20171224144403,0.0,0.0,0.0,0.0,0.1,0.0,0.0,99.9
20171224144433,0.0,0.0,0.0,0.0,1.6,0.0,0.0,98.4
20171224144503,0.0,0.0,0.0,0.0,3.9,0.0,0.0,96.1
20171224144533,0.0,0.0,0.0,0.0,9.2,0.0,0.0,90.8
20171224144603,0.0,0.0,0.0,0.0,12.6,0.0,0.1,87.3
20171224144633,0.0,0.0,0.0,0.0,10.4,0.0,0.1,89.5
20171224144703,0.0,0.0,0.0,0.5,14.3,0.0,0.1,85.1
20171224144733,0.0,0.0,0.0,0.0,5.7,0.0,0.1,94.1
20171224144803,0.0,0.0,0.0,0.0,10.7,0.0,0.2,89.1
20171224144833,0.0,0.0,0.0,0.6,7.6,0.0,0.5,91.2
20171224144903,0.2,0.1,0.0,3.2,82.4,0.0,0.2,13.8
20171224144933,0.4,0.1,0.0,6.5,67.3,0.0,0.2,25.5
20171224145003,0.3,0.1,0.1,8.5,15.0,0.0,0.2,75.9
20171224145033,0.9,0.1,0.3,3.8,30.3,0.0,1.1,63.5
20171224145103,1.6,0.2,0.1,59.9,15.5,0.0,0.3,22.5
20171224145133,10.4,0.1,0.0,31.5,32.0,0.0,0.2,25.7
20171224145203,0.6,0.1,0.0,8.0,57.1,0.0,0.3,33.9
20171224145233,0.3,0.1,0.0,1.9,22.1,0.0,0.1,75.5
20171224145303,2.0,0.2,0.1,21.5,44.5,0.0,0.5,31.3
20171224145333,1.8,0.3,0.1,6.7,47.5,0.0,2.2,41.3
20171224145403,0.6,0.0,0.0,2.3,29.1,0.0,6.6,61.3
20171224145433,1.7,0.0,0.0,20.5,16.2,0.0,0.5,61.0
20171224145503,0.2,0.0,0.0,24.9,19.8,0.0,3.9,51.1
20171224145533,0.1,0.0,0.0,2.2,20.0,0.0,21.4,56.3
20171224145603,0.1,0.0,0.0,3.2,4.2,0.0,3.6,88.9
20171224145633,1.3,0.1,0.1,30.8,6.7,0.0,26.4,34.7
20171224145703,0.3,0.0,0.1,18.4,2.1,0.1,63.2,15.8
20171224145733,0.4,0.1,0.1,5.7,0.6,0.1,79.8,13.4
20171224145803,10.4,3.6,0.0,63.8,1.4,0.1,13.5,7.2
20171224145833,3.3,1.9,0.0,62.1,1.3,0.0,24.0,7.3
20171224145903,2.9,1.5,0.0,77.2,5.3,0.0,2.6,10.5
20171224145933,2.7,0.5,0.0,96.0,0.3,0.0,0.3,0.2
20171224150003,0.3,0.0,0.0,91.5,0.1,0.0,6.7,1.3
20171224150033,1.5,0.2,0.0,96.0,0.3,0.0,1.4,0.5
20171224150103,1.7,0.6,0.0,96.0,1.0,0.0,0.3,0.3
20171224150133,0.9,0.3,0.2,85.5,7.0,0.0,5.8,0.3
20171224150203,0.3,5.3,0.1,90.2,2.8,0.0,1.2,0.1
20171224150233,0.4,0.2,0.0,70.0,1.7,0.0,27.4,0.3
20171224150303,4.5,0.7,0.0,83.4,11.3,0.0,0.0,0.0
20171224150333,0.1,2.3,0.0,78.3,0.7,0.0,18.5,0.1
20171224150403,0.6,11.8,0.0,82.8,3.3,0.0,1.4,0.2
20171224150433,0.5,2.3,0.0,92.6,3.3,0.0,1.2,0.0
20171224150503,0.4,3.1,0.3,95.2,0.4,0.0,0.6,0.0
20171224150533,2.7,0.4,0.1,70.4,0.1,0.0,26.1,0.1
20171224150603,0.4,1.2,0.1,97.7,0.4,0.0,0.2,0.0
20171224150633,16.2,2.2,0.1,65.9,15.2,0.0,0.3,0.0
20171224150703,8.9,0.6,0.1,83.1,1.6,0.0,5.7,0.1
20171224150733,45.7,0.2,0.0,44.9,1.6,0.0,7.6,0.0
20171224150803,5.4,0.1,0.0,69.6,0.6,0.0,24.2,0.1
20171224150833,0.7,0.0,0.0,96.3,0.1,0.0,2.8,0.0
20171224150903,15.5,0.6,0.1,35.7,0.3,0.0,47.7,0.1
20171224150933,0.6,1.6,0.0,97.5,0.1,0.0,0.2,0.0
20171224151003,1.7,0.6,0.0,97.0,0.2,0.0,0.5,0.0
20171224151033,4.4,0.1,0.0,89.9,0.1,0.0,5.5,0.0
20171224151103,10.1,0.1,0.0,75.9,0.1,0.0,13.8,0.0
20171224151133,16.1,0.1,0.0,79.1,0.2,0.0,4.4,0.0
20171224151203,7.9,0.1,0.0,60.8,0.1,0.0,30.9,0.1
20171224151233,2.0,0.1,0.0,32.4,0.2,0.0,65.3,0.0
20171224151303,3.9,0.1,0.0,44.5,0.1,0.0,51.4,0.0
20171224151333,4.1,0.4,0.0,83.0,0.7,0.0,11.7,0.0
20171224151403,33.9,0.1,0.0,28.3,0.4,0.0,37.2,0.1
20171224151433,31.2,0.2,0.0,40.1,1.0,0.0,27.0,0.5
20171224151503,2.7,0.0,0.0,25.3,0.1,0.0,71.5,0.3
20171224151533,2.0,0.0,0.0,17.9,0.2,0.0,79.6,0.2
20171224151603,2.5,0.0,0.0,41.8,0.0,0.0,55.6,0.1
20171224151633,1.4,0.0,0.0,31.6,0.0,0.0,66.9,0.0
20171224151703,0.2,0.0,0.0,3.8,0.0,0.0,95.9,0.1
20171224151733,0.3,0.0,0.0,35.7,0.1,0.0,63.4,0.4
20171224151804,0.7,0.0,0.0,6.3,0.1,0.0,92.5,0.3
20171224151834,1.1,0.0,0.0,22.9,0.1,0.0,75.7,0.1
20171224151904,0.1,0.0,0.0,3.8,0.2,0.0,95.3,0.6
20171224151934,0.1,0.0,0.0,8.3,0.1,0.0,90.7,0.8
20171224152004,0.1,0.0,0.0,53.5,0.2,0.0,46.1,0.1
20171224152034,0.1,0.0,0.0,49.7,0.1,0.0,50.0,0.2
20171224152104,0.0,0.0,0.0,8.0,0.1,0.0,91.8,0.1
20171224152134,0.0,0.0,0.0,6.0,0.1,0.0,93.8,0.1
20171224152204,0.0,0.0,0.0,3.7,0.0,0.0,96.1,0.1
20171224152234,0.1,0.0,0.0,13.3,0.2,0.0,86.2,0.1
20171224152304,0.0,0.0,0.0,22.7,0.0,0.0,77.0,0.2
20171224152334,0.1,0.0,0.1,40.2,0.0,0.0,59.1,0.5
20171224152404,0.0,0.0,0.1,6.0,0.0,0.0,93.5,0.3
20171224152434,0.1,0.2,0.2,60.5,0.1,0.0,33.1,5.8
20171224152504,0.1,0.8,1.7,91.6,0.9,0.0,4.9,0.0
20171224152534,0.2,0.2,0.1,53.9,0.2,0.0,45.0,0.4
20171224152604,0.3,0.1,0.0,93.8,0.1,0.0,5.6,0.2
20171224152634,0.1,0.2,0.0,99.3,0.0,0.0,0.3,0.0
20171224152704,0.0,0.8,0.0,99.0,0.1,0.0,0.1,0.0
20171224152734,0.1,1.6,0.0,98.1,0.1,0.0,0.1,0.0
20171224152804,0.0,0.0,0.0,2.8,0.0,0.0,97.1,0.0
20171224152834,0.2,0.0,0.0,4.7,0.1,0.1,94.3,0.6
20171224152904,0.0,0.0,0.0,0.3,0.0,0.0,99.6,0.1
20171224152934,0.0,0.0,0.0,0.1,0.0,0.0,99.8,0.0
20171224153004,0.0,0.0,0.0,0.0,0.0,0.0,100.0,0.0
20171224153034,0.0,0.0,0.0,0.3,0.0,0.2,98.9,0.6
20171224153104,0.0,0.0,0.0,0.7,0.0,0.1,99.0,0.2
20171224153134,0.0,0.0,0.0,0.9,0.0,0.1,98.2,0.7
20171224153204,0.1,0.0,0.1,5.4,0.0,0.2,93.9,0.2
20171224153234,0.0,0.0,0.1,1.0,0.0,0.0,98.9,0.0
20171224153304,0.1,0.0,0.4,1.9,0.0,0.1,97.3,0.3
20171224153334,0.0,0.0,0.0,0.1,0.0,0.0,99.9,0.0
20171224153404,0.0,0.0,0.0,0.0,0.0,0.1,99.9,0.0
20171224153434,0.0,0.0,0.0,0.1,0.0,0.1,99.7,0.1
20171224153504,0.0,0.0,0.0,0.1,0.0,0.0,99.9,0.0
20171224153534,0.2,0.0,0.0,1.5,0.0,0.2,97.8,0.2
20171224153604,0.1,0.0,0.0,0.5,0.0,0.4,98.8,0.1
20171224153634,0.0,0.0,0.0,1.0,0.0,0.0,98.9,0.0
20171224153704,0.0,0.0,0.0,0.1,0.0,0.0,99.8,0.1
20171224153734,0.0,0.0,0.0,0.0,0.0,0.1,99.9,0.0
20171224153804,0.0,0.0,0.0,0.0,0.0,0.1,99.9,0.0
20171224153834,0.0,0.0,0.0,0.0,0.0,0.1,99.8,0.0
20171224153904,0.0,0.0,0.0,0.0,0.0,0.0,100.0,0.0
20171224153934,0.0,0.0,0.0,0.3,0.0,0.5,99.1,0.1
20171224154004,0.0,0.0,0.0,0.3,0.0,0.5,99.1,0.1
20171224154034,0.0,0.0,0.0,0.1,0.0,0.0,99.6,0.2
20171224154104,0.1,0.0,0.0,0.3,0.0,0.1,99.4,0.2
20171224154134,0.0,0.0,0.0,0.4,0.0,0.1,99.2,0.2
20171224154204,0.1,0.0,0.0,2.8,0.0,1.5,94.7,0.8
20171224154234,0.0,0.0,0.0,0.2,0.0,0.6,98.9,0.4
20171224154304,0.0,0.0,0.0,0.0,0.0,0.0,99.9,0.1
20171224154334,0.0,0.0,0.0,0.2,0.0,0.5,99.2,0.1
20171224154404,0.0,0.0,0.0,0.0,0.0,0.0,99.8,0.2
20171224154434,0.0,0.0,0.0,0.0,0.0,0.0,99.8,0.2
20171224154504,0.0,0.0,0.0,0.0,0.0,0.1,99.6,0.3
20171224154534,0.0,0.0,0.0,0.0,0.0,0.0,99.8,0.1
20171224154604,0.0,0.0,0.0,0.0,0.0,0.0,99.9,0.0
20171224154634,0.0,0.0,0.0,0.0,0.0,0.3,99.3,0.3
20171224154704,0.0,0.0,0.0,0.0,0.0,0.0,99.8,0.1
20171224154734,0.0,0.0,0.0,0.0,0.0,0.0,99.9,0.0
20171224154804,0.0,0.0,0.0,0.0,0.0,0.0,100.0,0.0
20171224154834,0.0,0.0,0.0,0.0,0.0,0.0,100.0,0.0
20171224154904,0.0,0.0,0.0,0.0,0.0,0.0,100.0,0.0
20171224154934,0.0,0.0,0.0,0.0,0.0,0.0,100.0,0.0
20171224155004,0.0,0.0,0.0,0.0,0.0,0.0,100.0,0.0
20171224155034,0.0,0.0,0.0,0.0,0.0,0.0,100.0,0.0
20171224155104,0.0,0.0,0.0,0.0,0.0,0.0,99.0,0.9
20171224155134,0.0,0.0,0.0,0.0,0.0,0.0,99.8,0.2
20171224155204,0.0,0.0,0.0,0.0,0.0,0.0,99.9,0.1
20171224155235,0.0,0.0,0.0,0.0,0.0,0.0,99.5,0.5
20171224155305,0.0,0.0,0.0,0.0,0.0,0.0,99.0,1.0
20171224155335,0.0,0.0,0.0,0.0,0.0,0.0,85.7,14.2
20171224155405,0.0,0.0,0.0,0.0,0.0,0.0,99.3,0.7
20171224155435,0.0,0.0,0.0,0.0,0.0,0.0,91.2,8.8
20171224155505,0.0,0.0,0.0,0.0,0.0,0.0,82.4,17.5
20171224155535,0.0,0.0,0.0,0.0,0.0,0.0,88.7,11.2
20171224155605,0.0,0.0,0.0,0.0,0.0,0.0,53.5,46.5
20171224155635,0.0,0.0,0.0,0.0,0.0,0.2,63.7,36.1
20171224155705,0.0,0.0,0.0,0.0,0.0,0.2,60.4,39.4
20171224155735,0.0,0.0,0.0,0.0,0.0,0.0,96.3,3.7
20171224155805,0.0,0.0,0.0,0.0,0.0,0.2,58.5,41.3
20171224155835,0.0,0.0,0.0,0.0,0.0,0.3,37.6,62.1
20171224155905,0.0,0.0,0.0,0.0,0.0,0.2,77.3,22.5
20171224155935,0.1,0.0,0.0,0.0,0.0,0.5,70.7,28.7
20171224160005,0.1,0.0,0.0,0.0,0.0,1.2,81.0,17.6
20171224160035,0.2,0.0,0.0,0.0,0.0,2.0,45.5,52.3
20171224160105,0.1,0.0,0.0,0.0,0.0,1.1,43.8,54.9
20171224160135,0.2,0.0,0.0,0.0,0.0,0.7,20.7,78.5
20171224160205,0.2,0.0,0.0,0.0,0.0,0.4,21.0,78.4
20171224160235,0.0,0.0,0.0,0.0,0.0,0.1,8.6,91.2
20171224160305,0.0,0.0,0.0,0.0,0.0,0.4,20.8,78.8
20171224160335,0.0,0.0,0.0,0.0,0.0,0.2,4.8,94.9
20171224160405,0.0,0.0,0.0,0.0,0.0,0.1,11.3,88.6
20171224160435,0.0,0.0,0.0,0.0,0.0,0.5,4.7,94.8
20171224160505,0.0,0.0,0.0,0.0,0.0,0.4,6.0,93.6
20171224160535,0.0,0.0,0.0,0.0,0.0,1.0,4.9,94.0
20171224160605,0.0,0.0,0.0,0.0,0.0,1.0,9.9,89.0
20171224160635,0.0,0.0,0.0,0.0,0.0,0.6,3.2,96.2
20171224160705,0.1,0.0,0.0,0.0,0.0,1.0,14.9,84.0
20171224160735,0.2,0.0,0.0,0.0,0.0,7.0,20.1,72.7
20171224160805,0.1,0.0,0.0,0.0,0.0,2.8,15.4,81.7
20171224160835,0.1,0.0,0.0,0.0,0.0,6.3,8.2,85.4
20171224160905,0.1,0.0,0.0,0.0,0.0,11.8,3.5,84.6
20171224160935,0.1,0.0,0.0,0.0,0.0,5.4,3.8,90.6
20171224161005,0.0,0.0,0.0,0.0,0.0,1.1,4.2,94.6
20171224161035,0.1,0.0,0.0,0.0,0.0,0.8,24.5,74.6
20171224161105,0.1,0.0,0.1,0.2,0.0,3.6,8.2,87.7
20171224161135,0.0,0.0,0.0,0.2,0.1,2.0,5.9,91.9
20171224161205,0.1,0.0,0.0,0.0,0.0,2.5,5.0,92.4
20171224161235,0.0,0.0,0.0,0.0,0.0,3.7,15.9,80.3
20171224161305,0.0,0.0,0.0,0.0,0.0,0.5,30.5,68.9
20171224161335,0.1,0.0,0.0,0.0,0.0,3.0,20.3,76.5
20171224161405,0.3,0.0,0.0,0.0,0.0,2.2,4.2,93.3
20171224161435,0.1,0.0,0.0,0.0,0.0,1.4,7.3,91.2
20171224161505,0.0,0.0,0.0,0.0,0.0,0.9,9.5,89.5
20171224161535,0.0,0.0,0.0,0.0,0.0,0.9,9.1,90.0
20171224161605,0.2,0.0,0.0,0.0,0.0,1.2,20.3,78.3
20171224161635,0.0,0.0,0.0,0.0,0.0,0.5,2.9,96.6
20171224161705,0.1,0.0,0.0,0.0,0.0,2.2,6.4,91.3
20171224161735,0.2,0.0,0.0,0.0,0.0,2.4,8.3,89.0
20171224161805,0.0,0.0,0.0,0.0,0.0,0.5,24.5,74.9
20171224161835,0.1,0.0,0.0,0.0,0.0,2.2,4.4,93.3
20171224161905,0.0,0.0,0.0,0.0,0.0,1.1,2.3,96.6
20171224161936,0.0,0.0,0.0,0.0,0.0,0.5,0.7,98.7
20171224162006,0.0,0.0,0.0,0.0,0.0,0.4,0.2,99.4
20171224162036,0.0,0.0,0.0,0.0,0.0,0.3,0.1,99.6
20171224162106,0.2,0.0,0.0,0.0,0.0,1.1,1.0,97.6
20171224162136,0.0,0.0,0.0,0.0,0.0,0.4,0.2,99.4
20171224162206,0.0,0.0,0.0,0.0,0.0,0.8,0.2,98.9
20171224162236,0.0,0.0,0.0,0.0,0.0,0.9,0.3,98.8
20171224162306,0.1,0.0,0.0,0.0,0.0,3.5,0.7,95.7
20171224162336,0.1,0.0,0.0,0.0,0.0,2.0,0.3,97.5
20171224162406,0.1,0.0,0.1,0.0,0.0,1.8,0.6,97.5
20171224162436,0.0,0.0,0.0,0.0,0.0,0.9,0.1,99.0
20171224162506,0.0,0.0,0.0,0.0,0.0,2.3,1.0,96.7
20171224162536,0.0,0.0,0.0,0.0,0.0,2.1,0.3,97.6
20171224162606,0.0,0.0,0.0,0.0,0.0,1.5,0.3,98.2
20171224162636,0.0,0.0,0.0,0.0,0.0,1.3,1.2,97.5
20171224162706,0.0,0.0,0.0,0.0,0.0,3.0,0.6,96.3
20171224162736,0.0,0.0,0.0,0.0,0.0,10.1,0.7,89.2
20171224162806,0.0,0.0,0.0,0.0,0.0,3.0,1.0,95.9
20171224162836,0.0,0.0,0.0,0.0,0.0,1.1,0.3,98.6
20171224162906,0.0,0.0,0.0,0.0,0.0,1.7,0.2,98.0
20171224162936,0.0,0.0,0.0,0.0,0.0,1.9,0.1,98.0
20171224163006,0.0,0.0,0.0,0.0,0.0,8.2,1.7,90.0
20171224163036,0.0,0.0,0.0,0.0,0.0,15.6,1.2,83.2
20171224163106,0.0,0.0,0.0,0.0,0.0,10.1,1.4,88.5
20171224163136,0.0,0.0,0.0,0.0,0.0,17.1,0.6,82.2
20171224163206,0.0,0.0,0.0,0.0,0.0,5.6,0.2,94.2
20171224163236,0.0,0.0,0.0,0.0,0.0,10.6,0.4,88.9
20171224163306,0.0,0.0,0.1,0.0,0.0,8.1,0.2,91.6
20171224163336,0.0,0.0,0.0,0.0,0.0,12.2,0.3,87.4
20171224163406,0.1,0.0,0.0,0.0,0.0,45.0,0.4,54.5
20171224163436,0.1,0.0,0.2,0.0,0.0,52.6,0.3,46.8
20171224163506,0.0,0.0,0.1,0.0,0.0,46.1,0.3,53.4
20171224163536,0.0,0.0,0.0,0.0,0.0,65.5,1.2,33.3
20171224163606,0.0,0.0,0.0,0.0,0.0,89.8,1.0,9.2
20171224163636,0.0,0.0,0.0,0.0,0.0,97.4,0.5,2.1
20171224163706,0.0,0.0,0.0,0.0,0.0,99.0,0.1,0.9
20171224163736,0.0,0.0,0.0,0.0,0.0,94.4,3.8,1.8
20171224163806,0.0,0.0,0.0,0.0,0.0,75.8,3.7,20.5
20171224163836,0.3,0.0,0.0,0.0,0.0,98.5,0.2,0.9
20171224163906,0.3,0.0,0.0,0.0,0.0,98.5,0.4,0.9
20171224163936,0.1,0.0,0.0,0.0,0.0,98.7,0.3,0.9
20171224164006,0.2,0.0,0.0,0.0,0.0,94.3,0.3,5.1
20171224164036,0.2,0.0,0.0,0.0,0.0,99.1,0.1,0.7
20171224164106,0.0,0.0,0.0,0.0,0.0,93.1,0.1,6.7
20171224164136,0.0,0.0,0.0,0.0,0.0,96.0,0.1,3.8
20171224164206,0.1,0.0,0.0,0.0,0.0,97.3,0.6,2.0
20171224164236,0.1,0.0,0.0,0.0,0.0,97.0,1.0,1.9
20171224164306,0.5,0.0,0.0,0.0,0.0,96.8,0.3,2.4
20171224164336,0.1,0.0,0.0,0.0,0.0,99.4,0.0,0.5
20171224164406,2.0,0.0,0.1,0.0,0.0,96.4,0.6,1.0
20171224164436,1.5,0.0,0.1,0.0,0.0,98.2,0.1,0.1
20171224164506,5.1,0.0,0.1,0.0,0.0,94.2,0.1,0.5
20171224164536,58.1,0.0,0.3,0.0,0.0,41.3,0.1,0.2
20171224164606,1.4,0.0,0.0,0.0,0.0,98.3,0.1,0.2
20171224164636,0.0,0.0,0.0,0.0,0.0,99.8,0.1,0.1
20171224164706,0.0,0.0,0.0,0.0,0.0,99.8,0.0,0.1
20171224164736,0.2,0.0,0.0,0.0,0.0,99.2,0.3,0.3
20171224164806,0.5,0.0,0.1,0.0,0.0,97.7,0.5,1.3
20171224164836,0.2,0.0,0.0,0.0,0.0,99.4,0.1,0.2
20171224164906,0.5,0.0,0.0,0.0,0.0,98.7,0.5,0.3
20171224164936,2.7,0.0,0.1,0.0,0.0,93.7,1.6,2.0
20171224165006,7.1,0.0,0.2,0.0,0.0,91.1,0.3,1.3
20171224165036,0.5,0.0,0.0,0.0,0.0,97.7,0.9,0.8
20171224165106,3.2,0.0,0.1,0.0,0.0,96.4,0.1,0.2
20171224165136,17.3,0.0,0.3,0.0,0.0,82.0,0.1,0.3
20171224165206,87.5,0.0,0.0,0.0,0.0,12.4,0.0,0.0
20171224165236,97.1,0.0,0.0,0.0,0.0,2.9,0.0,0.0
20171224165306,74.5,0.0,0.1,0.0,0.0,25.3,0.0,0.1
20171224165336,6.6,0.0,0.1,0.0,0.0,93.0,0.1,0.1
20171224165407,1.2,0.0,0.6,0.0,0.0,97.6,0.3,0.2
20171224165437,16.8,0.0,0.2,0.0,0.0,82.9,0.1,0.1
20171224165507,3.3,0.0,0.5,0.0,0.0,96.1,0.0,0.0
20171224165537,0.5,0.0,1.4,0.0,0.0,97.6,0.1,0.3
20171224165607,6.6,0.0,2.0,0.0,0.0,90.9,0.2,0.2
20171224165637,2.2,0.0,0.4,0.0,0.0,97.3,0.1,0.0
20171224165707,0.7,0.0,1.0,0.0,0.0,97.4,0.3,0.5
20171224165737,0.4,0.0,0.2,0.0,0.0,99.2,0.1,0.1
20171224165807,0.3,0.0,0.1,0.0,0.0,98.9,0.3,0.3
20171224165837,0.1,0.0,0.0,0.0,0.0,99.7,0.1,0.1
20171224165907,1.6,0.0,0.1,0.0,0.0,96.4,1.0,1.0
20171224165937,0.3,0.0,0.3,0.0,0.0,99.0,0.2,0.3
20171224170007,0.3,0.0,0.1,0.0,0.0,98.5,0.8,0.3
20171224170037,0.2,0.0,0.0,0.0,0.0,99.3,0.4,0.2
20171224170107,0.4,0.0,0.0,0.0,0.0,97.8,0.4,1.4
20171224170137,1.5,0.0,0.2,0.0,0.0,92.4,0.7,5.3
20171224170207,0.4,0.0,0.1,0.0,0.0,98.4,0.2,0.8
20171224170237,0.1,0.0,0.0,0.0,0.0,99.6,0.2,0.1
20171224170307,0.1,0.0,0.1,0.0,0.0,99.1,0.4,0.3
20171224170337,0.1,0.0,0.0,0.0,0.0,99.7,0.1,0.1
20171224170407,0.3,0.0,0.0,0.0,0.0,99.3,0.1,0.3
20171224170437,0.1,0.0,0.0,0.0,0.0,99.8,0.1,0.0
20171224170507,0.2,0.0,0.0,0.0,0.0,99.7,0.1,0.0
20171224170537,0.0,0.0,0.0,0.0,0.0,99.9,0.0,0.1
20171224170607,0.0,0.0,0.0,0.0,0.0,99.9,0.0,0.0
20171224170637,0.1,0.0,0.0,0.0,0.0,99.6,0.3,0.1
20171224170707,0.1,0.0,0.0,0.0,0.0,99.8,0.1,0.0
20171224170737,0.0,0.0,0.0,0.0,0.0,99.8,0.2,0.0
20171224170807,0.1,0.0,0.0,0.0,0.0,98.8,1.0,0.0
20171224170837,0.0,0.0,0.0,0.0,0.0,99.9,0.0,0.0
20171224170907,0.0,0.0,0.0,0.0,0.0,99.4,0.5,0.1
20171224170937,0.0,0.0,0.0,0.0,0.0,99.9,0.1,0.0
20171224171007,0.0,0.0,0.0,0.0,0.0,99.9,0.0,0.0
20171224171037,0.0,0.0,0.0,0.0,0.0,99.9,0.0,0.0
20171224171107,0.0,0.0,0.0,0.0,0.0,99.8,0.1,0.0
20171224171137,0.1,0.0,0.0,0.0,0.0,99.7,0.2,0.0
20171224171207,0.1,0.0,0.0,0.0,0.0,99.2,0.6,0.0
20171224171237,0.0,0.0,0.0,0.0,0.0,99.9,0.1,0.0
20171224171307,0.1,0.0,0.0,0.0,0.0,98.7,1.1,0.1
20171224171337,0.3,0.0,0.0,0.0,0.0,97.6,1.9,0.2
20171224171407,2.5,0.0,0.0,0.0,0.0,96.3,0.8,0.4
20171224171437,0.1,0.0,0.0,0.0,0.0,99.6,0.3,0.1
20171224171507,3.5,0.0,0.0,0.0,0.0,93.8,1.5,1.2
20171224171537,0.3,0.0,0.0,0.0,0.0,99.3,0.3,0.1
20171224171607,0.6,0.0,0.0,0.0,0.0,99.4,0.1,0.0
20171224171637,1.2,0.0,0.0,0.0,0.0,98.4,0.2,0.3
20171224171707,1.7,0.0,0.0,0.0,0.0,97.5,0.6,0.2
20171224171737,0.6,0.0,0.0,0.0,0.0,98.7,0.5,0.1
20171224171807,1.8,0.0,0.0,0.0,0.0,97.6,0.5,0.1
20171224171837,2.1,0.0,0.0,0.0,0.0,97.5,0.3,0.0
20171224171907,1.4,0.0,0.0,0.0,0.0,98.2,0.4,0.0
20171224171937,1.0,0.0,0.0,0.0,0.0,98.4,0.6,0.0
20171224172007,3.0,0.0,0.0,0.0,0.1,96.8,0.1,0.0
20171224172037,0.3,0.0,0.0,0.0,0.0,99.5,0.1,0.0
20171224172107,0.0,0.0,0.0,0.0,0.0,99.8,0.2,0.0
20171224172137,0.0,0.0,0.0,0.0,0.0,99.5,0.5,0.0
20171224172207,0.0,0.0,0.0,0.0,0.0,99.3,0.7,0.0
20171224172237,0.1,0.0,0.0,0.0,0.0,98.0,1.9,0.0
20171224172307,0.0,0.0,0.0,0.0,0.0,99.7,0.3,0.0
20171224172337,0.0,0.0,0.0,0.0,0.0,99.7,0.3,0.0
20171224172407,0.1,0.0,0.0,0.0,0.0,99.8,0.1,0.0
20171224172437,0.2,0.0,0.0,0.0,0.0,99.5,0.2,0.0
20171224172507,0.3,0.0,0.0,0.0,0.0,99.6,0.1,0.0
20171224172537,0.0,0.0,0.0,0.0,0.0,99.0,0.9,0.0
20171224172607,0.1,0.0,0.0,0.0,0.0,99.6,0.3,0.0
20171224172637,0.0,0.0,0.0,0.0,0.0,99.5,0.5,0.0
20171224172707,0.0,0.0,0.0,0.0,0.0,99.1,0.9,0.0
20171224172737,0.0,0.0,0.0,0.0,0.0,99.9,0.1,0.0
20171224172807,0.0,0.0,0.0,0.0,0.0,99.9,0.0,0.0
20171224172838,0.0,0.0,0.0,0.0,0.0,99.9,0.0,0.0
20171224172908,1.9,0.0,0.0,0.0,0.0,97.7,0.3,0.0
20171224172938,0.0,0.0,0.0,0.0,0.0,99.7,0.3,0.0
20171224173008,0.1,0.0,0.0,0.0,0.0,98.4,1.5,0.0
20171224173038,0.1,0.0,0.0,0.0,0.0,99.3,0.5,0.0
20171224173108,0.0,0.0,0.0,0.0,0.0,99.6,0.3,0.0
20171224173138,0.3,0.0,0.0,0.0,0.0,97.8,1.8,0.0
20171224173208,0.4,0.0,0.0,0.0,0.0,95.7,3.8,0.1
20171224173238,0.2,0.0,0.0,0.0,0.0,99.7,0.1,0.0
20171224173308,9.5,0.0,0.0,0.0,0.0,71.4,18.5,0.5
20171224173338,0.9,0.0,0.0,0.0,0.0,91.4,7.5,0.1
20171224173408,9.6,0.0,0.0,0.0,0.0,53.1,36.5,0.8
20171224173438,0.2,0.0,0.0,0.0,0.0,94.8,4.9,0.1
20171224173508,0.2,0.0,0.0,0.0,0.0,94.7,5.1,0.1
20171224173538,0.4,0.0,0.0,0.0,0.0,88.9,10.7,0.1
20171224173608,0.8,0.0,0.0,0.0,0.0,95.0,4.2,0.0
20171224173638,2.0,0.0,0.0,0.0,0.0,93.7,4.3,0.1
20171224173708,1.4,0.0,0.0,0.0,0.0,95.6,2.9,0.0
20171224173738,0.3,0.0,0.0,0.0,0.0,92.2,7.4,0.0
20171224173808,15.5,0.0,0.2,0.0,0.0,57.6,26.7,0.1
20171224173838,7.3,0.0,0.1,0.0,0.1,88.2,4.3,0.0
20171224173908,1.5,0.0,0.1,0.0,0.1,94.2,4.1,0.1
20171224173938,9.9,0.0,0.1,0.0,0.0,84.7,5.3,0.0
20171224174008,1.8,0.0,0.1,0.0,0.0,91.9,6.2,0.0
20171224174038,1.1,0.0,0.0,0.0,0.0,87.6,11.3,0.0
20171224174108,0.2,0.0,0.0,0.0,0.0,90.0,9.8,0.0
20171224174138,0.6,0.0,0.1,0.0,0.0,85.1,14.1,0.0
20171224174208,0.1,0.0,0.0,0.0,0.0,98.0,1.9,0.0
20171224174238,0.3,0.0,0.0,0.0,0.0,97.6,2.1,0.0
20171224174308,1.8,0.0,0.0,0.0,0.0,95.8,2.4,0.0
20171224174338,5.5,0.0,0.0,0.0,0.0,90.9,3.6,0.0
20171224174408,0.5,0.0,0.0,0.0,0.0,98.7,0.7,0.0
20171224174438,0.4,0.0,0.0,0.0,0.0,97.5,2.1,0.0
20171224174508,0.2,0.0,0.0,0.0,0.0,99.6,0.2,0.0
20171224174538,1.0,0.0,0.2,0.0,0.0,98.6,0.2,0.0
20171224174608,2.2,0.0,0.3,0.0,0.0,97.3,0.2,0.0
20171224174638,1.2,0.0,0.0,0.0,0.0,98.7,0.1,0.0
20171224174708,3.8,0.0,0.2,0.0,0.0,95.6,0.3,0.0
20171224174738,23.9,0.0,0.7,0.0,0.0,74.0,1.1,0.2
20171224174808,63.8,0.1,2.0,0.0,0.0,33.1,0.7,0.2
20171224174838,94.3,0.0,1.2,0.0,0.0,4.3,0.1,0.0
20171224174908,36.4,0.1,3.0,0.0,0.0,59.9,0.5,0.0
20171224174938,95.6,0.0,0.2,0.0,0.0,4.1,0.0,0.0
20171224175008,90.5,0.0,0.2,0.0,0.0,9.3,0.0,0.0
20171224175038,63.6,0.0,0.8,0.0,0.1,35.3,0.1,0.0
20171224175108,25.4,0.0,1.7,0.0,0.1,72.2,0.6,0.0
20171224175138,2.0,0.0,1.1,0.0,0.0,96.6,0.3,0.0
20171224175208,1.6,0.0,1.6,0.0,0.0,96.0,0.7,0.0
20171224175238,6.5,0.0,9.5,0.0,0.0,83.9,0.1,0.0
20171224175308,27.6,0.0,1.4,0.0,0.0,70.6,0.4,0.0
20171224175338,98.7,0.0,0.2,0.0,0.0,1.1,0.0,0.0
20171224175408,99.7,0.0,0.0,0.0,0.0,0.3,0.0,0.0
20171224175438,100.0,0.0,0.0,0.0,0.0,0.0,0.0,0.0
20171224175508,99.8,0.0,0.2,0.0,0.0,0.0,0.0,0.0
20171224175538,99.9,0.0,0.0,0.0,0.0,0.0,0.0,0.0
20171224175608,100.0,0.0,0.0,0.0,0.0,0.0,0.0,0.0
20171224175638,99.9,0.0,0.0,0.0,0.0,0.0,0.0,0.0
20171224175708,99.8,0.0,0.1,0.0,0.0,0.1,0.0,0.0
20171224175739,90.7,0.1,8.1,0.0,0.0,1.0,0.0,0.0
20171224175809,78.0,0.2,14.7,0.0,0.0,7.0,0.1,0.0
20171224175839,22.3,0.2,70.4,0.1,0.1,6.4,0.4,0.1
20171224175909,5.8,0.0,65.7,0.0,0.0,28.1,0.2,0.0
20171224175939,59.4,0.1,22.6,0.1,0.1,17.5,0.1,0.0
20171224180009,99.8,0.0,0.1,0.0,0.0,0.0,0.0,0.0
20171224180039,100.0,0.0,0.0,0.0,0.0,0.0,0.0,0.0
20171224180109,100.0,0.0,0.0,0.0,0.0,0.0,0.0,0.0
20171224180139,100.0,0.0,0.0,0.0,0.0,0.0,0.0,0.0
20171224180209,100.0,0.0,0.0,0.0,0.0,0.0,0.0,0.0
20171224180239,100.0,0.0,0.0,0.0,0.0,0.0,0.0,0.0
20171224180309,100.0,0.0,0.0,0.0,0.0,0.0,0.0,0.0
20171224180339,100.0,0.0,0.0,0.0,0.0,0.0,0.0,0.0
20171224180409,100.0,0.0,0.0,0.0,0.0,0.0,0.0,0.0
20171224180439,99.0,0.0,0.7,0.0,0.0,0.3,0.0,0.0
20171224180509,74.3,0.0,25.4,0.0,0.0,0.3,0.0,0.0
20171224180539,79.6,0.0,13.3,0.0,0.1,7.0,0.0,0.0
20171224180609,92.1,0.0,4.2,0.0,0.1,3.7,0.0,0.0
20171224180639,60.4,0.0,4.6,0.0,0.1,34.7,0.0,0.1
20171224180709,75.1,0.0,4.0,0.0,0.1,20.8,0.0,0.0
20171224180739,36.6,0.0,5.5,0.0,0.0,57.8,0.0,0.0
20171224180809,54.0,0.0,2.2,0.0,0.0,43.7,0.1,0.0
20171224180839,87.7,0.0,3.5,0.0,0.0,8.7,0.1,0.0
20171224180909,61.2,0.0,36.0,0.0,0.0,2.7,0.0,0.0
20171224180939,95.7,0.0,3.2,0.0,0.0,1.0,0.0,0.0
20171224181009,99.1,0.0,0.8,0.0,0.0,0.1,0.0,0.0
20171224181039,99.9,0.0,0.1,0.0,0.0,0.0,0.0,0.0
20171224181109,99.1,0.0,0.1,0.0,0.0,0.8,0.0,0.0
20171224181139,96.7,0.0,1.8,0.0,0.1,1.4,0.0,0.0
20171224181209,100.0,0.0,0.0,0.0,0.0,0.0,0.0,0.0
20171224181239,100.0,0.0,0.0,0.0,0.0,0.0,0.0,0.0
20171224181309,100.0,0.0,0.0,0.0,0.0,0.0,0.0,0.0
20171224181339,100.0,0.0,0.0,0.0,0.0,0.0,0.0,0.0
20171224181409,100.0,0.0,0.0,0.0,0.0,0.0,0.0,0.0
20171224181439,100.0,0.0,0.0,0.0,0.0,0.0,0.0,0.0
20171224181509,100.0,0.0,0.0,0.0,0.0,0.0,0.0,0.0
20171224181539,100.0,0.0,0.0,0.0,0.0,0.0,0.0,0.0
20171224181609,100.0,0.0,0.0,0.0,0.0,0.0,0.0,0.0
20171224181639,100.0,0.0,0.0,0.0,0.0,0.0,0.0,0.0
20171224181709,100.0,0.0,0.0,0.0,0.0,0.0,0.0,0.0
20171224181739,100.0,0.0,0.0,0.0,0.0,0.0,0.0,0.0
20171224181809,100.0,0.0,0.0,0.0,0.0,0.0,0.0,0.0
20171224181839,100.0,0.0,0.0,0.0,0.0,0.0,0.0,0.0
20171224181909,94.6,0.2,2.6,0.0,0.0,2.6,0.0,0.0
20171224181939,97.4,0.0,1.5,0.0,0.0,1.1,0.0,0.0
20171224182009,99.9,0.0,0.0,0.0,0.0,0.0,0.0,0.0
20171224182039,100.0,0.0,0.0,0.0,0.0,0.0,0.0,0.0
20171224182109,100.0,0.0,0.0,0.0,0.0,0.0,0.0,0.0
20171224182139,100.0,0.0,0.0,0.0,0.0,0.0,0.0,0.0
20171224182209,100.0,0.0,0.0,0.0,0.0,0.0,0.0,0.0
20171224182239,100.0,0.0,0.0,0.0,0.0,0.0,0.0,0.0
20171224182309,100.0,0.0,0.0,0.0,0.0,0.0,0.0,0.0
20171224182339,100.0,0.0,0.0,0.0,0.0,0.0,0.0,0.0
20171224182409,100.0,0.0,0.0,0.0,0.0,0.0,0.0,0.0
20171224182439,99.8,0.2,0.0,0.0,0.0,0.0,0.0,0.0
20171224182509,100.0,0.0,0.0,0.0,0.0,0.0,0.0,0.0
20171224182539,99.9,0.1,0.0,0.0,0.0,0.0,0.0,0.0
20171224182609,94.7,4.8,0.4,0.0,0.1,0.0,0.0,0.0
20171224182639,85.3,11.6,3.0,0.0,0.0,0.0,0.0,0.0
20171224182709,17.7,0.4,79.2,0.0,0.1,2.5,0.0,0.0
20171224182739,99.9,0.0,0.1,0.0,0.0,0.0,0.0,0.0
20171224182809,100.0,0.0,0.0,0.0,0.0,0.0,0.0,0.0
20171224182839,99.6,0.2,0.2,0.0,0.0,0.0,0.0,0.0
20171224182909,99.9,0.0,0.0,0.0,0.0,0.0,0.0,0.0
20171224182940,100.0,0.0,0.0,0.0,0.0,0.0,0.0,0.0
20171224183010,100.0,0.0,0.0,0.0,0.0,0.0,0.0,0.0
20171224183040,100.0,0.0,0.0,0.0,0.0,0.0,0.0,0.0
20171224183110,100.0,0.0,0.0,0.0,0.0,0.0,0.0,0.0
20171224183140,100.0,0.0,0.0,0.0,0.0,0.0,0.0,0.0
20171224183210,100.0,0.0,0.0,0.0,0.0,0.0,0.0,0.0
20171224183240,100.0,0.0,0.0,0.0,0.0,0.0,0.0,0.0
20171224183310,100.0,0.0,0.0,0.0,0.0,0.0,0.0,0.0
20171224183340,100.0,0.0,0.0,0.0,0.0,0.0,0.0,0.0
20171224183410,100.0,0.0,0.0,0.0,0.0,0.0,0.0,0.0
20171224183440,100.0,0.0,0.0,0.0,0.0,0.0,0.0,0.0
20171224183510,100.0,0.0,0.0,0.0,0.0,0.0,0.0,0.0
20171224183540,99.7,0.2,0.0,0.0,0.0,0.0,0.0,0.0
20171224183610,99.9,0.1,0.0,0.0,0.0,0.0,0.0,0.0
20171224183640,98.4,1.3,0.1,0.0,0.3,0.0,0.0,0.0
20171224183710,70.5,23.3,3.2,0.2,2.8,0.0,0.0,0.0
20171224183740,91.2,8.4,0.0,0.1,0.4,0.0,0.0,0.0
20171224183810,90.7,8.8,0.0,0.0,0.5,0.0,0.0,0.0
20171224183840,99.3,0.7,0.0,0.0,0.0,0.0,0.0,0.0
20171224183910,99.4,0.6,0.0,0.0,0.1,0.0,0.0,0.0
20171224183940,96.9,3.0,0.0,0.0,0.0,0.0,0.0,0.0
20171224184010,45.6,54.1,0.0,0.0,0.3,0.0,0.0,0.0
20171224184040,41.2,53.3,0.0,0.0,5.4,0.0,0.0,0.0
20171224184110,84.9,13.8,0.0,0.0,1.3,0.0,0.0,0.0
20171224184140,63.2,36.5,0.0,0.0,0.3,0.0,0.0,0.0
20171224184210,58.8,40.9,0.0,0.0,0.3,0.0,0.0,0.0
20171224184240,68.5,29.3,0.0,0.0,2.3,0.0,0.0,0.0
20171224184310,87.2,12.5,0.0,0.0,0.2,0.0,0.0,0.0
20171224184340,62.4,37.3,0.0,0.0,0.2,0.0,0.0,0.0
20171224184410,53.4,46.6,0.0,0.0,0.0,0.0,0.0,0.0
20171224184440,23.2,76.6,0.0,0.0,0.1,0.0,0.0,0.0
20171224184510,83.2,16.7,0.0,0.0,0.1,0.0,0.0,0.0
20171224184540,92.9,7.1,0.0,0.0,0.1,0.0,0.0,0.0
20171224184610,91.6,8.3,0.0,0.0,0.1,0.0,0.0,0.0
20171224184640,71.0,28.5,0.1,0.2,0.2,0.0,0.0,0.0
20171224184710,37.6,62.0,0.0,0.1,0.3,0.0,0.0,0.0
20171224184740,4.2,95.6,0.0,0.0,0.1,0.0,0.0,0.0
20171224184810,30.1,68.3,0.0,0.2,1.4,0.0,0.0,0.0
20171224184840,17.7,79.1,0.0,2.1,1.1,0.0,0.0,0.0
20171224184910,10.6,86.8,0.0,2.4,0.2,0.0,0.0,0.0
20171224184940,3.7,95.8,0.0,0.4,0.2,0.0,0.0,0.0
20171224185010,0.1,99.4,0.0,0.1,0.4,0.0,0.0,0.0
20171224185040,0.0,99.9,0.0,0.0,0.1,0.0,0.0,0.0
20171224185110,0.0,97.2,0.0,0.0,2.8,0.0,0.0,0.0
20171224185140,0.0,99.9,0.0,0.0,0.0,0.0,0.0,0.0
20171224185210,0.1,99.9,0.0,0.0,0.0,0.0,0.0,0.0
20171224185240,0.3,99.2,0.0,0.5,0.0,0.0,0.0,0.0
20171224185310,0.1,99.3,0.0,0.6,0.0,0.0,0.0,0.0
20171224185340,0.0,99.9,0.0,0.0,0.0,0.0,0.0,0.0
20171224185410,0.1,98.9,0.0,0.5,0.5,0.0,0.0,0.0
20171224185440,0.0,99.0,0.0,0.0,1.0,0.0,0.0,0.0
20171224185510,0.0,96.8,0.0,0.1,3.1,0.0,0.0,0.0
20171224185540,0.0,99.5,0.0,0.1,0.3,0.0,0.0,0.0
20171224185610,0.0,99.4,0.0,0.0,0.6,0.0,0.0,0.0
20171224185640,0.0,98.9,0.0,0.6,0.5,0.0,0.0,0.0
20171224185710,0.1,97.1,0.0,2.5,0.3,0.0,0.0,0.0
20171224185740,0.5,97.5,0.0,0.3,1.8,0.0,0.0,0.0
20171224185810,0.0,99.5,0.0,0.3,0.2,0.0,0.0,0.0
20171224185840,0.0,98.2,0.0,1.8,0.0,0.0,0.0,0.0
20171224185910,0.0,84.4,0.0,14.2,1.4,0.0,0.0,0.0
20171224185940,0.0,99.0,0.0,1.0,0.1,0.0,0.0,0.0
20171224190010,0.0,99.3,0.0,0.6,0.1,0.0,0.0,0.0
20171224190040,0.0,99.7,0.0,0.0,0.3,0.0,0.0,0.0
20171224190110,0.0,99.8,0.0,0.1,0.1,0.0,0.0,0.0
20171224190140,0.0,99.7,0.0,0.2,0.1,0.0,0.0,0.0
20171224190210,0.0,99.8,0.0,0.0,0.1,0.0,0.0,0.0
20171224190240,0.0,99.9,0.0,0.1,0.0,0.0,0.0,0.0
20171224190310,0.0,99.9,0.0,0.1,0.0,0.0,0.0,0.0
20171224190340,0.0,99.9,0.0,0.1,0.1,0.0,0.0,0.0
20171224190411,0.0,99.5,0.0,0.3,0.1,0.0,0.0,0.0
20171224190441,0.0,99.3,0.0,0.5,0.2,0.0,0.0,0.0
20171224190511,0.0,96.8,0.0,2.7,0.5,0.0,0.0,0.0
20171224190541,0.0,98.9,0.0,0.1,1.0,0.0,0.0,0.0
20171224190611,0.0,100.0,0.0,0.0,0.0,0.0,0.0,0.0
20171224190641,0.0,99.9,0.0,0.1,0.0,0.0,0.0,0.0
20171224190711,0.0,99.9,0.0,0.1,0.0,0.0,0.0,0.0
20171224190741,0.0,100.0,0.0,0.0,0.0,0.0,0.0,0.0
20171224190811,0.0,100.0,0.0,0.0,0.0,0.0,0.0,0.0
20171224190841,0.0,99.8,0.0,0.2,0.0,0.0,0.0,0.0
20171224190911,0.0,99.5,0.0,0.3,0.2,0.0,0.0,0.0
20171224190941,0.0,99.7,0.0,0.1,0.2,0.0,0.0,0.0
20171224191011,0.0,99.9,0.0,0.1,0.0,0.0,0.0,0.0
20171224191041,0.0,100.0,0.0,0.0,0.0,0.0,0.0,0.0
20171224191111,0.0,99.9,0.0,0.0,0.0,0.0,0.0,0.0
20171224191141,0.0,99.7,0.0,0.0,0.3,0.0,0.0,0.0
20171224191211,0.0,99.9,0.0,0.1,0.0,0.0,0.0,0.0
20171224191241,0.0,99.9,0.0,0.1,0.0,0.0,0.0,0.0
20171224191311,0.0,96.4,0.0,2.1,1.5,0.0,0.0,0.0
20171224191341,0.0,96.2,0.0,3.4,0.5,0.0,0.0,0.0
20171224191411,0.0,93.0,0.0,4.5,2.5,0.0,0.0,0.0
20171224191441,0.0,54.9,0.0,42.2,2.9,0.0,0.0,0.0
20171224191511,0.0,22.9,0.0,75.1,1.9,0.0,0.0,0.0
20171224191541,0.0,3.4,0.0,96.5,0.1,0.0,0.0,0.0
20171224191611,0.0,0.4,0.0,98.9,0.1,0.0,0.4,0.1
20171224191641,0.2,18.2,0.2,80.0,0.5,0.0,0.9,0.1
20171224191711,0.2,44.7,0.8,45.2,1.7,0.0,5.1,2.3
20171224191741,0.1,21.5,0.3,56.3,1.0,0.0,19.3,1.4
20171224191811,0.0,7.2,0.0,91.8,0.1,0.0,0.6,0.3
20171224191841,0.0,15.4,0.1,82.4,1.5,0.0,0.6,0.1
20171224191911,0.0,21.7,0.0,74.0,4.1,0.0,0.1,0.0
20171224191941,0.0,56.1,0.0,32.4,11.2,0.0,0.3,0.0
20171224192011,0.0,32.1,0.0,64.3,3.6,0.0,0.0,0.0
20171224192041,0.0,38.1,0.0,35.7,26.2,0.0,0.0,0.0
20171224192111,0.0,0.9,0.0,93.1,5.7,0.0,0.2,0.0
20171224192141,0.0,7.0,0.1,87.9,4.1,0.0,0.9,0.0
20171224192211,0.3,6.6,0.0,71.9,1.0,0.0,19.7,0.3
20171224192241,0.1,1.2,0.0,53.9,0.2,0.0,44.3,0.2
20171224192311,0.1,8.5,0.1,68.7,1.7,0.0,20.8,0.1
20171224192341,0.1,2.2,0.0,89.7,3.9,0.0,3.8,0.2
20171224192411,0.1,1.6,0.1,64.5,1.1,0.0,32.3,0.3
20171224192441,0.4,2.4,0.1,64.1,8.5,0.0,24.2,0.2
20171224192511,4.4,3.7,0.0,49.4,5.1,0.0,36.6,0.7
20171224192541,1.8,0.5,1.2,25.2,2.6,0.0,67.9,0.8
20171224192611,0.1,0.1,0.1,20.0,0.3,0.0,78.6,0.8
20171224192641,0.4,0.1,0.1,19.4,2.6,0.0,76.8,0.5
20171224192711,0.2,0.4,0.2,81.4,0.7,0.0,17.1,0.1
20171224192741,0.5,0.3,0.0,49.6,1.9,0.0,47.4,0.2
20171224192811,0.2,0.2,0.3,82.7,0.9,0.0,15.1,0.7
20171224192841,0.0,0.0,0.0,77.0,0.0,0.0,22.7,0.2
20171224192911,0.0,0.0,0.0,54.6,0.0,0.0,45.1,0.2
20171224192941,0.0,0.1,0.0,39.2,0.0,0.0,60.5,0.2
20171224193011,0.0,0.0,0.0,22.4,0.1,0.0,77.4,0.1
20171224193041,0.0,0.0,0.0,12.1,0.0,0.0,87.8,0.0
20171224193111,0.0,0.0,0.0,27.8,0.0,0.0,72.1,0.0
20171224193141,0.0,0.1,0.0,91.9,0.1,0.0,7.9,0.0
20171224193211,0.0,0.1,0.0,98.7,0.0,0.0,1.1,0.0
20171224193241,0.1,0.2,0.0,97.2,0.1,0.0,2.5,0.0
20171224193311,0.0,0.0,0.0,98.8,0.1,0.0,1.1,0.0
20171224193341,0.0,0.1,0.0,99.4,0.0,0.0,0.4,0.0
20171224193411,0.2,1.8,0.0,97.5,0.0,0.0,0.5,0.0
20171224193441,0.2,0.9,0.0,98.5,0.1,0.0,0.2,0.1
20171224193511,0.0,0.1,0.0,99.2,0.2,0.0,0.5,0.0
20171224193541,0.0,0.1,0.0,98.8,0.1,0.0,1.0,0.0
20171224193611,0.0,0.1,0.0,97.2,0.4,0.0,2.2,0.0
20171224193641,0.0,0.0,0.1,93.5,1.2,0.0,5.2,0.0
20171224193711,0.0,0.0,0.0,90.4,1.4,0.0,8.0,0.1
20171224193741,0.0,0.0,0.0,93.6,0.2,0.0,6.2,0.0
20171224193811,0.0,0.0,0.0,99.6,0.1,0.0,0.3,0.0
20171224193842,0.0,0.0,0.0,100.0,0.0,0.0,0.0,0.0
20171224193912,0.0,0.0,0.0,99.5,0.0,0.0,0.4,0.0
20171224193942,0.0,0.0,0.0,88.3,0.1,0.0,11.6,0.0
20171224194012,0.0,0.0,0.0,71.3,0.0,0.0,28.6,0.0
20171224194042,0.0,0.0,0.0,99.5,0.1,0.0,0.4,0.0
20171224194112,0.0,0.0,0.0,99.3,0.2,0.0,0.5,0.0
20171224194142,0.0,0.0,0.0,99.4,0.2,0.0,0.3,0.0
20171224194212,0.0,0.0,0.0,98.5,0.3,0.0,0.6,0.6
20171224194242,0.0,0.0,0.0,96.0,2.2,0.0,1.2,0.5
20171224194312,0.0,0.0,0.0,98.6,1.0,0.0,0.3,0.1
20171224194342,0.0,0.0,0.0,94.1,4.7,0.0,1.1,0.2
20171224194412,0.0,0.0,0.0,92.2,4.5,0.0,3.2,0.1
20171224194442,0.0,0.0,0.0,65.1,1.4,0.0,33.3,0.2
20171224194512,0.0,0.0,0.0,64.7,0.5,0.0,34.7,0.1
20171224194542,0.0,0.0,0.0,28.6,0.5,0.0,70.9,0.0
20171224194612,0.0,0.0,0.0,41.8,0.4,0.0,57.7,0.1
20171224194642,0.0,0.0,0.0,83.3,0.2,0.0,16.5,0.0
20171224194712,0.0,0.0,0.0,37.7,1.8,0.0,60.4,0.1
20171224194742,0.0,0.0,0.0,80.5,0.4,0.0,19.0,0.1
20171224194812,0.0,0.0,0.0,99.3,0.1,0.0,0.6,0.0
20171224194842,0.0,0.0,0.0,98.0,0.3,0.0,1.7,0.0
20171224194912,0.0,0.0,0.0,96.9,1.1,0.0,1.9,0.0
20171224194942,0.0,0.0,0.0,91.3,2.0,0.0,6.7,0.0
20171224195012,0.0,0.0,0.0,81.6,6.8,0.0,11.5,0.0
20171224195042,0.0,0.0,0.2,91.0,2.8,0.0,6.0,0.0
20171224195112,0.0,0.0,0.1,74.2,0.9,0.0,24.6,0.2
20171224195142,0.0,0.0,0.1,76.8,2.7,0.0,20.3,0.1
20171224195212,0.0,0.1,0.0,90.5,2.7,0.0,6.5,0.2
20171224195242,0.0,0.0,0.0,89.2,1.7,0.0,8.9,0.1
20171224195312,0.0,0.1,0.0,87.2,1.6,0.0,11.1,0.0
20171224195342,0.0,0.2,0.0,32.0,3.0,0.0,64.7,0.1
20171224195412,0.0,0.1,0.0,56.1,14.7,0.0,29.2,0.0
20171224195442,0.0,0.2,0.0,68.6,4.1,0.0,27.1,0.0
20171224195512,0.0,0.0,0.0,76.0,3.0,0.0,20.9,0.0
20171224195542,0.0,0.0,0.0,57.1,3.5,0.0,39.3,0.0
20171224195612,0.0,0.0,0.0,43.6,2.2,0.0,54.1,0.0
20171224195642,0.0,0.1,0.0,27.0,2.7,0.0,70.1,0.1
20171224195712,0.0,0.0,0.0,5.3,0.7,0.0,93.8,0.2
20171224195742,0.0,0.0,0.0,2.3,0.0,0.0,97.7,0.0
20171224195812,0.0,0.0,0.0,14.6,0.1,0.0,85.3,0.0
20171224195842,0.0,0.0,0.0,9.1,0.3,0.0,90.5,0.0
20171224195912,0.0,0.0,0.0,6.9,0.6,0.0,92.4,0.0
20171224195942,0.0,0.0,0.0,90.5,8.6,0.0,0.8,0.0
20171224200012,0.0,0.1,0.0,58.9,9.1,0.0,31.9,0.0
20171224200042,0.0,0.0,0.0,55.0,1.7,0.0,43.2,0.0
20171224200112,0.0,0.0,0.0,46.8,3.3,0.0,49.8,0.0
20171224200142,0.0,0.0,0.0,89.6,6.9,0.0,3.5,0.0
20171224200212,0.0,0.2,0.0,80.8,9.3,0.0,9.7,0.0
20171224200242,0.0,0.1,0.0,91.6,2.0,0.0,6.2,0.0
20171224200312,0.0,0.5,0.0,87.2,5.3,0.0,7.0,0.0
20171224200342,0.0,0.8,0.0,87.0,10.8,0.0,1.4,0.0
20171224200412,0.0,0.3,0.0,95.5,3.5,0.0,0.6,0.0
