UT,arc,discrete,diffuse,ac,ab,clear,cloudy,dd
20170927171100,0.0,0.0,0.0,0.0,0.0,0.0,0.0,100.0
20170927171130,0.0,0.0,0.0,0.0,0.0,0.0,0.0,100.0
20170927171200,0.0,0.0,0.0,0.0,0.0,0.0,0.0,100.0
20170927171230,0.0,0.0,0.0,0.0,0.0,0.0,0.0,100.0
20170927171300,0.0,0.0,0.0,0.0,0.0,0.0,0.0,100.0
20170927171330,0.0,0.0,0.0,0.0,0.0,0.0,0.0,100.0
20170927171400,0.0,0.0,0.0,0.0,0.0,0.0,0.0,100.0
20170927171430,0.0,0.0,0.0,0.0,0.0,0.0,0.0,100.0
20170927171500,0.0,0.0,0.0,0.0,0.0,0.0,0.0,100.0
20170927171530,0.0,0.0,0.0,0.0,0.0,0.0,0.0,100.0
20170927171600,0.0,0.0,0.0,0.0,0.0,0.0,0.0,100.0
20170927171630,0.0,0.0,0.0,0.0,0.0,0.0,0.0,100.0
20170927171700,0.0,0.0,0.0,0.0,0.0,0.0,0.0,100.0
20170927171730,0.0,0.0,0.0,0.0,0.0,0.0,0.0,100.0
20170927171800,0.0,0.0,0.0,0.0,0.0,0.0,0.0,100.0
20170927171830,0.0,0.0,0.0,0.0,0.0,0.0,0.0,100.0
20170927171900,0.0,0.0,0.0,0.0,0.0,0.0,0.0,100.0
20170927171930,0.0,0.0,0.0,0.0,0.0,0.0,0.0,100.0
20170927172000,0.0,0.0,0.0,0.0,0.0,0.0,0.0,100.0
20170927172030,0.0,0.0,0.0,0.0,0.0,0.0,0.0,100.0
20170927172100,0.0,0.0,0.0,0.0,0.0,0.0,0.0,100.0
20170927172130,0.0,0.0,0.0,0.0,0.0,0.0,0.0,100.0
20170927172200,0.0,0.0,0.0,0.0,0.0,0.0,0.0,100.0
20170927172230,0.0,0.0,0.0,0.0,0.0,0.0,0.0,100.0
20170927172300,0.0,0.0,0.0,0.0,0.0,0.0,0.0,100.0
20170927172330,0.0,0.0,0.0,0.0,0.0,0.0,0.0,100.0
20170927172400,0.0,0.0,0.0,0.0,0.0,0.0,0.0,100.0
20170927172430,0.0,0.0,0.0,0.0,0.0,0.0,0.0,100.0
20170927172500,0.0,0.0,0.0,0.0,0.0,0.0,0.0,100.0
20170927172530,0.0,0.0,0.0,0.0,0.0,0.0,0.0,100.0
20170927172600,0.0,0.0,0.0,0.0,0.0,0.0,0.0,100.0
20170927172630,0.0,0.0,0.0,0.0,0.0,0.0,0.0,100.0
20170927172700,0.0,0.0,0.0,0.0,0.0,0.0,0.0,100.0
20170927172730,0.0,0.0,0.0,0.0,0.0,0.0,0.0,100.0
20170927172800,0.0,0.0,0.0,0.0,0.0,0.0,0.0,100.0
20170927172830,0.0,0.0,0.0,0.0,0.0,0.0,0.0,100.0
20170927172900,0.0,0.0,0.0,0.0,0.0,0.0,0.0,100.0
20170927172930,0.0,0.0,0.0,0.0,0.0,0.0,0.0,100.0
20170927173000,0.0,0.0,0.0,0.0,0.0,0.0,0.0,100.0
20170927173030,0.0,0.0,0.0,0.0,0.0,0.0,0.0,100.0
20170927173100,0.0,0.0,0.0,0.0,0.0,0.0,0.0,100.0
20170927173130,0.0,0.0,0.0,0.0,0.0,0.0,0.0,100.0
20170927173201,0.0,0.0,0.0,0.0,0.0,0.0,0.0,100.0
20170927173231,0.0,0.0,0.0,0.0,0.0,0.0,0.0,100.0
20170927173301,0.0,0.0,0.0,0.0,0.0,0.0,0.0,100.0
20170927173331,0.0,0.0,0.0,0.0,0.0,0.0,0.0,100.0
20170927173401,0.0,0.0,0.0,0.0,0.0,0.0,0.0,100.0
20170927173431,0.0,0.0,0.0,0.0,0.0,0.0,0.0,100.0
20170927173501,0.0,0.0,0.0,0.0,0.0,0.0,0.0,100.0
20170927173531,0.0,0.0,0.0,0.0,0.0,0.0,0.0,100.0
20170927173601,0.0,0.0,0.0,0.0,0.0,0.0,0.0,100.0
20170927173631,0.0,0.0,0.0,0.0,0.0,0.0,0.0,100.0
20170927173701,0.0,0.0,0.0,0.0,0.0,0.0,0.0,100.0
20170927173731,0.0,0.0,0.0,0.0,0.0,0.0,0.0,100.0
20170927173801,0.0,0.0,0.0,0.0,0.0,0.0,0.0,100.0
20170927173831,0.0,0.0,0.0,0.0,0.0,0.0,0.0,100.0
20170927173901,0.0,0.0,0.0,0.0,0.0,0.0,0.0,100.0
20170927173931,0.0,0.0,0.0,0.0,0.0,0.0,0.0,100.0
20170927174001,0.0,0.0,0.0,0.0,0.0,0.0,0.0,100.0
20170927174031,0.0,0.0,0.0,0.0,0.0,0.0,0.0,100.0
20170927174101,0.0,0.0,0.0,0.0,0.0,0.0,0.0,100.0
20170927174131,0.0,0.0,0.0,0.0,0.0,0.0,0.0,100.0
20170927174201,0.0,0.0,0.0,0.0,0.0,0.0,0.0,100.0
20170927174231,0.0,0.0,0.0,0.0,0.0,0.0,0.0,100.0
20170927174301,0.0,0.0,0.0,0.0,0.0,0.0,0.0,100.0
20170927174331,0.0,0.0,0.0,0.0,0.0,0.0,0.0,100.0
20170927174401,0.0,0.0,0.0,0.0,0.0,0.0,0.0,100.0
20170927174431,0.0,0.0,0.0,0.0,0.0,0.0,0.0,100.0
20170927174501,0.0,0.0,0.0,0.0,0.0,0.0,0.0,100.0
20170927174531,0.0,0.0,0.0,0.0,0.0,0.0,0.0,100.0
20170927174601,0.0,0.0,0.0,0.0,0.0,0.0,0.0,100.0
20170927174631,0.0,0.0,0.0,0.0,0.0,0.0,0.0,100.0
20170927174701,0.0,0.0,0.0,0.0,0.0,0.0,0.0,100.0
20170927174731,0.0,0.0,0.0,0.0,0.0,0.0,0.0,100.0
20170927174801,0.0,0.0,0.0,0.0,0.0,0.0,0.0,100.0
20170927174831,0.0,0.0,0.0,0.0,0.0,0.0,0.0,100.0
20170927174901,0.0,0.0,0.0,0.0,0.0,0.0,0.0,100.0
20170927174931,0.0,0.0,0.0,0.0,0.0,0.0,0.0,100.0
20170927175001,0.0,0.0,0.0,0.0,0.0,0.0,0.0,100.0
20170927175031,0.0,0.0,0.0,0.0,0.0,0.0,0.0,100.0
20170927175101,0.0,0.0,0.0,0.0,0.0,0.0,0.0,100.0
20170927175131,0.0,0.0,0.0,0.0,0.0,0.0,0.0,100.0
20170927175201,0.0,0.0,0.0,0.0,0.0,0.0,0.0,100.0
20170927175231,0.0,0.0,0.0,0.0,0.0,0.0,0.0,100.0
20170927175301,0.0,0.0,0.0,0.0,0.0,0.0,0.0,100.0
20170927175331,0.0,0.0,0.0,0.0,0.0,0.0,0.0,100.0
20170927175401,0.0,0.0,0.0,0.0,0.0,0.0,0.0,100.0
20170927175431,0.0,0.0,0.0,0.0,0.0,0.0,0.0,100.0
20170927175501,0.0,0.0,0.0,0.0,0.0,0.0,0.0,100.0
20170927175531,0.0,0.0,0.0,0.0,0.0,0.0,0.0,100.0
20170927175601,0.0,0.0,0.0,0.0,0.0,0.0,0.0,100.0
20170927175631,0.0,0.0,0.0,0.0,0.0,0.0,0.0,100.0
20170927175701,0.0,0.0,0.0,0.0,0.0,0.0,0.0,100.0
20170927175731,0.0,0.0,0.0,0.0,0.0,0.0,0.0,100.0
20170927175801,0.0,0.0,0.0,0.0,0.0,0.0,0.0,100.0
20170927175831,0.0,0.0,0.0,0.0,0.0,0.0,0.0,100.0
20170927175901,0.0,0.0,0.0,0.0,0.0,0.0,0.0,100.0
20170927175931,0.0,0.0,0.0,0.0,0.0,0.0,0.0,100.0
20170927180002,0.0,0.0,0.0,0.0,0.0,0.0,0.0,100.0
20170927180032,0.0,0.0,0.0,0.0,0.0,0.0,0.0,100.0
20170927180102,0.0,0.0,0.0,0.0,0.0,0.0,0.0,100.0
20170927180132,0.0,0.0,0.0,0.0,0.0,0.0,0.0,100.0
20170927180202,0.0,0.0,0.0,0.0,0.0,0.0,0.0,100.0
20170927180232,0.0,0.0,0.0,0.0,0.0,0.0,0.0,100.0
20170927180302,0.0,0.0,0.0,0.0,0.0,0.0,0.0,100.0
20170927180332,0.0,0.0,0.0,0.0,0.0,0.0,0.0,100.0
20170927180402,0.0,0.0,0.0,0.0,0.0,0.0,0.0,100.0
20170927180432,0.0,0.0,0.0,0.0,0.0,0.0,0.0,100.0
20170927180502,0.0,0.0,0.0,0.0,0.0,0.0,0.0,100.0
20170927180532,0.0,0.0,0.0,0.0,0.0,0.0,0.0,100.0
20170927180602,0.0,0.0,0.0,0.0,0.0,0.0,0.0,100.0
20170927180632,0.0,0.0,0.0,0.0,0.0,0.0,0.0,100.0
20170927180702,0.0,0.0,0.0,0.0,0.0,0.0,0.0,100.0
20170927180732,0.0,0.0,0.0,0.0,0.0,0.0,0.0,100.0
20170927180802,0.0,0.0,0.0,0.0,0.0,0.0,0.0,100.0
20170927180832,0.0,0.0,0.0,0.0,0.0,0.0,0.0,100.0
20170927180902,0.0,0.0,0.0,0.0,0.0,0.0,0.0,100.0
20170927180932,0.0,0.0,0.0,0.0,0.0,0.0,0.0,100.0
20170927181002,0.0,0.0,0.0,0.0,0.0,0.0,0.0,100.0
20170927181032,0.0,0.0,0.0,0.0,0.0,0.0,0.0,100.0
20170927181232,0.0,0.0,0.0,0.0,0.0,0.0,0.0,100.0
20170927181302,0.0,0.0,0.0,0.0,0.0,0.0,0.0,100.0
20170927181332,0.0,0.0,0.0,0.0,0.0,0.0,0.0,100.0
20170927181402,0.0,0.0,0.0,0.0,0.0,0.0,0.0,100.0
20170927181432,0.0,0.0,0.0,0.0,0.0,0.0,0.0,100.0
20170927181502,0.0,0.0,0.0,0.0,0.0,0.0,0.0,100.0
20170927181532,0.0,0.0,0.0,0.0,0.0,0.0,0.0,100.0
20170927181602,0.0,0.0,0.0,0.0,0.0,0.0,0.0,100.0
20170927181632,0.0,0.0,0.0,0.0,0.0,0.0,0.0,100.0
20170927181702,0.0,0.0,0.0,0.0,0.0,0.0,0.0,100.0
20170927181732,0.0,0.0,0.0,0.0,0.0,0.0,0.0,100.0
20170927181802,0.0,0.0,0.0,0.0,0.0,0.0,0.0,100.0
20170927181832,0.0,0.0,0.0,0.0,0.0,0.0,0.0,100.0
20170927181902,0.0,0.0,0.0,0.0,0.0,0.0,0.0,100.0
20170927181932,0.0,0.0,0.0,0.0,0.0,0.0,0.0,100.0
20170927182002,0.0,0.0,0.0,0.0,0.0,0.0,0.0,100.0
20170927182032,0.0,0.0,0.0,0.0,0.0,0.0,0.0,100.0
20170927182102,0.0,0.0,0.0,0.0,0.0,0.0,0.0,100.0
20170927182132,0.0,0.0,0.0,0.0,0.0,0.0,0.0,100.0
20170927182202,0.0,0.0,0.0,0.0,0.0,0.0,0.0,100.0
20170927182232,0.0,0.0,0.0,0.0,0.0,0.0,0.0,100.0
20170927182302,0.0,0.0,0.0,0.0,0.0,0.0,0.0,100.0
20170927182332,0.0,0.0,0.0,0.0,0.0,0.0,0.0,100.0
20170927182402,0.0,0.0,0.0,0.0,0.0,0.0,0.0,100.0
20170927182432,0.0,0.0,0.0,0.0,0.0,0.0,0.0,100.0
20170927182502,0.0,0.0,0.0,0.0,0.0,0.0,0.0,100.0
20170927182532,0.0,0.0,0.0,0.0,0.0,0.0,0.0,100.0
20170927182602,0.0,0.0,0.0,0.0,0.0,0.0,0.0,100.0
20170927182632,0.0,0.0,0.0,0.0,0.0,0.0,0.0,100.0
20170927182702,0.0,0.0,0.0,0.0,0.0,0.0,0.0,100.0
20170927182732,0.0,0.0,0.0,0.0,0.0,0.0,0.0,100.0
20170927182802,0.0,0.0,0.0,0.0,0.0,0.0,0.0,100.0
20170927182832,0.0,0.0,0.0,0.0,0.0,0.0,0.0,100.0
20170927182902,0.0,0.0,0.0,0.0,0.0,0.0,0.0,100.0
20170927182932,0.0,0.0,0.0,0.0,0.0,0.0,0.0,100.0
20170927183002,0.0,0.0,0.0,0.0,0.0,0.0,0.0,100.0
20170927183032,0.0,0.0,0.0,0.0,0.0,0.0,0.0,100.0
20170927183102,0.0,0.0,0.0,0.0,0.0,0.0,0.0,100.0
20170927183132,0.0,0.0,0.0,0.0,0.0,0.0,0.0,100.0
20170927183202,0.0,0.0,0.0,0.0,0.0,0.0,0.0,100.0
20170927183232,0.0,0.0,0.0,0.0,0.0,0.0,0.0,100.0
20170927183302,0.0,0.0,0.0,0.0,0.0,0.0,0.0,100.0
20170927183332,0.0,0.0,0.0,0.0,0.0,0.0,0.0,100.0
20170927183403,0.0,0.0,0.0,0.0,0.0,0.0,0.0,100.0
20170927183433,0.0,0.0,0.0,0.0,0.0,0.0,0.0,100.0
20170927183503,0.0,0.0,0.0,0.0,0.0,0.0,0.0,100.0
20170927183533,0.0,0.0,0.0,0.0,0.0,0.0,0.0,100.0
20170927183603,0.0,0.0,0.0,0.0,0.0,0.0,0.0,100.0
20170927183633,0.0,0.0,0.0,0.0,0.0,0.0,0.0,100.0
20170927183703,0.0,0.0,0.0,0.0,0.0,0.0,0.0,100.0
20170927183733,0.0,0.0,0.0,0.0,0.0,0.0,0.0,100.0
20170927183803,0.0,0.0,0.0,0.0,0.0,0.4,0.0,99.6
20170927183833,0.0,0.0,0.0,0.0,0.0,0.3,0.0,99.7
20170927183903,0.0,0.0,0.0,0.0,0.0,1.0,0.3,98.6
20170927183933,0.0,0.0,0.0,0.0,0.0,0.2,0.0,99.8
20170927184003,0.0,0.0,0.0,0.1,0.0,2.8,0.4,96.7
20170927184033,0.1,0.0,0.0,0.2,0.0,13.8,2.3,83.5
20170927184103,0.1,0.0,0.0,0.3,0.0,32.0,8.8,58.8
20170927184133,0.0,0.0,0.0,0.4,0.0,11.7,8.7,79.1
20170927184203,0.0,0.0,0.0,0.1,0.0,46.9,37.1,15.8
20170927184233,0.1,0.0,0.0,0.1,0.0,19.3,69.4,11.1
20170927184303,0.0,0.0,0.0,0.0,0.0,11.1,87.6,1.2
20170927184333,0.0,0.0,0.0,0.0,0.0,1.6,98.3,0.2
20170927184403,0.0,0.0,0.0,0.0,0.0,14.9,83.5,1.6
20170927184433,0.0,0.0,0.0,0.0,0.0,3.5,96.4,0.1
20170927184503,0.0,0.0,0.0,0.0,0.0,2.8,97.0,0.2
20170927184533,0.0,0.0,0.0,0.0,0.0,3.5,96.2,0.3
20170927184603,0.0,0.0,0.0,0.0,0.0,2.9,97.1,0.0
20170927184633,0.0,0.0,0.0,0.0,0.0,7.7,91.7,0.5
20170927184703,0.0,0.0,0.0,0.0,0.0,4.7,94.9,0.4
20170927184733,0.0,0.0,0.0,0.0,0.0,0.5,99.5,0.0
20170927184803,0.0,0.0,0.0,0.0,0.0,0.4,99.6,0.0
20170927184833,0.0,0.0,0.0,0.0,0.0,0.7,99.3,0.0
20170927184903,0.0,0.0,0.0,0.0,0.0,0.1,99.9,0.0
20170927184933,0.0,0.0,0.0,0.0,0.0,0.3,99.7,0.0
20170927185003,0.0,0.0,0.0,0.0,0.0,0.2,99.8,0.0
20170927185033,0.0,0.0,0.0,0.0,0.0,0.4,99.6,0.0
20170927185103,0.0,0.0,0.0,0.0,0.0,0.0,100.0,0.0
20170927185133,0.0,0.0,0.0,0.0,0.0,0.1,99.9,0.0
20170927185203,0.0,0.0,0.0,0.0,0.0,0.1,99.9,0.0
20170927185233,0.0,0.0,0.0,0.0,0.0,0.5,99.5,0.0
20170927185303,0.0,0.0,0.0,0.0,0.0,0.4,99.6,0.0
20170927185333,0.0,0.0,0.0,0.0,0.0,0.2,99.8,0.0
20170927185403,0.0,0.0,0.0,0.0,0.0,0.0,100.0,0.0
20170927185433,0.0,0.0,0.0,0.0,0.0,0.1,99.9,0.0
20170927185503,0.0,0.0,0.0,0.0,0.0,0.2,99.8,0.0
20170927185533,0.0,0.0,0.0,0.0,0.0,0.0,100.0,0.0
20170927185603,0.0,0.0,0.0,0.0,0.0,0.1,99.9,0.0
20170927185633,0.0,0.0,0.0,0.0,0.0,0.1,99.9,0.0
20170927185703,0.0,0.0,0.0,0.0,0.0,0.0,100.0,0.0
20170927185733,0.0,0.0,0.0,0.0,0.0,0.0,100.0,0.0
20170927185803,0.0,0.0,0.0,0.0,0.0,0.1,99.9,0.0
20170927185833,0.0,0.0,0.0,0.0,0.0,0.0,100.0,0.0
20170927185903,0.0,0.0,0.0,0.0,0.0,0.3,99.7,0.0
20170927185933,0.0,0.0,0.0,0.0,0.0,0.2,99.8,0.0
20170927190003,0.0,0.0,0.0,0.0,0.0,0.1,99.9,0.0
20170927190033,0.0,0.0,0.0,0.0,0.0,0.0,100.0,0.0
20170927190103,0.0,0.0,0.0,0.0,0.0,0.2,99.8,0.0
20170927190133,0.0,0.0,0.0,0.0,0.0,0.0,100.0,0.0
20170927190203,0.0,0.0,0.0,0.0,0.0,0.1,99.9,0.0
20170927190233,0.0,0.0,0.0,0.0,0.0,0.0,100.0,0.0
20170927190303,0.0,0.0,0.0,0.0,0.0,0.0,100.0,0.0
20170927190333,0.0,0.0,0.0,0.0,0.0,0.0,100.0,0.0
20170927190403,0.0,0.0,0.0,0.0,0.0,0.0,100.0,0.0
20170927190433,0.0,0.0,0.0,0.0,0.0,0.0,100.0,0.0
20170927190503,0.0,0.0,0.0,0.0,0.0,0.0,100.0,0.0
20170927190533,0.0,0.0,0.0,0.0,0.0,0.2,99.8,0.0
20170927190603,0.0,0.0,0.0,0.0,0.0,0.1,99.9,0.0
20170927190633,0.0,0.0,0.0,0.0,0.0,0.2,99.8,0.0
20170927190703,0.0,0.0,0.0,0.0,0.0,1.5,98.4,0.0
20170927190733,0.0,0.0,0.0,0.0,0.0,0.2,99.8,0.0
20170927190803,0.0,0.0,0.0,0.0,0.0,1.8,98.2,0.0
20170927190834,0.0,0.0,0.0,0.0,0.0,5.2,94.7,0.0
20170927190904,0.0,0.0,0.0,0.0,0.0,4.2,95.8,0.0
20170927190934,0.0,0.0,0.0,0.0,0.0,3.1,96.9,0.0
20170927191004,0.0,0.0,0.0,0.0,0.0,2.4,97.6,0.0
20170927191034,0.0,0.0,0.0,0.0,0.0,0.6,99.4,0.0
20170927191104,0.0,0.0,0.0,0.0,0.0,0.4,99.6,0.0
20170927191134,0.0,0.0,0.0,0.0,0.0,2.2,97.8,0.0
20170927191204,0.0,0.0,0.0,0.0,0.0,0.4,99.6,0.0
20170927191234,0.0,0.0,0.0,0.0,0.0,1.0,99.0,0.0
20170927191304,0.0,0.0,0.0,0.0,0.0,2.6,97.4,0.0
20170927191334,0.0,0.0,0.0,0.0,0.0,7.8,92.1,0.0
20170927191404,0.0,0.0,0.0,0.0,0.0,8.8,91.2,0.0
20170927191434,0.0,0.0,0.0,0.0,0.0,51.8,48.2,0.0
20170927191504,0.0,0.0,0.0,0.0,0.0,22.4,77.6,0.0
20170927191534,0.0,0.0,0.0,0.0,0.0,11.5,88.5,0.0
20170927191604,0.0,0.0,0.0,0.0,0.0,5.6,94.4,0.0
20170927191634,0.0,0.0,0.0,0.0,0.0,5.9,94.1,0.0
20170927191704,0.0,0.0,0.0,0.0,0.0,28.6,71.3,0.0
20170927191734,0.0,0.0,0.0,0.0,0.0,16.3,83.6,0.0
20170927191804,0.0,0.0,0.0,0.0,0.0,11.6,88.4,0.0
20170927191834,0.0,0.0,0.0,0.0,0.0,17.7,82.2,0.0
20170927191904,0.0,0.0,0.0,0.0,0.0,51.4,48.6,0.0
20170927191934,0.0,0.0,0.0,0.0,0.0,23.0,77.0,0.0
20170927192004,0.0,0.0,0.0,0.0,0.0,54.9,45.1,0.0
20170927192034,0.0,0.0,0.0,0.0,0.0,68.5,31.5,0.0
20170927192104,0.0,0.0,0.0,0.0,0.0,74.4,25.6,0.0
20170927192134,0.0,0.0,0.0,0.0,0.0,25.8,74.2,0.0
20170927192204,0.0,0.0,0.0,0.0,0.0,62.4,37.6,0.0
20170927192234,0.0,0.0,0.0,0.0,0.0,57.4,42.6,0.0
20170927192304,0.0,0.0,0.0,0.0,0.0,2.6,97.4,0.0
20170927192334,0.0,0.0,0.0,0.0,0.0,40.5,59.4,0.0
20170927192404,0.0,0.0,0.0,0.0,0.0,62.3,37.7,0.0
20170927192434,0.0,0.0,0.0,0.0,0.0,42.9,57.1,0.0
20170927192504,0.0,0.0,0.0,0.0,0.0,78.4,21.6,0.0
20170927192534,0.0,0.0,0.0,0.0,0.0,93.8,6.2,0.0
20170927192604,0.0,0.0,0.0,0.0,0.0,9.2,90.7,0.0
20170927192634,0.0,0.0,0.0,0.0,0.0,79.5,20.5,0.0
20170927192704,0.0,0.0,0.0,0.0,0.0,17.2,82.8,0.0
20170927192734,0.0,0.0,0.0,0.0,0.0,27.8,72.2,0.0
20170927192804,0.0,0.0,0.0,0.0,0.0,88.0,12.0,0.0
20170927192834,0.0,0.0,0.0,0.0,0.0,78.3,21.7,0.0
20170927192904,0.0,0.0,0.0,0.0,0.0,71.8,28.2,0.0
20170927192934,0.0,0.0,0.0,0.0,0.0,87.8,12.2,0.0
20170927193004,0.0,0.0,0.0,0.0,0.0,72.0,28.0,0.0
20170927193034,0.0,0.0,0.0,0.0,0.0,38.2,61.8,0.0
20170927193104,0.0,0.0,0.0,0.0,0.0,72.1,27.9,0.0
20170927193134,0.0,0.0,0.0,0.0,0.0,39.4,60.6,0.0
20170927193204,0.0,0.0,0.0,0.0,0.0,75.2,24.8,0.0
20170927193234,0.0,0.0,0.0,0.0,0.0,66.0,33.9,0.0
20170927193304,0.0,0.0,0.0,0.0,0.0,76.3,23.7,0.0
20170927193334,0.0,0.0,0.0,0.0,0.0,5.9,94.1,0.0
20170927193404,0.0,0.0,0.0,0.0,0.0,45.2,54.8,0.0
20170927193434,0.0,0.0,0.0,0.0,0.0,44.0,56.0,0.0
20170927193504,0.0,0.0,0.0,0.0,0.0,13.0,87.0,0.0
20170927193535,0.0,0.0,0.0,0.0,0.0,14.1,85.9,0.0
20170927193605,0.0,0.0,0.0,0.0,0.0,27.3,72.6,0.1
20170927193635,0.0,0.0,0.0,0.6,0.0,37.0,60.5,1.9
20170927193705,0.1,0.0,0.0,7.4,0.0,55.7,26.7,10.0
20170927193735,0.2,0.0,0.0,15.1,0.1,28.0,15.2,41.4
20170927193805,1.2,0.9,0.2,11.5,0.0,45.6,1.7,38.9
20170927193835,0.2,0.1,0.0,15.6,0.1,9.0,7.5,67.5
20170927193905,0.6,0.4,0.3,22.0,0.1,15.2,2.1,59.3
20170927193935,0.3,0.4,0.0,63.8,0.0,13.3,1.7,20.4
20170927194005,1.3,0.5,0.4,30.5,0.1,13.0,1.3,53.0
20170927194035,2.7,0.9,9.0,33.8,0.1,8.1,2.1,43.3
20170927194105,1.9,1.7,3.2,8.6,0.1,6.2,0.7,77.7
20170927194135,2.4,1.6,3.0,21.7,0.0,4.7,1.6,64.9
20170927194205,0.2,0.5,2.4,8.8,0.0,1.5,0.2,86.3
20170927194235,4.6,1.4,12.0,27.9,0.1,10.1,2.0,41.9
20170927194305,3.2,2.9,1.2,28.4,0.0,4.9,0.9,58.6
20170927194335,0.9,0.3,0.8,40.5,0.0,3.6,1.3,52.6
20170927194405,1.7,0.2,1.2,12.9,0.0,11.4,2.7,69.9
20170927194435,1.3,0.8,0.5,25.8,0.1,18.9,1.2,51.5
20170927194505,1.3,0.9,0.1,33.3,0.1,10.8,0.6,53.0
20170927194535,0.7,0.4,0.3,20.5,0.0,29.9,0.7,47.5
20170927194605,0.5,0.2,0.1,52.3,0.1,9.8,3.3,33.6
20170927194635,2.3,0.5,0.2,62.4,0.1,8.9,5.4,20.3
20170927194705,2.1,1.4,3.0,52.4,0.1,5.7,1.9,33.4
20170927194735,0.5,0.4,0.6,17.1,0.0,10.7,1.5,69.1
20170927194805,1.0,0.7,3.8,12.1,0.1,13.9,1.6,66.8
20170927194835,0.3,0.3,0.1,26.6,0.1,16.2,1.3,55.2
20170927194905,0.3,0.2,0.3,21.6,0.1,13.8,4.7,58.9
20170927194935,0.0,0.0,0.0,0.2,0.0,29.7,68.8,1.3
20170927195005,0.0,0.0,0.0,0.0,0.0,18.9,80.9,0.2
20170927195035,0.0,0.0,0.0,0.1,0.0,28.6,70.3,1.0
20170927195105,0.0,0.0,0.0,0.0,0.0,30.3,69.6,0.0
20170927195135,0.0,0.0,0.0,0.0,0.0,76.6,23.3,0.0
20170927195205,0.0,0.0,0.0,0.0,0.0,48.5,51.4,0.1
20170927195235,0.0,0.0,0.0,0.0,0.0,71.7,28.0,0.2
20170927195305,0.0,0.0,0.0,0.0,0.0,71.9,27.9,0.2
20170927195335,0.0,0.0,0.0,0.0,0.0,67.0,32.7,0.3
20170927195405,0.0,0.0,0.0,0.0,0.0,61.6,38.3,0.1
20170927195435,0.0,0.0,0.0,0.0,0.0,60.7,39.1,0.2
20170927195505,0.0,0.0,0.0,0.0,0.0,53.4,45.6,0.9
20170927195535,0.1,0.1,0.2,15.8,0.1,18.5,4.9,60.2
20170927195605,1.0,0.9,2.7,29.4,0.0,10.3,3.9,51.8
20170927195635,0.2,0.4,0.9,27.6,0.0,0.4,0.7,69.6
20170927195705,1.3,1.8,2.4,27.1,0.1,9.9,2.2,55.2
20170927195735,0.4,0.6,1.0,20.2,0.0,4.9,0.7,72.2
20170927195805,0.2,2.3,0.3,39.4,0.0,0.2,0.1,57.5
20170927195835,1.3,1.7,1.8,28.8,0.0,3.7,0.8,61.8
20170927195905,1.7,0.6,1.1,27.6,0.0,12.7,2.7,53.5
20170927195935,0.7,0.2,0.1,24.1,0.0,14.6,3.0,57.3
20170927200005,0.3,0.4,0.1,41.8,0.0,10.6,1.0,45.7
20170927200035,0.8,0.6,1.3,29.7,0.0,4.5,2.0,61.1
20170927200105,1.2,1.6,3.9,40.9,0.0,1.5,1.2,49.8
20170927200135,0.3,0.4,1.1,28.9,0.0,0.2,0.3,68.7
20170927200205,0.1,1.6,1.7,44.0,0.0,0.1,0.2,52.3
20170927200235,0.0,0.3,0.1,87.0,0.0,0.0,0.1,12.5
20170927200305,0.0,1.2,0.5,52.1,0.0,0.0,0.0,46.2
20170927200335,0.8,4.4,2.7,34.1,0.0,0.2,0.3,57.6
20170927200405,0.4,1.0,3.7,10.4,0.0,0.2,0.5,83.8
20170927200435,0.3,0.7,1.3,13.7,0.0,0.4,0.2,83.3
20170927200505,1.6,2.1,10.0,30.0,0.0,3.1,2.0,51.2
20170927200535,2.1,0.4,28.7,5.8,0.0,5.3,3.2,54.6
20170927200605,0.7,0.2,1.8,5.5,0.0,2.0,7.3,82.5
20170927200635,1.1,0.3,0.9,4.3,0.1,3.1,9.3,80.8
20170927200705,0.9,0.2,5.3,2.8,0.0,1.7,5.7,83.4
20170927200735,1.3,0.3,7.6,15.4,0.1,12.5,2.8,60.0
20170927200805,0.4,1.1,8.2,13.9,0.0,1.0,0.6,74.8
20170927200835,0.0,0.5,0.2,77.4,0.0,0.0,0.0,21.8
20170927200905,0.0,0.4,0.2,68.2,0.0,0.0,0.0,31.2
20170927200935,0.0,0.4,0.2,76.9,0.0,0.0,0.1,22.4
20170927201006,0.0,0.7,0.2,66.5,0.0,0.0,0.1,32.6
20170927201036,0.3,2.6,2.8,39.6,0.0,0.1,0.2,54.3
20170927201106,0.2,1.5,3.7,37.7,0.0,0.2,1.2,55.4
20170927201136,0.0,0.3,0.0,95.3,0.0,0.0,0.0,4.4
20170927201206,0.0,0.6,0.2,87.8,0.0,0.0,0.1,11.3
20170927201236,0.1,1.1,1.3,81.2,0.0,0.0,0.1,16.1
20170927201306,0.3,2.6,2.8,64.7,0.0,0.0,0.3,29.2
20170927201336,0.8,4.5,2.6,31.5,0.0,0.3,0.9,59.4
20170927201406,0.5,1.5,3.3,22.0,0.0,0.6,0.5,71.6
20170927201436,0.4,1.3,5.6,16.4,0.0,2.9,1.7,71.6
20170927201506,0.7,1.3,4.8,32.9,0.0,3.0,2.3,54.8
20170927201536,0.9,2.0,12.6,18.9,0.0,4.3,2.4,58.8
20170927201606,0.7,1.1,8.6,38.3,0.0,2.2,2.3,46.7
20170927201636,0.7,2.6,40.1,11.6,0.1,4.4,4.5,36.2
20170927201706,0.5,0.4,6.9,12.6,0.0,5.0,5.6,69.0
20170927201736,1.1,1.1,8.6,8.7,0.2,4.6,8.0,67.8
20170927201806,0.3,0.8,2.3,9.3,0.0,4.7,1.1,81.5
20170927201836,0.6,0.7,5.2,11.9,0.1,2.6,3.7,75.2
20170927201906,0.4,0.7,8.5,17.2,0.1,5.6,5.0,62.5
20170927201936,0.5,0.5,5.7,13.8,0.1,4.5,2.3,72.8
20170927202006,0.5,0.7,3.0,17.6,0.1,3.4,3.5,71.3
20170927202036,0.9,0.9,2.7,24.6,0.1,1.7,3.6,65.5
20170927202106,0.1,0.2,0.9,8.3,0.0,1.3,0.7,88.5
20170927202136,0.2,0.2,0.9,13.6,0.1,2.1,1.9,81.1
20170927202206,0.1,0.3,0.9,13.4,0.0,3.0,0.6,81.7
20170927202236,0.1,0.1,0.1,11.5,0.0,0.9,0.5,86.8
20170927202306,0.2,0.7,4.8,16.8,0.0,3.4,4.6,69.3
20170927202336,0.2,0.3,2.1,27.0,0.0,0.8,1.5,68.0
20170927202406,0.3,0.1,1.4,17.1,0.0,1.3,2.7,77.0
20170927202436,0.5,0.4,5.4,15.9,0.0,2.0,2.8,73.0
20170927202506,0.1,0.1,0.4,7.0,0.0,0.3,0.4,91.7
20170927202536,0.1,0.3,1.9,15.2,0.1,3.4,2.6,76.4
20170927202606,0.2,0.2,0.8,18.1,0.0,7.2,3.6,70.0
20170927202636,0.2,0.5,0.8,28.7,0.0,3.4,5.6,60.7
20170927202706,0.1,0.2,0.5,21.0,0.0,1.9,3.5,72.7
20170927202736,0.1,0.1,0.2,16.0,0.0,1.5,4.5,77.6
20170927202806,0.1,0.2,0.4,10.4,0.0,1.7,2.1,85.0
20170927202836,0.1,0.2,1.0,40.4,0.2,6.2,10.6,41.3
20170927202906,0.1,0.1,1.1,20.6,0.1,8.8,11.0,58.2
20170927202936,0.1,0.1,0.3,13.2,0.1,2.5,7.5,76.2
20170927203006,0.1,0.3,2.3,9.8,0.1,4.0,7.2,76.2
20170927203036,0.1,0.3,2.7,12.0,0.2,4.5,19.3,61.0
20170927203106,0.2,0.4,3.0,14.9,0.1,3.8,8.5,69.1
20170927203136,0.1,0.2,1.7,18.5,0.1,8.8,10.1,60.6
20170927203206,0.1,0.2,0.9,16.7,0.1,2.8,6.6,72.7
20170927203236,0.2,0.5,0.9,13.1,0.1,5.4,2.5,77.4
20170927203306,0.4,1.0,1.8,17.3,0.1,6.9,7.7,64.7
20170927203336,0.1,0.2,0.4,4.4,0.1,3.1,1.7,90.1
20170927203406,0.6,0.3,1.9,26.0,0.2,3.1,5.6,62.3
20170927203436,0.2,0.5,4.4,37.2,0.1,4.8,10.1,42.7
20170927203506,0.2,0.3,0.7,21.2,0.1,2.3,8.0,67.3
20170927203536,0.2,0.1,1.1,13.2,0.2,7.9,5.8,71.5
20170927203606,0.1,0.1,0.5,18.0,0.1,5.7,6.2,69.3
20170927203636,0.1,0.1,0.7,10.0,0.0,4.3,6.0,78.8
20170927203706,0.1,0.2,3.8,7.8,0.1,5.2,10.2,72.6
20170927203736,0.1,0.1,0.7,14.4,0.0,3.5,5.3,75.8
20170927203806,0.1,0.2,0.8,6.3,0.1,2.8,4.8,84.8
20170927203836,0.2,0.3,2.0,7.9,0.1,3.8,5.5,80.4
20170927203906,0.2,0.4,1.7,13.2,0.1,4.8,5.8,73.9
20170927203936,0.1,0.1,1.1,4.3,0.0,8.7,1.0,84.6
20170927204006,0.1,0.1,0.5,7.2,0.0,7.9,1.2,83.1
20170927204036,0.1,0.1,0.8,2.6,0.0,4.5,2.0,90.0
20170927204106,0.1,0.2,2.6,8.2,0.1,5.0,2.8,81.0
20170927204136,0.1,0.0,0.8,8.5,0.0,2.0,2.0,86.6
20170927204206,0.0,0.0,0.5,5.8,0.0,2.1,0.5,91.0
20170927204236,0.1,0.0,0.9,7.7,0.0,1.5,2.9,86.9
20170927204306,0.0,0.0,0.6,4.8,0.0,4.8,2.8,87.0
20170927204336,0.2,0.1,1.0,8.4,0.1,7.7,3.9,78.6
20170927204406,0.2,0.2,4.2,5.1,0.1,10.2,10.2,69.9
20170927204437,0.1,0.1,1.4,9.7,0.0,6.1,3.8,78.7
20170927204507,0.1,0.0,1.4,12.4,0.0,2.3,4.3,79.4
20170927204537,0.2,0.1,1.2,6.6,0.0,5.9,3.5,82.4
20170927204607,0.1,0.0,0.5,4.3,0.0,4.4,12.0,78.8
20170927204637,0.1,0.1,0.4,19.8,0.1,2.3,12.1,65.3
20170927204707,0.1,0.0,0.9,5.0,0.1,7.3,10.8,75.8
20170927204737,0.1,0.0,1.0,7.6,0.1,8.7,8.9,73.6
20170927204807,0.0,0.0,0.3,3.9,0.0,1.9,6.5,87.4
20170927204837,0.1,0.0,1.4,11.9,0.1,3.8,20.7,61.9
20170927204907,0.7,0.1,3.5,17.3,0.4,15.5,25.1,37.3
20170927204937,0.5,0.0,2.7,10.6,0.2,38.5,25.7,21.7
20170927205007,0.4,0.0,4.1,14.7,0.2,26.4,24.4,29.8
20170927205037,0.3,0.0,3.8,7.2,0.3,33.7,38.4,16.3
20170927205107,0.0,0.0,0.7,2.3,0.1,17.6,76.8,2.4
20170927205137,0.0,0.0,0.4,1.9,0.2,53.4,42.0,2.2
20170927205207,0.0,0.0,0.1,0.5,0.0,37.1,61.6,0.7
20170927205237,0.0,0.0,0.2,0.8,0.0,6.8,91.6,0.6
20170927205307,0.3,0.0,1.0,4.2,0.1,11.2,77.9,5.3
20170927205337,0.1,0.0,0.1,2.0,0.1,41.6,51.1,5.1
20170927205407,0.1,0.0,0.0,4.1,0.0,2.2,82.4,11.2
20170927205437,0.0,0.0,0.0,0.0,0.0,0.0,100.0,0.0
20170927205507,0.0,0.0,0.0,0.1,0.0,47.6,52.2,0.2
20170927205537,0.0,0.0,0.0,0.0,0.0,27.5,72.3,0.1
20170927205607,0.0,0.0,0.0,0.0,0.0,98.1,1.9,0.0
20170927205637,0.0,0.0,0.0,0.0,0.0,91.8,8.2,0.0
20170927205707,0.0,0.0,0.0,0.0,0.0,98.5,1.4,0.0
20170927205737,0.0,0.0,0.0,0.0,0.0,98.7,1.3,0.0
20170927205807,0.0,0.0,0.0,0.0,0.0,97.0,3.0,0.0
20170927205837,0.0,0.0,0.0,0.0,0.0,96.4,3.5,0.0
20170927205907,0.0,0.0,0.0,0.0,0.0,90.9,9.0,0.1
20170927205937,0.0,0.0,0.0,0.0,0.0,94.0,5.9,0.0
20170927210007,0.0,0.0,0.0,0.0,0.0,96.9,3.0,0.0
20170927210037,0.0,0.0,0.0,0.0,0.0,97.0,3.0,0.0
20170927210107,0.0,0.0,0.0,0.0,0.0,95.4,4.6,0.0
20170927210137,0.0,0.0,0.0,0.0,0.0,95.0,4.9,0.1
20170927210207,0.0,0.0,0.0,0.0,0.0,97.6,2.3,0.1
20170927210237,0.0,0.0,0.0,0.0,0.0,97.5,2.4,0.1
20170927210307,0.0,0.0,0.1,0.1,0.0,93.8,5.9,0.2
20170927210337,0.0,0.0,0.3,0.2,0.0,83.7,14.6,1.1
20170927210407,0.0,0.0,0.3,0.7,0.0,55.7,41.3,1.9
20170927210437,0.1,0.0,2.5,2.5,0.1,41.2,47.4,6.1
20170927210507,0.4,0.1,6.4,10.8,0.4,53.5,18.5,10.0
20170927210537,0.0,0.0,0.4,0.7,0.0,80.6,16.4,1.8
20170927210607,0.0,0.0,0.1,0.1,0.0,79.7,19.6,0.4
20170927210637,0.0,0.0,0.0,0.0,0.0,86.5,13.2,0.2
20170927210707,0.0,0.0,0.0,0.0,0.0,96.2,3.7,0.1
20170927210737,0.0,0.0,0.0,0.0,0.0,97.9,2.0,0.1
20170927210807,0.0,0.0,0.0,0.0,0.0,97.7,2.2,0.0
20170927210837,0.0,0.0,0.0,0.0,0.0,84.1,15.7,0.1
20170927210907,0.0,0.0,0.0,0.0,0.0,98.3,1.6,0.0
20170927210937,0.0,0.0,0.1,0.0,0.0,82.6,16.8,0.4
20170927211007,0.0,0.0,0.1,0.1,0.0,55.3,44.2,0.3
20170927211037,0.0,0.0,0.0,0.1,0.0,75.7,23.6,0.6
20170927211107,0.0,0.0,0.2,0.2,0.0,56.4,42.3,0.9
20170927211137,0.5,0.1,3.6,3.5,0.1,30.1,44.8,17.4
20170927211208,0.0,0.2,2.9,3.3,0.1,10.4,45.9,37.1
20170927211238,0.1,0.1,1.8,9.3,0.0,19.2,18.2,51.3
20170927211308,0.1,0.1,1.3,5.5,0.1,20.7,29.2,43.1
20170927211338,0.4,0.4,1.8,10.7,0.1,13.7,30.6,42.2
20170927211408,0.0,0.0,1.0,4.8,0.0,9.2,29.4,55.5
20170927211438,0.1,0.2,4.1,4.4,0.1,8.0,34.1,49.0
20170927211508,0.1,0.1,3.1,8.7,0.1,20.0,40.4,27.6
20170927211538,0.1,0.0,2.8,3.5,0.1,15.3,51.2,27.1
20170927211608,0.0,0.0,0.7,2.8,0.0,13.9,54.2,28.2
20170927211638,0.0,0.1,3.2,3.5,0.0,13.3,58.5,21.3
20170927211708,0.0,0.0,3.6,3.8,0.1,49.4,28.1,14.9
20170927211738,0.0,0.0,5.0,4.3,0.1,33.4,36.2,21.0
20170927211808,0.1,0.0,1.2,6.2,0.1,25.6,34.6,32.2
20170927211838,0.0,0.0,1.5,3.1,0.1,12.5,72.3,10.4
20170927211908,0.0,0.0,4.5,1.7,0.1,19.8,58.9,15.0
20170927211938,0.0,0.0,2.4,1.3,0.1,59.7,29.9,6.5
20170927212008,0.0,0.0,0.9,0.9,0.1,35.8,51.2,11.0
20170927212038,0.0,0.0,1.1,2.4,0.1,17.3,73.7,5.4
20170927212108,0.0,0.0,1.3,3.0,0.1,33.9,48.9,12.9
20170927212138,0.0,0.0,0.4,0.5,0.0,37.6,58.5,3.0
20170927212208,0.0,0.0,0.5,1.5,0.0,50.7,39.1,8.3
20170927212238,0.0,0.0,0.5,1.0,0.0,18.2,75.4,4.9
20170927212308,0.0,0.0,0.3,1.7,0.0,51.6,40.8,5.5
20170927212338,0.0,0.0,0.5,0.5,0.0,77.5,19.8,1.6
20170927212408,0.0,0.0,0.8,1.0,0.0,62.5,31.9,3.8
20170927212438,0.0,0.0,0.8,3.2,0.0,66.3,22.9,6.7
20170927212508,0.1,0.0,1.3,2.8,0.1,42.0,36.0,17.7
20170927212538,0.1,0.0,0.6,1.4,0.0,60.0,30.5,7.3
20170927212608,0.2,0.1,3.2,3.8,0.2,26.4,45.4,20.7
20170927212638,0.2,0.0,3.4,8.9,0.1,29.1,30.3,28.0
20170927212708,0.0,0.0,0.4,0.2,0.0,46.3,52.0,1.1
20170927212738,0.0,0.0,0.4,0.7,0.0,47.4,40.9,10.5
20170927212808,0.0,0.0,0.1,0.2,0.0,85.7,12.9,1.1
20170927212838,0.0,0.0,0.0,0.1,0.0,17.3,82.3,0.2
20170927212908,0.0,0.0,0.1,0.2,0.0,42.3,56.7,0.7
20170927212938,0.0,0.0,0.5,0.7,0.0,44.8,51.2,2.7
20170927213008,0.0,0.0,0.1,0.3,0.0,43.4,55.7,0.5
20170927213038,0.0,0.0,0.3,0.2,0.0,46.7,51.6,1.2
20170927213108,0.0,0.0,0.1,0.1,0.0,64.5,33.5,1.6
20170927213138,0.0,0.0,0.1,0.2,0.0,62.6,36.4,0.7
20170927213208,0.0,0.0,0.1,0.3,0.0,59.9,37.4,2.3
20170927213238,0.0,0.0,0.1,0.2,0.0,65.0,33.2,1.5
20170927213308,0.0,0.0,0.1,0.1,0.0,36.1,62.8,0.8
20170927213338,0.0,0.0,0.2,0.5,0.0,62.3,35.3,1.7
20170927213408,0.0,0.0,0.1,0.1,0.0,40.0,59.3,0.5
20170927213438,0.0,0.0,0.0,0.1,0.0,74.5,25.1,0.4
20170927213508,0.0,0.0,0.1,0.1,0.0,56.5,42.5,0.8
20170927213538,0.0,0.0,0.0,0.0,0.0,82.3,17.4,0.2
20170927213608,0.0,0.0,0.1,0.1,0.0,73.0,26.3,0.5
20170927213638,0.0,0.0,0.0,0.0,0.0,76.4,23.1,0.4
20170927213708,0.0,0.0,0.0,0.0,0.0,65.2,34.1,0.6
20170927213738,0.0,0.0,0.1,0.0,0.0,88.0,11.6,0.3
20170927213808,0.0,0.0,0.0,0.0,0.0,82.9,16.7,0.3
20170927213838,0.0,0.0,0.0,0.0,0.0,79.6,20.1,0.3
20170927213908,0.0,0.0,0.0,0.0,0.0,70.0,29.8,0.1
20170927213938,0.0,0.0,0.1,0.1,0.0,66.6,32.7,0.5
20170927214008,0.0,0.0,0.1,0.1,0.0,46.9,52.6,0.4
20170927214038,0.0,0.0,0.0,0.1,0.0,75.5,23.6,0.8
20170927214108,0.0,0.0,0.0,0.0,0.0,71.6,28.1,0.3
20170927214138,0.0,0.0,0.1,0.0,0.0,80.4,18.9,0.5
20170927214208,0.0,0.0,0.0,0.0,0.0,68.8,31.0,0.1
20170927214238,0.0,0.0,0.0,0.0,0.0,81.1,18.9,0.1
20170927214308,0.0,0.0,0.0,0.0,0.0,85.9,13.8,0.3
20170927214338,0.0,0.0,0.0,0.0,0.0,74.1,25.5,0.3
20170927214408,0.0,0.0,0.0,0.0,0.0,69.1,30.6,0.2
20170927214438,0.0,0.0,0.0,0.0,0.0,86.6,13.4,0.1
20170927214508,0.0,0.0,0.0,0.0,0.0,93.8,6.1,0.1
20170927214538,0.0,0.0,0.0,0.0,0.0,87.7,12.0,0.3
20170927214609,0.0,0.0,0.0,0.0,0.0,85.5,14.4,0.1
20170927214639,0.0,0.0,0.0,0.0,0.0,75.5,24.2,0.2
20170927214709,0.0,0.0,0.0,0.0,0.0,90.5,9.2,0.2
20170927214739,0.0,0.0,0.0,0.0,0.0,82.3,17.1,0.5
20170927214809,0.0,0.0,0.0,0.0,0.0,88.7,11.2,0.1
20170927214839,0.0,0.0,0.0,0.0,0.0,81.3,18.6,0.1
20170927214909,0.0,0.0,0.0,0.0,0.0,91.3,8.6,0.1
20170927214939,0.0,0.0,0.0,0.0,0.0,84.3,15.6,0.0
20170927215009,0.0,0.0,0.0,0.0,0.0,80.1,19.8,0.1
20170927215039,0.0,0.0,0.0,0.0,0.0,92.5,7.4,0.1
20170927215109,0.0,0.0,0.0,0.0,0.0,89.3,10.5,0.1
20170927215139,0.0,0.0,0.0,0.0,0.0,77.0,22.8,0.1
20170927215209,0.0,0.0,0.0,0.0,0.0,95.5,4.4,0.0
20170927215239,0.0,0.0,0.0,0.0,0.0,91.7,8.1,0.1
20170927215309,0.0,0.0,0.0,0.0,0.0,94.9,5.0,0.0
20170927215339,0.0,0.0,0.0,0.0,0.0,95.2,4.8,0.0
20170927215409,0.0,0.0,0.0,0.0,0.0,93.8,6.1,0.1
20170927215439,0.0,0.0,0.0,0.0,0.0,87.6,12.4,0.0
20170927215509,0.0,0.0,0.0,0.0,0.0,92.3,7.6,0.0
20170927215539,0.0,0.0,0.0,0.0,0.0,84.9,15.1,0.0
20170927215609,0.0,0.0,0.0,0.0,0.0,59.1,40.8,0.0
20170927215639,0.0,0.0,0.0,0.0,0.0,86.3,13.6,0.1
20170927215709,0.0,0.0,0.0,0.0,0.0,96.7,3.2,0.0
20170927215739,0.0,0.0,0.0,0.0,0.0,85.4,14.6,0.1
20170927215809,0.0,0.0,0.0,0.0,0.0,92.6,7.3,0.0
20170927215839,0.0,0.0,0.0,0.0,0.0,92.5,7.4,0.0
20170927215909,0.0,0.0,0.0,0.0,0.0,93.3,6.6,0.1
20170927215939,0.0,0.0,0.0,0.0,0.0,93.3,6.6,0.0
20170927220009,0.0,0.0,0.0,0.0,0.0,87.7,12.2,0.1
20170927220039,0.0,0.0,0.0,0.0,0.0,97.5,2.4,0.0
20170927220109,0.0,0.0,0.0,0.0,0.0,74.1,25.8,0.0
20170927220139,0.0,0.0,0.0,0.0,0.0,81.9,18.1,0.0
20170927220209,0.0,0.0,0.0,0.0,0.0,95.7,4.3,0.0
20170927220239,0.0,0.0,0.0,0.0,0.0,95.0,5.0,0.1
20170927220309,0.0,0.0,0.0,0.0,0.0,91.4,8.5,0.0
20170927220339,0.0,0.0,0.0,0.0,0.0,55.8,44.2,0.0
20170927220409,0.0,0.0,0.0,0.0,0.0,94.5,5.4,0.0
20170927220439,0.0,0.0,0.0,0.0,0.0,89.2,10.7,0.0
20170927220509,0.0,0.0,0.0,0.0,0.0,85.0,15.0,0.0
20170927220539,0.0,0.0,0.0,0.0,0.0,90.6,9.4,0.0
20170927220609,0.0,0.0,0.0,0.0,0.0,90.9,9.0,0.0
20170927220639,0.0,0.0,0.0,0.0,0.0,86.2,13.7,0.0
20170927220709,0.0,0.0,0.0,0.0,0.0,92.6,7.3,0.1
20170927220739,0.0,0.0,0.0,0.0,0.0,83.1,16.8,0.0
20170927220809,0.0,0.0,0.0,0.0,0.0,81.1,18.8,0.0
20170927220839,0.0,0.0,0.0,0.0,0.0,91.8,8.1,0.0
20170927220909,0.0,0.0,0.0,0.0,0.0,78.8,21.1,0.1
20170927220939,0.0,0.0,0.0,0.0,0.0,89.0,10.9,0.0
20170927221009,0.0,0.0,0.0,0.0,0.0,93.7,6.3,0.0
20170927221039,0.0,0.0,0.0,0.0,0.0,69.7,30.1,0.1
20170927221109,0.0,0.0,0.0,0.0,0.0,77.0,22.9,0.1
20170927221139,0.0,0.0,0.0,0.0,0.0,80.8,19.1,0.1
20170927221209,0.0,0.0,0.0,0.0,0.0,79.4,20.5,0.1
20170927221239,0.0,0.0,0.0,0.0,0.0,80.3,19.5,0.1
20170927221309,0.0,0.0,0.0,0.0,0.0,75.5,24.4,0.1
20170927221339,0.0,0.0,0.0,0.0,0.0,86.9,13.1,0.1
20170927221409,0.0,0.0,0.0,0.0,0.0,81.7,18.1,0.1
20170927221439,0.0,0.0,0.0,0.0,0.0,87.0,12.9,0.1
20170927221509,0.0,0.0,0.0,0.0,0.0,87.7,12.1,0.2
20170927221539,0.0,0.0,0.0,0.0,0.0,88.3,11.6,0.1
20170927221609,0.0,0.0,0.0,0.0,0.0,90.6,9.4,0.1
20170927221639,0.0,0.0,0.0,0.0,0.0,77.5,22.3,0.2
20170927221709,0.0,0.0,0.0,0.0,0.0,87.8,12.1,0.1
20170927221739,0.0,0.0,0.0,0.0,0.0,56.0,43.8,0.1
20170927221809,0.0,0.0,0.0,0.0,0.0,70.7,29.2,0.1
20170927221839,0.0,0.0,0.0,0.0,0.0,75.2,24.8,0.0
20170927221909,0.0,0.0,0.0,0.0,0.0,85.3,14.7,0.0
20170927221939,0.0,0.0,0.0,0.0,0.0,73.5,26.4,0.0
20170927222010,0.0,0.0,0.0,0.0,0.0,85.5,14.5,0.0
20170927222040,0.0,0.0,0.0,0.0,0.0,92.4,7.6,0.0
20170927222110,0.0,0.0,0.0,0.0,0.0,86.2,13.7,0.0
20170927222140,0.0,0.0,0.0,0.0,0.0,83.3,16.6,0.0
20170927222210,0.0,0.0,0.0,0.0,0.0,87.1,12.9,0.0
20170927222240,0.0,0.0,0.0,0.0,0.0,81.4,18.6,0.0
20170927222310,0.0,0.0,0.0,0.0,0.0,91.4,8.5,0.1
20170927222340,0.0,0.0,0.0,0.0,0.0,95.0,5.0,0.0
20170927222410,0.0,0.0,0.0,0.0,0.0,74.4,25.4,0.2
20170927222440,0.0,0.0,0.0,0.0,0.0,75.9,23.8,0.2
20170927222510,0.0,0.0,0.0,0.0,0.0,69.8,30.0,0.2
20170927222540,0.0,0.0,0.0,0.0,0.0,78.9,21.0,0.1
20170927222610,0.0,0.0,0.0,0.0,0.0,87.3,12.6,0.1
20170927222640,0.0,0.0,0.0,0.0,0.0,86.9,13.1,0.0
20170927222710,0.0,0.0,0.0,0.0,0.0,92.2,7.7,0.1
20170927222740,0.0,0.0,0.0,0.0,0.0,94.8,5.1,0.0
20170927222810,0.0,0.0,0.0,0.0,0.0,89.4,10.5,0.0
20170927222840,0.0,0.0,0.0,0.0,0.0,85.4,14.5,0.1
20170927222910,0.0,0.0,0.0,0.0,0.0,93.8,6.1,0.0
20170927222940,0.0,0.0,0.0,0.0,0.0,87.1,12.9,0.0
20170927223010,0.0,0.0,0.0,0.0,0.0,72.7,27.0,0.2
20170927223040,0.0,0.0,0.0,0.0,0.0,63.5,36.5,0.0
20170927223110,0.0,0.0,0.0,0.0,0.0,32.5,67.2,0.2
20170927223140,0.0,0.0,0.1,0.1,0.0,21.5,78.2,0.2
20170927223210,0.0,0.0,0.1,0.2,0.0,43.4,55.9,0.5
20170927223240,0.0,0.0,0.2,0.3,0.0,44.1,54.0,1.4
20170927223310,0.0,0.0,0.4,0.3,0.0,65.6,32.5,1.2
20170927223340,0.0,0.0,0.1,0.1,0.0,65.2,34.1,0.5
20170927223410,0.0,0.0,0.1,0.0,0.0,41.8,57.8,0.2
20170927223440,0.0,0.0,0.0,0.1,0.0,58.9,40.7,0.3
20170927223510,0.0,0.0,0.0,0.0,0.0,23.9,76.0,0.1
20170927223540,0.0,0.0,0.0,0.0,0.0,56.0,43.7,0.3
20170927223610,0.0,0.0,0.0,0.0,0.0,25.2,74.5,0.3
20170927223640,0.0,0.0,0.0,0.0,0.0,47.5,52.4,0.1
20170927223710,0.0,0.0,0.0,0.0,0.0,47.3,52.6,0.1
20170927223740,0.0,0.0,0.0,0.0,0.0,65.1,34.6,0.3
20170927223810,0.0,0.0,0.0,0.0,0.0,54.7,45.1,0.2
20170927223840,0.0,0.0,0.0,0.0,0.0,47.2,52.7,0.1
20170927223910,0.0,0.0,0.0,0.0,0.0,31.7,68.2,0.1
20170927223940,0.0,0.0,0.0,0.0,0.0,80.9,19.0,0.1
20170927224010,0.0,0.0,0.0,0.0,0.0,50.5,49.4,0.1
20170927224040,0.0,0.0,0.0,0.0,0.0,70.6,29.3,0.1
20170927224110,0.0,0.0,0.0,0.0,0.0,80.2,19.7,0.1
20170927224140,0.0,0.0,0.0,0.0,0.0,75.3,24.4,0.2
20170927224210,0.0,0.0,0.0,0.0,0.0,37.6,62.2,0.1
20170927224240,0.0,0.0,0.0,0.0,0.0,62.9,37.0,0.1
20170927224310,0.0,0.0,0.0,0.0,0.0,74.4,25.5,0.1
20170927224340,0.0,0.0,0.0,0.0,0.0,96.6,3.4,0.0
20170927224410,0.0,0.0,0.0,0.0,0.0,78.6,21.3,0.0
20170927224440,0.0,0.0,0.0,0.0,0.0,87.1,12.9,0.0
20170927224510,0.0,0.0,0.0,0.0,0.0,95.7,4.2,0.0
20170927224540,0.0,0.0,0.0,0.0,0.0,88.9,11.1,0.0
20170927224610,0.0,0.0,0.0,0.0,0.0,92.3,7.7,0.0
20170927224640,0.0,0.0,0.0,0.0,0.0,92.7,7.2,0.0
20170927224710,0.0,0.0,0.0,0.0,0.0,87.0,13.0,0.0
20170927224740,0.0,0.0,0.0,0.0,0.0,88.2,11.7,0.0
20170927224810,0.0,0.0,0.0,0.0,0.0,79.0,20.9,0.0
20170927224840,0.0,0.0,0.0,0.0,0.0,86.9,13.0,0.0
20170927224910,0.0,0.0,0.0,0.0,0.0,79.5,20.4,0.0
20170927224940,0.0,0.0,0.0,0.0,0.0,89.0,11.0,0.0
20170927225010,0.0,0.0,0.0,0.0,0.0,78.7,21.3,0.0
20170927225040,0.0,0.0,0.0,0.0,0.0,95.3,4.6,0.0
20170927225111,0.0,0.0,0.0,0.0,0.0,89.9,10.1,0.0
20170927225141,0.0,0.0,0.0,0.0,0.0,88.9,10.9,0.1
20170927225211,0.0,0.0,0.0,0.0,0.0,92.6,7.4,0.1
20170927225241,0.0,0.0,0.0,0.0,0.0,77.5,22.3,0.2
20170927225311,0.0,0.0,0.0,0.0,0.0,87.3,12.7,0.0
20170927225341,0.0,0.0,0.0,0.0,0.0,89.9,10.0,0.0
20170927225411,0.0,0.0,0.0,0.0,0.0,79.1,20.9,0.0
20170927225441,0.0,0.0,0.0,0.0,0.0,85.7,14.2,0.0
20170927225511,0.0,0.0,0.0,0.0,0.0,77.0,22.9,0.0
20170927225541,0.0,0.0,0.0,0.0,0.0,97.4,2.6,0.0
20170927225611,0.0,0.0,0.0,0.0,0.0,69.0,31.0,0.0
20170927225641,0.0,0.0,0.0,0.0,0.0,76.0,23.9,0.1
20170927225711,0.0,0.0,0.0,0.0,0.0,69.3,30.4,0.2
20170927225741,0.0,0.0,0.0,0.0,0.0,65.6,34.2,0.1
20170927225811,0.0,0.0,0.0,0.0,0.0,66.4,33.5,0.1
20170927225841,0.0,0.0,0.2,0.1,0.0,69.9,29.4,0.4
20170927225911,0.0,0.0,0.7,1.2,0.0,68.6,29.0,0.6
20170927225941,0.0,0.0,0.1,0.2,0.0,56.9,42.4,0.4
20170927230011,0.0,0.0,0.1,0.1,0.0,39.8,59.7,0.3
20170927230041,0.0,0.0,0.0,0.0,0.0,60.4,39.4,0.1
20170927230111,0.0,0.0,0.1,0.0,0.0,34.3,65.2,0.3
20170927230141,0.0,0.0,0.0,0.0,0.0,61.6,38.3,0.1
20170927230211,0.0,0.0,0.0,0.0,0.0,59.5,40.4,0.1
20170927230241,0.0,0.0,0.0,0.0,0.0,69.9,30.0,0.0
20170927230311,0.0,0.0,0.0,0.0,0.0,78.1,21.9,0.0
20170927230341,0.0,0.0,0.0,0.0,0.0,77.1,22.9,0.0
20170927230411,0.0,0.0,0.0,0.0,0.0,91.0,8.9,0.0
20170927230441,0.0,0.0,0.0,0.0,0.0,86.4,13.5,0.0
20170927230511,0.0,0.0,0.0,0.0,0.0,72.2,27.7,0.0
20170927230541,0.0,0.0,0.0,0.0,0.0,80.1,19.8,0.1
20170927230611,0.0,0.0,0.0,0.0,0.0,70.1,29.8,0.1
20170927230641,0.0,0.0,0.0,0.0,0.0,86.1,13.9,0.1
20170927230711,0.0,0.0,0.0,0.0,0.0,87.2,12.8,0.0
20170927230741,0.0,0.0,0.0,0.0,0.0,83.9,16.0,0.0
20170927230811,0.0,0.0,0.0,0.0,0.0,77.1,22.8,0.0
20170927230841,0.0,0.0,0.0,0.0,0.0,92.0,8.0,0.0
20170927230911,0.0,0.0,0.0,0.0,0.0,72.1,27.9,0.0
20170927230941,0.0,0.0,0.0,0.0,0.0,84.9,15.1,0.0
20170927231011,0.0,0.0,0.0,0.0,0.0,72.1,27.9,0.0
20170927231041,0.0,0.0,0.0,0.0,0.0,86.1,13.8,0.1
20170927231111,0.0,0.0,0.0,0.0,0.0,81.7,18.1,0.1
20170927231141,0.0,0.0,0.0,0.0,0.0,70.7,29.3,0.0
20170927231211,0.0,0.0,0.0,0.0,0.0,90.4,9.6,0.0
20170927231241,0.0,0.0,0.0,0.0,0.0,75.2,24.7,0.0
20170927231311,0.0,0.0,0.0,0.0,0.0,90.5,9.4,0.0
20170927231341,0.0,0.0,0.0,0.0,0.0,92.0,8.0,0.0
20170927231411,0.0,0.0,0.0,0.0,0.0,86.1,13.9,0.0
20170927231441,0.0,0.0,0.0,0.0,0.0,88.3,11.7,0.0
20170927231511,0.0,0.0,0.0,0.0,0.0,85.0,15.0,0.0
20170927231541,0.0,0.0,0.0,0.0,0.0,76.9,23.1,0.0
20170927231611,0.0,0.0,0.0,0.0,0.0,84.9,15.0,0.0
20170927231641,0.0,0.0,0.0,0.0,0.0,73.0,27.0,0.0
20170927231711,0.0,0.0,0.0,0.0,0.0,84.0,16.0,0.0
20170927231741,0.0,0.0,0.0,0.0,0.0,92.3,7.6,0.0
20170927231811,0.0,0.0,0.0,0.0,0.0,81.3,18.7,0.0
20170927231841,0.0,0.0,0.0,0.0,0.0,86.6,13.3,0.0
20170927231911,0.0,0.0,0.0,0.0,0.0,85.3,14.7,0.0
20170927231941,0.0,0.0,0.0,0.0,0.0,75.4,24.5,0.0
20170927232011,0.0,0.0,0.0,0.0,0.0,74.6,25.3,0.0
20170927232041,0.0,0.0,0.0,0.0,0.0,83.0,17.0,0.0
20170927232111,0.0,0.0,0.0,0.0,0.0,85.7,14.2,0.0
20170927232141,0.0,0.0,0.0,0.0,0.0,82.2,17.7,0.1
20170927232212,0.0,0.0,0.0,0.0,0.0,90.7,9.2,0.0
20170927232242,0.0,0.0,0.0,0.0,0.0,87.0,12.9,0.0
20170927232312,0.0,0.0,0.0,0.0,0.0,59.6,40.3,0.0
20170927232342,0.0,0.0,0.0,0.0,0.0,92.2,7.8,0.0
20170927232412,0.0,0.0,0.0,0.0,0.0,85.6,14.4,0.0
20170927232442,0.0,0.0,0.0,0.0,0.0,87.7,12.3,0.0
20170927232512,0.0,0.0,0.0,0.0,0.0,86.0,14.0,0.0
20170927232542,0.0,0.0,0.0,0.0,0.0,88.3,11.6,0.0
20170927232612,0.0,0.0,0.0,0.0,0.0,80.2,19.7,0.0
20170927232642,0.0,0.0,0.0,0.0,0.0,89.4,10.5,0.1
20170927232712,0.0,0.0,0.0,0.0,0.0,96.0,4.0,0.0
20170927232742,0.0,0.0,0.0,0.0,0.0,93.8,6.2,0.0
20170927232812,0.0,0.0,0.0,0.0,0.0,90.8,9.2,0.0
20170927232842,0.0,0.0,0.0,0.0,0.0,84.3,15.6,0.0
20170927232912,0.0,0.0,0.0,0.0,0.0,87.6,12.3,0.0
20170927232942,0.0,0.0,0.0,0.0,0.0,53.5,46.5,0.0
20170927233012,0.0,0.0,0.0,0.0,0.0,83.0,17.0,0.0
20170927233042,0.0,0.0,0.0,0.0,0.0,88.1,11.9,0.0
20170927233112,0.0,0.0,0.0,0.0,0.0,87.9,12.0,0.0
20170927233142,0.0,0.0,0.0,0.0,0.0,78.4,21.4,0.2
20170927233212,0.0,0.0,0.0,0.0,0.0,94.8,5.2,0.0
20170927233242,0.0,0.0,0.0,0.0,0.0,90.9,9.0,0.0
20170927233312,0.0,0.0,0.0,0.0,0.0,94.1,5.9,0.0
20170927233342,0.0,0.0,0.0,0.0,0.0,90.8,9.2,0.0
20170927233412,0.0,0.0,0.0,0.0,0.0,78.8,21.1,0.0
20170927233442,0.0,0.0,0.0,0.0,0.0,79.4,20.6,0.0
20170927233512,0.0,0.0,0.0,0.0,0.0,88.7,11.3,0.0
20170927233542,0.0,0.0,0.0,0.0,0.0,87.2,12.7,0.0
20170927233612,0.0,0.0,0.0,0.0,0.0,87.7,12.3,0.0
20170927233642,0.0,0.0,0.0,0.0,0.0,89.1,10.9,0.0
20170927233712,0.0,0.0,0.0,0.0,0.0,66.1,33.8,0.0
20170927233742,0.0,0.0,0.0,0.0,0.0,94.0,6.0,0.0
20170927233812,0.0,0.0,0.0,0.0,0.0,53.9,46.0,0.1
20170927233842,0.0,0.0,0.0,0.0,0.0,95.7,4.3,0.0
20170927233912,0.0,0.0,0.0,0.0,0.0,77.9,22.0,0.0
20170927233942,0.0,0.0,0.0,0.0,0.0,84.1,15.8,0.0
20170927234012,0.0,0.0,0.0,0.0,0.0,90.7,9.2,0.0
20170927234042,0.0,0.0,0.0,0.0,0.0,65.9,34.1,0.0
20170927234112,0.0,0.0,0.0,0.0,0.0,84.6,15.3,0.0
20170927234142,0.0,0.0,0.0,0.0,0.0,86.1,13.8,0.0
20170927234212,0.0,0.0,0.0,0.0,0.0,94.6,5.3,0.0
20170927234242,0.0,0.0,0.0,0.0,0.0,85.8,14.1,0.1
20170927234312,0.0,0.0,0.0,0.0,0.0,67.2,32.7,0.0
20170927234342,0.0,0.0,0.0,0.0,0.0,69.4,30.5,0.0
20170927234412,0.0,0.0,0.0,0.0,0.0,89.8,10.2,0.0
20170927234442,0.0,0.0,0.0,0.0,0.0,82.0,17.9,0.0
20170927234512,0.0,0.0,0.0,0.0,0.0,84.2,15.8,0.0
20170927234542,0.0,0.0,0.0,0.0,0.0,88.6,11.3,0.0
20170927234612,0.0,0.0,0.0,0.0,0.0,84.8,15.2,0.0
20170927234642,0.0,0.0,0.0,0.0,0.0,64.1,35.9,0.0
20170927234712,0.0,0.0,0.0,0.0,0.0,68.1,31.9,0.0
20170927234742,0.0,0.0,0.0,0.0,0.0,89.6,10.4,0.0
20170927234812,0.0,0.0,0.0,0.0,0.0,87.7,12.3,0.0
20170927234842,0.0,0.0,0.0,0.0,0.0,81.5,18.5,0.0
20170927234912,0.0,0.0,0.0,0.0,0.0,70.2,29.8,0.0
20170927234942,0.0,0.0,0.0,0.0,0.0,89.7,10.3,0.0
20170927235012,0.0,0.0,0.0,0.0,0.0,73.6,26.3,0.1
20170927235042,0.0,0.0,0.0,0.0,0.0,69.4,30.5,0.0
20170927235112,0.0,0.0,0.0,0.0,0.0,52.3,47.7,0.0
20170927235142,0.0,0.0,0.0,0.0,0.0,88.1,11.9,0.0
20170927235212,0.0,0.0,0.0,0.0,0.0,83.5,16.4,0.0
20170927235242,0.0,0.0,0.0,0.0,0.0,93.3,6.7,0.0
20170927235312,0.0,0.0,0.0,0.0,0.0,88.4,11.6,0.0
20170927235342,0.0,0.0,0.0,0.0,0.0,80.9,19.1,0.0
20170927235412,0.0,0.0,0.0,0.0,0.0,89.7,10.3,0.0
20170927235442,0.0,0.0,0.0,0.0,0.0,86.8,13.2,0.0
20170927235512,0.0,0.0,0.0,0.0,0.0,87.8,12.1,0.0
20170927235542,0.0,0.0,0.0,0.0,0.0,82.7,17.2,0.0
20170927235612,0.0,0.0,0.0,0.0,0.0,89.3,10.7,0.0
20170927235643,0.0,0.0,0.0,0.0,0.0,84.0,16.0,0.0
20170927235713,0.0,0.0,0.0,0.0,0.0,83.1,16.8,0.0
20170927235743,0.0,0.0,0.0,0.0,0.0,95.2,4.8,0.0
20170927235813,0.0,0.0,0.0,0.0,0.0,80.2,19.8,0.0
20170927235843,0.0,0.0,0.0,0.0,0.0,84.3,15.6,0.0
20170927235913,0.0,0.0,0.0,0.0,0.0,72.4,27.5,0.0
20170927235943,0.0,0.0,0.0,0.0,0.0,86.3,13.7,0.0
20170928000013,0.0,0.0,0.0,0.0,0.0,93.2,6.8,0.0
20170928000043,0.0,0.0,0.0,0.0,0.0,89.3,10.6,0.0
