UT,arc,discrete,diffuse,ac,ab,clear,cloudy,dd
20171129132700,0.0,0.0,0.0,0.0,0.0,0.0,0.0,100.0
20171129132730,0.0,0.0,0.0,0.0,0.0,0.0,0.0,100.0
20171129132800,0.0,0.0,0.0,0.0,0.0,0.0,0.0,100.0
20171129132830,0.0,0.0,0.0,0.0,0.0,0.0,0.0,100.0
20171129132900,0.0,0.0,0.0,0.0,0.0,0.0,0.0,100.0
20171129132930,0.0,0.0,0.0,0.0,0.0,0.0,0.0,100.0
20171129133000,0.0,0.0,0.0,0.0,0.0,0.0,0.0,100.0
20171129133030,0.0,0.0,0.0,0.0,0.0,0.0,0.0,100.0
20171129133100,0.0,0.0,0.0,0.0,0.0,0.0,0.0,100.0
20171129133130,0.0,0.0,0.0,0.0,0.0,0.0,0.0,100.0
20171129133200,0.0,0.0,0.0,0.0,0.0,0.0,0.0,100.0
20171129133230,0.0,0.0,0.0,0.0,0.0,0.0,0.0,100.0
20171129133300,0.0,0.0,0.0,0.0,0.0,0.0,0.0,100.0
20171129133330,0.0,0.0,0.0,0.0,0.0,0.0,0.0,100.0
20171129133400,0.0,0.0,0.0,0.0,0.0,0.0,0.0,100.0
20171129133430,0.0,0.0,0.0,0.0,0.0,0.0,0.0,100.0
20171129133500,0.0,0.0,0.0,0.0,0.0,0.0,0.0,100.0
20171129133530,0.0,0.0,0.0,0.0,0.0,0.0,0.0,100.0
20171129133600,0.0,0.0,0.0,0.0,0.0,0.0,0.0,100.0
20171129133630,0.0,0.0,0.0,0.0,0.0,0.0,0.0,100.0
20171129133700,0.0,0.0,0.0,0.0,0.0,0.0,0.0,100.0
20171129133730,0.0,0.0,0.0,0.0,0.0,0.0,0.0,100.0
20171129133800,0.0,0.0,0.0,0.0,0.0,0.0,0.0,100.0
20171129133830,0.0,0.0,0.0,0.0,0.0,0.0,0.0,100.0
20171129133900,0.0,0.0,0.0,0.0,0.0,0.0,0.0,100.0
20171129133930,0.0,0.0,0.0,0.0,0.0,0.0,0.0,100.0
20171129134000,0.0,0.0,0.0,0.0,0.0,0.0,0.0,100.0
20171129134030,0.0,0.0,0.0,0.0,0.0,0.0,0.0,100.0
20171129134100,0.0,0.0,0.0,0.0,0.0,0.0,0.0,100.0
20171129134130,0.0,0.0,0.0,0.0,0.0,0.0,0.0,100.0
20171129134200,0.0,0.0,0.0,0.0,0.0,0.0,0.0,100.0
20171129134230,0.0,0.0,0.0,0.0,0.0,0.0,0.0,100.0
20171129134300,0.0,0.0,0.0,0.0,0.0,0.0,0.0,100.0
20171129134330,0.0,0.0,0.0,0.0,0.0,0.0,0.0,100.0
20171129134400,0.0,0.0,0.0,0.0,0.0,0.0,0.0,100.0
20171129134430,0.0,0.0,0.0,0.0,0.0,0.0,0.0,100.0
20171129134500,0.0,0.0,0.0,0.0,0.0,0.0,0.0,100.0
20171129134530,0.0,0.0,0.0,0.0,0.0,0.0,0.0,100.0
20171129134600,0.0,0.0,0.0,0.0,0.0,0.0,0.0,100.0
20171129134630,0.0,0.0,0.0,0.0,0.0,0.0,0.0,100.0
20171129134700,0.0,0.0,0.0,0.0,0.0,0.0,0.0,100.0
20171129134730,0.0,0.0,0.0,0.0,0.0,0.0,0.0,100.0
20171129134800,0.0,0.0,0.0,0.0,0.0,0.0,0.0,100.0
20171129134830,0.0,0.0,0.0,0.0,0.0,0.0,0.0,100.0
20171129134900,0.0,0.0,0.0,0.0,0.0,0.0,0.0,100.0
20171129134930,0.0,0.0,0.0,0.0,0.0,0.0,0.0,100.0
20171129135000,0.0,0.0,0.0,0.0,0.0,0.0,0.0,100.0
20171129135031,0.0,0.0,0.0,0.0,0.0,0.0,0.0,100.0
20171129135101,0.0,0.0,0.0,0.0,0.0,0.0,0.0,100.0
20171129135131,0.0,0.0,0.0,0.0,0.0,0.0,0.0,100.0
20171129135201,0.0,0.0,0.0,0.0,0.0,0.0,0.0,100.0
20171129135231,0.0,0.0,0.0,0.0,0.0,0.0,0.0,100.0
20171129135301,0.0,0.0,0.0,0.0,0.0,0.0,0.0,100.0
20171129135331,0.0,0.0,0.0,0.0,0.0,0.0,0.0,100.0
20171129135401,0.0,0.0,0.0,0.0,0.0,0.0,0.0,100.0
20171129135431,0.0,0.0,0.0,0.0,0.0,0.0,0.0,100.0
20171129135501,0.0,0.0,0.0,0.0,0.0,0.0,0.0,100.0
20171129135531,0.0,0.0,0.0,0.0,0.0,0.0,0.0,100.0
20171129135601,0.0,0.0,0.0,0.0,0.0,0.0,0.0,100.0
20171129135631,0.0,0.0,0.0,0.0,0.0,0.0,0.0,100.0
20171129135701,0.0,0.0,0.0,0.0,0.0,0.0,0.0,100.0
20171129135731,0.0,0.0,0.0,0.0,0.0,0.0,0.0,100.0
20171129135801,0.0,0.0,0.0,0.0,0.0,0.0,0.0,100.0
20171129135831,0.0,0.0,0.0,0.0,0.0,0.0,0.0,100.0
20171129135901,0.0,0.0,0.0,0.0,0.0,0.0,0.0,100.0
20171129135931,0.0,0.0,0.0,0.0,0.0,0.0,0.0,100.0
20171129140001,0.0,0.0,0.0,0.0,0.0,0.0,0.0,100.0
20171129140031,0.0,0.0,0.0,0.0,0.0,0.0,0.0,100.0
20171129140101,0.0,0.0,0.0,0.0,0.0,0.0,0.0,100.0
20171129140131,0.0,0.0,0.0,0.0,0.0,0.0,0.0,100.0
20171129140201,0.0,0.0,0.0,0.0,0.0,0.0,0.0,100.0
20171129140231,0.0,0.0,0.0,0.0,0.0,0.0,0.0,100.0
20171129140301,0.0,0.0,0.0,0.0,0.0,0.0,0.0,100.0
20171129140331,0.0,0.0,0.0,0.0,0.0,0.0,0.0,100.0
20171129140401,0.0,0.0,0.0,0.0,0.0,0.0,0.0,100.0
20171129140431,0.0,0.0,0.0,0.0,0.0,0.0,0.0,100.0
20171129140501,0.0,0.0,0.0,0.0,0.0,0.0,0.0,100.0
20171129140531,0.0,0.0,0.0,0.0,0.0,0.0,0.0,100.0
20171129140601,0.0,0.0,0.0,0.0,0.0,0.0,0.0,100.0
20171129140631,0.0,0.0,0.0,0.0,0.0,0.0,0.0,100.0
20171129140701,0.0,0.0,0.0,0.0,0.0,0.0,0.0,100.0
20171129140731,0.0,0.0,0.0,0.0,0.0,0.0,0.0,100.0
20171129140801,0.0,0.0,0.0,0.0,0.0,0.0,0.0,100.0
20171129140831,0.0,0.0,0.0,0.0,0.0,0.0,0.0,100.0
20171129140901,0.0,0.0,0.0,0.0,0.0,0.0,0.0,100.0
20171129140931,0.0,0.0,0.0,0.0,0.0,0.0,0.0,100.0
20171129141001,0.0,0.0,0.0,0.0,0.0,0.0,0.0,100.0
20171129141031,0.0,0.0,0.0,0.0,0.0,0.0,0.0,100.0
20171129141101,0.0,0.0,0.0,0.0,0.0,0.0,0.0,100.0
20171129141131,0.0,0.0,0.0,0.0,0.0,0.0,0.0,100.0
20171129141201,0.0,0.0,0.0,0.0,0.0,0.0,0.0,100.0
20171129141231,0.0,0.0,0.0,0.0,0.0,0.0,0.0,100.0
20171129141301,0.0,0.0,0.0,0.0,0.0,0.0,0.0,100.0
20171129141331,0.0,0.0,0.0,0.0,0.0,0.0,0.0,100.0
20171129141401,0.0,0.0,0.0,0.0,0.0,0.0,0.0,100.0
20171129141431,0.0,0.0,0.0,0.0,0.0,0.0,0.0,100.0
20171129141501,0.0,0.0,0.0,0.0,0.0,0.0,0.0,100.0
20171129141531,0.0,0.0,0.0,0.0,0.0,0.0,0.0,100.0
20171129141601,0.0,0.0,0.0,0.0,0.0,0.0,0.0,100.0
20171129141631,0.0,0.0,0.0,0.0,0.0,0.0,0.0,100.0
20171129141701,0.0,0.0,0.0,0.0,0.0,0.0,0.0,100.0
20171129141732,0.0,0.0,0.0,0.0,0.0,0.0,0.0,100.0
20171129141802,0.0,0.0,0.0,0.0,0.0,0.0,0.0,100.0
20171129141832,0.0,0.0,0.0,0.0,0.0,0.0,0.0,100.0
20171129141902,0.0,0.0,0.0,0.0,0.0,0.0,0.0,100.0
20171129141932,0.0,0.0,0.0,0.0,0.0,0.0,0.0,100.0
20171129142002,0.0,0.0,0.0,0.0,0.0,0.0,0.0,100.0
20171129142032,0.0,0.0,0.0,0.0,0.0,0.0,0.0,100.0
20171129142102,0.0,0.0,0.0,0.0,0.0,0.0,0.0,100.0
20171129142132,0.0,0.0,0.0,0.0,0.0,0.0,0.0,100.0
20171129142202,0.0,0.0,0.0,0.0,0.0,0.0,0.0,100.0
20171129142232,0.0,0.0,0.0,0.0,0.0,0.0,0.0,100.0
20171129142302,0.0,0.0,0.0,0.0,0.0,0.0,0.0,100.0
20171129142332,0.0,0.0,0.0,0.0,0.0,0.0,0.0,100.0
20171129142402,0.0,0.0,0.0,0.0,0.0,0.0,0.0,100.0
20171129142432,0.0,0.0,0.0,0.0,0.0,0.0,0.0,100.0
20171129142502,0.0,0.0,0.0,0.0,0.0,0.0,0.0,100.0
20171129142532,0.0,0.0,0.0,0.0,0.0,0.0,0.0,100.0
20171129142602,0.0,0.0,0.0,0.0,0.0,0.0,0.0,100.0
20171129142632,0.0,0.0,0.0,0.0,0.0,0.0,0.0,100.0
20171129142832,0.0,0.0,0.0,0.0,0.0,0.0,0.0,100.0
20171129142902,0.0,0.0,0.0,0.0,0.0,0.0,0.0,100.0
20171129142932,0.0,0.0,0.0,0.0,0.0,0.0,0.0,100.0
20171129143002,0.0,0.0,0.0,0.0,0.0,0.0,0.0,100.0
20171129143032,0.0,0.0,0.0,0.0,0.0,0.0,0.0,100.0
20171129143102,0.0,0.0,0.0,0.0,0.0,0.0,0.0,100.0
20171129143132,0.0,0.0,0.0,0.0,0.0,0.0,0.0,100.0
20171129143202,0.0,0.0,0.0,0.0,0.0,0.0,0.0,100.0
20171129143232,0.0,0.0,0.0,0.0,0.0,0.0,0.0,100.0
20171129143302,0.0,0.0,0.0,0.0,0.0,0.0,0.0,100.0
20171129143332,0.0,0.0,0.0,0.0,0.0,0.0,0.0,100.0
20171129143402,0.0,0.0,0.0,0.0,0.0,0.0,0.0,100.0
20171129143432,0.0,0.0,0.0,0.0,0.0,0.0,0.0,100.0
20171129143502,0.0,0.0,0.0,0.0,0.0,0.0,0.0,100.0
20171129143532,0.0,0.0,0.0,0.0,0.0,0.0,0.0,100.0
20171129143602,0.0,0.0,0.0,0.0,0.0,0.0,0.0,100.0
20171129143632,0.0,0.0,0.0,0.0,0.0,0.0,0.0,100.0
20171129143702,0.0,0.0,0.0,0.0,0.0,0.0,0.0,100.0
20171129143732,0.0,0.0,0.0,0.0,0.0,0.0,0.0,100.0
20171129143802,0.0,0.0,0.0,0.0,0.0,0.0,0.0,100.0
20171129143832,0.0,0.0,0.0,0.0,0.0,0.0,0.0,100.0
20171129143902,0.0,0.0,0.0,0.0,0.0,0.0,0.0,100.0
20171129143932,0.0,0.0,0.0,0.0,0.0,0.0,0.0,100.0
20171129144002,0.0,0.0,0.0,0.0,0.0,0.0,0.0,100.0
20171129144032,0.0,0.0,0.0,0.0,0.0,0.0,0.0,100.0
20171129144102,0.0,0.0,0.0,0.0,0.0,0.0,0.0,100.0
20171129144132,0.0,0.0,0.0,0.0,0.0,0.0,0.0,100.0
20171129144202,0.0,0.0,0.0,0.0,0.0,0.0,0.0,100.0
20171129144232,0.0,0.0,0.0,0.0,0.1,0.0,0.0,99.9
20171129144302,0.0,0.0,0.0,0.0,0.1,0.0,0.0,99.9
20171129144332,0.0,0.0,0.0,0.0,0.7,0.0,0.0,99.3
20171129144402,0.0,0.0,0.0,0.0,0.7,0.0,0.0,99.3
20171129144432,0.0,0.0,0.0,0.0,0.6,0.0,0.0,99.4
20171129144502,0.0,0.0,0.0,0.0,0.7,0.0,0.0,99.3
20171129144532,0.0,0.0,0.0,0.0,0.5,0.0,0.0,99.5
20171129144602,0.0,0.0,0.0,0.0,1.7,0.0,0.0,98.3
20171129144632,0.0,0.0,0.0,0.0,1.4,0.0,0.0,98.6
20171129144702,0.0,0.0,0.0,0.0,5.0,0.0,0.0,95.0
20171129144732,0.0,0.0,0.0,0.0,4.4,0.0,0.0,95.6
20171129144802,0.0,0.0,0.0,0.0,3.0,0.0,0.0,97.0
20171129144832,0.0,0.0,0.0,0.0,4.1,0.0,0.0,95.8
20171129144902,0.0,0.0,0.0,0.0,37.2,0.0,0.0,62.8
20171129144932,0.0,0.0,0.0,0.0,49.3,0.0,0.0,50.7
20171129145002,0.0,0.0,0.0,0.0,98.1,0.0,0.0,1.9
20171129145032,0.0,0.0,0.0,0.0,82.8,0.0,0.0,17.2
20171129145102,0.0,0.0,0.0,0.0,96.7,0.0,0.0,3.3
20171129145132,0.0,0.0,0.0,0.0,86.6,0.0,0.0,13.4
20171129145203,0.0,0.0,0.0,0.0,80.6,0.0,0.0,19.3
20171129145233,0.0,0.0,0.0,0.0,69.2,0.0,0.0,30.8
20171129145303,0.0,0.0,0.0,0.0,66.9,0.0,0.0,33.1
20171129145333,0.0,0.0,0.0,0.0,96.0,0.0,0.0,4.0
20171129145403,0.0,0.0,0.0,0.0,87.2,0.0,0.0,12.8
20171129145433,0.0,0.0,0.0,0.0,95.7,0.0,0.0,4.2
20171129145503,0.0,0.0,0.0,0.0,96.6,0.0,0.0,3.4
20171129145533,0.0,0.0,0.0,0.0,98.3,0.0,0.0,1.7
20171129145603,0.0,0.0,0.0,0.0,98.5,0.0,0.0,1.5
20171129145633,0.0,0.0,0.0,0.0,93.1,0.0,0.0,6.9
20171129145703,0.0,0.0,0.0,0.0,99.2,0.0,0.0,0.8
20171129145733,0.0,0.0,0.0,0.0,98.9,0.0,0.0,1.0
20171129145803,0.0,0.0,0.0,0.0,98.9,0.0,0.0,1.1
20171129145833,0.0,0.0,0.0,0.0,99.5,0.0,0.0,0.5
20171129145903,0.0,0.0,0.0,0.0,99.9,0.0,0.0,0.1
20171129145933,0.0,0.0,0.0,0.0,99.4,0.0,0.0,0.6
20171129150003,0.0,0.0,0.0,0.0,99.1,0.0,0.0,0.9
20171129150033,0.0,0.0,0.0,0.0,98.9,0.0,0.3,0.8
20171129150103,0.0,0.0,0.0,0.0,99.4,0.0,0.1,0.5
20171129150133,0.0,0.0,0.0,0.0,98.4,0.0,0.0,1.6
20171129150203,0.0,0.0,0.0,0.0,99.2,0.0,0.2,0.6
20171129150233,0.0,0.0,0.0,0.0,97.9,0.0,0.2,1.9
20171129150303,0.1,0.0,0.0,0.0,99.1,0.0,0.1,0.6
20171129150333,0.1,0.0,0.0,0.0,98.3,0.0,0.4,1.2
20171129150403,0.2,0.0,0.0,0.0,98.4,0.0,0.4,1.0
20171129150433,0.1,0.0,0.0,0.0,99.1,0.0,0.2,0.6
20171129150503,0.5,0.0,0.1,0.0,95.2,0.0,1.9,2.3
20171129150533,0.1,0.0,0.0,0.0,98.9,0.0,0.5,0.4
20171129150603,0.2,0.0,0.0,0.0,99.3,0.0,0.3,0.1
20171129150633,1.6,0.0,0.1,0.0,96.4,0.0,1.1,0.8
20171129150703,0.4,0.0,0.0,0.0,98.1,0.0,1.3,0.1
20171129150733,0.2,0.0,0.0,0.0,99.5,0.0,0.2,0.1
20171129150803,0.2,0.0,0.2,0.0,96.0,0.0,3.1,0.4
20171129150833,0.4,0.0,0.2,0.0,50.4,0.0,48.5,0.5
20171129150903,0.1,0.0,0.1,0.0,48.8,0.0,50.5,0.5
20171129150933,0.1,0.0,0.0,0.0,32.7,0.0,66.8,0.4
20171129151003,0.1,0.0,0.0,0.0,40.8,0.0,56.0,3.0
20171129151033,0.0,0.0,0.0,0.0,59.2,0.0,40.3,0.5
20171129151103,0.1,0.0,0.0,0.0,26.6,0.0,71.0,2.3
20171129151133,0.1,0.0,0.0,0.0,71.3,0.0,24.5,4.2
20171129151203,0.0,0.0,0.0,0.0,70.5,0.0,28.6,0.8
20171129151233,0.0,0.0,0.0,0.0,58.2,0.0,40.0,1.7
20171129151303,0.0,0.0,0.0,0.0,25.4,0.0,73.8,0.7
20171129151333,0.0,0.0,0.0,0.0,21.7,0.0,78.2,0.1
20171129151403,0.0,0.0,0.0,0.0,61.0,0.0,38.8,0.2
20171129151433,0.1,0.0,0.0,0.0,28.3,0.0,71.4,0.2
20171129151503,0.1,0.0,0.0,0.0,91.5,0.0,8.3,0.1
20171129151533,0.1,0.0,0.0,0.0,32.6,0.0,67.1,0.2
20171129151603,0.4,0.0,0.1,0.0,73.5,0.0,25.8,0.2
20171129151633,1.5,0.0,0.1,0.0,68.1,0.1,29.4,0.8
20171129151703,0.9,0.1,0.2,0.0,40.2,0.0,58.0,0.6
20171129151733,0.7,0.0,0.2,0.0,30.7,0.0,68.2,0.1
20171129151803,1.3,0.0,0.1,0.0,70.6,0.0,27.9,0.1
20171129151833,0.2,0.0,0.1,0.0,80.6,0.0,19.0,0.1
20171129151903,0.1,0.0,0.0,0.0,99.4,0.0,0.5,0.0
20171129151933,0.2,0.0,0.0,0.0,96.7,0.0,3.1,0.0
20171129152003,0.2,0.0,0.0,0.0,98.8,0.0,1.0,0.0
20171129152033,0.2,0.0,0.0,0.0,98.8,0.0,1.0,0.0
20171129152103,2.1,0.0,0.2,0.0,90.1,0.0,7.5,0.1
20171129152133,1.4,0.0,0.2,0.0,43.3,0.1,54.8,0.2
20171129152203,1.2,0.0,0.3,0.0,78.6,0.1,19.6,0.2
20171129152233,2.1,0.0,0.3,0.0,87.3,0.0,10.1,0.2
20171129152303,1.4,0.0,0.1,0.0,84.1,0.0,14.2,0.1
20171129152333,1.0,0.0,0.1,0.0,26.7,0.0,72.1,0.1
20171129152403,1.7,0.0,0.1,0.0,39.5,0.0,58.3,0.4
20171129152433,2.0,0.0,0.3,0.1,44.2,0.0,53.1,0.3
20171129152503,0.6,0.0,0.2,0.0,46.0,0.0,52.8,0.4
20171129152533,0.6,0.0,0.1,0.1,28.4,0.0,69.9,0.8
20171129152604,0.0,0.0,0.0,0.0,6.9,0.0,92.2,0.7
20171129152634,0.1,0.0,0.0,0.0,30.2,0.0,69.1,0.5
20171129152704,0.0,0.0,0.0,0.0,18.3,0.0,81.1,0.5
20171129152734,0.1,0.0,0.0,0.0,13.2,0.0,85.6,1.0
20171129152804,0.4,0.0,0.0,0.0,11.9,0.0,87.4,0.2
20171129152834,0.0,0.0,0.0,0.0,0.9,0.0,98.9,0.2
20171129152904,0.1,0.0,0.0,0.0,5.0,0.0,94.7,0.1
20171129152934,0.0,0.0,0.0,0.0,1.8,0.0,98.2,0.0
20171129153004,0.0,0.0,0.0,0.0,0.8,0.0,99.0,0.1
20171129153034,0.0,0.0,0.0,0.0,2.5,0.0,97.3,0.1
20171129153104,0.0,0.0,0.0,0.0,1.8,0.0,98.0,0.2
20171129153134,0.0,0.0,0.0,0.0,0.2,0.0,99.7,0.1
20171129153204,0.0,0.0,0.0,0.0,0.4,0.0,99.5,0.1
20171129153234,0.0,0.0,0.0,0.0,3.5,0.0,96.2,0.3
20171129153304,0.0,0.0,0.0,0.0,2.2,0.0,97.7,0.1
20171129153334,0.1,0.0,0.0,0.0,13.1,0.0,86.4,0.4
20171129153404,0.1,0.0,0.0,0.0,7.8,0.0,91.7,0.4
20171129153434,0.0,0.0,0.0,0.0,13.9,0.0,85.4,0.7
20171129153504,0.1,0.0,0.0,0.0,44.4,0.1,54.6,0.8
20171129153534,0.1,0.0,0.0,0.0,38.9,0.1,60.1,0.9
20171129153604,0.0,0.0,0.0,0.0,63.8,0.0,35.7,0.4
20171129153634,0.2,0.0,0.1,0.0,63.5,0.1,35.7,0.4
20171129153704,0.2,0.0,0.3,0.0,71.8,0.0,27.5,0.1
20171129153734,0.2,0.0,0.1,0.0,47.2,0.0,51.7,0.8
20171129153804,0.1,0.0,0.0,0.0,54.3,0.0,44.3,1.2
20171129153834,0.1,0.0,0.0,0.0,79.0,0.0,19.0,1.8
20171129153904,0.1,0.0,0.1,0.0,74.0,0.1,24.5,1.2
20171129153934,0.0,0.0,0.0,0.0,83.3,0.0,16.3,0.3
20171129154004,0.0,0.0,0.0,0.0,54.6,0.0,38.6,6.7
20171129154034,0.0,0.0,0.1,0.0,67.4,0.0,30.5,2.0
20171129154104,0.1,0.0,0.3,0.0,65.8,0.0,33.2,0.6
20171129154134,0.0,0.0,0.1,0.0,31.4,0.1,67.3,1.1
20171129154204,0.1,0.0,0.1,0.0,20.3,0.0,79.0,0.5
20171129154234,0.1,0.0,0.2,0.0,64.8,0.1,32.8,2.2
20171129154304,0.2,0.0,0.1,0.0,69.6,0.1,26.3,3.7
20171129154334,0.2,0.0,0.1,0.0,92.9,0.0,5.8,0.9
20171129154404,0.3,0.0,0.1,0.0,96.6,0.0,2.4,0.6
20171129154434,0.2,0.0,0.0,0.0,99.4,0.0,0.3,0.0
20171129154504,0.2,0.0,0.0,0.0,99.0,0.0,0.7,0.1
20171129154534,0.3,0.0,0.0,0.0,99.0,0.0,0.6,0.1
20171129154604,0.6,0.0,0.1,0.0,98.7,0.0,0.4,0.2
20171129154634,0.2,0.0,0.1,0.0,99.0,0.0,0.5,0.3
20171129154704,0.4,0.0,0.1,0.0,98.5,0.0,0.9,0.1
20171129154734,0.1,0.1,0.1,0.0,84.9,0.0,14.5,0.2
20171129154804,0.2,0.0,0.1,0.0,94.4,0.0,5.1,0.2
20171129154834,0.3,0.1,0.3,0.0,88.8,0.0,10.3,0.2
20171129154904,0.5,0.0,0.1,0.0,90.6,0.1,8.6,0.1
20171129154934,0.2,0.0,0.0,0.0,99.0,0.0,0.7,0.0
20171129155004,0.0,0.0,0.0,0.0,96.8,0.0,3.1,0.0
20171129155034,0.1,0.0,0.0,0.0,94.9,0.0,4.9,0.2
20171129155104,0.1,0.0,0.0,0.0,93.7,0.0,4.9,1.2
20171129155134,0.2,0.1,0.1,0.0,30.7,0.0,68.7,0.1
20171129155204,0.1,0.2,0.0,0.0,95.7,0.0,4.0,0.0
20171129155234,0.2,0.0,0.0,0.0,88.4,0.0,10.6,0.8
20171129155304,0.8,0.0,0.0,0.0,92.4,0.0,6.2,0.5
20171129155334,0.2,0.0,0.0,0.0,88.9,0.0,9.9,1.0
20171129155404,0.1,0.0,0.0,0.0,93.1,0.0,6.7,0.1
20171129155434,0.1,0.0,0.0,0.0,97.2,0.0,2.6,0.1
20171129155504,0.6,0.0,0.0,0.0,89.9,0.0,9.1,0.2
20171129155534,0.0,0.0,0.0,0.0,98.8,0.0,1.1,0.0
20171129155604,0.1,0.0,0.0,0.0,94.9,0.0,4.8,0.1
20171129155634,0.8,0.1,0.0,0.0,81.2,0.1,17.5,0.3
20171129155704,0.1,0.0,0.0,0.0,73.7,0.0,24.8,1.3
20171129155734,0.7,0.0,0.0,0.0,82.6,0.0,9.7,7.0
20171129155805,0.3,0.0,0.1,0.0,29.8,0.1,65.1,4.5
20171129155835,0.4,0.0,0.0,0.0,86.6,0.1,10.5,2.4
20171129155905,0.7,0.0,0.2,0.0,43.3,0.1,52.6,3.0
20171129155935,0.3,0.0,0.1,0.0,79.6,0.1,12.8,7.1
20171129160005,0.8,0.0,0.1,0.0,57.9,0.2,29.5,11.5
20171129160035,1.1,0.0,0.1,0.0,38.9,0.4,30.1,29.4
20171129160105,1.2,0.0,0.0,0.0,77.1,0.2,9.3,12.2
20171129160135,0.6,0.0,0.0,0.0,68.0,0.3,16.1,14.9
20171129160205,0.2,0.0,0.0,0.0,71.2,0.1,23.6,4.8
20171129160235,0.1,0.0,0.1,0.0,83.2,0.1,12.9,3.5
20171129160305,0.1,0.0,0.1,0.0,87.1,0.1,11.3,1.3
20171129160335,0.1,0.0,0.0,0.0,81.4,0.0,12.8,5.6
20171129160405,0.1,0.0,0.0,0.0,61.1,0.1,35.7,3.0
20171129160435,0.5,0.0,0.1,0.0,68.3,0.1,29.5,1.5
20171129160505,0.9,0.0,0.2,0.0,64.1,0.3,32.6,2.0
20171129160535,1.0,0.0,0.1,0.0,66.2,0.1,31.2,1.5
20171129160605,0.1,0.0,0.0,0.0,68.2,0.0,28.9,2.7
20171129160635,0.3,0.0,0.0,0.0,16.5,0.0,80.9,2.2
20171129160705,0.4,0.0,0.0,0.0,69.2,0.1,26.4,3.9
20171129160735,1.2,0.0,0.0,0.0,89.8,0.0,6.9,2.0
20171129160805,1.8,0.0,0.1,0.0,84.1,0.3,11.3,2.3
20171129160835,0.7,0.0,0.1,0.0,35.9,0.3,55.7,7.3
20171129160905,2.2,0.0,0.1,0.0,63.1,0.3,32.8,1.5
20171129160935,0.1,0.0,0.0,0.0,20.9,0.2,72.2,6.5
20171129161005,0.2,0.0,0.0,0.0,10.0,0.1,88.2,1.5
20171129161035,0.1,0.0,0.0,0.0,2.9,0.0,96.2,0.8
20171129161105,0.4,0.0,0.1,0.0,59.2,0.2,39.2,0.9
20171129161135,0.0,0.0,0.0,0.0,9.9,0.0,80.4,9.6
20171129161205,0.0,0.0,0.0,0.0,1.1,0.1,81.8,16.9
20171129161235,0.0,0.0,0.0,0.0,14.3,0.3,72.2,13.1
20171129161305,0.2,0.0,0.0,0.0,29.5,0.4,59.1,10.8
20171129161335,0.0,0.0,0.0,0.0,11.4,0.5,53.4,34.5
20171129161405,0.1,0.0,0.1,0.0,9.0,0.4,72.2,18.3
20171129161435,0.0,0.0,0.0,0.0,5.1,0.3,76.6,18.0
20171129161505,0.0,0.0,0.0,0.0,18.6,1.4,35.8,44.1
20171129161535,0.1,0.0,0.1,0.0,19.8,4.4,27.4,48.3
20171129161605,0.0,0.0,0.0,0.0,16.4,1.1,15.9,66.5
20171129161635,0.0,0.0,0.0,0.0,72.4,0.3,20.2,7.1
20171129161705,0.1,0.0,0.0,0.0,71.9,0.2,23.3,4.5
20171129161735,0.0,0.0,0.0,0.0,61.1,1.4,21.5,16.0
20171129161805,0.1,0.0,0.0,0.0,10.9,1.0,61.6,26.4
20171129161835,0.0,0.0,0.0,0.0,19.2,1.2,75.9,3.6
20171129161905,0.0,0.0,0.0,0.0,27.1,0.6,71.8,0.5
20171129161935,0.0,0.0,0.0,0.0,42.5,1.5,53.5,2.3
20171129162005,0.2,0.0,0.0,0.0,28.7,3.9,65.8,1.4
20171129162035,0.4,0.0,0.0,0.0,61.9,1.7,35.6,0.4
20171129162105,0.0,0.0,0.0,0.0,8.8,0.2,89.1,2.0
20171129162135,0.1,0.0,0.0,0.0,12.6,2.0,79.3,5.9
20171129162205,0.2,0.0,0.1,0.0,28.3,1.6,68.4,1.4
20171129162235,0.2,0.0,0.1,0.0,48.8,1.6,46.9,2.3
20171129162305,0.1,0.0,0.1,0.0,75.1,6.7,15.5,2.6
20171129162335,0.0,0.0,0.0,0.0,52.5,1.1,41.0,5.3
20171129162405,0.1,0.0,0.0,0.0,79.2,0.5,19.2,1.1
20171129162435,0.1,0.0,0.1,0.0,83.5,1.6,13.7,1.0
20171129162505,0.2,0.0,0.0,0.0,94.2,1.9,3.2,0.4
20171129162535,0.1,0.0,0.0,0.0,95.4,0.6,3.3,0.6
20171129162605,0.2,0.0,0.0,0.0,74.3,2.1,15.6,7.8
20171129162635,0.2,0.0,0.0,0.0,87.8,0.2,6.9,4.9
20171129162705,0.1,0.0,0.0,0.0,60.3,0.5,29.6,9.5
20171129162736,0.3,0.0,0.0,0.0,51.9,1.1,8.4,38.3
20171129162806,0.3,0.0,0.0,0.0,42.0,1.7,11.1,44.9
20171129162836,0.1,0.0,0.0,0.0,46.3,0.4,12.0,41.3
20171129162906,0.0,0.0,0.0,0.0,79.3,0.1,1.4,19.2
20171129162936,0.1,0.0,0.0,0.0,78.5,0.2,2.4,18.8
20171129163006,0.0,0.0,0.0,0.0,70.6,1.7,9.0,18.7
20171129163036,0.0,0.0,0.0,0.0,92.1,0.5,1.1,6.3
20171129163106,0.1,0.0,0.0,0.0,70.7,0.9,3.4,24.9
20171129163136,0.3,0.0,0.1,0.0,66.3,1.2,22.1,10.0
20171129163206,0.2,0.0,0.1,0.0,63.2,1.3,28.2,6.8
20171129163236,0.0,0.0,0.1,0.0,35.1,0.5,35.6,28.7
20171129163306,0.1,0.0,0.1,0.0,41.0,0.8,10.0,48.1
20171129163336,0.0,0.0,0.1,0.0,80.9,0.8,9.4,8.8
20171129163406,0.2,0.0,0.0,0.0,80.4,1.0,10.2,8.3
20171129163436,0.2,0.0,0.0,0.0,70.1,0.5,18.9,10.2
20171129163506,0.1,0.0,0.0,0.0,35.1,0.2,35.2,29.3
20171129163536,0.5,0.0,0.0,0.0,82.3,0.3,3.3,13.5
20171129163606,0.2,0.0,0.1,0.0,92.5,0.1,1.0,6.0
20171129163636,0.1,0.0,0.0,0.0,95.4,0.1,1.2,3.2
20171129163706,0.5,0.0,0.2,0.0,75.3,0.3,3.2,20.5
20171129163736,0.1,0.0,0.1,0.0,38.0,0.2,10.1,51.5
20171129163806,0.2,0.0,0.1,0.0,64.4,0.1,7.6,27.5
20171129163836,0.4,0.0,0.1,0.0,87.6,0.4,6.4,5.1
20171129163906,0.4,0.0,0.1,0.0,30.1,1.2,9.8,58.2
20171129163936,1.0,0.2,0.2,0.0,83.3,0.4,2.2,12.7
20171129164006,0.8,0.0,0.0,0.0,73.6,1.1,2.3,22.2
20171129164036,0.4,0.0,0.0,0.0,74.0,0.4,16.4,8.8
20171129164106,0.9,0.0,0.2,0.0,61.2,0.3,14.5,22.9
20171129164136,0.1,0.0,0.1,0.0,77.6,0.2,1.4,20.6
20171129164206,0.1,0.0,0.0,0.0,85.6,0.0,2.3,12.0
20171129164236,0.1,0.0,0.0,0.0,96.1,0.0,0.5,3.4
20171129164306,0.5,0.0,0.1,0.0,77.9,0.2,8.6,12.7
20171129164336,0.3,0.0,0.0,0.0,62.9,0.3,7.5,29.1
20171129164406,0.3,0.0,0.0,0.0,88.5,0.2,2.6,8.3
20171129164436,0.4,0.0,0.1,0.0,44.1,1.3,27.2,26.9
20171129164506,0.3,0.3,0.1,0.0,50.6,0.6,21.0,27.2
20171129164536,0.8,0.1,0.1,0.0,73.7,0.9,9.1,15.3
20171129164606,0.5,0.0,0.0,0.0,76.8,1.6,6.1,14.9
20171129164636,1.0,0.2,0.0,0.0,73.0,0.3,10.3,15.3
20171129164706,0.4,0.0,0.0,0.0,92.4,0.0,4.1,3.0
20171129164736,0.4,0.1,0.0,0.0,56.4,0.2,31.4,11.5
20171129164806,0.2,0.1,0.1,0.0,55.7,0.1,27.8,16.0
20171129164836,0.5,0.1,0.1,0.0,69.4,0.1,16.2,13.5
20171129164906,0.2,0.1,0.1,0.0,64.6,0.2,16.1,18.7
20171129164936,0.3,0.1,0.1,0.0,61.1,0.1,23.8,14.4
20171129165006,0.1,0.0,0.1,0.0,22.7,0.0,54.5,22.6
20171129165036,0.0,0.0,0.1,0.0,50.4,0.0,16.7,32.7
20171129165106,0.1,0.0,0.1,0.0,56.6,0.1,17.3,25.8
20171129165136,0.0,0.0,0.0,0.0,35.2,0.0,21.9,42.9
20171129165206,0.1,0.0,0.1,0.0,50.5,0.1,5.2,44.0
20171129165236,0.1,0.1,0.2,0.0,57.0,0.1,12.8,29.7
20171129165306,0.0,0.0,0.1,0.0,14.1,0.0,33.9,51.8
20171129165336,0.3,0.2,0.7,0.0,16.6,0.2,28.1,53.9
20171129165406,0.3,0.0,0.2,0.0,7.5,0.1,49.3,42.7
20171129165436,0.9,0.0,0.2,0.0,24.8,0.2,48.0,25.8
20171129165506,1.0,0.0,0.5,0.0,26.6,0.2,52.6,19.2
20171129165536,0.3,0.0,0.1,0.0,3.1,0.1,56.1,40.3
20171129165606,0.2,0.0,0.2,0.0,7.2,0.1,69.0,23.4
20171129165636,0.0,0.0,0.0,0.0,0.8,0.0,72.9,26.3
20171129165706,0.0,0.0,0.0,0.0,0.7,0.0,97.2,2.2
20171129165736,0.0,0.0,0.1,0.0,4.2,0.0,87.2,8.5
20171129165806,0.1,0.0,0.1,0.0,5.9,0.1,73.1,20.7
20171129165836,0.1,0.0,0.1,0.0,3.1,0.0,92.3,4.5
20171129165906,0.0,0.0,0.0,0.0,2.6,0.0,94.2,3.1
20171129165936,0.0,0.0,0.0,0.0,3.8,0.0,91.6,4.6
20171129170006,0.0,0.0,0.0,0.0,6.1,0.0,88.5,5.2
20171129170036,0.0,0.0,0.0,0.0,2.1,0.1,95.0,2.8
20171129170106,0.0,0.0,0.0,0.0,13.2,0.1,81.7,4.9
20171129170137,0.0,0.0,0.0,0.0,6.8,0.0,90.2,2.9
20171129170207,0.0,0.0,0.0,0.0,20.9,0.0,77.5,1.5
20171129170237,0.0,0.0,0.0,0.0,24.7,0.0,73.9,1.3
20171129170307,0.0,0.0,0.0,0.0,26.3,0.0,71.4,2.4
20171129170337,0.0,0.0,0.0,0.0,63.2,0.0,33.2,3.6
20171129170407,0.0,0.0,0.0,0.0,36.2,0.1,59.4,4.3
20171129170437,0.0,0.0,0.0,0.0,41.6,0.1,54.4,3.8
20171129170507,0.0,0.0,0.1,0.0,60.6,0.7,30.6,8.0
20171129170537,0.0,0.0,0.0,0.0,30.3,0.5,65.5,3.7
20171129170607,0.0,0.0,0.0,0.0,46.9,0.1,51.8,1.1
20171129170637,0.0,0.0,0.0,0.0,18.2,0.3,63.8,17.6
20171129170707,0.0,0.0,0.0,0.0,5.5,0.4,90.1,4.0
20171129170737,0.0,0.0,0.0,0.0,42.3,1.4,48.3,7.9
20171129170807,0.0,0.0,0.0,0.0,41.7,1.2,45.2,11.9
20171129170837,0.1,0.0,0.0,0.0,81.4,3.3,11.9,3.3
20171129170907,0.1,0.0,0.0,0.0,42.9,1.8,52.1,3.1
20171129170937,0.1,0.0,0.0,0.0,65.2,0.4,19.1,15.2
20171129171007,0.1,0.0,0.0,0.0,65.0,0.7,15.7,18.5
20171129171037,0.1,0.0,0.0,0.0,29.6,2.6,26.3,41.5
20171129171107,0.0,0.0,0.0,0.0,84.4,0.2,1.9,13.4
20171129171137,0.1,0.0,0.0,0.0,65.1,1.0,13.1,20.7
20171129171207,0.0,0.0,0.0,0.0,62.2,2.1,9.8,25.9
20171129171237,0.0,0.0,0.0,0.0,64.1,0.2,3.3,32.3
20171129171307,0.0,0.0,0.0,0.0,66.6,0.1,11.3,22.0
20171129171337,0.0,0.0,0.0,0.0,43.0,0.4,9.4,47.2
20171129171407,0.0,0.0,0.0,0.0,45.0,1.0,28.3,25.7
20171129171437,0.0,0.0,0.0,0.0,20.8,1.3,8.8,69.1
20171129171507,0.0,0.0,0.0,0.0,8.4,0.6,6.7,84.3
20171129171537,0.0,0.0,0.0,0.0,50.5,0.9,14.9,33.7
20171129171607,0.0,0.0,0.0,0.0,27.6,3.1,28.6,40.6
20171129171637,0.0,0.0,0.0,0.0,31.6,1.7,3.5,63.2
20171129171707,0.0,0.0,0.0,0.0,69.0,1.3,1.3,28.3
20171129171737,0.2,0.0,0.0,0.0,46.5,5.4,1.3,46.6
20171129171807,0.0,0.0,0.0,0.0,27.0,0.8,2.1,70.0
20171129171837,0.0,0.0,0.0,0.0,5.0,2.0,1.9,91.1
20171129171907,0.0,0.0,0.0,0.0,42.1,1.9,0.9,55.1
20171129171937,0.0,0.0,0.0,0.0,4.5,6.7,1.1,87.6
20171129172007,0.0,0.0,0.0,0.0,3.7,6.5,1.3,88.5
20171129172037,0.0,0.0,0.0,0.0,1.9,2.4,1.1,94.5
20171129172107,0.0,0.0,0.0,0.0,1.2,3.0,1.4,94.4
20171129172137,0.0,0.0,0.0,0.0,1.3,8.4,0.3,90.0
20171129172207,0.0,0.0,0.0,0.0,0.4,1.8,0.1,97.7
20171129172237,0.0,0.0,0.0,0.0,2.0,1.1,0.0,96.9
20171129172307,0.0,0.0,0.0,0.0,1.2,1.9,0.2,96.6
20171129172337,0.0,0.0,0.0,0.0,1.6,1.0,0.2,97.2
20171129172407,0.0,0.0,0.0,0.0,1.4,1.7,0.2,96.7
20171129172437,0.0,0.0,0.0,0.0,1.3,3.6,0.1,95.1
20171129172507,0.0,0.0,0.0,0.0,1.5,3.5,0.2,94.8
20171129172537,0.0,0.0,0.0,0.0,0.1,0.3,0.1,99.6
20171129172607,0.0,0.0,0.0,0.0,1.7,2.6,0.2,95.4
20171129172637,0.0,0.0,0.0,0.0,1.7,8.2,0.8,89.2
20171129172707,0.0,0.0,0.0,0.0,2.2,4.2,0.6,92.9
20171129172737,0.0,0.0,0.0,0.0,0.4,9.4,0.5,89.7
20171129172807,0.0,0.0,0.0,0.0,0.5,53.2,0.2,46.1
20171129172837,0.0,0.0,0.0,0.0,0.3,7.2,0.1,92.4
20171129172907,0.0,0.0,0.0,0.0,0.8,21.3,0.3,77.6
20171129172937,0.0,0.0,0.0,0.0,1.3,11.4,0.3,87.0
20171129173007,0.0,0.0,0.0,0.0,1.6,19.6,0.4,78.4
20171129173037,0.0,0.0,0.0,0.0,4.1,49.0,0.6,46.3
20171129173107,0.1,0.0,0.0,0.0,4.4,28.1,0.3,67.1
20171129173137,0.1,0.0,0.0,0.0,7.7,31.9,0.3,60.0
20171129173207,0.0,0.0,0.0,0.0,4.3,6.8,0.1,88.8
20171129173237,0.0,0.0,0.0,0.0,4.3,14.8,0.2,80.7
20171129173307,0.0,0.0,0.0,0.0,4.3,12.8,0.4,82.4
20171129173337,0.0,0.0,0.0,0.0,2.5,52.2,0.0,45.2
20171129173407,0.1,0.0,0.0,0.0,5.9,48.2,0.3,45.6
20171129173437,0.3,0.0,0.0,0.0,18.5,50.2,0.2,30.8
20171129173507,0.1,0.0,0.0,0.0,10.6,52.2,0.4,36.7
20171129173537,0.1,0.0,0.0,0.0,6.4,79.6,0.2,13.8
20171129173607,0.3,0.0,0.0,0.0,8.7,80.3,0.2,10.5
20171129173638,0.1,0.0,0.0,0.0,3.6,81.9,0.1,14.2
20171129173708,0.0,0.0,0.0,0.0,5.6,74.5,0.2,19.7
20171129173738,0.1,0.0,0.0,0.0,16.8,37.7,0.2,45.3
20171129173808,0.2,0.0,0.0,0.0,14.1,58.1,0.1,27.6
20171129173838,0.0,0.0,0.0,0.0,4.3,32.3,0.1,63.3
20171129173908,0.1,0.0,0.0,0.0,16.3,36.9,0.8,46.0
20171129173938,0.0,0.0,0.0,0.0,7.6,21.9,1.3,69.2
20171129174008,0.0,0.0,0.0,0.0,2.2,49.1,0.5,48.2
20171129174038,0.0,0.0,0.0,0.0,2.1,22.8,0.3,74.7
20171129174108,0.0,0.0,0.0,0.0,1.8,48.1,0.4,49.7
20171129174138,0.0,0.0,0.0,0.0,0.8,11.4,1.4,86.4
20171129174208,0.0,0.0,0.0,0.0,2.3,14.1,0.3,83.2
20171129174238,0.0,0.0,0.0,0.0,4.6,34.1,0.6,60.7
20171129174308,0.0,0.0,0.0,0.0,2.9,11.7,1.4,84.0
20171129174338,0.0,0.0,0.0,0.0,5.8,23.3,0.9,70.0
20171129174408,0.0,0.0,0.0,0.0,3.8,11.4,0.9,83.9
20171129174438,0.0,0.0,0.0,0.0,6.0,30.5,0.4,63.0
20171129174508,0.0,0.0,0.0,0.0,4.0,29.2,2.0,64.8
20171129174538,0.0,0.0,0.0,0.0,2.5,7.1,0.3,90.1
20171129174608,0.0,0.0,0.0,0.0,3.4,11.2,0.5,84.8
20171129174638,0.0,0.0,0.0,0.0,1.3,5.9,0.2,92.5
20171129174708,0.0,0.0,0.0,0.0,7.3,3.5,0.9,88.3
20171129174738,0.0,0.0,0.0,0.0,6.2,30.3,2.5,60.9
20171129174808,0.1,0.0,0.0,0.0,15.8,17.9,1.4,64.9
20171129174838,0.0,0.0,0.0,0.0,3.8,6.8,3.3,86.1
20171129174908,0.0,0.0,0.0,0.0,2.3,9.3,1.2,87.1
20171129174938,0.0,0.0,0.0,0.0,2.1,26.0,0.7,71.3
20171129175008,0.0,0.0,0.0,0.0,2.7,43.5,2.2,51.5
20171129175038,0.0,0.0,0.0,0.0,2.9,10.4,0.7,86.0
20171129175108,0.1,0.0,0.0,0.0,3.9,42.2,1.9,52.0
20171129175138,0.0,0.0,0.0,0.0,0.5,6.9,0.4,92.2
20171129175208,0.0,0.0,0.0,0.0,2.4,20.0,0.6,76.9
20171129175238,0.0,0.0,0.0,0.0,3.7,35.7,0.5,60.0
20171129175308,0.0,0.0,0.0,0.0,2.7,18.9,0.4,78.1
20171129175338,0.0,0.0,0.0,0.0,3.5,79.6,0.0,16.9
20171129175408,0.0,0.0,0.0,0.0,5.2,51.0,1.2,42.6
20171129175438,0.0,0.0,0.0,0.0,0.8,37.1,0.1,62.0
20171129175508,0.0,0.0,0.0,0.0,1.8,32.1,0.2,65.9
20171129175538,0.0,0.0,0.0,0.0,4.5,35.9,0.8,58.8
20171129175608,0.0,0.0,0.0,0.0,2.2,28.1,0.2,69.5
20171129175638,0.0,0.0,0.0,0.0,2.6,80.2,0.5,16.7
20171129175708,0.0,0.0,0.0,0.0,12.9,41.4,0.2,45.4
20171129175738,0.0,0.0,0.0,0.0,2.7,39.0,1.0,57.3
20171129175808,0.0,0.0,0.0,0.0,1.7,36.2,1.7,60.3
20171129175838,0.0,0.0,0.0,0.0,0.7,92.1,0.9,6.2
20171129175908,0.0,0.0,0.0,0.0,2.0,41.9,0.4,55.8
20171129175938,0.0,0.0,0.0,0.0,3.1,45.3,0.4,51.2
20171129180008,0.0,0.0,0.0,0.0,0.8,30.7,0.2,68.4
20171129180038,0.0,0.0,0.0,0.0,2.1,64.7,0.3,32.9
20171129180108,0.0,0.0,0.0,0.0,2.3,35.4,0.2,62.1
20171129180138,0.0,0.0,0.0,0.0,0.6,58.4,0.3,40.7
20171129180208,0.0,0.0,0.0,0.0,3.9,66.2,0.3,29.7
20171129180238,0.0,0.0,0.0,0.0,1.2,21.9,0.1,76.9
20171129180309,0.0,0.0,0.0,0.0,0.3,34.9,0.1,64.7
20171129180339,0.0,0.0,0.0,0.0,0.4,88.9,0.0,10.7
20171129180409,0.0,0.0,0.0,0.0,3.2,55.6,0.2,40.9
20171129180439,0.0,0.0,0.0,0.0,11.1,72.6,0.2,16.0
20171129180509,0.0,0.0,0.0,0.0,6.4,56.8,0.1,36.7
20171129180539,0.0,0.0,0.0,0.0,6.4,52.2,0.1,41.3
20171129180609,0.0,0.0,0.0,0.0,1.4,88.6,0.1,10.0
20171129180639,0.0,0.0,0.0,0.0,1.4,95.8,0.0,2.8
20171129180709,0.0,0.0,0.0,0.0,0.3,86.4,0.0,13.2
20171129180739,0.0,0.0,0.0,0.0,1.4,79.5,0.0,19.0
20171129180809,0.0,0.0,0.0,0.0,1.4,93.8,0.1,4.7
20171129180839,0.0,0.0,0.0,0.0,0.4,93.4,0.0,6.1
20171129180909,0.0,0.0,0.0,0.0,1.5,83.6,0.1,14.8
20171129180939,0.0,0.0,0.0,0.0,7.0,69.4,0.1,23.6
20171129181009,0.0,0.0,0.0,0.0,19.7,23.7,1.2,55.4
20171129181039,0.1,0.0,0.0,0.0,6.8,51.9,0.3,40.9
20171129181109,0.0,0.0,0.0,0.0,2.2,43.7,0.3,53.7
20171129181139,0.0,0.0,0.0,0.0,0.6,39.1,0.1,60.2
20171129181209,0.0,0.0,0.0,0.0,0.4,71.7,0.1,27.8
20171129181239,0.0,0.0,0.0,0.0,0.2,72.8,0.2,26.8
20171129181309,0.0,0.0,0.0,0.0,2.9,8.5,0.6,88.0
20171129181339,0.0,0.0,0.0,0.0,2.1,22.4,0.5,75.0
20171129181409,0.0,0.0,0.0,0.0,11.8,19.0,0.5,68.7
20171129181439,0.0,0.0,0.0,0.0,1.7,23.7,2.8,71.8
20171129181509,0.0,0.0,0.0,0.0,1.0,2.5,0.5,96.0
20171129181539,0.1,0.0,0.0,0.0,3.1,62.6,0.2,34.0
20171129181609,0.0,0.0,0.0,0.0,8.8,21.7,0.1,69.4
20171129181639,0.1,0.0,0.0,0.0,49.5,25.8,0.2,24.5
20171129181709,0.0,0.0,0.0,0.0,2.8,27.2,0.7,69.3
20171129181739,0.0,0.0,0.0,0.0,4.2,83.5,0.1,12.2
20171129181809,0.0,0.0,0.0,0.0,13.4,37.1,0.4,49.1
20171129181839,0.0,0.0,0.0,0.0,3.1,14.3,0.1,82.5
20171129181909,0.0,0.0,0.0,0.0,9.8,44.5,0.0,45.7
20171129181939,0.0,0.0,0.0,0.0,19.8,22.6,0.2,57.4
20171129182009,0.0,0.0,0.0,0.0,9.4,86.0,0.2,4.4
20171129182039,0.0,0.0,0.0,0.0,33.6,13.0,0.3,53.1
20171129182109,0.1,0.0,0.0,0.0,7.7,39.6,0.3,52.2
20171129182139,0.0,0.0,0.0,0.0,4.6,82.8,0.6,12.0
20171129182209,0.0,0.0,0.0,0.0,0.8,92.3,0.4,6.5
20171129182239,0.0,0.0,0.0,0.0,11.1,62.4,2.1,24.3
20171129182309,0.1,0.0,0.0,0.0,17.7,32.2,1.3,48.8
20171129182339,0.0,0.0,0.0,0.0,7.5,48.8,0.4,43.2
20171129182409,0.0,0.0,0.0,0.0,17.3,56.6,0.6,25.4
20171129182439,0.0,0.0,0.0,0.0,19.3,24.6,0.4,55.7
20171129182509,0.1,0.0,0.0,0.0,73.7,14.0,0.1,12.1
20171129182539,0.0,0.0,0.0,0.0,22.7,49.6,0.0,27.6
20171129182609,0.0,0.0,0.0,0.0,66.9,13.6,0.3,19.2
20171129182639,0.0,0.0,0.0,0.0,67.4,17.2,0.1,15.3
20171129182709,0.0,0.0,0.0,0.0,65.2,19.7,0.1,15.0
20171129182739,0.0,0.0,0.0,0.0,61.2,11.8,0.7,26.3
20171129182809,0.0,0.0,0.0,0.0,23.9,51.6,1.0,23.4
20171129182839,0.0,0.0,0.0,0.0,26.5,50.2,1.1,22.1
20171129182909,0.1,0.0,0.0,0.0,77.0,12.7,1.3,8.8
20171129182939,0.0,0.0,0.0,0.0,76.2,5.7,0.4,17.7
20171129183009,0.0,0.0,0.0,0.0,24.0,9.8,3.7,62.5
20171129183039,0.0,0.0,0.0,0.0,13.2,13.3,2.2,71.3
20171129183109,0.0,0.0,0.0,0.0,27.2,31.9,3.2,37.7
20171129183139,0.1,0.0,0.0,0.0,23.7,11.2,1.3,63.8
20171129183209,0.2,0.0,0.0,0.0,45.1,7.2,0.3,47.2
20171129183239,0.3,0.0,0.0,0.0,75.5,1.9,1.0,21.3
20171129183309,0.0,0.0,0.0,0.0,99.1,0.1,0.1,0.7
20171129183339,0.2,0.0,0.0,0.0,99.5,0.1,0.0,0.1
20171129183409,0.5,0.0,0.0,0.0,97.5,0.9,0.3,0.8
20171129183439,0.1,0.0,0.0,0.0,98.4,0.5,0.4,0.5
20171129183509,0.2,0.0,0.0,0.0,99.1,0.2,0.1,0.3
20171129183539,0.0,0.0,0.0,0.0,99.8,0.0,0.0,0.1
20171129183609,0.2,0.0,0.0,0.0,99.5,0.2,0.0,0.1
20171129183639,0.1,0.0,0.0,0.0,99.7,0.2,0.0,0.0
20171129183709,0.5,0.0,0.0,0.0,99.2,0.2,0.0,0.1
20171129183739,0.3,0.0,0.0,0.0,99.2,0.4,0.0,0.0
20171129183810,0.1,0.0,0.0,0.0,99.8,0.0,0.0,0.0
20171129183840,0.4,0.0,0.0,0.0,99.4,0.2,0.0,0.0
20171129183910,0.1,0.0,0.0,0.0,99.8,0.0,0.0,0.0
20171129183940,0.1,0.0,0.0,0.0,99.9,0.0,0.0,0.0
20171129184010,0.1,0.0,0.0,0.0,99.9,0.0,0.0,0.0
20171129184040,0.1,0.0,0.0,0.0,99.9,0.0,0.0,0.0
20171129184110,0.1,0.0,0.0,0.0,99.9,0.1,0.0,0.0
20171129184140,0.0,0.0,0.0,0.0,100.0,0.0,0.0,0.0
20171129184210,0.0,0.0,0.0,0.0,99.9,0.0,0.0,0.0
20171129184240,0.0,0.0,0.0,0.0,100.0,0.0,0.0,0.0
20171129184310,0.0,0.0,0.0,0.0,100.0,0.0,0.0,0.0
20171129184340,0.1,0.0,0.0,0.0,99.9,0.0,0.0,0.0
20171129184410,0.4,0.0,0.0,0.0,99.5,0.1,0.0,0.0
20171129184440,0.1,0.0,0.0,0.0,99.9,0.0,0.0,0.0
20171129184510,0.1,0.0,0.0,0.0,99.9,0.0,0.0,0.0
20171129184540,0.1,0.0,0.0,0.0,99.9,0.0,0.0,0.0
20171129184610,0.2,0.0,0.0,0.0,99.8,0.0,0.0,0.0
20171129184640,0.2,0.0,0.0,0.0,99.8,0.0,0.0,0.0
20171129184710,0.3,0.0,0.0,0.0,99.7,0.0,0.0,0.0
20171129184740,0.6,0.0,0.0,0.0,99.4,0.0,0.0,0.0
20171129184810,1.8,0.0,0.0,0.0,98.2,0.0,0.0,0.0
20171129184840,1.0,0.0,0.0,0.0,99.0,0.0,0.0,0.0
20171129184910,0.6,0.0,0.0,0.0,99.4,0.0,0.0,0.0
20171129184940,0.4,0.0,0.0,0.0,99.6,0.0,0.0,0.0
20171129185010,1.8,0.0,0.0,0.0,98.2,0.0,0.0,0.0
20171129185040,1.0,0.0,0.0,0.0,99.0,0.0,0.0,0.0
20171129185110,0.6,0.0,0.0,0.0,99.4,0.0,0.0,0.0
20171129185140,0.6,0.0,0.0,0.0,99.4,0.0,0.0,0.0
20171129185210,0.0,0.0,0.0,0.0,100.0,0.0,0.0,0.0
20171129185240,0.2,0.0,0.0,0.0,99.8,0.0,0.0,0.0
20171129185310,0.0,0.0,0.0,0.0,100.0,0.0,0.0,0.0
20171129185340,0.1,0.0,0.0,0.0,99.9,0.0,0.0,0.0
20171129185410,0.5,0.0,0.0,0.0,99.5,0.0,0.0,0.0
20171129185440,2.0,0.0,0.0,0.0,98.0,0.0,0.0,0.0
20171129185510,15.5,0.0,0.0,0.0,84.5,0.0,0.0,0.0
20171129185540,22.1,0.0,0.0,0.0,77.9,0.0,0.0,0.0
20171129185610,6.7,0.0,0.0,0.0,93.3,0.0,0.0,0.0
20171129185640,1.2,0.0,0.0,0.0,98.8,0.0,0.0,0.0
20171129185710,0.3,0.0,0.0,0.0,99.7,0.0,0.0,0.0
20171129185740,0.5,0.1,0.0,0.0,99.4,0.0,0.0,0.0
20171129185810,0.0,0.0,0.0,0.0,100.0,0.0,0.0,0.0
20171129185840,0.1,0.0,0.0,0.0,99.9,0.0,0.0,0.0
20171129185910,0.2,0.0,0.0,0.0,99.8,0.0,0.0,0.0
20171129185940,6.9,0.1,0.0,0.0,92.9,0.0,0.0,0.0
20171129190010,2.7,0.0,0.0,0.0,97.2,0.0,0.0,0.0
20171129190040,4.7,0.0,0.0,0.0,95.2,0.0,0.0,0.0
20171129190110,6.9,0.0,0.0,0.0,93.1,0.0,0.0,0.0
20171129190140,0.9,0.0,0.0,0.0,99.1,0.0,0.0,0.0
20171129190210,0.6,0.0,0.0,0.0,99.4,0.0,0.0,0.0
20171129190240,0.5,0.0,0.0,0.0,99.5,0.0,0.0,0.0
20171129190310,0.4,0.0,0.0,0.0,99.6,0.0,0.0,0.0
20171129190340,1.9,0.1,0.0,0.0,97.9,0.1,0.0,0.0
20171129190410,1.9,0.0,0.0,0.0,98.0,0.0,0.0,0.0
20171129190440,0.0,0.0,0.0,0.0,100.0,0.0,0.0,0.0
20171129190510,0.4,0.0,0.0,0.0,99.6,0.0,0.0,0.0
20171129190540,0.8,0.0,0.0,0.0,99.2,0.0,0.0,0.0
20171129190610,0.9,0.0,0.0,0.0,99.1,0.0,0.0,0.0
20171129190640,0.1,0.0,0.0,0.0,99.8,0.0,0.0,0.0
20171129190710,0.0,0.0,0.0,0.0,100.0,0.0,0.0,0.0
20171129190740,0.4,0.0,0.0,0.0,99.6,0.0,0.0,0.0
20171129190810,0.2,0.0,0.0,0.0,99.8,0.0,0.0,0.0
20171129190840,0.9,0.0,0.0,0.0,99.1,0.0,0.0,0.0
20171129190910,1.7,0.0,0.0,0.0,98.3,0.0,0.0,0.0
20171129190940,1.3,0.0,0.0,0.0,98.7,0.0,0.0,0.0
20171129191010,0.5,0.0,0.0,0.0,99.1,0.3,0.0,0.0
20171129191040,3.6,0.0,0.0,0.0,96.3,0.0,0.0,0.0
20171129191110,0.7,0.0,0.0,0.0,99.3,0.1,0.0,0.0
20171129191140,1.2,0.0,0.0,0.0,98.7,0.1,0.0,0.0
20171129191211,0.1,0.0,0.0,0.0,99.5,0.3,0.0,0.0
20171129191241,0.0,0.0,0.0,0.0,99.8,0.2,0.0,0.0
20171129191311,0.0,0.0,0.0,0.0,99.9,0.1,0.0,0.0
20171129191341,0.0,0.0,0.0,0.0,100.0,0.0,0.0,0.0
20171129191411,0.0,0.0,0.0,0.0,100.0,0.0,0.0,0.0
20171129191441,0.0,0.0,0.0,0.0,100.0,0.0,0.0,0.0
20171129191511,0.0,0.0,0.0,0.0,100.0,0.0,0.0,0.0
20171129191541,0.0,0.0,0.0,0.0,100.0,0.0,0.0,0.0
20171129191611,0.0,0.0,0.0,0.0,100.0,0.0,0.0,0.0
20171129191641,0.0,0.0,0.0,0.0,100.0,0.0,0.0,0.0
20171129191711,0.0,0.0,0.0,0.0,100.0,0.0,0.0,0.0
20171129191741,0.0,0.0,0.0,0.0,100.0,0.0,0.0,0.0
20171129191811,0.0,0.0,0.0,0.0,100.0,0.0,0.0,0.0
20171129191841,0.0,0.0,0.0,0.0,100.0,0.0,0.0,0.0
20171129191911,0.0,0.0,0.0,0.0,100.0,0.0,0.0,0.0
20171129191941,0.0,0.0,0.0,0.0,99.9,0.1,0.0,0.0
20171129192011,0.0,0.0,0.0,0.0,100.0,0.0,0.0,0.0
20171129192041,0.0,0.0,0.0,0.0,99.9,0.0,0.0,0.0
20171129192111,0.0,0.0,0.0,0.0,99.9,0.0,0.0,0.1
20171129192141,0.0,0.0,0.0,0.0,99.9,0.0,0.0,0.0
20171129192211,0.0,0.0,0.0,0.0,99.7,0.1,0.0,0.1
20171129192241,0.0,0.0,0.0,0.0,99.4,0.1,0.0,0.5
20171129192311,0.0,0.0,0.0,0.0,99.9,0.0,0.0,0.1
20171129192341,0.0,0.0,0.0,0.0,99.9,0.0,0.0,0.0
20171129192411,0.0,0.0,0.0,0.0,99.9,0.0,0.0,0.0
20171129192441,0.0,0.0,0.0,0.0,100.0,0.0,0.0,0.0
20171129192511,0.0,0.0,0.0,0.0,100.0,0.0,0.0,0.0
20171129192541,0.0,0.0,0.0,0.0,100.0,0.0,0.0,0.0
20171129192611,0.0,0.0,0.0,0.0,99.9,0.1,0.0,0.0
20171129192641,0.0,0.0,0.0,0.0,100.0,0.0,0.0,0.0
20171129192711,0.0,0.0,0.0,0.0,100.0,0.0,0.0,0.0
20171129192741,0.0,0.0,0.0,0.0,100.0,0.0,0.0,0.0
20171129192811,0.0,0.0,0.0,0.0,100.0,0.0,0.0,0.0
20171129192841,0.0,0.0,0.0,0.0,99.9,0.0,0.0,0.0
20171129192911,0.0,0.0,0.0,0.0,99.9,0.0,0.0,0.0
20171129192941,0.0,0.0,0.0,0.0,99.9,0.1,0.0,0.0
20171129193011,0.0,0.0,0.0,0.0,99.9,0.0,0.0,0.0
20171129193041,0.0,0.0,0.0,0.0,99.7,0.1,0.0,0.2
20171129193111,0.0,0.0,0.0,0.0,99.9,0.0,0.0,0.1
20171129193141,0.0,0.0,0.0,0.0,99.7,0.1,0.0,0.2
20171129193211,0.0,0.0,0.0,0.0,97.2,0.1,0.0,2.7
20171129193241,0.0,0.0,0.0,0.0,84.3,0.2,0.1,15.4
20171129193311,0.0,0.0,0.0,0.0,84.7,0.0,0.0,15.2
20171129193341,0.0,0.0,0.0,0.0,88.2,0.1,0.0,11.7
20171129193411,0.0,0.0,0.0,0.0,99.9,0.0,0.0,0.1
20171129193441,0.0,0.0,0.0,0.0,98.9,0.1,0.0,1.0
20171129193511,0.0,0.0,0.0,0.0,97.7,0.3,0.2,1.7
20171129193541,0.0,0.0,0.0,0.0,84.1,0.6,2.3,13.0
20171129193611,0.0,0.0,0.0,0.0,96.0,0.5,0.4,3.1
20171129193641,0.0,0.0,0.0,0.0,78.8,0.5,12.3,8.4
20171129193711,0.0,0.0,0.0,0.0,98.9,0.2,0.8,0.2
20171129193741,0.0,0.0,0.0,0.0,99.6,0.0,0.3,0.1
20171129193811,0.0,0.0,0.0,0.0,95.1,0.1,2.5,2.2
20171129193841,0.0,0.0,0.0,0.0,12.4,0.2,84.0,3.4
20171129193911,0.0,0.0,0.0,0.0,79.4,0.1,19.6,0.8
20171129193942,0.0,0.0,0.0,0.0,74.7,0.1,24.6,0.6
20171129194012,0.0,0.0,0.0,0.0,80.7,0.1,18.6,0.6
20171129194042,0.0,0.0,0.0,0.0,43.5,0.1,53.9,2.5
20171129194112,0.0,0.0,0.0,0.0,57.5,0.0,41.0,1.5
20171129194142,0.0,0.0,0.0,0.0,61.9,0.1,36.9,1.1
20171129194212,0.0,0.0,0.0,0.0,92.1,0.0,7.4,0.5
20171129194242,0.0,0.0,0.0,0.0,22.5,0.0,76.7,0.8
20171129194312,0.0,0.0,0.0,0.0,3.3,0.0,96.6,0.1
20171129194342,0.0,0.0,0.0,0.0,6.2,0.0,93.4,0.4
20171129194412,0.0,0.0,0.0,0.0,6.8,0.0,91.6,1.6
20171129194442,0.0,0.0,0.0,0.0,13.8,0.0,84.5,1.6
20171129194512,0.0,0.0,0.0,0.0,2.1,0.0,97.8,0.1
20171129194542,0.0,0.0,0.0,0.0,7.7,0.0,92.0,0.3
20171129194612,0.0,0.0,0.0,0.0,1.0,0.0,99.0,0.0
20171129194642,0.0,0.0,0.0,0.0,0.1,0.0,99.9,0.0
20171129194712,0.0,0.0,0.0,0.0,0.6,0.0,99.3,0.1
20171129194742,0.0,0.0,0.0,0.0,29.8,0.0,70.1,0.1
20171129194812,0.0,0.0,0.0,0.0,88.9,0.0,10.9,0.1
20171129194842,0.1,0.0,0.0,0.0,96.1,0.0,3.7,0.0
20171129194912,0.0,0.0,0.0,0.0,70.9,0.0,28.8,0.2
20171129194942,0.0,0.0,0.0,0.0,99.2,0.0,0.7,0.0
20171129195012,0.0,0.0,0.0,0.0,86.7,0.0,13.1,0.1
20171129195042,0.0,0.0,0.0,0.0,94.6,0.0,5.2,0.1
20171129195112,0.0,0.0,0.0,0.0,61.9,0.0,36.9,1.2
20171129195142,0.0,0.0,0.0,0.0,71.3,0.1,27.6,1.1
20171129195212,0.0,0.0,0.0,0.0,66.4,0.0,32.5,1.0
20171129195242,0.0,0.0,0.0,0.0,82.0,0.3,16.7,0.9
20171129195312,0.0,0.0,0.0,0.0,99.1,0.0,0.8,0.0
20171129195342,0.0,0.0,0.0,0.1,99.6,0.0,0.2,0.0
20171129195412,0.0,0.0,0.0,0.0,99.7,0.0,0.3,0.0
20171129195442,0.0,0.0,0.0,0.2,99.6,0.0,0.2,0.0
20171129195512,0.2,0.0,0.0,0.3,73.4,0.1,25.9,0.1
20171129195542,0.1,0.0,0.0,0.0,94.7,0.1,5.1,0.0
20171129195612,0.4,0.0,0.0,0.2,94.9,0.4,4.0,0.0
20171129195642,0.1,0.0,0.0,0.1,71.1,0.6,27.8,0.4
20171129195712,0.0,0.0,0.0,0.0,18.7,0.2,80.0,1.1
20171129195742,0.0,0.0,0.0,0.0,16.4,0.1,83.2,0.2
20171129195812,0.0,0.0,0.0,0.0,33.9,0.1,65.7,0.3
20171129195842,0.0,0.0,0.0,0.0,60.0,0.1,38.9,1.0
20171129195912,0.0,0.0,0.0,0.0,41.3,0.1,58.2,0.3
20171129195942,0.0,0.0,0.0,0.0,25.9,0.0,74.0,0.0
20171129200012,0.0,0.0,0.0,0.0,39.8,0.1,59.8,0.2
20171129200042,0.0,0.0,0.0,0.0,2.1,0.0,97.7,0.1
20171129200112,0.0,0.0,0.0,0.0,10.7,0.0,89.1,0.2
20171129200142,0.0,0.0,0.0,0.0,0.4,0.0,99.4,0.2
20171129200212,0.0,0.0,0.0,0.0,0.2,0.0,97.0,2.8
20171129200242,0.0,0.0,0.0,0.0,1.5,0.0,96.7,1.8
20171129200312,0.0,0.0,0.0,0.0,3.3,0.0,96.0,0.7
20171129200342,0.0,0.0,0.0,0.0,0.8,0.0,98.4,0.8
20171129200412,0.0,0.0,0.0,0.0,0.6,0.0,98.3,1.1
20171129200442,0.0,0.0,0.0,0.0,3.5,0.0,94.8,1.7
20171129200512,0.0,0.0,0.0,0.0,0.3,0.0,98.6,1.1
20171129200542,0.0,0.0,0.0,0.0,1.7,0.1,95.8,2.4
20171129200612,0.0,0.0,0.0,0.0,3.1,0.0,96.5,0.3
20171129200642,0.0,0.0,0.0,0.0,3.7,0.0,95.7,0.6
20171129200712,0.0,0.0,0.0,0.0,12.2,0.0,87.7,0.1
20171129200742,0.0,0.0,0.0,0.0,24.5,0.0,74.8,0.7
20171129200812,0.0,0.0,0.0,0.0,7.7,0.0,90.9,1.3
20171129200842,0.0,0.0,0.0,0.0,26.9,0.0,71.6,1.5
20171129200912,0.0,0.0,0.0,0.0,9.8,0.0,89.8,0.4
20171129200942,0.0,0.0,0.0,0.0,13.6,0.0,85.4,1.0
20171129201012,0.0,0.0,0.0,0.0,2.3,0.0,91.8,5.8
20171129201042,0.0,0.0,0.0,0.0,0.8,0.0,98.2,1.0
20171129201112,0.0,0.0,0.0,0.0,2.0,0.0,97.0,1.1
20171129201142,0.0,0.0,0.0,0.0,1.0,0.0,98.0,0.9
20171129201212,0.0,0.0,0.0,0.0,0.9,0.0,98.4,0.7
20171129201242,0.0,0.0,0.0,0.0,4.1,0.0,89.4,6.5
20171129201312,0.0,0.0,0.0,0.0,0.3,0.0,99.5,0.2
20171129201343,0.0,0.0,0.0,0.0,1.5,0.0,96.9,1.6
20171129201413,0.0,0.0,0.0,0.0,1.5,0.0,96.4,2.1
20171129201443,0.0,0.0,0.0,0.0,2.1,0.0,95.6,2.3
20171129201513,0.0,0.0,0.0,0.0,0.4,0.0,99.0,0.6
20171129201543,0.0,0.0,0.0,0.0,2.2,0.0,95.8,1.9
20171129201613,0.0,0.0,0.0,0.0,26.0,0.2,72.8,1.0
20171129201643,0.0,0.0,0.0,0.0,3.8,0.0,95.8,0.3
20171129201713,0.0,0.0,0.0,0.0,2.2,0.0,97.7,0.0
20171129201743,0.0,0.0,0.0,0.0,3.6,0.0,96.4,0.0
