UT,arc,discrete,diffuse,ac,ab,clear,cloudy,dd
20170112134700,0.0,0.0,0.0,0.0,0.0,0.0,0.0,100.0
20170112134730,0.0,0.0,0.0,0.0,0.0,0.0,0.0,100.0
20170112134800,0.0,0.0,0.0,0.0,0.0,0.0,0.0,100.0
20170112134830,0.0,0.0,0.0,0.0,0.0,0.0,0.0,100.0
20170112134900,0.0,0.0,0.0,0.0,0.0,0.0,0.0,100.0
20170112134930,0.0,0.0,0.0,0.0,0.0,0.0,0.0,100.0
20170112135000,0.0,0.0,0.0,0.0,0.0,0.0,0.0,100.0
20170112135030,0.0,0.0,0.0,0.0,0.0,0.0,0.0,100.0
20170112135100,0.0,0.0,0.0,0.0,0.0,0.0,0.0,100.0
20170112135130,0.0,0.0,0.0,0.0,0.0,0.0,0.0,100.0
20170112135200,0.0,0.0,0.0,0.0,0.0,0.0,0.0,100.0
20170112135230,0.0,0.0,0.0,0.0,0.0,0.0,0.0,100.0
20170112135300,0.0,0.0,0.0,0.0,0.0,0.0,0.0,100.0
20170112135330,0.0,0.0,0.0,0.0,0.0,0.0,0.0,100.0
20170112135400,0.0,0.0,0.0,0.0,0.0,0.0,0.0,100.0
20170112135430,0.0,0.0,0.0,0.0,0.0,0.0,0.0,100.0
20170112135500,0.0,0.0,0.0,0.0,0.0,0.0,0.0,100.0
20170112135530,0.0,0.0,0.0,0.0,0.0,0.0,0.0,100.0
20170112135600,0.0,0.0,0.0,0.0,0.0,0.0,0.0,100.0
20170112135630,0.0,0.0,0.0,0.0,0.0,0.0,0.0,100.0
20170112135700,0.0,0.0,0.0,0.0,0.0,0.0,0.0,100.0
20170112135730,0.0,0.0,0.0,0.0,0.0,0.0,0.0,100.0
20170112135800,0.0,0.0,0.0,0.0,0.0,0.0,0.0,100.0
20170112135830,0.0,0.0,0.0,0.0,0.0,0.0,0.0,100.0
20170112135900,0.0,0.0,0.0,0.0,0.0,0.0,0.0,100.0
20170112135931,0.0,0.0,0.0,0.0,0.0,0.0,0.0,100.0
20170112140001,0.0,0.0,0.0,0.0,0.0,0.0,0.0,100.0
20170112140031,0.0,0.0,0.0,0.0,0.0,0.0,0.0,100.0
20170112140101,0.0,0.0,0.0,0.0,0.0,0.0,0.0,100.0
20170112140131,0.0,0.0,0.0,0.0,0.0,0.0,0.0,100.0
20170112140201,0.0,0.0,0.0,0.0,0.0,0.0,0.0,100.0
20170112140231,0.0,0.0,0.0,0.0,0.0,0.0,0.0,100.0
20170112140301,0.0,0.0,0.0,0.0,0.0,0.0,0.0,100.0
20170112140331,0.0,0.0,0.0,0.0,0.0,0.0,0.0,100.0
20170112140401,0.0,0.0,0.0,0.0,0.0,0.0,0.0,100.0
20170112140431,0.0,0.0,0.0,0.0,0.0,0.0,0.0,100.0
20170112140501,0.0,0.0,0.0,0.0,0.0,0.0,0.0,100.0
20170112140531,0.0,0.0,0.0,0.0,0.0,0.0,0.0,100.0
20170112140601,0.0,0.0,0.0,0.0,0.0,0.0,0.0,100.0
20170112140631,0.0,0.0,0.0,0.0,0.0,0.0,0.0,100.0
20170112140701,0.0,0.0,0.0,0.0,0.0,0.0,0.0,100.0
20170112140731,0.0,0.0,0.0,0.0,0.0,0.0,0.0,100.0
20170112140801,0.0,0.0,0.0,0.0,0.0,0.0,0.0,100.0
20170112140831,0.0,0.0,0.0,0.0,0.0,0.0,0.0,100.0
20170112140901,0.0,0.0,0.0,0.0,0.0,0.0,0.0,100.0
20170112140931,0.0,0.0,0.0,0.0,0.0,0.0,0.0,100.0
20170112141001,0.0,0.0,0.0,0.0,0.0,0.0,0.0,100.0
20170112141031,0.0,0.0,0.0,0.0,0.0,0.0,0.0,100.0
20170112141101,0.0,0.0,0.0,0.0,0.0,0.0,0.0,100.0
20170112141131,0.0,0.0,0.0,0.0,0.0,0.0,0.0,100.0
20170112141201,0.0,0.0,0.0,0.0,0.0,0.0,0.0,100.0
20170112141231,0.0,0.0,0.0,0.0,0.0,0.0,0.0,100.0
20170112141301,0.0,0.0,0.0,0.0,0.0,0.0,0.0,100.0
20170112141331,0.0,0.0,0.0,0.0,0.0,0.0,0.0,100.0
20170112141401,0.0,0.0,0.0,0.0,0.0,0.0,0.0,100.0
20170112141431,0.0,0.0,0.0,0.0,0.0,0.0,0.0,100.0
20170112141501,0.0,0.0,0.0,0.0,0.0,0.0,0.0,100.0
20170112141531,0.0,0.0,0.0,0.0,0.0,0.0,0.0,100.0
20170112141601,0.0,0.0,0.0,0.0,0.0,0.0,0.0,100.0
20170112141631,0.0,0.0,0.0,0.0,0.0,0.0,0.0,100.0
20170112141701,0.0,0.0,0.0,0.0,0.0,0.0,0.0,100.0
20170112141731,0.0,0.0,0.0,0.0,0.0,0.0,0.0,100.0
20170112141801,0.0,0.0,0.0,0.0,0.0,0.0,0.0,100.0
20170112141831,0.0,0.0,0.0,0.0,0.0,0.0,0.0,100.0
20170112141901,0.0,0.0,0.0,0.0,0.0,0.0,0.0,100.0
20170112141931,0.0,0.0,0.0,0.0,0.0,0.0,0.0,100.0
20170112142001,0.0,0.0,0.0,0.0,0.0,0.0,0.0,100.0
20170112142031,0.0,0.0,0.0,0.0,0.0,0.0,0.0,100.0
20170112142101,0.0,0.0,0.0,0.0,0.0,0.0,0.0,100.0
20170112142131,0.0,0.0,0.0,0.0,0.0,0.0,0.0,100.0
20170112142201,0.0,0.0,0.0,0.0,0.0,0.0,0.0,100.0
20170112142231,0.0,0.0,0.0,0.0,0.0,0.0,0.0,100.0
20170112142301,0.0,0.0,0.0,0.0,0.0,0.0,0.0,100.0
20170112142331,0.0,0.0,0.0,0.0,0.0,0.0,0.0,100.0
20170112142401,0.0,0.0,0.0,0.0,0.0,0.0,0.0,100.0
20170112142431,0.0,0.0,0.0,0.0,0.0,0.0,0.0,100.0
20170112142501,0.0,0.0,0.0,0.0,0.0,0.0,0.0,100.0
20170112142531,0.0,0.0,0.0,0.0,0.0,0.0,0.0,100.0
20170112142601,0.0,0.0,0.0,0.0,0.0,0.0,0.0,100.0
20170112142631,0.0,0.0,0.0,0.0,0.0,0.0,0.0,100.0
20170112142701,0.0,0.0,0.0,0.0,0.0,0.0,0.0,100.0
20170112142731,0.0,0.0,0.0,0.0,0.0,0.0,0.0,100.0
20170112142801,0.0,0.0,0.0,0.0,0.0,0.0,0.0,100.0
20170112142831,0.0,0.0,0.0,0.0,0.0,0.0,0.0,100.0
20170112142901,0.0,0.0,0.0,0.0,0.0,0.0,0.0,100.0
20170112142931,0.0,0.0,0.0,0.0,0.0,0.0,0.0,100.0
20170112143001,0.0,0.0,0.0,0.0,0.0,0.0,0.0,100.0
20170112143031,0.0,0.0,0.0,0.0,0.0,0.0,0.0,100.0
20170112143101,0.0,0.0,0.0,0.0,0.0,0.0,0.0,100.0
20170112143131,0.0,0.0,0.0,0.0,0.0,0.0,0.0,100.0
20170112143201,0.0,0.0,0.0,0.0,0.0,0.0,0.0,100.0
20170112143231,0.0,0.0,0.0,0.0,0.0,0.0,0.0,100.0
20170112143301,0.0,0.0,0.0,0.0,0.0,0.0,0.0,100.0
20170112143331,0.0,0.0,0.0,0.0,0.0,0.0,0.0,100.0
20170112143401,0.0,0.0,0.0,0.0,0.0,0.0,0.0,100.0
20170112143432,0.0,0.0,0.0,0.0,0.0,0.0,0.0,100.0
20170112143502,0.0,0.0,0.0,0.0,0.0,0.0,0.0,100.0
20170112143532,0.0,0.0,0.0,0.0,0.0,0.0,0.0,100.0
20170112143602,0.0,0.0,0.0,0.0,0.0,0.0,0.0,100.0
20170112143632,0.0,0.0,0.0,0.0,0.0,0.0,0.0,100.0
20170112143702,0.0,0.0,0.0,0.0,0.0,0.0,0.0,100.0
20170112143732,0.0,0.0,0.0,0.0,0.0,0.0,0.0,100.0
20170112143802,0.0,0.0,0.0,0.0,0.0,0.0,0.0,100.0
20170112143832,0.0,0.0,0.0,0.0,0.0,0.0,0.0,100.0
20170112143902,0.0,0.0,0.0,0.0,0.0,0.0,0.0,100.0
20170112143932,0.0,0.0,0.0,0.0,0.0,0.0,0.0,100.0
20170112144002,0.0,0.0,0.0,0.0,0.0,0.0,0.0,100.0
20170112144032,0.0,0.0,0.0,0.0,0.0,0.0,0.0,100.0
20170112144102,0.0,0.0,0.0,0.0,0.0,0.0,0.0,100.0
20170112144132,0.0,0.0,0.0,0.0,0.0,0.0,0.0,100.0
20170112144202,0.0,0.0,0.0,0.0,0.0,0.0,0.0,100.0
20170112144232,0.0,0.0,0.0,0.0,0.0,0.0,0.0,100.0
20170112144302,0.0,0.0,0.0,0.0,0.0,0.0,0.0,100.0
20170112144332,0.0,0.0,0.0,0.0,0.0,0.0,0.0,100.0
20170112144402,0.0,0.0,0.0,0.0,0.0,0.0,0.0,100.0
20170112144432,0.0,0.0,0.0,0.0,0.0,0.0,0.0,100.0
20170112144502,0.0,0.0,0.0,0.0,0.0,0.0,0.0,100.0
20170112144532,0.0,0.0,0.0,0.0,0.0,0.0,0.0,100.0
20170112144602,0.0,0.0,0.0,0.0,0.0,0.0,0.0,100.0
20170112144632,0.0,0.0,0.0,0.0,0.0,0.0,0.0,100.0
20170112144832,0.0,0.0,0.0,0.0,0.0,0.0,0.0,100.0
20170112144902,0.0,0.0,0.0,0.0,0.0,0.0,0.0,100.0
20170112144932,0.0,0.0,0.0,0.0,0.0,0.0,0.0,100.0
20170112145002,0.0,0.0,0.0,0.0,0.0,0.0,0.0,100.0
20170112145032,0.0,0.0,0.0,0.0,0.2,0.0,0.0,99.8
20170112145102,0.0,0.0,0.0,0.0,0.4,0.0,0.0,99.6
20170112145132,0.0,0.0,0.0,0.0,0.8,0.0,0.0,99.2
20170112145202,0.0,0.0,0.0,0.0,2.8,0.0,0.0,97.2
20170112145232,0.0,0.0,0.0,0.0,1.6,0.0,0.0,98.4
20170112145302,0.0,0.0,0.0,0.0,0.3,0.0,0.0,99.7
20170112145332,0.0,0.0,0.0,0.0,0.2,0.0,0.0,99.8
20170112145402,0.0,0.0,0.0,0.0,0.0,0.0,0.0,100.0
20170112145432,0.0,0.0,0.0,0.0,0.0,0.0,0.0,100.0
20170112145502,0.0,0.0,0.0,0.0,0.0,0.0,0.0,100.0
20170112145532,0.0,0.0,0.0,0.0,0.0,0.0,0.0,100.0
20170112145602,0.0,0.0,0.0,0.0,0.2,0.0,0.0,99.8
20170112145632,0.0,0.0,0.0,0.0,0.1,0.0,0.0,99.9
20170112145702,0.0,0.0,0.0,0.0,0.2,0.0,0.0,99.8
20170112145732,0.0,0.0,0.0,0.0,0.1,0.0,0.0,99.9
20170112145802,0.0,0.0,0.0,0.0,0.2,0.0,0.0,99.8
20170112145832,0.0,0.0,0.0,0.0,0.1,0.0,0.0,99.9
20170112145902,0.0,0.0,0.0,0.0,0.1,0.0,0.0,99.8
20170112145932,0.0,0.0,0.0,0.0,0.2,0.0,0.0,99.8
20170112150002,0.0,0.0,0.0,0.0,0.1,0.0,0.0,99.9
20170112150032,0.0,0.0,0.0,0.0,0.0,0.0,0.0,100.0
20170112150102,0.0,0.0,0.0,0.0,0.0,0.0,0.0,100.0
20170112150133,0.0,0.0,0.0,0.0,0.0,0.0,0.0,100.0
20170112150203,0.0,0.0,0.0,0.0,0.0,0.0,0.0,100.0
20170112150233,0.0,0.0,0.0,0.0,0.1,0.0,0.0,99.9
20170112150303,0.0,0.0,0.0,0.0,0.1,0.0,0.0,99.9
20170112150333,0.0,0.0,0.0,0.0,0.0,0.0,0.0,100.0
20170112150403,0.0,0.0,0.0,0.0,0.1,0.0,0.0,99.8
20170112150433,0.0,0.0,0.0,0.0,0.0,0.0,0.0,99.9
20170112150503,0.0,0.0,0.0,0.0,0.1,0.0,0.0,99.9
20170112150533,0.0,0.0,0.0,0.0,0.0,0.0,0.0,100.0
20170112150603,0.0,0.0,0.0,0.0,0.0,0.0,0.0,100.0
20170112150633,0.0,0.0,0.0,0.0,0.1,0.0,0.0,99.9
20170112150703,0.0,0.0,0.0,0.0,0.1,0.0,0.0,99.9
20170112150733,0.0,0.0,0.0,0.0,0.4,0.0,0.1,99.6
20170112150803,0.0,0.0,0.0,0.0,0.6,0.0,0.1,99.3
20170112150833,0.0,0.0,0.0,0.0,0.4,0.0,0.1,99.5
20170112150903,0.0,0.0,0.0,0.0,0.3,0.0,0.2,99.5
20170112150933,0.0,0.0,0.0,0.0,0.3,0.0,0.1,99.6
20170112151003,0.0,0.0,0.0,0.0,0.3,0.0,0.5,99.2
20170112151033,0.0,0.0,0.0,0.0,0.5,0.0,0.4,99.1
20170112151103,0.0,0.0,0.0,0.0,0.7,0.0,0.7,98.6
20170112151133,0.0,0.0,0.0,0.0,1.3,0.0,2.5,96.1
20170112151203,0.0,0.0,0.0,0.0,3.2,0.0,2.4,94.3
20170112151233,0.1,0.0,0.0,0.0,3.1,0.0,4.5,92.2
20170112151303,0.0,0.0,0.0,0.0,1.4,0.0,5.2,93.4
20170112151333,0.0,0.0,0.0,0.0,2.4,0.0,5.7,91.8
20170112151403,0.1,0.0,0.0,0.0,4.4,0.0,8.1,87.4
20170112151433,0.0,0.0,0.0,0.0,4.4,0.0,10.7,84.9
20170112151503,0.0,0.0,0.0,0.1,1.9,0.0,14.0,84.0
20170112151533,0.1,0.0,0.0,0.1,8.4,0.0,18.4,73.1
20170112151603,0.0,0.0,0.0,0.1,4.2,0.0,16.1,79.6
20170112151633,0.0,0.0,0.0,0.1,1.1,0.0,28.1,70.6
20170112151703,0.0,0.0,0.0,0.2,1.9,0.0,34.5,63.3
20170112151733,0.0,0.0,0.0,0.1,1.3,0.0,44.7,53.8
20170112151803,0.0,0.0,0.0,0.0,2.0,0.0,64.0,33.9
20170112151833,0.0,0.0,0.0,0.1,1.7,0.0,65.3,32.8
20170112151903,0.0,0.0,0.0,0.3,3.8,0.0,76.8,19.1
20170112151933,0.0,0.0,0.0,0.1,2.8,0.0,69.9,27.1
20170112152003,0.0,0.0,0.0,0.1,2.5,0.0,81.0,16.3
20170112152033,0.0,0.0,0.0,0.1,2.0,0.0,88.6,9.3
20170112152103,0.0,0.0,0.0,0.1,3.1,0.0,74.7,22.0
20170112152133,0.0,0.0,0.0,0.1,1.5,0.0,84.1,14.3
20170112152203,0.0,0.0,0.0,0.2,1.7,0.0,68.2,29.8
20170112152233,0.0,0.0,0.0,0.2,1.3,0.0,80.3,18.1
20170112152303,0.0,0.0,0.0,0.1,0.8,0.0,87.4,11.7
20170112152333,0.0,0.0,0.0,0.5,1.3,0.0,87.7,10.4
20170112152403,0.0,0.0,0.0,0.2,2.4,0.0,90.3,7.0
20170112152433,0.0,0.0,0.0,0.2,0.7,0.0,93.0,6.0
20170112152503,0.0,0.0,0.0,1.2,1.4,0.0,86.2,11.0
20170112152533,0.0,0.0,0.0,0.5,1.1,0.0,91.3,7.0
20170112152603,0.0,0.0,0.0,1.1,0.3,0.0,96.4,2.2
20170112152633,0.0,0.0,0.0,0.8,0.3,0.0,97.1,1.8
20170112152703,0.0,0.0,0.0,0.7,0.5,0.0,92.5,6.2
20170112152733,0.0,0.0,0.0,0.7,0.7,0.0,87.3,11.3
20170112152803,0.0,0.0,0.0,0.3,0.8,0.0,95.9,3.0
20170112152833,0.0,0.0,0.0,0.1,0.3,0.0,95.8,3.8
20170112152903,0.0,0.0,0.0,0.1,0.3,0.0,96.9,2.7
20170112152933,0.0,0.0,0.0,0.2,0.4,0.0,94.5,5.0
20170112153003,0.0,0.0,0.0,0.4,0.8,0.0,95.0,3.7
20170112153033,0.0,0.0,0.0,1.0,0.9,0.0,93.5,4.7
20170112153103,0.0,0.0,0.0,0.3,0.5,0.0,93.4,5.7
20170112153133,0.0,0.0,0.0,0.3,0.5,0.0,92.2,7.0
20170112153203,0.0,0.0,0.0,0.2,0.2,0.0,93.4,6.1
20170112153233,0.0,0.0,0.0,0.4,0.3,0.0,92.7,6.5
20170112153303,0.0,0.0,0.0,0.1,0.1,0.0,96.6,3.2
20170112153333,0.0,0.0,0.0,0.2,0.3,0.0,93.2,6.3
20170112153403,0.0,0.0,0.0,0.1,0.4,0.0,97.0,2.5
20170112153433,0.0,0.0,0.0,0.3,0.6,0.0,95.9,3.2
20170112153503,0.0,0.0,0.0,0.1,0.5,0.0,96.6,2.7
20170112153533,0.0,0.0,0.0,0.1,0.6,0.0,97.5,1.8
20170112153604,0.0,0.0,0.0,0.2,0.8,0.0,96.5,2.4
20170112153634,0.0,0.0,0.0,0.1,0.4,0.0,98.0,1.5
20170112153704,0.0,0.0,0.0,0.2,0.4,0.0,97.8,1.6
20170112153734,0.0,0.0,0.0,0.1,0.4,0.0,45.3,54.2
20170112153804,0.0,0.0,0.0,0.0,0.2,0.0,2.9,96.9
20170112153834,0.0,0.0,0.0,0.0,0.0,0.0,0.4,99.6
20170112153904,0.0,0.0,0.0,0.0,0.0,0.0,0.4,99.6
20170112153934,0.0,0.0,0.0,0.0,0.0,0.0,0.2,99.8
20170112154004,0.0,0.0,0.0,0.0,0.0,0.0,0.3,99.7
20170112154034,0.0,0.0,0.0,0.0,0.0,0.0,0.1,99.9
20170112154104,0.0,0.0,0.0,0.0,0.0,0.0,0.0,100.0
20170112154134,0.0,0.0,0.0,0.0,0.0,0.0,0.1,99.9
20170112154204,0.0,0.0,0.0,0.0,0.0,0.0,0.0,100.0
20170112154234,0.0,0.0,0.0,0.0,0.0,0.0,0.0,100.0
20170112154304,0.0,0.0,0.0,0.0,0.0,0.0,0.1,99.9
20170112154334,0.0,0.0,0.0,0.0,0.0,0.0,0.3,99.7
20170112154404,0.0,0.0,0.0,0.0,0.0,0.0,0.3,99.7
20170112154434,0.0,0.0,0.0,0.0,0.0,0.0,0.2,99.8
20170112154504,0.0,0.0,0.0,0.0,0.0,0.0,0.2,99.8
20170112154534,0.0,0.0,0.0,0.0,0.0,0.0,0.7,99.3
20170112154604,0.0,0.0,0.0,0.0,0.0,0.0,1.1,98.9
20170112154634,0.0,0.0,0.0,0.0,0.0,0.0,0.3,99.7
20170112154704,0.0,0.0,0.0,0.0,0.0,0.0,0.4,99.6
20170112154734,0.0,0.0,0.0,0.0,0.0,0.0,0.4,99.6
20170112154804,0.0,0.0,0.0,0.0,0.0,0.0,0.2,99.8
20170112154834,0.0,0.0,0.0,0.0,0.0,0.0,0.4,99.6
20170112154904,0.0,0.0,0.0,0.0,0.0,0.0,0.3,99.7
20170112154934,0.0,0.0,0.0,0.0,0.0,0.0,0.7,99.3
20170112155004,0.0,0.0,0.0,0.0,0.0,0.0,2.5,97.5
20170112155034,0.0,0.0,0.0,0.0,0.0,0.0,1.3,98.7
20170112155104,0.0,0.0,0.0,0.0,0.0,0.0,0.4,99.6
20170112155134,0.0,0.0,0.0,0.0,0.0,0.0,0.8,99.2
20170112155204,0.0,0.0,0.0,0.0,0.0,0.0,1.6,98.4
20170112155234,0.0,0.0,0.0,0.0,0.0,0.0,0.2,99.8
20170112155304,0.0,0.0,0.0,0.0,0.0,0.0,0.2,99.8
20170112155334,0.0,0.0,0.0,0.0,0.0,0.0,0.1,99.9
20170112155404,0.0,0.0,0.0,0.0,0.0,0.0,0.0,100.0
20170112155434,0.0,0.0,0.0,0.0,0.0,0.0,0.1,99.9
20170112155504,0.0,0.0,0.0,0.0,0.0,0.0,0.1,99.9
20170112155534,0.0,0.0,0.0,0.0,0.0,0.0,0.1,99.9
20170112155604,0.0,0.0,0.0,0.0,0.0,0.0,0.1,99.9
20170112155634,0.0,0.0,0.0,0.0,0.0,0.0,0.1,99.9
20170112155704,0.0,0.0,0.0,0.0,0.0,0.0,0.1,99.9
20170112155734,0.0,0.0,0.0,0.0,0.0,0.0,0.1,99.9
20170112155804,0.0,0.0,0.0,0.0,0.0,0.0,0.1,99.9
20170112155834,0.0,0.0,0.0,0.0,0.0,0.0,0.1,99.9
20170112155904,0.0,0.0,0.0,0.0,0.0,0.0,0.3,99.7
20170112155934,0.0,0.0,0.0,0.0,0.0,0.0,0.4,99.6
20170112160004,0.0,0.0,0.0,0.0,0.0,0.0,1.1,98.9
20170112160034,0.0,0.0,0.0,0.0,0.0,0.0,0.3,99.7
20170112160104,0.0,0.0,0.0,0.0,0.0,0.0,0.2,99.8
20170112160134,0.0,0.0,0.0,0.0,0.0,0.0,4.1,95.9
20170112160204,0.0,0.0,0.0,0.0,0.1,0.0,8.4,91.6
20170112160234,0.0,0.0,0.0,0.0,0.0,0.0,9.2,90.8
20170112160304,0.0,0.0,0.0,0.0,0.0,0.0,8.4,91.6
20170112160334,0.0,0.0,0.0,0.0,0.0,0.0,4.8,95.2
20170112160404,0.0,0.0,0.0,0.0,0.6,0.0,38.2,61.2
20170112160434,0.0,0.0,0.0,0.3,0.9,0.0,91.6,7.3
20170112160504,0.0,0.0,0.0,0.3,0.4,0.0,95.6,3.6
20170112160534,0.0,0.0,0.0,0.3,0.1,0.0,98.9,0.8
20170112160604,0.0,0.0,0.0,0.4,0.1,0.0,99.2,0.3
20170112160634,0.0,0.0,0.0,1.1,0.2,0.0,97.8,0.9
20170112160704,0.0,0.0,0.0,2.4,0.3,0.0,96.3,1.0
20170112160734,0.0,0.0,0.0,0.7,0.2,0.0,98.7,0.4
20170112160804,0.0,0.0,0.0,0.5,0.1,0.0,99.0,0.4
20170112160834,0.0,0.0,0.0,0.8,0.2,0.0,98.3,0.8
20170112160904,0.0,0.0,0.0,0.5,0.2,0.0,98.9,0.4
20170112160934,0.0,0.0,0.0,0.2,0.2,0.0,98.7,0.8
20170112161005,0.0,0.0,0.0,0.1,0.0,0.0,99.7,0.2
20170112161035,0.0,0.0,0.0,0.0,0.0,0.0,99.9,0.1
20170112161105,0.0,0.0,0.0,0.0,0.0,0.0,99.9,0.1
20170112161135,0.0,0.0,0.0,0.0,0.0,0.0,99.9,0.1
20170112161205,0.0,0.0,0.0,0.0,0.0,0.0,99.9,0.1
20170112161235,0.0,0.0,0.0,0.0,0.0,0.0,99.8,0.2
20170112161305,0.0,0.0,0.0,0.0,0.0,0.0,99.9,0.1
20170112161335,0.0,0.0,0.0,0.1,0.0,0.0,99.7,0.2
20170112161405,0.0,0.0,0.0,0.0,0.0,0.0,99.8,0.1
20170112161435,0.0,0.0,0.0,0.2,0.1,0.0,99.5,0.2
20170112161505,0.0,0.0,0.0,0.3,0.1,0.0,99.3,0.3
20170112161535,0.0,0.0,0.0,0.2,0.0,0.0,99.4,0.4
20170112161605,0.0,0.0,0.0,0.2,0.0,0.0,99.6,0.2
20170112161635,0.0,0.0,0.0,0.0,0.0,0.0,99.4,0.5
20170112161705,0.0,0.0,0.0,0.0,0.0,0.0,97.5,2.4
20170112161735,0.0,0.0,0.0,0.1,0.3,0.0,62.1,37.5
20170112161805,0.0,0.0,0.0,0.0,0.2,0.0,70.1,29.7
20170112161835,0.0,0.0,0.0,0.0,0.0,0.0,34.3,65.6
20170112161905,0.0,0.0,0.0,0.0,0.0,0.0,15.9,84.1
20170112161935,0.0,0.0,0.0,0.0,0.0,0.0,11.8,88.2
20170112162005,0.0,0.0,0.0,0.0,0.0,0.0,9.1,90.9
20170112162035,0.0,0.0,0.0,0.0,0.0,0.0,7.1,92.9
20170112162105,0.0,0.0,0.0,0.0,0.0,0.0,4.8,95.2
20170112162135,0.0,0.0,0.0,0.0,0.0,0.0,6.1,93.9
20170112162205,0.0,0.0,0.0,0.0,0.0,0.0,5.1,94.9
20170112162235,0.0,0.0,0.0,0.0,0.0,0.0,2.1,97.9
20170112162305,0.0,0.0,0.0,0.0,0.0,0.0,3.7,96.3
20170112162335,0.0,0.0,0.0,0.0,0.0,0.0,2.0,98.0
20170112162405,0.0,0.0,0.0,0.0,0.0,0.0,1.1,98.9
20170112162435,0.0,0.0,0.0,0.0,0.0,0.0,0.7,99.3
20170112162505,0.0,0.0,0.0,0.0,0.0,0.0,0.8,99.2
20170112162535,0.0,0.0,0.0,0.0,0.0,0.0,3.9,96.1
20170112162605,0.0,0.0,0.0,0.0,0.0,0.0,2.9,97.1
20170112162635,0.0,0.0,0.0,0.0,0.0,0.0,1.2,98.8
20170112162705,0.0,0.0,0.0,0.0,0.0,0.0,0.6,99.4
20170112162735,0.0,0.0,0.0,0.0,0.0,0.0,0.6,99.4
20170112162805,0.0,0.0,0.0,0.0,0.0,0.0,0.9,99.1
20170112162835,0.0,0.0,0.0,0.0,0.0,0.0,1.7,98.3
20170112162905,0.0,0.0,0.0,0.0,0.0,0.0,5.2,94.8
20170112162935,0.0,0.0,0.0,0.0,0.0,0.0,1.0,99.0
20170112163005,0.0,0.0,0.0,0.0,0.0,0.0,4.9,95.1
20170112163035,0.0,0.0,0.0,0.0,0.0,0.0,2.4,97.6
20170112163105,0.0,0.0,0.0,0.0,0.0,0.0,3.3,96.7
20170112163135,0.0,0.0,0.0,0.0,0.0,0.0,2.7,97.3
20170112163205,0.0,0.0,0.0,0.0,0.0,0.0,1.3,98.7
20170112163235,0.0,0.0,0.0,0.0,0.0,0.0,2.3,97.7
20170112163305,0.0,0.0,0.0,0.0,0.0,0.0,0.9,99.1
20170112163335,0.0,0.0,0.0,0.0,0.0,0.0,0.3,99.7
20170112163405,0.0,0.0,0.0,0.0,0.0,0.0,1.0,99.0
20170112163435,0.0,0.0,0.0,0.0,0.0,0.0,0.8,99.2
20170112163505,0.0,0.0,0.0,0.0,0.0,0.0,0.6,99.4
20170112163535,0.0,0.0,0.0,0.0,0.0,0.0,1.0,99.0
20170112163605,0.0,0.0,0.0,0.0,0.0,0.0,0.9,99.1
20170112163635,0.0,0.0,0.0,0.0,0.0,0.0,3.1,96.9
20170112163705,0.0,0.0,0.0,0.0,0.0,0.0,1.2,98.8
20170112163736,0.0,0.0,0.0,0.0,0.0,0.0,0.7,99.3
20170112163806,0.0,0.0,0.0,0.0,0.0,0.0,3.2,96.8
20170112163836,0.0,0.0,0.0,0.0,0.0,0.0,1.9,98.1
20170112163906,0.0,0.0,0.0,0.0,0.0,0.0,2.3,97.7
20170112163936,0.0,0.0,0.0,0.0,0.0,0.0,0.8,99.2
20170112164006,0.0,0.0,0.0,0.0,0.0,0.0,0.8,99.2
20170112164036,0.0,0.0,0.0,0.0,0.0,0.0,1.3,98.7
20170112164106,0.0,0.0,0.0,0.0,0.0,0.0,1.4,98.5
20170112164136,0.0,0.0,0.0,0.0,0.0,0.0,1.6,98.4
20170112164206,0.0,0.0,0.0,0.0,0.0,0.0,2.1,97.9
20170112164236,0.0,0.0,0.0,0.0,0.0,0.0,1.8,98.2
20170112164306,0.0,0.0,0.0,0.0,0.0,0.0,0.8,99.2
20170112164336,0.0,0.0,0.0,0.0,0.0,0.0,1.0,99.0
20170112164406,0.0,0.0,0.0,0.0,0.0,0.0,0.3,99.7
20170112164436,0.0,0.0,0.0,0.0,0.0,0.0,0.6,99.4
20170112164506,0.0,0.0,0.0,0.0,0.0,0.0,1.2,98.8
20170112164536,0.0,0.0,0.0,0.0,0.0,0.0,0.6,99.4
20170112164606,0.0,0.0,0.0,0.0,0.0,0.0,0.7,99.3
20170112164636,0.0,0.0,0.0,0.0,0.0,0.0,0.4,99.6
20170112164706,0.0,0.0,0.0,0.0,0.0,0.0,1.0,99.0
20170112164736,0.0,0.0,0.0,0.0,0.0,0.0,0.9,99.1
20170112164806,0.0,0.0,0.0,0.0,0.0,0.0,0.8,99.2
20170112164836,0.0,0.0,0.0,0.0,0.0,0.0,0.4,99.6
20170112164906,0.0,0.0,0.0,0.0,0.0,0.0,0.3,99.7
20170112164936,0.0,0.0,0.0,0.0,0.0,0.0,0.5,99.5
20170112165006,0.0,0.0,0.0,0.0,0.0,0.0,0.4,99.6
20170112165036,0.0,0.0,0.0,0.0,0.0,0.0,0.6,99.4
20170112165106,0.0,0.0,0.0,0.0,0.0,0.0,0.3,99.7
20170112165136,0.0,0.0,0.0,0.0,0.0,0.0,0.3,99.7
20170112165206,0.0,0.0,0.0,0.0,0.0,0.0,0.8,99.2
20170112165236,0.0,0.0,0.0,0.0,0.0,0.0,0.8,99.2
20170112165306,0.0,0.0,0.0,0.0,0.0,0.0,2.1,97.9
20170112165336,0.0,0.0,0.0,0.0,0.0,0.0,1.2,98.8
20170112165406,0.0,0.0,0.0,0.0,0.0,0.0,5.8,94.2
20170112165436,0.0,0.0,0.0,0.0,0.0,0.0,3.0,97.0
20170112165506,0.0,0.0,0.0,0.0,0.0,0.0,1.7,98.3
20170112165536,0.0,0.0,0.0,0.0,0.0,0.0,2.0,98.0
20170112165606,0.0,0.0,0.0,0.0,0.0,0.0,1.5,98.5
20170112165636,0.0,0.0,0.0,0.0,0.0,0.0,2.4,97.6
20170112165706,0.0,0.0,0.0,0.0,0.0,0.0,0.4,99.6
20170112165736,0.0,0.0,0.0,0.0,0.0,0.0,0.7,99.3
20170112165806,0.0,0.0,0.0,0.0,0.0,0.0,1.1,98.9
20170112165836,0.0,0.0,0.0,0.0,0.0,0.0,1.4,98.6
20170112165906,0.0,0.0,0.0,0.0,0.0,0.0,1.2,98.8
20170112165936,0.0,0.0,0.0,0.0,0.0,0.0,0.8,99.2
20170112170006,0.0,0.0,0.0,0.0,0.0,0.0,1.3,98.7
20170112170036,0.0,0.0,0.0,0.0,0.0,0.0,2.9,97.1
20170112170106,0.0,0.0,0.0,0.0,0.0,0.0,1.6,98.4
20170112170136,0.0,0.0,0.0,0.0,0.0,0.0,2.5,97.5
20170112170206,0.0,0.0,0.0,0.0,0.0,0.0,1.2,98.8
20170112170236,0.0,0.0,0.0,0.0,0.0,0.0,0.6,99.4
20170112170306,0.0,0.0,0.0,0.0,0.0,0.0,1.5,98.5
20170112170336,0.0,0.0,0.0,0.0,0.0,0.0,2.3,97.7
20170112170406,0.0,0.0,0.0,0.0,0.0,0.0,1.1,98.9
20170112170436,0.0,0.0,0.0,0.0,0.0,0.0,0.7,99.3
20170112170506,0.0,0.0,0.0,0.0,0.0,0.0,5.2,94.8
20170112170536,0.0,0.0,0.0,0.0,0.0,0.0,2.7,97.3
20170112170606,0.0,0.0,0.0,0.0,0.0,0.0,3.2,96.8
20170112170636,0.0,0.0,0.0,0.0,0.0,0.0,4.0,96.0
20170112170706,0.0,0.0,0.0,0.0,0.0,0.0,2.4,97.6
20170112170736,0.0,0.0,0.0,0.0,0.0,0.0,2.0,98.0
20170112170806,0.0,0.0,0.0,0.0,0.0,0.0,7.9,92.1
20170112170836,0.0,0.0,0.0,0.0,0.0,0.0,2.3,97.7
20170112170906,0.0,0.0,0.0,0.0,0.0,0.0,8.4,91.6
20170112170936,0.0,0.0,0.0,0.0,0.0,0.0,3.5,96.5
20170112171006,0.0,0.0,0.0,0.0,0.0,0.0,5.0,95.0
20170112171036,0.0,0.0,0.0,0.0,0.0,0.0,2.9,97.1
20170112171106,0.0,0.0,0.0,0.0,0.0,0.0,5.1,94.9
20170112171137,0.0,0.0,0.0,0.0,0.0,0.0,1.7,98.3
20170112171207,0.0,0.0,0.0,0.0,0.0,0.0,5.5,94.5
20170112171237,0.0,0.0,0.0,0.0,0.0,0.0,8.4,91.6
20170112171307,0.0,0.0,0.0,0.0,0.0,0.0,4.9,95.1
20170112171337,0.0,0.0,0.0,0.0,0.0,0.0,6.2,93.8
20170112171407,0.0,0.0,0.0,0.0,0.0,0.0,8.8,91.2
20170112171437,0.0,0.0,0.0,0.0,0.0,0.0,15.7,84.3
20170112171507,0.0,0.0,0.0,0.0,0.0,0.0,4.3,95.7
20170112171537,0.0,0.0,0.0,0.0,0.0,0.0,7.4,92.6
20170112171607,0.0,0.0,0.0,0.0,0.0,0.0,13.0,87.0
20170112171637,0.0,0.0,0.0,0.0,0.0,0.0,13.7,86.2
20170112171707,0.0,0.0,0.0,0.0,0.0,0.0,10.3,89.7
20170112171737,0.0,0.0,0.0,0.0,0.0,0.0,6.4,93.6
20170112171807,0.0,0.0,0.0,0.0,0.0,0.0,8.3,91.7
20170112171837,0.0,0.0,0.0,0.0,0.0,0.0,7.8,92.2
20170112171907,0.0,0.0,0.0,0.0,0.0,0.0,11.4,88.5
20170112171937,0.0,0.0,0.0,0.0,0.0,0.0,7.7,92.3
20170112172007,0.0,0.0,0.0,0.0,0.0,0.0,8.4,91.5
20170112172037,0.0,0.0,0.0,0.0,0.0,0.0,12.8,87.2
20170112172107,0.0,0.0,0.0,0.0,0.0,0.0,15.6,84.4
20170112172137,0.0,0.0,0.0,0.0,0.0,0.0,6.4,93.5
20170112172207,0.0,0.0,0.0,0.0,0.0,0.0,5.8,94.2
20170112172237,0.0,0.0,0.0,0.0,0.0,0.0,22.8,77.2
20170112172307,0.0,0.0,0.0,0.0,0.0,0.0,9.9,90.1
20170112172337,0.0,0.0,0.0,0.0,0.0,0.0,11.4,88.6
20170112172407,0.0,0.0,0.0,0.0,0.0,0.0,29.6,70.4
20170112172437,0.0,0.0,0.0,0.0,0.0,0.0,13.5,86.5
20170112172507,0.0,0.0,0.0,0.0,0.0,0.0,27.2,72.8
20170112172537,0.0,0.0,0.0,0.0,0.0,0.0,12.1,87.9
20170112172607,0.0,0.0,0.0,0.0,0.0,0.0,24.0,76.0
20170112172637,0.0,0.0,0.0,0.0,0.0,0.0,31.4,68.6
20170112172707,0.0,0.0,0.0,0.0,0.0,0.0,43.4,56.6
20170112172737,0.0,0.0,0.0,0.0,0.0,0.0,29.1,70.9
20170112172807,0.0,0.0,0.0,0.0,0.0,0.0,36.9,63.1
20170112172837,0.0,0.0,0.0,0.0,0.0,0.0,26.5,73.4
20170112172907,0.0,0.0,0.0,0.0,0.0,0.0,50.1,49.8
20170112172937,0.0,0.0,0.0,0.0,0.0,0.0,25.5,74.5
20170112173007,0.0,0.0,0.0,0.0,0.0,0.0,42.3,57.6
20170112173037,0.0,0.0,0.0,0.0,0.0,0.0,31.3,68.7
20170112173107,0.0,0.0,0.0,0.0,0.0,0.0,49.3,50.7
20170112173137,0.0,0.0,0.0,0.0,0.0,0.0,15.3,84.6
20170112173207,0.0,0.0,0.0,0.0,0.0,0.0,35.5,64.5
20170112173237,0.0,0.0,0.0,0.0,0.0,0.0,7.8,92.2
20170112173307,0.0,0.0,0.0,0.0,0.0,0.0,54.7,45.2
20170112173337,0.0,0.0,0.0,0.0,0.0,0.0,34.9,65.0
20170112173407,0.0,0.0,0.0,0.0,0.0,0.0,17.9,82.1
20170112173437,0.0,0.0,0.0,0.0,0.0,0.0,13.6,86.3
20170112173507,0.0,0.0,0.0,0.0,0.0,0.0,21.7,78.3
20170112173537,0.0,0.0,0.0,0.0,0.0,0.0,9.5,90.5
20170112173607,0.0,0.0,0.0,0.0,0.0,0.0,12.4,87.6
20170112173637,0.0,0.0,0.0,0.0,0.0,0.0,26.0,74.0
20170112173707,0.0,0.0,0.0,0.0,0.0,0.0,20.2,79.8
20170112173737,0.0,0.0,0.0,0.0,0.0,0.0,20.6,79.4
20170112173807,0.0,0.0,0.0,0.0,0.0,0.0,33.2,66.8
20170112173837,0.0,0.0,0.0,0.0,0.0,0.0,14.0,86.0
20170112173907,0.0,0.0,0.0,0.0,0.0,0.0,6.9,93.1
20170112173937,0.0,0.0,0.0,0.0,0.0,0.0,20.1,79.9
20170112174007,0.0,0.0,0.0,0.0,0.0,0.0,17.5,82.5
20170112174037,0.0,0.0,0.0,0.0,0.0,0.0,19.4,80.6
20170112174107,0.0,0.0,0.0,0.0,0.0,0.0,7.6,92.3
20170112174137,0.0,0.0,0.0,0.0,0.0,0.0,23.2,76.7
20170112174207,0.0,0.0,0.0,0.0,0.0,0.0,24.2,75.7
20170112174237,0.0,0.0,0.0,0.0,0.0,0.0,14.6,85.4
20170112174307,0.0,0.0,0.0,0.0,0.0,0.0,49.6,50.3
20170112174337,0.0,0.0,0.0,0.0,0.0,0.0,7.8,92.2
20170112174407,0.0,0.0,0.0,0.0,0.1,0.0,36.2,63.8
20170112174437,0.0,0.0,0.0,0.0,0.1,0.0,23.6,76.3
20170112174507,0.0,0.0,0.0,0.0,0.0,0.0,24.3,75.7
20170112174538,0.0,0.0,0.0,0.0,0.0,0.0,22.4,77.6
20170112174608,0.0,0.0,0.0,0.0,0.0,0.0,31.9,68.1
20170112174638,0.0,0.0,0.0,0.0,0.0,0.0,19.1,80.8
20170112174708,0.0,0.0,0.0,0.0,0.0,0.0,19.6,80.4
20170112174738,0.0,0.0,0.0,0.0,0.0,0.0,33.2,66.8
20170112174808,0.0,0.0,0.0,0.0,0.0,0.0,40.5,59.4
20170112174838,0.0,0.0,0.0,0.0,0.0,0.0,12.4,87.5
20170112174908,0.0,0.0,0.0,0.0,0.0,0.0,13.0,87.0
20170112174938,0.0,0.0,0.0,0.0,0.0,0.0,17.0,83.0
20170112175008,0.0,0.0,0.0,0.0,0.0,0.0,20.6,79.4
20170112175038,0.0,0.0,0.0,0.0,0.0,0.0,28.6,71.4
20170112175108,0.0,0.0,0.0,0.0,0.0,0.0,20.7,79.2
20170112175138,0.0,0.0,0.0,0.0,0.0,0.0,19.3,80.7
20170112175208,0.0,0.0,0.0,0.0,0.0,0.0,8.6,91.3
20170112175238,0.0,0.0,0.0,0.0,0.0,0.0,13.0,86.9
20170112175308,0.0,0.0,0.0,0.0,0.0,0.0,21.3,78.7
20170112175338,0.0,0.0,0.0,0.0,0.0,0.0,46.9,53.1
20170112175408,0.0,0.0,0.0,0.0,0.0,0.0,25.9,74.0
20170112175438,0.0,0.0,0.0,0.0,0.0,0.0,19.7,80.3
20170112175508,0.0,0.0,0.0,0.0,0.0,0.0,38.5,61.5
20170112175538,0.0,0.0,0.0,0.0,0.0,0.0,21.4,78.6
20170112175608,0.0,0.0,0.0,0.0,0.0,0.0,3.9,96.1
20170112175638,0.0,0.0,0.0,0.0,0.0,0.0,6.3,93.6
20170112175708,0.0,0.0,0.0,0.0,0.0,0.0,5.9,94.1
20170112175738,0.0,0.0,0.0,0.0,0.0,0.0,5.3,94.7
20170112175808,0.0,0.0,0.0,0.0,0.0,0.0,2.0,98.0
20170112175838,0.0,0.0,0.0,0.0,0.0,0.0,8.4,91.6
20170112175908,0.0,0.0,0.0,0.0,0.0,0.0,2.8,97.2
20170112175938,0.0,0.0,0.0,0.0,0.0,0.0,7.2,92.8
20170112180008,0.0,0.0,0.0,0.0,0.0,0.0,4.5,95.5
20170112180038,0.0,0.0,0.0,0.0,0.0,0.0,11.6,88.3
20170112180108,0.0,0.0,0.0,0.0,0.0,0.0,12.2,87.8
20170112180138,0.0,0.0,0.0,0.0,0.0,0.0,3.8,96.2
20170112180208,0.0,0.0,0.0,0.0,0.0,0.0,14.2,85.8
20170112180238,0.0,0.0,0.0,0.0,0.0,0.0,4.1,95.9
20170112180308,0.0,0.0,0.0,0.0,0.0,0.0,6.7,93.3
20170112180338,0.0,0.0,0.0,0.0,0.0,0.0,3.9,96.0
20170112180408,0.0,0.0,0.0,0.0,0.0,0.0,6.8,93.2
20170112180438,0.0,0.0,0.0,0.0,0.0,0.0,3.7,96.3
20170112180508,0.0,0.0,0.0,0.0,0.0,0.0,6.0,94.0
20170112180538,0.0,0.0,0.0,0.0,0.0,0.0,7.5,92.5
20170112180608,0.0,0.0,0.0,0.0,0.0,0.0,7.3,92.6
20170112180638,0.0,0.0,0.0,0.0,0.0,0.0,6.7,93.3
20170112180708,0.0,0.0,0.0,0.0,0.0,0.0,4.2,95.8
20170112180738,0.0,0.0,0.0,0.0,0.0,0.0,5.7,94.3
20170112180808,0.0,0.0,0.0,0.0,0.0,0.0,4.2,95.8
20170112180838,0.0,0.0,0.0,0.0,0.0,0.0,9.3,90.7
20170112180908,0.0,0.0,0.0,0.0,0.0,0.0,5.3,94.7
20170112180938,0.0,0.0,0.0,0.0,0.0,0.0,6.3,93.7
20170112181008,0.0,0.0,0.0,0.0,0.0,0.0,3.9,96.1
20170112181038,0.0,0.0,0.0,0.0,0.0,0.0,3.9,96.1
20170112181108,0.0,0.0,0.0,0.0,0.0,0.0,2.1,97.9
20170112181138,0.0,0.0,0.0,0.0,0.0,0.0,3.2,96.8
20170112181208,0.0,0.0,0.0,0.0,0.0,0.0,5.5,94.5
20170112181238,0.0,0.0,0.0,0.0,0.0,0.0,9.9,90.1
20170112181308,0.0,0.0,0.0,0.0,0.0,0.0,6.5,93.5
20170112181339,0.0,0.0,0.0,0.0,0.0,0.0,6.6,93.3
20170112181409,0.0,0.0,0.0,0.0,0.0,0.0,4.5,95.5
20170112181439,0.0,0.0,0.0,0.0,0.0,0.0,4.6,95.4
20170112181509,0.0,0.0,0.0,0.0,0.0,0.0,6.3,93.7
20170112181539,0.0,0.0,0.0,0.0,0.0,0.0,19.3,80.7
20170112181609,0.0,0.0,0.0,0.0,0.0,0.0,5.7,94.3
20170112181639,0.0,0.0,0.0,0.0,0.0,0.0,6.3,93.7
20170112181709,0.0,0.0,0.0,0.0,0.0,0.0,7.1,92.9
20170112181739,0.0,0.0,0.0,0.0,0.0,0.0,3.0,96.9
20170112181809,0.0,0.0,0.0,0.0,0.0,0.0,6.6,93.4
20170112181839,0.0,0.0,0.0,0.0,0.0,0.0,4.1,95.9
20170112181909,0.0,0.0,0.0,0.0,0.0,0.0,4.7,95.3
20170112181939,0.0,0.0,0.0,0.0,0.0,0.0,8.3,91.7
20170112182009,0.0,0.0,0.0,0.0,0.0,0.0,3.6,96.4
20170112182039,0.0,0.0,0.0,0.0,0.0,0.0,6.7,93.3
20170112182109,0.0,0.0,0.0,0.0,0.0,0.0,11.8,88.2
20170112182139,0.0,0.0,0.0,0.0,0.0,0.0,2.2,97.8
20170112182209,0.0,0.0,0.0,0.0,0.0,0.0,6.2,93.8
20170112182239,0.0,0.0,0.0,0.0,0.0,0.0,2.0,98.0
20170112182309,0.0,0.0,0.0,0.0,0.0,0.0,3.7,96.3
20170112182339,0.0,0.0,0.0,0.0,0.0,0.0,2.3,97.7
20170112182409,0.0,0.0,0.0,0.0,0.0,0.0,1.9,98.1
20170112182439,0.0,0.0,0.0,0.0,0.0,0.0,1.0,99.0
20170112182509,0.0,0.0,0.0,0.0,0.0,0.0,2.5,97.5
20170112182539,0.0,0.0,0.0,0.0,0.0,0.0,4.6,95.4
20170112182609,0.0,0.0,0.0,0.0,0.0,0.0,1.5,98.5
20170112182639,0.0,0.0,0.0,0.0,0.0,0.0,1.4,98.6
20170112182709,0.0,0.0,0.0,0.0,0.0,0.0,1.7,98.3
20170112182739,0.0,0.0,0.0,0.0,0.0,0.0,3.7,96.3
20170112182809,0.0,0.0,0.0,0.0,0.0,0.0,1.5,98.5
20170112182839,0.0,0.0,0.0,0.0,0.0,0.0,1.2,98.8
20170112182909,0.0,0.0,0.0,0.0,0.0,0.0,2.7,97.3
20170112182939,0.0,0.0,0.0,0.0,0.0,0.0,2.6,97.4
20170112183009,0.0,0.0,0.0,0.0,0.0,0.0,3.3,96.7
20170112183039,0.0,0.0,0.0,0.0,0.0,0.0,3.1,96.9
20170112183109,0.0,0.0,0.0,0.0,0.0,0.0,1.7,98.3
20170112183139,0.0,0.0,0.0,0.0,0.0,0.0,1.0,99.0
20170112183209,0.0,0.0,0.0,0.0,0.0,0.0,1.9,98.1
20170112183239,0.0,0.0,0.0,0.0,0.0,0.0,1.1,98.9
20170112183309,0.0,0.0,0.0,0.0,0.0,0.0,2.8,97.2
20170112183339,0.0,0.0,0.0,0.0,0.0,0.0,3.1,96.8
20170112183409,0.0,0.0,0.0,0.0,0.0,0.0,0.6,99.4
20170112183439,0.0,0.0,0.0,0.0,0.0,0.0,0.8,99.2
20170112183509,0.0,0.0,0.0,0.0,0.0,0.0,5.2,94.8
20170112183539,0.0,0.0,0.0,0.0,0.0,0.0,0.6,99.4
20170112183609,0.0,0.0,0.0,0.0,0.0,0.0,0.6,99.4
20170112183639,0.0,0.0,0.0,0.0,0.0,0.0,0.8,99.2
20170112183709,0.0,0.0,0.0,0.0,0.0,0.0,2.1,97.9
20170112183739,0.0,0.0,0.0,0.0,0.0,0.0,4.2,95.8
20170112183809,0.0,0.0,0.0,0.0,0.0,0.0,3.7,96.3
20170112183839,0.0,0.0,0.0,0.0,0.0,0.0,2.4,97.6
20170112183909,0.0,0.0,0.0,0.0,0.0,0.0,6.7,93.3
20170112183939,0.0,0.0,0.0,0.0,0.0,0.0,2.9,97.1
20170112184009,0.0,0.0,0.0,0.0,0.0,0.0,1.8,98.2
20170112184039,0.0,0.0,0.0,0.0,0.0,0.0,2.5,97.5
20170112184109,0.0,0.0,0.0,0.0,0.0,0.0,5.1,94.9
20170112184139,0.0,0.0,0.0,0.0,0.0,0.0,2.0,98.0
20170112184209,0.0,0.0,0.0,0.0,0.0,0.0,4.3,95.7
20170112184239,0.0,0.0,0.0,0.0,0.0,0.0,1.4,98.6
20170112184309,0.0,0.0,0.0,0.0,0.0,0.0,4.6,95.4
20170112184339,0.0,0.0,0.0,0.0,0.0,0.0,5.2,94.8
20170112184409,0.0,0.0,0.0,0.0,0.0,0.0,6.6,93.4
20170112184439,0.0,0.0,0.0,0.0,0.0,0.0,17.8,82.2
20170112184509,0.0,0.0,0.0,0.0,0.0,0.0,11.8,88.1
20170112184539,0.0,0.0,0.0,0.0,0.0,0.0,5.1,94.9
20170112184609,0.0,0.0,0.0,0.0,0.0,0.0,12.1,87.9
20170112184639,0.0,0.0,0.0,0.0,0.0,0.0,11.7,88.3
20170112184709,0.0,0.0,0.0,0.0,0.0,0.0,2.5,97.5
20170112184740,0.0,0.0,0.0,0.0,0.0,0.0,12.4,87.6
20170112184810,0.0,0.0,0.0,0.0,0.0,0.0,3.2,96.8
20170112184840,0.0,0.0,0.0,0.0,0.0,0.0,4.6,95.4
20170112184910,0.0,0.0,0.0,0.0,0.0,0.0,2.6,97.4
20170112184940,0.0,0.0,0.0,0.0,0.0,0.0,2.6,97.4
20170112185010,0.0,0.0,0.0,0.0,0.0,0.0,5.3,94.7
20170112185040,0.0,0.0,0.0,0.0,0.0,0.0,2.6,97.4
20170112185110,0.0,0.0,0.0,0.0,0.0,0.0,2.9,97.1
20170112185140,0.0,0.0,0.0,0.0,0.0,0.0,3.8,96.2
20170112185210,0.0,0.0,0.0,0.0,0.0,0.0,5.1,94.9
20170112185240,0.0,0.0,0.0,0.0,0.0,0.0,7.6,92.4
20170112185310,0.0,0.0,0.0,0.0,0.0,0.0,3.1,96.9
20170112185340,0.0,0.0,0.0,0.0,0.0,0.0,7.9,92.0
20170112185410,0.0,0.0,0.0,0.0,0.0,0.0,1.7,98.3
20170112185440,0.0,0.0,0.0,0.0,0.0,0.0,3.7,96.3
20170112185510,0.0,0.0,0.0,0.0,0.0,0.0,4.5,95.5
20170112185540,0.0,0.0,0.0,0.0,0.0,0.0,1.6,98.4
20170112185610,0.0,0.0,0.0,0.0,0.0,0.0,4.7,95.3
20170112185640,0.0,0.0,0.0,0.0,0.0,0.0,2.0,98.0
20170112185710,0.0,0.0,0.0,0.0,0.0,0.0,3.6,96.4
20170112185740,0.0,0.0,0.0,0.0,0.0,0.0,6.6,93.4
20170112185810,0.0,0.0,0.0,0.0,0.0,0.0,3.9,96.1
20170112185840,0.0,0.0,0.0,0.0,0.0,0.0,2.5,97.5
20170112185910,0.0,0.0,0.0,0.0,0.0,0.0,4.1,95.9
20170112185940,0.0,0.0,0.0,0.0,0.0,0.0,3.9,96.1
20170112190010,0.0,0.0,0.0,0.0,0.0,0.0,3.8,96.2
20170112190040,0.0,0.0,0.0,0.0,0.0,0.0,1.9,98.1
20170112190110,0.0,0.0,0.0,0.0,0.0,0.0,2.6,97.4
20170112190140,0.0,0.0,0.0,0.0,0.0,0.0,4.4,95.6
20170112190210,0.0,0.0,0.0,0.0,0.0,0.0,13.1,86.9
20170112190240,0.0,0.0,0.0,0.0,0.0,0.0,15.0,85.0
20170112190310,0.0,0.0,0.0,0.0,0.0,0.0,82.3,17.6
20170112190340,0.0,0.0,0.0,0.0,0.0,0.0,99.8,0.2
20170112190410,0.0,0.0,0.0,0.0,0.0,0.0,99.9,0.1
20170112190440,0.0,0.0,0.0,0.0,0.0,0.0,99.9,0.0
20170112190510,0.0,0.0,0.0,0.0,0.0,0.0,100.0,0.0
20170112190540,0.0,0.0,0.0,0.0,0.0,0.0,99.9,0.1
20170112190610,0.0,0.0,0.0,0.0,0.0,0.0,99.9,0.0
20170112190640,0.0,0.0,0.0,0.0,0.0,0.0,99.9,0.1
20170112190710,0.0,0.0,0.0,0.0,0.0,0.0,99.9,0.1
20170112190740,0.0,0.0,0.0,0.0,0.0,0.0,99.8,0.1
20170112190810,0.0,0.0,0.0,0.0,0.0,0.0,99.8,0.2
20170112190840,0.0,0.0,0.0,0.0,0.0,0.0,99.9,0.1
20170112190910,0.0,0.0,0.0,0.0,0.0,0.0,99.9,0.1
20170112190940,0.0,0.0,0.0,0.0,0.0,0.0,99.9,0.1
20170112191010,0.0,0.0,0.0,0.0,0.0,0.0,99.9,0.1
20170112191040,0.0,0.0,0.0,0.0,0.0,0.0,99.9,0.1
20170112191110,0.0,0.0,0.0,0.0,0.0,0.0,99.9,0.1
20170112191140,0.0,0.0,0.0,0.0,0.0,0.0,99.9,0.1
20170112191210,0.0,0.0,0.0,0.0,0.0,0.0,99.9,0.1
20170112191240,0.0,0.0,0.0,0.0,0.0,0.0,99.8,0.2
20170112191310,0.0,0.0,0.0,0.0,0.0,0.0,100.0,0.0
20170112191340,0.0,0.0,0.0,0.0,0.1,0.0,99.4,0.5
20170112191410,0.0,0.0,0.0,0.0,0.0,0.0,99.9,0.1
20170112191440,0.0,0.0,0.0,0.0,0.0,0.0,100.0,0.0
20170112191510,0.0,0.0,0.0,0.0,0.0,0.0,99.6,0.4
20170112191540,0.0,0.0,0.0,0.0,0.1,0.0,99.0,0.9
20170112191610,0.0,0.0,0.0,0.0,0.0,0.0,99.6,0.3
20170112191640,0.0,0.0,0.0,0.0,0.0,0.0,97.9,2.1
20170112191710,0.0,0.0,0.0,0.0,0.2,0.0,91.7,8.0
20170112191740,0.0,0.0,0.0,0.0,0.1,0.0,57.3,42.6
20170112191810,0.0,0.0,0.0,0.0,0.1,0.0,50.2,49.7
20170112191840,0.0,0.0,0.0,0.0,0.0,0.0,17.4,82.6
20170112191910,0.0,0.0,0.0,0.0,0.1,0.0,91.1,8.8
20170112191940,0.0,0.0,0.0,0.0,0.1,0.0,99.2,0.7
20170112192010,0.0,0.0,0.0,0.0,0.0,0.0,99.7,0.2
20170112192040,0.0,0.0,0.0,0.0,0.0,0.0,100.0,0.0
20170112192110,0.0,0.0,0.0,0.0,0.0,0.0,99.6,0.4
20170112192140,0.0,0.0,0.0,0.0,0.0,0.0,99.9,0.1
20170112192210,0.0,0.0,0.0,0.0,0.0,0.0,99.9,0.1
20170112192241,0.0,0.0,0.0,0.0,0.0,0.0,99.8,0.2
20170112192311,0.0,0.0,0.0,0.0,0.0,0.0,99.9,0.1
20170112192341,0.0,0.0,0.0,0.0,0.0,0.0,99.8,0.1
20170112192411,0.0,0.0,0.0,0.0,0.0,0.0,99.9,0.1
20170112192441,0.0,0.0,0.0,0.0,0.0,0.0,99.9,0.1
20170112192511,0.0,0.0,0.0,0.0,0.0,0.0,99.8,0.1
20170112192541,0.0,0.0,0.0,0.0,0.1,0.0,99.0,0.9
20170112192611,0.0,0.0,0.0,0.0,0.3,0.0,89.8,10.0
20170112192641,0.0,0.0,0.0,0.0,0.3,0.0,48.2,51.5
20170112192711,0.0,0.0,0.0,0.0,0.1,0.0,27.3,72.5
20170112192741,0.0,0.0,0.0,0.0,0.0,0.0,8.5,91.4
20170112192811,0.0,0.0,0.0,0.0,0.0,0.0,14.3,85.7
20170112192841,0.0,0.0,0.0,0.0,0.0,0.0,22.2,77.7
20170112192911,0.0,0.0,0.0,0.0,0.2,0.0,43.3,56.4
20170112192941,0.0,0.0,0.0,0.0,0.2,0.0,96.9,2.9
20170112193011,0.0,0.0,0.0,0.0,0.1,0.0,99.4,0.5
20170112193041,0.0,0.0,0.0,0.0,0.0,0.0,99.8,0.1
20170112193111,0.0,0.0,0.0,0.0,0.0,0.0,99.9,0.1
20170112193141,0.0,0.0,0.0,0.0,0.0,0.0,99.9,0.1
20170112193211,0.0,0.0,0.0,0.0,0.0,0.0,99.9,0.1
20170112193241,0.0,0.0,0.0,0.0,0.0,0.0,99.8,0.2
20170112193311,0.0,0.0,0.0,0.0,0.0,0.0,99.9,0.1
20170112193341,0.0,0.0,0.0,0.0,0.0,0.0,99.9,0.1
20170112193411,0.0,0.0,0.0,0.0,0.0,0.0,99.9,0.1
20170112193441,0.0,0.0,0.0,0.0,0.0,0.0,99.8,0.2
20170112193511,0.0,0.0,0.0,0.0,0.0,0.0,99.8,0.2
20170112193541,0.0,0.0,0.0,0.0,0.0,0.0,99.8,0.2
20170112193611,0.0,0.0,0.0,0.0,0.0,0.0,99.9,0.1
20170112193641,0.0,0.0,0.0,0.0,0.0,0.0,99.9,0.1
20170112193711,0.0,0.0,0.0,0.0,0.0,0.0,99.8,0.1
20170112193741,0.0,0.0,0.0,0.0,0.0,0.0,99.9,0.1
20170112193811,0.0,0.0,0.0,0.0,0.0,0.0,99.9,0.1
20170112193841,0.0,0.0,0.0,0.0,0.0,0.0,99.8,0.1
20170112193911,0.0,0.0,0.0,0.0,0.0,0.0,99.9,0.1
20170112193941,0.0,0.0,0.0,0.0,0.0,0.0,99.9,0.1
20170112194011,0.0,0.0,0.0,0.0,0.0,0.0,99.8,0.2
20170112194041,0.0,0.0,0.0,0.0,0.0,0.0,99.9,0.1
20170112194111,0.0,0.0,0.0,0.0,0.0,0.0,99.9,0.1
20170112194141,0.0,0.0,0.0,0.0,0.0,0.0,99.9,0.1
20170112194211,0.0,0.0,0.0,0.0,0.0,0.0,99.9,0.1
20170112194241,0.0,0.0,0.0,0.0,0.0,0.0,99.9,0.1
20170112194311,0.0,0.0,0.0,0.0,0.0,0.0,99.9,0.1
20170112194341,0.0,0.0,0.0,0.0,0.0,0.0,99.9,0.1
20170112194411,0.0,0.0,0.0,0.0,0.0,0.0,99.9,0.0
20170112194441,0.0,0.0,0.0,0.0,0.0,0.0,100.0,0.0
20170112194511,0.0,0.0,0.0,0.0,0.0,0.0,99.9,0.1
20170112194541,0.0,0.0,0.0,0.0,0.2,0.0,98.8,1.0
20170112194611,0.0,0.0,0.0,0.0,0.1,0.0,99.6,0.3
20170112194641,0.0,0.0,0.0,0.0,0.0,0.0,99.9,0.1
20170112194711,0.0,0.0,0.0,0.0,0.0,0.0,99.9,0.1
20170112194741,0.0,0.0,0.0,0.0,0.0,0.0,99.9,0.1
20170112194811,0.0,0.0,0.0,0.0,0.0,0.0,99.9,0.1
20170112194841,0.0,0.0,0.0,0.0,0.0,0.0,99.9,0.1
20170112194911,0.0,0.0,0.0,0.0,0.0,0.0,99.9,0.1
20170112194942,0.0,0.0,0.0,0.0,0.0,0.0,99.9,0.1
20170112195012,0.0,0.0,0.0,0.0,0.0,0.0,99.8,0.2
20170112195042,0.0,0.0,0.0,0.0,0.1,0.0,99.0,0.9
20170112195112,0.0,0.0,0.0,0.0,0.1,0.0,85.9,14.0
20170112195142,0.0,0.0,0.0,0.0,0.1,0.0,99.0,0.9
20170112195212,0.0,0.0,0.0,0.0,0.1,0.0,77.7,22.2
20170112195242,0.0,0.0,0.0,0.0,0.2,0.0,55.9,43.9
20170112195312,0.0,0.0,0.0,0.0,0.2,0.0,90.4,9.3
20170112195342,0.0,0.0,0.0,0.0,0.1,0.0,99.3,0.7
20170112195412,0.0,0.0,0.0,0.0,0.0,0.0,99.9,0.1
20170112195442,0.0,0.0,0.0,0.0,0.0,0.0,99.7,0.3
20170112195512,0.0,0.0,0.0,0.0,0.0,0.0,99.9,0.1
20170112195542,0.0,0.0,0.0,0.0,0.0,0.0,99.9,0.1
20170112195612,0.0,0.0,0.0,0.0,0.0,0.0,99.9,0.1
20170112195642,0.0,0.0,0.0,0.0,0.0,0.0,99.9,0.1
20170112195712,0.0,0.0,0.0,0.0,0.0,0.0,99.9,0.1
20170112195742,0.0,0.0,0.0,0.0,0.0,0.0,99.9,0.1
20170112195812,0.0,0.0,0.0,0.0,0.0,0.0,99.9,0.1
20170112195842,0.0,0.0,0.0,0.0,0.0,0.0,99.9,0.1
20170112195912,0.0,0.0,0.0,0.0,0.0,0.0,100.0,0.0
20170112195942,0.0,0.0,0.0,0.0,0.0,0.0,99.8,0.1
20170112200012,0.0,0.0,0.0,0.0,0.0,0.0,99.9,0.1
20170112200042,0.0,0.0,0.0,0.0,0.0,0.0,99.9,0.1
20170112200112,0.0,0.0,0.0,0.0,0.0,0.0,99.9,0.1
20170112200142,0.0,0.0,0.0,0.0,0.0,0.0,99.9,0.1
20170112200212,0.0,0.0,0.0,0.0,0.0,0.0,99.9,0.1
20170112200242,0.0,0.0,0.0,0.0,0.0,0.0,99.8,0.2
20170112200312,0.0,0.0,0.0,0.0,0.0,0.0,99.3,0.7
20170112200342,0.0,0.0,0.0,0.0,0.1,0.0,86.8,13.1
20170112200412,0.0,0.0,0.0,0.0,0.1,0.0,42.6,57.3
20170112200442,0.0,0.0,0.0,0.0,0.1,0.0,31.3,68.6
20170112200512,0.0,0.0,0.0,0.0,0.1,0.0,33.1,66.8
20170112200542,0.0,0.0,0.0,0.0,0.0,0.0,18.8,81.1
20170112200612,0.0,0.0,0.0,0.0,0.0,0.0,11.6,88.4
20170112200642,0.0,0.0,0.0,0.0,0.0,0.0,4.6,95.4
20170112200712,0.0,0.0,0.0,0.0,0.0,0.0,8.9,91.1
20170112200742,0.0,0.0,0.0,0.0,0.0,0.0,2.3,97.7
20170112200812,0.0,0.0,0.0,0.0,0.0,0.0,5.2,94.8
20170112200842,0.0,0.0,0.0,0.0,0.2,0.0,50.9,48.9
20170112200912,0.0,0.0,0.0,0.0,0.0,0.0,29.5,70.4
20170112200942,0.0,0.0,0.0,0.0,0.0,0.0,16.4,83.6
20170112201012,0.0,0.0,0.0,0.0,0.0,0.0,22.4,77.6
20170112201042,0.0,0.0,0.0,0.0,0.2,0.0,54.4,45.4
20170112201112,0.0,0.0,0.0,0.0,0.1,0.0,55.9,44.0
20170112201142,0.0,0.0,0.0,0.0,0.1,0.0,27.7,72.2
20170112201212,0.0,0.0,0.0,0.0,0.1,0.0,24.7,75.1
20170112201242,0.0,0.0,0.0,0.0,0.0,0.0,11.9,88.1
20170112201312,0.0,0.0,0.0,0.0,0.0,0.0,8.7,91.3
20170112201342,0.0,0.0,0.0,0.0,0.0,0.0,8.9,91.1
20170112201412,0.0,0.0,0.0,0.0,0.0,0.0,3.9,96.0
20170112201442,0.0,0.0,0.0,0.0,0.2,0.0,48.7,51.1
20170112201512,0.0,0.0,0.0,0.0,0.2,0.0,86.7,13.1
20170112201542,0.0,0.0,0.0,0.0,0.1,0.0,98.7,1.3
20170112201612,0.0,0.0,0.0,0.0,0.0,0.0,99.6,0.4
20170112201642,0.0,0.0,0.0,0.0,0.0,0.0,99.9,0.1
20170112201712,0.0,0.0,0.0,0.0,0.0,0.0,99.9,0.1
20170112201742,0.0,0.0,0.0,0.0,0.0,0.0,99.9,0.1
20170112201812,0.0,0.0,0.0,0.0,0.0,0.0,100.0,0.0
20170112201842,0.0,0.0,0.0,0.0,0.0,0.0,99.9,0.1
20170112201912,0.0,0.0,0.0,0.0,0.0,0.0,99.9,0.1
20170112201942,0.0,0.0,0.0,0.0,0.0,0.0,99.9,0.1
20170112202012,0.0,0.0,0.0,0.0,0.0,0.0,99.9,0.1
20170112202042,0.0,0.0,0.0,0.0,0.0,0.0,99.8,0.2
20170112202112,0.0,0.0,0.0,0.0,0.0,0.0,99.8,0.1
20170112202142,0.0,0.0,0.0,0.0,0.0,0.0,99.9,0.1
20170112202212,0.0,0.0,0.0,0.0,0.0,0.0,99.9,0.1
20170112202242,0.0,0.0,0.0,0.0,0.0,0.0,99.9,0.1
20170112202312,0.0,0.0,0.0,0.0,0.0,0.0,99.9,0.1
20170112202342,0.0,0.0,0.0,0.0,0.0,0.0,99.9,0.1
20170112202413,0.0,0.0,0.0,0.0,0.0,0.0,99.9,0.1
20170112202443,0.0,0.0,0.0,0.0,0.0,0.0,99.9,0.1
20170112202513,0.0,0.0,0.0,0.0,0.0,0.0,99.8,0.1
20170112202543,0.0,0.0,0.0,0.0,0.0,0.0,99.8,0.2
20170112202613,0.0,0.0,0.0,0.0,0.0,0.0,99.9,0.1
20170112202643,0.0,0.0,0.0,0.0,0.0,0.0,99.9,0.1
20170112202713,0.0,0.0,0.0,0.0,0.0,0.0,99.9,0.1
20170112202743,0.0,0.0,0.0,0.0,0.0,0.0,99.9,0.1
20170112202813,0.0,0.0,0.0,0.0,0.0,0.0,99.8,0.1
20170112202843,0.0,0.0,0.0,0.0,0.0,0.0,99.9,0.1
20170112202913,0.0,0.0,0.0,0.0,0.0,0.0,99.9,0.1
20170112202943,0.0,0.0,0.0,0.0,0.0,0.0,99.9,0.1
20170112203013,0.0,0.0,0.0,0.0,0.0,0.0,99.9,0.1
20170112203043,0.0,0.0,0.0,0.0,0.0,0.0,99.9,0.1
20170112203113,0.0,0.0,0.0,0.0,0.0,0.0,99.9,0.1
20170112203143,0.0,0.0,0.0,0.0,0.0,0.0,99.9,0.1
20170112203213,0.0,0.0,0.0,0.0,0.0,0.0,99.9,0.1
20170112203243,0.0,0.0,0.0,0.0,0.0,0.0,99.7,0.3
20170112203313,0.0,0.0,0.0,0.0,0.0,0.0,99.9,0.1
20170112203343,0.0,0.0,0.0,0.0,0.0,0.0,99.9,0.1
20170112203413,0.0,0.0,0.0,0.0,0.0,0.0,99.9,0.1
20170112203443,0.0,0.0,0.0,0.0,0.0,0.0,99.9,0.1
20170112203513,0.0,0.0,0.0,0.0,0.0,0.0,99.5,0.4
20170112203543,0.0,0.0,0.0,0.0,0.0,0.0,98.5,1.5
20170112203613,0.0,0.0,0.0,0.0,0.1,0.0,93.0,6.8
20170112203643,0.0,0.0,0.0,0.0,0.2,0.0,88.7,11.0
20170112203713,0.0,0.0,0.0,0.0,0.1,0.0,53.6,46.3
20170112203743,0.0,0.0,0.0,0.0,0.1,0.0,68.9,31.1
20170112203813,0.0,0.0,0.0,0.0,0.1,0.0,59.4,40.6
20170112203843,0.0,0.0,0.0,0.0,0.0,0.0,29.6,70.4
20170112203913,0.0,0.0,0.0,0.0,0.0,0.0,52.7,47.3
20170112203943,0.0,0.0,0.0,0.0,0.0,0.0,17.9,82.1
20170112204013,0.0,0.0,0.0,0.0,0.0,0.0,28.2,71.8
20170112204043,0.0,0.0,0.0,0.0,0.0,0.0,14.7,85.3
20170112204113,0.0,0.0,0.0,0.0,0.0,0.0,7.7,92.3
