UT,arc,discrete,diffuse,ac,ab,clear,cloudy,dd
20171214130900,0.0,0.0,0.0,0.0,0.0,0.0,0.0,100.0
20171214130930,0.0,0.0,0.0,0.0,0.0,0.0,0.0,100.0
20171214131000,0.0,0.0,0.0,0.0,0.0,0.0,0.0,100.0
20171214131030,0.0,0.0,0.0,0.0,0.0,0.0,0.0,100.0
20171214131100,0.0,0.0,0.0,0.0,0.0,0.0,0.0,100.0
20171214131130,0.0,0.0,0.0,0.0,0.0,0.0,0.0,100.0
20171214131200,0.0,0.0,0.0,0.0,0.0,0.0,0.0,100.0
20171214131230,0.0,0.0,0.0,0.0,0.0,0.0,0.0,100.0
20171214131300,0.0,0.0,0.0,0.0,0.0,0.0,0.0,100.0
20171214131330,0.0,0.0,0.0,0.0,0.0,0.0,0.0,100.0
20171214131400,0.0,0.0,0.0,0.0,0.0,0.0,0.0,100.0
20171214131430,0.0,0.0,0.0,0.0,0.0,0.0,0.0,100.0
20171214131500,0.0,0.0,0.0,0.0,0.0,0.0,0.0,100.0
20171214131530,0.0,0.0,0.0,0.0,0.0,0.0,0.0,100.0
20171214131600,0.0,0.0,0.0,0.0,0.0,0.0,0.0,100.0
20171214131630,0.0,0.0,0.0,0.0,0.0,0.0,0.0,100.0
20171214131700,0.0,0.0,0.0,0.0,0.0,0.0,0.0,100.0
20171214131730,0.0,0.0,0.0,0.0,0.0,0.0,0.0,100.0
20171214131800,0.0,0.0,0.0,0.0,0.0,0.0,0.0,100.0
20171214131830,0.0,0.0,0.0,0.0,0.0,0.0,0.0,100.0
20171214131900,0.0,0.0,0.0,0.0,0.0,0.0,0.0,100.0
20171214131931,0.0,0.0,0.0,0.0,0.0,0.0,0.0,100.0
20171214132001,0.0,0.0,0.0,0.0,0.0,0.0,0.0,100.0
20171214132031,0.0,0.0,0.0,0.0,0.0,0.0,0.0,100.0
20171214132101,0.0,0.0,0.0,0.0,0.0,0.0,0.0,100.0
20171214132131,0.0,0.0,0.0,0.0,0.0,0.0,0.0,100.0
20171214132201,0.0,0.0,0.0,0.0,0.0,0.0,0.0,100.0
20171214132231,0.0,0.0,0.0,0.0,0.0,0.0,0.0,100.0
20171214132301,0.0,0.0,0.0,0.0,0.0,0.0,0.0,100.0
20171214132331,0.0,0.0,0.0,0.0,0.0,0.0,0.0,100.0
20171214132401,0.0,0.0,0.0,0.0,0.0,0.0,0.0,100.0
20171214132431,0.0,0.0,0.0,0.0,0.0,0.0,0.0,100.0
20171214132501,0.0,0.0,0.0,0.0,0.0,0.0,0.0,100.0
20171214132531,0.0,0.0,0.0,0.0,0.0,0.0,0.0,100.0
20171214132601,0.0,0.0,0.0,0.0,0.0,0.0,0.0,100.0
20171214132631,0.0,0.0,0.0,0.0,0.0,0.0,0.0,100.0
20171214132701,0.0,0.0,0.0,0.0,0.0,0.0,0.0,100.0
20171214132731,0.0,0.0,0.0,0.0,0.0,0.0,0.0,100.0
20171214132801,0.0,0.0,0.0,0.0,0.0,0.0,0.0,100.0
20171214132831,0.0,0.0,0.0,0.0,0.0,0.0,0.0,100.0
20171214132901,0.0,0.0,0.0,0.0,0.0,0.0,0.0,100.0
20171214132931,0.0,0.0,0.0,0.0,0.0,0.0,0.0,100.0
20171214133001,0.0,0.0,0.0,0.0,0.0,0.0,0.0,100.0
20171214133031,0.0,0.0,0.0,0.0,0.0,0.0,0.0,100.0
20171214133101,0.0,0.0,0.0,0.0,0.0,0.0,0.0,100.0
20171214133131,0.0,0.0,0.0,0.0,0.0,0.0,0.0,100.0
20171214133201,0.0,0.0,0.0,0.0,0.0,0.0,0.0,100.0
20171214133231,0.0,0.0,0.0,0.0,0.0,0.0,0.0,100.0
20171214133301,0.0,0.0,0.0,0.0,0.0,0.0,0.0,100.0
20171214133331,0.0,0.0,0.0,0.0,0.0,0.0,0.0,100.0
20171214133401,0.0,0.0,0.0,0.0,0.0,0.0,0.0,100.0
20171214133431,0.0,0.0,0.0,0.0,0.0,0.0,0.0,100.0
20171214133501,0.0,0.0,0.0,0.0,0.0,0.0,0.0,100.0
20171214133531,0.0,0.0,0.0,0.0,0.0,0.0,0.0,100.0
20171214133601,0.0,0.0,0.0,0.0,0.0,0.0,0.0,100.0
20171214133631,0.0,0.0,0.0,0.0,0.0,0.0,0.0,100.0
20171214133701,0.0,0.0,0.0,0.0,0.0,0.0,0.0,100.0
20171214133731,0.0,0.0,0.0,0.0,0.0,0.0,0.0,100.0
20171214133801,0.0,0.0,0.0,0.0,0.0,0.0,0.0,100.0
20171214133831,0.0,0.0,0.0,0.0,0.0,0.0,0.0,100.0
20171214133901,0.0,0.0,0.0,0.0,0.0,0.0,0.0,100.0
20171214133931,0.0,0.0,0.0,0.0,0.0,0.0,0.0,100.0
20171214134001,0.0,0.0,0.0,0.0,0.0,0.0,0.0,100.0
20171214134031,0.0,0.0,0.0,0.0,0.0,0.0,0.0,100.0
20171214134101,0.0,0.0,0.0,0.0,0.0,0.0,0.0,100.0
20171214134131,0.0,0.0,0.0,0.0,0.0,0.0,0.0,100.0
20171214134201,0.0,0.0,0.0,0.0,0.0,0.0,0.0,100.0
20171214134231,0.0,0.0,0.0,0.0,0.0,0.0,0.0,100.0
20171214134301,0.0,0.0,0.0,0.0,0.0,0.0,0.0,100.0
20171214134331,0.0,0.0,0.0,0.0,0.0,0.0,0.0,100.0
20171214134401,0.0,0.0,0.0,0.0,0.0,0.0,0.0,100.0
20171214134431,0.0,0.0,0.0,0.0,0.0,0.0,0.0,100.0
20171214134501,0.0,0.0,0.0,0.0,0.0,0.0,0.0,100.0
20171214134531,0.0,0.0,0.0,0.0,0.0,0.0,0.0,100.0
20171214134601,0.0,0.0,0.0,0.0,0.0,0.0,0.0,100.0
20171214134631,0.0,0.0,0.0,0.0,0.0,0.0,0.0,100.0
20171214134701,0.0,0.0,0.0,0.0,0.0,0.0,0.0,100.0
20171214134731,0.0,0.0,0.0,0.0,0.0,0.0,0.0,100.0
20171214134801,0.0,0.0,0.0,0.0,0.0,0.0,0.0,100.0
20171214134831,0.0,0.0,0.0,0.0,0.0,0.0,0.0,100.0
20171214134901,0.0,0.0,0.0,0.0,0.0,0.0,0.0,100.0
20171214134931,0.0,0.0,0.0,0.0,0.0,0.0,0.0,100.0
20171214135001,0.0,0.0,0.0,0.0,0.0,0.0,0.0,100.0
20171214135031,0.0,0.0,0.0,0.0,0.0,0.0,0.0,100.0
20171214135101,0.0,0.0,0.0,0.0,0.0,0.0,0.0,100.0
20171214135131,0.0,0.0,0.0,0.0,0.0,0.0,0.0,100.0
20171214135201,0.0,0.0,0.0,0.0,0.0,0.0,0.0,100.0
20171214135231,0.0,0.0,0.0,0.0,0.0,0.0,0.0,100.0
20171214135301,0.0,0.0,0.0,0.0,0.0,0.0,0.0,100.0
20171214135331,0.0,0.0,0.0,0.0,0.0,0.0,0.0,100.0
20171214135402,0.0,0.0,0.0,0.0,0.0,0.0,0.0,100.0
20171214135432,0.0,0.0,0.0,0.0,0.0,0.0,0.0,100.0
20171214135502,0.0,0.0,0.0,0.0,0.0,0.0,0.0,100.0
20171214135532,0.0,0.0,0.0,0.0,0.0,0.0,0.0,100.0
20171214135602,0.0,0.0,0.0,0.0,0.0,0.0,0.0,100.0
20171214135632,0.0,0.0,0.0,0.0,0.0,0.0,0.0,100.0
20171214135702,0.0,0.0,0.0,0.0,0.0,0.0,0.0,100.0
20171214135732,0.0,0.0,0.0,0.0,0.0,0.0,0.0,100.0
20171214135802,0.0,0.0,0.0,0.0,0.0,0.0,0.0,100.0
20171214135832,0.0,0.0,0.0,0.0,0.0,0.0,0.0,100.0
20171214135902,0.0,0.0,0.0,0.0,0.0,0.0,0.0,100.0
20171214135932,0.0,0.0,0.0,0.0,0.0,0.0,0.0,100.0
20171214140002,0.0,0.0,0.0,0.0,0.0,0.0,0.0,100.0
20171214140032,0.0,0.0,0.0,0.0,0.0,0.0,0.0,100.0
20171214140102,0.0,0.0,0.0,0.0,0.0,0.0,0.0,100.0
20171214140132,0.0,0.0,0.0,0.0,0.0,0.0,0.0,100.0
20171214140202,0.0,0.0,0.0,0.0,0.0,0.0,0.0,100.0
20171214140232,0.0,0.0,0.0,0.0,0.0,0.0,0.0,100.0
20171214140302,0.0,0.0,0.0,0.0,0.0,0.0,0.0,100.0
20171214140332,0.0,0.0,0.0,0.0,0.0,0.0,0.0,100.0
20171214140402,0.0,0.0,0.0,0.0,0.0,0.0,0.0,100.0
20171214140432,0.0,0.0,0.0,0.0,0.0,0.0,0.0,100.0
20171214140502,0.0,0.0,0.0,0.0,0.0,0.0,0.0,100.0
20171214140532,0.0,0.0,0.0,0.0,0.0,0.0,0.0,100.0
20171214140602,0.0,0.0,0.0,0.0,0.0,0.0,0.0,100.0
20171214140632,0.0,0.0,0.0,0.0,0.0,0.0,0.0,100.0
20171214140702,0.0,0.0,0.0,0.0,0.0,0.0,0.0,100.0
20171214140732,0.0,0.0,0.0,0.0,0.0,0.0,0.0,100.0
20171214140802,0.0,0.0,0.0,0.0,0.0,0.0,0.0,100.0
20171214140832,0.0,0.0,0.0,0.0,0.0,0.0,0.0,100.0
20171214141032,0.0,0.0,0.0,0.0,0.0,0.0,0.0,100.0
20171214141102,0.0,0.0,0.0,0.0,0.0,0.0,0.0,100.0
20171214141132,0.0,0.0,0.0,0.0,0.0,0.0,0.0,100.0
20171214141202,0.0,0.0,0.0,0.0,0.0,0.0,0.0,100.0
20171214141232,0.0,0.0,0.0,0.0,0.0,0.0,0.0,100.0
20171214141302,0.0,0.0,0.0,0.0,0.0,0.0,0.0,100.0
20171214141332,0.0,0.0,0.0,0.0,0.0,0.0,0.0,100.0
20171214141402,0.0,0.0,0.0,0.0,0.0,0.0,0.0,100.0
20171214141432,0.0,0.0,0.0,0.0,0.0,0.0,0.0,100.0
20171214141502,0.0,0.0,0.0,0.0,0.0,0.0,0.0,100.0
20171214141532,0.0,0.0,0.0,0.0,0.0,0.0,0.0,100.0
20171214141602,0.0,0.0,0.0,0.0,0.0,0.0,0.0,100.0
20171214141632,0.0,0.0,0.0,0.0,0.0,0.0,0.0,100.0
20171214141702,0.0,0.0,0.0,0.0,0.0,0.0,0.0,100.0
20171214141732,0.0,0.0,0.0,0.0,0.0,0.0,0.0,100.0
20171214141802,0.0,0.0,0.0,0.0,0.0,0.0,0.0,100.0
20171214141832,0.0,0.0,0.0,0.0,0.0,0.0,0.0,100.0
20171214141902,0.0,0.0,0.0,0.0,0.0,0.0,0.0,100.0
20171214141932,0.0,0.0,0.0,0.0,0.0,0.0,0.0,100.0
20171214142002,0.0,0.0,0.0,0.0,0.0,0.0,0.0,100.0
20171214142033,0.0,0.0,0.0,0.0,0.0,0.0,0.0,100.0
20171214142103,0.0,0.0,0.0,0.0,0.0,0.0,0.0,100.0
20171214142133,0.0,0.0,0.0,0.0,0.0,0.0,0.0,100.0
20171214142203,0.0,0.0,0.0,0.0,0.0,0.0,0.0,100.0
20171214142233,0.0,0.0,0.0,0.0,0.0,0.0,0.0,100.0
20171214142303,0.0,0.0,0.0,0.0,0.0,0.0,0.0,100.0
20171214142333,0.0,0.0,0.0,0.0,0.0,0.0,0.0,100.0
20171214142403,0.0,0.0,0.0,0.0,0.0,0.0,0.0,100.0
20171214142433,0.0,0.0,0.0,0.0,0.0,0.0,0.0,100.0
20171214142503,0.0,0.0,0.0,0.0,0.0,0.0,0.0,100.0
20171214142533,0.0,0.0,0.0,0.0,0.0,0.0,0.0,100.0
20171214142603,0.0,0.0,0.0,0.0,0.0,0.0,0.0,100.0
20171214142633,0.0,0.0,0.0,0.0,0.0,0.0,0.0,100.0
20171214142703,0.0,0.0,0.0,0.0,0.0,0.0,0.0,99.9
20171214142733,0.0,0.0,0.0,0.0,0.0,0.0,0.0,100.0
20171214142803,0.0,0.0,0.0,0.0,0.0,0.0,0.0,100.0
20171214142833,0.0,0.0,0.0,0.0,0.0,0.0,0.0,100.0
20171214142903,0.0,0.0,0.0,0.0,0.0,0.0,0.0,100.0
20171214142933,0.0,0.0,0.0,0.0,0.0,0.0,0.0,100.0
20171214143003,0.0,0.0,0.0,0.0,0.0,0.0,0.0,100.0
20171214143033,0.0,0.0,0.0,0.0,0.0,0.0,0.0,100.0
20171214143103,0.0,0.0,0.0,0.0,0.0,0.0,0.0,100.0
20171214143133,0.0,0.0,0.0,0.0,0.0,0.0,0.0,100.0
20171214143203,0.0,0.0,0.0,0.0,0.0,0.0,0.0,100.0
20171214143233,0.0,0.0,0.0,0.0,0.0,0.0,0.0,100.0
20171214143303,0.0,0.0,0.0,0.0,0.0,0.0,0.0,100.0
20171214143333,0.0,0.0,0.0,0.0,0.0,0.0,0.1,99.9
20171214143403,0.0,0.0,0.0,0.0,0.0,0.0,0.0,100.0
20171214143433,0.0,0.0,0.0,0.0,0.0,0.0,0.3,99.7
20171214143503,0.0,0.0,0.0,0.0,0.0,0.0,0.1,99.9
20171214143533,0.0,0.0,0.0,0.0,0.0,0.0,0.5,99.5
20171214143603,0.0,0.0,0.0,0.1,0.0,0.0,1.4,98.6
20171214143633,0.0,0.0,0.0,0.1,0.0,0.0,12.6,87.3
20171214143703,0.0,0.0,0.0,0.0,0.0,0.0,1.5,98.5
20171214143733,0.0,0.0,0.0,0.1,0.0,0.0,2.2,97.8
20171214143803,0.0,0.0,0.0,0.1,0.0,0.0,27.9,72.0
20171214143833,0.0,0.0,0.0,0.1,0.0,0.0,11.0,88.9
20171214143903,0.0,0.0,0.0,0.0,0.0,0.0,12.5,87.4
20171214143933,0.0,0.0,0.0,0.0,0.0,0.0,25.5,74.5
20171214144003,0.0,0.0,0.0,0.1,0.0,0.0,10.7,89.2
20171214144033,0.0,0.0,0.0,0.0,0.0,0.0,21.4,78.5
20171214144103,0.0,0.0,0.0,0.0,0.0,0.0,10.9,89.1
20171214144133,0.0,0.0,0.0,0.2,0.0,0.0,15.8,84.0
20171214144203,0.0,0.0,0.0,0.1,0.0,0.0,4.4,95.5
20171214144233,0.0,0.0,0.0,0.1,0.0,0.0,2.0,97.9
20171214144303,0.0,0.0,0.0,0.2,0.0,0.0,19.7,80.1
20171214144333,0.0,0.0,0.0,0.2,0.0,0.0,4.3,95.6
20171214144403,0.0,0.0,0.0,0.2,0.0,0.0,4.4,95.4
20171214144433,0.0,0.0,0.0,0.7,0.0,0.0,22.5,76.7
20171214144503,0.0,0.0,0.0,0.7,0.0,0.0,19.7,79.5
20171214144533,0.0,0.0,0.0,0.1,0.0,0.0,47.6,52.2
20171214144603,0.0,0.0,0.0,0.3,0.1,0.0,24.1,75.5
20171214144633,0.0,0.0,0.0,0.1,0.0,0.0,38.9,61.0
20171214144703,0.0,0.0,0.0,0.2,0.0,0.0,35.7,64.1
20171214144733,0.0,0.0,0.0,0.1,0.0,0.0,79.2,20.7
20171214144803,0.0,0.0,0.0,0.1,0.0,0.0,85.3,14.6
20171214144833,0.0,0.0,0.0,0.3,0.0,0.0,48.6,51.1
20171214144903,0.0,0.0,0.0,0.1,0.0,0.0,49.0,50.9
20171214144933,0.0,0.0,0.0,0.0,0.0,0.0,6.7,93.3
20171214145003,0.0,0.0,0.0,0.0,0.0,0.0,11.3,88.7
20171214145033,0.0,0.0,0.0,0.0,0.0,0.0,23.5,76.5
20171214145103,0.0,0.0,0.0,0.0,0.0,0.0,6.1,93.9
20171214145133,0.0,0.0,0.0,0.0,0.0,0.0,1.8,98.2
20171214145203,0.0,0.0,0.0,0.0,0.0,0.0,23.6,76.4
20171214145233,0.0,0.0,0.0,0.0,0.0,0.0,19.7,80.3
20171214145303,0.0,0.0,0.0,0.0,0.0,0.0,15.0,84.9
20171214145333,0.0,0.0,0.0,0.4,0.0,0.0,24.0,75.7
20171214145403,0.0,0.0,0.0,0.2,0.0,0.0,38.7,61.1
20171214145434,0.0,0.0,0.0,0.1,0.0,0.0,74.9,25.0
20171214145504,0.0,0.0,0.0,0.1,0.0,0.0,37.0,62.9
20171214145534,0.0,0.0,0.0,0.1,0.0,0.0,79.1,20.8
20171214145604,0.0,0.0,0.0,0.5,0.0,0.0,46.8,52.7
20171214145634,0.0,0.0,0.0,0.1,0.0,0.0,41.3,58.6
20171214145704,0.0,0.0,0.0,0.2,0.0,0.0,66.0,33.7
20171214145734,0.0,0.0,0.0,0.1,0.0,0.0,34.2,65.8
20171214145804,0.0,0.0,0.0,0.0,0.0,0.0,55.9,44.1
20171214145834,0.0,0.0,0.0,0.1,0.0,0.0,31.7,68.2
20171214145904,0.0,0.0,0.0,0.1,0.0,0.0,64.3,35.6
20171214145934,0.0,0.0,0.0,0.1,0.0,0.0,69.1,30.8
20171214150004,0.0,0.0,0.0,0.1,0.0,0.0,89.3,10.6
20171214150034,0.0,0.0,0.0,0.2,0.0,0.0,77.7,22.1
20171214150104,0.0,0.0,0.0,0.2,0.0,0.0,51.3,48.5
20171214150134,0.0,0.0,0.0,0.2,0.0,0.0,43.2,56.5
20171214150204,0.0,0.0,0.0,0.3,0.0,0.0,56.7,43.0
20171214150234,0.0,0.0,0.0,0.1,0.0,0.0,74.0,26.0
20171214150304,0.0,0.0,0.0,0.1,0.0,0.0,93.7,6.3
20171214150334,0.0,0.0,0.0,0.0,0.0,0.0,88.9,11.1
20171214150404,0.0,0.0,0.0,0.3,0.0,0.0,74.5,25.2
20171214150434,0.0,0.0,0.0,0.1,0.0,0.0,79.2,20.7
20171214150504,0.0,0.0,0.0,0.1,0.0,0.0,88.9,11.0
20171214150534,0.0,0.0,0.0,0.7,0.0,0.0,72.3,27.0
20171214150604,0.0,0.0,0.0,0.3,0.0,0.0,84.4,15.2
20171214150634,0.0,0.0,0.0,0.4,0.0,0.0,86.3,13.3
20171214150704,0.0,0.0,0.0,0.5,0.0,0.0,79.9,19.6
20171214150734,0.0,0.0,0.0,0.1,0.0,0.0,85.1,14.9
20171214150804,0.0,0.0,0.0,0.1,0.0,0.0,88.4,11.5
20171214150834,0.0,0.0,0.0,0.2,0.0,0.0,80.9,18.9
20171214150904,0.0,0.0,0.0,0.4,0.0,0.0,76.3,23.2
20171214150934,0.0,0.0,0.0,0.5,0.0,0.0,92.5,7.0
20171214151004,0.0,0.0,0.0,0.1,0.0,0.0,94.4,5.4
20171214151034,0.0,0.0,0.0,0.0,0.0,0.0,98.9,1.0
20171214151104,0.0,0.0,0.0,0.2,0.0,0.0,92.4,7.4
20171214151134,0.0,0.0,0.0,0.5,0.0,0.0,85.3,14.2
20171214151204,0.0,0.0,0.0,0.1,0.0,0.0,91.4,8.4
20171214151234,0.0,0.0,0.0,0.1,0.0,0.0,90.8,9.1
20171214151304,0.0,0.0,0.0,0.1,0.0,0.0,96.0,3.9
20171214151334,0.0,0.0,0.0,0.0,0.0,0.0,92.0,7.9
20171214151404,0.0,0.0,0.0,0.1,0.0,0.0,98.5,1.4
20171214151434,0.0,0.0,0.0,0.1,0.0,0.0,93.6,6.3
20171214151504,0.0,0.0,0.0,1.0,0.0,0.0,72.2,26.8
20171214151534,0.0,0.0,0.0,0.1,0.0,0.0,98.3,1.6
20171214151604,0.0,0.0,0.0,0.0,0.0,0.0,88.3,11.7
20171214151634,0.0,0.0,0.0,0.4,0.0,0.0,90.9,8.7
20171214151704,0.0,0.0,0.0,0.3,0.0,0.0,87.6,12.2
20171214151734,0.0,0.0,0.0,0.4,0.0,0.0,90.4,9.2
20171214151804,0.0,0.0,0.0,0.3,0.0,0.0,96.0,3.8
20171214151834,0.0,0.0,0.0,0.1,0.0,0.0,98.7,1.2
20171214151904,0.0,0.0,0.0,0.0,0.0,0.0,99.2,0.7
20171214151934,0.0,0.0,0.0,0.0,0.0,0.0,99.1,0.9
20171214152004,0.0,0.0,0.0,0.0,0.0,0.0,99.2,0.8
20171214152034,0.0,0.0,0.0,0.1,0.0,0.0,99.8,0.2
20171214152104,0.0,0.0,0.0,0.1,0.0,0.0,99.9,0.1
20171214152134,0.0,0.0,0.0,0.0,0.0,0.0,99.8,0.2
20171214152204,0.0,0.0,0.0,0.1,0.0,0.0,99.6,0.3
20171214152234,0.0,0.0,0.0,0.1,0.0,0.0,97.3,2.6
20171214152304,0.0,0.0,0.0,0.1,0.0,0.0,97.7,2.2
20171214152334,0.0,0.0,0.0,0.0,0.0,0.0,97.1,2.8
20171214152404,0.0,0.0,0.0,0.4,0.0,0.0,83.8,15.9
20171214152434,0.0,0.0,0.0,0.1,0.0,0.0,93.1,6.7
20171214152504,0.0,0.0,0.0,0.1,0.0,0.0,80.8,19.1
20171214152534,0.0,0.0,0.0,0.1,0.0,0.0,83.3,16.6
20171214152604,0.0,0.0,0.0,1.0,0.0,0.0,63.2,35.7
20171214152634,0.0,0.0,0.0,0.2,0.0,0.0,65.2,34.6
20171214152704,0.0,0.0,0.0,0.8,0.0,0.0,93.9,5.2
20171214152734,0.0,0.0,0.0,0.1,0.0,0.0,94.9,5.0
20171214152804,0.0,0.0,0.0,0.0,0.0,0.0,98.8,1.2
20171214152834,0.0,0.0,0.0,0.0,0.0,0.0,98.4,1.6
20171214152904,0.0,0.0,0.0,0.0,0.0,0.0,96.0,4.0
20171214152935,0.0,0.0,0.0,0.0,0.0,0.0,87.4,12.6
20171214153005,0.0,0.0,0.0,0.0,0.0,0.0,98.5,1.5
20171214153035,0.0,0.0,0.0,0.0,0.0,0.0,99.4,0.5
20171214153105,0.0,0.0,0.0,0.0,0.0,0.0,92.1,7.8
20171214153135,0.0,0.0,0.0,0.0,0.0,0.0,91.7,8.3
20171214153205,0.0,0.0,0.0,0.0,0.0,0.0,91.7,8.3
20171214153235,0.0,0.0,0.0,0.1,0.0,0.0,94.3,5.6
20171214153305,0.0,0.0,0.0,0.0,0.0,0.0,99.4,0.6
20171214153335,0.0,0.0,0.0,0.0,0.0,0.0,98.2,1.8
20171214153405,0.0,0.0,0.0,0.1,0.0,0.0,98.4,1.5
20171214153435,0.0,0.0,0.0,0.2,0.0,0.0,93.9,5.9
20171214153505,0.0,0.0,0.0,0.0,0.0,0.0,99.5,0.5
20171214153535,0.0,0.0,0.0,0.1,0.0,0.0,94.6,5.3
20171214153605,0.0,0.0,0.0,0.0,0.0,0.0,96.2,3.8
20171214153635,0.0,0.0,0.0,0.0,0.0,0.0,98.4,1.6
20171214153705,0.0,0.0,0.0,0.2,0.0,0.0,81.2,18.6
20171214153735,0.0,0.0,0.0,0.1,0.0,0.0,65.7,34.1
20171214153805,0.0,0.0,0.0,0.0,0.0,0.0,82.6,17.4
20171214153835,0.0,0.0,0.0,0.0,0.0,0.0,98.2,1.8
20171214153905,0.0,0.0,0.0,0.0,0.0,0.0,96.0,3.9
20171214153935,0.0,0.0,0.0,0.0,0.0,0.0,99.6,0.4
20171214154005,0.0,0.0,0.0,0.0,0.0,0.0,99.3,0.6
20171214154035,0.0,0.0,0.0,0.2,0.0,0.0,97.9,2.0
20171214154105,0.0,0.0,0.0,0.0,0.0,0.0,99.3,0.6
20171214154135,0.0,0.0,0.0,0.0,0.0,0.0,99.5,0.5
20171214154205,0.0,0.0,0.0,0.0,0.0,0.0,99.3,0.7
20171214154235,0.0,0.0,0.0,0.0,0.0,0.0,99.0,1.0
20171214154305,0.0,0.0,0.0,0.0,0.0,0.0,98.9,1.0
20171214154335,0.0,0.0,0.0,0.1,0.0,0.0,96.2,3.8
20171214154405,0.0,0.0,0.0,0.0,0.0,0.0,98.0,2.0
20171214154435,0.0,0.0,0.0,0.0,0.0,0.0,97.5,2.5
20171214154505,0.0,0.0,0.0,0.0,0.0,0.0,98.9,1.1
20171214154535,0.0,0.0,0.0,0.0,0.0,0.0,99.6,0.4
20171214154605,0.0,0.0,0.0,0.0,0.0,0.0,99.8,0.2
20171214154635,0.0,0.0,0.0,0.0,0.0,0.0,99.6,0.4
20171214154705,0.0,0.0,0.0,0.0,0.0,0.0,99.9,0.1
20171214154735,0.0,0.0,0.0,0.0,0.0,0.0,98.9,1.0
20171214154805,0.0,0.0,0.0,0.1,0.0,0.0,99.1,0.8
20171214154835,0.0,0.0,0.0,0.1,0.0,0.0,99.1,0.9
20171214154905,0.0,0.0,0.0,0.1,0.0,0.0,99.7,0.3
20171214154935,0.0,0.0,0.0,0.1,0.0,0.0,99.8,0.2
20171214155005,0.0,0.0,0.0,0.0,0.0,0.0,99.9,0.1
20171214155035,0.0,0.0,0.0,0.0,0.0,0.0,99.9,0.1
20171214155105,0.0,0.0,0.0,0.0,0.0,0.0,99.4,0.5
20171214155135,0.0,0.0,0.0,0.0,0.0,0.0,99.8,0.2
20171214155205,0.0,0.0,0.0,0.0,0.0,0.0,99.8,0.2
20171214155235,0.0,0.0,0.0,0.1,0.0,0.0,99.6,0.3
20171214155305,0.0,0.0,0.0,0.1,0.0,0.0,98.6,1.3
20171214155335,0.0,0.0,0.0,0.0,0.0,0.0,99.0,0.9
20171214155405,0.0,0.0,0.0,0.1,0.0,0.0,99.3,0.7
20171214155435,0.0,0.0,0.0,0.2,0.0,0.0,98.6,1.3
20171214155505,0.0,0.0,0.0,0.0,0.0,0.0,99.2,0.8
20171214155535,0.0,0.0,0.0,0.1,0.0,0.0,96.6,3.3
20171214155605,0.0,0.0,0.0,0.5,0.0,0.0,95.9,3.6
20171214155636,0.0,0.0,0.0,0.1,0.0,0.0,85.3,14.5
20171214155706,0.0,0.0,0.0,0.1,0.0,0.0,98.4,1.6
20171214155736,0.0,0.0,0.0,0.1,0.0,0.0,98.1,1.8
20171214155806,0.0,0.0,0.0,0.2,0.0,0.0,98.5,1.3
20171214155836,0.0,0.0,0.0,0.0,0.0,0.0,99.3,0.7
20171214155906,0.0,0.0,0.0,0.0,0.0,0.0,99.7,0.2
20171214155936,0.0,0.0,0.0,0.0,0.0,0.0,99.7,0.3
20171214160006,0.0,0.0,0.0,0.1,0.0,0.0,98.9,1.0
20171214160036,0.0,0.0,0.0,0.0,0.0,0.0,99.5,0.5
20171214160106,0.0,0.0,0.0,0.2,0.0,0.0,97.0,2.8
20171214160136,0.0,0.0,0.0,0.1,0.0,0.0,99.3,0.7
20171214160206,0.0,0.0,0.0,0.0,0.0,0.0,99.3,0.7
20171214160236,0.0,0.0,0.0,0.1,0.0,0.0,99.0,1.0
20171214160306,0.0,0.0,0.0,0.1,0.0,0.0,98.0,1.8
20171214160336,0.0,0.0,0.0,0.0,0.0,0.0,99.7,0.2
20171214160406,0.0,0.0,0.0,0.0,0.0,0.0,99.8,0.2
20171214160436,0.0,0.0,0.0,0.0,0.0,0.0,100.0,0.0
20171214160506,0.0,0.0,0.0,0.0,0.0,0.0,99.7,0.3
20171214160536,0.0,0.0,0.0,0.1,0.0,0.0,99.1,0.8
20171214160606,0.0,0.0,0.0,0.0,0.0,0.0,99.8,0.2
20171214160636,0.0,0.0,0.0,0.0,0.0,0.0,99.8,0.2
20171214160706,0.0,0.0,0.0,0.0,0.0,0.0,99.7,0.3
20171214160736,0.0,0.0,0.0,0.0,0.0,0.0,99.9,0.1
20171214160806,0.0,0.0,0.0,0.1,0.0,0.0,98.4,1.5
20171214160836,0.0,0.0,0.0,0.1,0.0,0.0,99.4,0.5
20171214160906,0.0,0.0,0.0,0.0,0.0,0.0,99.5,0.4
20171214160936,0.0,0.0,0.0,0.0,0.0,0.0,98.8,1.2
20171214161006,0.0,0.0,0.0,0.0,0.0,0.0,99.0,1.0
20171214161036,0.0,0.0,0.0,0.0,0.0,0.0,95.8,4.2
20171214161106,0.0,0.0,0.0,0.1,0.0,0.0,95.7,4.2
20171214161136,0.0,0.0,0.0,0.1,0.0,0.0,79.9,20.0
20171214161206,0.0,0.0,0.0,0.0,0.0,0.0,84.5,15.5
20171214161236,0.0,0.0,0.0,0.1,0.0,0.0,86.5,13.5
20171214161306,0.0,0.0,0.0,0.0,0.0,0.0,93.3,6.6
20171214161336,0.0,0.0,0.0,0.0,0.0,0.0,94.8,5.1
20171214161406,0.0,0.0,0.0,0.2,0.0,0.0,73.2,26.7
20171214161436,0.0,0.0,0.0,0.2,0.0,0.0,91.9,7.9
20171214161506,0.0,0.0,0.0,0.3,0.0,0.0,85.9,13.8
20171214161536,0.0,0.0,0.0,0.0,0.0,0.0,72.0,28.0
20171214161606,0.0,0.0,0.0,0.0,0.0,0.0,88.1,11.9
20171214161636,0.0,0.0,0.0,0.0,0.0,0.0,67.9,32.1
20171214161706,0.0,0.0,0.0,0.0,0.0,0.0,21.1,78.8
20171214161736,0.0,0.0,0.0,0.0,0.0,0.0,82.4,17.6
20171214161806,0.0,0.0,0.0,0.0,0.0,0.0,74.1,25.9
20171214161836,0.0,0.0,0.0,0.0,0.0,0.0,72.2,27.8
20171214161906,0.0,0.0,0.0,0.0,0.0,0.0,66.5,33.5
20171214161936,0.0,0.0,0.0,0.1,0.0,0.0,60.5,39.4
20171214162006,0.0,0.0,0.0,0.1,0.0,0.0,82.5,17.5
20171214162036,0.0,0.0,0.0,0.0,0.0,0.0,87.1,12.9
20171214162106,0.0,0.0,0.0,0.0,0.0,0.0,35.2,64.7
20171214162136,0.0,0.0,0.0,0.0,0.0,0.0,28.3,71.6
20171214162206,0.0,0.0,0.0,0.0,0.0,0.0,63.7,36.3
20171214162236,0.0,0.0,0.0,0.0,0.0,0.0,67.6,32.3
20171214162306,0.0,0.0,0.0,0.0,0.0,0.0,83.4,16.6
20171214162336,0.0,0.0,0.0,0.0,0.0,0.0,86.9,13.1
20171214162406,0.0,0.0,0.0,0.1,0.0,0.0,72.6,27.3
20171214162436,0.0,0.0,0.0,0.0,0.0,0.0,92.0,8.0
20171214162506,0.0,0.0,0.0,0.0,0.0,0.0,96.3,3.7
20171214162536,0.0,0.0,0.0,0.0,0.0,0.0,92.2,7.7
20171214162606,0.0,0.0,0.0,0.0,0.0,0.0,86.5,13.5
20171214162636,0.0,0.0,0.0,0.0,0.0,0.0,99.6,0.4
20171214162706,0.0,0.0,0.0,0.0,0.0,0.0,99.8,0.2
20171214162736,0.0,0.0,0.0,0.0,0.0,0.0,98.0,2.0
20171214162806,0.0,0.0,0.0,0.0,0.0,0.0,98.6,1.4
20171214162836,0.0,0.0,0.0,0.0,0.0,0.0,98.9,1.0
20171214162906,0.0,0.0,0.0,0.0,0.0,0.0,99.7,0.3
20171214162936,0.0,0.0,0.0,0.0,0.0,0.0,99.9,0.1
20171214163006,0.0,0.0,0.0,0.0,0.0,0.0,97.1,2.9
20171214163036,0.0,0.0,0.0,0.0,0.0,0.0,94.4,5.6
20171214163107,0.0,0.0,0.0,0.1,0.0,0.0,89.1,10.8
20171214163137,0.0,0.0,0.0,0.0,0.0,0.0,90.6,9.4
20171214163207,0.0,0.0,0.0,0.0,0.0,0.0,98.4,1.6
20171214163237,0.0,0.0,0.0,0.0,0.0,0.0,94.1,5.8
20171214163307,0.0,0.0,0.0,0.0,0.0,0.0,98.4,1.6
20171214163337,0.0,0.0,0.0,0.0,0.0,0.0,97.4,2.6
20171214163407,0.0,0.0,0.0,0.0,0.0,0.0,62.2,37.8
20171214163437,0.0,0.0,0.0,0.0,0.0,0.0,91.6,8.4
20171214163507,0.0,0.0,0.0,0.0,0.0,0.0,91.2,8.8
20171214163537,0.0,0.0,0.0,0.0,0.0,0.0,99.4,0.6
20171214163607,0.0,0.0,0.0,0.0,0.0,0.0,95.2,4.8
20171214163637,0.0,0.0,0.0,0.0,0.0,0.0,99.7,0.3
20171214163707,0.0,0.0,0.0,0.0,0.0,0.0,98.1,1.9
20171214163737,0.0,0.0,0.0,0.0,0.0,0.0,98.7,1.3
20171214163807,0.0,0.0,0.0,0.1,0.0,0.0,98.6,1.3
20171214163837,0.0,0.0,0.0,0.1,0.0,0.0,98.7,1.2
20171214163907,0.0,0.0,0.0,0.1,0.0,0.0,96.6,3.3
20171214163937,0.0,0.0,0.0,0.1,0.0,0.0,99.2,0.7
20171214164007,0.0,0.0,0.0,0.1,0.0,0.0,95.6,4.2
20171214164037,0.0,0.0,0.0,0.2,0.0,0.0,99.0,0.7
20171214164107,0.0,0.0,0.0,0.1,0.0,0.0,99.2,0.7
20171214164137,0.0,0.0,0.0,0.0,0.0,0.0,99.5,0.5
20171214164207,0.0,0.0,0.0,0.0,0.0,0.0,99.3,0.7
20171214164237,0.0,0.0,0.0,0.0,0.0,0.0,99.0,1.0
20171214164307,0.0,0.0,0.0,0.0,0.0,0.0,97.7,2.3
20171214164337,0.0,0.0,0.0,0.0,0.0,0.0,98.3,1.6
20171214164407,0.0,0.0,0.0,0.0,0.0,0.0,58.8,41.2
20171214164437,0.0,0.0,0.0,0.5,0.0,0.0,87.2,12.3
20171214164507,0.0,0.0,0.0,0.1,0.0,0.0,90.0,9.9
20171214164537,0.0,0.0,0.0,0.0,0.0,0.0,97.4,2.6
20171214164607,0.0,0.0,0.0,0.0,0.0,0.0,93.1,6.9
20171214164637,0.0,0.0,0.0,0.0,0.0,0.0,97.0,3.0
20171214164707,0.0,0.0,0.0,0.0,0.0,0.0,93.2,6.8
20171214164737,0.0,0.0,0.0,0.1,0.0,0.0,97.2,2.7
20171214164807,0.0,0.0,0.0,0.1,0.0,0.0,93.0,6.9
20171214164837,0.0,0.0,0.0,0.0,0.0,0.0,98.4,1.6
20171214164907,0.0,0.0,0.0,0.0,0.0,0.0,99.1,0.9
20171214164937,0.0,0.0,0.0,0.0,0.0,0.0,98.1,1.8
20171214165007,0.0,0.0,0.0,0.0,0.0,0.0,97.6,2.4
20171214165037,0.0,0.0,0.0,0.0,0.0,0.0,72.9,27.0
20171214165107,0.0,0.0,0.0,0.0,0.0,0.0,91.6,8.4
20171214165137,0.0,0.0,0.0,0.0,0.0,0.0,98.6,1.4
20171214165207,0.0,0.0,0.0,0.0,0.0,0.0,99.1,0.9
20171214165237,0.0,0.0,0.0,0.0,0.0,0.0,83.8,16.2
20171214165307,0.0,0.0,0.0,0.0,0.0,0.0,94.6,5.4
20171214165337,0.0,0.0,0.0,0.0,0.0,0.0,99.4,0.6
20171214165407,0.0,0.0,0.0,0.0,0.0,0.0,99.9,0.1
20171214165437,0.0,0.0,0.0,0.0,0.0,0.0,99.2,0.8
20171214165507,0.0,0.0,0.0,0.1,0.0,0.0,99.4,0.5
20171214165537,0.0,0.0,0.0,0.1,0.0,0.0,90.5,9.5
20171214165607,0.0,0.0,0.0,0.0,0.0,0.0,99.8,0.1
20171214165637,0.0,0.0,0.0,0.0,0.0,0.0,99.5,0.4
20171214165707,0.0,0.0,0.0,0.0,0.0,0.0,99.9,0.1
20171214165737,0.0,0.0,0.0,0.1,0.0,0.0,99.4,0.5
20171214165807,0.0,0.0,0.0,0.0,0.0,0.0,99.9,0.1
20171214165837,0.0,0.0,0.0,0.1,0.0,0.0,94.1,5.8
20171214165907,0.0,0.0,0.0,0.0,0.0,0.0,99.0,1.0
20171214165937,0.0,0.0,0.0,0.0,0.0,0.0,99.7,0.3
20171214170007,0.0,0.0,0.0,0.0,0.0,0.0,97.3,2.7
20171214170037,0.0,0.0,0.0,0.0,0.0,0.0,50.3,49.6
20171214170107,0.0,0.0,0.0,0.0,0.0,0.0,88.3,11.6
20171214170137,0.0,0.0,0.0,0.0,0.0,0.0,84.8,15.2
20171214170207,0.0,0.0,0.0,0.0,0.0,0.0,96.8,3.2
20171214170237,0.0,0.0,0.0,0.0,0.0,0.0,98.8,1.2
20171214170307,0.0,0.0,0.0,0.0,0.0,0.0,99.7,0.3
20171214170337,0.0,0.0,0.0,0.0,0.0,0.0,99.4,0.6
20171214170407,0.0,0.0,0.0,0.0,0.0,0.0,99.5,0.5
20171214170437,0.0,0.0,0.0,0.4,0.0,0.0,98.9,0.8
20171214170508,0.0,0.0,0.0,0.0,0.0,0.0,99.3,0.7
20171214170538,0.0,0.0,0.0,0.1,0.0,0.0,99.6,0.3
20171214170608,0.0,0.0,0.0,0.3,0.0,0.0,99.5,0.2
20171214170638,0.0,0.0,0.0,0.1,0.0,0.0,99.6,0.3
20171214170708,0.0,0.0,0.0,0.3,0.0,0.0,99.6,0.1
20171214170738,0.0,0.0,0.0,1.0,0.0,0.0,98.6,0.4
20171214170808,0.0,0.0,0.0,0.5,0.0,0.0,99.4,0.1
20171214170838,0.0,0.0,0.0,0.5,0.0,0.0,99.4,0.1
20171214170908,0.0,0.0,0.0,3.2,0.0,0.0,96.6,0.2
20171214170938,0.0,0.0,0.0,0.9,0.0,0.0,98.8,0.3
20171214171008,0.0,0.0,0.0,0.5,0.0,0.0,99.2,0.3
20171214171038,0.0,0.0,0.0,0.0,0.0,0.0,99.6,0.3
20171214171108,0.0,0.0,0.0,0.0,0.0,0.0,100.0,0.0
20171214171138,0.0,0.0,0.0,0.0,0.0,0.0,100.0,0.0
20171214171208,0.0,0.0,0.0,0.0,0.0,0.0,100.0,0.0
20171214171238,0.0,0.0,0.0,0.0,0.0,0.0,100.0,0.0
20171214171308,0.0,0.0,0.0,0.0,0.0,0.0,100.0,0.0
20171214171338,0.0,0.0,0.0,0.0,0.0,0.0,100.0,0.0
20171214171408,0.0,0.0,0.0,0.3,0.0,0.0,99.6,0.0
20171214171438,0.0,0.0,0.0,0.3,0.0,0.1,99.6,0.0
20171214171508,0.0,0.0,0.0,0.4,0.0,0.0,99.6,0.0
20171214171538,0.0,0.0,0.0,1.5,0.0,0.0,98.4,0.0
20171214171608,0.0,0.0,0.0,1.1,0.0,0.0,98.9,0.0
20171214171638,0.0,0.0,0.0,6.7,0.0,0.0,93.3,0.0
20171214171708,0.0,0.0,0.0,1.5,0.0,0.0,98.0,0.5
20171214171738,0.0,0.0,0.0,0.9,0.0,0.0,99.0,0.1
20171214171808,0.0,0.0,0.0,0.2,0.0,0.0,99.8,0.0
20171214171838,0.0,0.0,0.0,0.0,0.0,0.0,99.9,0.0
20171214171908,0.0,0.0,0.0,0.0,0.0,0.0,100.0,0.0
20171214171938,0.0,0.0,0.0,0.0,0.0,0.0,100.0,0.0
20171214172008,0.0,0.0,0.0,0.0,0.0,0.0,99.9,0.1
20171214172038,0.0,0.0,0.0,0.0,0.0,0.0,100.0,0.0
20171214172108,0.0,0.0,0.0,0.0,0.0,0.0,100.0,0.0
20171214172138,0.0,0.0,0.0,0.0,0.0,0.0,100.0,0.0
20171214172208,0.0,0.0,0.0,0.0,0.0,0.0,99.9,0.0
20171214172238,0.0,0.0,0.0,0.0,0.0,0.0,100.0,0.0
20171214172308,0.0,0.0,0.0,0.0,0.0,0.0,100.0,0.0
20171214172338,0.0,0.0,0.0,0.0,0.0,0.0,100.0,0.0
20171214172408,0.0,0.0,0.0,0.2,0.0,0.0,99.8,0.0
20171214172438,0.0,0.0,0.0,0.0,0.0,0.0,100.0,0.0
20171214172508,0.0,0.0,0.0,0.0,0.0,0.0,99.9,0.0
20171214172538,0.0,0.0,0.0,0.0,0.0,0.0,100.0,0.0
20171214172608,0.0,0.0,0.0,0.0,0.0,0.0,99.9,0.0
20171214172638,0.0,0.0,0.0,0.0,0.0,0.0,99.5,0.5
20171214172708,0.0,0.0,0.0,0.0,0.0,0.0,99.8,0.1
20171214172738,0.0,0.0,0.0,0.0,0.0,0.0,99.9,0.1
20171214172808,0.0,0.0,0.0,0.0,0.0,0.0,99.6,0.4
20171214172838,0.0,0.0,0.0,0.1,0.0,0.0,99.3,0.5
20171214172908,0.4,0.0,0.0,0.0,0.0,1.6,95.9,2.0
20171214172938,0.6,0.0,0.0,0.2,0.0,1.3,96.5,1.4
20171214173008,0.1,0.0,0.0,0.6,0.0,2.9,94.7,1.7
20171214173038,1.9,0.0,0.0,5.2,0.1,2.6,88.5,1.7
20171214173108,1.4,0.0,0.0,1.5,0.0,2.5,92.4,2.1
20171214173138,4.5,0.0,0.0,0.7,0.0,6.4,86.2,2.2
20171214173208,8.0,0.0,0.0,7.1,0.0,2.6,80.6,1.7
20171214173239,1.6,0.0,0.0,0.5,0.0,2.0,95.7,0.2
20171214173309,0.6,0.0,0.0,0.1,0.0,1.2,98.1,0.1
20171214173339,0.3,0.0,0.0,0.0,0.0,0.2,99.3,0.2
20171214173409,0.4,0.0,0.0,0.4,0.0,0.2,98.9,0.1
20171214173439,0.0,0.0,0.0,0.1,0.0,0.0,99.6,0.2
20171214173509,0.0,0.0,0.0,0.0,0.0,0.0,99.9,0.1
20171214173539,0.0,0.0,0.0,0.0,0.0,0.0,100.0,0.0
20171214173609,0.0,0.0,0.0,0.0,0.0,0.0,99.9,0.0
20171214173639,0.0,0.0,0.0,0.0,0.0,0.0,100.0,0.0
20171214173709,0.0,0.0,0.0,0.0,0.0,0.0,100.0,0.0
20171214173739,0.0,0.0,0.0,0.0,0.0,0.0,100.0,0.0
20171214173809,0.0,0.0,0.0,0.0,0.0,0.0,99.9,0.1
20171214173839,0.0,0.0,0.0,0.0,0.0,0.0,100.0,0.0
20171214173909,0.0,0.0,0.0,0.0,0.0,0.0,100.0,0.0
20171214173939,0.0,0.0,0.0,0.0,0.0,0.0,100.0,0.0
20171214174009,0.0,0.0,0.0,0.0,0.0,0.0,99.9,0.1
20171214174039,0.0,0.0,0.0,0.0,0.0,0.0,100.0,0.0
20171214174109,0.0,0.0,0.0,0.0,0.0,0.0,100.0,0.0
20171214174139,0.0,0.0,0.0,0.0,0.0,0.0,100.0,0.0
20171214174209,0.0,0.0,0.0,0.0,0.0,0.0,99.9,0.1
20171214174239,0.0,0.0,0.0,0.0,0.0,0.0,99.9,0.1
20171214174309,0.0,0.0,0.0,0.0,0.0,0.0,100.0,0.0
20171214174339,0.0,0.0,0.0,0.0,0.0,0.0,100.0,0.0
20171214174409,0.0,0.0,0.0,0.0,0.0,0.0,100.0,0.0
20171214174439,0.0,0.0,0.0,0.0,0.0,0.0,100.0,0.0
20171214174509,0.0,0.0,0.0,0.1,0.0,0.0,99.9,0.0
20171214174539,0.0,0.0,0.0,0.0,0.0,0.0,100.0,0.0
20171214174609,0.0,0.0,0.0,0.1,0.0,0.0,99.9,0.0
20171214174639,0.0,0.0,0.0,0.0,0.0,0.0,100.0,0.0
20171214174709,0.0,0.0,0.0,0.0,0.0,0.0,100.0,0.0
20171214174739,0.0,0.0,0.0,0.0,0.0,0.0,100.0,0.0
20171214174809,0.0,0.0,0.0,0.0,0.0,0.0,99.9,0.1
20171214174839,0.0,0.0,0.0,0.0,0.0,0.0,100.0,0.0
20171214174909,0.0,0.0,0.0,0.0,0.0,0.0,100.0,0.0
20171214174939,0.0,0.0,0.0,0.0,0.0,0.0,100.0,0.0
20171214175009,0.0,0.0,0.0,0.0,0.0,0.0,99.9,0.0
20171214175039,0.0,0.0,0.0,0.0,0.0,0.0,99.9,0.1
20171214175109,0.0,0.0,0.0,0.0,0.0,0.0,99.9,0.1
20171214175139,0.0,0.0,0.0,0.0,0.0,0.0,99.6,0.3
20171214175209,0.0,0.0,0.0,0.0,0.0,0.0,99.9,0.1
20171214175239,0.0,0.0,0.0,0.0,0.0,0.0,99.8,0.2
20171214175309,0.0,0.0,0.0,0.0,0.0,0.0,99.7,0.3
20171214175339,0.0,0.0,0.0,0.0,0.0,0.0,99.7,0.3
20171214175409,0.0,0.0,0.0,0.0,0.0,0.0,99.1,0.9
20171214175439,0.0,0.0,0.0,0.0,0.0,0.0,98.5,1.5
20171214175509,0.0,0.0,0.0,0.0,0.0,0.0,99.4,0.6
20171214175539,0.0,0.0,0.0,0.0,0.0,0.0,95.9,4.1
20171214175609,0.0,0.0,0.0,0.0,0.0,0.0,92.7,7.2
20171214175639,0.0,0.0,0.0,0.0,0.0,0.0,98.5,1.5
20171214175709,0.0,0.0,0.0,0.0,0.0,0.0,98.1,1.9
20171214175739,0.0,0.0,0.0,0.0,0.0,0.0,98.7,1.3
20171214175809,0.0,0.0,0.0,0.0,0.0,0.0,99.8,0.2
20171214175839,0.0,0.0,0.0,0.0,0.0,0.0,100.0,0.0
20171214175909,0.0,0.0,0.0,0.0,0.0,0.0,100.0,0.0
20171214175939,0.0,0.0,0.0,0.0,0.0,0.0,98.9,1.0
20171214180009,0.0,0.0,0.0,0.0,0.0,0.0,79.1,20.9
20171214180039,0.0,0.0,0.0,0.0,0.0,0.0,35.8,64.1
20171214180109,0.0,0.0,0.0,0.1,0.0,0.0,72.1,27.8
20171214180139,0.0,0.0,0.0,0.0,0.0,0.0,95.1,4.9
20171214180209,0.0,0.0,0.0,0.0,0.0,0.0,44.3,55.7
20171214180239,0.0,0.0,0.0,0.0,0.0,0.0,93.7,6.3
20171214180309,0.0,0.0,0.0,0.0,0.0,0.0,91.1,8.9
20171214180339,0.0,0.0,0.0,0.0,0.0,0.0,69.1,30.9
20171214180409,0.0,0.0,0.0,0.0,0.0,0.0,98.2,1.8
20171214180439,0.0,0.0,0.0,0.0,0.0,0.0,95.5,4.5
20171214180509,0.0,0.0,0.0,0.0,0.0,0.0,80.7,19.2
20171214180539,0.0,0.0,0.0,0.0,0.0,0.0,96.7,3.2
20171214180609,0.0,0.0,0.0,0.1,0.0,0.0,90.5,9.5
20171214180640,0.0,0.0,0.0,0.0,0.0,0.0,65.6,34.4
20171214180710,0.0,0.0,0.0,0.1,0.0,0.0,28.9,71.0
20171214180740,0.0,0.0,0.0,0.3,0.0,0.0,73.6,26.0
20171214180810,0.0,0.0,0.0,0.0,0.0,0.0,69.6,30.4
20171214180840,0.0,0.0,0.0,0.0,0.0,0.0,82.0,17.9
20171214180910,0.0,0.0,0.0,0.0,0.0,0.0,95.9,4.1
20171214180940,0.0,0.0,0.0,0.0,0.0,0.0,95.1,4.9
20171214181010,0.0,0.0,0.0,0.0,0.0,0.0,74.1,25.8
20171214181040,0.0,0.0,0.0,0.0,0.0,0.0,84.3,15.7
20171214181110,0.0,0.0,0.0,0.0,0.0,0.0,69.0,31.0
20171214181140,0.0,0.0,0.0,0.0,0.0,0.0,70.7,29.3
20171214181210,0.0,0.0,0.0,0.0,0.0,0.0,83.3,16.7
20171214181240,0.0,0.0,0.0,0.0,0.0,0.0,78.3,21.6
20171214181310,0.0,0.0,0.0,0.0,0.0,0.0,93.0,7.0
20171214181340,0.0,0.0,0.0,0.0,0.0,0.0,80.4,19.5
20171214181410,0.0,0.0,0.0,0.0,0.0,0.0,90.6,9.4
20171214181440,0.0,0.0,0.0,0.0,0.0,0.0,95.7,4.3
20171214181510,0.0,0.0,0.0,0.0,0.0,0.0,90.0,10.0
20171214181540,0.0,0.0,0.0,0.0,0.0,0.0,82.9,17.1
20171214181610,0.0,0.0,0.0,0.0,0.0,0.0,79.6,20.4
20171214181640,0.0,0.0,0.0,0.1,0.0,0.0,88.3,11.6
20171214181710,0.0,0.0,0.0,0.0,0.0,0.0,81.8,18.1
20171214181740,0.0,0.0,0.0,0.1,0.0,0.0,52.4,47.6
20171214181810,0.0,0.0,0.0,0.0,0.0,0.0,83.0,17.0
20171214181840,0.0,0.0,0.0,0.0,0.0,0.0,96.7,3.3
20171214181910,0.0,0.0,0.0,0.0,0.0,0.0,81.6,18.4
20171214181940,0.0,0.0,0.0,0.0,0.0,0.0,41.9,58.1
20171214182010,0.0,0.0,0.0,0.1,0.0,0.0,81.4,18.6
20171214182040,0.0,0.0,0.0,0.0,0.0,0.0,88.1,11.9
20171214182110,0.0,0.0,0.0,0.0,0.0,0.0,92.6,7.3
20171214182140,0.0,0.0,0.0,0.1,0.0,0.0,82.1,17.9
20171214182210,0.0,0.0,0.0,0.0,0.0,0.0,64.8,35.1
20171214182240,0.0,0.0,0.0,0.1,0.0,0.0,38.1,61.8
20171214182310,0.0,0.0,0.0,0.1,0.0,0.0,53.5,46.5
20171214182340,0.0,0.0,0.0,0.0,0.0,0.0,46.4,53.6
20171214182410,0.0,0.0,0.0,0.0,0.0,0.0,90.0,10.0
20171214182440,0.0,0.0,0.0,0.0,0.0,0.0,67.2,32.8
20171214182510,0.0,0.0,0.0,0.0,0.0,0.0,78.7,21.3
20171214182540,0.0,0.0,0.0,0.0,0.0,0.0,91.5,8.5
20171214182610,0.0,0.0,0.0,0.0,0.0,0.0,96.9,3.1
20171214182640,0.0,0.0,0.0,0.0,0.0,0.0,93.9,6.1
20171214182710,0.0,0.0,0.0,0.0,0.0,0.0,82.1,17.9
20171214182740,0.0,0.0,0.0,0.0,0.0,0.0,94.8,5.2
20171214182810,0.0,0.0,0.0,0.0,0.0,0.0,82.7,17.3
20171214182840,0.0,0.0,0.0,0.0,0.0,0.0,86.9,13.1
20171214182910,0.0,0.0,0.0,0.0,0.0,0.0,52.6,47.4
20171214182940,0.0,0.0,0.0,0.0,0.0,0.0,51.1,48.9
20171214183010,0.0,0.0,0.0,0.1,0.0,0.0,90.3,9.5
20171214183040,0.0,0.0,0.0,0.0,0.0,0.0,97.3,2.7
20171214183110,0.0,0.0,0.0,0.0,0.0,0.0,98.0,2.0
20171214183140,0.0,0.0,0.0,0.0,0.0,0.0,99.3,0.7
20171214183210,0.0,0.0,0.0,0.0,0.0,0.0,99.6,0.4
20171214183240,0.0,0.0,0.0,0.0,0.0,0.0,98.2,1.8
20171214183310,0.0,0.0,0.0,0.0,0.0,0.0,97.4,2.6
20171214183340,0.0,0.0,0.0,0.0,0.0,0.0,97.7,2.2
20171214183410,0.0,0.0,0.0,0.0,0.0,0.0,99.7,0.3
20171214183440,0.0,0.0,0.0,0.0,0.0,0.0,99.5,0.5
20171214183510,0.0,0.0,0.0,0.0,0.0,0.0,99.6,0.4
20171214183540,0.0,0.0,0.0,0.0,0.0,0.0,99.4,0.6
20171214183610,0.0,0.0,0.0,0.0,0.0,0.0,99.8,0.2
20171214183640,0.0,0.0,0.0,0.0,0.0,0.0,99.5,0.5
20171214183710,0.0,0.0,0.0,0.0,0.0,0.0,99.9,0.1
20171214183740,0.0,0.0,0.0,0.0,0.0,0.0,99.9,0.1
20171214183810,0.0,0.0,0.0,0.0,0.0,0.0,100.0,0.0
20171214183840,0.0,0.0,0.0,0.0,0.0,0.0,100.0,0.0
20171214183910,0.0,0.0,0.0,0.0,0.0,0.0,100.0,0.0
20171214183940,0.0,0.0,0.0,0.0,0.0,0.0,99.9,0.1
20171214184010,0.0,0.0,0.0,0.0,0.0,0.0,99.9,0.1
20171214184041,0.0,0.0,0.0,0.0,0.0,0.0,99.8,0.2
20171214184111,0.0,0.0,0.0,0.0,0.0,0.0,99.8,0.2
20171214184141,0.0,0.0,0.0,0.0,0.0,0.0,99.8,0.2
20171214184211,0.0,0.0,0.0,0.0,0.0,0.0,99.8,0.2
20171214184241,0.0,0.0,0.0,0.0,0.0,0.0,99.5,0.5
20171214184311,0.0,0.0,0.0,0.0,0.0,0.0,99.7,0.3
20171214184341,0.0,0.0,0.0,0.0,0.0,0.0,98.8,1.2
20171214184411,0.0,0.0,0.0,0.0,0.0,0.0,100.0,0.0
20171214184441,0.0,0.0,0.0,0.0,0.0,0.0,100.0,0.0
20171214184511,0.0,0.0,0.0,0.0,0.0,0.0,100.0,0.0
20171214184541,0.0,0.0,0.0,0.0,0.0,0.0,100.0,0.0
20171214184611,0.0,0.0,0.0,0.0,0.0,0.0,100.0,0.0
20171214184641,0.0,0.0,0.0,0.0,0.0,0.0,100.0,0.0
20171214184711,0.0,0.0,0.0,0.0,0.0,0.0,100.0,0.0
20171214184741,0.0,0.0,0.0,0.0,0.0,0.0,99.9,0.1
20171214184811,0.0,0.0,0.0,0.0,0.0,0.0,99.8,0.1
20171214184841,0.0,0.0,0.0,0.0,0.0,0.0,99.7,0.3
20171214184911,0.0,0.0,0.0,0.0,0.0,0.0,100.0,0.0
20171214184941,0.0,0.0,0.0,0.0,0.0,0.0,99.8,0.2
20171214185011,0.0,0.0,0.0,0.0,0.0,0.0,99.8,0.2
20171214185041,0.0,0.0,0.0,0.0,0.0,0.0,94.0,6.0
20171214185111,0.0,0.0,0.0,0.0,0.0,0.0,79.6,20.3
20171214185141,0.0,0.0,0.0,0.1,0.0,0.0,82.1,17.9
20171214185211,0.0,0.0,0.0,0.0,0.0,0.0,98.0,2.0
20171214185241,0.0,0.0,0.0,0.0,0.0,0.0,95.1,4.8
20171214185311,0.0,0.0,0.0,0.0,0.0,0.0,85.0,15.0
20171214185341,0.0,0.0,0.0,0.0,0.0,0.0,94.2,5.8
20171214185411,0.0,0.0,0.0,0.0,0.0,0.0,95.2,4.7
20171214185441,0.0,0.0,0.0,0.0,0.0,0.0,99.2,0.8
20171214185511,0.0,0.0,0.0,0.0,0.0,0.0,99.4,0.6
20171214185541,0.0,0.0,0.0,0.0,0.0,0.0,99.8,0.2
20171214185611,0.0,0.0,0.0,0.0,0.0,0.0,99.3,0.7
20171214185641,0.0,0.0,0.0,0.0,0.0,0.0,98.4,1.6
20171214185711,0.0,0.0,0.0,0.0,0.0,0.0,99.8,0.2
20171214185741,0.0,0.0,0.0,0.0,0.0,0.0,97.2,2.8
20171214185811,0.0,0.0,0.0,0.0,0.0,0.0,98.3,1.7
20171214185841,0.0,0.0,0.0,0.0,0.0,0.0,99.0,1.0
20171214185911,0.0,0.0,0.0,0.0,0.0,0.0,96.3,3.7
20171214185941,0.0,0.0,0.0,0.0,0.0,0.0,98.3,1.7
20171214190011,0.0,0.0,0.0,0.0,0.0,0.0,96.1,3.9
20171214190041,0.0,0.0,0.0,0.0,0.0,0.0,99.2,0.8
20171214190111,0.0,0.0,0.0,0.0,0.0,0.0,93.5,6.5
20171214190141,0.0,0.0,0.0,0.0,0.0,0.0,97.4,2.6
20171214190211,0.0,0.0,0.0,0.0,0.0,0.0,86.6,13.4
20171214190241,0.0,0.0,0.0,0.0,0.0,0.0,98.7,1.3
20171214190311,0.0,0.0,0.0,0.0,0.0,0.0,96.2,3.8
20171214190341,0.0,0.0,0.0,0.0,0.0,0.0,98.1,1.9
20171214190411,0.0,0.0,0.0,0.0,0.0,0.0,98.8,1.2
20171214190441,0.0,0.0,0.0,0.0,0.0,0.0,98.4,1.6
20171214190511,0.0,0.0,0.0,0.0,0.0,0.0,92.1,7.9
20171214190541,0.0,0.0,0.0,0.0,0.0,0.0,93.5,6.5
20171214190611,0.0,0.0,0.0,0.0,0.0,0.0,98.6,1.4
20171214190641,0.0,0.0,0.0,0.0,0.0,0.0,97.2,2.8
20171214190711,0.0,0.0,0.0,0.0,0.0,0.0,99.6,0.4
20171214190741,0.0,0.0,0.0,0.0,0.0,0.0,99.6,0.4
20171214190811,0.0,0.0,0.0,0.0,0.0,0.0,99.6,0.4
20171214190841,0.0,0.0,0.0,0.0,0.0,0.0,99.4,0.6
20171214190911,0.0,0.0,0.0,0.0,0.0,0.0,98.7,1.3
20171214190941,0.0,0.0,0.0,0.0,0.0,0.0,99.1,0.9
20171214191011,0.0,0.0,0.0,0.0,0.0,0.0,98.5,1.5
20171214191041,0.0,0.0,0.0,0.0,0.0,0.0,100.0,0.0
20171214191111,0.0,0.0,0.0,0.0,0.0,0.0,99.7,0.3
20171214191141,0.0,0.0,0.0,0.0,0.0,0.0,99.8,0.2
20171214191211,0.0,0.0,0.0,0.0,0.0,0.0,99.8,0.2
20171214191241,0.0,0.0,0.0,0.0,0.0,0.0,99.7,0.3
20171214191311,0.0,0.0,0.0,0.0,0.0,0.0,99.7,0.3
20171214191341,0.0,0.0,0.0,0.0,0.0,0.0,99.7,0.3
20171214191411,0.0,0.0,0.0,0.0,0.0,0.0,99.5,0.5
20171214191441,0.0,0.0,0.0,0.0,0.0,0.0,98.9,1.1
20171214191512,0.0,0.0,0.0,0.0,0.0,0.0,99.4,0.5
20171214191542,0.0,0.0,0.0,0.0,0.0,0.0,98.4,1.6
20171214191612,0.0,0.0,0.0,0.2,0.0,0.0,93.5,6.4
20171214191642,0.0,0.0,0.0,0.3,0.0,0.0,99.5,0.3
20171214191712,0.0,0.0,0.0,1.0,0.0,0.0,97.7,1.3
20171214191742,0.0,0.0,0.0,2.5,0.0,0.0,96.9,0.5
20171214191812,0.0,0.0,0.0,10.8,0.0,0.0,87.1,2.0
20171214191842,0.0,0.0,0.0,11.3,0.0,0.0,81.2,7.4
20171214191912,0.1,0.0,0.0,20.9,0.0,0.0,69.6,9.4
20171214191942,0.0,0.0,0.0,10.3,0.0,0.0,86.2,3.3
20171214192012,0.1,0.3,0.0,15.8,0.0,0.0,82.4,1.4
20171214192042,0.0,0.0,0.0,1.5,0.0,0.0,97.4,1.1
20171214192112,0.0,0.0,0.0,0.3,0.0,0.0,99.3,0.4
20171214192142,0.0,0.0,0.0,0.1,0.0,0.0,99.8,0.1
20171214192212,0.0,0.0,0.0,1.8,0.0,0.0,96.7,1.5
20171214192242,0.0,0.0,0.0,16.8,0.0,0.0,82.6,0.5
20171214192312,0.0,0.0,0.0,19.5,0.0,0.0,80.3,0.1
20171214192342,0.0,0.0,0.0,3.6,0.0,0.0,96.4,0.1
20171214192412,0.1,0.0,0.0,2.5,0.0,0.0,97.4,0.1
20171214192442,0.0,0.0,0.0,0.1,0.0,0.0,99.8,0.0
20171214192512,0.0,0.0,0.0,0.2,0.0,0.0,99.7,0.0
20171214192542,0.0,0.0,0.0,0.1,0.0,0.0,99.8,0.0
20171214192612,0.0,0.0,0.0,0.0,0.0,0.0,99.9,0.0
20171214192642,0.0,0.0,0.0,0.6,0.0,0.0,99.3,0.0
20171214192712,0.0,0.0,0.0,0.4,0.0,0.0,99.5,0.0
20171214192742,0.0,0.0,0.0,0.1,0.0,0.0,99.9,0.1
20171214192812,0.0,0.0,0.0,0.0,0.0,0.0,99.9,0.1
20171214192842,0.0,0.0,0.0,0.3,0.0,0.0,99.1,0.7
20171214192912,0.0,0.0,0.0,2.2,0.0,0.0,96.7,1.1
20171214192942,0.0,0.0,0.0,7.1,0.0,0.0,90.8,2.1
20171214193012,0.0,0.0,0.0,5.7,0.0,0.0,94.0,0.2
20171214193042,0.0,0.0,0.0,1.0,0.0,0.0,98.9,0.0
20171214193112,0.0,0.0,0.0,7.9,0.0,0.0,91.4,0.7
20171214193142,0.1,0.0,0.0,14.3,0.0,0.0,85.4,0.2
20171214193212,0.1,0.0,0.0,23.7,0.0,0.0,75.6,0.6
20171214193242,0.1,0.0,0.0,15.5,0.0,0.0,83.9,0.5
20171214193312,0.7,0.0,0.0,32.0,0.0,0.0,66.6,0.8
20171214193342,15.4,0.0,0.0,61.4,0.0,0.0,23.0,0.1
20171214193412,4.0,0.0,0.0,10.0,0.0,0.0,85.9,0.0
20171214193442,16.5,0.2,0.0,73.1,0.0,0.0,10.1,0.1
20171214193512,1.1,0.1,0.0,19.5,0.0,0.0,79.1,0.2
20171214193542,1.6,0.9,0.0,55.3,0.1,0.0,41.7,0.5
20171214193612,0.8,0.2,0.0,82.2,0.0,0.0,15.2,1.5
20171214193642,2.1,0.8,0.0,45.6,0.0,0.0,47.2,4.2
20171214193712,0.1,0.1,0.0,8.1,0.0,0.0,85.4,6.2
20171214193742,0.2,0.4,0.0,7.9,0.1,0.0,82.5,9.0
20171214193812,0.1,0.0,0.0,6.9,0.0,0.0,91.4,1.5
20171214193842,0.0,0.0,0.0,4.4,0.0,0.0,93.1,2.3
20171214193912,0.0,0.0,0.0,1.7,0.0,0.0,97.1,1.1
20171214193942,0.0,0.0,0.0,0.7,0.0,0.0,99.2,0.1
20171214194012,0.0,0.0,0.0,0.3,0.0,0.0,99.5,0.1
20171214194042,0.0,0.0,0.0,0.6,0.0,0.0,99.3,0.1
20171214194112,0.0,0.0,0.0,1.3,0.0,0.0,98.6,0.1
20171214194142,0.0,0.0,0.0,2.4,0.0,0.0,97.4,0.2
20171214194213,0.0,0.0,0.0,2.3,0.0,0.0,97.6,0.1
20171214194243,0.0,0.0,0.0,0.1,0.0,0.0,99.9,0.0
20171214194313,0.0,0.0,0.0,0.1,0.0,0.0,99.9,0.0
20171214194343,0.0,0.0,0.0,0.8,0.0,0.0,99.0,0.2
20171214194413,0.0,0.0,0.0,0.1,0.0,0.0,99.8,0.1
20171214194443,0.0,0.0,0.0,0.2,0.0,0.0,99.7,0.1
20171214194513,0.0,0.0,0.0,0.3,0.0,0.0,99.5,0.2
20171214194543,0.0,0.0,0.0,0.8,0.0,0.0,98.5,0.7
20171214194613,0.0,0.0,0.0,0.3,0.0,0.0,99.7,0.0
20171214194643,0.0,0.0,0.0,2.0,0.0,0.0,97.7,0.2
20171214194713,0.0,0.0,0.0,1.0,0.0,0.0,98.4,0.5
20171214194743,0.0,0.0,0.0,0.1,0.0,0.0,99.5,0.3
20171214194813,0.0,0.0,0.0,0.3,0.0,0.0,99.6,0.1
20171214194843,0.0,0.0,0.0,1.4,0.0,0.0,96.9,1.7
20171214194913,0.0,0.0,0.0,0.0,0.0,0.0,99.2,0.7
20171214194943,0.0,0.0,0.0,0.1,0.0,0.0,98.8,1.1
20171214195013,0.0,0.0,0.0,0.1,0.0,0.0,99.4,0.5
20171214195043,0.0,0.0,0.0,2.1,0.0,0.0,85.2,12.6
20171214195113,0.0,0.0,0.0,1.2,0.0,0.0,96.9,1.9
20171214195143,0.2,0.0,0.0,6.8,0.0,0.0,77.3,15.6
20171214195213,0.0,0.0,0.0,1.2,0.0,0.0,93.1,5.7
20171214195243,0.0,0.0,0.0,10.1,0.0,0.0,89.6,0.2
20171214195313,0.0,0.0,0.0,1.7,0.0,0.0,98.2,0.1
20171214195343,0.0,0.0,0.0,1.1,0.0,0.0,98.9,0.1
20171214195413,0.0,0.0,0.0,3.3,0.0,0.0,96.6,0.1
20171214195443,0.0,0.0,0.0,0.4,0.0,0.0,99.5,0.0
20171214195513,0.0,0.0,0.0,0.5,0.0,0.0,98.9,0.6
20171214195543,0.0,0.0,0.0,0.3,0.0,0.0,99.3,0.5
20171214195613,0.0,0.0,0.0,0.2,0.0,0.0,99.7,0.0
20171214195643,0.0,0.0,0.0,0.2,0.0,0.0,99.6,0.3
20171214195713,0.0,0.0,0.0,0.1,0.0,0.0,99.8,0.1
20171214195743,0.0,0.0,0.0,0.0,0.0,0.0,99.8,0.1
20171214195813,0.0,0.0,0.0,0.1,0.0,0.0,99.5,0.4
20171214195843,0.0,0.0,0.0,0.0,0.0,0.0,99.9,0.1
20171214195913,0.0,0.0,0.0,0.0,0.0,0.0,100.0,0.0
20171214195943,0.0,0.0,0.0,0.0,0.0,0.0,99.9,0.1
20171214200013,0.0,0.0,0.0,0.6,0.0,0.0,98.3,1.1
20171214200043,0.0,0.0,0.0,0.5,0.0,0.0,98.2,1.3
20171214200113,0.0,0.0,0.0,8.7,0.0,0.0,89.9,1.4
20171214200143,0.0,0.0,0.0,2.0,0.0,0.0,97.8,0.2
20171214200213,0.0,0.0,0.0,0.1,0.0,0.0,99.8,0.1
