UT,arc,discrete,diffuse,ac,ab,clear,cloudy,dd
20131115141000,0.0,0.0,0.0,0.0,0.0,0.0,0.0,100.0
20131115141100,0.0,0.0,0.0,0.0,0.0,0.0,0.0,100.0
20131115141200,0.0,0.0,0.0,0.0,0.0,0.0,0.0,100.0
20131115141300,0.0,0.0,0.0,0.0,0.0,0.0,0.0,100.0
20131115141400,0.0,0.0,0.0,0.0,0.0,0.0,0.0,100.0
20131115141500,0.0,0.0,0.0,0.0,0.0,0.0,0.0,100.0
20131115141600,0.0,0.0,0.0,0.0,0.0,0.0,0.0,100.0
20131115141700,0.0,0.0,0.0,0.0,0.0,0.0,0.0,100.0
20131115141800,0.0,0.0,0.0,0.0,0.0,0.0,0.0,100.0
20131115141900,0.0,0.0,0.0,0.0,0.0,0.0,0.0,100.0
20131115142000,0.0,0.0,0.0,0.0,0.0,0.0,0.0,100.0
20131115142100,0.0,0.0,0.0,0.0,0.0,0.0,0.0,100.0
20131115142200,0.0,0.0,0.0,0.0,0.0,0.0,0.0,100.0
20131115142300,0.0,0.0,0.0,0.0,0.0,0.0,0.0,100.0
20131115142400,0.0,0.0,0.0,0.0,0.0,0.0,0.0,100.0
20131115142500,0.0,0.0,0.0,0.0,0.0,0.0,0.0,100.0
20131115142600,0.0,0.0,0.0,0.0,0.0,0.0,0.0,100.0
20131115142700,0.0,0.0,0.0,0.0,0.0,0.0,0.0,100.0
20131115142800,0.0,0.0,0.0,0.0,0.0,0.0,0.0,100.0
20131115142900,0.0,0.0,0.0,0.0,0.0,0.0,0.0,100.0
20131115143000,0.0,0.0,0.0,0.0,0.0,0.0,0.0,100.0
20131115143100,0.0,0.0,0.0,0.0,0.0,0.0,0.0,100.0
20131115143200,0.0,0.0,0.0,0.0,0.0,0.0,0.0,100.0
20131115143300,0.0,0.0,0.0,0.0,0.0,0.0,0.0,100.0
20131115143400,0.0,0.0,0.0,0.0,0.0,0.0,0.0,100.0
20131115143500,0.0,0.0,0.0,0.0,0.0,0.0,0.0,100.0
20131115143600,0.0,0.0,0.0,0.0,0.0,0.0,0.0,100.0
20131115143700,0.0,0.0,0.0,0.0,0.0,0.0,0.0,100.0
20131115143800,0.0,0.0,0.0,0.0,0.0,0.0,0.0,100.0
20131115143900,0.0,0.0,0.0,0.0,0.0,0.0,0.0,100.0
20131115144000,0.0,0.0,0.0,0.0,0.0,0.0,0.0,100.0
20131115144100,0.0,0.0,0.0,0.0,0.0,0.0,0.0,100.0
20131115144200,0.0,0.0,0.0,0.0,0.0,0.0,0.0,100.0
20131115144300,0.0,0.0,0.0,0.0,0.0,0.0,0.0,100.0
20131115144400,0.0,0.0,0.0,0.0,0.0,0.0,0.0,100.0
20131115144500,0.0,0.0,0.0,0.0,0.0,0.0,0.0,100.0
20131115144600,0.0,0.0,0.0,0.0,0.0,0.0,0.0,100.0
20131115144700,0.0,0.0,0.0,0.0,0.0,0.0,0.0,100.0
20131115144800,0.0,0.0,0.0,0.0,0.0,0.0,0.0,100.0
20131115144900,0.0,0.0,0.0,0.0,0.0,0.0,0.0,100.0
20131115145000,0.0,0.0,0.0,0.0,0.0,0.0,0.0,100.0
20131115145100,0.0,0.0,0.0,0.0,0.0,0.0,0.0,100.0
20131115145200,0.0,0.0,0.0,0.0,0.0,0.0,0.0,100.0
20131115145300,0.0,0.0,0.0,0.0,0.0,0.0,0.0,100.0
20131115145400,0.0,0.0,0.0,0.0,0.0,0.0,0.0,100.0
20131115145500,0.0,0.0,0.0,0.0,0.0,0.0,0.0,100.0
20131115145600,0.0,0.0,0.0,0.0,0.0,0.0,0.0,100.0
20131115145700,0.0,0.0,0.0,0.0,0.0,0.0,0.0,100.0
20131115145800,0.0,0.0,0.0,0.0,0.0,0.0,0.0,100.0
20131115145900,0.0,0.0,0.0,0.0,0.0,0.0,0.0,100.0
20131115150000,0.0,0.0,0.0,0.0,0.0,0.0,0.0,100.0
20131115150100,0.0,0.0,0.0,0.0,0.0,0.0,0.0,100.0
20131115150200,0.0,0.0,0.0,0.0,0.0,0.0,0.0,100.0
20131115150300,0.0,0.0,0.0,0.0,0.0,0.0,0.0,100.0
20131115150400,0.0,0.0,0.0,0.0,0.0,0.0,0.0,100.0
20131115150500,0.0,0.0,0.0,0.0,0.0,0.0,0.0,100.0
20131115150600,0.0,0.0,0.0,0.0,0.0,0.0,0.0,100.0
20131115150700,0.0,0.0,0.0,0.0,0.0,0.0,0.0,100.0
20131115150800,0.0,0.0,0.0,0.0,0.0,0.0,0.0,100.0
20131115150900,0.0,0.0,0.0,0.0,0.0,0.0,0.0,100.0
20131115151000,0.0,0.0,0.0,0.0,0.0,0.0,0.0,100.0
20131115151100,0.0,0.0,0.0,0.0,0.0,0.0,0.0,100.0
20131115151200,0.0,0.0,0.0,0.0,0.0,0.0,0.0,100.0
20131115151300,0.0,0.0,0.0,0.0,0.0,0.0,0.0,99.9
20131115151400,0.0,0.0,0.0,0.0,0.0,0.0,0.1,99.9
20131115151500,0.0,0.0,0.0,0.0,0.0,0.0,0.1,99.9
20131115151600,0.0,0.0,0.0,0.0,0.0,0.0,13.4,86.6
20131115151700,0.0,0.0,0.0,0.0,0.0,0.0,51.4,48.6
20131115151800,0.0,0.0,0.0,0.0,0.0,0.0,48.8,51.2
20131115151900,0.0,0.0,0.0,0.0,0.0,0.0,94.1,5.9
20131115152000,0.0,0.0,0.0,0.0,0.0,0.0,99.4,0.6
20131115152100,0.0,0.0,0.0,0.0,0.0,0.0,99.9,0.1
20131115152200,0.0,0.0,0.0,0.0,0.0,0.0,100.0,0.0
20131115152300,0.0,0.0,0.0,0.0,0.0,0.0,100.0,0.0
20131115152400,0.0,0.0,0.0,0.0,0.0,0.0,100.0,0.0
20131115152500,0.0,0.0,0.0,0.0,0.0,0.0,100.0,0.0
20131115152600,0.0,0.0,0.0,0.0,0.0,0.0,100.0,0.0
20131115152700,0.0,0.0,0.0,0.0,0.0,0.0,100.0,0.0
20131115152800,0.0,0.0,0.0,0.0,0.0,0.0,100.0,0.0
20131115152900,0.0,0.0,0.0,0.0,0.0,0.0,100.0,0.0
20131115153000,0.0,0.0,0.0,0.0,0.0,0.0,100.0,0.0
20131115153100,0.0,0.0,0.0,0.0,0.0,0.0,99.7,0.3
20131115153200,0.0,0.0,0.0,0.0,0.0,0.0,99.8,0.2
20131115153300,0.0,0.0,0.0,0.0,0.0,0.0,96.2,3.8
20131115153400,0.0,0.0,0.0,0.0,0.0,0.0,98.0,2.0
20131115153500,0.0,0.0,0.0,0.0,0.0,0.0,99.6,0.4
20131115153600,0.0,0.0,0.0,0.0,0.0,0.0,99.9,0.1
20131115153700,0.0,0.0,0.0,0.0,0.0,0.0,100.0,0.0
20131115153800,0.0,0.0,0.0,0.0,0.0,0.0,99.6,0.4
20131115153900,0.0,0.0,0.0,0.0,0.0,0.0,100.0,0.0
20131115154000,0.0,0.0,0.0,0.0,0.0,0.0,99.9,0.1
20131115154100,0.0,0.0,0.0,1.5,0.0,0.0,96.5,2.1
20131115154200,0.0,0.0,0.0,1.1,0.1,0.0,91.0,7.8
20131115154300,0.0,0.0,0.0,1.3,0.1,0.0,97.4,1.2
20131115154400,0.0,0.0,0.0,3.4,0.1,0.0,94.4,2.2
20131115154500,0.0,0.0,0.0,1.4,0.5,0.0,95.8,2.4
20131115154600,0.0,0.0,0.0,3.4,1.5,0.0,81.9,13.1
20131115154700,0.0,0.0,0.0,1.0,1.0,0.0,54.0,44.0
20131115154800,0.0,0.0,0.0,0.4,0.1,0.0,98.7,0.8
20131115154900,0.0,0.0,0.0,0.2,0.4,0.0,99.1,0.3
20131115155000,0.0,0.0,0.0,7.0,2.9,0.0,75.4,14.6
20131115155100,0.0,0.0,0.0,1.7,1.6,0.0,94.7,2.0
20131115155200,0.0,0.0,0.0,4.3,2.4,0.0,87.1,6.2
20131115155300,0.0,0.0,0.0,2.3,0.8,0.0,95.2,1.8
20131115155400,0.0,0.0,0.0,3.3,7.7,0.0,79.6,9.4
20131115155500,0.0,0.0,0.0,1.8,3.0,0.0,82.6,12.6
20131115155600,0.0,0.0,0.0,0.6,0.6,0.0,87.2,11.5
20131115155700,0.0,0.0,0.0,0.2,1.4,0.0,41.6,56.8
20131115155800,0.0,0.0,0.0,0.3,0.9,0.0,95.1,3.8
20131115155900,0.0,0.0,0.0,0.0,0.1,0.0,99.2,0.7
20131115160000,0.0,0.0,0.0,0.0,0.0,0.0,99.2,0.8
20131115160100,0.0,0.0,0.0,0.2,0.1,0.0,97.4,2.3
20131115160200,0.0,0.0,0.0,0.2,0.0,0.0,97.8,2.0
20131115160300,0.0,0.0,0.0,0.2,0.0,0.0,99.4,0.4
20131115160400,0.0,0.0,0.0,0.2,0.0,0.0,98.9,0.9
20131115160500,0.0,0.0,0.0,0.0,0.0,0.0,100.0,0.0
20131115160600,0.0,0.0,0.0,0.0,0.0,0.0,99.8,0.2
20131115160700,0.0,0.0,0.0,0.1,0.0,0.0,99.2,0.8
20131115160800,0.0,0.0,0.0,0.0,0.0,0.0,99.4,0.6
20131115160900,0.0,0.0,0.0,0.1,0.0,0.0,99.9,0.1
20131115161000,0.0,0.0,0.0,0.4,0.0,0.0,99.4,0.2
20131115161100,0.0,0.0,0.0,0.3,0.1,0.0,99.3,0.3
20131115161200,0.0,0.0,0.0,0.0,0.0,0.0,99.8,0.2
20131115161300,0.0,0.0,0.0,0.4,0.0,0.0,97.5,2.0
20131115161400,0.0,0.0,0.0,0.1,0.0,0.0,99.8,0.1
20131115161500,0.0,0.0,0.0,0.1,0.0,0.0,99.8,0.2
20131115161600,0.0,0.0,0.0,0.2,0.0,0.0,99.2,0.6
20131115161700,0.0,0.0,0.0,0.2,0.0,0.0,99.1,0.6
20131115161800,0.0,0.0,0.0,0.6,0.1,0.0,98.6,0.7
20131115161900,0.0,0.0,0.0,0.2,0.2,0.0,86.1,13.5
20131115162000,0.0,0.0,0.0,0.5,0.6,0.0,78.7,20.2
20131115162100,0.0,0.0,0.0,3.6,0.6,0.0,76.6,19.1
20131115162200,0.0,0.0,0.0,0.3,0.3,0.0,51.7,47.7
20131115162300,0.0,0.0,0.0,0.2,1.2,0.0,63.5,35.1
20131115162400,0.0,0.0,0.0,0.7,12.5,0.0,37.8,48.9
20131115162500,0.0,0.0,0.0,0.3,2.3,0.0,54.3,43.1
20131115162600,0.0,0.0,0.0,0.2,1.8,0.0,2.8,95.2
20131115162700,0.0,0.0,0.0,0.1,0.3,0.0,6.0,93.7
20131115162800,0.0,0.0,0.0,3.4,2.9,0.0,47.3,46.4
20131115162900,0.0,0.0,0.0,1.1,0.3,0.0,4.8,93.8
20131115163000,0.0,0.0,0.0,7.3,0.8,0.0,4.6,87.3
20131115163100,0.0,0.0,0.0,0.7,1.0,0.0,6.8,91.5
20131115163200,0.0,0.0,0.0,3.7,1.6,0.0,60.6,34.1
20131115163300,0.0,0.0,0.0,0.8,0.0,0.0,1.7,97.5
20131115163400,0.0,0.0,0.0,0.6,0.4,0.0,12.6,86.4
20131115163500,0.0,0.0,0.0,0.4,0.8,0.0,12.5,86.2
20131115163600,0.0,0.0,0.0,0.3,1.3,0.0,3.5,94.8
20131115163700,0.0,0.0,0.0,0.4,5.2,0.0,1.9,92.5
20131115163800,0.0,0.0,0.0,0.7,1.3,0.0,14.8,83.2
20131115163900,0.0,0.0,0.0,0.0,0.2,0.0,0.2,99.6
20131115164000,0.0,0.0,0.0,0.0,2.2,0.0,1.5,96.2
20131115164100,0.0,0.0,0.0,0.0,2.6,0.0,11.2,86.1
20131115164200,0.0,0.0,0.0,0.2,2.2,0.0,29.4,68.3
20131115164300,0.0,0.0,0.0,0.2,1.9,0.0,19.8,78.2
20131115164400,0.0,0.0,0.0,0.0,1.6,0.0,3.0,95.3
20131115164500,0.0,0.0,0.0,0.0,14.1,0.0,0.3,85.6
20131115164600,0.0,0.0,0.0,0.0,1.3,0.0,0.4,98.3
20131115164700,0.0,0.0,0.0,0.0,0.1,0.0,0.1,99.9
20131115164800,0.0,0.0,0.0,0.1,0.3,0.0,0.3,99.2
20131115164900,0.0,0.0,0.0,0.0,0.2,0.0,2.7,97.0
20131115165000,0.0,0.0,0.0,1.3,4.5,0.0,4.0,90.2
20131115165100,0.0,0.0,0.0,0.1,0.4,0.0,0.0,99.5
20131115165200,0.0,0.0,0.0,0.1,1.3,0.0,2.3,96.3
20131115165300,0.0,0.0,0.0,0.2,0.3,0.0,2.7,96.8
20131115165400,0.0,0.0,0.0,0.2,0.1,0.0,7.7,92.1
20131115165500,0.0,0.0,0.0,0.2,0.2,0.0,4.4,95.2
20131115165600,0.0,0.0,0.0,0.1,0.6,0.0,9.1,90.3
20131115165700,0.0,0.0,0.0,0.0,0.2,0.0,1.8,98.0
20131115165800,0.0,0.0,0.0,1.0,0.1,0.0,5.9,92.9
20131115165900,0.0,0.0,0.0,0.3,2.8,0.0,0.3,96.6
20131115170000,0.0,0.0,0.0,0.8,0.3,0.0,2.2,96.7
20131115170100,0.0,0.0,0.0,0.0,0.4,0.0,0.2,99.4
20131115170200,0.0,0.0,0.0,1.6,1.8,0.0,0.3,96.4
20131115170300,0.0,0.0,0.0,0.2,0.5,0.0,1.9,97.5
20131115170400,0.0,0.0,0.0,0.1,0.5,0.0,0.1,99.4
20131115170500,0.0,0.0,0.0,0.2,1.3,0.0,0.4,98.2
20131115170600,0.0,0.0,0.0,5.1,1.2,0.0,7.3,86.4
20131115170700,0.0,0.0,0.0,2.3,0.7,0.0,10.8,86.3
20131115170800,0.0,0.0,0.0,0.6,0.3,0.0,1.2,97.9
20131115170900,0.0,0.0,0.0,1.6,6.0,0.0,1.9,90.5
20131115171000,0.0,0.0,0.0,0.2,0.6,0.0,0.0,99.1
20131115171100,0.0,0.0,0.0,0.5,3.2,0.0,0.5,95.9
20131115171200,0.0,0.0,0.0,1.3,5.4,0.0,5.1,88.2
20131115171300,0.0,0.0,0.0,0.2,4.4,0.0,0.2,95.2
20131115171400,0.0,0.0,0.0,25.2,5.4,0.0,1.6,67.8
20131115171500,0.0,0.0,0.0,1.3,1.6,0.0,0.2,97.0
20131115171600,0.0,0.0,0.0,25.4,8.2,0.0,0.2,66.3
20131115171700,0.0,0.0,0.0,89.3,1.5,0.0,0.0,9.2
20131115171800,0.0,0.0,0.0,92.0,1.6,0.0,0.0,6.4
20131115171900,0.0,0.0,0.0,86.4,0.8,0.0,0.0,12.8
20131115172000,0.0,0.0,0.0,10.2,2.9,0.0,0.0,86.9
20131115172100,0.0,0.0,0.0,46.7,1.9,0.0,1.4,50.0
20131115172200,0.0,0.0,0.0,0.5,0.2,0.0,1.5,97.8
20131115172300,0.0,0.0,0.0,2.2,0.2,0.0,2.1,95.4
20131115172400,0.0,0.0,0.0,2.5,0.6,0.0,0.5,96.4
20131115172500,0.0,0.0,0.0,0.4,0.2,0.0,0.0,99.4
20131115172600,0.0,0.0,0.0,3.0,0.1,0.0,0.1,96.8
20131115172700,0.0,0.0,0.0,1.4,0.3,0.0,0.0,98.3
20131115172800,0.0,0.0,0.0,0.6,0.1,0.0,0.2,99.1
20131115172900,0.0,0.0,0.0,31.9,0.5,0.0,0.1,67.5
20131115173000,0.0,0.0,0.0,5.4,1.4,0.0,0.0,93.2
20131115173100,0.0,0.0,0.0,22.4,0.5,0.0,0.0,77.1
20131115173200,0.0,0.0,0.0,19.4,1.0,0.0,0.1,79.5
20131115173300,0.0,0.0,0.0,46.9,0.2,0.0,0.0,52.9
20131115173400,0.0,0.0,0.0,1.0,0.1,0.0,0.0,99.0
20131115173500,0.0,0.0,0.0,1.2,0.1,0.0,0.0,98.7
20131115173600,0.0,0.0,0.0,3.5,0.1,0.0,0.0,96.4
20131115173700,0.0,0.0,0.0,2.3,0.2,0.0,0.1,97.5
20131115173800,0.0,0.0,0.0,0.1,0.0,0.0,0.0,99.9
20131115173900,0.0,0.0,0.0,0.0,0.0,0.0,0.1,99.9
20131115174000,0.0,0.0,0.0,0.5,0.1,0.0,0.1,99.2
20131115174100,0.0,0.0,0.0,1.2,0.1,0.0,0.0,98.7
20131115174200,0.0,0.0,0.0,0.0,0.0,0.0,0.0,99.9
20131115174300,0.0,0.0,0.0,1.1,0.1,0.0,0.6,98.2
20131115174400,0.0,0.0,0.0,0.1,0.0,0.0,0.1,99.9
20131115174500,0.0,0.0,0.0,0.0,0.0,0.0,0.2,99.8
20131115174600,0.0,0.0,0.0,0.3,0.1,0.0,0.1,99.6
20131115174700,0.0,0.0,0.0,0.8,0.0,0.0,0.0,99.2
20131115174800,0.0,0.0,0.0,7.9,1.5,0.0,0.3,90.4
20131115174900,0.0,0.0,0.0,0.8,0.0,0.0,0.0,99.2
20131115175000,0.0,0.0,0.0,0.7,0.0,0.0,0.0,99.3
20131115175100,0.0,0.0,0.0,4.1,0.4,0.0,0.0,95.6
20131115175200,0.0,0.0,0.0,0.0,0.0,0.0,0.0,99.9
20131115175300,0.0,0.0,0.0,0.0,0.0,0.0,0.0,99.9
20131115175400,0.0,0.0,0.0,0.3,0.0,0.0,0.5,99.1
20131115175500,0.0,0.0,0.0,0.3,0.0,0.0,0.0,99.7
20131115175600,0.0,0.0,0.0,0.1,0.0,0.0,0.0,99.9
20131115175700,0.0,0.0,0.0,3.2,0.0,0.0,2.5,94.3
20131115175800,0.0,0.0,0.0,1.3,0.0,0.0,7.2,91.5
20131115175900,0.0,0.0,0.0,0.2,0.0,0.0,0.9,98.9
20131115180000,0.0,0.0,0.0,0.1,0.0,0.0,11.3,88.6
20131115180100,0.0,0.0,0.0,1.5,0.0,0.0,0.4,98.1
20131115180200,0.0,0.0,0.0,0.7,0.0,0.0,2.8,96.5
20131115180300,0.0,0.0,0.0,1.5,0.0,0.0,0.0,98.4
20131115180400,0.0,0.0,0.0,0.9,0.0,0.0,0.0,99.1
20131115180500,0.0,0.0,0.0,5.5,0.1,0.0,0.0,94.4
20131115180600,0.0,0.0,0.0,2.6,0.0,0.0,0.0,97.4
20131115180700,0.0,0.0,0.0,0.2,0.0,0.0,0.0,99.8
20131115180800,0.0,0.0,0.0,0.8,0.0,0.0,0.1,99.1
20131115180900,0.0,0.0,0.0,0.1,0.0,0.0,0.0,99.9
20131115181000,0.0,0.0,0.0,0.1,0.0,0.0,0.7,99.1
20131115181100,0.0,0.0,0.0,0.5,0.0,0.0,0.4,99.1
20131115181200,0.0,0.0,0.0,0.5,0.0,0.0,0.8,98.7
20131115181300,0.0,0.0,0.0,0.1,0.0,0.0,0.5,99.4
20131115181400,0.0,0.0,0.0,0.0,0.0,0.0,0.7,99.3
20131115181500,0.0,0.0,0.0,0.3,0.0,0.0,0.7,99.0
20131115181600,0.0,0.0,0.0,0.4,0.0,0.0,24.6,75.0
20131115181700,0.0,0.0,0.0,0.0,0.0,0.0,0.3,99.7
20131115181800,0.0,0.0,0.0,1.4,0.0,0.0,0.4,98.1
20131115181900,0.0,0.0,0.0,0.2,0.0,0.0,0.1,99.8
20131115182000,0.0,0.0,0.0,0.4,0.0,0.0,0.8,98.7
20131115182100,0.0,0.0,0.0,0.5,0.0,0.0,0.1,99.4
20131115182200,0.0,0.0,0.0,3.8,0.1,0.0,1.5,94.6
20131115182300,0.0,0.0,0.0,7.4,0.4,0.0,1.0,91.2
20131115182400,0.0,0.0,0.0,3.6,0.1,0.0,2.5,93.9
20131115182500,0.0,0.0,0.0,0.4,0.1,0.0,0.5,99.1
20131115182600,0.0,0.0,0.0,1.6,0.0,0.0,0.0,98.3
20131115182700,0.0,0.0,0.0,1.2,0.0,0.0,5.9,92.9
20131115182800,0.0,0.0,0.0,2.2,0.2,0.0,2.1,95.5
20131115182900,0.0,0.0,0.0,12.4,0.1,0.0,0.2,87.3
20131115183000,0.0,0.0,0.0,13.8,0.6,0.0,0.2,85.4
20131115183100,0.0,0.0,0.0,2.6,0.1,0.0,0.9,96.4
20131115183200,0.0,0.0,0.0,3.7,0.2,0.0,2.4,93.7
20131115183300,0.0,0.0,0.0,0.1,0.0,0.0,1.1,98.8
20131115183400,0.0,0.0,0.0,0.3,0.0,0.0,0.4,99.4
20131115183500,0.0,0.0,0.0,9.7,0.3,0.0,1.0,88.9
20131115183600,0.0,0.0,0.0,35.8,0.4,0.0,0.1,63.7
20131115183700,0.0,0.0,0.0,15.3,0.7,0.0,0.1,83.9
20131115183800,0.0,0.0,0.0,5.2,15.0,0.0,0.0,79.7
20131115183900,0.0,0.0,0.1,16.3,6.9,0.0,0.7,76.0
20131115184000,0.0,0.0,0.1,5.9,4.0,0.0,5.0,85.0
20131115184100,0.0,0.0,0.0,7.6,0.3,0.0,6.2,85.8
20131115184200,0.0,0.0,0.0,11.6,0.5,0.0,10.0,77.9
20131115184300,0.0,0.0,0.0,8.0,1.8,0.0,47.7,42.5
20131115184400,0.0,0.0,0.0,0.4,0.3,0.0,96.2,3.1
20131115184500,0.0,0.0,0.0,1.1,0.2,0.0,95.7,3.0
20131115184600,0.0,0.0,0.0,0.1,0.2,0.0,90.6,9.1
20131115184700,0.0,0.0,0.0,0.4,0.2,0.0,90.4,9.1
20131115184800,0.0,0.0,0.0,0.8,0.4,0.0,8.4,90.4
20131115184900,0.0,0.0,0.0,0.7,0.1,0.0,0.1,99.1
20131115185000,0.0,0.0,0.0,0.4,0.0,0.0,78.1,21.5
20131115185100,0.0,0.0,0.0,0.0,0.0,0.0,3.7,96.2
20131115185200,0.0,0.0,0.0,0.1,0.0,0.0,6.1,93.8
20131115185300,0.0,0.0,0.0,3.1,0.1,0.0,64.6,32.3
20131115185400,0.0,0.0,0.0,0.1,0.0,0.0,97.9,1.9
20131115185500,0.0,0.0,0.0,0.0,0.0,0.0,99.1,0.9
20131115185600,0.0,0.0,0.0,0.0,0.0,0.0,98.5,1.5
20131115185700,0.0,0.0,0.0,0.0,0.0,0.0,97.6,2.4
20131115185800,0.0,0.0,0.0,0.0,0.0,0.0,89.9,10.1
20131115185900,0.0,0.0,0.0,1.9,0.0,0.0,85.9,12.2
20131115190000,0.0,0.0,0.0,2.4,0.0,0.0,48.9,48.7
20131115190200,0.0,0.0,0.0,15.1,0.6,0.0,26.3,58.0
20131115190400,0.0,0.0,0.0,0.9,0.3,0.0,87.3,11.4
20131115190600,0.0,0.0,0.0,3.6,0.1,0.0,59.7,36.6
20131115190700,0.0,0.0,0.0,0.4,0.0,0.0,85.4,14.2
20131115190900,0.0,0.0,0.0,0.2,0.0,0.0,35.0,64.7
20131115191100,0.0,0.0,0.0,0.1,0.0,0.0,0.2,99.7
20131115191300,0.0,0.0,0.0,0.1,0.0,0.0,0.4,99.4
20131115191500,0.0,0.0,0.0,0.2,0.0,0.0,25.9,73.8
20131115191700,0.0,0.0,0.0,0.2,0.0,0.0,18.5,81.3
20131115191800,0.0,0.0,0.0,0.0,0.0,0.0,7.4,92.5
20131115192000,0.0,0.0,0.0,0.5,0.0,0.0,36.5,63.0
20131115192100,0.0,0.0,0.0,0.2,0.0,0.0,11.4,88.4
20131115192200,0.0,0.0,0.0,0.1,0.0,0.0,8.5,91.4
20131115192400,0.0,0.0,0.0,0.6,0.0,0.0,72.1,27.3
20131115192500,0.0,0.0,0.0,0.4,0.0,0.0,45.3,54.3
20131115192700,0.0,0.0,0.0,64.9,0.1,0.0,0.9,34.0
20131115192800,0.0,0.0,0.0,73.7,0.2,0.0,2.1,24.0
20131115193000,0.0,0.0,0.0,11.6,0.4,0.0,71.9,16.1
20131115193100,0.0,0.0,0.0,3.2,0.0,0.0,88.8,8.0
20131115193200,0.0,0.0,0.0,1.2,0.0,0.0,95.0,3.8
20131115193300,0.0,0.0,0.0,0.0,0.0,0.0,99.3,0.7
20131115193500,0.0,0.0,0.0,0.0,0.0,0.0,0.0,99.9
20131115193600,0.0,0.0,0.0,0.0,0.0,0.0,0.1,99.9
20131115193700,0.0,0.0,0.0,0.1,0.0,0.0,0.0,99.8
20131115193800,0.0,0.0,0.0,0.5,0.0,0.0,0.0,99.4
20131115193900,0.0,0.0,0.0,0.0,0.0,0.0,0.0,99.9
20131115194000,0.0,0.0,0.0,0.2,0.2,0.0,0.0,99.6
20131115194100,0.0,0.0,0.0,0.2,1.2,0.0,1.8,96.8
20131115194200,0.0,0.0,0.0,1.8,1.6,0.0,60.2,36.4
20131115194300,0.0,0.0,0.0,0.0,0.1,0.0,83.3,16.5
20131115194400,0.0,0.0,0.0,0.0,0.0,0.0,99.2,0.8
20131115194500,0.0,0.0,0.0,0.0,0.0,0.0,99.9,0.1
20131115194600,0.0,0.0,0.0,0.8,0.0,0.0,53.1,46.1
20131115194700,0.0,0.0,0.0,0.1,0.0,0.0,0.1,99.8
20131115194800,0.0,0.0,0.0,0.1,0.0,0.0,0.0,99.9
20131115194900,0.0,0.0,0.0,0.1,0.0,0.0,0.1,99.8
20131115195000,0.0,0.0,0.0,0.2,0.0,0.0,1.8,98.0
20131115195100,0.0,0.0,0.0,0.3,0.0,0.0,0.9,98.8
20131115195200,0.0,0.0,0.0,1.0,0.0,0.0,0.0,98.9
20131115195300,0.0,0.0,0.0,11.4,0.0,0.0,0.7,87.9
20131115195400,0.0,0.0,0.0,28.9,0.1,0.0,0.2,70.9
20131115195500,0.0,0.0,0.0,2.0,0.0,0.0,0.1,97.9
20131115195600,0.0,0.0,0.0,0.3,0.0,0.0,0.1,99.5
20131115195700,0.0,0.0,0.0,0.1,0.1,0.0,0.4,99.4
20131115195800,0.0,0.0,0.0,0.0,0.0,0.0,0.9,99.1
20131115195900,0.0,0.0,0.0,0.1,0.0,0.0,53.4,46.5
20131115200000,0.0,0.0,0.0,0.0,0.0,0.0,76.3,23.7
20131115200100,0.0,0.0,0.0,0.3,0.0,0.0,14.1,85.6
20131115200200,0.0,0.0,0.0,0.2,0.0,0.0,27.8,72.0
20131115200300,0.0,0.0,0.0,0.1,0.0,0.0,0.9,99.0
20131115200400,0.0,0.0,0.0,0.4,0.1,0.0,0.2,99.3
20131115200500,0.0,0.0,0.0,0.1,0.0,0.0,0.0,99.9
20131115200600,0.0,0.0,0.0,0.2,0.0,0.0,0.4,99.4
20131115200700,0.0,0.0,0.0,0.5,0.0,0.0,5.1,94.3
20131115200800,0.0,0.0,0.0,0.8,0.0,0.0,4.9,94.4
20131115200900,0.0,0.0,0.0,0.1,0.1,0.0,2.4,97.4
20131115201000,0.0,0.0,0.0,0.2,0.0,0.0,3.6,96.1
20131115201100,0.0,0.0,0.0,1.0,0.0,0.0,6.2,92.8
20131115201200,0.0,0.0,0.0,0.1,0.0,0.0,0.2,99.7
20131115201300,0.0,0.0,0.0,0.3,0.0,0.0,0.1,99.6
20131115201400,0.0,0.0,0.0,0.0,0.0,0.0,0.0,99.9
20131115201500,0.0,0.0,0.0,0.0,0.0,0.0,0.8,99.2
20131115201600,0.0,0.0,0.0,0.2,0.1,0.0,65.2,34.5
20131115201700,0.0,0.0,0.0,0.0,0.1,0.0,9.1,90.8
20131115201800,0.0,0.0,0.0,0.1,0.0,0.0,68.0,31.8
20131115201900,0.0,0.0,0.0,0.0,0.0,0.0,98.8,1.2
20131115202000,0.0,0.0,0.0,0.0,0.0,0.0,99.4,0.6
20131115202100,0.0,0.0,0.0,0.0,0.0,0.0,100.0,0.0
20131115202200,0.0,0.0,0.0,0.0,0.0,0.0,98.8,1.1
20131115202300,0.0,0.0,0.0,0.0,0.0,0.0,94.4,5.5
20131115202400,0.0,0.0,0.0,0.1,0.1,0.0,96.4,3.4
20131115202500,0.0,0.0,0.0,0.1,0.1,0.0,91.4,8.5
20131115202600,0.0,0.0,0.0,0.3,0.0,0.0,77.7,22.0
20131115202700,0.0,0.0,0.0,0.0,0.0,0.0,96.5,3.5
20131115202800,0.0,0.0,0.0,0.1,0.1,0.0,75.8,24.0
20131115202900,0.0,0.0,0.0,9.5,0.4,0.0,54.4,35.6
20131115203000,0.0,0.0,0.0,0.1,0.3,0.0,91.1,8.5
20131115203100,0.0,0.0,0.0,0.1,0.1,0.0,96.9,2.9
20131115203200,0.0,0.0,0.0,0.5,0.0,0.0,96.7,2.7
20131115203300,0.0,0.0,0.0,0.2,0.0,0.0,99.8,0.1
20131115203400,0.0,0.0,0.0,0.7,0.0,0.0,93.9,5.4
20131115203500,0.0,0.0,0.0,0.0,0.0,0.0,100.0,0.0
20131115203600,0.0,0.0,0.0,0.0,0.0,0.0,100.0,0.0
20131115203700,0.0,0.0,0.0,0.0,0.0,0.0,100.0,0.0
20131115203800,0.0,0.0,0.0,0.0,0.0,0.0,100.0,0.0
20131115203900,0.0,0.0,0.0,0.0,0.0,0.0,100.0,0.0
20131115204000,0.0,0.0,0.0,0.3,0.0,0.0,99.7,0.0
20131115204100,0.0,0.0,0.0,0.0,0.0,0.0,100.0,0.0
20131115204200,0.0,0.0,0.0,0.0,0.0,0.0,100.0,0.0
20131115204300,0.0,0.0,0.0,0.0,0.0,0.0,100.0,0.0
20131115204400,0.0,0.0,0.0,0.0,0.0,0.0,100.0,0.0
20131115204500,0.0,0.0,0.0,0.0,0.0,0.0,100.0,0.0
20131115204600,0.0,0.0,0.0,0.0,0.0,0.0,100.0,0.0
20131115204700,0.0,0.0,0.0,0.0,0.0,0.0,100.0,0.0
20131115204800,0.0,0.0,0.0,0.1,0.0,0.0,44.2,55.7
20131115204900,0.0,0.0,0.0,0.0,0.0,0.0,88.5,11.5
20131115205000,0.0,0.0,0.0,0.0,0.0,0.0,76.1,23.9
20131115205100,0.0,0.0,0.0,0.0,0.0,0.0,16.3,83.7
20131115205200,0.0,0.0,0.0,0.0,0.0,0.0,24.1,75.9
20131115205300,0.0,0.0,0.0,0.1,0.0,0.0,19.2,80.7
20131115205400,0.0,0.0,0.0,0.0,0.0,0.0,13.7,86.3
20131115205500,0.0,0.0,0.0,0.0,0.0,0.0,39.0,60.9
20131115205600,0.0,0.0,0.0,0.0,0.1,0.0,20.5,79.4
20131115205700,0.0,0.0,0.0,0.0,0.6,0.0,20.2,79.2
20131115205800,0.0,0.0,0.0,0.0,1.8,0.0,9.1,89.0
20131115205900,0.0,0.0,0.0,0.1,0.2,0.0,70.3,29.4
20131115210000,0.0,0.0,0.0,0.3,1.9,0.0,43.3,54.4
20131115210100,0.0,0.0,0.0,17.6,0.4,0.0,54.1,27.9
20131115210200,0.0,0.0,0.0,11.5,2.0,0.0,30.6,55.9
20131115210300,0.0,0.0,0.0,6.4,0.1,0.0,76.7,16.8
20131115210400,0.0,0.0,0.0,23.1,4.1,0.0,58.9,14.0
20131115210500,0.0,0.0,0.0,57.5,4.8,0.0,32.2,5.4
20131115210600,0.0,0.0,0.0,0.0,0.0,0.0,99.8,0.1
20131115210700,0.0,0.0,0.0,0.0,0.0,0.0,100.0,0.0
20131115210800,0.0,0.0,0.0,0.0,0.0,0.0,100.0,0.0
20131115210900,0.0,0.0,0.0,0.0,0.0,0.0,100.0,0.0
20131115211000,0.0,0.0,0.0,0.0,0.0,0.0,100.0,0.0
20131115211100,0.0,0.0,0.0,0.0,0.0,0.0,100.0,0.0
20131115211200,0.0,0.0,0.0,0.0,0.0,0.0,100.0,0.0
20131115211300,0.0,0.0,0.0,0.0,0.0,0.0,100.0,0.0
20131115211400,0.0,0.0,0.0,0.0,0.0,0.0,100.0,0.0
20131115211500,0.0,0.0,0.0,0.0,0.0,0.0,100.0,0.0
20131115211600,0.0,0.0,0.0,0.0,0.0,0.0,100.0,0.0
20131115211700,0.0,0.0,0.0,0.0,0.0,0.0,96.2,3.8
20131115211800,0.0,0.0,0.0,0.0,0.0,0.0,81.3,18.7
20131115211900,0.0,0.0,0.0,0.0,0.0,0.0,96.3,3.7
20131115212000,0.0,0.0,0.0,0.0,0.0,0.0,99.0,1.0
20131115212100,0.0,0.0,0.0,0.0,0.0,0.0,88.9,11.0
20131115212200,0.0,0.0,0.0,0.0,0.0,0.0,95.5,4.4
20131115212300,0.0,0.0,0.0,0.0,0.0,0.0,93.6,6.4
20131115212400,0.0,0.0,0.0,0.0,0.0,0.0,58.9,41.1
20131115212500,0.0,0.0,0.0,0.0,0.0,0.0,99.8,0.2
20131115212600,0.0,0.0,0.0,0.0,0.0,0.0,95.3,4.7
20131115212700,0.0,0.0,0.0,0.0,0.0,0.0,99.3,0.6
20131115212800,0.0,0.0,0.0,0.0,0.0,0.0,99.5,0.5
20131115212900,0.0,0.0,0.0,0.0,0.0,0.0,84.5,15.5
20131115213000,0.0,0.0,0.0,0.0,0.0,0.0,97.4,2.6
20131115213100,0.0,0.0,0.0,0.0,0.0,0.0,99.5,0.5
20131115213200,0.0,0.0,0.0,0.0,0.0,0.0,99.3,0.6
20131115213300,0.0,0.1,0.0,1.4,0.7,0.0,84.1,13.6
20131115213400,0.0,0.0,0.0,0.3,0.7,0.0,78.9,20.2
20131115213500,0.0,0.0,0.0,0.4,0.2,0.0,89.9,9.5
20131115213600,0.0,0.0,0.0,0.1,0.1,0.0,89.7,10.1
20131115213700,0.0,0.0,0.0,0.0,0.0,0.0,98.9,1.0
20131115213800,0.0,0.0,0.0,0.0,0.0,0.0,95.2,4.7
20131115213900,0.0,0.0,0.0,0.0,0.0,0.0,96.9,3.1
20131115214000,0.0,0.0,0.0,0.1,0.4,0.0,59.9,39.5
20131115214100,0.0,0.0,0.0,0.0,0.1,0.0,99.9,0.1
20131115214200,0.0,0.0,0.0,0.0,0.0,0.0,99.7,0.3
20131115214300,0.0,0.0,0.0,0.0,0.0,0.0,100.0,0.0
20131115214400,0.0,0.0,0.0,0.0,0.0,0.0,99.5,0.5
20131115214500,0.0,0.0,0.0,0.0,0.0,0.0,99.3,0.6
20131115214600,0.0,0.0,0.0,0.0,0.0,0.0,100.0,0.0
20131115214700,0.0,0.0,0.0,0.0,0.0,0.0,99.9,0.1
20131115214800,0.0,0.0,0.0,0.0,0.0,0.0,100.0,0.0
20131115214900,0.0,0.0,0.0,0.0,0.0,0.0,100.0,0.0
20131115215000,0.0,0.0,0.0,0.0,0.0,0.0,100.0,0.0
20131115215100,0.0,0.0,0.0,0.0,0.0,0.0,100.0,0.0
20131115215200,0.0,0.0,0.0,0.0,0.0,0.0,100.0,0.0
20131115215300,0.0,0.0,0.0,0.0,0.0,0.0,100.0,0.0
20131115215400,0.0,0.0,0.0,0.0,0.0,0.0,100.0,0.0
20131115215500,0.0,0.0,0.0,0.0,0.0,0.0,100.0,0.0
20131115215600,0.0,0.0,0.0,0.0,0.0,0.0,100.0,0.0
20131115215700,0.0,0.0,0.0,0.0,0.0,0.0,45.8,54.2
20131115215800,0.0,0.0,0.0,0.0,0.0,0.0,99.3,0.6
20131115215900,0.0,0.0,0.0,0.0,0.0,0.0,99.7,0.3
20131115220000,0.0,0.0,0.0,0.0,0.0,0.0,100.0,0.0
20131115220100,0.0,0.0,0.0,0.0,0.0,0.0,100.0,0.0
20131115220200,0.0,0.0,0.0,0.0,0.0,0.0,100.0,0.0
20131115220300,0.0,0.0,0.0,0.0,0.0,0.0,100.0,0.0
20131115220400,0.0,0.0,0.0,0.0,0.0,0.0,99.9,0.0
20131115220500,0.0,0.0,0.0,0.0,0.0,0.0,100.0,0.0
20131115220600,0.0,0.0,0.0,0.0,0.0,0.0,100.0,0.0
20131115220700,0.0,0.0,0.0,39.7,0.1,0.0,59.8,0.5
20131115220800,0.0,0.0,0.0,0.8,0.0,0.0,84.7,14.5
20131115220900,0.0,0.0,0.0,2.3,0.0,0.0,95.6,2.1
20131115221000,0.0,0.0,0.0,12.3,0.0,0.0,60.2,27.4
20131115221100,0.0,0.0,0.0,5.8,0.0,0.0,35.6,58.6
20131115221200,0.0,0.0,0.0,7.6,0.1,0.0,69.6,22.8
20131115221300,0.0,0.0,0.0,9.5,0.0,0.0,82.3,8.2
20131115221400,0.0,0.0,0.0,17.9,0.0,0.0,10.4,71.7
20131115221500,0.0,0.0,0.0,6.1,0.0,0.0,1.0,92.9
20131115221600,0.0,0.0,0.0,34.3,0.1,0.0,1.8,63.8
20131115221700,0.0,0.0,0.0,8.9,0.2,0.0,17.0,73.9
20131115221800,0.0,0.0,0.0,0.3,0.3,0.0,61.9,37.5
20131115221900,0.0,0.0,0.0,0.0,0.0,0.0,86.5,13.4
20131115222000,0.0,0.0,0.0,0.0,0.0,0.0,99.9,0.1
20131115222100,0.0,0.0,0.0,0.0,0.0,0.0,99.4,0.6
20131115222200,0.0,0.0,0.0,0.4,0.0,0.0,43.2,56.4
20131115222300,0.0,0.0,0.0,0.0,0.0,0.0,74.4,25.6
20131115222400,0.0,0.0,0.0,0.0,0.0,0.0,97.7,2.2
20131115222500,0.0,0.0,0.0,0.0,0.0,0.0,94.3,5.7
20131115222600,0.0,0.0,0.0,0.0,0.0,0.0,94.0,5.9
20131115222700,0.0,0.0,0.0,0.6,0.2,0.0,22.5,76.7
20131115222800,0.0,0.0,0.0,4.8,0.1,0.0,93.7,1.4
20131115222900,0.0,0.0,0.0,0.2,0.1,0.0,99.4,0.4
20131115223000,0.0,0.0,0.0,23.9,10.1,0.0,48.3,17.7
20131115223100,0.0,0.0,0.0,11.3,0.5,0.0,87.5,0.8
20131115223200,0.0,0.0,0.0,0.1,0.0,0.0,99.8,0.1
20131115223300,0.0,0.0,0.0,1.3,0.0,0.0,98.1,0.6
20131115223400,0.0,0.0,0.0,1.9,0.1,0.0,67.4,30.6
20131115223500,0.0,0.0,0.0,0.1,0.0,0.0,9.9,89.9
20131115223600,0.0,0.0,0.0,0.0,0.0,0.0,62.2,37.8
20131115223700,0.0,0.0,0.0,0.0,0.0,0.0,79.5,20.5
20131115223800,0.0,0.0,0.0,0.1,0.0,0.0,77.2,22.8
20131115223900,0.0,0.0,0.0,0.0,0.0,0.0,90.2,9.7
20131115224000,0.0,0.0,0.0,0.0,0.0,0.0,39.9,60.1
20131115224100,0.0,0.0,0.0,0.0,0.0,0.0,90.8,9.1
20131115224200,0.0,0.0,0.0,0.0,0.0,0.0,87.1,12.9
20131115224300,0.0,0.0,0.0,0.1,0.0,0.0,99.0,0.9
20131115224400,0.0,0.0,0.0,0.0,0.0,0.0,99.8,0.2
20131115224500,0.0,0.0,0.0,0.0,0.0,0.0,82.5,17.5
20131115224600,0.0,0.0,0.0,0.0,0.0,0.0,52.5,47.5
20131115224700,0.0,0.0,0.0,0.1,0.2,0.0,1.3,98.4
20131115224800,0.0,0.0,0.0,0.1,0.4,0.0,16.3,83.2
20131115224900,0.0,0.0,0.0,0.0,0.0,0.0,18.6,81.4
20131115225000,0.0,0.0,0.0,0.0,0.0,0.0,88.0,12.0
20131115225100,0.0,0.0,0.0,0.0,0.0,0.0,99.2,0.8
20131115225200,0.0,0.0,0.0,0.0,0.0,0.0,99.3,0.7
20131115225300,0.0,0.0,0.0,0.0,0.0,0.0,99.5,0.5
20131115225400,0.0,0.0,0.0,0.0,0.0,0.0,98.3,1.6
20131115225500,0.0,0.0,0.0,0.5,0.0,0.0,95.7,3.7
20131115225600,0.0,0.0,0.0,0.1,0.1,0.0,99.4,0.5
20131115225700,0.0,0.0,0.0,0.5,0.1,0.0,98.7,0.7
20131115225800,0.0,0.0,0.0,0.0,0.1,0.0,99.1,0.8
20131115225900,0.0,0.0,0.0,0.0,0.0,0.0,100.0,0.0
20131115230000,0.0,0.0,0.0,0.1,0.1,0.0,99.7,0.1
20131115230100,0.0,0.0,0.0,0.1,0.0,0.0,99.2,0.7
20131115230200,0.0,0.0,0.0,0.2,0.0,0.0,99.7,0.1
20131115230300,0.0,0.0,0.0,0.0,0.0,0.0,99.9,0.0
20131115230400,0.0,0.0,0.0,0.0,0.0,0.0,99.8,0.1
20131115230500,0.0,0.0,0.0,0.1,0.0,0.0,99.3,0.6
20131115230600,0.0,0.0,0.0,0.1,0.0,0.0,98.2,1.7
20131115230700,0.0,0.0,0.0,0.2,0.0,0.0,98.9,0.9
20131115230800,0.0,0.0,0.0,0.1,0.0,0.0,99.7,0.2
20131115230900,0.0,0.0,0.0,0.0,0.0,0.0,99.9,0.0
20131115231000,0.0,0.0,0.0,0.0,0.0,0.0,100.0,0.0
20131115231100,0.0,0.0,0.0,0.0,0.0,0.0,100.0,0.0
20131115231200,0.0,0.0,0.0,0.0,0.0,0.0,100.0,0.0
20131115231300,0.0,0.0,0.0,0.0,0.0,0.0,100.0,0.0
20131115231400,0.0,0.0,0.0,0.0,0.0,0.0,100.0,0.0
20131115231500,0.0,0.0,0.0,0.0,0.0,0.0,100.0,0.0
20131115231600,0.0,0.0,0.0,0.0,0.0,0.0,100.0,0.0
20131115231700,0.0,0.0,0.0,0.0,0.0,0.0,100.0,0.0
20131115231800,0.0,0.0,0.0,0.0,0.0,0.0,100.0,0.0
20131115231900,0.0,0.0,0.0,0.0,0.0,0.0,100.0,0.0
20131115232000,0.0,0.0,0.0,0.0,0.0,0.0,100.0,0.0
20131115232100,0.0,0.0,0.0,0.0,0.0,0.0,100.0,0.0
20131115232200,0.0,0.0,0.0,0.0,0.0,0.0,100.0,0.0
20131115232300,0.0,0.0,0.0,0.0,0.0,0.0,100.0,0.0
20131115232400,0.0,0.0,0.0,0.0,0.0,0.0,100.0,0.0
20131115232500,0.0,0.0,0.0,0.0,0.0,0.0,100.0,0.0
20131115232600,0.0,0.0,0.0,0.0,0.0,0.0,100.0,0.0
20131115232700,0.0,0.0,0.0,0.0,0.0,0.0,99.6,0.4
20131115232800,0.0,0.0,0.0,0.2,0.0,0.0,93.0,6.8
20131115232900,0.0,0.0,0.0,0.0,0.0,0.0,99.9,0.0
20131115233000,0.0,0.0,0.0,0.0,0.0,0.0,99.7,0.3
20131115233100,0.0,0.0,0.0,0.0,0.0,0.0,99.8,0.2
20131115233200,0.0,0.0,0.0,0.0,0.0,0.0,99.9,0.0
20131115233300,0.0,0.0,0.0,0.0,0.0,0.0,99.8,0.2
20131115233400,0.0,0.0,0.0,0.1,0.0,0.0,98.9,0.9
20131115233500,0.0,0.0,0.0,0.0,0.0,0.0,90.1,9.9
20131115233600,0.0,0.0,0.0,0.0,0.0,0.0,99.9,0.1
20131115233700,0.0,0.0,0.0,0.1,0.1,0.0,92.3,7.5
20131115233800,0.0,0.0,0.0,0.0,0.0,0.0,91.5,8.4
20131115233900,0.0,0.0,0.0,0.1,0.1,0.0,79.7,20.1
20131115234000,0.0,0.0,0.0,0.0,0.0,0.0,98.5,1.4
20131115234100,0.0,0.0,0.0,0.0,0.0,0.0,95.2,4.8
20131115234200,0.0,0.0,0.0,0.2,0.0,0.0,98.2,1.6
20131115234300,0.0,0.0,0.0,1.0,0.0,0.0,96.7,2.4
20131115234400,0.0,0.0,0.0,0.0,0.0,0.0,99.8,0.2
20131115234500,0.0,0.0,0.0,0.1,0.0,0.0,99.7,0.1
20131115234600,0.0,0.0,0.0,5.0,0.9,0.0,80.0,14.0
20131115234700,0.0,0.0,0.0,0.7,0.0,0.0,99.0,0.3
20131115234800,0.0,0.0,0.0,0.4,0.0,0.0,98.8,0.8
20131115234900,0.0,0.0,0.0,5.3,0.3,0.0,91.2,3.2
20131115235000,0.0,0.0,0.0,1.5,0.1,0.0,61.6,36.8
20131115235100,0.0,0.0,0.0,1.2,0.1,0.0,71.4,27.3
20131115235200,0.0,0.0,0.0,1.9,0.1,0.0,64.6,33.4
20131115235300,0.0,0.0,0.0,10.9,0.9,0.0,7.7,80.6
20131115235400,0.0,0.0,0.0,1.5,0.3,0.0,22.8,75.4
20131115235500,0.0,0.0,0.0,0.0,0.0,0.0,56.3,43.7
20131115235600,0.0,0.0,0.0,0.0,0.0,0.0,90.3,9.7
20131115235700,0.0,0.0,0.0,0.0,0.0,0.0,64.1,35.9
20131115235800,0.0,0.0,0.0,0.0,0.0,0.0,88.1,11.9
20131115235900,0.0,0.0,0.0,0.0,0.0,0.0,96.0,4.0
20131116000000,0.0,0.0,0.0,0.0,0.0,0.0,69.8,30.2
20131116000100,0.0,0.0,0.0,0.0,0.0,0.0,93.5,6.5
20131116000200,0.0,0.0,0.0,0.0,0.0,0.0,97.7,2.3
20131116000300,0.0,0.0,0.0,0.0,0.0,0.0,99.4,0.6
20131116000400,0.0,0.0,0.0,0.0,0.0,0.0,99.2,0.8
20131116000500,0.0,0.0,0.0,0.0,0.0,0.0,63.3,36.7
20131116000600,0.0,0.0,0.0,0.0,0.0,0.0,57.4,42.6
20131116000700,0.0,0.0,0.0,1.1,0.0,0.0,51.0,47.8
20131116000800,0.0,0.0,0.0,0.7,0.1,0.0,80.1,19.2
20131116000900,0.0,0.0,0.0,0.1,0.0,0.0,95.9,4.0
20131116001000,0.0,0.0,0.0,0.1,0.0,0.0,98.3,1.7
20131116001100,0.0,0.0,0.0,2.1,1.9,0.0,92.7,3.2
20131116001200,0.0,0.0,0.0,17.2,0.6,0.0,66.7,15.5
20131116001300,0.0,0.0,0.0,0.6,0.0,0.0,96.6,2.7
20131116001400,0.0,0.0,0.0,2.2,0.1,0.0,95.2,2.6
20131116001500,0.0,0.0,0.1,8.1,1.2,0.0,82.5,8.1
20131116001600,0.0,0.0,0.0,0.1,0.0,0.0,99.6,0.3
20131116001700,0.0,0.0,0.0,0.1,0.0,0.0,99.8,0.1
20131116001800,0.0,0.0,0.0,0.0,0.0,0.0,99.7,0.2
20131116001900,0.0,0.0,0.0,4.7,0.2,0.0,91.6,3.5
20131116002000,0.0,0.0,0.0,1.6,0.1,0.0,97.4,0.9
20131116002100,0.0,0.0,0.0,1.6,0.1,0.0,97.1,1.1
20131116002200,0.0,0.0,0.0,0.6,0.2,0.0,96.8,2.3
20131116002300,0.0,0.0,0.0,2.0,0.2,0.0,97.2,0.6
20131116002400,0.0,0.0,0.0,5.0,3.0,0.0,48.8,43.1
20131116002500,0.0,0.0,0.0,11.9,0.8,0.0,74.7,12.7
20131116002600,0.0,0.0,0.0,3.7,0.3,0.0,82.6,13.4
20131116002700,0.0,0.0,0.0,8.4,0.5,0.0,81.9,9.1
20131116002800,0.0,0.0,0.0,0.3,0.0,0.0,99.3,0.4
20131116002900,0.0,0.0,0.0,0.4,0.0,0.0,98.6,0.9
20131116003000,0.0,0.0,0.0,9.5,0.1,0.0,88.6,1.8
20131116003100,0.0,0.0,0.0,0.8,0.1,0.0,95.3,3.9
20131116003200,0.0,0.0,0.0,1.1,1.5,0.0,42.3,55.1
20131116003300,0.0,0.0,0.0,0.3,0.2,0.0,91.3,8.2
20131116003400,0.0,0.0,0.0,0.0,0.0,0.0,99.7,0.3
20131116003500,0.0,0.0,0.0,0.3,0.2,0.0,98.1,1.4
20131116003600,0.0,0.0,0.0,0.1,0.0,0.0,99.5,0.5
20131116003700,0.0,0.0,0.0,0.0,0.0,0.0,99.9,0.1
20131116003800,0.0,0.0,0.0,0.0,0.0,0.0,99.1,0.8
20131116003900,0.0,0.0,0.0,0.1,0.0,0.0,98.0,1.9
20131116004000,0.0,0.0,0.0,0.0,0.0,0.0,99.7,0.2
20131116004100,0.0,0.0,0.0,0.0,0.0,0.0,98.9,1.1
20131116004200,0.0,0.0,0.0,0.0,0.0,0.0,99.9,0.1
20131116004300,0.0,0.0,0.0,0.0,0.0,0.0,100.0,0.0
20131116004400,0.0,0.0,0.0,0.0,0.0,0.0,100.0,0.0
20131116004500,0.0,0.0,0.0,0.0,0.0,0.0,100.0,0.0
20131116004600,0.0,0.0,0.0,0.0,0.0,0.0,99.8,0.2
20131116004700,0.0,0.0,0.0,0.0,0.0,0.0,100.0,0.0
20131116004800,0.0,0.0,0.0,0.0,0.0,0.0,100.0,0.0
20131116004900,0.0,0.0,0.0,0.0,0.0,0.0,100.0,0.0
20131116005000,0.0,0.0,0.0,0.0,0.0,0.0,100.0,0.0
20131116005100,0.0,0.0,0.0,0.0,0.0,0.0,100.0,0.0
20131116005200,0.0,0.0,0.0,0.0,0.0,0.0,100.0,0.0
20131116005300,0.0,0.0,0.0,0.0,0.0,0.0,100.0,0.0
20131116005400,0.0,0.0,0.0,0.0,0.0,0.0,100.0,0.0
20131116005500,0.0,0.0,0.0,0.0,0.0,0.0,100.0,0.0
20131116005600,0.0,0.0,0.0,0.0,0.0,0.0,100.0,0.0
20131116005700,0.0,0.0,0.0,0.0,0.0,0.0,100.0,0.0
20131116005800,0.0,0.0,0.0,0.0,0.0,0.0,100.0,0.0
20131116005900,0.0,0.0,0.0,0.0,0.0,0.0,100.0,0.0
20131116010000,0.0,0.0,0.0,0.0,0.0,0.0,100.0,0.0
20131116010100,0.0,0.0,0.0,0.0,0.0,0.0,100.0,0.0
20131116010200,0.0,0.0,0.0,0.1,0.0,0.0,99.9,0.0
20131116010300,0.0,0.0,0.0,0.9,0.0,0.0,99.1,0.0
20131116010401,0.0,0.0,0.0,0.0,0.0,0.0,100.0,0.0
20131116010500,0.0,0.0,0.0,0.0,0.0,0.0,100.0,0.0
20131116010600,0.0,0.0,0.0,0.0,0.0,0.0,100.0,0.0
20131116010700,0.0,0.0,0.0,33.7,0.5,0.0,65.5,0.2
20131116010800,0.0,0.0,0.0,34.4,0.2,0.0,64.5,0.8
20131116010900,0.0,0.0,0.0,9.7,0.0,0.0,89.6,0.6
20131116011000,0.0,0.0,0.0,3.5,0.1,0.0,96.3,0.1
20131116011100,0.0,0.0,0.0,0.0,0.0,0.0,100.0,0.0
20131116011200,0.0,0.0,0.0,0.0,0.0,0.0,100.0,0.0
20131116011300,0.0,0.0,0.0,0.0,0.0,0.0,100.0,0.0
20131116011400,0.0,0.0,0.0,0.0,0.0,0.0,100.0,0.0
20131116011500,0.0,0.0,0.0,0.0,0.0,0.0,100.0,0.0
20131116011600,0.0,0.0,0.0,0.0,0.0,0.0,100.0,0.0
20131116011700,0.0,0.0,0.0,0.0,0.0,0.0,100.0,0.0
20131116011800,0.0,0.0,0.0,0.0,0.0,0.0,100.0,0.0
20131116011900,0.0,0.0,0.0,0.0,0.0,0.0,100.0,0.0
20131116012000,0.0,0.0,0.0,0.0,0.0,0.0,100.0,0.0
20131116012100,0.0,0.0,0.0,0.8,0.0,0.0,99.2,0.0
20131116012200,0.0,0.0,0.0,6.8,0.0,0.0,93.0,0.1
20131116012300,0.0,0.0,0.0,0.0,0.0,0.0,100.0,0.0
20131116012400,0.0,0.0,0.0,0.0,0.0,0.0,100.0,0.0
20131116012500,0.0,0.0,0.0,0.0,0.0,0.0,100.0,0.0
20131116012600,0.0,0.0,0.0,0.0,0.0,0.0,100.0,0.0
20131116012700,0.0,0.0,0.0,0.0,0.0,0.0,100.0,0.0
20131116012800,0.0,0.0,0.0,0.0,0.0,0.0,100.0,0.0
20131116012900,0.0,0.0,0.0,0.0,0.0,0.0,100.0,0.0
20131116013000,0.0,0.0,0.0,0.0,0.0,0.0,100.0,0.0
20131116013100,0.0,0.0,0.0,0.0,0.0,0.0,100.0,0.0
20131116013200,0.0,0.0,0.0,0.0,0.0,0.0,100.0,0.0
20131116013300,0.0,0.0,0.0,0.0,0.0,0.0,100.0,0.0
20131116013400,0.0,0.0,0.0,0.0,0.0,0.0,99.9,0.1
20131116013500,0.0,0.0,0.0,0.0,0.0,0.0,99.9,0.1
20131116013600,0.0,0.0,0.0,0.0,0.0,0.0,92.8,7.2
20131116013700,0.0,0.0,0.0,0.0,0.0,0.0,49.9,50.0
20131116013800,0.0,0.0,0.0,0.1,0.0,0.0,94.1,5.8
20131116013900,0.0,0.0,0.0,0.0,0.0,0.0,87.7,12.2
20131116014000,0.0,0.0,0.0,0.1,0.0,0.0,98.0,1.9
20131116014100,0.0,0.0,0.0,0.0,0.0,0.0,99.5,0.4
20131116014200,0.0,0.0,0.0,0.2,0.0,0.0,98.9,0.9
20131116014300,0.0,0.0,0.0,0.0,0.0,0.0,84.3,15.7
20131116014400,0.0,0.0,0.0,0.0,0.0,0.0,94.8,5.2
20131116014500,0.0,0.0,0.0,0.0,0.0,0.0,99.1,0.9
20131116014600,0.0,0.0,0.0,0.0,0.0,0.0,99.9,0.1
20131116014700,0.0,0.0,0.0,0.0,0.0,0.0,100.0,0.0
20131116014800,0.0,0.0,0.0,0.0,0.0,0.0,100.0,0.0
20131116015214,0.0,0.0,0.0,0.0,0.0,0.0,99.7,0.3
20131116015314,0.0,0.0,0.0,0.0,0.0,0.0,95.1,4.9
20131116015414,0.0,0.0,0.0,0.0,0.0,0.0,98.9,1.1
20131116015514,0.0,0.0,0.0,0.0,0.0,0.0,99.1,0.9
20131116015614,0.0,0.0,0.0,0.0,0.0,0.0,99.4,0.6
20131116015714,0.0,0.0,0.0,0.0,0.0,0.0,99.9,0.1
20131116015814,0.0,0.0,0.0,0.0,0.0,0.0,100.0,0.0
20131116015914,0.0,0.0,0.0,0.0,0.0,0.0,100.0,0.0
20131116020014,0.0,0.0,0.0,0.0,0.0,0.0,100.0,0.0
20131116020114,0.0,0.0,0.0,0.0,0.0,0.0,100.0,0.0
20131116020214,0.0,0.0,0.0,0.0,0.0,0.0,100.0,0.0
20131116020314,0.0,0.0,0.0,0.0,0.0,0.0,100.0,0.0
20131116020414,0.0,0.0,0.0,0.0,0.0,0.0,99.9,0.1
20131116020514,0.0,0.0,0.0,0.2,0.0,0.0,99.4,0.4
20131116020614,0.0,0.0,0.0,0.7,0.0,0.0,86.2,13.0
20131116020714,0.0,0.0,0.0,2.3,0.0,0.0,93.9,3.8
20131116020814,0.0,0.0,0.0,0.0,0.0,0.0,97.9,2.0
20131116020914,0.0,0.0,0.0,9.9,0.0,0.0,74.9,15.2
20131116021014,0.0,0.0,0.0,2.8,0.0,0.0,88.6,8.6
20131116021114,0.0,0.0,0.0,0.0,0.0,0.0,99.6,0.3
20131116021214,0.0,0.0,0.0,0.0,0.0,0.0,98.8,1.1
20131116021314,0.0,0.0,0.0,0.2,0.0,0.0,98.9,1.0
20131116021414,0.0,0.0,0.0,0.0,0.0,0.0,99.5,0.4
20131116021514,0.0,0.0,0.0,0.6,0.0,0.0,99.0,0.4
20131116021614,0.0,0.0,0.0,0.4,0.0,0.0,99.5,0.0
20131116021714,0.0,0.0,0.0,0.0,0.0,0.0,100.0,0.0
20131116021814,0.0,0.0,0.0,0.0,0.0,0.0,100.0,0.0
20131116021914,0.0,0.0,0.0,0.0,0.0,0.0,100.0,0.0
20131116022014,0.0,0.0,0.0,0.0,0.0,0.0,99.8,0.2
20131116022114,0.0,0.0,0.0,0.0,0.0,0.0,100.0,0.0
20131116022214,0.0,0.0,0.0,0.0,0.0,0.0,100.0,0.0
20131116022314,0.0,0.0,0.0,0.0,0.0,0.0,100.0,0.0
20131116022414,0.0,0.0,0.0,0.0,0.0,0.0,100.0,0.0
20131116022514,0.0,0.0,0.0,0.0,0.0,0.0,100.0,0.0
20131116022614,0.0,0.0,0.0,0.0,0.0,0.0,100.0,0.0
20131116022714,0.0,0.0,0.0,0.0,0.0,0.0,100.0,0.0
20131116022814,0.0,0.0,0.0,0.0,0.0,0.0,99.9,0.1
20131116022914,0.0,0.0,0.0,0.0,0.0,0.0,99.9,0.1
20131116023014,0.0,0.0,0.0,0.0,0.0,0.0,100.0,0.0
20131116023114,0.0,0.0,0.0,0.0,0.0,0.0,97.9,2.1
20131116023214,0.0,0.0,0.0,0.0,0.0,0.0,99.9,0.1
20131116023314,0.0,0.0,0.0,0.0,0.0,0.0,100.0,0.0
20131116023414,0.0,0.0,0.0,0.0,0.0,0.0,100.0,0.0
20131116023514,0.0,0.0,0.0,0.0,0.0,0.0,100.0,0.0
20131116023614,0.0,0.0,0.0,0.0,0.0,0.0,100.0,0.0
20131116023714,0.0,0.0,0.0,0.0,0.0,0.0,100.0,0.0
20131116023814,0.0,0.0,0.0,0.0,0.0,0.0,100.0,0.0
20131116023914,0.0,0.0,0.0,0.0,0.0,0.0,99.9,0.1
20131116024014,0.0,0.0,0.0,0.0,0.0,0.0,100.0,0.0
20131116024114,0.0,0.0,0.0,0.0,0.0,0.0,100.0,0.0
20131116024214,0.0,0.0,0.0,0.0,0.0,0.0,100.0,0.0
20131116024314,0.0,0.0,0.0,0.0,0.0,0.0,100.0,0.0
20131116024414,0.0,0.0,0.0,0.0,0.0,0.0,100.0,0.0
20131116024514,0.0,0.0,0.0,0.0,0.0,0.0,100.0,0.0
20131116024614,0.0,0.0,0.0,0.0,0.0,0.0,100.0,0.0
20131116024714,0.0,0.0,0.0,0.0,0.0,0.0,100.0,0.0
20131116024814,0.0,0.0,0.0,0.0,0.0,0.0,100.0,0.0
20131116024914,0.0,0.0,0.0,0.0,0.0,0.0,100.0,0.0
20131116025014,0.0,0.0,0.0,0.0,0.0,0.0,100.0,0.0
20131116025114,0.0,0.0,0.0,0.0,0.0,0.0,99.1,0.8
20131116025214,0.0,0.0,0.0,0.0,0.0,0.0,100.0,0.0
20131116025314,0.0,0.0,0.0,0.0,0.0,0.0,100.0,0.0
20131116025414,0.0,0.0,0.0,0.0,0.0,0.0,100.0,0.0
20131116025514,0.0,0.0,0.0,0.0,0.0,0.0,100.0,0.0
20131116025614,0.0,0.0,0.0,0.0,0.0,0.0,99.9,0.1
20131116025714,0.0,0.0,0.0,0.0,0.0,0.0,100.0,0.0
20131116025814,0.0,0.0,0.0,0.0,0.0,0.0,100.0,0.0
20131116025914,0.0,0.0,0.0,0.0,0.0,0.0,100.0,0.0
20131116030014,0.0,0.0,0.0,0.0,0.0,0.0,100.0,0.0
20131116030114,0.0,0.0,0.0,0.0,0.0,0.0,100.0,0.0
20131116030214,0.0,0.0,0.0,0.2,0.0,0.0,99.7,0.1
20131116030314,0.0,0.0,0.0,0.0,0.0,0.0,100.0,0.0
20131116030414,0.0,0.0,0.0,0.0,0.0,0.0,100.0,0.0
20131116030514,0.0,0.0,0.0,0.0,0.0,0.0,100.0,0.0
20131116030614,0.0,0.0,0.0,0.0,0.0,0.0,100.0,0.0
20131116030714,0.0,0.0,0.0,0.0,0.0,0.0,100.0,0.0
20131116030814,0.0,0.0,0.0,0.0,0.0,0.0,100.0,0.0
20131116030914,0.0,0.0,0.0,0.0,0.0,0.0,100.0,0.0
20131116031014,0.0,0.0,0.0,0.0,0.0,0.0,100.0,0.0
20131116031114,0.0,0.0,0.0,0.0,0.0,0.0,100.0,0.0
20131116031214,0.0,0.0,0.0,0.0,0.0,0.0,100.0,0.0
20131116031314,0.0,0.0,0.0,0.0,0.0,0.0,100.0,0.0
20131116031414,0.0,0.0,0.0,0.0,0.0,0.0,100.0,0.0
20131116031514,0.0,0.0,0.0,0.0,0.0,0.0,100.0,0.0
20131116031614,0.0,0.0,0.0,0.0,0.0,0.0,100.0,0.0
20131116031714,0.0,0.0,0.0,0.0,0.0,0.0,100.0,0.0
20131116031814,0.0,0.0,0.0,0.0,0.0,0.0,100.0,0.0
20131116031914,0.0,0.0,0.0,0.0,0.0,0.0,100.0,0.0
20131116032014,0.0,0.0,0.0,0.0,0.0,0.0,100.0,0.0
20131116032114,0.0,0.0,0.0,0.0,0.0,0.0,100.0,0.0
20131116032214,0.0,0.0,0.0,0.0,0.0,0.0,100.0,0.0
20131116032314,0.0,0.0,0.0,0.0,0.0,0.0,100.0,0.0
20131116032414,0.0,0.0,0.0,0.0,0.0,0.0,100.0,0.0
20131116032514,0.0,0.0,0.0,0.0,0.0,0.0,100.0,0.0
20131116032614,0.0,0.0,0.0,0.0,0.0,0.0,100.0,0.0
20131116032714,0.0,0.0,0.0,0.0,0.0,0.0,100.0,0.0
20131116032814,0.0,0.0,0.0,0.0,0.0,0.0,100.0,0.0
20131116032914,0.0,0.0,0.0,0.0,0.0,0.0,100.0,0.0
20131116033014,0.0,0.0,0.0,0.0,0.0,0.0,99.9,0.1
20131116033114,0.0,0.0,0.0,0.0,0.0,0.0,99.9,0.1
20131116033214,0.0,0.0,0.0,0.0,0.0,0.0,100.0,0.0
20131116033314,0.0,0.0,0.0,0.0,0.0,0.0,99.9,0.0
20131116033414,0.0,0.0,0.0,0.0,0.0,0.0,100.0,0.0
20131116033514,0.0,0.0,0.0,0.0,0.0,0.0,100.0,0.0
20131116033614,0.0,0.0,0.0,0.0,0.0,0.0,100.0,0.0
20131116033714,0.0,0.0,0.0,0.0,0.0,0.0,100.0,0.0
20131116033814,0.0,0.0,0.0,0.0,0.0,0.0,100.0,0.0
20131116033914,0.0,0.0,0.0,0.0,0.0,0.0,99.9,0.0
20131116034014,0.0,0.0,0.0,0.8,0.0,0.0,98.8,0.4
20131116034114,0.0,0.0,0.0,0.1,0.0,0.0,99.9,0.1
20131116034214,0.0,0.0,0.0,0.3,0.0,0.0,99.6,0.1
20131116034314,0.0,0.0,0.0,1.3,0.0,0.0,80.6,18.1
20131116034414,0.0,0.0,0.0,1.8,0.0,0.0,66.1,32.1
20131116034514,0.0,0.0,0.0,0.9,0.0,0.0,92.0,7.0
20131116034614,0.0,0.0,0.0,0.1,0.0,0.0,99.9,0.1
20131116034714,0.0,0.0,0.0,0.0,0.0,0.0,99.6,0.4
20131116034814,0.0,0.0,0.0,0.0,0.0,0.0,99.7,0.2
20131116034914,0.0,0.0,0.0,21.6,0.0,0.0,57.6,20.8
20131116035014,0.0,0.0,0.0,90.9,0.0,0.0,1.7,7.4
20131116035114,0.0,0.0,0.0,94.7,0.2,0.0,0.6,4.6
20131116035214,0.0,0.0,0.0,97.5,0.1,0.0,1.2,1.2
20131116035314,0.0,0.0,0.0,49.7,2.9,0.0,8.9,38.5
20131116035414,0.0,0.0,0.0,74.3,0.2,0.0,6.7,18.8
20131116035514,0.0,0.0,0.0,8.7,0.1,0.0,6.3,85.0
20131116035614,0.0,0.0,0.0,11.4,0.0,0.0,56.5,32.1
20131116035714,0.0,0.0,0.0,15.7,10.2,0.0,2.0,71.9
20131116035814,0.0,0.0,0.0,0.4,2.1,0.0,2.6,94.9
20131116035914,0.0,0.0,0.2,24.7,0.7,0.0,28.1,46.3
20131116040014,0.0,0.0,0.1,35.5,0.9,0.0,53.3,10.2
20131116040114,0.0,0.0,0.0,25.0,0.1,0.0,71.2,3.8
20131116040214,0.0,0.0,0.0,71.4,0.1,0.0,24.5,3.9
20131116040314,0.0,0.0,0.1,32.5,0.2,0.0,64.2,3.0
20131116040414,0.0,0.0,0.0,77.0,0.9,0.0,22.0,0.2
20131116040514,0.0,0.0,0.0,0.0,0.0,0.0,100.0,0.0
20131116040614,0.0,0.0,0.0,0.0,0.0,0.0,100.0,0.0
20131116040714,0.0,0.0,0.0,0.0,0.0,0.0,100.0,0.0
20131116040814,0.0,0.0,0.0,0.0,0.0,0.0,100.0,0.0
