UT,arc,discrete,diffuse,ac,ab,clear,cloudy,dd
20131121135400,0.0,0.0,0.0,0.0,0.0,0.0,0.0,100.0
20131121135500,0.0,0.0,0.0,0.0,0.0,0.0,0.0,100.0
20131121135600,0.0,0.0,0.0,0.0,0.0,0.0,0.0,100.0
20131121135700,0.0,0.0,0.0,0.0,0.0,0.0,0.0,100.0
20131121135800,0.0,0.0,0.0,0.0,0.0,0.0,0.0,100.0
20131121135900,0.0,0.0,0.0,0.0,0.0,0.0,0.0,100.0
20131121140000,0.0,0.0,0.0,0.0,0.0,0.0,0.0,100.0
20131121140100,0.0,0.0,0.0,0.0,0.0,0.0,0.0,100.0
20131121140200,0.0,0.0,0.0,0.0,0.0,0.0,0.0,100.0
20131121140300,0.0,0.0,0.0,0.0,0.0,0.0,0.0,100.0
20131121140400,0.0,0.0,0.0,0.0,0.0,0.0,0.0,100.0
20131121140500,0.0,0.0,0.0,0.0,0.0,0.0,0.0,100.0
20131121140600,0.0,0.0,0.0,0.0,0.0,0.0,0.0,100.0
20131121140700,0.0,0.0,0.0,0.0,0.0,0.0,0.0,100.0
20131121140800,0.0,0.0,0.0,0.0,0.0,0.0,0.0,100.0
20131121140900,0.0,0.0,0.0,0.0,0.0,0.0,0.0,100.0
20131121141000,0.0,0.0,0.0,0.0,0.0,0.0,0.0,100.0
20131121141100,0.0,0.0,0.0,0.0,0.0,0.0,0.0,100.0
20131121141200,0.0,0.0,0.0,0.0,0.0,0.0,0.0,100.0
20131121141300,0.0,0.0,0.0,0.0,0.0,0.0,0.0,100.0
20131121141400,0.0,0.0,0.0,0.0,0.0,0.0,0.0,100.0
20131121141500,0.0,0.0,0.0,0.0,0.0,0.0,0.0,100.0
20131121141600,0.0,0.0,0.0,0.0,0.0,0.0,0.0,100.0
20131121141700,0.0,0.0,0.0,0.0,0.0,0.0,0.0,100.0
20131121141800,0.0,0.0,0.0,0.0,0.0,0.0,0.0,100.0
20131121141900,0.0,0.0,0.0,0.0,0.0,0.0,0.0,100.0
20131121142000,0.0,0.0,0.0,0.0,0.0,0.0,0.0,100.0
20131121142100,0.0,0.0,0.0,0.0,0.0,0.0,0.0,100.0
20131121142200,0.0,0.0,0.0,0.0,0.0,0.0,0.0,100.0
20131121142300,0.0,0.0,0.0,0.0,0.0,0.0,0.0,100.0
20131121142400,0.0,0.0,0.0,0.0,0.0,0.0,0.0,100.0
20131121142500,0.0,0.0,0.0,0.0,0.0,0.0,0.0,100.0
20131121142600,0.0,0.0,0.0,0.0,0.0,0.0,0.0,100.0
20131121142700,0.0,0.0,0.0,0.0,0.0,0.0,0.0,100.0
20131121142800,0.0,0.0,0.0,0.0,0.0,0.0,0.0,100.0
20131121142900,0.0,0.0,0.0,0.0,0.0,0.0,0.0,100.0
20131121143000,0.0,0.0,0.0,0.0,0.0,0.0,0.0,100.0
20131121143100,0.0,0.0,0.0,0.0,0.0,0.0,0.0,100.0
20131121143200,0.0,0.0,0.0,0.0,0.0,0.0,0.0,100.0
20131121143300,0.0,0.0,0.0,0.0,0.0,0.0,0.0,100.0
20131121143400,0.0,0.0,0.0,0.0,0.0,0.0,0.0,100.0
20131121143500,0.0,0.0,0.0,0.0,0.0,0.0,0.0,100.0
20131121143600,0.0,0.0,0.0,0.0,0.0,0.0,0.0,100.0
20131121143700,0.0,0.0,0.0,0.0,0.0,0.0,0.0,100.0
20131121143800,0.0,0.0,0.0,0.0,0.0,0.0,0.0,100.0
20131121143900,0.0,0.0,0.0,0.0,0.0,0.0,0.0,100.0
20131121144000,0.0,0.0,0.0,0.0,0.0,0.0,0.0,100.0
20131121144100,0.0,0.0,0.0,0.0,0.0,0.0,0.0,100.0
20131121144200,0.0,0.0,0.0,0.0,0.0,0.0,0.0,100.0
20131121144300,0.0,0.0,0.0,0.0,0.0,0.0,0.0,100.0
20131121144400,0.0,0.0,0.0,0.0,0.0,0.0,0.0,100.0
20131121144500,0.0,0.0,0.0,0.0,0.0,0.0,0.0,100.0
20131121144600,0.0,0.0,0.0,0.0,0.0,0.0,0.0,100.0
20131121144700,0.0,0.0,0.0,0.0,0.0,0.0,0.0,100.0
20131121144800,0.0,0.0,0.0,0.0,0.0,0.0,0.0,100.0
20131121144900,0.0,0.0,0.0,0.0,0.0,0.0,0.0,100.0
20131121145000,0.0,0.0,0.0,0.0,0.0,0.0,0.0,100.0
20131121145100,0.0,0.0,0.0,0.0,0.0,0.0,0.0,100.0
20131121145200,0.0,0.0,0.0,0.0,0.0,0.0,0.0,100.0
20131121145300,0.0,0.0,0.0,0.0,0.0,0.0,0.0,100.0
20131121145400,0.0,0.0,0.0,0.0,0.0,0.0,0.0,100.0
20131121145500,0.0,0.0,0.0,0.0,0.0,0.0,0.0,100.0
20131121145600,0.0,0.0,0.0,0.0,0.0,0.0,0.0,100.0
20131121145700,0.0,0.0,0.0,0.0,0.0,0.0,0.0,100.0
20131121145800,0.0,0.0,0.0,0.0,0.0,0.0,0.0,100.0
20131121145900,0.0,0.0,0.0,0.0,0.0,0.0,0.0,100.0
20131121150000,0.0,0.0,0.0,0.0,0.5,0.0,0.0,99.5
20131121150100,0.0,0.0,0.0,0.0,0.0,0.0,0.0,100.0
20131121150200,0.0,0.0,0.0,0.0,0.1,0.0,0.0,99.9
20131121150300,0.0,0.0,0.0,0.0,0.2,0.0,0.0,99.8
20131121150400,0.0,0.0,0.0,0.0,0.0,0.0,0.0,99.9
20131121150500,0.0,0.0,0.0,0.0,0.1,0.0,0.0,99.9
20131121150600,0.0,0.0,0.0,0.0,0.1,0.0,0.0,99.9
20131121150700,0.0,0.0,0.0,0.0,0.3,0.0,1.7,97.9
20131121150800,0.0,0.0,0.0,0.0,0.4,0.0,2.1,97.5
20131121150900,0.0,0.0,0.0,0.0,0.2,0.0,1.8,98.0
20131121151000,0.0,0.0,0.0,0.0,0.1,0.0,0.4,99.5
20131121151100,0.0,0.0,0.0,0.0,1.2,0.0,7.3,91.5
20131121151200,0.0,0.0,0.0,0.0,0.1,0.0,2.1,97.8
20131121151300,0.0,0.0,0.0,0.0,0.1,0.0,1.4,98.5
20131121151400,0.0,0.0,0.0,0.0,0.0,0.0,2.9,97.1
20131121151500,0.0,0.0,0.0,0.0,0.0,0.0,5.2,94.8
20131121151600,0.0,0.0,0.0,0.0,0.0,0.0,13.4,86.6
20131121151700,0.0,0.0,0.0,0.0,0.1,0.0,33.1,66.8
20131121151800,0.0,0.0,0.0,0.0,0.0,0.0,47.4,52.6
20131121151900,0.0,0.0,0.0,0.0,0.0,0.0,7.1,92.9
20131121152000,0.0,0.0,0.0,0.0,0.1,0.0,55.2,44.8
20131121152100,0.0,0.0,0.0,0.0,0.1,0.0,79.2,20.7
20131121152200,0.0,0.0,0.0,0.0,0.0,0.0,92.4,7.5
20131121152300,0.0,0.0,0.0,0.0,0.2,0.0,68.8,30.9
20131121152400,0.0,0.0,0.0,0.0,0.0,0.0,80.9,19.1
20131121152500,0.0,0.0,0.0,0.0,0.0,0.0,90.6,9.4
20131121152600,0.0,0.0,0.0,0.0,0.0,0.0,77.0,22.9
20131121152700,0.0,0.0,0.0,0.0,0.0,0.0,96.2,3.8
20131121152800,0.0,0.0,0.0,0.0,0.0,0.0,94.1,5.9
20131121152900,0.0,0.0,0.0,0.1,0.0,0.0,73.7,26.2
20131121153000,0.0,0.0,0.0,0.0,0.0,0.0,81.8,18.1
20131121153100,0.0,0.0,0.0,0.0,0.0,0.0,99.7,0.2
20131121153200,0.0,0.0,0.1,0.0,0.0,0.0,99.5,0.4
20131121153300,0.0,0.0,0.0,0.0,0.0,0.0,99.8,0.1
20131121153400,0.0,0.0,0.0,0.0,0.0,0.0,100.0,0.0
20131121153500,0.0,0.0,0.2,0.0,0.0,0.0,99.5,0.3
20131121153600,0.0,0.0,0.1,0.0,0.0,0.1,99.8,0.0
20131121153700,0.0,0.0,0.2,0.0,0.0,0.1,99.6,0.0
20131121153800,0.0,0.0,0.0,0.0,0.0,0.0,99.9,0.0
20131121153900,0.0,0.0,0.1,0.0,0.0,0.0,99.9,0.0
20131121154000,0.0,0.0,0.2,0.0,0.0,0.0,99.7,0.0
20131121154100,0.0,0.0,0.5,0.0,0.0,0.0,99.4,0.0
20131121154200,0.0,0.0,0.7,0.0,0.0,0.1,99.2,0.0
20131121154300,0.0,0.0,2.7,0.0,0.0,0.0,97.3,0.0
20131121154400,0.0,0.0,0.1,0.0,0.0,0.1,99.8,0.0
20131121154500,0.0,0.0,0.6,0.0,0.0,0.1,99.3,0.0
20131121154600,0.0,0.0,2.2,0.0,0.0,0.2,97.6,0.0
20131121154700,0.0,0.0,0.3,0.0,0.0,0.3,99.4,0.0
20131121154800,0.0,0.0,0.5,0.0,0.0,0.1,99.3,0.1
20131121154900,0.0,0.0,2.6,0.0,0.0,0.8,96.6,0.0
20131121155000,0.0,0.0,4.6,0.0,0.0,0.2,94.9,0.2
20131121155100,0.0,0.0,0.6,0.0,0.0,0.4,98.9,0.0
20131121155200,0.0,0.0,0.8,0.0,0.0,0.3,98.9,0.0
20131121155300,0.0,0.0,25.9,0.1,0.0,13.8,60.2,0.0
20131121155400,0.0,0.0,10.9,0.2,0.0,17.9,70.8,0.0
20131121155500,0.0,0.0,16.1,0.2,0.0,6.5,77.0,0.0
20131121155600,0.1,0.0,18.8,0.2,0.0,8.5,72.3,0.0
20131121155700,0.1,0.0,8.9,0.1,0.0,40.4,50.2,0.3
20131121155800,0.1,0.0,9.8,0.5,0.1,14.9,74.2,0.4
20131121155900,0.0,0.1,8.2,1.1,0.1,10.1,80.0,0.4
20131121160000,0.0,0.0,4.0,0.3,0.1,9.2,86.2,0.2
20131121160100,0.0,0.0,0.4,0.1,0.0,2.1,97.0,0.3
20131121160200,0.0,0.0,4.9,0.1,0.0,4.1,90.8,0.1
20131121160300,0.0,0.0,0.9,0.0,0.0,0.7,98.1,0.4
20131121160400,0.0,0.0,1.0,0.0,0.0,0.3,98.4,0.2
20131121160500,0.0,0.0,3.6,0.0,0.0,0.1,95.8,0.5
20131121160600,0.0,0.0,1.2,0.0,0.0,0.1,98.3,0.4
20131121160700,0.0,0.0,0.6,0.0,0.0,0.9,98.3,0.2
20131121160800,0.0,0.0,6.1,0.0,0.0,0.4,93.1,0.3
20131121160900,0.0,0.0,0.9,0.0,0.0,0.1,98.6,0.3
20131121161000,0.0,0.0,0.6,0.0,0.0,0.1,98.7,0.6
20131121161100,0.0,0.0,21.0,0.0,0.0,0.3,77.6,1.0
20131121161200,0.0,0.0,4.5,0.0,0.0,0.1,94.4,0.9
20131121161300,0.0,0.0,1.2,0.0,0.0,0.1,98.7,0.1
20131121161400,0.0,0.0,8.5,0.0,0.0,0.2,91.2,0.1
20131121161500,0.0,0.0,30.4,0.0,0.0,0.7,68.6,0.3
20131121161600,0.0,0.0,16.9,0.0,0.0,1.2,80.5,1.3
20131121161700,0.0,0.0,22.3,0.1,0.0,0.5,76.7,0.4
20131121161800,0.0,0.0,8.2,0.1,0.1,0.8,87.1,3.7
20131121161900,0.0,0.0,1.5,0.0,0.0,0.5,96.4,1.6
20131121162000,0.0,0.0,0.9,0.5,0.2,0.9,96.4,1.2
20131121162100,0.0,0.0,4.2,0.1,0.1,1.5,92.5,1.6
20131121162200,0.0,0.0,15.6,0.1,0.1,1.3,80.0,2.9
20131121162300,0.0,0.0,3.9,0.1,0.0,2.8,91.3,2.0
20131121162400,0.0,0.0,8.2,0.1,0.4,2.1,87.8,1.3
20131121162500,0.0,0.0,2.1,0.0,0.0,0.1,94.8,3.0
20131121162600,0.0,0.0,3.8,0.1,0.0,0.6,94.4,1.1
20131121162700,0.0,0.0,2.8,0.0,0.0,0.2,95.1,1.8
20131121162800,0.0,0.0,11.9,0.1,0.1,1.1,53.8,32.9
20131121162900,0.0,0.0,5.9,0.0,0.0,0.5,91.4,2.1
20131121163000,0.0,0.0,37.7,0.2,0.1,0.2,45.3,16.5
20131121163100,0.0,0.0,2.3,0.0,0.0,0.2,96.7,0.7
20131121163200,0.0,0.0,15.6,0.0,0.0,0.2,82.5,1.7
20131121163300,0.0,0.0,21.7,0.1,0.1,0.4,68.4,9.3
20131121163400,0.0,0.0,4.8,0.0,0.1,0.1,86.5,8.5
20131121163500,0.0,0.0,10.9,0.0,0.1,0.2,87.2,1.5
20131121163600,0.0,0.0,21.6,0.1,0.3,0.1,68.9,9.0
20131121163700,0.0,0.0,5.0,0.0,0.1,0.0,91.9,3.0
20131121163800,0.0,0.0,2.0,0.0,0.0,0.0,75.8,22.1
20131121163900,0.0,0.0,0.9,0.0,0.0,0.0,92.3,6.7
20131121164000,0.0,0.0,0.1,0.0,0.0,0.0,97.6,2.4
20131121164100,0.0,0.0,1.2,0.0,0.0,0.0,97.7,1.1
20131121164200,0.0,0.0,0.1,0.0,0.0,0.0,96.9,2.9
20131121164300,0.0,0.0,1.0,0.0,0.0,0.0,93.8,5.2
20131121164400,0.0,0.0,0.6,0.0,0.0,0.0,95.0,4.4
20131121164500,0.0,0.0,0.1,0.0,0.0,0.0,97.9,2.1
20131121164600,0.0,0.0,0.5,0.0,0.0,0.0,95.6,3.9
20131121164700,0.0,0.0,0.2,0.0,0.0,0.0,79.3,20.5
20131121164800,0.0,0.0,0.3,0.0,0.0,0.0,78.9,20.8
20131121164900,0.0,0.0,0.1,0.0,0.0,0.0,98.9,1.0
20131121165000,0.0,0.0,0.0,0.0,0.0,0.0,94.0,6.0
20131121165100,0.0,0.0,0.0,0.0,0.0,0.0,97.7,2.3
20131121165200,0.0,0.0,0.0,0.0,0.0,0.0,99.4,0.6
20131121165300,0.0,0.0,0.0,0.0,0.0,0.0,97.5,2.4
20131121165400,0.0,0.0,0.2,0.0,0.0,0.0,93.2,6.6
20131121165500,0.0,0.0,0.2,0.0,0.0,0.0,97.9,2.0
20131121165600,0.0,0.0,0.0,0.0,0.0,0.0,99.7,0.3
20131121165700,0.0,0.0,0.1,0.0,0.0,0.0,99.5,0.4
20131121165800,0.0,0.0,0.4,0.0,0.0,0.0,99.5,0.1
20131121165900,0.0,0.0,0.0,0.0,0.0,0.0,99.9,0.0
20131121170000,0.0,0.0,0.4,0.0,0.0,0.0,99.3,0.2
20131121170100,0.0,0.0,0.1,0.0,0.0,0.0,99.4,0.5
20131121170200,0.0,0.0,0.0,0.0,0.0,0.0,99.9,0.1
20131121170300,0.0,0.0,0.0,0.0,0.0,0.0,100.0,0.0
20131121170400,0.0,0.0,0.0,0.0,0.0,0.0,99.7,0.3
20131121170500,0.0,0.0,0.0,0.0,0.0,0.0,98.9,1.1
20131121170600,0.0,0.0,0.0,0.0,0.0,0.0,98.2,1.8
20131121170700,0.0,0.0,0.1,0.0,0.0,0.0,87.3,12.6
20131121170800,0.0,0.0,0.2,0.0,0.0,0.0,97.0,2.8
20131121170900,0.0,0.0,0.0,0.0,0.0,0.0,99.7,0.3
20131121171000,0.0,0.0,0.1,0.0,0.0,0.0,87.0,12.8
20131121171100,0.0,0.0,0.2,0.0,0.0,0.0,99.3,0.4
20131121171200,0.0,0.0,1.8,0.1,0.1,0.0,86.0,12.1
20131121171300,0.0,0.0,1.6,0.2,0.2,0.0,88.4,9.6
20131121171400,0.0,0.0,2.6,0.2,0.0,0.0,65.9,31.2
20131121171500,0.0,0.0,2.5,0.1,0.8,0.0,28.1,68.4
20131121171600,0.0,0.0,2.4,0.1,0.1,0.0,21.8,75.5
20131121171700,0.0,0.0,2.4,0.1,0.1,0.0,44.6,52.8
20131121171800,0.0,0.0,4.3,0.2,0.8,0.0,29.8,64.9
20131121171900,0.0,0.0,1.9,0.1,0.3,0.0,28.1,69.5
20131121172000,0.0,0.0,1.8,0.1,0.3,0.0,6.1,91.7
20131121172100,0.0,0.0,1.0,0.1,0.0,0.0,13.9,85.0
20131121172200,0.0,0.1,5.8,0.5,0.3,0.1,3.7,89.6
20131121172300,0.0,0.2,6.2,0.8,1.3,0.1,3.8,87.6
20131121172400,0.0,0.3,2.4,0.4,0.5,0.1,5.4,90.9
20131121172500,0.0,0.1,1.6,0.2,0.7,0.2,6.7,90.7
20131121172600,0.0,0.0,0.4,0.1,0.1,0.0,7.6,91.7
20131121172700,0.0,0.0,1.9,0.2,0.1,0.0,17.9,79.7
20131121172800,0.0,0.0,1.2,0.0,0.1,0.0,3.9,94.7
20131121172900,0.0,0.0,0.3,0.1,0.1,0.0,6.6,92.8
20131121173000,0.0,0.0,0.1,0.1,0.4,0.0,2.0,97.4
20131121173100,0.0,0.0,0.3,0.5,0.3,0.0,18.9,79.9
20131121173200,0.0,0.1,1.8,0.1,0.3,0.0,10.9,86.8
20131121173300,0.0,0.0,0.5,0.1,0.2,0.0,2.6,96.5
20131121173400,0.0,0.0,0.4,0.2,0.6,0.0,12.1,86.6
20131121173500,0.0,0.0,0.4,0.0,0.0,0.0,5.2,94.4
20131121173600,0.0,0.0,0.0,0.0,0.0,0.0,2.4,97.5
20131121173700,0.0,0.0,0.1,0.1,0.1,0.0,18.4,81.3
20131121173800,0.0,0.0,0.1,0.1,0.0,0.0,10.6,89.2
20131121173900,0.0,0.0,0.3,0.6,0.3,0.0,12.4,86.3
20131121174000,0.0,0.0,0.4,0.2,1.0,0.0,6.1,92.2
20131121174100,0.0,0.0,0.6,0.8,3.9,0.0,5.4,89.2
20131121174200,0.0,0.0,0.0,0.0,0.1,0.0,8.1,91.8
20131121174300,0.0,0.0,0.2,0.2,0.2,0.0,5.3,94.1
20131121174400,0.0,0.0,0.0,0.0,0.3,0.0,1.9,97.7
20131121174500,0.0,0.0,0.1,0.0,0.2,0.0,10.5,89.2
20131121174600,0.0,0.0,0.0,0.0,0.0,0.0,1.0,99.0
20131121174700,0.0,0.0,0.0,0.0,0.0,0.0,0.6,99.3
20131121174800,0.0,0.0,0.0,0.1,0.1,0.0,3.3,96.5
20131121174900,0.0,0.0,0.0,0.0,0.1,0.0,1.8,98.1
20131121175000,0.0,0.0,0.0,0.0,0.1,0.0,2.8,97.1
20131121175100,0.0,0.0,0.0,0.0,0.0,0.0,5.9,94.0
20131121175200,0.0,0.0,0.0,0.1,0.7,0.0,6.5,92.7
20131121175300,0.0,0.0,0.0,0.0,0.7,0.0,8.2,91.1
20131121175400,0.0,0.0,0.0,0.1,0.3,0.0,33.3,66.4
20131121175500,0.0,0.0,0.1,0.2,12.2,0.0,37.1,50.5
20131121175600,0.0,0.0,0.0,0.0,1.2,0.0,39.2,59.5
20131121175700,0.0,0.0,0.0,0.0,0.6,0.0,56.5,42.8
20131121175800,0.0,0.0,0.0,0.0,0.0,0.0,43.6,56.3
20131121175900,0.0,0.0,0.0,0.0,0.0,0.0,81.3,18.7
20131121180000,0.0,0.0,0.0,0.0,0.0,0.0,48.3,51.7
20131121180100,0.0,0.0,0.0,0.0,0.0,0.0,35.6,64.4
20131121180200,0.0,0.0,0.0,0.0,0.0,0.0,15.2,84.8
20131121180300,0.0,0.0,0.0,0.0,0.0,0.0,32.4,67.6
20131121180400,0.0,0.0,0.0,0.0,0.0,0.0,72.3,27.7
20131121180500,0.0,0.0,0.0,0.0,0.0,0.0,35.6,64.4
20131121180600,0.0,0.0,0.0,0.0,0.0,0.0,37.6,62.4
20131121180700,0.0,0.0,0.0,0.0,0.0,0.0,23.2,76.8
20131121180800,0.0,0.0,0.0,0.0,0.0,0.0,9.9,90.1
20131121180900,0.0,0.0,0.0,0.0,0.0,0.0,9.8,90.1
20131121181000,0.0,0.0,0.0,0.0,0.0,0.0,9.3,90.6
20131121181100,0.0,0.0,0.0,0.0,0.1,0.0,19.2,80.7
20131121181200,0.0,0.0,0.0,0.0,0.0,0.0,5.3,94.7
20131121181300,0.0,0.0,0.0,0.0,0.0,0.0,1.3,98.6
20131121181400,0.0,0.0,0.0,0.0,0.0,0.0,1.0,99.0
20131121181500,0.0,0.0,0.0,0.0,0.0,0.0,12.7,87.3
20131121181600,0.0,0.0,0.0,0.0,0.0,0.0,58.8,41.1
20131121181700,0.0,0.0,0.0,0.1,0.0,0.0,37.6,62.3
20131121181800,0.0,0.0,0.0,0.1,0.0,0.0,21.4,78.5
20131121181900,0.0,0.0,0.0,0.1,0.0,0.0,79.3,20.6
20131121182000,0.0,0.0,0.0,0.0,0.0,0.0,68.6,31.3
20131121182100,0.0,0.0,0.0,0.0,0.0,0.0,72.2,27.8
20131121182200,0.0,0.0,0.0,0.0,0.0,0.0,61.7,38.2
20131121182300,0.0,0.0,0.0,0.0,0.0,0.0,35.3,64.7
20131121182400,0.0,0.0,0.0,0.0,0.0,0.0,10.5,89.4
20131121182500,0.0,0.0,0.0,0.1,0.0,0.0,52.8,47.1
20131121182600,0.0,0.0,0.1,0.1,0.1,0.0,56.5,43.3
20131121182700,0.0,0.0,0.1,0.3,0.2,0.0,48.5,51.0
20131121182800,0.0,0.0,0.0,0.0,0.0,0.0,84.5,15.4
20131121182900,0.0,0.0,0.1,0.1,0.0,0.0,88.4,11.3
20131121183000,0.0,0.0,0.3,0.1,0.1,0.0,61.1,38.4
20131121183100,0.0,0.0,0.0,0.0,0.0,0.0,55.4,44.6
20131121183200,0.0,0.0,0.0,0.0,0.0,0.0,68.7,31.3
20131121183300,0.0,0.0,0.0,0.0,0.0,0.0,33.5,66.4
20131121183400,0.0,0.0,0.0,0.0,0.0,0.0,18.8,81.2
20131121183500,0.0,0.0,0.0,0.0,0.0,0.0,9.6,90.4
20131121183600,0.0,0.0,0.1,0.1,0.0,0.0,28.1,71.6
20131121183700,0.0,0.0,0.0,0.2,0.0,0.0,25.4,74.3
20131121183800,0.0,0.0,0.0,0.2,0.0,0.0,22.5,77.1
20131121183900,0.0,0.0,0.1,0.2,0.0,0.0,27.0,72.7
20131121184000,0.0,0.0,0.0,0.0,0.0,0.0,61.3,38.6
20131121184100,0.0,0.0,0.0,0.0,0.0,0.0,27.0,73.0
20131121184200,0.0,0.0,0.0,0.1,0.0,0.0,34.5,65.4
20131121184300,0.0,0.0,0.0,0.1,0.1,0.0,21.4,78.5
20131121184400,0.0,0.0,0.0,0.0,0.0,0.0,25.0,74.9
20131121184500,0.0,0.0,0.0,0.0,0.1,0.0,5.3,94.7
20131121184600,0.0,0.0,0.0,0.0,0.1,0.0,20.3,79.6
20131121184700,0.0,0.0,0.0,0.0,0.0,0.0,16.4,83.5
20131121184800,0.0,0.0,0.0,0.0,0.0,0.0,8.8,91.2
20131121184900,0.0,0.0,0.0,0.0,0.0,0.0,8.2,91.8
20131121185000,0.0,0.0,0.0,0.0,0.0,0.0,15.2,84.7
20131121185100,0.0,0.0,0.0,0.0,0.0,0.0,6.5,93.5
20131121185200,0.0,0.0,0.0,0.0,0.0,0.0,7.9,92.1
20131121185300,0.0,0.0,0.0,0.0,0.0,0.0,1.7,98.3
20131121185400,0.0,0.0,0.0,0.0,0.0,0.0,2.5,97.5
20131121185500,0.0,0.0,0.0,0.0,0.0,0.0,2.2,97.8
20131121185600,0.0,0.0,0.0,0.0,0.0,0.0,9.0,91.0
20131121185700,0.0,0.0,0.0,0.0,0.0,0.0,5.3,94.7
20131121185800,0.0,0.0,0.0,0.0,0.0,0.0,21.3,78.7
20131121185900,0.0,0.0,0.0,0.0,0.0,0.0,16.6,83.4
20131121190000,0.0,0.0,0.0,0.1,0.1,0.0,24.2,75.6
20131121190100,0.0,0.0,0.0,0.0,0.0,0.0,9.8,90.2
20131121190200,0.0,0.0,0.0,0.0,0.0,0.0,8.1,91.8
20131121190300,0.0,0.0,0.0,0.0,0.0,0.0,6.7,93.3
20131121190400,0.0,0.0,0.0,0.0,0.0,0.0,25.2,74.7
20131121190500,0.0,0.0,0.0,0.0,0.0,0.0,18.7,81.3
20131121190600,0.0,0.0,0.0,0.0,0.1,0.0,9.4,90.5
20131121190700,0.0,0.0,0.0,0.0,0.1,0.0,16.0,83.9
20131121190800,0.0,0.0,0.0,0.0,0.0,0.0,6.9,93.0
20131121190900,0.0,0.0,0.0,0.0,0.0,0.0,14.9,85.0
20131121191000,0.0,0.0,0.0,0.0,0.1,0.0,62.1,37.8
20131121191100,0.0,0.0,0.0,0.0,0.0,0.0,89.7,10.3
20131121191200,0.0,0.0,0.0,0.1,0.1,0.0,81.9,18.0
20131121191300,0.0,0.0,0.0,0.0,0.0,0.0,46.9,53.0
20131121191400,0.0,0.0,0.0,0.0,0.0,0.0,46.3,53.6
20131121191500,0.0,0.0,0.0,0.0,0.0,0.0,77.6,22.3
20131121191600,0.0,0.0,0.0,0.0,0.1,0.0,65.8,34.1
20131121191700,0.0,0.0,0.0,0.0,0.0,0.0,27.8,72.2
20131121191800,0.0,0.0,0.0,0.0,0.0,0.0,8.3,91.6
20131121191900,0.0,0.0,0.8,0.1,0.5,0.0,48.1,50.5
20131121192000,0.0,0.0,0.0,0.0,0.0,0.0,56.2,43.7
20131121192100,0.0,0.0,0.0,0.1,0.0,0.0,54.4,45.5
20131121192200,0.0,0.0,0.0,0.0,0.0,0.0,19.3,80.6
20131121192300,0.0,0.0,0.0,0.0,0.0,0.0,24.7,75.3
20131121192400,0.0,0.0,0.0,0.0,0.0,0.0,2.2,97.8
20131121192500,0.0,0.0,0.0,0.0,0.0,0.0,4.6,95.4
20131121192600,0.0,0.0,0.0,0.0,0.0,0.0,1.2,98.8
20131121192700,0.0,0.0,0.0,0.0,0.0,0.0,1.3,98.6
20131121192800,0.0,0.0,0.0,0.0,0.0,0.0,3.1,96.9
20131121192900,0.0,0.0,0.0,0.0,0.0,0.0,4.5,95.5
20131121193000,0.0,0.0,0.0,0.0,0.0,0.0,3.2,96.7
20131121193100,0.0,0.0,0.0,0.1,0.4,0.0,9.7,89.9
20131121193200,0.0,0.0,0.0,0.0,0.2,0.0,8.9,90.9
20131121193300,0.0,0.0,0.0,0.1,0.1,0.0,19.9,80.0
20131121193400,0.0,0.0,0.0,0.2,0.2,0.0,54.4,45.1
20131121193500,0.0,0.0,0.0,0.2,0.5,0.0,5.5,93.7
20131121193600,0.0,0.0,0.0,0.0,0.1,0.0,13.7,86.2
20131121193700,0.0,0.0,0.0,0.0,0.1,0.0,8.3,91.5
20131121193800,0.0,0.0,0.0,0.0,0.2,0.0,7.6,92.1
20131121193900,0.0,0.0,0.0,0.1,0.8,0.0,8.5,90.6
20131121194000,0.0,0.0,0.0,0.0,1.0,0.0,7.7,91.3
20131121194100,0.0,0.0,0.0,0.0,0.3,0.0,24.3,75.4
20131121194200,0.0,0.0,0.0,0.0,0.2,0.0,6.8,92.9
20131121194300,0.0,0.0,0.0,0.0,1.1,0.0,2.0,96.9
20131121194400,0.0,0.0,0.0,0.1,1.2,0.0,1.0,97.8
20131121194500,0.0,0.0,0.0,0.0,0.3,0.0,0.1,99.6
20131121194600,0.0,0.0,0.0,0.0,0.3,0.0,0.6,99.1
20131121194700,0.0,0.0,0.0,0.0,0.0,0.0,0.1,99.9
20131121194800,0.0,0.0,0.0,0.0,0.0,0.0,0.1,99.8
20131121194900,0.0,0.0,0.0,0.0,0.0,0.0,0.2,99.7
20131121195000,0.0,0.0,0.0,0.0,0.0,0.0,0.1,99.9
20131121195100,0.0,0.0,0.0,0.0,0.0,0.0,1.4,98.6
20131121195200,0.0,0.0,0.0,0.0,0.1,0.0,4.6,95.3
20131121195300,0.0,0.0,0.0,0.0,0.1,0.0,1.6,98.3
20131121195400,0.0,0.0,0.0,0.0,0.1,0.0,1.5,98.4
20131121195500,0.0,0.0,0.0,0.0,0.0,0.0,0.1,99.9
20131121195600,0.0,0.0,0.0,0.0,0.0,0.0,0.3,99.7
20131121195700,0.0,0.0,0.0,0.0,0.1,0.0,0.4,99.5
20131121195800,0.0,0.0,0.0,0.0,0.0,0.0,0.1,99.9
20131121195900,0.0,0.0,0.0,0.0,0.0,0.0,0.1,99.9
20131121200000,0.0,0.0,0.0,0.0,0.0,0.0,0.1,99.9
20131121200100,0.0,0.0,0.0,0.1,0.4,0.0,0.7,98.8
20131121200200,0.0,0.0,0.0,0.0,0.7,0.0,0.9,98.3
20131121200300,0.0,0.0,0.0,0.0,0.1,0.0,0.1,99.8
20131121200400,0.0,0.0,0.0,0.0,0.1,0.0,0.1,99.8
20131121200500,0.0,0.0,0.0,0.0,0.3,0.0,0.8,98.9
20131121200600,0.0,0.0,0.0,0.0,0.1,0.0,0.3,99.6
20131121200700,0.0,0.0,0.0,0.0,0.2,0.0,0.1,99.7
20131121200800,0.0,0.0,0.0,0.0,0.0,0.0,0.0,100.0
20131121200900,0.0,0.0,0.0,0.0,0.0,0.0,0.0,100.0
20131121201000,0.0,0.0,0.0,0.0,0.0,0.0,0.0,100.0
20131121201100,0.0,0.0,0.0,0.0,0.0,0.0,0.0,100.0
20131121201200,0.0,0.0,0.0,0.0,0.0,0.0,0.0,100.0
20131121201300,0.0,0.0,0.0,0.0,0.0,0.0,0.0,100.0
20131121201400,0.0,0.0,0.0,0.0,0.0,0.0,0.0,100.0
20131121201500,0.0,0.0,0.0,0.0,0.0,0.0,0.0,100.0
20131121201600,0.0,0.0,0.0,0.0,0.0,0.0,0.0,99.9
20131121201700,0.0,0.0,0.0,0.0,0.0,0.0,0.2,99.7
20131121201800,0.0,0.0,0.0,0.0,0.4,0.0,1.5,98.1
20131121201900,0.0,0.0,0.0,0.0,0.1,0.0,0.8,99.1
20131121202000,0.0,0.0,0.0,0.1,2.7,0.0,25.6,71.6
20131121202100,0.0,0.0,0.0,0.0,12.0,0.0,8.7,79.3
20131121202200,0.0,0.0,0.1,0.0,28.4,0.0,20.2,51.2
20131121202300,0.0,0.0,0.0,0.1,8.3,0.3,17.1,74.2
20131121202400,0.0,0.0,0.2,0.0,14.8,0.0,70.4,14.6
20131121202500,0.0,0.0,0.1,0.0,24.9,0.0,69.6,5.3
20131121202600,0.0,0.0,1.0,0.0,18.5,0.1,68.6,11.9
20131121202700,0.0,0.0,0.5,0.0,5.0,0.1,85.9,8.4
20131121202800,0.0,0.1,0.8,0.1,8.5,0.1,68.8,21.6
20131121202900,0.0,0.0,0.4,0.0,3.7,0.0,90.5,5.3
20131121203000,0.0,0.0,0.6,0.1,11.1,0.1,67.5,20.6
20131121203100,0.0,0.1,1.4,0.0,8.6,0.1,55.3,34.6
20131121203200,0.0,0.0,0.4,0.0,16.1,0.0,63.5,19.8
20131121203300,0.0,0.0,0.1,0.0,22.5,0.0,60.5,16.8
20131121203400,0.0,0.0,0.2,0.0,23.0,0.0,62.6,14.1
20131121203500,0.0,0.0,0.2,0.0,14.0,0.0,52.0,33.7
20131121203600,0.0,0.0,0.1,0.0,14.8,0.2,54.1,30.8
20131121203700,0.0,0.0,0.0,0.0,8.0,0.1,85.8,6.1
20131121203800,0.0,0.0,0.1,0.0,28.2,0.2,19.1,52.4
20131121203900,0.0,0.0,0.0,0.0,5.0,0.3,20.9,73.8
20131121204000,0.1,0.0,0.0,0.0,2.4,0.1,3.8,93.6
20131121204100,0.0,0.0,0.0,0.0,0.3,0.1,0.5,99.0
20131121204200,0.0,0.0,0.0,0.0,4.2,0.1,1.7,93.9
20131121204300,0.0,0.0,0.0,0.0,0.9,0.6,8.1,90.4
20131121204400,0.0,0.0,0.0,0.0,1.0,0.3,14.9,83.8
20131121204500,0.0,0.0,0.0,0.0,1.9,0.2,2.2,95.7
20131121204600,0.0,0.0,0.0,0.0,1.2,0.3,2.1,96.4
20131121204700,0.0,0.0,0.0,0.0,3.7,0.7,2.8,92.8
20131121204800,0.0,0.0,0.0,0.0,2.5,0.3,1.1,96.1
20131121204900,0.0,0.0,0.0,0.0,0.2,0.1,0.1,99.5
20131121205000,0.0,0.0,0.0,0.0,0.1,0.1,0.1,99.7
20131121205100,0.0,0.0,0.0,0.0,0.0,0.0,0.0,100.0
20131121205200,0.0,0.0,0.0,0.0,0.6,0.1,0.6,98.7
20131121205300,0.0,0.0,0.0,0.0,3.4,0.0,6.0,90.6
20131121205400,0.0,0.0,0.0,0.0,2.7,0.0,36.2,61.1
20131121205500,0.0,0.0,0.0,0.0,0.5,0.0,8.4,91.1
20131121205600,0.0,0.0,0.0,0.0,0.6,0.0,41.7,57.7
20131121205700,0.0,0.0,0.0,0.0,0.1,0.0,56.3,43.5
20131121205800,0.0,0.0,0.0,0.0,0.1,0.0,17.6,82.3
20131121205900,0.0,0.0,0.0,0.0,0.2,0.0,17.9,81.9
20131121210000,0.0,0.0,0.0,0.0,0.6,0.0,16.4,83.0
20131121210100,0.0,0.0,0.0,0.0,0.7,0.0,13.7,85.6
20131121210200,0.0,0.0,0.0,0.0,1.2,0.0,2.4,96.4
20131121210300,0.0,0.0,0.0,0.0,0.7,0.0,4.2,95.1
20131121210400,0.0,0.0,0.0,0.0,0.0,0.0,6.9,93.1
20131121210500,0.0,0.0,0.0,0.0,1.1,0.0,34.8,64.1
20131121210600,0.0,0.0,0.0,0.0,2.4,0.0,31.0,66.6
20131121210700,0.0,0.0,0.0,0.0,0.2,0.0,4.2,95.6
20131121210800,0.0,0.0,0.0,0.0,0.7,0.0,2.1,97.2
20131121210900,0.0,0.0,0.0,0.0,0.3,0.0,0.7,99.0
20131121211000,0.0,0.0,0.0,0.0,1.1,0.0,5.7,93.2
20131121211100,0.0,0.0,0.0,0.0,1.3,0.0,2.5,96.2
20131121211200,0.0,0.0,0.0,0.0,0.3,0.0,1.5,98.2
20131121211300,0.0,0.0,0.0,0.0,1.6,0.0,1.8,96.6
20131121211400,0.0,0.0,0.0,0.0,2.5,0.0,4.3,93.2
20131121211500,0.0,0.0,0.0,0.0,0.8,0.0,3.7,95.6
20131121211600,0.0,0.0,0.0,0.0,0.1,0.0,0.7,99.1
20131121211700,0.0,0.0,0.0,0.0,0.0,0.0,0.3,99.7
20131121211800,0.0,0.0,0.0,0.0,0.1,0.0,1.1,98.8
20131121211900,0.0,0.0,0.0,0.0,0.7,0.0,3.2,96.1
20131121212000,0.0,0.0,0.0,0.0,20.3,0.0,16.7,62.9
20131121212100,0.0,0.0,0.0,0.0,17.1,0.0,30.0,52.9
20131121212200,0.0,0.0,0.0,0.0,1.6,0.0,21.5,76.9
20131121212300,0.0,0.0,0.0,0.0,0.8,0.0,30.7,68.5
20131121212400,0.0,0.0,0.0,0.0,0.4,0.0,42.1,57.5
20131121212500,0.0,0.0,0.0,0.0,0.7,0.0,55.8,43.4
20131121212600,0.0,0.0,0.0,0.0,0.6,0.0,65.5,34.0
20131121212700,0.0,0.0,0.0,0.0,0.1,0.0,73.6,26.3
20131121212800,0.0,0.0,0.0,0.0,0.1,0.0,90.5,9.4
20131121212900,0.0,0.0,0.0,0.0,0.1,0.0,46.3,53.6
20131121213000,0.0,0.0,0.0,0.0,0.1,0.0,65.0,34.9
20131121213100,0.0,0.0,0.0,0.0,0.0,0.0,76.8,23.2
20131121213200,0.0,0.0,0.0,0.0,0.1,0.0,44.8,55.2
20131121213300,0.0,0.0,0.0,0.0,0.1,0.0,13.3,86.6
20131121213400,0.0,0.0,0.0,0.0,0.1,0.0,13.2,86.7
20131121213500,0.0,0.0,0.0,0.0,0.0,0.0,36.0,64.0
20131121213600,0.0,0.0,0.0,0.0,0.0,0.0,34.2,65.7
20131121213700,0.0,0.0,0.0,0.0,0.0,0.0,12.6,87.4
20131121213800,0.0,0.0,0.0,0.0,0.1,0.0,19.3,80.6
20131121213900,0.0,0.0,0.0,0.0,0.1,0.0,78.6,21.2
20131121214000,0.0,0.0,0.0,0.0,0.0,0.0,65.4,34.6
20131121214100,0.0,0.0,0.0,0.0,0.0,0.0,76.6,23.4
20131121214200,0.0,0.0,0.0,0.0,0.0,0.0,66.5,33.5
20131121214300,0.0,0.0,0.0,0.0,0.0,0.0,97.1,2.9
20131121214400,0.0,0.0,0.0,0.0,0.0,0.0,82.5,17.5
20131121214500,0.0,0.0,0.0,0.0,0.0,0.0,87.7,12.3
20131121214600,0.0,0.0,0.0,0.0,0.0,0.0,85.6,14.4
20131121214700,0.0,0.0,0.0,0.0,0.0,0.0,88.5,11.5
20131121214800,0.0,0.0,0.0,0.0,0.0,0.0,76.8,23.2
20131121214900,0.0,0.0,0.0,0.0,0.0,0.0,95.0,5.0
20131121215000,0.0,0.0,0.0,0.0,0.0,0.0,91.1,8.9
20131121215100,0.0,0.0,0.0,0.0,0.0,0.0,87.9,12.1
20131121215200,0.0,0.0,0.0,0.0,0.0,0.0,75.5,24.5
20131121215300,0.0,0.0,0.0,0.0,0.0,0.0,99.7,0.3
20131121215400,0.0,0.0,0.0,0.0,0.0,0.0,96.0,4.0
20131121215500,0.0,0.0,0.0,0.0,0.0,0.0,88.8,11.2
20131121215600,0.0,0.0,0.0,0.0,0.0,0.0,83.1,16.9
20131121215700,0.0,0.0,0.0,0.0,0.0,0.0,89.3,10.7
20131121215800,0.0,0.0,0.0,0.0,0.0,0.0,89.2,10.8
20131121215900,0.0,0.0,0.0,0.0,0.0,0.0,94.1,5.9
20131121220000,0.0,0.0,0.0,0.0,0.0,0.0,95.8,4.2
20131121220100,0.0,0.0,0.0,0.0,0.0,0.0,94.7,5.3
20131121220200,0.0,0.0,0.0,0.0,0.0,0.0,88.7,11.3
20131121220300,0.0,0.0,0.0,0.0,0.0,0.0,92.4,7.6
20131121220400,0.0,0.0,0.0,0.0,0.0,0.0,87.1,12.9
20131121220500,0.0,0.0,0.0,0.0,0.0,0.0,66.4,33.6
20131121220600,0.0,0.0,0.0,0.0,0.0,0.0,93.0,7.0
20131121220700,0.0,0.0,0.0,0.0,0.0,0.0,85.6,14.4
20131121220800,0.0,0.0,0.0,0.0,0.0,0.0,83.1,16.9
20131121220900,0.0,0.0,0.0,0.0,0.0,0.0,61.4,38.5
20131121221000,0.0,0.0,0.0,0.0,0.0,0.0,79.4,20.5
20131121221100,0.0,0.0,0.0,0.0,0.1,0.0,77.1,22.8
20131121221200,0.0,0.0,0.0,0.0,0.0,0.0,42.7,57.2
20131121221300,0.0,0.0,0.0,0.0,0.0,0.0,78.3,21.7
20131121221400,0.0,0.0,0.0,0.0,0.0,0.0,42.8,57.2
20131121221500,0.0,0.0,0.0,0.0,0.1,0.0,49.9,50.0
20131121221600,0.0,0.0,0.0,0.0,0.2,0.0,21.6,78.2
20131121221700,0.0,0.0,0.0,0.0,0.2,0.0,34.6,65.2
20131121221800,0.0,0.0,0.0,0.0,0.2,0.0,36.0,63.7
20131121221900,0.0,0.0,0.0,0.0,0.1,0.0,78.3,21.7
20131121222000,0.0,0.0,0.0,0.0,0.4,0.0,35.5,64.1
20131121222100,0.0,0.0,0.0,0.0,0.2,0.0,11.1,88.7
20131121222200,0.0,0.0,0.0,0.0,0.1,0.0,6.1,93.8
20131121222300,0.0,0.0,0.0,0.0,0.1,0.0,6.5,93.3
20131121222400,0.0,0.0,0.0,0.0,1.7,0.0,24.7,73.6
20131121222500,0.0,0.0,0.0,0.0,2.4,0.0,25.6,71.9
20131121222600,0.0,0.0,0.0,0.0,3.1,0.0,8.8,88.0
20131121222700,0.0,0.0,0.0,0.0,1.0,0.0,10.0,89.0
20131121222800,0.0,0.0,0.0,0.0,1.5,0.0,33.8,64.7
20131121222900,0.0,0.0,0.0,0.0,1.4,0.0,31.2,67.3
20131121223000,0.0,0.0,0.0,0.0,0.4,0.0,58.0,41.6
20131121223100,0.0,0.0,0.0,0.0,0.2,0.0,11.7,88.1
20131121223200,0.0,0.0,0.0,0.0,1.1,0.0,52.7,46.2
20131121223300,0.0,0.0,0.0,0.0,1.3,0.0,36.4,62.3
20131121223400,0.0,0.0,0.0,0.0,3.0,0.0,48.2,48.8
20131121223500,0.0,0.0,0.0,0.0,0.2,0.0,4.9,94.9
20131121223600,0.0,0.0,0.0,0.0,0.2,0.0,17.9,81.9
20131121223700,0.0,0.0,0.0,0.0,1.4,0.0,13.5,85.0
20131121223800,0.0,0.0,0.0,0.0,0.5,0.0,55.9,43.6
20131121223900,0.0,0.0,0.0,0.0,2.6,0.0,62.4,35.0
20131121224000,0.0,0.0,0.0,0.0,1.9,0.0,61.7,36.4
20131121224100,0.0,0.0,0.0,0.0,0.6,0.0,68.7,30.7
20131121224200,0.0,0.0,0.0,0.0,0.3,0.0,57.4,42.3
20131121224300,0.0,0.0,0.0,0.0,1.1,0.0,78.0,20.9
20131121224400,0.0,0.0,0.0,0.0,0.3,0.0,67.5,32.3
20131121224500,0.0,0.0,0.0,0.0,0.6,0.0,42.9,56.5
20131121224600,0.0,0.0,0.0,0.0,1.0,0.0,70.2,28.8
20131121224700,0.0,0.0,0.0,0.0,0.5,0.0,91.8,7.6
20131121224800,0.0,0.0,0.0,0.0,0.6,0.0,91.0,8.4
20131121224900,0.0,0.0,0.0,0.0,0.7,0.0,94.1,5.2
20131121225000,0.0,0.0,0.0,0.0,1.7,0.0,79.3,18.9
20131121225100,0.0,0.0,0.0,0.0,0.7,0.0,92.9,6.4
20131121225200,0.0,0.0,0.0,0.0,2.0,0.0,71.9,26.1
20131121225300,0.0,0.0,0.0,0.0,0.2,0.0,87.8,12.0
20131121225400,0.0,0.0,0.0,0.0,0.2,0.0,92.8,7.0
20131121225500,0.0,0.0,0.0,0.0,0.2,0.0,94.9,4.9
20131121225600,0.0,0.0,0.0,0.0,0.3,0.0,71.6,28.2
20131121225700,0.0,0.0,0.0,0.0,0.1,0.0,76.1,23.8
20131121225800,0.0,0.0,0.0,0.0,0.2,0.0,55.7,44.1
20131121225900,0.0,0.0,0.0,0.0,0.1,0.0,72.3,27.5
20131121230000,0.0,0.0,0.0,0.0,0.3,0.0,43.5,56.1
20131121230100,0.0,0.0,0.0,0.0,0.3,0.0,39.6,60.1
20131121230200,0.0,0.0,0.0,0.0,1.4,0.0,44.4,54.2
20131121230300,0.0,0.0,0.0,0.0,0.3,0.0,53.1,46.6
20131121230400,0.0,0.0,0.0,0.0,0.8,0.0,68.5,30.7
20131121230500,0.0,0.0,0.0,0.0,0.4,0.0,18.3,81.3
20131121230600,0.0,0.0,0.0,0.0,0.1,0.0,14.0,85.8
20131121230700,0.0,0.0,0.0,0.0,0.4,0.0,41.8,57.8
20131121230800,0.0,0.0,0.0,0.0,0.8,0.0,31.8,67.4
20131121230900,0.0,0.0,0.0,0.0,0.2,0.0,50.0,49.7
20131121231000,0.0,0.0,0.0,0.0,0.2,0.0,11.3,88.4
20131121231100,0.0,0.0,0.0,0.0,0.8,0.0,12.4,86.8
20131121231200,0.0,0.0,0.0,0.0,1.1,0.0,14.8,84.1
20131121231300,0.0,0.0,0.0,0.0,1.9,0.0,12.4,85.6
20131121231400,0.0,0.0,0.0,0.0,2.3,0.0,21.0,76.7
20131121231500,0.0,0.0,0.0,0.0,0.2,0.0,18.8,81.0
20131121231600,0.0,0.0,0.0,0.0,0.9,0.0,34.6,64.5
20131121231700,0.0,0.0,0.0,0.1,0.5,0.0,71.3,28.1
20131121231800,0.0,0.0,0.0,0.0,0.6,0.0,59.0,40.4
20131121231900,0.0,0.0,0.0,0.1,0.2,0.0,25.9,73.8
20131121232000,0.0,0.0,0.0,0.0,0.2,0.0,15.3,84.5
20131121232100,0.0,0.0,0.0,0.0,1.7,0.0,19.0,79.2
20131121232200,0.0,0.0,0.0,0.1,5.6,0.0,54.1,40.3
20131121232300,0.0,0.0,0.0,0.5,4.4,0.0,54.1,40.9
20131121232400,0.0,0.0,0.0,0.7,2.8,0.0,29.8,66.7
20131121232500,0.0,0.0,0.0,0.4,0.6,0.0,61.5,37.5
20131121232600,0.0,0.0,0.0,0.2,0.4,0.0,93.6,5.8
20131121232700,0.0,0.0,0.0,0.2,0.4,0.0,91.0,8.4
20131121232800,0.0,0.0,0.0,0.2,0.3,0.0,69.2,30.3
20131121232900,0.0,0.0,0.0,0.0,0.3,0.0,86.6,13.1
20131121233000,0.0,0.0,0.0,0.0,0.2,0.0,59.8,39.9
20131121233100,0.0,0.0,0.0,0.0,0.4,0.0,21.3,78.2
20131121233200,0.0,0.0,0.0,0.0,0.1,0.0,35.1,64.8
20131121233300,0.0,0.0,0.0,0.0,0.0,0.0,9.2,90.8
20131121233400,0.0,0.0,0.0,0.0,0.0,0.0,14.5,85.4
20131121233500,0.0,0.0,0.0,0.0,0.1,0.0,50.5,49.3
20131121233600,0.0,0.0,0.0,0.0,0.0,0.0,13.0,87.0
20131121233700,0.0,0.0,0.0,0.0,0.0,0.0,3.7,96.3
20131121233800,0.0,0.0,0.0,0.0,0.0,0.0,1.7,98.3
20131121233900,0.0,0.0,0.0,0.0,0.0,0.0,26.8,73.2
20131121234000,0.0,0.0,0.0,0.0,0.0,0.0,98.0,2.0
20131121234100,0.0,0.0,0.0,0.0,0.0,0.0,97.9,2.1
20131121234200,0.0,0.0,0.0,0.0,0.0,0.0,98.1,1.9
20131121234300,0.0,0.0,0.0,0.0,0.0,0.0,99.7,0.3
20131121234400,0.0,0.0,0.0,0.0,0.0,0.0,97.1,2.9
20131121234500,0.0,0.0,0.0,0.0,0.0,0.0,99.7,0.3
20131121234600,0.0,0.0,0.0,0.0,0.0,0.0,99.7,0.3
20131121234700,0.0,0.0,0.0,0.0,0.0,0.0,99.5,0.5
20131121234800,0.0,0.0,0.0,0.0,0.0,0.0,99.6,0.4
20131121234900,0.0,0.0,0.0,0.0,0.0,0.0,99.7,0.3
20131121235000,0.0,0.0,0.0,0.0,0.0,0.0,99.0,1.0
20131121235100,0.0,0.0,0.0,0.0,0.0,0.0,99.7,0.3
20131121235200,0.0,0.0,0.0,0.0,0.0,0.0,99.3,0.7
20131121235300,0.0,0.0,0.0,0.0,0.0,0.0,98.5,1.5
20131121235400,0.0,0.0,0.0,0.0,0.0,0.0,99.9,0.1
20131121235500,0.0,0.0,0.0,0.0,0.0,0.0,99.9,0.1
20131121235600,0.0,0.0,0.0,0.0,0.0,0.0,99.9,0.1
20131121235700,0.0,0.0,0.0,0.0,0.0,0.0,99.7,0.2
20131121235800,0.0,0.0,0.0,0.0,0.0,0.0,99.9,0.0
20131121235900,0.0,0.0,0.0,0.0,0.0,0.0,99.6,0.3
20131122000000,0.0,0.0,0.0,0.0,0.0,0.0,99.4,0.6
20131122000100,0.0,0.0,0.0,0.0,0.0,0.0,99.0,1.0
20131122000200,0.0,0.0,0.0,0.0,0.0,0.0,99.3,0.7
20131122000300,0.0,0.0,0.0,0.0,0.0,0.0,99.5,0.4
20131122000400,0.0,0.0,0.0,0.0,0.0,0.0,99.9,0.1
20131122000500,0.0,0.0,0.0,0.0,0.0,0.0,99.7,0.3
20131122000600,0.0,0.0,0.0,0.0,0.0,0.0,99.6,0.4
20131122000700,0.0,0.0,0.0,0.0,0.0,0.0,98.2,1.8
20131122000800,0.0,0.0,0.0,0.0,0.0,0.0,94.9,5.1
20131122000900,0.0,0.0,0.0,0.0,0.0,0.0,99.7,0.3
20131122001000,0.0,0.0,0.0,0.0,0.0,0.0,99.8,0.2
20131122001100,0.0,0.0,0.0,0.0,0.0,0.0,99.7,0.3
20131122001200,0.0,0.0,0.0,0.0,0.0,0.0,99.9,0.1
20131122001300,0.0,0.0,0.0,0.0,0.0,0.0,99.4,0.6
20131122001400,0.0,0.0,0.0,0.0,0.0,0.0,98.8,1.1
20131122001500,0.0,0.0,0.0,0.0,0.0,0.0,97.2,2.8
20131122001600,0.0,0.0,0.0,0.0,0.0,0.0,90.3,9.7
20131122001700,0.0,0.0,0.0,0.0,0.0,0.0,98.9,1.1
20131122001800,0.0,0.0,0.0,0.0,0.0,0.0,97.7,2.3
20131122001900,0.0,0.0,0.0,0.0,0.0,0.0,95.6,4.4
20131122002000,0.0,0.0,0.0,0.0,0.0,0.0,89.1,10.9
20131122002100,0.0,0.0,0.0,0.0,0.0,0.0,99.3,0.7
20131122002200,0.0,0.0,0.0,0.0,0.0,0.0,97.0,3.0
20131122002300,0.0,0.0,0.0,0.0,0.0,0.0,97.5,2.5
20131122002400,0.0,0.0,0.0,0.0,0.0,0.0,99.1,0.9
20131122002500,0.0,0.0,0.0,0.0,0.0,0.0,95.4,4.5
20131122002600,0.0,0.0,0.0,0.0,0.1,0.0,98.8,1.1
20131122002700,0.0,0.0,0.0,0.0,0.0,0.0,99.8,0.2
20131122002800,0.0,0.0,0.0,0.0,0.0,0.0,99.9,0.1
20131122002900,0.0,0.0,0.0,0.0,0.0,0.0,99.9,0.1
20131122003000,0.0,0.0,0.0,0.0,0.1,0.0,99.8,0.2
20131122003100,0.0,0.0,0.0,0.0,0.0,0.0,100.0,0.0
20131122003200,0.0,0.0,0.0,0.0,0.0,0.0,100.0,0.0
20131122003300,0.0,0.0,0.0,0.0,0.0,0.0,99.6,0.3
20131122003400,0.0,0.0,0.0,0.0,0.0,0.0,99.8,0.2
20131122003500,0.0,0.0,0.0,0.0,0.0,0.0,99.1,0.9
20131122003600,0.0,0.0,0.0,0.0,0.0,0.0,97.2,2.8
20131122003700,0.0,0.0,0.0,0.0,0.0,0.0,98.4,1.6
20131122003800,0.0,0.0,0.0,0.0,0.0,0.0,97.0,3.0
20131122003900,0.0,0.0,0.0,0.0,0.0,0.0,96.8,3.2
20131122004000,0.0,0.0,0.0,0.0,0.1,0.0,98.4,1.6
20131122004100,0.0,0.0,0.0,0.0,0.7,0.0,91.8,7.5
20131122004200,0.0,0.0,0.0,0.0,0.3,0.0,90.8,8.9
20131122004300,0.0,0.0,0.0,0.0,0.0,0.0,94.7,5.2
20131122004400,0.0,0.0,0.0,0.0,0.5,0.0,85.4,14.1
20131122004500,0.0,0.0,0.0,0.0,0.2,0.0,28.7,71.2
20131122004600,0.0,0.0,0.0,0.0,0.2,0.0,81.2,18.6
20131122004700,0.0,0.0,0.0,0.0,0.0,0.0,17.7,82.2
20131122004800,0.0,0.0,0.0,0.0,1.4,0.0,15.4,83.1
20131122004900,0.0,0.0,0.0,0.0,0.4,0.0,8.7,90.9
20131122005000,0.0,0.0,0.0,0.0,10.8,0.0,7.3,81.9
20131122005100,0.0,0.0,0.0,0.0,2.3,0.0,38.7,59.0
20131122005200,0.0,0.0,0.0,0.0,1.4,0.0,37.0,61.6
20131122005300,0.0,0.0,0.0,0.0,0.1,0.0,13.5,86.4
20131122005400,0.0,0.0,0.0,0.0,0.0,0.0,2.7,97.3
20131122005500,0.0,0.0,0.0,0.0,0.5,0.0,4.7,94.8
20131122005600,0.0,0.0,0.0,0.0,0.0,0.0,12.7,87.3
20131122005700,0.0,0.0,0.0,0.0,0.1,0.0,16.2,83.7
20131122005800,0.0,0.0,0.0,0.0,1.4,0.0,33.6,65.0
20131122005900,0.0,0.0,0.0,0.0,0.3,0.0,27.4,72.4
20131122010000,0.0,0.0,0.0,0.0,0.5,0.0,17.0,82.5
20131122010100,0.0,0.0,0.0,0.0,0.4,0.0,5.3,94.3
20131122010200,0.0,0.0,0.0,0.0,0.3,0.0,26.1,73.6
20131122010300,0.0,0.0,0.0,0.0,0.5,0.0,75.2,24.3
20131122010400,0.0,0.0,0.0,0.0,0.2,0.0,41.7,58.2
20131122010500,0.0,0.0,0.0,0.0,0.2,0.0,8.0,91.8
20131122010600,0.0,0.0,0.0,0.0,0.0,0.0,85.9,14.1
20131122010700,0.0,0.0,0.0,0.0,1.5,0.0,64.2,34.3
20131122010800,0.0,0.0,0.0,0.0,0.5,0.0,32.8,66.7
20131122010900,0.0,0.0,0.0,0.0,0.2,0.0,67.3,32.5
20131122011000,0.0,0.0,0.0,0.0,0.1,0.0,45.3,54.6
20131122011100,0.0,0.0,0.0,0.0,1.1,0.0,7.2,91.7
20131122011200,0.0,0.0,0.0,0.0,1.1,0.0,45.0,53.9
20131122011300,0.0,0.0,0.0,0.0,8.3,0.0,10.0,81.8
20131122011400,0.0,0.0,0.0,0.0,3.7,0.0,26.9,69.3
20131122011500,0.0,0.0,0.0,0.0,0.5,0.0,34.8,64.7
20131122011600,0.0,0.0,0.0,0.0,17.2,0.0,66.6,16.3
20131122011700,0.0,0.0,0.0,0.0,13.1,0.0,48.2,38.7
20131122011800,0.0,0.0,0.0,0.0,2.2,0.0,12.2,85.5
20131122011900,0.0,0.0,0.0,0.0,15.6,0.0,27.4,57.0
20131122012000,0.0,0.0,0.0,0.0,7.0,0.0,28.0,65.0
20131122012100,0.0,0.0,0.0,0.0,15.8,0.0,33.0,51.2
20131122012200,0.0,0.0,0.0,0.0,16.4,0.0,1.4,82.2
20131122012300,0.0,0.0,0.0,0.0,39.0,0.0,18.7,42.3
20131122012400,0.0,0.0,0.0,0.0,16.2,0.0,2.8,81.0
20131122012500,0.0,0.0,0.0,0.0,6.0,0.0,0.1,93.8
20131122012600,0.0,0.0,0.0,0.0,3.6,0.0,0.2,96.2
20131122012700,0.0,0.0,0.0,0.0,3.1,0.0,0.0,96.8
20131122012800,0.0,0.0,0.0,0.0,0.6,0.0,0.0,99.3
20131122012900,0.0,0.0,0.0,0.0,3.5,0.0,0.1,96.3
20131122013000,0.0,0.0,0.0,0.0,7.1,0.0,0.1,92.8
20131122013100,0.0,0.0,0.0,0.0,1.6,0.0,0.1,98.3
20131122013200,0.0,0.0,0.0,0.0,5.6,0.0,0.4,94.1
20131122013300,0.0,0.0,0.0,0.0,0.1,0.0,0.0,99.8
20131122013400,0.0,0.0,0.0,0.0,0.1,0.0,0.0,99.9
20131122013500,0.0,0.0,0.0,0.0,0.2,0.0,0.0,99.8
20131122013600,0.0,0.0,0.0,0.0,0.4,0.0,0.0,99.6
20131122013700,0.0,0.0,0.0,0.0,0.5,0.0,0.1,99.3
20131122013800,0.0,0.0,0.0,0.0,0.7,0.0,0.1,99.1
20131122013900,0.0,0.0,0.0,0.0,0.4,0.0,0.0,99.6
20131122014000,0.0,0.0,0.0,0.0,1.1,0.0,0.1,98.8
20131122014100,0.0,0.0,0.0,0.0,0.5,0.0,0.1,99.3
20131122014200,0.0,0.0,0.0,0.0,0.3,0.0,0.2,99.6
20131122014300,0.0,0.0,0.0,0.0,1.5,0.0,0.2,98.3
20131122014400,0.0,0.0,0.0,0.0,2.1,0.0,0.1,97.8
20131122014500,0.0,0.0,0.0,0.0,0.1,0.0,0.0,99.8
20131122014600,0.0,0.0,0.0,0.0,0.6,0.0,0.0,99.4
20131122014700,0.0,0.0,0.0,0.0,0.5,0.0,0.1,99.4
20131122014800,0.0,0.0,0.0,0.0,4.8,0.0,0.2,95.1
20131122014900,0.0,0.0,0.0,0.0,3.7,0.0,0.8,95.6
20131122015000,0.0,0.0,0.0,0.0,5.4,0.0,0.2,94.4
20131122015100,0.0,0.0,0.0,0.0,0.8,0.0,0.1,99.1
20131122015200,0.0,0.0,0.0,0.0,1.3,0.0,0.1,98.6
20131122015300,0.0,0.0,0.0,0.0,3.4,0.0,0.0,96.5
20131122015400,0.0,0.0,0.0,0.0,2.8,0.0,0.3,96.9
20131122015500,0.0,0.0,0.0,0.0,4.2,0.0,0.1,95.7
20131122015600,0.0,0.0,0.0,0.0,1.5,0.0,1.6,96.9
20131122015700,0.0,0.0,0.0,0.0,1.8,0.0,1.0,97.2
20131122015800,0.0,0.0,0.0,0.0,9.5,0.0,1.0,89.5
20131122015900,0.0,0.0,0.0,0.0,3.8,0.0,2.3,93.9
20131122020000,0.0,0.0,0.0,0.0,34.2,0.0,10.0,55.8
20131122020100,0.0,0.0,0.0,0.0,7.4,0.0,3.1,89.5
20131122020200,0.0,0.0,0.0,0.0,22.2,0.0,0.9,77.0
20131122020300,0.0,0.0,0.0,0.0,58.8,0.0,1.8,39.4
20131122020400,0.0,0.0,0.0,0.0,11.4,0.0,0.1,88.5
20131122020500,0.0,0.0,0.0,0.0,32.3,0.0,3.5,64.2
20131122020600,0.0,0.0,0.0,0.0,25.0,0.0,1.8,73.1
20131122020700,0.0,0.0,0.0,0.0,50.4,0.0,0.6,49.0
20131122020800,0.0,0.0,0.0,0.0,30.2,0.0,2.0,67.7
20131122020900,0.0,0.0,0.0,0.0,13.1,0.0,7.4,79.4
20131122021000,0.0,0.0,0.0,0.0,38.7,0.0,2.9,58.5
20131122021100,0.0,0.0,0.0,0.0,46.8,0.0,24.0,29.2
20131122021200,0.0,0.0,0.0,0.0,67.9,0.0,7.3,24.8
20131122021300,0.0,0.0,0.0,0.0,37.3,0.0,16.2,46.4
20131122021400,0.0,0.0,0.0,0.0,37.3,0.1,2.5,60.2
20131122021500,0.0,0.0,0.0,0.0,16.7,0.0,3.2,80.0
20131122021600,0.0,0.0,0.0,0.0,19.5,0.0,4.4,76.0
20131122021700,0.0,0.0,0.0,0.0,17.7,0.0,4.0,78.3
20131122021800,0.0,0.0,0.0,0.0,14.8,0.1,3.1,82.0
20131122021900,0.0,0.0,0.0,0.0,44.7,0.0,1.8,53.5
20131122022000,0.0,0.0,0.0,0.0,17.6,0.0,1.5,80.9
20131122022100,0.0,0.0,0.0,0.0,14.4,0.0,9.7,75.8
20131122022200,0.0,0.0,0.0,0.0,22.4,0.0,2.4,75.2
20131122022300,0.0,0.0,0.0,0.0,22.5,0.1,3.4,74.0
20131122022400,0.0,0.0,0.0,0.0,3.1,0.2,4.2,92.6
20131122022500,0.0,0.0,0.0,0.0,47.0,0.2,2.7,50.1
20131122022600,0.0,0.0,0.0,0.0,2.9,0.0,1.0,96.1
20131122022700,0.0,0.0,0.0,0.0,20.3,0.0,0.5,79.2
20131122022800,0.0,0.0,0.0,0.0,3.2,0.3,1.1,95.3
20131122022900,0.0,0.0,0.0,0.0,1.1,0.2,1.8,96.9
20131122023000,0.0,0.0,0.0,0.0,4.0,0.8,3.7,91.5
20131122023100,0.0,0.0,0.0,0.0,7.6,1.6,2.7,88.1
20131122023200,0.0,0.0,0.0,0.0,8.5,1.8,4.9,84.9
20131122023300,0.0,0.0,0.0,0.0,16.6,0.4,9.7,73.2
20131122023400,0.0,0.0,0.0,0.0,16.9,1.7,3.8,77.5
20131122023500,0.0,0.0,0.0,0.0,7.9,1.3,0.8,90.0
20131122023600,0.0,0.0,0.0,0.0,19.3,0.2,0.5,80.0
20131122023700,0.0,0.0,0.0,0.0,3.1,0.9,0.5,95.5
20131122023800,0.0,0.0,0.0,0.0,7.5,0.4,6.4,85.7
20131122023900,0.0,0.0,0.0,0.0,14.5,0.1,4.3,81.1
20131122024000,0.0,0.0,0.0,0.0,57.5,0.1,9.2,33.2
20131122024100,0.0,0.0,0.0,0.0,47.2,0.9,1.5,50.4
20131122024200,0.0,0.0,0.0,0.0,21.8,0.4,46.4,31.4
20131122024300,0.0,0.0,0.0,0.0,49.1,1.1,9.9,39.9
20131122024400,0.0,0.0,0.0,0.0,66.4,0.8,5.8,27.0
20131122024500,0.0,0.0,0.0,0.0,61.3,1.2,9.5,28.0
20131122024600,0.0,0.0,0.0,0.0,22.8,1.4,10.4,65.3
20131122024700,0.0,0.0,0.0,0.0,12.6,0.1,8.7,78.6
20131122024800,0.0,0.0,0.0,0.0,29.7,0.5,1.5,68.3
20131122024900,0.0,0.0,0.0,0.0,25.4,0.3,2.4,71.9
20131122025000,0.0,0.0,0.0,0.0,32.9,0.1,4.4,62.6
20131122025100,0.0,0.0,0.0,0.0,11.6,0.1,35.5,52.8
20131122025200,0.0,0.0,0.0,0.0,15.9,0.1,32.8,51.2
20131122025300,0.0,0.0,0.0,0.0,5.6,0.1,31.2,63.1
20131122025400,0.0,0.0,0.0,0.0,20.5,0.2,47.2,32.2
20131122025500,0.0,0.0,0.0,0.0,8.4,0.1,37.1,54.4
20131122025600,0.0,0.0,0.0,0.0,0.6,0.3,12.5,86.7
20131122025700,0.0,0.0,0.0,0.0,26.7,0.2,31.6,41.4
20131122025800,0.0,0.0,0.0,0.0,1.9,0.1,9.0,88.9
20131122025900,0.0,0.0,0.0,0.0,5.7,0.9,45.8,47.6
20131122030000,0.0,0.0,0.0,0.0,3.7,2.2,34.1,59.9
20131122030100,0.0,0.0,0.0,0.0,8.7,0.3,57.6,33.3
20131122030200,0.0,0.0,0.0,0.0,3.3,0.3,13.1,83.4
20131122030300,0.0,0.0,0.0,0.0,2.4,0.6,21.0,76.1
20131122030400,0.0,0.0,0.0,0.0,4.0,0.3,10.7,85.0
20131122030500,0.0,0.0,0.0,0.0,8.4,1.5,26.7,63.4
20131122030600,0.0,0.0,0.0,0.0,2.9,0.3,30.0,66.8
20131122030700,0.0,0.0,0.0,0.0,6.6,0.1,13.7,79.6
20131122030800,0.0,0.0,0.0,0.0,7.1,0.1,21.4,71.5
20131122030900,0.0,0.0,0.0,0.0,12.2,1.0,29.0,57.9
20131122031000,0.0,0.0,0.0,0.0,6.2,0.3,29.3,64.2
20131122031100,0.0,0.0,0.0,0.0,2.6,0.3,2.6,94.5
20131122031200,0.0,0.0,0.0,0.0,21.2,0.5,19.3,58.9
20131122031300,0.0,0.0,0.0,0.0,12.9,0.4,28.9,57.8
20131122031400,0.0,0.0,0.0,0.0,30.5,0.3,19.9,49.3
20131122031500,0.0,0.0,0.0,0.0,36.4,0.5,36.8,26.3
20131122031600,0.0,0.0,0.0,0.0,15.5,0.4,7.8,76.4
20131122031700,0.0,0.0,0.0,0.0,69.0,0.2,6.6,24.2
20131122031800,0.0,0.0,0.0,0.0,77.0,0.6,9.0,13.4
20131122031900,0.0,0.0,0.0,0.0,42.7,0.4,28.0,28.9
20131122032000,0.0,0.0,0.0,0.0,50.3,0.0,42.8,6.9
20131122032100,0.0,0.0,0.0,0.0,46.1,0.2,30.6,23.1
20131122032200,0.0,0.0,0.0,0.0,3.1,0.0,4.2,92.7
20131122032300,0.0,0.0,0.0,0.0,2.4,0.0,62.8,34.8
20131122032400,0.0,0.0,0.0,0.0,4.6,0.0,15.9,79.4
20131122032500,0.0,0.0,0.0,0.0,0.5,0.0,18.3,81.2
20131122032600,0.0,0.0,0.0,0.0,3.8,0.0,30.7,65.5
20131122032700,0.0,0.0,0.0,0.0,1.7,0.0,35.3,63.0
20131122032800,0.0,0.0,0.0,0.0,31.0,0.0,1.3,67.7
20131122032900,0.0,0.0,0.0,0.0,13.1,0.0,27.6,59.3
20131122033000,0.0,0.0,0.0,0.0,26.3,0.0,8.4,65.3
20131122033100,0.0,0.0,0.0,0.0,5.3,0.1,54.5,40.2
20131122033200,0.0,0.0,0.0,0.0,18.0,0.5,52.9,28.6
20131122033300,0.0,0.0,0.0,0.0,31.5,0.2,31.9,36.4
20131122033400,0.0,0.0,0.0,0.0,11.3,1.0,8.3,79.4
