UT,arc,discrete,diffuse,ac,ab,clear,cloudy,dd
20130213154100,0.0,0.0,0.0,0.0,0.0,0.0,0.0,100.0
20130213154200,0.0,0.0,0.0,0.0,0.0,0.0,0.0,100.0
20130213154300,0.0,0.0,0.0,0.0,0.0,0.0,0.0,100.0
20130213154400,0.0,0.0,0.0,0.0,0.0,0.0,0.0,100.0
20130213154500,0.0,0.0,0.0,0.0,0.0,0.0,0.0,100.0
20130213154600,0.0,0.0,0.0,0.0,0.0,0.0,0.0,100.0
20130213154700,0.0,0.0,0.0,0.0,0.0,0.0,0.0,100.0
20130213154800,0.0,0.0,0.0,0.0,0.0,0.0,0.0,100.0
20130213154900,0.0,0.0,0.0,0.0,0.0,0.0,0.0,100.0
20130213155000,0.0,0.0,0.0,0.0,0.0,0.0,0.0,100.0
20130213155100,0.0,0.0,0.0,0.0,0.0,0.0,0.0,100.0
20130213155200,0.0,0.0,0.0,0.0,0.0,0.0,0.0,100.0
20130213155300,0.0,0.0,0.0,0.0,0.0,0.0,0.0,100.0
20130213155400,0.0,0.0,0.0,0.0,0.0,0.0,0.0,100.0
20130213155500,0.0,0.0,0.0,0.0,0.0,0.0,0.0,100.0
20130213155600,0.0,0.0,0.0,0.0,0.0,0.0,0.0,100.0
20130213155700,0.0,0.0,0.0,0.0,0.0,0.0,0.0,100.0
20130213155800,0.0,0.0,0.0,0.0,0.0,0.0,0.0,100.0
20130213155900,0.0,0.0,0.0,0.0,0.0,0.0,0.0,100.0
20130213160000,0.0,0.0,0.0,0.0,0.0,0.0,0.0,100.0
20130213160100,0.0,0.0,0.0,0.0,0.0,0.0,0.0,100.0
20130213160200,0.0,0.0,0.0,0.0,0.0,0.0,0.0,100.0
20130213160300,0.0,0.0,0.0,0.0,0.0,0.0,0.0,100.0
20130213160400,0.0,0.0,0.0,0.0,0.0,0.0,0.0,100.0
20130213160500,0.0,0.0,0.0,0.0,0.0,0.0,0.0,100.0
20130213160600,0.0,0.0,0.0,0.0,0.0,0.0,0.0,100.0
20130213160700,0.0,0.0,0.0,0.0,0.0,0.0,0.0,100.0
20130213160800,0.0,0.0,0.0,0.0,0.0,0.0,0.0,100.0
20130213160900,0.0,0.0,0.0,0.0,0.0,0.0,0.0,100.0
20130213161000,0.0,0.0,0.0,0.0,0.0,0.0,0.0,100.0
20130213161100,0.0,0.0,0.0,0.0,0.0,0.0,0.0,100.0
20130213161200,0.0,0.0,0.0,0.0,0.0,0.0,0.0,100.0
20130213161300,0.0,0.0,0.0,0.0,0.0,0.0,0.0,100.0
20130213161400,0.0,0.0,0.0,0.0,0.0,0.0,0.0,100.0
20130213161500,0.0,0.0,0.0,0.0,0.0,0.0,0.0,100.0
20130213161600,0.0,0.0,0.0,0.0,0.0,0.0,0.0,100.0
20130213161700,0.0,0.0,0.0,0.0,0.0,0.0,0.0,100.0
20130213161800,0.0,0.0,0.0,0.0,0.0,0.0,0.0,100.0
20130213161900,0.0,0.0,0.0,0.0,0.0,0.0,0.0,100.0
20130213162000,0.0,0.0,0.0,0.0,0.4,0.0,0.0,99.6
20130213162100,0.0,0.0,0.0,0.0,0.6,0.0,0.0,99.4
20130213162200,0.0,0.0,0.0,0.0,0.4,0.0,0.0,99.6
20130213162300,0.0,0.0,0.0,0.0,0.0,0.0,0.0,100.0
20130213162400,0.0,0.0,0.0,0.0,0.0,0.0,0.0,100.0
20130213162500,0.0,0.0,0.0,0.0,0.0,0.0,0.0,100.0
20130213162600,0.0,0.0,0.0,0.0,0.0,0.0,0.0,100.0
20130213162700,0.0,0.0,0.0,0.0,0.0,0.0,0.0,100.0
20130213162800,0.0,0.0,0.0,0.0,0.0,0.0,0.0,100.0
20130213162900,0.0,0.0,0.0,0.0,0.0,0.0,0.0,100.0
20130213163000,0.0,0.0,0.0,0.0,0.0,0.0,0.0,100.0
20130213163100,0.0,0.0,0.0,0.0,0.0,0.0,0.0,100.0
20130213163200,0.0,0.0,0.0,0.0,0.0,0.0,0.0,100.0
20130213163300,0.0,0.0,0.0,0.0,0.0,0.0,0.0,100.0
20130213163400,0.0,0.0,0.0,0.0,0.0,0.0,0.0,100.0
20130213163500,0.0,0.0,0.0,0.0,0.0,0.0,0.0,100.0
20130213163600,0.0,0.0,0.0,0.0,0.0,0.0,0.0,100.0
20130213163700,0.0,0.0,0.0,0.0,0.0,0.0,0.0,100.0
20130213163800,0.0,0.0,0.0,0.0,0.2,0.0,0.0,99.8
20130213163900,0.0,0.0,0.0,0.0,0.1,0.0,0.0,99.9
20130213164000,0.0,0.0,0.0,0.0,0.2,0.0,0.0,99.8
20130213164100,0.0,0.0,0.0,0.0,0.1,0.0,0.0,99.9
20130213164200,0.0,0.0,0.0,0.0,0.0,0.0,0.0,100.0
20130213164300,0.0,0.0,0.0,0.0,0.7,0.0,0.0,99.3
20130213164400,0.0,0.0,0.0,0.0,0.2,0.0,0.0,99.8
20130213164500,0.0,0.0,0.0,0.0,0.4,0.0,0.0,99.6
20130213164600,0.0,0.0,0.0,0.0,7.8,0.0,0.0,92.1
20130213164700,0.0,0.0,0.0,0.0,10.3,0.0,0.5,89.2
20130213164800,0.0,0.0,0.0,0.0,6.3,0.0,1.3,92.4
20130213164900,0.0,0.0,0.0,0.0,0.9,0.0,0.6,98.5
20130213165000,0.0,0.0,0.0,0.0,0.6,0.0,1.8,97.6
20130213165100,0.0,0.0,0.0,0.0,0.2,0.0,9.5,90.3
20130213165200,0.0,0.0,0.0,0.0,0.2,0.0,34.0,65.7
20130213165300,0.0,0.0,0.0,0.0,0.4,0.0,76.4,23.2
20130213165400,0.0,0.0,0.0,0.0,0.1,0.0,70.6,29.3
20130213165500,0.0,0.0,0.0,0.0,0.0,0.0,62.7,37.3
20130213165600,0.0,0.0,0.0,0.0,0.0,0.0,97.0,3.0
20130213165700,0.0,0.0,0.0,0.0,0.0,0.0,89.6,10.4
20130213165800,0.0,0.0,0.0,0.0,0.7,0.0,59.8,39.5
20130213165900,0.0,0.0,0.0,0.0,0.0,0.0,65.7,34.3
20130213170000,0.0,0.0,0.0,0.0,0.1,0.0,80.1,19.8
20130213170100,0.0,0.0,0.0,0.0,0.0,0.0,88.5,11.4
20130213170200,0.0,0.0,0.0,0.1,2.0,0.0,95.1,2.7
20130213170300,0.0,0.0,0.0,0.0,0.0,0.0,99.8,0.2
20130213170400,0.0,0.0,0.0,0.1,0.0,0.0,99.5,0.4
20130213170500,0.0,0.0,0.0,0.1,0.2,0.0,99.4,0.3
20130213170600,0.0,0.0,0.0,0.1,0.0,0.0,99.1,0.7
20130213170700,0.0,0.0,0.0,0.5,0.1,0.0,99.2,0.2
20130213170800,0.0,0.0,0.0,0.1,0.0,0.0,99.8,0.1
20130213170900,0.0,0.0,0.0,0.1,0.0,0.0,99.7,0.2
20130213171000,0.0,0.0,0.0,0.0,0.0,0.0,100.0,0.0
20130213171100,0.0,0.0,0.0,0.0,0.0,0.0,100.0,0.0
20130213171200,0.0,0.0,0.0,0.0,0.0,0.0,100.0,0.0
20130213171300,0.0,0.0,0.0,0.0,0.0,0.0,100.0,0.0
20130213171400,0.0,0.0,0.0,0.0,0.0,0.0,100.0,0.0
20130213171500,0.0,0.0,0.0,0.0,0.0,0.0,100.0,0.0
20130213171600,0.0,0.0,0.0,0.0,0.0,0.0,100.0,0.0
20130213171700,0.0,0.0,0.0,0.1,0.0,0.0,99.9,0.0
20130213171800,0.0,0.0,0.0,0.0,0.0,0.0,100.0,0.0
20130213171900,0.0,0.0,0.0,0.0,0.0,0.0,100.0,0.0
20130213172000,0.0,0.0,0.0,0.0,0.0,0.0,100.0,0.0
20130213172100,0.0,0.0,0.0,0.0,0.0,0.0,100.0,0.0
20130213172200,0.0,0.0,0.0,0.1,0.0,0.0,99.9,0.0
20130213172300,0.0,0.0,0.0,0.1,0.0,0.0,99.9,0.0
20130213172400,0.0,0.0,0.0,0.1,0.0,0.0,99.8,0.0
20130213172500,0.0,0.0,0.0,0.2,0.0,0.0,99.8,0.0
20130213172600,0.0,0.0,0.0,0.5,0.0,0.0,99.4,0.0
20130213172700,0.0,0.0,0.0,0.2,0.0,0.0,99.8,0.0
20130213172800,0.0,0.0,0.0,0.1,0.0,0.0,99.9,0.0
20130213172900,0.0,0.0,0.0,0.2,0.0,0.0,99.8,0.0
20130213173000,0.0,0.0,0.0,0.3,0.0,0.0,99.6,0.0
20130213173100,0.0,0.0,0.0,0.2,0.0,0.0,99.8,0.0
20130213173200,0.0,0.0,0.0,0.1,0.0,0.0,99.9,0.0
20130213173300,0.0,0.0,0.0,0.1,0.0,0.0,99.9,0.0
20130213173400,0.0,0.0,0.0,0.6,0.0,0.0,99.3,0.0
20130213173500,0.0,0.0,0.0,0.2,0.0,0.0,99.8,0.0
20130213173600,0.0,0.0,0.0,0.4,0.0,0.0,99.5,0.0
20130213173700,0.0,0.0,0.0,0.1,0.0,0.0,99.9,0.0
20130213173800,0.0,0.0,0.0,0.0,0.0,0.0,100.0,0.0
20130213173900,0.0,0.0,0.0,0.0,0.0,0.0,100.0,0.0
20130213174000,0.0,0.0,0.0,0.0,0.0,0.0,100.0,0.0
20130213174100,0.0,0.0,0.0,0.1,0.0,0.0,99.9,0.0
20130213174200,0.0,0.0,0.0,0.0,0.0,0.0,100.0,0.0
20130213174300,0.0,0.0,0.0,0.0,0.0,0.0,100.0,0.0
20130213174400,0.0,0.0,0.0,0.0,0.0,0.0,100.0,0.0
20130213174500,0.0,0.0,0.0,0.1,0.0,0.0,99.9,0.0
20130213174600,0.0,0.0,0.0,0.0,0.0,0.0,100.0,0.0
20130213174700,0.0,0.0,0.0,0.0,0.0,0.0,100.0,0.0
20130213174800,0.0,0.0,0.0,0.0,0.0,0.0,100.0,0.0
20130213174900,0.0,0.0,0.0,0.2,0.0,0.0,99.7,0.0
20130213175000,0.0,0.0,0.0,0.0,0.0,0.0,100.0,0.0
20130213175100,0.0,0.0,0.0,0.0,0.0,0.0,100.0,0.0
20130213175200,0.0,0.0,0.0,0.0,0.0,0.0,100.0,0.0
20130213175300,0.0,0.0,0.0,0.0,0.0,0.0,100.0,0.0
20130213175400,0.0,0.0,0.0,0.0,0.0,0.0,100.0,0.0
20130213175500,0.0,0.0,0.0,0.1,0.0,0.0,99.9,0.0
20130213175600,0.0,0.0,0.0,0.0,0.0,0.0,100.0,0.0
20130213175700,0.0,0.0,0.0,0.1,0.0,0.0,99.9,0.0
20130213175800,0.0,0.0,0.0,0.0,0.0,0.0,100.0,0.0
20130213175900,0.0,0.0,0.0,0.0,0.0,0.0,100.0,0.0
20130213180000,0.0,0.0,0.0,0.0,0.0,0.0,100.0,0.0
20130213180100,0.0,0.0,0.0,0.2,0.1,0.0,99.7,0.0
20130213180200,0.0,0.0,0.0,0.0,0.0,0.0,99.9,0.0
20130213180300,0.0,0.0,0.0,0.0,0.0,0.0,100.0,0.0
20130213180400,0.0,0.0,0.0,0.0,0.0,0.0,100.0,0.0
20130213180500,0.0,0.0,0.0,0.0,0.0,0.0,100.0,0.0
20130213180600,0.0,0.0,0.0,0.0,0.0,0.0,100.0,0.0
20130213180700,0.0,0.0,0.0,0.0,0.0,0.0,100.0,0.0
20130213180800,0.0,0.0,0.0,0.1,0.0,0.0,99.8,0.1
20130213180900,0.0,0.0,0.0,0.0,0.0,0.0,100.0,0.0
20130213181000,0.0,0.0,0.0,0.0,0.0,0.0,100.0,0.0
20130213181100,0.0,0.0,0.0,0.0,0.0,0.0,100.0,0.0
20130213181200,0.0,0.0,0.0,0.0,0.0,0.0,100.0,0.0
20130213181300,0.0,0.0,0.0,0.0,0.0,0.0,100.0,0.0
20130213181400,0.0,0.0,0.0,0.0,0.0,0.0,100.0,0.0
20130213181500,0.0,0.0,0.0,0.3,0.0,0.0,99.6,0.1
20130213181600,0.0,0.0,0.0,0.0,0.0,0.0,99.9,0.0
20130213181700,0.0,0.0,0.0,0.0,0.0,0.1,99.9,0.0
20130213181800,0.0,0.0,0.0,0.5,0.0,0.2,99.2,0.1
20130213181900,0.0,0.0,0.0,0.0,0.0,0.0,99.9,0.1
20130213182000,0.0,0.0,0.0,0.0,0.0,0.0,100.0,0.0
20130213182100,0.0,0.0,0.0,0.0,0.0,0.0,100.0,0.0
20130213182200,0.0,0.0,0.0,0.0,0.0,0.0,100.0,0.0
20130213182300,0.0,0.0,0.0,0.0,0.0,0.0,100.0,0.0
20130213182400,0.0,0.0,0.0,0.0,0.0,0.0,100.0,0.0
20130213182500,0.0,0.0,0.0,0.0,0.0,0.0,100.0,0.0
20130213182600,0.0,0.0,0.0,0.0,0.0,0.0,99.9,0.1
20130213182700,0.0,0.0,0.0,0.0,0.0,0.0,100.0,0.0
20130213182800,0.0,0.0,0.0,0.0,0.0,0.0,100.0,0.0
20130213182900,0.0,0.0,0.0,0.0,0.0,0.0,99.9,0.1
20130213183000,0.0,0.0,0.0,0.0,0.0,0.0,99.9,0.1
20130213183100,0.0,0.0,0.0,0.0,0.0,0.0,99.9,0.1
20130213183200,0.0,0.0,0.0,0.0,0.0,0.0,100.0,0.0
20130213183300,0.0,0.0,0.0,0.0,0.0,0.0,99.7,0.3
20130213183400,0.0,0.0,0.0,0.0,0.0,0.0,100.0,0.0
20130213183500,0.0,0.0,0.0,0.0,0.0,0.0,99.9,0.1
20130213183600,0.0,0.0,0.0,0.1,0.0,0.0,99.8,0.1
20130213183700,0.0,0.0,0.0,0.1,0.0,0.0,99.9,0.1
20130213183800,0.0,0.0,0.0,0.0,0.0,0.0,100.0,0.0
20130213183900,0.0,0.0,0.0,0.0,0.0,0.0,99.7,0.2
20130213184000,0.0,0.0,0.0,0.0,0.0,0.0,100.0,0.0
20130213184100,0.0,0.0,0.0,1.2,0.0,0.0,98.5,0.3
20130213184200,0.0,0.0,0.0,0.4,0.0,0.0,99.4,0.2
20130213184300,0.0,0.0,0.0,0.4,0.0,0.0,99.6,0.0
20130213184400,0.0,0.0,0.0,0.0,0.0,0.0,99.9,0.0
20130213184500,0.0,0.0,0.0,15.8,0.8,0.0,83.2,0.2
20130213184600,0.0,0.0,0.0,94.0,5.9,0.0,0.1,0.0
20130213184700,0.0,0.0,0.0,99.2,0.7,0.0,0.0,0.0
20130213184800,0.0,0.0,0.0,97.3,2.6,0.0,0.0,0.0
20130213184900,0.0,0.3,0.0,56.6,43.1,0.0,0.0,0.0
20130213185000,0.3,0.3,0.0,93.3,6.0,0.0,0.0,0.0
20130213185100,0.3,0.0,0.0,57.8,41.9,0.0,0.0,0.0
20130213185200,0.5,0.4,0.0,31.4,67.8,0.0,0.0,0.0
20130213185300,5.7,0.0,0.0,21.0,73.4,0.0,0.0,0.0
20130213185400,2.4,0.0,0.0,93.1,4.5,0.0,0.0,0.0
20130213185500,2.5,0.0,0.0,87.6,9.9,0.0,0.0,0.0
20130213185600,3.4,0.0,0.0,91.7,4.9,0.0,0.0,0.0
20130213185700,0.3,0.0,0.0,99.0,0.7,0.0,0.0,0.0
20130213185800,0.8,0.0,0.0,96.8,2.3,0.0,0.0,0.0
20130213185900,0.5,2.0,0.0,47.5,49.9,0.0,0.0,0.0
20130213190000,0.0,0.8,0.1,8.2,90.8,0.0,0.0,0.0
20130213190100,0.0,12.8,0.0,0.2,87.0,0.0,0.0,0.0
20130213190200,0.0,7.8,0.0,44.4,47.8,0.0,0.0,0.0
20130213190300,0.0,0.4,0.0,79.6,20.0,0.0,0.0,0.0
20130213190400,0.0,0.9,0.0,15.6,83.5,0.0,0.0,0.0
20130213190500,0.0,0.0,0.0,99.5,0.4,0.0,0.0,0.0
20130213190600,0.4,0.3,0.0,98.3,0.9,0.0,0.0,0.0
20130213190700,0.0,0.0,0.0,99.9,0.1,0.0,0.0,0.0
20130213190800,0.0,0.1,0.0,98.6,1.3,0.0,0.0,0.0
20130213190900,0.0,0.0,0.0,99.6,0.4,0.0,0.0,0.0
20130213191000,0.0,0.0,0.0,99.3,0.5,0.0,0.2,0.0
20130213191100,0.0,0.0,0.0,40.0,0.7,0.0,58.5,0.8
20130213191200,0.0,0.0,0.0,0.2,0.0,0.0,99.7,0.1
20130213191300,0.0,0.0,0.0,89.4,1.1,0.0,8.7,0.8
20130213191400,0.0,0.0,0.0,37.1,4.3,0.0,56.8,1.8
20130213191500,0.0,0.0,0.0,25.1,0.7,0.0,73.8,0.4
20130213191600,0.0,0.0,0.0,99.6,0.1,0.0,0.3,0.1
20130213191700,0.0,0.0,0.4,66.9,1.4,0.0,28.7,2.5
20130213191800,0.0,0.0,0.4,96.5,0.8,0.0,1.4,0.8
20130213191900,0.0,0.0,0.0,94.5,0.9,0.0,4.1,0.6
20130213192000,0.0,0.0,0.5,20.9,0.9,0.0,70.2,7.5
20130213192100,0.0,0.0,2.2,6.5,0.9,0.0,89.0,1.4
20130213192200,0.0,0.0,1.9,54.1,2.2,0.0,41.3,0.4
20130213192300,0.0,0.0,4.2,71.4,1.5,0.0,7.7,15.1
20130213192400,0.0,0.0,0.3,1.0,0.8,0.0,20.1,77.8
20130213192500,0.1,0.0,23.1,33.4,5.1,0.0,34.6,3.6
20130213192600,0.1,0.0,51.3,16.6,0.8,0.0,23.1,8.1
20130213192700,1.0,0.0,2.3,94.9,1.8,0.0,0.0,0.0
20130213192800,0.0,0.0,0.1,98.5,0.5,0.0,0.9,0.1
20130213192900,0.1,0.0,11.5,71.4,2.0,0.0,14.6,0.4
20130213193000,0.2,0.0,37.8,47.2,13.4,0.0,0.6,0.7
20130213193100,0.2,0.1,9.2,69.1,17.4,0.0,3.2,0.9
20130213193200,0.1,0.3,21.3,72.0,5.6,0.0,0.6,0.1
20130213193300,0.2,0.0,5.0,91.0,2.6,0.0,1.1,0.1
20130213193400,0.3,0.0,42.2,54.5,2.3,0.0,0.3,0.3
20130213193500,0.1,0.0,2.7,96.5,0.7,0.0,0.0,0.0
20130213193600,0.0,0.1,7.2,91.7,0.9,0.0,0.0,0.0
20130213193700,0.3,0.7,9.3,82.9,6.7,0.0,0.0,0.0
20130213193800,0.2,0.1,0.2,98.0,1.5,0.0,0.0,0.0
20130213193900,0.0,0.1,0.1,99.7,0.1,0.0,0.0,0.0
20130213194000,1.3,0.1,0.3,96.1,2.2,0.0,0.0,0.0
20130213194100,0.0,0.2,30.8,65.2,3.7,0.0,0.0,0.1
20130213194200,0.0,0.1,17.4,82.0,0.5,0.0,0.0,0.0
20130213194300,0.9,3.4,6.6,61.0,28.0,0.0,0.0,0.0
20130213194400,1.0,1.4,0.2,94.0,3.5,0.0,0.0,0.0
20130213194500,0.1,6.5,0.0,87.9,5.4,0.0,0.0,0.0
20130213194600,0.2,13.6,0.6,75.7,9.9,0.0,0.0,0.0
20130213194700,1.5,21.1,1.1,71.4,5.0,0.0,0.0,0.0
20130213194800,0.0,94.4,0.0,5.4,0.2,0.0,0.0,0.0
20130213194900,0.2,77.1,0.1,19.0,3.6,0.0,0.0,0.0
20130213195000,0.1,3.7,0.1,91.6,4.6,0.0,0.0,0.0
20130213195100,0.1,32.2,1.2,62.9,3.5,0.0,0.0,0.0
20130213195200,0.0,95.0,0.0,2.1,2.8,0.0,0.0,0.0
20130213195300,0.0,80.4,0.0,8.1,11.5,0.0,0.0,0.0
20130213195400,0.0,98.6,0.0,1.3,0.1,0.0,0.0,0.0
20130213195500,0.0,99.9,0.0,0.0,0.1,0.0,0.0,0.0
20130213195600,0.0,83.4,0.0,0.0,16.6,0.0,0.0,0.0
20130213195700,0.0,99.8,0.0,0.0,0.2,0.0,0.0,0.0
20130213195800,0.0,99.4,0.0,0.2,0.4,0.0,0.0,0.0
20130213195900,0.0,100.0,0.0,0.0,0.0,0.0,0.0,0.0
20130213200000,0.0,100.0,0.0,0.0,0.0,0.0,0.0,0.0
20130213200100,0.0,100.0,0.0,0.0,0.0,0.0,0.0,0.0
20130213200200,0.0,100.0,0.0,0.0,0.0,0.0,0.0,0.0
20130213200300,0.0,97.0,0.3,0.1,2.6,0.0,0.0,0.0
20130213200400,0.0,44.5,0.1,0.3,55.0,0.0,0.0,0.0
20130213200500,0.0,100.0,0.0,0.0,0.0,0.0,0.0,0.0
20130213200600,0.0,29.9,0.0,63.7,6.4,0.0,0.0,0.0
20130213200700,0.0,92.3,0.0,0.5,7.3,0.0,0.0,0.0
20130213200800,0.0,98.4,0.0,1.4,0.2,0.0,0.0,0.0
20130213200900,1.3,22.5,7.4,50.7,18.0,0.0,0.0,0.0
20130213201000,0.4,51.9,1.5,42.9,3.2,0.0,0.0,0.0
20130213201100,3.9,35.4,0.2,55.7,4.7,0.0,0.0,0.0
20130213201200,2.2,0.7,49.1,10.0,38.1,0.0,0.0,0.0
20130213201300,4.9,5.5,7.7,36.8,45.1,0.0,0.0,0.0
20130213201400,0.1,1.1,6.3,73.1,19.4,0.0,0.0,0.0
20130213201500,0.8,5.6,2.9,29.2,61.4,0.0,0.1,0.0
20130213201600,0.2,14.0,0.2,61.6,23.9,0.0,0.0,0.0
20130213201700,0.1,13.2,2.1,82.4,2.2,0.0,0.0,0.0
20130213201800,0.0,4.6,16.8,63.3,15.4,0.0,0.0,0.0
20130213201900,0.0,18.9,1.7,76.9,2.4,0.0,0.0,0.1
20130213202000,0.0,49.6,0.0,20.4,29.9,0.0,0.0,0.0
20130213202100,0.0,3.8,0.0,51.7,44.4,0.0,0.0,0.0
20130213202200,0.0,2.0,0.0,54.7,43.2,0.0,0.0,0.0
20130213202300,0.0,0.4,0.0,98.7,0.9,0.0,0.0,0.0
20130213202400,0.0,3.6,0.1,95.3,1.0,0.0,0.0,0.0
20130213202500,0.0,0.7,0.0,99.1,0.2,0.0,0.0,0.0
20130213202600,0.0,1.9,0.0,95.6,2.5,0.0,0.0,0.0
20130213202700,0.0,0.4,0.0,98.9,0.7,0.0,0.0,0.0
20130213202800,0.0,1.1,0.2,91.5,7.2,0.0,0.0,0.0
20130213202900,0.0,8.8,0.5,89.2,1.5,0.0,0.0,0.0
20130213203000,0.0,1.6,0.1,65.7,32.6,0.0,0.0,0.0
20130213203100,0.0,2.3,0.5,81.5,15.6,0.0,0.0,0.0
20130213203200,0.0,1.7,0.0,97.5,0.7,0.0,0.0,0.0
20130213203300,0.0,6.9,0.0,62.3,30.8,0.0,0.0,0.0
20130213203400,0.0,78.8,0.0,10.9,10.3,0.0,0.0,0.0
20130213203500,0.0,56.4,0.0,7.4,36.2,0.0,0.0,0.0
20130213203600,0.0,98.7,0.0,0.1,1.2,0.0,0.0,0.0
20130213203700,0.0,99.5,0.0,0.5,0.0,0.0,0.0,0.0
20130213203800,0.0,100.0,0.0,0.0,0.0,0.0,0.0,0.0
20130213203900,0.0,99.9,0.0,0.0,0.0,0.0,0.0,0.0
20130213204000,0.0,91.6,0.0,1.5,6.9,0.0,0.0,0.0
20130213204100,0.1,77.1,0.0,21.8,1.1,0.0,0.0,0.0
20130213204200,1.7,83.4,0.0,4.0,10.8,0.0,0.0,0.0
20130213204300,0.0,85.3,0.0,13.3,1.3,0.0,0.0,0.0
20130213204400,5.0,9.5,0.4,83.8,1.2,0.0,0.0,0.0
20130213204500,1.0,6.8,0.2,91.9,0.1,0.0,0.0,0.0
20130213204600,0.1,38.2,0.1,60.9,0.6,0.0,0.0,0.0
20130213204700,0.1,39.5,0.7,59.5,0.1,0.0,0.0,0.2
20130213204800,0.0,33.7,0.0,66.0,0.1,0.0,0.0,0.2
20130213204900,0.0,18.9,0.1,79.6,0.5,0.0,0.0,0.9
20130213205000,0.0,2.1,0.1,96.6,0.5,0.0,0.0,0.7
20130213205100,0.1,31.5,0.1,52.0,6.6,0.0,0.1,9.5
20130213205200,0.0,25.2,0.1,63.9,8.2,0.0,0.0,2.6
20130213205300,0.2,15.2,0.2,78.1,6.1,0.0,0.0,0.1
20130213205400,0.2,8.0,3.0,87.2,1.6,0.0,0.0,0.1
20130213205500,0.0,2.7,2.7,94.1,0.4,0.0,0.0,0.0
20130213205600,0.0,0.0,0.3,99.7,0.0,0.0,0.0,0.0
20130213205700,0.0,1.3,1.5,89.5,7.6,0.0,0.0,0.1
20130213205800,0.5,0.2,0.6,96.3,2.4,0.0,0.0,0.1
20130213205900,1.4,0.4,0.6,94.3,3.3,0.0,0.0,0.0
20130213210000,0.2,0.1,1.9,97.5,0.1,0.0,0.0,0.1
20130213210100,0.0,0.3,21.2,78.2,0.2,0.0,0.0,0.1
20130213210200,0.1,1.8,2.4,94.0,1.2,0.0,0.0,0.5
20130213210300,0.2,0.2,67.2,19.9,2.5,0.0,0.2,9.8
20130213210400,0.0,0.4,24.5,24.0,1.4,0.0,0.1,49.5
20130213210500,0.0,0.4,81.1,10.2,0.6,0.0,1.4,6.3
20130213210600,0.0,0.1,91.5,5.8,0.0,0.0,0.2,2.3
20130213210700,0.0,0.1,97.7,1.0,0.0,0.0,0.1,1.0
20130213210800,0.0,0.0,76.0,18.4,1.3,0.0,2.0,2.2
20130213210900,0.0,0.1,0.8,97.6,0.7,0.0,0.0,0.8
20130213211000,0.0,0.1,1.5,87.7,10.3,0.0,0.0,0.3
20130213211100,0.0,6.9,43.8,25.4,23.8,0.0,0.0,0.0
20130213211200,0.0,0.0,98.5,0.9,0.6,0.0,0.0,0.0
20130213211300,0.0,0.3,93.4,1.8,4.3,0.0,0.0,0.2
20130213211400,0.1,2.7,2.9,41.5,52.9,0.0,0.0,0.0
20130213211500,0.1,3.8,46.4,27.7,21.9,0.0,0.0,0.1
20130213211600,0.0,0.2,58.9,38.3,1.9,0.0,0.0,0.6
20130213211700,0.0,0.1,62.0,36.6,1.1,0.0,0.0,0.2
20130213211800,0.0,0.6,83.6,14.4,1.4,0.0,0.0,0.0
20130213211900,0.0,0.1,92.8,6.9,0.1,0.0,0.0,0.2
20130213212000,0.0,0.0,93.1,3.3,0.1,0.0,0.0,3.6
20130213212100,0.0,0.0,85.7,11.1,0.1,0.0,0.0,3.1
20130213212200,0.0,0.0,100.0,0.0,0.0,0.0,0.0,0.0
20130213212300,0.0,0.0,98.5,0.7,0.0,0.0,0.0,0.7
20130213212400,0.0,0.0,89.5,8.9,1.3,0.0,0.0,0.3
20130213212500,0.0,0.0,99.9,0.1,0.0,0.0,0.0,0.0
20130213212600,0.0,0.0,98.8,1.0,0.0,0.0,0.0,0.2
20130213212700,0.0,0.0,100.0,0.0,0.0,0.0,0.0,0.0
20130213212800,0.0,0.0,99.6,0.4,0.0,0.0,0.0,0.0
20130213212900,0.0,0.0,99.4,0.5,0.0,0.0,0.0,0.0
20130213213000,0.0,0.0,99.2,0.2,0.0,0.0,0.1,0.6
20130213213100,0.0,0.0,98.7,0.7,0.1,0.0,0.2,0.3
20130213213200,0.0,0.0,98.4,0.5,0.1,0.0,0.2,0.8
20130213213300,0.0,0.0,93.6,0.3,0.1,0.0,0.5,5.6
20130213213400,0.0,0.0,98.5,0.0,0.0,0.0,0.4,1.0
20130213213500,0.0,0.0,97.4,0.1,0.0,0.0,0.6,1.8
20130213213600,0.0,0.0,95.4,0.2,0.0,0.0,0.4,4.0
20130213213700,0.0,0.0,98.5,0.1,0.0,0.0,1.1,0.3
20130213213800,0.1,0.1,91.8,0.4,0.8,1.6,4.4,0.8
20130213213900,0.0,0.0,99.0,0.1,0.1,0.1,0.5,0.2
20130213214000,0.0,0.0,90.1,7.8,0.2,0.0,1.7,0.1
20130213214100,0.0,0.0,80.4,0.7,0.1,0.0,8.7,10.0
20130213214200,0.0,0.0,71.5,3.9,0.7,0.1,21.6,2.2
20130213214300,0.0,0.0,92.2,3.1,0.2,0.0,4.0,0.5
20130213214400,0.0,0.0,74.8,8.9,0.8,0.0,13.8,1.7
20130213214500,0.0,0.0,99.8,0.2,0.0,0.0,0.1,0.0
20130213214600,0.1,0.0,81.0,17.8,0.2,0.0,0.9,0.0
20130213214700,0.0,0.1,87.1,8.1,0.6,0.0,3.2,0.9
20130213214800,0.0,0.0,95.9,3.4,0.1,0.0,0.2,0.3
20130213214900,1.7,0.4,43.5,34.2,0.2,5.8,1.9,12.4
20130213215000,0.1,0.0,97.9,1.4,0.0,0.1,0.1,0.3
20130213215100,0.7,0.1,90.7,0.9,1.4,0.3,2.1,3.6
20130213215200,0.0,0.1,97.7,0.5,0.0,0.0,0.2,1.5
20130213215300,0.3,0.0,96.9,2.5,0.0,0.0,0.1,0.1
20130213215400,0.8,0.3,97.9,0.2,0.2,0.3,0.1,0.1
20130213215500,0.6,0.0,98.9,0.3,0.0,0.1,0.0,0.0
20130213215600,3.3,0.2,96.0,0.2,0.0,0.1,0.1,0.0
20130213215700,0.0,0.0,100.0,0.0,0.0,0.0,0.0,0.0
20130213215800,0.0,0.0,100.0,0.0,0.0,0.0,0.0,0.0
20130213215900,0.0,0.1,99.8,0.0,0.0,0.0,0.0,0.0
20130213220000,0.1,0.0,99.9,0.0,0.0,0.0,0.0,0.0
20130213220100,2.3,0.0,97.6,0.0,0.0,0.0,0.0,0.0
20130213220200,3.8,0.0,96.0,0.0,0.0,0.0,0.0,0.0
20130213220300,22.2,0.1,77.2,0.4,0.0,0.0,0.0,0.0
20130213220400,69.3,0.2,27.8,2.2,0.1,0.4,0.1,0.0
20130213220500,38.3,0.3,59.7,1.1,0.1,0.2,0.3,0.0
20130213220600,3.4,0.1,96.2,0.1,0.0,0.1,0.0,0.0
20130213220700,28.6,0.6,70.2,0.3,0.1,0.2,0.0,0.1
20130213220800,32.3,0.6,62.2,0.1,0.1,4.4,0.1,0.1
20130213220900,65.6,0.8,31.9,0.1,0.3,1.2,0.0,0.1
20130213221000,63.9,0.4,32.2,0.2,0.1,0.8,0.7,1.6
20130213221100,71.2,0.7,26.2,0.0,0.1,1.6,0.1,0.1
20130213221200,60.9,0.1,14.9,0.0,0.0,23.9,0.1,0.1
20130213221300,36.1,0.7,54.8,0.2,0.1,7.3,0.3,0.7
20130213221400,25.5,1.7,51.5,0.1,0.2,17.7,1.8,1.4
20130213221500,44.8,0.4,45.6,0.0,0.0,7.5,1.4,0.2
20130213221600,92.7,0.2,3.1,0.0,0.0,3.6,0.2,0.0
20130213221700,59.2,0.7,22.9,0.1,0.1,11.6,5.3,0.1
20130213221800,5.9,0.5,69.1,0.1,0.1,20.4,3.6,0.2
20130213221900,57.0,0.6,28.6,0.2,0.1,10.1,3.4,0.0
20130213222000,6.2,3.6,89.5,0.0,0.3,0.3,0.1,0.0
20130213222100,65.9,0.3,33.1,0.2,0.1,0.1,0.2,0.0
20130213222200,56.7,4.3,38.1,0.4,0.2,0.2,0.0,0.0
20130213222300,90.6,0.3,5.4,0.4,0.1,3.1,0.0,0.0
20130213222400,91.1,0.1,6.3,0.1,0.0,2.3,0.1,0.0
20130213222500,94.3,0.0,4.0,0.0,0.0,1.6,0.0,0.0
20130213222600,99.9,0.0,0.0,0.0,0.0,0.0,0.0,0.0
20130213222700,100.0,0.0,0.0,0.0,0.0,0.0,0.0,0.0
20130213222800,99.8,0.0,0.1,0.0,0.0,0.0,0.0,0.0
20130213222900,100.0,0.0,0.0,0.0,0.0,0.0,0.0,0.0
20130213223000,99.7,0.1,0.0,0.0,0.0,0.1,0.0,0.0
20130213223100,96.2,0.0,0.1,0.0,0.0,3.7,0.0,0.0
20130213223200,100.0,0.0,0.0,0.0,0.0,0.0,0.0,0.0
20130213223300,99.8,0.0,0.0,0.0,0.0,0.1,0.0,0.0
20130213223400,99.2,0.1,0.1,0.0,0.4,0.1,0.0,0.0
20130213223500,99.2,0.2,0.2,0.0,0.1,0.3,0.0,0.0
20130213223600,98.7,0.2,0.1,0.0,0.4,0.5,0.0,0.0
20130213223700,95.0,2.3,0.9,0.0,0.5,1.2,0.0,0.0
20130213223800,58.7,0.8,13.0,0.0,0.7,26.7,0.1,0.0
20130213223900,58.8,0.1,0.6,0.0,0.1,40.3,0.0,0.0
20130213224000,81.6,0.1,1.8,0.0,0.0,15.8,0.6,0.0
20130213224100,98.7,0.1,0.1,0.0,0.0,1.1,0.0,0.0
20130213224200,82.2,13.8,3.1,0.0,0.7,0.1,0.1,0.0
20130213224300,13.8,59.1,0.2,0.1,26.7,0.0,0.0,0.0
20130213224400,37.4,59.6,0.6,0.1,2.3,0.1,0.0,0.0
20130213224500,99.3,0.4,0.1,0.0,0.1,0.1,0.0,0.0
20130213224600,82.8,12.8,0.5,0.0,0.5,3.4,0.0,0.0
20130213224700,95.2,1.0,0.6,0.0,0.7,2.4,0.0,0.0
20130213224800,93.4,5.0,0.0,0.1,0.5,0.9,0.0,0.0
20130213224900,2.7,90.6,0.0,4.5,2.2,0.0,0.0,0.0
20130213225000,0.2,98.6,0.1,0.6,0.5,0.0,0.0,0.0
20130213225100,0.0,100.0,0.0,0.0,0.0,0.0,0.0,0.0
20130213225200,0.0,99.7,0.0,0.0,0.3,0.0,0.0,0.0
20130213225300,0.0,99.4,0.0,0.0,0.6,0.0,0.0,0.0
20130213225400,3.8,93.0,0.3,1.8,1.0,0.0,0.0,0.0
20130213225500,0.1,99.4,0.0,0.0,0.5,0.0,0.0,0.0
20130213225600,0.0,100.0,0.0,0.0,0.0,0.0,0.0,0.0
20130213225700,0.6,97.3,0.4,1.1,0.6,0.0,0.0,0.0
20130213225800,0.9,63.3,0.0,35.7,0.0,0.0,0.0,0.0
20130213225900,0.5,80.4,0.0,19.1,0.1,0.0,0.0,0.0
20130213230000,90.3,7.2,0.1,1.3,1.1,0.0,0.0,0.0
20130213230100,82.4,7.9,0.4,8.4,0.8,0.0,0.0,0.0
20130213230200,0.1,90.0,1.7,6.7,1.5,0.0,0.0,0.0
20130213230300,0.0,91.6,7.2,0.9,0.3,0.0,0.0,0.0
20130213230400,0.0,96.6,2.1,0.1,1.2,0.0,0.0,0.0
20130213230500,0.0,71.8,1.6,0.0,26.5,0.0,0.0,0.0
20130213230600,0.0,34.0,0.5,0.1,65.4,0.0,0.0,0.0
20130213230700,0.0,96.8,0.0,0.0,3.2,0.0,0.0,0.0
20130213230800,0.0,97.7,0.0,0.0,2.2,0.0,0.0,0.0
20130213230900,0.0,84.0,0.1,0.3,15.6,0.0,0.0,0.0
20130213231000,0.0,3.4,0.5,0.2,95.9,0.0,0.0,0.0
20130213231100,0.0,85.6,0.1,0.0,14.2,0.0,0.0,0.0
20130213231200,0.0,0.7,2.4,33.6,63.3,0.0,0.0,0.0
20130213231300,0.0,0.3,0.0,67.0,32.7,0.0,0.0,0.0
20130213231400,0.0,0.3,0.8,45.8,53.2,0.0,0.0,0.0
20130213231500,0.0,0.0,0.3,7.0,92.6,0.0,0.0,0.0
20130213231600,0.0,0.0,0.0,85.1,14.8,0.0,0.0,0.0
20130213231700,0.0,0.0,0.0,99.1,0.9,0.0,0.0,0.0
20130213231800,0.0,0.0,0.0,92.8,7.1,0.0,0.0,0.0
20130213231900,0.0,0.0,0.2,97.6,2.2,0.0,0.0,0.1
20130213232000,0.0,0.0,0.0,96.8,3.1,0.0,0.0,0.0
20130213232100,0.0,0.0,0.0,97.5,2.4,0.0,0.0,0.1
20130213232200,0.0,0.0,0.2,93.6,5.4,0.0,0.2,0.7
20130213232300,0.0,0.1,0.2,98.0,0.8,0.0,0.2,0.8
20130213232400,0.0,0.0,0.0,94.7,4.7,0.0,0.2,0.4
20130213232500,0.0,0.0,0.0,98.8,1.0,0.0,0.1,0.1
20130213232600,0.0,0.0,0.0,98.4,0.9,0.0,0.5,0.1
20130213232700,0.0,0.0,0.0,99.4,0.4,0.0,0.2,0.0
20130213232800,0.0,0.0,0.0,99.3,0.5,0.0,0.1,0.0
20130213232900,0.0,0.0,0.0,93.3,5.4,0.0,1.0,0.3
20130213233000,0.0,0.0,0.0,93.3,5.4,0.0,1.0,0.3
20130213233100,0.0,0.0,0.0,98.8,0.5,0.0,0.2,0.4
20130213233200,0.0,0.0,0.0,99.2,0.7,0.0,0.0,0.1
20130213233300,0.0,0.0,0.0,99.5,0.5,0.0,0.0,0.0
20130213233400,0.0,0.0,0.0,98.5,1.4,0.0,0.0,0.1
20130213233500,0.0,0.0,0.0,99.2,0.7,0.0,0.1,0.1
20130213233600,0.0,0.0,0.0,97.1,2.4,0.0,0.2,0.2
20130213233700,0.1,0.0,0.0,84.3,13.6,0.0,0.8,1.1
20130213233800,0.1,0.0,0.0,26.6,61.2,0.0,4.0,8.1
20130213233900,0.0,0.0,0.0,40.8,51.6,0.0,5.2,2.3
20130213234000,0.0,0.0,0.0,40.8,25.5,0.0,22.5,11.1
20130213234100,0.0,0.0,0.0,74.6,19.3,0.0,3.7,2.3
20130213234200,0.0,0.0,0.0,30.9,28.2,0.0,30.5,10.3
20130213234300,0.1,0.0,0.0,30.9,39.8,0.0,14.9,14.3
20130213234400,0.0,0.0,0.1,9.4,53.9,0.0,13.6,22.9
20130213234500,0.0,0.0,0.0,22.9,23.0,0.0,34.5,19.6
20130213234600,0.0,0.0,0.0,7.3,23.0,0.0,42.4,27.3
20130213234700,0.0,0.0,0.1,3.7,12.4,0.0,28.5,55.3
20130213234800,0.0,0.0,0.0,7.3,4.7,0.0,72.6,15.4
20130213234900,0.0,0.0,0.0,18.8,11.3,0.0,33.0,36.8
20130213235000,0.0,0.0,0.0,2.8,5.7,0.0,62.8,28.6
20130213235100,0.0,0.0,0.0,4.9,6.2,0.0,49.4,39.5
20130213235200,0.0,0.0,0.1,7.5,3.5,0.0,51.5,37.3
20130213235300,0.0,0.0,0.0,9.5,8.7,0.0,44.9,36.8
20130213235400,0.0,0.0,0.0,2.1,1.0,0.0,54.5,42.4
20130213235500,0.0,0.0,0.0,6.0,1.7,0.0,7.3,85.0
20130213235600,0.0,0.0,0.0,0.3,0.2,0.0,28.1,71.4
20130213235700,0.0,0.0,0.0,1.6,0.8,0.0,25.6,72.0
20130213235800,0.0,0.0,0.0,7.2,0.7,0.0,69.9,22.1
20130213235900,0.0,0.0,0.0,2.5,0.6,0.0,68.3,28.5
20130214000000,0.0,0.0,0.0,1.6,0.1,0.0,90.4,7.8
20130214000100,0.0,0.0,0.1,6.8,3.7,0.0,56.6,32.8
20130214000200,0.0,0.0,0.0,0.2,0.1,0.0,91.2,8.6
20130214000300,0.0,0.0,0.0,1.0,0.4,0.0,94.1,4.5
20130214000400,0.0,0.0,0.0,0.4,0.0,0.0,98.5,1.0
20130214000500,0.0,0.0,0.0,0.3,0.1,0.0,96.0,3.6
20130214000600,0.0,0.0,0.0,2.1,0.3,0.0,58.0,39.7
20130214000700,0.0,0.0,0.0,7.5,0.3,0.0,70.7,21.5
20130214000800,0.0,0.0,0.0,12.0,0.1,0.0,80.1,7.7
20130214000900,0.0,0.0,0.0,4.9,0.1,0.0,93.0,2.0
20130214001000,0.0,0.0,0.2,29.6,5.9,0.0,50.9,13.3
20130214001100,0.0,0.0,0.0,9.0,1.4,0.0,79.8,9.7
20130214001200,0.0,0.0,0.0,2.6,0.2,0.0,92.4,4.8
20130214001300,0.0,0.0,0.0,5.0,1.1,0.0,74.7,19.2
20130214001400,0.0,0.0,0.0,62.6,0.8,0.0,6.2,30.4
20130214001500,0.0,0.0,0.0,74.7,0.1,0.0,10.1,15.0
20130214001600,0.0,0.0,0.0,8.0,0.1,0.0,39.7,52.2
20130214001700,0.0,0.0,0.0,59.5,0.4,0.0,10.8,29.2
20130214001800,0.0,0.0,0.0,36.9,0.1,0.0,49.8,13.2
20130214001900,0.0,0.0,0.0,14.3,0.1,0.0,35.2,50.3
20130214002000,0.0,0.0,0.0,20.9,0.0,0.0,77.5,1.6
20130214002100,0.0,0.0,0.0,0.5,0.0,0.0,87.8,11.8
20130214002200,0.0,0.0,0.0,0.1,0.0,0.0,98.4,1.5
20130214002300,0.0,0.0,0.0,0.0,0.0,0.0,95.6,4.4
20130214002400,0.0,0.0,0.0,0.1,0.0,0.0,95.0,4.8
20130214002500,0.0,0.0,0.0,0.0,0.0,0.0,99.4,0.6
20130214002600,0.0,0.0,0.0,0.0,0.0,0.0,100.0,0.0
20130214002700,0.0,0.0,0.0,0.0,0.0,0.0,99.9,0.0
20130214002800,0.0,0.0,0.0,0.0,0.0,0.0,99.6,0.4
20130214002900,0.0,0.0,0.0,0.0,0.0,0.0,99.6,0.4
20130214003000,0.0,0.0,0.0,0.0,0.0,0.0,99.7,0.3
20130214003100,0.0,0.0,0.0,0.0,0.0,0.0,99.9,0.1
20130214003200,0.0,0.0,0.0,0.0,0.0,0.0,99.9,0.1
20130214003300,0.0,0.0,0.0,0.0,0.0,0.0,98.9,1.1
20130214003400,0.0,0.0,0.0,0.0,0.0,0.0,99.9,0.1
20130214003500,0.0,0.0,0.0,0.0,0.0,0.0,99.7,0.3
20130214003600,0.0,0.0,0.0,0.0,0.0,0.0,100.0,0.0
20130214003700,0.0,0.0,0.0,0.0,0.0,0.0,99.9,0.1
20130214003800,0.0,0.0,0.0,0.0,0.0,0.0,100.0,0.0
20130214003900,0.0,0.0,0.0,0.0,0.0,0.0,100.0,0.0
20130214004000,0.0,0.0,0.0,0.0,0.0,0.0,100.0,0.0
20130214004100,0.0,0.0,0.0,0.0,0.0,0.0,100.0,0.0
20130214004200,0.0,0.0,0.0,0.0,0.0,0.0,100.0,0.0
20130214004300,0.0,0.0,0.0,0.0,0.0,0.0,100.0,0.0
20130214004400,0.0,0.0,0.0,0.0,0.0,0.0,100.0,0.0
20130214004500,0.0,0.0,0.0,0.0,0.0,0.0,100.0,0.0
20130214004600,0.0,0.0,0.0,0.0,0.0,0.0,100.0,0.0
20130214004700,0.0,0.0,0.0,0.0,0.0,0.0,100.0,0.0
20130214004800,0.0,0.0,0.0,0.0,0.0,0.0,100.0,0.0
20130214004900,0.0,0.0,0.0,0.0,0.0,0.0,100.0,0.0
20130214005000,0.0,0.0,0.0,0.0,0.0,0.0,100.0,0.0
20130214005100,0.0,0.0,0.0,0.0,0.0,0.0,100.0,0.0
20130214005200,0.0,0.0,0.0,0.0,0.0,0.0,100.0,0.0
20130214005300,0.0,0.0,0.0,0.0,0.0,0.0,100.0,0.0
20130214005400,0.0,0.0,0.0,0.0,0.0,0.0,100.0,0.0
20130214005500,0.0,0.0,0.0,0.0,0.0,0.0,100.0,0.0
20130214005600,0.0,0.0,0.0,0.0,0.0,0.0,100.0,0.0
20130214005700,0.0,0.0,0.0,0.0,0.0,0.0,100.0,0.0
20130214005800,0.0,0.0,0.0,0.0,0.0,0.0,100.0,0.0
20130214005900,0.0,0.0,0.0,0.0,0.0,0.0,100.0,0.0
20130214010000,0.0,0.0,0.0,0.1,0.0,0.0,99.8,0.0
20130214010100,0.0,0.0,0.0,0.2,0.0,0.0,99.8,0.0
20130214010200,0.0,0.0,0.3,0.6,0.1,0.0,96.1,3.0
20130214010300,0.0,0.1,1.7,6.0,0.1,0.0,87.0,5.1
20130214010400,0.0,1.0,0.9,95.6,0.2,0.0,0.6,1.6
20130214010500,0.0,0.1,0.2,98.8,0.3,0.0,0.2,0.4
20130214010600,0.0,0.5,1.0,95.0,1.6,0.0,0.9,1.0
20130214010700,0.0,0.3,0.3,93.9,2.6,0.0,0.7,2.2
20130214010800,0.0,0.1,0.1,50.0,3.6,0.0,18.8,27.3
20130214010900,0.0,0.1,0.1,85.4,1.0,0.0,6.9,6.6
20130214011000,0.0,0.0,0.1,21.9,0.7,0.0,69.5,7.8
20130214011100,0.0,0.0,0.5,17.9,0.3,0.0,62.8,18.6
20130214011200,0.0,0.0,1.4,18.3,1.2,0.0,45.4,33.6
20130214011300,0.0,0.0,0.1,49.1,1.6,0.0,42.2,7.1
20130214011400,0.0,0.0,0.1,20.1,2.7,0.0,69.3,7.8
20130214011500,0.0,0.0,0.0,1.8,0.0,0.0,74.7,23.5
20130214011600,0.0,0.0,0.1,19.3,1.9,0.0,49.6,29.1
20130214011700,0.0,0.0,0.0,21.4,1.2,0.0,31.8,45.6
20130214011800,0.0,0.0,0.3,22.0,1.4,0.0,27.7,48.6
20130214011900,0.0,0.0,0.0,16.4,0.1,0.0,78.9,4.6
20130214012000,0.0,0.0,0.0,2.1,0.0,0.0,97.2,0.6
20130214012100,0.0,0.0,0.0,10.2,0.2,0.0,82.2,7.3
20130214012200,0.0,0.0,0.0,10.3,0.1,0.0,86.4,3.2
20130214012300,0.0,0.0,0.0,1.0,0.0,0.0,98.2,0.8
20130214012400,0.0,0.0,0.0,0.1,0.0,0.0,99.8,0.1
20130214012500,0.0,0.0,0.0,0.4,0.0,0.0,99.5,0.2
20130214012600,0.0,0.0,0.0,0.0,0.0,0.0,100.0,0.0
20130214012700,0.0,0.0,0.0,0.1,0.0,0.0,99.7,0.2
20130214012800,0.0,0.0,0.0,0.0,0.0,0.0,99.9,0.1
20130214012900,0.0,0.0,0.0,0.0,0.0,0.0,99.5,0.5
20130214013000,0.0,0.0,0.0,0.0,0.0,0.0,99.8,0.2
20130214013100,0.0,0.0,0.0,2.2,0.4,0.0,96.4,1.0
20130214013200,0.0,0.0,0.0,1.5,0.1,0.0,85.3,13.1
20130214013300,0.0,0.0,0.0,14.4,0.7,0.0,76.1,8.7
20130214013400,0.0,0.0,0.0,48.5,1.4,0.0,45.9,4.2
20130214013500,0.0,0.0,0.0,58.8,0.7,0.0,35.1,5.4
20130214013600,0.0,0.0,0.0,4.8,0.7,0.0,93.6,1.0
20130214013700,0.0,0.0,0.0,9.8,2.1,0.0,86.1,1.9
20130214013800,0.0,0.0,0.0,42.1,0.1,0.0,57.2,0.5
20130214013900,0.0,0.0,0.0,14.6,0.2,0.0,84.2,1.0
20130214014000,0.0,0.0,0.0,22.1,0.7,0.0,67.8,9.3
20130214014100,0.0,0.0,0.0,3.8,0.0,0.0,92.8,3.4
20130214014200,0.0,0.0,0.0,2.9,0.3,0.0,95.5,1.2
20130214014300,0.0,0.0,0.0,0.3,0.2,0.0,98.2,1.2
20130214014400,0.0,0.0,0.0,27.5,1.5,0.0,69.5,1.5
20130214014500,0.0,0.0,0.0,51.7,0.1,0.0,47.1,1.2
20130214014600,0.0,0.0,0.0,2.2,0.0,0.0,91.0,6.8
20130214014700,0.0,0.0,0.0,0.0,0.0,0.0,99.6,0.4
20130214014800,0.0,0.0,0.0,0.9,0.0,0.0,95.9,3.2
20130214014900,0.0,0.0,0.0,5.9,0.0,0.0,92.7,1.3
20130214015000,0.0,0.0,0.0,4.2,0.0,0.0,94.3,1.5
20130214015416,0.0,0.0,0.0,3.6,0.0,0.0,96.0,0.4
20130214015516,0.0,0.0,0.0,0.2,0.0,0.0,99.3,0.6
20130214015616,0.0,0.0,0.0,1.6,0.0,0.0,97.1,1.3
20130214015716,0.0,0.0,0.0,0.5,0.0,0.0,99.0,0.5
20130214015816,0.0,0.0,0.0,2.7,0.0,0.0,93.8,3.5
20130214015916,0.0,0.0,0.0,1.6,0.1,0.0,95.4,2.9
20130214020016,0.0,0.0,0.0,92.0,0.5,0.0,6.1,1.3
20130214020116,0.0,0.0,0.0,96.7,1.5,0.0,1.5,0.2
20130214020216,0.0,0.0,0.0,91.8,5.2,0.0,2.5,0.5
20130214020316,0.0,0.0,0.0,74.8,1.8,0.0,21.4,1.9
20130214020416,0.0,0.0,0.0,96.9,0.7,0.0,2.3,0.0
20130214020516,0.0,0.0,0.0,31.1,1.2,0.0,67.4,0.4
20130214020616,0.0,0.0,0.0,54.5,1.4,0.0,42.6,1.5
20130214020716,0.0,0.0,0.0,94.4,3.2,0.0,2.3,0.1
20130214020816,0.0,0.1,0.0,90.7,7.0,0.0,2.2,0.0
20130214020916,0.0,0.1,0.0,94.9,1.2,0.0,3.7,0.0
20130214021016,0.0,0.0,0.0,97.5,0.3,0.0,2.2,0.0
20130214021116,0.0,0.0,0.0,97.1,0.1,0.0,2.2,0.6
20130214021216,0.0,0.1,0.0,98.6,0.7,0.0,0.5,0.0
20130214021316,0.0,0.2,0.0,83.6,0.9,0.0,15.1,0.1
20130214021416,0.0,0.0,0.0,98.0,0.1,0.0,1.8,0.1
20130214021516,0.0,0.0,0.0,99.7,0.2,0.0,0.1,0.0
20130214021616,0.0,0.2,0.0,98.1,0.8,0.0,0.7,0.0
20130214021716,0.0,0.0,0.0,99.2,0.3,0.0,0.4,0.1
20130214021816,0.0,0.0,0.0,78.0,1.0,0.0,20.5,0.3
20130214021916,0.0,0.0,0.0,78.3,0.4,0.0,20.3,0.9
20130214022016,0.0,0.1,0.1,67.9,1.1,0.0,30.6,0.2
20130214022116,0.0,0.0,0.0,99.9,0.0,0.0,0.0,0.0
20130214022216,0.0,0.0,0.0,91.3,0.9,0.0,7.6,0.0
20130214022316,0.0,0.1,0.0,50.1,0.5,0.0,48.0,1.3
20130214022416,0.0,0.0,0.1,63.7,0.2,0.0,34.4,1.6
20130214022516,0.0,0.0,0.0,82.0,0.3,0.0,17.6,0.1
20130214022616,0.0,0.0,0.0,85.8,0.3,0.0,13.7,0.2
20130214022716,0.0,0.0,0.0,98.2,0.1,0.0,1.7,0.0
20130214022816,0.0,0.1,0.0,98.2,0.1,0.0,1.4,0.2
20130214022916,0.0,0.0,0.0,45.4,0.5,0.0,51.1,2.9
20130214023016,0.1,0.2,0.0,55.8,1.1,0.0,41.6,1.1
20130214023116,0.0,0.0,0.0,97.7,0.2,0.0,2.0,0.1
20130214023216,0.0,0.1,0.0,96.8,1.0,0.0,2.0,0.1
20130214023316,0.0,0.1,0.1,98.6,0.9,0.0,0.3,0.1
20130214023416,0.0,0.1,0.0,98.2,0.3,0.0,1.2,0.1
20130214023516,0.0,0.3,0.0,79.6,0.5,0.0,14.5,5.0
20130214023616,0.1,2.5,0.1,43.4,2.8,0.0,44.2,6.9
20130214023716,0.0,0.1,0.0,73.4,0.4,0.0,25.5,0.6
20130214023816,0.0,0.0,0.0,58.4,0.4,0.0,38.4,2.7
20130214023916,0.0,0.0,0.0,92.7,0.1,0.0,5.3,1.8
20130214024016,0.0,0.1,0.0,74.0,0.3,0.0,25.4,0.2
20130214024116,0.0,0.0,0.0,16.0,0.1,0.0,83.1,0.6
20130214024216,0.0,0.0,0.0,28.6,0.1,0.0,71.1,0.2
20130214024316,0.0,0.0,0.0,4.8,0.0,0.0,95.0,0.2
20130214024416,0.0,0.0,0.0,5.6,0.1,0.0,94.2,0.1
20130214024516,0.0,0.0,0.0,41.9,0.1,0.0,56.8,1.2
20130214024616,0.0,0.0,0.0,6.5,0.0,0.0,93.4,0.0
20130214024716,0.0,0.0,0.0,14.5,0.0,0.0,85.3,0.2
20130214024816,0.0,0.0,0.0,0.6,0.0,0.0,99.3,0.0
20130214024916,0.0,0.0,0.0,3.7,0.1,0.0,96.2,0.0
20130214025016,0.0,0.0,0.0,10.1,0.0,0.0,89.9,0.0
20130214025116,0.0,0.0,0.0,49.1,0.1,0.0,50.7,0.0
20130214025216,0.0,0.0,0.0,86.0,0.0,0.0,13.8,0.1
20130214025316,0.0,0.0,0.0,66.3,0.1,0.0,33.4,0.2
20130214025416,0.0,0.0,0.0,8.8,0.0,0.0,90.9,0.2
20130214025516,0.0,0.0,0.0,61.3,0.0,0.0,38.5,0.1
20130214025616,0.0,0.0,0.0,93.7,0.1,0.0,6.1,0.0
20130214025716,0.0,0.0,0.0,89.7,0.0,0.0,10.2,0.0
20130214025816,0.0,0.0,0.0,85.8,0.0,0.0,14.0,0.2
20130214025916,0.1,0.0,0.0,20.4,0.0,0.0,79.0,0.4
20130214030016,0.0,0.0,0.0,20.5,0.0,0.0,79.2,0.2
20130214030116,0.0,0.0,0.0,82.7,0.0,0.0,17.2,0.0
20130214030216,0.0,0.0,0.0,98.9,0.0,0.0,1.0,0.0
20130214030316,0.0,0.0,0.0,33.8,0.1,0.0,65.4,0.7
20130214030416,0.2,0.1,0.1,84.2,0.4,0.0,14.5,0.6
20130214030516,0.1,0.0,0.0,28.2,0.0,0.0,71.2,0.4
20130214030616,0.3,3.1,0.0,56.7,0.6,0.0,39.2,0.0
20130214030716,0.0,0.1,0.0,98.5,0.4,0.0,1.0,0.0
20130214030816,0.0,0.0,0.0,96.6,0.2,0.0,3.1,0.0
20130214030916,0.1,0.0,0.0,82.4,0.4,0.0,17.1,0.0
20130214031016,0.2,0.2,0.0,58.6,0.3,0.0,40.7,0.0
20130214031116,0.0,0.1,0.0,99.0,0.0,0.0,0.9,0.0
20130214031216,0.3,0.2,0.0,76.6,0.3,0.0,22.6,0.0
20130214031316,0.0,0.2,0.0,12.4,0.1,0.0,87.3,0.0
20130214031416,0.1,0.6,0.0,73.5,0.9,0.0,24.9,0.1
20130214031516,0.1,0.1,0.0,50.1,0.5,0.0,49.0,0.0
20130214031616,0.3,0.3,0.0,90.0,0.4,0.0,8.0,1.0
20130214031716,0.4,0.2,0.0,95.1,0.2,0.0,4.0,0.1
20130214031816,0.2,6.2,0.1,69.3,0.6,0.0,23.5,0.1
20130214031916,0.0,0.0,0.0,99.2,0.0,0.0,0.7,0.0
20130214032016,0.5,0.2,0.0,62.2,0.1,0.0,36.3,0.7
20130214032116,0.0,0.1,0.0,65.4,0.0,0.0,32.5,1.9
20130214032216,0.0,0.0,0.0,99.4,0.0,0.0,0.5,0.1
20130214032316,0.1,0.0,0.0,99.0,0.0,0.0,0.8,0.1
20130214032416,0.0,0.0,0.0,99.3,0.0,0.0,0.7,0.0
20130214032516,0.0,0.0,0.0,99.7,0.0,0.0,0.3,0.0
20130214032616,0.0,0.0,0.0,99.2,0.0,0.0,0.7,0.0
20130214032716,0.1,0.1,0.0,96.2,0.1,0.0,3.5,0.0
20130214032816,0.0,0.1,0.0,45.7,0.1,0.0,53.9,0.2
20130214032916,0.0,0.0,0.0,97.1,0.1,0.0,2.8,0.0
20130214033016,0.0,0.0,0.0,99.4,0.0,0.0,0.5,0.0
20130214033116,0.0,0.0,0.0,99.7,0.0,0.0,0.2,0.0
20130214033216,0.1,0.1,0.0,38.0,0.2,0.0,61.5,0.1
20130214033316,0.1,0.0,0.0,94.9,0.1,0.0,4.9,0.0
20130214033416,0.0,0.0,0.0,98.2,0.0,0.0,1.8,0.0
20130214033516,0.0,0.0,0.0,9.6,0.0,0.0,90.3,0.1
20130214033616,0.1,0.0,0.0,30.3,0.0,0.0,69.3,0.2
20130214033716,0.0,0.0,0.0,4.0,0.0,0.0,95.9,0.1
20130214033816,0.0,0.0,0.0,50.3,0.0,0.0,49.3,0.4
20130214033916,0.0,0.0,0.0,14.7,0.0,0.0,85.3,0.0
20130214034016,0.0,0.0,0.0,6.1,0.1,0.0,93.8,0.0
20130214034116,0.0,0.0,0.0,94.3,0.0,0.0,5.6,0.0
20130214034216,0.0,0.0,0.0,34.4,0.3,0.0,65.2,0.1
20130214034316,0.0,0.0,0.0,53.1,0.2,0.0,46.5,0.1
20130214034416,0.0,0.0,0.0,98.6,0.1,0.0,1.3,0.0
20130214034516,0.0,0.0,0.0,76.7,0.0,0.0,22.9,0.3
20130214034616,0.0,0.0,0.0,68.8,0.1,0.0,29.5,1.5
20130214034716,0.0,0.0,0.0,87.0,0.2,0.0,12.1,0.7
20130214034816,0.0,0.0,0.0,71.8,0.1,0.0,25.5,2.6
20130214034916,0.0,0.0,0.0,34.8,0.2,0.0,64.2,0.8
20130214035016,0.0,0.0,0.0,6.4,0.0,0.0,93.1,0.5
20130214035116,0.0,0.0,0.0,2.2,0.1,0.0,96.5,1.3
20130214035216,0.0,0.0,0.0,22.4,0.0,0.0,77.1,0.4
20130214035316,0.0,0.0,0.0,0.7,0.0,0.0,99.2,0.1
20130214035416,0.0,0.0,0.0,1.2,0.0,0.0,98.4,0.4
20130214035516,0.0,0.0,0.0,2.0,0.0,0.0,95.1,2.9
20130214035616,0.0,0.0,0.0,2.6,0.1,0.0,90.6,6.6
20130214035716,0.0,0.0,0.0,42.8,0.1,0.0,56.1,0.9
20130214035816,0.0,0.0,0.0,1.2,0.1,0.0,98.1,0.6
20130214035916,0.0,0.0,0.0,1.1,0.1,0.0,98.3,0.5
20130214040016,0.0,0.0,0.0,2.3,0.0,0.0,97.1,0.6
20130214040116,0.0,0.0,0.0,1.1,0.0,0.0,97.8,1.1
20130214040216,0.0,0.0,0.0,14.1,0.0,0.0,85.6,0.3
20130214040316,0.0,0.0,0.0,39.5,0.0,0.0,59.9,0.5
20130214040416,0.0,0.0,0.0,97.0,0.1,0.0,2.6,0.3
20130214040516,0.0,0.0,0.0,95.0,0.1,0.0,3.9,0.9
20130214040616,0.0,0.0,0.0,81.8,0.3,0.0,11.4,6.5
20130214040716,0.0,0.0,0.0,17.4,0.1,0.0,81.8,0.8
20130214040816,0.0,0.0,0.0,87.0,0.1,0.0,12.1,0.8
20130214040916,0.0,0.0,0.0,36.6,0.1,0.0,63.2,0.1
20130214041016,0.0,0.0,0.0,58.4,0.1,0.0,41.4,0.0
20130214041116,0.0,0.0,0.0,97.6,0.1,0.0,2.3,0.1
20130214041216,0.0,0.0,0.0,98.7,0.1,0.0,1.1,0.1
20130214041316,0.0,0.0,0.0,78.8,0.3,0.0,19.0,1.9
20130214041416,0.0,0.0,0.0,81.4,0.0,0.0,16.9,1.7
20130214041516,0.0,0.0,0.0,99.3,0.0,0.0,0.5,0.1
20130214041616,0.0,0.0,0.0,99.6,0.0,0.0,0.3,0.0
20130214041716,0.0,0.0,0.0,97.8,0.0,0.0,1.8,0.4
20130214041816,0.0,0.0,0.0,99.5,0.1,0.0,0.4,0.0
20130214041916,0.0,0.0,0.0,99.9,0.0,0.0,0.1,0.0
20130214042016,0.0,0.0,0.0,99.0,0.1,0.0,0.9,0.1
20130214042116,0.0,0.0,0.0,100.0,0.0,0.0,0.0,0.0
20130214042216,0.0,0.0,0.0,99.7,0.1,0.0,0.2,0.0
20130214042316,0.0,0.0,0.0,98.8,1.2,0.0,0.0,0.0
20130214042416,0.0,0.0,0.0,98.1,1.9,0.0,0.0,0.0
20130214042516,0.0,0.0,0.0,80.3,19.7,0.0,0.0,0.0
20130214042616,0.0,0.0,0.1,87.4,12.5,0.0,0.0,0.0
20130214042716,0.0,0.0,0.0,78.4,21.6,0.0,0.0,0.0
20130214042816,0.0,0.0,0.0,76.8,23.2,0.0,0.0,0.0
20130214042916,0.0,0.0,0.0,82.4,17.6,0.0,0.0,0.0
20130214043016,0.0,0.0,0.0,94.6,5.3,0.0,0.0,0.0
20130214043116,0.0,0.0,0.1,48.1,51.8,0.0,0.0,0.0
20130214043216,0.0,0.0,0.0,86.7,13.3,0.0,0.0,0.0
20130214043316,0.0,0.0,0.0,47.5,52.5,0.0,0.0,0.0
20130214043416,0.0,0.0,0.0,91.2,8.8,0.0,0.0,0.0
20130214043516,0.0,0.0,0.0,24.1,75.9,0.0,0.0,0.0
20130214043616,0.0,0.0,0.0,56.9,43.1,0.0,0.0,0.0
20130214043716,0.0,0.0,0.0,13.4,86.5,0.0,0.0,0.1
20130214043816,0.0,0.0,0.0,82.1,17.9,0.0,0.0,0.0
20130214043916,0.0,0.0,0.0,3.1,96.9,0.0,0.0,0.0
20130214044016,0.0,0.0,0.0,11.6,88.2,0.0,0.0,0.2
20130214044116,0.0,0.0,0.0,20.4,75.2,0.0,0.0,4.4
20130214044216,0.0,0.0,0.0,15.9,83.8,0.0,0.0,0.3
20130214044316,0.0,0.0,0.1,33.1,66.1,0.0,0.0,0.7
20130214044416,0.0,0.0,0.0,5.9,94.1,0.0,0.0,0.0
20130214044516,0.0,0.0,0.0,17.0,82.1,0.0,0.0,0.8
20130214044616,0.0,0.0,0.0,1.0,98.8,0.0,0.0,0.2
20130214044716,0.0,0.0,0.0,4.7,85.7,0.0,0.0,9.5
20130214044816,0.0,0.0,0.0,1.9,75.3,0.0,0.0,22.7
20130214044916,0.0,0.0,0.0,0.2,99.4,0.0,0.0,0.4
20130214045016,0.0,0.0,0.0,0.6,90.4,0.0,0.0,9.0
20130214045116,0.0,0.0,0.0,0.0,98.5,0.0,0.0,1.5
20130214045216,0.0,0.0,0.0,0.0,98.1,0.0,0.0,1.9
20130214045316,0.0,0.0,0.0,0.0,97.1,0.0,0.0,2.9
20130214045416,0.0,0.0,0.0,0.0,47.3,0.0,0.0,52.7
20130214045516,0.0,0.0,0.0,0.0,98.0,0.0,0.0,2.0
20130214045616,0.0,0.0,0.0,0.0,90.3,0.0,0.0,9.7
20130214045716,0.0,0.0,0.0,0.0,99.8,0.0,0.0,0.2
20130214045816,0.0,0.0,0.0,0.0,99.2,0.0,0.0,0.8
20130214045916,0.0,0.0,0.0,0.0,95.2,0.0,0.0,4.8
20130214050016,0.0,0.0,0.0,0.0,66.1,0.0,0.0,33.9
20130214050116,0.0,0.0,0.0,0.0,99.5,0.0,0.0,0.5
20130214050216,0.0,0.0,0.0,0.0,98.6,0.0,0.0,1.4
20130214050316,0.0,0.0,0.0,0.0,99.9,0.0,0.0,0.1
20130214050416,0.0,0.0,0.0,0.0,99.5,0.0,0.0,0.5
20130214050516,0.0,0.0,0.0,0.0,87.5,0.0,0.0,12.5
20130214050616,0.0,0.0,0.0,0.0,99.4,0.0,0.0,0.6
20130214050716,0.0,0.0,0.0,0.0,75.7,0.0,0.0,24.3
20130214050816,0.0,0.0,0.0,0.0,47.9,0.0,0.0,52.1
20130214050916,0.0,0.0,0.0,0.0,68.3,0.0,0.0,31.7
20130214051016,0.0,0.0,0.0,0.0,5.4,0.0,0.0,94.6
20130214051116,0.0,0.0,0.0,0.0,59.7,0.0,0.0,40.3
20130214051216,0.0,0.0,0.0,0.0,15.3,0.0,0.0,84.7
20130214051316,0.0,0.0,0.0,0.0,0.8,0.0,0.0,99.2
20130214051416,0.0,0.0,0.0,0.0,0.8,0.0,0.0,99.2
20130214051516,0.0,0.0,0.0,0.0,3.4,0.0,0.0,96.6
20130214051616,0.0,0.0,0.0,0.0,6.2,0.0,0.0,93.8
20130214051716,0.0,0.0,0.0,0.0,0.5,0.0,0.0,99.5
20130214051816,0.0,0.0,0.0,0.0,0.0,0.0,0.0,100.0
20130214051916,0.0,0.0,0.0,0.0,0.0,0.0,0.0,100.0
20130214052016,0.0,0.0,0.0,0.0,0.0,0.0,0.0,100.0
20130214052116,0.0,0.0,0.0,0.0,0.0,0.0,0.0,100.0
20130214052216,0.0,0.0,0.0,0.0,0.0,0.0,0.0,100.0
20130214052316,0.0,0.0,0.0,0.0,0.0,0.0,0.0,100.0
20130214052416,0.0,0.0,0.0,0.0,0.0,0.0,0.0,100.0
20130214052516,0.0,0.0,0.0,0.0,0.0,0.0,0.0,100.0
