UT,arc,discrete,diffuse,ac,ab,clear,cloudy,dd
20130128144500,0.0,0.0,0.0,0.0,0.0,0.0,0.0,100.0
20130128144600,0.0,0.0,0.0,0.0,0.0,0.0,0.0,100.0
20130128144700,0.0,0.0,0.0,0.0,0.0,0.0,0.0,100.0
20130128144800,0.0,0.0,0.0,0.0,0.0,0.0,0.0,100.0
20130128144900,0.0,0.0,0.0,0.0,0.0,0.0,0.0,100.0
20130128145000,0.0,0.0,0.0,0.0,0.0,0.0,0.0,100.0
20130128145100,0.0,0.0,0.0,0.0,0.0,0.0,0.0,100.0
20130128145200,0.0,0.0,0.0,0.0,0.0,0.0,0.0,100.0
20130128145300,0.0,0.0,0.0,0.0,0.0,0.0,0.0,100.0
20130128145400,0.0,0.0,0.0,0.0,0.0,0.0,0.0,100.0
20130128145500,0.0,0.0,0.0,0.0,0.0,0.0,0.0,100.0
20130128145600,0.0,0.0,0.0,0.0,0.0,0.0,0.0,100.0
20130128145700,0.0,0.0,0.0,0.0,0.0,0.0,0.0,100.0
20130128145800,0.0,0.0,0.0,0.0,0.0,0.0,0.0,100.0
20130128145900,0.0,0.0,0.0,0.0,0.0,0.0,0.0,100.0
20130128150000,0.0,0.0,0.0,0.0,0.0,0.0,0.0,100.0
20130128150100,0.0,0.0,0.0,0.0,0.0,0.0,0.0,100.0
20130128150200,0.0,0.0,0.0,0.0,0.0,0.0,0.0,100.0
20130128150300,0.0,0.0,0.0,0.0,0.0,0.0,0.0,100.0
20130128150400,0.0,0.0,0.0,0.0,0.0,0.0,0.0,100.0
20130128150500,0.0,0.0,0.0,0.0,0.0,0.0,0.0,100.0
20130128150600,0.0,0.0,0.0,0.0,0.0,0.0,0.0,100.0
20130128150700,0.0,0.0,0.0,0.0,0.0,0.0,0.0,100.0
20130128150800,0.0,0.0,0.0,0.0,0.0,0.0,0.0,100.0
20130128150900,0.0,0.0,0.0,0.0,0.0,0.0,0.0,100.0
20130128151000,0.0,0.0,0.0,0.0,0.0,0.0,0.0,100.0
20130128151100,0.0,0.0,0.0,0.0,0.0,0.0,0.0,100.0
20130128151200,0.0,0.0,0.0,0.0,0.0,0.0,0.0,100.0
20130128151300,0.0,0.0,0.0,0.0,0.0,0.0,0.0,100.0
20130128151400,0.0,0.0,0.0,0.0,0.0,0.0,0.0,100.0
20130128151500,0.0,0.0,0.0,0.0,0.0,0.0,0.0,100.0
20130128151600,0.0,0.0,0.0,0.0,0.0,0.0,0.0,100.0
20130128151700,0.0,0.0,0.0,0.0,0.0,0.0,0.0,100.0
20130128151800,0.0,0.0,0.0,0.0,0.0,0.0,0.0,100.0
20130128151900,0.0,0.0,0.0,0.0,0.0,0.0,0.0,100.0
20130128152000,0.0,0.0,0.0,0.0,0.0,0.0,0.0,100.0
20130128152100,0.0,0.0,0.0,0.0,0.0,0.0,0.0,100.0
20130128152200,0.0,0.0,0.0,0.0,0.0,0.0,0.0,100.0
20130128152300,0.0,0.0,0.0,0.0,0.0,0.0,0.0,100.0
20130128152400,0.0,0.0,0.0,0.0,0.0,0.0,0.0,100.0
20130128152500,0.0,0.0,0.0,0.0,0.0,0.0,0.0,100.0
20130128152600,0.0,0.0,0.0,0.0,0.0,0.0,0.0,100.0
20130128152700,0.0,0.0,0.0,0.0,0.0,0.0,0.0,100.0
20130128152800,0.0,0.0,0.0,0.0,0.0,0.0,0.0,100.0
20130128152900,0.0,0.0,0.0,0.0,0.0,0.0,0.0,100.0
20130128153000,0.0,0.0,0.0,0.0,0.0,0.0,0.0,100.0
20130128153100,0.0,0.0,0.0,0.0,0.1,0.0,0.0,99.9
20130128153200,0.0,0.0,0.0,0.0,0.2,0.0,0.0,99.8
20130128153300,0.0,0.0,0.0,0.0,0.2,0.0,0.0,99.8
20130128153400,0.0,0.0,0.0,0.0,5.0,0.0,0.0,95.0
20130128153500,0.0,0.0,0.0,0.0,0.3,0.0,0.0,99.7
20130128153600,0.0,0.0,0.0,0.0,0.4,0.0,0.0,99.6
20130128153700,0.0,0.0,0.0,0.0,0.4,0.0,0.0,99.6
20130128153800,0.0,0.0,0.0,0.0,0.3,0.0,0.0,99.7
20130128153900,0.0,0.0,0.0,0.0,0.5,0.0,0.0,99.5
20130128154000,0.0,0.0,0.0,0.0,1.5,0.0,0.0,98.5
20130128154100,0.0,0.0,0.0,0.0,1.0,0.0,0.0,99.0
20130128154200,0.0,0.0,0.0,0.0,1.8,0.0,0.1,98.2
20130128154300,0.0,0.0,0.0,0.0,3.5,0.0,0.4,96.1
20130128154400,0.0,0.0,0.0,0.0,0.3,0.0,0.1,99.7
20130128154500,0.0,0.0,0.0,0.0,1.6,0.0,0.6,97.8
20130128154600,0.0,0.0,0.0,0.1,1.1,0.0,5.1,93.7
20130128154700,0.0,0.0,0.0,0.0,1.0,0.0,1.1,97.9
20130128154800,0.0,0.0,0.0,0.0,2.0,0.0,6.6,91.4
20130128154900,0.0,0.0,0.0,0.0,0.7,0.0,9.8,89.5
20130128155000,0.0,0.0,0.0,0.0,0.2,0.0,1.8,97.9
20130128155100,0.0,0.0,0.0,0.0,0.9,0.0,6.3,92.8
20130128155200,0.0,0.0,0.0,0.0,0.8,0.0,7.3,91.9
20130128155300,0.0,0.0,0.0,0.0,0.6,0.0,9.1,90.3
20130128155400,0.0,0.0,0.0,0.0,1.6,0.0,30.6,67.7
20130128155500,0.0,0.0,0.0,0.0,4.0,0.0,77.8,18.2
20130128155600,0.0,0.0,0.0,0.0,0.5,0.0,89.9,9.6
20130128155700,0.0,0.0,0.0,0.0,0.1,0.0,99.5,0.4
20130128155800,0.0,0.0,0.0,0.0,0.1,0.0,99.8,0.1
20130128155900,0.0,0.0,0.0,0.0,0.0,0.0,99.9,0.1
20130128160000,0.0,0.0,0.0,0.0,0.0,0.0,99.9,0.1
20130128160100,0.0,0.0,0.0,0.0,0.0,0.0,99.7,0.2
20130128160200,0.0,0.0,0.0,0.0,0.0,0.0,100.0,0.0
20130128160300,0.0,0.0,0.0,0.0,0.0,0.0,99.9,0.0
20130128160400,0.0,0.0,0.0,0.0,0.0,0.0,100.0,0.0
20130128160500,0.0,0.0,0.0,0.0,0.0,0.0,100.0,0.0
20130128160600,0.0,0.0,0.0,0.0,0.0,0.0,100.0,0.0
20130128160700,0.0,0.0,0.0,0.0,0.0,0.0,99.9,0.0
20130128160800,0.0,0.0,0.0,0.0,0.0,0.0,100.0,0.0
20130128160900,0.0,0.0,0.0,0.0,0.0,0.0,100.0,0.0
20130128161000,0.0,0.0,0.0,0.0,0.0,0.0,100.0,0.0
20130128161100,0.0,0.0,0.0,0.0,0.0,0.0,100.0,0.0
20130128161200,0.0,0.0,0.0,0.0,0.0,0.0,100.0,0.0
20130128161300,0.0,0.0,0.0,0.0,0.0,0.0,100.0,0.0
20130128161400,0.0,0.0,0.0,0.0,0.0,0.0,100.0,0.0
20130128161500,0.0,0.0,0.0,0.0,0.0,0.0,99.9,0.0
20130128161600,0.0,0.0,0.0,0.0,0.0,0.0,100.0,0.0
20130128161700,0.0,0.0,0.0,0.0,0.0,0.0,100.0,0.0
20130128161800,0.0,0.0,0.0,0.0,0.0,0.0,100.0,0.0
20130128161900,0.0,0.0,0.0,0.0,0.0,0.0,100.0,0.0
20130128162000,0.0,0.0,0.0,0.0,0.0,0.0,100.0,0.0
20130128162100,0.0,0.0,0.0,0.0,0.0,0.0,100.0,0.0
20130128162200,0.0,0.0,0.0,0.0,0.0,0.0,100.0,0.0
20130128162300,0.0,0.0,0.0,0.0,0.0,0.0,100.0,0.0
20130128162400,0.0,0.0,0.0,0.0,0.0,0.0,100.0,0.0
20130128162500,0.0,0.0,0.0,0.0,0.0,0.0,100.0,0.0
20130128162600,0.0,0.0,0.0,0.0,0.0,0.0,100.0,0.0
20130128162700,0.0,0.0,0.0,0.0,0.0,0.0,100.0,0.0
20130128162800,0.0,0.0,0.0,0.0,0.0,0.0,100.0,0.0
20130128162900,0.0,0.0,0.0,0.0,0.0,0.0,100.0,0.0
20130128163000,0.0,0.0,0.0,0.0,0.0,0.0,100.0,0.0
20130128163100,0.0,0.0,0.0,0.0,0.0,0.0,100.0,0.0
20130128163200,0.0,0.0,0.0,0.0,0.0,0.0,100.0,0.0
20130128163300,0.0,0.0,0.0,0.0,0.0,0.0,100.0,0.0
20130128163400,0.0,0.0,0.0,0.0,0.0,0.0,100.0,0.0
20130128163500,0.0,0.0,0.0,0.0,0.0,0.0,100.0,0.0
20130128163600,0.0,0.0,0.0,0.0,0.0,0.0,100.0,0.0
20130128163700,0.0,0.0,0.0,0.0,0.0,0.0,100.0,0.0
20130128163800,0.0,0.0,0.0,0.0,0.0,0.0,100.0,0.0
20130128163900,0.0,0.0,0.0,0.0,0.0,0.0,100.0,0.0
20130128164000,0.0,0.0,0.0,0.0,0.0,0.0,100.0,0.0
20130128164100,0.0,0.0,0.0,0.0,0.0,0.0,100.0,0.0
20130128164200,0.0,0.0,0.0,0.0,0.0,0.0,100.0,0.0
20130128164300,0.0,0.0,0.0,0.0,0.0,0.0,100.0,0.0
20130128164400,0.0,0.0,0.0,0.0,0.0,0.0,100.0,0.0
20130128164500,0.0,0.0,0.0,0.0,0.0,0.0,100.0,0.0
20130128164600,0.0,0.0,0.0,0.0,0.0,0.0,100.0,0.0
20130128164700,0.0,0.0,0.0,0.0,0.0,0.0,100.0,0.0
20130128164800,0.0,0.0,0.0,0.0,0.0,0.0,100.0,0.0
20130128164900,0.0,0.0,0.0,0.0,0.0,0.0,100.0,0.0
20130128165000,0.0,0.0,0.0,0.0,0.0,0.0,100.0,0.0
20130128165100,0.0,0.0,0.0,0.0,0.0,0.0,100.0,0.0
20130128165200,0.0,0.0,0.0,0.0,0.0,0.0,100.0,0.0
20130128165300,0.0,0.0,0.0,0.0,0.0,0.0,100.0,0.0
20130128165400,0.0,0.0,0.0,0.0,0.0,0.0,100.0,0.0
20130128165500,0.0,0.0,0.0,0.0,0.0,0.0,100.0,0.0
20130128165600,0.0,0.0,0.0,0.0,0.0,0.0,100.0,0.0
20130128165700,0.0,0.0,0.0,0.0,0.0,0.0,100.0,0.0
20130128165800,0.0,0.0,0.0,0.0,0.0,0.0,100.0,0.0
20130128165900,0.0,0.0,0.0,0.0,0.0,0.0,100.0,0.0
20130128170000,0.0,0.0,0.0,0.0,0.0,0.0,100.0,0.0
20130128170100,0.0,0.0,0.0,0.0,0.0,0.0,100.0,0.0
20130128170200,0.0,0.0,0.0,0.0,0.0,0.0,100.0,0.0
20130128170300,0.0,0.0,0.0,0.0,0.0,0.0,100.0,0.0
20130128170400,0.0,0.0,0.0,0.0,0.0,0.0,100.0,0.0
20130128170500,0.0,0.0,0.0,0.0,0.0,0.0,100.0,0.0
20130128170600,0.0,0.0,0.0,0.0,0.0,0.0,100.0,0.0
20130128170700,0.0,0.0,0.0,0.0,0.0,0.0,100.0,0.0
20130128170800,0.0,0.0,0.0,0.0,0.0,0.0,100.0,0.0
20130128170900,0.0,0.0,0.0,0.0,0.0,0.0,100.0,0.0
20130128171000,0.0,0.0,0.0,0.0,0.0,0.0,100.0,0.0
20130128171100,0.0,0.0,0.0,0.0,0.0,0.0,100.0,0.0
20130128171200,0.0,0.0,0.0,0.0,0.0,0.0,100.0,0.0
20130128171300,0.0,0.0,0.0,0.0,0.0,0.0,100.0,0.0
20130128171400,0.0,0.0,0.0,0.0,0.0,0.0,100.0,0.0
20130128171500,0.0,0.0,0.0,0.0,0.0,0.0,100.0,0.0
20130128171600,0.0,0.0,0.0,0.0,0.0,0.0,100.0,0.0
20130128171700,0.0,0.0,0.0,0.0,0.0,0.0,100.0,0.0
20130128171800,0.0,0.0,0.0,0.0,0.0,0.0,100.0,0.0
20130128171900,0.0,0.0,0.0,0.0,0.0,0.0,100.0,0.0
20130128172000,0.0,0.0,0.0,0.0,0.0,0.0,100.0,0.0
20130128172100,0.0,0.0,0.0,0.0,0.0,0.0,100.0,0.0
20130128172200,0.0,0.0,0.0,0.0,0.0,0.0,100.0,0.0
20130128172300,0.0,0.0,0.0,0.0,0.0,0.0,100.0,0.0
20130128172400,0.0,0.0,0.0,0.0,0.0,0.0,100.0,0.0
20130128172500,0.0,0.0,0.0,0.0,0.0,0.0,100.0,0.0
20130128172600,0.0,0.0,0.0,0.0,0.0,0.0,100.0,0.0
20130128172700,0.0,0.0,0.0,0.0,0.0,0.0,100.0,0.0
20130128172800,0.0,0.0,0.0,0.0,0.0,0.0,100.0,0.0
20130128172900,0.0,0.0,0.0,0.0,0.0,0.0,100.0,0.0
20130128173000,0.0,0.0,0.0,0.0,0.0,0.0,100.0,0.0
20130128173100,0.0,0.0,0.0,0.0,0.0,0.0,100.0,0.0
20130128173200,0.0,0.0,0.0,0.0,0.0,0.0,100.0,0.0
20130128173300,0.0,0.0,0.0,0.0,0.0,0.0,100.0,0.0
20130128173400,0.0,0.0,0.0,0.0,0.0,0.0,100.0,0.0
20130128173500,0.0,0.0,0.0,0.0,0.0,0.0,99.9,0.1
20130128173600,0.0,0.0,0.0,0.0,0.0,0.0,100.0,0.0
20130128173700,0.0,0.0,0.0,0.0,0.0,0.0,99.9,0.1
20130128173800,0.0,0.0,0.0,0.0,0.0,0.0,100.0,0.0
20130128173900,0.0,0.0,0.0,0.0,0.0,0.0,100.0,0.0
20130128174000,0.0,0.0,0.0,0.0,0.0,0.0,99.8,0.2
20130128174100,0.0,0.0,0.0,0.0,0.0,0.0,99.8,0.1
20130128174200,0.0,0.0,0.0,0.0,0.0,0.0,100.0,0.0
20130128174300,0.0,0.0,0.0,0.0,0.0,0.0,99.9,0.1
20130128174400,0.0,0.0,0.0,0.0,0.0,0.0,99.9,0.1
20130128174500,0.0,0.0,0.0,0.0,0.0,0.0,99.4,0.6
20130128174600,0.0,0.0,0.0,0.0,0.0,0.0,99.9,0.1
20130128174700,0.0,0.0,0.0,0.0,0.0,0.0,99.8,0.2
20130128174800,0.0,0.0,0.0,0.0,0.0,0.0,100.0,0.0
20130128174900,0.0,0.0,0.0,0.0,0.0,0.0,99.9,0.1
20130128175000,0.0,0.0,0.0,0.0,0.0,0.0,99.6,0.3
20130128175100,0.0,0.0,0.0,0.0,0.0,0.0,99.4,0.5
20130128175200,0.0,0.0,0.0,0.1,0.2,0.0,98.6,1.2
20130128175300,0.0,0.0,0.0,0.0,0.0,0.0,99.7,0.3
20130128175400,0.0,0.0,0.0,0.0,0.1,0.0,99.3,0.6
20130128175500,0.0,0.0,0.0,0.0,0.1,0.0,97.3,2.5
20130128175600,0.0,0.0,0.0,0.0,0.0,0.0,99.3,0.7
20130128175700,0.0,0.0,0.0,0.0,0.0,0.0,99.1,0.8
20130128175800,0.0,0.0,0.0,0.0,0.0,0.0,99.5,0.4
20130128175900,0.0,0.0,0.0,0.0,0.0,0.0,97.7,2.3
20130128180000,0.0,0.0,0.0,0.0,0.0,0.0,99.5,0.5
20130128180100,0.0,0.0,0.0,0.0,0.0,0.0,99.4,0.6
20130128180200,0.0,0.0,0.0,0.0,0.1,0.0,99.0,0.9
20130128180300,0.0,0.0,0.0,0.0,0.0,0.0,99.9,0.1
20130128180400,0.0,0.0,0.0,0.0,0.0,0.0,99.9,0.1
20130128180500,0.0,0.0,0.0,0.1,0.3,0.0,97.2,2.3
20130128180600,0.0,0.0,0.0,0.0,0.0,0.0,99.9,0.0
20130128180700,0.0,0.0,0.0,0.0,0.0,0.0,99.9,0.1
20130128180800,0.0,0.0,0.0,0.1,0.1,0.0,99.6,0.2
20130128180900,0.0,0.0,0.0,0.0,0.0,0.0,99.9,0.1
20130128181000,0.0,0.0,0.0,0.0,0.0,0.0,99.8,0.1
20130128181100,0.0,0.0,0.0,0.0,0.0,0.0,99.8,0.1
20130128181200,0.0,0.0,0.0,0.0,0.2,0.0,98.5,1.2
20130128181300,0.0,0.0,0.0,0.0,0.1,0.0,99.3,0.6
20130128181400,0.0,0.0,0.0,0.1,0.2,0.0,98.1,1.6
20130128181500,0.0,0.0,0.0,0.1,0.1,0.0,99.0,0.7
20130128181600,0.0,0.0,0.0,0.1,0.6,0.0,98.7,0.5
20130128181700,0.0,0.0,0.0,0.3,0.3,0.0,98.2,1.1
20130128181800,0.0,0.0,0.0,0.2,0.4,0.0,97.0,2.3
20130128181900,0.0,0.0,0.0,0.1,0.2,0.0,98.7,1.0
20130128182000,0.0,0.0,0.0,0.5,1.9,0.0,92.4,5.1
20130128182100,0.0,0.1,0.1,0.6,9.8,0.1,69.7,19.5
20130128182200,0.0,0.1,0.6,0.9,10.0,0.1,61.5,26.7
20130128182300,0.0,0.1,0.1,1.9,13.0,0.0,71.6,13.2
20130128182400,0.0,0.0,0.1,0.6,2.2,0.0,84.9,12.2
20130128182500,0.0,0.0,0.0,0.1,0.4,0.0,97.7,1.8
20130128182600,0.0,0.0,0.0,0.1,0.5,0.0,97.2,2.2
20130128182700,0.0,0.0,0.0,0.0,0.2,0.0,97.7,2.1
20130128182800,0.0,0.0,0.0,0.2,2.4,0.0,87.8,9.6
20130128182900,0.0,0.0,0.1,0.7,2.4,0.0,52.1,44.7
20130128183000,0.0,0.0,0.0,0.2,0.4,0.0,69.1,30.3
20130128183100,0.0,0.0,0.0,0.5,0.6,0.0,71.7,27.2
20130128183200,0.0,0.0,0.0,0.2,0.6,0.0,83.1,16.1
20130128183300,0.0,0.0,0.0,0.1,0.2,0.0,94.3,5.4
20130128183400,0.0,0.0,0.0,0.1,0.2,0.0,82.7,17.0
20130128183500,0.0,0.0,0.0,0.2,0.2,0.0,70.8,28.9
20130128183600,0.0,0.0,0.0,0.1,0.1,0.0,96.8,3.0
20130128183700,0.0,0.0,0.0,0.2,1.0,0.0,93.3,5.4
20130128183800,0.0,0.0,0.2,0.7,3.3,0.0,55.6,40.3
20130128183900,0.0,0.0,0.7,0.8,2.8,0.0,49.2,46.5
20130128184000,0.0,0.0,0.2,0.6,1.5,0.0,19.2,78.4
20130128184100,0.0,0.0,0.1,0.4,3.0,0.0,77.1,19.5
20130128184200,0.0,0.0,0.1,0.7,1.7,0.0,88.2,9.3
20130128184300,0.0,0.0,0.0,0.2,0.2,0.0,95.7,3.9
20130128184400,0.0,0.0,0.4,1.2,0.2,0.0,88.0,10.2
20130128184500,0.0,0.0,0.1,2.0,1.0,0.0,86.5,10.4
20130128184600,0.0,0.0,0.0,0.1,0.4,0.0,99.1,0.5
20130128184700,0.0,0.0,0.0,0.4,1.1,0.0,93.9,4.5
20130128184800,0.0,0.0,0.0,0.3,1.2,0.0,76.5,22.0
20130128184900,0.0,0.0,0.0,0.4,2.9,0.0,41.8,54.9
20130128185000,0.0,0.0,0.0,0.1,0.2,0.0,91.1,8.6
20130128185100,0.0,0.0,0.0,0.0,0.3,0.0,51.0,48.7
20130128185200,0.0,0.0,0.0,0.2,0.6,0.0,57.8,41.3
20130128185300,0.0,0.0,0.0,0.0,0.8,0.0,53.8,45.4
20130128185400,0.0,0.0,0.0,0.0,0.1,0.0,98.4,1.4
20130128185500,0.0,0.0,0.0,0.2,0.2,0.0,84.0,15.6
20130128185600,0.0,0.0,0.0,0.5,0.7,0.0,49.1,49.6
20130128185700,0.0,0.0,0.1,0.6,0.8,0.0,45.8,52.7
20130128185800,0.0,0.0,0.0,0.1,2.7,0.0,6.7,90.4
20130128185900,0.0,0.0,0.0,1.0,2.9,0.0,32.1,64.0
20130128190000,0.0,0.0,0.0,0.1,0.8,0.0,1.9,97.1
20130128190100,0.0,0.0,0.0,0.0,0.2,0.0,1.7,98.1
20130128190200,0.0,0.0,0.0,0.1,0.2,0.0,13.2,86.4
20130128190300,0.0,0.0,0.0,0.0,0.1,0.0,2.9,97.0
20130128190400,0.0,0.0,0.0,0.7,2.0,0.0,20.9,76.4
20130128190500,0.0,0.0,0.0,3.7,2.5,0.0,37.3,56.5
20130128190600,0.0,0.0,0.0,0.1,1.1,0.0,54.1,44.8
20130128190700,0.0,0.0,0.0,0.1,0.3,0.0,79.5,20.1
20130128190800,0.0,0.0,0.0,0.1,0.5,0.0,50.8,48.5
20130128190900,0.0,0.0,0.0,0.0,1.3,0.0,10.4,88.2
20130128191000,0.0,0.0,0.0,0.1,0.4,0.0,29.8,69.6
20130128191100,0.0,0.0,0.0,0.1,0.5,0.0,31.8,67.6
20130128191200,0.0,0.0,0.0,0.0,0.1,0.0,1.2,98.6
20130128191300,0.0,0.0,0.0,0.0,0.2,0.0,9.4,90.3
20130128191400,0.0,0.0,0.0,0.0,0.3,0.0,14.9,84.8
20130128191500,0.0,0.0,0.0,0.0,0.1,0.0,0.3,99.6
20130128191600,0.0,0.0,0.0,0.0,0.0,0.0,0.1,99.8
20130128191700,0.0,0.0,0.0,0.0,0.0,0.0,1.7,98.2
20130128191800,0.0,0.0,0.0,0.2,0.1,0.0,5.4,94.4
20130128191900,0.0,0.0,0.0,0.0,0.0,0.0,2.1,97.8
20130128192000,0.0,0.0,0.0,0.0,0.0,0.0,3.6,96.3
20130128192100,0.0,0.0,0.0,0.0,0.0,0.0,0.5,99.5
20130128192200,0.0,0.0,0.0,0.2,0.1,0.0,3.6,96.1
20130128192300,0.0,0.0,0.0,0.0,0.1,0.0,5.1,94.8
20130128192400,0.0,0.0,0.0,0.1,0.0,0.0,2.5,97.4
20130128192500,0.0,0.0,0.0,0.1,0.4,0.0,8.7,90.8
20130128192600,0.0,0.0,0.0,0.2,0.5,0.0,10.8,88.4
20130128192700,0.0,0.0,0.0,0.0,0.2,0.0,0.9,98.9
20130128192800,0.0,0.0,0.0,0.7,0.8,0.0,37.6,60.8
20130128192900,0.0,0.0,0.0,0.3,4.1,0.0,1.2,94.3
20130128193000,0.0,0.0,0.0,0.3,3.5,0.0,3.3,92.9
20130128193100,0.0,0.0,0.0,0.1,1.7,0.0,0.2,97.9
20130128193200,0.0,0.0,0.0,0.6,4.2,0.0,1.8,93.4
20130128193300,0.0,0.0,0.0,0.8,24.9,0.0,1.5,72.8
20130128193400,0.0,0.1,0.0,5.2,40.5,0.0,2.6,51.6
20130128193500,0.0,0.0,0.0,2.8,5.7,0.0,24.8,66.7
20130128193600,0.0,0.0,0.0,0.5,4.9,0.0,2.6,91.9
20130128193700,0.0,0.0,0.0,0.9,10.5,0.0,13.3,75.3
20130128193800,0.0,0.0,0.0,1.4,20.1,0.0,10.7,67.8
20130128193900,0.0,0.0,0.0,0.6,2.1,0.0,3.1,94.1
20130128194000,0.0,0.0,0.0,0.3,4.3,0.0,4.3,91.1
20130128194100,0.0,0.0,0.0,0.8,5.8,0.0,8.5,85.0
20130128194200,0.0,0.0,0.0,0.1,3.0,0.0,2.9,93.9
20130128194300,0.0,0.0,0.0,0.2,7.1,0.0,3.8,88.9
20130128194400,0.0,0.0,0.1,1.8,14.2,0.0,6.9,77.1
20130128194500,0.0,0.0,0.1,0.8,11.5,0.0,19.0,68.7
20130128194600,0.0,0.0,0.1,0.4,7.5,0.0,30.9,61.1
20130128194700,0.0,0.0,0.0,0.1,7.7,0.0,4.8,87.3
20130128194800,0.0,0.0,0.0,0.4,13.7,0.0,11.9,73.9
20130128194900,0.0,0.0,0.0,0.1,3.1,0.0,8.2,88.6
20130128195000,0.0,0.0,0.0,0.2,9.5,0.0,5.6,84.8
20130128195100,0.0,0.0,0.0,0.2,4.8,0.0,10.8,84.1
20130128195200,0.0,0.0,0.0,0.1,5.0,0.0,21.2,73.6
20130128195300,0.0,0.0,0.0,0.0,6.0,0.0,3.2,90.7
20130128195400,0.0,0.0,0.0,0.0,1.4,0.0,0.7,97.9
20130128195500,0.0,0.0,0.0,0.0,1.9,0.0,0.3,97.9
20130128195600,0.0,0.0,0.0,0.0,1.6,0.0,3.0,95.4
20130128195700,0.0,0.0,0.0,0.0,2.4,0.0,3.4,94.2
20130128195800,0.0,0.0,0.0,0.0,1.8,0.0,0.4,97.8
20130128195900,0.0,0.0,0.0,0.0,7.5,0.0,2.9,89.6
20130128200000,0.0,0.0,0.0,0.0,2.0,0.0,1.8,96.1
20130128200100,0.0,0.0,0.0,0.0,8.4,0.0,7.9,83.7
20130128200200,0.0,0.0,0.0,0.0,0.4,0.0,0.2,99.4
20130128200300,0.0,0.0,0.0,0.0,4.9,0.0,18.4,76.7
20130128200400,0.0,0.0,0.0,0.0,0.7,0.0,0.5,98.7
20130128200500,0.0,0.0,0.0,0.0,6.3,0.0,7.2,86.5
20130128200600,0.0,0.0,0.0,0.0,3.0,0.0,9.7,87.3
20130128200700,0.0,0.0,0.0,0.0,5.4,0.0,15.8,78.7
20130128200800,0.0,0.0,0.0,0.0,5.1,0.0,5.0,89.8
20130128200900,0.0,0.0,0.0,0.0,0.8,0.0,0.6,98.6
20130128201000,0.0,0.0,0.0,0.0,0.6,0.0,0.9,98.4
20130128201100,0.0,0.0,0.0,0.0,0.8,0.0,1.6,97.6
20130128201200,0.0,0.0,0.0,0.0,3.6,0.0,10.5,85.9
20130128201300,0.0,0.0,0.0,0.0,2.2,0.0,10.4,87.4
20130128201400,0.0,0.0,0.0,0.0,1.5,0.0,4.4,94.1
20130128201500,0.0,0.0,0.0,0.1,4.6,0.0,35.0,60.4
20130128201600,0.0,0.0,0.0,0.0,1.3,0.0,66.7,31.9
20130128201700,0.0,0.0,0.0,0.0,1.7,0.0,29.5,68.7
20130128201800,0.0,0.0,0.0,0.0,0.3,0.0,71.8,27.9
20130128201900,0.0,0.0,0.0,0.0,4.6,0.0,75.0,20.3
20130128202000,0.0,0.0,0.0,0.1,1.0,0.0,77.7,21.2
20130128202100,0.0,0.0,0.0,0.0,0.4,0.0,88.9,10.6
20130128202200,0.0,0.0,0.0,0.1,2.9,0.0,77.2,19.7
20130128202300,0.0,0.0,0.0,0.1,0.6,0.0,38.8,60.4
20130128202400,0.0,0.0,0.0,0.0,1.3,0.0,4.3,94.3
20130128202500,0.0,0.0,0.1,0.0,1.3,0.0,16.7,81.9
20130128202600,0.0,0.0,0.0,0.0,5.0,0.0,2.3,92.7
20130128202700,0.0,0.0,0.1,0.0,3.2,0.0,36.6,60.1
20130128202800,0.0,0.0,0.1,0.0,2.5,0.0,32.5,64.9
20130128202900,0.0,0.0,0.0,0.0,1.6,0.0,10.8,87.6
20130128203000,0.0,0.0,0.0,0.0,2.8,0.0,29.0,68.1
20130128203100,0.0,0.0,0.0,0.0,1.9,0.0,11.1,87.0
20130128203200,0.0,0.0,0.0,0.0,2.2,0.0,24.8,73.0
20130128203300,0.0,0.0,0.0,0.0,4.3,0.0,23.1,72.6
20130128203400,0.0,0.0,0.0,0.0,3.3,0.0,8.1,88.6
20130128203500,0.0,0.0,0.0,0.0,3.5,0.0,10.6,85.9
20130128203600,0.0,0.0,0.0,0.0,3.9,0.0,26.0,70.0
20130128203700,0.0,0.0,0.0,0.0,2.0,0.0,28.9,69.0
20130128203800,0.0,0.0,0.0,0.0,0.4,0.0,11.9,87.7
20130128203900,0.0,0.0,0.0,0.0,0.4,0.0,39.2,60.4
20130128204000,0.0,0.0,0.0,0.0,0.6,0.0,38.7,60.6
20130128204100,0.0,0.0,0.0,0.0,0.4,0.0,14.4,85.2
20130128204200,0.0,0.0,0.0,0.0,0.2,0.0,72.7,27.1
20130128204300,0.0,0.0,0.0,0.0,0.2,0.0,47.5,52.3
20130128204400,0.0,0.0,0.0,0.0,0.1,0.0,19.3,80.5
20130128204500,0.0,0.0,0.0,0.0,0.1,0.0,73.2,26.7
20130128204600,0.0,0.0,0.0,0.0,0.0,0.0,99.2,0.8
20130128204700,0.0,0.0,0.0,0.0,0.0,0.0,99.1,0.9
20130128204800,0.0,0.0,0.0,0.0,0.0,0.0,98.2,1.8
20130128204900,0.0,0.0,0.0,0.0,0.1,0.0,87.7,12.2
20130128205000,0.0,0.0,0.0,0.0,0.1,0.0,96.6,3.3
20130128205100,0.0,0.0,0.0,0.0,0.0,0.0,99.7,0.3
20130128205200,0.0,0.0,0.0,0.0,0.1,0.0,96.3,3.7
20130128205300,0.0,0.0,0.1,0.0,0.3,0.0,97.0,2.6
20130128205400,0.0,0.0,0.0,0.0,0.0,0.0,99.2,0.7
20130128205500,0.0,0.0,0.0,0.0,0.0,0.0,99.8,0.2
20130128205600,0.0,0.0,0.0,0.0,0.0,0.0,99.6,0.3
20130128205700,0.0,0.0,0.0,0.0,0.1,0.0,99.4,0.5
20130128205800,0.0,0.0,0.0,0.0,0.0,0.0,100.0,0.0
20130128205900,0.0,0.0,0.0,0.0,0.0,0.0,99.9,0.1
20130128210000,0.0,0.0,0.0,0.0,0.1,0.0,99.6,0.4
20130128210100,0.0,0.0,0.0,0.0,0.0,0.0,99.9,0.0
20130128210200,0.0,0.0,0.0,0.0,0.0,0.0,99.9,0.0
20130128210300,0.0,0.0,0.0,0.0,0.0,0.0,99.9,0.0
20130128210400,0.0,0.0,0.0,0.0,0.1,0.0,99.7,0.2
20130128210500,0.0,0.0,0.0,0.0,0.0,0.0,99.8,0.2
20130128210600,0.0,0.0,0.0,0.0,0.0,0.0,99.1,0.8
20130128210700,0.0,0.0,0.0,0.0,0.0,0.0,99.7,0.2
20130128210800,0.0,0.0,0.0,0.0,0.0,0.0,99.8,0.2
20130128210900,0.0,0.0,0.0,0.0,0.4,0.0,99.1,0.5
20130128211000,0.0,0.0,0.0,0.0,0.2,0.0,99.6,0.2
20130128211100,0.0,0.0,0.0,0.0,0.3,0.0,99.4,0.3
20130128211200,0.0,0.0,0.0,0.0,0.6,0.0,99.0,0.3
20130128211300,0.0,0.0,0.0,0.0,0.9,0.0,97.5,1.6
20130128211400,0.0,0.0,0.0,0.0,0.4,0.0,95.8,3.7
20130128211500,0.0,0.0,0.0,0.0,0.2,0.0,98.5,1.2
20130128211600,0.0,0.0,0.0,0.0,0.2,0.0,98.5,1.3
20130128211700,0.0,0.0,0.0,0.0,0.2,0.0,97.8,2.0
20130128211800,0.0,0.0,0.0,0.0,0.0,0.0,98.4,1.6
20130128211900,0.0,0.0,0.0,0.0,0.0,0.0,99.2,0.8
20130128212000,0.0,0.0,0.0,0.0,0.0,0.0,99.4,0.6
20130128212100,0.0,0.0,0.0,0.0,0.0,0.0,99.9,0.1
20130128212200,0.0,0.0,0.0,0.0,0.0,0.0,99.6,0.4
20130128212300,0.0,0.0,0.0,0.0,0.0,0.0,99.9,0.1
20130128212400,0.0,0.0,0.0,0.0,0.0,0.0,99.6,0.4
20130128212500,0.0,0.0,0.0,0.0,0.0,0.0,99.9,0.1
20130128212600,0.0,0.0,0.0,0.0,0.0,0.0,99.7,0.3
20130128212700,0.0,0.0,0.0,0.0,0.1,0.0,99.8,0.1
20130128212800,0.0,0.0,0.0,0.0,0.0,0.0,99.9,0.1
20130128212900,0.0,0.0,0.0,0.0,0.0,0.0,99.9,0.1
20130128213000,0.0,0.0,0.0,0.0,0.0,0.0,99.9,0.1
20130128213100,0.0,0.0,0.0,0.0,0.0,0.0,99.8,0.1
20130128213200,0.0,0.0,0.0,0.0,0.1,0.0,99.7,0.2
20130128213300,0.0,0.0,0.0,0.0,0.5,0.0,99.4,0.1
20130128213400,0.0,0.0,0.0,0.0,0.1,0.0,99.7,0.2
20130128213500,0.0,0.0,0.0,0.0,0.0,0.0,99.5,0.5
20130128213600,0.0,0.0,0.0,0.0,0.0,0.0,99.0,0.9
20130128213700,0.0,0.0,0.0,0.0,0.0,0.0,99.8,0.1
20130128213800,0.0,0.0,0.0,0.0,0.1,0.0,99.5,0.3
20130128213900,0.0,0.0,0.0,0.0,0.1,0.0,99.7,0.2
20130128214000,0.0,0.0,0.0,0.0,0.1,0.0,99.1,0.8
20130128214100,0.0,0.0,0.0,0.0,0.0,0.0,99.7,0.3
20130128214200,0.0,0.0,0.0,0.0,0.0,0.0,99.7,0.2
20130128214300,0.0,0.0,0.0,0.3,1.6,0.0,97.3,0.9
20130128214400,0.0,0.0,0.2,7.1,4.1,0.0,72.9,15.7
20130128214500,0.0,0.0,0.0,0.6,1.0,0.0,95.7,2.6
20130128214600,0.0,0.0,0.0,0.1,0.5,0.0,98.9,0.5
20130128214700,0.0,0.0,0.0,0.0,0.1,0.0,99.6,0.2
20130128214800,0.0,0.0,0.0,0.1,0.2,0.0,99.2,0.5
20130128214900,0.0,0.0,0.0,0.1,0.2,0.0,99.1,0.5
20130128215000,0.0,0.0,0.0,0.2,0.3,0.0,99.1,0.4
20130128215100,0.0,0.0,0.1,0.3,1.6,0.0,95.8,2.2
20130128215200,0.0,0.0,0.0,0.0,0.4,0.0,99.3,0.2
20130128215300,0.0,0.0,0.0,0.0,0.1,0.0,99.7,0.2
20130128215400,0.0,0.0,0.0,0.0,0.1,0.0,99.7,0.2
20130128215500,0.0,0.0,0.0,0.1,0.6,0.0,98.8,0.5
20130128215600,0.0,0.0,0.0,0.2,0.4,0.0,99.1,0.3
20130128215700,0.0,0.0,0.0,0.2,0.7,0.0,98.0,1.1
20130128215800,0.0,0.0,0.0,0.1,0.5,0.0,98.1,1.2
20130128215900,0.0,0.0,0.0,0.0,0.2,0.0,99.4,0.4
20130128220000,0.0,0.0,0.0,0.1,1.0,0.0,97.4,1.5
20130128220100,0.0,0.0,0.0,0.0,0.2,0.0,99.4,0.4
20130128220200,0.0,0.0,0.0,0.0,0.4,0.0,98.9,0.7
20130128220300,0.0,0.0,0.0,0.0,0.6,0.0,98.5,0.9
20130128220400,0.0,0.0,0.0,0.0,1.1,0.0,96.2,2.6
20130128220500,0.0,0.0,0.0,0.0,0.1,0.0,99.6,0.2
20130128220600,0.0,0.0,0.0,0.0,0.6,0.0,99.1,0.3
20130128220700,0.0,0.0,0.0,0.0,0.9,0.0,98.2,0.9
20130128220800,0.0,0.0,0.0,0.0,0.2,0.0,98.6,1.2
20130128220900,0.0,0.0,0.0,0.0,0.1,0.0,99.2,0.7
20130128221000,0.0,0.0,0.0,0.0,0.4,0.0,92.7,6.9
20130128221100,0.0,0.0,0.0,0.0,0.2,0.0,98.3,1.5
20130128221200,0.0,0.0,0.0,0.0,0.3,0.0,98.0,1.7
20130128221300,0.0,0.0,0.0,0.0,0.4,0.0,97.0,2.6
20130128221400,0.0,0.0,0.0,0.0,0.1,0.0,98.1,1.9
20130128221500,0.0,0.0,0.0,0.0,0.1,0.0,97.7,2.2
20130128221600,0.0,0.0,0.0,0.0,0.1,0.0,98.7,1.2
20130128221700,0.0,0.0,0.0,0.0,0.1,0.0,98.8,1.1
20130128221800,0.0,0.0,0.0,0.0,0.1,0.0,99.5,0.4
20130128221900,0.0,0.0,0.0,0.0,0.0,0.0,99.8,0.1
20130128222000,0.0,0.0,0.0,0.0,0.3,0.0,99.2,0.5
20130128222100,0.0,0.0,0.0,0.0,0.2,0.0,99.6,0.2
20130128222200,0.0,0.0,0.0,0.0,0.1,0.0,99.4,0.4
20130128222300,0.0,0.0,0.0,0.0,0.1,0.0,99.4,0.5
20130128222400,0.0,0.0,0.0,0.0,0.1,0.0,99.4,0.5
20130128222500,0.0,0.0,0.0,0.0,0.1,0.0,99.7,0.3
20130128222600,0.0,0.0,0.0,0.0,0.5,0.0,96.7,2.9
20130128222700,0.0,0.0,0.0,0.0,0.3,0.0,99.3,0.4
20130128222800,0.0,0.0,0.0,0.0,0.3,0.0,98.3,1.4
20130128222900,0.0,0.0,0.0,0.0,1.0,0.0,96.9,2.0
20130128223000,0.0,0.0,0.0,0.0,0.3,0.0,97.8,1.9
20130128223100,0.0,0.0,0.0,0.0,0.3,0.0,97.1,2.6
20130128223200,0.0,0.0,0.0,0.0,0.3,0.0,87.9,11.8
20130128223300,0.0,0.0,0.0,0.0,1.1,0.0,89.4,9.5
20130128223400,0.0,0.0,0.0,0.0,0.7,0.0,96.1,3.2
20130128223500,0.0,0.0,0.0,0.0,0.4,0.0,98.3,1.2
20130128223600,0.0,0.0,0.0,0.0,0.3,0.0,94.6,5.1
20130128223700,0.0,0.0,0.0,0.0,0.1,0.0,97.7,2.2
20130128223800,0.0,0.0,0.0,0.0,0.1,0.0,98.6,1.3
20130128223900,0.0,0.0,0.0,0.0,0.1,0.0,92.2,7.8
20130128224000,0.0,0.0,0.0,0.0,0.0,0.0,92.9,7.1
20130128224100,0.0,0.0,0.0,0.0,0.0,0.0,98.7,1.3
20130128224200,0.0,0.0,0.0,0.0,0.0,0.0,97.7,2.3
20130128224300,0.0,0.0,0.0,0.0,0.0,0.0,96.6,3.4
20130128224400,0.0,0.0,0.0,0.0,0.1,0.0,99.3,0.7
20130128224500,0.0,0.0,0.0,0.0,0.0,0.0,99.8,0.2
20130128224600,0.0,0.0,0.0,0.0,0.0,0.0,99.6,0.4
20130128224700,0.0,0.0,0.0,0.0,0.0,0.0,99.6,0.4
20130128224800,0.0,0.0,0.0,0.0,0.0,0.0,99.0,0.9
20130128224900,0.0,0.0,0.0,0.0,0.0,0.0,99.7,0.2
20130128225000,0.0,0.0,0.0,0.0,0.0,0.0,99.9,0.0
20130128225100,0.0,0.0,0.0,0.0,0.0,0.0,99.9,0.1
20130128225200,0.0,0.0,0.0,0.0,0.1,0.0,99.7,0.2
20130128225300,0.0,0.0,0.0,0.0,0.0,0.0,99.7,0.2
20130128225400,0.0,0.0,0.0,0.0,0.0,0.0,99.8,0.2
20130128225500,0.0,0.0,0.0,0.0,0.0,0.0,100.0,0.0
20130128225600,0.0,0.0,0.0,0.0,0.1,0.0,99.9,0.0
20130128225700,0.0,0.0,0.0,0.0,0.1,0.0,99.8,0.1
20130128225800,0.0,0.0,0.0,0.0,0.3,0.0,99.6,0.0
20130128225900,0.0,0.0,0.0,0.0,0.8,0.0,99.0,0.2
20130128230000,0.0,0.0,0.0,0.0,0.5,0.0,99.3,0.1
20130128230100,0.0,0.0,0.0,0.1,1.8,0.0,98.1,0.1
20130128230200,0.0,0.0,0.0,0.0,0.1,0.0,99.6,0.3
20130128230300,0.0,0.0,0.0,0.0,0.1,0.0,99.6,0.3
20130128230400,0.0,0.0,0.0,0.0,0.1,0.0,99.5,0.4
20130128230500,0.0,0.0,0.0,0.0,0.1,0.0,99.7,0.2
20130128230600,0.0,0.0,0.0,0.1,0.2,0.0,99.5,0.2
20130128230700,0.0,0.0,0.0,0.0,0.3,0.0,99.6,0.1
20130128230800,0.0,0.0,0.0,0.0,0.1,0.0,99.8,0.0
20130128230900,0.0,0.0,0.0,0.0,0.1,0.0,99.9,0.0
20130128231000,0.0,0.0,0.0,0.0,0.0,0.0,99.9,0.0
20130128231100,0.0,0.0,0.0,0.0,0.0,0.0,99.9,0.1
20130128231200,0.0,0.0,0.0,0.1,0.4,0.0,99.2,0.4
20130128231300,0.0,0.0,0.0,0.0,0.0,0.0,99.9,0.1
20130128231400,0.0,0.0,0.0,0.1,0.4,0.0,98.0,1.5
20130128231500,0.0,0.0,0.0,0.2,0.2,0.0,98.2,1.4
20130128231600,0.0,0.0,0.0,0.1,0.7,0.0,97.7,1.4
20130128231700,0.0,0.0,0.0,0.0,0.4,0.0,98.1,1.5
20130128231800,0.0,0.0,0.0,0.1,0.5,0.0,98.6,0.8
20130128231900,0.0,0.0,0.0,0.0,0.3,0.0,97.6,2.1
20130128232000,0.0,0.0,0.1,0.1,0.6,0.0,95.9,3.3
20130128232100,0.0,0.0,0.0,0.0,0.1,0.0,99.2,0.7
20130128232200,0.0,0.0,0.0,0.0,0.4,0.0,95.0,4.5
20130128232300,0.0,0.0,0.0,0.0,0.2,0.0,97.5,2.3
20130128232400,0.0,0.0,0.0,0.0,0.2,0.0,97.2,2.5
20130128232500,0.0,0.0,0.1,0.1,0.7,0.0,91.0,8.1
20130128232600,0.0,0.0,0.0,0.0,0.7,0.0,91.1,8.2
20130128232700,0.0,0.0,0.0,0.0,0.2,0.0,94.7,5.0
20130128232800,0.0,0.0,0.0,0.0,0.2,0.0,95.4,4.3
20130128232900,0.0,0.0,0.0,0.1,0.6,0.0,84.9,14.3
20130128233000,0.0,0.0,0.0,0.0,0.4,0.0,95.2,4.4
20130128233100,0.0,0.0,0.0,0.0,1.1,0.0,91.6,7.3
20130128233200,0.0,0.0,0.0,0.0,0.1,0.0,98.5,1.5
20130128233300,0.0,0.0,0.0,0.0,0.8,0.0,95.4,3.7
20130128233400,0.0,0.0,0.0,0.0,0.3,0.0,98.6,1.1
20130128233500,0.0,0.0,0.0,0.0,0.2,0.0,99.3,0.5
20130128233600,0.0,0.0,0.0,0.0,0.1,0.0,99.3,0.6
20130128233700,0.0,0.0,0.0,0.0,0.0,0.0,94.4,5.5
20130128233800,0.0,0.0,0.0,0.0,0.4,0.0,94.1,5.5
20130128233900,0.0,0.0,0.0,0.0,0.3,0.0,96.7,3.0
20130128234000,0.0,0.0,0.0,0.0,0.9,0.0,81.0,18.1
20130128234100,0.0,0.0,0.0,0.0,0.5,0.0,83.6,15.9
20130128234200,0.0,0.0,0.0,0.0,1.4,0.0,87.7,10.9
20130128234300,0.0,0.0,0.0,0.0,1.8,0.0,88.8,9.3
20130128234400,0.0,0.0,0.0,0.0,0.4,0.0,96.0,3.6
20130128234500,0.0,0.0,0.0,0.0,0.5,0.0,98.1,1.3
20130128234600,0.0,0.0,0.0,0.0,0.1,0.0,95.4,4.5
20130128234700,0.0,0.0,0.0,0.0,0.4,0.0,93.1,6.4
20130128234800,0.0,0.0,0.0,0.0,0.0,0.0,98.4,1.5
20130128234900,0.0,0.0,0.0,0.0,0.0,0.0,98.6,1.4
20130128235000,0.0,0.0,0.0,0.0,0.0,0.0,99.5,0.5
20130128235100,0.0,0.0,0.0,0.0,0.0,0.0,99.8,0.2
20130128235200,0.0,0.0,0.0,0.0,0.0,0.0,99.8,0.2
20130128235300,0.0,0.0,0.0,0.0,0.0,0.0,99.9,0.1
20130128235400,0.0,0.0,0.0,0.0,0.0,0.0,99.9,0.1
20130128235500,0.0,0.0,0.0,0.0,0.0,0.0,99.9,0.1
20130128235600,0.0,0.0,0.0,0.0,0.1,0.0,99.4,0.5
20130128235700,0.0,0.0,0.0,0.0,0.0,0.0,98.8,1.2
20130128235800,0.0,0.0,0.0,0.0,0.2,0.0,98.7,1.1
20130128235900,0.0,0.0,0.0,0.0,0.9,0.0,92.3,6.8
20130129000000,0.0,0.0,0.0,0.0,0.2,0.0,97.5,2.3
20130129000100,0.0,0.0,0.0,0.0,0.4,0.0,91.7,7.9
20130129000200,0.0,0.0,0.0,0.0,0.1,0.0,93.9,5.9
20130129000300,0.0,0.0,0.0,0.0,0.5,0.0,82.7,16.8
20130129000400,0.0,0.0,0.0,0.0,0.1,0.0,98.2,1.7
20130129000500,0.0,0.0,0.0,0.0,0.3,0.0,94.5,5.2
20130129000600,0.0,0.0,0.0,0.1,0.4,0.0,94.8,4.7
20130129000700,0.0,0.0,0.0,0.0,0.2,0.0,97.2,2.6
20130129000800,0.0,0.0,0.0,0.0,0.2,0.0,96.2,3.5
20130129000900,0.0,0.0,0.0,0.0,0.1,0.0,97.7,2.2
20130129001000,0.0,0.0,0.0,0.0,0.1,0.0,99.0,0.9
20130129001100,0.0,0.0,0.0,0.0,0.0,0.0,99.8,0.2
20130129001200,0.0,0.0,0.0,0.0,0.1,0.0,99.5,0.4
20130129001300,0.0,0.0,0.0,0.0,0.1,0.0,99.2,0.7
20130129001400,0.0,0.0,0.0,0.0,0.1,0.0,98.8,1.0
20130129001500,0.0,0.0,0.0,0.0,0.1,0.0,97.1,2.8
20130129001600,0.0,0.0,0.0,0.0,0.3,0.0,89.9,9.8
20130129001700,0.0,0.0,0.0,0.0,1.5,0.0,91.9,6.5
20130129001800,0.0,0.0,0.0,0.0,0.1,0.0,97.5,2.4
20130129001900,0.0,0.0,0.0,0.0,0.0,0.0,93.1,6.8
20130129002000,0.0,0.0,0.0,0.0,0.1,0.0,98.4,1.5
20130129002100,0.0,0.0,0.0,0.0,0.1,0.0,97.3,2.6
20130129002200,0.0,0.0,0.0,0.0,0.1,0.0,96.1,3.8
20130129002300,0.0,0.0,0.0,0.1,0.3,0.0,88.3,11.3
20130129002400,0.0,0.0,0.0,0.0,0.5,0.0,84.4,15.1
20130129002500,0.0,0.0,0.0,0.0,0.3,0.0,81.9,17.7
20130129002600,0.0,0.0,0.0,0.1,0.3,0.0,83.9,15.7
20130129002700,0.0,0.0,0.0,0.1,0.1,0.0,86.9,13.0
20130129002800,0.0,0.0,0.0,0.0,0.0,0.0,92.6,7.3
20130129002900,0.0,0.0,0.0,0.0,0.1,0.0,95.5,4.3
20130129003000,0.0,0.0,0.0,0.0,0.1,0.0,94.8,5.1
20130129003100,0.0,0.0,0.0,0.0,0.0,0.0,96.2,3.7
20130129003200,0.0,0.0,0.0,0.0,0.0,0.0,99.1,0.9
20130129003300,0.0,0.0,0.0,0.0,0.1,0.0,94.1,5.7
20130129003400,0.0,0.0,0.0,0.0,1.0,0.0,92.7,6.2
20130129003500,0.0,0.0,0.0,0.0,0.2,0.0,89.8,10.0
20130129003600,0.0,0.0,0.0,0.0,0.4,0.0,50.9,48.7
20130129003700,0.0,0.0,0.0,0.1,0.6,0.0,38.5,60.8
20130129003800,0.0,0.0,0.0,0.0,0.3,0.0,22.3,77.3
20130129003900,0.0,0.0,0.0,0.1,0.4,0.0,17.1,82.4
20130129004000,0.0,0.0,0.0,0.0,0.1,0.0,80.4,19.5
20130129004100,0.0,0.0,0.0,0.1,0.8,0.0,84.5,14.6
20130129004200,0.0,0.0,0.0,0.0,0.5,0.0,58.6,40.9
20130129004300,0.0,0.0,0.0,0.0,0.5,0.0,30.9,68.5
20130129004400,0.0,0.0,0.0,0.0,0.2,0.0,72.0,27.8
20130129004500,0.0,0.0,0.0,0.0,0.2,0.0,49.7,50.2
20130129004600,0.0,0.0,0.0,0.0,0.1,0.0,42.7,57.1
20130129004700,0.0,0.0,0.0,0.0,0.4,0.0,76.7,23.0
20130129004800,0.0,0.0,0.0,0.0,0.3,0.0,43.1,56.6
20130129004900,0.0,0.0,0.0,0.0,0.5,0.0,69.5,29.9
20130129005000,0.0,0.0,0.0,0.0,0.2,0.0,37.4,62.4
20130129005100,0.0,0.0,0.0,0.0,0.0,0.0,28.1,71.9
20130129005200,0.0,0.0,0.0,0.0,0.1,0.0,10.2,89.7
20130129005300,0.0,0.0,0.0,0.0,0.1,0.0,43.7,56.2
20130129005400,0.0,0.0,0.0,0.0,0.1,0.0,6.2,93.8
20130129005500,0.0,0.0,0.0,0.0,0.4,0.0,13.6,85.9
20130129005600,0.0,0.0,0.0,0.0,0.8,0.0,9.5,89.7
20130129005700,0.0,0.0,0.0,0.0,1.7,0.0,10.2,88.1
20130129005800,0.0,0.0,0.0,0.0,2.1,0.0,13.9,83.9
20130129005900,0.0,0.0,0.0,0.0,1.9,0.0,13.0,85.1
20130129010000,0.0,0.0,0.0,0.1,2.3,0.0,22.2,75.4
20130129010100,0.0,0.0,0.0,0.0,1.8,0.0,6.9,91.2
20130129010200,0.0,0.0,0.0,0.0,1.0,0.0,18.7,80.2
20130129010300,0.0,0.0,0.0,0.0,1.9,0.0,83.7,14.4
20130129010400,0.0,0.0,0.0,0.0,1.8,0.0,62.5,35.7
20130129010500,0.0,0.0,0.0,0.0,1.1,0.0,80.6,18.3
20130129010600,0.0,0.0,0.0,0.0,1.3,0.0,82.2,16.5
20130129010700,0.0,0.0,0.0,0.0,2.2,0.0,65.0,32.7
20130129010800,0.0,0.0,0.0,0.0,3.1,0.0,51.0,45.9
20130129010900,0.0,0.0,0.0,0.0,10.4,0.0,44.1,45.5
20130129011000,0.0,0.0,0.0,0.0,1.9,0.0,39.0,59.1
20130129011100,0.0,0.0,0.1,0.0,10.3,0.0,4.0,85.7
20130129011200,0.0,0.1,0.1,0.0,10.7,0.0,28.8,60.3
20130129011300,0.0,0.0,0.1,0.0,9.4,0.0,37.1,53.4
20130129011400,0.0,0.1,0.1,0.0,16.4,0.0,11.8,71.6
20130129011500,0.0,0.1,0.0,0.0,15.7,0.0,11.5,72.6
20130129011600,0.0,0.0,0.0,0.0,9.8,0.0,2.9,87.3
20130129011700,0.0,0.2,0.0,0.1,21.2,0.0,28.6,49.9
20130129011800,0.0,0.0,0.0,0.0,10.9,0.0,36.6,52.5
20130129011900,0.0,0.0,0.1,0.0,5.3,0.0,38.0,56.6
20130129012000,0.0,0.0,0.0,0.1,5.1,0.0,32.5,62.2
20130129012100,0.0,0.0,0.1,0.0,5.7,0.0,9.9,84.3
20130129012200,0.0,0.1,0.1,0.1,17.4,0.0,8.5,73.8
20130129012300,0.0,0.1,0.1,0.0,4.1,0.0,58.0,37.7
20130129012400,0.0,0.1,0.0,0.0,7.7,0.0,85.1,7.1
20130129012500,0.0,0.1,0.1,0.0,9.2,0.0,37.8,52.9
20130129012600,0.0,0.3,0.1,0.0,26.4,0.0,41.9,31.2
20130129012700,0.0,0.1,0.0,0.0,6.7,0.0,66.3,26.9
20130129012800,0.0,0.1,0.0,0.0,3.3,0.0,55.5,41.0
20130129012900,0.0,0.0,0.0,0.0,2.3,0.0,41.8,55.8
20130129013000,0.0,0.1,0.0,0.0,8.9,0.0,48.6,42.4
20130129013100,0.0,0.2,0.0,0.0,24.6,0.0,8.5,66.7
20130129013200,0.0,0.1,0.0,0.0,83.8,0.0,11.5,4.5
20130129013300,0.0,0.1,0.1,0.2,87.0,0.0,9.5,3.2
20130129013400,0.0,0.1,0.0,0.1,60.4,0.0,34.8,4.5
20130129013500,0.0,0.0,0.0,0.1,19.7,0.0,78.4,1.8
20130129013600,0.0,0.1,0.0,0.0,40.0,0.0,55.6,4.2
20130129013700,0.0,0.1,0.0,0.0,12.6,0.0,60.5,26.9
20130129013800,0.0,0.1,0.0,0.0,27.3,0.0,63.9,8.7
20130129013900,0.0,0.1,0.1,0.0,16.1,0.0,39.6,44.0
20130129014000,0.0,0.1,0.1,0.0,25.4,0.0,65.1,9.4
20130129014100,0.0,0.0,0.0,0.0,5.5,0.0,79.5,15.0
20130129014200,0.0,0.0,0.0,0.0,6.5,0.0,9.9,83.6
20130129014300,0.0,0.0,0.0,0.0,27.8,0.0,28.9,43.3
20130129014400,0.0,0.0,0.1,0.0,53.2,0.0,3.4,43.4
20130129014500,0.0,0.0,0.0,0.0,12.7,0.0,2.6,84.7
20130129014600,0.0,0.0,0.1,0.0,77.0,0.0,1.1,21.9
20130129014700,0.0,0.0,0.1,0.0,72.1,0.0,4.8,22.9
20130129014800,0.0,0.0,0.4,0.0,37.3,0.0,2.1,60.2
20130129014900,0.0,0.0,0.1,0.0,23.6,0.0,0.6,75.7
20130129015000,0.0,0.0,0.5,0.0,36.5,0.0,1.1,61.9
20130129015100,0.0,0.0,0.1,0.0,5.4,0.0,0.2,94.2
20130129015200,0.0,0.0,0.1,0.0,4.5,0.0,0.1,95.4
20130129015300,0.0,0.0,0.1,0.0,20.8,0.0,0.1,79.0
20130129015400,0.0,0.0,0.1,0.0,12.7,0.0,0.1,87.1
20130129015500,0.0,0.0,0.0,0.0,4.5,0.0,0.0,95.5
20130129015600,0.0,0.0,0.0,0.0,38.6,0.0,0.1,61.3
20130129015700,0.0,0.0,0.0,0.0,92.2,0.0,0.0,7.8
20130129015800,0.0,0.0,0.0,0.0,93.8,0.0,0.0,6.2
20130129015900,0.0,0.0,0.0,0.0,97.5,0.0,0.0,2.5
20130129020000,0.0,0.0,0.0,0.0,97.7,0.0,0.0,2.3
20130129020100,0.0,0.0,0.0,0.0,98.8,0.0,0.0,1.2
20130129020200,0.0,0.0,0.0,0.0,98.5,0.0,0.0,1.5
20130129020300,0.0,0.0,0.0,0.0,97.5,0.0,0.0,2.5
20130129020400,0.0,0.0,0.0,0.0,90.5,0.0,0.0,9.5
20130129020500,0.0,0.0,0.0,0.0,98.4,0.0,0.0,1.6
20130129020600,0.0,0.0,0.0,0.0,96.8,0.0,0.0,3.2
20130129020700,0.0,0.0,0.0,0.0,91.2,0.0,0.0,8.8
20130129020800,0.0,0.0,0.0,0.0,92.6,0.0,0.0,7.4
20130129020900,0.0,0.0,0.0,0.0,81.7,0.0,0.0,18.3
20130129021000,0.0,0.0,0.0,0.0,80.9,0.0,0.0,19.1
20130129021100,0.0,0.0,0.0,0.0,55.0,0.0,0.0,45.0
20130129021200,0.0,0.0,0.0,0.0,89.2,0.0,0.0,10.8
20130129021300,0.0,0.0,0.0,0.0,50.2,0.0,0.0,49.8
20130129021400,0.0,0.0,0.0,0.0,64.0,0.0,0.0,36.0
20130129021500,0.0,0.0,0.0,0.0,50.2,0.0,0.0,49.8
20130129021600,0.0,0.0,0.0,0.0,42.9,0.0,0.0,57.1
20130129021700,0.0,0.0,0.0,0.0,12.5,0.0,0.0,87.5
20130129021800,0.0,0.0,0.0,0.0,3.8,0.0,0.0,96.2
20130129021900,0.0,0.0,0.0,0.0,19.4,0.0,0.0,80.6
20130129022000,0.0,0.0,0.0,0.0,2.1,0.0,0.0,97.9
20130129022100,0.0,0.0,0.0,0.0,0.4,0.0,0.0,99.6
20130129022200,0.0,0.0,0.0,0.0,3.3,0.0,0.0,96.7
20130129022300,0.0,0.0,0.0,0.0,5.5,0.0,0.0,94.5
20130129022400,0.0,0.0,0.0,0.0,4.6,0.0,0.0,95.4
20130129022500,0.0,0.0,0.0,0.0,0.3,0.0,0.0,99.7
20130129022600,0.0,0.0,0.0,0.0,6.9,0.0,0.0,93.1
20130129022700,0.0,0.0,0.0,0.0,6.6,0.0,0.0,93.4
20130129022800,0.0,0.0,0.0,0.0,2.0,0.0,0.0,98.0
20130129022900,0.0,0.0,0.0,0.0,33.4,0.0,0.0,66.6
20130129023000,0.0,0.0,0.0,0.0,38.3,0.0,0.0,61.7
20130129023100,0.0,0.0,0.0,0.0,61.2,0.0,0.0,38.8
20130129023200,0.0,0.0,0.0,0.0,16.4,0.0,0.0,83.6
20130129023300,0.0,0.0,0.0,0.0,6.7,0.0,0.0,93.3
20130129023400,0.0,0.0,0.0,0.0,25.1,0.0,0.0,74.9
20130129023500,0.0,0.0,0.0,0.0,90.6,0.0,0.0,9.4
20130129023600,0.0,0.0,0.0,0.0,94.3,0.0,0.0,5.7
20130129023700,0.0,0.0,0.0,0.0,23.0,0.0,0.0,77.0
20130129023800,0.0,0.0,0.0,0.0,3.1,0.0,0.0,96.9
20130129023900,0.0,0.0,0.0,0.0,6.4,0.0,0.0,93.6
20130129024000,0.0,0.0,0.0,0.0,2.6,0.0,0.0,97.4
20130129024100,0.0,0.0,0.0,0.0,1.9,0.0,0.0,98.1
20130129024200,0.0,0.0,0.0,0.0,7.0,0.0,0.0,93.0
20130129024300,0.0,0.0,0.0,0.0,2.3,0.0,0.0,97.7
20130129024400,0.0,0.0,0.0,0.0,9.8,0.0,0.0,90.2
20130129024500,0.0,0.0,0.0,0.0,15.2,0.0,0.0,84.8
20130129024600,0.0,0.0,0.0,0.0,7.0,0.0,0.0,93.0
20130129024700,0.0,0.0,0.0,0.0,4.0,0.0,0.0,96.0
20130129024800,0.0,0.0,0.0,0.0,2.1,0.0,0.0,97.9
20130129024900,0.0,0.0,0.0,0.0,0.6,0.0,0.0,99.4
20130129025000,0.0,0.0,0.0,0.0,7.0,0.0,0.0,93.0
20130129025100,0.0,0.0,0.0,0.0,0.1,0.0,0.0,99.9
20130129025200,0.0,0.0,0.0,0.0,0.1,0.0,0.0,99.9
20130129025300,0.0,0.0,0.0,0.0,0.0,0.0,0.0,100.0
20130129025400,0.0,0.0,0.0,0.0,0.5,0.0,0.0,99.5
20130129025500,0.0,0.0,0.0,0.0,0.0,0.0,0.0,100.0
20130129025600,0.0,0.0,0.0,0.0,0.4,0.0,0.0,99.6
20130129025700,0.0,0.0,0.0,0.0,0.0,0.0,0.0,100.0
20130129025800,0.0,0.0,0.0,0.0,0.9,0.0,0.0,99.1
20130129025900,0.0,0.0,0.0,0.0,0.1,0.0,0.0,99.9
20130129030000,0.0,0.0,0.0,0.0,0.2,0.0,0.0,99.8
20130129030100,0.0,0.0,0.0,0.0,0.4,0.0,0.0,99.6
20130129030200,0.0,0.0,0.0,0.0,0.6,0.0,0.0,99.4
20130129030300,0.0,0.0,0.0,0.0,0.1,0.0,0.0,99.9
20130129030400,0.0,0.0,0.0,0.0,0.1,0.0,0.0,99.9
20130129030500,0.0,0.0,0.0,0.0,5.0,0.0,0.0,95.0
20130129030600,0.0,0.0,0.0,0.0,0.5,0.0,0.0,99.5
20130129030700,0.0,0.0,0.0,0.0,0.2,0.0,0.0,99.8
20130129030800,0.0,0.0,0.0,0.0,0.1,0.0,0.0,99.9
20130129030900,0.0,0.0,0.0,0.0,0.2,0.0,0.0,99.8
20130129031000,0.0,0.0,0.0,0.0,0.1,0.0,0.0,99.9
20130129031100,0.0,0.0,0.0,0.0,0.2,0.0,0.0,99.8
20130129031200,0.0,0.0,0.0,0.0,0.3,0.0,0.0,99.7
20130129031300,0.0,0.0,0.0,0.0,0.1,0.0,0.0,99.9
20130129031400,0.0,0.0,0.0,0.0,0.0,0.0,0.0,100.0
20130129031500,0.0,0.0,0.0,0.0,0.0,0.0,0.0,100.0
20130129031600,0.0,0.0,0.0,0.0,0.0,0.0,0.0,100.0
20130129031700,0.0,0.0,0.0,0.0,0.0,0.0,0.0,100.0
20130129032033,0.0,0.0,0.0,0.0,0.0,0.0,0.0,100.0
20130129032133,0.0,0.0,0.0,0.0,0.0,0.0,0.0,100.0
20130129032233,0.0,0.0,0.0,0.0,0.0,0.0,0.0,100.0
20130129032333,0.0,0.0,0.0,0.0,0.0,0.0,0.0,100.0
20130129032433,0.0,0.0,0.0,0.0,0.0,0.0,0.0,100.0
20130129032533,0.0,0.0,0.0,0.0,0.0,0.0,0.0,100.0
20130129032633,0.0,0.0,0.0,0.0,0.0,0.0,0.0,100.0
20130129032733,0.0,0.0,0.0,0.0,0.0,0.0,0.0,100.0
20130129032833,0.0,0.0,0.0,0.0,0.0,0.0,0.0,100.0
20130129032933,0.0,0.0,0.0,0.0,0.0,0.0,0.0,100.0
20130129033033,0.0,0.0,0.0,0.0,0.0,0.0,0.0,100.0
20130129033133,0.0,0.0,0.0,0.0,0.0,0.0,0.0,100.0
20130129033233,0.0,0.0,0.0,0.0,0.0,0.0,0.0,100.0
20130129033333,0.0,0.0,0.0,0.0,0.0,0.0,0.0,100.0
20130129033433,0.0,0.0,0.0,0.0,0.0,0.0,0.0,100.0
20130129033533,0.0,0.0,0.0,0.0,0.0,0.0,0.0,100.0
20130129033633,0.0,0.0,0.0,0.0,0.0,0.0,0.0,100.0
20130129033733,0.0,0.0,0.0,0.0,0.0,0.0,0.0,100.0
20130129033833,0.0,0.0,0.0,0.0,0.0,0.0,0.0,100.0
20130129033933,0.0,0.0,0.0,0.0,0.0,0.0,0.0,100.0
20130129034033,0.0,0.0,0.0,0.0,0.0,0.0,0.0,100.0
20130129034133,0.0,0.0,0.0,0.0,0.0,0.0,0.0,100.0
20130129034233,0.0,0.0,0.0,0.0,0.0,0.0,0.0,100.0
20130129034333,0.0,0.0,0.0,0.0,0.0,0.0,0.0,100.0
20130129034433,0.0,0.0,0.0,0.0,0.0,0.0,0.0,100.0
20130129034533,0.0,0.0,0.0,0.0,0.1,0.0,0.0,99.9
20130129034633,0.0,0.0,0.0,0.0,0.0,0.0,0.0,100.0
20130129034733,0.0,0.0,0.0,0.0,0.0,0.0,0.0,100.0
20130129034833,0.0,0.0,0.0,0.0,0.0,0.0,0.0,100.0
20130129034933,0.0,0.0,0.0,0.0,0.0,0.0,0.0,100.0
20130129035033,0.0,0.0,0.0,0.0,0.0,0.0,0.0,100.0
20130129035133,0.0,0.0,0.0,0.0,0.1,0.0,0.0,99.9
20130129035233,0.0,0.0,0.0,0.0,0.0,0.0,0.0,100.0
20130129035333,0.0,0.0,0.0,0.0,0.1,0.0,0.0,99.9
20130129035433,0.0,0.0,0.0,0.0,0.1,0.0,0.0,99.9
20130129035533,0.0,0.0,0.0,0.0,0.0,0.0,0.0,100.0
20130129035633,0.0,0.0,0.0,0.0,0.0,0.0,0.0,100.0
20130129035733,0.0,0.0,0.0,0.0,0.0,0.0,0.0,100.0
20130129035833,0.0,0.0,0.0,0.0,0.1,0.0,0.0,99.9
20130129035933,0.0,0.0,0.0,0.0,0.1,0.0,0.0,99.9
20130129040033,0.0,0.0,0.0,0.0,0.1,0.0,0.0,99.9
20130129040133,0.0,0.0,0.0,0.0,0.0,0.0,0.0,100.0
20130129040233,0.0,0.0,0.0,0.0,0.0,0.0,0.0,100.0
20130129040333,0.0,0.0,0.0,0.0,0.0,0.0,0.0,100.0
20130129040433,0.0,0.0,0.0,0.0,0.0,0.0,0.0,100.0
20130129040533,0.0,0.0,0.0,0.0,0.0,0.0,0.0,100.0
20130129040633,0.0,0.0,0.0,0.0,0.1,0.0,0.0,99.9
20130129040733,0.0,0.0,0.0,0.0,0.0,0.0,0.0,100.0
20130129040833,0.0,0.0,0.0,0.0,0.0,0.0,0.0,100.0
20130129040933,0.0,0.0,0.0,0.0,0.0,0.0,0.0,100.0
20130129041033,0.0,0.0,0.0,0.0,0.0,0.0,0.0,100.0
20130129041133,0.0,0.0,0.0,0.0,0.0,0.0,0.0,100.0
20130129041233,0.0,0.0,0.0,0.0,0.0,0.0,0.0,100.0
20130129041333,0.0,0.0,0.0,0.0,0.0,0.0,0.0,100.0
20130129041433,0.0,0.0,0.0,0.0,0.0,0.0,0.0,100.0
20130129041533,0.0,0.0,0.0,0.0,0.0,0.0,0.0,100.0
20130129041633,0.0,0.0,0.0,0.0,0.0,0.0,0.0,100.0
20130129041733,0.0,0.0,0.0,0.0,0.0,0.0,0.0,100.0
20130129041833,0.0,0.0,0.0,0.0,0.0,0.0,0.0,100.0
20130129041933,0.0,0.0,0.0,0.0,0.0,0.0,0.0,100.0
20130129042033,0.0,0.0,0.0,0.0,0.0,0.0,0.0,100.0
20130129042133,0.0,0.0,0.0,0.0,0.0,0.0,0.0,100.0
20130129042233,0.0,0.0,0.0,0.0,0.0,0.0,0.0,100.0
20130129042333,0.0,0.0,0.0,0.0,0.1,0.0,0.0,99.9
20130129042433,0.0,0.0,0.0,0.0,0.1,0.0,0.0,99.9
20130129042533,0.0,0.0,0.0,0.0,0.3,0.0,0.0,99.7
20130129042633,0.0,0.0,0.0,0.0,0.0,0.0,0.0,100.0
20130129042733,0.0,0.0,0.0,0.0,0.9,0.0,0.0,99.1
20130129042833,0.0,0.0,0.0,0.0,0.3,0.0,0.0,99.7
20130129042933,0.0,0.0,0.0,0.0,0.0,0.0,0.0,100.0
