UT,arc,discrete,diffuse,ac,ab,clear,cloudy,dd
20131221132000,0.0,0.0,0.0,0.0,0.0,0.0,0.0,100.0
20131221132100,0.0,0.0,0.0,0.0,0.0,0.0,0.0,100.0
20131221132200,0.0,0.0,0.0,0.0,0.0,0.0,0.0,100.0
20131221132300,0.0,0.0,0.0,0.0,0.0,0.0,0.0,100.0
20131221132400,0.0,0.0,0.0,0.0,0.0,0.0,0.0,100.0
20131221132500,0.0,0.0,0.0,0.0,0.0,0.0,0.0,100.0
20131221132600,0.0,0.0,0.0,0.0,0.0,0.0,0.0,100.0
20131221132700,0.0,0.0,0.0,0.0,0.0,0.0,0.0,100.0
20131221132800,0.0,0.0,0.0,0.0,0.0,0.0,0.0,100.0
20131221132900,0.0,0.0,0.0,0.0,0.0,0.0,0.0,100.0
20131221133000,0.0,0.0,0.0,0.0,0.0,0.0,0.0,100.0
20131221133100,0.0,0.0,0.0,0.0,0.0,0.0,0.0,100.0
20131221133200,0.0,0.0,0.0,0.0,0.0,0.0,0.0,100.0
20131221133300,0.0,0.0,0.0,0.0,0.0,0.0,0.0,100.0
20131221133400,0.0,0.0,0.0,0.0,0.0,0.0,0.0,100.0
20131221133500,0.0,0.0,0.0,0.0,0.0,0.0,0.0,100.0
20131221133600,0.0,0.0,0.0,0.0,0.0,0.0,0.0,100.0
20131221133700,0.0,0.0,0.0,0.0,0.0,0.0,0.0,100.0
20131221133800,0.0,0.0,0.0,0.0,0.0,0.0,0.0,100.0
20131221133900,0.0,0.0,0.0,0.0,0.0,0.0,0.0,100.0
20131221134000,0.0,0.0,0.0,0.0,0.0,0.0,0.0,100.0
20131221134100,0.0,0.0,0.0,0.0,0.0,0.0,0.0,100.0
20131221134200,0.0,0.0,0.0,0.0,0.0,0.0,0.0,100.0
20131221134300,0.0,0.0,0.0,0.0,0.0,0.0,0.0,100.0
20131221134400,0.0,0.0,0.0,0.0,0.0,0.0,0.0,100.0
20131221134500,0.0,0.0,0.0,0.0,0.0,0.0,0.0,100.0
20131221134600,0.0,0.0,0.0,0.0,0.0,0.0,0.0,100.0
20131221134700,0.0,0.0,0.0,0.0,0.0,0.0,0.0,100.0
20131221134800,0.0,0.0,0.0,0.0,0.0,0.0,0.0,100.0
20131221134900,0.0,0.0,0.0,0.0,0.0,0.0,0.0,100.0
20131221135000,0.0,0.0,0.0,0.0,0.0,0.0,0.0,100.0
20131221135100,0.0,0.0,0.0,0.0,0.0,0.0,0.0,100.0
20131221135200,0.0,0.0,0.0,0.0,0.0,0.0,0.0,100.0
20131221135300,0.0,0.0,0.0,0.0,0.0,0.0,0.0,100.0
20131221135400,0.0,0.0,0.0,0.0,0.0,0.0,0.0,100.0
20131221135500,0.0,0.0,0.0,0.0,0.0,0.0,0.0,100.0
20131221135600,0.0,0.0,0.0,0.0,0.0,0.0,0.0,100.0
20131221135700,0.0,0.0,0.0,0.0,0.0,0.0,0.0,100.0
20131221135800,0.0,0.0,0.0,0.0,0.0,0.0,0.0,100.0
20131221135900,0.0,0.0,0.0,0.0,0.0,0.0,0.0,100.0
20131221140000,0.0,0.0,0.0,0.0,0.0,0.0,0.0,100.0
20131221140100,0.0,0.0,0.0,0.0,0.0,0.0,0.0,100.0
20131221140200,0.0,0.0,0.0,0.0,0.0,0.0,0.0,100.0
20131221140300,0.0,0.0,0.0,0.0,0.0,0.0,0.0,100.0
20131221140400,0.0,0.0,0.0,0.0,0.0,0.0,0.0,100.0
20131221140500,0.0,0.0,0.0,0.0,0.0,0.0,0.0,100.0
20131221140600,0.0,0.0,0.0,0.0,0.0,0.0,0.0,100.0
20131221140700,0.0,0.0,0.0,0.0,0.0,0.0,0.0,100.0
20131221140800,0.0,0.0,0.0,0.0,0.0,0.0,0.0,100.0
20131221140900,0.0,0.0,0.0,0.0,0.0,0.0,0.0,100.0
20131221141000,0.0,0.0,0.0,0.0,0.0,0.0,0.0,100.0
20131221141100,0.0,0.0,0.0,0.0,0.0,0.0,0.0,100.0
20131221141200,0.0,0.0,0.0,0.0,0.0,0.0,0.0,100.0
20131221141300,0.0,0.0,0.0,0.0,0.0,0.0,0.0,100.0
20131221141400,0.0,0.0,0.0,0.0,0.0,0.0,0.0,100.0
20131221141500,0.0,0.0,0.0,0.0,0.0,0.0,0.0,100.0
20131221141600,0.0,0.0,0.0,0.0,0.0,0.0,0.0,100.0
20131221141700,0.0,0.0,0.0,0.0,0.0,0.0,0.0,100.0
20131221141800,0.0,0.0,0.0,0.0,0.0,0.0,0.0,100.0
20131221141900,0.0,0.0,0.0,0.0,0.0,0.0,0.0,100.0
20131221142000,0.0,0.0,0.0,0.0,0.0,0.0,0.0,100.0
20131221142100,0.0,0.0,0.0,0.0,0.0,0.0,0.0,100.0
20131221142200,0.0,0.0,0.0,0.0,0.0,0.0,0.0,100.0
20131221142300,0.0,0.0,0.0,0.0,0.0,0.0,0.0,100.0
20131221142400,0.0,0.0,0.0,0.0,0.0,0.0,0.0,100.0
20131221142500,0.0,0.0,0.0,0.0,0.0,0.0,0.0,100.0
20131221143317,0.0,0.0,0.0,0.0,0.0,0.0,0.0,100.0
20131221143417,0.0,0.0,0.0,0.0,0.0,0.0,0.0,100.0
20131221143517,0.0,0.0,0.0,0.0,0.0,0.0,0.0,100.0
20131221143617,0.0,0.0,0.0,0.0,0.0,0.0,0.0,100.0
20131221143717,0.0,0.0,0.0,0.0,0.0,0.0,0.0,100.0
20131221143817,0.0,0.0,0.0,0.0,0.0,0.0,0.0,100.0
20131221143917,0.0,0.0,0.0,0.0,0.0,0.0,0.0,100.0
20131221144017,0.0,0.0,0.0,0.0,0.0,0.0,0.0,100.0
20131221144117,0.0,0.0,0.0,0.0,0.0,0.0,0.0,100.0
20131221144217,0.0,0.0,0.0,0.0,0.0,0.0,0.0,100.0
20131221144317,0.0,0.0,0.0,0.0,0.0,0.0,0.0,100.0
20131221144417,0.0,0.0,0.0,0.0,0.0,0.0,0.0,100.0
20131221144517,0.0,0.0,0.0,0.0,0.0,0.0,0.0,100.0
20131221144617,0.0,0.0,0.0,0.0,0.0,0.0,0.0,100.0
20131221144717,0.0,0.0,0.0,0.0,0.0,0.0,0.0,100.0
20131221144817,0.0,0.0,0.0,0.0,0.0,0.0,0.0,100.0
20131221144917,0.0,0.0,0.0,0.0,0.0,0.0,0.0,100.0
20131221145017,0.0,0.0,0.0,0.0,0.0,0.0,0.0,100.0
20131221145117,0.0,0.0,0.0,0.0,0.0,0.0,0.0,100.0
20131221145217,0.0,0.0,0.0,0.0,0.0,0.1,0.0,99.9
20131221145317,0.0,0.0,0.0,0.0,0.0,0.7,0.0,99.2
20131221145417,0.0,0.0,0.0,0.0,0.0,0.2,0.0,99.8
20131221145517,0.0,0.0,0.0,0.0,0.0,1.3,0.0,98.6
20131221145617,0.0,0.0,0.0,0.0,0.0,28.7,0.0,71.3
20131221145717,0.0,0.0,0.0,0.0,0.0,57.4,0.1,42.5
20131221145817,0.0,0.0,0.0,0.0,0.0,70.5,0.6,28.9
20131221145917,0.0,0.0,0.0,0.0,0.0,86.6,0.1,13.3
20131221150017,0.0,0.0,0.0,0.0,0.0,97.4,0.0,2.5
20131221150117,0.0,0.0,0.0,0.0,0.0,93.2,0.1,6.7
20131221150217,0.0,0.0,0.0,0.0,0.0,99.8,0.1,0.1
20131221150317,0.0,0.0,0.0,0.0,0.0,95.3,4.6,0.1
20131221150417,0.0,0.0,0.0,0.0,0.0,96.5,3.2,0.4
20131221150517,0.0,0.0,0.0,0.0,0.0,99.7,0.3,0.0
20131221150617,0.0,0.0,0.0,0.0,0.0,99.1,0.8,0.1
20131221150717,0.0,0.0,0.0,0.0,0.0,99.9,0.1,0.0
20131221150817,0.0,0.0,0.0,0.0,0.0,99.6,0.4,0.0
20131221150917,0.0,0.0,0.0,0.0,0.0,99.9,0.1,0.0
20131221151017,0.0,0.0,0.0,0.0,0.0,97.9,2.1,0.0
20131221151117,0.0,0.0,0.0,0.0,0.0,98.2,1.8,0.0
20131221151217,0.2,0.0,0.0,0.0,0.0,60.0,39.4,0.3
20131221151317,0.6,0.0,0.0,0.3,0.1,4.4,94.0,0.6
20131221151417,0.2,0.0,0.0,0.3,0.1,8.2,90.0,1.2
20131221151517,0.0,0.0,0.0,1.1,0.1,1.5,96.8,0.5
20131221151617,0.1,0.0,0.0,0.3,0.0,27.3,72.0,0.2
20131221151717,0.0,0.0,0.0,0.0,0.0,98.3,1.7,0.0
20131221151817,0.0,0.0,0.0,0.0,0.0,100.0,0.0,0.0
20131221151917,0.0,0.0,0.0,0.0,0.0,99.9,0.1,0.0
20131221152017,0.0,0.0,0.0,0.0,0.0,100.0,0.0,0.0
20131221152117,0.0,0.0,0.0,0.0,0.0,98.8,1.2,0.0
20131221152217,0.0,0.0,0.0,0.0,0.0,99.8,0.2,0.0
20131221152317,0.0,0.0,0.0,0.0,0.0,100.0,0.0,0.0
20131221152417,0.0,0.0,0.0,0.0,0.0,98.9,1.1,0.0
20131221152517,0.1,0.0,0.0,0.1,0.0,47.2,52.6,0.0
20131221152617,0.0,0.0,0.0,0.1,0.0,80.8,19.1,0.0
20131221152717,0.0,0.0,0.0,0.1,0.0,18.6,81.3,0.0
20131221152817,0.1,0.0,0.0,0.1,0.0,66.7,33.0,0.2
20131221152917,0.0,0.0,0.0,0.0,0.0,80.9,19.1,0.0
20131221153017,0.0,0.0,0.0,0.0,0.0,37.7,62.3,0.0
20131221153117,0.0,0.0,0.0,0.0,0.0,36.0,64.0,0.0
20131221153217,0.0,0.0,0.0,0.0,0.0,77.6,22.4,0.0
20131221153317,0.0,0.0,0.0,0.0,0.0,99.1,0.9,0.0
20131221153417,0.0,0.0,0.0,0.0,0.0,97.8,2.2,0.0
20131221153517,0.0,0.0,0.0,0.0,0.0,99.5,0.5,0.0
20131221153617,0.0,0.0,0.0,0.0,0.0,99.5,0.5,0.0
20131221153717,0.0,0.0,0.0,0.0,0.0,92.8,7.2,0.0
20131221153817,0.0,0.0,0.0,0.0,0.0,99.2,0.8,0.0
20131221153917,0.0,0.0,0.0,0.0,0.0,98.9,1.1,0.0
20131221154017,0.0,0.0,0.0,0.0,0.0,99.5,0.5,0.0
20131221154117,0.0,0.0,0.0,0.0,0.0,97.0,3.0,0.0
20131221154217,0.0,0.0,0.0,0.0,0.0,97.7,2.3,0.0
20131221154317,0.0,0.0,0.0,0.0,0.0,93.5,6.5,0.0
20131221154417,0.0,0.0,0.0,0.0,0.0,93.1,6.9,0.0
20131221154517,0.0,0.0,0.0,0.0,0.0,100.0,0.0,0.0
20131221154617,0.0,0.0,0.0,0.0,0.0,91.8,8.2,0.0
20131221154717,0.0,0.0,0.0,0.0,0.0,99.9,0.1,0.0
20131221154817,0.0,0.0,0.0,0.0,0.0,64.7,35.3,0.0
20131221154917,0.0,0.0,0.0,0.0,0.0,99.9,0.1,0.0
20131221155017,0.0,0.0,0.0,0.0,0.0,92.0,8.0,0.0
20131221155117,0.0,0.0,0.0,0.0,0.0,96.7,3.3,0.0
20131221155217,0.0,0.0,0.0,0.0,0.0,86.9,13.1,0.0
20131221155317,0.0,0.0,0.0,0.0,0.0,95.4,4.6,0.0
20131221155417,0.0,0.0,0.0,0.0,0.0,99.2,0.8,0.0
20131221155517,0.0,0.0,0.0,0.0,0.0,12.7,87.2,0.0
20131221155617,0.0,0.0,0.0,0.0,0.0,53.9,46.1,0.0
20131221155717,0.0,0.0,0.0,0.0,0.0,1.2,98.8,0.0
20131221155817,0.0,0.0,0.0,0.0,0.0,1.4,98.6,0.0
20131221155917,0.0,0.0,0.0,0.0,0.0,0.3,99.7,0.0
20131221160017,0.0,0.0,0.0,0.0,0.0,0.4,99.6,0.0
20131221160117,0.0,0.0,0.0,0.0,0.0,0.8,99.2,0.0
20131221160217,0.0,0.0,0.0,0.0,0.0,5.5,94.5,0.0
20131221160317,0.2,0.0,0.0,0.1,0.0,3.5,96.1,0.0
20131221160417,0.1,0.0,0.0,0.2,0.0,4.0,95.6,0.1
20131221160517,0.0,0.0,0.0,0.0,0.0,1.1,98.9,0.0
20131221160617,0.0,0.0,0.0,0.2,0.0,3.9,95.8,0.0
20131221160717,0.0,0.0,0.0,0.3,0.0,1.1,98.6,0.0
20131221160817,0.0,0.0,0.0,0.1,0.0,2.3,97.6,0.0
20131221160917,0.0,0.0,0.0,0.0,0.0,5.3,94.7,0.0
20131221161017,0.0,0.0,0.0,0.0,0.0,11.1,88.9,0.0
20131221161117,0.0,0.0,0.0,0.1,0.0,50.0,49.9,0.0
20131221161217,0.0,0.0,0.0,0.0,0.0,24.6,75.3,0.0
20131221161317,0.0,0.0,0.0,0.0,0.0,50.3,49.7,0.0
20131221161417,0.1,0.0,0.0,0.1,0.0,66.1,33.7,0.0
20131221161517,0.1,0.0,0.0,0.3,0.0,20.1,79.5,0.0
20131221161617,0.0,0.0,0.0,0.0,0.0,82.0,18.0,0.0
20131221161717,0.0,0.0,0.0,0.0,0.0,45.2,54.7,0.0
20131221161817,0.0,0.0,0.0,0.1,0.0,22.4,77.5,0.0
20131221161917,0.0,0.0,0.0,0.0,0.0,53.1,46.9,0.0
20131221162017,0.0,0.0,0.0,0.1,0.0,29.6,70.3,0.0
20131221162117,0.0,0.0,0.0,0.0,0.0,73.6,26.4,0.0
20131221162217,0.0,0.0,0.0,0.0,0.0,42.5,57.5,0.0
20131221162317,0.0,0.0,0.0,0.0,0.0,91.3,8.7,0.0
20131221162417,0.0,0.0,0.0,0.0,0.0,95.9,4.0,0.0
20131221162517,0.1,0.0,0.0,0.0,0.0,81.9,18.0,0.0
20131221162617,0.0,0.0,0.0,0.1,0.0,77.4,22.5,0.0
20131221162717,0.0,0.0,0.0,0.0,0.0,80.9,19.1,0.0
20131221162817,0.0,0.0,0.0,0.1,0.0,83.6,16.3,0.0
20131221162917,0.1,0.0,0.0,0.1,0.0,97.4,2.4,0.0
20131221163017,0.2,0.0,0.0,0.1,0.0,91.0,8.7,0.0
20131221163117,4.6,0.0,0.0,0.2,0.0,58.0,37.2,0.0
20131221163217,0.3,0.0,0.0,0.2,0.0,89.5,10.1,0.0
20131221163317,0.1,0.0,0.0,0.0,0.0,92.8,7.0,0.0
20131221163417,0.2,0.0,0.0,0.0,0.0,96.8,3.0,0.0
20131221163517,0.1,0.0,0.0,0.0,0.0,96.0,3.9,0.0
20131221163617,0.0,0.0,0.0,0.0,0.0,99.0,0.9,0.0
20131221163717,0.0,0.0,0.0,0.0,0.0,98.5,1.5,0.0
20131221163817,0.0,0.0,0.0,0.0,0.0,99.5,0.5,0.0
20131221163917,0.0,0.0,0.0,0.0,0.0,100.0,0.0,0.0
20131221164017,0.0,0.0,0.0,0.0,0.0,99.7,0.2,0.0
20131221164117,0.7,0.0,0.0,0.0,0.0,98.0,1.3,0.0
20131221164217,0.1,0.0,0.0,0.0,0.0,98.4,1.5,0.0
20131221164317,0.0,0.0,0.0,0.0,0.0,99.8,0.1,0.0
20131221164417,0.0,0.0,0.0,0.0,0.0,99.7,0.2,0.0
20131221164517,0.0,0.0,0.0,0.0,0.0,99.9,0.1,0.0
20131221164617,0.0,0.0,0.0,0.0,0.0,100.0,0.0,0.0
20131221164717,0.0,0.0,0.0,0.0,0.0,100.0,0.0,0.0
20131221164817,0.0,0.0,0.0,0.0,0.0,99.9,0.0,0.0
20131221164917,0.0,0.0,0.0,0.0,0.0,100.0,0.0,0.0
20131221165017,0.2,0.0,0.0,0.0,0.0,99.8,0.0,0.0
20131221165117,0.0,0.0,0.0,0.0,0.0,100.0,0.0,0.0
20131221165217,0.0,0.0,0.0,0.0,0.0,99.8,0.2,0.0
20131221165317,0.0,0.0,0.0,0.0,0.0,99.8,0.2,0.0
20131221165417,0.3,0.0,0.0,0.0,0.0,99.7,0.0,0.0
20131221165517,0.2,0.0,0.0,0.0,0.0,99.7,0.0,0.0
20131221165617,0.0,0.0,0.0,0.0,0.0,100.0,0.0,0.0
20131221165717,0.0,0.0,0.0,0.0,0.0,99.9,0.1,0.0
20131221165817,0.0,0.0,0.0,0.0,0.0,100.0,0.0,0.0
20131221165917,0.0,0.0,0.0,0.0,0.0,99.9,0.1,0.0
20131221170017,0.0,0.0,0.0,0.0,0.0,100.0,0.0,0.0
20131221170117,0.0,0.0,0.0,0.0,0.0,100.0,0.0,0.0
20131221170217,0.0,0.0,0.0,0.0,0.0,100.0,0.0,0.0
20131221170317,0.0,0.0,0.0,0.0,0.0,100.0,0.0,0.0
20131221170417,0.0,0.0,0.0,0.0,0.0,100.0,0.0,0.0
20131221170517,0.0,0.0,0.0,0.0,0.0,100.0,0.0,0.0
20131221170617,0.0,0.0,0.0,0.0,0.0,100.0,0.0,0.0
20131221170717,0.0,0.0,0.0,0.0,0.0,100.0,0.0,0.0
20131221170817,0.0,0.0,0.0,0.0,0.0,100.0,0.0,0.0
20131221170917,0.0,0.0,0.0,0.0,0.0,99.1,0.9,0.0
20131221171017,0.0,0.0,0.0,0.0,0.0,99.8,0.2,0.0
20131221171117,0.0,0.0,0.0,0.0,0.0,99.7,0.3,0.0
20131221171217,0.0,0.0,0.0,0.0,0.0,100.0,0.0,0.0
20131221171317,0.0,0.0,0.0,0.0,0.0,99.9,0.1,0.0
20131221171417,0.0,0.0,0.0,0.0,0.0,99.8,0.2,0.0
20131221171517,0.0,0.0,0.0,0.0,0.0,100.0,0.0,0.0
20131221171617,0.0,0.0,0.0,0.0,0.0,100.0,0.0,0.0
20131221171717,0.0,0.0,0.0,0.0,0.0,100.0,0.0,0.0
20131221171817,0.0,0.0,0.0,0.0,0.0,99.9,0.1,0.0
20131221171917,0.0,0.0,0.0,0.0,0.0,99.7,0.3,0.0
20131221172017,0.0,0.0,0.0,0.0,0.0,100.0,0.0,0.0
20131221172117,0.0,0.0,0.0,0.0,0.0,100.0,0.0,0.0
20131221172217,0.0,0.0,0.0,0.0,0.0,100.0,0.0,0.0
20131221172317,0.0,0.0,0.0,0.0,0.0,100.0,0.0,0.0
20131221172417,0.0,0.0,0.0,0.0,0.0,100.0,0.0,0.0
20131221172517,0.0,0.0,0.0,0.0,0.0,100.0,0.0,0.0
20131221172617,0.0,0.0,0.0,0.0,0.0,100.0,0.0,0.0
20131221172717,0.0,0.0,0.0,0.0,0.0,100.0,0.0,0.0
20131221172817,0.0,0.0,0.0,0.0,0.0,99.8,0.2,0.0
20131221172917,0.0,0.0,0.0,0.0,0.0,100.0,0.0,0.0
20131221173017,0.0,0.0,0.0,0.0,0.0,100.0,0.0,0.0
20131221173117,0.0,0.0,0.0,0.0,0.0,99.9,0.1,0.0
20131221173217,0.0,0.0,0.0,0.0,0.0,100.0,0.0,0.0
20131221173317,0.0,0.0,0.0,0.0,0.0,100.0,0.0,0.0
20131221173417,0.0,0.0,0.0,0.0,0.0,100.0,0.0,0.0
20131221173517,0.0,0.0,0.0,0.0,0.0,100.0,0.0,0.0
20131221173617,0.0,0.0,0.0,0.0,0.0,99.5,0.5,0.0
20131221173717,0.0,0.0,0.0,0.0,0.0,100.0,0.0,0.0
20131221173817,0.0,0.0,0.0,0.0,0.0,99.9,0.1,0.0
20131221173917,0.0,0.0,0.0,0.0,0.0,99.9,0.1,0.0
20131221174017,0.0,0.0,0.0,0.0,0.0,99.7,0.3,0.0
20131221174117,0.0,0.0,0.0,0.0,0.0,99.6,0.4,0.0
20131221174217,0.0,0.0,0.0,0.0,0.0,99.3,0.7,0.0
20131221174317,0.0,0.0,0.0,0.0,0.0,97.6,2.4,0.0
20131221174417,0.0,0.0,0.0,0.0,0.0,98.8,1.2,0.0
20131221174517,0.0,0.0,0.0,0.0,0.0,99.8,0.2,0.0
20131221174617,0.0,0.0,0.0,0.0,0.0,96.9,3.0,0.0
20131221174717,0.1,0.0,0.0,0.0,0.0,88.1,11.8,0.1
20131221174817,0.0,0.0,0.0,0.0,0.0,99.6,0.4,0.0
20131221174917,0.0,0.0,0.0,0.0,0.0,94.7,5.3,0.0
20131221175017,0.0,0.0,0.0,0.0,0.0,90.3,9.7,0.0
20131221175117,0.0,0.0,0.0,0.0,0.0,99.6,0.4,0.0
20131221175217,0.0,0.0,0.0,0.0,0.0,99.8,0.2,0.0
20131221175317,0.0,0.0,0.0,0.0,0.0,99.3,0.7,0.0
20131221175417,0.0,0.0,0.0,0.0,0.0,91.5,8.5,0.0
20131221175517,0.0,0.0,0.0,0.0,0.0,93.6,6.4,0.0
20131221175617,0.0,0.0,0.0,0.0,0.0,97.8,2.2,0.0
20131221175717,0.0,0.0,0.0,0.0,0.0,91.3,8.4,0.2
20131221175817,0.0,0.0,0.0,0.0,0.0,33.4,66.6,0.0
20131221175917,0.0,0.0,0.1,0.0,0.0,30.0,69.9,0.0
20131221180017,0.0,0.0,0.1,0.0,0.0,8.0,91.9,0.0
20131221180117,0.0,0.0,0.1,0.0,0.0,8.5,91.3,0.1
20131221180217,0.0,0.0,0.0,0.0,0.0,3.1,96.8,0.1
20131221180317,0.1,0.0,0.2,0.1,0.0,8.9,90.6,0.2
20131221180417,0.3,0.0,0.1,0.1,0.0,2.4,96.1,1.0
20131221180517,0.1,0.0,1.1,0.2,0.0,2.5,95.8,0.3
20131221180617,0.1,0.0,0.5,0.4,0.0,2.1,96.1,0.8
20131221180717,0.1,0.0,0.1,0.2,0.0,1.8,97.5,0.4
20131221180817,0.0,0.0,0.0,0.0,0.0,0.2,99.7,0.0
20131221180917,0.1,0.0,0.4,0.5,0.0,1.6,97.0,0.5
20131221181017,0.8,0.0,1.8,2.2,0.0,2.4,88.2,4.5
20131221181117,0.8,0.0,2.0,0.5,0.0,1.5,94.8,0.4
20131221181217,0.3,0.0,0.2,2.5,0.0,0.4,95.8,0.8
20131221181317,0.1,0.0,0.1,0.3,0.0,0.2,99.4,0.0
20131221181417,0.0,0.0,0.0,0.1,0.0,0.2,99.6,0.0
20131221181517,0.1,0.0,0.0,0.0,0.0,0.4,99.5,0.0
20131221181617,0.1,0.0,0.3,0.6,0.0,1.0,97.9,0.1
20131221181717,0.1,0.0,0.0,0.1,0.0,0.8,98.9,0.0
20131221181817,0.2,0.0,0.2,0.3,0.0,1.7,97.5,0.1
20131221181917,0.8,0.0,0.1,0.3,0.0,1.2,97.4,0.1
20131221182017,0.1,0.0,0.1,0.1,0.0,0.7,98.9,0.1
20131221182117,0.2,0.0,0.1,0.0,0.0,3.6,95.8,0.3
20131221182217,0.0,0.0,0.0,0.0,0.0,0.3,99.6,0.0
20131221182317,0.1,0.0,0.0,0.0,0.0,1.7,98.1,0.1
20131221182417,0.0,0.0,0.0,0.0,0.0,1.0,98.9,0.1
20131221182517,1.4,0.0,0.1,0.1,0.0,19.6,77.9,0.9
20131221182617,1.1,0.0,0.2,0.1,0.1,36.5,60.7,1.3
20131221182717,0.5,0.0,0.1,0.4,0.0,3.9,93.9,1.1
20131221182817,0.1,0.0,0.2,0.1,0.0,18.5,80.8,0.4
20131221182917,0.2,0.0,0.1,0.0,0.0,15.1,84.3,0.2
20131221183017,0.1,0.0,0.1,0.0,0.0,32.3,67.1,0.4
20131221183117,0.0,0.0,0.0,0.0,0.0,11.3,88.5,0.1
20131221183217,0.3,0.0,0.1,0.0,0.0,29.8,68.7,1.1
20131221183317,0.1,0.0,0.0,0.0,0.0,13.9,85.2,0.7
20131221183417,0.2,0.0,0.1,0.0,0.0,17.7,81.8,0.1
20131221183517,0.1,0.0,0.0,0.0,0.0,48.1,51.4,0.4
20131221183617,0.0,0.0,0.2,0.0,0.0,72.3,27.1,0.3
20131221183717,0.2,0.0,0.9,0.0,0.0,77.3,20.7,0.9
20131221183817,0.1,0.0,0.8,0.0,0.0,28.6,69.2,1.2
20131221183917,0.7,0.1,1.2,0.2,0.0,60.3,19.6,18.0
20131221184017,0.8,0.9,0.2,0.2,0.5,6.9,26.8,63.7
20131221184117,2.5,0.4,8.1,0.5,0.3,29.6,49.8,8.6
20131221184217,6.2,2.1,2.4,0.6,0.2,35.9,38.8,13.8
20131221184317,11.2,1.1,1.4,0.1,0.1,17.7,62.2,6.1
20131221184417,0.5,0.2,1.8,0.1,0.0,7.3,87.1,3.1
20131221184517,1.6,3.0,1.5,0.1,1.2,32.5,46.7,13.4
20131221184617,3.1,2.6,0.2,0.0,0.1,18.6,72.9,2.5
20131221184717,1.0,1.0,0.1,0.0,0.1,10.0,78.8,9.0
20131221184817,0.5,1.8,0.3,0.0,0.3,5.8,38.7,52.5
20131221184917,0.1,0.2,1.1,0.0,0.0,7.1,60.8,30.7
20131221185017,1.3,1.2,1.3,0.1,0.5,17.4,28.3,49.9
20131221185117,1.7,3.0,0.5,0.0,0.3,20.1,20.0,54.3
20131221185217,0.2,0.7,0.1,0.0,0.0,17.4,43.8,37.8
20131221185317,0.1,0.3,1.1,0.1,0.1,5.3,5.7,87.3
20131221185417,1.2,0.6,0.1,0.0,0.0,35.0,4.6,58.4
20131221185517,0.2,0.1,0.0,0.0,0.0,2.4,2.7,94.5
20131221185617,0.3,4.7,0.6,0.0,0.0,27.7,16.2,50.3
20131221185717,0.0,0.1,0.3,0.0,0.0,16.5,6.9,76.1
20131221185817,0.2,0.0,0.4,0.0,0.0,80.5,6.6,12.2
20131221185917,0.2,0.1,0.5,0.0,0.2,83.1,1.0,14.9
20131221190017,0.3,0.4,2.8,0.0,0.1,94.5,0.6,1.3
20131221190117,0.1,0.9,0.0,0.0,0.0,55.1,0.6,43.2
20131221190217,0.1,0.8,0.2,0.0,0.1,36.3,0.4,62.1
20131221190317,0.7,1.1,0.1,0.0,0.0,20.6,0.3,77.1
20131221190417,0.5,0.5,0.4,0.0,0.0,57.8,0.1,40.6
20131221190517,0.9,1.1,0.3,0.0,0.1,59.0,0.4,38.3
20131221190617,0.1,0.3,0.9,0.0,0.1,27.4,0.7,70.5
20131221190717,0.1,0.0,0.0,0.0,0.0,93.5,0.1,6.2
20131221190817,0.1,0.1,0.1,0.0,0.1,79.1,0.1,20.5
20131221190917,0.2,0.0,0.0,0.0,0.0,88.8,0.3,10.6
20131221191017,0.0,0.0,0.0,0.0,0.0,92.4,0.1,7.5
20131221191117,0.1,0.0,0.0,0.0,0.0,99.7,0.1,0.1
20131221191217,0.0,0.2,0.0,0.0,0.1,88.4,0.2,10.9
20131221191317,0.0,0.3,0.0,0.0,0.0,95.5,0.1,4.0
20131221191417,0.3,1.5,0.0,0.0,0.1,95.5,0.5,2.1
20131221191517,0.3,0.0,0.0,0.0,0.0,82.6,0.2,16.8
20131221191617,0.2,0.0,0.0,0.0,0.0,93.1,0.4,6.3
20131221191717,0.1,0.4,0.0,0.0,0.0,96.4,0.3,2.7
20131221191817,0.1,0.0,0.0,0.0,0.0,97.7,0.1,2.0
20131221191917,0.1,0.1,0.0,0.0,0.0,82.0,0.3,17.5
20131221192017,0.1,0.0,0.0,0.0,0.0,99.3,0.1,0.4
20131221192117,0.2,0.0,0.0,0.0,0.0,97.8,0.2,1.7
20131221192217,0.1,0.0,0.0,0.0,0.0,99.5,0.0,0.3
20131221192317,0.0,0.0,0.0,0.0,0.0,90.9,0.1,8.9
20131221192417,0.5,0.0,0.0,0.0,0.1,96.2,0.2,2.9
20131221192517,0.3,0.0,0.0,0.0,0.0,99.4,0.0,0.3
20131221192617,0.1,0.0,0.0,0.0,0.0,98.2,0.2,1.5
20131221192717,0.3,0.0,0.0,0.0,0.0,98.0,0.3,1.4
20131221192817,0.1,0.0,0.0,0.0,0.0,99.3,0.1,0.5
20131221192917,0.2,0.1,0.1,0.0,0.1,71.7,0.2,27.7
20131221193017,0.1,0.0,0.0,0.0,0.0,96.1,0.3,3.4
20131221193117,0.4,0.0,0.4,0.0,1.1,60.4,0.2,37.5
20131221193217,0.0,0.0,0.1,0.0,0.2,78.3,0.0,21.5
20131221193317,0.4,0.0,0.0,0.0,0.1,93.3,0.1,6.1
20131221193417,0.8,0.0,0.1,0.0,0.0,90.4,0.1,8.5
20131221193517,0.2,0.0,0.1,0.0,0.2,96.1,0.1,3.3
20131221193617,0.5,0.0,0.2,0.0,0.3,18.6,0.1,80.4
20131221193717,0.2,0.0,0.3,0.0,0.4,62.4,0.2,36.4
20131221193817,0.8,0.0,0.8,0.0,0.5,89.5,0.4,8.0
20131221193917,0.4,0.0,0.3,0.0,0.1,97.4,0.4,1.4
20131221194017,0.2,0.0,0.0,0.0,0.9,96.5,0.1,2.3
20131221194117,0.1,0.0,0.0,0.0,0.1,98.4,0.2,1.1
20131221194217,3.2,0.0,0.4,0.0,0.5,59.5,0.3,36.1
20131221194317,2.2,0.0,1.0,0.0,0.2,70.1,4.2,22.2
20131221194417,1.8,0.0,0.7,0.0,0.9,76.9,0.3,19.4
20131221194517,0.3,0.0,0.1,0.0,1.0,29.1,1.0,68.5
20131221194617,0.2,0.0,0.0,0.0,7.1,70.1,0.3,22.3
20131221194717,0.0,0.0,0.1,0.0,0.7,6.0,0.4,92.7
20131221194817,0.9,0.0,0.0,0.0,2.2,61.3,0.7,34.8
20131221194917,0.4,0.0,0.0,0.0,1.5,77.5,0.3,20.3
20131221195017,0.4,0.0,0.1,0.0,1.9,85.6,0.4,11.7
20131221195117,1.6,0.0,0.0,0.0,6.3,70.7,5.8,15.7
20131221195217,1.6,0.0,0.1,0.0,2.5,76.2,2.3,17.3
20131221195317,0.2,0.0,0.0,0.0,5.1,55.3,17.1,22.2
20131221195417,0.4,0.0,0.1,0.0,0.7,12.6,14.6,71.6
20131221195517,0.2,0.0,0.0,0.0,0.5,9.8,28.1,61.4
20131221195617,0.0,0.0,0.0,0.0,15.3,2.5,39.8,42.4
20131221195717,0.0,0.0,0.0,0.0,0.4,0.2,4.6,94.8
20131221195817,0.1,0.0,0.1,0.0,6.7,1.7,11.2,80.3
20131221195917,0.2,0.0,0.0,0.0,7.6,4.3,29.8,58.0
20131221200017,0.0,0.0,0.1,0.0,0.4,1.0,60.5,38.1
20131221200117,0.0,0.0,0.0,0.0,0.4,0.2,7.9,91.5
20131221200217,0.0,0.0,0.0,0.0,0.4,0.1,14.8,84.7
20131221200317,0.0,0.0,0.0,0.0,3.9,0.4,15.7,79.9
20131221200417,0.0,0.0,0.0,0.0,2.7,0.4,28.4,68.3
20131221200517,0.1,0.0,0.2,0.0,8.8,1.9,13.3,75.7
20131221200617,0.0,0.1,0.0,0.0,53.2,1.6,13.8,31.2
20131221200717,0.0,0.0,0.0,0.0,4.9,0.6,2.6,91.7
20131221200817,0.0,0.0,0.7,0.0,3.7,1.4,21.6,72.5
20131221200917,0.0,0.0,0.1,0.0,1.6,0.6,5.1,92.5
20131221201017,0.0,0.0,0.1,0.1,9.7,0.5,18.8,70.8
20131221201117,0.0,0.0,0.0,0.0,10.4,0.2,31.0,58.3
20131221201217,0.0,0.0,0.6,0.1,5.0,0.2,51.1,42.9
20131221201317,0.0,0.0,0.4,0.8,28.1,0.6,50.2,19.8
20131221201417,0.0,0.0,0.8,0.1,0.8,0.1,26.5,71.6
20131221201517,0.0,0.0,1.1,0.0,0.8,0.1,25.8,72.2
20131221201617,0.0,0.0,1.2,0.1,3.9,0.0,24.2,70.5
20131221201717,0.0,0.0,0.2,0.0,0.2,0.0,15.7,83.9
20131221201817,0.0,0.0,1.1,0.1,4.8,0.0,30.4,63.6
20131221201917,0.0,0.0,0.0,0.1,0.2,0.1,44.3,55.4
20131221202017,0.0,0.0,0.1,0.1,0.4,0.0,7.8,91.6
20131221202117,0.0,0.0,0.1,1.1,4.9,0.0,16.9,76.8
20131221202217,0.0,0.0,0.0,0.2,5.5,0.1,39.6,54.5
20131221202317,0.2,0.3,0.5,3.1,26.8,1.1,28.6,39.3
20131221202417,0.0,0.0,0.1,1.5,10.6,0.3,27.8,59.6
20131221202517,0.0,0.0,0.1,0.4,20.5,0.1,22.1,56.8
20131221202617,0.0,0.0,0.4,0.2,61.4,0.0,16.6,21.3
20131221202717,0.0,0.0,0.1,0.5,0.7,0.0,16.2,82.5
20131221202817,0.0,0.0,0.0,0.1,1.2,0.0,95.1,3.6
20131221202917,0.0,0.0,0.1,0.1,1.0,0.1,92.5,6.3
20131221203017,0.1,0.0,0.3,0.3,22.4,0.0,33.3,43.6
20131221203117,0.0,0.1,0.1,0.2,3.7,0.0,19.2,76.7
20131221203217,0.0,0.0,0.0,0.1,1.4,0.0,7.5,90.9
20131221203317,0.0,0.0,0.0,0.6,1.1,0.0,41.4,56.9
20131221203417,0.0,0.2,0.1,0.1,0.6,0.0,67.9,31.0
20131221203517,0.0,0.0,0.0,0.1,0.1,0.0,75.4,24.4
20131221203617,0.0,0.0,0.0,0.0,0.0,0.0,95.8,4.1
20131221203717,0.0,0.0,0.0,1.2,0.4,0.0,94.0,4.4
20131221203817,0.0,0.0,0.0,0.1,0.0,0.0,87.7,12.1
20131221203917,0.0,0.2,0.1,0.2,0.3,0.0,93.1,6.1
20131221204017,0.0,0.0,0.0,0.0,0.0,0.0,99.7,0.3
20131221204117,0.0,0.0,0.0,0.0,0.0,0.0,97.8,2.1
20131221204217,0.0,0.0,0.0,0.2,0.1,0.0,91.6,8.1
20131221204317,0.0,0.0,0.0,0.0,0.0,0.0,90.7,9.3
20131221204417,0.0,0.0,0.2,0.1,0.0,0.0,95.2,4.5
20131221204517,0.0,0.0,0.0,0.1,0.0,0.0,93.5,6.4
20131221204617,0.0,0.0,0.0,0.1,0.0,0.0,98.0,1.9
20131221204717,0.0,0.0,0.0,0.0,0.0,0.0,91.4,8.6
20131221204817,0.0,0.0,0.0,0.0,0.0,0.0,94.5,5.5
20131221204917,0.0,0.0,0.0,0.0,0.0,0.0,93.4,6.6
20131221205017,0.0,0.0,0.0,0.0,0.0,0.0,99.3,0.6
20131221205117,0.0,0.0,0.0,0.0,0.1,0.0,93.9,5.9
20131221205217,0.0,0.0,0.0,0.0,0.0,0.0,96.5,3.5
20131221205317,0.0,0.0,0.0,0.0,0.0,0.0,97.5,2.5
20131221205417,0.0,0.0,0.0,0.0,0.0,0.0,98.4,1.5
20131221205517,0.0,0.0,0.0,0.0,0.0,0.0,98.6,1.4
20131221205617,0.0,0.0,0.0,0.0,0.0,0.0,99.8,0.2
20131221205717,0.0,0.0,0.0,0.0,0.0,0.0,98.8,1.2
20131221205817,0.0,0.0,0.0,0.4,0.0,0.0,97.0,2.6
20131221205917,0.0,0.0,0.0,0.1,0.0,0.0,98.1,1.8
20131221210017,0.0,0.0,0.0,0.1,0.0,0.0,97.9,2.0
20131221210117,0.0,0.0,0.0,0.1,0.0,0.0,98.4,1.6
20131221210217,0.0,0.0,0.0,0.1,0.0,0.0,98.5,1.4
20131221210317,0.0,0.0,0.0,0.9,0.0,0.0,73.5,25.6
20131221210417,0.0,0.0,0.1,2.4,0.2,0.0,82.1,15.1
20131221210517,0.0,0.0,0.1,4.7,2.6,0.0,85.0,7.5
20131221210617,0.0,0.0,0.0,0.1,0.2,0.0,94.5,5.1
20131221210717,0.0,0.0,0.0,4.0,0.1,0.0,91.7,4.2
20131221210817,0.0,0.0,0.0,0.1,0.0,0.0,98.8,1.0
20131221210917,0.0,0.0,0.0,0.4,0.0,0.0,97.0,2.5
20131221211017,0.1,0.1,0.5,2.3,6.0,0.0,61.8,29.2
20131221211117,0.0,0.0,0.0,0.5,0.8,0.0,93.8,4.9
20131221211217,0.0,0.0,0.0,0.3,1.5,0.0,95.5,2.6
20131221211317,0.1,0.1,0.0,0.4,1.3,0.0,93.1,5.1
20131221211417,0.0,0.0,0.0,1.5,3.1,0.0,86.5,8.9
20131221211517,0.0,0.0,0.0,0.4,1.2,0.0,96.3,2.0
20131221211617,0.0,0.0,0.0,0.1,0.3,0.0,98.6,1.0
20131221211717,0.0,0.0,0.0,0.2,0.4,0.0,97.5,2.0
20131221211817,0.0,0.0,0.0,0.1,2.3,0.0,96.5,1.1
20131221211917,0.0,0.0,0.0,0.0,3.0,0.0,96.3,0.6
20131221212017,0.0,0.0,0.0,0.1,2.6,0.0,84.9,12.4
20131221212117,0.0,0.0,0.0,0.1,3.3,0.0,95.8,0.8
20131221212217,0.0,0.0,0.0,0.0,0.4,0.0,96.7,2.9
20131221212317,0.0,0.0,0.0,0.0,0.7,0.0,97.7,1.5
20131221212417,0.0,0.0,0.0,0.0,0.6,0.0,99.1,0.2
20131221212517,0.0,0.0,0.0,0.0,0.4,0.0,99.4,0.2
20131221212617,0.0,0.1,0.0,0.0,0.2,0.0,99.4,0.3
20131221212717,0.0,0.0,0.0,0.0,0.0,0.0,99.7,0.2
20131221212817,0.0,0.0,0.0,0.0,0.1,0.0,99.9,0.1
20131221212917,0.0,0.1,0.0,0.0,0.4,0.0,99.4,0.1
20131221213017,0.0,0.1,0.0,0.0,2.1,0.0,97.6,0.2
20131221213117,0.0,0.1,0.0,0.0,26.7,0.0,73.1,0.1
20131221213217,0.0,0.5,0.0,0.0,54.4,0.0,45.0,0.0
20131221213317,0.0,0.1,0.0,0.0,0.4,0.0,99.4,0.1
20131221213417,0.0,0.0,0.0,0.0,0.0,0.0,99.9,0.0
20131221213517,0.0,0.0,0.0,0.0,0.0,0.0,99.9,0.1
20131221213617,0.0,0.0,0.0,0.0,0.0,0.0,99.8,0.1
20131221213717,0.0,0.0,0.0,0.0,0.1,0.0,99.7,0.2
20131221213817,0.0,0.1,0.0,0.0,0.1,0.0,99.8,0.0
20131221213917,0.0,0.0,0.0,0.0,0.7,0.0,99.1,0.1
20131221214017,0.0,0.0,0.0,0.3,1.9,0.0,97.4,0.4
20131221214117,0.0,0.0,0.0,0.1,0.6,0.0,99.0,0.4
20131221214217,0.0,0.0,0.0,0.0,3.7,0.0,95.6,0.6
20131221214317,0.0,0.0,0.0,0.2,1.2,0.0,98.4,0.1
20131221214417,0.0,0.0,0.0,0.0,0.2,0.0,99.8,0.0
20131221214517,0.0,0.0,0.0,0.0,0.1,0.0,99.9,0.0
20131221214617,0.0,0.0,0.0,0.0,0.1,0.0,99.9,0.0
20131221214717,0.0,0.0,0.0,0.0,0.1,0.0,99.9,0.0
20131221214817,0.0,0.0,0.0,0.0,0.6,0.0,99.4,0.1
20131221214917,0.0,0.0,0.0,0.0,0.8,0.0,99.2,0.0
20131221215017,0.0,0.0,0.0,0.0,0.0,0.0,100.0,0.0
20131221215117,0.0,0.0,0.0,0.0,0.1,0.0,99.9,0.0
20131221215217,0.0,0.0,0.0,0.0,0.0,0.0,100.0,0.0
20131221215317,0.0,0.0,0.0,0.0,0.0,0.0,99.9,0.1
20131221215417,0.0,0.0,0.0,0.0,0.0,0.0,100.0,0.0
20131221215517,0.0,0.0,0.0,0.0,0.0,0.0,100.0,0.0
20131221215617,0.0,0.0,0.0,0.0,0.0,0.0,100.0,0.0
20131221215717,0.0,0.0,0.0,0.0,0.0,0.0,100.0,0.0
20131221215817,0.0,0.0,0.0,0.0,0.0,0.0,99.9,0.1
20131221215917,0.0,0.0,0.0,0.0,0.2,0.0,99.7,0.1
20131221220017,0.0,0.0,0.0,0.1,0.2,0.0,98.3,1.5
20131221220117,0.0,0.0,0.0,0.0,0.0,0.0,99.5,0.5
20131221220217,0.0,0.0,0.0,0.0,0.0,0.0,99.9,0.1
20131221220317,0.0,0.0,0.0,0.0,0.0,0.0,99.9,0.0
20131221220417,0.0,0.0,0.0,0.0,0.0,0.0,99.9,0.1
20131221220517,0.0,0.0,0.0,0.0,0.0,0.0,99.8,0.2
20131221220617,0.0,0.0,0.0,0.0,0.0,0.0,99.9,0.1
20131221220717,0.0,0.0,0.0,0.0,0.0,0.0,99.9,0.0
20131221220817,0.0,0.0,0.0,0.0,0.0,0.0,99.9,0.1
20131221220917,0.0,0.0,0.0,0.0,0.0,0.0,99.9,0.1
20131221221017,0.0,0.0,0.0,0.0,0.0,0.0,99.9,0.1
20131221221117,0.0,0.0,0.0,0.0,0.0,0.0,99.9,0.1
20131221221217,0.0,0.0,0.0,0.0,0.0,0.0,100.0,0.0
20131221221317,0.0,0.0,0.0,0.0,0.0,0.0,100.0,0.0
20131221221417,0.0,0.0,0.0,0.0,0.0,0.0,100.0,0.0
20131221221517,0.0,0.0,0.0,0.0,0.0,0.0,100.0,0.0
20131221221617,0.0,0.0,0.0,0.0,0.0,0.0,100.0,0.0
20131221221717,0.0,0.0,0.0,0.0,0.0,0.0,100.0,0.0
20131221221817,0.0,0.0,0.0,0.0,0.0,0.0,100.0,0.0
20131221221917,0.0,0.0,0.0,0.0,0.0,0.0,100.0,0.0
20131221222017,0.0,0.0,0.0,0.0,0.0,0.0,99.9,0.0
20131221222117,0.0,0.0,0.0,0.0,0.0,0.0,99.9,0.0
20131221222217,0.0,0.0,0.0,0.2,0.3,0.0,99.1,0.3
20131221222317,0.0,0.0,0.0,0.0,0.0,0.0,99.8,0.1
20131221222417,0.0,0.0,0.0,0.0,0.0,0.0,99.9,0.1
20131221222517,0.0,0.0,0.0,0.0,0.0,0.0,99.9,0.1
20131221222617,0.0,0.0,0.0,0.0,0.0,0.0,99.8,0.1
20131221222717,0.0,0.0,0.0,0.0,0.0,0.0,99.9,0.1
20131221222817,0.0,0.0,0.0,0.0,0.1,0.0,99.8,0.1
20131221222917,0.0,0.0,0.0,0.0,0.0,0.0,100.0,0.0
20131221223017,0.0,0.0,0.0,0.0,0.0,0.0,100.0,0.0
20131221223117,0.0,0.0,0.0,0.0,0.0,0.0,100.0,0.0
20131221223217,0.0,0.0,0.0,0.0,0.0,0.0,100.0,0.0
20131221223317,0.0,0.0,0.0,0.0,0.0,0.0,99.8,0.1
20131221223417,0.0,0.0,0.0,0.0,0.0,0.0,100.0,0.0
20131221223517,0.0,0.0,0.0,0.0,0.0,0.0,99.9,0.1
20131221223617,0.0,0.0,0.0,0.0,0.0,0.0,99.9,0.1
20131221223717,0.0,0.0,0.0,0.0,0.1,0.0,99.8,0.1
20131221223817,0.0,0.0,0.0,0.0,0.0,0.0,99.9,0.1
20131221223917,0.0,0.0,0.0,0.0,0.1,0.0,99.9,0.0
20131221224017,0.0,0.0,0.0,0.0,0.2,0.0,99.8,0.0
20131221224117,0.0,0.0,0.0,0.0,0.2,0.0,99.7,0.0
20131221224217,0.0,0.0,0.0,0.0,1.3,0.0,98.6,0.0
20131221224317,0.0,0.0,0.0,0.0,0.3,0.0,99.6,0.0
20131221224417,0.0,0.0,0.0,0.0,0.4,0.0,99.6,0.0
20131221224517,0.0,0.0,0.0,0.0,0.7,0.0,99.3,0.0
20131221224617,0.0,0.0,0.0,0.0,0.1,0.0,99.8,0.0
20131221224717,0.0,0.0,0.0,0.0,0.9,0.0,99.1,0.0
20131221224817,0.0,0.0,0.0,0.0,0.9,0.0,99.0,0.0
20131221224917,0.0,0.0,0.0,0.0,1.2,0.0,98.8,0.0
20131221225017,0.0,0.0,0.0,0.0,0.1,0.0,99.9,0.0
20131221225117,0.0,0.0,0.0,0.0,0.2,0.0,99.8,0.0
20131221225217,0.0,0.0,0.0,0.1,9.7,0.0,90.1,0.1
20131221225317,0.0,0.0,0.0,0.0,8.6,0.0,90.7,0.7
20131221225417,0.0,0.0,0.0,0.0,3.5,0.0,96.2,0.2
20131221225517,0.0,0.0,0.0,0.0,6.7,0.0,93.1,0.2
20131221225617,0.0,0.0,0.0,0.0,2.2,0.0,97.7,0.1
20131221225717,0.0,0.0,0.0,0.0,8.2,0.0,91.5,0.3
20131221225817,0.0,0.0,0.0,0.0,2.3,0.0,97.5,0.2
20131221225917,0.0,0.0,0.0,0.0,4.1,0.0,95.7,0.2
20131221230017,0.0,0.0,0.0,0.0,2.9,0.0,96.9,0.2
20131221230117,0.0,0.0,0.0,0.0,0.8,0.0,99.1,0.1
20131221230217,0.0,0.0,0.0,0.0,2.8,0.0,97.2,0.0
20131221230317,0.0,0.0,0.0,0.0,25.1,0.0,74.7,0.1
20131221230417,0.0,0.0,0.0,0.0,6.9,0.0,92.3,0.8
20131221230517,0.0,0.0,0.0,0.0,14.4,0.0,84.8,0.8
20131221230617,0.0,0.0,0.0,0.1,2.4,0.0,97.0,0.5
20131221230717,0.0,0.0,0.0,0.1,2.5,0.0,96.9,0.5
20131221230817,0.0,0.0,0.0,0.1,0.5,0.0,99.1,0.3
20131221230917,0.0,0.0,0.0,0.1,1.2,0.0,98.1,0.7
20131221231017,0.0,0.0,0.0,0.0,0.3,0.0,99.1,0.6
20131221231117,0.0,0.0,0.0,0.0,0.2,0.0,99.7,0.2
20131221231217,0.0,0.0,0.0,0.0,0.1,0.0,99.8,0.1
20131221231317,0.0,0.0,0.0,0.0,0.1,0.0,99.8,0.1
20131221231417,0.0,0.0,0.0,0.0,0.5,0.0,99.2,0.2
20131221231517,0.0,0.0,0.0,0.0,0.1,0.0,99.9,0.0
20131221231617,0.0,0.0,0.0,0.0,0.0,0.0,100.0,0.0
20131221231717,0.0,0.0,0.0,0.0,0.0,0.0,100.0,0.0
20131221231817,0.0,0.0,0.0,0.0,0.1,0.0,99.8,0.1
20131221231917,0.0,0.0,0.1,0.5,9.5,0.0,89.7,0.3
20131221232017,0.0,0.0,0.0,0.2,10.3,0.0,89.5,0.1
20131221232117,0.0,0.0,0.1,0.2,16.2,0.0,83.4,0.1
20131221232217,0.0,0.0,0.0,0.0,4.4,0.0,95.5,0.0
20131221232317,0.0,0.0,0.0,0.1,1.8,0.0,98.0,0.1
20131221232417,0.0,0.0,0.7,0.2,29.6,0.0,68.9,0.5
20131221232517,0.0,0.0,0.3,0.2,3.2,0.0,95.8,0.6
20131221232617,0.0,0.0,0.1,0.1,1.8,0.0,97.5,0.6
20131221232717,0.0,0.0,0.2,0.1,3.6,0.0,95.9,0.2
20131221232817,0.0,0.0,0.0,0.1,1.8,0.0,98.0,0.1
20131221232917,0.0,0.0,0.2,0.1,7.4,0.0,91.0,1.4
20131221233017,0.0,0.0,0.0,0.1,4.6,0.0,94.0,1.3
20131221233117,0.0,0.2,0.6,0.3,13.0,0.0,76.4,9.3
20131221233217,0.0,0.0,0.2,0.6,37.3,0.0,60.2,1.7
20131221233317,0.0,0.0,0.1,0.2,8.4,0.0,88.8,2.5
20131221233417,0.0,0.0,0.2,0.2,3.7,0.0,87.3,8.6
20131221233517,0.0,0.0,0.6,0.2,24.0,0.1,72.0,3.1
20131221233617,0.0,0.0,0.1,0.3,9.4,0.0,87.6,2.5
20131221233717,0.0,0.0,0.0,0.2,3.6,0.0,91.4,4.7
20131221233817,0.0,0.0,0.0,0.0,5.4,0.0,92.8,1.8
20131221233917,0.0,0.0,0.0,0.0,0.5,0.0,99.0,0.5
20131221234017,0.0,0.0,0.0,0.0,0.2,0.0,99.6,0.3
20131221234117,0.0,0.0,0.0,0.0,0.1,0.0,99.7,0.2
20131221234217,0.0,0.0,0.0,0.0,0.0,0.0,99.9,0.1
20131221234317,0.0,0.0,0.0,0.0,0.0,0.0,99.6,0.4
20131221234417,0.0,0.0,0.0,0.0,0.0,0.0,99.9,0.1
20131221234517,0.0,0.0,0.0,0.0,0.0,0.0,99.8,0.2
20131221234617,0.0,0.0,0.0,0.0,0.0,0.0,99.8,0.2
20131221234717,0.0,0.0,0.0,0.0,0.0,0.0,99.7,0.3
20131221234817,0.0,0.0,0.0,0.0,0.1,0.0,99.3,0.6
20131221234917,0.0,0.0,0.0,0.0,0.0,0.0,98.8,1.2
20131221235017,0.0,0.0,0.0,0.0,0.2,0.0,97.4,2.4
20131221235117,0.0,0.0,0.0,0.0,0.2,0.0,99.0,0.7
20131221235217,0.0,0.0,0.0,0.0,0.0,0.0,99.8,0.2
20131221235317,0.0,0.0,0.0,0.0,0.2,0.0,99.5,0.3
20131221235417,0.0,0.0,0.0,0.0,0.1,0.0,99.7,0.1
20131221235517,0.0,0.0,0.0,0.0,0.1,0.0,99.9,0.0
20131221235617,0.0,0.0,0.0,0.0,0.5,0.0,98.8,0.6
20131221235717,0.0,0.0,0.0,0.0,0.4,0.0,98.5,1.0
20131221235817,0.0,0.0,0.0,0.0,0.5,0.0,97.8,1.7
20131221235917,0.0,0.0,0.0,0.0,1.3,0.0,81.1,17.6
20131222000017,0.0,0.0,0.0,0.0,0.4,0.0,98.3,1.2
20131222000117,0.0,0.0,0.0,0.0,0.9,0.0,96.8,2.3
20131222000217,0.0,0.0,0.0,0.2,4.8,0.0,88.2,6.7
20131222000317,0.0,0.0,0.0,0.3,11.3,0.0,69.0,19.3
20131222000417,0.0,0.0,0.0,0.0,0.4,0.0,98.3,1.2
20131222000517,0.0,0.0,0.0,0.1,4.0,0.0,69.9,26.1
20131222000617,0.0,0.0,0.0,0.0,0.5,0.0,94.3,5.2
20131222000717,0.0,0.0,0.0,0.2,4.8,0.0,80.2,14.9
20131222000817,0.0,0.0,0.0,0.0,0.1,0.0,76.4,23.5
20131222000917,0.0,0.0,0.0,0.0,0.2,0.0,99.1,0.7
20131222001017,0.0,0.0,0.0,0.0,0.0,0.0,98.7,1.2
20131222001117,0.0,0.0,0.0,0.0,0.2,0.0,97.6,2.2
20131222001217,0.0,0.0,0.0,0.0,0.3,0.0,93.5,6.1
20131222001317,0.0,0.0,0.0,0.0,0.1,0.0,87.1,12.8
20131222001417,0.0,0.0,0.0,0.0,0.3,0.0,86.9,12.8
20131222001517,0.0,0.0,0.0,0.0,0.1,0.0,72.6,27.3
20131222001617,0.0,0.0,0.0,0.0,0.1,0.0,64.8,35.1
20131222001717,0.0,0.0,0.0,0.0,0.3,0.0,81.5,18.2
20131222001817,0.0,0.0,0.0,0.0,0.8,0.0,75.5,23.6
20131222001917,0.0,0.0,0.0,0.0,0.3,0.0,63.0,36.7
20131222002017,0.0,0.0,0.0,0.0,0.4,0.0,92.5,7.2
20131222002117,0.0,0.0,0.0,0.0,0.0,0.0,99.0,1.0
20131222002217,0.0,0.0,0.0,0.0,0.9,0.0,85.7,13.3
20131222002317,0.0,0.0,0.0,0.0,1.8,0.0,63.6,34.6
20131222002417,0.0,0.0,0.0,0.0,0.2,0.0,71.6,28.1
20131222002517,0.0,0.0,0.0,0.0,1.0,0.0,67.0,32.1
20131222002617,0.0,0.0,0.0,0.0,0.1,0.0,85.5,14.3
20131222002717,0.0,0.0,0.0,0.0,0.3,0.0,63.7,36.0
20131222002817,0.0,0.0,0.0,0.0,0.4,0.0,27.3,72.3
20131222002917,0.0,0.0,0.0,0.0,0.1,0.0,20.7,79.2
20131222003017,0.0,0.0,0.0,0.0,0.4,0.0,26.2,73.4
20131222003117,0.0,0.0,0.0,0.0,0.2,0.0,38.6,61.1
20131222003217,0.0,0.0,0.0,0.0,0.1,0.0,78.7,21.1
20131222003317,0.0,0.0,0.0,0.0,0.2,0.0,58.8,41.0
20131222003417,0.0,0.0,0.0,0.0,1.0,0.1,26.0,72.9
20131222003517,0.0,0.0,0.0,0.0,0.3,0.0,12.7,87.0
20131222003617,0.0,0.0,0.0,0.0,1.2,0.0,20.6,78.1
20131222003717,0.0,0.0,0.0,0.1,3.6,0.0,13.6,82.7
20131222003817,0.0,0.0,0.0,0.0,0.8,0.0,45.6,53.6
20131222003917,0.0,0.0,0.0,0.0,7.3,0.0,25.5,67.1
20131222004017,0.0,0.0,0.0,0.1,12.8,0.0,21.0,66.1
20131222004117,0.0,0.0,0.0,0.0,2.5,0.0,18.4,79.0
20131222004217,0.0,0.0,0.0,0.0,1.9,0.0,41.4,56.7
20131222004317,0.0,0.0,0.0,0.0,3.2,0.0,87.4,9.4
20131222004417,0.0,0.0,0.0,0.0,5.3,0.0,75.8,18.9
20131222004517,0.0,0.0,0.0,0.0,1.5,0.0,85.4,13.1
20131222004617,0.0,0.0,0.0,0.0,0.5,0.0,5.3,94.2
20131222004717,0.0,0.0,0.0,0.0,1.4,0.0,35.6,63.0
20131222004817,0.0,0.0,0.0,0.0,0.5,0.0,20.6,78.9
20131222004917,0.0,0.0,0.0,0.0,2.1,0.0,86.1,11.8
20131222005017,0.0,0.0,0.0,0.0,3.6,0.0,83.5,12.9
20131222005117,0.0,0.0,0.0,0.0,2.6,0.0,97.1,0.3
20131222005217,0.0,0.0,0.0,0.0,1.2,0.0,94.8,4.1
20131222005317,0.0,0.0,0.0,0.0,0.4,0.0,98.5,1.2
20131222005417,0.0,0.0,0.0,0.0,0.6,0.0,88.5,10.8
20131222005517,0.0,0.0,0.0,0.0,0.1,0.0,99.5,0.3
20131222005617,0.0,0.0,0.0,0.0,1.5,0.0,95.8,2.7
20131222005717,0.0,0.0,0.0,0.0,1.9,0.0,96.3,1.8
20131222005817,0.0,0.0,0.0,0.0,1.4,0.0,95.7,2.9
20131222005917,0.0,0.0,0.0,0.0,3.5,0.0,90.4,6.1
20131222010017,0.0,0.0,0.0,0.0,3.1,0.0,80.5,16.4
20131222010117,0.0,0.0,0.0,0.0,3.0,0.0,91.5,5.5
20131222010217,0.0,0.1,0.0,0.0,11.4,0.0,86.8,1.7
20131222010317,0.0,0.2,0.0,0.0,2.6,0.0,95.1,2.0
20131222010417,0.0,0.4,0.0,0.0,2.1,0.0,95.0,2.5
20131222010517,0.0,0.0,0.0,0.0,1.0,0.0,95.7,3.3
20131222010617,0.0,0.5,0.0,0.1,68.8,0.0,30.5,0.1
20131222010717,0.0,0.1,0.0,0.1,21.8,0.0,74.6,3.3
20131222010817,0.0,0.0,0.0,0.1,21.9,0.0,77.2,0.8
20131222010917,0.0,0.3,0.0,0.4,62.0,0.0,36.0,1.3
20131222011017,0.0,0.0,0.0,0.1,2.3,0.0,97.3,0.3
20131222011117,0.0,0.4,0.0,0.7,8.9,0.0,89.5,0.4
20131222011217,0.0,0.3,0.0,0.0,4.8,0.0,94.7,0.2
20131222011317,0.0,1.0,0.0,0.0,12.1,0.0,86.6,0.3
20131222011417,0.0,0.2,0.0,0.0,3.0,0.0,96.5,0.3
20131222011517,0.0,0.0,0.0,0.0,0.1,0.0,99.5,0.4
20131222011617,0.0,0.0,0.0,0.0,0.0,0.0,99.9,0.1
20131222011717,0.0,0.0,0.0,0.0,0.0,0.0,99.6,0.3
20131222011817,0.0,0.1,0.0,0.0,0.0,0.0,99.1,0.7
20131222011917,0.0,0.0,0.0,0.0,0.0,0.0,99.6,0.3
20131222012017,0.0,0.0,0.0,0.0,0.0,0.0,99.2,0.8
20131222012117,0.0,0.0,0.0,0.0,0.0,0.0,98.6,1.3
20131222012217,0.0,0.0,0.0,0.0,0.0,0.0,98.5,1.4
20131222012317,0.0,0.1,0.0,0.0,0.1,0.0,99.0,0.7
20131222012417,0.0,0.5,0.0,0.1,8.9,0.7,82.2,7.6
20131222012517,0.0,0.0,0.0,0.0,0.9,0.0,98.6,0.5
20131222012617,0.0,0.1,0.0,0.0,0.4,0.0,97.1,2.4
20131222012717,0.0,0.0,0.0,0.0,0.1,0.0,99.5,0.3
20131222012817,0.0,0.0,0.0,0.0,0.2,0.0,99.5,0.3
20131222012917,0.0,0.0,0.0,0.0,0.0,0.0,99.9,0.0
20131222013017,0.0,0.0,0.0,0.0,0.0,0.0,100.0,0.0
20131222013117,0.0,0.0,0.0,0.0,0.0,0.0,99.7,0.2
20131222013217,0.0,0.0,0.0,0.0,0.2,0.0,97.9,1.9
20131222013317,0.0,0.0,0.0,0.1,0.6,0.0,92.5,6.7
20131222013417,0.0,0.0,0.0,0.0,0.4,0.0,66.0,33.6
20131222013517,0.0,0.0,0.0,0.0,0.0,0.0,59.2,40.8
20131222013617,0.0,0.0,0.0,0.0,0.1,0.0,19.7,80.2
20131222013717,0.0,0.0,0.0,0.0,0.1,0.0,51.4,48.6
20131222013817,0.0,0.0,0.0,0.0,1.0,0.1,70.0,28.9
20131222013917,0.1,0.0,0.2,0.0,0.5,0.6,46.9,51.6
20131222014017,0.0,0.0,0.0,0.1,1.3,0.0,82.4,16.2
20131222014117,0.0,0.0,0.0,0.2,27.1,0.1,56.3,16.2
20131222014217,0.2,0.0,0.2,0.1,7.5,0.6,75.8,15.6
20131222014317,0.0,0.0,0.0,0.1,6.7,0.2,74.0,19.0
20131222014417,0.0,0.0,0.0,0.0,1.1,0.0,98.0,0.9
20131222014517,0.0,0.0,0.1,0.2,5.4,0.6,58.8,34.8
20131222014617,0.0,0.0,0.0,0.1,4.0,0.2,37.3,58.4
20131222014717,0.0,0.0,0.0,0.1,2.7,0.6,40.0,56.6
20131222014817,0.0,0.0,0.0,0.0,0.8,0.1,79.2,19.9
20131222014917,0.0,0.0,0.0,0.0,0.5,0.0,89.4,10.1
20131222015017,0.0,0.0,0.0,0.0,0.5,0.0,71.7,27.7
20131222015117,0.0,0.0,0.0,0.0,3.2,0.1,21.2,75.6
20131222015217,0.0,0.0,0.0,0.1,3.3,0.0,44.0,52.5
20131222015317,0.0,0.0,0.0,0.0,3.1,0.0,35.9,61.0
20131222015417,0.0,0.0,0.0,0.0,5.6,0.0,23.8,70.6
20131222015517,0.0,0.0,0.0,0.0,7.1,0.1,61.8,31.0
20131222015617,0.0,0.0,0.0,0.0,3.3,0.0,9.0,87.7
20131222015717,0.0,0.0,0.0,0.0,0.7,0.0,3.2,96.1
20131222015817,0.0,0.0,0.0,0.0,0.1,0.0,18.4,81.5
20131222015917,0.0,0.0,0.0,0.0,0.2,0.0,1.1,98.7
20131222020017,0.0,0.0,0.0,0.0,0.0,0.0,1.0,99.0
20131222020117,0.0,0.0,0.0,0.0,1.1,0.0,14.5,84.3
20131222020217,0.0,0.0,0.0,0.0,0.3,0.1,53.8,45.8
20131222020317,0.0,0.0,0.0,0.0,0.4,0.0,77.4,22.1
20131222020417,0.0,0.0,0.0,0.0,10.6,0.0,57.4,31.9
20131222020517,0.0,0.0,0.0,0.0,1.6,0.1,51.1,47.1
20131222020617,0.0,0.0,0.0,0.0,0.5,0.0,92.9,6.6
20131222020717,0.0,0.0,0.0,0.0,1.2,0.0,77.7,21.1
20131222020817,0.0,0.0,0.0,0.0,1.8,0.0,89.0,9.1
20131222020917,0.0,0.0,0.0,0.0,4.0,0.0,91.5,4.4
20131222021017,0.0,0.0,0.0,0.0,17.2,0.0,80.2,2.5
20131222021117,0.0,0.0,0.0,0.0,20.7,0.0,77.4,1.8
20131222021217,0.0,0.0,0.0,0.0,0.8,0.0,98.2,1.0
20131222021317,0.0,0.0,0.0,0.0,0.2,0.1,97.1,2.6
20131222021417,0.0,0.0,0.0,0.1,1.8,0.0,95.0,2.9
20131222021517,0.0,0.0,0.0,0.0,0.1,0.0,98.2,1.7
20131222021617,0.0,0.0,0.0,0.0,0.0,0.0,98.9,1.1
20131222021717,0.0,0.0,0.0,0.0,0.0,0.0,98.6,1.3
20131222021817,0.0,0.0,0.0,0.0,0.0,0.0,98.6,1.4
20131222021917,0.0,0.0,0.0,0.1,0.1,0.0,86.7,13.1
20131222022017,0.0,0.0,0.0,0.0,0.0,0.0,99.7,0.3
20131222022117,0.0,0.0,0.0,0.0,0.0,0.0,99.7,0.3
20131222022217,0.0,0.0,0.0,0.0,0.0,0.0,97.9,2.1
20131222022317,0.0,0.0,0.0,0.0,0.0,0.0,99.5,0.5
20131222022417,0.0,0.0,0.0,0.0,0.0,0.0,100.0,0.0
20131222022517,0.0,0.0,0.0,0.0,0.0,0.0,99.6,0.4
20131222022617,0.0,0.0,0.0,0.0,0.0,0.0,99.9,0.1
20131222022717,0.0,0.0,0.0,0.0,0.0,0.0,99.7,0.3
20131222022817,0.0,0.0,0.0,0.0,0.0,0.0,99.7,0.3
20131222022917,0.0,0.0,0.0,0.0,0.0,0.0,99.7,0.3
20131222023017,0.0,0.0,0.0,0.0,0.0,0.0,99.6,0.4
20131222023117,0.0,0.0,0.0,0.1,0.0,0.0,99.8,0.1
20131222023217,0.0,0.0,0.0,0.0,0.0,0.0,99.9,0.0
20131222023317,0.0,0.0,0.0,0.0,0.0,0.0,100.0,0.0
20131222023417,0.0,0.0,0.0,0.2,0.0,0.0,99.8,0.0
20131222023517,0.0,0.0,0.0,0.1,0.0,0.0,99.9,0.0
20131222023617,0.0,0.0,0.0,0.6,0.0,0.0,99.2,0.1
20131222023717,0.0,0.1,0.0,1.5,0.1,0.0,97.9,0.5
20131222023817,0.0,0.3,0.0,1.0,1.1,0.0,96.7,0.9
20131222023917,0.0,0.0,0.0,0.1,0.1,0.0,99.0,0.8
20131222024017,0.0,0.0,0.0,0.0,0.1,0.0,97.4,2.5
20131222024117,0.0,0.0,0.0,0.2,0.1,0.0,92.7,6.9
20131222024217,0.0,0.0,0.0,0.1,0.0,0.0,98.1,1.8
20131222024317,0.0,0.0,0.0,0.3,0.0,0.0,92.0,7.6
20131222024417,0.0,0.0,0.0,2.5,1.4,0.0,64.5,31.5
20131222024517,0.0,0.0,0.0,0.2,0.5,0.0,63.9,35.4
20131222024617,0.0,0.0,0.0,0.6,0.6,0.0,29.7,69.1
20131222024717,0.0,0.0,0.0,0.3,0.7,0.0,25.5,73.5
20131222024817,0.0,0.0,0.0,0.1,1.0,0.0,7.9,90.9
20131222024917,0.0,0.0,0.0,0.1,0.4,0.0,13.6,85.9
20131222025017,0.0,0.0,0.0,0.1,0.3,0.0,24.3,75.2
20131222025117,0.0,0.0,0.0,0.0,0.3,0.0,44.2,55.5
20131222025217,0.0,0.0,0.0,0.0,0.0,0.0,53.8,46.2
20131222025317,0.0,0.0,0.0,0.1,0.7,0.0,34.0,65.2
20131222025417,0.0,0.0,0.0,0.1,1.5,0.0,6.2,92.2
20131222025517,0.0,0.0,0.0,0.1,0.4,0.0,5.1,94.5
20131222025617,0.0,0.0,0.0,0.1,0.2,0.0,8.9,90.9
20131222025717,0.0,0.0,0.0,0.1,0.3,0.0,5.8,93.8
20131222025817,0.0,0.0,0.0,0.1,0.4,0.0,10.5,88.9
20131222025917,0.0,0.0,0.0,0.0,0.0,0.0,2.8,97.1
20131222030017,0.0,0.0,0.0,0.0,0.2,0.0,7.2,92.5
20131222030117,0.0,0.0,0.0,0.0,0.2,0.0,5.0,94.8
20131222030217,0.0,0.0,0.0,0.0,0.2,0.0,7.8,92.0
20131222030317,0.0,0.0,0.0,0.2,0.1,0.0,6.5,93.1
20131222030417,0.0,0.0,0.0,0.3,0.3,0.0,8.8,90.5
20131222030517,0.0,0.0,0.0,0.2,0.1,0.0,17.2,82.5
20131222030617,0.0,0.0,0.0,0.0,0.0,0.0,10.4,89.6
20131222030717,0.0,0.0,0.0,0.0,0.0,0.0,18.8,81.2
20131222030817,0.0,0.0,0.0,0.0,0.0,0.0,8.4,91.6
20131222030917,0.0,0.0,0.0,0.0,0.0,0.0,26.0,74.0
