UT,arc,discrete,diffuse,ac,ab,clear,cloudy,dd
20131219131900,0.0,0.0,0.0,0.0,0.0,0.0,0.0,100.0
20131219132100,0.0,0.0,0.0,0.0,0.0,0.0,0.0,100.0
20131219132300,0.0,0.0,0.0,0.0,0.0,0.0,0.0,100.0
20131219132400,0.0,0.0,0.0,0.0,0.0,0.0,0.0,100.0
20131219132600,0.0,0.0,0.0,0.0,0.0,0.0,0.0,100.0
20131219132700,0.0,0.0,0.0,0.0,0.0,0.0,0.0,100.0
20131219132900,0.0,0.0,0.0,0.0,0.0,0.0,0.0,100.0
20131219133100,0.0,0.0,0.0,0.0,0.0,0.0,0.0,100.0
20131219133300,0.0,0.0,0.0,0.0,0.0,0.0,0.0,100.0
20131219133500,0.0,0.0,0.0,0.0,0.0,0.0,0.0,100.0
20131219133700,0.0,0.0,0.0,0.0,0.0,0.0,0.0,100.0
20131219133900,0.0,0.0,0.0,0.0,0.0,0.0,0.0,100.0
20131219134500,0.0,0.0,0.0,0.0,0.0,0.0,0.0,100.0
20131219134600,0.0,0.0,0.0,0.0,0.0,0.0,0.0,100.0
20131219134700,0.0,0.0,0.0,0.0,0.0,0.0,0.0,100.0
20131219134800,0.0,0.0,0.0,0.0,0.0,0.0,0.0,100.0
20131219134900,0.0,0.0,0.0,0.0,0.0,0.0,0.0,100.0
20131219135000,0.0,0.0,0.0,0.0,0.0,0.0,0.0,100.0
20131219135100,0.0,0.0,0.0,0.0,0.0,0.0,0.0,100.0
20131219135200,0.0,0.0,0.0,0.0,0.0,0.0,0.0,100.0
20131219135300,0.0,0.0,0.0,0.0,0.0,0.0,0.0,100.0
20131219135400,0.0,0.0,0.0,0.0,0.0,0.0,0.0,100.0
20131219135500,0.0,0.0,0.0,0.0,0.0,0.0,0.0,100.0
20131219135600,0.0,0.0,0.0,0.0,0.0,0.0,0.0,100.0
20131219135700,0.0,0.0,0.0,0.0,0.0,0.0,0.0,100.0
20131219135800,0.0,0.0,0.0,0.0,0.0,0.0,0.0,100.0
20131219135900,0.0,0.0,0.0,0.0,0.0,0.0,0.0,100.0
20131219140000,0.0,0.0,0.0,0.0,0.0,0.0,0.0,100.0
20131219140100,0.0,0.0,0.0,0.0,0.0,0.0,0.0,100.0
20131219140200,0.0,0.0,0.0,0.0,0.0,0.0,0.0,100.0
20131219140300,0.0,0.0,0.0,0.0,0.0,0.0,0.0,100.0
20131219140400,0.0,0.0,0.0,0.0,0.0,0.0,0.0,100.0
20131219140500,0.0,0.0,0.0,0.0,0.0,0.0,0.0,100.0
20131219140600,0.0,0.0,0.0,0.0,0.0,0.0,0.0,100.0
20131219140700,0.0,0.0,0.0,0.0,0.0,0.0,0.0,100.0
20131219140800,0.0,0.0,0.0,0.0,0.0,0.0,0.0,100.0
20131219140900,0.0,0.0,0.0,0.0,0.0,0.0,0.0,100.0
20131219141000,0.0,0.0,0.0,0.0,0.0,0.0,0.0,100.0
20131219141100,0.0,0.0,0.0,0.0,0.0,0.0,0.0,100.0
20131219141200,0.0,0.0,0.0,0.0,0.0,0.0,0.0,100.0
20131219141300,0.0,0.0,0.0,0.0,0.0,0.0,0.0,100.0
20131219141400,0.0,0.0,0.0,0.0,0.0,0.0,0.0,100.0
20131219141500,0.0,0.0,0.0,0.0,0.0,0.0,0.0,100.0
20131219141600,0.0,0.0,0.0,0.0,0.0,0.0,0.0,100.0
20131219141700,0.0,0.0,0.0,0.0,0.0,0.0,0.0,100.0
20131219141800,0.0,0.0,0.0,0.0,0.0,0.0,0.0,100.0
20131219141900,0.0,0.0,0.0,0.0,0.0,0.0,0.0,100.0
20131219142000,0.0,0.0,0.0,0.0,0.0,0.0,0.0,100.0
20131219142100,0.0,0.0,0.0,0.0,0.0,0.0,0.0,100.0
20131219142200,0.0,0.0,0.0,0.0,0.0,0.0,0.0,100.0
20131219142300,0.0,0.0,0.0,0.0,0.0,0.0,0.0,100.0
20131219142400,0.0,0.0,0.0,0.0,0.0,0.0,0.0,100.0
20131219142500,0.0,0.0,0.0,0.0,0.0,0.0,0.0,100.0
20131219142600,0.0,0.0,0.0,0.0,0.0,0.0,0.0,100.0
20131219142700,0.0,0.0,0.0,0.0,0.0,0.0,0.0,100.0
20131219142800,0.0,0.0,0.0,0.0,0.0,0.0,0.0,100.0
20131219142900,0.0,0.0,0.0,0.0,0.0,0.0,0.0,100.0
20131219143000,0.0,0.0,0.0,0.0,0.0,0.0,0.0,100.0
20131219143100,0.0,0.0,0.0,0.0,0.0,0.0,0.0,100.0
20131219143200,0.0,0.0,0.0,0.0,0.0,0.0,0.0,100.0
20131219143300,0.0,0.0,0.0,0.0,0.0,0.0,0.0,100.0
20131219143400,0.0,0.0,0.0,0.0,0.0,0.0,0.0,100.0
20131219143500,0.0,0.0,0.0,0.0,0.0,0.0,0.0,100.0
20131219143600,0.0,0.0,0.0,0.0,0.0,0.0,0.0,100.0
20131219143700,0.0,0.0,0.0,0.0,0.0,0.0,0.0,100.0
20131219143800,0.0,0.0,0.0,0.0,0.0,0.0,0.0,100.0
20131219143900,0.0,0.0,0.0,0.0,0.0,0.0,0.0,100.0
20131219144000,0.0,0.0,0.0,0.0,0.0,0.0,0.0,100.0
20131219144100,0.0,0.0,0.0,0.0,0.0,0.0,0.0,100.0
20131219144200,0.0,0.0,0.0,0.0,0.0,0.0,0.0,100.0
20131219144300,0.0,0.0,0.0,0.0,0.0,0.0,0.0,100.0
20131219144400,0.0,0.0,0.0,0.0,0.0,0.0,0.0,100.0
20131219144500,0.0,0.0,0.0,0.0,0.0,0.0,0.0,100.0
20131219144600,0.0,0.0,0.0,0.0,0.0,0.0,0.0,100.0
20131219144700,0.0,0.0,0.0,0.0,0.0,0.0,0.0,100.0
20131219144800,0.0,0.0,0.0,0.0,0.0,0.0,0.0,100.0
20131219144900,0.0,0.0,0.0,0.0,0.0,0.0,0.0,100.0
20131219145000,0.0,0.0,0.0,0.0,0.0,0.0,0.0,100.0
20131219145100,0.0,0.0,0.0,0.0,0.0,0.0,0.0,100.0
20131219145200,0.0,0.0,0.0,0.0,0.0,0.6,0.0,99.4
20131219145300,0.0,0.0,0.0,0.0,0.0,0.0,0.0,100.0
20131219145400,0.0,0.0,0.0,0.0,0.0,0.6,0.0,99.4
20131219145500,0.0,0.0,0.0,0.0,0.0,1.1,0.0,98.9
20131219145600,0.0,0.0,0.0,0.0,0.0,3.2,0.0,96.8
20131219145700,0.0,0.0,0.0,0.0,0.0,6.9,0.0,93.1
20131219145800,0.0,0.0,0.0,0.0,0.0,8.1,0.0,91.9
20131219145900,0.0,0.0,0.0,0.0,0.0,43.4,0.1,56.5
20131219150000,0.0,0.0,0.0,0.0,0.0,71.0,0.1,28.9
20131219150100,0.0,0.0,0.0,0.0,0.0,22.3,1.4,76.3
20131219150200,0.1,0.0,0.0,0.0,0.0,78.5,0.5,21.0
20131219150300,0.0,0.0,0.0,0.0,0.0,73.9,0.1,26.0
20131219150400,0.0,0.0,0.0,0.0,0.0,83.2,0.1,16.7
20131219150500,0.0,0.0,0.0,0.0,0.0,98.1,0.0,1.8
20131219150600,0.0,0.0,0.0,0.0,0.0,97.6,0.3,2.1
20131219150700,0.0,0.0,0.0,0.0,0.0,95.9,0.2,3.8
20131219150800,0.0,0.0,0.0,0.0,0.0,99.8,0.1,0.1
20131219150900,0.0,0.0,0.1,0.0,0.0,99.5,0.4,0.1
20131219151000,0.0,0.0,0.0,0.0,0.0,99.6,0.1,0.3
20131219151100,0.0,0.0,0.1,0.0,0.0,99.1,0.6,0.2
20131219151200,0.1,0.0,0.0,0.0,0.0,98.4,1.0,0.5
20131219151300,0.1,0.0,0.1,0.0,0.0,98.4,0.2,1.1
20131219151400,0.2,0.0,0.0,0.0,0.1,98.9,0.4,0.4
20131219151500,0.0,0.0,0.0,0.0,0.0,99.8,0.1,0.1
20131219151600,0.0,0.0,0.0,0.0,0.0,99.9,0.0,0.0
20131219151700,0.1,0.0,0.0,0.0,0.0,99.8,0.0,0.1
20131219151800,0.0,0.0,0.0,0.0,0.0,99.9,0.0,0.0
20131219151900,0.1,0.0,0.0,0.0,0.0,99.6,0.2,0.1
20131219152000,0.2,0.0,0.0,0.0,0.0,99.6,0.0,0.2
20131219152100,0.2,0.0,0.1,0.0,0.0,99.5,0.1,0.1
20131219152200,0.5,0.0,0.0,0.0,0.0,99.1,0.2,0.1
20131219152300,0.3,0.0,0.1,0.0,0.0,99.0,0.4,0.2
20131219152400,0.4,0.0,0.5,0.0,0.1,97.7,0.7,0.7
20131219152500,2.8,0.0,0.1,0.0,0.1,96.3,0.3,0.3
20131219152600,0.1,0.0,0.0,0.0,0.0,99.7,0.1,0.1
20131219152700,1.7,0.0,0.1,0.0,0.0,97.7,0.2,0.3
20131219152800,2.6,0.1,0.2,0.0,0.1,96.8,0.1,0.2
20131219152900,0.3,0.0,0.0,0.0,0.1,98.2,0.5,0.8
20131219153000,11.0,0.0,0.1,0.0,0.5,86.9,0.5,0.9
20131219153100,21.8,0.1,0.2,0.0,0.1,77.4,0.1,0.3
20131219153200,3.0,0.1,0.2,0.0,0.1,96.2,0.0,0.3
20131219153300,29.4,0.1,0.2,0.0,0.5,69.2,0.3,0.3
20131219153400,14.7,0.0,0.4,0.1,0.6,78.0,0.8,5.3
20131219153500,15.8,0.1,0.3,0.0,2.3,81.1,0.1,0.3
20131219153600,75.9,0.1,0.0,0.0,2.0,22.0,0.0,0.0
20131219153700,91.8,0.0,0.0,0.0,0.8,7.3,0.0,0.0
20131219153800,92.6,0.1,0.2,0.0,1.6,5.4,0.0,0.1
20131219153900,87.8,0.1,0.1,0.0,0.9,10.9,0.0,0.2
20131219154000,62.7,0.4,0.3,0.0,13.4,22.1,0.1,0.9
20131219154100,56.2,0.3,0.1,0.1,5.9,36.7,0.0,0.8
20131219154200,63.3,0.4,0.3,0.0,20.7,14.3,0.0,1.0
20131219154300,76.7,0.2,0.3,0.0,14.5,7.6,0.0,0.6
20131219154400,64.1,0.4,0.9,0.0,7.1,26.3,0.1,1.3
20131219154500,75.7,0.6,4.2,0.1,2.3,16.1,0.0,1.0
20131219154600,48.8,5.2,23.7,0.3,17.2,3.8,0.1,1.0
20131219154700,66.6,0.1,0.3,0.0,13.6,8.0,0.1,11.3
20131219154800,60.5,0.8,0.2,0.0,15.6,18.4,0.0,4.4
20131219154900,82.3,0.1,0.1,0.0,1.1,14.7,0.0,1.7
20131219155000,84.8,0.9,0.0,0.1,2.7,10.2,0.0,1.3
20131219155100,50.7,1.3,0.3,0.2,30.6,9.4,0.0,7.5
20131219155200,75.5,0.5,0.5,0.2,5.3,8.0,0.0,10.0
20131219155300,40.1,0.7,2.2,0.1,13.1,35.7,0.2,8.0
20131219155400,20.4,0.4,2.4,0.0,8.1,32.9,0.0,35.7
20131219155500,17.4,0.5,2.1,0.0,7.8,40.8,0.0,31.3
20131219155600,1.9,0.1,0.6,0.0,19.5,34.6,0.4,43.0
20131219155700,10.2,0.1,0.2,0.0,5.8,63.0,0.1,20.6
20131219155800,3.4,0.2,0.8,0.0,4.5,17.7,0.1,73.3
20131219155900,27.6,0.5,0.5,0.0,3.8,50.4,0.4,16.8
20131219160000,43.1,0.6,0.7,0.1,18.8,26.1,0.1,10.7
20131219160100,13.6,0.9,0.2,0.0,31.4,8.0,0.0,46.0
20131219160200,3.1,0.3,0.2,0.0,13.9,31.6,0.0,50.8
20131219160300,2.5,0.2,0.2,0.0,2.7,33.3,0.1,61.0
20131219160400,0.7,0.0,0.0,0.0,11.6,1.1,0.0,86.5
20131219160500,0.7,0.2,0.0,0.0,21.5,2.8,0.0,74.8
20131219160600,6.1,1.2,0.1,0.0,17.6,4.7,0.0,70.2
20131219160700,5.3,0.5,0.6,0.0,32.0,10.7,0.0,50.9
20131219160800,1.4,0.2,0.0,0.0,32.6,1.1,0.0,64.7
20131219160900,2.3,0.1,0.0,0.0,10.7,3.4,0.0,83.4
20131219161000,0.3,0.0,0.0,0.0,89.1,0.1,0.0,10.4
20131219161100,0.2,0.0,0.0,0.0,16.9,0.4,0.0,82.5
20131219161200,8.9,0.3,0.0,0.1,24.3,6.2,0.0,60.2
20131219161300,3.3,0.1,0.1,0.1,24.3,1.5,0.0,70.7
20131219161400,1.4,0.0,0.0,0.0,11.5,0.9,0.0,86.2
20131219161500,1.8,0.0,0.0,0.0,37.0,1.3,0.0,59.8
20131219161600,0.1,0.0,0.0,0.0,7.1,0.2,0.0,92.6
20131219161700,0.1,0.0,0.0,0.0,54.8,0.7,0.0,44.4
20131219161800,0.1,0.0,0.0,0.0,57.7,0.0,0.0,42.1
20131219161900,0.0,0.0,0.0,0.0,6.1,0.0,0.0,93.8
20131219162000,0.0,0.0,0.0,0.0,10.0,0.1,0.0,89.9
20131219162100,0.0,0.0,0.0,0.0,19.8,0.2,0.0,80.0
20131219162200,0.0,0.0,0.0,0.0,2.1,0.0,0.0,97.9
20131219162300,0.0,0.0,0.0,0.0,0.4,0.0,0.0,99.6
20131219162400,0.0,0.0,0.0,0.0,41.3,0.0,0.0,58.6
20131219162500,0.2,0.1,0.0,0.0,45.6,1.5,0.0,52.6
20131219162600,0.2,0.0,0.0,0.0,47.3,0.1,0.0,52.3
20131219162700,0.1,0.0,0.0,0.0,1.2,0.8,0.0,98.0
20131219162800,0.9,0.0,0.0,0.0,28.5,0.1,0.0,70.5
20131219162900,1.8,0.0,0.0,0.0,37.1,0.0,0.0,61.0
20131219163000,7.4,0.1,0.0,0.0,49.5,0.1,0.0,42.9
20131219163100,0.8,0.0,0.0,0.0,87.6,0.0,0.0,11.6
20131219163200,0.0,0.0,0.0,0.0,99.5,0.0,0.0,0.4
20131219163300,0.0,0.0,0.0,0.0,97.6,0.0,0.0,2.4
20131219163400,0.0,0.0,0.0,0.0,39.6,0.0,0.0,60.3
20131219163500,0.0,0.0,0.0,0.0,15.6,0.0,0.0,84.3
20131219163600,0.1,0.0,0.0,0.0,13.5,0.0,0.0,86.4
20131219163700,0.0,0.0,0.0,0.0,21.9,0.0,0.0,78.1
20131219163800,0.0,0.0,0.0,0.0,52.5,0.0,0.0,47.5
20131219163900,0.6,0.2,0.0,0.0,37.9,0.0,0.0,61.3
20131219164000,9.0,0.4,0.0,0.0,90.2,0.0,0.0,0.5
20131219164100,3.8,0.5,0.0,0.0,90.1,0.0,0.0,5.6
20131219164200,0.1,0.0,0.0,0.0,83.1,0.0,0.0,16.8
20131219164300,0.0,0.1,0.0,0.0,98.5,0.0,0.0,1.4
20131219164400,0.0,0.0,0.0,0.0,96.6,0.0,0.0,3.3
20131219164500,0.3,0.0,0.0,0.0,92.6,0.0,0.0,7.2
20131219164600,1.2,0.0,0.0,0.0,93.1,0.0,0.0,5.7
20131219164700,0.0,0.0,0.0,0.0,99.5,0.0,0.0,0.4
20131219164800,0.2,0.0,0.0,0.0,87.4,0.0,0.0,12.4
20131219164900,7.7,0.4,0.0,0.0,75.3,0.0,0.0,16.6
20131219165000,1.5,0.0,0.0,0.0,82.7,0.0,0.0,15.7
20131219165100,0.0,0.0,0.0,0.0,99.5,0.0,0.0,0.5
20131219165200,0.8,0.0,0.0,0.0,89.9,0.0,0.0,9.3
20131219165300,65.4,0.2,0.0,0.0,26.1,0.0,0.0,8.3
20131219165400,3.8,0.0,0.0,0.0,82.0,0.0,0.0,14.2
20131219165500,1.0,0.0,0.0,0.0,95.9,0.0,0.0,3.1
20131219165600,0.4,0.0,0.0,0.0,84.2,0.0,0.0,15.5
20131219165700,0.7,0.0,0.0,0.0,11.3,0.0,0.0,88.0
20131219165800,1.7,0.0,0.0,0.3,96.7,0.0,0.0,1.2
20131219165900,0.3,0.0,0.0,0.0,17.6,0.0,0.0,82.1
20131219170000,0.9,0.1,0.0,0.0,77.8,0.0,0.0,21.1
20131219170100,0.0,0.0,0.0,0.0,99.9,0.0,0.0,0.0
20131219170200,0.0,0.0,0.0,0.0,99.9,0.0,0.0,0.1
20131219170300,0.0,0.0,0.0,0.0,99.9,0.0,0.0,0.0
20131219170400,0.0,0.0,0.0,0.0,99.1,0.0,0.0,0.9
20131219170500,5.4,0.0,0.0,0.0,91.4,0.0,0.0,3.2
20131219170600,3.7,0.0,0.0,0.0,95.5,0.0,0.0,0.8
20131219170700,0.5,0.1,0.0,0.0,87.4,0.0,0.0,12.0
20131219170800,0.0,0.0,0.0,0.0,88.1,0.0,0.0,11.9
20131219170900,0.1,0.0,0.0,0.0,77.2,0.0,0.0,22.7
20131219171000,0.9,0.0,0.0,0.0,77.0,0.0,0.0,22.1
20131219171100,1.9,0.0,0.0,0.0,84.0,0.0,0.0,14.1
20131219171200,2.2,0.0,0.0,0.0,92.1,0.0,0.0,5.6
20131219171300,0.0,0.0,0.0,0.0,24.3,0.0,0.0,75.7
20131219171400,0.2,0.0,0.0,0.0,98.9,0.0,0.0,0.8
20131219171500,0.9,0.8,0.0,0.1,96.6,0.0,0.0,1.5
20131219171600,0.3,0.0,0.0,0.0,97.9,0.0,0.0,1.8
20131219171700,0.0,0.0,0.0,0.0,99.8,0.0,0.0,0.2
20131219171800,0.1,0.0,0.0,0.0,99.9,0.0,0.0,0.0
20131219171900,0.0,0.0,0.0,0.0,99.8,0.0,0.0,0.2
20131219172000,0.0,0.0,0.0,0.0,99.9,0.0,0.0,0.1
20131219172100,0.1,0.0,0.0,0.0,97.4,0.0,0.0,2.5
20131219172200,0.0,0.0,0.0,0.0,99.8,0.0,0.0,0.2
20131219172300,0.0,0.1,0.0,0.0,99.8,0.0,0.0,0.1
20131219172400,0.0,0.0,0.0,0.0,100.0,0.0,0.0,0.0
20131219172500,0.0,0.0,0.0,0.0,100.0,0.0,0.0,0.0
20131219172600,0.0,0.0,0.0,0.0,100.0,0.0,0.0,0.0
20131219172700,0.0,0.0,0.0,0.0,100.0,0.0,0.0,0.0
20131219172800,0.0,0.0,0.0,0.0,100.0,0.0,0.0,0.0
20131219172900,0.0,0.0,0.0,0.0,100.0,0.0,0.0,0.0
20131219173000,0.0,0.0,0.0,0.0,100.0,0.0,0.0,0.0
20131219173100,0.0,0.0,0.0,0.0,99.4,0.0,0.0,0.6
20131219173200,0.0,0.0,0.0,0.0,99.9,0.0,0.0,0.1
20131219173300,0.0,0.0,0.0,0.0,100.0,0.0,0.0,0.0
20131219173400,0.0,0.0,0.0,0.0,100.0,0.0,0.0,0.0
20131219173500,0.0,0.0,0.0,0.0,100.0,0.0,0.0,0.0
20131219173600,0.0,0.0,0.0,0.0,100.0,0.0,0.0,0.0
20131219173700,0.0,0.0,0.0,0.0,100.0,0.0,0.0,0.0
20131219173800,0.0,0.0,0.0,0.0,99.9,0.0,0.0,0.1
20131219173900,0.0,0.0,0.0,0.0,99.2,0.0,0.0,0.8
20131219174000,0.0,0.0,0.0,0.1,66.9,0.0,0.0,33.0
20131219174100,0.0,0.0,0.0,0.2,97.4,0.0,0.0,2.4
20131219174200,0.0,0.0,0.0,0.0,98.9,0.0,0.0,1.0
20131219174300,0.0,0.0,0.0,0.0,100.0,0.0,0.0,0.0
20131219174400,0.0,0.0,0.0,0.0,97.1,0.0,0.0,2.8
20131219174500,0.0,0.0,0.0,0.2,97.7,0.0,0.0,2.1
20131219174600,0.0,0.0,0.0,0.0,100.0,0.0,0.0,0.0
20131219174700,0.0,0.0,0.0,0.0,100.0,0.0,0.0,0.0
20131219174800,0.0,0.0,0.0,0.0,100.0,0.0,0.0,0.0
20131219174900,0.0,0.0,0.0,0.0,99.7,0.0,0.0,0.3
20131219175000,0.0,0.0,0.0,0.1,98.8,0.0,0.0,1.2
20131219175100,0.0,0.0,0.0,0.4,73.7,0.0,0.0,25.8
20131219175200,0.0,0.0,0.0,0.2,5.4,0.0,0.0,94.4
20131219175300,0.0,0.0,0.0,0.0,2.3,0.0,0.0,97.7
20131219175400,0.0,0.0,0.0,0.0,16.7,0.0,0.0,83.3
20131219175500,0.0,0.0,0.0,0.1,48.4,0.0,0.0,51.5
20131219175600,0.0,0.0,0.0,0.1,81.0,0.0,0.0,18.9
20131219175700,0.0,0.0,0.0,0.0,2.1,0.0,0.0,97.8
20131219175800,0.0,0.0,0.0,0.1,8.4,0.0,0.0,91.4
20131219175900,0.0,0.0,0.0,0.0,2.9,0.0,0.0,97.1
20131219180000,0.0,0.0,0.0,0.0,0.3,0.0,0.0,99.7
20131219180100,0.0,0.0,0.0,0.0,5.3,0.0,0.0,94.7
20131219180200,0.0,0.0,0.0,0.0,5.6,0.0,0.0,94.4
20131219180300,0.0,0.0,0.0,0.0,0.8,0.0,0.0,99.2
20131219180400,0.0,0.0,0.0,0.0,0.2,0.0,0.0,99.8
20131219180500,0.0,0.0,0.0,0.0,0.2,0.0,0.0,99.8
20131219180600,0.0,0.0,0.0,0.0,0.3,0.0,0.0,99.7
20131219180700,0.0,0.0,0.0,0.0,3.5,0.0,0.0,96.5
20131219180800,0.0,0.0,0.0,0.0,0.6,0.0,0.0,99.4
20131219180900,0.0,0.0,0.0,0.0,4.6,0.0,0.0,95.4
20131219181000,0.0,0.0,0.0,0.0,2.6,0.0,0.0,97.4
20131219181100,0.0,0.0,0.0,0.0,0.0,0.0,0.0,100.0
20131219181200,0.0,0.0,0.0,0.0,0.0,0.0,0.0,100.0
20131219181300,0.0,0.0,0.0,0.0,0.2,0.0,0.0,99.8
20131219181400,0.0,0.0,0.0,0.0,5.8,0.0,0.0,94.2
20131219181500,0.0,0.0,0.0,0.0,0.2,0.0,0.0,99.8
20131219181600,0.0,0.0,0.0,0.0,0.3,0.0,0.0,99.7
20131219181700,0.0,0.0,0.0,0.0,0.3,0.0,0.0,99.7
20131219181800,0.0,0.0,0.0,0.0,0.3,0.0,0.0,99.7
20131219181900,0.0,0.0,0.0,0.0,0.6,0.0,0.0,99.4
20131219182000,0.0,0.0,0.0,0.0,32.9,0.0,0.0,67.1
20131219182100,0.0,0.0,0.0,0.0,14.6,0.0,0.0,85.4
20131219182200,0.0,0.0,0.0,0.0,8.5,0.0,0.0,91.5
20131219182300,0.0,0.0,0.0,0.0,8.2,0.0,0.0,91.8
20131219182400,0.0,0.0,0.0,0.0,66.8,0.0,0.0,33.2
20131219182500,0.0,0.0,0.0,0.0,7.0,0.0,0.0,93.0
20131219182600,0.0,0.0,0.0,0.0,6.1,0.0,0.0,93.9
20131219182700,0.0,0.0,0.0,0.0,3.2,0.0,0.0,96.8
20131219182800,0.0,0.0,0.0,0.0,7.0,0.0,0.0,93.0
20131219182900,0.0,0.0,0.0,0.0,3.0,0.0,0.0,97.0
20131219183000,0.0,0.0,0.0,0.0,4.6,0.0,0.0,95.4
20131219183100,0.0,0.0,0.0,0.0,0.4,0.0,0.0,99.6
20131219183200,0.0,0.0,0.0,0.0,0.0,0.0,0.0,100.0
20131219183300,0.0,0.0,0.0,0.0,0.1,0.0,0.0,99.9
20131219183400,0.0,0.0,0.0,0.0,0.0,0.0,0.0,100.0
20131219183500,0.0,0.0,0.0,0.0,0.1,0.0,0.0,99.9
20131219183600,0.0,0.0,0.0,0.0,4.9,0.0,0.0,95.1
20131219183700,0.0,0.0,0.0,0.0,1.6,0.0,0.0,98.4
20131219183800,0.0,0.0,0.0,0.0,0.2,0.0,0.0,99.8
20131219183900,0.0,0.0,0.0,0.0,0.2,0.0,0.0,99.8
20131219184000,0.0,0.0,0.0,0.0,0.1,0.0,0.0,99.9
20131219184100,0.0,0.0,0.0,0.0,11.7,0.0,0.0,88.3
20131219184200,0.0,0.0,0.0,0.0,54.8,0.0,0.0,45.2
20131219184300,0.0,0.0,0.0,0.0,46.6,0.0,0.0,53.4
20131219184400,0.0,0.0,0.0,0.0,81.8,0.0,0.0,18.2
20131219184500,0.0,0.0,0.0,0.0,15.2,0.0,0.0,84.8
20131219184600,0.0,0.0,0.0,0.0,6.6,0.0,0.0,93.4
20131219184700,0.0,0.0,0.0,0.0,41.9,0.0,0.0,58.1
20131219184800,0.0,0.0,0.0,0.0,13.5,0.0,0.0,86.5
20131219184900,0.0,0.0,0.0,0.0,22.8,0.0,0.0,77.2
20131219185000,0.0,0.0,0.0,0.0,3.3,0.0,0.0,96.7
20131219185100,0.0,0.0,0.0,0.0,2.5,0.0,0.0,97.5
20131219185200,0.0,0.0,0.0,0.0,2.6,0.0,0.0,97.4
20131219185300,0.0,0.0,0.0,0.0,6.3,0.0,0.0,93.7
20131219185400,0.0,0.0,0.0,0.0,32.6,0.0,0.0,67.4
20131219185500,0.0,0.0,0.0,0.0,5.3,0.0,0.0,94.7
20131219185600,0.0,0.0,0.0,0.0,75.4,0.0,0.0,24.6
20131219185700,0.0,0.0,0.0,0.0,20.5,0.0,0.0,79.5
20131219185800,0.0,0.0,0.0,0.0,77.2,0.0,0.0,22.8
20131219185900,0.0,0.0,0.0,0.0,99.1,0.0,0.0,0.9
20131219190000,0.0,0.0,0.0,0.0,98.8,0.0,0.0,1.2
20131219190100,0.0,0.0,0.0,0.0,96.4,0.0,0.0,3.6
20131219190200,0.0,0.0,0.0,0.0,100.0,0.0,0.0,0.0
20131219190300,0.0,0.0,0.0,0.0,99.6,0.0,0.0,0.4
20131219190400,0.0,0.0,0.0,0.0,99.8,0.0,0.0,0.2
20131219190500,0.0,0.0,0.0,0.0,95.1,0.0,0.0,4.9
20131219190600,0.0,0.0,0.0,0.0,100.0,0.0,0.0,0.0
20131219190700,0.0,0.0,0.0,0.0,100.0,0.0,0.0,0.0
20131219190800,0.0,0.0,0.0,0.0,100.0,0.0,0.0,0.0
20131219190900,0.0,0.0,0.0,0.0,100.0,0.0,0.0,0.0
20131219191000,0.0,0.0,0.0,0.0,100.0,0.0,0.0,0.0
20131219191100,0.0,0.0,0.0,0.0,100.0,0.0,0.0,0.0
20131219191200,0.0,0.0,0.0,0.0,100.0,0.0,0.0,0.0
20131219191300,0.0,0.0,0.0,0.0,100.0,0.0,0.0,0.0
20131219191400,0.0,0.0,0.0,0.0,100.0,0.0,0.0,0.0
20131219191500,0.0,0.0,0.0,0.0,100.0,0.0,0.0,0.0
20131219191600,0.0,0.0,0.0,0.0,100.0,0.0,0.0,0.0
20131219191700,0.0,0.0,0.0,0.0,100.0,0.0,0.0,0.0
20131219191800,0.0,0.0,0.0,0.0,100.0,0.0,0.0,0.0
20131219191900,0.0,0.0,0.0,0.0,100.0,0.0,0.0,0.0
20131219192000,0.0,0.0,0.0,0.0,100.0,0.0,0.0,0.0
20131219192100,0.0,0.0,0.0,0.0,100.0,0.0,0.0,0.0
20131219192200,0.0,0.0,0.0,0.0,100.0,0.0,0.0,0.0
20131219192300,0.0,0.0,0.0,0.0,100.0,0.0,0.0,0.0
20131219192400,0.0,0.0,0.0,0.0,100.0,0.0,0.0,0.0
20131219192500,0.0,0.0,0.0,0.0,100.0,0.0,0.0,0.0
20131219192600,0.0,0.0,0.0,0.0,100.0,0.0,0.0,0.0
20131219192700,0.0,0.0,0.0,0.0,100.0,0.0,0.0,0.0
20131219192800,0.0,0.0,0.0,0.0,100.0,0.0,0.0,0.0
20131219192900,0.0,0.0,0.0,0.0,100.0,0.0,0.0,0.0
20131219193000,0.0,0.0,0.0,0.0,100.0,0.0,0.0,0.0
20131219193100,0.0,0.0,0.0,0.0,100.0,0.0,0.0,0.0
20131219193200,0.0,0.0,0.0,0.0,100.0,0.0,0.0,0.0
20131219193300,0.0,0.0,0.0,0.0,100.0,0.0,0.0,0.0
20131219193400,0.0,0.0,0.0,0.0,100.0,0.0,0.0,0.0
20131219193500,0.0,0.0,0.0,0.0,100.0,0.0,0.0,0.0
20131219193600,0.0,0.0,0.0,0.0,100.0,0.0,0.0,0.0
20131219193700,0.0,0.0,0.0,0.0,100.0,0.0,0.0,0.0
20131219193800,0.0,0.0,0.0,0.0,100.0,0.0,0.0,0.0
20131219193900,0.0,0.0,0.0,0.0,100.0,0.0,0.0,0.0
20131219194000,0.0,0.0,0.0,0.0,100.0,0.0,0.0,0.0
20131219194100,0.0,0.0,0.0,0.0,100.0,0.0,0.0,0.0
20131219194200,0.0,0.0,0.0,0.0,100.0,0.0,0.0,0.0
20131219194300,0.0,0.0,0.0,0.0,100.0,0.0,0.0,0.0
20131219194400,0.0,0.0,0.0,0.0,100.0,0.0,0.0,0.0
20131219194500,0.0,0.0,0.0,0.0,100.0,0.0,0.0,0.0
20131219194600,0.0,0.0,0.0,0.0,100.0,0.0,0.0,0.0
20131219194700,0.0,0.0,0.0,0.0,100.0,0.0,0.0,0.0
20131219194800,0.0,0.0,0.0,0.0,100.0,0.0,0.0,0.0
20131219194900,0.0,0.0,0.0,0.0,100.0,0.0,0.0,0.0
20131219195000,0.0,0.0,0.0,0.0,100.0,0.0,0.0,0.0
20131219195100,0.0,0.0,0.0,0.0,100.0,0.0,0.0,0.0
20131219195200,0.0,0.0,0.0,0.0,100.0,0.0,0.0,0.0
20131219195300,0.0,0.0,0.0,0.0,100.0,0.0,0.0,0.0
20131219195400,0.0,0.0,0.0,0.0,100.0,0.0,0.0,0.0
20131219195500,0.0,0.0,0.0,0.0,100.0,0.0,0.0,0.0
20131219195600,0.0,0.0,0.0,0.0,100.0,0.0,0.0,0.0
20131219195700,0.0,0.0,0.0,0.0,100.0,0.0,0.0,0.0
20131219195800,0.0,0.0,0.0,0.0,100.0,0.0,0.0,0.0
20131219195900,0.0,0.0,0.0,0.0,100.0,0.0,0.0,0.0
20131219200000,0.0,0.0,0.0,0.0,100.0,0.0,0.0,0.0
20131219200100,0.0,0.0,0.0,0.0,100.0,0.0,0.0,0.0
20131219200200,0.0,0.0,0.0,0.0,100.0,0.0,0.0,0.0
20131219200300,0.0,0.0,0.0,0.0,100.0,0.0,0.0,0.0
20131219200400,0.0,0.0,0.0,0.0,100.0,0.0,0.0,0.0
20131219200500,0.0,0.0,0.0,0.0,100.0,0.0,0.0,0.0
20131219200600,0.0,0.0,0.0,0.0,100.0,0.0,0.0,0.0
20131219200700,0.0,0.0,0.0,0.0,100.0,0.0,0.0,0.0
20131219200800,0.0,0.0,0.0,0.0,100.0,0.0,0.0,0.0
20131219200900,0.0,0.0,0.0,0.0,100.0,0.0,0.0,0.0
20131219201000,0.0,0.0,0.0,0.0,100.0,0.0,0.0,0.0
20131219201100,0.0,0.0,0.0,0.0,100.0,0.0,0.0,0.0
20131219201200,0.0,0.0,0.0,0.0,100.0,0.0,0.0,0.0
20131219201300,0.0,0.0,0.0,0.0,100.0,0.0,0.0,0.0
20131219201400,0.0,0.0,0.0,0.0,100.0,0.0,0.0,0.0
20131219201500,0.0,0.0,0.0,0.0,100.0,0.0,0.0,0.0
20131219201600,0.0,0.0,0.0,0.0,100.0,0.0,0.0,0.0
20131219201700,0.0,0.0,0.0,0.0,100.0,0.0,0.0,0.0
20131219201800,0.0,0.0,0.0,0.0,100.0,0.0,0.0,0.0
20131219201900,0.0,0.0,0.0,0.0,100.0,0.0,0.0,0.0
20131219202000,0.0,0.0,0.0,0.0,100.0,0.0,0.0,0.0
20131219202100,0.0,0.0,0.0,0.0,100.0,0.0,0.0,0.0
20131219202200,0.0,0.0,0.0,0.0,100.0,0.0,0.0,0.0
20131219202300,0.0,0.0,0.0,0.0,100.0,0.0,0.0,0.0
20131219202400,0.0,0.0,0.0,0.0,100.0,0.0,0.0,0.0
20131219202500,0.0,0.0,0.0,0.0,100.0,0.0,0.0,0.0
20131219202600,0.0,0.0,0.0,0.0,100.0,0.0,0.0,0.0
20131219202700,0.0,0.0,0.0,0.0,100.0,0.0,0.0,0.0
20131219202800,0.0,0.0,0.0,0.0,100.0,0.0,0.0,0.0
20131219202900,0.0,0.0,0.0,0.0,100.0,0.0,0.0,0.0
20131219203000,0.0,0.0,0.0,0.0,100.0,0.0,0.0,0.0
20131219203100,0.0,0.0,0.0,0.0,100.0,0.0,0.0,0.0
20131219203200,0.0,0.0,0.0,0.0,100.0,0.0,0.0,0.0
20131219203300,0.0,0.0,0.0,0.0,100.0,0.0,0.0,0.0
20131219203400,0.0,0.0,0.0,0.0,100.0,0.0,0.0,0.0
20131219203500,0.0,0.0,0.0,0.0,100.0,0.0,0.0,0.0
20131219203600,0.0,0.0,0.0,0.0,100.0,0.0,0.0,0.0
20131219203700,0.0,0.0,0.0,0.0,100.0,0.0,0.0,0.0
20131219203800,0.0,0.0,0.0,0.0,100.0,0.0,0.0,0.0
20131219203900,0.0,0.0,0.0,0.0,100.0,0.0,0.0,0.0
20131219204000,0.0,0.0,0.0,0.0,100.0,0.0,0.0,0.0
20131219204100,0.0,0.0,0.0,0.0,100.0,0.0,0.0,0.0
20131219204200,0.0,0.0,0.0,0.0,100.0,0.0,0.0,0.0
20131219204300,0.0,0.0,0.0,0.0,100.0,0.0,0.0,0.0
20131219204400,0.0,0.0,0.0,0.0,100.0,0.0,0.0,0.0
20131219204500,0.0,0.0,0.0,0.0,100.0,0.0,0.0,0.0
20131219204600,0.0,0.0,0.0,0.0,100.0,0.0,0.0,0.0
20131219204700,0.0,0.0,0.0,0.0,100.0,0.0,0.0,0.0
20131219204800,0.0,0.0,0.0,0.0,100.0,0.0,0.0,0.0
20131219204900,0.0,0.0,0.0,0.0,100.0,0.0,0.0,0.0
20131219205000,0.0,0.0,0.0,0.0,100.0,0.0,0.0,0.0
20131219205100,0.0,0.0,0.0,0.0,100.0,0.0,0.0,0.0
20131219205200,0.0,0.0,0.0,0.0,100.0,0.0,0.0,0.0
20131219205300,0.0,0.0,0.0,0.0,100.0,0.0,0.0,0.0
20131219205400,0.0,0.0,0.0,0.0,100.0,0.0,0.0,0.0
20131219205500,0.0,0.0,0.0,0.0,100.0,0.0,0.0,0.0
20131219205600,0.0,0.0,0.0,0.0,100.0,0.0,0.0,0.0
20131219205700,0.0,0.0,0.0,0.0,100.0,0.0,0.0,0.0
20131219205800,0.0,0.0,0.0,0.0,100.0,0.0,0.0,0.0
20131219205900,0.0,0.0,0.0,0.0,100.0,0.0,0.0,0.0
20131219210000,0.0,0.0,0.0,0.0,100.0,0.0,0.0,0.0
20131219210100,0.0,0.0,0.0,0.0,100.0,0.0,0.0,0.0
20131219210200,0.0,0.0,0.0,0.0,100.0,0.0,0.0,0.0
20131219210300,0.0,0.0,0.0,0.0,100.0,0.0,0.0,0.0
20131219210400,0.0,0.0,0.0,0.0,100.0,0.0,0.0,0.0
20131219210500,0.0,0.0,0.0,0.0,100.0,0.0,0.0,0.0
20131219210600,0.0,0.0,0.0,0.0,100.0,0.0,0.0,0.0
20131219210700,0.0,0.0,0.0,0.0,100.0,0.0,0.0,0.0
20131219210800,0.0,0.0,0.0,0.0,100.0,0.0,0.0,0.0
20131219210900,0.0,0.0,0.0,0.0,100.0,0.0,0.0,0.0
20131219211000,0.0,0.0,0.0,0.0,100.0,0.0,0.0,0.0
20131219211100,0.0,0.0,0.0,0.0,100.0,0.0,0.0,0.0
20131219211200,0.0,0.0,0.0,0.0,82.2,0.0,0.0,17.8
20131219211300,0.0,0.0,0.0,0.0,96.5,0.0,0.0,3.5
20131219211400,0.0,0.0,0.0,0.0,97.9,0.0,0.0,2.1
20131219211500,0.0,0.0,0.0,0.0,74.3,0.0,0.0,25.7
20131219211600,0.0,0.0,0.0,0.0,95.9,0.0,0.0,4.1
20131219211700,0.0,0.0,0.0,0.0,100.0,0.0,0.0,0.0
20131219211800,0.0,0.0,0.0,0.0,100.0,0.0,0.0,0.0
20131219211900,0.0,0.0,0.0,0.0,100.0,0.0,0.0,0.0
20131219212000,0.0,0.0,0.0,0.0,100.0,0.0,0.0,0.0
20131219212100,0.0,0.0,0.0,0.0,99.8,0.0,0.0,0.2
20131219212200,0.0,0.0,0.0,0.0,47.7,0.0,0.0,52.3
20131219212300,0.0,0.0,0.0,0.0,52.4,0.0,0.0,47.6
20131219212400,0.0,0.0,0.0,0.0,60.4,0.0,0.0,39.6
20131219212500,0.0,0.0,0.0,0.0,16.3,0.0,0.0,83.7
20131219212600,0.0,0.0,0.0,0.0,7.4,0.0,0.0,92.6
20131219212700,0.0,0.0,0.0,0.0,1.0,0.0,0.0,99.0
20131219212800,0.0,0.0,0.0,0.0,0.3,0.0,0.0,99.7
20131219212900,0.0,0.0,0.0,0.0,1.6,0.0,0.0,98.4
20131219213000,0.0,0.0,0.0,0.0,6.6,0.0,0.0,93.4
20131219213100,0.0,0.0,0.0,0.0,18.5,0.0,0.0,81.5
20131219213200,0.0,0.0,0.0,0.0,2.7,0.0,0.0,97.3
20131219213300,0.0,0.0,0.0,0.0,1.1,0.0,0.0,98.9
20131219213400,0.0,0.0,0.0,0.0,0.3,0.0,0.0,99.7
20131219213500,0.0,0.0,0.0,0.0,1.1,0.0,0.0,98.9
20131219213600,0.0,0.0,0.0,0.0,0.1,0.0,0.0,99.9
20131219213700,0.0,0.0,0.0,0.0,0.6,0.0,0.0,99.4
20131219213800,0.0,0.0,0.0,0.0,2.6,0.0,0.0,97.4
20131219213900,0.0,0.0,0.0,0.0,0.0,0.0,0.0,100.0
20131219214000,0.0,0.0,0.0,0.0,0.1,0.0,0.0,99.9
20131219214100,0.0,0.0,0.0,0.0,0.1,0.0,0.0,99.9
20131219214200,0.0,0.0,0.0,0.0,0.5,0.0,0.0,99.5
20131219214300,0.0,0.0,0.0,0.0,7.0,0.0,0.0,93.0
20131219214400,0.0,0.0,0.0,0.0,9.1,0.0,0.0,90.9
20131219214500,0.0,0.0,0.0,0.0,3.6,0.0,0.0,96.4
20131219214600,0.0,0.0,0.0,0.0,4.7,0.0,0.0,95.3
20131219214700,0.0,0.0,0.0,0.0,2.6,0.0,0.0,97.4
20131219214800,0.0,0.0,0.0,0.0,1.8,0.0,0.0,98.2
20131219214900,0.0,0.0,0.0,0.0,15.1,0.0,0.0,84.9
20131219215000,0.0,0.0,0.0,0.0,32.5,0.0,0.0,67.5
20131219215100,0.0,0.0,0.0,0.0,12.5,0.0,0.0,87.5
20131219215200,0.0,0.0,0.0,0.0,8.8,0.0,0.0,91.2
20131219215300,0.0,0.0,0.0,0.0,4.8,0.0,0.0,95.2
20131219215400,0.0,0.0,0.0,0.0,21.3,0.0,0.0,78.7
20131219215500,0.0,0.0,0.0,0.0,50.2,0.0,0.0,49.8
20131219215600,0.0,0.0,0.0,0.0,42.0,0.0,0.0,58.0
20131219215700,0.0,0.0,0.0,0.0,49.4,0.0,0.0,50.6
20131219215800,0.0,0.0,0.0,0.0,6.7,0.0,0.0,93.2
20131219215900,0.0,0.0,0.0,0.0,64.6,0.0,0.0,35.3
20131219220000,0.0,0.0,0.0,0.0,47.1,0.0,0.0,52.9
20131219220100,0.0,0.0,0.0,0.0,99.7,0.0,0.0,0.3
20131219220200,0.0,0.0,0.0,0.0,99.8,0.0,0.0,0.2
20131219220300,0.0,0.0,0.0,0.0,84.8,0.0,0.0,15.2
20131219220400,0.0,0.0,0.0,0.0,67.6,0.0,0.0,32.4
20131219220500,0.0,0.0,0.0,0.0,86.3,0.0,0.0,13.7
20131219220600,0.0,0.0,0.0,0.0,80.8,0.0,0.1,19.1
20131219220700,0.0,0.0,0.0,0.0,80.7,0.0,0.1,19.1
20131219220800,0.0,0.0,0.0,0.0,58.7,0.0,0.3,41.0
20131219220900,0.0,0.0,0.0,0.0,41.7,0.0,0.5,57.8
20131219221000,0.0,0.0,0.0,0.0,34.2,0.0,8.9,56.9
20131219221100,0.0,0.0,0.0,0.0,15.6,0.0,1.0,83.4
20131219221200,0.0,0.0,0.0,0.0,63.9,0.0,0.9,35.2
20131219221300,0.0,0.0,0.0,0.0,75.5,0.0,0.2,24.3
20131219221400,0.0,0.0,0.0,0.0,63.4,0.0,0.6,36.0
20131219221500,0.0,0.0,0.0,0.0,72.9,0.0,1.4,25.7
20131219221600,0.0,0.0,0.0,0.0,74.8,0.0,1.0,24.2
20131219221700,0.0,0.0,0.0,0.0,63.5,0.0,4.0,32.5
20131219221800,0.0,0.0,0.0,0.0,34.2,0.0,1.9,63.8
20131219221900,0.0,0.0,0.0,0.0,58.1,0.0,1.0,40.9
20131219222000,0.0,0.0,0.0,0.0,64.7,0.0,2.2,33.1
20131219222100,0.0,0.0,0.0,0.0,25.5,0.0,2.0,72.5
20131219222200,0.0,0.0,0.0,0.0,41.9,0.0,2.8,55.3
20131219222300,0.0,0.0,0.0,0.0,4.5,0.0,0.3,95.2
20131219222400,0.0,0.0,0.0,0.0,9.1,0.0,1.4,89.6
20131219222500,0.0,0.0,0.0,0.0,13.3,0.0,0.9,85.8
20131219222600,0.0,0.0,0.0,0.0,0.6,0.0,0.6,98.8
20131219222700,0.0,0.0,0.0,0.0,4.4,0.0,2.4,93.1
20131219222800,0.0,0.0,0.0,0.0,16.2,0.0,1.3,82.5
20131219222900,0.0,0.0,0.0,0.0,2.7,0.0,3.4,93.9
20131219223000,0.0,0.0,0.0,0.0,24.8,0.0,1.2,74.0
20131219223100,0.0,0.0,0.0,0.0,53.1,0.0,5.9,41.0
20131219223200,0.0,0.0,0.0,0.0,45.5,0.0,5.7,48.8
20131219223300,0.0,0.0,0.0,0.0,28.9,0.0,4.4,66.8
20131219223400,0.0,0.0,0.0,0.0,2.5,0.0,0.4,97.1
20131219223500,0.0,0.0,0.0,0.0,11.8,0.0,0.1,88.2
20131219223600,0.0,0.0,0.0,0.0,1.7,0.0,2.0,96.3
20131219223700,0.0,0.0,0.0,0.0,4.1,0.0,0.3,95.6
20131219223800,0.0,0.0,0.0,0.0,2.9,0.0,0.2,96.9
20131219223900,0.0,0.0,0.0,0.0,5.4,0.0,0.1,94.4
20131219224000,0.0,0.0,0.0,0.0,0.4,0.0,0.1,99.5
20131219224100,0.0,0.0,0.0,0.0,1.3,0.0,0.2,98.5
20131219224200,0.0,0.0,0.0,0.0,0.4,0.0,0.0,99.6
20131219224300,0.0,0.0,0.0,0.0,0.0,0.0,0.0,100.0
20131219224400,0.0,0.0,0.0,0.0,3.4,0.0,0.0,96.5
20131219224500,0.0,0.0,0.0,0.0,78.4,0.0,0.0,21.6
20131219224600,0.0,0.0,0.0,0.0,2.1,0.0,0.0,97.9
20131219224700,0.0,0.0,0.0,0.0,2.4,0.0,0.0,97.6
20131219224800,0.0,0.0,0.0,0.0,5.4,0.0,0.0,94.6
20131219224900,0.0,0.0,0.0,0.0,29.0,0.0,0.0,71.0
20131219225000,0.0,0.0,0.0,0.0,14.7,0.0,0.0,85.3
20131219225100,0.0,0.0,0.0,0.0,1.2,0.0,0.0,98.8
20131219225200,0.0,0.0,0.0,0.0,0.2,0.0,0.0,99.8
20131219225300,0.0,0.0,0.0,0.0,0.3,0.0,0.0,99.7
20131219225400,0.0,0.0,0.0,0.0,1.7,0.0,0.0,98.3
20131219225500,0.0,0.0,0.0,0.0,0.6,0.0,0.0,99.4
20131219225600,0.0,0.0,0.0,0.0,23.0,0.0,0.0,77.0
20131219225700,0.0,0.0,0.0,0.0,33.0,0.0,0.0,66.9
20131219225800,0.0,0.0,0.0,0.0,6.3,0.0,0.0,93.7
20131219225900,0.0,0.0,0.0,0.0,4.9,0.0,0.9,94.2
20131219230000,0.0,0.0,0.0,0.0,10.7,0.0,0.7,88.6
20131219230100,0.0,0.0,0.0,0.0,1.2,0.0,0.1,98.7
20131219230200,0.0,0.0,0.0,0.0,0.8,0.0,0.8,98.4
20131219230300,0.0,0.0,0.0,0.0,1.2,0.0,0.4,98.3
20131219230400,0.0,0.0,0.0,0.0,0.0,0.0,0.0,99.9
20131219230500,0.0,0.0,0.0,0.0,2.9,0.0,0.1,96.9
20131219230600,0.0,0.0,0.0,0.0,4.5,0.0,0.2,95.2
20131219230700,0.0,0.0,0.0,0.0,2.5,0.0,0.2,97.3
20131219230800,0.0,0.0,0.0,0.0,1.2,0.0,0.8,98.0
20131219230900,0.0,0.0,0.0,0.0,0.2,0.0,0.1,99.7
20131219231000,0.0,0.0,0.0,0.0,0.0,0.0,0.0,100.0
20131219231100,0.0,0.0,0.0,0.0,0.1,0.0,0.4,99.5
20131219231200,0.0,0.0,0.0,0.0,0.1,0.0,0.2,99.8
20131219231300,0.0,0.0,0.0,0.0,0.1,0.0,0.0,99.8
20131219231400,0.0,0.0,0.0,0.0,2.0,0.0,0.1,97.9
20131219231500,0.0,0.0,0.0,0.0,0.2,0.0,0.0,99.8
20131219231600,0.0,0.0,0.0,0.0,5.2,0.0,3.2,91.6
20131219231700,0.0,0.0,0.0,0.0,2.1,0.0,0.3,97.6
20131219231800,0.0,0.0,0.0,0.0,15.6,0.0,2.2,82.3
20131219231900,0.0,0.0,0.0,0.0,7.3,0.0,2.1,90.6
20131219232000,0.0,0.0,0.0,0.0,24.5,0.0,1.1,74.3
20131219232100,0.0,0.0,0.0,0.0,1.3,0.0,0.7,98.0
20131219232200,0.0,0.0,0.0,0.0,1.1,0.0,0.2,98.7
20131219232300,0.0,0.0,0.0,0.0,3.1,0.0,4.1,92.8
20131219232400,0.0,0.0,0.0,0.0,1.3,0.0,0.7,97.9
20131219232500,0.0,0.0,0.0,0.0,0.7,0.0,0.3,99.0
20131219232600,0.0,0.0,0.0,0.0,9.1,0.0,1.0,89.9
20131219232700,0.0,0.0,0.0,0.0,5.7,0.0,0.1,94.2
20131219232800,0.0,0.0,0.0,0.0,4.5,0.0,0.8,94.7
20131219232900,0.0,0.0,0.0,0.0,0.3,0.0,0.4,99.4
20131219233000,0.0,0.0,0.0,0.0,1.3,0.0,0.4,98.2
20131219233100,0.0,0.0,0.0,0.0,0.1,0.0,0.0,99.9
20131219233200,0.0,0.0,0.0,0.0,0.0,0.0,0.0,99.9
20131219233300,0.0,0.0,0.0,0.0,0.1,0.0,0.0,99.8
20131219233400,0.0,0.0,0.0,0.0,0.1,0.0,0.5,99.3
20131219233500,0.0,0.0,0.0,0.0,0.1,0.0,0.5,99.4
20131219233600,0.0,0.0,0.0,0.0,0.5,0.0,0.2,99.3
20131219233700,0.0,0.0,0.0,0.0,0.2,0.0,0.0,99.8
20131219233800,0.0,0.0,0.0,0.0,0.1,0.0,0.0,99.8
20131219233900,0.0,0.0,0.0,0.0,0.0,0.0,0.0,100.0
20131219234000,0.0,0.0,0.0,0.0,0.2,0.0,0.0,99.8
20131219234100,0.0,0.0,0.0,0.0,0.0,0.0,0.0,100.0
20131219234200,0.0,0.0,0.0,0.0,1.1,0.0,0.0,98.8
20131219234300,0.0,0.0,0.0,0.0,4.5,0.0,0.0,95.5
20131219234400,0.0,0.0,0.0,0.0,2.3,0.0,0.1,97.6
20131219234500,0.0,0.0,0.0,0.0,1.6,0.0,0.0,98.4
20131219234600,0.0,0.0,0.0,0.0,1.1,0.0,0.0,98.9
20131219234700,0.0,0.0,0.0,0.0,0.9,0.0,0.0,99.1
20131219234800,0.0,0.0,0.0,0.0,2.3,0.0,0.0,97.7
20131219234900,0.0,0.0,0.0,0.0,3.9,0.0,0.0,96.1
20131219235000,0.0,0.0,0.0,0.0,0.5,0.0,0.0,99.5
20131219235100,0.0,0.0,0.0,0.0,2.6,0.0,0.0,97.4
20131219235200,0.0,0.0,0.0,0.0,3.3,0.0,0.0,96.7
20131219235300,0.0,0.0,0.0,0.0,0.2,0.0,0.0,99.8
20131219235400,0.0,0.0,0.0,0.0,0.2,0.0,0.0,99.8
20131219235500,0.0,0.0,0.0,0.0,0.3,0.0,0.0,99.7
20131219235600,0.0,0.0,0.0,0.0,6.0,0.0,0.0,94.0
20131219235700,0.0,0.0,0.0,0.0,1.7,0.0,0.0,98.3
20131219235800,0.0,0.0,0.0,0.0,1.8,0.0,0.0,98.2
20131219235900,0.0,0.0,0.0,0.0,4.6,0.0,0.0,95.4
20131220000000,0.0,0.0,0.0,0.0,0.4,0.0,0.0,99.6
20131220000100,0.0,0.0,0.0,0.0,92.7,0.0,0.0,7.3
20131220000200,0.0,0.0,0.0,0.0,99.6,0.0,0.0,0.4
20131220000300,0.0,0.0,0.0,0.0,99.3,0.0,0.0,0.7
20131220000400,0.0,0.0,0.0,0.0,100.0,0.0,0.0,0.0
20131220000500,0.0,0.1,0.0,0.0,99.9,0.0,0.0,0.0
20131220000600,0.0,0.0,0.0,0.0,100.0,0.0,0.0,0.0
20131220000700,0.0,0.0,0.0,0.0,100.0,0.0,0.0,0.0
20131220000800,0.0,0.0,0.0,0.0,100.0,0.0,0.0,0.0
20131220000900,0.0,0.0,0.0,0.0,100.0,0.0,0.0,0.0
20131220001000,0.0,0.0,0.0,0.0,100.0,0.0,0.0,0.0
20131220001100,0.0,0.0,0.0,0.0,100.0,0.0,0.0,0.0
20131220001200,0.0,0.0,0.0,0.0,100.0,0.0,0.0,0.0
20131220001300,0.0,0.0,0.0,0.0,100.0,0.0,0.0,0.0
20131220001400,0.0,0.0,0.0,0.0,100.0,0.0,0.0,0.0
20131220001500,0.0,0.0,0.0,0.0,100.0,0.0,0.0,0.0
20131220001600,0.0,0.0,0.0,0.0,100.0,0.0,0.0,0.0
20131220001700,0.0,0.0,0.0,0.0,100.0,0.0,0.0,0.0
20131220001800,0.0,0.2,0.0,0.0,99.8,0.0,0.0,0.0
20131220001900,0.0,0.0,0.0,0.0,100.0,0.0,0.0,0.0
20131220002000,0.0,0.0,0.0,0.0,100.0,0.0,0.0,0.0
20131220002100,0.0,0.0,0.0,0.0,100.0,0.0,0.0,0.0
20131220002200,0.0,0.0,0.0,0.0,100.0,0.0,0.0,0.0
20131220002300,0.0,0.0,0.0,0.0,100.0,0.0,0.0,0.0
20131220002400,0.0,0.0,0.0,0.0,100.0,0.0,0.0,0.0
20131220002500,0.0,0.0,0.0,0.0,100.0,0.0,0.0,0.0
20131220002600,0.0,0.0,0.0,0.0,100.0,0.0,0.0,0.0
20131220002700,0.0,0.0,0.0,0.0,100.0,0.0,0.0,0.0
20131220002800,0.0,0.0,0.0,0.0,100.0,0.0,0.0,0.0
20131220002900,0.0,0.0,0.0,0.0,100.0,0.0,0.0,0.0
20131220003000,0.0,0.0,0.0,0.0,100.0,0.0,0.0,0.0
20131220003100,0.0,0.0,0.0,0.0,100.0,0.0,0.0,0.0
20131220003200,0.0,0.0,0.0,0.0,100.0,0.0,0.0,0.0
20131220003300,0.0,0.0,0.0,0.0,100.0,0.0,0.0,0.0
20131220003400,0.0,0.0,0.0,0.0,100.0,0.0,0.0,0.0
20131220003500,0.0,0.0,0.0,0.0,100.0,0.0,0.0,0.0
20131220003600,0.0,0.0,0.0,0.0,100.0,0.0,0.0,0.0
20131220003700,0.0,0.0,0.0,0.0,100.0,0.0,0.0,0.0
20131220003800,0.0,0.0,0.0,0.0,99.6,0.0,0.0,0.4
20131220003900,0.0,0.0,0.0,0.0,100.0,0.0,0.0,0.0
20131220004000,0.0,0.0,0.0,0.0,100.0,0.0,0.0,0.0
20131220004100,0.0,0.0,0.0,0.0,100.0,0.0,0.0,0.0
20131220004200,0.0,0.0,0.0,0.0,100.0,0.0,0.0,0.0
20131220004300,0.0,0.0,0.0,0.0,100.0,0.0,0.0,0.0
20131220004400,0.0,0.0,0.0,0.0,100.0,0.0,0.0,0.0
20131220004500,0.0,0.0,0.0,0.0,100.0,0.0,0.0,0.0
20131220004600,0.0,0.0,0.0,0.0,99.9,0.0,0.0,0.1
20131220004700,0.0,0.0,0.0,0.0,99.6,0.0,0.0,0.4
20131220004800,0.0,0.0,0.0,0.0,97.8,0.0,0.0,2.2
20131220004900,0.0,0.0,0.0,0.0,97.0,0.0,0.0,3.0
20131220005000,0.0,0.0,0.0,0.0,0.1,0.0,0.0,99.9
20131220005100,0.0,0.0,0.0,0.0,0.0,0.0,0.0,100.0
20131220005200,0.0,0.0,0.0,0.0,0.0,0.0,0.0,100.0
20131220005300,0.0,0.0,0.0,0.0,0.0,0.0,0.0,100.0
20131220005400,0.0,0.0,0.0,0.0,2.5,0.0,0.0,97.5
20131220005500,0.0,0.0,0.0,0.0,4.8,0.0,0.0,95.2
20131220005600,0.0,0.0,0.0,0.0,6.8,0.0,0.0,93.2
20131220005700,0.0,0.0,0.0,0.0,35.2,0.0,0.0,64.8
20131220005800,0.0,0.0,0.0,0.0,11.5,0.0,0.0,88.5
20131220005900,0.0,0.0,0.0,0.0,6.0,0.0,0.0,94.0
20131220010000,0.0,0.0,0.0,0.0,21.6,0.0,0.0,78.4
20131220010100,0.0,0.0,0.0,0.0,3.9,0.0,0.0,96.1
20131220010200,0.0,0.0,0.0,0.0,0.9,0.0,0.0,99.1
20131220010300,0.0,0.0,0.0,0.0,1.1,0.0,0.0,98.9
20131220010400,0.0,0.0,0.0,0.0,4.9,0.0,0.0,95.1
20131220010500,0.0,0.0,0.0,0.0,2.0,0.0,0.0,98.0
20131220010600,0.0,0.0,0.0,0.0,0.0,0.0,0.0,100.0
20131220010700,0.0,0.0,0.0,0.0,0.0,0.0,0.0,100.0
20131220010800,0.0,0.0,0.0,0.0,0.0,0.0,0.0,100.0
20131220011215,0.0,0.0,0.0,0.0,0.2,0.0,0.0,99.8
20131220011315,0.0,0.0,0.0,0.0,14.8,0.0,0.0,85.2
20131220011415,0.0,0.0,0.0,0.0,15.5,0.0,0.0,84.5
20131220011515,0.0,0.0,0.0,0.0,11.1,0.0,0.0,88.9
20131220011615,0.0,0.0,0.0,0.0,31.1,0.0,0.0,68.9
20131220011715,0.0,0.0,0.0,0.0,2.3,0.0,0.0,97.7
20131220011815,0.0,0.0,0.0,0.0,1.1,0.0,0.0,98.8
20131220011915,0.0,0.0,0.0,0.0,1.2,0.0,0.0,98.8
20131220012015,0.0,0.0,0.0,0.0,0.1,0.0,0.0,99.9
20131220012115,0.0,0.0,0.0,0.0,1.1,0.0,0.0,98.9
20131220012215,0.0,0.0,0.0,0.0,0.2,0.0,0.0,99.8
20131220012315,0.0,0.0,0.0,0.0,0.5,0.0,0.0,99.5
20131220012415,0.0,0.0,0.0,0.0,12.6,0.0,0.0,87.4
20131220012515,0.0,0.0,0.0,0.0,8.0,0.0,0.0,92.0
20131220012615,0.0,0.0,0.0,0.0,0.7,0.0,0.0,99.3
20131220012715,0.0,0.0,0.0,0.0,0.7,0.0,0.0,99.3
20131220012815,0.0,0.0,0.0,0.0,0.5,0.0,0.0,99.5
20131220012915,0.0,0.0,0.0,0.0,0.2,0.0,0.0,99.8
20131220013015,0.0,0.0,0.0,0.0,0.2,0.0,0.0,99.8
20131220013115,0.0,0.0,0.0,0.0,0.0,0.0,0.0,100.0
20131220013215,0.0,0.0,0.0,0.0,0.0,0.0,0.0,100.0
20131220013315,0.0,0.0,0.0,0.0,0.0,0.0,0.0,100.0
20131220013415,0.0,0.0,0.0,0.0,0.0,0.0,0.0,100.0
20131220013515,0.0,0.0,0.0,0.0,0.0,0.0,0.0,100.0
20131220013615,0.0,0.0,0.0,0.0,0.3,0.0,0.0,99.7
20131220013715,0.0,0.0,0.0,0.0,4.1,0.0,0.0,95.9
20131220013815,0.0,0.0,0.0,0.0,4.8,0.0,0.2,95.1
20131220013915,0.0,0.0,0.0,0.0,18.3,0.0,8.1,73.7
20131220014015,0.0,0.0,0.0,0.0,4.9,0.0,0.0,95.1
20131220014115,0.0,0.0,0.0,0.0,1.6,0.0,0.0,98.4
20131220014215,0.0,0.0,0.0,0.0,1.2,0.0,0.1,98.8
20131220014315,0.0,0.0,0.0,0.0,6.1,0.0,1.4,92.5
20131220014415,0.0,0.0,0.0,0.0,47.1,0.0,30.0,22.9
20131220014515,0.0,0.0,0.0,0.0,0.6,0.0,6.7,92.7
20131220014615,0.0,0.0,0.0,0.0,0.8,0.0,39.4,59.8
20131220014715,0.0,0.0,0.0,0.0,0.1,0.0,14.9,85.0
20131220014815,0.0,0.0,0.0,0.0,0.2,0.0,27.0,72.8
20131220014915,0.0,0.0,0.0,0.0,0.0,0.0,53.5,46.5
20131220015015,0.0,0.0,0.0,0.0,0.0,0.0,83.8,16.2
20131220015115,0.0,0.0,0.0,0.0,0.0,0.0,94.6,5.4
20131220015215,0.0,0.0,0.0,0.0,0.0,0.0,94.6,5.4
20131220015315,0.0,0.0,0.0,0.0,0.0,0.0,86.6,13.4
20131220015415,0.0,0.0,0.0,0.0,0.0,0.0,23.3,76.7
20131220015515,0.0,0.0,0.0,0.0,0.0,0.0,2.8,97.2
20131220015615,0.0,0.0,0.0,0.0,0.0,0.0,0.1,99.9
20131220015715,0.0,0.0,0.0,0.0,0.0,0.0,0.2,99.8
20131220015815,0.0,0.0,0.0,0.0,0.0,0.0,0.0,100.0
20131220015915,0.0,0.0,0.0,0.0,0.0,0.0,0.3,99.7
20131220020015,0.0,0.0,0.0,0.0,0.0,0.0,0.0,100.0
20131220020115,0.0,0.0,0.0,0.0,0.0,0.0,5.6,94.4
20131220020215,0.0,0.0,0.0,0.0,0.0,0.0,0.5,99.5
20131220020315,0.0,0.0,0.0,0.0,0.0,0.0,67.6,32.4
20131220020415,0.0,0.0,0.0,0.0,0.0,0.0,69.8,30.2
20131220020515,0.0,0.0,0.0,0.0,0.0,0.0,64.1,35.9
20131220020615,0.0,0.0,0.0,0.0,0.0,0.0,98.7,1.3
20131220020715,0.0,0.0,0.0,0.0,0.0,0.0,22.9,77.1
20131220020815,0.0,0.0,0.0,0.0,0.0,0.0,74.1,25.9
20131220020915,0.0,0.0,0.0,0.0,0.0,0.0,97.5,2.5
20131220021015,0.0,0.0,0.0,0.0,0.0,0.0,99.4,0.6
20131220021115,0.0,0.0,0.0,0.0,0.0,0.0,99.4,0.6
20131220021215,0.0,0.0,0.0,0.0,0.0,0.0,81.9,18.1
20131220021315,0.0,0.0,0.0,0.0,0.0,0.0,99.2,0.8
20131220021415,0.0,0.0,0.0,0.0,0.0,0.0,73.1,26.9
20131220021515,0.0,0.0,0.0,0.0,0.0,0.0,78.3,21.7
20131220021615,0.0,0.0,0.0,0.0,0.0,0.0,24.8,75.2
20131220021715,0.0,0.0,0.0,0.0,0.0,0.0,5.1,94.9
20131220021815,0.0,0.0,0.0,0.0,0.0,0.0,3.2,96.8
20131220021915,0.0,0.0,0.0,0.0,0.0,0.0,34.6,65.4
20131220022015,0.0,0.0,0.0,0.0,0.0,0.0,0.5,99.5
20131220022115,0.0,0.0,0.0,0.0,0.0,0.0,0.8,99.2
20131220022215,0.0,0.0,0.0,0.0,0.0,0.0,1.4,98.6
20131220022315,0.0,0.0,0.0,0.0,0.0,0.0,0.1,99.9
20131220022415,0.0,0.0,0.0,0.0,0.0,0.0,0.0,100.0
20131220022515,0.0,0.0,0.0,0.0,0.0,0.0,1.6,98.4
20131220022615,0.0,0.0,0.0,0.0,0.0,0.0,0.1,99.9
20131220022715,0.0,0.0,0.0,0.0,0.0,0.0,0.1,99.9
20131220022815,0.0,0.0,0.0,0.0,0.0,0.0,0.0,100.0
20131220022915,0.0,0.0,0.0,0.0,0.0,0.0,0.0,100.0
20131220023015,0.0,0.0,0.0,0.0,0.0,0.0,0.0,100.0
20131220023115,0.0,0.0,0.0,0.0,0.0,0.0,0.0,100.0
20131220023215,0.0,0.0,0.0,0.0,0.0,0.0,0.0,100.0
20131220023315,0.0,0.0,0.0,0.0,0.0,0.0,0.0,100.0
20131220023415,0.0,0.0,0.0,0.0,0.0,0.0,0.0,100.0
20131220023515,0.0,0.0,0.0,0.0,0.0,0.0,0.0,100.0
20131220023615,0.0,0.0,0.0,0.0,0.0,0.0,0.0,100.0
20131220023715,0.0,0.0,0.0,0.0,0.0,0.0,0.0,100.0
20131220023815,0.0,0.0,0.0,0.0,0.2,0.0,0.0,99.8
20131220023915,0.0,0.0,0.0,0.0,0.0,0.0,0.0,100.0
20131220024015,0.0,0.0,0.0,0.0,0.0,0.0,0.0,100.0
20131220024115,0.0,0.0,0.0,0.0,0.0,0.0,0.3,99.7
20131220024215,0.0,0.0,0.0,0.0,0.0,0.0,0.3,99.7
20131220024315,0.0,0.0,0.0,0.0,0.0,0.0,3.1,96.9
20131220024415,0.0,0.0,0.0,0.0,0.0,0.0,6.2,93.8
20131220024515,0.0,0.0,0.0,0.0,0.0,0.0,34.3,65.7
20131220024615,0.0,0.0,0.0,0.0,0.0,0.0,5.1,94.9
20131220024715,0.0,0.0,0.0,0.0,0.0,0.0,87.9,12.1
20131220024815,0.0,0.0,0.0,0.0,0.0,0.0,81.6,18.4
20131220024915,0.0,0.0,0.0,0.0,0.0,0.0,49.4,50.6
20131220025015,0.0,0.0,0.0,0.0,0.0,0.0,99.3,0.7
20131220025115,0.0,0.0,0.0,0.0,0.0,0.0,99.6,0.4
20131220025215,0.0,0.0,0.0,0.0,0.0,0.0,70.3,29.7
20131220025315,0.0,0.0,0.0,0.0,0.0,0.0,58.2,41.8
20131220025415,0.0,0.0,0.0,0.0,0.0,0.0,92.4,7.6
20131220025515,0.0,0.0,0.0,0.0,0.0,0.0,22.7,77.3
20131220025615,0.0,0.0,0.0,0.0,0.0,0.0,57.7,42.3
20131220025715,0.0,0.0,0.0,0.0,0.0,0.0,17.9,82.1
20131220025815,0.0,0.0,0.0,0.0,0.0,0.0,48.9,51.1
20131220025915,0.0,0.0,0.0,0.0,0.0,0.0,6.9,93.1
20131220030015,0.0,0.0,0.0,0.0,0.0,0.0,92.1,7.9
20131220030115,0.0,0.0,0.0,0.0,0.0,0.0,96.9,3.1
20131220030215,0.0,0.0,0.0,0.0,0.0,0.0,34.0,66.0
20131220030315,0.0,0.0,0.0,0.0,0.0,0.0,6.4,93.6
20131220030415,0.0,0.0,0.0,0.0,0.0,0.0,30.7,69.3
20131220030515,0.0,0.0,0.0,0.0,0.0,0.0,27.3,72.7
20131220030615,0.0,0.0,0.0,0.0,0.0,0.0,0.0,100.0
20131220030715,0.0,0.0,0.0,0.0,0.0,0.0,0.1,99.9
20131220030815,0.0,0.0,0.0,0.0,0.0,0.0,0.1,99.9
20131220030915,0.0,0.0,0.0,0.0,0.0,0.0,92.4,7.6
20131220031015,0.0,0.0,0.0,0.0,0.0,0.0,93.0,7.0
20131220031115,0.0,0.0,0.0,0.0,0.0,0.0,89.1,10.9
20131220031215,0.0,0.0,0.0,0.0,0.0,0.0,6.7,93.3
20131220031315,0.0,0.0,0.0,0.0,0.0,0.0,43.7,56.3
20131220031415,0.0,0.0,0.0,0.0,0.0,0.0,71.5,28.5
20131220031515,0.0,0.0,0.0,0.0,0.0,0.0,91.5,8.5
20131220031615,0.0,0.0,0.0,0.0,0.0,0.0,96.7,3.3
