UT,arc,discrete,diffuse,ac,ab,clear,cloudy,dd
20230130144200,0.0,0.0,0.0,0.0,0.0,0.0,0.0,100.0
20230130144230,0.0,0.0,0.0,0.0,0.0,0.0,0.0,100.0
20230130144300,0.0,0.0,0.0,0.0,0.0,0.0,0.0,100.0
20230130144330,0.0,0.0,0.0,0.0,0.0,0.0,0.0,100.0
20230130144400,0.0,0.0,0.0,0.0,0.0,0.0,0.0,100.0
20230130144430,0.0,0.0,0.0,0.0,0.0,0.0,0.0,100.0
20230130144500,0.0,0.0,0.0,0.0,0.0,0.0,0.0,100.0
20230130144530,0.0,0.0,0.0,0.0,0.0,0.0,0.0,100.0
20230130144600,0.0,0.0,0.0,0.0,0.0,0.0,0.0,100.0
20230130144630,0.0,0.0,0.0,0.0,0.0,0.0,0.0,100.0
20230130144700,0.0,0.0,0.0,0.0,0.0,0.0,0.0,100.0
20230130144730,0.0,0.0,0.0,0.0,0.0,0.0,0.0,100.0
20230130144800,0.0,0.0,0.0,0.0,0.0,0.0,0.0,100.0
20230130144830,0.0,0.0,0.0,0.0,0.0,0.0,0.0,100.0
20230130144900,0.0,0.0,0.0,0.0,0.0,0.0,0.0,100.0
20230130144930,0.0,0.0,0.0,0.0,0.0,0.0,0.0,100.0
20230130145000,0.0,0.0,0.0,0.0,0.0,0.0,0.0,100.0
20230130145030,0.0,0.0,0.0,0.0,0.0,0.0,0.0,100.0
20230130145100,0.0,0.0,0.0,0.0,0.0,0.0,0.0,100.0
20230130145130,0.0,0.0,0.0,0.0,0.0,0.0,0.0,100.0
20230130145200,0.0,0.0,0.0,0.0,0.0,0.0,0.0,100.0
20230130145230,0.0,0.0,0.0,0.0,0.0,0.0,0.0,100.0
20230130145300,0.0,0.0,0.0,0.0,0.0,0.0,0.0,100.0
20230130145330,0.0,0.0,0.0,0.0,0.0,0.0,0.0,100.0
20230130145400,0.0,0.0,0.0,0.0,0.0,0.0,0.0,100.0
20230130145430,0.0,0.0,0.0,0.0,0.0,0.0,0.0,100.0
20230130145500,0.0,0.0,0.0,0.0,0.0,0.0,0.0,100.0
20230130145530,0.0,0.0,0.0,0.0,0.0,0.0,0.0,100.0
20230130145600,0.0,0.0,0.0,0.0,0.0,0.0,0.0,100.0
20230130145630,0.0,0.0,0.0,0.0,0.0,0.0,0.0,100.0
20230130145700,0.0,0.0,0.0,0.0,0.0,0.0,0.0,100.0
20230130145730,0.0,0.0,0.0,0.0,0.0,0.0,0.0,100.0
20230130145800,0.0,0.0,0.0,0.0,0.0,0.0,0.0,100.0
20230130145830,0.0,0.0,0.0,0.0,0.0,0.0,0.0,100.0
20230130145900,0.0,0.0,0.0,0.0,0.0,0.0,0.0,100.0
20230130145930,0.0,0.0,0.0,0.0,0.0,0.0,0.0,100.0
20230130150001,0.0,0.0,0.0,0.0,0.0,0.0,0.0,100.0
20230130150031,0.0,0.0,0.0,0.0,0.0,0.0,0.0,100.0
20230130150101,0.0,0.0,0.0,0.0,0.0,0.0,0.0,100.0
20230130150131,0.0,0.0,0.0,0.0,0.0,0.0,0.0,100.0
20230130150201,0.0,0.0,0.0,0.0,0.0,0.0,0.0,100.0
20230130150231,0.0,0.0,0.0,0.0,0.0,0.0,0.0,100.0
20230130150301,0.0,0.0,0.0,0.0,0.0,0.0,0.0,100.0
20230130150331,0.0,0.0,0.0,0.0,0.0,0.0,0.0,100.0
20230130150401,0.0,0.0,0.0,0.0,0.0,0.0,0.0,100.0
20230130150431,0.0,0.0,0.0,0.0,0.0,0.0,0.0,100.0
20230130150501,0.0,0.0,0.0,0.0,0.0,0.0,0.0,100.0
20230130150531,0.0,0.0,0.0,0.0,0.0,0.0,0.0,100.0
20230130150601,0.0,0.0,0.0,0.0,0.0,0.0,0.0,100.0
20230130150631,0.0,0.0,0.0,0.0,0.0,0.0,0.0,100.0
20230130150701,0.0,0.0,0.0,0.0,0.0,0.0,0.0,100.0
20230130150731,0.0,0.0,0.0,0.0,0.0,0.0,0.0,100.0
20230130150801,0.0,0.0,0.0,0.0,0.0,0.0,0.0,100.0
20230130150831,0.0,0.0,0.0,0.0,0.0,0.0,0.0,100.0
20230130150901,0.0,0.0,0.0,0.0,0.0,0.0,0.0,100.0
20230130150931,0.0,0.0,0.0,0.0,0.0,0.0,0.0,100.0
20230130151001,0.0,0.0,0.0,0.0,0.0,0.0,0.0,100.0
20230130151031,0.0,0.0,0.0,0.0,0.0,0.0,0.0,100.0
20230130151101,0.0,0.0,0.0,0.0,0.0,0.0,0.0,100.0
20230130151131,0.0,0.0,0.0,0.0,0.0,0.0,0.0,100.0
20230130151201,0.0,0.0,0.0,0.0,0.0,0.0,0.0,100.0
20230130151231,0.0,0.0,0.0,0.0,0.0,0.0,0.0,100.0
20230130151301,0.0,0.0,0.0,0.0,0.0,0.0,0.0,100.0
20230130151331,0.0,0.0,0.0,0.0,0.0,0.0,0.0,100.0
20230130151401,0.0,0.0,0.0,0.0,0.0,0.0,0.0,100.0
20230130151431,0.0,0.0,0.0,0.0,0.0,0.0,0.0,100.0
20230130151501,0.0,0.0,0.0,0.0,0.0,0.0,0.0,100.0
20230130151531,0.0,0.0,0.0,0.0,0.0,0.0,0.0,100.0
20230130151601,0.0,0.0,0.0,0.0,0.0,0.0,0.0,100.0
20230130151631,0.0,0.0,0.0,0.0,0.0,0.0,0.0,100.0
20230130151701,0.0,0.0,0.0,0.0,0.0,0.0,0.0,100.0
20230130151731,0.0,0.0,0.0,0.0,0.0,0.0,0.0,100.0
20230130151801,0.0,0.0,0.0,0.0,0.0,0.0,0.0,100.0
20230130151831,0.0,0.0,0.0,0.0,0.0,0.0,0.0,100.0
20230130151901,0.0,0.0,0.0,0.0,0.0,0.0,0.0,100.0
20230130151931,0.0,0.0,0.0,0.0,0.0,0.0,0.0,100.0
20230130152001,0.0,0.0,0.0,0.0,0.0,0.0,0.0,100.0
20230130152031,0.0,0.0,0.0,0.0,0.0,0.0,0.0,100.0
20230130152101,0.0,0.0,0.0,0.0,0.0,0.0,0.0,100.0
20230130152131,0.0,0.0,0.0,0.0,0.0,0.0,0.0,100.0
20230130152201,0.0,0.0,0.0,0.0,0.0,0.0,0.0,100.0
20230130152231,0.0,0.0,0.0,0.0,0.0,0.0,0.0,100.0
20230130152301,0.0,0.0,0.0,0.0,0.0,0.0,0.0,100.0
20230130152331,0.0,0.0,0.0,0.0,0.0,0.0,0.0,100.0
20230130152401,0.0,0.0,0.0,0.0,0.0,0.0,0.0,100.0
20230130152431,0.0,0.0,0.0,0.0,0.0,0.0,0.0,100.0
20230130152501,0.0,0.0,0.0,0.0,0.0,0.0,0.0,100.0
20230130152531,0.0,0.0,0.0,0.0,0.0,0.0,0.0,100.0
20230130152601,0.0,0.0,0.0,0.0,0.0,0.0,0.0,100.0
20230130152631,0.0,0.0,0.0,0.0,0.0,0.0,0.0,100.0
20230130152702,0.0,0.0,0.0,0.0,0.0,0.0,0.0,100.0
20230130152732,0.0,0.0,0.0,0.0,0.0,0.0,0.0,100.0
20230130152802,0.0,0.0,0.0,0.0,0.0,0.0,0.0,100.0
20230130152832,0.0,0.0,0.0,0.0,0.0,0.0,0.0,100.0
20230130152902,0.0,0.0,0.0,0.0,0.0,0.0,0.0,100.0
20230130152932,0.0,0.0,0.0,0.0,0.0,0.0,0.0,100.0
20230130153002,0.0,0.0,0.0,0.0,0.0,0.0,0.0,100.0
20230130153032,0.0,0.0,0.0,0.0,0.0,0.0,0.0,100.0
20230130153102,0.0,0.0,0.0,0.0,0.0,0.0,0.0,100.0
20230130153132,0.0,0.0,0.0,0.0,0.0,0.0,0.0,100.0
20230130153202,0.0,0.0,0.0,0.0,0.0,0.0,0.0,100.0
20230130153232,0.0,0.0,0.0,0.0,0.0,0.0,0.0,100.0
20230130153302,0.0,0.0,0.0,0.0,0.0,0.0,0.0,100.0
20230130153332,0.0,0.0,0.0,0.0,0.0,0.0,0.0,100.0
20230130153402,0.0,0.0,0.0,0.0,0.0,0.0,0.0,100.0
20230130153432,0.0,0.0,0.0,0.0,0.0,0.0,0.0,100.0
20230130153502,0.0,0.0,0.0,0.0,0.0,0.0,0.0,100.0
20230130153532,0.0,0.0,0.0,0.0,0.0,0.0,0.0,100.0
20230130153602,0.0,0.0,0.0,0.0,0.0,0.0,0.0,100.0
20230130153632,0.0,0.0,0.0,0.0,0.0,0.0,0.0,100.0
20230130153702,0.0,0.0,0.0,0.0,0.0,0.0,0.0,100.0
20230130153732,0.0,0.0,0.0,0.0,0.0,0.0,0.0,100.0
20230130153802,0.0,0.0,0.0,0.0,0.0,0.0,0.0,100.0
20230130153832,0.0,0.0,0.0,0.0,0.0,0.0,0.0,100.0
20230130153902,0.0,0.0,0.0,0.0,0.0,0.0,0.0,100.0
20230130153932,0.0,0.0,0.0,0.0,0.0,0.0,0.0,100.0
20230130154002,0.0,0.0,0.0,0.0,0.0,0.0,0.0,100.0
20230130154032,0.0,0.0,0.0,0.0,0.0,0.0,0.0,100.0
20230130154102,0.0,0.0,0.0,0.0,0.0,0.0,0.0,100.0
20230130154132,0.0,0.0,0.0,0.0,0.0,0.0,0.0,100.0
20230130154332,0.0,0.0,0.0,0.0,0.0,0.0,0.0,100.0
20230130154402,0.0,0.0,0.0,0.0,0.0,0.0,0.0,100.0
20230130154432,0.0,0.0,0.0,0.0,0.0,0.0,0.0,100.0
20230130154502,0.0,0.0,0.0,0.0,0.0,0.0,0.0,100.0
20230130154532,0.0,0.0,0.0,0.0,0.0,0.0,0.0,100.0
20230130154602,0.0,0.0,0.0,0.0,0.0,0.0,0.0,100.0
20230130154632,0.0,0.0,0.0,0.0,0.0,0.0,0.0,100.0
20230130154702,0.0,0.0,0.0,0.0,0.0,0.0,0.0,100.0
20230130154732,0.0,0.0,0.0,0.0,0.0,0.0,0.0,100.0
20230130154802,0.0,0.0,0.0,0.0,0.0,0.0,0.0,100.0
20230130154832,0.0,0.0,0.0,0.0,0.0,0.0,0.0,100.0
20230130154902,0.0,0.0,0.0,0.0,0.0,0.0,0.0,100.0
20230130154932,0.0,0.0,0.0,0.0,0.0,0.0,0.0,100.0
20230130155002,0.0,0.0,0.0,0.0,0.0,0.0,0.0,100.0
20230130155032,0.0,0.0,0.0,0.0,0.0,0.0,0.0,100.0
20230130155102,0.0,0.0,0.0,0.0,0.0,0.0,0.0,100.0
20230130155132,0.0,0.0,0.0,0.0,0.0,0.0,0.0,100.0
20230130155202,0.0,0.0,0.0,0.0,0.0,0.0,0.0,100.0
20230130155232,0.0,0.0,0.0,0.0,0.0,0.0,0.0,100.0
20230130155302,0.0,0.0,0.0,0.0,0.0,0.0,0.0,100.0
20230130155332,0.0,0.0,0.0,0.0,0.0,0.0,0.0,100.0
20230130155402,0.0,0.0,0.0,0.0,0.0,0.0,0.0,100.0
20230130155432,0.0,0.0,0.0,0.0,0.0,0.0,0.0,100.0
20230130155502,0.0,0.0,0.0,0.0,0.0,0.0,0.0,100.0
20230130155532,0.0,0.0,0.0,0.0,0.0,0.0,0.0,100.0
20230130155602,0.0,0.0,0.0,0.0,0.0,0.0,0.0,100.0
20230130155632,0.0,0.0,0.0,0.0,0.0,0.0,0.0,100.0
20230130155702,0.0,0.0,0.0,0.0,0.0,0.0,0.0,100.0
20230130155732,0.0,0.0,0.0,0.0,0.0,0.0,0.0,100.0
20230130155802,0.0,0.0,0.0,0.0,0.0,0.0,0.0,100.0
20230130155832,0.0,0.0,0.0,0.0,0.0,0.0,0.0,100.0
20230130155902,0.0,0.0,0.0,0.0,0.0,0.0,0.0,100.0
20230130155932,0.0,0.0,0.0,0.0,0.0,0.0,0.0,100.0
20230130160002,0.0,0.0,0.0,0.0,0.0,0.0,0.0,100.0
20230130160032,0.0,0.0,0.0,0.0,0.0,0.0,0.0,100.0
20230130160102,0.0,0.0,0.0,0.0,0.0,0.0,0.0,100.0
20230130160133,0.0,0.0,0.0,0.0,0.0,0.0,0.0,100.0
20230130160203,0.0,0.0,0.0,0.0,0.0,0.0,0.0,100.0
20230130160233,0.0,0.0,0.0,0.0,0.0,0.0,0.0,100.0
20230130160303,0.0,0.0,0.0,0.0,0.0,0.0,0.0,100.0
20230130160333,0.0,0.0,0.0,0.0,0.0,0.0,0.0,100.0
20230130160403,0.0,0.0,0.0,0.0,0.0,0.0,0.0,100.0
20230130160433,0.0,0.0,0.0,0.0,0.0,0.0,0.0,100.0
20230130160503,0.0,0.0,0.0,0.0,0.0,0.0,0.0,100.0
20230130160533,0.0,0.0,0.0,0.0,0.0,0.0,0.0,100.0
20230130160603,0.0,0.0,0.0,0.0,0.0,0.0,0.0,100.0
20230130160633,0.0,0.0,0.0,0.0,0.0,0.0,0.0,100.0
20230130160703,0.0,0.0,0.0,0.0,0.0,0.0,0.0,100.0
20230130160733,0.0,0.0,0.0,0.0,0.0,0.0,0.0,100.0
20230130160803,0.0,0.0,0.0,0.0,0.0,0.0,0.0,100.0
20230130160833,0.0,0.0,0.0,0.0,0.0,0.0,0.0,100.0
20230130160903,0.0,0.0,0.0,0.0,0.0,0.0,0.0,100.0
20230130160933,0.0,0.0,0.0,0.0,0.0,0.0,0.0,100.0
20230130161003,0.0,0.0,0.0,0.0,0.0,0.0,0.0,100.0
20230130161033,0.0,0.0,0.0,0.0,0.0,0.0,0.0,100.0
20230130161103,0.0,0.0,0.0,0.0,0.0,0.0,0.0,100.0
20230130161133,0.0,0.0,0.0,0.0,0.0,0.0,0.0,100.0
20230130161203,0.0,0.0,0.0,0.0,0.0,0.0,0.0,100.0
20230130161233,0.0,0.0,0.0,0.0,0.0,0.0,0.0,100.0
20230130161303,0.0,0.0,0.0,0.0,0.0,0.0,0.0,100.0
20230130161333,0.0,0.0,0.0,0.0,0.0,0.0,0.0,100.0
20230130161403,0.0,0.0,0.0,0.0,0.0,0.0,0.0,100.0
20230130161433,0.0,0.0,0.0,0.0,0.0,0.0,0.0,100.0
20230130161503,0.0,0.0,0.0,0.0,0.0,0.0,0.0,100.0
20230130161533,0.0,0.0,0.0,0.0,0.0,0.0,0.0,100.0
20230130161603,0.0,0.0,0.0,0.0,0.0,0.0,0.0,100.0
20230130161633,0.0,0.0,0.0,0.0,0.0,0.0,0.0,100.0
20230130161703,0.0,0.0,0.0,0.0,0.0,0.0,0.0,100.0
20230130161733,0.0,0.0,0.0,0.0,0.0,0.0,0.0,100.0
20230130161803,0.0,0.0,0.0,0.0,0.0,0.0,0.0,100.0
20230130161833,0.0,0.0,0.0,0.0,0.0,0.0,0.0,100.0
20230130161903,0.0,0.0,0.0,0.0,0.0,0.0,0.0,100.0
20230130161933,0.0,0.0,0.0,0.0,0.0,0.0,0.0,100.0
20230130162003,0.0,0.0,0.0,0.0,0.0,0.0,0.0,100.0
20230130162033,0.0,0.0,0.0,0.0,0.0,0.0,0.0,100.0
20230130162103,0.0,0.0,0.0,0.0,0.0,0.0,0.0,99.9
20230130162133,0.0,0.0,0.0,0.0,0.1,0.0,0.0,99.9
20230130162203,0.0,0.0,0.0,0.0,0.1,0.0,0.0,99.9
20230130162233,0.0,0.0,0.0,0.0,0.1,0.0,0.0,99.9
20230130162303,0.0,0.0,0.0,0.0,0.1,0.0,0.0,99.9
20230130162333,0.0,0.0,0.0,0.0,0.0,0.1,0.0,99.9
20230130162403,0.0,0.0,0.0,0.0,0.1,0.3,0.0,99.6
20230130162433,0.0,0.0,0.0,0.0,0.1,0.2,0.0,99.6
20230130162503,0.0,0.0,0.0,0.0,0.1,1.8,0.1,98.1
20230130162533,0.0,0.0,0.0,0.0,0.0,0.2,0.0,99.7
20230130162603,0.0,0.0,0.0,0.0,0.2,0.4,0.0,99.4
20230130162633,0.0,0.0,0.0,0.0,1.6,8.9,0.1,89.3
20230130162703,0.0,0.0,0.0,0.0,3.9,0.2,0.1,95.8
20230130162733,0.0,0.0,0.0,0.0,18.0,4.1,0.1,77.8
20230130162803,0.0,0.0,0.0,0.0,8.0,0.7,0.3,91.0
20230130162833,0.0,0.0,0.0,0.0,1.1,1.5,0.2,97.3
20230130162903,0.0,0.0,0.0,0.0,2.0,3.8,0.2,94.0
20230130162933,0.0,0.0,0.0,0.0,1.0,1.7,0.1,97.2
20230130163003,0.0,0.0,0.0,0.0,2.4,4.5,0.2,93.0
20230130163033,0.0,0.0,0.0,0.0,2.2,3.3,0.1,94.4
20230130163103,0.0,0.0,0.0,0.0,8.7,8.6,0.2,82.5
20230130163133,0.0,0.0,0.0,0.0,13.5,20.3,1.2,64.9
20230130163203,0.0,0.0,0.0,0.0,16.2,20.5,3.2,60.1
20230130163233,0.0,0.0,0.0,0.0,13.5,4.8,0.6,81.1
20230130163303,0.0,0.0,0.0,0.0,5.4,1.9,0.6,92.2
20230130163333,0.0,0.0,0.0,0.0,13.1,0.8,0.6,85.4
20230130163403,0.0,0.0,0.0,0.0,3.0,4.8,0.6,91.6
20230130163433,0.0,0.0,0.0,0.0,5.4,7.1,1.4,86.1
20230130163503,0.0,0.0,0.0,0.0,2.7,9.8,0.7,86.7
20230130163534,0.0,0.0,0.0,0.0,0.8,13.7,0.6,84.9
20230130163604,0.1,0.0,0.0,0.0,12.4,16.9,0.8,69.9
20230130163634,0.0,0.0,0.0,0.0,0.6,1.2,0.1,98.2
20230130163704,0.0,0.0,0.0,0.0,8.3,4.4,0.2,87.1
20230130163734,0.0,0.0,0.0,0.0,2.9,6.3,0.6,90.2
20230130163804,0.0,0.0,0.0,0.0,2.3,3.6,0.3,93.8
20230130163834,0.0,0.0,0.0,0.0,1.9,20.8,0.6,76.6
20230130163904,0.0,0.0,0.0,0.0,4.1,1.5,0.2,94.3
20230130163934,0.0,0.0,0.0,0.0,6.3,2.0,0.4,91.3
20230130164004,0.0,0.0,0.0,0.0,3.7,11.8,0.2,84.4
20230130164034,0.0,0.0,0.0,0.0,4.4,3.8,0.2,91.6
20230130164104,0.1,0.0,0.0,0.0,3.7,24.1,1.4,70.6
20230130164134,0.0,0.0,0.0,0.0,5.6,50.4,0.9,43.1
20230130164204,0.0,0.0,0.0,0.0,2.9,4.6,0.0,92.4
20230130164234,0.0,0.0,0.0,0.0,9.8,31.5,1.2,57.5
20230130164304,0.0,0.0,0.0,0.0,16.4,9.4,0.4,73.9
20230130164334,0.0,0.0,0.0,0.0,5.3,19.5,0.6,74.6
20230130164404,0.0,0.0,0.0,0.0,9.0,6.5,0.6,84.0
20230130164434,0.0,0.0,0.0,0.0,15.6,5.9,1.1,77.4
20230130164504,0.1,0.0,0.0,0.0,33.1,32.7,1.0,33.1
20230130164534,0.0,0.0,0.0,0.0,5.9,49.0,0.5,44.6
20230130164604,0.0,0.0,0.0,0.0,3.3,15.1,0.3,81.3
20230130164634,0.0,0.0,0.0,0.0,2.5,15.0,0.2,82.3
20230130164704,0.0,0.0,0.0,0.0,12.8,22.9,0.5,63.9
20230130164734,0.1,0.0,0.0,0.0,30.3,33.7,0.9,34.9
20230130164804,0.0,0.0,0.0,0.0,17.8,41.5,0.3,40.3
20230130164834,0.0,0.0,0.0,0.0,10.8,6.9,0.2,82.1
20230130164904,0.1,0.0,0.0,0.0,18.1,34.4,0.3,47.1
20230130164934,0.1,0.0,0.0,0.0,31.1,9.3,0.9,58.6
20230130165004,0.0,0.0,0.0,0.0,10.0,18.6,0.5,70.9
20230130165034,0.1,0.0,0.0,0.0,21.1,8.8,1.0,69.1
20230130165104,0.1,0.0,0.0,0.0,19.0,25.1,0.6,55.2
20230130165134,0.0,0.0,0.0,0.0,11.0,16.7,0.2,71.9
20230130165204,0.0,0.0,0.0,0.0,56.9,8.2,5.3,29.6
20230130165234,0.0,0.0,0.0,0.0,51.3,13.5,0.2,35.0
20230130165304,0.0,0.0,0.0,0.0,25.3,11.8,2.4,60.4
20230130165334,0.1,0.0,0.0,0.0,24.1,33.0,2.6,40.3
20230130165404,0.2,0.0,0.0,0.0,38.2,7.5,3.2,51.0
20230130165434,0.1,0.0,0.0,0.0,65.2,7.8,1.7,25.2
20230130165504,0.0,0.0,0.0,0.0,47.9,3.9,1.1,47.0
20230130165534,0.0,0.0,0.0,0.0,76.9,6.2,2.3,14.6
20230130165604,0.1,0.0,0.0,0.0,20.4,22.3,0.8,56.3
20230130165634,0.0,0.0,0.0,0.0,2.8,1.8,0.5,94.9
20230130165704,0.0,0.0,0.0,0.0,5.7,6.4,0.6,87.2
20230130165734,0.1,0.0,0.0,0.0,10.7,23.3,1.3,64.6
20230130165804,0.0,0.0,0.0,0.0,23.7,8.2,2.5,65.6
20230130165834,0.1,0.0,0.0,0.0,35.3,7.3,1.7,55.6
20230130165904,0.1,0.0,0.0,0.0,50.3,9.2,8.2,32.3
20230130165934,0.0,0.0,0.0,0.0,6.5,3.1,0.5,89.8
20230130170004,0.1,0.0,0.0,0.0,42.6,11.5,0.7,45.1
20230130170034,0.0,0.0,0.0,0.0,32.7,10.6,3.2,53.4
20230130170104,0.1,0.0,0.1,0.0,50.2,11.6,8.0,30.0
20230130170134,0.0,0.0,0.0,0.0,55.0,1.2,1.5,42.3
20230130170204,0.0,0.0,0.0,0.0,14.0,5.0,0.8,80.2
20230130170234,0.0,0.0,0.0,0.0,31.8,8.5,1.4,58.2
20230130170304,0.0,0.0,0.0,0.0,20.4,4.1,2.3,73.2
20230130170334,0.0,0.0,0.0,0.0,14.0,19.9,2.5,63.6
20230130170404,0.0,0.0,0.0,0.0,14.7,0.6,0.3,84.4
20230130170434,0.0,0.0,0.0,0.0,29.8,2.2,1.7,66.3
20230130170504,0.0,0.0,0.0,0.0,8.4,2.4,0.8,88.4
20230130170534,0.0,0.0,0.0,0.0,27.0,2.6,0.9,69.4
20230130170604,0.0,0.0,0.0,0.0,44.7,2.5,0.8,51.8
20230130170634,0.0,0.0,0.0,0.0,16.9,3.5,1.9,77.6
20230130170704,0.0,0.0,0.0,0.0,14.2,3.6,2.1,80.1
20230130170734,0.0,0.0,0.0,0.0,25.8,3.8,2.1,68.2
20230130170804,0.0,0.0,0.0,0.0,17.9,0.5,1.2,80.4
20230130170834,0.0,0.0,0.0,0.0,46.5,2.0,2.1,49.4
20230130170904,0.0,0.0,0.0,0.0,49.8,1.0,1.7,47.5
20230130170934,0.0,0.0,0.0,0.0,57.3,0.6,0.9,41.3
20230130171005,0.0,0.0,0.0,0.0,25.6,2.3,1.3,70.8
20230130171035,0.0,0.0,0.0,0.0,59.0,0.7,0.8,39.5
20230130171105,0.0,0.0,0.0,0.0,20.6,0.6,0.2,78.7
20230130171135,0.0,0.0,0.0,0.0,1.6,0.1,0.4,97.9
20230130171205,0.0,0.0,0.0,0.0,37.6,0.3,0.2,61.9
20230130171235,0.0,0.0,0.0,0.0,2.8,0.3,0.6,96.3
20230130171305,0.0,0.0,0.0,0.0,15.8,0.6,0.1,83.5
20230130171335,0.0,0.0,0.0,0.0,23.4,0.5,0.2,75.9
20230130171405,0.0,0.0,0.0,0.0,46.3,1.5,0.6,51.6
20230130171435,0.0,0.0,0.0,0.0,16.4,0.2,0.5,82.9
20230130171505,0.0,0.0,0.0,0.0,30.2,2.8,0.2,66.8
20230130171535,0.0,0.0,0.0,0.0,25.1,1.0,0.1,73.7
20230130171605,0.0,0.0,0.0,0.0,4.9,1.1,0.1,93.8
20230130171635,0.0,0.0,0.0,0.0,6.9,0.2,0.1,92.8
20230130171705,0.0,0.0,0.0,0.0,48.5,0.9,1.2,49.4
20230130171735,0.0,0.0,0.0,0.0,7.5,0.1,0.2,92.2
20230130171805,0.0,0.0,0.0,0.0,36.1,0.5,1.7,61.7
20230130171835,0.0,0.0,0.0,0.0,8.8,0.4,0.2,90.5
20230130171905,0.0,0.0,0.0,0.0,4.2,0.4,0.4,95.0
20230130171935,0.0,0.0,0.0,0.0,4.1,0.1,0.2,95.6
20230130172005,0.0,0.0,0.0,0.0,7.3,0.1,0.1,92.4
20230130172035,0.0,0.0,0.0,0.0,9.3,0.2,0.3,90.3
20230130172105,0.0,0.0,0.0,0.0,12.4,1.6,0.3,85.6
20230130172135,0.0,0.0,0.0,0.0,34.9,0.6,0.7,63.7
20230130172205,0.0,0.0,0.0,0.0,13.9,0.3,0.3,85.5
20230130172235,0.0,0.0,0.0,0.0,11.6,0.3,0.4,87.6
20230130172305,0.0,0.0,0.0,0.0,13.8,0.1,0.2,85.9
20230130172335,0.0,0.0,0.0,0.0,13.2,0.4,0.5,85.9
20230130172405,0.0,0.0,0.0,0.0,10.5,0.0,0.3,89.2
20230130172435,0.0,0.0,0.0,0.0,8.8,0.2,0.3,90.7
20230130172505,0.0,0.0,0.0,0.0,14.4,0.1,0.1,85.4
20230130172535,0.0,0.0,0.0,0.0,4.1,0.1,0.3,95.5
20230130172605,0.0,0.0,0.0,0.0,11.3,0.3,0.6,87.8
20230130172635,0.0,0.0,0.0,0.0,2.8,0.2,0.1,96.9
20230130172705,0.0,0.0,0.0,0.0,2.3,0.1,0.2,97.4
20230130172735,0.0,0.0,0.0,0.0,8.8,0.4,0.7,90.2
20230130172805,0.0,0.0,0.0,0.0,5.3,0.4,0.3,94.0
20230130172835,0.0,0.0,0.0,0.0,13.9,0.1,0.3,85.6
20230130172905,0.0,0.0,0.0,0.0,1.8,0.2,0.1,97.9
20230130172935,0.0,0.0,0.0,0.0,0.9,0.0,0.1,99.0
20230130173005,0.0,0.0,0.0,0.0,3.9,0.0,0.5,95.5
20230130173035,0.0,0.0,0.0,0.0,4.1,0.3,0.2,95.5
20230130173105,0.0,0.0,0.0,0.0,0.3,0.0,0.0,99.7
20230130173135,0.0,0.0,0.0,0.0,0.8,0.1,0.1,99.1
20230130173205,0.0,0.0,0.0,0.0,3.8,0.0,0.1,96.1
20230130173235,0.0,0.0,0.0,0.0,3.2,0.9,0.4,95.5
20230130173305,0.0,0.0,0.0,0.0,2.3,0.5,0.4,96.8
20230130173335,0.0,0.0,0.0,0.0,15.0,1.5,0.7,82.8
20230130173405,0.0,0.0,0.0,0.0,8.1,1.7,0.7,89.5
20230130173435,0.0,0.0,0.0,0.0,7.6,0.5,0.2,91.6
20230130173505,0.0,0.0,0.0,0.0,3.6,1.8,2.7,91.8
20230130173535,0.0,0.0,0.0,0.0,9.3,0.8,0.8,89.2
20230130173605,0.0,0.0,0.0,0.0,4.5,0.4,0.4,94.8
20230130173635,0.0,0.0,0.0,0.0,19.2,0.3,0.5,80.0
20230130173706,0.0,0.0,0.0,0.0,12.6,0.2,0.4,86.8
20230130173736,0.0,0.0,0.0,0.0,12.3,0.7,0.3,86.7
20230130173806,0.0,0.0,0.0,0.0,7.2,0.3,0.6,91.8
20230130173836,0.0,0.0,0.0,0.0,7.5,0.3,0.2,92.0
20230130173906,0.0,0.0,0.0,0.0,4.0,0.6,0.2,95.2
20230130173936,0.0,0.0,0.0,0.0,2.8,1.0,0.2,96.0
20230130174006,0.0,0.0,0.0,0.0,4.4,0.3,0.1,95.2
20230130174036,0.0,0.0,0.0,0.0,0.4,0.2,0.1,99.3
20230130174106,0.0,0.0,0.0,0.0,3.1,0.1,0.1,96.7
20230130174136,0.0,0.0,0.0,0.0,20.9,0.1,0.2,78.8
20230130174206,0.0,0.0,0.0,0.0,1.7,0.5,0.2,97.6
20230130174236,0.0,0.0,0.0,0.0,1.0,0.1,0.1,98.9
20230130174306,0.0,0.0,0.0,0.0,0.8,1.2,0.1,98.0
20230130174336,0.0,0.0,0.0,0.0,4.8,0.6,0.0,94.5
20230130174406,0.0,0.0,0.0,0.0,3.0,0.2,0.0,96.8
20230130174436,0.0,0.0,0.0,0.0,0.8,0.1,0.1,99.0
20230130174506,0.0,0.0,0.0,0.0,1.8,1.0,0.4,96.8
20230130174536,0.0,0.0,0.0,0.0,3.0,1.7,0.2,95.2
20230130174606,0.0,0.0,0.0,0.0,0.1,0.1,0.1,99.6
20230130174636,0.0,0.0,0.0,0.0,2.0,0.1,0.0,97.8
20230130174706,0.0,0.0,0.0,0.0,0.7,0.1,0.0,99.1
20230130174736,0.0,0.0,0.0,0.0,4.3,8.6,0.2,86.9
20230130174806,0.0,0.0,0.0,0.0,0.8,0.5,0.0,98.7
20230130174836,0.0,0.0,0.0,0.0,4.3,0.1,0.0,95.6
20230130174906,0.0,0.0,0.0,0.0,0.1,0.0,0.0,99.8
20230130174936,0.0,0.0,0.0,0.0,1.2,0.0,0.1,98.7
20230130175006,0.0,0.0,0.0,0.0,2.4,0.8,0.2,96.6
20230130175036,0.0,0.0,0.0,0.0,0.8,0.5,0.2,98.4
20230130175106,0.0,0.0,0.0,0.0,0.5,0.2,0.0,99.3
20230130175136,0.0,0.0,0.0,0.0,0.3,0.1,0.1,99.5
20230130175206,0.0,0.0,0.0,0.0,0.1,0.0,0.0,99.9
20230130175236,0.0,0.0,0.0,0.0,0.1,0.0,0.0,99.8
20230130175306,0.0,0.0,0.0,0.0,0.2,0.0,0.0,99.8
20230130175336,0.0,0.0,0.0,0.0,0.7,0.2,0.1,99.0
20230130175406,0.0,0.0,0.0,0.0,0.8,0.1,0.1,99.1
20230130175436,0.0,0.0,0.0,0.0,3.6,0.0,0.0,96.3
20230130175506,0.0,0.0,0.0,0.0,0.2,0.0,0.1,99.7
20230130175536,0.0,0.0,0.0,0.0,0.3,0.0,0.0,99.6
20230130175606,0.0,0.0,0.0,0.0,1.1,0.0,0.0,98.9
20230130175636,0.0,0.0,0.0,0.0,2.5,0.1,0.1,97.3
20230130175706,0.0,0.0,0.0,0.0,1.2,0.1,0.5,98.2
20230130175736,0.0,0.0,0.0,0.0,2.3,0.0,0.3,97.4
20230130175806,0.0,0.0,0.0,0.0,0.4,0.0,0.3,99.3
20230130175836,0.0,0.0,0.0,0.0,1.3,0.0,0.2,98.5
20230130175906,0.0,0.0,0.0,0.0,0.3,0.0,0.0,99.6
20230130175936,0.0,0.0,0.0,0.0,0.1,0.0,0.0,99.8
20230130180006,0.0,0.0,0.0,0.0,0.5,0.0,0.0,99.5
20230130180036,0.0,0.0,0.0,0.0,0.3,0.0,0.0,99.6
20230130180106,0.0,0.0,0.0,0.0,0.2,0.0,0.0,99.8
20230130180136,0.0,0.0,0.0,0.0,0.0,0.0,0.0,99.9
20230130180206,0.0,0.0,0.0,0.0,0.1,0.0,0.0,99.9
20230130180236,0.0,0.0,0.0,0.0,0.4,0.1,0.0,99.5
20230130180306,0.0,0.0,0.0,0.0,0.1,0.0,0.0,99.9
20230130180336,0.0,0.0,0.0,0.0,0.1,0.0,0.0,99.9
20230130180406,0.0,0.0,0.0,0.0,0.3,0.1,0.0,99.6
20230130180436,0.0,0.0,0.0,0.0,0.3,0.1,0.0,99.6
20230130180506,0.0,0.0,0.0,0.0,0.3,0.1,0.0,99.6
20230130180536,0.0,0.0,0.0,0.0,0.8,0.0,0.0,99.2
20230130180606,0.0,0.0,0.0,0.0,0.2,0.0,0.0,99.8
20230130180636,0.0,0.0,0.0,0.0,0.1,0.0,0.0,99.9
20230130180706,0.0,0.0,0.0,0.0,0.4,0.0,0.0,99.6
20230130180736,0.0,0.0,0.0,0.0,2.6,0.5,0.1,96.8
20230130180806,0.0,0.0,0.0,0.0,0.5,0.0,0.0,99.4
20230130180836,0.0,0.0,0.0,0.0,0.5,0.0,0.0,99.4
20230130180906,0.0,0.0,0.0,0.0,0.6,0.0,0.0,99.4
20230130180936,0.0,0.0,0.0,0.0,0.3,0.0,0.0,99.7
20230130181006,0.0,0.0,0.0,0.0,0.6,0.0,0.0,99.3
20230130181036,0.0,0.0,0.0,0.0,0.5,0.0,0.0,99.5
20230130181106,0.0,0.0,0.0,0.0,0.1,0.0,0.0,99.9
20230130181137,0.0,0.0,0.0,0.0,0.1,0.0,0.0,99.9
20230130181207,0.0,0.0,0.0,0.0,0.2,0.1,0.0,99.7
20230130181237,0.0,0.0,0.0,0.0,0.5,0.0,0.0,99.5
20230130181307,0.0,0.0,0.0,0.0,0.2,0.0,0.0,99.8
20230130181337,0.0,0.0,0.0,0.0,0.1,0.0,0.0,99.9
20230130181407,0.0,0.0,0.0,0.0,0.1,0.0,0.0,99.8
20230130181437,0.0,0.0,0.0,0.0,0.1,0.0,0.0,99.9
20230130181507,0.0,0.0,0.0,0.0,0.1,0.1,0.0,99.8
20230130181537,0.0,0.0,0.0,0.0,0.5,0.0,0.0,99.4
20230130181607,0.0,0.0,0.0,0.0,0.0,0.0,0.0,99.9
20230130181637,0.0,0.0,0.0,0.0,0.2,0.0,0.0,99.8
20230130181707,0.0,0.0,0.0,0.0,0.1,0.0,0.0,99.9
20230130181737,0.0,0.0,0.0,0.0,0.1,0.0,0.0,99.9
20230130181807,0.0,0.0,0.0,0.0,0.3,0.1,0.0,99.6
20230130181837,0.0,0.0,0.0,0.0,0.1,0.0,0.0,99.8
20230130181907,0.0,0.0,0.0,0.0,0.2,0.0,0.0,99.8
20230130181937,0.0,0.0,0.0,0.0,0.0,0.0,0.0,100.0
20230130182007,0.0,0.0,0.0,0.0,0.2,0.0,0.0,99.8
20230130182037,0.0,0.0,0.0,0.0,0.0,0.0,0.0,100.0
20230130182107,0.0,0.0,0.0,0.0,0.1,0.0,0.1,99.8
20230130182137,0.0,0.0,0.0,0.0,0.1,0.0,0.1,99.9
20230130182207,0.0,0.0,0.0,0.0,0.1,0.0,0.0,99.9
20230130182237,0.0,0.0,0.0,0.0,0.2,0.1,0.1,99.6
20230130182307,0.0,0.0,0.0,0.0,0.1,0.0,0.0,99.9
20230130182337,0.0,0.0,0.0,0.0,0.4,0.0,0.0,99.6
20230130182407,0.0,0.0,0.0,0.0,0.0,0.0,0.0,99.9
20230130182437,0.0,0.0,0.0,0.0,0.1,0.0,0.0,99.8
20230130182507,0.0,0.0,0.0,0.0,0.1,0.0,0.0,99.9
20230130182537,0.0,0.0,0.0,0.0,0.4,0.0,0.1,99.5
20230130182607,0.0,0.0,0.0,0.0,0.8,0.0,0.0,99.2
20230130182637,0.0,0.0,0.0,0.0,0.1,0.0,0.0,99.8
20230130182707,0.0,0.0,0.0,0.0,1.9,0.0,0.0,98.0
20230130182737,0.0,0.0,0.0,0.0,0.0,0.0,0.0,100.0
20230130182807,0.0,0.0,0.0,0.0,0.1,0.0,0.0,99.9
20230130182837,0.0,0.0,0.0,0.0,0.5,0.1,0.0,99.3
20230130182907,0.0,0.0,0.0,0.0,0.1,0.0,0.0,99.9
20230130182937,0.0,0.0,0.0,0.0,0.2,0.0,0.0,99.7
20230130183007,0.0,0.0,0.0,0.0,0.2,0.0,0.0,99.8
20230130183037,0.0,0.0,0.0,0.0,0.0,0.0,0.0,100.0
20230130183107,0.0,0.0,0.0,0.0,0.0,0.0,0.0,100.0
20230130183137,0.0,0.0,0.0,0.0,0.0,0.1,0.0,99.9
20230130183207,0.0,0.0,0.0,0.0,0.0,0.0,0.0,100.0
20230130183237,0.0,0.0,0.0,0.0,0.0,0.0,0.0,100.0
20230130183307,0.0,0.0,0.0,0.0,0.1,0.0,0.0,99.8
20230130183337,0.0,0.0,0.0,0.0,0.1,0.0,0.1,99.7
20230130183407,0.0,0.0,0.0,0.0,0.1,0.0,0.0,99.8
20230130183437,0.0,0.0,0.0,0.0,0.2,0.0,0.1,99.7
20230130183507,0.0,0.0,0.0,0.0,0.1,0.0,0.0,99.9
20230130183537,0.0,0.0,0.0,0.0,0.1,0.0,0.0,99.9
20230130183607,0.0,0.0,0.0,0.0,0.5,0.0,0.0,99.5
20230130183637,0.0,0.0,0.0,0.0,0.5,0.0,0.0,99.5
20230130183707,0.0,0.0,0.0,0.0,0.1,0.0,0.0,99.8
20230130183737,0.0,0.0,0.0,0.0,0.1,0.0,0.0,99.8
20230130183807,0.0,0.0,0.0,0.0,0.3,0.3,0.0,99.5
20230130183837,0.0,0.0,0.0,0.0,0.0,0.0,0.0,100.0
20230130183907,0.0,0.0,0.0,0.0,0.2,0.1,0.0,99.7
20230130183937,0.0,0.0,0.0,0.0,0.1,0.0,0.0,99.9
20230130184007,0.0,0.0,0.0,0.0,0.2,0.1,0.0,99.8
20230130184037,0.0,0.0,0.0,0.0,0.0,0.0,0.0,100.0
20230130184107,0.0,0.0,0.0,0.0,0.1,0.0,0.0,99.9
20230130184137,0.0,0.0,0.0,0.0,0.1,0.0,0.0,99.9
20230130184207,0.0,0.0,0.0,0.0,0.1,0.0,0.0,99.9
20230130184237,0.0,0.0,0.0,0.0,0.0,0.0,0.0,99.9
20230130184307,0.0,0.0,0.0,0.0,0.0,0.0,0.0,100.0
20230130184337,0.0,0.0,0.0,0.0,0.1,0.1,0.0,99.8
20230130184407,0.0,0.0,0.0,0.0,0.1,0.0,0.0,99.9
20230130184437,0.0,0.0,0.0,0.0,0.5,0.0,0.0,99.4
20230130184507,0.0,0.0,0.0,0.0,0.2,0.0,0.0,99.8
20230130184538,0.0,0.0,0.0,0.0,2.2,0.0,0.1,97.7
20230130184608,0.0,0.0,0.0,0.0,0.6,0.0,0.0,99.4
20230130184638,0.0,0.0,0.0,0.0,0.1,0.0,0.0,99.9
20230130184708,0.0,0.0,0.0,0.0,0.1,0.0,0.0,99.9
20230130184738,0.0,0.0,0.0,0.0,1.2,0.0,0.0,98.8
20230130184808,0.0,0.0,0.0,0.0,1.1,0.1,0.0,98.7
20230130184838,0.0,0.0,0.0,0.0,3.0,0.0,0.0,96.9
20230130184908,0.0,0.0,0.0,0.0,39.4,0.2,0.8,59.6
20230130184938,0.0,0.0,0.0,0.0,4.5,0.7,0.2,94.6
20230130185008,0.0,0.0,0.0,0.0,3.2,0.0,0.1,96.7
20230130185038,0.0,0.0,0.0,0.0,1.8,0.0,0.1,98.0
20230130185108,0.0,0.0,0.0,0.0,0.0,0.0,0.0,100.0
20230130185138,0.0,0.0,0.0,0.0,0.6,0.1,0.1,99.2
20230130185208,0.0,0.0,0.0,0.0,1.8,0.2,0.1,97.9
20230130185238,0.0,0.0,0.0,0.0,1.6,0.2,0.1,98.1
20230130185308,0.0,0.0,0.0,0.0,0.6,0.1,0.1,99.3
20230130185338,0.0,0.0,0.0,0.0,0.7,0.0,0.1,99.3
20230130185408,0.0,0.0,0.0,0.0,0.2,0.0,0.0,99.8
20230130185438,0.0,0.0,0.0,0.0,0.7,0.0,0.0,99.3
20230130185508,0.0,0.0,0.0,0.0,1.6,0.1,0.1,98.2
20230130185538,0.0,0.0,0.0,0.0,0.2,0.1,0.1,99.6
20230130185608,0.0,0.0,0.0,0.0,3.3,0.1,0.1,96.5
20230130185638,0.0,0.0,0.0,0.0,2.3,0.3,1.3,96.2
20230130185708,0.0,0.0,0.0,0.0,1.1,0.1,0.2,98.6
20230130185738,0.0,0.0,0.0,0.0,0.4,0.0,0.0,99.5
20230130185808,0.0,0.0,0.0,0.0,0.6,0.0,0.0,99.3
20230130185838,0.0,0.0,0.0,0.0,0.2,0.0,0.0,99.8
20230130185908,0.0,0.0,0.0,0.0,0.6,0.0,0.1,99.4
20230130185938,0.0,0.0,0.0,0.0,0.4,0.0,0.0,99.5
20230130190008,0.0,0.0,0.0,0.0,0.1,0.0,0.0,99.9
20230130190038,0.0,0.0,0.0,0.0,0.1,0.0,0.0,99.9
20230130190108,0.0,0.0,0.0,0.0,0.5,0.0,0.0,99.4
20230130190138,0.0,0.0,0.0,0.0,0.4,0.0,0.1,99.5
20230130190208,0.0,0.0,0.0,0.0,4.2,0.7,0.6,94.4
20230130190238,0.0,0.0,0.0,0.0,4.8,0.2,0.1,94.9
20230130190308,0.0,0.0,0.0,0.0,0.6,0.1,0.4,98.9
20230130190338,0.0,0.0,0.0,0.0,3.0,0.1,0.0,96.9
20230130190408,0.0,0.0,0.0,0.0,0.6,0.1,0.1,99.2
20230130190438,0.0,0.0,0.0,0.0,2.4,0.5,0.2,97.0
20230130190508,0.0,0.0,0.0,0.0,0.5,0.5,0.1,98.9
20230130190538,0.0,0.0,0.0,0.0,1.7,2.8,0.1,95.3
20230130190608,0.0,0.0,0.0,0.0,0.3,0.2,0.0,99.5
20230130190638,0.0,0.0,0.0,0.0,0.5,0.1,0.0,99.3
20230130190708,0.0,0.0,0.0,0.0,7.1,1.1,0.2,91.7
20230130190738,0.0,0.0,0.0,0.0,2.9,0.4,0.2,96.6
20230130190808,0.0,0.0,0.0,0.0,1.6,0.8,0.4,97.2
20230130190838,0.0,0.0,0.0,0.0,29.1,2.2,0.5,68.2
20230130190908,0.0,0.0,0.0,0.0,29.5,1.9,1.0,67.6
20230130190938,0.0,0.0,0.0,0.0,46.2,3.1,0.4,50.3
20230130191008,0.0,0.0,0.0,0.0,33.4,6.0,0.8,59.8
20230130191038,0.0,0.0,0.0,0.0,19.0,2.4,1.7,76.9
20230130191108,0.0,0.0,0.0,0.0,5.3,0.4,1.2,93.0
20230130191138,0.0,0.0,0.0,0.0,19.2,1.0,1.2,78.6
20230130191208,0.0,0.0,0.0,0.0,11.5,0.6,0.2,87.8
20230130191239,0.0,0.0,0.0,0.0,14.5,0.1,0.1,85.3
20230130191309,0.0,0.0,0.0,0.0,14.2,0.5,0.4,84.9
20230130191339,0.0,0.0,0.0,0.0,7.3,0.1,0.1,92.5
20230130191409,0.0,0.0,0.0,0.0,9.7,0.1,0.3,89.9
20230130191439,0.0,0.0,0.0,0.0,6.2,0.6,1.1,92.1
20230130191509,0.0,0.0,0.0,0.0,23.0,0.1,0.3,76.7
20230130191539,0.0,0.0,0.0,0.0,14.1,0.3,0.4,85.2
20230130191609,0.0,0.0,0.0,0.0,45.5,0.1,0.6,53.8
20230130191639,0.0,0.0,0.0,0.0,6.7,0.1,0.1,93.1
20230130191709,0.0,0.0,0.0,0.0,7.2,0.2,0.4,92.2
20230130191739,0.0,0.0,0.0,0.0,21.6,0.3,0.1,78.1
20230130191809,0.0,0.0,0.0,0.0,6.0,0.5,0.0,93.5
20230130191839,0.0,0.0,0.0,0.0,4.6,0.2,0.0,95.1
20230130191909,0.0,0.0,0.0,0.0,21.0,0.2,0.1,78.6
20230130191939,0.0,0.0,0.0,0.0,1.6,0.3,0.0,98.0
20230130192009,0.0,0.0,0.0,0.0,6.3,0.0,0.0,93.6
20230130192039,0.0,0.0,0.0,0.0,23.9,0.4,0.2,75.4
20230130192109,0.0,0.0,0.0,0.0,31.7,0.1,0.1,68.1
20230130192139,0.0,0.0,0.0,0.0,3.9,0.2,0.1,95.9
20230130192209,0.0,0.0,0.0,0.0,34.3,0.2,0.2,65.2
20230130192239,0.0,0.0,0.0,0.0,2.9,0.3,0.0,96.8
20230130192309,0.0,0.0,0.0,0.0,18.1,0.1,0.2,81.5
20230130192339,0.0,0.0,0.0,0.0,3.9,0.2,0.0,95.9
20230130192409,0.0,0.0,0.0,0.0,7.6,0.4,0.1,91.9
20230130192439,0.0,0.0,0.0,0.0,4.1,0.8,0.0,95.1
20230130192509,0.0,0.0,0.0,0.0,3.8,0.3,0.1,95.9
20230130192539,0.0,0.0,0.0,0.0,13.0,1.8,0.1,85.1
20230130192609,0.0,0.0,0.0,0.0,3.9,0.1,0.0,95.9
20230130192639,0.0,0.0,0.0,0.0,7.8,0.7,0.2,91.4
20230130192709,0.0,0.0,0.0,0.0,23.9,0.8,0.1,75.1
20230130192739,0.0,0.0,0.0,0.0,1.1,0.2,0.1,98.6
20230130192809,0.0,0.0,0.0,0.0,12.8,1.1,0.1,86.0
20230130192839,0.0,0.0,0.0,0.0,16.4,0.4,0.0,83.2
20230130192909,0.0,0.0,0.0,0.0,9.2,0.9,0.1,89.8
20230130192939,0.0,0.0,0.0,0.0,38.0,2.3,0.2,59.5
20230130193009,0.0,0.0,0.0,0.0,5.9,0.2,0.2,93.7
20230130193039,0.0,0.0,0.0,0.0,38.0,1.8,0.3,59.9
20230130193109,0.0,0.0,0.0,0.0,49.7,0.5,0.1,49.7
20230130193139,0.0,0.0,0.0,0.0,16.3,0.1,0.0,83.5
20230130193209,0.0,0.0,0.0,0.0,55.0,0.3,0.2,44.5
20230130193239,0.0,0.0,0.0,0.0,11.4,0.3,0.2,88.1
20230130193309,0.0,0.0,0.0,0.0,57.7,1.5,0.7,40.1
20230130193339,0.0,0.0,0.0,0.0,8.7,0.1,0.0,91.2
20230130193409,0.0,0.0,0.0,0.0,14.5,3.2,0.5,81.8
20230130193439,0.0,0.0,0.0,0.0,7.8,0.9,0.3,91.0
20230130193509,0.0,0.0,0.0,0.0,16.9,0.9,0.4,81.8
20230130193539,0.0,0.0,0.0,0.0,27.2,0.4,0.0,72.3
20230130193609,0.0,0.0,0.0,0.0,38.8,1.9,0.3,59.0
20230130193639,0.0,0.0,0.0,0.0,20.9,6.6,0.5,72.0
20230130193709,0.0,0.0,0.0,0.0,14.5,3.0,0.2,82.4
20230130193739,0.0,0.0,0.0,0.0,34.7,14.9,2.1,48.3
20230130193809,0.0,0.0,0.0,0.0,30.3,2.9,0.3,66.5
20230130193839,0.0,0.0,0.0,0.0,64.4,3.1,0.2,32.3
20230130193909,0.0,0.0,0.0,0.0,54.2,2.5,0.0,43.3
20230130193939,0.0,0.0,0.0,0.0,15.2,0.1,0.0,84.6
20230130194009,0.0,0.0,0.0,0.0,33.6,0.8,0.0,65.6
20230130194039,0.0,0.0,0.0,0.0,9.0,1.7,0.1,89.2
20230130194109,0.0,0.0,0.0,0.0,19.1,1.2,0.1,79.7
20230130194139,0.0,0.0,0.0,0.0,56.2,0.4,0.0,43.3
20230130194209,0.0,0.0,0.0,0.0,44.0,1.1,0.1,54.9
20230130194239,0.0,0.0,0.0,0.0,39.6,1.9,0.1,58.5
20230130194309,0.0,0.0,0.0,0.0,81.4,2.5,0.2,15.9
20230130194339,0.0,0.0,0.0,0.0,43.5,9.2,0.2,47.0
20230130194409,0.0,0.0,0.0,0.0,58.9,20.8,0.6,19.7
20230130194439,0.0,0.0,0.0,0.0,33.2,17.3,0.2,49.3
20230130194509,0.0,0.0,0.0,0.0,13.6,9.4,0.2,76.8
20230130194539,0.0,0.0,0.0,0.0,66.1,5.8,0.0,28.1
20230130194609,0.0,0.0,0.0,0.0,78.2,3.0,0.2,18.7
20230130194639,0.0,0.0,0.0,0.0,81.6,5.3,0.1,12.9
20230130194710,0.0,0.0,0.0,0.0,94.0,0.7,0.0,5.3
20230130194740,0.0,0.0,0.0,0.0,28.1,4.6,0.2,67.2
20230130194810,0.0,0.0,0.0,0.0,58.8,32.3,0.3,8.7
20230130194840,0.0,0.0,0.0,0.0,26.1,19.1,0.6,54.2
20230130194910,0.0,0.0,0.0,0.0,40.6,7.9,0.2,51.3
20230130194940,0.0,0.0,0.0,0.0,88.3,1.5,0.1,10.1
20230130195010,0.0,0.0,0.0,0.0,44.4,4.8,0.1,50.7
20230130195040,0.0,0.0,0.0,0.0,92.5,4.5,0.1,2.9
20230130195110,0.0,0.0,0.0,0.0,41.5,2.3,0.1,56.0
20230130195140,0.0,0.0,0.0,0.0,44.7,10.8,0.1,44.4
20230130195210,0.0,0.0,0.0,0.0,62.5,24.5,0.2,12.8
20230130195240,0.0,0.0,0.0,0.0,45.9,26.0,0.4,27.8
20230130195310,0.0,0.0,0.0,0.0,74.2,19.0,0.2,6.6
20230130195340,0.0,0.0,0.0,0.0,56.3,18.7,0.2,24.8
20230130195410,0.0,0.0,0.0,0.0,22.8,3.1,0.1,73.9
20230130195440,0.0,0.0,0.0,0.0,71.7,1.4,0.1,26.8
20230130195510,0.0,0.0,0.0,0.0,70.2,1.5,0.0,28.3
20230130195540,0.0,0.0,0.0,0.0,74.2,3.8,0.1,21.9
20230130195610,0.0,0.0,0.0,0.0,84.3,1.0,0.1,14.7
20230130195640,0.0,0.0,0.0,0.0,22.3,4.1,0.2,73.3
20230130195710,0.0,0.0,0.0,0.0,92.6,0.9,0.1,6.4
20230130195740,0.0,0.0,0.0,0.0,74.4,10.2,0.3,15.1
20230130195810,0.0,0.0,0.0,0.0,25.1,13.2,0.9,60.8
20230130195840,0.0,0.0,0.0,0.0,63.2,7.7,0.4,28.7
20230130195910,0.0,0.0,0.0,0.0,30.4,16.5,0.2,52.9
20230130195940,0.0,0.0,0.0,0.0,50.0,7.5,0.3,42.1
20230130200010,0.0,0.0,0.0,0.0,4.6,42.9,0.3,52.2
20230130200040,0.0,0.0,0.0,0.0,35.6,37.9,0.9,25.6
20230130200110,0.0,0.0,0.0,0.0,42.2,10.8,0.5,46.4
20230130200140,0.0,0.0,0.0,0.0,12.1,5.8,0.1,81.9
20230130200210,0.0,0.0,0.0,0.0,33.6,18.5,0.4,47.5
20230130200240,0.0,0.0,0.0,0.0,7.5,4.4,0.2,87.9
20230130200310,0.0,0.0,0.0,0.0,28.4,1.7,0.3,69.5
20230130200340,0.0,0.0,0.0,0.0,21.8,3.0,0.2,75.0
20230130200410,0.0,0.0,0.0,0.0,10.8,4.6,0.2,84.5
20230130200440,0.0,0.0,0.0,0.0,40.7,13.4,0.5,45.5
20230130200510,0.0,0.0,0.0,0.0,49.3,2.9,0.1,47.7
20230130200540,0.0,0.0,0.0,0.0,58.5,4.4,0.1,37.1
20230130200610,0.0,0.0,0.0,0.0,36.8,3.5,0.0,59.7
20230130200640,0.0,0.0,0.0,0.0,6.3,3.2,0.1,90.3
20230130200710,0.0,0.0,0.0,0.0,0.8,0.1,0.0,99.0
20230130200740,0.0,0.0,0.0,0.0,6.3,5.0,0.1,88.5
20230130200810,0.0,0.0,0.0,0.0,4.5,1.9,0.1,93.5
20230130200840,0.0,0.0,0.0,0.0,5.8,1.5,0.2,92.6
20230130200910,0.0,0.0,0.0,0.0,4.6,1.9,0.1,93.5
20230130200940,0.0,0.0,0.0,0.0,16.3,2.9,0.1,80.6
20230130201010,0.0,0.0,0.0,0.0,60.4,5.2,0.1,34.3
20230130201040,0.0,0.0,0.0,0.0,57.5,6.1,0.0,36.4
20230130201110,0.0,0.0,0.0,0.0,76.7,4.3,0.1,18.9
20230130201140,0.0,0.0,0.0,0.0,66.8,3.7,0.0,29.5
20230130201210,0.0,0.0,0.0,0.0,14.5,2.4,0.1,83.0
20230130201240,0.0,0.0,0.0,0.0,39.1,3.8,0.0,57.0
20230130201310,0.0,0.0,0.0,0.0,20.4,4.2,0.0,75.4
20230130201340,0.0,0.0,0.0,0.0,22.0,1.4,0.1,76.6
20230130201410,0.0,0.0,0.0,0.0,10.7,27.1,0.2,62.0
20230130201440,0.0,0.0,0.0,0.0,39.1,1.8,0.0,59.1
20230130201510,0.0,0.0,0.0,0.0,8.9,6.4,0.1,84.7
20230130201540,0.0,0.0,0.0,0.0,50.7,9.2,0.0,40.0
20230130201610,0.0,0.0,0.0,0.0,48.4,17.2,0.5,33.9
20230130201640,0.0,0.0,0.0,0.0,50.6,2.1,0.1,47.2
20230130201710,0.0,0.0,0.0,0.0,27.7,2.6,0.1,69.6
20230130201740,0.0,0.0,0.0,0.0,39.5,0.6,0.3,59.5
20230130201810,0.0,0.0,0.0,0.0,79.0,2.6,0.1,18.4
20230130201840,0.0,0.0,0.0,0.0,67.1,19.3,0.4,13.2
20230130201910,0.0,0.0,0.0,0.0,41.3,3.3,0.2,55.2
20230130201940,0.0,0.0,0.0,0.0,11.5,1.1,0.2,87.3
20230130202010,0.0,0.0,0.0,0.0,18.4,1.1,0.1,80.5
20230130202040,0.0,0.0,0.0,0.0,49.1,4.9,0.1,45.8
20230130202111,0.0,0.0,0.0,0.0,55.6,2.1,0.0,42.3
20230130202141,0.0,0.0,0.0,0.0,26.9,25.5,0.3,47.2
20230130202211,0.0,0.0,0.0,0.0,51.4,11.6,0.4,36.7
20230130202241,0.0,0.0,0.0,0.0,54.2,25.2,0.3,20.3
20230130202311,0.0,0.0,0.0,0.0,27.1,0.3,0.0,72.6
20230130202341,0.0,0.0,0.0,0.0,77.7,9.9,0.1,12.3
20230130202411,0.0,0.0,0.0,0.0,90.5,1.3,0.4,7.8
20230130202441,0.0,0.0,0.0,0.0,44.0,0.7,0.2,55.0
20230130202511,0.0,0.0,0.0,0.0,81.8,1.5,0.4,16.3
20230130202541,0.0,0.0,0.0,0.0,84.5,0.2,0.0,15.2
20230130202611,0.0,0.0,0.0,0.0,99.1,0.0,0.0,0.9
20230130202641,0.0,0.0,0.0,0.0,94.2,0.0,0.0,5.7
20230130202711,0.0,0.0,0.0,0.0,97.5,0.0,0.0,2.5
20230130202741,0.0,0.0,0.0,0.0,97.0,0.0,0.0,3.0
20230130202811,0.0,0.0,0.0,0.0,93.0,0.0,0.0,7.0
20230130202841,0.0,0.0,0.0,0.0,98.7,0.0,0.0,1.3
20230130202911,0.0,0.0,0.0,0.0,93.7,0.0,0.2,6.1
20230130202941,0.0,0.0,0.0,0.0,99.6,0.0,0.0,0.4
20230130203011,0.0,0.0,0.0,0.0,83.8,0.0,0.0,16.1
20230130203041,0.0,0.0,0.0,0.0,78.6,0.0,0.0,21.4
20230130203111,0.0,0.0,0.0,0.0,91.1,0.0,0.0,8.8
20230130203141,0.0,0.0,0.0,0.0,97.4,0.0,0.0,2.5
20230130203211,0.0,0.0,0.0,0.0,83.0,0.0,0.2,16.8
20230130203241,0.0,0.0,0.0,0.0,97.5,0.0,0.0,2.5
20230130203311,0.0,0.0,0.0,0.0,99.2,0.0,0.0,0.8
20230130203341,0.0,0.0,0.0,0.0,90.2,0.0,0.0,9.8
20230130203411,0.0,0.0,0.0,0.0,94.7,0.0,0.0,5.3
20230130203441,0.0,0.0,0.0,0.0,99.8,0.0,0.0,0.2
20230130203511,0.0,0.0,0.0,0.0,88.4,0.0,0.0,11.6
20230130203541,0.0,0.0,0.0,0.0,92.5,0.0,0.1,7.4
20230130203611,0.0,0.0,0.0,0.0,52.9,0.0,0.5,46.6
20230130203641,0.0,0.0,0.0,0.0,97.5,0.0,0.0,2.4
20230130203711,0.0,0.0,0.0,0.0,78.2,0.0,0.1,21.7
20230130203741,0.0,0.0,0.0,0.0,90.0,0.0,0.1,9.9
20230130203811,0.0,0.0,0.0,0.0,90.0,0.0,0.0,10.0
20230130203841,0.0,0.0,0.0,0.0,94.7,0.0,0.0,5.2
20230130203911,0.0,0.0,0.0,0.0,95.7,0.0,0.1,4.2
20230130203941,0.0,0.0,0.0,0.0,97.3,0.0,0.0,2.7
20230130204011,0.0,0.0,0.0,0.0,92.0,0.0,0.4,7.6
20230130204041,0.0,0.0,0.0,0.0,99.8,0.0,0.0,0.1
20230130204111,0.0,0.0,0.0,0.0,95.7,0.0,0.0,4.2
20230130204141,0.0,0.0,0.0,0.0,98.7,0.0,0.0,1.3
20230130204211,0.0,0.0,0.0,0.0,82.6,0.0,0.4,17.0
20230130204241,0.0,0.0,0.0,0.0,92.6,0.0,0.0,7.3
20230130204311,0.0,0.0,0.0,0.0,99.5,0.0,0.0,0.5
20230130204341,0.0,0.0,0.0,0.0,93.7,0.0,0.0,6.3
20230130204411,0.0,0.0,0.0,0.0,100.0,0.0,0.0,0.0
20230130204441,0.0,0.0,0.0,0.0,99.8,0.0,0.0,0.2
20230130204511,0.0,0.0,0.0,0.0,100.0,0.0,0.0,0.0
20230130204541,0.0,0.0,0.0,0.0,99.9,0.0,0.0,0.1
20230130204611,0.0,0.0,0.0,0.0,99.6,0.0,0.0,0.4
20230130204641,0.0,0.0,0.0,0.0,99.9,0.0,0.0,0.1
20230130204711,0.0,0.0,0.0,0.0,99.9,0.0,0.0,0.1
20230130204741,0.0,0.0,0.0,0.0,99.7,0.0,0.0,0.3
20230130204811,0.0,0.0,0.0,0.0,100.0,0.0,0.0,0.0
20230130204842,0.0,0.0,0.0,0.0,100.0,0.0,0.0,0.0
20230130204912,0.0,0.0,0.0,0.0,99.6,0.1,0.0,0.3
20230130204942,0.0,0.0,0.0,0.0,98.4,0.0,0.0,1.6
20230130205012,0.0,0.0,0.0,0.0,97.3,0.0,0.0,2.7
20230130205042,0.0,0.0,0.0,0.0,98.7,0.0,0.0,1.3
20230130205112,0.0,0.0,0.0,0.0,94.9,0.0,0.1,4.9
20230130205142,0.0,0.0,0.0,0.0,91.9,0.0,0.0,8.0
20230130205212,0.0,0.0,0.0,0.0,94.9,0.0,0.0,5.1
20230130205242,0.0,0.0,0.0,0.0,93.3,0.0,0.0,6.7
20230130205312,0.0,0.0,0.0,0.0,68.6,0.0,0.1,31.3
20230130205342,0.0,0.0,0.0,0.0,98.8,0.0,0.0,1.2
20230130205412,0.0,0.0,0.0,0.0,99.2,0.0,0.0,0.7
20230130205442,0.0,0.0,0.0,0.0,97.0,0.0,0.0,3.0
20230130205512,0.0,0.0,0.0,0.0,98.1,0.0,0.1,1.8
20230130205542,0.0,0.0,0.0,0.0,99.7,0.0,0.0,0.3
20230130205612,0.0,0.0,0.0,0.0,84.2,0.0,0.8,15.0
20230130205642,0.0,0.0,0.0,0.0,98.8,0.0,0.1,1.1
20230130205712,0.0,0.0,0.0,0.0,99.9,0.0,0.0,0.1
20230130205742,0.0,0.0,0.0,0.0,98.1,0.0,0.3,1.6
20230130205812,0.0,0.0,0.0,0.0,100.0,0.0,0.0,0.0
20230130205842,0.0,0.0,0.0,0.0,99.8,0.0,0.0,0.2
20230130205912,0.0,0.0,0.0,0.0,96.7,0.1,0.3,2.8
20230130205942,0.0,0.0,0.0,0.0,96.2,0.1,0.2,3.5
20230130210012,0.0,0.0,0.0,0.0,100.0,0.0,0.0,0.0
20230130210042,0.0,0.0,0.0,0.0,100.0,0.0,0.0,0.0
20230130210112,0.0,0.0,0.0,0.0,100.0,0.0,0.0,0.0
20230130210142,0.0,0.0,0.0,0.0,100.0,0.0,0.0,0.0
20230130210212,0.0,0.0,0.0,0.0,100.0,0.0,0.0,0.0
20230130210242,0.0,0.0,0.0,0.0,100.0,0.0,0.0,0.0
20230130210312,0.0,0.0,0.0,0.0,100.0,0.0,0.0,0.0
20230130210342,0.0,0.0,0.0,0.0,100.0,0.0,0.0,0.0
20230130210412,0.0,0.0,0.0,0.0,100.0,0.0,0.0,0.0
20230130210442,0.0,0.0,0.0,0.0,100.0,0.0,0.0,0.0
20230130210512,0.0,0.0,0.0,0.0,100.0,0.0,0.0,0.0
20230130210542,0.0,0.0,0.0,0.0,100.0,0.0,0.0,0.0
20230130210612,0.0,0.0,0.0,0.0,100.0,0.0,0.0,0.0
20230130210642,0.0,0.0,0.0,0.0,100.0,0.0,0.0,0.0
20230130210712,0.0,0.0,0.0,0.0,100.0,0.0,0.0,0.0
20230130210742,0.0,0.0,0.0,0.0,100.0,0.0,0.0,0.0
20230130210812,0.0,0.0,0.0,0.0,100.0,0.0,0.0,0.0
20230130210842,0.0,0.0,0.0,0.0,100.0,0.0,0.0,0.0
20230130210912,0.0,0.0,0.0,0.0,100.0,0.0,0.0,0.0
20230130210942,0.0,0.0,0.0,0.0,100.0,0.0,0.0,0.0
20230130211012,0.0,0.0,0.0,0.0,100.0,0.0,0.0,0.0
20230130211042,0.0,0.0,0.0,0.0,100.0,0.0,0.0,0.0
20230130211112,0.0,0.0,0.0,0.0,100.0,0.0,0.0,0.0
20230130211142,0.0,0.0,0.0,0.0,100.0,0.0,0.0,0.0
20230130211212,0.0,0.0,0.0,0.0,100.0,0.0,0.0,0.0
20230130211242,0.0,0.0,0.0,0.0,100.0,0.0,0.0,0.0
20230130211312,0.0,0.0,0.0,0.0,100.0,0.0,0.0,0.0
20230130211342,0.0,0.0,0.0,0.0,100.0,0.0,0.0,0.0
20230130211412,0.0,0.2,0.0,0.1,99.7,0.0,0.0,0.0
20230130211442,0.0,0.0,0.0,0.0,100.0,0.0,0.0,0.0
20230130211512,0.0,0.0,0.0,0.0,99.9,0.0,0.0,0.0
20230130211542,0.0,0.0,0.0,0.0,100.0,0.0,0.0,0.0
20230130211612,0.0,0.0,0.0,0.0,100.0,0.0,0.0,0.0
20230130211642,0.0,0.0,0.0,0.0,100.0,0.0,0.0,0.0
20230130211712,0.0,0.0,0.0,0.0,100.0,0.0,0.0,0.0
20230130211742,0.0,0.0,0.0,0.0,100.0,0.0,0.0,0.0
20230130211812,0.0,0.0,0.0,0.0,100.0,0.0,0.0,0.0
20230130211842,0.0,0.0,0.0,0.0,100.0,0.0,0.0,0.0
20230130211912,0.0,0.0,0.0,0.0,100.0,0.0,0.0,0.0
20230130211942,0.0,0.0,0.0,0.0,100.0,0.0,0.0,0.0
20230130212012,0.0,0.0,0.0,0.0,100.0,0.0,0.0,0.0
20230130212042,0.0,0.0,0.0,0.0,100.0,0.0,0.0,0.0
20230130212112,0.0,0.0,0.0,0.0,100.0,0.0,0.0,0.0
20230130212142,0.0,0.0,0.0,0.0,100.0,0.0,0.0,0.0
20230130212212,0.0,0.0,0.0,0.0,100.0,0.0,0.0,0.0
20230130212243,0.0,0.0,0.0,0.0,100.0,0.0,0.0,0.0
20230130212313,0.0,0.0,0.0,0.0,100.0,0.0,0.0,0.0
20230130212343,0.0,0.0,0.0,0.0,100.0,0.0,0.0,0.0
20230130212413,0.0,0.0,0.0,0.0,100.0,0.0,0.0,0.0
20230130212443,0.0,0.0,0.0,0.0,100.0,0.0,0.0,0.0
20230130212513,0.0,0.0,0.0,0.0,100.0,0.0,0.0,0.0
20230130212543,0.0,0.0,0.0,0.0,100.0,0.0,0.0,0.0
20230130212613,0.0,0.0,0.0,0.0,100.0,0.0,0.0,0.0
20230130212643,0.0,0.0,0.0,0.0,100.0,0.0,0.0,0.0
20230130212713,0.0,0.0,0.0,0.0,100.0,0.0,0.0,0.0
20230130212743,0.0,0.1,0.0,0.0,99.9,0.0,0.0,0.0
20230130212813,0.0,27.6,0.0,0.1,72.3,0.0,0.0,0.0
20230130212843,0.0,72.0,0.0,0.0,28.0,0.0,0.0,0.0
20230130212913,0.0,97.2,0.0,0.0,2.8,0.0,0.0,0.0
20230130212943,0.0,99.9,0.0,0.0,0.1,0.0,0.0,0.0
20230130213013,0.0,93.3,0.0,0.0,6.7,0.0,0.0,0.0
20230130213043,0.0,85.6,0.0,1.6,12.8,0.0,0.0,0.0
20230130213113,0.0,0.0,0.0,0.0,100.0,0.0,0.0,0.0
20230130213143,0.0,3.4,0.0,0.0,96.6,0.0,0.0,0.0
20230130213213,0.0,99.6,0.0,0.0,0.4,0.0,0.0,0.0
20230130213243,0.0,75.3,0.0,0.0,24.7,0.0,0.0,0.0
20230130213313,0.0,1.7,0.0,0.0,98.3,0.0,0.0,0.0
20230130213343,0.0,0.0,0.0,0.0,100.0,0.0,0.0,0.0
