UT,arc,discrete,diffuse,ac,ab,clear,cloudy,dd
20230110134100,0.0,0.0,0.0,0.0,0.0,0.0,0.0,100.0
20230110134130,0.0,0.0,0.0,0.0,0.0,0.0,0.0,100.0
20230110134200,0.0,0.0,0.0,0.0,0.0,0.0,0.0,100.0
20230110134230,0.0,0.0,0.0,0.0,0.0,0.0,0.0,100.0
20230110134300,0.0,0.0,0.0,0.0,0.0,0.0,0.0,100.0
20230110134330,0.0,0.0,0.0,0.0,0.0,0.0,0.0,100.0
20230110134400,0.0,0.0,0.0,0.0,0.0,0.0,0.0,100.0
20230110134430,0.0,0.0,0.0,0.0,0.0,0.0,0.0,100.0
20230110134500,0.0,0.0,0.0,0.0,0.0,0.0,0.0,100.0
20230110134530,0.0,0.0,0.0,0.0,0.0,0.0,0.0,100.0
20230110134600,0.0,0.0,0.0,0.0,0.0,0.0,0.0,100.0
20230110134630,0.0,0.0,0.0,0.0,0.0,0.0,0.0,100.0
20230110134700,0.0,0.0,0.0,0.0,0.0,0.0,0.0,100.0
20230110134730,0.0,0.0,0.0,0.0,0.0,0.0,0.0,100.0
20230110134800,0.0,0.0,0.0,0.0,0.0,0.0,0.0,100.0
20230110134830,0.0,0.0,0.0,0.0,0.0,0.0,0.0,100.0
20230110134900,0.0,0.0,0.0,0.0,0.0,0.0,0.0,100.0
20230110134930,0.0,0.0,0.0,0.0,0.0,0.0,0.0,100.0
20230110135000,0.0,0.0,0.0,0.0,0.0,0.0,0.0,100.0
20230110135030,0.0,0.0,0.0,0.0,0.0,0.0,0.0,100.0
20230110135100,0.0,0.0,0.0,0.0,0.0,0.0,0.0,100.0
20230110135130,0.0,0.0,0.0,0.0,0.0,0.0,0.0,100.0
20230110135200,0.0,0.0,0.0,0.0,0.0,0.0,0.0,100.0
20230110135230,0.0,0.0,0.0,0.0,0.0,0.0,0.0,100.0
20230110135300,0.0,0.0,0.0,0.0,0.0,0.0,0.0,100.0
20230110135330,0.0,0.0,0.0,0.0,0.0,0.0,0.0,100.0
20230110135400,0.0,0.0,0.0,0.0,0.0,0.0,0.0,100.0
20230110135430,0.0,0.0,0.0,0.0,0.0,0.0,0.0,100.0
20230110135500,0.0,0.0,0.0,0.0,0.0,0.0,0.0,100.0
20230110135531,0.0,0.0,0.0,0.0,0.0,0.0,0.0,100.0
20230110135601,0.0,0.0,0.0,0.0,0.0,0.0,0.0,100.0
20230110135631,0.0,0.0,0.0,0.0,0.0,0.0,0.0,100.0
20230110135701,0.0,0.0,0.0,0.0,0.0,0.0,0.0,100.0
20230110135731,0.0,0.0,0.0,0.0,0.0,0.0,0.0,100.0
20230110135801,0.0,0.0,0.0,0.0,0.0,0.0,0.0,100.0
20230110135831,0.0,0.0,0.0,0.0,0.0,0.0,0.0,100.0
20230110135901,0.0,0.0,0.0,0.0,0.0,0.0,0.0,100.0
20230110135931,0.0,0.0,0.0,0.0,0.0,0.0,0.0,100.0
20230110140001,0.0,0.0,0.0,0.0,0.0,0.0,0.0,100.0
20230110140031,0.0,0.0,0.0,0.0,0.0,0.0,0.0,100.0
20230110140101,0.0,0.0,0.0,0.0,0.0,0.0,0.0,100.0
20230110140131,0.0,0.0,0.0,0.0,0.0,0.0,0.0,100.0
20230110140201,0.0,0.0,0.0,0.0,0.0,0.0,0.0,100.0
20230110140231,0.0,0.0,0.0,0.0,0.0,0.0,0.0,100.0
20230110140301,0.0,0.0,0.0,0.0,0.1,0.0,0.0,99.9
20230110140331,0.0,0.0,0.0,0.0,0.1,0.0,0.0,99.9
20230110140401,0.0,0.0,0.0,0.0,0.1,0.0,0.0,99.9
20230110140431,0.0,0.0,0.0,0.0,0.1,0.0,0.0,99.9
20230110140501,0.0,0.0,0.0,0.0,0.1,0.0,0.0,99.9
20230110140531,0.0,0.0,0.0,0.0,0.0,0.0,0.0,100.0
20230110140601,0.0,0.0,0.0,0.0,0.0,0.0,0.0,100.0
20230110140631,0.0,0.0,0.0,0.0,0.1,0.0,0.0,99.9
20230110140701,0.0,0.0,0.0,0.0,0.2,0.0,0.0,99.8
20230110140731,0.0,0.0,0.0,0.0,0.2,0.0,0.0,99.8
20230110140801,0.0,0.0,0.0,0.0,0.1,0.0,0.0,99.8
20230110140831,0.0,0.0,0.0,0.0,0.1,0.0,0.0,99.9
20230110140901,0.0,0.0,0.0,0.0,0.1,0.0,0.0,99.9
20230110140931,0.0,0.0,0.0,0.0,0.1,0.0,0.0,99.9
20230110141001,0.0,0.0,0.0,0.0,0.2,0.0,0.0,99.8
20230110141031,0.0,0.0,0.0,0.0,0.1,0.0,0.1,99.9
20230110141101,0.0,0.0,0.0,0.0,0.5,0.0,0.2,99.3
20230110141131,0.0,0.0,0.0,0.0,0.8,0.0,0.2,99.1
20230110141201,0.0,0.0,0.0,0.0,0.6,0.0,0.3,99.1
20230110141231,0.0,0.0,0.0,0.0,0.1,0.0,0.0,99.9
20230110141301,0.0,0.0,0.0,0.0,0.2,0.0,0.1,99.8
20230110141331,0.0,0.0,0.0,0.0,0.1,0.0,0.1,99.9
20230110141401,0.0,0.0,0.0,0.0,1.2,0.0,0.3,98.5
20230110141431,0.0,0.0,0.0,0.0,0.3,0.0,0.0,99.6
20230110141501,0.0,0.0,0.0,0.0,0.3,0.0,0.0,99.7
20230110141531,0.0,0.0,0.0,0.0,0.8,0.0,0.1,99.1
20230110141601,0.0,0.0,0.0,0.0,0.5,0.0,0.1,99.4
20230110141631,0.0,0.0,0.0,0.0,1.9,0.0,0.3,97.9
20230110141701,0.0,0.0,0.0,0.0,4.5,0.0,0.4,95.1
20230110141731,0.0,0.0,0.0,0.0,2.8,0.0,0.3,96.9
20230110141801,0.0,0.0,0.0,0.0,5.3,0.0,0.1,94.6
20230110141831,0.0,0.0,0.0,0.0,12.5,0.0,0.5,87.0
20230110141901,0.0,0.0,0.0,0.0,7.3,0.0,0.1,92.6
20230110141931,0.0,0.0,0.0,0.0,5.0,0.0,0.1,94.9
20230110142001,0.0,0.0,0.0,0.0,3.7,0.0,0.3,96.0
20230110142031,0.0,0.0,0.0,0.0,7.0,0.0,0.1,92.9
20230110142101,0.0,0.0,0.0,0.0,1.4,0.0,0.1,98.5
20230110142131,0.0,0.0,0.0,0.0,3.8,0.0,0.2,96.1
20230110142201,0.0,0.0,0.0,0.0,1.6,0.0,0.1,98.3
20230110142232,0.0,0.0,0.0,0.0,0.6,0.0,0.1,99.2
20230110142302,0.0,0.0,0.0,0.0,2.1,0.0,0.1,97.8
20230110142332,0.0,0.0,0.0,0.0,1.8,0.0,0.0,98.2
20230110142402,0.0,0.0,0.0,0.0,1.5,0.0,0.0,98.4
20230110142432,0.0,0.0,0.0,0.0,0.4,0.0,0.0,99.6
20230110142502,0.0,0.0,0.0,0.0,0.6,0.0,0.0,99.4
20230110142532,0.0,0.0,0.0,0.0,2.0,0.0,0.0,97.9
20230110142602,0.0,0.0,0.0,0.0,2.8,0.0,0.0,97.2
20230110142632,0.0,0.0,0.0,0.0,4.1,0.0,0.0,95.9
20230110142702,0.0,0.0,0.0,0.0,2.2,0.0,0.0,97.7
20230110142732,0.0,0.0,0.0,0.0,5.1,0.0,0.0,94.8
20230110142802,0.0,0.0,0.0,0.0,1.8,0.0,0.1,98.2
20230110142832,0.0,0.0,0.0,0.0,0.9,0.0,0.0,99.1
20230110142902,0.0,0.0,0.0,0.0,0.5,0.0,0.0,99.5
20230110142932,0.0,0.0,0.0,0.1,1.1,0.0,0.1,98.8
20230110143002,0.0,0.0,0.0,0.0,0.2,0.0,0.1,99.7
20230110143032,0.0,0.0,0.0,0.0,1.4,0.0,0.1,98.5
20230110143102,0.0,0.0,0.0,0.0,0.3,0.0,0.0,99.6
20230110143132,0.0,0.0,0.0,0.0,0.4,0.0,0.0,99.5
20230110143202,0.0,0.0,0.0,0.0,0.3,0.0,0.1,99.6
20230110143232,0.0,0.0,0.0,0.0,0.3,0.0,0.0,99.7
20230110143302,0.0,0.0,0.0,0.0,0.4,0.0,0.0,99.5
20230110143332,0.0,0.0,0.0,0.0,0.6,0.0,0.1,99.4
20230110143402,0.0,0.0,0.0,0.0,0.6,0.0,0.1,99.2
20230110143432,0.0,0.0,0.0,0.1,1.2,0.0,0.2,98.5
20230110143502,0.0,0.0,0.0,0.3,2.7,0.0,0.4,96.5
20230110143532,0.1,0.0,0.0,1.1,4.7,0.0,2.1,92.0
20230110143602,0.0,0.0,0.0,0.3,2.6,0.0,0.4,96.7
20230110143632,0.0,0.0,0.0,0.4,0.9,0.0,1.4,97.3
20230110143702,0.1,0.0,0.0,1.1,2.5,0.0,2.9,93.4
20230110143732,0.0,0.0,0.0,1.5,5.5,0.1,2.7,90.2
20230110143802,0.0,0.0,0.0,3.8,2.4,0.1,6.8,86.9
20230110143832,0.1,0.0,0.0,3.2,6.7,0.1,14.6,75.3
20230110143902,0.1,0.0,0.0,6.6,3.8,0.1,14.1,75.3
20230110143932,0.1,0.0,0.0,3.5,7.8,0.1,33.4,55.1
20230110144002,0.1,0.0,0.0,4.6,2.4,0.1,24.6,68.1
20230110144032,0.3,0.0,0.0,8.6,7.4,0.4,43.2,40.0
20230110144232,0.0,0.0,0.0,0.0,85.2,0.0,0.0,14.8
20230110144302,0.0,0.0,0.0,0.0,70.5,0.0,0.0,29.5
20230110144332,0.0,0.0,0.0,0.0,68.6,0.0,0.0,31.4
20230110144402,0.0,0.0,0.0,0.0,62.2,0.0,0.0,37.8
20230110144432,0.0,0.0,0.0,0.0,84.4,0.0,0.0,15.6
20230110144502,0.0,0.0,0.0,0.0,53.4,0.0,0.0,46.6
20230110144532,0.0,0.0,0.0,0.0,81.0,0.0,0.0,19.0
20230110144602,0.0,0.0,0.0,0.0,77.5,0.0,0.0,22.5
20230110144632,0.0,0.0,0.0,0.0,57.5,0.0,0.0,42.5
20230110144702,0.0,0.0,0.0,0.0,55.3,0.0,0.0,44.7
20230110144732,0.0,0.0,0.0,0.0,19.5,0.0,0.0,80.5
20230110144802,0.0,0.0,0.0,0.0,30.0,0.0,0.0,70.0
20230110144832,0.0,0.0,0.0,0.0,10.4,0.0,0.0,89.6
20230110144902,0.0,0.0,0.0,0.0,18.2,0.0,0.0,81.7
20230110144932,0.0,0.0,0.0,0.0,56.4,0.0,0.0,43.5
20230110145002,0.0,0.0,0.0,0.0,63.1,0.0,0.0,36.8
20230110145032,0.0,0.0,0.0,0.0,21.8,0.0,0.0,78.2
20230110145102,0.0,0.0,0.0,0.0,89.0,0.0,0.0,11.0
20230110145132,0.0,0.0,0.0,0.0,56.1,0.0,0.0,43.9
20230110145202,0.0,0.0,0.0,0.0,65.9,0.0,0.1,34.0
20230110145232,0.0,0.0,0.0,0.0,28.5,0.0,0.1,71.4
20230110145302,0.0,0.0,0.0,0.0,37.5,0.0,0.1,62.4
20230110145332,0.0,0.0,0.0,0.0,41.9,0.0,0.1,58.0
20230110145402,0.0,0.0,0.0,0.0,63.4,0.0,0.1,36.5
20230110145432,0.0,0.0,0.0,0.3,66.4,0.0,0.1,33.3
20230110145502,0.0,0.0,0.0,0.2,85.7,0.0,0.1,14.0
20230110145532,0.0,0.0,0.0,0.1,82.9,0.0,0.0,17.0
20230110145602,0.0,0.0,0.0,0.1,54.6,0.0,0.1,45.1
20230110145632,0.0,0.0,0.0,0.3,70.3,0.0,0.2,29.2
20230110145703,0.0,0.0,0.0,0.1,66.7,0.0,0.1,33.1
20230110145733,0.0,0.0,0.0,0.1,57.4,0.0,0.3,42.2
20230110145803,0.0,0.0,0.0,0.2,36.0,0.0,0.5,63.2
20230110145833,0.0,0.0,0.0,0.3,36.0,0.0,0.9,62.8
20230110145903,0.0,0.0,0.0,0.2,36.7,0.0,0.6,62.5
20230110145933,0.0,0.0,0.0,0.1,41.7,0.0,1.3,56.9
20230110150003,0.0,0.0,0.0,0.2,52.8,0.0,2.1,44.9
20230110150033,0.0,0.0,0.0,0.3,41.1,0.0,2.9,55.7
20230110150103,0.0,0.0,0.0,0.1,29.4,0.0,4.4,66.1
20230110150133,0.0,0.0,0.0,0.2,36.9,0.0,3.6,59.3
20230110150203,0.0,0.0,0.0,0.4,80.6,0.0,2.2,16.7
20230110150233,0.0,0.0,0.0,0.2,53.9,0.0,3.9,41.9
20230110150303,0.0,0.0,0.0,1.2,40.5,0.0,2.7,55.4
20230110150333,0.1,0.0,0.0,1.5,52.5,0.0,4.0,41.9
20230110150403,0.0,0.0,0.0,1.2,43.7,0.0,3.9,51.2
20230110150433,0.0,0.0,0.0,2.7,72.5,0.0,5.0,19.8
20230110150503,0.6,0.0,0.0,59.4,32.7,0.0,0.5,6.8
20230110150533,0.3,0.0,0.0,38.2,55.2,0.0,0.9,5.4
20230110150603,0.3,0.0,0.0,72.1,23.9,0.0,0.6,3.1
20230110150633,0.4,0.0,0.0,10.1,75.5,0.0,1.7,12.2
20230110150703,1.2,0.0,0.5,72.0,24.0,0.0,1.0,1.3
20230110150733,1.2,0.0,0.2,8.0,76.8,0.2,6.9,6.6
20230110150803,0.3,0.0,0.2,29.7,59.9,0.0,3.6,6.3
20230110150833,5.2,0.0,0.3,27.0,62.4,0.2,1.9,3.0
20230110150903,1.9,0.0,0.2,29.3,66.6,0.0,0.7,1.3
20230110150933,1.3,0.1,0.2,49.7,32.4,0.3,11.2,4.9
20230110151003,1.1,0.1,0.8,12.8,83.2,0.2,0.8,1.1
20230110151033,6.7,0.2,4.2,25.6,51.3,0.3,9.4,2.3
20230110151103,3.3,0.0,0.1,23.8,39.5,0.5,24.0,8.8
20230110151133,5.5,0.1,0.4,86.7,4.8,0.5,0.8,1.4
20230110151203,6.9,0.0,3.1,82.9,5.6,0.2,0.6,0.8
20230110151233,3.3,0.1,17.9,62.9,15.5,0.0,0.0,0.2
20230110151303,10.2,0.2,6.4,39.2,43.6,0.0,0.0,0.3
20230110151333,8.4,0.2,16.7,52.8,16.0,0.3,3.5,2.1
20230110151403,6.1,0.0,1.6,9.2,77.4,0.3,5.0,0.3
20230110151433,2.5,0.1,9.4,60.9,17.6,0.4,8.6,0.5
20230110151503,11.3,0.1,4.1,48.7,20.6,0.3,13.4,1.4
20230110151533,2.5,0.5,1.2,12.2,46.7,1.0,22.5,13.5
20230110151603,10.6,0.2,1.5,29.5,18.1,1.9,37.1,1.0
20230110151633,6.1,0.0,2.8,56.2,2.2,2.4,30.1,0.3
20230110151703,5.9,0.2,5.8,22.7,26.3,0.6,34.2,4.4
20230110151733,3.6,0.2,0.5,56.6,10.0,1.5,22.7,4.9
20230110151803,3.3,0.0,1.0,63.3,3.9,0.3,27.2,1.0
20230110151833,2.0,0.1,1.4,30.8,9.0,0.9,54.6,1.3
20230110151903,2.8,0.0,0.4,57.6,6.0,0.9,31.2,1.0
20230110151933,0.4,0.0,0.0,16.4,0.7,1.1,79.1,2.3
20230110152003,1.1,0.0,0.0,16.3,1.7,0.7,76.5,3.6
20230110152033,0.4,0.0,0.0,4.6,0.3,0.4,93.2,1.1
20230110152103,0.5,0.0,0.0,3.5,0.1,0.2,95.0,0.7
20230110152133,10.7,0.2,9.6,60.0,11.6,0.1,7.4,0.6
20230110152203,93.7,0.0,0.3,1.5,4.4,0.0,0.0,0.0
20230110152233,96.8,0.0,0.2,2.2,0.8,0.0,0.0,0.0
20230110152303,43.7,0.1,0.6,41.8,13.7,0.0,0.0,0.0
20230110152333,19.5,0.1,0.9,78.4,1.0,0.0,0.0,0.0
20230110152403,25.3,0.0,0.1,73.3,1.3,0.0,0.0,0.0
20230110152433,42.1,0.0,0.1,57.1,0.7,0.0,0.0,0.0
20230110152503,97.8,0.0,0.0,1.9,0.2,0.0,0.0,0.0
20230110152533,81.7,0.0,0.1,17.8,0.4,0.0,0.0,0.0
20230110152603,67.8,0.0,0.1,30.3,1.8,0.0,0.0,0.0
20230110152633,68.5,0.1,0.4,27.9,2.9,0.0,0.0,0.0
20230110152703,39.8,0.1,0.8,54.2,4.9,0.0,0.0,0.1
20230110152733,4.4,0.0,0.1,95.0,0.5,0.0,0.0,0.0
20230110152803,38.2,0.0,0.0,61.4,0.4,0.0,0.0,0.0
20230110152833,22.1,0.0,0.1,77.3,0.5,0.0,0.0,0.0
20230110152903,10.8,0.0,0.0,88.9,0.3,0.0,0.0,0.0
20230110152933,38.5,0.0,0.2,58.2,3.0,0.0,0.0,0.0
20230110153003,19.0,0.1,0.2,79.9,0.8,0.0,0.1,0.0
20230110153033,61.4,0.2,1.0,32.9,4.1,0.1,0.2,0.0
20230110153104,10.2,0.0,1.5,79.9,5.2,0.2,3.0,0.1
20230110153134,39.7,0.1,0.6,54.0,4.2,0.3,1.0,0.0
20230110153204,24.3,0.0,0.7,70.3,1.5,0.7,2.5,0.0
20230110153234,11.3,0.0,0.3,77.5,2.4,1.1,7.5,0.0
20230110153304,14.5,0.0,0.0,84.4,0.7,0.1,0.2,0.0
20230110153334,68.2,0.0,0.4,26.6,2.1,1.3,1.3,0.0
20230110153404,49.5,0.0,0.2,46.1,1.0,1.5,1.6,0.1
20230110153434,19.8,0.0,0.5,74.0,1.2,1.3,3.1,0.1
20230110153504,8.1,0.0,0.1,90.3,0.3,0.6,0.5,0.0
20230110153534,18.0,0.0,0.3,69.9,1.0,2.3,8.3,0.1
20230110153604,29.7,0.0,6.3,54.2,3.5,1.5,4.8,0.1
20230110153634,14.0,0.0,0.4,85.2,0.3,0.0,0.0,0.0
20230110153704,7.0,0.0,0.7,92.1,0.1,0.0,0.0,0.0
20230110153734,5.0,0.0,0.3,94.0,0.5,0.0,0.2,0.0
20230110153804,21.1,0.0,0.0,78.5,0.2,0.1,0.0,0.0
20230110153834,24.1,0.0,0.0,75.6,0.2,0.1,0.0,0.0
20230110153904,33.1,0.0,0.0,66.7,0.1,0.0,0.0,0.0
20230110153934,36.0,0.0,0.1,63.8,0.1,0.0,0.0,0.0
20230110154004,42.5,0.0,0.1,56.0,1.0,0.2,0.2,0.0
20230110154034,77.8,0.0,1.1,19.3,0.9,0.5,0.3,0.0
20230110154104,96.6,0.0,0.0,3.2,0.1,0.1,0.0,0.0
20230110154134,99.8,0.0,0.0,0.2,0.0,0.0,0.0,0.0
20230110154204,99.7,0.0,0.0,0.2,0.0,0.0,0.0,0.0
20230110154234,90.0,0.0,0.3,8.7,0.7,0.2,0.0,0.0
20230110154304,96.5,0.0,0.1,2.5,0.5,0.2,0.2,0.0
20230110154334,86.8,0.0,1.0,8.8,1.5,1.7,0.1,0.0
20230110154404,95.1,0.0,0.1,3.8,0.3,0.3,0.4,0.0
20230110154434,93.1,0.0,1.0,4.5,0.7,0.6,0.1,0.0
20230110154504,83.8,0.0,0.8,11.8,0.9,1.8,0.9,0.0
20230110154534,80.1,0.0,0.4,13.0,0.8,0.9,4.8,0.0
20230110154604,87.0,0.0,0.5,7.8,0.7,1.1,2.8,0.0
20230110154634,87.3,0.0,0.2,9.8,0.9,1.2,0.5,0.0
20230110154704,72.7,0.0,2.1,17.9,0.6,2.6,3.9,0.0
20230110154734,38.4,0.0,1.1,50.1,1.1,1.4,7.7,0.1
20230110154804,30.2,0.0,0.2,22.1,0.3,3.0,44.0,0.1
20230110154834,18.0,0.0,0.1,14.8,0.4,11.2,55.4,0.2
20230110154904,3.4,0.0,0.0,3.7,0.0,4.5,88.2,0.2
20230110154934,0.6,0.0,0.0,0.4,0.0,1.2,97.7,0.0
20230110155004,0.1,0.0,0.0,0.9,0.0,1.0,97.9,0.1
20230110155034,0.2,0.0,0.0,0.8,0.0,1.1,97.6,0.3
20230110155104,0.0,0.0,0.0,0.6,0.0,0.8,98.4,0.1
20230110155134,0.0,0.0,0.0,0.1,0.0,0.7,99.2,0.0
20230110155204,0.0,0.0,0.0,0.5,0.0,4.0,95.3,0.2
20230110155234,0.1,0.0,0.0,0.3,0.0,2.8,96.7,0.1
20230110155304,0.0,0.0,0.0,0.3,0.0,1.1,98.5,0.1
20230110155334,0.0,0.0,0.0,0.2,0.0,1.5,98.2,0.1
20230110155404,0.0,0.0,0.0,0.4,0.0,1.8,97.7,0.1
20230110155434,0.0,0.0,0.0,0.1,0.0,0.5,99.3,0.0
20230110155504,0.0,0.0,0.0,0.3,0.0,5.7,94.0,0.1
20230110155534,0.0,0.0,0.0,0.0,0.0,1.3,98.7,0.0
20230110155604,0.1,0.0,0.3,0.0,0.0,50.5,49.0,0.0
20230110155634,0.1,0.0,0.8,0.0,0.0,58.0,41.1,0.0
20230110155704,1.3,0.0,5.3,0.1,0.1,62.4,30.9,0.0
20230110155734,1.7,0.0,8.5,0.5,0.1,84.7,4.6,0.0
20230110155804,0.1,0.0,0.4,0.0,0.0,93.9,5.5,0.0
20230110155835,0.8,0.0,1.4,0.1,0.1,38.3,59.0,0.3
20230110155905,0.6,0.0,1.9,0.1,0.0,42.2,54.7,0.4
20230110155935,0.9,0.0,0.2,0.0,0.0,15.1,83.7,0.1
20230110160005,5.7,0.0,1.7,0.3,0.4,54.3,37.2,0.4
20230110160035,2.6,0.0,0.3,0.1,0.5,36.7,59.8,0.1
20230110160105,2.1,0.0,0.1,0.0,0.1,50.0,47.4,0.3
20230110160135,4.9,0.0,0.1,0.0,0.1,23.0,71.7,0.2
20230110160205,0.3,0.0,0.1,0.0,0.1,3.4,96.0,0.0
20230110160235,0.2,0.0,0.0,0.1,0.0,0.6,99.2,0.0
20230110160305,0.6,0.0,0.0,6.5,0.1,0.4,92.3,0.0
20230110160335,2.1,0.0,0.1,1.5,0.1,2.5,93.6,0.0
20230110160405,1.3,0.0,0.2,0.8,0.1,1.7,95.9,0.0
20230110160435,77.7,0.0,0.4,0.5,3.3,7.4,10.7,0.0
20230110160505,21.4,0.0,0.3,0.7,0.5,12.6,64.6,0.0
20230110160535,5.0,0.0,0.2,0.1,0.2,3.5,91.1,0.0
20230110160605,8.8,0.0,0.6,0.3,0.4,10.3,79.4,0.2
20230110160635,0.1,0.0,0.0,0.1,0.0,2.8,97.0,0.0
20230110160705,0.0,0.0,0.0,0.7,0.0,0.2,99.0,0.0
20230110160735,0.0,0.0,0.0,0.2,0.0,0.0,99.8,0.0
20230110160805,0.0,0.0,0.0,0.7,0.0,0.2,99.1,0.0
20230110160835,0.0,0.0,0.0,1.8,0.0,0.1,98.0,0.0
20230110160905,0.0,0.0,0.0,0.5,0.0,0.1,99.4,0.0
20230110160935,0.0,0.0,0.0,0.0,0.0,0.0,100.0,0.0
20230110161005,0.0,0.0,0.0,0.0,0.0,0.0,100.0,0.0
20230110161035,0.0,0.0,0.0,0.0,0.0,0.0,100.0,0.0
20230110161105,0.0,0.0,0.0,0.0,0.0,0.0,100.0,0.0
20230110161135,0.0,0.0,0.0,0.0,0.0,0.0,100.0,0.0
20230110161205,0.0,0.0,0.0,0.0,0.0,0.0,100.0,0.0
20230110161235,0.0,0.0,0.0,0.1,0.0,0.0,99.8,0.0
20230110161305,0.2,0.0,0.0,0.2,0.0,0.0,99.6,0.0
20230110161335,0.0,0.0,0.0,0.0,0.0,0.0,100.0,0.0
20230110161405,0.0,0.0,0.0,0.0,0.0,0.0,100.0,0.0
20230110161435,0.0,0.0,0.0,0.0,0.0,0.0,100.0,0.0
20230110161505,0.0,0.0,0.0,0.0,0.0,0.0,100.0,0.0
20230110161535,0.0,0.0,0.0,0.0,0.0,0.0,100.0,0.0
20230110161605,0.0,0.0,0.0,0.0,0.0,0.0,100.0,0.0
20230110161635,0.0,0.0,0.0,0.0,0.0,0.0,100.0,0.0
20230110161705,0.1,0.0,0.0,0.3,0.0,0.1,99.5,0.0
20230110161735,0.2,0.0,0.1,0.0,0.0,0.9,98.7,0.0
20230110161805,0.1,0.0,0.0,0.0,0.0,0.3,99.6,0.0
20230110161835,0.2,0.0,0.0,0.0,0.0,0.8,99.0,0.0
20230110161905,1.3,0.0,0.2,0.2,0.1,10.5,87.5,0.2
20230110161935,0.8,0.0,0.1,0.0,0.0,1.7,97.3,0.0
20230110162005,0.1,0.0,0.1,0.1,0.0,0.8,98.9,0.0
20230110162035,3.9,0.0,0.2,0.5,0.1,2.2,93.0,0.2
20230110162105,7.1,0.0,0.1,0.0,0.1,18.1,74.4,0.1
20230110162135,1.8,0.0,0.1,0.0,0.0,2.5,95.6,0.0
20230110162205,0.0,0.0,0.0,0.0,0.0,0.2,99.8,0.0
20230110162235,0.0,0.0,0.0,0.0,0.0,0.0,99.9,0.0
20230110162305,0.0,0.0,0.0,0.1,0.0,0.1,99.8,0.0
20230110162335,0.2,0.0,0.0,0.2,0.0,0.2,99.2,0.1
20230110162405,0.0,0.0,0.0,0.4,0.0,0.1,99.4,0.1
20230110162435,0.0,0.0,0.0,0.0,0.0,0.0,99.9,0.0
20230110162505,0.0,0.0,0.0,0.0,0.0,0.0,100.0,0.0
20230110162535,0.0,0.0,0.0,0.0,0.0,0.0,100.0,0.0
20230110162605,0.0,0.0,0.0,0.0,0.0,0.0,100.0,0.0
20230110162635,0.0,0.0,0.0,0.0,0.0,0.0,99.9,0.0
20230110162705,0.0,0.0,0.0,0.0,0.0,0.0,100.0,0.0
20230110162735,0.0,0.0,0.0,0.0,0.0,0.0,100.0,0.0
20230110162805,0.0,0.0,0.0,0.0,0.0,0.0,100.0,0.0
20230110162835,0.0,0.0,0.0,0.0,0.0,0.0,99.9,0.0
20230110162905,0.0,0.0,0.0,0.0,0.0,0.0,100.0,0.0
20230110162935,0.0,0.0,0.0,0.0,0.0,0.0,100.0,0.0
20230110163005,0.0,0.0,0.0,0.0,0.0,0.0,100.0,0.0
20230110163035,0.0,0.0,0.0,0.0,0.0,0.0,100.0,0.0
20230110163105,0.0,0.0,0.0,0.0,0.0,0.0,100.0,0.0
20230110163135,0.0,0.0,0.0,0.0,0.0,0.1,99.9,0.0
20230110163205,0.0,0.0,0.0,0.1,0.0,0.9,98.9,0.0
20230110163236,0.1,0.0,0.0,0.0,0.0,0.8,99.1,0.0
20230110163306,0.0,0.0,0.0,0.0,0.0,0.3,99.7,0.0
20230110163336,0.0,0.0,0.0,0.0,0.0,1.3,98.7,0.0
20230110163406,0.1,0.0,0.0,0.2,0.0,13.7,85.9,0.0
20230110163436,0.0,0.0,0.0,0.0,0.0,9.0,90.9,0.0
20230110163506,0.2,0.0,0.0,0.0,0.0,3.6,96.2,0.0
20230110163536,0.1,0.0,0.0,0.0,0.0,1.8,98.2,0.0
20230110163606,0.0,0.0,0.0,0.0,0.0,0.7,99.2,0.0
20230110163636,0.0,0.0,0.0,0.0,0.0,0.1,99.9,0.0
20230110163706,0.0,0.0,0.0,0.0,0.0,0.0,99.9,0.0
20230110163736,0.0,0.0,0.0,0.0,0.0,0.0,99.9,0.0
20230110163806,0.0,0.0,0.0,0.2,0.0,0.0,99.8,0.0
20230110163836,0.0,0.0,0.0,0.2,0.0,0.1,99.6,0.0
20230110163906,0.0,0.0,0.0,0.0,0.0,0.0,100.0,0.0
20230110163936,0.0,0.0,0.0,0.0,0.0,0.0,100.0,0.0
20230110164006,0.0,0.0,0.0,0.0,0.0,0.0,100.0,0.0
20230110164036,0.0,0.0,0.0,0.0,0.0,0.0,100.0,0.0
20230110164106,0.0,0.0,0.0,0.1,0.0,0.0,99.9,0.0
20230110164136,0.0,0.0,0.0,0.0,0.0,0.0,100.0,0.0
20230110164206,0.0,0.0,0.0,0.0,0.0,0.0,99.9,0.0
20230110164236,0.0,0.0,0.0,0.1,0.0,0.0,99.9,0.0
20230110164306,0.0,0.0,0.0,0.5,0.0,0.0,99.5,0.0
20230110164336,0.1,0.0,0.0,0.4,0.0,0.1,99.4,0.0
20230110164406,0.2,0.0,0.0,0.1,0.0,0.1,99.6,0.0
20230110164436,0.1,0.0,0.0,0.1,0.0,0.0,99.8,0.0
20230110164506,0.5,0.0,0.0,0.2,0.0,0.2,99.0,0.0
20230110164536,1.1,0.0,0.0,0.7,0.1,0.3,97.8,0.0
20230110164606,0.6,0.0,0.1,0.6,0.0,0.3,98.4,0.0
20230110164636,2.2,0.0,0.0,0.3,0.0,1.3,96.2,0.0
20230110164706,0.6,0.0,0.0,0.1,0.0,0.7,98.5,0.0
20230110164736,2.0,0.0,0.2,0.7,0.1,3.1,93.9,0.0
20230110164806,1.1,0.0,0.0,0.1,0.0,2.3,96.4,0.0
20230110164836,0.8,0.0,0.0,0.4,0.0,0.4,98.3,0.1
20230110164906,0.6,0.0,0.0,0.6,0.0,0.2,98.4,0.1
20230110164936,0.8,0.0,0.1,0.4,0.0,0.6,98.0,0.1
20230110165006,0.3,0.0,0.0,0.1,0.0,0.1,99.3,0.0
20230110165036,0.8,0.0,0.0,0.4,0.0,0.1,98.4,0.1
20230110165106,0.5,0.0,0.0,0.3,0.0,0.3,98.7,0.1
20230110165136,6.7,0.0,0.1,1.1,0.2,0.8,90.5,0.5
20230110165206,4.3,0.0,0.1,0.7,0.1,1.3,93.3,0.2
20230110165236,0.4,0.0,0.0,0.3,0.0,0.1,99.1,0.0
20230110165306,4.1,0.0,0.2,0.5,0.1,0.9,93.9,0.3
20230110165336,3.4,0.0,0.1,0.5,0.1,0.3,95.6,0.1
20230110165406,0.8,0.0,0.1,0.1,0.0,0.5,98.4,0.1
20230110165436,0.3,0.0,0.0,0.1,0.0,0.2,99.2,0.1
20230110165506,1.0,0.0,0.0,0.2,0.0,0.2,98.5,0.0
20230110165536,0.6,0.0,0.0,0.1,0.0,0.1,99.1,0.0
20230110165606,2.7,0.0,0.1,0.4,0.1,0.4,96.3,0.0
20230110165636,0.4,0.0,0.0,0.1,0.0,0.2,99.1,0.0
20230110165706,0.4,0.0,0.1,0.1,0.0,0.1,99.3,0.0
20230110165736,0.2,0.0,0.0,0.0,0.0,0.1,99.6,0.0
20230110165806,0.5,0.0,0.1,0.1,0.0,0.5,98.8,0.0
20230110165836,0.2,0.0,0.1,0.0,0.0,0.1,99.5,0.0
20230110165906,0.1,0.0,0.0,0.1,0.0,0.0,99.7,0.0
20230110165936,0.1,0.0,0.0,0.2,0.0,0.0,99.6,0.1
20230110170006,0.1,0.0,0.0,0.4,0.0,0.1,99.2,0.1
20230110170036,0.2,0.0,0.0,0.7,0.0,0.1,98.8,0.1
20230110170106,0.0,0.0,0.0,0.7,0.0,0.1,99.0,0.2
20230110170136,0.0,0.0,0.0,1.9,0.1,0.3,97.3,0.4
20230110170206,0.1,0.0,0.0,1.1,0.1,0.1,98.5,0.3
20230110170236,0.1,0.0,0.0,1.8,0.1,0.2,97.8,0.1
20230110170306,0.4,0.0,0.0,3.2,0.1,0.1,95.4,0.9
20230110170336,0.0,0.0,0.0,0.3,0.1,0.0,99.3,0.3
20230110170406,0.1,0.0,0.0,1.5,0.1,0.1,97.8,0.4
20230110170436,0.0,0.0,0.0,0.7,0.1,0.0,98.9,0.3
20230110170506,0.0,0.0,0.0,1.2,0.1,0.0,98.6,0.1
20230110170536,0.0,0.0,0.0,0.1,0.0,0.0,99.8,0.0
20230110170606,0.0,0.0,0.0,0.3,0.0,0.1,99.6,0.0
20230110170637,0.0,0.0,0.0,0.6,0.0,0.0,99.2,0.0
20230110170707,0.0,0.0,0.0,0.2,0.0,0.0,99.7,0.1
20230110170737,0.0,0.0,0.0,0.5,0.1,0.0,99.3,0.1
20230110170807,0.0,0.0,0.0,0.0,0.0,0.0,99.9,0.0
20230110170837,0.0,0.0,0.0,0.2,0.0,0.0,99.7,0.0
20230110170907,0.0,0.0,0.0,5.9,0.2,0.0,93.5,0.3
20230110170937,0.1,0.0,0.0,17.0,1.5,0.1,80.7,0.6
20230110171007,0.2,0.0,0.1,3.1,0.8,0.1,94.3,1.3
20230110171037,0.1,0.0,0.1,13.4,0.8,0.2,84.5,1.0
20230110171107,0.1,0.0,0.1,4.4,1.7,0.1,93.3,0.4
20230110171137,0.1,0.0,0.0,8.2,2.5,0.0,87.9,1.2
20230110171207,0.1,0.0,0.0,3.9,3.1,0.0,92.6,0.2
20230110171237,0.1,0.0,0.0,5.6,4.2,0.0,89.7,0.3
20230110171307,0.1,0.0,0.0,4.8,1.9,0.0,92.9,0.2
20230110171337,0.3,0.0,0.1,9.9,2.7,0.0,85.8,1.2
20230110171407,0.2,0.0,0.1,8.5,2.8,0.0,87.0,1.3
20230110171437,0.1,0.0,0.0,1.5,0.6,0.0,97.3,0.5
20230110171507,0.1,0.0,0.0,4.5,0.3,0.1,94.4,0.6
20230110171537,0.2,0.0,0.0,9.4,0.4,0.0,89.3,0.7
20230110171607,0.0,0.0,0.0,1.5,0.1,0.0,98.2,0.1
20230110171637,0.0,0.0,0.0,0.3,0.0,0.1,99.5,0.1
20230110171707,0.0,0.0,0.0,0.1,0.0,0.0,99.8,0.0
20230110171737,0.0,0.0,0.0,0.2,0.0,0.0,99.7,0.1
20230110171807,0.0,0.0,0.0,0.1,0.0,0.0,99.8,0.0
20230110171837,0.0,0.0,0.0,0.2,0.0,0.1,99.5,0.1
20230110171907,0.0,0.0,0.1,0.2,0.1,0.1,99.4,0.1
20230110171937,0.0,0.0,0.0,0.0,0.0,0.0,100.0,0.0
20230110172007,0.0,0.0,0.0,0.0,0.1,0.0,99.8,0.0
20230110172037,0.0,0.0,0.0,0.0,0.0,0.0,100.0,0.0
20230110172107,0.0,0.0,0.0,0.0,0.0,0.0,100.0,0.0
20230110172137,0.0,0.0,0.0,0.0,0.0,0.0,100.0,0.0
20230110172207,0.0,0.0,0.0,0.0,0.0,0.0,99.9,0.0
20230110172237,0.0,0.0,0.0,0.0,0.0,0.0,100.0,0.0
20230110172307,0.0,0.0,0.0,0.0,0.0,0.0,100.0,0.0
20230110172337,0.0,0.0,0.0,0.0,0.0,0.0,100.0,0.0
20230110172407,0.0,0.0,0.0,0.0,0.0,0.0,100.0,0.0
20230110172437,0.0,0.0,0.0,0.0,0.0,0.0,100.0,0.0
20230110172507,0.0,0.0,0.0,0.0,0.0,0.0,99.9,0.0
20230110172537,0.0,0.0,0.0,0.0,0.0,0.0,99.9,0.0
20230110172607,0.0,0.0,0.0,0.2,0.0,0.0,99.7,0.1
20230110172637,0.0,0.0,0.0,0.2,0.0,0.0,99.6,0.1
20230110172707,0.0,0.0,0.0,0.4,0.0,0.0,99.4,0.1
20230110172737,0.0,0.0,0.0,0.1,0.0,0.0,99.8,0.1
20230110172807,0.0,0.0,0.0,0.1,0.0,0.0,99.8,0.1
20230110172837,0.0,0.0,0.0,0.1,0.0,0.0,99.8,0.0
20230110172907,0.0,0.0,0.0,1.3,0.1,0.0,98.4,0.1
20230110172937,0.0,0.0,0.0,0.6,0.1,0.0,99.3,0.1
20230110173007,0.0,0.0,0.0,0.2,0.0,0.0,99.7,0.0
20230110173037,0.0,0.0,0.0,0.6,0.0,0.0,99.2,0.1
20230110173107,0.0,0.0,0.0,0.6,0.0,0.0,99.3,0.1
20230110173137,0.0,0.0,0.0,4.7,0.1,0.0,94.6,0.5
20230110173207,0.0,0.0,0.0,3.5,0.0,0.0,96.1,0.3
20230110173237,0.0,0.0,0.0,6.5,0.2,0.0,91.6,1.7
20230110173307,0.0,0.0,0.0,12.5,0.2,0.0,86.8,0.4
20230110173337,0.0,0.0,0.0,6.0,0.1,0.0,93.4,0.4
20230110173407,0.1,0.0,0.1,88.0,0.3,0.0,10.9,0.6
20230110173437,0.1,0.0,0.0,64.4,0.1,0.0,35.1,0.3
20230110173507,0.1,0.0,0.1,74.1,0.1,0.0,25.1,0.5
20230110173537,0.2,0.0,0.3,79.6,0.2,0.0,19.6,0.1
20230110173607,0.0,0.0,0.1,93.4,0.2,0.0,6.2,0.1
20230110173637,0.0,0.0,0.0,71.5,0.2,0.0,27.8,0.3
20230110173707,0.0,0.0,0.0,6.3,0.2,0.0,93.1,0.3
20230110173737,0.0,0.0,0.0,2.3,0.1,0.0,97.5,0.1
20230110173807,0.0,0.0,0.0,6.2,0.1,0.0,92.9,0.7
20230110173837,0.0,0.0,0.0,22.1,0.1,0.0,77.5,0.3
20230110173907,0.0,0.0,0.0,10.8,0.0,0.0,89.1,0.1
20230110173937,0.0,0.0,0.0,18.5,0.0,0.0,81.1,0.3
20230110174007,0.0,0.0,0.0,17.9,0.1,0.0,81.5,0.4
20230110174037,0.0,0.0,0.0,4.5,0.0,0.0,95.3,0.2
20230110174108,0.0,0.0,0.0,1.9,0.0,0.0,98.0,0.1
20230110174138,0.0,0.0,0.0,1.4,0.0,0.0,98.3,0.2
20230110174208,0.0,0.0,0.0,0.5,0.0,0.0,99.5,0.0
20230110174238,0.0,0.0,0.0,0.4,0.0,0.0,99.5,0.0
20230110174308,0.0,0.0,0.0,1.4,0.0,0.0,98.5,0.1
20230110174338,0.0,0.0,0.0,4.8,0.0,0.0,95.1,0.0
20230110174408,0.0,0.0,0.0,1.4,0.0,0.0,98.6,0.0
20230110174438,0.0,0.0,0.0,10.2,0.0,0.0,89.8,0.0
20230110174508,0.0,0.0,0.0,8.6,0.0,0.0,91.2,0.2
20230110174538,0.0,0.0,0.0,2.4,0.0,0.0,97.5,0.1
20230110174608,0.0,0.0,0.0,9.1,0.0,0.0,90.7,0.2
20230110174638,0.0,0.0,0.0,11.2,0.0,0.0,88.6,0.2
20230110174708,0.0,0.0,0.0,17.4,0.0,0.0,82.4,0.1
20230110174738,0.0,0.0,0.0,1.4,0.0,0.0,98.5,0.1
20230110174808,0.0,0.0,0.0,0.1,0.0,0.0,99.9,0.0
20230110174838,0.0,0.0,0.0,0.2,0.0,0.0,99.8,0.0
20230110174908,0.0,0.0,0.0,0.1,0.0,0.0,99.8,0.0
20230110174938,0.0,0.0,0.0,0.3,0.0,0.0,99.7,0.0
20230110175008,0.0,0.0,0.0,0.9,0.0,0.0,99.0,0.1
20230110175038,0.0,0.0,0.0,0.0,0.0,0.0,100.0,0.0
20230110175108,0.0,0.0,0.0,0.0,0.0,0.0,100.0,0.0
20230110175138,0.0,0.0,0.0,0.0,0.0,0.0,100.0,0.0
20230110175208,0.0,0.0,0.0,0.0,0.0,0.0,100.0,0.0
20230110175238,0.0,0.0,0.0,0.0,0.0,0.0,100.0,0.0
20230110175308,0.0,0.0,0.0,0.0,0.0,0.0,100.0,0.0
20230110175338,0.0,0.0,0.0,0.0,0.0,0.0,100.0,0.0
20230110175408,0.0,0.0,0.0,0.0,0.0,0.0,100.0,0.0
20230110175438,0.0,0.0,0.0,0.0,0.0,0.0,100.0,0.0
20230110175508,0.0,0.0,0.0,0.0,0.0,0.0,100.0,0.0
20230110175538,0.0,0.0,0.0,0.0,0.0,0.0,100.0,0.0
20230110175608,0.0,0.0,0.0,0.0,0.0,0.0,100.0,0.0
20230110175638,0.0,0.0,0.0,0.0,0.0,0.0,100.0,0.0
20230110175708,0.0,0.0,0.0,0.0,0.0,0.0,100.0,0.0
20230110175738,0.0,0.0,0.0,0.1,0.0,0.0,99.9,0.0
20230110175808,0.0,0.0,0.0,0.1,0.0,0.0,99.8,0.1
20230110175838,0.0,0.0,0.0,0.0,0.0,0.0,99.9,0.0
20230110175908,0.0,0.0,0.0,0.1,0.0,0.0,99.8,0.1
20230110175938,0.0,0.0,0.0,0.1,0.0,0.0,99.8,0.1
20230110180008,0.0,0.0,0.0,0.1,0.0,0.0,99.8,0.1
20230110180038,0.0,0.0,0.0,0.0,0.0,0.0,99.9,0.0
20230110180108,0.0,0.0,0.0,0.0,0.0,0.0,99.9,0.0
20230110180138,0.0,0.0,0.0,0.0,0.0,0.0,100.0,0.0
20230110180208,0.0,0.0,0.0,0.0,0.0,0.0,100.0,0.0
20230110180238,0.0,0.0,0.0,0.0,0.0,0.0,100.0,0.0
20230110180308,0.0,0.0,0.0,0.0,0.0,0.0,100.0,0.0
20230110180338,0.0,0.0,0.0,0.0,0.0,0.0,100.0,0.0
20230110180408,0.0,0.0,0.0,0.0,0.0,0.0,100.0,0.0
20230110180438,0.0,0.0,0.0,0.0,0.0,0.0,100.0,0.0
20230110180508,0.0,0.0,0.0,0.0,0.0,0.0,100.0,0.0
20230110180538,0.0,0.0,0.0,0.0,0.0,0.0,100.0,0.0
20230110180608,0.0,0.0,0.0,0.0,0.0,0.0,100.0,0.0
20230110180638,0.0,0.0,0.0,0.0,0.0,0.0,100.0,0.0
20230110180708,0.0,0.0,0.0,0.0,0.0,0.0,100.0,0.0
20230110180738,0.0,0.0,0.0,0.1,0.0,0.0,99.9,0.0
20230110180809,0.0,0.0,0.0,0.0,0.0,0.0,100.0,0.0
20230110180839,0.0,0.0,0.0,0.1,0.0,0.0,99.9,0.0
20230110180909,0.0,0.0,0.0,0.1,0.0,0.0,99.9,0.0
20230110180939,0.0,0.0,0.0,0.0,0.0,0.0,100.0,0.0
20230110181009,0.0,0.0,0.0,0.0,0.0,0.0,100.0,0.0
20230110181039,0.0,0.0,0.0,0.0,0.0,0.0,100.0,0.0
20230110181109,0.0,0.0,0.0,0.3,0.0,0.0,99.7,0.0
20230110181139,0.0,0.0,0.0,0.1,0.0,0.0,99.9,0.0
20230110181209,0.0,0.0,0.0,0.0,0.0,0.0,100.0,0.0
20230110181239,0.0,0.0,0.0,0.0,0.0,0.0,100.0,0.0
20230110181309,0.0,0.0,0.0,0.1,0.0,0.0,99.9,0.0
20230110181339,0.0,0.0,0.0,0.0,0.0,0.0,100.0,0.0
20230110181409,0.0,0.0,0.0,0.0,0.0,0.0,100.0,0.0
20230110181439,0.0,0.0,0.0,0.0,0.0,0.0,99.9,0.0
20230110181509,0.0,0.0,0.0,0.0,0.0,0.0,100.0,0.0
20230110181539,0.0,0.0,0.0,0.3,0.0,0.0,99.6,0.0
20230110181609,0.0,0.0,0.0,1.5,0.1,0.0,98.2,0.2
20230110181639,0.0,0.0,0.0,1.4,0.0,0.0,98.6,0.0
20230110181709,0.0,0.0,0.0,1.4,0.0,0.0,98.6,0.0
20230110181739,0.0,0.0,0.0,0.5,0.0,0.0,99.4,0.0
20230110181809,0.0,0.0,0.0,0.2,0.0,0.0,99.8,0.0
20230110181839,0.0,0.0,0.0,0.4,0.0,0.0,99.1,0.4
20230110181909,0.0,0.0,0.0,0.1,0.0,0.0,99.3,0.6
20230110181939,0.0,0.0,0.0,0.0,0.0,0.0,99.1,0.9
20230110182009,0.0,0.0,0.0,0.0,0.0,0.0,99.8,0.2
20230110182039,0.0,0.0,0.0,0.0,0.0,0.0,98.9,1.1
20230110182109,0.0,0.0,0.0,0.0,0.0,0.0,77.4,22.5
20230110182139,0.0,0.0,0.0,0.0,0.0,0.0,90.6,9.4
20230110182209,0.0,0.0,0.0,0.0,0.0,0.0,87.7,12.3
20230110182239,0.0,0.0,0.0,0.0,0.0,0.0,83.6,16.4
20230110182309,0.0,0.0,0.0,0.0,0.0,0.0,90.7,9.3
20230110182339,0.0,0.0,0.0,0.1,0.2,0.0,36.1,63.5
20230110182409,0.0,0.0,0.0,0.0,0.1,0.0,72.1,27.8
20230110182439,0.0,0.0,0.0,0.0,0.1,0.0,46.8,53.1
20230110182509,0.0,0.0,0.0,0.6,0.0,0.0,99.1,0.2
20230110182539,0.0,0.0,0.0,0.1,0.0,0.0,99.6,0.2
20230110182609,0.0,0.0,0.0,0.1,0.0,0.0,99.7,0.1
20230110182639,0.0,0.0,0.0,0.1,0.0,0.0,94.6,5.1
20230110182709,0.0,0.0,0.0,0.2,0.1,0.0,97.1,2.5
20230110182739,0.0,0.0,0.0,0.1,0.1,0.0,94.7,5.2
20230110182809,0.0,0.0,0.1,0.4,0.1,0.0,80.4,18.9
20230110182839,0.0,0.0,0.1,0.3,0.2,0.0,74.4,25.0
20230110182909,0.0,0.0,0.0,0.4,0.2,0.0,60.2,39.2
20230110182939,0.0,0.0,0.0,0.4,0.3,0.0,77.4,21.7
20230110183009,0.0,0.0,0.1,0.2,0.2,0.0,75.5,24.0
20230110183039,0.0,0.0,0.0,0.3,0.3,0.0,56.7,42.6
20230110183109,0.0,0.0,0.0,0.1,0.1,0.0,35.1,64.7
20230110183139,0.0,0.0,0.0,0.1,0.1,0.0,33.7,66.0
20230110183209,0.0,0.0,0.0,0.1,0.1,0.0,43.5,56.3
20230110183239,0.0,0.0,0.0,0.1,0.0,0.0,34.7,65.2
20230110183309,0.0,0.0,0.0,0.0,0.0,0.0,22.7,77.3
20230110183339,0.0,0.0,0.0,0.1,0.0,0.0,96.6,3.2
20230110183409,0.0,0.0,0.0,0.1,0.0,0.0,99.8,0.1
20230110183439,0.0,0.0,0.0,0.2,0.1,0.0,98.9,0.8
20230110183509,0.0,0.0,0.0,0.2,0.4,0.0,95.2,4.2
20230110183539,0.0,0.0,0.0,0.2,0.1,0.0,88.4,11.3
20230110183609,0.0,0.0,0.0,0.0,0.0,0.0,88.0,12.0
20230110183639,0.0,0.0,0.0,0.0,0.0,0.0,78.9,21.1
20230110183709,0.0,0.0,0.0,0.0,0.0,0.0,89.9,10.1
20230110183739,0.0,0.0,0.0,0.0,0.0,0.0,92.7,7.3
20230110183809,0.0,0.0,0.0,0.0,0.0,0.0,72.4,27.5
20230110183839,0.0,0.0,0.0,0.0,0.3,0.0,26.2,73.4
20230110183909,0.0,0.0,0.0,0.1,0.0,0.0,99.5,0.4
20230110183939,0.0,0.0,0.0,0.2,0.0,0.0,99.6,0.2
20230110184009,0.0,0.0,0.0,0.1,0.0,0.0,99.8,0.1
20230110184039,0.0,0.0,0.0,0.0,0.0,0.0,99.9,0.1
20230110184109,0.0,0.0,0.0,0.1,0.0,0.0,99.9,0.0
20230110184139,0.0,0.0,0.0,0.7,0.0,0.0,99.2,0.1
20230110184209,0.0,0.0,0.0,0.4,0.0,0.0,99.6,0.0
20230110184240,0.0,0.0,0.0,0.6,0.0,0.0,99.4,0.1
20230110184310,0.0,0.0,0.0,0.2,0.0,0.0,99.8,0.0
20230110184340,0.0,0.0,0.0,0.6,0.0,0.0,99.4,0.0
20230110184410,0.0,0.0,0.0,1.1,0.0,0.0,98.9,0.0
20230110184440,0.0,0.0,0.0,0.4,0.0,0.0,99.6,0.0
20230110184510,0.0,0.0,0.0,0.6,0.0,0.0,99.3,0.0
20230110184540,0.0,0.0,0.0,3.1,0.0,0.0,96.8,0.1
20230110184610,0.0,0.0,0.0,2.4,0.0,0.0,97.5,0.0
20230110184640,0.0,0.0,0.0,1.8,0.0,0.0,98.1,0.0
20230110184710,0.0,0.0,0.0,1.8,0.0,0.0,98.1,0.1
20230110184740,0.0,0.0,0.0,1.0,0.0,0.0,98.8,0.1
20230110184810,0.0,0.0,0.0,1.7,0.1,0.0,98.1,0.1
20230110184840,0.0,0.0,0.0,0.5,0.1,0.0,99.4,0.1
20230110184910,0.0,0.0,0.0,2.7,0.2,0.0,96.8,0.3
20230110184940,0.0,0.0,0.0,11.2,0.4,0.0,87.1,1.2
20230110185010,0.0,0.0,0.0,6.5,0.3,0.0,92.4,0.7
20230110185040,0.0,0.0,0.0,9.6,0.1,0.0,89.5,0.8
20230110185110,0.0,0.0,0.0,8.6,0.0,0.0,90.8,0.5
20230110185140,0.0,0.0,0.0,4.6,0.1,0.0,95.0,0.4
20230110185210,0.1,0.0,0.0,2.8,0.1,0.0,96.6,0.4
20230110185240,0.0,0.0,0.0,3.3,0.3,0.0,96.0,0.3
20230110185310,0.0,0.0,0.0,2.9,0.1,0.0,96.7,0.2
20230110185340,0.1,0.0,0.0,9.5,0.0,0.0,90.1,0.2
20230110185410,0.0,0.0,0.0,2.2,0.1,0.0,97.4,0.2
20230110185440,0.1,0.0,0.0,9.3,0.2,0.0,90.1,0.3
20230110185510,0.4,0.0,0.1,3.5,0.3,0.0,95.4,0.3
20230110185540,0.3,0.0,0.0,3.9,0.1,0.0,95.3,0.4
20230110185610,0.1,0.0,0.0,6.7,0.1,0.1,91.9,1.1
20230110185640,0.2,0.0,0.0,5.8,0.2,0.0,93.3,0.4
20230110185710,0.3,0.0,0.0,4.2,0.3,0.0,94.2,0.9
20230110185740,0.5,0.0,0.2,8.2,0.2,0.0,90.2,0.6
20230110185810,0.1,0.0,0.0,2.2,0.1,0.0,97.5,0.2
20230110185840,0.1,0.0,0.0,0.6,0.0,0.0,99.1,0.2
20230110185910,0.1,0.0,0.0,0.6,0.1,0.0,99.0,0.2
20230110185940,0.0,0.0,0.0,0.3,0.0,0.0,99.6,0.0
20230110190010,0.1,0.0,0.0,0.8,0.1,0.0,98.8,0.1
20230110190040,0.1,0.0,0.1,0.5,0.0,0.0,99.2,0.1
20230110190110,0.2,0.0,0.1,1.4,0.0,0.0,98.2,0.1
20230110190140,0.1,0.0,0.3,2.4,0.0,0.0,96.9,0.2
20230110190210,0.3,0.0,0.4,2.7,0.1,0.1,96.1,0.3
20230110190240,0.2,0.0,0.1,3.5,0.1,0.0,96.0,0.2
20230110190310,0.0,0.0,0.0,0.8,0.0,0.0,99.0,0.1
20230110190340,0.3,0.0,0.1,7.3,0.1,0.0,92.1,0.2
20230110190410,0.2,0.0,0.1,6.9,0.1,0.0,92.5,0.2
20230110190440,0.3,0.0,0.1,9.4,0.1,0.0,89.7,0.4
20230110190510,0.1,0.0,0.3,6.7,0.0,0.1,92.5,0.4
20230110190540,0.2,0.0,0.1,5.0,0.1,0.0,94.3,0.3
20230110190610,0.7,0.0,4.1,12.3,0.3,0.6,80.6,1.4
20230110190640,1.7,0.0,3.5,5.4,0.2,1.1,87.1,1.0
20230110190710,1.8,0.0,2.3,4.8,0.5,0.6,88.9,1.1
20230110190740,0.3,0.0,0.7,6.1,0.2,0.3,91.5,0.9
20230110190810,1.1,0.0,4.0,31.4,3.6,0.6,56.5,2.8
20230110190840,0.4,0.0,0.5,4.5,1.6,0.3,90.9,1.7
20230110190910,0.9,0.0,0.4,3.2,2.1,0.3,92.3,0.9
20230110190940,0.7,0.0,1.6,12.9,1.8,0.6,80.2,2.3
20230110191010,0.5,0.0,1.0,7.7,0.7,0.5,87.4,2.1
20230110191040,0.5,0.0,0.4,4.0,1.0,0.3,92.1,1.6
20230110191110,0.1,0.0,0.3,2.0,0.4,0.1,95.6,1.5
20230110191140,0.3,0.0,0.2,9.9,0.9,0.4,84.4,3.9
20230110191210,0.1,0.0,0.1,1.8,0.5,0.1,95.9,1.5
20230110191240,0.1,0.0,0.2,2.1,0.9,0.1,95.2,1.5
20230110191310,1.0,0.0,1.4,2.7,1.7,0.1,90.7,2.5
20230110191340,1.2,0.0,1.2,3.4,2.5,0.4,89.6,1.8
20230110191410,4.0,0.0,8.0,9.8,4.1,0.7,69.2,4.2
20230110191440,1.0,0.0,2.1,3.0,2.4,0.2,87.8,3.4
20230110191510,0.7,0.1,8.3,1.2,3.2,0.4,83.0,3.1
20230110191540,1.2,0.0,3.5,2.8,1.5,0.9,85.7,4.3
20230110191610,1.7,0.1,19.7,4.6,3.8,1.2,64.3,4.7
20230110191640,1.3,0.0,4.9,2.9,5.0,0.5,77.8,7.5
20230110191711,2.2,0.0,3.2,2.9,3.6,0.3,84.8,3.0
20230110191741,0.1,0.0,0.2,0.8,0.3,0.1,97.7,0.8
20230110191811,0.1,0.0,0.8,0.3,0.8,0.0,97.1,1.1
20230110191841,0.0,0.0,4.3,0.7,0.3,0.0,94.1,0.5
20230110191911,0.0,0.0,0.2,0.4,0.0,0.0,98.6,0.7
20230110191941,0.0,0.0,0.0,0.0,0.0,0.0,99.0,0.9
20230110192011,0.0,0.0,0.0,0.0,0.0,0.0,98.9,1.0
20230110192041,0.0,0.0,0.0,0.0,0.0,0.0,99.7,0.2
20230110192111,0.0,0.0,0.1,0.1,0.0,0.0,99.5,0.2
20230110192141,0.0,0.0,0.0,0.1,0.0,0.0,99.8,0.1
20230110192211,0.2,0.0,0.3,0.2,0.3,0.0,98.4,0.7
20230110192241,0.0,0.0,0.8,0.1,0.1,0.0,99.0,0.0
20230110192311,0.0,0.0,0.1,0.2,0.1,0.0,99.6,0.0
20230110192341,0.0,0.0,0.0,0.1,0.1,0.0,99.6,0.1
20230110192411,0.0,0.0,0.1,0.1,0.1,0.0,99.5,0.2
20230110192441,0.0,0.0,0.0,0.0,0.0,0.0,99.9,0.1
20230110192511,0.1,0.0,0.3,0.1,0.2,0.0,99.0,0.3
20230110192541,0.3,0.0,0.1,0.3,0.5,0.2,98.1,0.5
20230110192611,4.0,0.1,1.4,1.4,2.3,8.4,38.4,43.9
20230110192641,0.1,0.0,0.0,0.2,0.1,0.7,20.3,78.6
20230110192711,0.6,0.0,0.3,0.5,0.5,2.7,87.4,8.0
20230110192741,2.5,0.0,0.8,1.8,1.2,1.9,72.0,19.7
20230110192811,3.2,0.1,1.1,2.2,2.2,1.4,67.6,22.3
20230110192841,9.0,0.1,1.8,2.4,22.6,2.3,57.5,4.3
20230110192911,12.1,0.2,2.5,13.0,23.3,2.4,36.6,10.0
20230110192941,5.2,0.0,5.3,1.6,5.0,6.2,65.2,11.5
20230110193011,0.3,0.0,0.3,2.1,7.4,1.3,5.9,82.7
20230110193041,0.0,0.0,0.0,0.6,3.2,0.3,0.4,95.4
20230110193111,0.6,0.0,0.5,2.9,20.6,1.9,2.7,70.8
20230110193141,1.6,0.1,3.0,17.8,27.8,1.9,8.4,39.5
20230110193211,2.0,0.1,0.7,10.4,52.4,0.3,4.1,30.0
20230110193241,1.5,0.0,1.5,5.5,83.5,0.1,4.2,3.7
20230110193311,0.9,0.1,0.3,4.4,13.0,0.1,77.3,3.9
20230110193341,0.5,0.0,0.2,0.6,9.1,0.2,86.4,3.0
20230110193411,0.1,0.0,0.1,0.4,1.2,0.1,96.7,1.4
20230110193441,0.0,0.0,0.1,0.2,1.2,0.0,98.2,0.3
20230110193511,0.4,0.0,0.2,0.4,3.8,0.2,93.9,1.1
20230110193541,0.6,0.0,0.5,3.6,19.2,0.4,72.0,3.7
20230110193611,1.0,0.1,0.9,8.5,20.0,0.4,62.2,7.0
20230110193641,5.7,0.7,1.1,15.4,44.9,0.7,26.1,5.4
20230110193711,1.5,0.5,0.5,6.1,50.1,0.3,36.4,4.6
20230110193741,4.3,1.2,0.5,14.0,61.8,0.2,16.0,1.9
20230110193811,4.9,3.5,0.3,13.1,47.2,0.7,29.0,1.2
20230110193841,5.1,0.8,0.2,14.9,70.1,0.2,8.5,0.2
20230110193911,12.6,0.4,0.2,13.0,68.7,0.2,4.4,0.5
20230110193941,9.0,0.6,0.1,10.2,69.3,0.3,9.5,1.0
20230110194011,7.0,0.4,1.1,16.1,61.6,0.2,12.5,1.1
20230110194041,2.1,0.4,0.5,7.0,60.6,0.2,28.4,0.9
20230110194111,3.9,0.6,1.1,14.6,42.1,0.1,37.1,0.6
20230110194141,3.8,0.5,0.5,17.4,74.7,0.0,2.9,0.2
20230110194211,6.9,0.8,6.8,18.1,51.9,0.1,14.5,0.9
20230110194241,1.1,0.1,1.8,3.8,15.7,0.1,77.0,0.5
20230110194311,1.1,0.2,2.2,14.3,35.2,0.1,44.5,2.4
20230110194341,1.6,0.5,3.2,3.1,77.3,0.1,13.2,1.2
20230110194412,0.9,0.4,2.0,0.9,89.2,0.0,5.7,0.9
20230110194442,7.8,1.2,1.0,1.9,79.7,0.1,7.2,1.2
20230110194512,0.7,0.6,2.3,1.1,88.0,0.0,6.9,0.4
20230110194542,4.0,1.8,0.6,8.1,75.3,0.1,8.3,1.8
20230110194612,1.4,0.6,0.9,2.7,92.2,0.1,1.9,0.2
20230110194642,1.0,0.5,1.1,1.7,86.6,0.0,8.2,0.9
20230110194712,0.4,0.3,0.4,3.3,92.4,0.0,2.1,1.1
20230110194742,0.2,0.1,1.0,6.7,86.8,0.0,4.2,1.1
20230110194812,0.1,0.1,0.5,4.8,90.5,0.0,2.6,1.5
20230110194842,0.2,0.1,1.7,3.9,69.5,0.0,20.3,4.3
20230110194912,0.1,0.0,0.7,4.9,45.3,0.0,45.3,3.6
20230110194942,0.2,0.0,1.5,3.6,22.2,0.1,64.0,8.4
20230110195012,0.4,0.0,0.5,14.2,9.3,0.1,56.8,18.8
20230110195042,0.6,0.1,1.0,31.8,26.1,0.1,27.1,13.2
20230110195112,0.4,0.0,0.6,16.2,35.2,0.1,43.0,4.4
20230110195142,0.2,0.0,0.5,7.0,6.4,0.1,82.8,3.0
20230110195212,0.2,0.0,0.8,6.5,10.4,0.0,81.1,0.9
20230110195242,0.3,0.0,0.8,2.7,8.2,0.1,87.2,0.7
20230110195312,0.1,0.0,2.2,3.0,3.6,0.0,90.9,0.3
20230110195342,0.1,0.0,2.4,3.2,5.9,0.0,87.6,0.7
20230110195412,0.1,0.0,1.7,6.7,3.6,0.0,86.9,0.9
20230110195442,0.0,0.0,1.8,1.0,0.9,0.0,95.6,0.7
20230110195512,0.3,0.1,5.8,11.9,4.7,0.0,73.9,3.3
20230110195542,0.1,0.0,3.9,6.6,6.1,0.0,82.2,1.0
20230110195612,0.2,0.1,6.6,6.0,5.9,0.1,80.7,0.4
20230110195642,0.0,0.0,0.7,0.5,1.1,0.0,97.2,0.5
20230110195712,0.0,0.0,0.2,0.2,0.4,0.0,99.0,0.2
20230110195742,0.0,0.0,0.5,0.3,0.8,0.0,98.0,0.2
20230110195812,0.0,0.0,0.6,0.8,1.6,0.0,96.8,0.2
20230110195842,0.0,0.0,0.2,0.1,2.1,0.0,97.4,0.2
20230110195912,0.0,0.0,0.1,0.1,0.2,0.0,99.5,0.0
20230110195942,0.0,0.0,0.1,0.1,0.4,0.0,99.3,0.0
20230110200012,0.0,0.0,0.1,0.2,0.1,0.0,99.7,0.0
20230110200042,0.0,0.0,0.0,0.1,0.0,0.0,99.9,0.0
20230110200112,0.0,0.0,1.2,1.3,2.2,0.0,95.2,0.1
20230110200142,0.0,0.0,0.7,6.9,5.6,0.0,86.5,0.3
20230110200212,0.0,0.0,0.5,2.4,12.9,0.0,84.0,0.2
20230110200242,0.0,0.0,0.0,1.5,4.6,0.0,92.8,1.1
20230110200312,0.0,0.0,0.0,0.0,0.8,0.0,98.9,0.3
20230110200342,0.0,0.0,0.1,0.1,2.9,0.0,96.8,0.1
20230110200412,0.0,0.0,0.0,0.0,0.1,0.0,99.8,0.1
20230110200442,0.0,0.0,0.0,0.0,0.1,0.0,99.9,0.1
20230110200512,0.0,0.0,0.0,0.0,0.1,0.0,99.9,0.0
20230110200542,0.0,0.0,0.0,0.0,0.0,0.0,100.0,0.0
20230110200612,0.0,0.0,0.0,0.0,0.0,0.0,100.0,0.0
20230110200642,0.0,0.0,0.0,0.0,0.0,0.0,100.0,0.0
20230110200712,0.0,0.0,0.0,0.0,0.0,0.0,99.9,0.0
20230110200742,0.0,0.0,0.0,0.0,0.0,0.0,99.9,0.0
20230110200812,0.0,0.0,0.0,0.0,0.0,0.0,100.0,0.0
20230110200842,0.0,0.0,0.0,0.0,0.0,0.0,99.9,0.1
20230110200912,0.0,0.0,0.0,0.0,0.0,0.0,100.0,0.0
20230110200942,0.0,0.0,0.2,0.1,0.2,0.0,99.1,0.5
20230110201012,0.0,0.0,0.1,0.0,0.0,0.0,98.3,1.6
20230110201042,0.0,0.0,0.1,0.0,0.2,0.0,80.0,19.7
20230110201112,0.0,0.0,0.0,0.0,0.0,0.0,98.3,1.7
20230110201142,0.0,0.0,0.0,0.0,0.0,0.0,73.0,27.0
20230110201212,0.0,0.0,0.0,0.0,0.0,0.0,98.2,1.8
20230110201242,0.0,0.0,0.0,0.0,0.0,0.0,93.4,6.6
20230110201312,0.0,0.0,0.0,0.0,0.0,0.0,94.1,5.9
20230110201342,0.0,0.0,0.0,0.0,0.0,0.0,32.9,67.1
20230110201412,0.0,0.0,0.0,0.0,0.0,0.0,59.2,40.8
20230110201442,0.0,0.0,0.0,0.0,0.0,0.0,72.9,27.1
20230110201512,0.0,0.0,0.0,0.0,0.0,0.0,16.4,83.6
20230110201542,0.0,0.0,0.0,0.0,0.0,0.0,24.3,75.7
20230110201612,0.0,0.0,0.0,0.0,0.0,0.0,89.5,10.5
20230110201642,0.0,0.0,0.0,0.0,0.0,0.0,81.9,18.0
20230110201712,0.0,0.0,0.0,0.0,0.0,0.0,95.5,4.5
20230110201742,0.0,0.0,0.0,0.0,0.0,0.0,99.9,0.0
20230110201812,0.0,0.0,0.0,0.0,0.0,0.0,100.0,0.0
20230110201843,0.0,0.0,0.0,0.0,0.0,0.0,100.0,0.0
20230110201913,0.0,0.0,0.0,0.0,0.0,0.0,100.0,0.0
20230110201943,0.0,0.0,0.0,0.0,0.0,0.0,100.0,0.0
20230110202013,0.0,0.0,0.0,0.0,0.0,0.0,100.0,0.0
20230110202043,0.0,0.0,0.0,0.0,0.0,0.0,99.9,0.0
20230110202113,0.0,0.0,0.0,0.0,0.0,0.0,100.0,0.0
20230110202143,0.0,0.0,0.0,0.0,0.0,0.0,99.8,0.2
20230110202213,0.0,0.0,0.0,0.0,0.0,0.0,99.8,0.2
20230110202243,0.0,0.0,0.0,0.0,0.0,0.0,99.3,0.7
20230110202313,0.0,0.0,0.0,0.0,0.0,0.0,99.7,0.3
20230110202343,0.0,0.0,0.0,0.0,0.0,0.0,98.1,1.9
20230110202413,0.0,0.0,0.0,0.0,0.0,0.0,97.8,2.2
20230110202443,0.0,0.0,0.0,0.0,0.0,0.0,95.4,4.6
20230110202513,0.0,0.0,0.0,0.0,0.0,0.0,94.9,5.1
20230110202543,0.0,0.0,0.0,0.0,0.0,0.0,91.7,8.3
20230110202613,0.0,0.0,0.0,0.0,0.0,0.0,83.5,16.5
20230110202643,0.0,0.0,0.0,0.0,0.0,0.0,85.8,14.2
20230110202713,0.0,0.0,0.0,0.0,0.0,0.0,68.6,31.3
20230110202743,0.0,0.0,0.0,0.0,0.0,0.0,98.0,2.0
20230110202813,0.0,0.0,0.1,0.0,0.0,0.0,99.6,0.3
20230110202843,0.0,0.0,0.0,0.0,0.1,0.0,99.8,0.1
20230110202913,0.0,0.0,0.1,0.1,0.1,0.0,99.3,0.3
20230110202943,0.0,0.0,0.0,0.2,0.3,0.0,99.3,0.2
20230110203013,0.0,0.0,0.1,0.8,0.7,0.0,98.1,0.4
20230110203043,0.0,0.0,0.0,1.4,0.7,0.0,97.6,0.3
20230110203113,0.0,0.0,0.0,0.4,0.2,0.0,99.3,0.1
20230110203143,0.0,0.0,0.0,0.2,0.2,0.0,99.6,0.0
20230110203213,0.0,0.0,0.1,1.4,0.5,0.0,97.8,0.3
20230110203243,0.0,0.0,0.0,0.5,0.5,0.0,98.5,0.4
20230110203313,0.0,0.0,0.0,0.5,0.4,0.0,98.7,0.3
20230110203343,0.0,0.0,0.0,0.7,0.3,0.0,98.8,0.1
20230110203413,0.0,0.0,0.0,0.2,0.2,0.0,99.6,0.1
