UT,arc,discrete,diffuse,ac,ab,clear,cloudy,dd
20230322180000,0.0,0.0,0.0,0.0,0.0,0.0,0.0,100.0
20230322180030,0.0,0.0,0.0,0.0,0.0,0.0,0.0,100.0
20230322180100,0.0,0.0,0.0,0.0,0.0,0.0,0.0,100.0
20230322180130,0.0,0.0,0.0,0.0,0.0,0.0,0.0,100.0
20230322180200,0.0,0.0,0.0,0.0,0.0,0.0,0.0,100.0
20230322180230,0.0,0.0,0.0,0.0,0.0,0.0,0.0,100.0
20230322180300,0.0,0.0,0.0,0.0,0.0,0.0,0.0,100.0
20230322180330,0.0,0.0,0.0,0.0,0.0,0.0,0.0,100.0
20230322180400,0.0,0.0,0.0,0.0,0.0,0.0,0.0,100.0
20230322180430,0.0,0.0,0.0,0.0,0.0,0.0,0.0,100.0
20230322180500,0.0,0.0,0.0,0.0,0.0,0.0,0.0,100.0
20230322180530,0.0,0.0,0.0,0.0,0.0,0.0,0.0,100.0
20230322180600,0.0,0.0,0.0,0.0,0.0,0.0,0.0,100.0
20230322180630,0.0,0.0,0.0,0.0,0.0,0.0,0.0,100.0
20230322180700,0.0,0.0,0.0,0.0,0.0,0.0,0.0,100.0
20230322180730,0.0,0.0,0.0,0.0,0.0,0.0,0.0,100.0
20230322180800,0.0,0.0,0.0,0.0,0.0,0.0,0.0,100.0
20230322180830,0.0,0.0,0.0,0.0,0.0,0.0,0.0,100.0
20230322180900,0.0,0.0,0.0,0.0,0.0,0.0,0.0,100.0
20230322180930,0.0,0.0,0.0,0.0,0.0,0.0,0.0,100.0
20230322181000,0.0,0.0,0.0,0.0,0.0,0.0,0.0,100.0
20230322181030,0.0,0.0,0.0,0.0,0.0,0.0,0.0,100.0
20230322181100,0.0,0.0,0.0,0.0,0.0,0.0,0.0,100.0
20230322181130,0.0,0.0,0.0,0.0,0.0,0.0,0.0,100.0
20230322181200,0.0,0.0,0.0,0.0,0.0,0.0,0.0,100.0
20230322181230,0.0,0.0,0.0,0.0,0.0,0.0,0.0,100.0
20230322181300,0.0,0.0,0.0,0.0,0.0,0.0,0.0,100.0
20230322181330,0.0,0.0,0.0,0.0,0.0,0.0,0.0,100.0
20230322181400,0.0,0.0,0.0,0.0,0.0,0.0,0.0,100.0
20230322181430,0.0,0.0,0.0,0.0,0.0,0.0,0.0,100.0
20230322181500,0.0,0.0,0.0,0.0,0.0,0.0,0.0,100.0
20230322181530,0.0,0.0,0.0,0.0,0.0,0.0,0.0,100.0
20230322181600,0.0,0.0,0.0,0.0,0.0,0.0,0.0,100.0
20230322181630,0.0,0.0,0.0,0.0,0.0,0.0,0.0,100.0
20230322181700,0.0,0.0,0.0,0.0,0.0,0.0,0.0,100.0
20230322181730,0.0,0.0,0.0,0.0,0.0,0.0,0.0,100.0
20230322181800,0.0,0.0,0.0,0.0,0.0,0.0,0.0,100.0
20230322181830,0.0,0.0,0.0,0.0,0.0,0.0,0.0,100.0
20230322181900,0.0,0.0,0.0,0.0,0.0,0.0,0.0,100.0
20230322181930,0.0,0.0,0.0,0.0,0.0,0.0,0.0,100.0
20230322182000,0.0,0.0,0.0,0.0,0.0,0.0,0.0,100.0
20230322182030,0.0,0.0,0.0,0.0,0.0,0.0,0.0,100.0
20230322182100,0.0,0.0,0.0,0.0,0.0,0.0,0.0,100.0
20230322182130,0.0,0.0,0.0,0.0,0.0,0.0,0.0,100.0
20230322182200,0.0,0.0,0.0,0.0,0.0,0.0,0.0,100.0
20230322182230,0.0,0.0,0.0,0.0,0.0,0.0,0.0,100.0
20230322182300,0.0,0.0,0.0,0.0,0.0,0.0,0.0,100.0
20230322182330,0.0,0.0,0.0,0.0,0.0,0.0,0.0,100.0
20230322182400,0.0,0.0,0.0,0.0,0.0,0.0,0.0,100.0
20230322182430,0.0,0.0,0.0,0.0,0.0,0.0,0.0,100.0
20230322182500,0.0,0.0,0.0,0.0,0.0,0.0,0.0,100.0
20230322182531,0.0,0.0,0.0,0.0,0.0,0.0,0.0,100.0
20230322182601,0.0,0.0,0.0,0.0,0.0,0.0,0.0,100.0
20230322182631,0.0,0.0,0.0,0.0,0.0,0.0,0.0,100.0
20230322182701,0.0,0.0,0.0,0.0,0.0,0.0,0.0,100.0
20230322182731,0.0,0.0,0.0,0.0,0.0,0.0,0.0,100.0
20230322182801,0.0,0.0,0.0,0.0,0.0,0.0,0.0,100.0
20230322182831,0.0,0.0,0.0,0.0,0.0,0.0,0.0,100.0
20230322182901,0.0,0.0,0.0,0.0,0.0,0.0,0.0,100.0
20230322182931,0.0,0.0,0.0,0.0,0.0,0.0,0.0,100.0
20230322183001,0.0,0.0,0.0,0.0,0.0,0.0,0.0,100.0
20230322183031,0.0,0.0,0.0,0.0,0.0,0.0,0.0,100.0
20230322183101,0.0,0.0,0.0,0.0,0.0,0.0,0.0,100.0
20230322183131,0.0,0.0,0.0,0.0,0.0,0.0,0.0,100.0
20230322183201,0.0,0.0,0.0,0.0,0.0,0.0,0.0,100.0
20230322183231,0.0,0.0,0.0,0.0,0.0,0.0,0.0,100.0
20230322183301,0.0,0.0,0.0,0.0,0.0,0.0,0.0,100.0
20230322183331,0.0,0.0,0.0,0.0,0.0,0.0,0.0,100.0
20230322183401,0.0,0.0,0.0,0.0,0.0,0.0,0.0,100.0
20230322183431,0.0,0.0,0.0,0.0,0.0,0.0,0.0,100.0
20230322183501,0.0,0.0,0.0,0.0,0.0,0.0,0.0,100.0
20230322183531,0.0,0.0,0.0,0.0,0.0,0.0,0.0,100.0
20230322183601,0.0,0.0,0.0,0.0,0.0,0.0,0.0,100.0
20230322183631,0.0,0.0,0.0,0.0,0.0,0.0,0.0,100.0
20230322183701,0.0,0.0,0.0,0.0,0.0,0.0,0.0,100.0
20230322183731,0.0,0.0,0.0,0.0,0.0,0.0,0.0,100.0
20230322183801,0.0,0.0,0.0,0.0,0.0,0.0,0.0,100.0
20230322183831,0.0,0.0,0.0,0.0,0.0,0.0,0.0,100.0
20230322183901,0.0,0.0,0.0,0.0,0.0,0.0,0.0,100.0
20230322183931,0.0,0.0,0.0,0.0,0.0,0.0,0.0,100.0
20230322184001,0.0,0.0,0.0,0.0,0.0,0.0,0.0,100.0
20230322184031,0.0,0.0,0.0,0.0,0.0,0.0,0.0,100.0
20230322184101,0.0,0.0,0.0,0.0,0.0,0.0,0.0,100.0
20230322184131,0.0,0.0,0.0,0.0,0.0,0.0,0.0,100.0
20230322184201,0.0,0.0,0.0,0.0,0.0,0.0,0.0,100.0
20230322184231,0.0,0.0,0.0,0.0,0.0,0.0,0.0,100.0
20230322184301,0.0,0.0,0.0,0.0,0.0,0.0,0.0,100.0
20230322184331,0.0,0.0,0.0,0.0,0.0,0.0,0.0,100.0
20230322184401,0.0,0.0,0.0,0.0,0.0,0.0,0.0,100.0
20230322184431,0.0,0.0,0.0,0.0,0.0,0.0,0.0,100.0
20230322184501,0.0,0.0,0.0,0.0,0.0,0.0,0.0,100.0
20230322184531,0.0,0.0,0.0,0.0,0.0,0.0,0.0,100.0
20230322184601,0.0,0.0,0.0,0.0,0.0,0.0,0.0,100.0
20230322184631,0.0,0.0,0.0,0.0,0.0,0.0,0.0,100.0
20230322184701,0.0,0.0,0.0,0.0,0.0,0.0,0.0,100.0
20230322184731,0.0,0.0,0.0,0.0,0.0,0.0,0.0,100.0
20230322184801,0.0,0.0,0.0,0.0,0.0,0.0,0.0,100.0
20230322184831,0.0,0.0,0.0,0.0,0.0,0.0,0.0,100.0
20230322184901,0.0,0.0,0.0,0.0,0.0,0.0,0.0,100.0
20230322184931,0.0,0.0,0.0,0.0,0.0,0.0,0.0,100.0
20230322185001,0.0,0.0,0.0,0.0,0.0,0.0,0.0,100.0
20230322185031,0.0,0.0,0.0,0.0,0.0,0.0,0.0,100.0
20230322185101,0.0,0.0,0.0,0.0,0.0,0.0,0.0,100.0
20230322185131,0.0,0.0,0.0,0.0,0.0,0.0,0.0,100.0
20230322185201,0.0,0.0,0.0,0.0,0.0,0.0,0.0,100.0
20230322185231,0.0,0.0,0.0,0.0,0.0,0.0,0.0,100.0
20230322185301,0.0,0.0,0.0,0.0,0.0,0.0,0.0,100.0
20230322185331,0.0,0.0,0.0,0.0,0.0,0.0,0.0,100.0
20230322185401,0.0,0.0,0.0,0.0,0.0,0.0,0.0,100.0
20230322185431,0.0,0.0,0.0,0.0,0.0,0.0,0.0,100.0
20230322185501,0.0,0.0,0.0,0.0,0.0,0.0,0.0,100.0
20230322185531,0.0,0.0,0.0,0.0,0.0,0.0,0.0,100.0
20230322185601,0.0,0.0,0.0,0.0,0.0,0.0,0.0,100.0
20230322185631,0.0,0.0,0.0,0.0,0.0,0.0,0.0,100.0
20230322185701,0.0,0.0,0.0,0.0,0.1,0.0,0.0,99.9
20230322185731,0.0,0.0,0.0,0.0,0.0,0.0,0.0,100.0
20230322185801,0.0,0.0,0.0,0.0,0.0,0.0,0.0,100.0
20230322185831,0.0,0.0,0.0,0.0,0.0,0.0,0.0,100.0
20230322185901,0.0,0.0,0.0,0.0,0.0,0.0,0.0,99.9
20230322185931,0.0,0.0,0.0,0.0,0.0,0.0,0.0,100.0
20230322190132,0.0,0.0,0.0,0.0,0.0,0.0,0.0,100.0
20230322190202,0.0,0.0,0.0,0.0,0.0,0.0,0.0,100.0
20230322190232,0.0,0.0,0.0,0.0,0.0,0.0,0.0,100.0
20230322190302,0.0,0.0,0.0,0.0,0.0,0.0,0.0,100.0
20230322190332,0.0,0.0,0.0,0.0,0.0,0.0,0.0,100.0
20230322190402,0.0,0.0,0.0,0.0,0.0,0.0,0.0,100.0
20230322190432,0.0,0.0,0.0,0.0,0.0,0.0,0.0,100.0
20230322190502,0.0,0.0,0.0,0.0,0.0,0.0,0.0,100.0
20230322190532,0.0,0.0,0.0,0.0,0.0,0.0,0.0,100.0
20230322190602,0.0,0.0,0.0,0.0,0.0,0.0,0.0,100.0
20230322190632,0.0,0.0,0.0,0.0,0.0,0.0,0.0,100.0
20230322190702,0.0,0.0,0.0,0.0,0.0,0.0,0.0,100.0
20230322190732,0.0,0.0,0.0,0.0,0.0,0.0,0.0,100.0
20230322190802,0.0,0.0,0.0,0.0,0.0,0.0,0.0,100.0
20230322190832,0.0,0.0,0.0,0.0,0.0,0.0,0.0,100.0
20230322190902,0.0,0.0,0.0,0.0,0.1,0.0,0.0,99.9
20230322190932,0.0,0.0,0.0,0.0,0.1,0.0,0.0,99.9
20230322191002,0.0,0.0,0.0,0.0,0.2,0.0,0.0,99.8
20230322191032,0.0,0.0,0.0,0.0,1.9,0.0,0.0,98.1
20230322191102,0.0,0.0,0.0,0.0,0.0,0.0,0.0,100.0
20230322191132,0.0,0.0,0.0,0.0,0.5,0.0,0.0,99.5
20230322191202,0.0,0.0,0.0,0.0,0.2,0.0,0.0,99.8
20230322191232,0.0,0.0,0.0,0.0,0.3,0.0,0.0,99.7
20230322191302,0.0,0.0,0.0,0.0,1.1,0.0,0.0,98.9
20230322191332,0.0,0.0,0.0,0.0,0.3,0.0,0.0,99.7
20230322191402,0.2,0.0,0.0,0.0,9.0,0.0,0.0,90.8
20230322191432,0.0,0.0,0.0,0.0,0.0,0.0,0.0,100.0
20230322191502,0.0,0.0,0.0,0.0,0.1,0.0,0.0,99.9
20230322191532,0.0,0.0,0.0,0.0,0.5,0.0,0.0,99.5
20230322191602,0.0,0.0,0.0,0.0,0.0,0.0,0.0,100.0
20230322191632,0.0,0.0,0.0,0.0,0.0,0.0,0.0,100.0
20230322191702,0.0,0.0,0.0,0.0,0.0,0.0,0.0,100.0
20230322191732,0.0,0.0,0.0,0.0,0.3,0.0,0.0,99.7
20230322191802,0.0,0.0,0.0,0.0,0.1,0.0,0.0,99.9
20230322191832,0.0,0.0,0.0,0.0,0.0,0.0,0.0,100.0
20230322191902,0.0,0.0,0.0,0.0,0.0,0.0,0.0,100.0
20230322191932,0.0,0.0,0.0,0.0,0.0,0.0,0.0,100.0
20230322192002,0.0,0.0,0.0,0.0,1.0,0.0,0.0,98.9
20230322192032,0.0,0.0,0.0,0.0,0.4,0.0,0.0,99.6
20230322192102,0.1,0.0,0.0,0.0,15.3,0.0,0.0,84.5
20230322192132,0.1,0.0,0.0,0.0,0.2,0.0,0.0,99.8
20230322192202,0.0,0.0,0.0,0.0,0.7,0.0,0.0,99.3
20230322192232,0.8,0.0,0.0,0.0,10.3,0.0,0.0,88.8
20230322192302,0.4,0.0,0.0,0.0,3.5,0.0,0.0,96.1
20230322192332,0.0,0.0,0.0,0.0,0.2,0.0,0.0,99.8
20230322192402,0.2,0.0,0.0,0.0,1.6,0.0,0.0,98.2
20230322192432,0.3,0.0,0.0,0.0,1.1,0.0,0.0,98.6
20230322192502,0.3,0.0,0.0,0.0,2.4,0.0,0.0,97.3
20230322192532,1.1,0.0,0.0,0.1,3.2,0.0,0.0,95.7
20230322192602,0.0,0.0,0.0,0.0,0.1,0.0,0.0,99.9
20230322192632,0.0,0.0,0.0,0.0,0.0,0.0,0.0,100.0
20230322192702,1.6,0.0,0.0,0.0,3.4,0.0,0.0,95.0
20230322192732,1.4,0.0,0.0,0.0,1.9,0.0,0.0,96.6
20230322192802,0.8,0.0,0.0,0.0,1.2,0.0,0.0,98.0
20230322192832,0.2,0.0,0.0,0.0,0.2,0.0,0.0,99.6
20230322192902,0.5,0.0,0.0,0.0,0.9,0.0,0.0,98.6
20230322192932,0.7,0.0,0.0,0.1,1.1,0.0,0.0,98.1
20230322193002,0.4,0.0,0.0,0.0,0.4,0.0,0.0,99.2
20230322193032,0.1,0.0,0.0,0.0,0.0,0.0,0.0,99.9
20230322193102,0.2,0.0,0.0,0.0,0.0,0.0,0.0,99.7
20230322193132,0.8,0.0,0.0,0.0,0.4,0.0,0.0,98.7
20230322193202,2.0,0.1,0.0,0.2,2.7,0.0,0.1,94.8
20230322193232,2.8,0.1,0.1,0.3,4.4,0.0,0.1,92.2
20230322193302,1.5,0.0,0.0,0.2,0.8,0.0,0.1,97.4
20230322193332,4.8,0.0,0.1,0.2,0.4,0.0,0.1,94.4
20230322193403,0.7,0.0,0.0,0.1,0.1,0.0,0.0,99.0
20230322193433,0.4,0.0,0.0,0.1,0.1,0.0,0.0,99.5
20230322193503,0.6,0.0,0.0,0.2,0.1,0.0,0.1,99.0
20230322193533,0.5,0.0,0.0,0.1,0.1,0.0,0.0,99.2
20230322193603,0.8,0.0,0.0,0.2,0.2,0.0,0.1,98.6
20230322193633,0.3,0.0,0.0,0.1,0.1,0.0,0.1,99.5
20230322193703,0.4,0.0,0.0,0.1,0.0,0.0,0.3,99.2
20230322193733,5.5,0.0,0.0,0.4,0.9,0.1,0.1,93.0
20230322193803,3.2,0.0,0.1,0.3,0.4,0.0,0.2,95.7
20230322193833,3.7,0.1,0.0,0.5,0.6,0.1,1.0,93.9
20230322193903,3.6,0.1,0.2,0.8,0.6,0.1,0.6,93.9
20230322193933,2.6,0.0,0.1,0.4,0.4,0.1,0.5,95.8
20230322194003,2.2,0.0,0.1,0.5,0.2,0.1,0.8,96.2
20230322194033,3.3,0.0,0.0,0.3,0.2,0.1,1.1,95.0
20230322194103,3.7,0.0,0.1,0.4,0.1,0.3,2.0,93.3
20230322194133,1.2,0.0,0.0,0.3,0.1,0.2,0.5,97.7
20230322194203,3.2,0.0,0.0,0.3,0.2,0.2,0.9,95.1
20230322194233,31.7,0.1,0.2,0.8,1.6,0.5,3.7,61.5
20230322194303,44.0,0.2,0.4,0.9,0.6,0.3,5.2,48.5
20230322194333,14.6,0.1,0.1,0.3,0.6,1.5,26.6,56.1
20230322194403,8.6,0.1,0.1,0.3,0.5,0.3,5.7,84.6
20230322194433,41.9,0.2,0.4,1.1,1.7,1.6,23.2,29.9
20230322194503,47.9,0.1,0.2,0.9,1.2,1.0,5.9,42.8
20230322194533,49.2,0.1,0.3,1.0,1.3,1.9,14.4,31.9
20230322194603,30.1,0.2,0.3,1.7,0.8,1.0,14.1,51.7
20230322194633,54.6,0.1,0.1,1.2,0.7,1.0,11.0,31.5
20230322194703,67.0,0.2,0.5,1.2,2.0,0.7,13.9,14.5
20230322194733,77.4,0.1,0.4,0.3,1.6,0.6,16.0,3.5
20230322194803,80.1,0.1,0.5,0.6,0.5,0.8,16.4,1.2
20230322194833,88.0,0.0,0.3,0.3,0.4,0.6,10.1,0.3
20230322194903,54.8,0.0,0.8,0.6,1.3,0.8,40.4,1.2
20230322194933,82.4,0.0,0.6,0.4,0.3,0.9,14.9,0.4
20230322195003,68.6,0.1,0.6,1.4,1.0,1.8,24.0,2.5
20230322195033,87.2,0.1,0.7,0.9,1.5,0.4,7.8,1.4
20230322195103,86.0,0.1,0.5,0.7,0.5,0.4,10.9,0.8
20230322195133,79.6,0.1,0.3,0.8,0.4,1.1,17.0,0.7
20230322195203,63.5,0.1,1.2,0.7,0.9,3.8,29.5,0.4
20230322195233,67.1,0.1,0.8,1.1,0.3,0.8,29.7,0.2
20230322195303,43.1,0.1,0.6,2.4,0.5,4.0,48.6,0.8
20230322195333,72.9,0.1,0.4,1.7,0.5,2.6,21.5,0.3
20230322195403,70.7,0.1,0.4,2.1,1.2,1.7,23.1,0.7
20230322195433,44.0,0.1,0.7,2.3,0.3,1.8,50.2,0.6
20230322195503,37.0,0.1,0.3,1.7,0.3,2.3,57.7,0.6
20230322195533,37.2,0.0,0.3,1.8,0.2,1.4,58.8,0.4
20230322195603,31.9,0.1,0.7,3.5,0.3,3.4,59.6,0.5
20230322195633,31.6,0.1,1.6,4.0,0.8,2.3,58.4,1.2
20230322195703,51.9,0.1,1.0,2.7,0.5,3.3,39.8,0.8
20230322195733,45.3,0.1,0.9,2.8,0.6,3.9,45.8,0.7
20230322195803,52.9,0.1,1.2,3.5,0.4,3.8,37.5,0.7
20230322195833,38.0,0.1,0.9,2.3,0.6,1.6,56.2,0.4
20230322195903,29.7,0.1,1.4,6.5,0.7,2.7,58.5,0.5
20230322195933,40.0,0.1,1.1,8.3,1.0,1.4,47.5,0.7
20230322200003,39.1,0.0,0.8,6.2,0.3,2.6,50.4,0.7
20230322200033,49.3,0.1,0.7,2.7,0.4,2.4,44.1,0.2
20230322200103,23.5,0.0,1.5,5.5,0.7,1.9,66.7,0.2
20230322200133,29.3,0.0,0.9,11.9,0.9,3.1,53.5,0.3
20230322200203,25.8,0.1,1.4,12.4,0.9,3.4,54.9,1.0
20230322200233,17.3,0.1,1.3,6.2,0.5,2.5,71.2,0.9
20230322200303,25.6,0.0,0.8,3.0,0.4,2.5,67.1,0.5
20230322200333,36.7,0.1,0.8,12.0,1.1,2.3,45.1,1.8
20230322200404,31.0,0.1,0.8,10.1,0.8,3.7,52.8,0.7
20230322200434,7.9,0.0,0.2,2.8,0.4,2.0,83.7,2.9
20230322200504,16.0,0.0,0.6,3.9,0.6,2.3,75.8,0.7
20230322200534,34.2,0.1,0.9,8.8,0.8,1.9,52.3,1.0
20230322200604,9.5,0.0,0.6,3.3,0.6,3.1,81.9,1.0
20230322200634,38.0,0.1,0.5,7.7,0.4,0.7,52.0,0.6
20230322200704,33.5,0.1,1.1,8.5,0.9,1.5,53.8,0.7
20230322200734,65.0,0.1,0.9,3.7,1.3,2.6,26.2,0.3
20230322200804,33.8,0.0,0.5,3.8,0.5,1.4,59.4,0.7
20230322200834,26.6,0.1,0.6,4.0,1.2,1.9,65.3,0.5
20230322200904,15.8,0.0,0.4,2.7,0.7,2.2,77.5,0.7
20230322200934,23.7,0.1,0.4,6.5,0.8,2.1,65.5,1.0
20230322201004,23.6,0.1,0.4,7.1,1.1,1.8,64.6,1.2
20230322201034,58.6,0.0,1.7,7.2,1.8,1.0,29.3,0.4
20230322201104,43.9,0.1,0.6,4.2,0.9,3.1,44.7,2.5
20230322201134,15.2,0.1,1.5,6.5,0.8,1.1,73.2,1.7
20230322201204,20.4,0.0,0.9,6.1,1.0,1.4,69.4,0.7
20230322201234,15.3,0.1,0.7,10.1,1.4,2.4,67.6,2.4
20230322201304,46.4,0.1,0.9,11.6,1.0,1.7,37.9,0.5
20230322201334,18.2,0.0,0.6,6.1,1.5,1.3,70.4,1.8
20230322201404,18.8,0.0,0.5,2.9,0.7,2.3,74.1,0.8
20230322201434,13.8,0.0,0.2,4.1,0.8,4.1,76.0,1.0
20230322201504,15.2,0.1,0.2,9.7,1.5,2.9,68.3,2.2
20230322201534,20.0,0.1,0.5,5.2,1.2,1.6,70.8,0.8
20230322201604,25.7,0.1,0.3,4.0,1.2,0.6,67.6,0.7
20230322201634,9.6,0.1,0.4,4.8,1.3,1.3,82.0,0.6
20230322201704,11.2,0.0,0.3,2.3,0.6,2.1,83.1,0.5
20230322201734,16.8,0.1,0.1,4.7,1.4,3.8,71.8,1.3
20230322201804,11.7,0.1,0.3,6.1,1.3,3.4,76.3,0.7
20230322201834,10.3,0.0,0.1,2.1,0.3,2.9,83.9,0.4
20230322201904,21.5,0.1,0.5,7.9,1.0,3.7,64.4,0.9
20230322201934,15.1,0.0,0.1,2.3,0.6,4.3,77.1,0.6
20230322202004,21.0,0.0,0.2,4.5,0.8,3.6,68.8,0.9
20230322202034,13.7,0.0,0.1,2.1,0.6,6.5,75.8,1.1
20230322202104,12.3,0.1,0.2,6.2,1.6,6.9,71.7,1.1
20230322202134,15.7,0.1,0.2,4.4,1.5,6.7,70.9,0.6
20230322202204,30.8,0.0,0.2,3.8,1.9,7.4,55.1,1.0
20230322202234,23.7,0.0,0.5,5.5,2.0,7.4,60.6,0.3
20230322202304,25.3,0.0,0.3,4.2,1.0,5.6,63.4,0.3
20230322202334,18.5,0.1,0.2,6.8,1.4,9.2,62.7,1.1
20230322202404,22.1,0.0,0.1,2.9,0.8,4.4,69.3,0.4
20230322202434,18.2,0.0,0.1,5.7,1.7,4.6,69.0,0.7
20230322202504,7.6,0.1,0.1,5.1,1.4,7.8,77.0,0.8
20230322202534,23.0,0.0,0.2,9.2,1.1,3.0,61.4,2.1
20230322202604,16.1,0.0,0.2,2.8,0.8,3.5,75.2,1.3
20230322202634,32.2,0.0,0.3,3.8,0.9,5.6,55.9,1.3
20230322202704,14.4,0.0,0.2,5.4,0.7,11.9,66.8,0.6
20230322202734,12.7,0.0,0.3,6.0,1.3,2.8,76.0,0.8
20230322202804,10.3,0.0,0.2,2.1,0.5,3.5,82.4,0.9
20230322202834,6.7,0.0,0.2,3.2,0.5,2.3,85.8,1.4
20230322202904,9.9,0.0,0.1,3.0,0.4,9.9,76.1,0.5
20230322202934,11.9,0.0,0.0,3.5,0.4,4.7,78.2,1.2
20230322203004,14.3,0.0,0.1,10.8,1.1,5.6,67.6,0.6
20230322203034,16.7,0.0,0.0,2.1,0.5,6.7,73.0,1.0
20230322203104,17.7,0.0,0.1,7.9,0.8,7.4,65.6,0.3
20230322203134,14.3,0.0,0.1,8.0,0.8,10.9,65.2,0.7
20230322203204,25.6,0.0,0.0,2.7,0.5,5.3,65.1,0.7
20230322203234,13.4,0.0,0.1,2.7,0.8,10.6,70.7,1.8
20230322203304,13.6,0.0,0.0,2.7,0.7,1.9,78.9,2.2
20230322203334,42.2,0.1,0.1,11.6,2.0,1.7,39.2,3.2
20230322203404,7.1,0.0,0.0,1.7,0.5,1.9,87.6,1.3
20230322203434,25.2,0.1,0.2,11.6,2.4,3.2,54.3,3.0
20230322203504,29.7,0.0,0.3,10.8,0.8,1.3,55.7,1.4
20230322203535,17.8,0.0,0.1,5.6,0.6,3.6,70.9,1.4
20230322203605,10.9,0.0,0.1,8.3,0.5,3.3,74.7,2.0
20230322203635,22.0,0.0,0.1,7.7,0.9,5.5,62.8,1.0
20230322203705,13.4,0.0,0.1,2.1,0.4,6.4,76.2,1.3
20230322203735,14.5,0.0,0.0,5.3,1.6,6.0,71.3,1.3
20230322203805,22.3,0.1,0.2,12.6,1.6,6.4,54.4,2.4
20230322203835,27.0,0.0,0.1,10.8,1.3,2.8,56.2,1.8
20230322203905,18.4,0.0,0.1,12.2,1.1,3.4,63.5,1.2
20230322203935,25.9,0.2,0.1,12.8,2.0,4.8,51.8,2.4
20230322204005,11.1,0.0,0.1,7.5,1.2,2.2,76.3,1.6
20230322204035,10.9,0.0,0.0,3.5,0.3,4.0,78.9,2.4
20230322204105,14.2,0.0,0.1,3.9,0.7,4.5,74.6,1.9
20230322204135,10.1,0.0,0.0,3.4,0.8,8.1,73.4,4.1
20230322204205,10.2,0.0,0.0,6.0,0.9,6.3,75.8,0.7
20230322204235,14.3,0.0,0.0,2.7,0.4,12.1,69.5,0.9
20230322204305,9.8,0.0,0.1,4.5,0.7,4.3,79.5,1.1
20230322204335,10.3,0.0,0.1,4.0,1.0,5.1,78.3,1.1
20230322204405,4.5,0.0,0.0,3.9,0.7,3.6,83.7,3.5
20230322204435,16.7,0.0,0.0,8.5,1.2,1.7,67.3,4.4
20230322204505,23.4,0.0,0.1,4.5,1.6,1.6,66.3,2.5
20230322204535,12.5,0.0,0.1,5.7,0.8,1.5,74.6,4.8
20230322204605,10.5,0.0,0.1,4.1,0.6,4.7,76.3,3.7
20230322204635,15.9,0.0,0.1,4.7,1.0,4.2,72.2,1.9
20230322204705,15.5,0.0,0.0,1.9,0.4,4.5,75.9,1.7
20230322204735,7.5,0.0,0.0,0.7,0.3,5.8,84.3,1.4
20230322204805,8.9,0.0,0.0,1.3,0.3,5.1,83.5,0.9
20230322204835,13.2,0.0,0.0,6.3,0.6,7.8,68.5,3.5
20230322204905,20.4,0.0,0.1,7.0,0.8,1.6,65.2,4.9
20230322204935,5.6,0.0,0.0,2.1,0.3,3.6,85.9,2.4
20230322205005,8.3,0.0,0.0,0.9,0.1,6.2,83.5,1.0
20230322205035,10.6,0.0,0.0,4.5,0.6,3.3,79.6,1.4
20230322205105,8.1,0.0,0.1,2.3,0.7,11.9,74.1,2.7
20230322205135,10.4,0.0,0.0,2.0,0.4,10.5,74.9,1.8
20230322205205,6.3,0.0,0.0,2.6,0.4,5.1,83.8,1.8
20230322205235,9.1,0.0,0.0,4.0,0.3,4.9,79.2,2.6
20230322205305,15.0,0.1,0.0,7.1,1.6,6.5,65.5,4.2
20230322205335,7.8,0.0,0.0,7.9,0.8,2.0,73.7,7.8
20230322205405,5.5,0.0,0.0,3.2,0.5,1.8,84.5,4.5
20230322205435,15.6,0.0,0.0,6.8,0.5,4.1,69.5,3.5
20230322205505,7.2,0.0,0.0,2.7,0.2,2.0,83.9,4.0
20230322205535,5.7,0.0,0.0,3.3,0.2,1.8,84.2,4.6
20230322205605,4.4,0.0,0.0,4.4,0.4,3.4,84.4,3.0
20230322205635,2.4,0.0,0.0,2.0,0.2,2.3,87.9,5.2
20230322205705,3.5,0.0,0.0,2.5,0.3,2.7,84.4,6.6
20230322205735,8.5,0.0,0.0,4.0,0.4,1.6,78.6,6.8
20230322205805,5.8,0.0,0.0,3.2,0.5,4.4,79.6,6.4
20230322205835,9.0,0.0,0.0,2.2,1.0,2.6,78.8,6.3
20230322205905,18.1,0.0,0.0,12.9,1.0,2.1,56.4,9.5
20230322205935,7.4,0.0,0.0,3.5,0.5,2.5,83.5,2.7
20230322210005,8.5,0.0,0.0,4.6,0.9,4.5,78.4,3.1
20230322210035,10.8,0.0,0.0,7.1,0.7,2.6,71.6,7.3
20230322210105,2.9,0.0,0.0,2.4,0.1,1.7,89.5,3.3
20230322210135,7.7,0.0,0.0,13.7,0.7,2.3,68.8,6.8
20230322210205,6.6,0.0,0.1,5.7,0.9,5.7,77.7,3.4
20230322210235,14.0,0.1,0.1,15.6,2.1,3.2,59.0,6.0
20230322210305,9.4,0.1,0.0,7.9,0.9,2.1,76.9,2.7
20230322210335,5.6,0.0,0.0,4.0,0.7,3.8,85.1,0.9
20230322210405,14.9,0.0,0.0,8.8,1.4,3.0,70.5,1.4
20230322210435,11.5,0.1,0.1,13.4,3.1,2.6,54.3,14.9
20230322210505,16.0,0.1,0.1,4.6,1.2,7.7,66.0,4.4
20230322210535,4.8,0.0,0.0,8.5,0.6,2.6,80.1,3.4
20230322210605,9.1,0.0,0.1,8.0,1.6,3.3,70.4,7.5
20230322210635,15.9,0.1,0.1,7.1,2.0,6.8,63.8,4.3
20230322210705,6.4,0.0,0.0,6.1,0.7,4.0,79.7,3.0
20230322210735,15.7,0.1,0.1,7.1,1.3,3.2,64.2,8.4
20230322210805,5.8,0.0,0.0,4.9,0.8,3.6,79.9,5.0
20230322210835,5.9,0.0,0.0,3.1,0.8,3.4,82.8,3.9
20230322210905,6.7,0.0,0.1,2.9,0.6,3.6,81.2,4.9
20230322210935,4.9,0.0,0.1,5.3,0.6,5.0,77.4,6.7
20230322211006,3.3,0.0,0.0,2.8,0.3,3.3,86.1,4.1
20230322211036,6.5,0.0,0.0,5.0,0.7,3.3,80.1,4.4
20230322211106,2.1,0.0,0.0,3.9,0.2,3.5,87.0,3.2
20230322211136,11.2,0.0,0.0,5.9,0.4,1.6,78.4,2.5
20230322211206,22.2,0.1,0.1,8.6,1.3,0.9,60.0,6.9
20230322211236,11.3,0.0,0.0,6.3,0.6,2.2,76.1,3.5
20230322211306,5.2,0.0,0.0,3.2,0.2,2.8,85.0,3.6
20230322211336,9.8,0.0,0.0,6.8,1.0,3.1,73.7,5.5
20230322211406,15.8,0.0,0.0,8.8,1.2,1.8,69.5,2.9
20230322211436,3.6,0.0,0.1,2.9,0.3,2.4,87.4,3.4
20230322211506,14.2,0.0,0.1,5.7,0.8,3.0,72.0,4.1
20230322211536,20.3,0.0,0.1,8.1,0.8,1.8,66.9,2.0
20230322211606,10.9,0.0,0.0,5.6,0.6,1.9,79.3,1.8
20230322211636,9.0,0.0,0.0,5.0,0.2,1.2,82.4,2.2
20230322211706,8.2,0.0,0.1,13.4,0.8,2.2,73.1,2.2
20230322211736,4.1,0.0,0.0,3.7,0.3,5.1,83.3,3.6
20230322211806,2.1,0.0,0.0,4.4,0.3,2.8,89.3,1.0
20230322211836,9.4,0.0,0.0,11.5,0.6,4.9,72.3,1.3
20230322211906,4.1,0.0,0.0,4.4,0.3,4.1,85.1,1.9
20230322211936,10.2,0.0,0.0,16.9,0.3,4.1,65.1,3.4
20230322212006,10.4,0.1,0.0,20.5,1.5,1.3,64.4,1.9
20230322212036,6.1,0.0,0.0,12.3,0.8,2.8,72.8,5.2
20230322212106,3.9,0.0,0.0,6.2,0.2,2.4,82.9,4.3
20230322212136,6.8,0.0,0.0,7.8,0.2,3.1,80.1,1.9
20230322212206,4.6,0.0,0.0,5.8,0.4,2.0,85.5,1.6
20230322212236,2.3,0.0,0.0,3.2,0.2,3.3,87.9,3.0
20230322212306,5.3,0.0,0.0,10.3,0.5,3.9,77.9,2.1
20230322212336,4.7,0.0,0.0,8.3,0.3,1.4,83.7,1.6
20230322212406,7.0,0.0,0.0,9.3,0.4,2.2,74.2,6.9
20230322212436,7.2,0.0,0.0,7.8,0.6,1.4,82.3,0.8
20230322212506,13.2,0.1,0.0,16.7,0.9,1.8,63.7,3.7
20230322212536,5.0,0.0,0.0,5.5,0.4,5.0,81.2,2.8
20230322212606,4.7,0.0,0.0,4.6,0.2,4.0,85.4,1.1
20230322212636,5.2,0.0,0.0,16.1,0.5,0.5,75.9,1.8
20230322212706,7.0,0.0,0.0,9.4,0.3,1.1,79.1,3.2
20230322212736,5.5,0.0,0.0,9.0,0.3,2.7,80.8,1.8
20230322212806,11.3,0.0,0.0,9.3,0.5,2.4,74.5,2.0
20230322212836,19.4,0.0,0.0,17.2,0.7,1.7,60.0,1.0
20230322212906,7.8,0.0,0.0,5.1,0.4,1.9,84.2,0.6
20230322212936,8.0,0.0,0.0,11.6,0.5,3.4,74.6,1.9
20230322213006,5.8,0.0,0.0,6.5,0.3,2.2,84.1,1.2
20230322213036,25.6,0.1,0.1,10.6,1.2,4.2,54.1,4.1
20230322213106,11.6,0.0,0.0,24.8,0.8,2.6,58.3,1.9
20230322213136,16.8,0.0,0.1,13.8,0.8,0.8,67.5,0.2
20230322213206,16.8,0.0,0.0,17.7,1.5,2.4,60.7,0.8
20230322213236,7.7,0.1,0.0,7.8,0.5,3.1,78.2,2.5
20230322213306,7.0,0.0,0.0,6.1,0.3,1.4,83.8,1.3
20230322213336,4.8,0.0,0.0,10.1,0.4,1.2,81.6,1.8
20230322213406,11.8,0.0,0.0,13.9,0.5,1.2,71.4,1.2
20230322213436,6.3,0.0,0.0,10.1,0.6,1.2,80.1,1.7
20230322213506,2.6,0.0,0.0,7.6,0.2,1.6,87.7,0.4
20230322213536,4.0,0.0,0.0,8.1,0.5,4.0,82.3,1.0
20230322213606,4.4,0.0,0.0,14.0,0.6,7.9,71.8,1.1
20230322213636,5.6,0.0,0.0,16.6,0.3,4.8,70.6,2.0
20230322213706,3.7,0.0,0.0,8.7,0.6,4.3,82.2,0.5
20230322213736,3.7,0.0,0.0,5.8,0.5,4.6,84.8,0.6
20230322213806,5.2,0.0,0.0,11.7,0.6,3.4,77.6,1.6
20230322213836,3.8,0.0,0.0,4.5,0.2,4.0,86.6,0.8
20230322213906,1.1,0.0,0.0,2.5,0.1,1.5,93.8,1.0
20230322213936,1.4,0.0,0.0,2.0,0.1,2.8,92.6,1.1
20230322214006,4.3,0.0,0.0,5.9,0.2,5.1,80.6,3.8
20230322214036,2.1,0.0,0.0,4.7,0.1,3.7,85.9,3.5
20230322214106,7.8,0.0,0.0,9.6,0.2,1.8,78.3,2.3
20230322214136,0.9,0.0,0.0,1.5,0.0,1.4,95.3,0.9
20230322214206,2.0,0.0,0.0,1.7,0.1,1.7,93.5,0.9
20230322214236,3.6,0.0,0.0,3.2,0.2,1.3,90.2,1.6
20230322214306,4.1,0.0,0.0,2.1,0.1,2.1,88.7,2.9
20230322214336,1.7,0.0,0.0,1.7,0.1,1.4,94.2,1.0
20230322214407,1.8,0.0,0.0,2.3,0.1,2.0,92.1,1.7
20230322214437,2.6,0.0,0.0,5.6,0.1,1.5,87.4,2.8
20230322214507,1.2,0.0,0.0,3.2,0.1,1.7,92.1,1.7
20230322214537,3.0,0.0,0.0,2.0,0.1,2.2,91.6,1.1
20230322214607,2.8,0.0,0.0,3.7,0.1,1.9,90.1,1.3
20230322214637,4.3,0.0,0.0,5.6,0.2,2.6,85.7,1.6
20230322214707,3.1,0.0,0.0,5.2,0.1,4.0,83.1,4.4
20230322214737,2.0,0.0,0.0,3.9,0.1,2.4,90.4,1.3
20230322214807,4.0,0.0,0.0,4.9,0.1,1.2,83.2,6.5
20230322214837,4.3,0.0,0.0,8.6,0.3,1.8,81.9,3.2
20230322214907,2.2,0.0,0.0,2.7,0.1,1.3,92.2,1.5
20230322214937,3.6,0.0,0.0,6.1,0.2,1.9,85.8,2.3
20230322215007,1.6,0.0,0.0,5.2,0.1,1.8,90.3,1.0
20230322215037,1.6,0.0,0.0,3.1,0.1,1.8,91.3,2.0
20230322215107,1.2,0.0,0.0,4.1,0.1,1.4,91.4,1.7
20230322215137,1.8,0.0,0.0,3.1,0.1,1.7,92.2,1.0
20230322215207,1.3,0.0,0.0,2.6,0.1,1.6,93.3,1.1
20230322215237,4.6,0.0,0.0,4.5,0.3,1.9,87.1,1.7
20230322215307,3.9,0.0,0.0,6.8,0.3,1.8,86.0,1.2
20230322215337,3.0,0.0,0.0,2.7,0.2,1.2,91.8,1.0
20230322215407,4.3,0.1,0.0,15.8,1.0,3.8,73.7,1.2
20230322215437,8.3,0.0,0.0,27.0,0.5,2.4,61.0,0.8
20230322215507,4.1,0.0,0.0,7.3,1.0,7.8,78.9,0.8
20230322215537,4.8,0.0,0.0,8.6,0.4,4.2,79.9,2.1
20230322215607,2.5,0.0,0.0,2.0,0.2,3.1,90.6,1.6
20230322215637,3.8,0.0,0.0,1.5,0.1,1.9,90.5,2.1
20230322215707,3.1,0.0,0.0,2.3,0.1,1.3,92.1,1.1
20230322215737,4.2,0.0,0.0,2.2,0.1,1.4,91.0,1.1
20230322215807,2.5,0.0,0.0,2.2,0.1,2.2,90.9,2.2
20230322215837,2.7,0.0,0.0,5.1,0.1,1.2,88.3,2.6
20230322215907,1.6,0.0,0.0,5.4,0.2,2.6,88.2,1.9
20230322215937,2.6,0.0,0.0,2.3,0.1,2.2,90.8,2.0
20230322220007,5.4,0.0,0.0,6.5,0.2,3.0,83.3,1.5
20230322220037,3.5,0.0,0.0,3.9,0.4,1.9,87.8,2.4
20230322220107,3.7,0.0,0.0,2.1,0.2,1.7,88.3,4.0
20230322220137,0.9,0.0,0.0,5.2,0.3,1.6,88.1,3.8
20230322220207,4.4,0.0,0.0,5.6,0.5,3.5,83.3,2.7
20230322220237,7.2,0.0,0.0,3.8,0.1,5.4,78.3,5.0
20230322220307,2.7,0.0,0.0,5.2,0.3,1.9,79.3,10.6
20230322220337,3.7,0.0,0.0,4.1,0.2,5.0,79.2,7.6
20230322220407,7.6,0.0,0.0,1.8,0.3,3.3,84.3,2.7
20230322220437,4.9,0.0,0.0,6.3,0.2,3.1,81.9,3.5
20230322220507,5.1,0.0,0.0,2.1,0.1,2.1,87.1,3.5
20230322220537,3.5,0.0,0.0,2.4,0.1,0.8,92.0,1.1
20230322220607,4.7,0.0,0.0,7.0,0.4,2.8,83.5,1.5
20230322220637,4.8,0.0,0.0,5.7,0.2,2.0,80.8,6.4
20230322220707,3.2,0.0,0.0,4.9,0.2,1.9,87.3,2.4
20230322220737,4.7,0.0,0.0,3.5,0.1,2.5,87.6,1.5
20230322220807,1.8,0.0,0.0,2.3,0.1,4.0,88.2,3.7
20230322220837,2.9,0.0,0.0,3.7,0.1,1.5,89.6,2.1
20230322220907,2.5,0.0,0.0,2.6,0.1,4.7,87.8,2.2
20230322220937,1.0,0.0,0.0,1.6,0.1,1.7,94.5,1.1
20230322221007,2.7,0.0,0.0,4.0,0.2,4.4,85.7,3.1
20230322221037,3.8,0.0,0.0,1.7,0.1,3.1,89.3,2.0
20230322221108,1.4,0.0,0.0,2.4,0.1,5.7,87.1,3.3
20230322221138,1.6,0.0,0.0,1.8,0.1,0.9,92.8,2.9
20230322221208,1.7,0.0,0.0,1.2,0.1,1.5,94.5,1.1
20230322221238,2.1,0.0,0.0,2.4,0.2,3.3,90.2,1.8
20230322221308,1.3,0.0,0.0,1.5,0.1,1.9,92.5,2.7
20230322221338,2.4,0.0,0.0,3.0,0.1,2.6,88.0,3.8
20230322221408,2.7,0.0,0.0,5.2,0.2,2.5,85.6,3.8
20230322221438,7.2,0.0,0.0,5.8,0.3,4.3,75.0,7.4
20230322221508,3.7,0.0,0.0,4.3,0.2,2.5,84.2,5.1
20230322221538,3.7,0.0,0.0,6.9,0.1,3.1,79.5,6.8
20230322221608,2.5,0.0,0.0,2.9,0.1,2.1,90.8,1.7
20230322221638,1.3,0.0,0.0,3.9,0.1,2.1,89.9,2.6
20230322221708,3.7,0.0,0.0,2.7,0.2,3.3,87.6,2.4
20230322221738,4.3,0.0,0.0,5.8,0.2,1.5,84.9,3.3
20230322221808,1.3,0.0,0.0,0.7,0.1,2.9,94.0,1.1
20230322221838,2.9,0.0,0.0,1.8,0.1,2.5,90.7,2.0
20230322221908,3.1,0.0,0.0,4.7,0.2,1.7,86.2,4.1
20230322221938,2.7,0.0,0.0,1.7,0.2,1.4,92.3,1.6
20230322222008,4.6,0.0,0.0,2.7,0.2,3.9,84.8,3.8
20230322222038,8.7,0.0,0.0,8.5,0.1,3.5,73.9,5.2
20230322222108,7.4,0.0,0.0,2.6,0.1,2.6,83.9,3.3
20230322222138,3.9,0.0,0.0,7.5,0.2,1.2,83.2,3.9
20230322222208,2.2,0.0,0.0,4.8,0.2,1.8,87.9,3.0
20230322222238,6.5,0.0,0.0,6.2,0.4,1.3,82.6,2.9
20230322222308,5.8,0.0,0.0,2.9,0.2,3.9,80.6,6.4
20230322222338,2.5,0.0,0.1,3.9,0.3,3.9,87.0,2.3
20230322222408,3.5,0.0,0.0,8.6,0.4,1.4,83.5,2.6
20230322222438,6.5,0.0,0.0,3.6,0.4,2.9,83.9,2.6
20230322222508,10.6,0.0,0.0,4.9,0.3,1.3,78.4,4.5
20230322222538,4.7,0.0,0.0,5.6,0.3,2.1,84.2,3.1
20230322222608,10.7,0.0,0.0,5.6,0.1,2.6,75.3,5.7
20230322222638,15.8,0.0,0.0,8.5,0.4,3.6,65.8,5.9
20230322222708,13.8,0.0,0.1,13.1,0.6,0.7,66.9,4.7
20230322222738,7.9,0.1,0.0,8.1,0.4,2.4,76.6,4.6
20230322222808,6.0,0.0,0.0,6.2,0.2,1.6,82.1,3.9
20230322222838,6.4,0.0,0.0,5.8,0.2,1.8,81.1,4.7
20230322222908,19.1,0.1,0.1,13.1,0.7,1.2,60.1,5.7
20230322222938,5.2,0.0,0.0,3.1,0.2,4.1,82.6,4.7
20230322223008,13.8,0.0,0.1,5.5,0.2,3.2,74.8,2.4
20230322223038,3.5,0.0,0.0,6.4,0.2,1.5,66.8,21.5
20230322223108,8.1,0.1,0.1,8.6,0.6,2.8,72.5,7.3
20230322223138,5.6,0.0,0.0,3.7,0.2,1.3,84.9,4.3
20230322223208,9.0,0.0,0.0,6.7,0.2,1.5,77.5,5.0
20230322223238,5.9,0.0,0.0,4.7,0.2,2.0,85.9,1.3
20230322223308,3.5,0.0,0.0,6.9,0.2,1.4,82.6,5.4
20230322223338,3.7,0.0,0.1,5.2,0.4,2.7,83.8,4.2
20230322223408,7.7,0.0,0.0,6.7,0.2,1.1,61.8,22.4
20230322223438,5.2,0.0,0.0,5.5,0.2,0.7,80.1,8.2
20230322223508,4.7,0.0,0.0,4.2,0.2,1.4,83.5,5.9
20230322223538,8.0,0.1,0.0,5.7,0.3,0.7,81.5,3.8
20230322223608,3.4,0.0,0.0,6.8,0.3,0.9,81.0,7.5
20230322223638,3.6,0.0,0.0,3.8,0.2,2.4,87.8,2.0
20230322223708,7.6,0.1,0.0,3.4,0.3,2.6,82.0,4.0
20230322223738,5.4,0.1,0.0,4.3,0.4,1.1,82.7,6.1
20230322223808,11.6,0.1,0.0,6.1,0.3,0.9,78.6,2.4
20230322223838,6.0,0.0,0.0,4.3,0.3,1.6,84.3,3.5
20230322223908,7.4,0.0,0.0,2.3,0.2,3.6,82.1,4.4
20230322223938,8.3,0.0,0.0,3.9,0.2,1.6,82.1,3.9
20230322224008,3.7,0.0,0.0,4.7,0.2,1.6,87.5,2.3
20230322224038,13.4,0.0,0.0,6.8,0.3,1.2,74.0,4.3
20230322224108,4.0,0.0,0.0,1.5,0.1,1.6,91.8,0.9
20230322224138,10.0,0.0,0.0,4.3,0.2,3.0,79.5,3.0
20230322224208,5.9,0.0,0.0,4.4,0.1,2.5,82.7,4.3
20230322224238,8.8,0.1,0.0,7.3,0.2,5.3,74.4,3.9
20230322224308,7.0,0.0,0.0,1.9,0.1,1.4,88.1,1.4
20230322224338,3.8,0.1,0.0,2.0,0.2,5.0,84.7,4.3
20230322224408,4.2,0.0,0.0,2.5,0.1,1.7,87.5,4.0
20230322224438,2.8,0.0,0.0,1.1,0.1,0.9,92.8,2.3
20230322224508,3.8,0.0,0.0,2.3,0.2,10.3,80.7,2.5
20230322224539,4.3,0.0,0.0,1.8,0.2,1.9,90.3,1.5
20230322224609,8.7,0.1,0.0,7.9,0.3,1.2,72.2,9.6
20230322224639,9.5,0.1,0.0,5.5,0.4,4.3,74.6,5.6
20230322224709,8.9,0.0,0.0,2.8,0.1,3.8,77.3,7.0
20230322224739,7.6,0.1,0.0,4.4,0.2,3.0,80.6,4.0
20230322224809,10.8,0.1,0.0,7.7,0.8,4.8,66.4,9.3
20230322224839,9.7,0.1,0.0,7.0,0.3,3.7,75.3,3.8
20230322224909,5.0,0.1,0.0,4.1,0.3,2.3,83.4,4.9
20230322224939,5.4,0.1,0.0,3.8,0.2,3.5,81.1,5.9
20230322225009,3.1,0.0,0.0,1.2,0.1,2.5,88.3,4.9
20230322225039,1.5,0.0,0.0,2.3,0.1,1.1,94.1,0.9
20230322225109,2.9,0.0,0.0,2.3,0.1,1.8,88.7,4.1
20230322225139,2.6,0.0,0.0,2.3,0.1,1.3,88.8,4.8
20230322225209,3.6,0.0,0.0,4.4,0.1,0.7,89.3,1.8
20230322225239,4.9,0.0,0.0,6.5,0.1,1.0,83.5,3.8
20230322225309,5.6,0.1,0.0,10.0,0.2,1.6,75.6,6.9
20230322225339,4.3,0.1,0.0,8.8,0.2,1.8,80.4,4.4
20230322225409,1.4,0.0,0.0,2.3,0.1,0.8,93.5,2.0
20230322225439,2.0,0.0,0.0,3.7,0.1,1.8,88.9,3.5
20230322225509,7.1,0.0,0.0,7.6,0.2,1.2,79.7,4.2
20230322225539,1.5,0.0,0.0,1.5,0.1,2.2,91.4,3.4
20230322225609,5.4,0.0,0.0,4.5,0.1,2.7,82.2,5.1
20230322225639,3.2,0.0,0.0,4.9,0.2,1.7,86.5,3.5
20230322225709,1.6,0.0,0.0,3.2,0.1,2.5,88.4,4.0
20230322225739,2.5,0.0,0.0,2.7,0.1,2.4,89.7,2.5
20230322225809,1.6,0.0,0.0,1.5,0.1,1.2,94.3,1.2
20230322225839,3.1,0.0,0.0,1.9,0.2,2.7,89.8,2.2
20230322225909,2.9,0.0,0.1,4.3,0.2,0.8,90.0,1.7
20230322225939,3.9,0.0,0.0,2.6,0.1,2.2,87.9,3.2
20230322230009,6.4,0.0,0.0,4.6,0.1,1.8,82.9,4.1
20230322230039,3.2,0.0,0.0,5.3,0.1,1.5,88.1,1.8
20230322230109,3.7,0.0,0.0,2.7,0.1,1.1,90.7,1.5
20230322230139,5.8,0.1,0.0,3.0,0.1,5.5,80.6,4.9
20230322230209,1.2,0.0,0.0,2.9,0.0,3.6,89.2,2.9
20230322230239,2.1,0.0,0.0,4.6,0.1,4.8,81.3,7.1
20230322230309,3.0,0.0,0.0,2.2,0.1,4.8,85.0,5.0
20230322230339,5.5,0.1,0.0,2.5,0.2,4.1,82.9,4.7
20230322230409,6.1,0.0,0.0,2.0,0.1,6.5,82.1,3.2
20230322230439,2.4,0.0,0.0,0.8,0.1,4.6,90.7,1.5
20230322230509,3.5,0.0,0.0,2.1,0.1,4.2,88.7,1.3
20230322230539,4.9,0.0,0.0,1.6,0.1,1.7,88.4,3.3
20230322230609,9.1,0.0,0.0,4.5,0.1,2.1,82.0,2.1
20230322230639,5.5,0.0,0.0,2.2,0.1,2.5,88.3,1.3
20230322230709,3.4,0.1,0.0,6.0,0.2,2.5,82.6,5.3
20230322230739,3.8,0.0,0.0,3.5,0.1,2.6,84.4,5.5
20230322230809,9.3,0.1,0.0,6.0,0.1,3.4,72.7,8.3
20230322230839,2.9,0.0,0.0,1.6,0.1,2.6,89.5,3.3
20230322230909,4.0,0.1,0.0,5.3,0.1,4.0,77.8,8.7
20230322230939,1.0,0.0,0.0,3.7,0.1,3.9,87.0,4.3
20230322231009,3.2,0.0,0.0,1.3,0.0,3.1,89.1,3.2
20230322231039,2.0,0.0,0.0,1.9,0.1,2.7,88.1,5.2
20230322231109,5.9,0.0,0.0,2.5,0.1,3.1,86.5,1.8
20230322231139,5.8,0.1,0.0,4.4,0.1,3.0,83.4,3.3
20230322231209,3.2,0.0,0.0,3.3,0.1,2.6,85.7,5.0
20230322231239,4.5,0.1,0.0,7.6,0.1,2.1,69.5,16.0
20230322231309,4.7,0.1,0.0,4.9,0.2,2.9,82.6,4.5
20230322231339,5.5,0.1,0.0,5.7,0.2,2.5,79.3,6.8
20230322231409,5.4,0.1,0.0,9.7,0.2,2.9,71.7,10.0
20230322231439,12.3,0.1,0.0,5.7,0.2,3.4,66.1,12.2
20230322231509,8.5,0.1,0.0,7.5,0.2,3.3,71.7,8.7
20230322231539,4.7,0.1,0.0,3.8,0.2,3.4,80.7,7.1
20230322231609,9.4,0.1,0.0,2.3,0.2,12.2,73.2,2.5
20230322231639,5.8,0.0,0.0,4.0,0.1,4.5,79.6,5.8
20230322231709,6.5,0.2,0.1,4.8,0.5,8.6,75.9,3.5
20230322231739,5.9,0.0,0.0,3.7,0.2,3.2,77.9,9.1
20230322231809,2.7,0.1,0.0,2.4,0.1,2.4,86.6,5.7
20230322231839,7.4,0.1,0.0,5.2,0.2,1.6,74.9,10.6
20230322231909,6.8,0.1,0.0,2.4,0.3,1.4,84.5,4.5
20230322231939,4.0,0.0,0.0,2.7,0.1,1.5,89.8,1.8
20230322232010,3.2,0.1,0.0,2.0,0.1,2.1,80.7,11.8
20230322232040,7.5,0.1,0.0,5.4,0.2,2.9,70.8,12.9
20230322232110,5.5,0.1,0.0,3.4,0.1,7.1,70.5,13.2
20230322232140,2.0,0.0,0.0,2.0,0.1,6.4,84.9,4.5
20230322232210,4.3,0.1,0.0,2.1,0.2,4.9,76.0,12.5
20230322232240,14.2,0.1,0.0,9.1,0.3,2.8,60.1,13.3
20230322232310,4.8,0.1,0.0,4.2,0.2,2.8,80.0,8.0
20230322232340,3.7,0.1,0.0,3.4,0.2,4.0,80.4,8.1
20230322232410,5.9,0.1,0.0,3.4,0.2,2.5,77.4,10.6
20230322232440,4.3,0.1,0.0,5.3,0.2,3.9,73.9,12.2
20230322232510,8.1,0.1,0.0,5.4,0.2,2.8,72.2,11.2
20230322232540,3.9,0.1,0.0,5.2,0.2,2.4,61.8,26.4
20230322232610,5.7,0.1,0.0,5.1,0.2,4.0,58.3,26.7
20230322232640,2.0,0.0,0.0,1.8,0.1,2.6,87.9,5.6
20230322232710,13.0,0.1,0.0,4.0,0.3,2.8,68.4,11.5
20230322232740,4.1,0.2,0.0,5.1,0.2,4.1,66.6,19.6
20230322232810,4.1,0.1,0.0,3.3,0.2,3.8,84.5,4.0
20230322232840,6.3,0.1,0.0,3.0,0.4,1.3,78.1,10.7
20230322232910,2.5,0.1,0.0,3.7,0.1,3.6,70.0,20.0
20230322232940,2.9,0.1,0.0,2.9,0.2,2.1,87.8,4.1
20230322233010,8.6,0.1,0.0,3.5,0.3,3.3,74.4,9.7
20230322233040,2.8,0.1,0.0,3.3,0.2,3.4,62.7,27.6
20230322233110,2.4,0.1,0.0,4.8,0.1,2.8,70.0,19.9
20230322233140,3.7,0.1,0.0,3.1,0.3,3.2,72.9,16.8
20230322233210,5.5,0.1,0.0,3.8,0.2,3.0,65.6,21.8
20230322233240,8.5,0.2,0.0,6.5,0.4,2.4,64.3,17.7
20230322233310,5.7,0.1,0.0,3.6,0.1,3.9,78.1,8.6
20230322233340,9.1,0.1,0.0,7.0,0.3,2.5,71.8,9.2
20230322233410,11.9,0.1,0.0,5.8,0.2,5.7,72.1,4.1
20230322233440,5.2,0.1,0.0,5.5,0.1,4.5,73.3,11.3
20230322233510,5.8,0.0,0.0,1.1,0.1,2.4,87.0,3.6
20230322233540,6.4,0.1,0.0,5.4,0.2,5.3,64.5,17.9
20230322233610,2.6,0.0,0.0,1.3,0.1,3.6,86.6,5.7
20230322233640,4.9,0.1,0.0,2.0,0.1,5.2,79.3,8.4
20230322233710,7.2,0.1,0.0,4.4,0.1,2.6,75.2,10.3
20230322233740,4.8,0.1,0.0,4.0,0.1,1.4,80.3,9.3
20230322233810,6.9,0.1,0.0,3.5,0.1,5.3,79.6,4.4
20230322233840,14.4,0.3,0.0,5.1,0.3,4.6,65.6,9.7
20230322233910,4.8,0.1,0.0,6.0,0.1,3.8,80.6,4.6
20230322233940,3.2,0.1,0.0,4.6,0.1,2.4,78.8,10.9
20230322234010,3.4,0.1,0.0,5.7,0.2,3.5,63.5,23.6
20230322234040,5.9,0.1,0.0,9.4,0.2,2.2,69.9,12.3
20230322234110,4.3,0.0,0.0,4.3,0.1,1.7,72.0,17.4
20230322234140,3.9,0.1,0.0,2.6,0.1,3.9,75.9,13.5
20230322234210,8.7,0.1,0.0,3.4,0.1,2.7,74.5,10.5
20230322234240,7.2,0.1,0.0,1.2,0.2,2.7,83.4,5.2
20230322234310,5.6,0.1,0.0,2.8,0.2,2.8,73.0,15.5
20230322234340,9.2,0.2,0.0,4.2,0.2,3.4,65.0,17.7
20230322234410,3.3,0.1,0.0,5.7,0.1,2.8,71.8,16.2
20230322234440,2.6,0.1,0.0,1.4,0.1,7.5,78.9,9.3
20230322234510,4.7,0.0,0.0,2.4,0.1,2.1,85.7,5.1
20230322234540,3.2,0.1,0.0,4.8,0.2,3.2,73.6,14.9
20230322234610,4.1,0.1,0.0,3.7,0.1,3.2,81.9,6.8
20230322234640,7.1,0.1,0.0,4.9,0.2,5.0,77.4,5.2
20230322234710,2.4,0.1,0.0,3.6,0.1,3.0,72.5,18.4
20230322234741,3.2,0.1,0.0,3.4,0.1,7.4,75.5,10.3
20230322234811,3.1,0.1,0.0,2.8,0.1,2.6,85.3,6.1
20230322234841,2.9,0.1,0.0,2.2,0.1,5.0,78.2,11.4
20230322234911,3.1,0.1,0.0,4.0,0.0,5.4,72.2,15.2
20230322234941,6.7,0.1,0.0,3.1,0.1,3.3,82.2,4.5
20230322235011,3.3,0.0,0.0,2.2,0.1,5.0,82.8,6.5
20230322235041,2.4,0.1,0.0,2.4,0.1,1.7,90.8,2.7
20230322235111,2.9,0.1,0.0,5.4,0.1,3.1,82.3,6.1
20230322235141,2.2,0.1,0.0,2.8,0.1,1.9,84.6,8.3
20230322235211,3.5,0.2,0.0,3.8,0.1,5.2,80.7,6.5
20230322235241,6.7,0.1,0.0,4.4,0.2,2.3,80.8,5.3
20230322235311,5.3,0.1,0.0,3.8,0.1,2.8,84.3,3.5
20230322235341,4.6,0.1,0.0,3.5,0.2,1.8,82.3,7.4
20230322235411,4.0,0.1,0.0,5.3,0.1,2.1,83.0,5.4
20230322235441,1.2,0.1,0.0,3.2,0.1,1.1,92.9,1.4
20230322235511,2.5,0.1,0.0,1.2,0.1,1.2,94.1,0.8
20230322235541,1.9,0.1,0.0,2.2,0.1,1.2,93.4,1.1
20230322235611,3.5,0.2,0.0,1.5,0.2,1.1,92.3,1.2
20230322235641,9.2,0.3,0.0,1.7,0.2,1.8,84.7,2.1
20230322235711,54.1,0.5,0.0,2.3,0.1,1.2,41.1,0.7
20230322235741,27.7,0.2,0.0,4.7,0.2,4.1,60.9,2.1
20230322235811,55.6,0.3,0.0,3.4,0.4,3.0,36.0,1.2
20230322235841,60.1,0.6,0.0,2.1,0.2,1.6,33.6,1.8
20230322235911,37.7,0.4,0.0,3.4,0.1,1.8,54.7,1.9
20230322235941,17.0,0.4,0.0,4.4,0.3,2.3,71.3,4.4
20230323000011,21.8,0.4,0.0,3.6,0.6,1.5,67.8,4.2
20230323000041,6.7,0.2,0.0,3.3,0.1,1.3,84.1,4.2
20230323000111,4.9,0.1,0.0,2.6,0.1,1.2,84.1,6.9
20230323000141,5.0,0.1,0.0,3.7,0.1,2.8,83.8,4.5
20230323000211,7.8,0.1,0.0,4.0,0.1,2.3,79.4,6.3
20230323000241,4.6,0.2,0.0,5.2,0.2,4.4,77.9,7.5
20230323000311,11.9,0.3,0.0,6.7,0.3,1.3,71.1,8.5
20230323000341,15.9,0.2,0.0,5.3,0.2,1.9,66.5,10.1
20230323000411,6.4,0.1,0.0,3.3,0.1,2.4,80.5,7.1
20230323000441,20.1,0.2,0.0,6.0,0.3,2.4,59.5,11.4
20230323000511,14.9,0.1,0.0,2.2,0.2,1.8,69.4,11.2
20230323000541,10.0,0.2,0.0,3.9,0.2,3.2,71.7,10.9
20230323000611,36.7,0.2,0.1,8.4,0.6,1.4,47.1,5.6
20230323000641,12.5,0.1,0.0,6.3,0.3,1.1,66.5,13.2
20230323000711,29.6,0.1,0.0,5.8,0.3,1.1,58.6,4.4
20230323000741,17.1,0.2,0.0,7.3,0.3,2.2,65.5,7.4
20230323000811,33.3,0.4,0.1,7.9,0.2,1.6,49.3,7.3
20230323000841,14.3,0.2,0.1,4.7,0.4,1.3,76.4,2.7
20230323000911,18.7,0.2,0.0,2.9,0.2,2.5,67.2,8.3
20230323000941,35.7,0.1,0.0,7.0,0.4,2.0,44.6,10.0
20230323001011,10.2,0.2,0.0,5.6,0.1,2.1,68.1,13.7
20230323001041,11.1,0.2,0.0,11.1,0.3,1.7,65.2,10.5
20230323001111,7.8,0.1,0.0,4.8,0.2,1.7,79.1,6.3
20230323001141,4.8,0.1,0.0,8.3,0.1,3.6,67.5,15.6
20230323001211,4.2,0.1,0.0,3.8,0.1,3.3,80.8,7.7
20230323001241,3.3,0.0,0.0,3.3,0.1,3.4,84.3,5.5
20230323001311,10.9,0.2,0.0,6.8,0.2,2.9,69.7,9.3
20230323001341,5.7,0.1,0.0,9.3,0.2,4.7,74.6,5.5
20230323001411,14.7,0.1,0.0,3.9,0.1,3.1,72.2,5.8
20230323001441,10.5,0.1,0.0,7.7,0.1,3.4,71.0,7.2
20230323001511,9.2,0.1,0.0,4.7,0.1,6.1,72.0,7.7
20230323001541,4.1,0.1,0.0,7.9,0.1,2.7,77.1,7.9
20230323001611,1.9,0.0,0.0,5.8,0.1,1.7,83.9,6.7
20230323001641,2.4,0.0,0.0,1.7,0.0,3.2,83.4,9.1
20230323001711,4.7,0.1,0.0,5.3,0.1,4.0,77.2,8.5
20230323001741,7.9,0.1,0.0,3.1,0.1,2.7,79.9,6.1
20230323001811,4.0,0.1,0.0,5.5,0.1,2.9,77.6,9.8
20230323001841,2.2,0.1,0.0,4.0,0.0,1.5,88.3,3.8
20230323001911,3.5,0.1,0.0,5.1,0.1,1.0,85.3,4.8
20230323001941,4.1,0.0,0.0,7.2,0.2,3.1,77.1,8.3
20230323002011,2.4,0.1,0.0,5.9,0.1,2.0,85.8,3.7
20230323002041,1.4,0.1,0.0,4.8,0.1,5.3,82.1,6.2
20230323002111,2.7,0.1,0.0,3.6,0.1,3.1,83.8,6.6
20230323002142,2.8,0.1,0.0,2.5,0.1,4.5,82.7,7.2
20230323002212,1.1,0.1,0.0,3.3,0.1,4.2,85.3,6.0
20230323002242,2.0,0.0,0.0,2.5,0.1,3.2,83.9,8.3
20230323002312,3.4,0.1,0.0,3.5,0.2,5.2,77.1,10.5
20230323002342,2.5,0.1,0.0,3.0,0.1,5.2,82.7,6.5
20230323002412,5.6,0.1,0.0,12.2,0.1,3.9,46.8,31.2
20230323002442,2.9,0.1,0.0,3.8,0.1,5.2,79.0,9.0
20230323002512,2.4,0.1,0.0,2.9,0.1,1.8,88.2,4.5
20230323002542,0.6,0.0,0.0,1.8,0.0,4.2,87.0,6.3
20230323002612,2.8,0.0,0.0,1.3,0.1,1.9,91.1,2.8
20230323002642,4.0,0.1,0.0,1.8,0.1,4.7,79.8,9.6
20230323002712,2.1,0.1,0.0,2.5,0.2,8.4,79.8,7.0
20230323002742,4.6,0.1,0.0,2.4,0.1,3.6,78.2,11.0
20230323002812,1.7,0.1,0.0,6.1,0.2,2.4,70.7,18.8
20230323002842,6.2,0.1,0.0,8.0,0.2,2.1,64.7,18.7
20230323002912,2.4,0.1,0.0,4.0,0.1,3.9,80.9,8.6
20230323002942,2.3,0.1,0.0,1.8,0.1,2.6,85.2,8.1
20230323003012,2.0,0.2,0.0,3.3,0.2,5.4,77.2,11.8
20230323003042,2.6,0.2,0.0,7.1,0.2,3.8,77.7,8.5
20230323003112,7.3,0.2,0.0,12.3,0.3,3.7,63.6,12.6
20230323003142,1.3,0.1,0.0,4.5,0.1,3.1,78.2,12.6
20230323003212,1.3,0.1,0.0,5.0,0.1,2.9,73.8,17.0
20230323003242,2.2,0.2,0.0,1.8,0.0,4.2,85.7,5.9
20230323003312,1.3,0.1,0.0,3.3,0.1,5.8,71.9,17.5
20230323003342,2.7,0.1,0.0,5.1,0.1,4.8,74.6,12.6
20230323003412,2.3,0.1,0.0,1.8,0.1,3.0,87.2,5.6
20230323003442,2.5,0.1,0.0,7.4,0.1,5.6,62.2,22.0
20230323003512,4.2,0.2,0.0,4.7,0.1,4.7,69.1,17.0
20230323003542,5.2,0.3,0.0,4.9,0.2,7.1,71.8,10.6
20230323003612,1.1,0.0,0.0,4.2,0.1,1.7,83.1,9.7
20230323003642,7.9,0.1,0.0,4.6,0.2,5.9,66.2,15.1
20230323003712,6.6,0.2,0.0,6.8,0.2,6.0,68.7,11.4
20230323003742,2.8,0.1,0.0,8.4,0.2,3.6,69.2,15.6
20230323003812,3.2,0.1,0.0,5.4,0.1,4.9,79.1,7.2
20230323003842,3.3,0.1,0.0,5.5,0.1,8.5,75.2,7.3
20230323003912,1.9,0.0,0.0,3.5,0.1,8.2,81.1,5.2
20230323003942,5.2,0.1,0.0,5.1,0.1,2.2,80.4,6.9
20230323004012,3.3,0.1,0.0,4.7,0.1,4.7,80.8,6.2
20230323004042,1.4,0.1,0.0,5.3,0.1,4.1,83.0,6.1
20230323004112,3.5,0.1,0.1,3.4,0.2,4.4,67.6,20.8
20230323004142,0.7,0.1,0.0,6.6,0.1,6.4,71.4,14.7
20230323004212,2.9,0.0,0.1,3.5,0.1,3.1,88.1,2.2
20230323004242,0.9,0.1,0.0,2.2,0.1,5.8,82.2,8.9
20230323004312,3.8,0.1,0.0,3.2,0.1,13.9,69.7,9.1
20230323004342,1.2,0.0,0.0,5.0,0.1,5.5,80.9,7.2
20230323004412,1.8,0.0,0.0,6.8,0.1,5.8,73.8,11.6
20230323004442,3.1,0.0,0.0,5.4,0.1,5.0,76.0,10.4
20230323004512,5.2,0.1,0.0,6.9,0.1,5.4,61.5,20.7
20230323004542,3.8,0.1,0.0,6.9,0.0,5.5,74.7,9.0
20230323004612,2.9,0.0,0.0,3.2,0.1,7.4,68.0,18.3
20230323004642,7.2,0.0,0.0,6.7,0.1,5.0,73.5,7.4
20230323004712,3.1,0.0,0.0,2.0,0.0,3.7,88.1,3.0
20230323004742,2.4,0.1,0.0,3.6,0.1,7.2,80.4,6.2
20230323004812,3.4,0.1,0.0,3.4,0.1,8.8,77.1,7.1
20230323004842,4.0,0.1,0.0,4.3,0.2,4.7,78.7,7.9
20230323004912,3.1,0.1,0.1,3.3,0.1,5.8,85.0,2.6
20230323004942,1.8,0.0,0.0,4.5,0.1,13.1,69.3,11.1
20230323005012,3.7,0.1,0.0,2.9,0.1,9.9,77.7,5.6
20230323005042,4.2,0.1,0.1,7.6,0.2,11.3,71.7,4.9
20230323005112,2.5,0.0,0.0,2.3,0.1,8.0,82.7,4.4
20230323005142,2.6,0.0,0.0,4.0,0.1,5.6,81.4,6.2
20230323005212,2.4,0.0,0.1,1.9,0.0,24.7,68.9,1.9
