UT,arc,discrete,diffuse,ac,ab,clear,cloudy,dd
20230323180500,0.0,0.0,0.0,0.0,0.0,0.0,0.0,100.0
20230323180530,0.0,0.0,0.0,0.0,0.0,0.0,0.0,100.0
20230323180600,0.0,0.0,0.0,0.0,0.0,0.0,0.0,100.0
20230323180630,0.0,0.0,0.0,0.0,0.0,0.0,0.0,100.0
20230323180700,0.0,0.0,0.0,0.0,0.0,0.0,0.0,100.0
20230323180730,0.0,0.0,0.0,0.0,0.0,0.0,0.0,100.0
20230323180800,0.0,0.0,0.0,0.0,0.0,0.0,0.0,100.0
20230323180830,0.0,0.0,0.0,0.0,0.0,0.0,0.0,100.0
20230323180900,0.0,0.0,0.0,0.0,0.0,0.0,0.0,100.0
20230323180930,0.0,0.0,0.0,0.0,0.0,0.0,0.0,100.0
20230323181000,0.0,0.0,0.0,0.0,0.0,0.0,0.0,100.0
20230323181030,0.0,0.0,0.0,0.0,0.0,0.0,0.0,100.0
20230323181100,0.0,0.0,0.0,0.0,0.0,0.0,0.0,100.0
20230323181130,0.0,0.0,0.0,0.0,0.0,0.0,0.0,100.0
20230323181200,0.0,0.0,0.0,0.0,0.0,0.0,0.0,100.0
20230323181230,0.0,0.0,0.0,0.0,0.0,0.0,0.0,100.0
20230323181300,0.0,0.0,0.0,0.0,0.0,0.0,0.0,100.0
20230323181330,0.0,0.0,0.0,0.0,0.0,0.0,0.0,100.0
20230323181400,0.0,0.0,0.0,0.0,0.0,0.0,0.0,100.0
20230323181430,0.0,0.0,0.0,0.0,0.0,0.0,0.0,100.0
20230323181500,0.0,0.0,0.0,0.0,0.0,0.0,0.0,100.0
20230323181530,0.0,0.0,0.0,0.0,0.0,0.0,0.0,100.0
20230323181601,0.0,0.0,0.0,0.0,0.0,0.0,0.0,100.0
20230323181631,0.0,0.0,0.0,0.0,0.0,0.0,0.0,100.0
20230323181701,0.0,0.0,0.0,0.0,0.0,0.0,0.0,100.0
20230323181731,0.0,0.0,0.0,0.0,0.0,0.0,0.0,100.0
20230323181801,0.0,0.0,0.0,0.0,0.0,0.0,0.0,100.0
20230323181831,0.0,0.0,0.0,0.0,0.0,0.0,0.0,100.0
20230323181901,0.0,0.0,0.0,0.0,0.0,0.0,0.0,100.0
20230323181931,0.0,0.0,0.0,0.0,0.0,0.0,0.0,100.0
20230323182001,0.0,0.0,0.0,0.0,0.0,0.0,0.0,100.0
20230323182031,0.0,0.0,0.0,0.0,0.0,0.0,0.0,100.0
20230323182101,0.0,0.0,0.0,0.0,0.0,0.0,0.0,100.0
20230323182131,0.0,0.0,0.0,0.0,0.0,0.0,0.0,100.0
20230323182201,0.0,0.0,0.0,0.0,0.0,0.0,0.0,100.0
20230323182231,0.0,0.0,0.0,0.0,0.0,0.0,0.0,100.0
20230323182301,0.0,0.0,0.0,0.0,0.0,0.0,0.0,100.0
20230323182331,0.0,0.0,0.0,0.0,0.0,0.0,0.0,100.0
20230323182401,0.0,0.0,0.0,0.0,0.0,0.0,0.0,100.0
20230323182431,0.0,0.0,0.0,0.0,0.0,0.0,0.0,100.0
20230323182501,0.0,0.0,0.0,0.0,0.0,0.0,0.0,100.0
20230323182531,0.0,0.0,0.0,0.0,0.0,0.0,0.0,100.0
20230323182601,0.0,0.0,0.0,0.0,0.0,0.0,0.0,100.0
20230323182631,0.0,0.0,0.0,0.0,0.0,0.0,0.0,100.0
20230323182701,0.0,0.0,0.0,0.0,0.0,0.0,0.0,100.0
20230323182731,0.0,0.0,0.0,0.0,0.0,0.0,0.0,100.0
20230323182801,0.0,0.0,0.0,0.0,0.0,0.0,0.0,100.0
20230323182831,0.0,0.0,0.0,0.0,0.0,0.0,0.0,100.0
20230323182901,0.0,0.0,0.0,0.0,0.0,0.0,0.0,100.0
20230323182931,0.0,0.0,0.0,0.0,0.0,0.0,0.0,100.0
20230323183001,0.0,0.0,0.0,0.0,0.0,0.0,0.0,100.0
20230323183031,0.0,0.0,0.0,0.0,0.0,0.0,0.0,100.0
20230323183101,0.0,0.0,0.0,0.0,0.0,0.0,0.0,100.0
20230323183131,0.0,0.0,0.0,0.0,0.0,0.0,0.0,100.0
20230323183201,0.0,0.0,0.0,0.0,0.0,0.0,0.0,100.0
20230323183231,0.0,0.0,0.0,0.0,0.0,0.0,0.0,100.0
20230323183301,0.0,0.0,0.0,0.0,0.0,0.0,0.0,100.0
20230323183331,0.0,0.0,0.0,0.0,0.0,0.0,0.0,100.0
20230323183401,0.0,0.0,0.0,0.0,0.0,0.0,0.0,100.0
20230323183431,0.0,0.0,0.0,0.0,0.0,0.0,0.0,100.0
20230323183501,0.0,0.0,0.0,0.0,0.0,0.0,0.0,100.0
20230323183531,0.0,0.0,0.0,0.0,0.0,0.0,0.0,100.0
20230323183601,0.0,0.0,0.0,0.0,0.0,0.0,0.0,100.0
20230323183631,0.0,0.0,0.0,0.0,0.0,0.0,0.0,100.0
20230323183701,0.0,0.0,0.0,0.0,0.0,0.0,0.0,100.0
20230323183731,0.0,0.0,0.0,0.0,0.0,0.0,0.0,100.0
20230323183801,0.0,0.0,0.0,0.0,0.0,0.0,0.0,100.0
20230323183831,0.0,0.0,0.0,0.0,0.0,0.0,0.0,100.0
20230323183901,0.0,0.0,0.0,0.0,0.0,0.0,0.0,100.0
20230323183931,0.0,0.0,0.0,0.0,0.0,0.0,0.0,100.0
20230323184001,0.0,0.0,0.0,0.0,0.0,0.0,0.0,100.0
20230323184031,0.0,0.0,0.0,0.0,0.0,0.0,0.0,100.0
20230323184101,0.0,0.0,0.0,0.0,0.0,0.0,0.0,100.0
20230323184131,0.0,0.0,0.0,0.0,0.0,0.0,0.0,100.0
20230323184201,0.0,0.0,0.0,0.0,0.0,0.0,0.0,100.0
20230323184231,0.0,0.0,0.0,0.0,0.0,0.0,0.0,100.0
20230323184302,0.0,0.0,0.0,0.0,0.0,0.0,0.0,100.0
20230323184332,0.0,0.0,0.0,0.0,0.0,0.0,0.0,100.0
20230323184402,0.0,0.0,0.0,0.0,0.0,0.0,0.0,100.0
20230323184432,0.0,0.0,0.0,0.0,0.0,0.0,0.0,100.0
20230323184502,0.0,0.0,0.0,0.0,0.0,0.0,0.0,100.0
20230323184532,0.0,0.0,0.0,0.0,0.0,0.0,0.0,100.0
20230323184602,0.0,0.0,0.0,0.0,0.0,0.0,0.0,100.0
20230323184632,0.0,0.0,0.0,0.0,0.1,0.0,0.0,99.9
20230323184702,0.0,0.0,0.0,0.0,0.0,0.0,0.0,100.0
20230323184732,0.0,0.0,0.0,0.0,0.0,0.0,0.0,100.0
20230323184802,0.0,0.0,0.0,0.0,0.0,0.0,0.0,100.0
20230323184832,0.0,0.0,0.0,0.0,0.0,0.0,0.0,100.0
20230323184902,0.0,0.0,0.0,0.0,0.0,0.0,0.0,100.0
20230323184932,0.0,0.0,0.0,0.0,0.0,0.0,0.0,100.0
20230323185002,0.0,0.0,0.0,0.0,0.0,0.0,0.0,100.0
20230323185032,0.0,0.0,0.0,0.0,0.0,0.0,0.0,100.0
20230323185102,0.0,0.0,0.0,0.0,1.7,0.0,0.0,98.3
20230323185132,0.0,0.0,0.0,0.0,66.0,0.0,0.0,34.0
20230323185202,0.0,0.0,0.0,0.0,2.0,0.0,0.0,98.0
20230323185232,0.0,0.0,0.0,0.0,96.3,0.0,0.0,3.7
20230323185302,0.0,0.0,0.0,0.0,100.0,0.0,0.0,0.0
20230323185332,0.0,0.0,0.0,0.0,100.0,0.0,0.0,0.0
20230323185402,0.0,0.3,0.0,0.0,99.7,0.0,0.0,0.0
20230323185432,0.0,0.0,0.0,0.0,100.0,0.0,0.0,0.0
20230323185502,0.0,0.0,0.0,0.0,99.9,0.0,0.0,0.0
20230323185532,0.0,0.0,0.0,0.0,100.0,0.0,0.0,0.0
20230323185602,0.0,0.0,0.0,0.0,81.8,0.0,0.0,18.2
20230323185632,0.0,0.0,0.0,0.0,91.8,0.0,0.0,8.2
20230323185702,0.0,0.0,0.0,0.0,99.3,0.0,0.0,0.7
20230323185732,0.0,0.0,0.0,0.0,15.0,0.0,0.0,85.0
20230323185802,0.0,0.0,0.0,0.0,16.3,0.0,0.0,83.7
20230323185832,0.0,0.0,0.0,0.0,92.0,0.0,0.0,8.0
20230323185902,0.0,0.0,0.0,0.0,97.6,0.0,0.0,2.4
20230323185932,0.0,0.0,0.0,0.0,100.0,0.0,0.0,0.0
20230323190002,0.0,0.0,0.0,0.0,99.5,0.0,0.0,0.5
20230323190032,0.0,0.0,0.0,0.0,100.0,0.0,0.0,0.0
20230323190102,0.0,0.0,0.0,0.0,98.8,0.0,0.0,1.2
20230323190132,0.0,0.0,0.0,0.0,99.0,0.0,0.0,1.0
20230323190202,0.1,0.0,0.0,0.0,95.0,0.0,0.0,4.9
20230323190232,0.0,0.0,0.0,0.0,95.8,0.0,0.0,4.2
20230323190302,0.0,0.0,0.0,0.0,98.6,0.0,0.0,1.4
20230323190332,0.0,0.0,0.0,0.0,94.4,0.0,0.0,5.6
20230323190402,0.0,0.0,0.0,0.0,93.7,0.0,0.0,6.3
20230323190432,0.0,0.0,0.0,0.0,68.0,0.0,0.0,32.0
20230323190632,0.0,0.0,0.0,0.0,0.0,0.0,0.0,100.0
20230323190702,0.0,0.0,0.0,0.0,0.0,0.0,0.0,100.0
20230323190732,0.0,0.0,0.0,0.0,0.0,0.0,0.0,100.0
20230323190802,0.0,0.0,0.0,0.0,0.0,0.0,0.0,100.0
20230323190832,0.0,0.0,0.0,0.0,0.0,0.0,0.0,100.0
20230323190902,0.0,0.0,0.0,0.0,0.0,0.0,0.0,100.0
20230323190932,0.0,0.0,0.0,0.0,0.0,0.0,0.0,100.0
20230323191002,0.0,0.0,0.0,0.0,0.0,0.0,0.0,100.0
20230323191032,0.0,0.0,0.0,0.0,0.3,0.0,0.0,99.7
20230323191102,0.0,0.0,0.0,0.0,0.3,0.0,0.0,99.7
20230323191132,0.0,0.0,0.0,0.0,8.9,0.0,0.0,91.1
20230323191202,0.0,0.0,0.0,0.0,9.5,0.0,0.0,90.5
20230323191232,0.0,0.0,0.0,0.0,39.7,0.0,0.0,60.3
20230323191302,0.0,0.0,0.0,0.0,77.8,0.0,0.0,22.2
20230323191332,0.0,0.0,0.0,0.0,99.1,0.0,0.0,0.9
20230323191402,0.0,0.0,0.0,0.0,95.8,0.0,0.0,4.2
20230323191432,0.0,0.0,0.0,0.0,93.9,0.0,0.0,6.1
20230323191502,0.0,0.0,0.0,0.0,98.2,0.0,0.0,1.8
20230323191532,0.0,0.0,0.0,0.0,88.1,0.0,0.0,11.9
20230323191602,0.0,0.0,0.0,0.0,89.9,0.0,0.0,10.1
20230323191632,0.0,0.0,0.0,0.0,52.3,0.0,0.0,47.7
20230323191702,0.0,0.0,0.0,0.0,8.1,0.0,0.0,91.9
20230323191733,0.0,0.0,0.0,0.0,16.1,0.0,0.0,83.9
20230323191803,0.0,0.0,0.0,0.0,95.5,0.0,0.0,4.5
20230323191833,0.0,0.0,0.0,0.0,91.3,0.0,0.0,8.7
20230323191903,0.0,0.0,0.0,0.0,99.2,0.0,0.0,0.8
20230323191933,0.0,0.0,0.0,0.0,99.4,0.0,0.0,0.6
20230323192003,0.0,0.0,0.0,0.0,99.6,0.0,0.0,0.4
20230323192033,0.0,0.0,0.0,0.0,98.0,0.0,0.0,2.0
20230323192103,0.0,0.0,0.0,0.0,90.0,0.0,0.0,10.0
20230323192133,0.0,0.0,0.0,0.0,79.3,0.0,0.0,20.7
20230323192203,0.0,0.0,0.0,0.0,96.3,0.0,0.0,3.7
20230323192233,0.0,0.0,0.0,0.0,93.8,0.0,0.0,6.2
20230323192303,0.0,0.0,0.0,0.0,93.3,0.0,0.0,6.7
20230323192333,0.0,0.0,0.0,0.0,97.1,0.0,0.0,2.9
20230323192403,0.0,0.0,0.0,0.0,99.9,0.0,0.0,0.1
20230323192433,0.0,0.0,0.0,0.0,99.9,0.0,0.0,0.1
20230323192503,0.0,0.0,0.0,0.0,99.6,0.0,0.0,0.4
20230323192533,0.0,0.0,0.0,0.0,16.7,0.0,0.0,83.3
20230323192603,0.0,0.0,0.0,0.0,90.2,0.0,0.0,9.8
20230323192633,0.0,0.0,0.0,0.0,95.0,0.0,0.0,5.0
20230323192703,0.0,0.0,0.0,0.0,78.7,0.0,0.0,21.3
20230323192733,0.0,0.0,0.0,0.0,69.2,0.0,0.0,30.8
20230323192803,0.0,0.0,0.0,0.0,84.8,0.0,0.0,15.2
20230323192833,0.0,0.0,0.0,0.0,93.5,0.0,0.0,6.5
20230323192903,0.0,0.0,0.0,0.0,74.6,0.0,0.0,25.4
20230323192933,0.0,0.0,0.0,0.0,77.1,0.0,0.0,22.9
20230323193003,0.0,0.0,0.0,0.0,94.1,0.0,0.0,5.9
20230323193033,0.0,0.0,0.0,0.0,92.5,0.0,0.0,7.5
20230323193103,0.0,0.0,0.0,0.0,94.8,0.0,0.0,5.2
20230323193133,0.0,0.0,0.0,0.0,90.0,0.0,0.0,10.0
20230323193203,0.0,0.0,0.0,0.0,91.1,0.0,0.0,8.9
20230323193233,0.0,0.0,0.0,0.0,99.3,0.0,0.0,0.7
20230323193303,0.0,0.0,0.0,0.0,99.4,0.0,0.0,0.6
20230323193333,0.0,0.0,0.0,0.0,99.0,0.0,0.0,1.0
20230323193403,0.0,0.0,0.0,0.0,98.4,0.0,0.0,1.6
20230323193433,0.0,0.0,0.0,0.0,98.6,0.0,0.0,1.3
20230323193503,0.1,0.0,0.0,0.0,98.0,0.0,0.0,1.9
20230323193533,0.0,0.0,0.0,0.0,92.0,0.0,0.0,8.0
20230323193603,0.0,0.0,0.0,0.0,75.0,0.0,0.0,24.9
20230323193633,0.2,0.0,0.0,0.0,77.1,0.0,0.0,22.7
20230323193703,0.1,0.0,0.0,0.0,96.2,0.0,0.0,3.7
20230323193733,0.1,0.0,0.0,0.0,97.7,0.0,0.0,2.3
20230323193803,0.2,0.0,0.0,0.0,98.9,0.0,0.0,0.9
20230323193833,0.2,0.0,0.0,0.0,99.1,0.0,0.0,0.7
20230323193903,0.2,0.0,0.0,0.0,99.6,0.0,0.0,0.2
20230323193933,0.7,0.2,0.0,0.0,98.9,0.0,0.0,0.1
20230323194003,14.9,4.6,0.0,0.0,79.2,0.0,0.0,1.3
20230323194033,32.3,0.9,0.0,0.0,66.1,0.0,0.0,0.7
20230323194103,2.1,0.4,0.0,0.0,97.5,0.0,0.0,0.1
20230323194133,0.4,0.7,0.0,0.0,98.9,0.0,0.0,0.0
20230323194203,2.1,2.5,0.0,0.0,95.1,0.0,0.0,0.4
20230323194233,0.5,0.8,0.0,0.0,98.2,0.0,0.0,0.5
20230323194303,0.1,2.3,0.0,0.0,96.9,0.0,0.0,0.6
20230323194333,0.2,8.8,0.0,0.0,90.6,0.0,0.0,0.4
20230323194403,1.0,0.2,0.0,0.0,98.5,0.0,0.0,0.3
20230323194433,0.7,3.0,0.0,0.0,94.0,0.0,0.0,2.3
20230323194503,1.8,3.5,0.0,0.0,92.0,0.0,0.0,2.6
20230323194533,0.3,14.5,0.1,0.0,82.4,0.0,0.0,2.7
20230323194603,0.0,3.2,0.0,0.0,94.0,0.0,0.0,2.7
20230323194633,0.1,2.9,0.0,0.0,95.7,0.0,0.0,1.2
20230323194703,0.7,17.3,0.0,0.0,78.8,0.0,0.0,3.2
20230323194733,0.1,8.3,0.0,0.0,88.9,0.0,0.0,2.7
20230323194803,0.0,44.4,0.0,0.0,54.5,0.0,0.0,1.1
20230323194833,0.0,83.3,0.0,0.0,16.3,0.0,0.0,0.4
20230323194903,0.0,26.5,0.0,0.0,73.4,0.0,0.0,0.0
20230323194933,0.1,78.0,0.0,0.0,21.3,0.0,0.0,0.6
20230323195003,0.0,28.4,0.0,0.0,70.9,0.0,0.0,0.6
20230323195033,0.0,4.1,0.0,0.0,94.6,0.0,0.0,1.2
20230323195103,0.0,11.8,0.0,0.0,87.8,0.0,0.0,0.4
20230323195134,0.0,7.8,0.0,0.0,91.6,0.0,0.0,0.5
20230323195204,0.3,1.3,0.1,0.3,97.5,0.0,0.0,0.4
20230323195234,0.3,0.5,0.0,0.0,99.0,0.0,0.0,0.1
20230323195304,0.1,2.5,0.0,0.0,97.3,0.0,0.0,0.1
20230323195334,0.1,60.5,0.0,0.0,39.3,0.0,0.0,0.0
20230323195404,0.0,7.0,0.0,0.0,93.0,0.0,0.0,0.0
20230323195434,0.0,52.9,0.0,0.0,47.1,0.0,0.0,0.0
20230323195504,0.0,36.3,0.0,0.0,63.6,0.0,0.0,0.0
20230323195534,0.1,38.6,0.2,0.0,61.0,0.0,0.0,0.0
20230323195604,0.3,6.8,0.7,0.0,92.1,0.0,0.0,0.0
20230323195634,0.0,73.3,0.1,0.1,26.4,0.0,0.0,0.1
20230323195704,0.0,10.0,0.0,0.0,89.8,0.0,0.0,0.0
20230323195734,0.0,10.2,0.0,0.0,89.7,0.0,0.0,0.0
20230323195804,0.5,6.3,0.1,0.9,92.3,0.0,0.0,0.0
20230323195834,0.9,0.7,0.0,0.9,97.5,0.0,0.0,0.0
20230323195904,2.1,0.3,0.0,0.0,97.5,0.0,0.0,0.0
20230323195934,0.5,0.5,0.0,0.2,98.8,0.0,0.0,0.0
20230323200004,0.2,1.6,0.0,0.3,97.9,0.0,0.0,0.0
20230323200034,0.0,82.3,0.0,0.1,17.6,0.0,0.0,0.0
20230323200104,0.0,98.8,0.0,0.0,1.2,0.0,0.0,0.0
20230323200134,0.0,94.9,0.0,0.1,5.0,0.0,0.0,0.0
20230323200204,0.0,86.5,0.0,1.3,12.2,0.0,0.0,0.0
20230323200234,0.0,89.9,0.0,0.0,10.0,0.0,0.0,0.0
20230323200304,0.0,91.7,0.0,0.0,8.3,0.0,0.0,0.0
20230323200334,0.0,96.6,0.0,0.0,3.4,0.0,0.0,0.0
20230323200404,0.0,96.1,0.0,0.0,3.9,0.0,0.0,0.0
20230323200434,0.0,66.2,0.1,0.1,33.7,0.0,0.0,0.0
20230323200504,0.0,23.5,0.0,0.0,76.5,0.0,0.0,0.0
20230323200534,0.0,53.6,0.0,0.0,46.4,0.0,0.0,0.0
20230323200604,0.0,73.9,0.0,0.0,26.1,0.0,0.0,0.0
20230323200634,0.0,98.3,0.0,0.0,1.7,0.0,0.0,0.0
20230323200704,0.0,99.5,0.0,0.0,0.5,0.0,0.0,0.0
20230323200734,0.0,94.0,0.0,0.0,6.0,0.0,0.0,0.0
20230323200804,0.0,98.9,0.0,0.0,1.1,0.0,0.0,0.0
20230323200834,0.0,97.2,0.0,0.0,2.8,0.0,0.0,0.0
20230323200904,0.5,97.5,0.0,0.0,2.0,0.0,0.0,0.0
20230323200934,0.1,93.2,0.0,0.0,6.7,0.0,0.0,0.0
20230323201004,0.5,96.5,0.0,0.0,3.0,0.0,0.0,0.0
20230323201034,0.7,98.8,0.0,0.0,0.5,0.0,0.0,0.0
20230323201104,0.6,97.2,0.0,0.0,2.2,0.0,0.0,0.0
20230323201134,0.9,94.7,0.0,0.0,4.4,0.0,0.0,0.0
20230323201204,0.9,98.9,0.0,0.0,0.2,0.0,0.0,0.0
20230323201234,0.1,97.7,0.0,0.0,2.2,0.0,0.0,0.0
20230323201304,0.2,95.9,0.0,0.0,3.9,0.0,0.0,0.0
20230323201334,0.4,89.8,0.0,0.0,9.8,0.0,0.0,0.0
20230323201404,0.1,93.7,0.0,0.0,6.2,0.0,0.0,0.0
20230323201434,0.4,70.4,0.0,0.0,29.1,0.0,0.0,0.0
20230323201504,0.8,85.2,0.0,0.0,14.0,0.0,0.0,0.0
20230323201534,2.2,86.8,0.0,0.0,10.9,0.0,0.0,0.0
20230323201604,2.2,20.9,0.0,0.0,76.8,0.0,0.0,0.0
20230323201634,0.4,83.8,0.0,0.0,15.8,0.0,0.0,0.0
20230323201704,0.3,95.2,0.0,0.0,4.5,0.0,0.0,0.0
20230323201734,0.4,45.4,0.0,0.0,54.2,0.0,0.0,0.0
20230323201804,11.8,20.6,0.0,0.0,67.6,0.0,0.0,0.0
20230323201834,24.5,6.4,0.0,0.0,69.0,0.0,0.0,0.0
20230323201904,80.6,2.1,0.0,0.0,17.2,0.0,0.0,0.0
20230323201934,63.8,0.7,0.0,0.0,32.4,0.0,0.0,3.1
20230323202004,89.9,1.7,0.0,0.0,7.9,0.0,0.0,0.5
20230323202034,89.2,6.1,0.0,0.0,4.6,0.0,0.0,0.1
20230323202104,93.1,4.4,0.0,0.0,2.5,0.0,0.0,0.0
20230323202134,97.5,1.0,0.0,0.0,1.4,0.0,0.0,0.0
20230323202204,93.5,4.1,0.0,0.0,1.8,0.0,0.0,0.6
20230323202234,85.9,8.9,0.0,0.0,5.1,0.0,0.0,0.1
20230323202304,96.9,0.2,0.0,0.0,2.9,0.0,0.0,0.0
20230323202334,74.0,14.1,0.0,0.0,11.8,0.0,0.0,0.0
20230323202405,99.3,0.0,0.0,0.0,0.6,0.0,0.0,0.1
20230323202435,98.7,0.1,0.0,0.0,1.1,0.0,0.0,0.2
20230323202505,99.8,0.0,0.0,0.0,0.2,0.0,0.0,0.0
20230323202535,79.1,0.1,0.0,0.0,20.6,0.0,0.0,0.2
20230323202605,96.0,0.0,0.0,0.0,3.8,0.0,0.0,0.1
20230323202635,98.3,0.0,0.0,0.0,1.7,0.0,0.0,0.0
20230323202705,93.7,0.0,0.0,0.0,6.1,0.0,0.0,0.1
20230323202735,97.9,0.0,0.0,0.0,2.0,0.0,0.0,0.1
20230323202805,99.3,0.1,0.0,0.0,0.5,0.0,0.0,0.1
20230323202835,98.5,0.3,0.0,0.0,1.1,0.0,0.0,0.1
20230323202905,98.2,0.4,0.0,0.0,1.4,0.0,0.0,0.0
20230323202935,0.2,71.3,0.0,0.0,28.4,0.0,0.0,0.0
20230323203005,1.9,49.0,0.0,0.0,49.0,0.0,0.0,0.0
20230323203035,3.2,33.7,0.0,0.0,63.0,0.0,0.0,0.0
20230323203105,0.4,5.9,0.0,0.0,93.7,0.0,0.0,0.0
20230323203135,33.3,39.3,0.0,0.0,27.4,0.0,0.0,0.0
20230323203205,23.7,8.0,0.0,0.3,67.8,0.0,0.0,0.2
20230323203235,52.4,5.7,0.0,0.2,41.6,0.0,0.0,0.0
20230323203305,41.3,0.1,0.0,0.2,57.6,0.0,0.1,0.8
20230323203335,48.8,0.0,0.0,0.2,49.6,0.1,0.1,1.1
20230323203405,59.8,0.0,0.0,0.1,38.2,0.4,0.1,1.5
20230323203435,81.1,0.0,0.0,0.0,16.4,0.5,0.0,1.8
20230323203505,95.7,0.0,0.0,0.0,3.0,0.7,0.1,0.5
20230323203535,50.2,0.0,0.0,0.1,4.3,40.5,1.7,3.0
20230323203605,46.9,0.1,0.3,0.6,7.7,41.4,1.8,1.3
20230323203635,88.9,0.2,0.1,0.9,3.4,6.0,0.5,0.1
20230323203705,81.6,0.0,0.0,0.5,0.7,16.5,0.7,0.1
20230323203735,12.0,0.0,0.0,0.1,0.1,86.6,1.1,0.0
20230323203805,34.5,0.0,0.0,0.4,0.1,63.7,1.1,0.2
20230323203835,81.0,0.0,0.4,0.7,0.9,16.2,0.3,0.6
20230323203905,97.6,0.0,0.1,0.1,0.8,1.1,0.2,0.1
20230323203935,77.3,0.0,0.1,0.1,0.7,18.8,1.2,1.9
20230323204005,1.1,0.0,0.0,0.0,0.0,97.2,1.3,0.4
20230323204035,0.8,0.0,0.0,0.0,0.0,96.3,2.0,0.8
20230323204105,7.8,0.0,0.0,0.0,0.2,90.9,0.9,0.2
20230323204135,1.8,0.0,0.0,0.0,0.0,97.5,0.6,0.0
20230323204205,3.3,0.0,0.0,0.0,0.0,96.7,0.0,0.0
20230323204235,5.8,0.0,0.0,0.0,0.0,94.2,0.0,0.0
20230323204305,4.7,0.0,0.0,0.0,0.0,95.0,0.0,0.2
20230323204335,70.5,0.0,0.0,0.0,0.0,29.4,0.0,0.1
20230323204405,8.1,0.0,0.0,0.0,0.0,89.7,0.0,2.2
20230323204435,3.8,0.0,0.0,0.0,0.0,96.1,0.0,0.0
20230323204505,0.6,0.0,0.0,0.0,0.0,99.4,0.0,0.0
20230323204535,1.7,0.0,0.0,0.0,0.0,98.1,0.2,0.0
20230323204605,81.7,0.0,0.0,0.0,0.0,18.1,0.2,0.0
20230323204635,96.4,0.0,0.0,0.0,0.0,3.5,0.0,0.0
20230323204705,16.4,0.0,0.0,0.0,0.0,83.2,0.1,0.3
20230323204735,41.4,0.0,0.0,0.0,0.0,56.3,0.1,2.2
20230323204805,9.6,0.0,0.0,0.0,0.0,90.3,0.0,0.1
20230323204835,57.3,0.0,0.0,0.0,0.0,42.2,0.2,0.3
20230323204905,37.0,0.0,0.0,0.1,0.0,61.7,0.8,0.4
20230323204935,77.6,0.0,0.0,0.0,0.0,20.1,0.4,1.8
20230323205005,54.6,0.0,0.0,0.2,0.0,40.4,1.3,3.5
20230323205035,1.4,0.0,0.0,0.0,0.0,98.5,0.0,0.0
20230323205105,8.1,0.0,0.0,0.0,0.0,91.1,0.1,0.7
20230323205135,42.4,0.0,0.0,0.0,0.0,57.2,0.2,0.2
20230323205205,37.0,0.0,0.0,0.0,0.0,62.1,0.5,0.4
20230323205235,27.2,0.0,0.0,0.0,0.0,70.9,0.9,0.9
20230323205305,7.2,0.0,0.0,0.0,0.1,90.9,1.5,0.3
20230323205336,11.3,0.0,0.0,0.0,0.2,75.3,10.4,2.8
20230323205406,2.7,0.0,0.0,0.0,0.0,88.8,7.1,1.4
20230323205436,2.0,0.0,0.0,0.0,0.0,37.0,41.1,19.9
20230323205506,9.7,0.0,0.0,0.1,0.0,70.1,16.1,4.1
20230323205536,3.2,0.0,0.0,0.0,0.0,94.5,1.8,0.5
20230323205606,4.1,0.0,0.0,0.0,0.0,93.2,2.1,0.6
20230323205636,0.7,0.0,0.0,0.0,0.0,98.9,0.4,0.1
20230323205706,1.0,0.0,0.0,0.0,0.0,97.1,1.8,0.1
20230323205736,2.4,0.0,0.0,0.0,0.0,95.7,1.7,0.2
20230323205806,0.5,0.0,0.0,0.0,0.0,99.3,0.2,0.0
20230323205836,1.6,0.0,0.0,0.0,0.0,96.6,0.8,1.0
20230323205906,0.6,0.0,0.0,0.0,0.0,99.0,0.3,0.1
20230323205936,2.9,0.0,0.0,0.0,0.0,95.1,1.5,0.5
20230323210006,5.8,0.0,0.0,0.0,0.0,91.1,2.5,0.7
20230323210036,3.4,0.0,0.0,0.0,0.0,93.1,2.7,0.7
20230323210106,2.1,0.0,0.0,0.0,0.0,95.8,2.0,0.1
20230323210136,10.1,0.0,0.0,0.0,0.0,87.2,2.6,0.1
20230323210206,19.5,0.0,0.0,0.1,0.0,78.4,1.8,0.1
20230323210236,3.5,0.0,0.0,0.0,0.0,95.0,1.5,0.0
20230323210306,3.7,0.0,0.0,0.0,0.0,95.0,1.3,0.1
20230323210336,4.7,0.0,0.0,0.0,0.0,88.9,6.0,0.4
20230323210406,2.7,0.0,0.0,0.0,0.0,93.0,4.2,0.1
20230323210436,3.4,0.0,0.0,0.0,0.0,95.2,1.3,0.1
20230323210506,0.8,0.0,0.0,0.0,0.0,98.9,0.4,0.0
20230323210536,1.3,0.0,0.0,0.0,0.0,97.1,1.6,0.0
20230323210606,1.1,0.0,0.0,0.0,0.0,98.2,0.7,0.0
20230323210636,2.5,0.0,0.0,0.0,0.0,96.7,0.8,0.0
20230323210706,8.8,0.0,0.0,0.1,0.0,89.5,1.5,0.1
20230323210736,3.3,0.0,0.0,0.0,0.0,96.3,0.4,0.0
20230323210806,1.9,0.0,0.0,0.0,0.0,97.7,0.4,0.0
20230323210836,2.7,0.0,0.0,0.0,0.0,97.0,0.3,0.0
20230323210906,1.3,0.0,0.0,0.0,0.0,98.4,0.2,0.0
20230323210936,0.7,0.0,0.0,0.0,0.0,98.8,0.5,0.0
20230323211006,0.6,0.0,0.0,0.0,0.0,98.7,0.6,0.1
20230323211036,2.3,0.0,0.0,0.0,0.0,97.1,0.6,0.0
20230323211106,1.6,0.0,0.0,0.0,0.0,97.9,0.5,0.0
20230323211136,0.2,0.0,0.0,0.0,0.0,99.7,0.1,0.0
20230323211206,7.8,0.0,0.0,0.0,0.0,91.3,0.9,0.0
20230323211236,10.9,0.0,0.0,0.0,0.0,84.6,4.5,0.0
20230323211306,36.6,0.0,0.0,0.0,0.0,60.6,2.6,0.1
20230323211336,30.3,0.0,0.0,0.0,0.0,68.8,0.9,0.1
20230323211406,18.4,0.0,0.0,0.0,0.0,80.2,0.9,0.5
20230323211436,60.5,0.0,0.0,0.1,0.1,31.2,6.7,1.4
20230323211506,29.5,0.0,0.0,0.2,0.1,51.1,7.4,11.7
20230323211536,59.6,0.0,0.0,0.1,0.0,33.3,4.9,2.0
20230323211606,85.3,0.1,0.0,0.0,0.1,10.0,2.9,1.7
20230323211636,43.7,0.1,0.0,0.0,0.1,1.0,0.6,54.4
20230323211706,40.3,0.0,0.0,0.0,0.0,0.8,0.1,58.7
20230323211736,2.9,0.0,0.0,0.0,0.0,0.0,0.0,97.1
20230323211806,0.1,0.0,0.0,0.0,0.0,0.0,0.0,99.9
20230323211836,0.0,0.0,0.0,0.0,0.0,0.0,0.0,100.0
20230323211906,0.0,0.0,0.0,0.0,0.0,0.0,0.0,100.0
20230323211936,0.0,0.0,0.0,0.0,0.0,0.0,0.0,100.0
20230323212006,0.0,0.0,0.0,0.0,0.0,0.0,0.0,100.0
20230323212036,0.0,0.0,0.0,0.0,0.0,0.0,0.0,100.0
20230323212106,0.0,0.0,0.0,0.0,0.0,0.0,0.0,100.0
20230323212136,0.0,0.0,0.0,0.0,0.0,0.0,0.0,100.0
20230323212206,5.7,0.0,0.0,0.0,0.6,0.0,0.0,93.6
20230323212236,3.7,0.0,0.0,0.0,0.3,0.0,0.0,96.0
20230323212306,1.3,0.0,0.0,0.0,0.4,0.1,0.0,98.3
20230323212336,1.8,0.0,0.0,0.0,0.3,0.0,0.0,97.9
20230323212406,7.5,0.0,0.0,0.0,0.2,1.0,0.0,91.2
20230323212436,34.8,0.0,0.0,0.0,1.3,0.4,0.0,63.5
20230323212506,95.8,0.0,0.0,0.0,0.4,1.2,0.0,2.7
20230323212536,91.9,0.0,0.0,0.0,1.3,1.6,0.1,5.1
20230323212606,71.3,0.4,0.0,0.0,17.2,1.3,0.7,9.0
20230323212636,99.6,0.0,0.0,0.0,0.3,0.1,0.0,0.1
20230323212706,98.3,0.0,0.0,0.0,0.1,0.0,0.0,1.5
20230323212736,99.7,0.0,0.0,0.0,0.2,0.0,0.0,0.0
20230323212807,83.2,5.0,0.0,0.0,11.7,0.0,0.0,0.1
20230323212837,74.1,5.4,0.0,0.0,20.4,0.0,0.0,0.0
20230323212907,16.2,19.4,0.0,0.0,64.4,0.0,0.0,0.0
20230323212937,0.3,7.8,0.0,0.0,91.9,0.0,0.0,0.0
20230323213007,0.1,80.7,0.0,0.0,19.2,0.0,0.0,0.0
20230323213037,0.0,78.1,0.0,0.0,21.8,0.0,0.0,0.0
20230323213107,0.0,71.1,0.0,0.0,28.8,0.0,0.0,0.0
20230323213137,0.0,88.0,0.0,0.0,12.0,0.0,0.0,0.0
20230323213207,0.0,95.5,0.0,0.0,4.5,0.0,0.0,0.0
20230323213237,0.0,89.9,0.2,0.0,9.9,0.0,0.0,0.0
20230323213307,0.0,11.7,0.2,0.1,88.0,0.0,0.0,0.0
20230323213337,0.0,72.0,0.0,0.0,28.0,0.0,0.0,0.0
20230323213407,0.0,41.9,1.5,0.0,56.6,0.0,0.0,0.0
20230323213437,0.0,99.4,0.0,0.0,0.6,0.0,0.0,0.0
20230323213507,0.0,99.8,0.0,0.0,0.2,0.0,0.0,0.0
20230323213537,0.0,99.7,0.0,0.0,0.3,0.0,0.0,0.0
20230323213607,0.0,97.5,0.7,0.1,1.7,0.0,0.0,0.0
20230323213637,0.0,74.0,0.1,0.2,25.7,0.0,0.0,0.0
20230323213707,0.0,69.8,0.1,0.2,29.9,0.0,0.0,0.0
20230323213737,0.0,81.6,0.0,0.0,18.4,0.0,0.0,0.0
20230323213807,0.0,20.7,0.0,0.1,79.1,0.0,0.0,0.0
20230323213837,0.2,61.2,0.2,0.3,38.1,0.0,0.0,0.0
20230323213907,0.0,50.4,0.0,0.0,49.5,0.0,0.0,0.0
20230323213937,0.0,96.3,0.0,0.0,3.7,0.0,0.0,0.0
20230323214007,0.2,98.6,0.1,0.1,1.0,0.0,0.0,0.0
20230323214037,0.0,98.4,0.8,0.5,0.3,0.0,0.0,0.0
20230323214107,0.0,70.4,0.3,15.8,13.5,0.0,0.0,0.0
20230323214137,0.1,74.2,0.0,2.8,22.9,0.0,0.0,0.0
20230323214207,0.2,81.6,0.0,4.0,14.2,0.0,0.0,0.0
20230323214237,1.5,56.6,0.1,12.3,29.5,0.0,0.0,0.1
20230323214307,1.8,70.3,0.3,20.9,6.6,0.0,0.0,0.0
20230323214337,1.2,32.9,0.2,62.1,3.6,0.0,0.0,0.1
20230323214407,19.1,45.5,0.1,9.1,26.1,0.0,0.0,0.2
20230323214437,5.2,53.2,0.0,5.7,35.9,0.0,0.0,0.1
20230323214507,1.6,57.7,0.0,28.6,12.1,0.0,0.0,0.0
20230323214537,43.5,41.7,0.1,2.4,12.3,0.0,0.0,0.0
20230323214607,34.3,35.6,0.1,1.7,28.3,0.0,0.0,0.0
20230323214637,32.6,13.4,0.1,13.8,40.0,0.0,0.0,0.0
20230323214707,38.5,8.0,0.0,2.3,51.0,0.0,0.0,0.1
20230323214737,10.0,88.7,0.0,0.1,1.2,0.0,0.0,0.0
20230323214807,0.1,96.2,0.0,0.0,3.7,0.0,0.0,0.0
20230323214837,3.7,51.5,0.0,0.6,44.1,0.0,0.0,0.1
20230323214907,0.7,5.5,0.0,0.2,93.6,0.0,0.0,0.0
20230323214937,4.0,5.3,0.0,0.3,90.4,0.0,0.0,0.0
20230323215007,62.4,3.8,0.0,9.8,24.0,0.0,0.0,0.0
20230323215037,73.0,6.8,0.0,5.2,15.0,0.0,0.0,0.1
20230323215107,12.9,43.0,0.0,0.7,42.1,0.0,0.0,1.2
20230323215137,8.5,15.0,0.0,0.1,76.3,0.0,0.0,0.1
20230323215207,5.4,3.7,0.0,0.8,90.0,0.0,0.0,0.1
20230323215237,1.4,26.8,0.0,5.7,66.0,0.0,0.0,0.2
20230323215307,0.2,31.5,0.0,0.3,68.0,0.0,0.0,0.0
20230323215337,4.0,11.0,0.0,0.2,84.8,0.0,0.0,0.2
20230323215407,0.1,2.6,0.0,0.2,97.0,0.0,0.0,0.0
20230323215437,3.8,7.6,0.0,1.3,87.2,0.0,0.0,0.1
20230323215507,0.2,11.9,0.0,0.3,87.6,0.0,0.0,0.0
20230323215537,0.9,0.6,0.0,0.2,98.3,0.0,0.0,0.0
20230323215607,0.7,44.6,0.0,0.1,54.6,0.0,0.0,0.0
20230323215637,0.7,36.1,0.0,0.0,63.2,0.0,0.0,0.0
20230323215707,0.4,74.0,0.0,0.3,25.3,0.0,0.0,0.0
20230323215737,0.2,3.4,0.0,0.0,96.4,0.0,0.0,0.0
20230323215807,0.1,9.3,0.0,0.1,90.4,0.0,0.0,0.1
20230323215837,7.1,23.1,0.1,1.5,68.0,0.0,0.0,0.2
20230323215907,27.2,15.7,0.0,0.8,56.2,0.0,0.0,0.1
20230323215937,53.0,10.0,0.0,1.1,35.9,0.0,0.0,0.1
20230323220007,22.0,4.2,0.0,0.8,71.7,0.0,0.0,1.2
20230323220038,12.8,20.7,0.1,0.4,65.5,0.0,0.0,0.5
20230323220108,10.4,5.4,4.4,4.7,72.0,0.1,0.0,2.9
20230323220138,3.1,5.0,0.2,5.2,86.3,0.0,0.0,0.1
20230323220208,2.0,7.8,0.0,0.6,89.6,0.0,0.0,0.0
20230323220238,3.2,74.0,0.0,7.3,15.4,0.0,0.0,0.0
20230323220308,0.0,69.6,0.0,0.2,30.1,0.0,0.0,0.2
20230323220338,0.0,97.8,0.0,0.2,2.0,0.0,0.0,0.0
20230323220408,2.0,90.7,0.0,1.1,6.1,0.0,0.0,0.1
20230323220438,0.4,97.5,0.0,0.1,2.0,0.0,0.0,0.0
20230323220508,1.8,93.9,0.0,0.8,3.5,0.0,0.0,0.0
20230323220538,55.8,6.3,0.0,5.3,32.6,0.0,0.0,0.0
20230323220608,61.1,7.4,0.0,6.8,24.7,0.0,0.0,0.1
20230323220638,62.8,0.5,0.0,27.4,8.3,0.0,0.0,0.8
20230323220708,73.2,2.2,0.1,9.1,15.3,0.0,0.0,0.1
20230323220738,86.8,0.8,0.0,6.4,5.9,0.0,0.0,0.0
20230323220808,85.3,1.3,0.0,0.9,12.5,0.0,0.0,0.0
20230323220838,67.3,2.2,0.1,18.0,12.4,0.0,0.0,0.0
20230323220908,12.6,3.3,0.2,5.9,77.4,0.0,0.0,0.4
20230323220938,12.3,0.9,0.4,8.8,74.4,0.1,0.1,3.0
20230323221008,9.0,2.9,0.3,1.2,86.3,0.0,0.0,0.3
20230323221038,0.5,0.7,0.0,0.4,97.9,0.0,0.0,0.6
20230323221108,37.8,5.5,0.2,14.0,41.6,0.0,0.0,0.9
20230323221138,72.2,3.2,0.1,2.9,20.9,0.0,0.0,0.8
20230323221208,56.4,5.5,0.2,0.6,36.9,0.0,0.0,0.4
20230323221238,23.0,6.6,0.6,1.5,67.9,0.0,0.0,0.4
20230323221308,9.3,35.1,2.9,0.4,52.2,0.0,0.0,0.1
20230323221338,25.6,9.3,3.3,6.7,55.0,0.0,0.0,0.1
20230323221408,47.0,14.4,0.2,20.1,18.4,0.0,0.0,0.0
20230323221438,69.9,0.5,0.0,12.2,17.4,0.0,0.0,0.0
20230323221508,71.5,2.4,0.0,4.7,21.4,0.0,0.0,0.0
20230323221538,50.9,6.4,0.0,9.1,33.6,0.0,0.0,0.0
20230323221608,8.1,0.8,0.0,0.4,90.7,0.0,0.0,0.0
20230323221638,52.8,24.4,0.0,1.7,21.1,0.0,0.0,0.0
20230323221708,55.4,16.4,0.0,0.3,27.8,0.0,0.0,0.0
20230323221738,42.3,12.9,0.0,0.2,44.6,0.0,0.0,0.0
20230323221808,69.1,2.1,0.0,0.0,28.7,0.0,0.0,0.1
20230323221838,34.8,58.1,0.0,0.0,7.0,0.0,0.0,0.0
20230323221908,40.1,22.7,0.0,0.1,37.1,0.0,0.0,0.0
20230323221938,45.0,34.9,0.0,0.2,19.8,0.0,0.0,0.0
20230323222008,15.3,33.1,0.0,1.2,50.4,0.0,0.0,0.0
20230323222038,58.5,5.8,0.0,1.9,33.8,0.0,0.0,0.0
20230323222108,81.5,15.9,0.5,0.1,2.0,0.0,0.0,0.0
20230323222138,86.0,4.5,0.2,0.0,9.3,0.0,0.0,0.0
20230323222208,54.3,16.1,0.1,0.1,29.4,0.0,0.0,0.0
20230323222238,62.8,32.0,0.0,0.0,5.2,0.0,0.0,0.0
20230323222308,13.1,85.9,0.0,0.1,0.9,0.0,0.0,0.0
20230323222338,92.0,0.2,0.0,0.0,7.7,0.0,0.0,0.1
20230323222408,99.4,0.0,0.0,0.0,0.5,0.0,0.0,0.0
20230323222438,99.9,0.0,0.0,0.0,0.1,0.0,0.0,0.0
20230323222508,99.9,0.0,0.0,0.0,0.1,0.0,0.0,0.0
20230323222538,99.9,0.0,0.0,0.0,0.0,0.0,0.0,0.0
20230323222608,99.7,0.0,0.0,0.0,0.3,0.0,0.0,0.0
20230323222638,99.0,0.0,0.0,0.0,0.9,0.0,0.0,0.1
20230323222708,95.8,0.0,0.0,0.0,3.8,0.0,0.0,0.4
20230323222738,94.5,0.0,0.0,0.3,4.9,0.0,0.0,0.2
20230323222808,95.1,0.0,0.0,0.0,4.7,0.0,0.0,0.1
20230323222838,93.6,0.0,0.0,0.1,5.3,0.1,0.0,0.8
20230323222908,70.1,0.1,0.0,1.1,24.6,0.0,0.1,4.0
20230323222939,42.1,0.1,0.0,0.4,47.8,0.1,0.1,9.3
20230323223009,65.0,1.3,0.0,0.4,28.8,0.2,0.2,4.0
20230323223039,47.2,0.8,0.0,1.2,44.9,0.2,0.2,5.5
20230323223109,32.9,0.3,0.0,0.2,65.2,0.0,0.0,1.5
20230323223139,83.3,0.1,0.0,0.0,16.3,0.0,0.0,0.2
20230323223209,23.9,0.7,0.0,0.0,75.2,0.0,0.0,0.1
20230323223239,23.8,19.1,0.0,0.1,56.9,0.0,0.0,0.2
20230323223309,32.9,2.6,0.0,0.4,63.2,0.0,0.0,0.9
20230323223339,2.8,0.7,0.0,0.1,96.2,0.0,0.0,0.2
20230323223409,4.4,1.3,0.0,0.1,94.1,0.0,0.0,0.2
20230323223439,1.6,1.2,0.0,0.3,96.2,0.0,0.0,0.7
20230323223509,21.3,1.1,0.1,3.7,73.4,0.0,0.0,0.4
20230323223539,56.6,0.2,0.0,0.2,42.9,0.0,0.0,0.0
20230323223609,61.6,0.8,0.0,0.2,37.4,0.0,0.0,0.0
20230323223639,71.6,0.1,0.0,0.0,28.2,0.0,0.0,0.0
20230323223709,78.9,0.2,0.0,0.0,20.8,0.0,0.0,0.0
20230323223739,96.3,0.1,0.0,0.0,3.5,0.0,0.0,0.0
20230323223809,91.0,0.7,0.0,0.1,8.1,0.0,0.0,0.1
20230323223839,49.1,10.1,0.0,0.4,40.3,0.0,0.0,0.1
20230323223909,82.8,0.7,0.0,0.0,16.5,0.0,0.0,0.0
20230323223939,59.4,1.2,0.0,0.1,39.2,0.0,0.0,0.1
20230323224009,50.0,0.4,0.0,0.0,49.5,0.0,0.0,0.1
20230323224039,87.4,0.3,0.0,0.0,12.3,0.0,0.0,0.0
20230323224109,66.8,2.1,0.0,0.0,31.2,0.0,0.0,0.0
20230323224139,93.1,0.9,0.0,0.0,6.0,0.0,0.0,0.0
20230323224209,93.9,0.6,0.0,0.0,5.6,0.0,0.0,0.0
20230323224239,70.4,13.0,0.0,0.0,16.6,0.0,0.0,0.0
20230323224309,79.8,11.0,0.0,0.0,9.1,0.0,0.0,0.0
20230323224339,61.7,9.1,0.0,0.0,29.2,0.0,0.0,0.0
20230323224409,9.1,1.7,0.0,0.0,89.2,0.0,0.0,0.0
20230323224439,7.8,41.4,0.0,0.0,50.8,0.0,0.0,0.0
20230323224509,35.4,1.5,0.0,0.0,63.0,0.0,0.0,0.0
20230323224539,44.4,0.6,0.0,0.0,55.0,0.0,0.0,0.0
20230323224609,32.8,0.2,0.0,0.0,67.0,0.0,0.0,0.0
20230323224639,79.5,0.1,0.0,0.0,20.3,0.0,0.0,0.0
20230323224709,59.1,1.1,0.0,0.0,39.6,0.0,0.0,0.0
20230323224739,18.0,3.1,0.1,0.0,78.7,0.0,0.0,0.0
20230323224809,8.6,1.2,0.0,0.0,90.2,0.0,0.0,0.0
20230323224839,3.9,3.0,0.0,0.0,93.1,0.0,0.0,0.0
20230323224909,2.2,17.3,0.3,0.2,80.1,0.0,0.0,0.0
20230323224939,0.1,2.0,2.9,0.0,94.9,0.0,0.0,0.0
20230323225009,0.6,3.0,0.1,0.0,96.3,0.0,0.0,0.0
20230323225039,43.1,1.6,0.4,0.0,54.3,0.0,0.0,0.6
20230323225109,45.2,0.6,3.1,0.0,46.9,0.1,0.4,3.7
20230323225139,22.0,0.0,3.5,0.0,72.4,0.0,0.2,1.7
20230323225209,88.9,0.0,1.9,0.0,7.6,0.1,0.0,1.4
20230323225239,94.6,0.0,0.1,0.1,0.6,4.5,0.1,0.1
20230323225309,65.0,0.0,0.4,0.2,0.2,34.0,0.1,0.0
20230323225339,71.4,0.0,1.2,0.1,0.4,26.7,0.1,0.1
20230323225409,75.3,0.7,10.1,0.0,13.1,0.8,0.0,0.0
20230323225439,27.3,5.9,28.5,0.3,37.8,0.1,0.0,0.0
20230323225509,0.5,96.6,0.1,0.1,2.6,0.0,0.0,0.0
20230323225539,0.4,98.0,0.0,0.0,1.5,0.0,0.0,0.0
20230323225609,0.2,77.0,0.6,0.0,22.1,0.0,0.0,0.0
20230323225639,0.9,81.1,1.8,0.0,16.2,0.0,0.0,0.0
20230323225709,0.0,98.8,0.0,0.0,1.1,0.0,0.0,0.0
20230323225739,0.0,99.1,0.0,0.0,0.8,0.0,0.0,0.0
20230323225809,0.1,98.7,0.0,0.0,1.1,0.0,0.0,0.0
20230323225839,0.2,75.1,0.1,0.1,24.6,0.0,0.0,0.0
20230323225909,6.0,14.8,0.8,0.3,78.1,0.0,0.0,0.0
20230323225939,30.5,28.9,1.0,0.1,39.4,0.0,0.0,0.0
20230323230009,57.0,0.7,0.0,0.3,41.7,0.0,0.0,0.2
20230323230039,57.6,4.2,6.4,0.1,31.3,0.1,0.0,0.3
20230323230109,43.2,25.7,11.4,0.0,18.9,0.1,0.1,0.5
20230323230139,15.8,35.5,1.0,0.0,47.5,0.0,0.0,0.1
20230323230209,21.0,31.4,4.3,0.1,43.0,0.0,0.0,0.1
20230323230239,20.3,36.8,3.3,0.6,39.0,0.0,0.0,0.0
20230323230309,66.6,0.3,2.9,0.0,29.6,0.4,0.1,0.1
20230323230339,77.3,1.4,6.8,0.2,10.7,3.1,0.2,0.2
20230323230410,30.9,1.5,5.2,0.7,35.4,6.3,3.4,16.6
20230323230440,0.8,0.0,0.1,0.0,2.4,1.6,41.5,53.6
20230323230510,21.3,11.9,1.1,0.1,64.3,0.3,0.4,0.7
20230323230540,33.3,27.9,0.8,0.0,32.4,1.0,0.1,4.5
20230323230610,24.0,5.0,2.5,1.7,64.9,0.4,0.5,1.2
20230323230640,7.6,4.4,16.2,8.9,41.2,1.6,2.4,17.7
20230323230710,13.9,3.5,21.7,5.0,44.5,0.9,6.1,4.4
20230323230740,9.0,0.7,0.1,2.3,5.8,3.1,25.6,53.5
20230323230810,6.0,0.5,0.3,2.5,14.0,6.0,5.6,65.1
20230323230840,1.1,0.8,2.0,14.2,9.0,2.0,8.9,61.9
20230323230910,1.0,0.1,1.0,15.0,7.9,1.4,4.9,68.7
20230323230940,0.1,15.0,0.6,0.9,82.3,0.0,0.0,1.0
20230323231010,0.0,41.5,1.6,0.5,55.5,0.0,0.0,0.9
20230323231040,1.9,0.8,14.2,28.9,31.5,0.9,0.3,21.3
20230323231110,0.1,0.4,45.5,0.4,50.9,0.0,0.1,2.7
20230323231140,0.1,0.0,6.4,0.9,91.0,0.0,0.0,1.6
20230323231210,0.1,0.0,2.6,0.4,96.2,0.0,0.0,0.7
20230323231240,0.7,0.3,33.5,0.1,65.3,0.0,0.0,0.1
20230323231310,0.0,2.2,82.3,0.9,14.5,0.0,0.0,0.0
20230323231340,0.2,2.9,34.3,4.2,58.3,0.0,0.0,0.1
20230323231410,0.3,42.4,6.9,1.4,48.9,0.0,0.0,0.0
20230323231440,0.0,4.8,32.4,0.3,62.3,0.0,0.1,0.0
20230323231510,0.6,6.3,52.7,0.3,39.9,0.0,0.1,0.1
20230323231540,0.3,3.1,37.5,0.8,57.3,0.0,0.5,0.5
20230323231610,0.2,33.9,18.0,0.2,47.5,0.0,0.2,0.0
20230323231640,2.8,1.6,19.0,8.6,67.5,0.0,0.3,0.2
20230323231710,0.6,0.7,3.7,0.9,94.1,0.0,0.0,0.0
20230323231740,1.0,0.0,9.8,0.6,88.5,0.0,0.0,0.0
20230323231810,3.4,0.3,12.9,2.8,80.2,0.1,0.3,0.0
20230323231840,7.9,0.7,36.1,13.6,41.5,0.0,0.3,0.0
20230323231910,4.5,0.6,84.1,0.3,10.4,0.0,0.0,0.0
20230323231940,14.7,0.8,8.2,13.7,35.2,2.2,1.6,23.6
20230323232010,24.7,0.2,9.7,5.2,11.8,7.3,3.5,37.6
20230323232040,11.7,0.8,0.8,4.6,11.6,3.0,19.9,47.5
20230323232110,11.0,0.2,17.1,5.4,17.5,1.0,5.2,42.6
20230323232140,6.9,0.0,1.5,1.0,14.0,0.8,30.0,45.8
20230323232210,31.5,0.5,6.0,1.2,44.3,0.9,12.6,3.0
20230323232240,18.7,2.8,1.9,0.8,52.3,1.1,6.8,15.5
20230323232310,7.6,5.3,0.9,4.6,80.8,0.3,0.3,0.2
20230323232340,1.5,37.3,1.6,0.9,58.2,0.0,0.0,0.5
20230323232410,0.0,15.9,0.0,0.1,83.9,0.0,0.0,0.0
20230323232440,1.2,46.1,0.8,0.3,50.7,0.0,0.0,1.0
20230323232510,5.1,6.9,0.3,0.2,76.3,0.0,0.0,11.1
20230323232540,50.4,4.3,1.3,1.1,25.9,1.2,1.3,14.7
20230323232610,1.0,0.3,0.9,6.7,30.7,0.4,5.9,54.1
20230323232640,2.0,0.9,0.4,3.4,10.2,0.5,15.8,66.9
20230323232710,42.9,4.2,6.8,11.0,11.8,2.2,0.3,20.9
20230323232740,5.5,53.5,2.1,1.6,35.6,0.0,0.1,1.5
20230323232810,3.5,62.0,1.8,0.4,32.3,0.0,0.0,0.0
20230323232840,17.1,74.3,0.0,1.0,7.4,0.0,0.0,0.0
20230323232910,20.6,24.8,0.0,0.5,54.0,0.0,0.0,0.0
20230323232940,7.1,19.8,0.2,1.5,71.3,0.0,0.0,0.1
20230323233010,74.8,1.5,2.3,3.1,17.6,0.1,0.0,0.5
20230323233040,13.2,1.0,0.7,4.3,15.7,1.0,3.9,60.1
20230323233110,70.2,8.9,3.0,2.2,6.1,0.9,0.6,8.1
20230323233140,64.7,0.6,4.9,6.8,1.2,9.7,3.1,8.9
20230323233210,22.4,0.2,0.2,3.0,1.3,27.0,3.7,42.2
20230323233240,51.8,0.0,0.0,0.1,0.5,22.9,5.1,19.7
20230323233310,75.5,0.2,4.8,0.7,8.4,0.3,5.2,4.8
20230323233340,64.2,2.0,22.1,4.7,2.4,0.7,1.9,2.0
20230323233410,80.9,0.7,1.5,13.2,3.0,0.1,0.5,0.1
20230323233440,98.1,0.2,0.1,0.9,0.7,0.0,0.0,0.0
20230323233510,98.7,0.0,0.0,0.3,0.8,0.0,0.0,0.0
20230323233540,97.3,0.6,0.2,0.1,1.8,0.0,0.0,0.0
20230323233610,98.5,0.0,0.8,0.3,0.3,0.0,0.0,0.0
20230323233640,88.6,1.5,0.6,1.1,8.0,0.0,0.0,0.1
20230323233710,19.6,45.6,3.6,0.5,30.5,0.0,0.0,0.0
20230323233740,95.8,0.1,0.1,1.0,2.3,0.2,0.4,0.1
20230323233811,86.8,10.2,0.0,0.1,2.8,0.0,0.0,0.0
20230323233841,36.8,17.2,0.3,6.3,39.3,0.0,0.0,0.0
20230323233911,29.1,30.5,0.2,0.3,39.8,0.0,0.0,0.0
20230323233941,3.3,88.4,0.0,0.0,8.3,0.0,0.0,0.0
20230323234011,19.9,73.1,0.0,0.0,7.0,0.0,0.0,0.0
20230323234041,97.1,0.6,0.0,0.0,0.2,2.0,0.0,0.0
20230323234111,99.1,0.1,0.0,0.0,0.3,0.5,0.0,0.1
20230323234141,62.7,0.2,0.0,0.4,11.4,21.8,0.5,2.9
20230323234211,97.1,0.1,0.0,0.0,0.6,2.0,0.0,0.3
20230323234241,96.4,3.1,0.0,0.0,0.5,0.0,0.0,0.0
20230323234311,94.6,0.7,0.0,0.0,4.1,0.2,0.0,0.4
20230323234341,98.0,0.0,0.0,0.0,0.9,0.5,0.0,0.6
20230323234411,96.8,0.0,0.0,0.0,2.3,0.8,0.0,0.1
20230323234441,88.3,0.0,0.0,0.0,0.1,11.0,0.0,0.6
20230323234511,99.1,0.0,0.0,0.0,0.0,0.6,0.0,0.2
20230323234541,96.3,0.0,0.0,0.0,0.4,0.7,0.3,2.3
20230323234611,20.5,0.0,0.0,0.0,5.8,2.3,1.1,70.2
20230323234641,0.5,0.0,0.0,0.0,0.7,0.8,0.3,97.7
20230323234711,0.1,0.0,0.0,0.0,0.2,0.0,0.0,99.7
20230323234741,0.3,0.0,0.0,0.0,0.4,3.6,0.2,95.5
20230323234811,0.2,0.0,0.0,0.0,1.0,0.2,0.0,98.5
20230323234841,0.1,0.0,0.0,0.0,0.1,0.4,0.0,99.3
20230323234911,13.7,0.0,0.0,0.0,2.5,13.7,0.6,69.4
20230323234941,30.9,0.0,0.0,0.1,0.8,51.9,2.5,13.7
20230323235011,35.3,0.0,0.0,1.2,0.2,49.1,9.3,5.0
20230323235041,10.2,0.0,0.0,0.3,0.1,66.2,19.4,3.7
20230323235111,43.4,0.0,0.0,0.2,0.1,54.8,0.7,0.7
20230323235141,4.2,0.0,0.0,0.8,0.5,68.6,3.2,22.7
20230323235211,9.6,0.0,0.0,0.0,0.2,36.5,0.4,53.3
20230323235241,5.2,0.0,0.0,0.0,1.2,5.8,0.4,87.3
20230323235311,26.5,0.0,0.0,0.1,10.4,17.6,0.6,44.8
20230323235341,32.1,0.3,0.0,0.0,67.2,0.1,0.0,0.2
20230323235411,94.2,0.0,0.0,0.0,5.4,0.0,0.0,0.4
20230323235441,10.3,0.2,0.0,0.0,77.6,0.0,0.0,11.8
20230323235511,29.0,0.7,0.0,0.0,68.5,0.0,0.0,1.8
20230323235541,4.7,0.2,0.0,0.0,68.6,0.0,0.0,26.5
20230323235611,16.4,0.7,0.0,0.0,81.1,0.0,0.0,1.8
20230323235641,26.9,0.0,0.0,0.0,44.2,0.0,0.0,28.8
20230323235711,10.6,0.8,0.0,0.0,78.2,0.0,0.0,10.3
20230323235741,9.2,0.1,0.0,0.1,89.2,0.0,0.0,1.3
20230323235811,17.1,3.2,0.0,0.0,72.6,0.0,0.0,7.1
20230323235841,13.6,0.1,0.0,0.0,78.5,0.0,0.0,7.7
20230323235911,22.7,0.5,0.0,0.0,60.4,0.0,0.1,16.2
20230323235941,15.5,1.0,0.0,0.0,82.2,0.0,0.1,1.2
20230324000011,54.5,0.1,0.0,0.0,38.4,0.0,0.1,6.8
20230324000041,8.9,15.7,0.0,0.1,74.8,0.0,0.0,0.5
20230324000111,31.4,11.9,0.0,0.1,55.7,0.0,0.1,0.8
20230324000141,12.6,0.7,0.0,0.1,81.6,0.0,0.3,4.6
20230324000211,21.5,0.3,0.0,0.3,53.3,0.0,0.1,24.5
20230324000241,24.1,0.2,0.0,0.0,61.4,0.0,0.0,14.2
20230324000311,1.4,0.0,0.0,0.0,79.2,0.0,0.0,19.4
20230324000341,0.7,0.0,0.0,0.0,97.5,0.0,0.0,1.7
20230324000411,34.5,0.3,0.0,0.0,57.6,0.0,0.0,7.7
20230324000441,35.6,0.9,0.0,0.0,59.2,0.0,0.0,4.3
20230324000511,23.1,0.3,0.0,0.0,74.0,0.0,0.0,2.6
20230324000542,34.9,0.4,0.0,0.0,63.2,0.0,0.0,1.5
20230324000612,11.1,0.2,0.0,0.0,88.6,0.0,0.0,0.1
20230324000642,57.1,1.0,0.0,0.0,41.6,0.0,0.0,0.3
20230324000712,75.3,1.9,0.0,0.0,22.7,0.0,0.0,0.2
20230324000742,74.3,0.7,0.0,0.0,20.7,0.0,0.0,4.3
20230324000812,14.6,2.1,0.0,0.0,78.9,0.0,0.0,4.4
20230324000842,19.8,2.6,0.0,0.0,76.7,0.0,0.0,0.9
20230324000912,5.7,13.9,0.0,0.0,73.5,0.0,0.0,6.9
20230324000942,16.2,53.3,0.0,0.0,22.9,0.0,0.0,7.6
20230324001012,60.8,3.6,0.0,0.0,33.5,0.0,0.0,2.0
20230324001042,99.0,0.2,0.0,0.0,0.4,0.0,0.0,0.3
20230324001112,97.8,0.4,0.0,0.0,1.7,0.0,0.0,0.1
20230324001142,11.8,2.2,0.0,0.0,73.4,0.0,0.0,12.6
20230324001212,5.6,4.0,0.0,0.1,82.1,0.0,0.0,8.1
20230324001242,0.3,0.6,0.0,0.0,98.8,0.0,0.0,0.3
20230324001312,0.5,25.7,0.0,0.1,73.7,0.0,0.0,0.0
20230324001342,0.0,87.8,0.0,0.0,12.2,0.0,0.0,0.0
20230324001412,0.0,39.7,0.2,1.3,58.8,0.0,0.0,0.0
20230324001442,0.0,89.5,0.1,0.5,9.8,0.0,0.0,0.0
20230324001512,0.0,84.8,0.3,1.7,13.1,0.0,0.0,0.0
20230324001542,0.0,36.0,1.8,3.7,58.5,0.0,0.0,0.0
20230324001612,0.0,15.3,0.5,0.1,84.1,0.0,0.0,0.0
20230324001642,0.0,8.8,0.0,0.5,90.7,0.0,0.0,0.0
20230324001712,0.0,2.6,0.1,0.0,97.3,0.0,0.0,0.0
20230324001742,0.8,6.1,0.5,0.8,91.8,0.0,0.0,0.0
20230324001812,0.1,0.4,1.7,0.5,97.2,0.0,0.0,0.1
20230324001842,0.1,0.8,0.5,0.1,98.5,0.0,0.0,0.0
20230324001912,0.0,0.1,6.3,0.2,93.3,0.0,0.0,0.0
20230324001942,0.0,0.8,0.7,1.5,96.9,0.0,0.0,0.0
20230324002012,0.0,0.3,1.2,0.8,97.6,0.0,0.0,0.1
20230324002042,0.1,1.2,7.5,3.5,87.6,0.0,0.0,0.1
20230324002112,0.1,13.6,24.5,3.7,57.9,0.0,0.0,0.2
20230324002142,0.1,3.1,2.2,16.3,78.2,0.0,0.0,0.1
20230324002212,0.1,6.8,0.6,0.1,92.3,0.0,0.0,0.1
20230324002242,0.1,2.2,0.0,0.2,97.3,0.0,0.0,0.1
20230324002312,0.0,0.4,0.0,0.1,99.2,0.0,0.0,0.3
20230324002342,0.0,0.2,0.0,0.0,99.7,0.0,0.0,0.0
20230324002412,0.0,26.0,0.0,0.0,73.8,0.0,0.0,0.1
20230324002442,0.7,11.5,0.1,6.9,66.2,0.0,0.0,14.7
20230324002512,0.2,86.5,0.1,0.1,13.1,0.0,0.0,0.0
20230324002542,0.0,82.5,0.0,0.0,17.5,0.0,0.0,0.0
20230324002612,0.1,81.4,0.4,0.1,18.1,0.0,0.0,0.0
20230324002642,0.0,98.8,0.0,0.0,1.2,0.0,0.0,0.0
20230324002712,0.0,89.3,0.1,0.0,10.5,0.0,0.0,0.0
20230324002742,0.0,42.6,0.0,0.0,57.3,0.0,0.0,0.0
20230324002812,0.0,66.7,0.1,0.0,33.2,0.0,0.0,0.0
20230324002842,0.0,87.9,2.1,0.0,10.0,0.0,0.0,0.0
20230324002912,0.4,9.1,11.9,1.1,77.5,0.0,0.0,0.1
20230324002942,2.2,3.9,30.5,14.0,45.3,0.8,1.0,2.3
20230324003012,5.7,5.0,0.9,44.4,30.4,0.2,0.6,12.8
20230324003042,0.2,94.8,0.0,3.0,2.0,0.0,0.0,0.0
20230324003112,0.7,3.1,0.9,7.7,87.1,0.0,0.4,0.1
20230324003142,1.1,2.5,0.3,0.4,95.6,0.0,0.1,0.0
20230324003212,0.3,0.3,0.1,0.8,98.5,0.0,0.0,0.0
20230324003242,0.0,0.1,0.0,0.0,99.8,0.0,0.0,0.0
20230324003312,0.1,0.2,0.0,0.2,99.4,0.0,0.0,0.0
20230324003342,0.2,0.5,0.1,0.7,98.5,0.0,0.0,0.0
20230324003412,1.0,2.4,0.8,1.4,94.4,0.0,0.0,0.0
20230324003442,2.9,0.7,0.2,4.8,91.3,0.0,0.0,0.0
20230324003512,0.7,2.5,0.1,2.7,94.0,0.0,0.0,0.0
20230324003542,0.4,0.9,0.1,4.0,94.6,0.0,0.0,0.0
20230324003612,1.3,3.3,0.0,6.0,89.1,0.0,0.0,0.3
20230324003642,0.5,7.0,0.0,2.4,89.7,0.0,0.0,0.4
20230324003712,0.1,0.1,0.0,0.5,99.4,0.0,0.0,0.0
20230324003742,0.4,0.2,0.0,0.1,99.2,0.0,0.0,0.1
20230324003812,0.5,0.2,0.0,0.0,98.7,0.0,0.0,0.6
20230324003842,0.0,0.1,0.0,0.0,99.9,0.0,0.0,0.0
20230324003912,0.1,0.0,0.0,0.0,99.9,0.0,0.0,0.0
20230324003942,0.1,0.0,0.0,0.0,99.8,0.0,0.0,0.0
20230324004012,0.0,0.0,0.0,0.0,100.0,0.0,0.0,0.0
20230324004043,0.1,0.1,0.0,0.0,99.8,0.0,0.0,0.0
20230324004113,0.0,0.0,0.0,0.0,100.0,0.0,0.0,0.0
20230324004143,0.2,3.3,0.0,0.7,95.7,0.0,0.0,0.0
20230324004213,0.1,30.0,0.3,38.4,30.9,0.0,0.1,0.1
20230324004243,0.1,8.8,0.4,67.1,21.3,0.0,1.0,1.2
20230324004313,0.1,19.7,1.1,60.7,17.5,0.0,0.1,0.8
20230324004343,0.0,4.9,3.7,86.6,4.4,0.0,0.4,0.1
20230324004413,0.0,22.8,12.7,59.7,4.5,0.0,0.2,0.1
20230324004443,0.0,2.3,27.9,67.3,1.5,0.0,0.7,0.3
20230324004513,0.2,10.2,26.5,48.9,11.7,0.0,2.2,0.4
20230324004543,0.0,0.4,2.7,64.6,25.9,0.0,2.9,3.5
20230324004613,0.0,0.5,13.8,43.2,39.5,0.0,0.6,2.3
20230324004643,0.0,1.2,32.2,33.8,32.6,0.0,0.1,0.2
20230324004713,0.0,7.3,4.4,43.3,44.9,0.0,0.0,0.1
20230324004743,0.0,12.7,8.6,68.6,10.1,0.0,0.1,0.0
20230324004813,0.0,1.7,3.0,91.7,3.6,0.0,0.0,0.0
20230324004843,0.0,0.7,7.2,87.8,4.2,0.0,0.0,0.1
20230324004913,0.0,11.7,1.5,63.6,23.1,0.0,0.0,0.1
20230324004943,0.0,13.8,0.6,43.6,42.0,0.0,0.0,0.0
20230324005013,0.0,20.6,2.2,25.3,50.3,0.0,0.1,1.5
20230324005043,0.0,6.7,7.2,25.2,59.9,0.0,0.1,0.9
20230324005113,0.0,0.8,0.6,30.6,67.7,0.0,0.0,0.2
20230324005143,0.1,2.6,0.6,6.9,89.7,0.0,0.0,0.1
20230324005213,0.0,5.3,0.6,1.3,92.7,0.0,0.0,0.0
20230324005243,0.2,1.7,0.0,0.5,97.6,0.0,0.0,0.0
20230324005313,0.5,2.6,0.1,5.1,91.7,0.0,0.0,0.0
20230324005343,0.0,4.2,0.1,23.7,72.0,0.0,0.0,0.0
20230324005413,0.0,6.4,0.2,3.2,90.2,0.0,0.0,0.0
20230324005443,0.0,3.8,0.1,0.2,95.9,0.0,0.0,0.0
20230324005513,0.0,18.2,0.0,0.4,81.3,0.0,0.0,0.0
20230324005543,0.0,0.3,0.0,0.3,99.3,0.0,0.0,0.0
20230324005613,0.1,0.9,0.5,0.9,97.6,0.0,0.0,0.0
