UT,arc,discrete,diffuse,ac,ab,clear,cloudy,dd
20201124133700,0.0,0.0,0.0,0.0,0.0,0.0,0.0,100.0
20201124133730,0.0,0.0,0.0,0.0,0.0,0.0,0.0,100.0
20201124133800,0.0,0.0,0.0,0.0,0.0,0.0,0.0,100.0
20201124133830,0.0,0.0,0.0,0.0,0.0,0.0,0.0,100.0
20201124133900,0.0,0.0,0.0,0.0,0.0,0.0,0.0,100.0
20201124133930,0.0,0.0,0.0,0.0,0.0,0.0,0.0,100.0
20201124134000,0.0,0.0,0.0,0.0,0.0,0.0,0.0,100.0
20201124134030,0.0,0.0,0.0,0.0,0.0,0.0,0.0,100.0
20201124134100,0.0,0.0,0.0,0.0,0.0,0.0,0.0,100.0
20201124134130,0.0,0.0,0.0,0.0,0.0,0.0,0.0,100.0
20201124134200,0.0,0.0,0.0,0.0,0.0,0.0,0.0,100.0
20201124134230,0.0,0.0,0.0,0.0,0.0,0.0,0.0,100.0
20201124134300,0.0,0.0,0.0,0.0,0.0,0.0,0.0,100.0
20201124134330,0.0,0.0,0.0,0.0,0.0,0.0,0.0,100.0
20201124134400,0.0,0.0,0.0,0.0,0.0,0.0,0.0,100.0
20201124134430,0.0,0.0,0.0,0.0,0.0,0.0,0.0,100.0
20201124134500,0.0,0.0,0.0,0.0,0.0,0.0,0.0,100.0
20201124134530,0.0,0.0,0.0,0.0,0.0,0.0,0.0,100.0
20201124134600,0.0,0.0,0.0,0.0,0.0,0.0,0.0,100.0
20201124134630,0.0,0.0,0.0,0.0,0.0,0.0,0.0,100.0
20201124134700,0.0,0.0,0.0,0.0,0.0,0.0,0.0,100.0
20201124134730,0.0,0.0,0.0,0.0,0.0,0.0,0.0,100.0
20201124134800,0.0,0.0,0.0,0.0,0.0,0.0,0.0,100.0
20201124134830,0.0,0.0,0.0,0.0,0.0,0.0,0.0,100.0
20201124134900,0.0,0.0,0.0,0.0,0.0,0.0,0.0,100.0
20201124134930,0.0,0.0,0.0,0.0,0.0,0.0,0.0,100.0
20201124135000,0.0,0.0,0.0,0.0,0.0,0.0,0.0,100.0
20201124135030,0.0,0.0,0.0,0.0,0.0,0.0,0.0,100.0
20201124135100,0.0,0.0,0.0,0.0,0.0,0.0,0.0,100.0
20201124135131,0.0,0.0,0.0,0.0,0.0,0.0,0.0,100.0
20201124135201,0.0,0.0,0.0,0.0,0.0,0.0,0.0,100.0
20201124135231,0.0,0.0,0.0,0.0,0.0,0.0,0.0,100.0
20201124135301,0.0,0.0,0.0,0.0,0.0,0.0,0.0,100.0
20201124135331,0.0,0.0,0.0,0.0,0.0,0.0,0.0,100.0
20201124135401,0.0,0.0,0.0,0.0,0.0,0.0,0.0,100.0
20201124135431,0.0,0.0,0.0,0.0,0.0,0.0,0.0,100.0
20201124135501,0.0,0.0,0.0,0.0,0.0,0.0,0.0,100.0
20201124135531,0.0,0.0,0.0,0.0,0.0,0.0,0.0,100.0
20201124135601,0.0,0.0,0.0,0.0,0.0,0.0,0.0,100.0
20201124135631,0.0,0.0,0.0,0.0,0.0,0.0,0.0,100.0
20201124135701,0.0,0.0,0.0,0.0,0.0,0.0,0.0,100.0
20201124135731,0.0,0.0,0.0,0.0,0.0,0.0,0.0,100.0
20201124135801,0.0,0.0,0.0,0.0,0.0,0.0,0.0,100.0
20201124135831,0.0,0.0,0.0,0.0,0.0,0.0,0.0,100.0
20201124135901,0.0,0.0,0.0,0.0,0.0,0.0,0.0,100.0
20201124135931,0.0,0.0,0.0,0.0,0.0,0.0,0.0,100.0
20201124140001,0.0,0.0,0.0,0.0,0.0,0.0,0.0,100.0
20201124140031,0.0,0.0,0.0,0.0,0.0,0.0,0.0,100.0
20201124140101,0.0,0.0,0.0,0.0,0.0,0.0,0.0,100.0
20201124140131,0.0,0.0,0.0,0.0,0.0,0.0,0.0,100.0
20201124140201,0.0,0.0,0.0,0.0,0.0,0.0,0.0,100.0
20201124140231,0.0,0.0,0.0,0.0,0.0,0.0,0.0,100.0
20201124140301,0.0,0.0,0.0,0.0,0.0,0.0,0.0,100.0
20201124140331,0.0,0.0,0.0,0.0,0.0,0.0,0.0,100.0
20201124140401,0.0,0.0,0.0,0.0,0.0,0.0,0.0,100.0
20201124140431,0.0,0.0,0.0,0.0,0.0,0.0,0.0,100.0
20201124140501,0.0,0.0,0.0,0.0,0.0,0.0,0.0,100.0
20201124140531,0.0,0.0,0.0,0.0,0.0,0.0,0.0,100.0
20201124140601,0.0,0.0,0.0,0.0,0.0,0.0,0.0,100.0
20201124140631,0.0,0.0,0.0,0.0,0.0,0.0,0.0,100.0
20201124140701,0.0,0.0,0.0,0.0,0.0,0.0,0.0,100.0
20201124140731,0.0,0.0,0.0,0.0,0.0,0.0,0.0,100.0
20201124140801,0.0,0.0,0.0,0.0,0.0,0.0,0.0,100.0
20201124140831,0.0,0.0,0.0,0.0,0.0,0.0,0.0,100.0
20201124140901,0.0,0.0,0.0,0.0,0.0,0.0,0.0,100.0
20201124140931,0.0,0.0,0.0,0.0,0.0,0.0,0.0,100.0
20201124141001,0.0,0.0,0.0,0.0,0.0,0.0,0.0,100.0
20201124141031,0.0,0.0,0.0,0.0,0.0,0.0,0.0,100.0
20201124141101,0.0,0.0,0.0,0.0,0.0,0.0,0.0,100.0
20201124141131,0.0,0.0,0.0,0.0,0.0,0.0,0.0,100.0
20201124141201,0.0,0.0,0.0,0.0,0.0,0.0,0.0,100.0
20201124141231,0.0,0.0,0.0,0.0,0.0,0.0,0.0,100.0
20201124141301,0.0,0.0,0.0,0.0,0.0,0.0,0.0,100.0
20201124141331,0.0,0.0,0.0,0.0,0.0,0.0,0.0,100.0
20201124141401,0.0,0.0,0.0,0.0,0.0,0.0,0.0,100.0
20201124141431,0.0,0.0,0.0,0.0,0.0,0.0,0.0,100.0
20201124141501,0.0,0.0,0.0,0.0,0.0,0.0,0.0,100.0
20201124141531,0.0,0.0,0.0,0.0,0.0,0.0,0.0,100.0
20201124141601,0.0,0.0,0.0,0.0,0.0,0.0,0.0,100.0
20201124141631,0.0,0.0,0.0,0.0,0.0,0.0,0.0,100.0
20201124141701,0.0,0.0,0.0,0.0,0.0,0.0,0.0,100.0
20201124141731,0.0,0.0,0.0,0.0,0.0,0.0,0.0,100.0
20201124141801,0.0,0.0,0.0,0.0,0.0,0.0,0.0,100.0
20201124141831,0.0,0.0,0.0,0.0,0.0,0.0,0.0,100.0
20201124141901,0.0,0.0,0.0,0.0,0.0,0.0,0.0,100.0
20201124141931,0.0,0.0,0.0,0.0,0.0,0.0,0.0,100.0
20201124142001,0.0,0.0,0.0,0.0,0.0,0.0,0.0,100.0
20201124142031,0.0,0.0,0.0,0.0,0.0,0.0,0.0,100.0
20201124142101,0.0,0.0,0.0,0.0,0.0,0.0,0.0,100.0
20201124142131,0.0,0.0,0.0,0.0,0.0,0.0,0.0,100.0
20201124142201,0.0,0.0,0.0,0.0,0.0,0.0,0.0,100.0
20201124142231,0.0,0.0,0.0,0.0,0.0,0.0,0.0,100.0
20201124142301,0.0,0.0,0.0,0.0,0.0,0.0,0.0,100.0
20201124142331,0.0,0.0,0.0,0.0,0.0,0.0,0.0,100.0
20201124142401,0.0,0.0,0.0,0.0,0.0,0.0,0.0,100.0
20201124142431,0.0,0.0,0.0,0.0,0.0,0.0,0.0,100.0
20201124142501,0.0,0.0,0.0,0.0,0.0,0.0,0.0,100.0
20201124142532,0.0,0.0,0.0,0.0,0.0,0.0,0.0,100.0
20201124142602,0.0,0.0,0.0,0.0,0.0,0.0,0.0,100.0
20201124142632,0.0,0.0,0.0,0.0,0.0,0.0,0.0,100.0
20201124142702,0.0,0.0,0.0,0.0,0.0,0.0,0.0,100.0
20201124142732,0.0,0.0,0.0,0.0,0.0,0.0,0.0,100.0
20201124142802,0.0,0.0,0.0,0.0,0.0,0.0,0.0,100.0
20201124142832,0.0,0.0,0.0,0.0,0.0,0.0,0.0,100.0
20201124142902,0.0,0.0,0.0,0.0,0.0,0.0,0.0,100.0
20201124142932,0.0,0.0,0.0,0.0,0.0,0.0,0.0,100.0
20201124143002,0.0,0.0,0.0,0.0,0.0,0.0,0.0,100.0
20201124143032,0.0,0.0,0.0,0.0,0.0,0.0,0.0,100.0
20201124143102,0.0,0.0,0.0,0.0,0.0,0.0,0.0,100.0
20201124143132,0.0,0.0,0.0,0.0,0.0,0.0,0.0,100.0
20201124143202,0.0,0.0,0.0,0.0,0.0,0.0,0.0,100.0
20201124143232,0.0,0.0,0.0,0.0,0.0,0.0,0.0,100.0
20201124143302,0.0,0.0,0.0,0.0,0.0,0.0,0.0,100.0
20201124143332,0.0,0.0,0.0,0.0,0.0,0.0,0.0,100.0
20201124143402,0.0,0.0,0.0,0.0,0.0,0.0,0.0,100.0
20201124143432,0.0,0.0,0.0,0.0,0.0,0.0,0.0,100.0
20201124143502,0.0,0.0,0.0,0.0,0.0,0.0,0.0,100.0
20201124143532,0.0,0.0,0.0,0.0,0.0,0.0,0.0,100.0
20201124143602,0.0,0.0,0.0,0.0,0.0,0.0,0.1,99.9
20201124143632,0.0,0.0,0.0,0.0,0.0,0.0,0.0,100.0
20201124143832,0.0,0.0,0.0,0.0,0.0,0.0,0.0,100.0
20201124143902,0.0,0.0,0.0,0.0,0.0,0.0,0.0,100.0
20201124143932,0.0,0.0,0.0,0.0,0.0,0.0,0.0,100.0
20201124144002,0.0,0.0,0.0,0.0,0.0,0.0,0.0,100.0
20201124144032,0.0,0.0,0.0,0.0,0.0,0.0,0.0,100.0
20201124144102,0.0,0.0,0.0,0.0,0.0,0.0,0.0,100.0
20201124144132,0.0,0.0,0.0,0.0,0.0,0.0,0.0,100.0
20201124144202,0.0,0.0,0.0,0.0,0.0,0.0,0.0,100.0
20201124144232,0.0,0.0,0.0,0.0,0.0,0.0,0.0,100.0
20201124144302,0.0,0.0,0.0,0.0,0.0,0.0,0.0,100.0
20201124144332,0.0,0.0,0.0,0.0,0.0,0.0,0.0,100.0
20201124144402,0.0,0.0,0.0,0.0,0.0,0.0,0.0,100.0
20201124144432,0.0,0.0,0.0,0.0,0.0,0.0,0.0,100.0
20201124144502,0.0,0.0,0.0,0.0,0.0,0.0,0.0,100.0
20201124144532,0.0,0.0,0.0,0.0,0.0,0.0,0.0,100.0
20201124144602,0.0,0.0,0.0,0.0,0.0,0.0,0.0,100.0
20201124144632,0.0,0.0,0.0,0.0,0.0,0.0,0.0,100.0
20201124144702,0.0,0.0,0.0,0.0,0.0,0.0,0.0,100.0
20201124144732,0.0,0.0,0.0,0.0,0.0,0.0,0.0,100.0
20201124144802,0.0,0.0,0.0,0.0,0.0,0.0,0.0,100.0
20201124144832,0.0,0.0,0.0,0.0,0.0,0.0,0.0,100.0
20201124144902,0.0,0.0,0.0,0.0,0.0,0.0,0.0,100.0
20201124144932,0.0,0.0,0.0,0.0,0.0,0.0,0.0,100.0
20201124145002,0.0,0.0,0.0,0.0,0.0,0.0,0.0,100.0
20201124145032,0.0,0.0,0.0,0.0,0.0,0.0,0.0,100.0
20201124145102,0.0,0.0,0.0,0.0,0.0,0.0,0.0,100.0
20201124145132,0.0,0.0,0.0,0.0,0.0,0.0,0.0,100.0
20201124145202,0.0,0.0,0.0,0.0,0.1,0.0,0.0,99.9
20201124145232,0.0,0.0,0.0,0.0,0.0,0.0,0.0,100.0
20201124145302,0.0,0.0,0.0,0.0,0.1,0.0,0.0,99.9
20201124145332,0.0,0.0,0.0,0.0,0.0,0.0,0.0,99.9
20201124145402,0.0,0.0,0.0,0.0,0.0,0.0,0.0,99.9
20201124145432,0.0,0.0,0.0,0.0,0.0,0.0,0.0,100.0
20201124145502,0.0,0.0,0.0,0.0,0.0,0.0,0.0,100.0
20201124145532,0.0,0.0,0.0,0.0,0.0,0.0,0.0,100.0
20201124145602,0.0,0.0,0.0,0.0,0.0,0.0,0.0,100.0
20201124145632,0.0,0.0,0.0,0.0,0.0,0.0,0.0,100.0
20201124145702,0.0,0.0,0.0,0.0,0.0,0.0,0.0,100.0
20201124145732,0.0,0.0,0.0,0.0,0.0,0.0,0.0,100.0
20201124145802,0.0,0.0,0.0,0.0,0.0,0.0,0.0,100.0
20201124145832,0.0,0.0,0.0,0.0,0.0,0.0,0.0,100.0
20201124145902,0.0,0.0,0.0,0.0,0.0,0.0,0.0,100.0
20201124145933,0.0,0.0,0.0,0.0,0.0,0.0,0.0,100.0
20201124150003,0.0,0.0,0.0,0.0,0.0,0.0,0.0,100.0
20201124150033,0.0,0.0,0.0,0.0,0.0,0.0,0.0,100.0
20201124150103,0.0,0.0,0.0,0.0,0.0,0.0,0.0,100.0
20201124150133,0.0,0.0,0.0,0.0,0.0,0.0,0.0,100.0
20201124150203,0.0,0.0,0.0,0.0,0.0,0.0,0.0,100.0
20201124150233,0.0,0.0,0.0,0.0,0.0,0.0,0.0,100.0
20201124150303,0.0,0.0,0.0,0.0,0.0,0.0,0.0,100.0
20201124150333,0.0,0.0,0.0,0.0,0.0,0.0,0.0,100.0
20201124150403,0.0,0.0,0.0,0.0,0.0,0.0,0.0,100.0
20201124150433,0.0,0.0,0.0,0.0,0.0,0.0,0.0,100.0
20201124150503,0.0,0.0,0.0,0.0,0.0,0.0,0.0,100.0
20201124150533,0.0,0.0,0.0,0.0,0.0,0.0,0.0,100.0
20201124150603,0.0,0.0,0.0,0.0,0.0,0.0,0.0,100.0
20201124150633,0.0,0.0,0.0,0.0,0.0,0.0,0.0,100.0
20201124150703,0.0,0.0,0.0,0.0,0.0,0.0,0.0,100.0
20201124150733,0.0,0.0,0.0,0.0,0.0,0.0,0.0,100.0
20201124150803,0.0,0.0,0.0,0.0,0.0,0.0,0.0,100.0
20201124150833,0.0,0.0,0.0,0.0,0.0,0.0,0.0,100.0
20201124150903,0.0,0.0,0.0,0.0,0.0,0.0,0.0,100.0
20201124150933,0.0,0.0,0.0,0.0,0.0,0.0,0.0,100.0
20201124151003,0.0,0.0,0.0,0.0,0.0,0.0,0.0,100.0
20201124151033,0.0,0.0,0.0,0.0,0.0,0.0,0.0,100.0
20201124151103,0.0,0.0,0.0,0.0,0.0,0.0,0.0,100.0
20201124151133,0.0,0.0,0.0,0.0,0.0,0.0,0.0,100.0
20201124151203,0.0,0.0,0.0,0.0,0.0,0.0,0.0,100.0
20201124151233,0.0,0.0,0.0,0.0,0.0,0.0,0.0,100.0
20201124151303,0.0,0.0,0.0,0.0,0.0,0.0,0.0,100.0
20201124151333,0.0,0.0,0.0,0.0,0.0,0.0,0.0,100.0
20201124151403,0.0,0.0,0.0,0.0,0.0,0.0,0.0,100.0
20201124151433,0.0,0.0,0.0,0.0,0.0,0.0,0.0,100.0
20201124151503,0.0,0.0,0.0,0.0,0.0,0.0,0.0,100.0
20201124151533,0.0,0.0,0.0,0.0,0.0,0.0,0.0,100.0
20201124151603,0.0,0.0,0.0,0.0,0.0,0.0,0.0,100.0
20201124151633,0.0,0.0,0.0,0.0,0.0,0.0,0.0,100.0
20201124151703,0.0,0.0,0.0,0.0,0.0,0.0,0.0,100.0
20201124151733,0.0,0.0,0.0,0.0,0.0,0.0,0.0,100.0
20201124151803,0.0,0.0,0.0,0.0,0.0,0.0,0.0,100.0
20201124151833,0.0,0.0,0.0,0.0,0.0,0.0,0.0,100.0
20201124151903,0.0,0.0,0.0,0.0,0.0,0.0,0.0,100.0
20201124151933,0.0,0.0,0.0,0.0,0.0,0.0,0.3,99.7
20201124152003,0.0,0.0,0.0,0.0,0.0,0.0,0.1,99.9
20201124152033,0.0,0.0,0.0,0.0,0.0,0.0,0.1,99.9
20201124152103,0.0,0.0,0.0,0.0,0.0,0.0,0.1,99.9
20201124152133,0.0,0.0,0.0,0.0,0.0,0.0,0.3,99.7
20201124152203,0.0,0.0,0.0,0.0,0.0,0.0,0.1,99.9
20201124152233,0.0,0.0,0.0,0.0,0.0,0.0,0.2,99.8
20201124152303,0.0,0.0,0.0,0.0,0.0,0.0,1.0,99.0
20201124152333,0.0,0.0,0.0,0.0,0.0,0.0,0.5,99.5
20201124152403,0.0,0.0,0.0,0.0,0.0,0.0,0.5,99.5
20201124152433,0.0,0.0,0.0,0.0,0.0,0.0,2.1,97.9
20201124152503,0.0,0.0,0.0,0.0,0.0,0.0,9.5,90.5
20201124152533,0.0,0.0,0.0,0.0,0.0,0.0,5.7,94.3
20201124152603,0.0,0.0,0.0,0.0,0.0,0.0,6.7,93.3
20201124152633,0.0,0.0,0.0,0.0,0.0,0.0,19.6,80.4
20201124152704,0.0,0.0,0.0,0.0,0.0,0.0,3.9,96.1
20201124152734,0.0,0.0,0.0,0.0,0.0,0.0,6.7,93.3
20201124152804,0.0,0.0,0.0,0.0,0.0,0.0,33.2,66.7
20201124152834,0.0,0.0,0.0,0.0,0.0,0.0,56.9,43.0
20201124152904,0.0,0.0,0.0,0.0,0.0,0.0,46.3,53.6
20201124152934,0.0,0.0,0.0,0.0,0.0,0.0,35.2,64.8
20201124153004,0.0,0.0,0.0,0.0,0.0,0.0,55.7,44.3
20201124153034,0.0,0.0,0.0,0.0,0.0,0.0,66.5,33.5
20201124153104,0.0,0.0,0.0,0.0,0.0,0.0,86.3,13.7
20201124153134,0.0,0.0,0.0,0.0,0.1,0.0,60.1,39.8
20201124153204,0.0,0.0,0.0,0.0,0.0,0.0,75.8,24.2
20201124153234,0.0,0.0,0.0,0.0,0.0,0.0,75.8,24.2
20201124153304,0.0,0.0,0.0,0.0,0.0,0.0,88.0,12.0
20201124153334,0.0,0.0,0.0,0.0,0.0,0.0,88.9,11.1
20201124153404,0.0,0.0,0.0,0.0,0.0,0.0,76.5,23.4
20201124153434,0.0,0.0,0.0,0.0,0.0,0.0,84.2,15.8
20201124153504,0.0,0.0,0.0,0.0,0.0,0.0,77.9,22.1
20201124153534,0.0,0.0,0.0,0.0,0.0,0.0,75.8,24.2
20201124153604,0.0,0.0,0.0,0.0,0.0,0.0,94.8,5.2
20201124153634,0.0,0.0,0.0,0.0,0.0,0.0,92.2,7.8
20201124153704,0.0,0.0,0.0,0.0,0.0,0.0,79.3,20.7
20201124153734,0.0,0.0,0.0,0.0,0.0,0.0,70.7,29.3
20201124153804,0.0,0.0,0.0,0.0,0.0,0.0,94.4,5.6
20201124153834,0.0,0.0,0.0,0.0,0.0,0.0,86.3,13.7
20201124153904,0.0,0.0,0.0,0.0,0.0,0.0,65.8,34.2
20201124153934,0.0,0.0,0.0,0.0,0.0,0.0,76.4,23.6
20201124154004,0.0,0.0,0.0,0.0,0.0,0.0,65.7,34.3
20201124154034,0.0,0.0,0.0,0.0,0.0,0.0,68.6,31.4
20201124154104,0.0,0.0,0.0,0.0,0.0,0.0,81.7,18.3
20201124154134,0.0,0.0,0.0,0.0,0.0,0.0,44.7,55.3
20201124154204,0.0,0.0,0.0,0.0,0.0,0.0,62.0,37.9
20201124154234,0.0,0.0,0.0,0.0,0.0,0.0,71.5,28.4
20201124154304,0.0,0.0,0.0,0.0,0.0,0.0,65.9,34.1
20201124154334,0.0,0.0,0.0,0.0,0.0,0.0,77.8,22.2
20201124154404,0.0,0.0,0.0,0.0,0.0,0.0,80.2,19.7
20201124154434,0.0,0.0,0.0,0.0,0.0,0.0,79.0,21.0
20201124154504,0.0,0.0,0.0,0.0,0.0,0.0,80.0,20.0
20201124154534,0.0,0.0,0.0,0.0,0.0,0.0,82.8,17.2
20201124154604,0.0,0.0,0.0,0.0,0.0,0.0,82.8,17.2
20201124154634,0.0,0.0,0.0,0.0,0.0,0.0,78.7,21.3
20201124154704,0.0,0.0,0.0,0.0,0.0,0.0,81.8,18.2
20201124154734,0.0,0.0,0.0,0.0,0.0,0.0,72.5,27.4
20201124154804,0.0,0.0,0.0,0.0,0.0,0.0,51.2,48.7
20201124154834,0.0,0.0,0.0,0.0,0.0,0.0,56.9,43.0
20201124154904,0.0,0.0,0.0,0.0,0.0,0.0,88.6,11.4
20201124154934,0.0,0.0,0.0,0.0,0.0,0.0,65.0,35.0
20201124155004,0.0,0.0,0.0,0.0,0.0,0.0,49.8,50.2
20201124155034,0.0,0.0,0.0,0.0,0.0,0.0,77.9,22.1
20201124155104,0.0,0.0,0.0,0.0,0.0,0.0,72.8,27.2
20201124155134,0.0,0.0,0.0,0.0,0.0,0.0,54.2,45.8
20201124155204,0.0,0.0,0.0,0.0,0.0,0.0,79.9,20.1
20201124155234,0.0,0.0,0.0,0.0,0.0,0.0,79.1,20.9
20201124155304,0.0,0.0,0.0,0.0,0.0,0.0,94.7,5.3
20201124155334,0.0,0.0,0.0,0.0,0.3,0.0,89.1,10.5
20201124155404,0.0,0.0,0.0,0.0,0.1,0.0,58.5,41.4
20201124155434,0.0,0.0,0.0,0.0,0.1,0.0,83.9,16.0
20201124155504,0.0,0.0,0.0,0.1,0.2,0.0,91.4,8.3
20201124155534,0.0,0.0,0.0,0.0,0.0,0.0,98.5,1.5
20201124155604,0.0,0.0,0.0,0.0,0.0,0.0,96.8,3.2
20201124155634,0.0,0.0,0.0,0.0,0.0,0.0,94.4,5.6
20201124155704,0.0,0.0,0.0,0.0,0.0,0.0,95.9,4.1
20201124155734,0.0,0.0,0.0,0.0,0.0,0.0,98.9,1.1
20201124155804,0.0,0.0,0.0,0.0,0.0,0.0,99.2,0.8
20201124155834,0.0,0.0,0.0,0.0,0.0,0.0,99.6,0.3
20201124155904,0.0,0.0,0.0,0.0,0.0,0.0,99.8,0.2
20201124155934,0.0,0.0,0.0,0.0,0.0,0.0,99.6,0.4
20201124160004,0.0,0.0,0.0,0.0,0.0,0.0,99.9,0.1
20201124160034,0.0,0.0,0.0,0.0,0.0,0.0,100.0,0.0
20201124160104,0.0,0.0,0.0,0.0,0.0,0.0,100.0,0.0
20201124160135,0.0,0.0,0.0,0.0,0.0,0.0,100.0,0.0
20201124160205,0.0,0.0,0.0,0.0,0.0,0.0,100.0,0.0
20201124160235,0.0,0.0,0.0,0.0,0.0,0.0,100.0,0.0
20201124160305,0.0,0.0,0.0,0.0,0.0,0.0,100.0,0.0
20201124160335,0.0,0.0,0.0,0.0,0.0,0.0,100.0,0.0
20201124160405,0.0,0.0,0.0,0.0,0.0,0.0,100.0,0.0
20201124160435,0.0,0.0,0.0,0.0,0.0,0.0,100.0,0.0
20201124160505,0.0,0.0,0.0,0.0,0.0,0.0,100.0,0.0
20201124160535,0.0,0.0,0.0,0.0,0.0,0.0,100.0,0.0
20201124160605,0.0,0.0,0.0,0.0,0.0,0.0,99.6,0.3
20201124160635,0.0,0.0,0.0,0.1,0.0,0.0,99.6,0.4
20201124160705,0.0,0.0,0.0,0.0,0.0,0.0,99.8,0.1
20201124160735,0.0,0.0,0.0,0.0,0.0,0.0,96.9,3.1
20201124160805,0.0,0.0,0.0,0.0,0.0,0.0,97.8,2.2
20201124160835,0.0,0.0,0.0,0.0,0.0,0.0,97.7,2.3
20201124160905,0.0,0.0,0.0,0.0,0.0,0.0,89.2,10.8
20201124160935,0.0,0.0,0.0,0.0,0.0,0.0,98.0,2.0
20201124161005,0.0,0.0,0.0,0.0,0.0,0.0,97.6,2.4
20201124161035,0.0,0.0,0.0,0.0,0.0,0.0,99.1,0.9
20201124161105,0.0,0.0,0.0,0.0,0.0,0.0,98.2,1.8
20201124161135,0.0,0.0,0.0,0.0,0.0,0.0,99.5,0.5
20201124161205,0.0,0.0,0.0,0.0,0.0,0.0,99.8,0.2
20201124161235,0.0,0.0,0.0,0.0,0.0,0.0,99.7,0.3
20201124161305,0.0,0.0,0.0,0.0,0.0,0.0,99.9,0.1
20201124161335,0.0,0.0,0.0,0.0,0.0,0.0,99.7,0.3
20201124161405,0.0,0.0,0.0,0.0,0.0,0.0,99.2,0.8
20201124161435,0.0,0.0,0.0,0.0,0.0,0.0,99.8,0.2
20201124161505,0.0,0.0,0.0,0.0,0.0,0.0,99.4,0.6
20201124161535,0.0,0.0,0.0,0.0,0.0,0.0,99.8,0.2
20201124161605,0.0,0.0,0.0,0.0,0.0,0.0,99.8,0.2
20201124161635,0.0,0.0,0.0,0.0,0.0,0.0,99.8,0.2
20201124161705,0.0,0.0,0.0,0.0,0.0,0.0,99.8,0.2
20201124161735,0.0,0.0,0.0,0.0,0.0,0.0,99.9,0.1
20201124161805,0.0,0.0,0.0,0.0,0.0,0.0,99.9,0.1
20201124161835,0.0,0.0,0.0,0.0,0.0,0.0,100.0,0.0
20201124161905,0.0,0.0,0.0,0.0,0.0,0.0,100.0,0.0
20201124161935,0.0,0.0,0.0,0.0,0.0,0.0,100.0,0.0
20201124162005,0.0,0.0,0.0,0.0,0.0,0.0,100.0,0.0
20201124162035,0.0,0.0,0.0,0.0,0.0,0.0,100.0,0.0
20201124162105,0.0,0.0,0.0,0.3,0.0,0.0,99.6,0.0
20201124162135,0.0,0.0,0.0,0.8,0.0,0.0,99.1,0.1
20201124162205,0.0,0.0,0.0,0.7,0.0,0.0,99.2,0.0
20201124162235,0.0,0.0,0.0,3.8,0.0,0.0,96.1,0.0
20201124162305,0.0,0.0,0.0,1.0,0.0,0.0,98.9,0.0
20201124162335,0.0,0.0,0.0,1.5,0.0,0.0,98.5,0.0
20201124162405,0.0,0.0,0.0,1.1,0.0,0.0,98.7,0.1
20201124162435,0.0,0.0,0.0,1.0,0.0,0.0,99.0,0.0
20201124162505,0.0,0.0,0.0,0.6,0.0,0.0,99.3,0.1
20201124162535,0.0,0.0,0.0,0.2,0.0,0.0,99.8,0.0
20201124162605,0.0,0.0,0.0,0.4,0.0,0.0,99.6,0.0
20201124162635,0.0,0.0,0.0,0.1,0.0,0.0,99.9,0.0
20201124162705,0.0,0.0,0.0,0.1,0.0,0.0,99.9,0.1
20201124162735,0.0,0.0,0.0,0.0,0.0,0.0,100.0,0.0
20201124162805,0.0,0.0,0.0,0.1,0.0,0.0,99.9,0.1
20201124162835,0.0,0.0,0.0,0.2,0.0,0.0,99.5,0.3
20201124162905,0.0,0.0,0.0,0.0,0.0,0.0,99.9,0.1
20201124162935,0.0,0.0,0.0,0.0,0.0,0.0,99.7,0.2
20201124163005,0.0,0.0,0.0,0.1,0.0,0.0,99.7,0.3
20201124163035,0.0,0.0,0.0,0.0,0.0,0.0,99.8,0.1
20201124163105,0.0,0.0,0.0,0.0,0.0,0.0,99.9,0.1
20201124163135,0.0,0.0,0.0,0.0,0.0,0.0,99.9,0.1
20201124163205,0.0,0.0,0.0,0.1,0.0,0.0,99.9,0.0
20201124163235,0.0,0.0,0.0,0.0,0.0,0.0,99.9,0.1
20201124163305,0.0,0.0,0.0,0.0,0.0,0.0,99.8,0.1
20201124163335,0.0,0.0,0.0,0.4,0.0,0.0,99.4,0.2
20201124163405,0.0,0.0,0.0,0.3,0.0,0.0,99.4,0.3
20201124163435,0.0,0.0,0.0,0.2,0.0,0.0,99.4,0.4
20201124163505,0.0,0.0,0.0,0.2,0.0,0.0,99.7,0.0
20201124163536,0.0,0.0,0.0,0.2,0.0,0.0,99.8,0.1
20201124163606,0.0,0.0,0.0,0.1,0.0,0.0,99.9,0.0
20201124163636,0.0,0.0,0.0,0.0,0.0,0.0,99.9,0.0
20201124163706,0.0,0.0,0.0,0.1,0.0,0.0,99.9,0.0
20201124163736,0.0,0.0,0.0,0.0,0.0,0.0,100.0,0.0
20201124163806,0.0,0.0,0.0,0.0,0.0,0.0,100.0,0.0
20201124163836,0.0,0.0,0.0,0.0,0.0,0.0,100.0,0.0
20201124163906,0.0,0.0,0.0,0.0,0.0,0.0,100.0,0.0
20201124163936,0.0,0.0,0.0,0.0,0.0,0.0,100.0,0.0
20201124164006,0.0,0.0,0.0,0.1,0.0,0.0,99.4,0.5
20201124164036,0.0,0.0,0.0,0.1,0.1,0.6,89.9,9.3
20201124164106,0.0,0.0,0.0,0.1,0.3,0.1,45.4,54.1
20201124164136,0.0,0.0,0.0,0.0,0.1,0.0,36.1,63.8
20201124164206,0.0,0.0,0.0,0.1,0.0,0.0,27.6,72.3
20201124164236,0.0,0.0,0.0,0.0,0.0,0.0,3.6,96.4
20201124164306,0.0,0.0,0.0,0.0,0.0,0.0,6.7,93.3
20201124164336,0.0,0.0,0.0,0.0,0.0,0.0,4.6,95.4
20201124164406,0.0,0.0,0.0,0.0,0.0,0.0,22.2,77.8
20201124164436,0.0,0.0,0.0,0.0,0.0,0.0,4.6,95.4
20201124164506,0.0,0.0,0.0,0.0,0.0,0.0,5.1,94.8
20201124164536,0.0,0.0,0.0,0.0,0.0,0.0,8.6,91.4
20201124164606,0.0,0.0,0.0,0.0,0.0,0.0,0.3,99.7
20201124164636,0.0,0.0,0.0,0.0,0.0,0.0,0.4,99.6
20201124164706,0.0,0.0,0.0,0.0,0.0,0.0,0.3,99.7
20201124164736,0.0,0.0,0.0,0.0,0.0,0.0,0.3,99.7
20201124164806,0.0,0.0,0.0,0.0,0.0,0.0,0.0,100.0
20201124164836,0.0,0.0,0.0,0.0,0.0,0.0,0.2,99.8
20201124164906,0.0,0.0,0.0,0.0,0.0,0.0,0.1,99.9
20201124164936,0.0,0.0,0.0,0.0,0.0,0.0,0.1,99.9
20201124165006,0.0,0.0,0.0,0.0,0.0,0.0,0.0,100.0
20201124165036,0.0,0.0,0.0,0.0,0.0,0.0,0.1,99.9
20201124165106,0.0,0.0,0.0,0.0,0.0,0.0,0.1,99.9
20201124165136,0.0,0.0,0.0,0.0,0.0,0.0,0.0,100.0
20201124165206,0.0,0.0,0.0,0.0,0.0,0.0,0.0,100.0
20201124165236,0.0,0.0,0.0,0.0,0.0,0.0,0.0,100.0
20201124165306,0.0,0.0,0.0,0.0,0.0,0.0,0.0,100.0
20201124165336,0.0,0.0,0.0,0.0,0.0,0.0,0.0,100.0
20201124165406,0.0,0.0,0.0,0.0,0.0,0.0,0.0,100.0
20201124165436,0.0,0.0,0.0,0.0,0.0,0.0,0.0,100.0
20201124165506,0.0,0.0,0.0,0.0,0.0,0.0,0.0,100.0
20201124165536,0.0,0.0,0.0,0.0,0.0,0.0,0.1,99.9
20201124165606,0.0,0.0,0.0,0.0,0.0,0.0,0.0,100.0
20201124165636,0.0,0.0,0.0,0.0,0.0,0.0,0.1,99.9
20201124165706,0.0,0.0,0.0,0.0,0.0,0.0,0.0,100.0
20201124165736,0.0,0.0,0.0,0.0,0.0,0.0,0.0,100.0
20201124165806,0.0,0.0,0.0,0.0,0.0,0.0,0.1,99.9
20201124165836,0.0,0.0,0.0,0.0,0.0,0.0,0.1,99.9
20201124165906,0.0,0.0,0.0,0.0,0.0,0.0,0.0,100.0
20201124165936,0.0,0.0,0.0,0.0,0.0,0.0,0.2,99.8
20201124170006,0.0,0.0,0.0,0.0,0.0,0.0,0.1,99.9
20201124170036,0.0,0.0,0.0,0.0,0.0,0.0,0.1,99.9
20201124170106,0.0,0.0,0.0,0.0,0.0,0.0,0.0,100.0
20201124170136,0.0,0.0,0.0,0.0,0.0,0.0,0.3,99.7
20201124170206,0.0,0.0,0.0,0.0,0.0,0.0,0.9,99.0
20201124170236,0.0,0.0,0.0,0.0,0.0,0.0,3.5,96.5
20201124170307,0.0,0.0,0.0,0.0,0.0,0.0,3.0,96.9
20201124170337,0.0,0.0,0.0,0.0,0.0,0.0,1.9,98.1
20201124170407,0.0,0.0,0.0,0.0,0.0,0.0,4.4,95.6
20201124170437,0.0,0.0,0.0,0.0,0.0,0.0,3.5,96.5
20201124170507,0.0,0.0,0.0,0.0,0.0,0.0,4.0,96.0
20201124170537,0.0,0.0,0.0,0.0,0.0,0.0,9.5,90.5
20201124170607,0.0,0.0,0.0,0.0,0.0,0.0,4.8,95.2
20201124170637,0.0,0.0,0.0,0.0,0.0,0.0,5.0,95.0
20201124170707,0.0,0.0,0.0,0.0,0.0,0.0,1.5,98.5
20201124170737,0.0,0.0,0.0,0.0,0.0,0.0,6.2,93.7
20201124170807,0.0,0.0,0.0,0.0,0.0,0.0,0.4,99.6
20201124170837,0.0,0.0,0.0,0.0,0.0,0.0,2.4,97.6
20201124170907,0.0,0.0,0.0,0.0,0.0,0.0,1.4,98.6
20201124170937,0.0,0.0,0.0,0.0,0.0,0.0,15.5,84.5
20201124171007,0.0,0.0,0.0,0.0,0.0,0.0,10.5,89.4
20201124171037,0.0,0.0,0.0,0.0,0.0,0.0,24.5,75.5
20201124171107,0.0,0.0,0.0,0.0,0.0,0.0,28.3,71.6
20201124171137,0.0,0.0,0.0,0.0,0.0,0.0,65.1,34.8
20201124171207,0.0,0.0,0.0,0.0,0.0,0.0,36.2,63.7
20201124171237,0.0,0.0,0.0,0.0,0.0,0.0,24.3,75.7
20201124171307,0.0,0.0,0.0,0.0,0.0,0.0,21.6,78.3
20201124171337,0.0,0.0,0.0,0.0,0.0,0.0,15.3,84.7
20201124171407,0.0,0.0,0.0,0.0,0.0,0.0,23.9,76.1
20201124171437,0.0,0.0,0.0,0.0,0.0,0.0,17.6,82.4
20201124171507,0.0,0.0,0.0,0.0,0.0,0.0,11.5,88.5
20201124171537,0.0,0.0,0.0,0.0,0.0,0.0,8.1,91.9
20201124171607,0.0,0.0,0.0,0.0,0.0,0.0,10.4,89.6
20201124171637,0.0,0.0,0.0,0.0,0.0,0.0,5.9,94.0
20201124171707,0.0,0.0,0.0,0.0,0.0,0.0,6.2,93.8
20201124171737,0.0,0.0,0.0,0.0,0.1,0.0,38.0,61.9
20201124171807,0.0,0.0,0.0,0.0,0.0,0.0,11.7,88.3
20201124171837,0.0,0.0,0.0,0.0,0.0,0.0,31.5,68.4
20201124171907,0.0,0.0,0.0,0.0,0.0,0.0,64.5,35.5
20201124171937,0.0,0.0,0.0,0.0,0.1,0.0,42.4,57.5
20201124172007,0.0,0.0,0.0,0.0,0.0,0.0,76.4,23.5
20201124172037,0.0,0.0,0.0,0.0,0.1,0.0,64.1,35.7
20201124172107,0.0,0.0,0.0,0.0,0.0,0.0,51.4,48.5
20201124172137,0.0,0.0,0.0,0.0,0.0,0.0,17.4,82.6
20201124172207,0.0,0.0,0.0,0.0,0.0,0.0,33.6,66.4
20201124172237,0.0,0.0,0.0,0.0,0.0,0.0,11.3,88.6
20201124172307,0.0,0.0,0.0,0.0,0.0,0.0,5.9,94.1
20201124172337,0.0,0.0,0.0,0.0,0.0,0.0,0.5,99.5
20201124172407,0.0,0.0,0.0,0.0,0.0,0.0,1.2,98.8
20201124172437,0.0,0.0,0.0,0.0,0.0,0.0,0.1,99.9
20201124172507,0.0,0.0,0.0,0.0,0.0,0.0,0.3,99.7
20201124172537,0.0,0.0,0.0,0.0,0.0,0.0,0.1,99.9
20201124172607,0.0,0.0,0.0,0.0,0.0,0.0,0.1,99.9
20201124172637,0.0,0.0,0.0,0.0,0.0,0.0,0.1,99.9
20201124172707,0.0,0.0,0.0,0.0,0.0,0.0,0.5,99.5
20201124172737,0.0,0.0,0.0,0.0,0.0,0.0,0.0,100.0
20201124172807,0.0,0.0,0.0,0.0,0.0,0.0,1.1,98.9
20201124172837,0.0,0.0,0.0,0.0,0.0,0.0,0.2,99.8
20201124172907,0.0,0.0,0.0,0.0,0.0,0.0,0.1,99.9
20201124172937,0.0,0.0,0.0,0.0,0.0,0.0,0.2,99.8
20201124173007,0.0,0.0,0.0,0.0,0.0,0.0,0.1,99.9
20201124173037,0.0,0.0,0.0,0.0,0.0,0.0,0.4,99.6
20201124173107,0.0,0.0,0.0,0.0,0.0,0.0,0.3,99.7
20201124173137,0.0,0.0,0.0,0.0,0.0,0.0,1.6,98.4
20201124173207,0.0,0.0,0.0,0.0,0.0,0.0,2.0,98.0
20201124173237,0.0,0.0,0.0,0.0,0.0,0.0,0.7,99.3
20201124173307,0.0,0.0,0.0,0.0,0.0,0.0,0.2,99.8
20201124173337,0.0,0.0,0.0,0.0,0.0,0.0,0.2,99.8
20201124173407,0.0,0.0,0.0,0.0,0.0,0.0,0.7,99.3
20201124173437,0.0,0.0,0.0,0.0,0.0,0.0,0.9,99.1
20201124173507,0.0,0.0,0.0,0.0,0.0,0.0,0.9,99.1
20201124173537,0.0,0.0,0.0,0.0,0.0,0.0,1.1,98.9
20201124173607,0.0,0.0,0.0,0.0,0.0,0.0,6.5,93.5
20201124173637,0.0,0.0,0.0,0.0,0.0,0.0,8.3,91.7
20201124173708,0.0,0.0,0.0,0.0,0.0,0.0,3.4,96.6
20201124173738,0.0,0.0,0.0,0.0,0.0,0.0,3.6,96.4
20201124173808,0.0,0.0,0.0,0.0,0.0,0.0,11.0,89.0
20201124173838,0.0,0.0,0.0,0.0,0.0,0.0,2.4,97.6
20201124173908,0.0,0.0,0.0,0.0,0.0,0.0,2.2,97.8
20201124173938,0.0,0.0,0.0,0.0,0.0,0.0,5.8,94.2
20201124174008,0.0,0.0,0.0,0.0,0.0,0.0,11.7,88.3
20201124174038,0.0,0.0,0.0,0.0,0.0,0.0,3.9,96.1
20201124174108,0.0,0.0,0.0,0.0,0.0,0.0,40.2,59.8
20201124174138,0.0,0.0,0.0,0.0,0.0,0.0,6.2,93.8
20201124174208,0.0,0.0,0.0,0.0,0.0,0.0,1.8,98.2
20201124174238,0.0,0.0,0.0,0.0,0.0,0.0,2.6,97.4
20201124174308,0.0,0.0,0.0,0.0,0.0,0.0,34.9,65.1
20201124174338,0.0,0.0,0.0,0.0,0.0,0.0,4.0,96.0
20201124174408,0.0,0.0,0.0,0.0,0.0,0.0,10.6,89.4
20201124174438,0.0,0.0,0.0,0.0,0.0,0.0,3.1,96.9
20201124174508,0.0,0.0,0.0,0.0,0.0,0.0,45.3,54.7
20201124174538,0.0,0.0,0.0,0.0,0.0,0.0,35.0,65.0
20201124174608,0.0,0.0,0.0,0.0,0.0,0.0,33.0,67.0
20201124174638,0.0,0.0,0.0,0.0,0.0,0.0,55.5,44.5
20201124174708,0.0,0.0,0.0,0.0,0.0,0.0,49.3,50.7
20201124174738,0.0,0.0,0.0,0.0,0.0,0.0,40.3,59.7
20201124174808,0.0,0.0,0.0,0.0,0.0,0.0,9.3,90.7
20201124174838,0.0,0.0,0.0,0.0,0.0,0.0,89.8,10.2
20201124174908,0.0,0.0,0.0,0.0,0.0,0.0,82.5,17.5
20201124174938,0.0,0.0,0.0,0.0,0.0,0.0,83.5,16.5
20201124175008,0.0,0.0,0.0,0.0,0.0,0.0,62.9,37.1
20201124175038,0.0,0.0,0.0,0.0,0.0,0.0,5.3,94.7
20201124175108,0.0,0.0,0.0,0.0,0.0,0.0,2.3,97.7
20201124175138,0.0,0.0,0.0,0.0,0.0,0.0,50.9,49.1
20201124175208,0.0,0.0,0.0,0.0,0.0,0.0,32.3,67.7
20201124175238,0.0,0.0,0.0,0.0,0.0,0.0,0.5,99.5
20201124175308,0.0,0.0,0.0,0.0,0.0,0.0,3.6,96.4
20201124175338,0.0,0.0,0.0,0.0,0.0,0.0,0.6,99.4
20201124175408,0.0,0.0,0.0,0.0,0.0,0.0,5.9,94.1
20201124175438,0.0,0.0,0.0,0.0,0.0,0.0,1.1,98.9
20201124175508,0.0,0.0,0.0,0.0,0.0,0.0,3.5,96.5
20201124175538,0.0,0.0,0.0,0.0,0.0,0.0,9.2,90.8
20201124175608,0.0,0.0,0.0,0.0,0.0,0.0,8.6,91.4
20201124175638,0.0,0.0,0.0,0.0,0.0,0.0,44.9,55.1
20201124175708,0.0,0.0,0.0,0.0,0.0,0.0,7.6,92.4
20201124175738,0.0,0.0,0.0,0.0,0.0,0.0,18.5,81.5
20201124175808,0.0,0.0,0.0,0.0,0.0,0.0,3.0,97.0
20201124175838,0.0,0.0,0.0,0.0,0.0,0.0,18.2,81.8
20201124175908,0.0,0.0,0.0,0.0,0.0,0.0,9.0,91.0
20201124175938,0.0,0.0,0.0,0.0,0.0,0.0,0.2,99.8
20201124180008,0.0,0.0,0.0,0.0,0.0,0.0,0.1,99.9
20201124180038,0.0,0.0,0.0,0.0,0.0,0.0,5.1,94.9
20201124180108,0.0,0.0,0.0,0.0,0.0,0.0,0.3,99.7
20201124180138,0.0,0.0,0.0,0.0,0.0,0.0,2.3,97.7
20201124180208,0.0,0.0,0.0,0.0,0.0,0.0,0.2,99.8
20201124180238,0.0,0.0,0.0,0.0,0.0,0.0,0.1,99.9
20201124180308,0.0,0.0,0.0,0.0,0.0,0.0,0.1,99.9
20201124180338,0.0,0.0,0.0,0.0,0.0,0.0,0.2,99.8
20201124180408,0.0,0.0,0.0,0.0,0.0,0.0,0.2,99.8
20201124180438,0.0,0.0,0.0,0.0,0.0,0.0,0.1,99.9
20201124180508,0.0,0.0,0.0,0.0,0.0,0.0,0.0,100.0
20201124180538,0.0,0.0,0.0,0.0,0.0,0.0,0.0,100.0
20201124180608,0.0,0.0,0.0,0.0,0.0,0.0,0.0,100.0
20201124180638,0.0,0.0,0.0,0.0,0.0,0.0,0.0,100.0
20201124180708,0.0,0.0,0.0,0.0,0.0,0.0,0.0,100.0
20201124180738,0.0,0.0,0.0,0.0,0.0,0.0,0.0,100.0
20201124180808,0.0,0.0,0.0,0.0,0.0,0.0,0.0,100.0
20201124180838,0.0,0.0,0.0,0.0,0.0,0.0,0.1,99.9
20201124180908,0.0,0.0,0.0,0.0,0.0,0.0,0.0,100.0
20201124180938,0.0,0.0,0.0,0.0,0.0,0.0,0.0,100.0
20201124181008,0.0,0.0,0.0,0.0,0.0,0.0,0.1,99.9
20201124181038,0.0,0.0,0.0,0.0,0.0,0.0,0.0,100.0
20201124181109,0.0,0.0,0.0,0.0,0.0,0.0,0.1,99.9
20201124181139,0.0,0.0,0.0,0.0,0.0,0.0,0.1,99.9
20201124181209,0.0,0.0,0.0,0.0,0.0,0.0,0.0,100.0
20201124181239,0.0,0.0,0.0,0.0,0.0,0.0,0.1,99.9
20201124181309,0.0,0.0,0.0,0.0,0.0,0.0,0.1,99.9
20201124181339,0.0,0.0,0.0,0.0,0.0,0.0,0.0,100.0
20201124181409,0.0,0.0,0.0,0.0,0.0,0.0,0.1,99.9
20201124181439,0.0,0.0,0.0,0.0,0.0,0.0,0.0,100.0
20201124181509,0.0,0.0,0.0,0.0,0.0,0.0,0.1,99.9
20201124181539,0.0,0.0,0.0,0.0,0.0,0.0,0.1,99.9
20201124181609,0.0,0.0,0.0,0.0,0.0,0.0,0.0,100.0
20201124181639,0.0,0.0,0.0,0.0,0.0,0.0,0.2,99.8
20201124181709,0.0,0.0,0.0,0.0,0.0,0.0,0.5,99.5
20201124181739,0.0,0.0,0.0,0.0,0.0,0.0,0.2,99.8
20201124181809,0.0,0.0,0.0,0.0,0.0,0.0,0.1,99.9
20201124181839,0.0,0.0,0.0,0.0,0.0,0.0,0.1,99.9
20201124181909,0.0,0.0,0.0,0.0,0.0,0.0,0.0,100.0
20201124181939,0.0,0.0,0.0,0.0,0.0,0.0,0.2,99.8
20201124182009,0.0,0.0,0.0,0.0,0.0,0.0,1.5,98.5
20201124182039,0.0,0.0,0.0,0.0,0.0,0.0,1.8,98.2
20201124182109,0.0,0.0,0.0,0.0,0.0,0.0,6.3,93.7
20201124182139,0.0,0.0,0.0,0.0,0.0,0.0,1.3,98.7
20201124182209,0.0,0.0,0.0,0.0,0.0,0.0,4.7,95.3
20201124182239,0.0,0.0,0.0,0.0,0.0,0.0,13.3,86.7
20201124182309,0.0,0.0,0.0,0.0,0.0,0.0,28.9,71.1
20201124182339,0.0,0.0,0.0,0.0,0.0,0.0,22.1,77.9
20201124182409,0.0,0.0,0.0,0.0,0.0,0.0,15.1,84.9
20201124182439,0.0,0.0,0.0,0.0,0.0,0.0,15.3,84.7
20201124182509,0.0,0.0,0.0,0.0,0.0,0.0,31.3,68.7
20201124182539,0.0,0.0,0.0,0.0,0.0,0.0,10.6,89.4
20201124182609,0.0,0.0,0.0,0.0,0.0,0.0,20.1,79.9
20201124182639,0.0,0.0,0.0,0.0,0.0,0.0,23.4,76.6
20201124182709,0.0,0.0,0.0,0.0,0.0,0.0,15.6,84.4
20201124182739,0.0,0.0,0.0,0.0,0.0,0.0,19.1,80.9
20201124182809,0.0,0.0,0.0,0.0,0.0,0.0,38.0,62.0
20201124182839,0.0,0.0,0.0,0.0,0.0,0.0,9.9,90.1
20201124182909,0.0,0.0,0.0,0.0,0.0,0.0,9.0,91.0
20201124182939,0.0,0.0,0.0,0.0,0.0,0.0,24.9,75.1
20201124183009,0.0,0.0,0.0,0.0,0.0,0.0,71.1,28.9
20201124183039,0.0,0.0,0.0,0.0,0.0,0.0,27.1,72.9
20201124183109,0.0,0.0,0.0,0.0,0.0,0.0,59.2,40.8
20201124183139,0.0,0.0,0.0,0.0,0.0,0.0,37.1,62.9
20201124183209,0.0,0.0,0.0,0.0,0.0,0.0,39.9,60.1
20201124183239,0.0,0.0,0.0,0.0,0.0,0.0,17.6,82.4
20201124183309,0.0,0.0,0.0,0.0,0.0,0.0,13.5,86.5
20201124183339,0.0,0.0,0.0,0.0,0.0,0.0,45.3,54.7
20201124183409,0.0,0.0,0.0,0.0,0.0,0.0,28.0,72.0
20201124183439,0.0,0.0,0.0,0.0,0.0,0.0,35.0,65.0
20201124183509,0.0,0.0,0.0,0.0,0.0,0.0,6.9,93.1
20201124183539,0.0,0.0,0.0,0.0,0.0,0.0,19.9,80.1
20201124183609,0.0,0.0,0.0,0.0,0.0,0.0,24.2,75.8
20201124183639,0.0,0.0,0.0,0.0,0.0,0.0,14.6,85.4
20201124183709,0.0,0.0,0.0,0.0,0.0,0.0,24.9,75.1
20201124183739,0.0,0.0,0.0,0.0,0.0,0.0,16.7,83.3
20201124183809,0.0,0.0,0.0,0.0,0.0,0.0,3.6,96.4
20201124183840,0.0,0.0,0.0,0.0,0.0,0.0,84.4,15.6
20201124183910,0.0,0.0,0.0,0.0,0.0,0.0,3.8,96.2
20201124183940,0.0,0.0,0.0,0.0,0.1,0.0,31.0,68.9
20201124184010,0.0,0.0,0.0,0.0,0.0,0.0,100.0,0.0
20201124184040,0.0,0.0,0.0,0.1,0.0,0.0,99.9,0.0
20201124184110,0.0,0.0,0.0,0.1,0.0,0.0,99.9,0.0
20201124184140,0.0,0.0,0.0,0.0,0.0,0.0,100.0,0.0
20201124184210,0.0,0.0,0.0,0.0,0.0,0.0,100.0,0.0
20201124184240,0.0,0.0,0.0,0.1,0.0,0.0,99.9,0.0
20201124184310,0.0,0.0,0.0,0.0,0.0,0.0,100.0,0.0
20201124184340,0.0,0.0,0.0,0.0,0.0,0.0,100.0,0.0
20201124184410,0.0,0.0,0.0,0.0,0.0,0.0,100.0,0.0
20201124184440,0.0,0.0,0.0,0.0,0.0,0.0,100.0,0.0
20201124184510,0.0,0.0,0.0,0.0,0.0,0.0,100.0,0.0
20201124184540,0.0,0.0,0.0,0.0,0.0,0.0,100.0,0.0
20201124184610,0.0,0.0,0.0,0.0,0.0,0.0,100.0,0.0
20201124184640,0.0,0.0,0.0,0.0,0.0,0.0,100.0,0.0
20201124184710,0.0,0.0,0.0,0.1,0.0,0.0,99.9,0.0
20201124184740,0.0,0.0,0.0,0.0,0.0,0.0,99.9,0.0
20201124184810,0.0,0.0,0.0,0.0,0.0,0.0,100.0,0.0
20201124184840,0.0,0.0,0.0,0.0,0.0,0.0,100.0,0.0
20201124184910,0.0,0.0,0.0,0.0,0.0,0.0,100.0,0.0
20201124184940,0.0,0.0,0.0,0.0,0.0,0.0,100.0,0.0
20201124185010,0.0,0.0,0.0,0.0,0.0,0.0,100.0,0.0
20201124185040,0.0,0.0,0.0,0.0,0.0,0.0,100.0,0.0
20201124185110,0.0,0.0,0.0,0.0,0.0,0.0,100.0,0.0
20201124185140,0.0,0.0,0.0,0.0,0.0,0.0,100.0,0.0
20201124185210,0.0,0.0,0.0,0.0,0.0,0.0,100.0,0.0
20201124185240,0.0,0.0,0.0,0.0,0.0,0.0,100.0,0.0
20201124185310,0.0,0.0,0.0,0.0,0.0,0.0,100.0,0.0
20201124185340,0.0,0.0,0.0,0.0,0.0,0.0,100.0,0.0
20201124185410,0.0,0.0,0.0,0.0,0.0,0.0,100.0,0.0
20201124185440,0.0,0.0,0.0,0.0,0.0,0.0,100.0,0.0
20201124185510,0.0,0.0,0.0,0.0,0.0,0.0,100.0,0.0
20201124185540,0.0,0.0,0.0,0.0,0.0,0.0,100.0,0.0
20201124185610,0.0,0.0,0.0,0.1,0.0,0.0,99.9,0.0
20201124185640,0.0,0.0,0.0,0.0,0.0,0.0,100.0,0.0
20201124185710,0.0,0.0,0.0,0.0,0.0,0.0,100.0,0.0
20201124185740,0.0,0.0,0.0,0.0,0.0,0.0,100.0,0.0
20201124185810,0.0,0.0,0.0,0.0,0.0,0.0,100.0,0.0
20201124185840,0.0,0.0,0.0,0.0,0.0,0.0,100.0,0.0
20201124185910,0.0,0.0,0.0,0.0,0.0,0.0,100.0,0.0
20201124185940,0.0,0.0,0.0,0.0,0.0,0.0,100.0,0.0
20201124190010,0.0,0.0,0.0,0.0,0.0,0.0,100.0,0.0
20201124190040,0.0,0.0,0.0,0.0,0.0,0.0,100.0,0.0
20201124190110,0.0,0.0,0.0,0.0,0.0,0.0,100.0,0.0
20201124190140,0.0,0.0,0.0,0.0,0.0,0.0,100.0,0.0
20201124190210,0.0,0.0,0.0,0.0,0.0,0.0,100.0,0.0
20201124190240,0.0,0.0,0.0,0.0,0.0,0.0,100.0,0.0
20201124190310,0.0,0.0,0.0,0.0,0.0,0.0,100.0,0.0
20201124190340,0.0,0.0,0.0,0.0,0.0,0.0,100.0,0.0
20201124190410,0.0,0.0,0.0,0.0,0.0,0.0,100.0,0.0
20201124190440,0.0,0.0,0.0,0.0,0.0,0.0,100.0,0.0
20201124190510,0.0,0.0,0.0,0.0,0.0,0.0,100.0,0.0
20201124190540,0.0,0.0,0.0,0.0,0.0,0.0,100.0,0.0
20201124190610,0.0,0.0,0.0,0.0,0.0,0.0,100.0,0.0
20201124190640,0.0,0.0,0.0,0.0,0.0,0.0,100.0,0.0
20201124190710,0.0,0.0,0.0,0.0,0.0,0.0,100.0,0.0
20201124190740,0.0,0.0,0.0,0.0,0.0,0.0,100.0,0.0
20201124190810,0.0,0.0,0.0,0.0,0.0,0.0,100.0,0.0
20201124190840,0.0,0.0,0.0,0.0,0.0,0.0,100.0,0.0
20201124190910,0.0,0.0,0.0,0.0,0.0,0.0,100.0,0.0
20201124190940,0.0,0.0,0.0,0.0,0.0,0.0,100.0,0.0
20201124191010,0.0,0.0,0.0,0.0,0.0,0.0,100.0,0.0
20201124191040,0.0,0.0,0.0,0.0,0.0,0.0,100.0,0.0
20201124191110,0.0,0.0,0.0,0.0,0.0,0.0,100.0,0.0
20201124191140,0.0,0.0,0.0,0.0,0.0,0.0,100.0,0.0
20201124191210,0.0,0.0,0.0,0.0,0.0,0.0,100.0,0.0
20201124191240,0.0,0.0,0.0,0.0,0.0,0.0,99.9,0.0
20201124191311,0.0,0.0,0.0,0.0,0.0,0.0,97.6,2.3
20201124191341,0.0,0.0,0.0,0.0,0.1,0.1,68.5,31.4
20201124191411,0.0,0.0,0.0,0.0,0.0,0.0,10.9,89.1
20201124191441,0.0,0.0,0.0,0.0,0.0,0.0,11.0,89.0
20201124191511,0.0,0.0,0.0,0.0,0.0,0.0,1.6,98.4
20201124191541,0.0,0.0,0.0,0.0,0.0,0.0,0.2,99.8
20201124191611,0.0,0.0,0.0,0.0,0.0,0.0,4.1,95.9
20201124191641,0.0,0.0,0.0,0.0,0.0,0.0,0.2,99.8
20201124191711,0.0,0.0,0.0,0.0,0.0,0.0,0.1,99.9
20201124191741,0.0,0.0,0.0,0.0,0.0,0.0,0.0,100.0
20201124191811,0.0,0.0,0.0,0.0,0.0,0.0,0.2,99.8
20201124191841,0.0,0.0,0.0,0.0,0.0,0.0,0.1,99.9
20201124191911,0.0,0.0,0.0,0.0,0.0,0.0,0.0,100.0
20201124191941,0.0,0.0,0.0,0.0,0.0,0.0,0.0,100.0
20201124192011,0.0,0.0,0.0,0.0,0.0,0.0,0.1,99.9
20201124192041,0.0,0.0,0.0,0.0,0.0,0.0,0.0,99.9
20201124192111,0.0,0.0,0.0,0.0,0.0,0.0,0.0,100.0
20201124192141,0.0,0.0,0.0,0.0,0.0,0.0,0.1,99.9
20201124192211,0.0,0.0,0.0,0.0,0.0,0.0,0.0,100.0
20201124192241,0.0,0.0,0.0,0.0,0.0,0.0,0.1,99.9
20201124192311,0.0,0.0,0.0,0.0,0.0,0.0,0.0,100.0
20201124192341,0.0,0.0,0.0,0.0,0.0,0.0,0.0,100.0
20201124192411,0.0,0.0,0.0,0.0,0.0,0.0,0.0,100.0
20201124192441,0.0,0.0,0.0,0.0,0.0,0.0,0.0,100.0
20201124192511,0.0,0.0,0.0,0.0,0.0,0.0,0.0,100.0
20201124192541,0.0,0.0,0.0,0.0,0.0,0.0,0.1,99.9
20201124192611,0.0,0.0,0.0,0.0,0.0,0.0,0.2,99.8
20201124192641,0.0,0.0,0.0,0.0,0.0,0.0,0.1,99.9
20201124192711,0.0,0.0,0.0,0.0,0.0,0.0,0.1,99.9
20201124192741,0.0,0.0,0.0,0.0,0.0,0.0,0.1,99.9
20201124192811,0.0,0.0,0.0,0.0,0.0,0.0,1.0,99.0
20201124192841,0.0,0.0,0.0,0.0,0.0,0.0,0.3,99.7
20201124192911,0.0,0.0,0.0,0.0,0.0,0.0,0.9,99.1
20201124192941,0.0,0.0,0.0,0.0,0.0,0.0,0.4,99.6
20201124193011,0.0,0.0,0.0,0.0,0.0,0.0,0.3,99.7
20201124193041,0.0,0.0,0.0,0.0,0.0,0.0,3.0,97.0
20201124193111,0.0,0.0,0.0,0.0,0.0,0.0,1.6,98.4
20201124193141,0.0,0.0,0.0,0.0,0.0,0.0,0.5,99.5
20201124193211,0.0,0.0,0.0,0.0,0.0,0.0,4.6,95.4
20201124193241,0.0,0.0,0.0,0.0,0.0,0.0,3.6,96.4
20201124193311,0.0,0.0,0.0,0.0,0.0,0.0,8.8,91.2
20201124193341,0.0,0.0,0.0,0.0,0.0,0.0,4.3,95.7
20201124193411,0.0,0.0,0.0,0.0,0.0,0.0,28.4,71.5
20201124193441,0.0,0.0,0.0,0.0,0.0,0.0,18.3,81.7
20201124193511,0.0,0.0,0.0,0.0,0.0,0.0,11.6,88.4
20201124193541,0.0,0.0,0.0,0.0,0.0,0.0,32.7,67.3
20201124193611,0.0,0.0,0.0,0.0,0.0,0.0,8.5,91.5
20201124193641,0.0,0.0,0.0,0.0,0.0,0.0,5.3,94.7
20201124193711,0.0,0.0,0.0,0.0,0.0,0.0,37.9,62.1
20201124193741,0.0,0.0,0.0,0.0,0.0,0.0,7.3,92.7
20201124193811,0.0,0.0,0.0,0.0,0.0,0.0,32.3,67.7
20201124193841,0.0,0.0,0.0,0.0,0.0,0.0,13.5,86.4
20201124193911,0.0,0.0,0.0,0.0,0.0,0.0,64.5,35.5
20201124193941,0.0,0.0,0.0,0.0,0.0,0.0,11.8,88.2
20201124194011,0.0,0.0,0.0,0.0,0.0,0.0,81.2,18.8
20201124194041,0.0,0.0,0.0,0.0,0.0,0.0,27.0,73.0
20201124194111,0.0,0.0,0.0,0.0,0.0,0.0,40.7,59.3
20201124194141,0.0,0.0,0.0,0.0,0.0,0.0,65.4,34.6
20201124194211,0.0,0.0,0.0,0.0,0.0,0.0,30.1,69.8
20201124194241,0.0,0.0,0.0,0.0,0.0,0.0,43.7,56.3
20201124194311,0.0,0.0,0.0,0.0,0.0,0.0,84.0,16.0
20201124194341,0.0,0.0,0.0,0.0,0.0,0.0,95.0,5.0
20201124194411,0.0,0.0,0.0,0.0,0.0,0.0,91.1,8.9
20201124194441,0.0,0.0,0.0,0.0,0.0,0.0,97.7,2.3
20201124194511,0.0,0.0,0.0,0.0,0.0,0.0,97.1,2.9
20201124194541,0.0,0.0,0.0,0.0,0.0,0.0,87.5,12.5
20201124194611,0.0,0.0,0.0,0.0,0.0,0.0,51.8,48.2
20201124194641,0.0,0.0,0.0,0.0,0.0,0.0,91.8,8.2
20201124194711,0.0,0.0,0.0,0.0,0.0,0.0,90.8,9.2
20201124194742,0.0,0.0,0.0,0.0,0.0,0.0,97.7,2.3
20201124194812,0.0,0.0,0.0,0.0,0.0,0.0,93.7,6.3
20201124194842,0.0,0.0,0.0,0.0,0.0,0.0,93.6,6.4
20201124194912,0.0,0.0,0.0,0.0,0.0,0.0,98.8,1.2
20201124194942,0.0,0.0,0.0,0.0,0.0,0.0,95.6,4.4
20201124195012,0.0,0.0,0.0,0.0,0.0,0.0,92.5,7.5
20201124195042,0.0,0.0,0.0,0.0,0.0,0.0,99.2,0.8
20201124195112,0.0,0.0,0.0,0.0,0.0,0.0,93.6,6.4
20201124195142,0.0,0.0,0.0,0.0,0.0,0.0,96.7,3.2
20201124195212,0.0,0.0,0.0,0.0,0.0,0.0,99.6,0.4
20201124195242,0.0,0.0,0.0,0.0,0.0,0.0,97.6,2.4
20201124195312,0.0,0.0,0.0,0.0,0.0,0.0,94.2,5.8
20201124195342,0.0,0.0,0.0,0.0,0.0,0.0,93.1,6.9
20201124195412,0.0,0.0,0.0,0.0,0.0,0.0,79.2,20.8
20201124195442,0.0,0.0,0.0,0.0,0.0,0.0,89.1,10.9
20201124195512,0.0,0.0,0.0,0.0,0.0,0.0,63.1,36.9
20201124195542,0.0,0.0,0.0,0.0,0.0,0.0,82.6,17.4
20201124195612,0.0,0.0,0.0,0.0,0.0,0.0,93.0,7.0
20201124195642,0.0,0.0,0.0,0.0,0.0,0.0,96.5,3.4
20201124195712,0.0,0.0,0.0,0.0,0.0,0.0,63.8,36.2
20201124195742,0.0,0.0,0.0,0.0,0.0,0.0,92.4,7.6
20201124195812,0.0,0.0,0.0,0.0,0.0,0.0,97.6,2.4
20201124195842,0.0,0.0,0.0,0.0,0.0,0.0,97.4,2.6
20201124195912,0.0,0.0,0.0,0.0,0.0,0.0,58.5,41.5
20201124195942,0.0,0.0,0.0,0.0,0.0,0.0,44.0,56.0
20201124200012,0.0,0.0,0.0,0.0,0.0,0.0,40.2,59.8
20201124200042,0.0,0.0,0.0,0.0,0.0,0.0,76.9,23.1
20201124200112,0.0,0.0,0.0,0.0,0.0,0.0,92.7,7.3
20201124200142,0.0,0.0,0.0,0.0,0.0,0.0,90.4,9.6
20201124200212,0.0,0.0,0.0,0.0,0.0,0.0,97.9,2.1
20201124200242,0.0,0.0,0.0,0.0,0.0,0.0,96.3,3.7
20201124200312,0.0,0.0,0.0,0.0,0.0,0.0,97.9,2.1
20201124200342,0.0,0.0,0.0,0.0,0.0,0.0,81.3,18.6
20201124200412,0.0,0.0,0.0,0.0,0.0,0.0,97.3,2.7
20201124200442,0.0,0.0,0.0,0.1,0.0,0.0,87.9,12.0
20201124200512,0.0,0.0,0.0,0.0,0.0,0.0,98.9,1.1
20201124200542,0.0,0.0,0.0,0.1,0.0,0.0,93.5,6.4
20201124200612,0.0,0.0,0.0,0.0,0.0,0.0,89.7,10.2
20201124200642,0.0,0.0,0.0,0.0,0.0,0.0,86.3,13.7
20201124200712,0.0,0.0,0.0,0.0,0.0,0.0,90.8,9.2
20201124200742,0.0,0.0,0.0,0.0,0.0,0.0,84.9,15.1
20201124200812,0.0,0.0,0.0,0.0,0.0,0.0,93.0,7.0
20201124200842,0.0,0.0,0.0,0.0,0.0,0.0,94.9,5.0
20201124200912,0.0,0.0,0.0,0.0,0.0,0.0,80.2,19.8
20201124200942,0.0,0.0,0.0,0.0,0.0,0.0,63.3,36.7
20201124201012,0.0,0.0,0.0,0.0,0.0,0.0,61.1,38.8
20201124201042,0.0,0.0,0.0,0.0,0.0,0.0,73.7,26.3
20201124201112,0.0,0.0,0.0,0.0,0.0,0.0,88.4,11.6
20201124201142,0.0,0.0,0.0,0.0,0.0,0.0,96.3,3.7
20201124201212,0.0,0.0,0.0,0.0,0.0,0.0,92.3,7.7
20201124201242,0.0,0.0,0.0,0.0,0.0,0.0,96.9,3.1
20201124201312,0.0,0.0,0.0,0.0,0.0,0.0,97.9,2.1
20201124201342,0.0,0.0,0.0,0.0,0.0,0.0,91.2,8.7
20201124201412,0.0,0.0,0.0,0.0,0.0,0.0,94.0,5.9
20201124201442,0.0,0.0,0.0,0.0,0.0,0.0,96.3,3.7
20201124201512,0.0,0.0,0.0,0.0,0.0,0.0,93.2,6.7
20201124201542,0.0,0.0,0.0,0.0,0.0,0.0,97.5,2.5
20201124201612,0.0,0.0,0.0,0.0,0.0,0.0,96.2,3.8
20201124201642,0.0,0.0,0.0,0.0,0.0,0.0,85.8,14.2
20201124201712,0.0,0.0,0.0,0.0,0.0,0.0,94.1,5.9
20201124201742,0.0,0.0,0.0,0.0,0.0,0.0,86.4,13.6
20201124201812,0.0,0.0,0.0,0.0,0.0,0.0,93.0,7.0
20201124201842,0.0,0.0,0.0,0.0,0.0,0.0,88.7,11.3
20201124201913,0.0,0.0,0.0,0.0,0.0,0.0,89.3,10.7
20201124201943,0.0,0.0,0.0,0.0,0.0,0.0,99.7,0.3
20201124202013,0.0,0.0,0.0,0.0,0.0,0.0,96.3,3.7
20201124202043,0.0,0.0,0.0,0.0,0.0,0.0,96.9,3.0
20201124202113,0.0,0.0,0.0,0.0,0.0,0.0,98.9,1.1
20201124202143,0.0,0.0,0.0,0.0,0.0,0.0,89.6,10.4
20201124202213,0.0,0.0,0.0,0.0,0.0,0.0,96.0,3.9
20201124202243,0.0,0.0,0.0,0.0,0.0,0.0,99.4,0.6
20201124202313,0.0,0.0,0.0,0.0,0.1,0.0,88.3,11.6
20201124202343,0.0,0.0,0.0,0.0,0.0,0.0,93.2,6.8
20201124202413,0.0,0.0,0.0,0.0,0.1,0.0,82.0,17.9
20201124202443,0.0,0.0,0.0,0.0,0.2,0.0,54.6,45.2
20201124202513,0.0,0.0,0.0,0.0,0.0,0.0,81.6,18.3
20201124202543,0.0,0.0,0.0,0.0,0.0,0.0,84.9,15.1
20201124202613,0.0,0.0,0.0,0.0,0.0,0.0,88.0,12.0
20201124202643,0.0,0.0,0.0,0.0,0.0,0.0,97.8,2.2
20201124202713,0.0,0.0,0.0,0.0,0.0,0.0,85.3,14.7
20201124202743,0.0,0.0,0.0,0.0,0.0,0.0,78.5,21.5
20201124202813,0.0,0.0,0.0,0.0,0.0,0.0,91.9,8.1
20201124202843,0.0,0.0,0.0,0.0,0.0,0.0,79.0,21.0
