UT,arc,discrete,diffuse,ac,ab,clear,cloudy,dd
20201003164300,0.0,0.0,0.0,0.0,0.0,0.0,0.0,100.0
20201003164330,0.0,0.0,0.0,0.0,0.0,0.0,0.0,100.0
20201003164400,0.0,0.0,0.0,0.0,0.0,0.0,0.0,100.0
20201003164430,0.0,0.0,0.0,0.0,0.0,0.0,0.0,100.0
20201003164500,0.0,0.0,0.0,0.0,0.0,0.0,0.0,100.0
20201003164530,0.0,0.0,0.0,0.0,0.0,0.0,0.0,100.0
20201003164600,0.0,0.0,0.0,0.0,0.0,0.0,0.0,100.0
20201003164630,0.0,0.0,0.0,0.0,0.0,0.0,0.0,100.0
20201003164700,0.0,0.0,0.0,0.0,0.0,0.0,0.0,100.0
20201003164730,0.0,0.0,0.0,0.0,0.0,0.0,0.0,100.0
20201003164800,0.0,0.0,0.0,0.0,0.0,0.0,0.0,100.0
20201003164830,0.0,0.0,0.0,0.0,0.0,0.0,0.0,100.0
20201003164900,0.0,0.0,0.0,0.0,0.0,0.0,0.0,100.0
20201003164930,0.0,0.0,0.0,0.0,0.0,0.0,0.0,100.0
20201003165000,0.0,0.0,0.0,0.0,0.0,0.0,0.0,100.0
20201003165030,0.0,0.0,0.0,0.0,0.0,0.0,0.0,100.0
20201003165100,0.0,0.0,0.0,0.0,0.0,0.0,0.0,100.0
20201003165130,0.0,0.0,0.0,0.0,0.0,0.0,0.0,100.0
20201003165200,0.0,0.0,0.0,0.0,0.0,0.0,0.0,100.0
20201003165230,0.0,0.0,0.0,0.0,0.0,0.0,0.0,100.0
20201003165300,0.0,0.0,0.0,0.0,0.0,0.0,0.0,100.0
20201003165330,0.0,0.0,0.0,0.0,0.0,0.0,0.0,100.0
20201003165400,0.0,0.0,0.0,0.0,0.0,0.0,0.0,100.0
20201003165430,0.0,0.0,0.0,0.0,0.0,0.0,0.0,100.0
20201003165500,0.0,0.0,0.0,0.0,0.0,0.0,0.0,100.0
20201003165530,0.0,0.0,0.0,0.0,0.0,0.0,0.0,100.0
20201003165600,0.0,0.0,0.0,0.0,0.0,0.0,0.0,100.0
20201003165631,0.0,0.0,0.0,0.0,0.0,0.0,0.0,100.0
20201003165701,0.0,0.0,0.0,0.0,0.0,0.0,0.0,100.0
20201003165731,0.0,0.0,0.0,0.0,0.0,0.0,0.0,100.0
20201003165801,0.0,0.0,0.0,0.0,0.0,0.0,0.0,100.0
20201003165831,0.0,0.0,0.0,0.0,0.0,0.0,0.0,100.0
20201003165901,0.0,0.0,0.0,0.0,0.0,0.0,0.0,100.0
20201003165931,0.0,0.0,0.0,0.0,0.0,0.0,0.0,100.0
20201003170001,0.0,0.0,0.0,0.0,0.0,0.0,0.0,100.0
20201003170031,0.0,0.0,0.0,0.0,0.0,0.0,0.0,100.0
20201003170101,0.0,0.0,0.0,0.0,0.0,0.0,0.0,100.0
20201003170131,0.0,0.0,0.0,0.0,0.0,0.0,0.0,100.0
20201003170201,0.0,0.0,0.0,0.0,0.0,0.0,0.0,100.0
20201003170231,0.0,0.0,0.0,0.0,0.0,0.0,0.0,100.0
20201003170301,0.0,0.0,0.0,0.0,0.0,0.0,0.0,100.0
20201003170331,0.0,0.0,0.0,0.0,0.0,0.0,0.0,100.0
20201003170401,0.0,0.0,0.0,0.0,0.0,0.0,0.0,100.0
20201003170431,0.0,0.0,0.0,0.0,0.0,0.0,0.0,100.0
20201003170501,0.0,0.0,0.0,0.0,0.0,0.0,0.0,100.0
20201003170531,0.0,0.0,0.0,0.0,0.0,0.0,0.0,100.0
20201003170601,0.0,0.0,0.0,0.0,0.0,0.0,0.0,100.0
20201003170631,0.0,0.0,0.0,0.0,0.0,0.0,0.0,100.0
20201003170701,0.0,0.0,0.0,0.0,0.0,0.0,0.0,100.0
20201003170731,0.0,0.0,0.0,0.0,0.0,0.0,0.0,100.0
20201003170801,0.0,0.0,0.0,0.0,0.0,0.0,0.0,100.0
20201003170831,0.0,0.0,0.0,0.0,0.0,0.0,0.0,100.0
20201003170901,0.0,0.0,0.0,0.0,0.0,0.0,0.0,100.0
20201003170931,0.0,0.0,0.0,0.0,0.0,0.0,0.0,100.0
20201003171001,0.0,0.0,0.0,0.0,0.0,0.0,0.0,100.0
20201003171031,0.0,0.0,0.0,0.0,0.0,0.0,0.0,100.0
20201003171101,0.0,0.0,0.0,0.0,0.0,0.0,0.0,100.0
20201003171131,0.0,0.0,0.0,0.0,0.0,0.0,0.0,100.0
20201003171201,0.0,0.0,0.0,0.0,0.0,0.0,0.0,100.0
20201003171231,0.0,0.0,0.0,0.0,0.0,0.0,0.0,100.0
20201003171301,0.0,0.0,0.0,0.0,0.0,0.0,0.0,100.0
20201003171331,0.0,0.0,0.0,0.0,0.0,0.0,0.0,100.0
20201003171401,0.0,0.0,0.0,0.0,0.0,0.0,0.0,100.0
20201003171431,0.0,0.0,0.0,0.0,0.0,0.0,0.0,100.0
20201003171501,0.0,0.0,0.0,0.0,0.0,0.0,0.0,100.0
20201003171531,0.0,0.0,0.0,0.0,0.0,0.0,0.0,100.0
20201003171601,0.0,0.0,0.0,0.0,0.0,0.0,0.0,100.0
20201003171631,0.0,0.0,0.0,0.0,0.0,0.0,0.0,100.0
20201003171701,0.0,0.0,0.0,0.0,0.0,0.0,0.0,100.0
20201003171731,0.0,0.0,0.0,0.0,0.0,0.0,0.0,100.0
20201003171801,0.0,0.0,0.0,0.0,0.0,0.0,0.0,100.0
20201003171831,0.0,0.0,0.0,0.0,0.0,0.0,0.0,100.0
20201003171901,0.0,0.0,0.0,0.0,0.0,0.0,0.0,100.0
20201003171931,0.0,0.0,0.0,0.0,0.0,0.0,0.0,100.0
20201003172001,0.0,0.0,0.0,0.0,0.0,0.0,0.0,100.0
20201003172031,0.0,0.0,0.0,0.0,0.0,0.0,0.0,100.0
20201003172101,0.0,0.0,0.0,0.0,0.0,0.0,0.0,100.0
20201003172131,0.0,0.0,0.0,0.0,0.0,0.0,0.0,100.0
20201003172201,0.0,0.0,0.0,0.0,0.0,0.0,0.0,100.0
20201003172231,0.0,0.0,0.0,0.0,0.0,0.0,0.0,100.0
20201003172301,0.0,0.0,0.0,0.0,0.0,0.0,0.0,100.0
20201003172331,0.0,0.0,0.0,0.0,0.0,0.0,0.0,100.0
20201003172401,0.0,0.0,0.0,0.0,0.0,0.0,0.0,100.0
20201003172431,0.0,0.0,0.0,0.0,0.0,0.0,0.0,100.0
20201003172501,0.0,0.0,0.0,0.0,0.0,0.0,0.0,100.0
20201003172531,0.0,0.0,0.0,0.0,0.0,0.0,0.0,100.0
20201003172601,0.0,0.0,0.0,0.0,0.0,0.0,0.0,100.0
20201003172631,0.0,0.0,0.0,0.0,0.0,0.0,0.0,100.0
20201003172701,0.0,0.0,0.0,0.0,0.0,0.0,0.0,100.0
20201003172731,0.0,0.0,0.0,0.0,0.0,0.0,0.0,100.0
20201003172801,0.0,0.0,0.0,0.0,0.0,0.0,0.0,100.0
20201003172831,0.0,0.0,0.0,0.0,0.0,0.0,0.0,100.0
20201003172901,0.0,0.0,0.0,0.0,0.0,0.0,0.0,100.0
20201003172931,0.0,0.0,0.0,0.0,0.0,0.0,0.0,100.0
20201003173001,0.0,0.0,0.0,0.0,0.0,0.0,0.0,100.0
20201003173032,0.0,0.0,0.0,0.0,0.0,0.0,0.0,100.0
20201003173102,0.0,0.0,0.0,0.0,0.0,0.0,0.0,100.0
20201003173132,0.0,0.0,0.0,0.0,0.0,0.0,0.0,100.0
20201003173202,0.0,0.0,0.0,0.0,0.0,0.0,0.0,100.0
20201003173232,0.0,0.0,0.0,0.0,0.0,0.0,0.0,100.0
20201003173302,0.0,0.0,0.0,0.0,0.0,0.0,0.0,100.0
20201003173332,0.0,0.0,0.0,0.0,0.0,0.0,0.0,100.0
20201003173402,0.0,0.0,0.0,0.0,0.0,0.0,0.0,100.0
20201003173432,0.0,0.0,0.0,0.0,0.0,0.0,0.0,100.0
20201003173502,0.0,0.0,0.0,0.0,0.0,0.0,0.0,100.0
20201003173532,0.0,0.0,0.0,0.0,0.0,0.0,0.0,100.0
20201003173602,0.0,0.0,0.0,0.0,0.0,0.0,0.0,100.0
20201003173632,0.0,0.0,0.0,0.0,0.0,0.0,0.0,100.0
20201003173702,0.0,0.0,0.0,0.0,0.0,0.0,0.0,100.0
20201003173732,0.0,0.0,0.0,0.0,0.0,0.0,0.0,100.0
20201003173802,0.0,0.0,0.0,0.0,0.0,0.0,0.0,100.0
20201003173832,0.0,0.0,0.0,0.0,0.0,0.0,0.0,100.0
20201003173902,0.0,0.0,0.0,0.0,0.0,0.0,0.0,100.0
20201003173932,0.0,0.0,0.0,0.0,0.0,0.0,0.0,100.0
20201003174002,0.0,0.0,0.0,0.0,0.0,0.0,0.0,100.0
20201003174032,0.0,0.0,0.0,0.0,0.0,0.0,0.0,100.0
20201003174102,0.0,0.0,0.0,0.0,0.0,0.0,0.0,100.0
20201003174132,0.0,0.0,0.0,0.0,0.0,0.0,0.0,100.0
20201003174202,0.0,0.0,0.0,0.0,0.0,0.0,0.0,100.0
20201003174232,0.0,0.0,0.0,0.0,0.0,0.0,0.0,100.0
20201003174432,0.0,0.0,0.0,0.0,0.0,0.0,0.0,100.0
20201003174502,0.0,0.0,0.0,0.0,0.0,0.0,0.0,100.0
20201003174532,0.0,0.0,0.0,0.0,0.0,0.0,0.0,100.0
20201003174602,0.0,0.0,0.0,0.0,0.0,0.0,0.0,100.0
20201003174632,0.0,0.0,0.0,0.0,0.0,0.0,0.0,100.0
20201003174702,0.0,0.0,0.0,0.0,0.0,0.0,0.0,100.0
20201003174732,0.0,0.0,0.0,0.0,0.0,0.0,0.0,100.0
20201003174802,0.0,0.0,0.0,0.0,0.0,0.0,0.0,100.0
20201003174832,0.0,0.0,0.0,0.0,0.0,0.0,0.0,100.0
20201003174902,0.0,0.0,0.0,0.0,0.0,0.0,0.0,100.0
20201003174932,0.0,0.0,0.0,0.0,0.0,0.0,0.0,100.0
20201003175002,0.0,0.0,0.0,0.0,0.0,0.0,0.0,100.0
20201003175032,0.0,0.0,0.0,0.0,0.0,0.0,0.0,100.0
20201003175102,0.0,0.0,0.0,0.0,0.0,0.0,0.0,100.0
20201003175132,0.0,0.0,0.0,0.0,0.0,0.0,0.0,100.0
20201003175202,0.0,0.0,0.0,0.0,0.0,0.0,0.0,100.0
20201003175232,0.0,0.0,0.0,0.0,0.0,0.0,0.0,100.0
20201003175302,0.0,0.0,0.0,0.0,0.0,0.0,0.0,100.0
20201003175332,0.0,0.0,0.0,0.0,0.0,0.0,0.0,100.0
20201003175402,0.0,0.0,0.0,0.0,0.0,0.0,0.0,100.0
20201003175432,0.0,0.0,0.0,0.0,0.0,0.0,0.0,100.0
20201003175502,0.0,0.0,0.0,0.0,0.0,0.0,0.0,100.0
20201003175532,0.0,0.0,0.0,0.0,0.0,0.0,0.0,100.0
20201003175602,0.0,0.0,0.0,0.0,0.0,0.0,0.0,100.0
20201003175632,0.0,0.0,0.0,0.0,0.0,0.0,0.0,100.0
20201003175702,0.0,0.0,0.0,0.0,0.0,0.0,0.0,100.0
20201003175732,0.0,0.0,0.0,0.0,0.0,0.0,0.0,100.0
20201003175803,0.0,0.0,0.0,0.0,0.0,0.0,0.0,100.0
20201003175833,0.0,0.0,0.0,0.0,0.0,0.0,0.0,100.0
20201003175903,0.0,0.0,0.0,0.0,0.0,0.0,0.0,100.0
20201003175933,0.0,0.0,0.0,0.0,0.0,0.0,0.0,100.0
20201003180003,0.0,0.0,0.0,0.0,0.0,0.0,0.0,100.0
20201003180033,0.0,0.0,0.0,0.0,0.0,0.0,0.0,100.0
20201003180103,0.0,0.0,0.0,0.0,0.0,0.0,0.0,100.0
20201003180133,0.0,0.0,0.0,0.0,0.0,0.0,0.0,100.0
20201003180203,0.0,0.0,0.0,0.0,0.0,0.0,0.0,100.0
20201003180233,0.0,0.0,0.0,0.0,0.0,0.0,0.0,100.0
20201003180303,0.0,0.0,0.0,0.0,0.0,0.0,0.0,100.0
20201003180333,0.0,0.0,0.0,0.0,0.0,0.0,0.0,100.0
20201003180403,0.0,0.0,0.0,0.0,0.0,0.0,0.0,100.0
20201003180433,0.0,0.0,0.0,0.0,0.0,0.0,0.0,100.0
20201003180503,0.0,0.0,0.0,0.0,0.0,0.0,0.0,100.0
20201003180533,0.0,0.0,0.0,0.0,0.0,0.0,0.0,100.0
20201003180603,0.0,0.0,0.0,0.0,0.0,0.0,0.0,100.0
20201003180633,0.0,0.0,0.0,0.0,0.0,0.0,0.0,100.0
20201003180703,0.0,0.0,0.0,0.0,0.0,0.0,0.0,100.0
20201003180733,0.0,0.0,0.0,0.0,0.2,0.0,0.0,99.8
20201003180803,0.0,0.0,0.0,0.0,0.0,0.0,0.0,100.0
20201003180833,0.0,0.0,0.0,0.0,0.0,0.0,0.0,100.0
20201003180903,0.0,0.0,0.0,0.0,0.0,0.0,0.0,100.0
20201003180933,0.0,0.0,0.0,0.0,0.1,0.0,0.0,99.9
20201003181003,0.0,0.0,0.0,0.0,0.4,0.0,0.0,99.6
20201003181033,0.0,0.0,0.0,0.0,0.3,0.0,0.0,99.7
20201003181103,0.0,0.0,0.0,0.0,1.5,0.0,0.0,98.5
20201003181133,0.0,0.0,0.0,0.0,0.1,0.0,0.0,99.9
20201003181203,0.0,0.0,0.0,0.0,0.3,0.0,0.0,99.7
20201003181233,0.0,0.0,0.0,0.0,0.3,0.0,0.0,99.7
20201003181303,0.0,0.0,0.0,0.0,0.1,0.0,0.0,99.9
20201003181333,0.0,0.0,0.0,0.0,0.6,0.0,0.0,99.4
20201003181403,0.0,0.0,0.0,0.0,0.4,0.0,0.0,99.6
20201003181433,0.0,0.0,0.0,0.0,0.4,0.0,0.0,99.6
20201003181503,0.0,0.0,0.0,0.0,0.5,0.0,0.0,99.5
20201003181533,0.0,0.0,0.0,0.0,0.3,0.0,0.0,99.7
20201003181603,0.0,0.0,0.0,0.0,1.1,0.0,0.0,98.9
20201003181633,0.0,0.0,0.0,0.0,1.5,0.0,0.0,98.5
20201003181703,0.0,0.0,0.0,0.0,4.0,0.0,0.0,96.0
20201003181733,0.0,0.0,0.0,0.0,1.2,0.0,0.0,98.8
20201003181803,0.0,0.0,0.0,0.0,0.4,0.0,0.0,99.6
20201003181833,0.0,0.0,0.0,0.0,1.4,0.0,0.0,98.6
20201003181903,0.0,0.0,0.0,0.0,2.0,0.0,0.0,98.0
20201003181933,0.0,0.0,0.0,0.0,0.5,0.0,0.0,99.4
20201003182003,0.0,0.0,0.0,0.0,0.5,0.0,0.0,99.5
20201003182033,0.0,0.0,0.0,0.0,3.1,0.0,0.0,96.9
20201003182103,0.0,0.0,0.0,0.0,1.9,0.0,0.0,98.0
20201003182133,0.0,0.0,0.0,0.0,1.6,0.0,0.0,98.4
20201003182203,0.0,0.0,0.0,0.0,1.3,0.0,0.0,98.7
20201003182233,0.0,0.0,0.0,0.0,5.8,0.0,0.0,94.2
20201003182303,0.0,0.0,0.0,0.0,0.4,0.0,0.0,99.6
20201003182333,0.0,0.0,0.0,0.0,0.4,0.0,0.0,99.6
20201003182403,0.0,0.0,0.0,0.0,3.0,0.0,0.0,97.0
20201003182433,0.0,0.0,0.0,0.0,0.3,0.0,0.0,99.6
20201003182503,0.0,0.0,0.0,0.0,0.5,0.0,0.0,99.5
20201003182533,0.0,0.0,0.0,0.0,1.9,0.0,0.0,98.0
20201003182603,0.0,0.0,0.0,0.0,0.6,0.0,0.0,99.3
20201003182633,0.1,0.0,0.0,0.0,16.9,0.0,0.0,82.9
20201003182703,0.0,0.0,0.0,0.0,15.8,0.0,0.0,84.2
20201003182733,0.0,0.0,0.0,0.0,11.5,0.0,0.0,88.5
20201003182803,0.0,0.0,0.0,0.0,1.9,0.0,0.0,98.1
20201003182833,0.0,0.0,0.0,0.0,0.7,0.0,0.0,99.3
20201003182903,0.0,0.0,0.0,0.0,3.1,0.0,0.0,96.9
20201003182933,0.0,0.0,0.0,0.0,12.1,0.0,0.0,87.9
20201003183003,0.0,0.0,0.0,0.0,4.5,0.0,0.0,95.5
20201003183033,0.0,0.0,0.0,0.0,2.1,0.0,0.0,97.9
20201003183103,0.0,0.0,0.0,0.0,0.2,0.0,0.0,99.8
20201003183133,0.0,0.0,0.0,0.0,1.7,0.0,0.0,98.3
20201003183204,0.0,0.0,0.0,0.0,0.8,0.0,0.0,99.2
20201003183234,0.0,0.0,0.0,0.0,0.5,0.0,0.0,99.5
20201003183304,0.0,0.0,0.0,0.0,2.8,0.0,0.0,97.2
20201003183334,0.0,0.0,0.0,0.0,1.4,0.0,0.0,98.6
20201003183404,0.0,0.0,0.0,0.0,43.7,0.1,0.1,56.2
20201003183434,0.1,0.0,0.0,0.0,31.3,1.8,0.1,66.7
20201003183504,0.1,0.0,0.0,0.0,12.7,1.3,0.2,85.6
20201003183534,0.1,0.0,0.0,0.0,84.0,1.5,0.6,13.7
20201003183604,0.2,0.0,0.1,0.0,93.5,0.4,0.2,5.6
20201003183634,0.2,0.0,0.1,0.0,48.1,3.5,0.3,47.7
20201003183704,0.0,0.0,0.0,0.0,10.6,0.5,0.3,88.5
20201003183734,0.0,0.0,0.0,0.0,0.3,0.0,0.0,99.6
20201003183804,0.0,0.0,0.1,0.0,22.1,0.6,0.1,77.0
20201003183834,0.0,0.0,0.2,0.0,16.9,0.2,0.0,82.8
20201003183904,0.0,0.0,0.1,0.0,5.0,0.2,0.0,94.6
20201003183934,0.0,0.0,0.1,0.0,2.5,0.3,0.0,97.0
20201003184004,0.0,0.0,0.2,0.0,37.1,0.2,0.2,62.2
20201003184034,0.0,0.0,0.2,0.0,68.5,0.9,0.6,29.8
20201003184104,0.0,0.0,0.7,0.0,90.4,0.1,0.0,8.7
20201003184134,0.1,0.0,1.4,0.0,83.3,0.2,0.2,14.8
20201003184204,0.1,0.0,0.6,0.0,80.9,2.6,0.2,15.7
20201003184234,0.0,0.0,0.0,0.0,95.1,0.1,0.2,4.6
20201003184304,0.0,0.0,0.1,0.0,97.2,0.2,0.0,2.5
20201003184334,0.0,0.0,0.3,0.0,98.6,0.3,0.1,0.7
20201003184404,0.0,0.0,0.1,0.0,98.7,0.2,0.0,0.9
20201003184434,0.0,0.0,0.3,0.0,97.7,0.3,0.1,1.6
20201003184504,0.0,0.0,0.5,0.0,82.2,0.4,0.1,16.8
20201003184534,0.1,0.0,3.3,0.0,73.3,3.3,1.2,18.8
20201003184604,0.5,0.0,5.6,0.0,53.0,0.8,1.8,38.3
20201003184634,0.4,0.0,2.7,0.0,42.0,0.4,3.7,50.7
20201003184704,0.9,0.0,3.1,0.0,65.6,0.8,1.9,27.6
20201003184734,0.3,0.0,1.9,0.0,46.9,0.9,2.9,47.1
20201003184804,0.2,0.0,6.4,0.0,33.4,0.7,1.5,57.7
20201003184834,0.1,0.0,0.8,0.0,19.3,0.3,1.1,78.3
20201003184904,0.3,0.0,1.9,0.0,22.8,1.3,5.6,68.0
20201003184934,0.0,0.0,0.5,0.0,11.5,0.2,14.3,73.5
20201003185004,0.0,0.0,0.8,0.0,8.9,0.8,2.9,86.5
20201003185034,0.0,0.0,2.1,0.0,6.8,0.5,3.2,87.4
20201003185104,0.0,0.0,6.0,0.0,14.0,2.3,3.0,74.7
20201003185134,0.0,0.0,8.1,0.0,31.1,0.5,1.9,58.4
20201003185204,0.0,0.0,0.3,0.0,4.9,0.1,1.0,93.7
20201003185234,0.0,0.0,0.2,0.0,5.1,0.4,0.4,94.0
20201003185304,0.0,0.0,0.2,0.0,55.5,0.1,0.8,43.4
20201003185334,0.0,0.0,2.0,0.0,64.0,0.5,19.3,14.3
20201003185404,0.0,0.0,0.6,0.0,78.7,0.2,3.6,16.9
20201003185434,0.0,0.0,0.2,0.0,76.9,0.2,1.0,21.6
20201003185504,0.0,0.0,1.9,0.0,28.1,0.3,3.9,65.9
20201003185534,0.0,0.0,0.7,0.0,60.1,0.0,23.3,15.8
20201003185604,0.0,0.0,0.2,0.0,1.4,0.1,92.7,5.5
20201003185634,0.0,0.0,0.7,0.0,9.8,0.2,76.2,13.1
20201003185704,0.0,0.0,0.6,0.0,3.6,0.1,68.1,27.6
20201003185734,0.0,0.0,0.2,0.0,0.7,0.2,78.7,20.2
20201003185804,0.0,0.0,0.4,0.0,3.8,0.3,89.9,5.6
20201003185834,0.0,0.0,6.3,0.0,8.5,1.6,55.2,28.4
20201003185904,0.0,0.0,5.4,0.0,25.7,1.0,63.5,4.4
20201003185934,0.0,0.0,0.6,0.0,42.3,0.6,40.1,16.4
20201003190004,0.0,0.0,5.2,0.0,21.7,1.5,16.2,55.2
20201003190034,0.0,0.0,6.2,0.0,47.2,0.4,5.2,41.0
20201003190104,0.0,0.0,3.6,0.0,32.0,0.7,18.5,45.1
20201003190134,0.0,0.0,0.4,0.0,3.8,0.0,27.7,68.1
20201003190204,0.0,0.0,0.6,0.0,3.6,0.1,9.0,86.6
20201003190234,0.0,0.0,4.3,0.0,5.2,1.7,47.4,41.4
20201003190304,0.0,0.0,1.6,0.0,25.6,0.1,38.7,34.0
20201003190334,0.0,0.1,2.2,0.0,14.5,0.5,5.6,77.2
20201003190404,0.0,0.0,0.5,0.0,22.6,0.0,16.0,60.8
20201003190434,0.0,0.0,1.4,0.0,14.1,0.6,21.2,62.7
20201003190504,0.0,0.0,0.2,0.0,1.6,0.0,5.6,92.6
20201003190534,0.0,0.0,0.3,0.0,6.3,0.0,35.5,57.9
20201003190604,0.0,0.0,0.1,0.0,7.9,0.0,49.3,42.7
20201003190634,0.0,0.0,0.1,0.0,1.5,0.0,8.5,89.9
20201003190705,0.0,0.0,0.1,0.0,22.5,0.1,71.4,5.8
20201003190735,0.0,0.0,0.0,0.0,0.9,0.0,56.4,42.7
20201003190805,0.0,0.0,0.2,0.0,62.5,0.4,26.2,10.8
20201003190835,0.0,0.0,0.0,0.0,5.8,0.0,77.1,17.1
20201003190905,0.0,0.0,0.0,0.0,3.7,0.2,81.7,14.4
20201003190935,0.0,0.0,0.1,0.0,21.5,0.3,7.2,71.0
20201003191005,0.0,0.0,0.1,0.0,12.6,0.0,13.0,74.3
20201003191035,0.0,0.0,0.0,0.0,1.1,0.1,1.5,97.3
20201003191105,0.0,0.0,0.0,0.0,0.1,0.0,20.6,79.3
20201003191135,0.0,0.0,0.0,0.0,1.0,0.1,17.8,81.1
20201003191205,0.0,0.0,0.0,0.0,1.7,0.1,41.4,56.8
20201003191235,0.0,0.0,0.0,0.0,0.6,0.1,1.8,97.4
20201003191305,0.0,0.0,0.0,0.0,0.2,0.0,2.4,97.4
20201003191335,0.0,0.0,0.0,0.0,0.8,0.0,35.0,64.2
20201003191405,0.0,0.0,0.0,0.0,7.4,0.0,3.1,89.4
20201003191435,0.0,0.0,0.0,0.0,1.1,0.0,4.5,94.4
20201003191505,0.0,0.0,0.0,0.0,2.4,0.0,7.9,89.7
20201003191535,0.0,0.0,0.0,0.0,0.9,0.0,4.5,94.6
20201003191605,0.0,0.0,0.0,0.0,2.9,0.0,13.7,83.4
20201003191635,0.0,0.0,0.0,0.0,1.6,0.0,12.2,86.3
20201003191705,0.0,0.0,0.0,0.0,0.2,0.0,0.7,99.1
20201003191735,0.0,0.0,0.0,0.0,0.3,0.0,6.7,93.0
20201003191805,0.0,0.0,0.0,0.0,0.6,0.0,23.3,76.1
20201003191835,0.0,0.0,0.0,0.0,0.1,0.0,6.2,93.7
20201003191905,0.0,0.0,0.0,0.0,0.0,0.0,1.4,98.5
20201003191935,0.0,0.0,0.0,0.0,0.1,0.0,24.2,75.7
20201003192005,0.0,0.0,0.0,0.0,0.1,0.0,59.9,39.9
20201003192035,0.0,0.0,0.0,0.0,0.1,0.0,60.8,39.0
20201003192105,0.0,0.0,0.0,0.0,0.1,0.0,34.1,65.8
20201003192135,0.0,0.0,0.0,0.0,0.1,0.0,47.2,52.7
20201003192205,0.0,0.0,0.0,0.0,0.0,0.0,22.3,77.7
20201003192235,0.0,0.0,0.0,0.0,0.0,0.0,55.0,45.0
20201003192305,0.0,0.0,0.0,0.0,0.0,0.0,82.7,17.3
20201003192335,0.0,0.0,0.0,0.0,0.0,0.0,46.6,53.4
20201003192405,0.0,0.0,0.0,0.0,0.0,0.0,42.7,57.3
20201003192435,0.0,0.0,0.0,0.0,0.0,0.0,22.1,77.9
20201003192505,0.0,0.0,0.0,0.0,0.0,0.0,29.0,71.0
20201003192535,0.0,0.0,0.0,0.0,0.0,0.0,8.8,91.2
20201003192605,0.0,0.0,0.0,0.0,0.0,0.0,3.0,97.0
20201003192635,0.0,0.0,0.0,0.0,0.0,0.0,2.4,97.6
20201003192705,0.0,0.0,0.0,0.0,0.0,0.0,49.9,50.0
20201003192735,0.0,0.0,0.0,0.0,0.0,0.0,78.6,21.4
20201003192805,0.0,0.0,0.0,0.0,0.0,0.0,71.5,28.4
20201003192835,0.0,0.0,0.0,0.0,0.0,0.0,93.6,6.3
20201003192905,0.0,0.0,0.0,0.0,0.1,0.0,50.6,49.2
20201003192935,0.0,0.0,0.0,0.0,0.1,0.0,21.4,78.5
20201003193005,0.0,0.0,0.0,0.0,0.0,0.0,20.2,79.8
20201003193035,0.0,0.0,0.0,0.0,0.1,0.0,19.9,80.0
20201003193105,0.0,0.0,0.0,0.0,0.0,0.0,7.8,92.2
20201003193135,0.0,0.0,0.0,0.0,0.0,0.0,35.1,64.9
20201003193205,0.0,0.0,0.0,0.0,0.0,0.0,22.8,77.2
20201003193235,0.0,0.0,0.0,0.0,0.0,0.0,0.8,99.2
20201003193305,0.0,0.0,0.0,0.0,0.0,0.0,1.4,98.6
20201003193335,0.0,0.0,0.0,0.0,0.0,0.0,22.5,77.5
20201003193406,0.0,0.0,0.0,0.0,0.0,0.0,11.2,88.8
20201003193436,0.0,0.0,0.0,0.0,0.0,0.0,1.4,98.6
20201003193506,0.0,0.0,0.0,0.0,0.0,0.0,3.3,96.7
20201003193536,0.0,0.0,0.0,0.0,0.0,0.0,2.1,97.9
20201003193606,0.0,0.0,0.0,0.0,0.0,0.0,0.2,99.8
20201003193636,0.0,0.0,0.0,0.0,0.0,0.0,0.0,100.0
20201003193706,0.0,0.0,0.0,0.0,0.0,0.0,0.0,100.0
20201003193736,0.0,0.0,0.0,0.0,0.0,0.0,0.0,100.0
20201003193806,0.0,0.0,0.0,0.0,0.0,0.0,0.1,99.9
20201003193836,0.0,0.0,0.0,0.0,0.0,0.0,0.0,100.0
20201003193906,0.0,0.0,0.0,0.0,0.0,0.0,0.0,100.0
20201003193936,0.0,0.0,0.0,0.0,0.0,0.0,0.0,100.0
20201003194006,0.0,0.0,0.0,0.0,0.0,0.0,0.0,100.0
20201003194036,0.0,0.0,0.0,0.0,0.0,0.0,0.1,99.9
20201003194106,0.0,0.0,0.0,0.0,0.0,0.0,0.0,100.0
20201003194136,0.0,0.0,0.0,0.0,0.0,0.0,0.0,100.0
20201003194206,0.0,0.0,0.0,0.0,0.0,0.0,0.0,100.0
20201003194236,0.0,0.0,0.0,0.0,0.0,0.0,0.0,100.0
20201003194306,0.0,0.0,0.0,0.0,0.0,0.0,0.0,100.0
20201003194336,0.0,0.0,0.0,0.0,0.0,0.0,0.0,100.0
20201003194406,0.0,0.0,0.0,0.0,0.0,0.0,0.0,100.0
20201003194436,0.0,0.0,0.0,0.0,0.0,0.0,0.0,100.0
20201003194506,0.0,0.0,0.0,0.0,0.0,0.0,0.0,100.0
20201003194536,0.0,0.0,0.0,0.0,0.0,0.0,0.0,100.0
20201003194606,0.0,0.0,0.0,0.0,0.0,0.0,0.0,100.0
20201003194636,0.0,0.0,0.0,0.0,0.0,0.0,0.0,100.0
20201003194706,0.0,0.0,0.0,0.0,0.0,0.0,0.0,100.0
20201003194736,0.0,0.0,0.0,0.0,0.0,0.0,0.0,100.0
20201003194806,0.0,0.0,0.0,0.0,0.0,0.0,0.0,100.0
20201003194836,0.0,0.0,0.0,0.0,0.0,0.0,0.0,100.0
20201003194906,0.0,0.0,0.0,0.0,0.0,0.0,0.0,100.0
20201003194936,0.0,0.0,0.0,0.0,0.0,0.0,0.0,100.0
20201003195006,0.0,0.0,0.0,0.0,0.0,0.0,0.0,100.0
20201003195036,0.0,0.0,0.0,0.0,0.0,0.0,0.0,100.0
20201003195106,0.0,0.0,0.0,0.0,0.0,0.0,0.0,100.0
20201003195136,0.0,0.0,0.0,0.0,0.0,0.0,0.0,100.0
20201003195206,0.0,0.0,0.0,0.0,0.0,0.0,0.1,99.9
20201003195236,0.0,0.0,0.0,0.0,0.0,0.0,0.0,100.0
20201003195306,0.0,0.0,0.0,0.0,0.0,0.0,0.0,100.0
20201003195336,0.0,0.0,0.0,0.0,0.0,0.0,0.0,100.0
20201003195406,0.0,0.0,0.0,0.0,0.0,0.0,0.0,100.0
20201003195436,0.0,0.0,0.0,0.0,0.0,0.0,4.2,95.8
20201003195506,0.0,0.0,0.0,0.0,0.0,0.0,0.0,100.0
20201003195536,0.0,0.0,0.0,0.0,0.0,0.0,0.0,100.0
20201003195606,0.0,0.0,0.0,0.0,0.0,0.0,0.0,100.0
20201003195636,0.0,0.0,0.0,0.0,0.0,0.0,0.0,100.0
20201003195706,0.0,0.0,0.0,0.0,0.0,0.0,0.1,99.9
20201003195736,0.0,0.0,0.0,0.0,0.0,0.0,0.9,99.1
20201003195806,0.0,0.0,0.0,0.0,0.0,0.0,0.1,99.9
20201003195836,0.0,0.0,0.0,0.0,0.1,0.1,2.5,97.4
20201003195906,0.0,0.0,0.0,0.0,0.1,0.0,2.5,97.4
20201003195936,0.0,0.0,0.0,0.0,0.1,0.0,1.9,98.0
20201003200006,0.0,0.0,0.0,0.0,0.1,0.0,1.6,98.4
20201003200036,0.0,0.0,0.0,0.0,0.4,0.0,19.4,80.3
20201003200106,0.0,0.0,0.0,0.0,0.1,0.0,5.7,94.2
20201003200136,0.0,0.0,0.0,0.0,0.1,0.0,0.6,99.3
20201003200206,0.0,0.0,0.0,0.0,0.0,0.0,0.1,99.8
20201003200236,0.0,0.0,0.0,0.0,0.0,0.0,0.0,99.9
20201003200306,0.0,0.0,0.0,0.0,0.2,0.2,0.9,98.7
20201003200336,0.0,0.0,0.0,0.0,0.7,0.2,1.6,97.5
20201003200406,0.0,0.0,0.0,0.0,0.1,0.2,1.5,98.2
20201003200436,0.0,0.0,0.0,0.0,2.1,0.1,17.3,80.4
20201003200506,0.0,0.0,0.0,0.0,0.4,0.1,8.8,90.7
20201003200536,0.0,0.0,0.0,0.0,0.9,0.7,8.4,90.0
20201003200606,0.0,0.0,0.0,0.0,1.8,0.7,8.4,89.1
20201003200636,0.0,0.0,0.0,0.0,0.0,0.4,4.8,94.7
20201003200706,0.0,0.0,0.0,0.0,0.1,0.0,3.5,96.4
20201003200736,0.0,0.0,0.0,0.0,0.1,0.3,2.9,96.7
20201003200807,0.0,0.0,0.0,0.0,0.3,0.6,67.0,32.0
20201003200837,0.0,0.0,0.0,0.0,1.2,0.2,61.1,37.5
20201003200907,0.0,0.0,0.0,0.0,0.8,0.3,51.7,47.2
20201003200937,0.0,0.0,0.0,0.0,0.1,0.0,0.5,99.4
20201003201007,0.0,0.0,0.0,0.0,2.4,0.1,20.6,76.9
20201003201037,0.0,0.0,0.0,0.0,4.7,0.2,24.7,70.5
20201003201107,0.0,0.0,0.0,0.0,0.2,0.3,9.8,89.7
20201003201137,0.0,0.0,0.0,0.0,0.3,0.3,0.9,98.6
20201003201207,0.0,0.0,0.0,0.0,2.4,0.2,43.2,54.1
20201003201237,0.0,0.0,0.0,0.0,1.8,0.4,43.9,53.9
20201003201307,0.0,0.0,0.0,0.0,1.0,0.1,18.4,80.5
20201003201337,0.0,0.0,0.0,0.0,0.8,0.1,25.5,73.5
20201003201407,0.0,0.0,0.0,0.0,1.1,0.1,26.5,72.4
20201003201437,0.0,0.0,0.0,0.0,1.1,0.0,5.2,93.6
20201003201507,0.0,0.0,0.0,0.0,4.0,0.0,38.4,57.5
20201003201537,0.0,0.0,0.0,0.0,1.0,0.0,89.9,9.0
20201003201607,0.0,0.0,0.0,0.0,3.4,0.0,86.7,10.0
20201003201637,0.0,0.0,0.0,0.0,1.3,0.0,74.4,24.3
20201003201707,0.0,0.0,0.0,0.0,2.9,0.1,74.2,22.8
20201003201737,0.0,0.0,0.0,0.0,0.3,0.0,95.0,4.7
20201003201807,0.0,0.0,0.0,0.0,0.2,0.0,97.7,2.1
20201003201837,0.0,0.0,0.0,0.0,0.6,0.0,91.0,8.4
20201003201907,0.0,0.0,0.0,0.0,0.1,0.0,99.0,0.9
20201003201937,0.0,0.0,0.0,0.0,0.2,0.0,98.7,1.1
20201003202007,0.0,0.0,0.0,0.0,0.2,0.0,99.1,0.7
20201003202037,0.0,0.0,0.0,0.0,0.1,0.0,99.0,0.9
20201003202107,0.0,0.0,0.0,0.0,0.1,0.0,99.5,0.4
20201003202137,0.0,0.0,0.0,0.0,0.1,0.0,99.0,0.9
20201003202207,0.0,0.0,0.0,0.0,0.1,0.0,99.7,0.2
20201003202237,0.0,0.0,0.0,0.0,0.4,0.0,99.2,0.3
20201003202307,0.0,0.0,0.0,0.0,0.1,0.0,99.8,0.0
20201003202337,0.0,0.0,0.0,0.0,0.6,0.0,99.4,0.0
20201003202407,0.0,0.0,0.0,0.0,0.2,0.0,99.7,0.0
20201003202437,0.0,0.0,0.0,0.0,0.1,0.0,99.9,0.0
20201003202507,0.0,0.0,0.0,0.0,0.6,0.0,99.4,0.0
20201003202537,0.0,0.0,0.0,0.0,0.5,0.0,99.4,0.1
20201003202607,0.0,0.0,0.0,0.0,1.5,0.0,98.4,0.1
20201003202637,0.0,0.0,0.0,0.0,0.1,0.0,99.9,0.0
20201003202707,0.0,0.0,0.0,0.0,0.1,0.0,99.9,0.1
20201003202737,0.0,0.0,0.0,0.0,0.0,0.0,100.0,0.0
20201003202807,0.0,0.0,0.0,0.0,0.0,0.0,99.9,0.0
20201003202837,0.0,0.0,0.0,0.0,0.0,0.0,99.9,0.0
20201003202907,0.0,0.0,0.0,0.0,0.0,0.0,99.7,0.3
20201003202937,0.0,0.0,0.0,0.0,0.0,0.0,99.9,0.1
20201003203007,0.0,0.0,0.0,0.0,0.1,0.0,98.5,1.3
20201003203037,0.0,0.0,0.0,0.0,0.0,0.0,99.8,0.2
20201003203107,0.0,0.0,0.0,0.0,0.1,0.0,99.7,0.2
20201003203137,0.0,0.0,0.0,0.0,2.6,0.0,96.5,0.9
20201003203207,0.0,0.0,0.0,0.0,0.2,0.0,96.6,3.2
20201003203237,0.0,0.0,0.0,0.0,0.2,0.0,99.3,0.5
20201003203307,0.0,0.0,0.0,0.0,0.8,0.0,98.8,0.4
20201003203337,0.0,0.0,0.0,0.0,4.4,0.0,92.4,3.2
20201003203407,0.0,0.0,0.0,0.0,3.2,0.0,92.0,4.8
20201003203437,0.0,0.0,0.1,0.0,5.8,0.0,88.5,5.5
20201003203507,0.0,0.0,0.0,0.0,0.0,0.0,99.7,0.3
20201003203537,0.0,0.0,0.0,0.0,0.6,0.0,96.6,2.8
20201003203607,0.0,0.0,0.0,0.0,13.3,0.1,61.0,25.5
20201003203637,0.0,0.0,0.0,0.0,0.2,0.0,98.9,0.9
20201003203707,0.0,0.0,0.0,0.0,1.4,0.0,97.8,0.8
20201003203737,0.0,0.0,0.1,0.0,10.0,0.1,68.6,21.2
20201003203807,0.1,0.0,0.8,0.0,44.1,0.2,51.7,3.1
20201003203837,0.0,0.0,0.3,0.0,50.5,0.1,46.7,2.4
20201003203907,0.2,0.0,2.2,0.0,69.8,2.2,21.2,4.4
20201003203937,0.0,0.0,2.3,0.0,85.7,0.1,10.1,1.8
20201003204007,0.0,0.0,0.0,0.0,19.5,0.0,80.3,0.2
20201003204037,0.0,0.0,11.0,0.0,42.0,0.1,42.4,4.5
20201003204107,0.0,0.0,0.0,0.0,16.9,0.0,82.6,0.4
20201003204137,0.0,0.0,2.6,0.0,3.4,0.1,92.7,1.1
20201003204207,0.0,0.0,0.9,0.0,0.5,0.0,98.4,0.2
20201003204238,0.0,0.0,0.1,0.0,0.1,0.0,99.8,0.0
20201003204308,0.0,0.0,0.3,0.0,0.3,0.0,99.2,0.1
20201003204338,0.0,0.0,0.0,0.0,0.5,0.0,99.5,0.1
20201003204408,0.0,0.0,0.0,0.0,0.7,0.1,98.8,0.4
20201003204438,0.0,0.0,0.0,0.0,0.3,0.0,99.7,0.0
20201003204508,0.0,0.0,0.0,0.0,0.4,0.1,99.6,0.0
20201003204538,0.0,0.0,0.0,0.0,0.2,0.1,99.4,0.3
20201003204608,0.0,0.0,0.0,0.0,0.1,0.0,99.3,0.7
20201003204638,0.0,0.0,0.0,0.0,0.2,0.0,99.8,0.1
20201003204708,0.0,0.0,0.0,0.0,0.2,0.1,98.7,1.0
20201003204738,0.0,0.0,0.0,0.0,0.2,0.0,99.5,0.2
20201003204808,0.0,0.0,0.0,0.0,0.6,0.0,97.8,1.7
20201003204838,0.0,0.0,0.0,0.0,0.3,0.0,99.2,0.5
20201003204908,0.0,0.0,0.0,0.0,7.7,0.1,75.4,16.8
20201003204938,0.0,0.0,0.0,0.0,0.4,0.0,98.6,1.0
20201003205008,0.0,0.0,0.0,0.0,3.3,0.0,36.9,59.8
20201003205038,0.0,0.0,0.0,0.0,0.1,0.0,96.8,3.0
20201003205108,0.0,0.0,0.0,0.0,0.2,0.0,96.7,3.1
20201003205138,0.0,0.0,0.0,0.0,0.1,0.0,99.3,0.6
20201003205208,0.0,0.0,0.0,0.0,0.1,0.0,98.1,1.8
20201003205238,0.0,0.0,0.0,0.0,0.3,0.0,64.1,35.6
20201003205308,0.0,0.0,0.0,0.0,0.2,0.0,85.3,14.5
20201003205338,0.0,0.0,0.0,0.0,0.0,0.0,99.7,0.2
20201003205408,0.0,0.0,0.0,0.0,0.1,0.0,99.3,0.6
20201003205438,0.0,0.0,0.0,0.0,0.0,0.0,100.0,0.0
20201003205508,0.0,0.0,0.0,0.0,0.2,0.0,99.2,0.5
20201003205538,0.0,0.0,0.0,0.0,0.1,0.0,99.7,0.1
20201003205608,0.0,0.0,0.0,0.0,0.0,0.0,99.9,0.0
20201003205638,0.0,0.0,0.0,0.0,0.7,0.0,98.9,0.4
20201003205708,0.0,0.0,0.0,0.0,0.0,0.0,100.0,0.0
20201003205738,0.0,0.0,0.0,0.0,0.0,0.0,100.0,0.0
20201003205808,0.0,0.0,0.0,0.0,0.1,0.0,99.5,0.4
20201003205838,0.0,0.0,0.0,0.0,0.0,0.0,99.8,0.2
20201003205908,0.0,0.0,0.0,0.0,0.0,0.0,100.0,0.0
20201003205938,0.0,0.0,0.0,0.0,0.0,0.0,100.0,0.0
20201003210008,0.0,0.0,0.0,0.0,0.6,0.0,99.4,0.0
20201003210038,0.0,0.0,0.0,0.0,0.9,0.0,99.1,0.0
20201003210108,0.0,0.0,0.0,0.0,0.1,0.0,99.9,0.0
20201003210138,0.0,0.0,0.0,0.0,0.0,0.0,100.0,0.0
20201003210208,0.0,0.0,0.0,0.0,0.0,0.0,100.0,0.0
20201003210238,0.0,0.0,0.0,0.0,6.7,0.0,93.2,0.0
20201003210308,0.0,0.0,0.0,0.0,0.4,0.0,99.6,0.0
20201003210338,0.0,0.0,0.0,0.0,0.2,0.0,99.8,0.0
20201003210408,0.0,0.0,0.0,0.0,0.0,0.0,100.0,0.0
20201003210438,0.0,0.0,0.0,0.0,0.2,0.0,99.8,0.0
20201003210508,0.0,0.0,0.0,0.0,0.5,0.0,99.5,0.0
20201003210538,0.0,0.0,0.0,0.0,0.7,0.0,99.3,0.0
20201003210608,0.0,0.0,0.0,0.0,0.6,0.0,99.4,0.0
20201003210638,0.0,0.0,0.0,0.0,5.6,0.0,94.4,0.1
20201003210708,0.0,0.0,0.1,0.1,40.7,0.0,59.1,0.0
20201003210738,0.0,0.0,0.0,0.0,99.8,0.0,0.2,0.0
20201003210808,0.0,0.0,0.0,0.0,100.0,0.0,0.0,0.0
20201003210838,0.0,0.0,0.0,0.1,99.9,0.0,0.0,0.0
20201003210908,0.0,0.0,0.0,0.0,100.0,0.0,0.0,0.0
20201003210938,0.0,0.0,0.0,0.0,100.0,0.0,0.0,0.0
20201003211009,0.0,0.0,0.0,0.0,99.8,0.0,0.2,0.0
20201003211039,0.0,0.0,0.0,0.0,86.4,0.0,12.2,1.4
20201003211109,0.0,0.0,0.0,0.0,53.2,0.0,46.4,0.4
20201003211139,0.0,0.0,0.0,0.0,15.5,0.0,84.4,0.1
20201003211209,0.0,0.0,0.0,0.0,0.9,0.0,99.1,0.0
20201003211239,0.0,0.0,0.0,0.0,0.0,0.0,100.0,0.0
20201003211309,0.0,0.0,0.0,0.0,0.0,0.0,100.0,0.0
20201003211339,0.0,0.0,0.0,0.0,0.1,0.0,99.9,0.0
20201003211409,0.0,0.0,0.0,0.0,0.1,0.0,99.9,0.0
20201003211439,0.0,0.0,0.0,0.0,0.0,0.0,100.0,0.0
20201003211509,0.0,0.0,0.0,0.0,0.0,0.0,100.0,0.0
20201003211539,0.0,0.0,0.0,0.0,0.3,0.0,99.7,0.0
20201003211609,0.0,0.0,0.0,0.0,0.1,0.0,99.9,0.0
20201003211639,0.0,0.0,0.0,0.0,0.0,0.0,100.0,0.0
20201003211709,0.0,0.0,0.0,0.0,0.0,0.0,100.0,0.0
20201003211739,0.0,0.0,0.0,0.0,0.0,0.0,100.0,0.0
20201003211809,0.0,0.0,0.0,0.0,0.0,0.0,100.0,0.0
20201003211839,0.0,0.0,0.0,0.0,0.0,0.0,100.0,0.0
20201003211909,0.0,0.0,0.0,0.0,0.0,0.0,100.0,0.0
20201003211939,0.0,0.0,0.0,0.0,0.1,0.0,99.9,0.0
20201003212009,0.0,0.0,0.0,0.0,0.1,0.0,99.9,0.0
20201003212039,0.0,0.0,0.0,0.0,0.0,0.0,100.0,0.0
20201003212109,0.0,0.0,0.0,0.0,0.1,0.0,99.9,0.0
20201003212139,0.0,0.0,0.0,0.0,0.5,0.0,99.5,0.0
20201003212209,0.0,0.0,0.0,0.0,0.0,0.0,100.0,0.0
20201003212239,0.0,0.0,0.0,0.0,0.3,0.0,99.7,0.0
20201003212309,0.0,0.0,0.0,0.0,0.9,0.0,99.0,0.0
20201003212339,0.0,0.0,0.0,0.0,1.9,0.0,98.1,0.0
20201003212409,0.0,0.0,0.0,0.0,0.8,0.0,99.2,0.0
20201003212439,0.0,0.0,0.0,0.0,0.4,0.0,99.6,0.0
20201003212509,0.0,0.0,0.0,0.0,0.4,0.0,99.6,0.0
20201003212539,0.0,0.0,0.0,0.0,1.6,0.0,98.4,0.1
20201003212609,0.0,0.0,0.0,0.0,0.7,0.0,99.3,0.0
20201003212639,0.0,0.0,0.0,0.0,5.7,0.0,94.3,0.0
20201003212709,0.0,0.0,0.0,0.0,3.0,0.0,97.0,0.0
20201003212739,0.0,0.0,0.0,0.0,19.7,0.0,80.2,0.1
20201003212809,0.0,0.0,0.0,0.0,5.4,0.0,94.6,0.0
20201003212839,0.0,0.0,0.0,0.0,7.7,0.0,92.2,0.0
20201003212909,0.0,0.0,0.0,0.0,6.1,0.0,93.7,0.2
20201003212939,0.0,0.0,0.0,0.0,31.5,0.0,68.2,0.3
20201003213009,0.0,0.0,0.0,0.0,79.6,0.0,20.3,0.1
20201003213039,0.0,0.0,0.0,0.0,8.4,0.0,91.6,0.1
20201003213109,0.0,0.0,0.0,0.0,16.0,0.0,83.8,0.1
20201003213139,0.0,0.0,0.0,0.0,23.7,0.1,76.0,0.2
20201003213209,0.0,0.0,0.0,0.0,37.7,0.1,62.0,0.3
20201003213239,0.0,0.0,0.0,0.0,36.4,0.1,63.2,0.3
20201003213309,0.0,0.0,0.0,0.0,48.2,0.1,51.6,0.1
20201003213339,0.0,0.0,0.0,0.0,67.7,0.1,31.8,0.5
20201003213409,0.0,0.0,0.0,0.0,44.0,0.1,54.9,1.0
20201003213439,0.0,0.0,0.0,0.0,33.5,0.1,64.6,1.8
20201003213509,0.0,0.0,0.0,0.0,24.1,0.2,75.6,0.1
20201003213539,0.0,0.0,0.0,0.0,59.4,0.1,40.0,0.5
20201003213609,0.0,0.0,0.0,0.0,16.0,0.2,83.3,0.5
20201003213639,0.0,0.0,0.0,0.0,62.2,0.4,36.4,1.0
20201003213709,0.0,0.0,0.0,0.0,55.7,0.1,43.5,0.7
20201003213739,0.0,0.0,0.0,0.0,60.8,0.1,38.1,1.1
20201003213809,0.0,0.0,0.0,0.0,58.6,0.8,40.1,0.4
20201003213839,0.0,0.0,0.0,0.0,26.1,1.3,72.1,0.5
20201003213909,0.0,0.0,0.0,0.0,52.6,1.2,45.7,0.5
20201003213939,0.0,0.0,0.0,0.0,24.1,0.4,75.4,0.1
20201003214009,0.0,0.0,0.0,0.0,28.0,0.5,70.1,1.4
20201003214039,0.0,0.0,0.0,0.0,36.6,0.6,61.6,1.2
20201003214109,0.0,0.0,0.0,0.0,43.2,0.8,55.5,0.5
20201003214139,0.0,0.0,0.0,0.0,49.5,2.2,47.8,0.6
20201003214209,0.0,0.0,0.0,0.0,39.1,0.7,60.0,0.2
20201003214239,0.0,0.0,0.0,0.0,58.5,0.4,40.6,0.4
20201003214309,0.0,0.0,0.0,0.0,51.0,0.2,48.6,0.2
20201003214339,0.0,0.0,0.0,0.0,16.2,0.5,83.2,0.0
20201003214409,0.0,0.0,0.0,0.0,24.5,1.0,74.3,0.1
20201003214440,0.0,0.0,0.0,0.0,38.2,1.3,60.4,0.1
20201003214510,0.0,0.0,0.0,0.0,47.4,2.8,49.7,0.0
20201003214540,0.0,0.0,0.0,0.0,53.4,0.8,45.8,0.1
20201003214610,0.0,0.0,0.0,0.0,63.1,1.1,35.7,0.1
20201003214640,0.0,0.0,0.0,0.0,37.3,1.0,61.7,0.1
20201003214710,0.0,0.0,0.0,0.0,30.3,1.4,68.3,0.1
20201003214740,0.0,0.0,0.0,0.0,52.4,0.9,46.1,0.5
20201003214810,0.0,0.0,0.0,0.0,8.1,0.7,91.2,0.0
20201003214840,0.0,0.0,0.0,0.0,8.9,1.5,89.5,0.1
20201003214910,0.0,0.0,0.0,0.0,19.7,0.4,79.8,0.2
20201003214940,0.0,0.0,0.0,0.0,5.5,0.1,94.3,0.0
20201003215010,0.0,0.0,0.0,0.0,16.3,0.4,83.2,0.1
20201003215040,0.0,0.0,0.0,0.0,19.1,0.9,79.8,0.1
20201003215110,0.0,0.0,0.0,0.0,23.6,0.4,75.8,0.1
20201003215140,0.0,0.0,0.0,0.0,27.4,0.3,72.2,0.1
20201003215210,0.0,0.0,0.0,0.0,16.4,1.1,82.4,0.1
20201003215240,0.0,0.0,0.0,0.0,42.9,1.0,55.8,0.2
20201003215310,0.0,0.0,0.0,0.0,8.2,2.2,89.5,0.0
20201003215340,0.0,0.0,0.0,0.0,13.3,0.6,86.1,0.1
20201003215410,0.0,0.0,0.0,0.0,3.4,0.6,96.0,0.0
20201003215440,0.0,0.0,0.0,0.0,6.1,1.1,92.8,0.0
20201003215510,0.0,0.0,0.0,0.0,5.1,0.7,94.2,0.0
20201003215540,0.0,0.0,0.0,0.0,10.0,0.8,89.1,0.0
20201003215610,0.0,0.0,0.0,0.0,10.4,0.7,88.6,0.3
20201003215640,0.0,0.0,0.0,0.0,7.1,2.3,90.5,0.1
20201003215710,0.0,0.0,0.0,0.0,2.9,0.3,96.7,0.0
20201003215740,0.0,0.0,0.0,0.0,2.2,0.2,97.5,0.0
20201003215810,0.0,0.0,0.0,0.0,14.7,0.4,84.8,0.1
20201003215840,0.0,0.0,0.0,0.0,43.6,0.6,55.6,0.2
20201003215910,0.0,0.0,0.0,0.0,23.4,0.4,76.1,0.1
20201003215940,0.0,0.0,0.0,0.0,5.8,0.4,93.7,0.1
20201003220010,0.0,0.0,0.0,0.0,6.6,0.2,92.9,0.2
20201003220040,0.0,0.0,0.0,0.0,1.5,0.4,97.9,0.1
20201003220110,0.0,0.0,0.0,0.0,11.3,0.5,87.9,0.3
20201003220140,0.0,0.0,0.0,0.0,16.9,0.4,82.3,0.4
20201003220210,0.0,0.0,0.0,0.0,16.2,0.4,83.2,0.2
20201003220240,0.0,0.0,0.0,0.0,26.2,0.5,72.8,0.5
20201003220310,0.0,0.0,0.0,0.0,9.5,0.2,90.2,0.1
20201003220340,0.0,0.0,0.0,0.0,44.0,0.5,55.0,0.6
20201003220410,0.0,0.0,0.0,0.0,22.0,0.5,77.3,0.2
20201003220440,0.0,0.0,0.0,0.0,10.7,3.6,85.6,0.1
20201003220510,0.0,0.0,0.0,0.0,47.6,2.6,49.8,0.1
20201003220540,0.0,0.0,0.0,0.0,19.6,3.6,76.7,0.2
20201003220610,0.0,0.0,0.0,0.0,18.7,1.2,79.9,0.1
20201003220640,0.0,0.0,0.0,0.0,31.9,1.2,66.6,0.3
20201003220710,0.0,0.0,0.0,0.0,21.4,2.0,76.6,0.1
20201003220740,0.0,0.0,0.0,0.0,14.9,2.7,82.1,0.3
20201003220810,0.0,0.0,0.0,0.0,30.4,11.4,57.9,0.4
20201003220840,0.0,0.0,0.0,0.0,5.5,0.8,93.7,0.1
20201003220910,0.0,0.0,0.0,0.0,10.4,1.8,87.7,0.1
20201003220940,0.0,0.0,0.0,0.0,11.3,1.9,86.6,0.1
20201003221010,0.0,0.0,0.0,0.0,16.4,2.4,81.1,0.1
20201003221040,0.0,0.0,0.0,0.0,40.8,2.5,56.7,0.1
20201003221110,0.0,0.0,0.0,0.0,34.4,2.4,63.1,0.1
20201003221140,0.0,0.0,0.0,0.0,17.5,1.3,81.1,0.1
20201003221210,0.0,0.0,0.0,0.0,38.6,8.1,52.9,0.3
20201003221240,0.0,0.0,0.0,0.0,18.4,2.0,79.6,0.0
20201003221310,0.0,0.0,0.0,0.0,30.5,0.6,68.8,0.1
20201003221340,0.0,0.0,0.0,0.0,5.7,0.9,93.4,0.1
20201003221410,0.0,0.0,0.0,0.0,29.1,0.3,70.3,0.2
20201003221440,0.0,0.0,0.0,0.0,24.8,0.6,74.2,0.4
20201003221510,0.0,0.0,0.0,0.0,34.5,1.2,64.1,0.2
20201003221540,0.0,0.0,0.0,0.0,11.9,0.4,87.6,0.1
20201003221610,0.0,0.0,0.0,0.0,6.8,0.1,93.0,0.1
20201003221640,0.0,0.0,0.0,0.0,25.1,0.8,73.9,0.2
20201003221710,0.0,0.0,0.0,0.0,30.9,1.7,67.2,0.2
20201003221740,0.0,0.0,0.0,0.0,7.6,0.2,92.1,0.1
20201003221810,0.0,0.0,0.0,0.0,12.6,0.2,87.2,0.0
20201003221841,0.0,0.0,0.0,0.0,18.8,1.1,80.0,0.1
20201003221911,0.0,0.0,0.0,0.0,29.0,0.3,70.4,0.3
20201003221941,0.0,0.0,0.0,0.0,52.7,0.4,46.5,0.4
20201003222011,0.0,0.0,0.0,0.0,41.0,0.3,58.5,0.2
20201003222041,0.0,0.0,0.0,0.0,22.0,1.3,76.6,0.1
20201003222111,0.0,0.0,0.0,0.0,35.9,0.5,63.4,0.2
20201003222141,0.0,0.0,0.0,0.0,12.6,0.8,86.2,0.4
20201003222211,0.0,0.0,0.0,0.0,55.8,0.9,42.3,0.9
20201003222241,0.0,0.0,0.0,0.0,51.4,0.1,48.1,0.4
20201003222311,0.0,0.0,0.0,0.0,18.5,0.8,80.5,0.2
20201003222341,0.0,0.0,0.0,0.0,56.3,0.6,42.8,0.3
20201003222411,0.0,0.0,0.0,0.0,54.1,0.7,45.1,0.1
20201003222441,0.0,0.0,0.0,0.0,13.9,0.8,85.3,0.1
20201003222511,0.0,0.0,0.0,0.0,12.6,0.2,87.2,0.0
20201003222541,0.0,0.0,0.0,0.0,20.5,1.9,77.4,0.2
20201003222611,0.0,0.0,0.0,0.0,62.7,1.5,34.9,0.9
20201003222641,0.0,0.0,0.0,0.0,25.5,3.0,70.8,0.8
20201003222711,0.0,0.0,0.0,0.0,1.2,0.6,94.6,3.6
20201003222741,0.0,0.0,0.0,0.0,4.9,0.3,52.8,41.9
20201003222811,0.0,0.0,0.0,0.0,1.8,0.1,74.6,23.5
20201003222841,0.0,0.0,0.0,0.0,4.6,0.0,84.9,10.5
20201003222911,0.0,0.0,0.0,0.0,0.2,0.0,67.5,32.3
20201003222941,0.0,0.0,0.0,0.0,0.7,0.0,16.6,82.7
20201003223011,0.0,0.0,0.0,0.0,0.7,0.0,8.5,90.9
20201003223041,0.0,0.0,0.0,0.0,0.2,0.0,3.5,96.3
20201003223111,0.0,0.0,0.0,0.0,0.2,0.0,1.7,98.1
20201003223141,0.0,0.0,0.0,0.0,0.2,0.0,1.3,98.5
20201003223211,0.0,0.0,0.0,0.0,0.6,0.0,1.0,98.4
20201003223241,0.0,0.0,0.0,0.0,1.1,0.0,1.6,97.3
20201003223311,0.0,0.0,0.0,0.0,1.0,0.0,8.5,90.5
20201003223341,0.0,0.0,0.0,0.0,1.0,0.0,13.0,86.0
20201003223411,0.0,0.0,0.0,0.0,0.3,0.0,4.3,95.4
20201003223441,0.0,0.0,0.0,0.0,0.2,0.0,5.1,94.7
20201003223511,0.0,0.0,0.0,0.0,1.3,0.0,16.0,82.7
20201003223541,0.0,0.0,0.0,0.0,0.2,0.0,9.2,90.6
20201003223611,0.0,0.0,0.0,0.0,0.4,0.0,12.7,86.9
20201003223641,0.0,0.0,0.0,0.0,0.2,0.0,5.6,94.2
20201003223711,0.0,0.0,0.0,0.0,0.7,0.0,19.1,80.2
20201003223741,0.0,0.0,0.0,0.0,0.1,0.0,5.8,94.1
20201003223811,0.0,0.0,0.0,0.0,0.1,0.0,5.1,94.8
20201003223841,0.0,0.0,0.0,0.0,0.3,0.0,5.3,94.3
20201003223911,0.0,0.0,0.0,0.0,0.1,0.0,10.0,89.9
20201003223941,0.0,0.0,0.0,0.0,0.6,0.0,14.5,84.9
20201003224011,0.0,0.0,0.0,0.0,0.2,0.0,1.7,98.1
20201003224041,0.0,0.0,0.0,0.0,0.6,0.0,15.7,83.7
20201003224111,0.0,0.0,0.0,0.0,0.0,0.0,18.9,81.0
20201003224141,0.0,0.0,0.0,0.0,0.3,0.0,43.5,56.2
20201003224211,0.0,0.0,0.0,0.0,1.0,0.0,24.8,74.2
20201003224241,0.0,0.0,0.0,0.0,0.5,0.0,28.1,71.5
20201003224311,0.0,0.0,0.0,0.0,1.1,0.0,48.3,50.6
20201003224341,0.0,0.0,0.0,0.0,9.1,0.0,36.1,54.8
20201003224411,0.0,0.0,0.0,0.0,1.3,0.0,42.6,56.0
20201003224441,0.0,0.0,0.0,0.0,3.6,0.0,51.5,44.9
20201003224511,0.0,0.0,0.0,0.0,0.4,0.0,14.5,85.1
20201003224541,0.0,0.0,0.0,0.0,0.9,0.0,5.2,93.9
20201003224612,0.0,0.0,0.0,0.0,4.0,0.0,23.5,72.5
20201003224642,0.0,0.0,0.0,0.0,2.8,0.1,68.1,29.0
20201003224712,0.0,0.0,0.0,0.0,1.7,0.0,14.1,84.3
20201003224742,0.0,0.0,0.0,0.0,0.8,0.0,72.3,26.9
20201003224812,0.0,0.0,0.0,0.0,18.5,3.8,63.8,13.9
20201003224842,0.0,0.0,0.0,0.0,81.6,0.1,18.3,0.0
20201003224912,0.0,0.0,0.0,0.0,79.6,0.0,20.3,0.0
20201003224942,0.0,0.0,0.0,0.0,89.8,0.1,10.1,0.0
20201003225012,0.1,0.0,0.0,0.0,83.0,0.0,16.9,0.0
20201003225042,0.0,0.0,0.0,0.0,40.5,0.0,59.4,0.0
20201003225112,0.0,0.0,0.0,0.0,64.4,0.0,35.5,0.1
20201003225142,0.0,0.0,0.0,0.0,33.0,0.0,66.7,0.3
20201003225212,0.0,0.0,0.0,0.0,14.3,1.5,84.1,0.1
20201003225242,0.0,0.0,0.0,0.0,33.4,0.9,65.5,0.2
20201003225312,0.0,0.0,0.0,0.0,0.6,0.1,98.1,1.2
20201003225342,0.0,0.0,0.0,0.0,1.0,0.4,54.5,44.2
20201003225412,0.0,0.0,0.0,0.0,1.8,0.5,32.9,64.8
20201003225442,0.0,0.0,0.0,0.0,0.7,0.0,78.3,21.0
20201003225512,0.0,0.0,0.0,0.0,0.9,0.0,79.0,20.2
20201003225542,0.0,0.0,0.0,0.0,3.2,0.0,41.8,55.0
20201003225612,0.0,0.0,0.0,0.0,3.1,0.0,20.7,76.2
20201003225642,0.0,0.0,0.0,0.0,6.1,0.0,17.3,76.6
20201003225712,0.0,0.0,0.0,0.0,4.8,0.0,27.1,68.1
20201003225742,0.0,0.0,0.0,0.0,4.3,0.0,53.8,41.9
20201003225812,0.0,0.0,0.0,0.0,4.1,0.0,22.8,73.1
20201003225842,0.0,0.0,0.0,0.0,2.0,0.0,15.2,82.8
20201003225912,0.0,0.0,0.0,0.0,7.6,0.0,39.5,52.9
20201003225942,0.0,0.0,0.0,0.0,2.4,0.0,44.1,53.5
20201003230012,0.0,0.0,0.0,0.0,4.5,0.0,14.3,81.2
20201003230042,0.0,0.0,0.0,0.0,3.1,0.0,0.4,96.5
20201003230112,0.0,0.0,0.0,0.0,0.5,0.0,1.0,98.5
20201003230142,0.0,0.0,0.0,0.0,30.2,0.0,4.0,65.8
20201003230212,0.0,0.0,0.0,0.0,5.9,0.0,25.0,69.1
20201003230242,0.0,0.0,0.0,0.0,0.4,0.0,11.0,88.6
20201003230312,0.0,0.0,0.0,0.0,69.4,0.1,10.6,19.9
20201003230342,0.0,0.0,0.0,0.0,75.5,0.0,3.7,20.8
20201003230412,0.0,0.0,0.0,0.0,53.8,0.1,29.1,17.1
20201003230442,0.0,0.0,0.0,0.0,32.0,0.0,47.1,20.9
20201003230512,0.0,0.0,0.0,0.0,9.3,0.0,0.2,90.4
20201003230542,0.0,0.0,0.0,0.0,8.8,0.0,1.9,89.2
20201003230612,0.0,0.0,0.0,0.0,3.8,0.0,1.7,94.5
20201003230642,0.0,0.0,0.0,0.0,2.7,0.0,0.8,96.5
20201003230712,0.0,0.0,0.0,0.0,8.3,0.0,17.9,73.8
20201003230742,0.0,0.0,0.0,0.0,0.2,0.0,8.3,91.5
20201003230812,0.0,0.0,0.0,0.0,2.7,0.0,3.9,93.3
20201003230842,0.0,0.0,0.0,0.0,0.5,0.0,29.0,70.4
20201003230912,0.0,0.0,0.0,0.0,0.4,0.0,0.4,99.2
20201003230942,0.0,0.0,0.0,0.0,0.1,0.0,2.0,97.9
20201003231012,0.0,0.0,0.0,0.0,0.0,0.0,0.0,100.0
20201003231042,0.0,0.0,0.0,0.0,0.0,0.0,0.1,99.9
20201003231112,0.0,0.0,0.0,0.0,0.0,0.0,0.0,100.0
20201003231142,0.0,0.0,0.0,0.0,0.0,0.0,0.0,100.0
20201003231212,0.0,0.0,0.0,0.0,0.0,0.0,0.0,100.0
20201003231242,0.0,0.0,0.0,0.0,0.0,0.0,0.0,100.0
20201003231312,0.0,0.0,0.0,0.0,0.0,0.0,0.0,100.0
20201003231342,0.0,0.0,0.0,0.0,0.0,0.0,0.0,100.0
20201003231412,0.0,0.0,0.0,0.0,0.0,0.0,0.0,100.0
20201003231442,0.0,0.0,0.0,0.0,0.0,0.0,0.0,100.0
20201003231512,0.0,0.0,0.0,0.0,0.0,0.0,0.0,100.0
20201003231542,0.0,0.0,0.0,0.0,0.0,0.0,0.0,100.0
20201003231612,0.0,0.0,0.0,0.0,0.1,0.0,0.0,99.9
20201003231642,0.0,0.0,0.0,0.0,0.0,0.0,0.0,100.0
20201003231712,0.0,0.0,0.0,0.0,0.1,0.0,0.0,99.9
20201003231742,0.0,0.0,0.0,0.0,0.0,0.0,0.0,100.0
20201003231812,0.0,0.0,0.0,0.0,0.0,0.0,0.0,100.0
20201003231842,0.0,0.0,0.0,0.0,0.0,0.0,0.0,100.0
20201003231912,0.0,0.0,0.0,0.0,0.3,0.0,0.0,99.7
20201003231942,0.0,0.0,0.0,0.0,0.0,0.0,0.0,100.0
20201003232013,0.0,0.0,0.0,0.0,0.0,0.0,0.0,100.0
20201003232043,0.0,0.0,0.0,0.0,0.1,0.0,0.0,99.9
20201003232113,0.0,0.0,0.0,0.0,0.0,0.0,0.0,100.0
20201003232143,0.0,0.0,0.0,0.0,0.1,0.0,0.0,99.9
20201003232213,0.0,0.0,0.0,0.0,0.0,0.0,0.0,100.0
20201003232243,0.0,0.0,0.0,0.0,0.3,0.0,0.0,99.7
20201003232313,0.0,0.0,0.0,0.0,0.1,0.0,0.0,99.9
20201003232343,0.0,0.0,0.0,0.0,0.2,0.0,0.0,99.8
20201003232413,0.0,0.0,0.0,0.0,0.2,0.0,0.0,99.8
20201003232443,0.0,0.0,0.0,0.0,0.5,0.0,0.0,99.5
20201003232513,0.0,0.0,0.0,0.0,0.1,0.0,0.0,99.9
20201003232543,0.0,0.0,0.0,0.0,0.4,0.0,0.0,99.6
20201003232613,0.0,0.0,0.0,0.0,32.4,0.0,0.0,67.6
20201003232643,0.0,0.0,0.0,0.0,100.0,0.0,0.0,0.0
20201003232713,0.0,0.0,0.0,0.0,96.1,0.0,3.9,0.0
20201003232743,0.0,0.0,0.0,0.0,90.2,0.0,9.8,0.0
20201003232813,0.1,0.0,0.0,0.0,93.7,0.0,6.2,0.0
20201003232843,0.1,0.0,0.0,0.0,53.0,0.0,46.9,0.0
20201003232913,0.0,0.0,0.0,0.0,49.2,0.0,50.8,0.0
20201003232943,0.0,0.0,0.0,0.0,22.8,0.0,77.2,0.0
20201003233013,0.0,0.0,0.0,0.0,77.4,0.0,22.5,0.0
20201003233043,0.0,0.0,0.0,0.0,69.1,0.0,30.9,0.0
20201003233113,0.0,0.0,0.0,0.0,85.1,0.0,14.9,0.0
20201003233143,0.0,0.0,0.0,0.0,95.5,0.0,4.4,0.0
20201003233213,0.0,0.0,0.0,0.0,96.6,0.0,3.4,0.0
20201003233243,0.0,0.0,0.0,0.0,97.7,0.0,2.3,0.0
20201003233313,0.0,0.0,0.0,0.0,96.9,0.0,3.1,0.0
20201003233343,0.0,0.0,0.0,0.0,88.9,0.0,11.1,0.0
20201003233413,0.0,0.0,0.0,0.0,85.1,0.0,14.9,0.0
