UT,arc,discrete,diffuse,ac,ab,clear,cloudy,dd
20200406192300,0.0,0.0,0.0,0.0,0.0,0.0,0.0,100.0
20200406192330,0.0,0.0,0.0,0.0,0.0,0.0,0.0,100.0
20200406192400,0.0,0.0,0.0,0.0,0.0,0.0,0.0,100.0
20200406192430,0.0,0.0,0.0,0.0,0.0,0.0,0.0,100.0
20200406192500,0.0,0.0,0.0,0.0,0.0,0.0,0.0,100.0
20200406192530,0.0,0.0,0.0,0.0,0.0,0.0,0.0,100.0
20200406192600,0.0,0.0,0.0,0.0,0.0,0.0,0.0,100.0
20200406192630,0.0,0.0,0.0,0.0,0.0,0.0,0.0,100.0
20200406192700,0.0,0.0,0.0,0.0,0.0,0.0,0.0,100.0
20200406192730,0.0,0.0,0.0,0.0,0.0,0.0,0.0,100.0
20200406192800,0.0,0.0,0.0,0.0,0.0,0.0,0.0,100.0
20200406192830,0.0,0.0,0.0,0.0,0.0,0.0,0.0,100.0
20200406192900,0.0,0.0,0.0,0.0,0.0,0.0,0.0,100.0
20200406192930,0.0,0.0,0.0,0.0,0.0,0.0,0.0,100.0
20200406193000,0.0,0.0,0.0,0.0,0.0,0.0,0.0,100.0
20200406193030,0.0,0.0,0.0,0.0,0.0,0.0,0.0,100.0
20200406193100,0.0,0.0,0.0,0.0,0.0,0.0,0.0,100.0
20200406193130,0.0,0.0,0.0,0.0,0.0,0.0,0.0,100.0
20200406193200,0.0,0.0,0.0,0.0,0.0,0.0,0.0,100.0
20200406193230,0.0,0.0,0.0,0.0,0.0,0.0,0.0,100.0
20200406193300,0.0,0.0,0.0,0.0,0.0,0.0,0.0,100.0
20200406193330,0.0,0.0,0.0,0.0,0.0,0.0,0.0,100.0
20200406193400,0.0,0.0,0.0,0.0,0.0,0.0,0.0,100.0
20200406193430,0.0,0.0,0.0,0.0,0.0,0.0,0.0,100.0
20200406193500,0.0,0.0,0.0,0.0,0.0,0.0,0.0,100.0
20200406193530,0.0,0.0,0.0,0.0,0.0,0.0,0.0,100.0
20200406193600,0.0,0.0,0.0,0.0,0.0,0.0,0.0,100.0
20200406193630,0.0,0.0,0.0,0.0,0.0,0.0,0.0,100.0
20200406193700,0.0,0.0,0.0,0.0,0.0,0.0,0.0,100.0
20200406193730,0.0,0.0,0.0,0.0,0.0,0.0,0.0,100.0
20200406193800,0.0,0.0,0.0,0.0,0.0,0.0,0.0,100.0
20200406193830,0.0,0.0,0.0,0.0,0.0,0.0,0.0,100.0
20200406193900,0.0,0.0,0.0,0.0,0.0,0.0,0.0,100.0
20200406193930,0.0,0.0,0.0,0.0,0.0,0.0,0.0,100.0
20200406194000,0.0,0.0,0.0,0.0,0.0,0.0,0.0,100.0
20200406194030,0.0,0.0,0.0,0.0,0.0,0.0,0.0,100.0
20200406194100,0.0,0.0,0.0,0.0,0.0,0.0,0.0,100.0
20200406194130,0.0,0.0,0.0,0.0,0.0,0.0,0.0,100.0
20200406194200,0.0,0.0,0.0,0.0,0.0,0.0,0.0,100.0
20200406194230,0.0,0.0,0.0,0.0,0.0,0.0,0.0,100.0
20200406194300,0.0,0.0,0.0,0.0,0.0,0.0,0.0,100.0
20200406194330,0.0,0.0,0.0,0.0,0.0,0.0,0.0,100.0
20200406194400,0.0,0.0,0.0,0.0,0.0,0.0,0.0,100.0
20200406194430,0.0,0.0,0.0,0.0,0.0,0.0,0.0,100.0
20200406194500,0.0,0.0,0.0,0.0,0.0,0.0,0.0,100.0
20200406194530,0.0,0.0,0.0,0.0,0.0,0.0,0.0,100.0
20200406194600,0.0,0.0,0.0,0.0,0.0,0.0,0.0,100.0
20200406194630,0.0,0.0,0.0,0.0,0.0,0.0,0.0,100.0
20200406194700,0.0,0.0,0.0,0.0,0.0,0.0,0.0,100.0
20200406194730,0.0,0.0,0.0,0.0,0.0,0.0,0.0,100.0
20200406194800,0.0,0.0,0.0,0.0,0.0,0.0,0.0,100.0
20200406194830,0.0,0.0,0.0,0.0,0.0,0.0,0.0,100.0
20200406194900,0.0,0.0,0.0,0.0,0.0,0.0,0.0,100.0
20200406194930,0.0,0.0,0.0,0.0,0.0,0.0,0.0,100.0
20200406195000,0.0,0.0,0.0,0.0,0.0,0.0,0.0,100.0
20200406195030,0.0,0.0,0.0,0.0,0.0,0.0,0.0,100.0
20200406195100,0.0,0.0,0.0,0.0,0.0,0.0,0.0,100.0
20200406195130,0.0,0.0,0.0,0.0,0.0,0.0,0.0,100.0
20200406195200,0.0,0.0,0.0,0.0,0.0,0.0,0.0,100.0
20200406195230,0.0,0.0,0.0,0.0,0.0,0.0,0.0,100.0
20200406195301,0.0,0.0,0.0,0.0,0.0,0.0,0.0,100.0
20200406195331,0.0,0.0,0.0,0.0,0.0,0.0,0.0,100.0
20200406195401,0.0,0.0,0.0,0.0,0.0,0.0,0.0,100.0
20200406195431,0.0,0.0,0.0,0.0,0.0,0.0,0.0,100.0
20200406195501,0.0,0.0,0.0,0.0,0.0,0.0,0.0,100.0
20200406195531,0.0,0.0,0.0,0.0,0.0,0.0,0.0,100.0
20200406195601,0.0,0.0,0.0,0.0,0.0,0.0,0.0,100.0
20200406195631,0.0,0.0,0.0,0.0,0.0,0.0,0.0,100.0
20200406195701,0.0,0.0,0.0,0.0,0.0,0.0,0.0,100.0
20200406195731,0.0,0.0,0.0,0.0,0.0,0.0,0.0,100.0
20200406195801,0.0,0.0,0.0,0.0,0.0,0.0,0.0,100.0
20200406195831,0.0,0.0,0.0,0.0,0.0,0.0,0.0,100.0
20200406195901,0.0,0.0,0.0,0.0,0.0,0.0,0.0,100.0
20200406195931,0.0,0.0,0.0,0.0,0.0,0.0,0.0,100.0
20200406200001,0.0,0.0,0.0,0.0,0.0,0.0,0.0,100.0
20200406200031,0.0,0.0,0.0,0.0,0.0,0.0,0.0,100.0
20200406200101,0.0,0.0,0.0,0.0,0.0,0.0,0.0,100.0
20200406200131,0.0,0.0,0.0,0.0,0.1,0.0,0.0,99.9
20200406200201,0.0,0.0,0.0,0.0,0.0,0.0,0.0,100.0
20200406200231,0.0,0.0,0.0,0.0,0.1,0.0,0.0,99.9
20200406200301,0.0,0.0,0.0,0.0,0.1,0.0,0.0,99.9
20200406200331,0.0,0.0,0.0,0.0,0.2,0.0,0.0,99.8
20200406200401,0.0,0.0,0.0,0.0,0.1,0.0,0.0,99.9
20200406200431,0.0,0.0,0.0,0.0,0.1,0.0,0.0,99.9
20200406200501,0.0,0.0,0.0,0.0,0.1,0.0,0.0,99.9
20200406200531,0.0,0.0,0.0,0.0,0.4,0.0,0.0,99.6
20200406200601,0.0,0.0,0.0,0.0,0.2,0.0,0.0,99.8
20200406200631,0.0,0.0,0.0,0.0,0.3,0.0,0.0,99.7
20200406200701,0.0,0.0,0.0,0.0,0.1,0.0,0.0,99.9
20200406200731,0.0,0.0,0.0,0.0,0.0,0.0,0.0,100.0
20200406200801,0.0,0.0,0.0,0.0,0.1,0.0,0.0,99.9
20200406200831,0.0,0.0,0.0,0.0,0.1,0.0,0.0,99.9
20200406200901,0.0,0.0,0.0,0.0,0.2,0.0,0.0,99.8
20200406200931,0.0,0.0,0.0,0.0,0.0,0.0,0.0,100.0
20200406201001,0.0,0.0,0.0,0.0,0.2,0.0,0.0,99.8
20200406201031,0.0,0.0,0.0,0.0,0.1,0.0,0.0,99.9
20200406201101,0.0,0.0,0.0,0.0,0.1,0.0,0.0,99.9
20200406201131,0.0,0.0,0.0,0.0,0.0,0.0,0.0,100.0
20200406201201,0.0,0.0,0.0,0.0,0.0,0.0,0.0,100.0
20200406201231,0.0,0.0,0.0,0.0,0.0,0.0,0.0,100.0
20200406201301,0.0,0.0,0.0,0.0,0.0,0.0,0.0,100.0
20200406201331,0.0,0.0,0.0,0.0,0.0,0.0,0.0,100.0
20200406201401,0.0,0.0,0.0,0.0,0.0,0.0,0.0,100.0
20200406201431,0.0,0.0,0.0,0.0,0.0,0.0,0.0,100.0
20200406201501,0.0,0.0,0.0,0.0,0.0,0.0,0.0,100.0
20200406201531,0.0,0.0,0.0,0.0,0.0,0.0,0.0,100.0
20200406201601,0.0,0.0,0.0,0.0,0.0,0.0,0.0,100.0
20200406201631,0.0,0.0,0.0,0.0,0.0,0.0,0.0,100.0
20200406201701,0.0,0.0,0.0,0.0,0.0,0.0,0.0,100.0
20200406201731,0.0,0.0,0.0,0.0,0.0,0.0,0.0,100.0
20200406201801,0.0,0.0,0.0,0.0,0.0,0.0,0.0,100.0
20200406201831,0.0,0.0,0.0,0.0,0.0,0.0,0.0,100.0
20200406201901,0.0,0.0,0.0,0.0,0.0,0.0,0.0,100.0
20200406201931,0.0,0.0,0.0,0.0,0.0,0.0,0.0,100.0
20200406202001,0.0,0.0,0.0,0.0,0.0,0.0,0.0,99.9
20200406202032,0.0,0.0,0.0,0.0,0.0,0.0,0.0,100.0
20200406202102,0.0,0.0,0.0,0.0,0.0,0.0,0.0,100.0
20200406202132,0.0,0.0,0.0,0.0,0.0,0.0,0.1,99.9
20200406202202,0.0,0.0,0.0,0.0,0.0,0.0,0.1,99.8
20200406202232,0.0,0.0,0.0,0.0,0.1,0.0,0.6,99.2
20200406202432,0.0,0.0,0.0,0.0,90.2,0.0,0.1,9.6
20200406202502,0.0,0.0,0.0,0.0,96.9,0.0,0.1,3.0
20200406202532,0.0,0.0,0.0,0.0,88.8,0.0,0.2,11.0
20200406202602,0.0,0.0,0.0,0.0,94.2,0.0,0.4,5.3
20200406202632,0.0,0.0,0.0,0.0,91.3,0.0,0.4,8.2
20200406202702,0.0,0.0,0.0,0.0,98.2,0.0,0.1,1.6
20200406202732,0.0,0.0,0.0,0.0,97.7,0.0,0.3,2.0
20200406202802,0.0,0.0,0.0,0.0,96.9,0.0,0.3,2.8
20200406202832,0.0,0.0,0.0,0.0,89.1,0.0,0.7,10.1
20200406202902,0.0,0.0,0.0,0.0,96.8,0.0,0.4,2.8
20200406202932,0.0,0.0,0.0,0.0,96.8,0.0,0.4,2.7
20200406203002,0.0,0.0,0.0,0.0,98.2,0.0,0.2,1.5
20200406203032,0.0,0.0,0.0,0.0,97.5,0.0,0.5,2.0
20200406203102,0.0,0.0,0.0,0.0,97.0,0.0,0.8,2.1
20200406203132,0.0,0.0,0.0,0.0,97.5,0.0,0.8,1.7
20200406203202,0.0,0.0,0.0,0.0,97.2,0.0,1.5,1.2
20200406203232,0.0,0.0,0.0,0.0,97.2,0.0,1.2,1.6
20200406203302,0.0,0.0,0.0,0.0,89.1,0.0,5.5,5.4
20200406203332,0.0,0.0,0.0,0.0,96.8,0.0,1.4,1.8
20200406203402,0.0,0.0,0.0,0.0,95.3,0.0,2.2,2.4
20200406203432,0.0,0.0,0.0,0.0,94.3,0.0,2.3,3.3
20200406203502,0.0,0.0,0.0,0.0,95.4,0.0,2.9,1.6
20200406203532,0.0,0.0,0.0,0.0,95.6,0.0,3.4,1.0
20200406203602,0.0,0.0,0.0,0.0,97.3,0.0,2.3,0.4
20200406203632,0.0,0.0,0.0,0.0,95.1,0.0,3.8,1.1
20200406203702,0.0,0.0,0.0,0.1,92.6,0.0,5.5,1.8
20200406203732,0.0,0.0,0.0,0.0,90.9,0.0,6.9,2.1
20200406203802,0.0,0.0,0.0,0.1,93.8,0.0,4.8,1.2
20200406203832,0.0,0.0,0.0,0.1,88.3,0.0,9.0,2.5
20200406203902,0.0,0.0,0.0,0.0,95.6,0.0,3.4,0.9
20200406203932,0.0,0.0,0.0,0.0,84.1,0.0,14.4,1.4
20200406204002,0.0,0.0,0.0,0.1,87.8,0.0,10.1,2.1
20200406204032,0.0,0.0,0.0,0.0,93.9,0.0,5.5,0.6
20200406204102,0.0,0.0,0.0,0.1,91.6,0.0,7.1,1.2
20200406204132,0.0,0.0,0.0,0.0,91.7,0.0,7.3,0.9
20200406204202,0.0,0.0,0.0,0.1,76.2,0.0,21.7,2.0
20200406204232,0.0,0.0,0.0,0.1,86.7,0.0,11.5,1.7
20200406204302,0.0,0.0,0.0,0.1,67.4,0.0,27.7,4.8
20200406204332,0.0,0.0,0.0,0.1,68.0,0.0,29.3,2.6
20200406204402,0.0,0.0,0.0,0.0,70.7,0.0,27.7,1.6
20200406204432,0.0,0.0,0.0,0.0,36.0,0.0,62.0,1.9
20200406204502,0.0,0.0,0.0,0.1,65.8,0.0,32.7,1.4
20200406204532,0.0,0.0,0.0,0.1,71.3,0.0,28.0,0.7
20200406204602,0.0,0.0,0.0,0.0,33.4,0.0,66.0,0.5
20200406204632,0.0,0.0,0.0,0.1,40.1,0.0,58.9,0.9
20200406204702,0.0,0.0,0.0,0.0,44.2,0.0,55.0,0.8
20200406204732,0.0,0.0,0.0,0.0,51.2,0.0,48.0,0.7
20200406204802,0.0,0.0,0.0,0.1,36.8,0.1,62.2,0.8
20200406204832,0.0,0.0,0.0,0.1,44.7,0.0,54.5,0.7
20200406204902,0.0,0.0,0.0,0.0,63.6,0.0,35.8,0.5
20200406204932,0.0,0.0,0.0,0.1,28.4,0.0,70.7,0.7
20200406205002,0.0,0.0,0.0,0.1,13.6,0.0,85.9,0.5
20200406205032,0.0,0.0,0.0,0.2,29.6,0.0,69.8,0.5
20200406205102,0.0,0.0,0.0,0.1,33.1,0.0,66.2,0.6
20200406205132,0.0,0.0,0.0,0.0,32.5,0.0,67.0,0.4
20200406205202,0.0,0.0,0.0,0.0,44.9,0.0,54.4,0.7
20200406205232,0.0,0.0,0.0,0.1,33.2,0.0,65.5,1.2
20200406205302,0.0,0.0,0.0,0.1,32.4,0.0,66.6,0.8
20200406205332,0.0,0.0,0.0,0.0,25.0,0.0,74.1,0.8
20200406205402,0.0,0.0,0.0,0.0,19.2,0.0,80.4,0.4
20200406205433,0.0,0.0,0.0,0.1,21.5,0.0,78.0,0.3
20200406205503,0.0,0.0,0.0,0.1,35.0,0.0,64.5,0.4
20200406205533,0.0,0.0,0.0,0.1,33.5,0.1,65.9,0.4
20200406205603,0.0,0.0,0.0,0.1,31.1,0.0,68.3,0.5
20200406205633,0.0,0.0,0.0,0.0,19.9,0.0,79.7,0.2
20200406205703,0.0,0.0,0.0,0.1,11.1,0.1,88.3,0.4
20200406205733,0.0,0.0,0.0,0.0,32.3,0.0,67.2,0.4
20200406205803,0.0,0.0,0.0,0.0,32.2,0.0,67.1,0.6
20200406205833,0.0,0.0,0.0,0.0,15.7,0.0,83.7,0.5
20200406205903,0.0,0.0,0.0,0.0,22.6,0.0,76.8,0.5
20200406205933,0.0,0.0,0.0,0.0,19.1,0.0,80.6,0.2
20200406210003,0.0,0.0,0.0,0.0,15.7,0.0,84.1,0.1
20200406210033,0.0,0.0,0.0,0.0,21.5,0.0,78.0,0.4
20200406210103,0.0,0.0,0.0,0.0,26.6,0.0,73.2,0.2
20200406210133,0.0,0.0,0.0,0.0,16.1,0.0,83.5,0.3
20200406210203,0.0,0.0,0.0,0.0,12.1,0.0,87.1,0.7
20200406210233,0.0,0.0,0.0,0.0,14.0,0.0,85.5,0.4
20200406210303,0.0,0.0,0.0,0.0,20.6,0.0,79.0,0.4
20200406210333,0.0,0.0,0.0,0.0,11.0,0.0,88.7,0.3
20200406210403,0.0,0.0,0.0,0.0,9.7,0.0,90.1,0.2
20200406210433,0.0,0.0,0.0,0.0,10.0,0.0,89.7,0.2
20200406210503,0.0,0.0,0.0,0.0,3.5,0.0,96.3,0.2
20200406210533,0.0,0.0,0.0,0.0,9.5,0.0,90.2,0.2
20200406210603,0.0,0.0,0.0,0.0,6.4,0.0,93.2,0.3
20200406210633,0.0,0.0,0.0,0.0,10.1,0.0,89.4,0.4
20200406210703,0.0,0.0,0.0,0.0,11.8,0.0,87.8,0.3
20200406210733,0.0,0.0,0.0,0.0,10.0,0.0,89.3,0.7
20200406210803,0.0,0.0,0.0,0.0,6.9,0.0,92.6,0.5
20200406210833,0.0,0.0,0.0,0.0,23.2,0.0,76.4,0.3
20200406210903,0.0,0.0,0.0,0.0,5.8,0.0,93.6,0.6
20200406210933,0.0,0.0,0.0,0.0,8.1,0.0,91.3,0.5
20200406211003,0.0,0.0,0.0,0.0,6.1,0.0,93.5,0.3
20200406211033,0.0,0.0,0.0,0.0,6.1,0.0,93.2,0.6
20200406211103,0.0,0.0,0.0,0.0,12.5,0.0,86.9,0.6
20200406211133,0.0,0.0,0.0,0.0,14.4,0.0,85.0,0.6
20200406211203,0.0,0.0,0.0,0.0,7.0,0.0,92.3,0.7
20200406211233,0.0,0.0,0.0,0.0,4.1,0.0,95.7,0.2
20200406211303,0.0,0.0,0.0,0.0,2.5,0.0,97.3,0.3
20200406211333,0.0,0.0,0.0,0.0,6.2,0.0,93.2,0.5
20200406211403,0.0,0.0,0.0,0.0,3.7,0.0,95.8,0.4
20200406211433,0.0,0.0,0.0,0.0,3.6,0.0,96.1,0.3
20200406211503,0.0,0.0,0.0,0.0,8.9,0.0,90.8,0.3
20200406211533,0.0,0.0,0.0,0.0,6.4,0.0,93.3,0.3
20200406211603,0.0,0.0,0.0,0.0,8.9,0.0,90.7,0.4
20200406211633,0.0,0.0,0.0,0.0,5.4,0.0,93.9,0.7
20200406211703,0.0,0.0,0.0,0.0,4.0,0.0,95.7,0.3
20200406211733,0.0,0.0,0.0,0.0,3.8,0.0,95.7,0.5
20200406211803,0.0,0.0,0.0,0.0,8.0,0.0,91.6,0.3
20200406211833,0.0,0.0,0.0,0.0,4.0,0.0,95.8,0.3
20200406211903,0.0,0.0,0.0,0.0,7.8,0.0,91.8,0.3
20200406211933,0.0,0.0,0.0,0.0,7.5,0.0,92.1,0.4
20200406212003,0.0,0.0,0.0,0.0,2.4,0.0,97.3,0.3
20200406212033,0.0,0.0,0.0,0.0,4.1,0.0,95.5,0.4
20200406212103,0.0,0.0,0.0,0.0,4.7,0.0,94.2,1.1
20200406212133,0.0,0.0,0.0,0.0,3.5,0.0,95.6,0.9
20200406212203,0.0,0.0,0.0,0.0,16.2,0.0,82.3,1.3
20200406212233,0.0,0.0,0.0,0.0,4.9,0.0,94.5,0.5
20200406212303,0.0,0.0,0.0,0.0,5.4,0.0,93.7,0.8
20200406212333,0.0,0.0,0.0,0.0,1.9,0.0,97.8,0.3
20200406212403,0.0,0.0,0.0,0.0,0.9,0.0,98.7,0.3
20200406212433,0.0,0.0,0.0,0.0,2.1,0.0,97.5,0.4
20200406212503,0.0,0.0,0.0,0.0,3.1,0.0,95.9,1.0
20200406212533,0.0,0.0,0.0,0.0,2.5,0.0,96.8,0.7
20200406212603,0.0,0.0,0.0,0.0,3.4,0.0,96.0,0.5
20200406212633,0.0,0.0,0.0,0.0,1.4,0.0,98.0,0.5
20200406212703,0.0,0.0,0.0,0.0,1.9,0.0,97.6,0.5
20200406212733,0.0,0.0,0.0,0.0,1.3,0.0,98.5,0.3
20200406212803,0.0,0.0,0.0,0.0,2.0,0.0,97.6,0.3
20200406212834,0.0,0.0,0.0,0.0,4.5,0.0,94.8,0.7
20200406212904,0.0,0.0,0.0,0.0,1.6,0.0,98.1,0.3
20200406212934,0.0,0.0,0.0,0.0,1.7,0.0,97.9,0.3
20200406213004,0.0,0.0,0.0,0.0,1.8,0.0,97.4,0.8
20200406213034,0.0,0.0,0.0,0.0,2.0,0.0,97.7,0.3
20200406213104,0.0,0.0,0.0,0.0,1.1,0.0,98.7,0.1
20200406213134,0.0,0.0,0.0,0.0,1.4,0.0,98.4,0.3
20200406213204,0.0,0.0,0.0,0.0,0.9,0.0,98.8,0.3
20200406213234,0.0,0.0,0.0,0.0,1.3,0.0,98.2,0.5
20200406213304,0.0,0.0,0.0,0.0,1.1,0.0,98.7,0.1
20200406213334,0.0,0.0,0.0,0.0,1.5,0.0,97.8,0.7
20200406213404,0.0,0.0,0.0,0.0,0.8,0.0,98.7,0.5
20200406213434,0.0,0.0,0.0,0.0,0.9,0.0,98.7,0.4
20200406213504,0.0,0.0,0.0,0.0,0.8,0.0,99.0,0.2
20200406213534,0.0,0.0,0.0,0.0,0.5,0.0,98.9,0.5
20200406213604,0.0,0.0,0.0,0.0,1.0,0.0,98.8,0.2
20200406213634,0.0,0.0,0.0,0.0,0.4,0.0,99.1,0.5
20200406213704,0.0,0.0,0.0,0.0,0.3,0.0,99.4,0.2
20200406213734,0.0,0.0,0.0,0.0,0.5,0.0,99.3,0.2
20200406213804,0.0,0.0,0.0,0.0,0.9,0.0,98.7,0.4
20200406213834,0.0,0.0,0.0,0.0,0.5,0.0,99.2,0.3
20200406213904,0.0,0.0,0.0,0.0,0.4,0.0,99.4,0.2
20200406213934,0.0,0.0,0.0,0.0,0.1,0.0,99.7,0.2
20200406214004,0.0,0.0,0.0,0.0,0.3,0.0,99.3,0.4
20200406214034,0.0,0.0,0.0,0.0,0.2,0.0,99.4,0.3
20200406214104,0.0,0.0,0.0,0.0,0.6,0.0,99.1,0.3
20200406214134,0.0,0.0,0.0,0.0,0.4,0.0,99.2,0.4
20200406214204,0.0,0.0,0.0,0.0,3.0,0.0,96.9,0.1
20200406214234,0.0,0.0,0.0,0.0,11.4,0.0,88.4,0.2
20200406214304,0.0,0.0,0.0,0.2,7.1,0.0,92.2,0.5
20200406214334,0.0,0.0,0.0,0.2,25.2,0.0,73.0,1.6
20200406214404,0.0,0.0,0.0,0.1,4.2,0.0,95.4,0.3
20200406214434,0.0,0.0,0.0,0.1,19.0,0.0,78.8,2.1
20200406214504,0.0,0.0,0.0,0.1,42.8,0.1,47.3,9.8
20200406214534,0.0,0.0,0.0,0.1,55.9,0.0,37.8,6.1
20200406214604,0.0,0.0,0.0,0.0,21.2,0.0,71.0,7.7
20200406214634,0.0,0.0,0.0,0.0,20.9,0.0,60.3,18.8
20200406214704,0.0,0.0,0.0,0.0,8.5,0.0,88.3,3.2
20200406214734,0.0,0.0,0.0,0.0,29.4,0.0,55.7,14.8
20200406214804,0.0,0.0,0.0,0.0,27.5,0.0,65.2,7.2
20200406214834,0.0,0.0,0.0,0.0,2.0,0.0,95.2,2.8
20200406214904,0.0,0.0,0.0,0.0,17.9,0.0,70.6,11.5
20200406214934,0.0,0.0,0.0,0.1,18.6,0.1,67.4,13.8
20200406215004,0.0,0.0,0.0,0.0,16.5,0.0,69.1,14.4
20200406215034,0.0,0.0,0.0,0.0,16.3,0.0,70.2,13.4
20200406215104,0.0,0.0,0.0,0.1,22.0,0.0,67.3,10.6
20200406215134,0.0,0.0,0.0,0.0,6.9,0.0,91.3,1.8
20200406215204,0.0,0.0,0.0,0.0,20.7,0.0,71.3,7.9
20200406215234,0.0,0.0,0.0,0.0,15.7,0.0,70.8,13.4
20200406215304,0.0,0.0,0.0,0.0,19.5,0.0,78.7,1.7
20200406215334,0.0,0.0,0.0,0.0,30.2,0.0,60.6,9.1
20200406215404,0.0,0.0,0.0,0.1,21.7,0.0,63.7,14.5
20200406215434,0.0,0.0,0.0,0.1,34.4,0.0,49.5,15.9
20200406215504,0.0,0.0,0.0,0.2,23.4,0.0,70.9,5.4
20200406215534,0.0,0.0,0.0,0.1,37.7,0.0,55.1,7.2
20200406215604,0.0,0.0,0.0,0.0,43.9,0.0,46.8,9.2
20200406215635,0.0,0.0,0.0,0.1,14.4,0.0,83.6,1.9
20200406215705,0.0,0.0,0.0,0.0,11.3,0.0,88.4,0.2
20200406215735,0.0,0.0,0.0,0.1,8.2,0.0,91.5,0.2
20200406215805,0.0,0.0,0.0,0.0,4.8,0.0,95.0,0.1
20200406215835,0.0,0.0,0.0,0.1,15.5,0.0,84.0,0.4
20200406215905,0.0,0.0,0.0,0.1,15.3,0.0,83.2,1.3
20200406215935,0.0,0.0,0.0,0.1,30.9,0.0,66.5,2.4
20200406220005,0.0,0.0,0.0,0.1,6.8,0.1,90.7,2.3
20200406220035,0.0,0.0,0.1,0.1,17.5,0.1,75.6,6.6
20200406220105,0.0,0.0,0.1,0.1,11.6,0.1,84.5,3.6
20200406220135,0.0,0.0,0.1,0.1,14.6,0.1,79.3,5.8
20200406220205,0.0,0.0,0.0,0.1,21.3,0.1,70.5,8.0
20200406220235,0.0,0.0,0.0,0.1,27.3,0.1,61.1,11.4
20200406220305,0.0,0.0,0.0,0.1,20.5,0.0,71.9,7.5
20200406220335,0.0,0.0,0.0,0.1,21.9,0.0,68.6,9.3
20200406220405,0.0,0.0,0.1,0.1,21.9,0.1,55.2,22.6
20200406220435,0.0,0.0,0.1,0.2,22.3,0.1,61.0,16.3
20200406220505,0.0,0.0,0.1,0.1,23.5,0.1,49.9,26.3
20200406220535,0.0,0.0,0.0,0.1,26.7,0.0,55.5,17.6
20200406220605,0.0,0.0,0.0,0.1,28.2,0.1,58.8,12.8
20200406220635,0.0,0.0,0.0,0.1,30.4,0.1,57.3,12.0
20200406220705,0.0,0.0,0.0,0.1,18.3,0.1,68.0,13.4
20200406220735,0.0,0.0,0.0,0.1,36.6,0.1,48.0,15.1
20200406220805,0.0,0.0,0.1,0.1,38.8,0.1,45.2,15.6
20200406220835,0.0,0.0,0.0,0.1,10.8,0.0,84.3,4.8
20200406220905,0.0,0.0,0.1,0.1,27.2,0.1,65.2,7.4
20200406220935,0.0,0.0,0.0,0.1,10.3,0.1,65.4,24.1
20200406221005,0.0,0.0,0.1,0.1,34.9,0.1,55.1,9.5
20200406221035,0.0,0.0,0.0,0.1,24.3,0.1,68.0,7.5
20200406221105,0.0,0.0,0.1,0.1,24.5,0.1,66.8,8.4
20200406221135,0.0,0.0,0.0,0.1,15.5,0.1,77.9,6.3
20200406221205,0.0,0.0,0.1,0.1,21.1,0.1,73.3,5.3
20200406221235,0.0,0.0,0.0,0.0,36.0,0.0,56.4,7.4
20200406221305,0.0,0.0,0.1,0.1,24.9,0.1,68.5,6.3
20200406221335,0.0,0.0,0.0,0.0,12.3,0.1,81.4,6.1
20200406221405,0.0,0.0,0.0,0.0,11.9,0.0,79.8,8.2
20200406221435,0.0,0.0,0.0,0.0,9.3,0.0,88.3,2.3
20200406221505,0.0,0.0,0.0,0.0,9.0,0.0,88.4,2.5
20200406221535,0.0,0.0,0.0,0.0,12.6,0.0,85.0,2.2
20200406221605,0.0,0.0,0.0,0.0,23.2,0.2,72.3,4.2
20200406221635,0.0,0.0,0.1,0.2,18.2,0.1,75.7,5.7
20200406221705,0.0,0.0,0.0,0.0,8.8,0.1,85.0,5.9
20200406221735,0.0,0.0,0.0,0.0,12.4,0.0,82.0,5.5
20200406221805,0.0,0.0,0.0,0.1,26.1,0.1,54.8,18.8
20200406221835,0.0,0.0,0.0,0.1,18.7,0.1,75.1,5.9
20200406221905,0.0,0.0,0.0,0.1,16.7,0.0,78.5,4.7
20200406221935,0.0,0.0,0.1,0.1,18.5,0.2,74.8,6.2
20200406222005,0.0,0.0,0.0,0.0,27.1,0.1,69.1,3.5
20200406222035,0.0,0.0,0.0,0.0,23.1,0.1,69.7,7.0
20200406222105,0.0,0.0,0.0,0.1,33.0,0.1,60.0,6.8
20200406222135,0.0,0.0,0.0,0.0,14.0,0.1,81.2,4.7
20200406222205,0.0,0.0,0.1,0.0,19.6,0.1,74.9,5.2
20200406222235,0.0,0.0,0.0,0.1,25.6,0.1,72.1,2.0
20200406222305,0.0,0.0,0.0,0.1,8.6,0.0,88.7,2.6
20200406222335,0.0,0.0,0.0,0.1,16.8,0.0,79.6,3.4
20200406222405,0.0,0.0,0.0,0.0,22.4,0.0,70.2,7.3
20200406222435,0.0,0.0,0.0,0.1,13.2,0.0,85.6,1.1
20200406222505,0.0,0.0,0.0,0.1,16.7,0.0,80.6,2.4
20200406222535,0.0,0.0,0.0,0.0,14.2,0.0,80.8,4.9
20200406222605,0.0,0.0,0.0,0.0,20.5,0.1,74.0,5.4
20200406222635,0.0,0.0,0.0,0.1,17.2,0.1,75.2,7.4
20200406222705,0.0,0.0,0.0,0.1,18.0,0.1,76.6,5.1
20200406222735,0.0,0.0,0.1,0.1,8.9,0.1,82.9,7.9
20200406222805,0.0,0.0,0.1,0.2,18.4,0.1,74.0,7.2
20200406222835,0.0,0.0,0.0,0.1,29.9,0.0,69.2,0.8
20200406222905,0.0,0.0,0.0,0.1,15.8,0.1,82.2,1.8
20200406222935,0.0,0.0,0.0,0.1,9.1,0.0,87.3,3.3
20200406223005,0.0,0.0,0.1,0.1,13.9,0.0,84.0,1.9
20200406223036,0.0,0.0,0.0,0.1,7.8,0.0,91.9,0.2
20200406223106,0.0,0.0,0.0,0.0,17.6,0.0,81.4,1.0
20200406223136,0.0,0.0,0.0,0.2,14.5,0.0,81.8,3.4
20200406223206,0.0,0.0,0.0,0.0,4.8,0.0,93.5,1.6
20200406223236,0.0,0.0,0.0,0.1,12.4,0.0,84.1,3.2
20200406223306,0.0,0.0,0.0,0.1,9.7,0.0,83.4,6.8
20200406223336,0.0,0.0,0.0,0.1,9.7,0.0,87.0,3.1
20200406223406,0.0,0.0,0.0,0.2,21.6,0.1,68.3,9.7
20200406223436,0.0,0.0,0.0,0.1,11.0,0.0,82.8,6.1
20200406223506,0.0,0.0,0.0,0.2,28.8,0.2,57.8,12.9
20200406223536,0.0,0.0,0.0,0.1,11.8,0.0,77.1,11.0
20200406223606,0.0,0.0,0.0,0.1,12.6,0.1,47.2,40.0
20200406223636,0.0,0.0,0.0,0.1,25.3,0.0,56.7,17.8
20200406223706,0.0,0.0,0.0,0.1,25.3,0.0,38.0,36.6
20200406223736,0.0,0.0,0.0,0.3,16.8,0.0,36.7,46.1
20200406223806,0.0,0.0,0.0,0.1,10.6,0.1,33.8,55.4
20200406223836,0.0,0.0,0.0,0.1,9.9,0.1,64.7,25.2
20200406223906,0.0,0.0,0.0,0.1,16.1,0.1,55.1,28.6
20200406223936,0.0,0.0,0.0,0.1,8.8,0.0,26.1,64.9
20200406224006,0.0,0.0,0.0,0.1,6.0,0.0,34.0,59.8
20200406224036,0.0,0.0,0.0,0.1,13.2,0.0,46.2,40.4
20200406224106,0.0,0.0,0.0,0.1,9.9,0.0,67.6,22.4
20200406224136,0.0,0.0,0.0,0.1,15.9,0.0,46.2,37.7
20200406224206,0.0,0.0,0.0,0.1,7.1,0.0,41.9,50.8
20200406224236,0.0,0.0,0.0,0.1,9.7,0.0,26.4,63.7
20200406224306,0.0,0.0,0.0,0.1,7.0,0.0,68.8,24.1
20200406224336,0.0,0.0,0.0,0.0,11.8,0.0,50.7,37.4
20200406224406,0.0,0.0,0.0,0.1,5.5,0.0,60.6,33.8
20200406224436,0.0,0.0,0.0,0.1,23.3,0.0,40.9,35.7
20200406224506,0.0,0.0,0.0,0.0,9.9,0.0,55.4,34.7
20200406224536,0.0,0.0,0.0,0.0,4.8,0.0,66.6,28.6
20200406224606,0.0,0.0,0.0,0.1,8.6,0.0,47.7,43.6
20200406224636,0.0,0.0,0.0,0.0,4.7,0.0,81.3,13.9
20200406224706,0.0,0.0,0.0,0.0,3.2,0.0,77.3,19.4
20200406224736,0.0,0.0,0.0,0.0,9.4,0.0,56.9,33.6
20200406224806,0.0,0.0,0.0,0.1,9.9,0.0,49.0,40.9
20200406224836,0.0,0.0,0.0,0.0,13.4,0.0,31.4,55.2
20200406224906,0.0,0.0,0.0,0.1,16.8,0.0,65.0,18.1
20200406224936,0.0,0.0,0.0,0.1,7.9,0.0,61.2,30.7
20200406225006,0.0,0.0,0.0,0.1,16.0,0.0,46.3,37.6
20200406225036,0.0,0.0,0.0,0.1,20.3,0.0,55.5,24.0
20200406225106,0.0,0.0,0.0,0.2,18.3,0.0,66.4,15.1
20200406225136,0.0,0.0,0.0,0.2,20.0,0.0,61.9,17.9
20200406225206,0.0,0.0,0.0,0.1,32.2,0.0,66.6,1.1
20200406225236,0.0,0.0,0.0,0.2,11.7,0.0,87.1,1.0
20200406225306,0.0,0.0,0.0,0.2,7.6,0.0,91.9,0.3
20200406225336,0.0,0.0,0.0,0.1,10.7,0.0,89.0,0.2
20200406225406,0.0,0.0,0.0,0.0,10.2,0.0,89.4,0.4
20200406225436,0.0,0.0,0.0,0.0,3.4,0.0,96.2,0.4
20200406225506,0.0,0.0,0.0,0.0,1.9,0.0,97.9,0.2
20200406225536,0.0,0.0,0.0,0.0,0.8,0.0,99.1,0.1
20200406225606,0.0,0.0,0.0,0.0,1.2,0.0,98.7,0.1
20200406225636,0.0,0.0,0.0,0.0,0.8,0.0,99.1,0.1
20200406225706,0.0,0.0,0.0,0.0,0.4,0.0,99.5,0.1
20200406225736,0.0,0.0,0.0,0.0,1.1,0.0,98.6,0.2
20200406225806,0.0,0.0,0.0,0.0,1.0,0.0,98.8,0.2
20200406225836,0.0,0.0,0.0,0.0,2.7,0.0,97.1,0.1
20200406225906,0.0,0.0,0.0,0.0,0.7,0.0,99.2,0.1
20200406225936,0.0,0.0,0.0,0.0,1.0,0.0,98.7,0.2
20200406230006,0.0,0.0,0.0,0.0,3.2,0.0,96.6,0.3
20200406230036,0.0,0.0,0.0,0.0,0.6,0.0,99.2,0.2
20200406230106,0.0,0.0,0.0,0.0,0.9,0.0,98.8,0.2
20200406230136,0.0,0.0,0.0,0.0,0.7,0.0,99.0,0.3
20200406230206,0.0,0.0,0.0,0.0,1.2,0.0,98.4,0.4
20200406230236,0.0,0.0,0.0,0.0,0.6,0.0,99.2,0.3
20200406230306,0.0,0.0,0.0,0.0,1.1,0.0,98.5,0.4
20200406230336,0.0,0.0,0.0,0.0,0.6,0.0,99.2,0.2
20200406230406,0.0,0.0,0.0,0.0,0.4,0.0,99.2,0.3
20200406230436,0.0,0.0,0.0,0.0,0.6,0.0,99.1,0.3
20200406230507,0.0,0.0,0.0,0.0,0.4,0.0,99.4,0.1
20200406230537,0.0,0.0,0.0,0.0,0.1,0.0,99.8,0.1
20200406230607,0.0,0.0,0.0,0.0,1.1,0.0,98.1,0.8
20200406230637,0.0,0.0,0.0,0.0,0.4,0.0,99.0,0.5
20200406230707,0.0,0.0,0.0,0.0,0.3,0.0,99.3,0.4
20200406230737,0.0,0.0,0.0,0.0,0.7,0.0,98.6,0.6
20200406230807,0.0,0.0,0.0,0.0,6.3,0.0,92.8,0.9
20200406230837,0.0,0.0,0.0,0.0,0.8,0.0,99.0,0.2
20200406230907,0.0,0.0,0.0,0.0,1.9,0.0,98.0,0.2
20200406230937,0.0,0.0,0.0,0.0,2.3,0.0,97.3,0.3
20200406231007,0.0,0.0,0.0,0.0,1.3,0.0,98.1,0.6
20200406231037,0.0,0.0,0.0,0.0,0.5,0.0,99.3,0.2
20200406231107,0.0,0.0,0.0,0.0,4.1,0.0,95.6,0.2
20200406231137,0.0,0.0,0.0,0.1,2.8,0.0,97.0,0.1
20200406231207,0.0,0.0,0.0,0.1,2.4,0.0,97.4,0.1
20200406231237,0.0,0.0,0.0,0.3,7.5,0.0,91.7,0.4
20200406231307,0.0,0.0,0.0,0.4,33.8,0.0,64.5,1.2
20200406231337,0.0,0.0,0.0,0.1,43.2,0.1,51.8,4.8
20200406231407,0.0,0.0,0.0,0.2,53.3,0.1,35.6,10.8
20200406231437,0.0,0.0,0.0,0.2,29.0,0.1,63.0,7.7
20200406231507,0.0,0.0,0.0,0.1,20.6,0.0,58.3,21.0
20200406231537,0.0,0.0,0.0,0.3,45.5,0.1,23.7,30.3
20200406231607,0.0,0.0,0.0,0.1,33.9,0.0,15.4,50.5
20200406231637,0.0,0.0,0.0,0.2,31.2,0.0,14.5,54.0
20200406231707,0.0,0.0,0.1,0.1,23.2,0.0,14.7,61.8
20200406231737,0.0,0.0,0.1,0.1,19.3,0.0,8.6,72.0
20200406231807,0.0,0.0,0.1,0.1,22.8,0.0,28.2,48.8
20200406231837,0.0,0.0,0.0,0.1,9.5,0.1,8.7,81.7
20200406231907,0.0,0.0,0.2,0.4,9.4,0.1,17.2,72.7
20200406231937,0.0,0.0,0.2,0.1,9.9,0.0,10.8,78.9
20200406232007,0.0,0.0,0.2,0.1,7.5,0.0,4.2,88.0
20200406232037,0.1,0.0,0.1,0.9,17.3,0.0,72.7,8.9
20200406232107,0.0,0.0,0.1,0.4,45.5,0.1,26.8,27.1
20200406232137,0.0,0.0,0.0,0.6,19.2,0.0,70.2,9.9
20200406232207,0.0,0.0,0.1,0.7,22.2,0.1,63.2,13.7
20200406232237,0.0,0.0,0.1,0.2,21.0,0.1,42.4,36.1
20200406232307,0.0,0.0,0.1,0.3,30.0,0.0,16.3,53.3
20200406232337,0.0,0.0,0.0,0.1,9.9,0.0,14.3,75.6
20200406232407,0.0,0.0,0.0,0.0,10.2,0.0,14.2,75.4
20200406232437,0.0,0.0,0.0,0.1,5.2,0.0,5.5,89.1
20200406232507,0.0,0.0,0.0,0.1,11.0,0.0,7.0,81.9
20200406232537,0.0,0.0,0.0,0.0,4.8,0.0,6.6,88.5
20200406232607,0.0,0.0,0.0,0.0,5.4,0.0,6.2,88.3
20200406232637,0.0,0.0,0.0,0.0,17.6,0.0,8.7,73.6
20200406232707,0.0,0.0,0.1,0.0,27.4,0.0,7.2,65.2
20200406232737,0.0,0.0,0.0,0.0,8.7,0.0,3.9,87.3
20200406232807,0.0,0.0,0.0,0.0,9.1,0.0,2.6,88.3
20200406232837,0.0,0.0,0.0,0.0,5.3,0.0,5.3,89.4
20200406232907,0.0,0.0,0.0,0.0,14.4,0.0,10.7,74.8
20200406232937,0.0,0.0,0.0,0.0,12.5,0.0,3.8,83.7
20200406233007,0.0,0.0,0.0,0.0,4.3,0.0,7.1,88.6
20200406233037,0.0,0.0,0.0,0.0,6.3,0.0,5.3,88.4
20200406233107,0.0,0.0,0.0,0.0,4.0,0.0,18.0,77.9
20200406233137,0.0,0.0,0.0,0.1,14.1,0.0,10.8,75.0
20200406233208,0.0,0.0,0.0,0.9,15.3,0.0,67.9,15.9
20200406233238,0.0,0.0,0.1,1.0,30.2,0.0,65.6,3.2
20200406233308,0.0,0.0,0.0,0.3,15.7,0.0,83.6,0.3
20200406233338,0.0,0.0,0.0,0.2,2.3,0.0,97.4,0.1
20200406233408,0.0,0.0,0.0,0.0,1.2,0.0,98.7,0.0
20200406233438,0.0,0.0,0.0,0.0,2.2,0.0,97.7,0.0
20200406233508,0.0,0.0,0.0,0.1,1.7,0.0,98.1,0.1
20200406233538,0.0,0.0,0.0,0.0,1.8,0.0,98.1,0.1
20200406233608,0.0,0.0,0.0,0.1,1.9,0.0,98.0,0.1
20200406233638,0.0,0.0,0.0,0.0,4.5,0.0,95.4,0.1
20200406233708,0.0,0.0,0.0,0.0,2.0,0.0,97.8,0.1
20200406233738,0.0,0.0,0.0,0.1,3.2,0.0,96.6,0.1
20200406233808,0.0,0.0,0.0,0.1,7.7,0.0,92.1,0.1
20200406233838,0.0,0.0,0.0,0.1,2.3,0.0,97.6,0.0
20200406233908,0.0,0.0,0.0,0.1,1.6,0.0,98.2,0.1
20200406233938,0.0,0.0,0.0,0.1,1.7,0.0,98.1,0.1
20200406234008,0.0,0.0,0.0,0.3,8.7,0.0,90.7,0.3
20200406234038,0.0,0.0,0.0,0.3,7.2,0.0,92.2,0.3
20200406234108,0.0,0.0,0.0,0.2,2.8,0.0,96.7,0.3
20200406234138,0.0,0.0,0.0,0.0,1.6,0.0,98.2,0.1
20200406234208,0.0,0.0,0.0,0.1,4.8,0.0,94.9,0.2
20200406234238,0.0,0.0,0.0,0.1,7.7,0.0,92.0,0.2
20200406234308,0.0,0.0,0.0,0.0,8.5,0.0,91.3,0.1
20200406234338,0.0,0.0,0.0,0.0,3.9,0.0,95.9,0.1
20200406234408,0.0,0.0,0.0,0.0,1.3,0.0,98.5,0.2
20200406234438,0.0,0.0,0.0,0.1,6.8,0.0,92.9,0.3
20200406234508,0.0,0.0,0.0,0.1,10.4,0.0,89.2,0.3
20200406234538,0.0,0.0,0.0,0.0,4.0,0.0,95.8,0.1
20200406234608,0.0,0.0,0.0,0.1,3.4,0.0,96.1,0.5
20200406234638,0.0,0.0,0.0,0.0,2.6,0.0,97.3,0.1
20200406234708,0.0,0.0,0.0,0.0,1.6,0.0,98.3,0.1
20200406234738,0.0,0.0,0.0,0.0,1.2,0.0,98.6,0.2
20200406234808,0.0,0.0,0.0,0.0,1.1,0.0,98.5,0.3
20200406234838,0.0,0.0,0.0,0.0,0.5,0.0,99.4,0.1
20200406234908,0.0,0.0,0.0,0.0,1.1,0.0,98.5,0.4
20200406234938,0.0,0.0,0.0,0.0,1.4,0.0,98.1,0.5
20200406235008,0.0,0.0,0.0,0.0,0.4,0.0,99.6,0.1
20200406235038,0.0,0.0,0.0,0.0,1.4,0.0,98.5,0.1
20200406235108,0.0,0.0,0.0,0.0,0.5,0.0,99.2,0.3
20200406235138,0.0,0.0,0.0,0.0,0.4,0.0,99.4,0.2
20200406235208,0.0,0.0,0.0,0.0,0.4,0.0,99.4,0.2
20200406235238,0.0,0.0,0.0,0.0,0.7,0.0,99.0,0.3
20200406235308,0.0,0.0,0.0,0.0,0.7,0.0,99.2,0.1
20200406235338,0.0,0.0,0.0,0.0,0.5,0.0,99.3,0.2
20200406235408,0.0,0.0,0.0,0.0,0.5,0.0,98.9,0.6
20200406235438,0.0,0.0,0.0,0.0,0.5,0.0,99.4,0.2
20200406235508,0.0,0.0,0.0,0.0,0.2,0.0,99.7,0.1
20200406235538,0.0,0.0,0.0,0.0,0.2,0.0,99.6,0.2
20200406235608,0.0,0.0,0.0,0.0,0.3,0.0,99.4,0.3
20200406235638,0.0,0.0,0.0,0.0,0.9,0.0,98.6,0.5
20200406235708,0.0,0.0,0.0,0.0,0.9,0.0,98.8,0.3
20200406235738,0.0,0.0,0.0,0.0,0.8,0.0,98.9,0.3
20200406235808,0.0,0.0,0.0,0.0,0.8,0.0,98.7,0.5
20200406235838,0.0,0.0,0.0,0.0,1.6,0.0,98.0,0.4
20200406235908,0.0,0.0,0.0,0.0,0.7,0.0,98.9,0.3
20200406235938,0.0,0.0,0.0,0.0,0.7,0.0,98.9,0.4
20200407000008,0.0,0.0,0.0,0.0,0.6,0.0,99.0,0.4
20200407000038,0.0,0.0,0.0,0.0,1.5,0.0,97.7,0.8
20200407000108,0.0,0.0,0.0,0.0,1.6,0.0,97.6,0.8
20200407000138,0.0,0.0,0.0,0.0,1.4,0.0,97.9,0.7
20200407000208,0.0,0.0,0.0,0.0,4.8,0.0,94.0,1.1
20200407000238,0.0,0.0,0.0,0.0,4.1,0.0,95.4,0.5
20200407000308,0.0,0.0,0.0,0.0,1.2,0.0,97.8,0.9
20200407000338,0.0,0.0,0.0,0.0,1.0,0.0,98.7,0.3
20200407000408,0.0,0.0,0.0,0.0,2.4,0.0,96.7,0.9
20200407000438,0.0,0.0,0.0,0.0,3.3,0.0,96.2,0.5
20200407000508,0.0,0.0,0.0,0.0,1.8,0.0,97.6,0.6
20200407000538,0.0,0.0,0.0,0.0,1.9,0.0,97.3,0.8
20200407000608,0.0,0.0,0.0,0.0,2.9,0.0,96.5,0.5
20200407000639,0.0,0.0,0.0,0.0,1.1,0.0,98.2,0.6
20200407000709,0.0,0.0,0.0,0.0,2.2,0.0,97.2,0.6
20200407000739,0.0,0.0,0.0,0.0,1.8,0.0,97.9,0.3
20200407000809,0.0,0.0,0.0,0.0,3.1,0.0,96.3,0.6
20200407000839,0.0,0.0,0.0,0.0,3.6,0.0,95.5,0.9
20200407000909,0.0,0.0,0.0,0.0,4.7,0.0,93.0,2.3
20200407000939,0.0,0.0,0.0,0.0,2.3,0.0,96.3,1.3
20200407001009,0.0,0.0,0.0,0.0,2.7,0.0,96.2,1.1
20200407001039,0.0,0.0,0.0,0.0,4.0,0.0,94.7,1.3
20200407001109,0.0,0.0,0.0,0.0,1.5,0.0,97.9,0.6
20200407001139,0.0,0.0,0.0,0.0,1.1,0.0,98.3,0.6
20200407001209,0.0,0.0,0.0,0.0,4.5,0.0,94.8,0.6
20200407001239,0.0,0.0,0.0,0.0,13.9,0.0,84.2,1.8
20200407001309,0.0,0.0,0.0,0.0,3.0,0.0,96.2,0.7
20200407001339,0.0,0.0,0.0,0.0,6.8,0.0,92.8,0.3
20200407001409,0.0,0.0,0.0,0.0,3.8,0.0,96.0,0.1
20200407001439,0.0,0.0,0.0,0.0,5.2,0.0,94.6,0.2
20200407001509,0.0,0.0,0.0,0.0,1.9,0.0,97.9,0.2
20200407001539,0.0,0.0,0.0,0.0,1.7,0.0,98.1,0.2
20200407001609,0.0,0.0,0.0,0.0,5.1,0.0,94.5,0.4
20200407001639,0.0,0.0,0.0,0.0,8.7,0.0,90.9,0.4
20200407001709,0.0,0.0,0.0,0.0,3.1,0.0,96.6,0.3
20200407001739,0.0,0.0,0.0,0.1,12.6,0.0,87.0,0.3
20200407001809,0.0,0.0,0.0,0.0,3.0,0.0,96.7,0.2
20200407001839,0.0,0.0,0.0,0.0,3.9,0.0,95.9,0.2
20200407001909,0.0,0.0,0.0,0.0,1.6,0.0,98.1,0.2
20200407001939,0.0,0.0,0.0,0.0,4.3,0.0,95.5,0.2
20200407002009,0.0,0.0,0.0,0.0,1.3,0.0,98.6,0.2
20200407002039,0.0,0.0,0.0,0.0,5.1,0.0,94.6,0.3
20200407002109,0.0,0.0,0.0,0.0,6.0,0.0,93.6,0.4
20200407002139,0.0,0.0,0.0,0.0,2.6,0.0,97.0,0.4
20200407002209,0.0,0.0,0.0,0.0,3.4,0.0,95.6,0.9
20200407002239,0.0,0.0,0.0,0.0,1.4,0.0,98.2,0.4
20200407002309,0.0,0.0,0.0,0.0,1.0,0.0,98.5,0.5
20200407002339,0.0,0.0,0.0,0.0,6.6,0.0,92.6,0.7
20200407002409,0.0,0.0,0.0,0.1,7.4,0.0,89.5,3.0
20200407002439,0.0,0.0,0.0,0.1,10.3,0.0,88.0,1.5
20200407002509,0.0,0.0,0.0,0.0,4.4,0.0,93.1,2.4
20200407002539,0.0,0.0,0.0,0.0,4.6,0.0,94.5,0.8
20200407002609,0.0,0.0,0.0,0.0,8.5,0.0,89.6,1.8
20200407002639,0.0,0.0,0.0,0.0,3.9,0.0,93.3,2.7
20200407002709,0.0,0.0,0.0,0.0,2.8,0.0,95.0,2.2
20200407002739,0.0,0.0,0.0,0.0,1.8,0.0,95.2,3.0
20200407002809,0.0,0.0,0.0,0.0,2.5,0.0,95.4,2.0
20200407002839,0.0,0.0,0.0,0.0,31.0,0.0,68.3,0.6
20200407002909,0.0,0.0,0.0,0.0,69.6,0.0,29.3,1.1
20200407002939,0.0,0.0,0.0,0.0,47.0,0.0,52.3,0.6
20200407003009,0.0,0.0,0.0,0.0,89.8,0.0,8.8,1.3
20200407003039,0.0,0.0,0.0,0.1,77.1,0.0,21.6,1.2
20200407003109,0.0,0.0,0.0,0.0,42.7,0.0,56.3,1.0
20200407003139,0.0,0.0,0.0,0.0,25.0,0.0,71.4,3.6
20200407003209,0.0,0.0,0.0,0.0,22.7,0.0,74.0,3.2
20200407003239,0.0,0.0,0.0,0.0,12.1,0.0,82.5,5.4
20200407003309,0.0,0.0,0.0,0.0,6.6,0.0,88.4,5.0
20200407003339,0.0,0.0,0.0,0.0,3.0,0.0,92.1,4.9
20200407003409,0.0,0.0,0.0,0.0,4.8,0.0,82.2,13.1
20200407003439,0.0,0.0,0.0,0.0,3.8,0.0,91.1,5.1
20200407003509,0.0,0.0,0.0,0.0,2.5,0.0,91.2,6.2
20200407003539,0.0,0.0,0.0,0.0,5.8,0.0,90.3,3.9
20200407003609,0.0,0.0,0.0,0.0,4.0,0.0,92.3,3.7
20200407003639,0.0,0.0,0.0,0.0,4.9,0.0,90.4,4.7
20200407003709,0.0,0.0,0.0,0.0,2.9,0.0,94.3,2.8
20200407003739,0.0,0.0,0.0,0.0,6.7,0.0,91.4,1.9
20200407003809,0.0,0.0,0.0,0.0,8.6,0.0,87.7,3.6
20200407003839,0.0,0.0,0.0,0.0,4.9,0.0,90.6,4.5
20200407003909,0.0,0.0,0.0,0.0,4.5,0.0,92.6,2.9
20200407003939,0.0,0.0,0.0,0.0,3.8,0.0,93.9,2.3
20200407004009,0.0,0.0,0.0,0.1,18.9,0.0,77.2,3.9
20200407004039,0.0,0.0,0.0,0.0,25.3,0.0,73.4,1.2
20200407004110,0.0,0.0,0.0,0.0,29.5,0.0,68.6,1.8
20200407004140,0.0,0.0,0.0,0.0,55.9,0.0,37.3,6.8
20200407004210,0.0,0.0,0.0,0.1,47.1,0.0,49.1,3.7
20200407004240,0.0,0.0,0.0,0.1,48.3,0.0,46.4,5.2
20200407004310,0.0,0.0,0.0,0.0,34.8,0.0,59.7,5.5
20200407004340,0.0,0.0,0.0,0.0,48.7,0.0,46.3,4.9
20200407004410,0.0,0.0,0.0,0.0,70.9,0.0,26.9,2.2
20200407004440,0.0,0.0,0.0,0.1,58.5,0.0,38.0,3.4
20200407004510,0.0,0.0,0.0,0.1,68.8,0.0,24.8,6.3
20200407004540,0.0,0.0,0.0,0.1,70.1,0.0,26.6,3.1
20200407004610,0.0,0.0,0.0,0.1,42.9,0.0,52.5,4.4
20200407004640,0.0,0.0,0.0,0.1,54.3,0.0,39.4,6.2
20200407004710,0.0,0.0,0.0,0.1,67.6,0.0,28.3,4.0
20200407004740,0.0,0.0,0.0,0.1,57.7,0.1,26.7,15.4
20200407004810,0.0,0.0,0.0,0.2,69.3,0.1,23.7,6.8
20200407004840,0.0,0.0,0.0,0.1,79.8,0.0,14.9,5.1
20200407004910,0.0,0.0,0.0,0.0,77.3,0.0,15.2,7.4
20200407004940,0.0,0.0,0.0,0.1,81.2,0.0,8.9,9.8
20200407005010,0.0,0.0,0.0,0.1,83.8,0.0,10.5,5.6
20200407005040,0.0,0.0,0.0,0.1,85.8,0.0,6.1,8.0
20200407005110,0.0,0.0,0.0,0.0,83.4,0.0,7.5,9.1
20200407005140,0.0,0.0,0.0,0.0,89.4,0.0,8.0,2.5
20200407005210,0.0,0.0,0.0,0.1,83.3,0.0,11.5,5.1
20200407005240,0.0,0.0,0.0,0.1,89.3,0.0,3.9,6.7
20200407005310,0.0,0.0,0.0,0.1,82.2,0.0,8.4,9.2
20200407005340,0.0,0.0,0.0,0.1,82.4,0.0,6.5,11.0
20200407005410,0.0,0.0,0.0,0.1,85.2,0.0,7.0,7.7
20200407005440,0.0,0.0,0.0,0.0,85.5,0.0,4.6,9.9
20200407005510,0.0,0.0,0.0,0.0,87.8,0.0,2.2,9.9
20200407005540,0.0,0.0,0.0,0.1,87.0,0.1,1.8,11.0
20200407005610,0.0,0.0,0.0,0.0,90.2,0.0,2.7,7.0
20200407005640,0.0,0.0,0.0,0.0,87.4,0.0,4.1,8.5
20200407005710,0.0,0.0,0.0,0.0,82.8,0.0,2.3,14.8
20200407005740,0.0,0.0,0.0,0.0,81.1,0.0,1.4,17.5
20200407005810,0.0,0.0,0.0,0.0,83.4,0.0,1.2,15.3
20200407005840,0.0,0.0,0.0,0.0,92.8,0.0,1.0,6.1
20200407005910,0.0,0.0,0.0,0.0,86.7,0.0,1.6,11.7
20200407005940,0.0,0.0,0.0,0.0,88.7,0.0,0.9,10.4
20200407010010,0.0,0.0,0.0,0.0,68.2,0.0,0.8,30.9
20200407010040,0.0,0.0,0.0,0.0,88.0,0.0,0.7,11.2
20200407010110,0.0,0.0,0.0,0.0,75.1,0.0,0.6,24.3
20200407010140,0.0,0.0,0.0,0.0,92.4,0.0,0.2,7.4
20200407010210,0.0,0.0,0.0,0.0,76.1,0.0,0.4,23.4
20200407010240,0.0,0.0,0.0,0.0,84.8,0.0,0.2,15.0
20200407010310,0.0,0.0,0.0,0.0,70.5,0.0,0.3,29.2
20200407010340,0.0,0.0,0.0,0.0,85.9,0.0,0.4,13.6
20200407010410,0.0,0.0,0.0,0.0,89.6,0.0,0.2,10.2
20200407010440,0.0,0.0,0.0,0.0,88.4,0.0,0.1,11.4
20200407010510,0.0,0.0,0.0,0.0,88.2,0.0,0.1,11.7
20200407010540,0.0,0.0,0.0,0.0,87.5,0.0,0.3,12.2
20200407010610,0.0,0.0,0.0,0.0,86.4,0.0,0.4,13.2
20200407010640,0.0,0.0,0.0,0.0,56.4,0.0,0.5,43.2
20200407010710,0.0,0.0,0.0,0.0,86.1,0.0,0.1,13.8
20200407010740,0.0,0.0,0.0,0.0,85.5,0.0,0.2,14.4
20200407010941,0.0,0.0,0.0,0.0,0.2,0.0,0.0,99.7
20200407011011,0.0,0.0,0.0,0.0,0.0,0.0,0.0,100.0
20200407011041,0.0,0.0,0.0,0.0,0.0,0.0,0.0,100.0
20200407011111,0.0,0.0,0.0,0.0,0.0,0.0,0.0,100.0
20200407011141,0.0,0.0,0.0,0.0,0.0,0.0,0.0,100.0
20200407011211,0.0,0.0,0.0,0.0,0.0,0.0,0.0,100.0
20200407011241,0.0,0.0,0.0,0.0,0.0,0.0,0.0,100.0
20200407011311,0.0,0.0,0.0,0.0,0.0,0.0,0.0,100.0
20200407011341,0.0,0.0,0.0,0.0,0.0,0.0,0.0,100.0
20200407011411,0.0,0.0,0.0,0.0,0.0,0.0,0.0,100.0
20200407011441,0.0,0.0,0.0,0.0,0.0,0.0,0.0,100.0
20200407011511,0.0,0.0,0.0,0.0,0.0,0.0,0.0,100.0
20200407011541,0.0,0.0,0.0,0.0,0.0,0.0,0.0,100.0
20200407011611,0.0,0.0,0.0,0.0,0.0,0.0,0.0,100.0
20200407011641,0.0,0.0,0.0,0.0,0.0,0.0,0.0,100.0
20200407011711,0.0,0.0,0.0,0.0,0.0,0.0,0.0,100.0
20200407011741,0.0,0.0,0.0,0.0,0.0,0.0,0.0,100.0
20200407011811,0.0,0.0,0.0,0.0,0.0,0.0,0.0,100.0
20200407011841,0.0,0.0,0.0,0.0,0.0,0.0,0.0,100.0
20200407011911,0.0,0.0,0.0,0.0,0.0,0.0,0.0,100.0
20200407011941,0.0,0.0,0.0,0.0,0.0,0.0,0.0,100.0
20200407012011,0.0,0.0,0.0,0.0,0.0,0.0,0.0,100.0
20200407012041,0.0,0.0,0.0,0.0,0.0,0.0,0.0,100.0
20200407012111,0.0,0.0,0.0,0.0,0.0,0.0,0.0,100.0
20200407012141,0.0,0.0,0.0,0.0,0.0,0.0,0.0,100.0
20200407012211,0.0,0.0,0.0,0.0,0.0,0.0,0.0,100.0
20200407012241,0.0,0.0,0.0,0.0,0.0,0.0,0.0,100.0
20200407012311,0.0,0.0,0.0,0.0,0.0,0.0,0.0,100.0
20200407012341,0.0,0.0,0.0,0.0,0.0,0.0,0.0,100.0
20200407012411,0.0,0.0,0.0,0.0,0.0,0.0,0.0,100.0
20200407012441,0.0,0.0,0.0,0.0,0.0,0.0,0.0,100.0
20200407012511,0.0,0.0,0.0,0.0,0.0,0.0,0.0,100.0
20200407012541,0.0,0.0,0.0,0.0,0.0,0.0,0.0,100.0
20200407012611,0.0,0.0,0.0,0.0,0.0,0.0,0.0,100.0
20200407012641,0.0,0.0,0.0,0.0,0.0,0.0,0.0,100.0
20200407012711,0.0,0.0,0.0,0.0,0.0,0.0,0.0,100.0
20200407012741,0.0,0.0,0.0,0.0,0.0,0.0,0.0,100.0
20200407012811,0.0,0.0,0.0,0.0,0.0,0.0,0.0,100.0
20200407012841,0.0,0.0,0.0,0.0,0.0,0.0,0.0,100.0
20200407012911,0.0,0.0,0.0,0.0,0.0,0.0,0.0,100.0
20200407012941,0.0,0.0,0.0,0.0,0.0,0.0,0.0,100.0
20200407013011,0.0,0.0,0.0,0.0,0.0,0.0,0.0,100.0
20200407013041,0.0,0.0,0.0,0.0,0.0,0.0,0.0,100.0
20200407013111,0.0,0.0,0.0,0.0,0.0,0.0,0.0,100.0
20200407013141,0.0,0.0,0.0,0.0,0.0,0.0,0.0,100.0
20200407013211,0.0,0.0,0.0,0.0,0.0,0.0,0.0,100.0
20200407013241,0.0,0.0,0.0,0.0,0.0,0.0,0.0,100.0
20200407013311,0.0,0.0,0.0,0.0,0.0,0.0,0.0,100.0
20200407013341,0.0,0.0,0.0,0.0,0.0,0.0,0.0,100.0
20200407013411,0.0,0.0,0.0,0.0,0.0,0.0,0.0,100.0
20200407013441,0.0,0.0,0.0,0.0,0.0,0.0,0.0,100.0
20200407013511,0.0,0.0,0.0,0.0,0.0,0.0,0.0,100.0
20200407013541,0.0,0.0,0.0,0.0,0.0,0.0,0.0,100.0
20200407013611,0.0,0.0,0.0,0.0,0.0,0.0,0.0,100.0
20200407013641,0.0,0.0,0.0,0.0,0.0,0.0,0.0,100.0
20200407013711,0.0,0.0,0.0,0.0,0.0,0.0,0.0,100.0
20200407013741,0.0,0.0,0.0,0.0,0.0,0.0,0.0,100.0
20200407013811,0.0,0.0,0.0,0.0,0.0,0.0,0.0,100.0
20200407013841,0.0,0.0,0.0,0.0,0.0,0.0,0.0,100.0
20200407013911,0.0,0.0,0.0,0.0,0.0,0.0,0.0,100.0
20200407013941,0.0,0.0,0.0,0.0,0.0,0.0,0.0,100.0
20200407014011,0.0,0.0,0.0,0.0,0.0,0.0,0.0,100.0
20200407014041,0.0,0.0,0.0,0.0,0.0,0.0,0.0,100.0
20200407014111,0.0,0.0,0.0,0.0,0.0,0.0,0.0,100.0
20200407014141,0.0,0.0,0.0,0.0,0.0,0.0,0.0,100.0
20200407014211,0.0,0.0,0.0,0.0,0.0,0.0,0.0,100.0
20200407014242,0.0,0.0,0.0,0.0,0.0,0.0,0.0,100.0
20200407014312,0.0,0.0,0.0,0.0,0.0,0.0,0.0,100.0
20200407014342,0.0,0.0,0.0,0.0,0.0,0.0,0.0,100.0
20200407014412,0.0,0.0,0.0,0.0,0.0,0.0,0.0,100.0
20200407014442,0.0,0.0,0.0,0.0,0.0,0.0,0.0,100.0
20200407014512,0.0,0.0,0.0,0.0,0.0,0.0,0.0,100.0
20200407014542,0.0,0.0,0.0,0.0,0.0,0.0,0.0,100.0
20200407014612,0.0,0.0,0.0,0.0,0.0,0.0,0.0,100.0
20200407014642,0.0,0.0,0.0,0.0,0.0,0.0,0.0,100.0
20200407014712,0.0,0.0,0.0,0.0,0.0,0.0,0.0,100.0
20200407014742,0.0,0.0,0.0,0.0,0.0,0.0,0.0,100.0
20200407014812,0.0,0.0,0.0,0.0,0.0,0.0,0.0,100.0
20200407014842,0.0,0.0,0.0,0.0,0.0,0.0,0.0,100.0
20200407014912,0.0,0.0,0.0,0.0,0.0,0.0,0.0,100.0
20200407014942,0.0,0.0,0.0,0.0,0.0,0.0,0.0,100.0
20200407015012,0.0,0.0,0.0,0.0,0.0,0.0,0.0,100.0
20200407015042,0.0,0.0,0.0,0.0,0.0,0.0,0.0,100.0
20200407015112,0.0,0.0,0.0,0.0,0.0,0.0,0.0,100.0
20200407015142,0.0,0.0,0.0,0.0,0.0,0.0,0.0,100.0
20200407015212,0.0,0.0,0.0,0.0,0.0,0.0,0.0,100.0
20200407015242,0.0,0.0,0.0,0.0,0.0,0.0,0.0,100.0
20200407015312,0.0,0.0,0.0,0.0,0.0,0.0,0.0,100.0
20200407015342,0.0,0.0,0.0,0.0,0.0,0.0,0.0,100.0
20200407015412,0.0,0.0,0.0,0.0,0.0,0.0,0.0,100.0
20200407015442,0.0,0.0,0.0,0.0,0.0,0.0,0.0,100.0
20200407015512,0.0,0.0,0.0,0.0,0.0,0.0,0.0,100.0
20200407015542,0.0,0.0,0.0,0.0,0.0,0.0,0.0,100.0
20200407015612,0.0,0.0,0.0,0.0,0.0,0.0,0.0,100.0
20200407015642,0.0,0.0,0.0,0.0,0.0,0.0,0.0,100.0
20200407015712,0.0,0.0,0.0,0.0,0.0,0.0,0.0,100.0
20200407015742,0.0,0.0,0.0,0.0,0.0,0.0,0.0,100.0
20200407015812,0.0,0.0,0.0,0.0,0.0,0.0,0.0,100.0
20200407015842,0.0,0.0,0.0,0.0,0.0,0.0,0.0,100.0
20200407015912,0.0,0.0,0.0,0.0,0.0,0.0,0.0,100.0
20200407015942,0.0,0.0,0.0,0.0,0.0,0.0,0.0,100.0
20200407020012,0.0,0.0,0.0,0.0,0.0,0.0,0.0,100.0
20200407020042,0.0,0.0,0.0,0.0,0.0,0.0,0.0,100.0
20200407020112,0.0,0.0,0.0,0.0,0.0,0.0,0.0,100.0
20200407020142,0.0,0.0,0.0,0.0,0.0,0.0,0.0,100.0
20200407020212,0.0,0.0,0.0,0.0,0.0,0.0,0.0,100.0
20200407020242,0.0,0.0,0.0,0.0,0.0,0.0,0.0,100.0
20200407020312,0.0,0.0,0.0,0.0,0.0,0.0,0.0,100.0
20200407020342,0.0,0.0,0.0,0.0,0.0,0.0,0.0,100.0
20200407020412,0.0,0.0,0.0,0.0,0.0,0.0,0.0,100.0
20200407020442,0.0,0.0,0.0,0.0,0.0,0.0,0.0,100.0
20200407020512,0.0,0.0,0.0,0.0,0.0,0.0,0.0,100.0
20200407020542,0.0,0.0,0.0,0.0,0.0,0.0,0.0,100.0
20200407020612,0.0,0.0,0.0,0.0,0.0,0.0,0.0,100.0
20200407020642,0.0,0.0,0.0,0.0,0.0,0.0,0.0,100.0
20200407020712,0.0,0.0,0.0,0.0,0.0,0.0,0.0,100.0
20200407020742,0.0,0.0,0.0,0.0,0.0,0.0,0.0,100.0
