UT,arc,discrete,diffuse,ac,ab,clear,cloudy,dd
20200105133000,0.0,0.0,0.0,0.0,0.0,0.0,0.1,99.9
20200105133030,0.0,0.0,0.0,0.0,0.0,0.0,0.3,99.7
20200105133100,0.0,0.0,0.0,0.0,0.0,0.0,0.1,99.9
20200105133131,0.0,0.0,0.0,0.0,0.0,0.0,0.3,99.7
20200105133201,0.0,0.0,0.0,0.0,0.0,0.0,0.3,99.7
20200105133231,0.0,0.0,0.0,0.0,0.0,0.0,0.2,99.8
20200105133301,0.0,0.0,0.0,0.0,0.0,0.0,0.2,99.8
20200105133331,0.0,0.0,0.0,0.0,0.0,0.0,0.5,99.5
20200105133401,0.0,0.0,0.0,0.0,0.0,0.0,0.3,99.7
20200105133431,0.0,0.0,0.0,0.0,0.0,0.0,0.2,99.8
20200105133501,0.0,0.0,0.0,0.0,0.0,0.0,0.5,99.5
20200105133531,0.0,0.0,0.0,0.0,0.0,0.0,0.2,99.8
20200105133601,0.0,0.0,0.0,0.0,0.0,0.0,0.2,99.8
20200105133631,0.0,0.0,0.0,0.0,0.0,0.0,0.5,99.5
20200105133701,0.0,0.0,0.0,0.0,0.0,0.0,0.3,99.7
20200105133731,0.0,0.0,0.0,0.0,0.0,0.0,0.3,99.7
20200105133801,0.0,0.0,0.0,0.0,0.0,0.0,0.2,99.8
20200105133831,0.0,0.0,0.0,0.0,0.0,0.0,0.5,99.5
20200105133901,0.0,0.0,0.0,0.0,0.0,0.0,0.4,99.6
20200105133931,0.0,0.0,0.0,0.0,0.0,0.0,0.1,99.9
20200105134001,0.0,0.0,0.0,0.0,0.0,0.0,0.2,99.8
20200105134031,0.0,0.0,0.0,0.0,0.0,0.0,0.1,99.8
20200105134101,0.0,0.0,0.0,0.0,0.0,0.0,0.1,99.9
20200105134131,0.0,0.0,0.0,0.0,0.0,0.0,0.4,99.6
20200105134201,0.0,0.0,0.0,0.0,0.0,0.0,0.2,99.8
20200105134231,0.0,0.0,0.0,0.0,0.0,0.0,0.5,99.5
20200105134301,0.0,0.0,0.0,0.0,0.0,0.0,0.2,99.8
20200105134331,0.0,0.0,0.0,0.0,0.0,0.0,1.5,98.5
20200105134401,0.0,0.0,0.0,0.0,0.0,0.0,0.4,99.6
20200105134431,0.0,0.0,0.0,0.0,0.0,0.0,0.4,99.6
20200105134501,0.0,0.0,0.0,0.0,0.0,0.0,0.7,99.3
20200105134531,0.0,0.0,0.0,0.0,0.0,0.0,1.0,99.0
20200105134601,0.0,0.0,0.0,0.0,0.0,0.0,1.1,98.9
20200105134631,0.0,0.0,0.0,0.0,0.0,0.0,2.2,97.8
20200105134701,0.0,0.0,0.0,0.0,0.1,0.0,3.4,96.5
20200105134731,0.0,0.0,0.0,0.0,0.1,0.0,3.0,97.0
20200105134801,0.0,0.0,0.0,0.0,0.1,0.0,3.0,96.9
20200105134831,0.0,0.0,0.0,0.0,0.1,0.0,4.3,95.6
20200105134901,0.0,0.0,0.0,0.0,0.1,0.0,1.0,98.9
20200105134931,0.0,0.0,0.0,0.0,0.0,0.0,0.7,99.3
20200105135001,0.0,0.0,0.0,0.0,0.3,0.0,1.1,98.6
20200105135031,0.0,0.0,0.0,0.0,0.1,0.0,3.8,96.1
20200105135101,0.0,0.0,0.0,0.0,0.6,0.0,8.7,90.8
20200105135131,0.0,0.0,0.0,0.0,0.2,0.0,5.3,94.6
20200105135201,0.0,0.0,0.0,0.0,0.2,0.0,3.4,96.4
20200105135231,0.0,0.0,0.0,0.0,0.3,0.0,22.9,76.8
20200105135301,0.0,0.0,0.0,0.0,0.1,0.0,2.3,97.6
20200105135331,0.0,0.0,0.0,0.0,0.1,0.0,2.6,97.3
20200105135401,0.0,0.0,0.0,0.0,0.1,0.0,6.3,93.5
20200105135431,0.0,0.0,0.0,0.0,0.0,0.0,4.9,95.1
20200105135501,0.0,0.0,0.0,0.0,0.3,0.0,16.9,82.8
20200105135531,0.0,0.0,0.0,0.0,0.3,0.0,16.5,83.2
20200105135601,0.0,0.0,0.0,0.0,0.1,0.0,33.7,66.3
20200105135631,0.0,0.0,0.0,0.0,0.0,0.0,17.1,82.9
20200105135701,0.0,0.0,0.0,0.0,0.0,0.0,27.7,72.3
20200105135731,0.0,0.0,0.0,0.0,0.0,0.0,23.6,76.4
20200105135801,0.0,0.0,0.0,0.0,0.0,0.0,55.5,44.5
20200105135831,0.0,0.0,0.0,0.0,0.1,0.0,63.3,36.7
20200105135902,0.0,0.0,0.0,0.0,0.1,0.0,52.9,47.0
20200105135932,0.0,0.0,0.0,0.0,0.2,0.0,46.6,53.2
20200105140002,0.0,0.0,0.0,0.0,0.1,0.0,62.3,37.6
20200105140032,0.0,0.0,0.0,0.0,0.1,0.0,69.3,30.6
20200105140102,0.0,0.0,0.0,0.0,0.1,0.0,64.0,35.8
20200105140132,0.0,0.0,0.0,0.1,0.1,0.0,81.5,18.3
20200105140202,0.0,0.0,0.0,0.1,0.2,0.0,89.5,10.2
20200105140232,0.0,0.0,0.0,0.2,0.8,0.0,75.4,23.6
20200105140302,0.0,0.0,0.0,0.1,0.1,0.0,95.7,4.1
20200105140332,0.0,0.0,0.0,0.2,0.7,0.0,80.6,18.5
20200105140402,0.0,0.0,0.0,0.1,0.8,0.0,88.9,10.2
20200105140432,0.0,0.0,0.0,0.1,0.1,0.0,92.3,7.5
20200105140502,0.0,0.0,0.0,0.2,0.2,0.0,92.2,7.5
20200105140532,0.0,0.0,0.0,0.0,0.0,0.0,99.0,1.0
20200105140602,0.0,0.0,0.0,0.1,0.1,0.0,96.6,3.3
20200105140632,0.0,0.0,0.0,0.2,0.1,0.0,95.0,4.7
20200105140702,0.0,0.0,0.0,0.1,0.1,0.0,96.7,3.1
20200105140732,0.0,0.0,0.0,0.0,0.1,0.0,98.4,1.4
20200105140802,0.0,0.0,0.0,0.1,0.0,0.0,99.5,0.3
20200105140832,0.0,0.0,0.0,0.0,0.0,0.0,99.8,0.2
20200105140902,0.0,0.0,0.0,0.1,0.0,0.0,99.7,0.2
20200105140932,0.0,0.0,0.0,0.1,0.0,0.0,99.8,0.1
20200105141002,0.0,0.0,0.0,0.0,0.0,0.0,100.0,0.0
20200105141032,0.0,0.0,0.0,0.0,0.0,0.0,99.9,0.1
20200105141102,0.0,0.0,0.0,0.0,0.0,0.0,99.8,0.1
20200105141132,0.0,0.0,0.0,0.0,0.0,0.0,99.9,0.1
20200105141202,0.0,0.0,0.0,0.0,0.0,0.0,99.9,0.1
20200105141232,0.0,0.0,0.0,0.0,0.0,0.0,99.8,0.2
20200105141302,0.0,0.0,0.0,0.0,0.0,0.0,99.9,0.1
20200105141332,0.0,0.0,0.0,0.0,0.0,0.0,99.7,0.3
20200105141402,0.0,0.0,0.0,0.1,0.0,0.0,99.4,0.5
20200105141432,0.0,0.0,0.0,0.0,0.0,0.0,99.4,0.6
20200105141502,0.0,0.0,0.0,0.0,0.0,0.0,99.9,0.1
20200105141532,0.0,0.0,0.0,0.0,0.0,0.0,99.8,0.2
20200105141602,0.0,0.0,0.0,0.0,0.0,0.0,99.4,0.6
20200105141632,0.0,0.0,0.0,0.0,0.0,0.0,99.4,0.6
20200105141702,0.0,0.0,0.0,0.0,0.0,0.0,99.8,0.2
20200105141732,0.0,0.0,0.0,0.0,0.0,0.0,99.9,0.1
20200105141802,0.0,0.0,0.0,0.0,0.0,0.0,99.9,0.1
20200105141832,0.0,0.0,0.0,0.0,0.0,0.0,99.9,0.1
20200105141902,0.0,0.0,0.0,0.0,0.0,0.0,100.0,0.0
20200105141932,0.0,0.0,0.0,0.0,0.0,0.0,99.7,0.2
20200105142002,0.0,0.0,0.0,0.0,0.0,0.0,99.7,0.2
20200105142032,0.0,0.0,0.0,0.0,0.0,0.0,100.0,0.0
20200105142102,0.0,0.0,0.0,0.0,0.0,0.0,99.9,0.1
20200105142132,0.0,0.0,0.0,0.0,0.0,0.0,100.0,0.0
20200105142202,0.0,0.0,0.0,0.0,0.0,0.0,99.9,0.1
20200105142232,0.0,0.0,0.0,0.0,0.0,0.0,99.8,0.2
20200105142302,0.0,0.0,0.0,0.0,0.0,0.0,100.0,0.0
20200105142332,0.0,0.0,0.0,0.0,0.0,0.0,100.0,0.0
20200105142402,0.0,0.0,0.0,0.0,0.0,0.0,99.9,0.1
20200105142432,0.0,0.0,0.0,0.0,0.0,0.0,99.9,0.1
20200105142502,0.0,0.0,0.0,0.0,0.0,0.0,99.9,0.1
20200105142532,0.0,0.0,0.0,0.0,0.0,0.0,100.0,0.0
20200105142602,0.0,0.0,0.0,0.0,0.0,0.0,100.0,0.0
20200105142632,0.0,0.0,0.0,0.0,0.0,0.0,100.0,0.0
20200105142702,0.0,0.0,0.0,0.0,0.0,0.0,100.0,0.0
20200105142732,0.0,0.0,0.0,0.0,0.0,0.0,99.9,0.1
20200105142802,0.0,0.0,0.0,0.0,0.0,0.0,99.9,0.1
20200105142832,0.0,0.0,0.0,0.0,0.0,0.0,99.9,0.1
20200105142902,0.0,0.0,0.0,0.0,0.0,0.0,99.9,0.1
20200105142932,0.0,0.0,0.0,0.0,0.0,0.0,99.9,0.1
20200105143132,0.0,0.0,0.0,0.0,4.2,0.0,79.2,16.6
20200105143202,0.0,0.0,0.0,0.0,4.5,0.0,83.6,11.9
20200105143232,0.0,0.0,0.0,0.0,3.7,0.0,87.3,9.0
20200105143303,0.0,0.0,0.0,0.0,29.1,0.0,3.0,67.9
20200105143333,0.0,0.0,0.0,0.0,5.6,0.0,0.1,94.4
20200105143403,0.0,0.0,0.0,0.0,0.7,0.0,0.0,99.3
20200105143433,0.0,0.0,0.0,0.0,0.2,0.0,0.0,99.8
20200105143503,0.0,0.0,0.0,0.0,0.0,0.0,0.0,100.0
20200105143533,0.0,0.0,0.0,0.0,0.0,0.0,0.0,100.0
20200105143603,0.0,0.0,0.0,0.0,0.0,0.0,0.0,100.0
20200105143633,0.0,0.0,0.0,0.0,0.0,0.0,0.0,100.0
20200105143703,0.0,0.0,0.0,0.0,0.0,0.0,0.0,100.0
20200105143733,0.0,0.0,0.0,0.0,0.0,0.0,0.0,100.0
20200105143803,0.0,0.0,0.0,0.0,0.0,0.0,0.0,100.0
20200105143833,0.0,0.0,0.0,0.0,0.0,0.0,0.0,100.0
20200105143903,0.0,0.0,0.0,0.0,0.0,0.0,0.0,100.0
20200105143933,0.0,0.0,0.0,0.0,0.0,0.0,0.0,100.0
20200105144003,0.0,0.0,0.0,0.0,0.0,0.0,0.0,100.0
20200105144033,0.0,0.0,0.0,0.0,0.0,0.0,0.0,100.0
20200105144103,0.0,0.0,0.0,0.0,0.0,0.0,0.0,100.0
20200105144133,0.0,0.0,0.0,0.0,0.0,0.0,0.0,100.0
20200105144203,0.0,0.0,0.0,0.0,0.0,0.0,0.0,100.0
20200105144233,0.0,0.0,0.0,0.0,0.0,0.0,0.0,100.0
20200105144303,0.0,0.0,0.0,0.0,0.0,0.0,0.0,100.0
20200105144333,0.0,0.0,0.0,0.0,0.0,0.0,0.0,100.0
20200105144403,0.0,0.0,0.0,0.0,0.0,0.0,0.0,100.0
20200105144433,0.0,0.0,0.0,0.0,0.0,0.0,0.0,100.0
20200105144503,0.0,0.0,0.0,0.0,0.0,0.0,0.0,100.0
20200105144533,0.0,0.0,0.0,0.0,0.0,0.0,0.0,100.0
20200105144603,0.0,0.0,0.0,0.0,0.0,0.0,0.0,100.0
20200105144633,0.0,0.0,0.0,0.0,0.0,0.0,0.0,100.0
20200105144703,0.0,0.0,0.0,0.0,0.0,0.0,0.0,100.0
20200105144733,0.0,0.0,0.0,0.0,0.0,0.0,0.0,100.0
20200105144803,0.0,0.0,0.0,0.0,0.0,0.0,0.0,100.0
20200105144833,0.0,0.0,0.0,0.0,0.0,0.0,0.0,100.0
20200105144903,0.0,0.0,0.0,0.0,0.0,0.0,0.0,100.0
20200105144933,0.0,0.0,0.0,0.0,0.0,0.0,0.0,100.0
20200105145003,0.0,0.0,0.0,0.0,0.0,0.0,0.0,100.0
20200105145033,0.0,0.0,0.0,0.0,0.0,0.0,0.0,100.0
20200105145103,0.0,0.0,0.0,0.0,0.0,0.0,0.0,100.0
20200105145133,0.0,0.0,0.0,0.0,0.0,0.0,0.0,100.0
20200105145203,0.0,0.0,0.0,0.0,0.0,0.0,0.0,100.0
20200105145233,0.0,0.0,0.0,0.0,0.0,0.0,0.0,100.0
20200105145303,0.0,0.0,0.0,0.0,0.0,0.0,0.0,100.0
20200105145333,0.0,0.0,0.0,0.0,0.0,0.0,0.0,100.0
20200105145403,0.0,0.0,0.0,0.0,0.0,0.0,0.4,99.6
20200105145433,0.0,0.0,0.0,0.0,0.0,0.0,0.2,99.8
20200105145503,0.0,0.0,0.0,0.0,0.0,0.0,0.3,99.7
20200105145533,0.0,0.0,0.0,0.0,0.0,0.0,0.1,99.9
20200105145603,0.0,0.0,0.0,0.0,0.0,0.0,0.1,99.9
20200105145633,0.0,0.0,0.0,0.0,0.0,0.0,0.3,99.7
20200105145703,0.0,0.0,0.0,0.0,0.0,0.0,0.5,99.5
20200105145733,0.0,0.0,0.0,0.0,0.0,0.0,0.2,99.8
20200105145803,0.0,0.0,0.0,0.0,0.0,0.0,0.3,99.7
20200105145833,0.0,0.0,0.0,0.0,0.0,0.0,2.5,97.5
20200105145903,0.0,0.0,0.0,0.0,0.0,0.0,1.4,98.6
20200105145933,0.0,0.0,0.0,0.0,0.0,0.0,4.7,95.3
20200105150003,0.0,0.0,0.0,0.0,0.0,0.0,4.8,95.2
20200105150033,0.0,0.0,0.0,0.0,0.0,0.0,12.3,87.7
20200105150103,0.0,0.0,0.0,0.0,0.0,0.0,2.0,98.0
20200105150133,0.0,0.0,0.0,0.0,0.0,0.0,1.2,98.8
20200105150203,0.0,0.0,0.0,0.0,0.0,0.0,3.1,96.9
20200105150233,0.0,0.0,0.0,0.0,0.0,0.0,0.7,99.3
20200105150303,0.0,0.0,0.0,0.0,0.0,0.0,9.0,91.0
20200105150333,0.0,0.0,0.0,0.0,0.0,0.0,8.5,91.5
20200105150403,0.0,0.0,0.0,0.0,0.0,0.0,9.4,90.6
20200105150433,0.0,0.0,0.0,0.0,0.0,0.0,29.4,70.6
20200105150503,0.0,0.0,0.0,0.0,0.0,0.0,31.0,69.0
20200105150533,0.0,0.0,0.0,0.0,0.0,0.0,31.7,68.3
20200105150603,0.0,0.0,0.0,0.0,0.0,0.0,45.9,54.1
20200105150633,0.0,0.0,0.0,0.0,0.0,0.0,38.2,61.8
20200105150704,0.0,0.0,0.0,0.0,0.0,0.0,47.5,52.4
20200105150734,0.0,0.0,0.0,0.0,0.0,0.0,24.8,75.2
20200105150804,0.0,0.0,0.0,0.0,0.0,0.0,8.3,91.7
20200105150834,0.0,0.0,0.0,0.0,0.0,0.0,17.9,82.0
20200105150904,0.0,0.0,0.0,0.0,0.0,0.0,20.3,79.6
20200105150934,0.0,0.0,0.0,0.0,0.1,0.0,64.9,35.0
20200105151004,0.0,0.0,0.0,0.0,0.0,0.0,39.1,60.8
20200105151034,0.0,0.0,0.0,0.0,0.0,0.0,34.5,65.5
20200105151104,0.0,0.0,0.0,0.0,0.0,0.0,54.2,45.7
20200105151134,0.0,0.0,0.0,0.0,0.0,0.0,23.4,76.6
20200105151204,0.0,0.0,0.0,0.0,0.0,0.0,43.4,56.5
20200105151234,0.0,0.0,0.0,0.0,0.0,0.0,17.3,82.7
20200105151304,0.0,0.0,0.0,0.0,0.0,0.0,33.0,67.0
20200105151334,0.0,0.0,0.0,0.0,0.0,0.0,36.2,63.8
20200105151404,0.0,0.0,0.0,0.0,0.0,0.0,44.6,55.4
20200105151434,0.0,0.0,0.0,0.0,0.0,0.0,84.4,15.5
20200105151504,0.0,0.0,0.0,0.0,0.0,0.0,65.4,34.6
20200105151534,0.0,0.0,0.0,0.0,0.0,0.0,75.3,24.7
20200105151604,0.0,0.0,0.0,0.0,0.0,0.0,71.9,28.0
20200105151634,0.0,0.0,0.0,0.0,0.0,0.0,79.1,20.9
20200105151704,0.0,0.0,0.0,0.0,0.0,0.0,71.7,28.2
20200105151734,0.0,0.0,0.0,0.0,0.0,0.0,86.7,13.3
20200105151804,0.0,0.0,0.0,0.0,0.0,0.0,95.0,5.0
20200105151834,0.0,0.0,0.0,0.0,0.0,0.0,96.3,3.6
20200105151904,0.0,0.0,0.0,0.0,0.0,0.0,93.9,6.1
20200105151934,0.0,0.0,0.0,0.0,0.0,0.0,92.5,7.5
20200105152004,0.0,0.0,0.0,0.0,0.0,0.0,79.5,20.5
20200105152034,0.0,0.0,0.0,0.0,0.0,0.0,76.1,23.9
20200105152104,0.0,0.0,0.0,0.0,0.0,0.0,92.6,7.3
20200105152134,0.0,0.0,0.0,0.0,0.0,0.0,97.1,2.8
20200105152204,0.0,0.0,0.0,0.0,0.0,0.0,92.6,7.3
20200105152234,0.0,0.0,0.0,0.0,0.0,0.0,85.9,14.0
20200105152304,0.0,0.0,0.0,0.0,0.0,0.0,99.1,0.9
20200105152334,0.0,0.0,0.0,0.0,0.0,0.0,97.4,2.5
20200105152404,0.0,0.0,0.0,0.0,0.0,0.0,95.3,4.7
20200105152434,0.0,0.0,0.0,0.0,0.0,0.0,98.2,1.8
20200105152504,0.0,0.0,0.0,0.0,0.0,0.0,75.8,24.1
20200105152534,0.0,0.0,0.0,0.0,0.0,0.0,86.9,13.1
20200105152604,0.0,0.0,0.0,0.0,0.0,0.0,82.1,17.9
20200105152634,0.0,0.0,0.0,0.0,0.0,0.0,90.9,9.1
20200105152704,0.0,0.0,0.0,0.0,0.0,0.0,94.9,5.1
20200105152734,0.0,0.0,0.0,0.0,0.0,0.0,90.7,9.3
20200105152804,0.0,0.0,0.0,0.0,0.0,0.0,96.5,3.5
20200105152834,0.0,0.0,0.0,0.0,0.0,0.0,97.9,2.1
20200105152904,0.0,0.0,0.0,0.0,0.0,0.0,96.0,4.0
20200105152934,0.0,0.0,0.0,0.0,0.0,0.0,95.3,4.7
20200105153004,0.0,0.0,0.0,0.0,0.0,0.0,97.5,2.5
20200105153034,0.0,0.0,0.0,0.0,0.0,0.0,90.8,9.2
20200105153104,0.0,0.0,0.0,0.0,0.0,0.0,95.5,4.5
20200105153134,0.0,0.0,0.0,0.0,0.0,0.0,96.6,3.4
20200105153204,0.0,0.0,0.0,0.0,0.0,0.0,97.1,2.9
20200105153234,0.0,0.0,0.0,0.0,0.0,0.0,96.2,3.7
20200105153304,0.0,0.0,0.0,0.0,0.0,0.0,98.0,2.0
20200105153334,0.0,0.0,0.0,0.0,0.0,0.0,98.5,1.4
20200105153404,0.0,0.0,0.0,0.0,0.0,0.0,95.0,5.0
20200105153434,0.0,0.0,0.0,0.0,0.0,0.0,93.5,6.5
20200105153504,0.0,0.0,0.0,0.0,0.0,0.0,88.7,11.3
20200105153534,0.0,0.0,0.0,0.0,0.0,0.0,84.2,15.8
20200105153604,0.0,0.0,0.0,0.0,0.0,0.0,96.9,3.1
20200105153634,0.0,0.0,0.0,0.0,0.0,0.0,96.3,3.7
20200105153704,0.0,0.0,0.0,0.0,0.0,0.0,97.8,2.2
20200105153734,0.0,0.0,0.0,0.0,0.1,0.0,89.7,10.2
20200105153805,0.0,0.0,0.0,0.0,0.0,0.0,85.9,14.1
20200105153835,0.0,0.0,0.0,0.0,0.0,0.0,96.0,4.0
20200105153905,0.0,0.0,0.0,0.0,0.0,0.0,91.0,9.0
20200105153935,0.0,0.0,0.0,0.0,0.0,0.0,97.7,2.3
20200105154005,0.0,0.0,0.0,0.0,0.0,0.0,97.8,2.2
20200105154035,0.0,0.0,0.0,0.0,0.0,0.0,96.6,3.4
20200105154105,0.0,0.0,0.0,0.0,0.0,0.0,97.3,2.6
20200105154135,0.0,0.0,0.0,0.0,0.0,0.0,99.0,1.0
20200105154205,0.0,0.0,0.0,0.0,0.0,0.0,98.2,1.8
20200105154235,0.0,0.0,0.0,0.0,0.0,0.0,94.3,5.7
20200105154305,0.0,0.0,0.0,0.0,0.0,0.0,98.3,1.7
20200105154335,0.0,0.0,0.0,0.0,0.0,0.0,83.1,16.9
20200105154405,0.0,0.0,0.0,0.0,0.0,0.0,94.2,5.7
20200105154435,0.0,0.0,0.0,0.0,0.0,0.0,95.6,4.4
20200105154505,0.0,0.0,0.0,0.0,0.0,0.0,90.1,9.8
20200105154535,0.0,0.0,0.0,0.0,0.0,0.0,99.1,0.9
20200105154605,0.0,0.0,0.0,0.0,0.0,0.0,98.4,1.6
20200105154635,0.0,0.0,0.0,0.0,0.0,0.0,99.3,0.7
20200105154705,0.0,0.0,0.0,0.0,0.0,0.0,97.0,3.0
20200105154735,0.0,0.0,0.0,0.0,0.0,0.0,98.9,1.1
20200105154805,0.0,0.0,0.0,0.0,0.0,0.0,96.2,3.8
20200105154835,0.0,0.0,0.0,0.0,0.0,0.0,95.7,4.3
20200105154905,0.0,0.0,0.0,0.0,0.0,0.0,97.8,2.2
20200105154935,0.0,0.0,0.0,0.0,0.0,0.0,97.5,2.5
20200105155005,0.0,0.0,0.0,0.0,0.0,0.0,97.2,2.8
20200105155035,0.0,0.0,0.0,0.0,0.0,0.0,98.5,1.5
20200105155105,0.0,0.0,0.0,0.0,0.0,0.0,99.3,0.7
20200105155135,0.0,0.0,0.0,0.0,0.0,0.0,98.6,1.4
20200105155205,0.0,0.0,0.0,0.0,0.0,0.0,98.6,1.4
20200105155235,0.0,0.0,0.0,0.0,0.0,0.0,97.7,2.3
20200105155305,0.0,0.0,0.0,0.0,0.0,0.0,99.0,1.0
20200105155335,0.0,0.0,0.0,0.0,0.0,0.0,99.0,1.0
20200105155405,0.0,0.0,0.0,0.0,0.0,0.0,98.9,1.1
20200105155435,0.0,0.0,0.0,0.0,0.0,0.0,96.8,3.2
20200105155505,0.0,0.0,0.0,0.0,0.0,0.0,99.3,0.7
20200105155535,0.0,0.0,0.0,0.0,0.0,0.0,96.5,3.5
20200105155605,0.0,0.0,0.0,0.0,0.0,0.0,98.2,1.8
20200105155635,0.0,0.0,0.0,0.0,0.0,0.0,99.1,0.9
20200105155705,0.0,0.0,0.0,0.0,0.0,0.0,98.4,1.6
20200105155735,0.0,0.0,0.0,0.0,0.0,0.0,99.3,0.7
20200105155805,0.0,0.0,0.0,0.0,0.0,0.0,98.7,1.3
20200105155835,0.0,0.0,0.0,0.0,0.0,0.0,99.6,0.3
20200105155905,0.0,0.0,0.0,0.0,0.0,0.0,99.2,0.8
20200105155935,0.0,0.0,0.0,0.0,0.0,0.0,98.5,1.5
20200105160005,0.0,0.0,0.0,0.0,0.0,0.0,98.1,1.9
20200105160035,0.0,0.0,0.0,0.0,0.0,0.0,99.4,0.6
20200105160105,0.0,0.0,0.0,0.0,0.0,0.0,96.8,3.1
20200105160135,0.0,0.0,0.0,0.0,0.0,0.0,98.8,1.2
20200105160205,0.0,0.0,0.0,0.0,0.0,0.0,99.5,0.5
20200105160235,0.0,0.0,0.0,0.0,0.0,0.0,98.7,1.3
20200105160305,0.0,0.0,0.0,0.0,0.0,0.0,95.0,5.0
20200105160335,0.0,0.0,0.0,0.0,0.0,0.0,99.0,1.0
20200105160405,0.0,0.0,0.0,0.0,0.0,0.0,97.3,2.7
20200105160435,0.0,0.0,0.0,0.0,0.0,0.0,95.8,4.2
20200105160505,0.0,0.0,0.0,0.0,0.0,0.0,98.3,1.7
20200105160535,0.0,0.0,0.0,0.0,0.0,0.0,97.9,2.0
20200105160605,0.0,0.0,0.0,0.0,0.0,0.0,99.0,1.0
20200105160635,0.0,0.0,0.0,0.0,0.0,0.0,97.7,2.3
20200105160705,0.0,0.0,0.0,0.0,0.0,0.0,98.6,1.4
20200105160735,0.0,0.0,0.0,0.0,0.0,0.0,99.2,0.8
20200105160805,0.0,0.0,0.0,0.0,0.0,0.0,97.1,2.9
20200105160836,0.0,0.0,0.0,0.0,0.0,0.0,96.2,3.8
20200105160906,0.0,0.0,0.0,0.0,0.0,0.0,95.9,4.1
20200105160936,0.0,0.0,0.0,0.0,0.0,0.0,98.8,1.2
20200105161006,0.0,0.0,0.0,0.0,0.0,0.0,96.5,3.5
20200105161036,0.0,0.0,0.0,0.0,0.0,0.0,94.4,5.6
20200105161106,0.0,0.0,0.0,0.0,0.0,0.0,98.9,1.1
20200105161136,0.0,0.0,0.0,0.0,0.0,0.0,96.9,3.1
20200105161206,0.0,0.0,0.0,0.0,0.0,0.0,96.7,3.3
20200105161236,0.0,0.0,0.0,0.0,0.0,0.0,96.3,3.7
20200105161306,0.0,0.0,0.0,0.0,0.0,0.0,98.4,1.6
20200105161336,0.0,0.0,0.0,0.0,0.0,0.0,99.5,0.5
20200105161406,0.0,0.0,0.0,0.0,0.0,0.0,99.7,0.3
20200105161436,0.0,0.0,0.0,0.0,0.0,0.0,99.2,0.8
20200105161506,0.0,0.0,0.0,0.0,0.0,0.0,98.9,1.1
20200105161536,0.0,0.0,0.0,0.0,0.0,0.0,96.5,3.5
20200105161606,0.0,0.0,0.0,0.0,0.0,0.0,99.3,0.7
20200105161636,0.0,0.0,0.0,0.0,0.0,0.0,99.9,0.1
20200105161706,0.0,0.0,0.0,0.0,0.0,0.0,96.0,4.0
20200105161736,0.0,0.0,0.0,0.0,0.0,0.0,99.3,0.7
20200105161806,0.0,0.0,0.0,0.0,0.0,0.0,98.8,1.2
20200105161836,0.0,0.0,0.0,0.0,0.0,0.0,99.0,1.0
20200105161906,0.0,0.0,0.0,0.0,0.0,0.0,99.5,0.5
20200105161936,0.0,0.0,0.0,0.0,0.0,0.0,99.6,0.4
20200105162006,0.0,0.0,0.0,0.0,0.0,0.0,99.2,0.8
20200105162036,0.0,0.0,0.0,0.0,0.0,0.0,99.8,0.2
20200105162106,0.0,0.0,0.0,0.0,0.0,0.0,99.8,0.2
20200105162136,0.0,0.0,0.0,0.0,0.0,0.0,99.9,0.1
20200105162206,0.0,0.0,0.0,0.0,0.0,0.0,99.7,0.3
20200105162236,0.0,0.0,0.0,0.0,0.0,0.0,99.0,1.0
20200105162306,0.0,0.0,0.0,0.0,0.0,0.0,99.7,0.3
20200105162336,0.0,0.0,0.0,0.0,0.0,0.0,98.5,1.5
20200105162406,0.0,0.0,0.0,0.0,0.0,0.0,99.8,0.2
20200105162436,0.0,0.0,0.0,0.0,0.0,0.0,99.9,0.1
20200105162506,0.0,0.0,0.0,0.0,0.0,0.0,99.9,0.1
20200105162536,0.0,0.0,0.0,0.0,0.0,0.0,99.9,0.1
20200105162606,0.0,0.0,0.0,0.0,0.0,0.0,99.7,0.3
20200105162636,0.0,0.0,0.0,0.0,0.0,0.0,99.6,0.4
20200105162706,0.0,0.0,0.0,0.0,0.0,0.0,99.9,0.1
20200105162736,0.0,0.0,0.0,0.0,0.0,0.0,99.9,0.1
20200105162806,0.0,0.0,0.0,0.0,0.0,0.0,99.6,0.4
20200105162836,0.0,0.0,0.0,0.0,0.0,0.0,99.6,0.4
20200105162906,0.0,0.0,0.0,0.0,0.0,0.0,99.6,0.4
20200105162936,0.0,0.0,0.0,0.0,0.0,0.0,99.7,0.2
20200105163006,0.0,0.0,0.0,0.0,0.0,0.0,99.6,0.4
20200105163036,0.0,0.0,0.0,0.0,0.0,0.0,99.3,0.7
20200105163106,0.0,0.0,0.0,0.0,0.0,0.0,97.9,2.1
20200105163136,0.0,0.0,0.0,0.0,0.0,0.0,99.1,0.9
20200105163206,0.0,0.0,0.0,0.0,0.0,0.0,99.3,0.7
20200105163236,0.0,0.0,0.0,0.0,0.0,0.0,99.7,0.3
20200105163306,0.0,0.0,0.0,0.0,0.0,0.0,99.6,0.4
20200105163336,0.0,0.0,0.0,0.0,0.0,0.0,99.2,0.8
20200105163406,0.0,0.0,0.0,0.0,0.0,0.0,98.8,1.1
20200105163436,0.0,0.0,0.0,0.0,0.0,0.0,98.5,1.5
20200105163506,0.0,0.0,0.0,0.0,0.0,0.0,92.1,7.9
20200105163536,0.0,0.0,0.0,0.0,0.0,0.0,90.7,9.3
20200105163606,0.0,0.0,0.0,0.0,0.0,0.0,96.7,3.3
20200105163636,0.0,0.0,0.0,0.0,0.0,0.0,97.4,2.6
20200105163706,0.0,0.0,0.0,0.0,0.0,0.0,89.8,10.2
20200105163736,0.0,0.0,0.0,0.0,0.0,0.0,97.1,2.9
20200105163806,0.0,0.0,0.0,0.0,0.0,0.0,95.2,4.8
20200105163836,0.0,0.0,0.0,0.0,0.0,0.0,95.3,4.7
20200105163906,0.0,0.0,0.0,0.0,0.0,0.0,95.7,4.3
20200105163936,0.0,0.0,0.0,0.0,0.0,0.0,98.4,1.6
20200105164006,0.0,0.0,0.0,0.0,0.0,0.0,96.7,3.3
20200105164036,0.0,0.0,0.0,0.0,0.0,0.0,95.6,4.4
20200105164106,0.0,0.0,0.0,0.0,0.0,0.0,98.6,1.4
20200105164136,0.0,0.0,0.0,0.0,0.0,0.0,98.9,1.1
20200105164206,0.0,0.0,0.0,0.0,0.0,0.0,98.9,1.1
20200105164236,0.0,0.0,0.0,0.0,0.0,0.0,98.1,1.9
20200105164307,0.0,0.0,0.0,0.0,0.0,0.0,98.4,1.6
20200105164337,0.0,0.0,0.0,0.0,0.0,0.0,98.0,1.9
20200105164407,0.0,0.0,0.0,0.0,0.0,0.0,97.6,2.4
20200105164437,0.0,0.0,0.0,0.0,0.0,0.0,97.8,2.2
20200105164507,0.0,0.0,0.0,0.0,0.0,0.0,99.3,0.7
20200105164537,0.0,0.0,0.0,0.0,0.0,0.0,95.1,4.9
20200105164607,0.0,0.0,0.0,0.0,0.0,0.0,96.3,3.7
20200105164637,0.0,0.0,0.0,0.0,0.0,0.0,96.9,3.1
20200105164707,0.0,0.0,0.0,0.0,0.0,0.0,98.9,1.1
20200105164737,0.0,0.0,0.0,0.0,0.0,0.0,96.8,3.2
20200105164807,0.0,0.0,0.0,0.0,0.0,0.0,98.8,1.2
20200105164837,0.0,0.0,0.0,0.0,0.0,0.0,99.6,0.4
20200105164907,0.0,0.0,0.0,0.0,0.0,0.0,98.8,1.2
20200105164937,0.0,0.0,0.0,0.0,0.0,0.0,99.3,0.7
20200105165007,0.0,0.0,0.0,0.0,0.0,0.0,97.9,2.1
20200105165037,0.0,0.0,0.0,0.0,0.0,0.0,99.0,1.0
20200105165107,0.0,0.0,0.0,0.0,0.0,0.0,99.1,0.9
20200105165137,0.0,0.0,0.0,0.0,0.0,0.0,98.1,1.9
20200105165207,0.0,0.0,0.0,0.0,0.0,0.0,99.0,1.0
20200105165237,0.0,0.0,0.0,0.0,0.0,0.0,97.1,2.9
20200105165307,0.0,0.0,0.0,0.0,0.0,0.0,98.6,1.4
20200105165337,0.0,0.0,0.0,0.0,0.0,0.0,99.6,0.4
20200105165407,0.0,0.0,0.0,0.0,0.0,0.0,96.8,3.2
20200105165437,0.0,0.0,0.0,0.0,0.0,0.0,98.0,2.0
20200105165507,0.0,0.0,0.0,0.0,0.0,0.0,98.9,1.1
20200105165537,0.0,0.0,0.0,0.0,0.0,0.0,99.3,0.7
20200105165607,0.0,0.0,0.0,0.0,0.0,0.0,99.1,0.9
20200105165637,0.0,0.0,0.0,0.0,0.0,0.0,98.6,1.4
20200105165707,0.0,0.0,0.0,0.0,0.0,0.0,99.4,0.6
20200105165737,0.0,0.0,0.0,0.0,0.0,0.0,97.9,2.1
20200105165807,0.0,0.0,0.0,0.0,0.0,0.0,99.0,1.0
20200105165837,0.0,0.0,0.0,0.0,0.0,0.0,99.4,0.6
20200105165907,0.0,0.0,0.0,0.0,0.0,0.0,99.1,0.9
20200105165937,0.0,0.0,0.0,0.0,0.0,0.0,99.4,0.6
20200105170007,0.0,0.0,0.0,0.0,0.0,0.0,99.0,1.0
20200105170037,0.0,0.0,0.0,0.0,0.0,0.0,98.0,2.0
20200105170107,0.0,0.0,0.0,0.0,0.0,0.0,98.9,1.1
20200105170137,0.0,0.0,0.0,0.0,0.0,0.0,99.0,0.9
20200105170207,0.0,0.0,0.0,0.0,0.0,0.0,99.6,0.4
20200105170237,0.0,0.0,0.0,0.0,0.0,0.0,98.9,1.1
20200105170307,0.0,0.0,0.0,0.0,0.0,0.0,98.7,1.3
20200105170337,0.0,0.0,0.0,0.0,0.0,0.0,97.8,2.2
20200105170407,0.0,0.0,0.0,0.0,0.0,0.0,99.1,0.9
20200105170437,0.0,0.0,0.0,0.0,0.0,0.0,97.1,2.9
20200105170507,0.0,0.0,0.0,0.0,0.0,0.0,97.9,2.1
20200105170537,0.0,0.0,0.0,0.0,0.0,0.0,91.9,8.1
20200105170607,0.0,0.0,0.0,0.0,0.0,0.0,98.0,2.0
20200105170637,0.0,0.0,0.0,0.0,0.0,0.0,97.9,2.1
20200105170707,0.0,0.0,0.0,0.0,0.0,0.0,98.9,1.1
20200105170737,0.0,0.0,0.0,0.0,0.0,0.0,93.8,6.2
20200105170807,0.0,0.0,0.0,0.0,0.0,0.0,97.7,2.3
20200105170837,0.0,0.0,0.0,0.0,0.0,0.0,97.3,2.7
20200105170907,0.0,0.0,0.0,0.0,0.0,0.0,98.0,2.0
20200105170937,0.0,0.0,0.0,0.0,0.0,0.0,97.5,2.5
20200105171007,0.0,0.0,0.0,0.0,0.0,0.0,97.5,2.5
20200105171037,0.0,0.0,0.0,0.0,0.0,0.0,97.1,2.9
20200105171107,0.0,0.0,0.0,0.0,0.0,0.0,98.1,1.9
20200105171137,0.0,0.0,0.0,0.0,0.0,0.0,95.1,4.9
20200105171207,0.0,0.0,0.0,0.0,0.0,0.0,98.2,1.8
20200105171237,0.0,0.0,0.0,0.0,0.0,0.0,94.5,5.5
20200105171307,0.0,0.0,0.0,0.0,0.0,0.0,97.8,2.2
20200105171337,0.0,0.0,0.0,0.0,0.0,0.0,92.5,7.5
20200105171407,0.0,0.0,0.0,0.0,0.0,0.0,96.9,3.0
20200105171437,0.0,0.0,0.0,0.0,0.0,0.0,98.4,1.6
20200105171507,0.0,0.0,0.0,0.0,0.0,0.0,97.3,2.6
20200105171537,0.0,0.0,0.0,0.0,0.0,0.0,96.1,3.9
20200105171607,0.0,0.0,0.0,0.0,0.0,0.0,95.3,4.7
20200105171637,0.0,0.0,0.0,0.0,0.0,0.0,97.8,2.2
20200105171708,0.0,0.0,0.0,0.0,0.0,0.0,98.2,1.8
20200105171738,0.0,0.0,0.0,0.0,0.0,0.0,93.5,6.5
20200105171808,0.0,0.0,0.0,0.0,0.0,0.0,96.3,3.7
20200105171838,0.0,0.0,0.0,0.0,0.0,0.0,98.1,1.9
20200105171908,0.0,0.0,0.0,0.0,0.0,0.0,97.3,2.7
20200105171938,0.0,0.0,0.0,0.0,0.0,0.0,97.8,2.2
20200105172008,0.0,0.0,0.0,0.0,0.0,0.0,99.3,0.7
20200105172038,0.0,0.0,0.0,0.0,0.0,0.0,97.4,2.6
20200105172108,0.0,0.0,0.0,0.0,0.0,0.0,98.3,1.7
20200105172138,0.0,0.0,0.0,0.0,0.0,0.0,97.4,2.6
20200105172208,0.0,0.0,0.0,0.0,0.0,0.0,94.2,5.8
20200105172238,0.0,0.0,0.0,0.0,0.0,0.0,98.0,2.0
20200105172308,0.0,0.0,0.0,0.0,0.0,0.0,99.4,0.6
20200105172338,0.0,0.0,0.0,0.0,0.0,0.0,97.2,2.8
20200105172408,0.0,0.0,0.0,0.0,0.0,0.0,96.6,3.4
20200105172438,0.0,0.0,0.0,0.0,0.0,0.0,98.0,2.0
20200105172508,0.0,0.0,0.0,0.0,0.0,0.0,96.9,3.1
20200105172538,0.0,0.0,0.0,0.0,0.0,0.0,94.7,5.2
20200105172608,0.0,0.0,0.0,0.0,0.0,0.0,97.6,2.4
20200105172638,0.0,0.0,0.0,0.0,0.0,0.0,98.0,2.0
20200105172708,0.0,0.0,0.0,0.0,0.0,0.0,97.8,2.2
20200105172738,0.0,0.0,0.0,0.0,0.0,0.0,99.3,0.7
20200105172808,0.0,0.0,0.0,0.0,0.0,0.0,99.4,0.6
20200105172838,0.0,0.0,0.0,0.0,0.0,0.0,99.9,0.1
20200105172908,0.0,0.0,0.0,0.0,0.0,0.0,99.7,0.3
20200105172938,0.0,0.0,0.0,0.0,0.0,0.0,99.5,0.4
20200105173008,0.0,0.0,0.0,0.0,0.0,0.0,99.7,0.3
20200105173038,0.0,0.0,0.0,0.0,0.0,0.0,99.4,0.6
20200105173108,0.0,0.0,0.0,0.0,0.0,0.0,99.5,0.5
20200105173138,0.0,0.0,0.0,0.0,0.0,0.0,99.7,0.3
20200105173208,0.0,0.0,0.0,0.0,0.0,0.0,98.5,1.5
20200105173238,0.0,0.0,0.0,0.0,0.0,0.0,99.6,0.4
20200105173308,0.0,0.0,0.0,0.0,0.0,0.0,99.9,0.1
20200105173338,0.0,0.0,0.0,0.0,0.0,0.0,98.7,1.3
20200105173408,0.0,0.0,0.0,0.0,0.0,0.0,99.9,0.1
20200105173438,0.0,0.0,0.0,0.0,0.0,0.0,99.4,0.6
20200105173508,0.0,0.0,0.0,0.0,0.0,0.0,99.9,0.1
20200105173538,0.0,0.0,0.0,0.0,0.0,0.0,99.6,0.4
20200105173608,0.0,0.0,0.0,0.0,0.0,0.0,99.6,0.4
20200105173638,0.0,0.0,0.0,0.0,0.0,0.0,99.5,0.5
20200105173708,0.0,0.0,0.0,0.0,0.0,0.0,99.9,0.1
20200105173738,0.0,0.0,0.0,0.0,0.0,0.0,99.8,0.2
20200105173808,0.0,0.0,0.0,0.0,0.0,0.0,99.9,0.1
20200105173838,0.0,0.0,0.0,0.0,0.0,0.0,99.7,0.3
20200105173908,0.0,0.0,0.0,0.0,0.0,0.0,99.9,0.1
20200105173938,0.0,0.0,0.0,0.0,0.0,0.0,99.9,0.1
20200105174008,0.0,0.0,0.0,0.0,0.0,0.0,99.9,0.1
20200105174038,0.0,0.0,0.0,0.0,0.0,0.0,99.9,0.1
20200105174108,0.0,0.0,0.0,0.0,0.0,0.0,99.8,0.2
20200105174138,0.0,0.0,0.0,0.0,0.0,0.0,99.4,0.6
20200105174208,0.0,0.0,0.0,0.0,0.0,0.0,98.5,1.5
20200105174238,0.0,0.0,0.0,0.0,0.0,0.0,99.6,0.4
20200105174308,0.0,0.0,0.0,0.0,0.0,0.0,99.8,0.2
20200105174338,0.0,0.0,0.0,0.0,0.0,0.0,99.7,0.3
20200105174408,0.0,0.0,0.0,0.0,0.0,0.0,99.4,0.6
20200105174439,0.0,0.0,0.0,0.0,0.0,0.0,99.7,0.3
20200105174509,0.0,0.0,0.0,0.0,0.0,0.0,99.9,0.1
20200105174539,0.0,0.0,0.0,0.0,0.0,0.0,99.9,0.1
20200105174609,0.0,0.0,0.0,0.0,0.0,0.0,99.7,0.3
20200105174639,0.0,0.0,0.0,0.0,0.0,0.0,99.7,0.3
20200105174709,0.0,0.0,0.0,0.0,0.0,0.0,99.6,0.4
20200105174739,0.0,0.0,0.0,0.0,0.0,0.0,99.8,0.2
20200105174809,0.0,0.0,0.0,0.0,0.0,0.0,99.8,0.2
20200105174839,0.0,0.0,0.0,0.0,0.0,0.0,99.8,0.2
20200105174909,0.0,0.0,0.0,0.0,0.0,0.0,99.7,0.2
20200105174939,0.0,0.0,0.0,0.0,0.0,0.0,99.9,0.1
20200105175009,0.0,0.0,0.0,0.0,0.0,0.0,99.9,0.0
20200105175039,0.0,0.0,0.0,0.0,0.0,0.0,99.7,0.2
20200105175109,0.0,0.0,0.0,0.0,0.0,0.0,99.5,0.5
20200105175139,0.0,0.0,0.0,0.0,0.0,0.0,99.4,0.6
20200105175209,0.0,0.0,0.0,0.0,0.0,0.0,99.8,0.2
20200105175239,0.0,0.0,0.0,0.0,0.0,0.0,99.3,0.7
20200105175309,0.0,0.0,0.0,0.0,0.0,0.0,99.7,0.3
20200105175339,0.0,0.0,0.0,0.0,0.0,0.0,99.4,0.6
20200105175409,0.0,0.0,0.0,0.0,0.0,0.0,99.4,0.6
20200105175439,0.0,0.0,0.0,0.0,0.0,0.0,99.7,0.3
20200105175509,0.0,0.0,0.0,0.0,0.0,0.0,99.5,0.5
20200105175539,0.0,0.0,0.0,0.0,0.0,0.0,98.7,1.3
20200105175609,0.0,0.0,0.0,0.0,0.0,0.0,99.4,0.6
20200105175639,0.0,0.0,0.0,0.0,0.0,0.0,98.7,1.3
20200105175709,0.0,0.0,0.0,0.0,0.0,0.0,97.7,2.3
20200105175739,0.0,0.0,0.0,0.0,0.0,0.0,99.8,0.2
20200105175809,0.0,0.0,0.0,0.0,0.0,0.0,98.5,1.5
20200105175839,0.0,0.0,0.0,0.0,0.0,0.0,96.0,3.9
20200105175909,0.0,0.0,0.0,0.0,0.0,0.0,97.8,2.2
20200105175939,0.0,0.0,0.0,0.0,0.0,0.0,99.3,0.7
20200105180009,0.0,0.0,0.0,0.0,0.0,0.0,99.6,0.4
20200105180039,0.0,0.0,0.0,0.0,0.0,0.0,99.4,0.6
20200105180109,0.0,0.0,0.0,0.0,0.0,0.0,99.8,0.2
20200105180139,0.0,0.0,0.0,0.0,0.0,0.0,99.7,0.3
20200105180209,0.0,0.0,0.0,0.0,0.0,0.0,99.6,0.4
20200105180239,0.0,0.0,0.0,0.0,0.0,0.0,99.8,0.2
20200105180309,0.0,0.0,0.0,0.0,0.0,0.0,99.6,0.4
20200105180339,0.0,0.0,0.0,0.0,0.0,0.0,99.5,0.5
20200105180409,0.0,0.0,0.0,0.0,0.0,0.0,99.5,0.5
20200105180439,0.0,0.0,0.0,0.0,0.0,0.0,99.3,0.7
20200105180509,0.0,0.0,0.0,0.0,0.0,0.0,97.6,2.4
20200105180539,0.0,0.0,0.0,0.0,0.0,0.0,99.7,0.3
20200105180609,0.0,0.0,0.0,0.0,0.0,0.0,97.7,2.3
20200105180639,0.0,0.0,0.0,0.0,0.0,0.0,98.5,1.5
20200105180709,0.0,0.0,0.0,0.0,0.0,0.0,96.8,3.2
20200105180739,0.0,0.0,0.0,0.0,0.0,0.0,93.8,6.2
20200105180809,0.0,0.0,0.0,0.0,0.0,0.0,98.5,1.5
20200105180839,0.0,0.0,0.0,0.0,0.0,0.0,96.7,3.3
20200105180909,0.0,0.0,0.0,0.0,0.0,0.0,97.2,2.8
20200105180939,0.0,0.0,0.0,0.0,0.0,0.0,98.6,1.4
20200105181009,0.0,0.0,0.0,0.0,0.0,0.0,95.4,4.6
20200105181039,0.0,0.0,0.0,0.0,0.0,0.0,98.3,1.7
20200105181109,0.0,0.0,0.0,0.0,0.0,0.0,93.6,6.4
20200105181139,0.0,0.0,0.0,0.0,0.0,0.0,98.7,1.3
20200105181209,0.0,0.0,0.0,0.0,0.0,0.0,97.2,2.8
20200105181239,0.0,0.0,0.0,0.0,0.1,0.0,97.4,2.6
20200105181309,0.0,0.0,0.0,0.0,0.0,0.0,96.8,3.2
20200105181339,0.0,0.0,0.0,0.0,0.0,0.0,97.3,2.7
20200105181409,0.0,0.0,0.0,0.0,0.0,0.0,99.6,0.4
20200105181439,0.0,0.0,0.0,0.0,0.0,0.0,98.7,1.3
20200105181509,0.0,0.0,0.0,0.0,0.0,0.0,96.0,4.0
20200105181539,0.0,0.0,0.0,0.0,0.0,0.0,92.8,7.2
20200105181609,0.0,0.0,0.0,0.0,0.0,0.0,97.6,2.4
20200105181639,0.0,0.0,0.0,0.0,0.0,0.0,96.5,3.5
20200105181709,0.0,0.0,0.0,0.0,0.0,0.0,97.5,2.5
20200105181739,0.0,0.0,0.0,0.0,0.0,0.0,88.7,11.3
20200105181809,0.0,0.0,0.0,0.0,0.0,0.0,97.6,2.4
20200105181840,0.0,0.0,0.0,0.0,0.0,0.0,96.2,3.8
20200105181910,0.0,0.0,0.0,0.0,0.0,0.0,98.7,1.3
20200105181940,0.0,0.0,0.0,0.0,0.0,0.0,96.6,3.4
20200105182010,0.0,0.0,0.0,0.0,0.0,0.0,92.7,7.3
20200105182040,0.0,0.0,0.0,0.0,0.0,0.0,97.1,2.9
20200105182110,0.0,0.0,0.0,0.0,0.0,0.0,92.4,7.5
20200105182140,0.0,0.0,0.0,0.0,0.0,0.0,96.9,3.0
20200105182210,0.0,0.0,0.0,0.0,0.0,0.0,88.4,11.6
20200105182240,0.0,0.0,0.0,0.0,0.0,0.0,98.7,1.3
20200105182310,0.0,0.0,0.0,0.0,0.0,0.0,99.1,0.9
20200105182340,0.0,0.0,0.0,0.0,0.0,0.0,99.5,0.5
20200105182410,0.0,0.0,0.0,0.0,0.0,0.0,97.5,2.5
20200105182440,0.0,0.0,0.0,0.0,0.0,0.0,96.3,3.7
20200105182510,0.0,0.0,0.0,0.0,0.0,0.0,96.6,3.4
20200105182540,0.0,0.0,0.0,0.0,0.0,0.0,99.1,0.9
20200105182610,0.0,0.0,0.0,0.0,0.0,0.0,98.2,1.8
20200105182640,0.0,0.0,0.0,0.0,0.0,0.0,94.5,5.5
20200105182710,0.0,0.0,0.0,0.0,0.0,0.0,99.8,0.2
20200105182740,0.0,0.0,0.0,0.0,0.0,0.0,99.2,0.7
20200105182810,0.0,0.0,0.0,0.0,0.0,0.0,99.3,0.7
20200105182840,0.0,0.0,0.0,0.0,0.0,0.0,99.5,0.5
20200105182910,0.0,0.0,0.0,0.0,0.0,0.0,98.0,2.0
20200105182940,0.0,0.0,0.0,0.0,0.0,0.0,98.2,1.8
20200105183010,0.0,0.0,0.0,0.0,0.0,0.0,99.8,0.2
20200105183040,0.0,0.0,0.0,0.0,0.0,0.0,99.9,0.1
20200105183110,0.0,0.0,0.0,0.0,0.0,0.0,99.4,0.6
20200105183140,0.0,0.0,0.0,0.0,0.0,0.0,99.2,0.8
20200105183210,0.0,0.0,0.0,0.0,0.0,0.0,99.6,0.4
20200105183240,0.0,0.0,0.0,0.0,0.0,0.0,99.1,0.9
20200105183310,0.0,0.0,0.0,0.0,0.0,0.0,99.3,0.7
20200105183340,0.0,0.0,0.0,0.0,0.0,0.0,99.6,0.4
20200105183410,0.0,0.0,0.0,0.0,0.0,0.0,98.9,1.1
20200105183440,0.0,0.0,0.0,0.0,0.0,0.0,99.8,0.2
20200105183510,0.0,0.0,0.0,0.0,0.0,0.0,99.9,0.1
20200105183540,0.0,0.0,0.0,0.0,0.0,0.0,99.8,0.2
20200105183610,0.0,0.0,0.0,0.0,0.0,0.0,99.6,0.4
20200105183640,0.0,0.0,0.0,0.0,0.0,0.0,99.8,0.1
20200105183710,0.0,0.0,0.0,0.0,0.0,0.0,98.7,1.3
20200105183740,0.0,0.0,0.0,0.0,0.0,0.0,99.6,0.3
20200105183810,0.0,0.0,0.0,0.0,0.0,0.0,99.4,0.6
20200105183840,0.0,0.0,0.0,0.0,0.0,0.0,99.1,0.9
20200105183910,0.0,0.0,0.0,0.0,0.0,0.0,99.6,0.3
20200105183940,0.0,0.0,0.0,0.0,0.0,0.0,99.9,0.1
20200105184010,0.0,0.0,0.0,0.0,0.0,0.0,99.7,0.3
20200105184040,0.0,0.0,0.0,0.0,0.0,0.0,99.2,0.8
20200105184110,0.0,0.0,0.0,0.0,0.0,0.0,99.0,1.0
20200105184140,0.0,0.0,0.0,0.0,0.0,0.0,99.7,0.3
20200105184210,0.0,0.0,0.0,0.0,0.0,0.0,99.5,0.5
20200105184240,0.0,0.0,0.0,0.0,0.0,0.0,99.3,0.7
20200105184310,0.0,0.0,0.0,0.0,0.0,0.0,99.3,0.6
20200105184340,0.0,0.0,0.0,0.0,0.0,0.0,99.6,0.4
20200105184410,0.0,0.0,0.0,0.0,0.0,0.0,99.7,0.3
20200105184440,0.0,0.0,0.0,0.0,0.0,0.0,99.8,0.2
20200105184510,0.0,0.0,0.0,0.0,0.0,0.0,98.2,1.8
20200105184540,0.0,0.0,0.0,0.0,0.0,0.0,99.5,0.5
20200105184610,0.0,0.0,0.0,0.0,0.0,0.0,99.1,0.9
20200105184640,0.0,0.0,0.0,0.0,0.0,0.0,95.3,4.7
20200105184710,0.0,0.0,0.0,0.0,0.0,0.0,98.8,1.2
20200105184740,0.0,0.0,0.0,0.0,0.0,0.0,99.4,0.6
20200105184810,0.0,0.0,0.0,0.0,0.0,0.0,98.3,1.7
20200105184840,0.0,0.0,0.0,0.0,0.0,0.0,94.5,5.5
20200105184910,0.0,0.0,0.0,0.0,0.0,0.0,98.8,1.2
20200105184940,0.0,0.0,0.0,0.0,0.0,0.0,98.1,1.9
20200105185010,0.0,0.0,0.0,0.0,0.0,0.0,99.2,0.8
20200105185040,0.0,0.0,0.0,0.0,0.0,0.0,99.5,0.5
20200105185110,0.0,0.0,0.0,0.0,0.0,0.0,95.5,4.5
20200105185140,0.0,0.0,0.0,0.0,0.0,0.0,96.5,3.5
20200105185210,0.0,0.0,0.0,0.0,0.0,0.0,98.6,1.3
20200105185241,0.0,0.0,0.0,0.0,0.0,0.0,99.3,0.7
20200105185311,0.0,0.0,0.0,0.0,0.0,0.0,99.2,0.8
20200105185341,0.0,0.0,0.0,0.0,0.0,0.0,99.0,1.0
20200105185411,0.0,0.0,0.0,0.0,0.0,0.0,99.1,0.8
20200105185441,0.0,0.0,0.0,0.0,0.0,0.0,99.2,0.7
20200105185511,0.0,0.0,0.0,0.0,0.0,0.0,99.7,0.3
20200105185541,0.0,0.0,0.0,0.0,0.0,0.0,98.3,1.7
20200105185611,0.0,0.0,0.0,0.0,0.0,0.0,97.9,2.1
20200105185641,0.0,0.0,0.0,0.0,0.0,0.0,99.1,0.9
20200105185711,0.0,0.0,0.0,0.0,0.0,0.0,99.4,0.6
20200105185741,0.0,0.0,0.0,0.0,0.0,0.0,99.8,0.2
20200105185811,0.0,0.0,0.0,0.0,0.0,0.0,99.8,0.2
20200105185841,0.0,0.0,0.0,0.0,0.0,0.0,99.3,0.7
20200105185911,0.0,0.0,0.0,0.0,0.0,0.0,99.8,0.2
20200105185941,0.0,0.0,0.0,0.0,0.0,0.0,99.1,0.8
20200105190011,0.0,0.0,0.0,0.0,0.0,0.0,99.2,0.7
20200105190041,0.0,0.0,0.0,0.0,0.0,0.0,99.0,1.0
20200105190111,0.0,0.0,0.0,0.0,0.0,0.0,99.8,0.2
20200105190141,0.0,0.0,0.0,0.0,0.0,0.0,99.2,0.7
20200105190211,0.0,0.0,0.0,0.0,0.0,0.0,99.6,0.4
20200105190241,0.0,0.0,0.0,0.0,0.0,0.0,99.3,0.7
20200105190311,0.0,0.0,0.0,0.0,0.0,0.0,99.1,0.8
20200105190341,0.0,0.0,0.0,0.0,0.0,0.0,97.6,2.4
20200105190411,0.0,0.0,0.0,0.0,0.0,0.0,97.9,2.1
20200105190441,0.0,0.0,0.0,0.0,0.0,0.0,99.5,0.5
20200105190511,0.0,0.0,0.0,0.0,0.0,0.0,94.3,5.6
20200105190541,0.0,0.0,0.0,0.0,0.1,0.0,91.1,8.7
20200105190611,0.0,0.0,0.0,0.0,0.1,0.0,88.6,11.3
20200105190641,0.0,0.0,0.0,0.1,0.1,0.0,67.7,32.2
20200105190711,0.0,0.0,0.0,6.9,2.7,0.0,89.1,1.2
20200105190741,0.0,0.0,0.0,0.0,0.1,0.0,97.9,1.9
20200105190811,0.0,0.0,0.0,0.0,0.0,0.0,99.0,1.0
20200105190841,0.0,0.0,0.0,0.0,0.0,0.0,99.0,1.0
20200105190911,0.0,0.0,0.0,0.0,0.1,0.0,98.8,1.1
20200105190941,0.0,0.0,0.0,0.0,0.0,0.0,96.9,3.1
20200105191011,0.0,0.0,0.0,0.0,0.0,0.0,96.1,3.8
20200105191041,0.0,0.0,0.0,0.0,0.0,0.0,99.1,0.9
20200105191111,0.0,0.0,0.0,0.0,0.0,0.0,98.6,1.4
20200105191141,0.0,0.0,0.0,0.0,0.1,0.0,94.3,5.5
20200105191211,0.0,0.0,0.0,0.1,0.1,0.0,97.4,2.4
20200105191241,0.0,0.0,0.0,0.1,0.0,0.0,91.1,8.8
20200105191311,0.0,0.0,0.0,0.1,0.0,0.0,98.0,1.9
20200105191341,0.0,0.0,0.0,0.0,0.0,0.0,96.8,3.2
20200105191411,0.0,0.0,0.0,0.1,0.1,0.0,84.8,15.0
20200105191441,0.0,0.0,0.0,0.1,0.0,0.0,89.1,10.8
20200105191511,0.0,0.0,0.0,0.2,0.1,0.0,86.1,13.5
20200105191541,0.0,0.0,0.0,0.4,1.1,0.0,73.8,24.7
20200105191611,0.0,0.0,0.0,0.0,0.1,0.0,97.1,2.8
20200105191641,0.0,0.0,0.0,0.1,0.1,0.0,91.1,8.8
20200105191711,0.0,0.0,0.0,0.1,0.1,0.0,65.8,33.9
20200105191741,0.0,0.0,0.0,0.6,0.4,0.0,68.4,30.6
20200105191811,0.0,0.0,0.0,0.8,0.4,0.0,66.9,31.9
20200105191841,0.0,0.0,0.0,0.5,0.2,0.0,93.2,6.2
20200105191911,0.0,0.0,0.0,0.3,0.1,0.0,82.4,17.2
20200105191941,0.0,0.0,0.0,0.5,0.2,0.0,70.8,28.5
20200105192012,0.0,0.0,0.0,0.1,0.1,0.0,65.9,33.9
20200105192042,0.0,0.0,0.0,0.2,0.3,0.0,77.7,21.8
20200105192112,0.0,0.0,0.0,0.1,0.2,0.0,82.5,17.2
20200105192142,0.0,0.0,0.0,0.2,0.2,0.0,75.9,23.7
20200105192212,0.0,0.0,0.0,0.1,0.2,0.0,83.6,16.1
20200105192242,0.0,0.0,0.0,0.1,0.2,0.0,28.2,71.5
20200105192312,0.0,0.0,0.0,0.7,0.7,0.0,33.4,65.2
20200105192342,0.0,0.0,0.0,0.3,0.4,0.0,14.1,85.2
20200105192412,0.0,0.0,0.0,0.3,0.2,0.0,40.7,58.8
20200105192442,0.0,0.0,0.0,0.0,0.2,0.0,16.9,82.9
20200105192512,0.0,0.0,0.0,0.0,0.1,0.0,25.8,74.1
20200105192542,0.0,0.0,0.0,0.0,0.2,0.0,57.1,42.7
20200105192612,0.0,0.0,0.0,0.1,0.2,0.0,50.6,49.1
20200105192642,0.0,0.0,0.0,0.0,0.1,0.0,62.0,37.9
20200105192712,0.0,0.0,0.0,0.1,0.1,0.0,41.1,58.7
20200105192742,0.0,0.0,0.0,0.0,0.0,0.0,27.0,73.0
20200105192812,0.0,0.0,0.0,0.0,0.1,0.0,38.6,61.2
20200105192842,0.0,0.0,0.0,0.0,0.1,0.0,53.5,46.4
20200105192912,0.0,0.0,0.0,0.0,0.2,0.0,20.7,79.2
20200105192942,0.0,0.0,0.0,0.0,0.1,0.0,42.6,57.2
20200105193012,0.0,0.0,0.0,0.0,0.1,0.0,41.0,58.9
20200105193042,0.0,0.0,0.0,0.0,0.0,0.0,48.3,51.7
20200105193112,0.0,0.0,0.0,0.0,0.1,0.0,75.3,24.5
20200105193142,0.0,0.0,0.0,0.0,0.1,0.0,74.4,25.5
20200105193212,0.0,0.0,0.0,0.0,0.1,0.0,84.6,15.3
20200105193242,0.0,0.0,0.0,0.0,0.1,0.0,68.8,31.0
20200105193312,0.0,0.0,0.0,0.0,0.1,0.0,94.1,5.7
20200105193342,0.0,0.0,0.0,0.0,0.2,0.0,81.2,18.5
20200105193412,0.0,0.0,0.0,0.0,0.4,0.0,77.6,21.9
20200105193442,0.0,0.0,0.0,0.0,0.6,0.0,76.5,22.9
20200105193512,0.0,0.0,0.0,0.0,0.5,0.0,70.1,29.4
20200105193542,0.0,0.0,0.0,0.0,0.4,0.0,83.7,15.9
20200105193612,0.0,0.0,0.0,0.0,0.2,0.0,82.1,17.7
20200105193642,0.0,0.0,0.0,0.1,1.0,0.0,83.8,15.0
20200105193712,0.0,0.0,0.0,0.0,0.3,0.0,96.3,3.4
20200105193742,0.0,0.0,0.0,0.1,0.5,0.0,86.0,13.5
20200105193812,0.0,0.0,0.0,0.0,0.3,0.0,91.9,7.8
20200105193842,0.0,0.0,0.0,0.2,0.3,0.0,80.4,19.1
20200105193912,0.0,0.0,0.0,0.2,0.4,0.0,76.1,23.4
20200105193942,0.0,0.0,0.0,0.5,0.4,0.0,39.6,59.6
20200105194012,0.0,0.0,0.0,0.1,0.2,0.0,43.8,56.0
20200105194042,0.0,0.0,0.0,0.2,0.2,0.0,39.8,59.9
20200105194112,0.0,0.0,0.0,0.2,0.0,0.0,81.5,18.3
20200105194142,0.0,0.0,0.0,0.0,0.0,0.0,99.1,0.8
20200105194212,0.0,0.0,0.0,0.1,0.0,0.0,99.7,0.1
20200105194242,0.0,0.0,0.0,0.0,0.0,0.0,99.9,0.1
20200105194312,0.0,0.0,0.0,0.0,0.0,0.0,99.9,0.0
20200105194342,0.0,0.0,0.0,0.0,0.1,0.0,99.7,0.2
20200105194412,0.0,0.0,0.0,0.0,0.0,0.0,100.0,0.0
20200105194442,0.0,0.0,0.0,0.0,0.1,0.0,99.6,0.3
20200105194512,0.0,0.0,0.0,0.4,0.2,0.0,98.8,0.6
20200105194542,0.0,0.0,0.0,8.0,1.7,0.0,89.3,1.0
20200105194612,0.0,0.0,0.0,8.3,2.2,0.0,88.9,0.7
20200105194642,0.0,0.0,0.0,5.2,1.6,0.0,92.2,0.9
20200105194712,0.0,0.0,0.0,3.8,1.1,0.0,94.2,1.0
20200105194742,0.0,0.0,0.0,0.3,0.2,0.0,99.4,0.1
20200105194812,0.0,0.0,0.0,0.5,2.2,0.0,97.2,0.1
20200105194842,0.0,0.0,0.0,1.1,1.1,0.0,97.8,0.0
20200105194912,0.0,0.0,0.0,0.9,1.6,0.0,97.5,0.0
20200105194942,0.0,0.0,0.0,0.5,0.7,0.0,98.7,0.1
20200105195012,0.0,0.0,0.0,0.6,1.8,0.0,97.6,0.0
20200105195042,0.0,0.0,0.0,3.1,1.6,0.0,95.3,0.1
20200105195112,0.0,0.0,0.0,2.2,0.5,0.0,97.3,0.0
20200105195142,0.0,0.0,0.0,1.2,1.2,0.0,97.5,0.1
20200105195212,0.0,0.0,0.0,1.1,1.0,0.0,97.8,0.1
20200105195242,0.0,0.0,0.0,0.1,0.1,0.0,99.7,0.0
20200105195312,0.0,0.0,0.0,0.0,0.2,0.0,99.7,0.0
20200105195342,0.0,0.0,0.0,0.0,0.1,0.0,99.8,0.0
20200105195413,0.0,0.0,0.0,0.1,0.1,0.0,99.7,0.1
20200105195443,0.0,0.0,0.0,0.0,0.0,0.0,99.6,0.3
20200105195513,0.0,0.0,0.0,0.0,0.0,0.0,95.4,4.6
20200105195543,0.0,0.0,0.0,0.0,0.0,0.0,82.0,18.0
20200105195613,0.0,0.0,0.0,0.0,0.0,0.0,47.4,52.6
20200105195643,0.0,0.0,0.0,0.0,0.0,0.0,87.0,13.0
20200105195713,0.0,0.0,0.0,0.0,0.0,0.0,86.5,13.5
20200105195743,0.0,0.0,0.0,0.0,0.0,0.0,76.4,23.6
20200105195813,0.0,0.0,0.0,0.0,0.0,0.0,46.8,53.2
20200105195843,0.0,0.0,0.0,0.0,0.0,0.0,60.5,39.5
20200105195913,0.0,0.0,0.0,0.0,0.0,0.0,51.8,48.2
20200105195943,0.0,0.0,0.0,0.0,0.0,0.0,27.9,72.0
20200105200013,0.0,0.0,0.0,0.0,0.0,0.0,9.8,90.2
20200105200043,0.0,0.0,0.0,0.0,0.0,0.0,18.7,81.3
20200105200113,0.0,0.0,0.0,0.0,0.0,0.0,48.5,51.4
20200105200143,0.0,0.0,0.0,0.0,0.0,0.0,11.2,88.8
20200105200213,0.0,0.0,0.0,0.0,0.0,0.0,14.0,86.0
20200105200243,0.0,0.0,0.0,0.0,0.0,0.0,27.3,72.7
20200105200313,0.0,0.0,0.0,0.0,0.0,0.0,19.8,80.2
20200105200343,0.0,0.0,0.0,0.0,0.0,0.0,14.6,85.4
20200105200413,0.0,0.0,0.0,0.0,0.0,0.0,21.5,78.5
20200105200443,0.0,0.0,0.0,0.1,0.0,0.0,38.7,61.2
20200105200513,0.0,0.0,0.0,0.2,0.0,0.0,44.7,55.0
20200105200543,0.0,0.0,0.0,0.2,0.1,0.0,87.8,11.9
20200105200613,0.0,0.0,0.0,0.1,0.0,0.0,50.9,49.0
20200105200643,0.0,0.0,0.0,0.1,0.0,0.0,85.8,14.1
20200105200713,0.0,0.0,0.0,0.0,0.0,0.0,60.6,39.3
20200105200743,0.0,0.0,0.0,0.2,0.0,0.0,41.0,58.8
20200105200813,0.0,0.0,0.0,0.0,0.0,0.0,17.0,83.0
20200105200843,0.0,0.0,0.0,0.3,0.1,0.0,51.6,47.9
20200105200913,0.0,0.0,0.0,0.0,0.0,0.0,10.5,89.4
20200105200943,0.0,0.0,0.0,0.0,0.0,0.0,56.2,43.7
20200105201013,0.0,0.0,0.0,0.0,0.0,0.0,55.3,44.6
20200105201043,0.0,0.0,0.0,0.0,0.0,0.0,77.6,22.4
20200105201113,0.0,0.0,0.0,0.0,0.0,0.0,28.1,71.8
20200105201143,0.0,0.0,0.0,0.1,0.0,0.0,9.0,90.9
20200105201213,0.0,0.0,0.0,0.0,0.0,0.0,29.0,71.0
20200105201243,0.0,0.0,0.0,0.1,0.0,0.0,44.3,55.6
20200105201313,0.0,0.0,0.0,0.3,0.2,0.0,36.5,63.0
20200105201343,0.0,0.0,0.0,0.0,0.1,0.0,13.8,86.1
20200105201413,0.0,0.0,0.0,0.1,0.0,0.0,19.8,80.1
20200105201443,0.0,0.0,0.0,0.1,0.0,0.0,12.1,87.8
20200105201513,0.0,0.0,0.0,0.1,0.0,0.0,21.8,78.1
20200105201543,0.0,0.0,0.0,0.0,0.0,0.0,17.6,82.4
20200105201613,0.0,0.0,0.0,0.1,0.1,0.0,50.3,49.5
20200105201643,0.0,0.0,0.0,0.1,0.1,0.0,20.7,79.1
20200105201713,0.0,0.0,0.0,0.1,0.5,0.0,32.7,66.7
20200105201743,0.0,0.0,0.0,0.0,0.1,0.0,15.4,84.4
20200105201813,0.0,0.0,0.0,0.0,0.2,0.0,13.3,86.5
20200105201843,0.0,0.0,0.0,0.2,0.8,0.0,21.9,77.2
20200105201913,0.0,0.0,0.0,0.1,0.2,0.0,23.7,76.0
20200105201943,0.0,0.0,0.0,0.0,0.1,0.0,12.8,87.1
20200105202013,0.0,0.0,0.0,0.1,1.5,0.0,27.8,70.6
20200105202043,0.0,0.0,0.0,0.0,0.2,0.0,61.7,38.2
20200105202113,0.0,0.0,0.0,0.0,0.1,0.0,50.1,49.8
20200105202143,0.0,0.0,0.0,0.0,0.0,0.0,59.2,40.8
20200105202213,0.0,0.0,0.0,0.1,0.7,0.0,89.7,9.4
20200105202243,0.0,0.0,0.0,0.0,0.4,0.0,95.5,4.0
20200105202313,0.0,0.0,0.0,0.0,0.1,0.0,91.9,7.9
20200105202343,0.0,0.0,0.0,0.0,0.0,0.0,98.6,1.3
20200105202413,0.0,0.0,0.0,0.0,0.0,0.0,92.4,7.5
20200105202443,0.0,0.0,0.0,0.0,0.1,0.0,92.8,7.0
