UT,arc,discrete,diffuse,ac,ab,clear,cloudy,dd
20201006162900,0.0,0.0,0.0,0.0,0.0,0.0,0.0,100.0
20201006162930,0.0,0.0,0.0,0.0,0.0,0.0,0.0,100.0
20201006163000,0.0,0.0,0.0,0.0,0.0,0.0,0.0,100.0
20201006163030,0.0,0.0,0.0,0.0,0.0,0.0,0.0,100.0
20201006163100,0.0,0.0,0.0,0.0,0.0,0.0,0.0,100.0
20201006163130,0.0,0.0,0.0,0.0,0.0,0.0,0.0,100.0
20201006163200,0.0,0.0,0.0,0.0,0.0,0.0,0.0,100.0
20201006163230,0.0,0.0,0.0,0.0,0.0,0.0,0.0,100.0
20201006163300,0.0,0.0,0.0,0.0,0.0,0.0,0.0,100.0
20201006163330,0.0,0.0,0.0,0.0,0.0,0.0,0.0,100.0
20201006163400,0.0,0.0,0.0,0.0,0.0,0.0,0.0,100.0
20201006163430,0.0,0.0,0.0,0.0,0.0,0.0,0.0,100.0
20201006163500,0.0,0.0,0.0,0.0,0.0,0.0,0.0,100.0
20201006163530,0.0,0.0,0.0,0.0,0.0,0.0,0.0,100.0
20201006163600,0.0,0.0,0.0,0.0,0.0,0.0,0.0,100.0
20201006163630,0.0,0.0,0.0,0.0,0.0,0.0,0.0,100.0
20201006163700,0.0,0.0,0.0,0.0,0.0,0.0,0.0,100.0
20201006163730,0.0,0.0,0.0,0.0,0.0,0.0,0.0,100.0
20201006163800,0.0,0.0,0.0,0.0,0.0,0.0,0.0,100.0
20201006163830,0.0,0.0,0.0,0.0,0.0,0.0,0.0,100.0
20201006163900,0.0,0.0,0.0,0.0,0.0,0.0,0.0,100.0
20201006163930,0.0,0.0,0.0,0.0,0.0,0.0,0.0,100.0
20201006164001,0.0,0.0,0.0,0.0,0.0,0.0,0.0,100.0
20201006164031,0.0,0.0,0.0,0.0,0.0,0.0,0.0,100.0
20201006164101,0.0,0.0,0.0,0.0,0.0,0.0,0.0,100.0
20201006164131,0.0,0.0,0.0,0.0,0.0,0.0,0.0,100.0
20201006164201,0.0,0.0,0.0,0.0,0.0,0.0,0.0,100.0
20201006164231,0.0,0.0,0.0,0.0,0.0,0.0,0.0,100.0
20201006164301,0.0,0.0,0.0,0.0,0.0,0.0,0.0,100.0
20201006164331,0.0,0.0,0.0,0.0,0.0,0.0,0.0,100.0
20201006164401,0.0,0.0,0.0,0.0,0.0,0.0,0.0,100.0
20201006164431,0.0,0.0,0.0,0.0,0.0,0.0,0.0,100.0
20201006164501,0.0,0.0,0.0,0.0,0.0,0.0,0.0,100.0
20201006164531,0.0,0.0,0.0,0.0,0.0,0.0,0.0,100.0
20201006164601,0.0,0.0,0.0,0.0,0.0,0.0,0.0,100.0
20201006164631,0.0,0.0,0.0,0.0,0.0,0.0,0.0,100.0
20201006164701,0.0,0.0,0.0,0.0,0.0,0.0,0.0,100.0
20201006164731,0.0,0.0,0.0,0.0,0.0,0.0,0.0,100.0
20201006164801,0.0,0.0,0.0,0.0,0.0,0.0,0.0,100.0
20201006164831,0.0,0.0,0.0,0.0,0.0,0.0,0.0,100.0
20201006164901,0.0,0.0,0.0,0.0,0.0,0.0,0.0,100.0
20201006164931,0.0,0.0,0.0,0.0,0.0,0.0,0.0,100.0
20201006165001,0.0,0.0,0.0,0.0,0.0,0.0,0.0,100.0
20201006165031,0.0,0.0,0.0,0.0,0.0,0.0,0.0,100.0
20201006165101,0.0,0.0,0.0,0.0,0.0,0.0,0.0,100.0
20201006165131,0.0,0.0,0.0,0.0,0.0,0.0,0.0,100.0
20201006165201,0.0,0.0,0.0,0.0,0.0,0.0,0.0,100.0
20201006165231,0.0,0.0,0.0,0.0,0.0,0.0,0.0,100.0
20201006165301,0.0,0.0,0.0,0.0,0.0,0.0,0.0,100.0
20201006165331,0.0,0.0,0.0,0.0,0.0,0.0,0.0,100.0
20201006165401,0.0,0.0,0.0,0.0,0.0,0.0,0.0,100.0
20201006165431,0.0,0.0,0.0,0.0,0.0,0.0,0.0,100.0
20201006165501,0.0,0.0,0.0,0.0,0.0,0.0,0.0,100.0
20201006165531,0.0,0.0,0.0,0.0,0.0,0.0,0.0,100.0
20201006165601,0.0,0.0,0.0,0.0,0.0,0.0,0.0,100.0
20201006165631,0.0,0.0,0.0,0.0,0.0,0.0,0.0,100.0
20201006165701,0.0,0.0,0.0,0.0,0.0,0.0,0.0,100.0
20201006165731,0.0,0.0,0.0,0.0,0.0,0.0,0.0,100.0
20201006165801,0.0,0.0,0.0,0.0,0.0,0.0,0.0,100.0
20201006165831,0.0,0.0,0.0,0.0,0.0,0.0,0.0,100.0
20201006165901,0.0,0.0,0.0,0.0,0.0,0.0,0.0,100.0
20201006165931,0.0,0.0,0.0,0.0,0.0,0.0,0.0,100.0
20201006170001,0.0,0.0,0.0,0.0,0.0,0.0,0.0,100.0
20201006170031,0.0,0.0,0.0,0.0,0.0,0.0,0.0,100.0
20201006170101,0.0,0.0,0.0,0.0,0.0,0.0,0.0,100.0
20201006170131,0.0,0.0,0.0,0.0,0.0,0.0,0.0,100.0
20201006170201,0.0,0.0,0.0,0.0,0.0,0.0,0.0,100.0
20201006170231,0.0,0.0,0.0,0.0,0.0,0.0,0.0,100.0
20201006170301,0.0,0.0,0.0,0.0,0.0,0.0,0.0,100.0
20201006170331,0.0,0.0,0.0,0.0,0.0,0.0,0.0,100.0
20201006170401,0.0,0.0,0.0,0.0,0.0,0.0,0.0,100.0
20201006170431,0.0,0.0,0.0,0.0,0.0,0.0,0.0,100.0
20201006170501,0.0,0.0,0.0,0.0,0.0,0.0,0.0,100.0
20201006170531,0.0,0.0,0.0,0.0,0.0,0.0,0.0,100.0
20201006170601,0.0,0.0,0.0,0.0,0.0,0.0,0.0,100.0
20201006170631,0.0,0.0,0.0,0.0,0.0,0.0,0.0,100.0
20201006170701,0.0,0.0,0.0,0.0,0.0,0.0,0.0,100.0
20201006170731,0.0,0.0,0.0,0.0,0.0,0.0,0.0,100.0
20201006170802,0.0,0.0,0.0,0.0,0.0,0.0,0.0,100.0
20201006170832,0.0,0.0,0.0,0.0,0.0,0.0,0.0,100.0
20201006170902,0.0,0.0,0.0,0.0,0.0,0.0,0.0,100.0
20201006170932,0.0,0.0,0.0,0.0,0.0,0.0,0.0,100.0
20201006171002,0.0,0.0,0.0,0.0,0.0,0.0,0.0,100.0
20201006171032,0.0,0.0,0.0,0.0,0.0,0.0,0.0,100.0
20201006171102,0.0,0.0,0.0,0.0,0.0,0.0,0.0,100.0
20201006171132,0.0,0.0,0.0,0.0,0.0,0.0,0.0,100.0
20201006171202,0.0,0.0,0.0,0.0,0.0,0.0,0.0,100.0
20201006171232,0.0,0.0,0.0,0.0,0.0,0.0,0.0,100.0
20201006171302,0.0,0.0,0.0,0.0,0.0,0.0,0.0,100.0
20201006171332,0.0,0.0,0.0,0.0,0.0,0.0,0.0,100.0
20201006171402,0.0,0.0,0.0,0.0,0.0,0.0,0.0,100.0
20201006171432,0.0,0.0,0.0,0.0,0.0,0.0,0.0,100.0
20201006171502,0.0,0.0,0.0,0.0,0.0,0.0,0.0,100.0
20201006171532,0.0,0.0,0.0,0.0,0.0,0.0,0.0,100.0
20201006171602,0.0,0.0,0.0,0.0,0.0,0.0,0.0,100.0
20201006171632,0.0,0.0,0.0,0.0,0.0,0.0,0.0,100.0
20201006171702,0.0,0.0,0.0,0.0,0.0,0.0,0.0,100.0
20201006171732,0.0,0.0,0.0,0.0,0.0,0.0,0.0,100.0
20201006171802,0.0,0.0,0.0,0.0,0.0,0.0,0.0,100.0
20201006171832,0.0,0.0,0.0,0.0,0.0,0.0,0.0,100.0
20201006171902,0.0,0.0,0.0,0.0,0.0,0.0,0.0,100.0
20201006171932,0.0,0.0,0.0,0.0,0.0,0.0,0.0,100.0
20201006172002,0.0,0.0,0.0,0.0,0.0,0.0,0.0,100.0
20201006172032,0.0,0.0,0.0,0.0,0.0,0.0,0.0,100.0
20201006172102,0.0,0.0,0.0,0.0,0.0,0.0,0.0,100.0
20201006172132,0.0,0.0,0.0,0.0,0.0,0.0,0.0,100.0
20201006172202,0.0,0.0,0.0,0.0,0.0,0.0,0.0,100.0
20201006172232,0.0,0.0,0.0,0.0,0.0,0.0,0.0,100.0
20201006172302,0.0,0.0,0.0,0.0,0.0,0.0,0.0,100.0
20201006172332,0.0,0.0,0.0,0.0,0.0,0.0,0.0,100.0
20201006172402,0.0,0.0,0.0,0.0,0.0,0.0,0.0,100.0
20201006172432,0.0,0.0,0.0,0.0,0.0,0.0,0.0,100.0
20201006172502,0.0,0.0,0.0,0.0,0.0,0.0,0.0,100.0
20201006172532,0.0,0.0,0.0,0.0,0.0,0.0,0.0,100.0
20201006172602,0.0,0.0,0.0,0.0,0.0,0.0,0.0,100.0
20201006172632,0.0,0.0,0.0,0.0,0.0,0.0,0.0,100.0
20201006172702,0.0,0.0,0.0,0.0,0.0,0.0,0.0,100.0
20201006172732,0.0,0.0,0.0,0.0,0.0,0.0,0.0,100.0
20201006172802,0.0,0.0,0.0,0.0,0.0,0.0,0.0,100.0
20201006172832,0.0,0.0,0.0,0.0,0.0,0.0,0.0,100.0
20201006173032,0.0,0.0,0.0,0.0,0.0,0.0,0.0,100.0
20201006173102,0.0,0.0,0.0,0.0,0.0,0.0,0.0,100.0
20201006173132,0.0,0.0,0.0,0.0,0.0,0.0,0.0,100.0
20201006173202,0.0,0.0,0.0,0.0,0.0,0.0,0.0,100.0
20201006173232,0.0,0.0,0.0,0.0,0.0,0.0,0.0,100.0
20201006173302,0.0,0.0,0.0,0.0,0.0,0.0,0.0,100.0
20201006173332,0.0,0.0,0.0,0.0,0.0,0.0,0.0,100.0
20201006173402,0.0,0.0,0.0,0.0,0.0,0.0,0.0,100.0
20201006173432,0.0,0.0,0.0,0.0,0.0,0.0,0.0,100.0
20201006173502,0.0,0.0,0.0,0.0,0.0,0.0,0.0,100.0
20201006173532,0.0,0.0,0.0,0.0,0.0,0.0,0.0,100.0
20201006173602,0.0,0.0,0.0,0.0,0.0,0.0,0.0,100.0
20201006173632,0.0,0.0,0.0,0.0,0.0,0.0,0.0,100.0
20201006173702,0.0,0.0,0.0,0.0,0.0,0.0,0.0,100.0
20201006173732,0.0,0.0,0.0,0.0,0.0,0.0,0.0,100.0
20201006173802,0.0,0.0,0.0,0.0,0.0,0.0,0.0,100.0
20201006173832,0.0,0.0,0.0,0.0,0.0,0.0,0.0,100.0
20201006173902,0.0,0.0,0.0,0.0,0.0,0.0,0.0,100.0
20201006173932,0.0,0.0,0.0,0.0,0.0,0.0,0.0,100.0
20201006174002,0.0,0.0,0.0,0.0,0.0,0.0,0.0,100.0
20201006174032,0.0,0.0,0.0,0.0,0.0,0.0,0.0,100.0
20201006174102,0.0,0.0,0.0,0.0,0.0,0.0,0.0,100.0
20201006174132,0.0,0.0,0.0,0.0,0.0,0.0,0.0,100.0
20201006174203,0.0,0.0,0.0,0.0,0.0,0.0,0.0,100.0
20201006174233,0.0,0.0,0.0,0.0,0.0,0.0,0.0,100.0
20201006174303,0.0,0.0,0.0,0.0,0.0,0.0,0.0,100.0
20201006174333,0.0,0.0,0.0,0.0,0.0,0.0,0.0,100.0
20201006174403,0.0,0.0,0.0,0.0,0.0,0.0,0.0,100.0
20201006174433,0.0,0.0,0.0,0.0,0.0,0.0,0.0,100.0
20201006174503,0.0,0.0,0.0,0.0,0.0,0.0,0.0,100.0
20201006174533,0.0,0.0,0.0,0.0,0.0,0.0,0.0,100.0
20201006174603,0.0,0.0,0.0,0.0,0.0,0.0,0.0,100.0
20201006174633,0.0,0.0,0.0,0.0,0.0,0.0,0.0,100.0
20201006174703,0.0,0.0,0.0,0.0,0.0,0.0,0.0,100.0
20201006174733,0.0,0.0,0.0,0.0,0.0,0.0,0.0,100.0
20201006174803,0.0,0.0,0.0,0.0,0.0,0.0,0.0,100.0
20201006174833,0.0,0.0,0.0,0.0,0.0,0.0,0.0,100.0
20201006174903,0.0,0.0,0.0,0.0,0.0,0.0,0.0,100.0
20201006174933,0.0,0.0,0.0,0.0,0.0,0.0,0.0,100.0
20201006175003,0.0,0.0,0.0,0.0,0.0,0.0,0.0,100.0
20201006175033,0.0,0.0,0.0,0.0,0.0,0.0,0.0,100.0
20201006175103,0.0,0.0,0.0,0.0,0.0,0.0,0.0,100.0
20201006175133,0.0,0.0,0.0,0.0,0.0,0.0,0.0,100.0
20201006175203,0.0,0.0,0.0,0.0,0.0,0.0,0.0,100.0
20201006175233,0.0,0.0,0.0,0.0,0.0,0.0,0.0,100.0
20201006175303,0.0,0.0,0.0,0.0,0.0,0.0,0.0,100.0
20201006175333,0.0,0.0,0.0,0.0,0.0,0.0,0.0,100.0
20201006175403,0.0,0.0,0.0,0.0,0.0,0.0,0.0,100.0
20201006175433,0.0,0.0,0.0,0.0,0.0,0.0,0.0,100.0
20201006175503,0.0,0.0,0.0,0.0,0.0,0.0,0.0,100.0
20201006175533,0.0,0.0,0.0,0.0,0.0,0.0,0.0,100.0
20201006175603,0.0,0.0,0.0,0.0,0.0,0.0,0.0,100.0
20201006175633,0.0,0.0,0.0,0.0,0.0,0.0,0.0,100.0
20201006175703,0.0,0.0,0.0,0.0,0.0,0.0,0.0,100.0
20201006175733,0.0,0.0,0.0,0.0,0.0,0.0,0.0,100.0
20201006175803,0.0,0.0,0.0,0.0,0.0,0.0,0.0,100.0
20201006175833,0.0,0.0,0.0,0.0,0.0,0.0,0.0,100.0
20201006175903,0.0,0.0,0.0,0.0,0.0,0.0,0.0,100.0
20201006175933,0.0,0.0,0.0,0.0,0.0,0.0,0.0,100.0
20201006180003,0.0,0.0,0.0,0.0,0.0,0.0,0.0,100.0
20201006180033,0.0,0.0,0.0,0.0,0.0,0.0,0.0,100.0
20201006180103,0.0,0.0,0.0,0.0,0.0,0.0,0.0,100.0
20201006180133,0.0,0.0,0.0,0.0,0.0,0.0,0.0,99.9
20201006180203,0.0,0.0,0.0,0.0,0.0,0.0,0.1,99.9
20201006180233,0.0,0.0,0.0,0.0,0.0,0.0,0.2,99.8
20201006180303,0.0,0.0,0.0,0.0,0.0,0.0,0.7,99.3
20201006180333,0.0,0.0,0.0,0.0,0.0,0.0,2.8,97.1
20201006180403,0.0,0.0,0.0,0.0,0.0,0.0,0.0,100.0
20201006180433,0.0,0.0,0.0,0.0,0.0,0.0,0.1,99.9
20201006180503,0.0,0.0,0.0,0.0,0.0,0.0,0.4,99.6
20201006180533,0.0,0.0,0.0,0.0,0.0,0.1,4.6,95.2
20201006180603,0.0,0.0,0.1,0.0,0.0,0.1,5.1,94.8
20201006180633,0.0,0.0,0.0,0.0,0.0,0.0,0.0,100.0
20201006180703,0.0,0.0,0.0,0.0,0.0,0.0,0.0,100.0
20201006180733,0.0,0.0,0.0,0.0,0.0,0.0,0.0,100.0
20201006180803,0.0,0.0,0.0,0.0,0.0,0.0,0.0,100.0
20201006180833,0.0,0.0,0.0,0.0,0.0,0.0,0.0,100.0
20201006180903,0.0,0.0,0.0,0.0,0.0,0.0,0.5,99.5
20201006180933,0.0,0.0,0.1,0.0,0.1,0.1,3.0,96.7
20201006181003,0.1,0.5,2.3,0.0,0.3,0.1,7.5,89.1
20201006181033,0.0,2.2,2.6,0.0,0.2,0.1,13.8,81.0
20201006181103,0.0,0.2,0.8,0.0,0.0,0.2,8.5,90.2
20201006181133,0.0,0.3,0.1,0.0,0.0,0.1,45.1,54.4
20201006181203,0.0,1.5,0.4,0.0,0.0,0.1,50.1,47.8
20201006181233,0.0,2.6,0.6,0.0,0.0,0.0,56.6,40.1
20201006181303,0.0,1.0,0.6,0.0,0.0,0.0,53.2,45.2
20201006181333,0.0,1.3,0.9,0.0,0.1,0.0,49.4,48.3
20201006181403,0.0,0.2,0.1,0.0,0.0,0.0,2.2,97.5
20201006181433,0.0,0.1,0.2,0.0,0.0,0.0,5.6,94.1
20201006181503,0.0,0.1,0.1,0.0,0.0,0.0,30.3,69.5
20201006181533,0.0,0.0,0.0,0.0,0.0,0.0,1.5,98.5
20201006181603,0.0,0.0,0.0,0.0,0.0,0.0,4.8,95.1
20201006181634,0.0,0.0,0.0,0.0,0.0,0.0,52.1,47.8
20201006181704,0.0,0.0,0.0,0.0,0.0,0.0,89.8,10.2
20201006181734,0.0,0.0,0.0,0.0,0.0,0.0,97.6,2.4
20201006181804,0.0,0.0,0.0,0.0,0.0,0.0,79.3,20.7
20201006181834,0.0,0.0,0.0,0.0,0.0,0.0,85.3,14.7
20201006181904,0.0,0.0,0.0,0.0,0.0,0.0,91.7,8.3
20201006181934,0.0,0.0,0.0,0.0,0.0,0.0,85.1,14.9
20201006182004,0.0,0.0,0.0,0.0,0.0,0.0,22.2,77.8
20201006182034,0.0,0.0,0.0,0.0,0.0,0.0,53.7,46.2
20201006182104,0.0,0.0,0.0,0.0,0.0,0.0,32.3,67.7
20201006182134,0.0,0.0,0.0,0.0,0.0,0.0,96.4,3.6
20201006182204,0.0,0.0,0.0,0.0,0.0,0.0,66.8,33.1
20201006182234,0.0,0.0,0.0,0.0,0.0,0.0,81.2,18.8
20201006182304,0.0,0.0,0.0,0.0,0.0,0.0,91.8,8.2
20201006182334,0.0,0.0,0.0,0.0,0.0,0.0,85.9,14.0
20201006182404,0.0,0.0,0.1,0.0,0.0,0.0,29.5,70.4
20201006182434,0.0,0.0,0.0,0.0,0.0,0.0,94.4,5.5
20201006182504,0.0,0.0,0.0,0.0,0.0,0.0,82.7,17.3
20201006182534,0.0,0.0,0.0,0.0,0.0,0.0,93.0,7.0
20201006182604,0.0,0.0,0.0,0.0,0.0,0.0,99.2,0.7
20201006182634,0.0,0.0,0.0,0.0,0.0,0.0,97.1,2.9
20201006182704,0.0,0.0,0.0,0.0,0.0,0.0,88.3,11.7
20201006182734,0.0,0.0,0.1,0.0,0.0,0.0,93.1,6.8
20201006182804,0.0,0.0,0.0,0.0,0.0,0.0,99.4,0.6
20201006182834,0.0,0.0,0.0,0.0,0.0,0.0,97.1,2.9
20201006182904,0.0,0.0,0.0,0.0,0.0,0.0,99.8,0.1
20201006182934,0.0,0.0,0.0,0.0,0.0,0.0,99.8,0.1
20201006183004,0.0,0.0,0.0,0.0,0.0,0.0,99.6,0.3
20201006183034,0.0,0.0,0.1,0.0,0.0,0.0,87.3,12.6
20201006183104,0.0,0.0,1.9,0.1,0.1,0.0,56.3,41.5
20201006183134,0.0,0.0,0.4,0.0,0.0,0.0,97.3,2.3
20201006183204,0.0,0.0,0.9,0.0,0.1,0.0,91.2,7.9
20201006183234,0.0,0.0,0.1,0.0,0.0,0.0,98.4,1.4
20201006183304,0.0,0.0,0.0,0.0,0.0,0.0,99.1,0.9
20201006183334,0.0,0.0,0.0,0.0,0.0,0.0,87.7,12.3
20201006183404,0.0,0.0,0.0,0.0,0.0,0.0,99.4,0.6
20201006183434,0.0,0.0,0.0,0.0,0.0,0.0,99.9,0.1
20201006183504,0.0,0.0,0.1,0.0,0.0,0.0,99.9,0.0
20201006183534,0.0,0.0,0.0,0.0,0.0,0.0,99.5,0.5
20201006183604,0.0,0.0,0.0,0.0,0.0,0.0,99.8,0.2
20201006183634,0.0,0.0,0.0,0.0,0.0,0.0,89.3,10.7
20201006183704,0.0,0.0,0.0,0.0,0.0,0.0,99.8,0.2
20201006183734,0.0,0.0,0.0,0.0,0.0,0.0,99.2,0.8
20201006183804,0.0,0.0,0.0,0.0,0.0,0.0,99.8,0.2
20201006183834,0.0,0.0,0.0,0.0,0.0,0.0,99.6,0.4
20201006183904,0.0,0.0,0.0,0.0,0.0,0.0,99.7,0.3
20201006183934,0.0,0.0,0.0,0.0,0.0,0.0,99.8,0.1
20201006184004,0.0,0.0,0.0,0.0,0.0,0.0,99.7,0.3
20201006184034,0.0,0.0,0.1,0.0,0.0,0.0,98.5,1.4
20201006184104,0.0,0.0,0.1,0.0,0.0,0.0,98.6,1.3
20201006184134,0.0,0.0,0.5,0.0,0.0,0.0,97.2,2.3
20201006184204,0.0,0.0,0.1,0.0,0.0,0.0,99.6,0.4
20201006184234,0.0,0.0,0.3,0.0,0.0,0.0,98.3,1.4
20201006184304,0.0,0.0,0.2,0.0,0.0,0.0,99.1,0.6
20201006184335,0.0,0.0,0.0,0.0,0.0,0.0,99.1,0.8
20201006184405,0.0,0.0,0.0,0.0,0.0,0.0,99.6,0.4
20201006184435,0.0,0.0,0.1,0.0,0.0,0.0,99.6,0.3
20201006184505,0.0,0.0,0.6,0.0,0.0,0.0,95.4,3.9
20201006184535,0.0,0.0,0.1,0.0,0.0,0.0,96.6,3.3
20201006184605,0.0,0.0,0.8,0.0,0.0,0.0,83.0,16.2
20201006184635,0.0,0.0,0.0,0.0,0.0,0.0,98.6,1.4
20201006184705,0.0,0.0,0.1,0.0,0.0,0.0,75.4,24.6
20201006184735,0.0,0.0,0.0,0.0,0.0,0.0,71.2,28.8
20201006184805,0.0,0.0,0.0,0.0,0.0,0.0,99.8,0.2
20201006184835,0.0,0.0,0.0,0.0,0.0,0.0,99.5,0.5
20201006184905,0.0,0.0,0.0,0.0,0.0,0.0,99.9,0.1
20201006184935,0.0,0.0,0.0,0.0,0.0,0.0,100.0,0.0
20201006185005,0.0,0.0,0.0,0.0,0.0,0.0,100.0,0.0
20201006185035,0.0,0.0,0.0,0.0,0.0,0.0,99.9,0.1
20201006185105,0.0,0.0,0.0,0.0,0.0,0.0,99.9,0.1
20201006185135,0.0,0.0,0.0,0.0,0.0,0.0,99.7,0.3
20201006185205,0.0,0.0,0.0,0.0,0.0,0.0,99.9,0.1
20201006185235,0.0,0.0,0.0,0.0,0.0,0.0,100.0,0.0
20201006185305,0.0,0.0,0.0,0.0,0.0,0.0,100.0,0.0
20201006185335,0.0,0.0,0.0,0.0,0.0,0.0,99.9,0.1
20201006185405,0.0,0.0,0.0,0.0,0.0,0.0,100.0,0.0
20201006185435,0.0,0.0,0.0,0.0,0.0,0.0,100.0,0.0
20201006185505,0.0,0.0,0.0,0.0,0.0,0.0,100.0,0.0
20201006185535,0.0,0.0,0.0,0.0,0.0,0.0,100.0,0.0
20201006185605,0.0,0.0,0.0,0.0,0.0,0.0,99.9,0.1
20201006185635,0.0,0.0,0.0,0.0,0.0,0.0,100.0,0.0
20201006185705,0.0,0.0,0.0,0.0,0.0,0.0,99.8,0.2
20201006185735,0.0,0.0,0.0,0.0,0.0,0.0,100.0,0.0
20201006185805,0.0,0.0,0.0,0.0,0.0,0.0,99.9,0.1
20201006185835,0.0,0.0,0.0,0.0,0.0,0.0,100.0,0.0
20201006185905,0.0,0.0,0.0,0.0,0.0,0.0,100.0,0.0
20201006185935,0.0,0.0,0.0,0.0,0.0,0.0,99.9,0.1
20201006190005,0.0,0.0,0.0,0.0,0.0,0.0,100.0,0.0
20201006190035,0.0,0.0,0.0,0.0,0.0,0.0,100.0,0.0
20201006190105,0.0,0.0,0.0,0.0,0.0,0.0,100.0,0.0
20201006190135,0.0,0.0,0.0,0.0,0.0,0.0,100.0,0.0
20201006190205,0.0,0.0,0.0,0.0,0.0,0.0,99.9,0.1
20201006190235,0.0,0.0,0.0,0.0,0.0,0.0,99.9,0.1
20201006190305,0.0,0.0,0.0,0.0,0.0,0.0,98.7,1.3
20201006190335,0.0,0.0,0.0,0.0,0.0,0.0,99.8,0.2
20201006190405,0.0,0.0,0.0,0.0,0.0,0.0,99.8,0.2
20201006190435,0.0,0.0,0.0,0.0,0.0,0.0,99.0,1.0
20201006190505,0.0,0.0,0.0,0.0,0.0,0.0,99.9,0.1
20201006190535,0.0,0.0,0.0,0.0,0.0,0.0,99.1,0.9
20201006190605,0.0,0.0,0.0,0.0,0.0,0.0,100.0,0.0
20201006190635,0.0,0.0,0.0,0.0,0.0,0.0,99.9,0.1
20201006190705,0.0,0.0,0.0,0.0,0.0,0.0,99.5,0.5
20201006190735,0.0,0.0,0.0,0.0,0.0,0.0,99.4,0.6
20201006190805,0.0,0.0,0.0,0.0,0.0,0.0,99.9,0.1
20201006190835,0.0,0.0,0.0,0.0,0.0,0.0,99.9,0.1
20201006190905,0.0,0.0,0.0,0.0,0.0,0.0,100.0,0.0
20201006190935,0.0,0.0,0.0,0.0,0.0,0.0,100.0,0.0
20201006191005,0.0,0.0,0.0,0.0,0.0,0.0,100.0,0.0
20201006191035,0.0,0.0,0.0,0.0,0.0,0.0,100.0,0.0
20201006191105,0.0,0.0,0.0,0.0,0.0,0.0,100.0,0.0
20201006191135,0.0,0.0,0.0,0.0,0.0,0.0,100.0,0.0
20201006191205,0.0,0.0,0.0,0.0,0.0,0.0,100.0,0.0
20201006191235,0.0,0.0,0.0,0.0,0.0,0.0,100.0,0.0
20201006191305,0.0,0.0,0.0,0.0,0.0,0.0,100.0,0.0
20201006191335,0.0,0.0,0.0,0.0,0.0,0.0,100.0,0.0
20201006191405,0.0,0.0,0.0,0.0,0.0,0.0,100.0,0.0
20201006191435,0.0,0.0,0.0,0.0,0.0,0.0,100.0,0.0
20201006191505,0.0,0.0,0.0,0.0,0.0,0.0,100.0,0.0
20201006191535,0.0,0.0,0.0,0.0,0.0,0.0,100.0,0.0
20201006191605,0.0,0.0,0.0,0.0,0.0,0.0,100.0,0.0
20201006191635,0.0,0.0,0.0,0.0,0.0,0.0,100.0,0.0
20201006191705,0.0,0.0,0.0,0.0,0.0,0.0,99.9,0.1
20201006191735,0.0,0.0,0.0,0.0,0.0,0.0,100.0,0.0
20201006191806,0.0,0.0,0.0,0.0,0.0,0.0,100.0,0.0
20201006191836,0.0,0.0,0.0,0.0,0.0,0.0,99.9,0.1
20201006191906,0.0,0.0,0.0,0.0,0.0,0.0,99.9,0.1
20201006191936,0.0,0.0,0.0,0.0,0.0,0.0,100.0,0.0
20201006192006,0.0,0.0,0.0,0.0,0.0,0.0,99.9,0.1
20201006192036,0.0,0.0,0.0,0.0,0.0,0.0,99.8,0.2
20201006192106,0.0,0.0,0.0,0.0,0.0,0.0,99.8,0.2
20201006192136,0.0,0.0,0.0,0.0,0.0,0.0,99.7,0.3
20201006192206,0.0,0.0,0.0,0.0,0.0,0.0,100.0,0.0
20201006192236,0.0,0.0,0.0,0.0,0.0,0.0,99.9,0.1
20201006192306,0.0,0.0,0.0,0.0,0.0,0.0,99.9,0.1
20201006192336,0.0,0.0,0.0,0.0,0.0,0.0,99.9,0.0
20201006192406,0.0,0.0,0.0,0.0,0.0,0.0,99.9,0.1
20201006192436,0.0,0.0,0.0,0.0,0.0,0.0,100.0,0.0
20201006192506,0.0,0.0,0.0,0.0,0.0,0.0,99.6,0.4
20201006192536,0.0,0.0,0.0,0.0,0.0,0.0,99.2,0.8
20201006192606,0.0,0.0,0.0,0.0,0.0,0.0,99.6,0.4
20201006192636,0.0,0.0,0.0,0.0,0.0,0.0,99.2,0.7
20201006192706,0.0,0.0,0.0,0.0,0.0,0.0,99.4,0.6
20201006192736,0.0,0.0,0.0,0.0,0.0,0.0,99.7,0.3
20201006192806,0.0,0.0,0.0,0.0,0.0,0.0,99.4,0.6
20201006192836,0.0,0.0,0.0,0.0,0.0,0.0,99.9,0.1
20201006192906,0.0,0.0,0.0,0.0,0.0,0.0,99.9,0.1
20201006192936,0.0,0.0,0.0,0.0,0.0,0.0,99.8,0.2
20201006193006,0.0,0.0,0.0,0.0,0.0,0.0,99.8,0.1
20201006193036,0.0,0.0,0.0,0.0,0.0,0.0,99.9,0.1
20201006193106,0.0,0.0,0.0,0.0,0.0,0.0,94.3,5.7
20201006193136,0.0,0.0,0.0,0.0,0.0,0.0,99.9,0.1
20201006193206,0.0,0.0,0.0,0.0,0.0,0.0,96.5,3.5
20201006193236,0.0,0.0,0.0,0.0,0.0,0.0,99.1,0.9
20201006193306,0.0,0.0,0.0,0.0,0.0,0.0,99.9,0.1
20201006193336,0.0,0.0,0.0,0.0,0.0,0.0,99.7,0.3
20201006193406,0.0,0.0,0.0,0.0,0.0,0.0,98.4,1.6
20201006193436,0.0,0.0,0.0,0.0,0.0,0.0,97.9,2.1
20201006193506,0.0,0.0,0.0,0.0,0.0,0.0,96.8,3.2
20201006193536,0.0,0.0,0.0,0.0,0.0,0.1,96.0,3.9
20201006193606,0.0,0.0,0.0,0.0,0.0,0.1,95.8,4.0
20201006193636,0.0,0.0,0.0,0.0,0.1,0.1,97.1,2.8
20201006193706,0.0,0.0,0.0,0.0,0.2,0.1,79.3,20.4
20201006193736,0.0,0.0,0.1,0.0,0.1,0.0,91.8,7.9
20201006193806,0.0,0.0,0.0,0.0,0.1,0.0,96.1,3.7
20201006193836,0.0,0.0,0.2,0.0,0.1,0.0,91.6,8.0
20201006193906,0.1,0.0,0.3,0.0,0.8,0.1,85.2,13.5
20201006193936,0.0,0.0,0.3,0.0,0.3,0.0,80.7,18.7
20201006194006,0.0,0.0,0.1,0.0,0.1,0.0,89.3,10.5
20201006194036,0.1,0.0,0.5,0.0,0.4,0.0,93.4,5.6
20201006194106,0.0,0.0,0.3,0.0,0.1,0.0,85.9,13.7
20201006194136,0.1,0.0,3.2,0.0,0.4,0.0,68.5,27.8
20201006194206,0.1,0.0,2.0,0.0,0.3,0.0,87.6,10.0
20201006194236,0.0,0.0,3.7,0.0,0.2,0.0,78.3,17.8
20201006194306,0.0,0.0,3.7,0.0,0.8,0.0,85.1,10.2
20201006194336,0.1,0.0,11.4,0.0,1.5,0.0,68.4,18.5
20201006194406,0.1,0.0,1.8,0.0,0.2,0.0,93.9,4.0
20201006194436,0.0,0.0,1.6,0.0,0.4,0.0,90.6,7.4
20201006194506,0.5,0.0,9.2,0.0,3.0,0.1,83.5,3.7
20201006194536,0.3,0.0,7.3,0.0,1.1,0.0,86.5,4.7
20201006194606,0.4,0.0,17.2,0.0,0.9,0.0,78.8,2.7
20201006194636,0.5,0.0,5.7,0.0,1.2,0.0,89.1,3.4
20201006194706,0.9,0.2,54.6,0.0,1.7,0.0,39.9,2.5
20201006194736,0.3,0.5,7.2,0.0,0.3,0.0,85.5,6.1
20201006194806,0.3,0.4,59.5,0.0,0.5,0.0,37.5,1.8
20201006194836,0.0,0.1,5.6,0.0,0.3,0.0,92.7,1.3
20201006194906,0.1,0.3,1.1,0.0,0.3,0.0,97.0,1.2
20201006194936,0.1,0.1,1.7,0.0,0.6,0.0,90.8,6.7
20201006195006,0.3,0.1,6.3,0.0,0.7,0.0,88.6,4.0
20201006195036,3.2,4.6,32.6,0.1,4.8,0.1,49.5,5.0
20201006195106,0.8,4.6,46.0,0.0,37.9,0.0,10.4,0.2
20201006195136,0.2,77.3,1.5,0.0,11.2,0.0,9.5,0.3
20201006195207,1.1,46.5,0.4,0.0,44.0,0.0,7.8,0.1
20201006195237,0.1,5.5,0.4,0.0,89.6,0.0,1.5,2.9
20201006195307,0.6,4.2,8.0,0.1,81.7,0.0,2.4,3.0
20201006195337,0.3,0.5,1.9,0.0,88.8,0.1,2.7,5.7
20201006195407,0.6,1.6,4.6,0.0,34.2,0.1,29.5,29.4
20201006195437,0.6,0.3,16.8,0.0,9.5,0.1,26.0,46.6
20201006195507,1.1,2.0,5.7,0.0,84.6,0.0,3.4,3.2
20201006195537,0.5,49.4,0.5,0.0,48.8,0.0,0.0,0.8
20201006195607,4.1,88.7,0.0,0.0,7.1,0.0,0.0,0.1
20201006195637,1.2,7.0,0.3,0.0,91.2,0.0,0.0,0.3
20201006195707,0.2,0.3,0.0,0.0,99.4,0.0,0.0,0.1
20201006195737,0.8,1.0,0.8,0.0,96.8,0.0,0.0,0.7
20201006195807,0.5,0.3,0.1,0.0,99.0,0.0,0.0,0.1
20201006195837,0.2,11.4,1.1,0.0,87.3,0.0,0.0,0.0
20201006195907,0.1,1.3,0.1,0.0,98.5,0.0,0.0,0.0
20201006195937,0.0,2.2,0.0,0.0,97.7,0.0,0.0,0.0
20201006200007,0.3,16.3,0.0,0.0,83.4,0.0,0.0,0.0
20201006200037,0.0,1.5,0.0,0.0,98.5,0.0,0.0,0.0
20201006200107,0.0,0.1,0.0,0.0,99.9,0.0,0.0,0.0
20201006200137,0.0,0.0,0.0,0.0,99.9,0.0,0.0,0.0
20201006200207,0.1,0.2,2.7,0.0,96.9,0.0,0.1,0.0
20201006200237,0.0,0.3,0.0,0.0,99.6,0.0,0.0,0.0
20201006200307,0.0,14.2,0.0,0.0,85.8,0.0,0.0,0.0
20201006200337,0.2,0.3,0.0,0.0,99.5,0.0,0.0,0.0
20201006200407,1.5,2.0,0.2,0.0,96.3,0.0,0.0,0.0
20201006200437,0.1,0.2,0.1,0.0,99.6,0.0,0.0,0.0
20201006200507,0.7,0.2,0.0,0.0,99.1,0.0,0.0,0.0
20201006200537,7.5,0.1,0.2,0.0,92.1,0.0,0.2,0.0
20201006200607,2.6,0.1,0.0,0.0,97.3,0.0,0.0,0.0
20201006200637,13.8,0.1,0.0,0.0,86.1,0.0,0.0,0.0
20201006200707,5.0,0.2,0.0,0.0,94.8,0.0,0.0,0.0
20201006200737,0.6,0.1,0.0,0.0,99.3,0.0,0.0,0.0
20201006200807,0.1,0.2,0.0,0.0,99.7,0.0,0.0,0.0
20201006200837,0.5,0.2,0.0,0.0,99.3,0.0,0.0,0.0
20201006200907,4.9,0.4,0.0,0.0,94.6,0.0,0.0,0.0
20201006200937,4.5,1.5,0.0,0.0,94.0,0.0,0.0,0.0
20201006201007,3.6,0.7,0.0,0.0,95.7,0.0,0.0,0.0
20201006201037,0.1,2.2,0.0,0.0,97.8,0.0,0.0,0.0
20201006201107,3.4,3.3,0.0,0.0,93.3,0.0,0.0,0.0
20201006201137,0.4,2.6,0.0,0.0,97.0,0.0,0.0,0.0
20201006201207,0.6,1.3,0.0,0.0,98.1,0.0,0.0,0.0
20201006201237,4.3,0.8,0.0,0.0,94.9,0.0,0.0,0.0
20201006201307,4.7,0.2,0.0,0.0,95.1,0.0,0.0,0.0
20201006201337,2.9,1.5,0.1,0.0,95.4,0.0,0.0,0.0
20201006201407,0.3,0.0,0.0,0.0,99.7,0.0,0.0,0.0
20201006201437,0.4,0.1,0.0,0.0,99.5,0.0,0.0,0.0
20201006201507,0.1,0.6,0.0,0.0,99.4,0.0,0.0,0.0
20201006201537,0.0,4.7,0.0,0.0,95.3,0.0,0.0,0.0
20201006201607,2.5,1.3,0.0,0.0,96.2,0.0,0.0,0.0
20201006201637,19.1,0.6,0.0,0.0,80.3,0.0,0.0,0.0
20201006201707,46.0,0.0,0.0,0.0,53.9,0.0,0.0,0.0
20201006201737,4.5,0.0,0.0,0.0,95.3,0.0,0.0,0.2
20201006201807,12.7,0.0,0.2,0.0,86.2,0.0,0.0,0.9
20201006201837,13.9,0.1,0.1,0.0,84.9,0.0,0.0,1.0
20201006201907,9.4,0.0,1.1,0.0,89.4,0.0,0.0,0.1
20201006201938,12.3,0.2,0.1,0.0,87.1,0.0,0.0,0.2
20201006202008,4.5,0.0,0.1,0.0,95.4,0.0,0.0,0.0
20201006202038,0.9,0.0,0.0,0.0,99.0,0.0,0.0,0.0
20201006202108,3.3,0.2,0.5,0.0,95.9,0.0,0.0,0.1
20201006202138,21.5,0.4,1.0,0.0,77.0,0.0,0.0,0.1
20201006202208,48.3,1.1,0.1,0.0,50.6,0.0,0.0,0.0
20201006202238,73.2,3.9,0.0,0.0,22.9,0.0,0.0,0.0
20201006202308,66.5,8.9,1.1,0.0,23.4,0.0,0.0,0.0
20201006202338,89.0,0.7,0.4,0.0,9.9,0.0,0.0,0.0
20201006202408,3.0,0.0,0.1,0.0,97.0,0.0,0.0,0.0
20201006202438,3.7,0.0,0.5,0.0,95.9,0.0,0.0,0.0
20201006202508,7.6,0.0,0.1,0.0,92.2,0.0,0.0,0.0
20201006202538,1.9,0.0,0.0,0.0,98.1,0.0,0.0,0.0
20201006202608,20.7,0.1,0.0,0.0,79.2,0.0,0.0,0.0
20201006202638,6.8,0.0,0.0,0.0,93.2,0.0,0.0,0.0
20201006202708,26.5,0.0,0.0,0.0,73.1,0.0,0.0,0.3
20201006202738,76.7,0.0,0.0,0.0,23.1,0.0,0.0,0.0
20201006202808,94.5,0.0,0.2,0.0,5.2,0.0,0.0,0.0
20201006202838,26.0,0.0,1.4,0.0,71.3,0.9,0.2,0.1
20201006202908,20.7,0.0,1.5,0.0,77.0,0.3,0.3,0.0
20201006202938,62.0,0.0,3.9,0.0,33.9,0.0,0.0,0.1
20201006203008,45.5,0.0,1.8,0.0,52.6,0.0,0.0,0.1
20201006203038,6.1,0.0,0.1,0.0,93.8,0.0,0.0,0.0
20201006203108,0.1,0.0,0.0,0.0,99.9,0.0,0.0,0.0
20201006203138,7.7,0.4,0.0,0.0,91.9,0.0,0.0,0.0
20201006203208,19.3,0.8,0.0,0.0,79.9,0.0,0.0,0.0
20201006203238,47.8,1.0,0.0,0.0,51.2,0.0,0.0,0.0
20201006203308,37.1,8.0,0.0,0.0,54.9,0.0,0.0,0.0
20201006203338,50.9,2.1,0.0,0.0,47.0,0.0,0.0,0.0
20201006203408,16.0,0.5,0.0,0.0,83.5,0.0,0.0,0.0
20201006203438,2.4,0.3,0.0,0.0,97.3,0.0,0.0,0.0
20201006203508,2.4,0.2,0.0,0.0,97.4,0.0,0.0,0.0
20201006203538,3.8,5.3,0.0,0.0,90.8,0.0,0.0,0.0
20201006203608,1.0,0.7,0.0,0.0,98.2,0.0,0.0,0.0
20201006203638,0.1,0.1,0.0,0.0,99.8,0.0,0.0,0.0
20201006203708,0.0,0.0,0.0,0.0,99.9,0.0,0.0,0.0
20201006203738,0.4,0.1,0.0,0.0,99.4,0.0,0.0,0.0
20201006203808,1.3,0.0,0.0,0.0,98.6,0.0,0.0,0.0
20201006203838,9.1,0.1,0.1,0.0,90.7,0.0,0.0,0.0
20201006203908,45.0,0.1,0.9,0.0,54.0,0.0,0.0,0.0
20201006203938,60.8,0.0,6.9,0.0,32.3,0.0,0.0,0.0
20201006204008,53.7,0.0,9.6,0.0,36.7,0.0,0.0,0.0
20201006204038,14.3,0.0,46.6,0.0,39.1,0.0,0.0,0.0
20201006204108,4.8,0.0,88.6,0.0,6.6,0.0,0.0,0.0
20201006204138,28.6,0.0,34.8,0.0,36.5,0.0,0.0,0.0
20201006204208,6.2,0.0,87.8,0.0,5.9,0.0,0.0,0.0
20201006204238,8.1,0.0,77.2,0.0,14.5,0.0,0.1,0.0
20201006204308,7.9,0.0,83.5,0.0,8.4,0.0,0.2,0.0
20201006204338,50.5,0.0,44.1,0.0,5.1,0.0,0.2,0.0
20201006204408,20.9,0.0,66.0,0.0,12.9,0.0,0.1,0.0
20201006204438,22.6,0.1,15.2,0.0,62.1,0.0,0.0,0.0
20201006204508,39.2,0.3,2.2,0.0,58.3,0.0,0.0,0.0
20201006204538,39.5,0.1,1.9,0.0,58.5,0.0,0.0,0.0
20201006204608,11.3,0.1,0.2,0.0,88.4,0.0,0.0,0.0
20201006204638,18.9,0.7,0.5,0.0,79.9,0.0,0.0,0.0
20201006204708,14.3,1.5,2.8,0.0,81.3,0.0,0.0,0.0
20201006204738,83.8,0.7,1.8,0.0,13.5,0.0,0.2,0.0
20201006204808,42.7,0.5,13.5,0.0,34.6,0.1,8.4,0.2
20201006204838,17.3,2.6,25.4,0.0,46.3,0.2,8.0,0.1
20201006204908,2.6,0.2,55.3,0.0,19.2,0.0,22.6,0.0
20201006204938,0.4,0.1,31.9,0.0,65.5,0.0,2.1,0.0
20201006205008,2.5,0.0,45.3,0.0,47.4,0.0,4.8,0.0
20201006205038,3.4,0.0,43.8,0.0,40.1,0.1,12.5,0.0
20201006205108,0.4,0.0,81.1,0.0,7.2,0.0,11.3,0.0
20201006205138,0.4,0.0,68.2,0.0,10.5,0.0,20.8,0.2
20201006205208,1.3,0.0,18.8,0.0,22.4,0.1,56.1,1.4
20201006205238,0.3,0.0,26.9,0.0,6.0,0.1,64.4,2.3
20201006205308,0.1,0.0,10.6,0.0,66.7,0.0,21.4,1.2
20201006205338,0.3,0.0,5.8,0.0,14.4,0.0,77.2,2.2
20201006205409,0.1,0.0,3.5,0.0,79.2,0.0,16.6,0.6
20201006205439,0.9,0.0,19.8,0.0,40.1,0.1,35.4,3.6
20201006205509,0.9,0.0,52.9,0.0,41.3,0.0,2.6,2.3
20201006205539,0.2,0.0,60.1,0.0,33.6,0.3,4.9,0.9
20201006205609,0.9,0.0,58.4,0.0,39.4,0.1,1.2,0.0
20201006205639,0.4,0.0,22.9,0.0,75.1,0.0,1.6,0.0
20201006205709,0.0,0.0,7.2,0.0,91.4,0.0,1.3,0.0
20201006205739,0.3,0.0,19.6,0.0,79.4,0.1,0.6,0.0
20201006205809,0.4,0.0,2.1,0.0,92.1,0.1,5.3,0.0
20201006205839,0.4,0.0,0.3,0.0,94.9,0.1,4.2,0.0
20201006205909,1.5,0.0,1.1,0.0,89.2,0.3,7.7,0.3
20201006205939,1.8,0.0,41.4,0.0,51.7,0.3,4.6,0.1
20201006210009,0.2,0.0,4.5,0.0,91.5,0.1,3.0,0.7
20201006210039,0.4,0.0,1.8,0.0,97.5,0.0,0.3,0.0
20201006210109,0.2,0.0,43.0,0.0,54.0,0.0,2.7,0.1
20201006210139,0.2,0.0,11.0,0.0,87.6,0.0,1.2,0.0
20201006210209,0.7,0.0,0.2,0.0,98.9,0.0,0.1,0.0
20201006210239,1.3,0.0,1.1,0.0,97.1,0.0,0.4,0.1
20201006210309,2.2,0.1,1.2,0.0,94.8,0.0,1.7,0.1
20201006210339,2.5,0.0,2.7,0.0,93.7,0.0,1.0,0.1
20201006210409,0.4,0.0,2.2,0.0,96.6,0.0,0.8,0.0
20201006210439,0.8,0.0,4.1,0.0,92.8,0.0,2.2,0.0
20201006210509,1.6,0.0,19.1,0.0,76.9,0.0,2.4,0.0
20201006210539,1.5,0.1,3.4,0.0,87.9,0.0,7.1,0.0
20201006210609,3.4,0.0,4.8,0.0,77.5,0.0,14.2,0.0
20201006210639,3.3,0.0,25.9,0.0,67.9,0.0,2.8,0.0
20201006210709,3.7,0.0,34.4,0.0,54.2,0.1,7.5,0.0
20201006210739,0.3,0.0,7.3,0.0,89.4,0.0,3.0,0.0
20201006210809,2.6,0.0,17.3,0.0,67.5,0.0,12.6,0.0
20201006210839,2.9,0.0,48.0,0.0,40.7,0.0,8.4,0.0
20201006210909,5.0,0.0,33.6,0.0,26.7,0.1,34.5,0.1
20201006210939,1.0,0.0,35.5,0.0,9.6,0.0,53.8,0.0
20201006211009,4.1,0.0,19.3,0.0,48.4,0.4,27.7,0.1
20201006211039,6.0,0.0,31.5,0.0,35.0,0.1,27.2,0.1
20201006211109,1.1,0.0,21.7,0.0,22.6,0.2,54.4,0.2
20201006211139,2.5,0.0,16.5,0.0,17.6,0.6,62.7,0.1
20201006211209,8.3,0.0,13.0,0.0,31.5,1.8,43.1,2.3
20201006211239,2.3,0.0,36.1,0.0,9.7,1.8,49.8,0.4
20201006211309,1.1,0.0,43.9,0.0,26.8,0.3,27.8,0.0
20201006211339,0.8,0.0,64.8,0.0,26.7,0.2,7.4,0.1
20201006211409,2.3,0.0,51.1,0.0,21.6,1.5,23.3,0.1
20201006211439,2.6,0.1,44.0,0.0,45.8,2.6,4.7,0.2
20201006211509,1.7,0.0,36.3,0.0,49.8,1.6,8.2,2.4
20201006211539,1.2,0.0,30.2,0.0,39.2,1.2,27.3,1.0
20201006211609,1.7,0.0,32.3,0.0,44.6,3.8,13.7,3.8
20201006211639,1.6,0.0,27.0,0.0,67.1,2.4,1.7,0.3
20201006211709,4.8,0.0,33.0,0.0,49.3,5.6,3.6,3.7
20201006211739,3.5,0.0,73.8,0.0,14.2,6.3,0.9,1.3
20201006211809,2.9,0.1,19.3,0.0,69.9,6.5,0.5,0.8
20201006211839,9.3,0.0,43.1,0.0,43.9,3.0,0.2,0.4
20201006211909,8.4,0.0,10.2,0.0,76.4,1.7,2.9,0.4
20201006211939,3.1,0.0,44.6,0.0,45.5,3.9,2.2,0.6
20201006212009,0.8,0.0,32.3,0.0,65.0,1.0,0.6,0.2
20201006212039,1.4,0.0,10.6,0.0,85.1,1.5,1.3,0.1
20201006212109,1.4,0.1,67.8,0.0,29.1,0.7,0.8,0.1
20201006212139,0.3,0.0,83.2,0.0,14.6,0.2,1.6,0.1
20201006212209,0.1,0.0,82.2,0.0,16.5,0.1,0.7,0.4
20201006212239,4.5,0.2,43.8,0.0,41.4,2.0,5.7,2.5
20201006212309,1.4,0.5,53.2,0.0,43.1,0.6,1.1,0.3
20201006212339,0.5,0.1,6.4,0.0,91.7,0.1,1.2,0.1
20201006212409,0.1,0.0,90.8,0.0,8.6,0.2,0.2,0.0
20201006212439,0.4,0.1,92.5,0.0,5.5,0.1,1.4,0.0
20201006212509,0.3,0.1,86.5,0.0,11.9,0.3,0.8,0.1
20201006212539,0.3,0.3,56.6,0.0,38.5,0.2,3.8,0.3
20201006212609,0.5,0.1,66.0,0.0,33.0,0.2,0.1,0.1
20201006212639,0.2,0.0,31.2,0.0,68.0,0.1,0.1,0.3
20201006212709,0.3,0.0,54.1,0.0,45.4,0.1,0.1,0.1
20201006212739,0.2,0.0,6.8,0.0,92.6,0.1,0.2,0.1
20201006212810,0.9,0.1,12.9,0.0,84.9,0.4,0.1,0.7
20201006212840,2.0,1.1,48.6,0.0,47.5,0.0,0.3,0.3
20201006212910,2.4,0.1,55.0,0.0,39.3,0.1,1.4,1.6
20201006212940,0.7,0.0,19.4,0.0,65.9,0.1,4.7,9.2
20201006213010,1.9,0.0,35.0,0.0,51.1,0.2,4.4,7.3
20201006213040,2.1,0.0,19.2,0.0,68.2,0.7,4.7,5.0
20201006213110,2.5,0.0,19.6,0.0,74.2,0.7,1.9,1.0
20201006213140,1.4,0.0,29.6,0.0,54.7,0.5,12.2,1.7
20201006213210,0.4,0.0,8.2,0.0,87.0,0.2,3.5,0.6
20201006213240,2.3,0.0,7.7,0.0,72.7,0.4,14.8,2.1
20201006213310,0.5,0.0,5.1,0.0,88.0,0.1,5.9,0.4
20201006213340,3.1,0.0,11.6,0.0,83.2,0.1,1.8,0.2
20201006213410,1.4,0.0,13.8,0.0,77.8,0.5,5.5,1.0
20201006213440,0.4,0.0,1.6,0.0,95.1,0.1,1.8,1.0
20201006213510,0.7,0.0,0.9,0.0,98.1,0.0,0.2,0.1
20201006213540,0.5,0.0,3.4,0.0,92.7,0.0,3.3,0.1
20201006213610,0.5,0.0,37.5,0.0,60.9,0.0,0.5,0.6
20201006213640,0.3,0.0,28.4,0.0,71.2,0.0,0.1,0.1
20201006213710,0.2,0.0,10.4,0.0,89.3,0.0,0.0,0.1
20201006213740,0.2,0.0,82.3,0.0,17.5,0.0,0.0,0.0
20201006213810,4.7,0.0,11.2,0.0,81.6,0.1,2.3,0.1
20201006213840,0.5,0.0,31.1,0.0,68.4,0.0,0.0,0.0
20201006213910,1.7,0.0,59.1,0.0,38.0,0.2,0.4,0.5
20201006213940,1.4,0.0,8.3,0.0,89.4,0.1,0.3,0.5
20201006214010,2.6,0.0,35.1,0.0,59.0,0.1,1.5,1.7
20201006214040,2.8,0.0,37.3,0.0,58.0,0.0,0.7,1.1
20201006214110,1.3,0.0,40.5,0.0,20.2,0.1,33.7,4.1
20201006214140,10.3,0.0,51.3,0.0,33.6,0.2,4.1,0.5
20201006214210,0.4,0.0,6.9,0.0,70.3,0.0,22.3,0.1
20201006214240,0.8,0.0,3.6,0.0,28.5,0.0,66.5,0.6
20201006214310,0.2,0.0,1.5,0.0,62.6,0.0,34.3,1.3
20201006214340,0.1,0.0,0.2,0.0,7.2,0.0,92.2,0.2
20201006214410,0.1,0.0,0.2,0.0,10.7,0.1,88.7,0.2
20201006214440,0.2,0.0,4.3,0.0,36.3,1.8,57.0,0.4
20201006214510,0.3,0.0,4.0,0.0,83.8,0.2,11.2,0.6
20201006214540,0.1,0.0,16.9,0.0,80.1,0.2,2.4,0.3
20201006214610,0.0,0.0,15.9,0.0,74.0,0.1,9.7,0.3
20201006214640,0.0,0.0,3.4,0.0,63.6,0.2,29.6,3.2
20201006214710,0.0,0.0,5.8,0.0,80.6,0.1,13.0,0.5
20201006214740,0.1,0.0,1.7,0.0,87.9,0.1,9.8,0.3
20201006214810,0.2,0.0,3.1,0.0,75.2,0.4,19.9,1.1
20201006214840,0.1,0.0,0.6,0.0,88.2,0.2,10.8,0.0
20201006214910,0.1,0.0,0.7,0.0,75.9,0.6,21.9,0.7
20201006214940,0.0,0.0,1.2,0.0,58.6,0.2,39.8,0.2
20201006215010,0.1,0.0,0.2,0.0,13.8,0.1,85.7,0.1
20201006215040,1.3,0.0,0.4,0.0,38.3,0.5,59.1,0.4
20201006215110,0.8,0.0,0.1,0.0,18.5,0.8,78.8,1.0
20201006215140,0.1,0.0,0.0,0.0,43.5,0.1,53.2,3.1
20201006215210,0.1,0.0,0.1,0.0,58.5,0.0,40.9,0.4
20201006215240,0.3,0.0,0.0,0.0,42.0,0.2,55.8,1.8
20201006215310,0.0,0.0,0.0,0.0,9.2,0.0,88.6,2.1
20201006215340,0.0,0.0,0.0,0.0,4.2,0.0,93.3,2.5
20201006215410,0.1,0.0,0.1,0.0,51.4,0.2,40.1,8.2
20201006215440,0.0,0.0,0.1,0.0,16.9,0.0,77.7,5.2
20201006215510,0.0,0.0,0.0,0.0,52.3,0.1,35.8,11.9
20201006215541,0.0,0.0,0.0,0.0,19.8,0.0,78.5,1.6
20201006215611,0.0,0.0,0.1,0.0,31.7,0.0,66.7,1.4
20201006215641,0.1,0.0,0.0,0.0,14.6,0.3,77.9,7.0
20201006215711,0.0,0.0,0.0,0.0,2.1,0.1,97.7,0.1
20201006215741,0.0,0.0,0.0,0.0,7.0,0.3,92.5,0.2
20201006215811,0.1,0.0,0.0,0.0,13.4,0.3,85.8,0.5
20201006215841,0.1,0.0,0.0,0.0,24.7,0.5,74.1,0.5
20201006215911,0.2,0.0,0.2,0.0,31.8,0.2,66.8,0.8
20201006215941,0.4,0.0,0.2,0.0,56.0,1.0,38.7,3.8
20201006220011,0.2,0.0,0.1,0.0,66.0,0.5,26.9,6.4
20201006220041,0.6,0.0,0.1,0.0,79.0,0.3,19.0,1.1
20201006220111,0.5,0.0,0.1,0.0,78.7,1.0,16.8,2.9
20201006220141,0.2,0.0,0.2,0.0,94.3,0.3,2.1,2.9
20201006220211,0.3,0.0,0.3,0.0,95.5,0.6,1.5,1.8
20201006220241,1.6,0.0,0.5,0.0,53.8,4.9,25.2,14.0
20201006220311,0.6,0.0,0.4,0.0,89.0,0.9,5.0,4.1
20201006220341,0.8,0.0,0.6,0.0,95.0,1.1,1.6,0.8
20201006220411,0.4,0.0,0.6,0.0,96.6,0.4,1.2,0.8
20201006220441,0.8,0.0,1.1,0.0,88.9,2.0,3.0,4.3
20201006220511,0.3,0.0,0.2,0.0,95.1,0.9,1.2,2.2
20201006220541,0.3,0.0,0.4,0.0,94.8,2.8,0.9,0.9
20201006220611,0.1,0.0,0.2,0.0,89.9,1.5,6.4,1.8
20201006220641,0.2,0.0,1.0,0.0,94.9,1.2,2.4,0.2
20201006220711,0.4,0.0,0.2,0.0,94.8,1.7,0.2,2.7
20201006220741,0.2,0.0,0.1,0.0,98.0,0.4,0.3,0.9
20201006220811,0.2,0.0,0.2,0.0,98.1,0.2,0.4,0.9
20201006220841,0.1,0.0,0.2,0.0,98.7,0.2,0.1,0.8
20201006220911,0.0,0.0,0.3,0.0,98.2,0.6,0.2,0.7
20201006220941,0.0,0.0,0.1,0.0,98.7,0.1,0.7,0.4
20201006221011,0.0,0.0,0.0,0.0,99.5,0.0,0.3,0.2
20201006221041,0.0,0.0,0.6,0.0,91.6,0.3,6.9,0.6
20201006221111,0.4,0.0,1.0,0.0,94.3,1.4,2.6,0.3
20201006221141,0.1,0.0,2.2,0.0,97.1,0.2,0.3,0.0
20201006221211,1.2,0.0,0.7,0.0,94.1,2.5,1.1,0.4
20201006221241,0.7,0.0,1.2,0.0,97.6,0.2,0.3,0.0
20201006221311,2.6,0.0,7.5,0.0,86.0,3.0,0.7,0.2
20201006221341,2.4,0.0,3.2,0.0,71.9,10.2,6.7,5.6
20201006221411,1.6,0.0,9.7,0.0,76.2,5.4,5.1,2.1
20201006221441,6.4,0.0,3.8,0.0,83.3,3.2,2.3,1.0
20201006221511,1.4,0.0,9.2,0.0,83.2,0.3,1.7,4.2
20201006221541,4.6,0.0,1.1,0.0,71.2,1.1,11.9,10.2
20201006221611,0.2,0.0,2.4,0.0,71.8,0.3,14.5,10.7
20201006221641,0.1,0.0,0.7,0.0,50.6,0.4,19.2,28.9
20201006221711,0.1,0.0,0.3,0.0,47.8,1.3,16.2,34.3
20201006221741,0.1,0.0,0.3,0.0,69.1,3.8,13.1,13.6
20201006221811,0.7,0.0,1.1,0.0,90.1,2.8,1.6,3.7
20201006221841,0.1,0.0,0.3,0.0,96.8,0.3,0.7,1.8
20201006221911,1.0,0.0,2.2,0.0,51.3,11.9,18.3,15.3
20201006221941,0.2,0.0,0.1,0.0,80.6,2.8,5.8,10.5
20201006222011,0.2,0.0,0.2,0.0,88.5,1.8,0.8,8.5
20201006222041,0.3,0.0,0.1,0.0,68.6,4.9,4.2,22.0
20201006222111,0.1,0.0,0.5,0.0,87.8,0.9,4.0,6.8
20201006222141,0.0,0.0,0.6,0.0,83.4,0.2,0.8,14.9
20201006222211,0.0,0.0,0.2,0.0,95.1,0.1,0.4,4.3
20201006222241,0.1,0.0,2.6,0.0,73.3,0.2,1.5,22.2
20201006222311,0.2,0.0,0.4,0.0,16.9,1.1,0.8,80.6
20201006222341,0.1,0.0,0.8,0.0,73.9,0.7,1.4,23.0
20201006222411,0.2,0.0,0.5,0.0,91.1,0.7,1.9,5.6
20201006222441,0.2,0.0,1.3,0.0,76.6,3.0,7.2,11.6
20201006222511,0.1,0.0,0.4,0.0,95.5,1.2,0.5,2.2
20201006222541,0.1,0.0,1.2,0.0,96.8,0.2,0.3,1.5
20201006222611,0.0,0.0,0.3,0.0,73.8,0.7,2.0,23.2
20201006222641,0.1,0.0,0.9,0.0,81.0,1.6,0.7,15.8
20201006222711,0.3,0.0,0.4,0.0,95.9,1.4,0.1,1.9
20201006222741,1.5,0.0,0.6,0.0,92.5,1.0,0.6,3.8
20201006222811,0.5,0.0,0.3,0.0,83.0,5.7,0.5,10.1
20201006222841,0.1,0.0,1.2,0.0,84.6,10.2,0.6,3.3
20201006222911,0.2,0.0,2.3,0.0,96.0,0.8,0.1,0.6
20201006222942,0.0,0.0,0.2,0.0,97.9,1.3,0.2,0.4
20201006223012,0.0,0.0,0.1,0.0,92.3,4.2,1.2,2.1
20201006223042,0.0,0.0,0.0,0.0,96.0,3.5,0.1,0.4
20201006223112,0.4,0.0,0.1,0.0,85.3,11.9,1.7,0.6
20201006223142,0.4,0.0,0.3,0.0,27.8,64.1,4.6,2.9
20201006223212,0.5,0.0,0.2,0.0,87.9,9.6,1.2,0.5
20201006223242,0.1,0.0,0.0,0.0,41.8,56.0,0.8,1.3
20201006223312,0.3,0.0,0.4,0.0,90.5,6.4,1.2,1.1
20201006223342,0.4,0.0,0.3,0.0,27.0,66.5,0.5,5.2
20201006223412,2.4,0.0,0.2,0.0,90.4,6.7,0.0,0.2
20201006223442,0.7,0.0,0.6,0.0,88.0,9.8,0.1,0.8
20201006223512,0.1,0.0,0.1,0.0,95.9,3.3,0.1,0.5
20201006223542,0.3,0.0,0.1,0.0,77.5,18.9,1.9,1.4
20201006223612,2.0,0.0,0.5,0.0,68.5,25.3,0.2,3.5
20201006223642,1.2,0.0,1.6,0.0,65.7,30.3,0.4,0.8
20201006223712,0.9,0.0,0.5,0.0,48.6,47.3,1.5,1.2
20201006223742,1.3,0.0,0.8,0.0,67.7,27.3,1.4,1.6
20201006223812,0.4,0.0,0.1,0.0,49.6,44.1,0.8,5.0
20201006223842,0.2,0.0,0.2,0.0,84.2,12.3,0.3,2.7
20201006223912,0.1,0.0,0.1,0.0,90.0,6.8,0.9,2.0
20201006223942,0.2,0.0,0.2,0.0,82.7,16.6,0.1,0.3
20201006224012,0.3,0.0,0.0,0.0,77.9,18.7,0.2,2.8
20201006224042,0.1,0.0,0.4,0.0,96.2,3.2,0.0,0.1
20201006224112,0.0,0.0,0.1,0.0,98.1,0.7,0.6,0.5
20201006224142,0.1,0.0,0.1,0.0,79.9,18.3,0.9,0.6
20201006224212,0.1,0.0,0.2,0.0,57.4,32.1,7.9,2.2
20201006224242,0.0,0.0,0.0,0.0,96.0,2.5,0.4,1.0
20201006224312,0.1,0.0,0.2,0.0,83.9,14.8,0.6,0.3
20201006224342,0.2,0.0,0.2,0.0,88.1,9.8,0.4,1.4
20201006224412,0.1,0.0,0.1,0.0,55.7,43.2,0.4,0.6
20201006224442,0.3,0.0,0.1,0.0,90.6,4.8,0.8,3.4
20201006224512,0.3,0.0,0.2,0.0,79.2,18.7,1.0,0.7
20201006224542,0.2,0.0,2.4,0.0,78.8,12.1,6.2,0.3
20201006224612,3.5,0.0,3.7,0.0,71.0,7.5,14.0,0.4
20201006224642,0.0,0.0,0.5,0.0,98.5,0.1,0.9,0.1
20201006224712,0.0,0.0,0.7,0.0,98.7,0.2,0.4,0.0
20201006224742,0.0,0.0,0.1,0.0,98.9,0.0,0.9,0.1
20201006224812,0.0,0.0,1.4,0.0,89.8,0.2,8.5,0.0
20201006224842,0.1,0.0,0.7,0.0,94.5,0.3,4.4,0.0
20201006224912,0.1,0.0,3.3,0.0,83.5,0.4,12.4,0.3
20201006224942,0.3,0.0,1.2,0.0,98.2,0.1,0.2,0.0
20201006225012,3.8,0.0,0.1,0.0,95.5,0.1,0.5,0.0
20201006225042,0.1,0.0,0.2,0.0,99.6,0.0,0.1,0.0
20201006225112,0.2,0.0,0.1,0.0,98.9,0.0,0.8,0.0
20201006225142,0.0,0.0,0.1,0.0,99.6,0.0,0.3,0.0
20201006225212,0.0,0.0,0.0,0.0,99.9,0.0,0.0,0.0
20201006225242,0.0,0.0,0.0,0.0,100.0,0.0,0.0,0.0
20201006225312,0.0,0.0,0.0,0.0,100.0,0.0,0.0,0.0
20201006225342,0.0,0.0,0.0,0.0,100.0,0.0,0.0,0.0
20201006225412,0.0,0.0,0.0,0.0,100.0,0.0,0.0,0.0
20201006225442,0.0,0.0,0.0,0.0,100.0,0.0,0.0,0.0
20201006225512,0.0,0.0,0.0,0.0,100.0,0.0,0.0,0.0
20201006225542,0.0,0.0,0.0,0.0,100.0,0.0,0.0,0.0
20201006225612,0.0,0.0,0.0,0.0,100.0,0.0,0.0,0.0
20201006225642,0.0,0.0,0.0,0.0,100.0,0.0,0.0,0.0
20201006225712,0.0,0.0,0.0,0.0,100.0,0.0,0.0,0.0
20201006225742,0.0,0.0,0.0,0.0,100.0,0.0,0.0,0.0
20201006225812,0.0,0.0,0.0,0.0,100.0,0.0,0.0,0.0
20201006225842,0.0,0.0,0.0,0.0,100.0,0.0,0.0,0.0
20201006225912,0.0,0.0,0.0,0.0,100.0,0.0,0.0,0.0
20201006225942,0.0,0.0,0.0,0.0,99.3,0.0,0.7,0.0
20201006230012,0.0,0.0,0.0,0.0,98.1,0.0,1.8,0.1
20201006230042,0.0,0.0,0.0,0.0,99.9,0.0,0.1,0.0
20201006230112,0.0,0.0,0.0,0.0,99.7,0.0,0.2,0.0
20201006230142,0.0,0.0,0.1,0.0,99.8,0.0,0.0,0.0
20201006230212,0.0,0.0,2.5,0.0,97.0,0.0,0.4,0.0
20201006230242,0.1,0.0,2.5,0.0,79.8,0.6,17.0,0.0
20201006230312,0.1,0.0,1.0,0.0,18.1,1.3,79.4,0.0
20201006230342,0.0,0.0,1.1,0.0,2.1,3.7,93.0,0.0
20201006230412,0.2,0.0,17.0,0.0,11.3,0.2,71.3,0.0
20201006230443,0.0,0.0,0.3,0.0,3.3,0.0,96.3,0.0
20201006230513,0.0,0.0,0.3,0.0,0.1,0.1,99.6,0.0
20201006230543,0.0,0.0,1.7,0.0,1.6,0.6,95.9,0.1
20201006230613,0.0,0.0,1.0,0.0,1.2,0.1,97.5,0.1
20201006230643,0.0,0.0,1.8,0.0,0.4,1.0,96.7,0.0
20201006230713,0.0,0.0,0.7,0.0,0.6,0.4,98.2,0.0
20201006230743,0.0,0.0,0.9,0.0,0.2,0.8,98.1,0.0
20201006230813,0.0,0.0,0.4,0.0,0.1,0.2,99.2,0.1
20201006230843,0.0,0.0,2.8,0.0,0.4,0.6,95.9,0.3
20201006230913,0.0,0.0,0.2,0.0,0.0,0.7,99.1,0.0
20201006230943,0.0,0.0,0.0,0.0,0.1,0.7,99.1,0.1
20201006231013,0.0,0.0,0.0,0.0,0.2,0.1,99.6,0.0
20201006231043,0.0,0.0,0.0,0.0,0.1,0.3,99.4,0.1
20201006231113,0.0,0.0,0.0,0.0,0.3,2.0,96.1,1.6
20201006231143,0.0,0.0,0.0,0.0,0.2,0.3,99.4,0.1
20201006231213,0.0,0.0,0.0,0.0,0.5,0.0,99.4,0.0
20201006231243,0.1,0.0,1.2,0.0,11.2,2.8,78.7,6.0
20201006231313,0.0,0.0,0.0,0.0,1.0,0.4,98.5,0.1
20201006231343,0.0,0.0,0.0,0.0,0.2,0.0,99.8,0.0
20201006231413,0.0,0.0,0.0,0.0,0.0,0.0,99.9,0.0
20201006231443,0.0,0.0,0.0,0.0,0.0,0.1,97.9,2.0
20201006231513,0.0,0.0,0.0,0.0,0.0,0.0,96.7,3.3
20201006231543,0.0,0.0,0.0,0.0,0.0,0.1,94.5,5.4
20201006231613,0.0,0.0,0.0,0.0,0.0,0.0,98.6,1.4
20201006231643,0.0,0.0,0.0,0.0,0.0,0.0,98.6,1.4
20201006231713,0.0,0.0,0.0,0.0,0.0,0.0,99.2,0.8
20201006231743,0.0,0.0,0.0,0.0,0.0,0.0,99.7,0.3
20201006231813,0.0,0.0,0.0,0.0,0.0,0.0,99.9,0.1
20201006231843,0.0,0.0,0.0,0.0,0.0,0.0,99.1,0.9
20201006231913,0.0,0.0,0.0,0.0,0.0,0.0,99.6,0.4
20201006231943,0.0,0.0,0.0,0.0,0.0,0.0,99.9,0.1
20201006232013,0.0,0.0,0.0,0.0,0.0,0.0,100.0,0.0
20201006232043,0.0,0.0,0.0,0.0,0.0,0.0,100.0,0.0
