UT,arc,discrete,diffuse,ac,ab,clear,cloudy,dd
20200413202200,0.0,0.0,0.0,0.0,0.0,0.0,0.0,100.0
20200413202230,0.0,0.0,0.0,0.0,0.4,0.0,0.0,99.6
20200413202300,0.0,0.0,0.0,0.0,0.2,0.0,0.0,99.8
20200413202330,0.0,0.0,0.0,0.0,0.1,0.0,0.0,99.9
20200413202400,0.0,0.0,0.0,0.0,0.1,0.0,0.0,99.9
20200413202430,0.0,0.0,0.0,0.0,0.0,0.0,0.0,100.0
20200413202500,0.0,0.0,0.0,0.0,0.9,0.0,0.0,99.1
20200413202530,0.0,0.0,0.0,0.0,0.5,0.0,0.0,99.5
20200413202600,0.0,0.0,0.0,0.0,0.2,0.0,0.0,99.8
20200413202630,0.0,0.0,0.0,0.0,1.1,0.0,0.0,98.9
20200413202700,0.0,0.0,0.0,0.0,13.5,0.0,0.0,86.5
20200413202730,0.0,0.0,0.0,0.0,4.0,0.0,0.0,96.0
20200413202800,0.0,0.0,0.0,0.0,0.5,0.0,0.0,99.5
20200413202830,0.0,0.0,0.0,0.0,2.3,0.0,0.0,97.7
20200413202900,0.0,0.0,0.0,0.0,3.1,0.0,0.0,96.9
20200413202930,0.0,0.0,0.0,0.0,1.6,0.0,0.0,98.4
20200413203000,0.0,0.0,0.0,0.0,8.5,0.0,0.0,91.5
20200413203030,0.0,0.0,0.0,0.0,12.4,0.0,0.0,87.6
20200413203100,0.0,0.0,0.0,0.0,5.4,0.0,0.0,94.6
20200413203130,0.0,0.0,0.0,0.0,6.9,0.0,0.0,93.1
20200413203200,0.0,0.0,0.0,0.0,27.0,0.0,0.0,73.0
20200413203230,0.0,0.0,0.0,0.0,27.2,0.0,0.0,72.8
20200413203300,0.0,0.0,0.0,0.0,9.2,0.0,0.0,90.8
20200413203330,0.0,0.0,0.0,0.0,0.3,0.0,0.0,99.7
20200413203400,0.0,0.0,0.0,0.0,1.9,0.0,0.0,98.1
20200413203430,0.0,0.0,0.0,0.0,6.4,0.0,0.0,93.6
20200413203500,0.0,0.0,0.0,0.0,8.9,0.0,0.0,91.1
20200413203530,0.0,0.0,0.0,0.0,0.4,0.0,0.0,99.6
20200413203600,0.0,0.0,0.0,0.0,0.3,0.0,0.0,99.7
20200413203630,0.0,0.0,0.0,0.0,0.6,0.0,0.0,99.4
20200413203700,0.0,0.0,0.0,0.0,0.0,0.0,0.0,100.0
20200413203730,0.0,0.0,0.0,0.0,0.2,0.0,0.0,99.8
20200413203801,0.0,0.0,0.0,0.0,0.5,0.0,0.0,99.5
20200413203831,0.0,0.0,0.0,0.0,0.0,0.0,0.0,100.0
20200413203901,0.0,0.0,0.0,0.0,0.0,0.0,0.0,100.0
20200413203931,0.0,0.0,0.0,0.0,0.0,0.0,0.0,100.0
20200413204001,0.0,0.0,0.0,0.0,0.0,0.0,0.0,100.0
20200413204031,0.0,0.0,0.0,0.0,0.0,0.0,0.0,100.0
20200413204101,0.0,0.0,0.0,0.0,0.0,0.0,0.0,100.0
20200413204131,0.0,0.0,0.0,0.0,0.0,0.0,0.0,100.0
20200413204201,0.0,0.0,0.0,0.0,0.0,0.0,0.0,100.0
20200413204231,0.0,0.0,0.0,0.0,0.0,0.0,0.0,100.0
20200413204301,0.0,0.0,0.0,0.0,0.0,0.0,0.0,100.0
20200413204331,0.0,0.0,0.0,0.0,0.0,0.0,0.0,100.0
20200413204401,0.0,0.0,0.0,0.0,0.0,0.0,0.0,100.0
20200413204431,0.0,0.0,0.0,0.0,0.0,0.0,0.0,100.0
20200413204501,0.0,0.0,0.0,0.0,0.0,0.0,0.0,100.0
20200413204531,0.0,0.0,0.0,0.0,0.0,0.0,0.0,100.0
20200413204601,0.0,0.0,0.0,0.0,0.0,0.0,0.0,100.0
20200413204631,0.0,0.0,0.0,0.0,0.0,0.0,0.0,100.0
20200413204701,0.0,0.0,0.0,0.0,0.0,0.0,0.0,100.0
20200413204731,0.0,0.0,0.0,0.0,0.0,0.0,0.0,100.0
20200413204801,0.0,0.0,0.0,0.0,0.0,0.0,0.0,100.0
20200413204831,0.0,0.0,0.0,0.0,0.0,0.0,0.0,100.0
20200413204901,0.0,0.0,0.0,0.0,0.0,0.0,0.0,100.0
20200413204931,0.0,0.0,0.0,0.0,0.0,0.0,0.0,100.0
20200413205001,0.0,0.0,0.0,0.0,0.0,0.0,0.0,100.0
20200413205031,0.0,0.0,0.0,0.0,0.0,0.0,0.0,100.0
20200413205101,0.0,0.0,0.0,0.0,0.0,0.0,0.0,100.0
20200413205131,0.0,0.0,0.0,0.0,0.0,0.0,0.0,100.0
20200413205201,0.0,0.0,0.0,0.0,0.0,0.0,0.0,100.0
20200413205231,0.0,0.0,0.0,0.0,0.0,0.0,0.0,100.0
20200413205301,0.0,0.0,0.0,0.0,0.0,0.0,0.0,100.0
20200413205331,0.0,0.0,0.0,0.0,0.0,0.0,0.0,100.0
20200413205401,0.0,0.0,0.0,0.0,0.0,0.0,0.0,100.0
20200413205431,0.0,0.0,0.0,0.0,0.0,0.0,0.0,100.0
20200413205501,0.0,0.0,0.0,0.0,0.0,0.0,0.0,100.0
20200413205531,0.0,0.0,0.0,0.0,0.0,0.0,0.0,100.0
20200413205601,0.0,0.0,0.0,0.0,0.0,0.0,0.0,100.0
20200413205631,0.0,0.0,0.0,0.0,0.0,0.0,0.0,100.0
20200413205701,0.0,0.0,0.0,0.0,0.0,0.0,0.0,100.0
20200413205731,0.0,0.0,0.0,0.0,0.0,0.0,0.0,100.0
20200413205801,0.0,0.0,0.0,0.0,0.0,0.0,0.0,100.0
20200413205831,0.0,0.0,0.0,0.0,0.0,0.0,0.0,100.0
20200413205901,0.0,0.0,0.0,0.0,0.0,0.0,0.0,100.0
20200413205931,0.0,0.0,0.0,0.0,0.0,0.0,0.0,100.0
20200413210001,0.0,0.0,0.0,0.0,0.0,0.0,0.0,100.0
20200413210031,0.0,0.0,0.0,0.0,0.0,0.0,0.0,100.0
20200413210101,0.0,0.0,0.0,0.0,0.0,0.0,0.0,100.0
20200413210131,0.0,0.0,0.0,0.0,0.0,0.0,0.0,99.9
20200413210201,0.0,0.0,0.0,0.0,0.0,0.0,0.0,100.0
20200413210231,0.0,0.0,0.0,0.0,0.0,0.0,0.0,100.0
20200413210301,0.0,0.0,0.0,0.0,0.0,0.0,0.0,100.0
20200413210331,0.0,0.0,0.0,0.0,0.0,0.0,0.0,100.0
20200413210401,0.0,0.0,0.0,0.0,0.0,0.0,0.0,100.0
20200413210431,0.0,0.0,0.0,0.0,0.0,0.0,0.0,100.0
20200413210501,0.0,0.0,0.0,0.0,0.0,0.0,0.0,100.0
20200413210531,0.0,0.0,0.0,0.0,0.0,0.0,0.0,100.0
20200413210601,0.0,0.0,0.0,0.0,0.0,0.0,0.0,100.0
20200413210631,0.0,0.0,0.0,0.0,0.0,0.0,0.0,100.0
20200413210701,0.0,0.0,0.0,0.0,0.0,0.0,0.0,100.0
20200413210731,0.0,0.0,0.0,0.0,0.0,0.0,0.0,100.0
20200413210801,0.0,0.0,0.0,0.0,0.0,0.0,0.0,100.0
20200413210831,0.0,0.0,0.0,0.0,0.0,0.0,0.0,100.0
20200413210901,0.0,0.0,0.0,0.0,0.0,0.0,0.0,100.0
20200413210932,0.0,0.0,0.0,0.0,0.0,0.0,0.0,100.0
20200413211002,0.0,0.0,0.0,0.0,0.0,0.0,0.0,100.0
20200413211032,0.0,0.0,0.0,0.0,0.0,0.0,0.0,100.0
20200413211102,0.0,0.0,0.0,0.0,0.0,0.0,0.0,100.0
20200413211132,0.0,0.0,0.0,0.0,0.0,0.0,0.0,100.0
20200413211202,0.0,0.0,0.0,0.0,0.0,0.0,0.0,100.0
20200413211232,0.0,0.0,0.0,0.0,0.0,0.0,0.0,100.0
20200413211302,0.0,0.0,0.0,0.0,0.0,0.0,0.0,100.0
20200413211332,0.0,0.0,0.0,0.0,0.0,0.0,0.0,100.0
20200413211402,0.0,0.0,0.0,0.0,0.0,0.0,0.0,100.0
20200413211432,0.0,0.0,0.0,0.0,0.0,0.0,0.0,100.0
20200413211502,0.0,0.0,0.0,0.0,1.7,0.0,0.0,98.3
20200413211532,0.0,0.0,0.0,0.0,0.3,0.0,0.0,99.7
20200413211602,0.0,0.0,0.0,0.0,0.0,0.0,0.0,100.0
20200413211632,0.0,0.0,0.0,0.0,0.1,0.0,0.0,99.9
20200413211702,0.0,0.0,0.0,0.0,0.0,0.0,0.0,100.0
20200413211732,0.0,0.0,0.0,0.0,0.0,0.0,0.0,100.0
20200413211802,0.0,0.0,0.0,0.0,0.0,0.0,0.0,100.0
20200413211832,0.0,0.0,0.0,0.0,0.0,0.0,0.0,100.0
20200413211902,0.0,0.0,0.0,0.0,0.0,0.0,0.0,100.0
20200413211932,0.0,0.0,0.0,0.0,0.0,0.0,0.0,100.0
20200413212002,0.0,0.0,0.0,0.0,0.0,0.0,0.0,100.0
20200413212032,0.0,0.0,0.0,0.0,0.0,0.0,0.0,100.0
20200413212102,0.0,0.0,0.0,0.0,0.0,0.0,0.0,100.0
20200413212132,0.0,0.0,0.0,0.0,0.0,0.0,0.0,100.0
20200413212332,0.0,0.0,0.0,0.0,0.5,0.0,0.0,99.5
20200413212402,0.0,0.0,0.0,0.0,0.4,0.0,0.0,99.6
20200413212432,0.0,0.0,0.0,0.0,0.2,0.0,0.0,99.8
20200413212502,0.0,0.0,0.0,0.0,0.2,0.0,0.0,99.8
20200413212532,0.0,0.0,0.0,0.0,0.0,0.0,0.0,100.0
20200413212602,0.0,0.0,0.0,0.0,0.2,0.0,0.0,99.8
20200413212632,0.0,0.0,0.0,0.0,4.9,0.0,0.0,95.1
20200413212702,0.0,0.0,0.0,0.0,1.3,0.0,0.0,98.7
20200413212732,0.0,0.0,0.0,0.0,0.2,0.0,0.0,99.8
20200413212802,0.0,0.0,0.0,0.0,9.6,0.0,0.0,90.4
20200413212832,0.0,0.0,0.0,0.0,0.1,0.0,0.0,99.9
20200413212902,0.0,0.0,0.0,0.0,0.1,0.0,0.0,99.9
20200413212932,0.0,0.0,0.0,0.0,0.0,0.0,0.0,100.0
20200413213002,0.0,0.0,0.0,0.0,1.3,0.0,0.0,98.7
20200413213032,0.0,0.0,0.0,0.0,0.4,0.0,0.0,99.6
20200413213102,0.0,0.0,0.0,0.0,2.7,0.0,0.0,97.3
20200413213132,0.0,0.0,0.0,0.0,0.1,0.0,0.0,99.9
20200413213202,0.0,0.0,0.0,0.0,0.0,0.0,0.0,100.0
20200413213232,0.0,0.0,0.0,0.0,32.0,0.0,0.0,68.0
20200413213302,0.0,0.0,0.0,0.0,4.0,0.0,0.0,96.0
20200413213332,0.0,0.0,0.0,0.0,0.0,0.0,0.0,100.0
20200413213402,0.0,0.0,0.0,0.0,0.1,0.0,0.0,99.9
20200413213432,0.0,0.0,0.0,0.0,0.0,0.0,0.0,100.0
20200413213502,0.0,0.0,0.0,0.0,0.1,0.0,0.0,99.9
20200413213532,0.0,0.0,0.0,0.0,0.1,0.0,0.0,99.9
20200413213602,0.0,0.0,0.0,0.0,6.1,0.0,0.0,93.9
20200413213632,0.0,0.0,0.0,0.0,94.6,0.0,0.0,5.4
20200413213702,0.0,0.0,0.0,0.0,4.8,0.0,0.0,95.2
20200413213732,0.0,0.0,0.0,0.0,0.3,0.0,0.0,99.7
20200413213802,0.0,0.0,0.0,0.0,0.2,0.0,0.0,99.8
20200413213832,0.0,0.0,0.0,0.0,7.5,0.0,0.0,92.5
20200413213902,0.0,0.0,0.0,0.0,1.0,0.0,0.0,99.0
20200413213933,0.0,0.0,0.0,0.0,0.1,0.0,0.0,99.9
20200413214003,0.0,0.0,0.0,0.0,0.0,0.0,0.0,100.0
20200413214033,0.0,0.0,0.0,0.0,0.1,0.0,0.0,99.9
20200413214103,0.0,0.0,0.0,0.0,0.0,0.0,0.0,100.0
20200413214133,0.0,0.0,0.0,0.0,0.0,0.0,0.0,100.0
20200413214203,0.0,0.0,0.0,0.0,0.0,0.0,0.0,100.0
20200413214233,0.0,0.0,0.0,0.0,0.7,0.0,0.0,99.3
20200413214303,0.0,0.0,0.0,0.0,0.0,0.0,0.0,100.0
20200413214333,0.0,0.0,0.0,0.0,0.1,0.0,0.0,99.9
20200413214403,0.0,0.0,0.0,0.0,0.0,0.0,0.0,100.0
20200413214433,0.0,0.0,0.0,0.0,0.3,0.0,0.0,99.7
20200413214503,0.0,0.0,0.0,0.0,4.9,0.0,0.0,95.1
20200413214533,0.0,0.0,0.0,0.0,53.6,0.0,0.0,46.4
20200413214603,0.0,0.0,0.0,0.0,0.1,0.0,0.0,99.9
20200413214633,0.0,0.0,0.0,0.0,0.9,0.0,0.0,99.1
20200413214703,0.0,0.0,0.0,0.0,0.1,0.0,0.0,99.9
20200413214733,0.0,0.0,0.0,0.0,0.0,0.0,0.0,100.0
20200413214803,0.0,0.0,0.0,0.0,4.8,0.0,0.0,95.2
20200413214833,0.0,0.0,0.0,0.0,5.2,0.0,0.0,94.8
20200413214903,0.0,0.0,0.0,0.0,2.3,0.0,0.0,97.7
20200413214933,0.0,0.0,0.0,0.0,0.6,0.0,0.0,99.4
20200413215003,0.0,0.0,0.0,0.0,61.7,0.0,0.0,38.3
20200413215033,0.0,0.0,0.0,0.0,1.0,0.0,0.0,99.0
20200413215103,0.0,0.0,0.0,0.0,3.2,0.0,0.0,96.8
20200413215133,0.0,0.0,0.0,0.0,23.0,0.0,0.0,77.0
20200413215203,0.0,0.0,0.0,0.0,36.0,0.0,0.0,64.0
20200413215233,0.0,0.0,0.0,0.0,11.0,0.0,0.0,89.0
20200413215303,0.0,0.0,0.0,0.0,4.7,0.0,0.0,95.3
20200413215333,0.0,0.0,0.0,0.0,69.2,0.0,0.0,30.7
20200413215403,0.0,0.0,0.0,0.0,0.7,0.0,0.0,99.3
20200413215433,0.0,0.0,0.0,0.0,0.0,0.0,0.0,100.0
20200413215503,0.0,0.0,0.0,0.0,0.1,0.0,0.0,99.9
20200413215533,0.0,0.0,0.0,0.0,1.1,0.0,0.0,98.9
20200413215603,0.0,0.0,0.0,0.0,0.0,0.0,0.0,100.0
20200413215633,0.0,0.0,0.0,0.0,0.0,0.0,0.0,100.0
20200413215703,0.0,0.0,0.0,0.0,0.2,0.0,0.0,99.8
20200413215733,0.0,0.0,0.0,0.0,0.0,0.0,0.0,100.0
20200413215803,0.0,0.0,0.0,0.0,0.0,0.0,0.0,100.0
20200413215833,0.0,0.0,0.0,0.0,0.2,0.0,0.0,99.8
20200413215903,0.0,0.0,0.0,0.0,0.0,0.0,0.0,100.0
20200413215933,0.0,0.0,0.0,0.0,0.0,0.0,0.0,100.0
20200413220003,0.0,0.0,0.0,0.0,0.0,0.0,0.0,99.9
20200413220033,0.0,0.0,0.0,0.0,0.0,0.0,0.0,100.0
20200413220103,0.0,0.0,0.0,0.0,0.0,0.0,0.0,100.0
20200413220133,0.0,0.0,0.0,0.0,0.0,0.0,0.0,100.0
20200413220203,0.0,0.0,0.0,0.0,0.0,0.0,0.0,100.0
20200413220233,0.0,0.0,0.0,0.0,0.0,0.0,0.0,100.0
20200413220303,0.0,0.0,0.0,0.0,0.0,0.0,0.0,100.0
20200413220333,0.0,0.0,0.0,0.0,0.0,0.0,0.0,100.0
20200413220403,0.0,0.0,0.0,0.0,0.0,0.0,0.0,100.0
20200413220433,0.0,0.0,0.0,0.0,0.0,0.0,0.0,100.0
20200413220503,0.0,0.0,0.0,0.0,0.0,0.0,0.0,100.0
20200413220533,0.0,0.0,0.0,0.0,0.1,0.0,0.0,99.9
20200413220603,0.0,0.0,0.0,0.0,0.0,0.0,0.0,100.0
20200413220633,0.0,0.0,0.0,0.0,0.4,0.0,0.3,99.4
20200413220703,0.0,0.0,0.0,0.0,0.7,0.0,0.2,99.1
20200413220733,0.0,0.0,0.0,0.0,18.4,0.0,0.1,81.5
20200413220803,0.0,0.0,0.0,0.0,1.3,0.0,1.3,97.4
20200413220833,0.0,0.0,0.0,0.0,2.2,0.0,0.4,97.5
20200413220903,0.0,0.0,0.0,0.0,0.3,0.0,0.0,99.7
20200413220933,0.0,0.0,0.0,0.0,34.8,0.0,0.1,65.1
20200413221003,0.0,0.0,0.0,0.0,15.1,0.0,0.4,84.5
20200413221033,0.0,0.0,0.0,0.0,54.7,0.0,0.1,45.2
20200413221103,0.0,0.0,0.0,0.0,0.9,0.0,0.1,99.0
20200413221133,0.0,0.0,0.0,0.0,2.0,0.0,0.0,97.9
20200413221203,0.0,0.0,0.0,0.0,1.1,0.0,0.0,98.9
20200413221233,0.0,0.0,0.0,0.0,46.8,0.0,3.5,49.6
20200413221303,0.0,0.0,0.0,0.0,88.3,0.0,0.3,11.4
20200413221334,0.0,0.0,0.0,0.0,49.5,0.0,0.5,50.0
20200413221404,0.0,0.0,0.0,0.0,5.2,0.0,0.2,94.6
20200413221434,0.0,0.0,0.0,0.0,13.6,0.0,0.6,85.8
20200413221504,0.0,0.0,0.0,0.0,6.1,0.0,0.2,93.6
20200413221534,0.0,0.0,0.0,0.0,3.3,0.0,0.0,96.7
20200413221604,0.0,0.0,0.0,0.0,0.1,0.0,0.0,99.9
20200413221634,0.0,0.0,0.0,0.0,1.7,0.0,0.0,98.3
20200413221704,0.0,0.0,0.0,0.0,4.8,0.0,0.0,95.2
20200413221734,0.0,0.0,0.0,0.0,0.6,0.0,0.0,99.4
20200413221804,0.0,0.0,0.0,0.0,6.2,0.0,0.0,93.8
20200413221834,0.0,0.0,0.0,0.0,8.7,0.0,0.0,91.3
20200413221904,0.0,0.0,0.0,0.0,2.9,0.0,0.0,97.1
20200413221934,0.0,0.0,0.0,0.0,9.7,0.0,0.0,90.3
20200413222004,0.0,0.0,0.0,0.0,26.8,0.0,0.0,73.2
20200413222034,0.0,0.0,0.0,0.0,1.8,0.0,0.0,98.2
20200413222104,0.0,0.0,0.0,0.0,1.3,0.0,0.0,98.7
20200413222134,0.0,0.0,0.0,0.0,7.5,0.0,0.0,92.5
20200413222204,0.0,0.0,0.0,0.0,0.3,0.0,0.0,99.7
20200413222234,0.0,0.0,0.0,0.0,0.5,0.0,0.0,99.5
20200413222304,0.0,0.0,0.0,0.0,0.3,0.0,0.0,99.7
20200413222334,0.0,0.0,0.0,0.0,0.1,0.0,0.1,99.8
20200413222404,0.0,0.0,0.0,0.0,9.0,0.0,0.1,90.9
20200413222434,0.0,0.0,0.0,0.0,2.5,0.0,0.1,97.4
20200413222504,0.0,0.0,0.0,0.0,0.0,0.0,0.0,100.0
20200413222534,0.0,0.0,0.0,0.0,0.0,0.0,0.0,100.0
20200413222604,0.0,0.0,0.0,0.0,0.0,0.0,0.0,100.0
20200413222634,0.0,0.0,0.0,0.0,0.1,0.0,0.0,99.9
20200413222704,0.0,0.0,0.0,0.0,0.1,0.0,0.0,99.9
20200413222734,0.0,0.0,0.0,0.0,0.1,0.0,0.0,99.9
20200413222804,0.0,0.0,0.0,0.0,0.0,0.0,0.0,100.0
20200413222834,0.0,0.0,0.0,0.0,0.0,0.0,0.0,100.0
20200413222904,0.0,0.0,0.0,0.0,0.0,0.0,0.0,100.0
20200413222934,0.0,0.0,0.0,0.0,0.0,0.0,0.0,100.0
20200413223004,0.0,0.0,0.0,0.0,0.0,0.0,0.0,100.0
20200413223034,0.0,0.0,0.0,0.0,0.0,0.0,0.0,100.0
20200413223104,0.0,0.0,0.0,0.0,0.0,0.0,0.0,100.0
20200413223134,0.0,0.0,0.0,0.0,0.0,0.0,0.0,100.0
20200413223204,0.0,0.0,0.0,0.0,0.0,0.0,0.0,100.0
20200413223234,0.0,0.0,0.0,0.0,0.0,0.0,0.0,100.0
20200413223304,0.0,0.0,0.0,0.0,0.0,0.0,0.0,100.0
20200413223334,0.0,0.0,0.0,0.0,0.0,0.0,0.0,100.0
20200413223404,0.0,0.0,0.0,0.0,0.0,0.0,0.0,100.0
20200413223434,0.0,0.0,0.0,0.0,0.0,0.0,0.0,100.0
20200413223504,0.0,0.0,0.0,0.0,0.1,0.0,0.0,99.9
20200413223534,0.0,0.0,0.0,0.0,0.4,0.0,0.0,99.6
20200413223604,0.0,0.0,0.0,0.0,0.1,0.0,0.0,99.9
20200413223634,0.0,0.0,0.0,0.0,0.3,0.0,0.0,99.7
20200413223704,0.0,0.0,0.0,0.0,2.6,0.0,0.0,97.4
20200413223734,0.0,0.0,0.0,0.0,0.4,0.0,0.0,99.6
20200413223804,0.0,0.0,0.0,0.0,1.4,0.0,0.0,98.6
20200413223834,0.0,0.0,0.0,0.0,13.7,0.0,0.4,85.9
20200413223904,0.0,0.0,0.0,0.0,15.7,0.0,0.4,83.8
20200413223934,0.0,0.0,0.0,0.0,0.4,0.0,0.1,99.5
20200413224004,0.0,0.0,0.0,0.0,0.3,0.0,0.0,99.7
20200413224034,0.0,0.0,0.0,0.0,30.0,0.0,0.1,69.9
20200413224104,0.0,0.0,0.0,0.0,34.3,0.0,0.4,65.3
20200413224134,0.0,0.0,0.0,0.0,0.8,0.0,0.1,99.1
20200413224204,0.0,0.0,0.0,0.0,6.6,0.0,0.0,93.4
20200413224234,0.0,0.0,0.0,0.0,6.9,0.0,0.0,93.1
20200413224304,0.0,0.0,0.0,0.0,2.3,0.0,0.0,97.7
20200413224334,0.0,0.0,0.0,0.0,4.2,0.0,0.0,95.8
20200413224404,0.0,0.0,0.0,0.0,2.4,0.0,0.0,97.6
20200413224434,0.0,0.0,0.0,0.0,23.0,0.0,0.1,76.9
20200413224504,0.0,0.0,0.0,0.0,0.4,0.0,0.0,99.6
20200413224534,0.0,0.0,0.0,0.0,10.6,0.0,0.0,89.3
20200413224604,0.0,0.0,0.0,0.0,41.9,0.0,0.0,58.1
20200413224634,0.0,0.0,0.0,0.0,14.7,0.0,0.1,85.2
20200413224704,0.0,0.0,0.0,0.0,1.3,0.0,0.0,98.7
20200413224734,0.0,0.0,0.0,0.0,14.9,0.0,0.0,85.1
20200413224805,0.0,0.0,0.0,0.0,0.0,0.0,0.0,100.0
20200413224835,0.0,0.0,0.0,0.0,0.0,0.0,0.0,100.0
20200413224905,0.0,0.0,0.0,0.0,0.3,0.0,0.0,99.7
20200413224935,0.0,0.0,0.0,0.0,0.4,0.0,0.0,99.6
20200413225005,0.0,0.0,0.0,0.0,0.0,0.0,0.0,100.0
20200413225035,0.0,0.0,0.0,0.0,0.0,0.0,0.0,100.0
20200413225105,0.0,0.0,0.0,0.0,0.2,0.0,0.0,99.8
20200413225135,0.0,0.0,0.0,0.0,1.8,0.0,0.0,98.2
20200413225205,0.0,0.0,0.0,0.0,0.3,0.0,0.0,99.7
20200413225235,0.0,0.0,0.0,0.0,20.1,0.0,0.0,79.9
20200413225305,0.0,0.0,0.0,0.0,1.0,0.0,0.0,99.0
20200413225335,0.0,0.0,0.0,0.0,0.7,0.0,0.0,99.3
20200413225405,0.0,0.0,0.0,0.0,4.0,0.0,0.0,96.0
20200413225435,0.0,0.0,0.0,0.0,2.1,0.0,0.0,97.9
20200413225505,0.0,0.0,0.0,0.0,5.0,0.0,0.0,95.0
20200413225535,0.0,0.0,0.0,0.0,60.3,0.0,0.0,39.7
20200413225605,0.0,0.0,0.0,0.0,79.3,0.0,0.0,20.7
20200413225635,0.0,0.0,0.0,0.0,25.7,0.0,0.0,74.3
20200413225705,0.0,0.0,0.0,0.0,83.0,0.0,0.0,17.0
20200413225735,0.0,0.0,0.0,0.0,16.0,0.0,0.0,84.0
20200413225805,0.0,0.0,0.0,0.0,10.9,0.0,0.0,89.1
20200413225835,0.0,0.0,0.0,0.0,1.7,0.0,0.0,98.3
20200413225905,0.0,0.0,0.0,0.0,0.7,0.0,0.0,99.3
20200413225935,0.0,0.0,0.0,0.0,1.1,0.0,0.0,98.9
20200413230005,0.0,0.0,0.0,0.0,0.0,0.0,0.0,100.0
20200413230035,0.0,0.0,0.0,0.0,0.2,0.0,0.0,99.8
20200413230105,0.0,0.0,0.0,0.0,1.8,0.0,0.0,98.2
20200413230135,0.0,0.0,0.0,0.0,0.7,0.0,0.0,99.3
20200413230205,0.0,0.0,0.0,0.0,0.2,0.0,0.0,99.8
20200413230235,0.0,0.0,0.0,0.0,0.1,0.0,0.0,99.9
20200413230305,0.0,0.0,0.0,0.0,0.1,0.0,0.0,99.9
20200413230335,0.0,0.0,0.0,0.0,0.0,0.0,0.0,100.0
20200413230405,0.0,0.0,0.0,0.0,0.0,0.0,0.0,100.0
20200413230435,0.0,0.0,0.0,0.0,0.2,0.0,0.0,99.8
20200413230505,0.0,0.0,0.0,0.0,0.1,0.0,0.0,99.9
20200413230535,0.0,0.0,0.0,0.0,0.3,0.0,0.0,99.7
20200413230605,0.0,0.0,0.0,0.0,0.2,0.0,0.0,99.8
20200413230635,0.0,0.0,0.0,0.0,0.1,0.0,0.0,99.9
20200413230705,0.0,0.0,0.0,0.0,0.2,0.0,0.0,99.8
20200413230735,0.0,0.0,0.0,0.0,0.0,0.0,0.0,100.0
20200413230805,0.0,0.0,0.0,0.0,0.6,0.0,0.0,99.4
20200413230835,0.0,0.0,0.0,0.0,0.5,0.0,0.0,99.5
20200413230905,0.0,0.0,0.0,0.0,1.7,0.0,0.0,98.3
20200413230935,0.0,0.0,0.0,0.0,33.5,0.0,0.0,66.5
20200413231005,0.0,0.0,0.0,0.0,2.3,0.0,0.0,97.7
20200413231035,0.0,0.0,0.0,0.0,0.8,0.0,0.0,99.2
20200413231105,0.0,0.0,0.0,0.0,0.1,0.0,0.0,99.9
20200413231135,0.0,0.0,0.0,0.0,2.0,0.0,0.0,98.0
20200413231205,0.0,0.0,0.0,0.0,2.2,0.0,0.0,97.8
20200413231235,0.0,0.0,0.0,0.0,0.5,0.0,0.0,99.5
20200413231305,0.0,0.0,0.0,0.0,0.3,0.0,0.0,99.7
20200413231335,0.0,0.0,0.0,0.0,0.6,0.0,0.0,99.4
20200413231405,0.0,0.0,0.0,0.0,6.4,0.0,0.0,93.6
20200413231435,0.0,0.0,0.0,0.0,0.9,0.0,0.0,99.1
20200413231506,0.0,0.0,0.0,0.0,1.4,0.0,0.0,98.6
20200413231536,0.0,0.0,0.0,0.0,7.6,0.0,0.0,92.4
20200413231606,0.0,0.0,0.0,0.0,23.5,0.0,0.0,76.5
20200413231636,0.0,0.0,0.0,0.0,24.2,0.0,0.0,75.8
20200413231706,0.0,0.0,0.0,0.0,2.3,0.0,0.0,97.7
20200413231736,0.0,0.0,0.0,0.0,19.7,0.0,0.0,80.3
20200413231806,0.0,0.0,0.0,0.0,93.7,0.0,0.0,6.3
20200413231836,0.0,0.0,0.0,0.0,72.6,0.0,0.0,27.4
20200413231906,0.0,0.0,0.0,0.0,89.7,0.0,0.0,10.3
20200413231936,0.0,0.0,0.0,0.0,59.9,0.0,0.0,40.1
20200413232006,0.0,0.0,0.0,0.0,39.4,0.0,0.0,60.6
20200413232036,0.0,0.0,0.0,0.0,95.9,0.0,0.0,4.1
20200413232106,0.0,0.0,0.0,0.0,99.6,0.0,0.0,0.4
20200413232136,0.0,0.0,0.0,0.0,95.2,0.0,0.0,4.8
20200413232206,0.0,0.0,0.0,0.0,96.8,0.0,0.0,3.2
20200413232236,0.0,0.0,0.0,0.0,85.0,0.0,0.0,15.0
20200413232306,0.0,0.0,0.0,0.0,74.2,0.0,0.0,25.8
20200413232336,0.0,0.0,0.0,0.0,98.7,0.0,0.0,1.3
20200413232406,0.0,0.0,0.0,0.0,99.5,0.0,0.0,0.5
20200413232436,0.0,0.0,0.0,0.0,99.9,0.0,0.0,0.1
20200413232506,0.0,0.0,0.0,0.0,99.6,0.0,0.0,0.4
20200413232536,0.0,0.0,0.0,0.0,99.4,0.0,0.0,0.6
20200413232606,0.0,0.0,0.0,0.0,88.9,0.0,0.0,11.1
20200413232636,0.0,0.0,0.0,0.0,25.9,0.0,0.0,74.1
20200413232706,0.0,0.0,0.0,0.0,49.6,0.0,0.0,50.4
20200413232736,0.0,0.0,0.0,0.0,99.9,0.0,0.0,0.1
20200413232806,0.0,0.0,0.0,0.0,99.6,0.0,0.0,0.4
20200413232836,0.0,0.0,0.0,0.0,99.7,0.0,0.0,0.3
20200413232906,0.0,0.0,0.0,0.0,98.5,0.0,0.0,1.5
20200413232936,0.0,0.0,0.0,0.0,80.4,0.0,0.0,19.6
20200413233006,0.0,0.0,0.0,0.0,99.9,0.0,0.0,0.1
20200413233036,0.0,0.0,0.0,0.0,96.8,0.0,0.0,3.2
20200413233106,0.0,0.0,0.0,0.0,77.9,0.0,0.0,22.1
20200413233136,0.0,0.0,0.0,0.0,74.2,0.0,0.0,25.8
20200413233206,0.0,0.0,0.0,0.0,77.3,0.0,0.0,22.7
20200413233236,0.0,0.0,0.0,0.0,99.9,0.0,0.0,0.1
20200413233306,0.0,0.0,0.0,0.0,96.1,0.0,0.0,3.9
20200413233336,0.0,0.0,0.0,0.0,78.3,0.0,0.0,21.7
20200413233406,0.0,0.0,0.0,0.0,99.9,0.0,0.0,0.1
20200413233436,0.0,0.0,0.0,0.0,87.9,0.0,0.0,12.1
20200413233506,0.0,0.0,0.0,0.0,93.2,0.0,0.0,6.8
20200413233536,0.0,0.0,0.0,0.0,73.8,0.0,0.0,26.2
20200413233606,0.0,0.0,0.0,0.0,86.9,0.0,0.0,13.1
20200413233636,0.0,0.0,0.0,0.0,96.0,0.0,0.0,4.0
20200413233706,0.0,0.0,0.0,0.0,98.9,0.0,0.0,1.1
20200413233736,0.0,0.0,0.0,0.0,98.9,0.0,0.0,1.1
20200413233806,0.0,0.0,0.0,0.0,100.0,0.0,0.0,0.0
20200413233836,0.0,0.0,0.0,0.0,97.3,0.0,0.0,2.7
20200413233906,0.0,0.0,0.0,0.0,98.7,0.0,0.0,1.3
20200413233936,0.0,0.0,0.0,0.0,93.9,0.0,0.0,6.1
20200413234006,0.0,0.0,0.0,0.0,95.5,0.0,0.0,4.5
20200413234036,0.0,0.0,0.0,0.0,95.0,0.0,0.0,5.0
20200413234106,0.0,0.0,0.0,0.0,5.7,0.0,0.0,94.3
20200413234136,0.0,0.0,0.0,0.0,1.2,0.0,0.0,98.8
20200413234206,0.0,0.0,0.0,0.0,20.4,0.0,0.0,79.6
20200413234236,0.0,0.0,0.0,0.0,40.2,0.0,0.0,59.8
20200413234306,0.0,0.0,0.0,0.0,0.3,0.0,0.0,99.7
20200413234336,0.0,0.0,0.0,0.0,3.0,0.0,0.0,97.0
20200413234406,0.0,0.0,0.0,0.0,4.4,0.0,0.0,95.6
20200413234436,0.0,0.0,0.0,0.0,21.8,0.0,0.0,78.2
20200413234506,0.0,0.0,0.0,0.0,6.7,0.0,0.0,93.3
20200413234536,0.0,0.0,0.0,0.0,54.0,0.0,0.0,46.0
20200413234606,0.0,0.0,0.0,0.0,18.8,0.0,0.0,81.2
20200413234636,0.0,0.0,0.0,0.0,1.8,0.0,0.0,98.2
20200413234706,0.0,0.0,0.0,0.0,0.6,0.0,0.0,99.4
20200413234736,0.0,0.0,0.0,0.0,32.4,0.0,0.0,67.6
20200413234806,0.0,0.0,0.0,0.0,8.9,0.0,0.0,91.1
20200413234836,0.0,0.0,0.0,0.0,11.7,0.0,0.0,88.3
20200413234906,0.0,0.0,0.0,0.0,1.9,0.0,0.0,98.1
20200413234937,0.0,0.0,0.0,0.0,0.0,0.0,0.0,100.0
20200413235007,0.0,0.0,0.0,0.0,0.0,0.0,0.0,100.0
20200413235037,0.0,0.0,0.0,0.0,4.4,0.0,0.0,95.6
20200413235107,0.0,0.0,0.0,0.0,2.6,0.0,0.0,97.4
20200413235137,0.0,0.0,0.0,0.0,5.4,0.0,0.0,94.6
20200413235207,0.0,0.0,0.0,0.0,0.6,0.0,0.0,99.4
20200413235237,0.0,0.0,0.0,0.0,0.0,0.0,0.0,100.0
20200413235307,0.0,0.0,0.0,0.0,0.0,0.0,0.0,100.0
20200413235337,0.0,0.0,0.0,0.0,0.0,0.0,0.0,100.0
20200413235407,0.0,0.0,0.0,0.0,0.0,0.0,0.0,100.0
20200413235437,0.0,0.0,0.0,0.0,0.0,0.0,0.0,100.0
20200413235507,0.0,0.0,0.0,0.0,0.0,0.0,0.0,100.0
20200413235537,0.0,0.0,0.0,0.0,0.0,0.0,0.0,100.0
20200413235607,0.0,0.0,0.0,0.0,0.0,0.0,0.0,100.0
20200413235637,0.0,0.0,0.0,0.0,0.0,0.0,0.0,100.0
20200413235707,0.0,0.0,0.0,0.0,0.0,0.0,0.0,100.0
20200413235737,0.0,0.0,0.0,0.0,0.0,0.0,0.0,100.0
20200413235807,0.0,0.0,0.0,0.0,0.0,0.0,0.0,100.0
20200413235837,0.0,0.0,0.0,0.0,0.0,0.0,0.0,100.0
20200413235907,0.0,0.0,0.0,0.0,0.0,0.0,0.0,100.0
20200413235937,0.0,0.0,0.0,0.0,0.0,0.0,0.0,100.0
20200414000007,0.0,0.0,0.0,0.0,0.0,0.0,0.0,100.0
20200414000037,0.0,0.0,0.0,0.0,0.0,0.0,0.0,100.0
20200414000107,0.0,0.0,0.0,0.0,0.0,0.0,0.0,100.0
20200414000137,0.0,0.0,0.0,0.0,0.0,0.0,0.0,100.0
20200414000207,0.0,0.0,0.0,0.0,0.0,0.0,0.0,100.0
20200414000237,0.0,0.0,0.0,0.0,0.0,0.0,0.0,100.0
20200414000307,0.0,0.0,0.0,0.0,55.8,0.0,0.0,44.2
20200414000337,0.0,0.0,0.0,0.0,0.0,0.0,0.0,100.0
20200414000407,0.0,0.0,0.0,0.0,0.0,0.0,0.0,100.0
20200414000437,0.0,0.0,0.0,0.0,0.4,0.0,0.0,99.6
20200414000637,0.0,0.0,0.0,0.0,58.6,0.0,0.0,41.4
20200414000707,0.0,0.0,0.0,0.0,2.4,0.0,0.0,97.6
20200414000737,0.0,0.0,0.0,0.0,0.3,0.0,0.0,99.7
20200414000807,0.0,0.0,0.0,0.0,0.2,0.0,0.0,99.8
20200414000837,0.0,0.0,0.0,0.0,0.0,0.0,0.0,100.0
20200414000907,0.0,0.0,0.0,0.0,0.6,0.0,0.0,99.4
20200414000937,0.0,0.0,0.0,0.0,0.1,0.0,0.0,99.9
20200414001007,0.0,0.0,0.0,0.0,0.3,0.0,0.0,99.7
20200414001037,0.0,0.0,0.0,0.0,4.0,0.0,0.0,96.0
20200414001107,0.0,0.0,0.0,0.0,2.7,0.0,0.0,97.3
20200414001137,0.0,0.0,0.0,0.0,12.9,0.0,0.0,87.1
20200414001207,0.0,0.0,0.0,0.0,0.1,0.0,0.0,99.9
20200414001237,0.0,0.0,0.0,0.0,0.0,0.0,0.0,100.0
20200414001307,0.0,0.0,0.0,0.0,0.0,0.0,0.0,100.0
20200414001337,0.0,0.0,0.0,0.0,0.3,0.0,0.0,99.7
20200414001407,0.0,0.0,0.0,0.0,0.0,0.0,0.0,100.0
20200414001437,0.0,0.0,0.0,0.0,0.0,0.0,0.0,100.0
20200414001507,0.0,0.0,0.0,0.0,0.0,0.0,0.0,100.0
20200414001537,0.0,0.0,0.0,0.0,0.0,0.0,0.0,100.0
20200414001607,0.0,0.0,0.0,0.0,0.1,0.0,0.0,99.9
20200414001637,0.0,0.0,0.0,0.0,0.3,0.0,0.0,99.7
20200414001707,0.0,0.0,0.0,0.0,0.5,0.0,0.0,99.5
20200414001737,0.0,0.0,0.0,0.0,2.0,0.0,0.0,98.0
20200414001807,0.0,0.0,0.0,0.0,4.9,0.0,0.0,95.1
20200414001837,0.0,0.0,0.0,0.0,2.7,0.0,0.0,97.3
20200414001907,0.0,0.0,0.0,0.0,0.2,0.0,0.0,99.8
20200414001937,0.0,0.0,0.0,0.0,5.1,0.0,0.0,94.9
20200414002007,0.0,0.0,0.0,0.0,0.1,0.0,0.0,99.9
20200414002037,0.0,0.0,0.0,0.0,0.1,0.0,0.0,99.9
20200414002107,0.0,0.0,0.0,0.0,0.1,0.0,0.0,99.9
20200414002137,0.0,0.0,0.0,0.0,0.1,0.0,0.0,99.9
20200414002207,0.0,0.0,0.0,0.0,0.0,0.0,0.0,100.0
20200414002237,0.0,0.0,0.0,0.0,0.6,0.0,0.0,99.4
20200414002307,0.0,0.0,0.0,0.0,0.1,0.0,0.0,99.9
20200414002338,0.0,0.0,0.0,0.0,1.7,0.0,0.0,98.3
20200414002408,0.0,0.0,0.0,0.0,0.2,0.0,0.0,99.8
20200414002438,0.0,0.0,0.0,0.0,0.1,0.0,0.0,99.9
20200414002508,0.0,0.0,0.0,0.0,0.1,0.0,0.0,99.9
20200414002538,0.0,0.0,0.0,0.0,0.1,0.0,0.0,99.9
20200414002608,0.0,0.0,0.0,0.0,0.1,0.0,0.0,99.9
20200414002638,0.0,0.0,0.0,0.0,0.0,0.0,0.0,100.0
20200414002708,0.0,0.0,0.0,0.0,0.0,0.0,0.0,100.0
20200414002738,0.0,0.0,0.0,0.0,0.1,0.0,0.0,99.9
20200414002808,0.0,0.0,0.0,0.0,0.0,0.0,0.0,100.0
20200414002838,0.0,0.0,0.0,0.0,0.2,0.0,0.0,99.8
20200414002908,0.0,0.0,0.0,0.0,0.5,0.0,0.0,99.5
20200414002938,0.0,0.0,0.0,0.0,0.3,0.0,0.0,99.7
20200414003008,0.0,0.0,0.0,0.0,0.8,0.0,0.0,99.2
20200414003038,0.0,0.0,0.0,0.0,1.4,0.0,0.0,98.6
20200414003108,0.0,0.0,0.0,0.0,3.8,0.0,0.0,96.2
20200414003138,0.0,0.0,0.0,0.0,41.3,0.0,0.0,58.7
20200414003208,0.0,0.0,0.0,0.0,25.0,0.0,0.0,75.0
20200414003238,0.0,0.0,0.0,0.0,7.1,0.0,0.0,92.9
20200414003308,0.0,0.0,0.0,0.0,1.1,0.0,0.0,98.9
20200414003338,0.0,0.0,0.0,0.0,7.2,0.0,0.0,92.8
20200414003408,0.0,0.0,0.0,0.0,7.4,0.0,0.0,92.6
20200414003438,0.0,0.0,0.0,0.0,0.1,0.0,0.0,99.9
20200414003508,0.0,0.0,0.0,0.0,0.4,0.0,0.0,99.6
20200414003538,0.0,0.0,0.0,0.0,5.4,0.0,0.0,94.6
20200414003608,0.0,0.0,0.0,0.0,2.3,0.0,0.0,97.7
20200414003638,0.0,0.0,0.0,0.0,33.4,0.0,0.0,66.6
20200414003708,0.0,0.0,0.0,0.0,22.6,0.0,0.0,77.4
20200414003738,0.0,0.0,0.0,0.0,5.9,0.0,0.0,94.1
20200414003808,0.0,0.0,0.0,0.0,54.3,0.0,0.0,45.7
20200414003838,0.0,0.0,0.0,0.0,8.9,0.0,0.0,91.1
20200414003908,0.0,0.0,0.0,0.0,59.2,0.0,0.0,40.8
20200414003938,0.0,0.0,0.0,0.0,94.3,0.0,0.0,5.7
20200414004008,0.0,0.0,0.0,0.0,42.4,0.0,0.0,57.6
20200414004038,0.0,0.0,0.0,0.0,73.1,0.0,0.0,26.9
20200414004108,0.0,0.0,0.0,0.0,21.6,0.0,0.0,78.4
20200414004138,0.0,0.0,0.0,0.0,79.9,0.0,0.0,20.1
20200414004208,0.0,0.0,0.0,0.0,6.9,0.0,0.0,93.1
20200414004238,0.0,0.0,0.0,0.0,31.4,0.0,0.0,68.6
20200414004308,0.0,0.0,0.0,0.0,84.8,0.0,0.0,15.2
20200414004338,0.0,0.0,0.0,0.0,60.8,0.0,0.0,39.2
20200414004408,0.0,0.0,0.0,0.0,15.0,0.0,0.0,85.0
20200414004438,0.0,0.0,0.0,0.0,23.6,0.0,0.0,76.4
20200414004508,0.0,0.0,0.0,0.0,48.6,0.0,0.0,51.4
20200414004538,0.0,0.0,0.0,0.0,74.3,0.0,0.0,25.7
20200414004608,0.0,0.0,0.0,0.0,69.9,0.0,0.0,30.1
20200414004638,0.0,0.0,0.0,0.0,54.4,0.0,0.0,45.6
20200414004708,0.0,0.0,0.0,0.0,33.4,0.0,0.0,66.6
20200414004738,0.0,0.0,0.0,0.0,22.8,0.0,0.0,77.2
20200414004808,0.0,0.0,0.0,0.0,56.6,0.0,0.0,43.4
20200414004838,0.0,0.0,0.0,0.0,18.8,0.0,0.0,81.2
20200414004908,0.0,0.0,0.0,0.0,23.4,0.0,0.0,76.6
20200414004938,0.0,0.0,0.0,0.0,3.0,0.0,0.0,97.0
20200414005008,0.0,0.0,0.0,0.0,65.2,0.0,0.0,34.8
20200414005038,0.0,0.0,0.0,0.0,60.5,0.0,0.0,39.5
20200414005108,0.0,0.0,0.0,0.0,93.3,0.0,0.0,6.7
20200414005139,0.0,0.0,0.0,0.0,96.9,0.0,0.0,3.1
20200414005209,0.0,0.0,0.0,0.0,61.9,0.0,0.0,38.1
20200414005239,0.0,0.0,0.0,0.0,62.4,0.0,0.0,37.6
20200414005309,0.0,0.0,0.0,0.0,84.2,0.0,0.0,15.8
20200414005339,0.0,0.0,0.0,0.0,17.8,0.0,0.0,82.2
20200414005409,0.0,0.0,0.0,0.0,4.9,0.0,0.0,95.1
20200414005439,0.0,0.0,0.0,0.0,3.5,0.0,0.0,96.5
20200414005509,0.0,0.0,0.0,0.0,63.6,0.0,0.0,36.4
20200414005539,0.0,0.0,0.0,0.0,36.3,0.0,0.0,63.7
20200414005609,0.0,0.0,0.0,0.0,0.6,0.0,0.0,99.4
20200414005639,0.0,0.0,0.0,0.0,0.1,0.0,0.0,99.9
20200414005709,0.0,0.0,0.0,0.0,1.3,0.0,0.0,98.7
20200414005739,0.0,0.0,0.0,0.0,0.9,0.0,0.0,99.1
20200414005809,0.0,0.0,0.0,0.0,1.0,0.0,0.0,99.0
20200414005839,0.0,0.0,0.0,0.0,4.8,0.0,0.0,95.2
20200414005909,0.0,0.0,0.0,0.0,0.5,0.0,0.0,99.5
20200414005939,0.0,0.0,0.0,0.0,0.1,0.0,0.0,99.9
20200414010009,0.0,0.0,0.0,0.0,0.4,0.0,0.0,99.6
20200414010039,0.0,0.0,0.0,0.0,1.6,0.0,0.0,98.4
20200414010109,0.0,0.0,0.0,0.0,0.3,0.0,0.0,99.7
20200414010139,0.0,0.0,0.0,0.0,0.1,0.0,0.0,99.9
20200414010209,0.0,0.0,0.0,0.0,0.8,0.0,0.0,99.2
20200414010239,0.0,0.0,0.0,0.0,0.1,0.0,0.0,99.9
20200414010309,0.0,0.0,0.0,0.0,0.0,0.0,0.0,100.0
20200414010339,0.0,0.0,0.0,0.0,0.0,0.0,0.0,100.0
20200414010409,0.0,0.0,0.0,0.0,0.0,0.0,0.0,100.0
20200414010439,0.0,0.0,0.0,0.0,0.0,0.0,0.0,100.0
