UT,arc,discrete,diffuse,ac,ab,clear,cloudy,dd
20200308165900,0.0,0.0,0.0,0.0,0.0,0.0,0.0,100.0
20200308165930,0.0,0.0,0.0,0.0,0.0,0.0,0.0,100.0
20200308170000,0.0,0.0,0.0,0.0,0.0,0.0,0.0,100.0
20200308170030,0.0,0.0,0.0,0.0,0.0,0.0,0.0,100.0
20200308170100,0.0,0.0,0.0,0.0,0.0,0.0,0.0,100.0
20200308170130,0.0,0.0,0.0,0.0,0.0,0.0,0.0,100.0
20200308170200,0.0,0.0,0.0,0.0,0.0,0.0,0.0,100.0
20200308170230,0.0,0.0,0.0,0.0,0.0,0.0,0.0,100.0
20200308170300,0.0,0.0,0.0,0.0,0.0,0.0,0.0,100.0
20200308170330,0.0,0.0,0.0,0.0,0.0,0.0,0.0,100.0
20200308170400,0.0,0.0,0.0,0.0,0.0,0.0,0.0,100.0
20200308170430,0.0,0.0,0.0,0.0,0.0,0.0,0.0,100.0
20200308170500,0.0,0.0,0.0,0.0,0.0,0.0,0.0,100.0
20200308170530,0.0,0.0,0.0,0.0,0.0,0.0,0.0,100.0
20200308170600,0.0,0.0,0.0,0.0,0.0,0.0,0.0,100.0
20200308170630,0.0,0.0,0.0,0.0,0.0,0.0,0.0,100.0
20200308170700,0.0,0.0,0.0,0.0,0.0,0.0,0.0,100.0
20200308170731,0.0,0.0,0.0,0.0,0.0,0.0,0.0,100.0
20200308170801,0.0,0.0,0.0,0.0,0.0,0.0,0.0,100.0
20200308170831,0.0,0.0,0.0,0.0,0.0,0.0,0.0,100.0
20200308170901,0.0,0.0,0.0,0.0,0.0,0.0,0.0,100.0
20200308170931,0.0,0.0,0.0,0.0,0.0,0.0,0.0,100.0
20200308171001,0.0,0.0,0.0,0.0,0.0,0.0,0.0,100.0
20200308171031,0.0,0.0,0.0,0.0,0.0,0.0,0.0,100.0
20200308171101,0.0,0.0,0.0,0.0,0.0,0.0,0.0,100.0
20200308171131,0.0,0.0,0.0,0.0,0.0,0.0,0.0,100.0
20200308171201,0.0,0.0,0.0,0.0,0.0,0.0,0.0,100.0
20200308171231,0.0,0.0,0.0,0.0,0.0,0.0,0.0,100.0
20200308171301,0.0,0.0,0.0,0.0,0.0,0.0,0.0,100.0
20200308171331,0.0,0.0,0.0,0.0,0.0,0.0,0.0,100.0
20200308171401,0.0,0.0,0.0,0.0,0.0,0.0,0.0,100.0
20200308171431,0.0,0.0,0.0,0.0,0.0,0.0,0.0,100.0
20200308171501,0.0,0.0,0.0,0.0,0.0,0.0,0.0,100.0
20200308171531,0.0,0.0,0.0,0.0,0.0,0.0,0.0,100.0
20200308171601,0.0,0.0,0.0,0.0,0.0,0.0,0.0,100.0
20200308171631,0.0,0.0,0.0,0.0,0.0,0.0,0.0,100.0
20200308171701,0.0,0.0,0.0,0.0,0.0,0.0,0.0,100.0
20200308171731,0.0,0.0,0.0,0.0,0.0,0.0,0.0,100.0
20200308171801,0.0,0.0,0.0,0.0,0.0,0.0,0.0,100.0
20200308171831,0.0,0.0,0.0,0.0,0.0,0.0,0.0,100.0
20200308171901,0.0,0.0,0.0,0.0,0.0,0.0,0.0,100.0
20200308171931,0.0,0.0,0.0,0.0,0.1,0.0,0.0,99.9
20200308172001,0.0,0.0,0.0,0.0,0.1,0.0,0.0,99.9
20200308172031,0.0,0.0,0.0,0.0,0.1,0.0,0.0,99.9
20200308172101,0.0,0.0,0.0,0.0,0.1,0.0,0.0,99.9
20200308172131,0.0,0.0,0.0,0.0,0.1,0.0,0.0,99.9
20200308172201,0.0,0.0,0.0,0.0,0.3,0.0,0.0,99.7
20200308172231,0.0,0.0,0.0,0.0,0.1,0.0,0.0,99.9
20200308172301,0.0,0.0,0.0,0.0,0.1,0.0,0.0,99.9
20200308172331,0.0,0.0,0.0,0.0,0.2,0.0,0.0,99.8
20200308172401,0.0,0.0,0.0,0.0,1.0,0.0,0.0,99.0
20200308172431,0.0,0.0,0.0,0.0,0.6,0.0,0.0,99.4
20200308172501,0.0,0.0,0.0,0.0,0.7,0.0,0.0,99.3
20200308172531,0.0,0.0,0.0,0.0,0.2,0.0,0.0,99.8
20200308172601,0.0,0.0,0.0,0.0,0.1,0.0,0.0,99.9
20200308172631,0.0,0.0,0.0,0.0,0.2,0.0,0.0,99.8
20200308172701,0.0,0.0,0.0,0.0,0.2,0.0,0.0,99.8
20200308172731,0.0,0.0,0.0,0.0,0.2,0.0,0.0,99.8
20200308172801,0.0,0.0,0.0,0.0,0.1,0.0,0.0,99.9
20200308172831,0.0,0.0,0.0,0.0,0.1,0.0,0.0,99.9
20200308172901,0.0,0.0,0.0,0.0,0.0,0.0,0.0,100.0
20200308172931,0.0,0.0,0.0,0.0,0.0,0.0,0.0,100.0
20200308173001,0.0,0.0,0.0,0.0,0.0,0.0,0.0,100.0
20200308173031,0.0,0.0,0.0,0.0,0.0,0.0,0.0,100.0
20200308173101,0.0,0.0,0.0,0.0,0.0,0.0,0.0,100.0
20200308173131,0.0,0.0,0.0,0.0,0.0,0.0,0.0,100.0
20200308173201,0.0,0.0,0.0,0.0,0.0,0.0,0.0,100.0
20200308173231,0.0,0.0,0.0,0.0,0.0,0.0,0.0,100.0
20200308173301,0.0,0.0,0.0,0.0,0.0,0.0,0.0,100.0
20200308173331,0.0,0.0,0.0,0.0,0.0,0.0,0.0,100.0
20200308173401,0.0,0.0,0.0,0.0,0.0,0.0,0.0,100.0
20200308173431,0.0,0.0,0.0,0.0,0.0,0.0,0.0,100.0
20200308173501,0.0,0.0,0.0,0.0,0.0,0.0,0.0,100.0
20200308173531,0.0,0.0,0.0,0.0,0.0,0.0,0.0,100.0
20200308173601,0.0,0.0,0.0,0.0,0.0,0.0,0.0,100.0
20200308173631,0.0,0.0,0.0,0.0,0.0,0.0,0.0,100.0
20200308173701,0.0,0.0,0.0,0.0,0.0,0.0,0.0,100.0
20200308173731,0.0,0.0,0.0,0.0,0.0,0.0,0.0,100.0
20200308173801,0.0,0.0,0.0,0.0,0.0,0.0,0.0,100.0
20200308173831,0.0,0.0,0.0,0.0,0.0,0.0,0.0,100.0
20200308173901,0.0,0.0,0.0,0.0,0.0,0.0,0.0,100.0
20200308173931,0.0,0.0,0.0,0.0,0.0,0.0,0.0,100.0
20200308174001,0.0,0.0,0.0,0.0,0.0,0.0,0.0,100.0
20200308174031,0.0,0.0,0.0,0.0,0.0,0.0,0.0,100.0
20200308174101,0.0,0.0,0.0,0.0,0.0,0.0,0.0,100.0
20200308174131,0.0,0.0,0.0,0.0,0.0,0.0,0.0,100.0
20200308174202,0.0,0.0,0.0,0.0,0.0,0.0,0.0,100.0
20200308174232,0.0,0.0,0.0,0.0,0.0,0.0,0.0,100.0
20200308174302,0.0,0.0,0.0,0.0,0.0,0.0,0.0,100.0
20200308174332,0.0,0.0,0.0,0.0,0.0,0.0,0.0,100.0
20200308174402,0.0,0.0,0.0,0.0,0.1,0.0,0.0,99.9
20200308174432,0.0,0.0,0.0,0.0,0.1,0.0,0.0,99.9
20200308174502,0.0,0.0,0.0,0.0,0.3,0.0,0.0,99.7
20200308174532,0.0,0.0,0.0,0.0,0.1,0.0,0.0,99.9
20200308174602,0.0,0.0,0.0,0.0,0.2,0.0,0.0,99.8
20200308174632,0.0,0.0,0.0,0.0,0.3,0.0,0.0,99.7
20200308174702,0.0,0.0,0.0,0.0,0.3,0.0,0.0,99.7
20200308174732,0.0,0.0,0.0,0.0,7.7,0.0,0.0,92.3
20200308174802,0.0,0.0,0.0,0.0,0.4,0.0,0.0,99.6
20200308174832,0.0,0.0,0.0,0.0,1.0,0.0,0.0,99.0
20200308174902,0.0,0.0,0.0,0.0,2.2,0.0,0.0,97.8
20200308174932,0.0,0.0,0.0,0.0,3.8,0.0,0.0,96.2
20200308175002,0.0,0.0,0.0,0.0,6.5,0.0,0.0,93.5
20200308175032,0.0,0.0,0.0,0.0,14.5,0.0,0.0,85.5
20200308175102,0.0,0.0,0.0,0.0,14.4,0.0,0.0,85.6
20200308175132,0.0,0.0,0.0,0.0,14.6,0.0,0.0,85.4
20200308175202,0.0,0.0,0.0,0.0,5.8,0.0,0.0,94.2
20200308175232,0.0,0.0,0.0,0.0,6.4,0.0,0.0,93.6
20200308175302,0.0,0.0,0.0,0.0,10.8,0.0,0.0,89.1
20200308175332,0.0,0.0,0.0,0.0,3.3,0.0,0.0,96.7
20200308175402,0.0,0.0,0.0,0.0,9.4,0.0,0.0,90.6
20200308175432,0.0,0.0,0.0,0.0,2.3,0.0,0.0,97.7
20200308175502,0.0,0.0,0.0,0.0,14.1,0.0,0.0,85.9
20200308175532,0.0,0.0,0.0,0.0,4.3,0.0,0.0,95.7
20200308175602,0.0,0.0,0.0,0.0,19.2,0.0,0.0,80.7
20200308175632,0.0,0.0,0.0,0.0,29.8,0.0,0.0,70.1
20200308175702,0.0,0.0,0.0,0.0,80.6,0.0,0.2,19.1
20200308175732,0.0,0.0,0.0,0.0,20.6,0.0,0.1,79.3
20200308175802,0.2,0.1,0.4,0.1,66.4,0.0,0.6,32.3
20200308175832,0.3,0.1,0.1,0.1,31.6,0.0,0.6,67.2
20200308180032,0.0,0.0,0.0,0.0,98.8,0.0,0.0,1.1
20200308180102,0.0,0.0,0.0,0.0,95.7,0.0,0.0,4.2
20200308180132,0.0,0.0,0.0,0.0,97.1,0.0,0.1,2.8
20200308180202,0.0,0.0,0.0,0.0,98.1,0.0,0.0,1.8
20200308180232,0.0,0.0,0.0,0.0,98.1,0.0,0.1,1.8
20200308180302,0.0,0.0,0.0,0.0,96.0,0.0,0.2,3.8
20200308180332,0.0,0.0,0.0,0.0,95.3,0.0,0.1,4.5
20200308180402,0.0,0.0,0.0,0.0,87.4,0.0,0.6,11.9
20200308180432,0.0,0.0,0.0,0.0,87.6,0.0,1.6,10.8
20200308180502,0.0,0.0,0.0,0.0,91.3,0.0,1.4,7.3
20200308180532,0.1,0.0,0.0,0.0,81.7,0.0,3.5,14.7
20200308180602,0.0,0.0,0.0,0.0,78.5,0.0,4.4,17.0
20200308180632,0.1,0.0,0.0,0.0,79.3,0.0,3.7,16.8
20200308180702,0.1,0.0,0.0,0.0,87.7,0.0,5.5,6.7
20200308180732,0.1,0.0,0.0,0.0,81.2,0.0,12.1,6.5
20200308180802,0.1,0.0,0.0,0.0,70.7,0.1,16.0,13.1
20200308180832,0.1,0.0,0.0,0.1,57.7,0.1,26.3,15.6
20200308180902,0.1,0.0,0.0,0.1,45.3,0.1,46.6,7.8
20200308180932,0.2,0.0,0.0,0.2,31.5,0.1,55.7,12.3
20200308181002,0.2,0.0,0.1,0.1,40.5,0.1,39.4,19.7
20200308181032,0.2,0.0,0.1,0.1,39.0,0.1,47.8,12.8
20200308181102,0.1,0.0,0.0,0.1,3.7,0.0,94.3,1.7
20200308181132,0.1,0.0,0.1,0.2,13.6,0.1,82.7,3.3
20200308181202,0.0,0.0,0.0,0.0,4.3,0.0,91.7,4.0
20200308181232,0.0,0.0,0.0,0.1,2.9,0.0,95.0,1.9
20200308181302,0.0,0.0,0.0,0.1,1.3,0.0,96.1,2.4
20200308181332,0.0,0.0,0.0,0.0,0.9,0.0,98.4,0.6
20200308181402,0.1,0.0,0.0,0.0,1.0,0.0,97.5,1.3
20200308181432,0.1,0.0,0.0,0.0,2.6,0.0,95.8,1.4
20200308181502,0.0,0.0,0.0,0.0,0.5,0.0,99.1,0.3
20200308181532,0.0,0.0,0.0,0.0,0.7,0.0,98.8,0.4
20200308181603,0.0,0.0,0.0,0.0,1.0,0.0,98.4,0.5
20200308181633,0.0,0.0,0.0,0.0,0.6,0.0,99.2,0.2
20200308181703,0.0,0.0,0.0,0.0,1.3,0.0,98.1,0.5
20200308181733,0.1,0.0,0.0,0.0,1.4,0.0,97.9,0.6
20200308181803,0.0,0.0,0.0,0.0,0.2,0.0,99.6,0.2
20200308181833,0.0,0.0,0.0,0.0,0.2,0.0,99.5,0.2
20200308181903,0.0,0.0,0.0,0.0,0.2,0.0,99.6,0.1
20200308181933,0.1,0.0,0.0,0.0,1.2,0.0,98.4,0.3
20200308182003,0.1,0.0,0.0,0.0,4.1,0.1,94.5,1.0
20200308182033,0.1,0.0,0.0,0.0,1.1,0.0,98.4,0.4
20200308182103,0.1,0.0,0.0,0.0,1.8,0.1,97.2,0.7
20200308182133,0.1,0.0,0.0,0.0,1.0,0.0,98.3,0.5
20200308182203,0.1,0.0,0.0,0.0,1.5,0.1,97.3,0.9
20200308182233,0.1,0.0,0.0,0.0,0.7,0.0,98.8,0.4
20200308182303,0.0,0.0,0.0,0.0,0.9,0.0,98.4,0.6
20200308182333,0.1,0.0,0.0,0.0,0.2,0.1,98.7,0.8
20200308182403,0.1,0.0,0.0,0.0,0.3,0.1,98.3,1.2
20200308182433,0.1,0.0,0.1,0.0,0.6,0.1,97.5,1.5
20200308182503,0.2,0.0,0.0,0.0,0.8,0.1,96.8,2.1
20200308182533,0.1,0.0,0.0,0.0,0.8,0.0,97.3,1.7
20200308182603,0.2,0.0,0.0,0.0,0.7,0.1,97.4,1.5
20200308182633,0.4,0.0,0.0,0.1,1.0,0.2,97.4,1.0
20200308182703,0.1,0.0,0.0,0.0,0.5,0.1,97.4,1.8
20200308182733,0.2,0.0,0.0,0.0,0.6,0.1,98.3,0.7
20200308182803,0.0,0.0,0.0,0.0,0.7,0.0,98.1,1.0
20200308182833,0.1,0.0,0.0,0.0,0.4,0.0,98.5,1.0
20200308182903,0.0,0.0,0.0,0.0,0.4,0.0,98.3,1.2
20200308182933,0.0,0.0,0.0,0.0,0.7,0.0,98.3,0.9
20200308183003,0.0,0.0,0.0,0.0,0.2,0.0,99.1,0.6
20200308183033,0.0,0.0,0.0,0.0,0.2,0.0,99.4,0.3
20200308183103,0.0,0.0,0.0,0.0,0.0,0.0,99.8,0.1
20200308183133,0.0,0.0,0.0,0.0,0.1,0.0,99.6,0.3
20200308183203,0.0,0.0,0.0,0.0,0.1,0.0,99.7,0.2
20200308183233,0.0,0.0,0.0,0.0,0.1,0.0,99.7,0.1
20200308183303,0.0,0.0,0.0,0.0,0.1,0.0,99.9,0.1
20200308183333,0.0,0.0,0.0,0.0,0.0,0.0,99.8,0.1
20200308183403,0.0,0.0,0.0,0.0,0.1,0.0,99.8,0.1
20200308183433,0.0,0.0,0.0,0.0,0.1,0.0,99.8,0.1
20200308183503,0.0,0.0,0.0,0.0,0.3,0.0,99.4,0.3
20200308183533,0.0,0.0,0.0,0.0,0.2,0.0,99.6,0.2
20200308183603,0.0,0.0,0.0,0.0,0.3,0.0,99.2,0.5
20200308183633,0.0,0.0,0.0,0.0,0.1,0.0,99.7,0.2
20200308183703,0.0,0.0,0.0,0.0,0.2,0.0,99.6,0.1
20200308183733,0.0,0.0,0.0,0.0,0.1,0.0,99.9,0.0
20200308183803,0.0,0.0,0.0,0.0,0.3,0.0,99.5,0.3
20200308183833,0.0,0.0,0.0,0.0,0.1,0.0,99.8,0.1
20200308183903,0.0,0.0,0.0,0.0,0.2,0.0,99.7,0.1
20200308183933,0.0,0.0,0.0,0.0,0.2,0.0,99.7,0.1
20200308184003,0.0,0.0,0.0,0.0,0.1,0.0,99.6,0.2
20200308184033,0.0,0.0,0.0,0.0,0.1,0.0,99.8,0.1
20200308184103,0.0,0.0,0.0,0.0,0.1,0.0,99.8,0.1
20200308184133,0.0,0.0,0.0,0.0,0.1,0.0,99.8,0.1
20200308184203,0.0,0.0,0.0,0.0,0.1,0.0,99.8,0.1
20200308184233,0.0,0.0,0.0,0.0,0.2,0.0,99.7,0.1
20200308184303,0.0,0.0,0.0,0.0,0.1,0.0,99.8,0.2
20200308184333,0.0,0.0,0.0,0.0,0.2,0.0,99.5,0.2
20200308184403,0.0,0.0,0.0,0.0,0.1,0.0,99.7,0.1
20200308184433,0.0,0.0,0.0,0.0,0.4,0.0,99.4,0.2
20200308184503,0.0,0.0,0.0,0.0,0.1,0.0,99.8,0.1
20200308184533,0.0,0.0,0.0,0.0,0.4,0.0,99.4,0.2
20200308184603,0.0,0.0,0.0,0.0,0.4,0.0,99.4,0.2
20200308184633,0.0,0.0,0.0,0.0,0.1,0.0,99.8,0.1
20200308184703,0.0,0.0,0.0,0.0,0.2,0.0,99.8,0.1
20200308184733,0.0,0.0,0.0,0.1,0.7,0.0,98.9,0.3
20200308184804,0.0,0.0,0.0,0.1,2.1,0.0,97.4,0.4
20200308184834,0.0,0.0,0.0,0.0,1.9,0.0,97.8,0.3
20200308184904,0.0,0.0,0.0,0.1,1.7,0.0,97.7,0.5
20200308184934,0.0,0.0,0.0,0.0,1.0,0.0,98.8,0.2
20200308185004,0.0,0.0,0.0,0.1,4.5,0.0,95.0,0.4
20200308185034,0.0,0.0,0.0,0.0,1.4,0.0,98.4,0.2
20200308185104,0.0,0.0,0.0,0.0,1.0,0.0,98.9,0.1
20200308185134,0.0,0.0,0.0,0.0,1.7,0.0,98.2,0.1
20200308185204,0.0,0.0,0.0,0.0,2.5,0.0,97.4,0.1
20200308185234,0.0,0.0,0.0,0.0,0.7,0.0,99.2,0.1
20200308185304,0.0,0.0,0.0,0.0,0.6,0.0,99.3,0.1
20200308185334,0.0,0.0,0.0,0.0,0.9,0.0,98.9,0.1
20200308185404,0.0,0.0,0.0,0.1,1.5,0.0,98.2,0.2
20200308185434,0.0,0.0,0.0,0.0,1.0,0.0,98.8,0.2
20200308185504,0.0,0.0,0.0,0.1,9.0,0.0,90.6,0.3
20200308185534,0.0,0.0,0.0,0.0,3.8,0.0,95.7,0.4
20200308185604,0.0,0.0,0.0,0.0,2.7,0.0,97.1,0.2
20200308185634,0.0,0.0,0.0,0.1,6.1,0.0,93.5,0.3
20200308185704,0.1,0.0,0.0,0.1,14.6,0.0,84.9,0.4
20200308185734,0.0,0.0,0.0,0.2,6.8,0.0,92.4,0.6
20200308185804,0.0,0.0,0.0,0.0,2.8,0.0,97.0,0.1
20200308185834,0.0,0.0,0.0,0.1,12.0,0.0,87.6,0.3
20200308185904,0.0,0.0,0.0,0.2,12.0,0.0,87.5,0.3
20200308185934,0.0,0.0,0.0,0.1,7.9,0.0,90.9,1.1
20200308190004,0.0,0.0,0.0,0.0,3.5,0.0,95.8,0.6
20200308190034,0.0,0.0,0.0,0.0,1.2,0.0,98.2,0.6
20200308190104,0.0,0.0,0.0,0.0,2.3,0.0,97.2,0.5
20200308190134,0.0,0.0,0.0,0.0,2.3,0.0,97.1,0.6
20200308190204,0.0,0.0,0.0,0.0,0.7,0.0,99.0,0.2
20200308190234,0.0,0.0,0.0,0.0,0.6,0.0,99.1,0.3
20200308190304,0.0,0.0,0.0,0.0,1.0,0.0,98.8,0.2
20200308190334,0.0,0.0,0.0,0.0,1.4,0.0,98.2,0.3
20200308190404,0.0,0.0,0.0,0.0,1.1,0.0,98.7,0.1
20200308190434,0.0,0.0,0.0,0.0,2.9,0.0,96.8,0.2
20200308190504,0.0,0.0,0.0,0.0,1.3,0.0,98.5,0.2
20200308190534,0.0,0.0,0.0,0.0,1.0,0.0,98.8,0.1
20200308190604,0.0,0.0,0.0,0.0,3.8,0.0,95.8,0.2
20200308190634,0.0,0.0,0.0,0.0,1.5,0.0,98.3,0.1
20200308190704,0.0,0.0,0.0,0.0,0.5,0.0,99.4,0.1
20200308190734,0.0,0.0,0.0,0.0,0.9,0.0,99.0,0.1
20200308190804,0.0,0.0,0.0,0.0,0.5,0.0,99.4,0.1
20200308190834,0.0,0.0,0.0,0.0,1.0,0.0,98.7,0.3
20200308190904,0.0,0.0,0.0,0.0,0.2,0.0,99.8,0.0
20200308190934,0.0,0.0,0.0,0.0,0.2,0.0,99.7,0.0
20200308191004,0.0,0.0,0.0,0.0,0.7,0.0,99.1,0.2
20200308191034,0.0,0.0,0.0,0.0,1.2,0.0,98.6,0.2
20200308191104,0.0,0.0,0.0,0.0,0.4,0.0,99.6,0.1
20200308191134,0.0,0.0,0.0,0.0,0.4,0.0,99.6,0.0
20200308191204,0.0,0.0,0.0,0.0,0.8,0.0,99.1,0.1
20200308191234,0.0,0.0,0.0,0.0,0.4,0.0,99.6,0.0
20200308191304,0.0,0.0,0.0,0.0,0.4,0.0,99.5,0.0
20200308191334,0.0,0.0,0.0,0.0,0.3,0.0,99.7,0.0
20200308191404,0.0,0.0,0.0,0.0,0.3,0.0,99.6,0.1
20200308191434,0.0,0.0,0.0,0.0,0.3,0.0,99.7,0.0
20200308191504,0.0,0.0,0.0,0.0,0.9,0.0,99.0,0.1
20200308191534,0.0,0.0,0.0,0.0,0.9,0.0,99.0,0.1
20200308191604,0.0,0.0,0.0,0.0,1.0,0.0,99.0,0.0
20200308191634,0.0,0.0,0.0,0.0,0.7,0.0,99.2,0.1
20200308191704,0.0,0.0,0.0,0.0,0.7,0.0,99.2,0.1
20200308191735,0.0,0.0,0.0,0.0,2.2,0.0,97.7,0.1
20200308191805,0.0,0.0,0.0,0.0,0.9,0.0,99.1,0.0
20200308191835,0.0,0.0,0.0,0.0,0.2,0.0,99.8,0.0
20200308191905,0.0,0.0,0.0,0.0,0.9,0.0,99.0,0.0
20200308191935,0.0,0.0,0.0,0.0,0.4,0.0,99.6,0.0
20200308192005,0.0,0.0,0.0,0.0,1.5,0.0,98.5,0.0
20200308192035,0.0,0.0,0.0,0.0,2.4,0.0,97.4,0.1
20200308192105,0.0,0.0,0.0,0.0,1.0,0.0,98.8,0.2
20200308192135,0.0,0.0,0.0,0.0,1.4,0.0,98.5,0.0
20200308192205,0.0,0.0,0.0,0.0,1.2,0.0,98.8,0.0
20200308192235,0.0,0.0,0.0,0.0,4.8,0.0,95.2,0.0
20200308192305,0.0,0.0,0.0,0.0,3.1,0.0,96.9,0.0
20200308192335,0.0,0.0,0.0,0.0,2.2,0.0,97.8,0.0
20200308192405,0.0,0.0,0.0,0.0,0.6,0.0,99.4,0.0
20200308192435,0.0,0.0,0.0,0.0,5.2,0.0,94.7,0.1
20200308192505,0.0,0.0,0.0,0.0,5.5,0.0,94.4,0.1
20200308192535,0.0,0.0,0.0,0.0,0.9,0.0,99.1,0.0
20200308192605,0.0,0.0,0.0,0.0,0.9,0.0,99.1,0.0
20200308192635,0.0,0.0,0.0,0.0,0.4,0.0,99.6,0.0
20200308192705,0.0,0.0,0.0,0.0,0.3,0.0,99.7,0.0
20200308192735,0.0,0.0,0.0,0.0,0.3,0.0,99.7,0.0
20200308192805,0.0,0.0,0.0,0.0,0.2,0.0,99.8,0.0
20200308192835,0.0,0.0,0.0,0.0,0.1,0.0,99.9,0.0
20200308192905,0.0,0.0,0.0,0.0,0.0,0.0,99.9,0.0
20200308192935,0.0,0.0,0.0,0.0,0.1,0.0,99.8,0.0
20200308193005,0.0,0.0,0.0,0.0,0.3,0.0,99.6,0.1
20200308193035,0.0,0.0,0.0,0.0,0.1,0.0,99.8,0.0
20200308193105,0.0,0.0,0.0,0.0,0.1,0.0,99.9,0.0
20200308193135,0.0,0.0,0.0,0.0,0.2,0.0,99.8,0.0
20200308193205,0.0,0.0,0.0,0.0,0.1,0.0,99.9,0.0
20200308193235,0.0,0.0,0.0,0.0,0.0,0.0,99.9,0.0
20200308193305,0.0,0.0,0.0,0.0,0.1,0.0,99.8,0.0
20200308193335,0.0,0.0,0.0,0.0,0.3,0.0,99.7,0.0
20200308193405,0.0,0.0,0.0,0.0,0.5,0.0,99.3,0.1
20200308193435,0.0,0.0,0.0,0.0,1.1,0.0,98.7,0.1
20200308193505,0.0,0.0,0.0,0.1,0.5,0.0,99.2,0.1
20200308193535,0.0,0.0,0.0,0.0,0.1,0.0,99.8,0.0
20200308193605,0.0,0.0,0.0,0.0,0.1,0.0,99.9,0.0
20200308193635,0.0,0.0,0.0,0.0,0.0,0.0,99.9,0.0
20200308193705,0.0,0.0,0.0,0.0,0.1,0.0,99.7,0.1
20200308193735,0.0,0.0,0.0,0.0,0.1,0.0,99.7,0.2
20200308193805,0.0,0.0,0.0,0.0,0.3,0.0,99.4,0.3
20200308193835,0.0,0.0,0.0,0.0,0.1,0.0,99.7,0.2
20200308193905,0.0,0.0,0.0,0.0,0.1,0.0,99.7,0.2
20200308193935,0.0,0.0,0.0,0.0,0.1,0.0,99.9,0.0
20200308194005,0.0,0.0,0.0,0.0,0.2,0.0,99.7,0.1
20200308194035,0.0,0.0,0.0,0.0,0.1,0.0,99.9,0.0
20200308194105,0.0,0.0,0.0,0.0,0.0,0.0,99.9,0.0
20200308194135,0.0,0.0,0.0,0.0,0.1,0.0,99.9,0.0
20200308194205,0.0,0.0,0.0,0.0,0.1,0.0,99.8,0.0
20200308194235,0.0,0.0,0.0,0.0,0.5,0.0,99.4,0.1
20200308194305,0.0,0.0,0.0,0.1,0.4,0.0,99.3,0.1
20200308194335,0.0,0.0,0.0,0.0,0.9,0.0,99.0,0.0
20200308194405,0.0,0.0,0.0,0.0,1.4,0.0,98.5,0.0
20200308194435,0.0,0.0,0.0,0.0,1.2,0.0,98.7,0.1
20200308194505,0.1,0.0,0.0,0.1,1.8,0.0,97.8,0.2
20200308194535,0.0,0.0,0.0,0.0,0.2,0.0,99.7,0.0
20200308194605,0.0,0.0,0.0,0.0,0.4,0.0,99.5,0.0
20200308194635,0.0,0.0,0.3,0.1,0.6,0.0,98.9,0.1
20200308194705,0.0,0.0,0.0,0.0,0.3,0.0,99.6,0.0
20200308194735,0.0,0.0,0.0,0.0,0.1,0.0,99.9,0.0
20200308194805,0.0,0.0,0.0,0.0,0.1,0.0,99.9,0.0
20200308194835,0.0,0.0,0.0,0.0,0.1,0.0,99.8,0.0
20200308194905,0.0,0.0,0.0,0.0,0.7,0.0,99.3,0.0
20200308194935,0.0,0.0,0.0,0.0,0.4,0.0,99.5,0.0
20200308195005,0.0,0.0,0.0,0.0,0.6,0.0,99.3,0.0
20200308195035,0.0,0.0,0.0,0.0,0.3,0.0,99.7,0.0
20200308195105,0.0,0.0,0.0,0.0,0.1,0.0,99.9,0.0
20200308195136,0.0,0.0,0.0,0.0,0.0,0.0,100.0,0.0
20200308195206,0.0,0.0,0.0,0.0,0.0,0.0,100.0,0.0
20200308195236,0.0,0.0,0.0,0.0,0.1,0.0,99.9,0.1
20200308195306,0.0,0.0,0.0,0.0,0.1,0.0,99.9,0.0
20200308195336,0.0,0.0,0.0,0.0,0.1,0.0,99.9,0.0
20200308195406,0.0,0.0,0.0,0.0,0.2,0.0,99.7,0.1
20200308195436,0.0,0.0,0.0,0.0,0.6,0.0,98.8,0.5
20200308195506,0.0,0.0,0.0,0.0,0.1,0.0,99.8,0.0
20200308195536,0.0,0.0,0.0,0.0,0.0,0.0,99.9,0.0
20200308195606,0.0,0.0,0.0,0.0,0.1,0.0,99.7,0.2
20200308195636,0.0,0.0,0.0,0.0,0.0,0.0,99.9,0.1
20200308195706,0.0,0.0,0.0,0.0,0.0,0.0,100.0,0.0
20200308195736,0.0,0.0,0.0,0.0,0.0,0.0,99.9,0.0
20200308195806,0.0,0.0,0.0,0.0,0.0,0.0,99.9,0.1
20200308195836,0.0,0.0,0.0,0.0,0.0,0.0,100.0,0.0
20200308195906,0.0,0.0,0.0,0.0,0.0,0.0,100.0,0.0
20200308195936,0.0,0.0,0.0,0.0,0.0,0.0,99.9,0.1
20200308200006,0.0,0.0,0.0,0.0,0.0,0.0,99.7,0.3
20200308200036,0.0,0.0,0.0,0.0,0.0,0.0,99.9,0.0
20200308200106,0.0,0.0,0.0,0.0,0.0,0.0,99.9,0.1
20200308200136,0.0,0.0,0.0,0.0,0.0,0.0,100.0,0.0
20200308200206,0.0,0.0,0.0,0.0,0.0,0.0,99.9,0.0
20200308200236,0.0,0.0,0.0,0.0,0.0,0.0,99.9,0.0
20200308200306,0.0,0.0,0.0,0.0,0.3,0.0,99.4,0.2
20200308200336,0.0,0.0,0.0,0.0,0.0,0.0,99.9,0.0
20200308200406,0.0,0.0,0.0,0.0,0.0,0.0,100.0,0.0
20200308200436,0.0,0.0,0.0,0.0,0.0,0.0,99.9,0.0
20200308200506,0.0,0.0,0.0,0.0,0.0,0.0,100.0,0.0
20200308200536,0.0,0.0,0.0,0.0,0.0,0.0,100.0,0.0
20200308200606,0.0,0.0,0.0,0.0,0.0,0.0,99.9,0.0
20200308200636,0.0,0.0,0.0,0.0,0.0,0.0,100.0,0.0
20200308200706,0.0,0.0,0.0,0.0,0.0,0.0,100.0,0.0
20200308200736,0.0,0.0,0.0,0.0,0.0,0.0,100.0,0.0
20200308200806,0.0,0.0,0.0,0.0,0.0,0.0,100.0,0.0
20200308200836,0.0,0.0,0.0,0.0,0.0,0.0,100.0,0.0
20200308200906,0.0,0.0,0.0,0.0,0.0,0.0,100.0,0.0
20200308200936,0.0,0.0,0.0,0.0,0.0,0.0,100.0,0.0
20200308201006,0.0,0.0,0.0,0.0,0.0,0.0,100.0,0.0
20200308201036,0.0,0.0,0.0,0.0,0.0,0.0,100.0,0.0
20200308201106,0.0,0.0,0.0,0.0,0.1,0.0,99.9,0.0
20200308201136,0.0,0.0,0.0,0.0,0.1,0.0,99.9,0.0
20200308201206,0.0,0.0,0.0,0.0,0.0,0.0,100.0,0.0
20200308201236,0.0,0.0,0.0,0.0,0.0,0.0,100.0,0.0
20200308201306,0.0,0.0,0.0,0.0,0.1,0.0,99.9,0.0
20200308201336,0.0,0.0,0.0,0.0,0.4,0.0,99.6,0.0
20200308201406,0.0,0.0,0.0,0.0,6.8,0.0,93.1,0.0
20200308201436,0.0,0.0,0.0,0.0,9.5,0.0,90.4,0.1
20200308201506,0.0,0.0,0.0,0.0,11.2,0.0,88.7,0.0
20200308201536,0.0,0.0,0.1,0.0,34.5,0.0,65.3,0.1
20200308201606,0.0,0.0,0.0,0.5,47.0,0.0,52.1,0.3
20200308201636,0.1,0.0,0.0,2.6,11.4,0.0,84.7,1.1
20200308201706,0.4,0.1,0.2,13.2,39.4,0.0,44.7,1.9
20200308201736,0.1,0.2,0.1,24.7,9.2,0.0,61.3,4.4
20200308201806,0.0,0.0,0.0,0.8,7.6,0.0,91.3,0.2
20200308201836,0.0,0.0,0.0,1.8,26.0,0.0,71.6,0.5
20200308201906,0.0,0.0,0.0,0.2,35.3,0.0,64.3,0.2
20200308201936,0.0,0.0,0.0,0.0,84.7,0.0,15.2,0.1
20200308202006,0.0,0.0,0.0,0.0,86.6,0.0,13.1,0.3
20200308202036,0.0,0.0,0.0,0.0,87.5,0.0,12.3,0.1
20200308202106,0.0,0.0,0.0,0.1,82.5,0.0,17.1,0.3
20200308202136,0.0,0.0,0.0,0.1,5.6,0.0,94.2,0.0
20200308202206,0.0,0.0,0.0,0.0,0.3,0.0,99.6,0.0
20200308202236,0.0,0.0,0.0,0.0,0.1,0.0,99.9,0.0
20200308202306,0.0,0.0,0.0,0.0,0.7,0.0,99.3,0.0
20200308202336,0.0,0.0,0.0,0.0,0.0,0.0,100.0,0.0
20200308202406,0.0,0.0,0.0,0.0,0.0,0.0,100.0,0.0
20200308202436,0.0,0.0,0.0,0.0,0.0,0.0,100.0,0.0
20200308202506,0.0,0.0,0.0,0.0,0.0,0.0,100.0,0.0
20200308202536,0.0,0.0,0.0,0.0,0.1,0.0,99.8,0.1
20200308202606,0.0,0.0,0.0,0.0,0.1,0.0,99.6,0.3
20200308202637,0.0,0.0,0.0,0.0,0.0,0.0,100.0,0.0
20200308202707,0.0,0.0,0.0,0.0,0.0,0.0,99.9,0.1
20200308202737,0.0,0.0,0.0,0.0,0.0,0.0,99.9,0.0
20200308202807,0.0,0.0,0.0,0.0,0.0,0.0,100.0,0.0
20200308202837,0.0,0.0,0.0,0.0,0.0,0.0,99.9,0.1
20200308202907,0.0,0.0,0.0,0.0,0.0,0.0,99.9,0.0
20200308202937,0.0,0.0,0.0,0.0,0.0,0.0,99.9,0.0
20200308203007,0.0,0.0,0.0,0.0,0.1,0.0,99.8,0.1
20200308203037,0.0,0.0,0.0,0.0,0.1,0.0,99.9,0.0
20200308203107,0.0,0.0,0.0,0.0,0.2,0.0,99.7,0.1
20200308203137,0.0,0.0,0.0,0.0,0.1,0.0,99.8,0.1
20200308203207,0.0,0.0,0.0,0.0,0.1,0.0,99.8,0.1
20200308203237,0.0,0.0,0.0,0.0,0.1,0.0,99.9,0.1
20200308203307,0.0,0.0,0.0,0.0,0.1,0.0,99.8,0.1
20200308203337,0.0,0.0,0.0,0.0,0.0,0.0,99.8,0.2
20200308203407,0.0,0.0,0.0,0.0,0.1,0.0,99.6,0.3
20200308203437,0.0,0.0,0.0,0.0,0.0,0.0,99.8,0.1
20200308203507,0.0,0.0,0.0,0.0,0.0,0.0,99.8,0.1
20200308203537,0.0,0.0,0.0,0.0,0.0,0.0,99.9,0.1
20200308203607,0.0,0.0,0.0,0.0,0.0,0.0,99.7,0.2
20200308203637,0.0,0.0,0.0,0.0,0.0,0.0,99.7,0.2
20200308203707,0.0,0.0,0.0,0.1,0.2,0.0,99.3,0.4
20200308203737,0.0,0.0,0.0,0.1,0.1,0.0,99.5,0.4
20200308203807,0.0,0.0,0.0,0.0,0.0,0.0,99.9,0.1
20200308203837,0.0,0.0,0.0,0.0,0.0,0.0,99.9,0.0
20200308203907,0.0,0.0,0.0,0.0,0.0,0.0,100.0,0.0
20200308203937,0.0,0.0,0.0,0.0,0.0,0.0,99.6,0.3
20200308204007,0.0,0.0,0.0,0.0,0.0,0.0,99.7,0.2
20200308204037,0.0,0.0,0.0,0.1,0.1,0.0,99.4,0.4
20200308204107,0.0,0.0,0.0,0.1,0.1,0.0,99.3,0.4
20200308204137,0.0,0.0,0.0,0.0,0.0,0.0,99.7,0.2
20200308204207,0.0,0.0,0.0,0.2,0.2,0.0,99.0,0.6
20200308204237,0.0,0.0,0.0,0.1,0.1,0.0,99.7,0.2
20200308204307,0.0,0.0,0.0,0.1,0.1,0.0,99.5,0.3
20200308204337,0.0,0.0,0.0,0.0,0.0,0.0,99.7,0.2
20200308204407,0.0,0.0,0.0,0.1,0.0,0.0,99.1,0.7
20200308204437,0.1,0.0,0.0,0.2,0.2,0.0,98.2,1.3
20200308204507,0.1,0.0,0.0,0.2,0.2,0.0,98.6,1.0
20200308204537,0.2,0.0,0.0,0.3,0.7,0.0,98.1,0.7
20200308204607,0.2,0.0,0.0,0.5,0.8,0.0,97.1,1.4
20200308204637,0.2,0.0,0.0,0.2,0.9,0.0,97.9,0.7
20200308204707,0.2,0.0,0.0,0.4,0.5,0.0,98.0,0.9
20200308204737,0.1,0.0,0.0,0.3,0.9,0.0,97.7,1.0
20200308204807,0.1,0.0,0.0,0.2,1.3,0.0,96.5,1.8
20200308204837,0.2,0.0,0.0,0.3,1.0,0.0,95.1,3.4
20200308204907,0.2,0.0,0.0,0.4,1.3,0.0,90.6,7.5
20200308204937,0.1,0.0,0.0,0.2,1.3,0.0,95.9,2.4
20200308205007,0.3,0.0,0.0,0.4,0.8,0.0,91.2,7.3
20200308205037,0.1,0.0,0.0,0.7,2.5,0.0,91.2,5.4
20200308205107,0.0,0.0,0.0,0.2,0.6,0.0,96.6,2.5
20200308205137,0.0,0.0,0.0,0.2,0.9,0.0,96.3,2.6
20200308205207,0.1,0.0,0.0,0.1,0.6,0.0,95.9,3.3
20200308205237,0.2,0.0,0.0,0.2,0.9,0.0,93.0,5.8
20200308205308,0.1,0.0,0.0,0.2,0.5,0.0,96.4,2.8
20200308205338,0.1,0.0,0.0,0.1,0.3,0.0,97.1,2.4
20200308205408,0.1,0.0,0.0,0.1,0.7,0.0,96.1,2.9
20200308205438,0.0,0.0,0.0,0.0,0.2,0.0,97.7,2.0
20200308205508,0.1,0.0,0.0,0.1,0.4,0.0,96.8,2.6
20200308205538,0.0,0.0,0.0,0.1,0.2,0.0,96.8,2.9
20200308205608,0.0,0.0,0.0,0.0,0.3,0.0,98.6,1.1
20200308205638,0.1,0.0,0.0,0.0,0.4,0.0,98.1,1.5
20200308205708,0.1,0.0,0.0,0.1,0.2,0.0,95.9,3.7
20200308205738,0.1,0.0,0.0,0.0,0.9,0.0,97.0,2.0
20200308205808,0.0,0.0,0.0,0.0,0.2,0.0,99.3,0.4
20200308205838,0.0,0.0,0.0,0.0,0.0,0.0,99.8,0.1
20200308205908,0.0,0.0,0.0,0.0,0.0,0.0,99.7,0.2
20200308205938,0.0,0.0,0.0,0.0,0.1,0.0,99.1,0.8
20200308210008,0.0,0.0,0.0,0.0,0.0,0.0,99.9,0.1
20200308210038,0.0,0.0,0.0,0.0,0.0,0.0,99.6,0.3
20200308210108,0.0,0.0,0.0,0.1,0.1,0.0,99.3,0.5
20200308210138,0.0,0.0,0.0,0.0,0.1,0.0,99.1,0.8
20200308210208,0.0,0.0,0.0,0.0,0.1,0.0,99.5,0.4
20200308210238,0.0,0.0,0.0,0.0,0.0,0.0,99.3,0.7
20200308210308,0.0,0.0,0.0,0.1,0.1,0.0,98.2,1.6
20200308210338,0.0,0.0,0.0,0.1,0.1,0.0,98.8,1.0
20200308210408,0.0,0.0,0.0,0.2,0.1,0.0,97.6,2.0
20200308210438,0.0,0.0,0.0,0.1,0.1,0.0,97.6,2.2
20200308210508,0.1,0.0,0.0,0.1,0.2,0.0,98.0,1.6
20200308210538,0.1,0.0,0.0,0.1,0.2,0.0,98.2,1.5
20200308210608,0.0,0.0,0.0,0.1,0.0,0.0,98.7,1.2
20200308210638,0.0,0.0,0.0,0.1,0.1,0.0,99.0,0.8
20200308210708,0.0,0.0,0.0,0.0,0.0,0.0,99.1,0.8
20200308210738,0.0,0.0,0.0,0.2,0.1,0.0,98.9,0.7
20200308210808,0.1,0.0,0.0,0.3,0.2,0.0,96.6,2.8
20200308210838,0.0,0.0,0.0,0.1,0.1,0.0,99.4,0.4
20200308210908,0.0,0.0,0.0,0.1,0.1,0.0,98.0,1.8
20200308210938,0.1,0.0,0.0,0.1,0.3,0.0,96.4,3.1
20200308211008,0.0,0.0,0.0,0.0,0.0,0.0,99.5,0.5
20200308211038,0.0,0.0,0.0,0.1,0.1,0.0,98.9,0.9
20200308211108,0.0,0.0,0.0,0.1,0.1,0.0,98.8,1.0
20200308211138,0.0,0.0,0.0,0.0,0.0,0.0,99.7,0.3
20200308211208,0.0,0.0,0.0,0.0,0.0,0.0,99.7,0.3
20200308211238,0.0,0.0,0.0,0.1,0.1,0.0,98.3,1.4
20200308211308,0.0,0.0,0.0,0.2,0.1,0.0,97.7,2.0
20200308211338,0.0,0.0,0.0,0.2,0.1,0.0,98.1,1.6
20200308211408,0.0,0.0,0.0,0.3,0.1,0.0,98.3,1.3
20200308211438,0.0,0.0,0.0,0.0,0.0,0.0,99.6,0.3
20200308211508,0.0,0.0,0.0,0.0,0.1,0.0,97.6,2.2
20200308211538,0.0,0.0,0.0,0.0,0.0,0.0,99.0,0.9
20200308211608,0.0,0.0,0.0,0.0,0.0,0.0,99.8,0.1
20200308211638,0.0,0.0,0.0,0.0,0.1,0.0,99.3,0.6
20200308211708,0.0,0.0,0.0,0.0,0.0,0.0,99.7,0.3
20200308211738,0.0,0.0,0.0,0.0,0.0,0.0,99.7,0.3
20200308211808,0.0,0.0,0.0,0.0,0.0,0.0,99.7,0.3
20200308211838,0.0,0.0,0.0,0.0,0.0,0.0,99.9,0.1
20200308211908,0.0,0.0,0.0,0.0,0.1,0.0,99.8,0.1
20200308211938,0.0,0.0,0.0,0.0,0.0,0.0,100.0,0.0
20200308212008,0.0,0.0,0.0,0.0,0.0,0.0,99.9,0.0
20200308212038,0.0,0.0,0.0,0.0,0.0,0.0,99.9,0.1
20200308212108,0.0,0.0,0.0,0.0,0.0,0.0,99.9,0.1
20200308212138,0.0,0.0,0.0,0.0,0.0,0.0,99.7,0.3
20200308212208,0.0,0.0,0.0,0.0,0.0,0.0,99.7,0.2
20200308212238,0.0,0.0,0.0,0.1,0.1,0.0,99.0,0.8
20200308212308,0.0,0.0,0.0,0.3,0.1,0.0,98.5,1.0
20200308212338,0.0,0.0,0.0,0.2,0.0,0.0,99.2,0.6
20200308212408,0.0,0.0,0.0,0.1,0.0,0.0,99.8,0.1
20200308212438,0.0,0.0,0.0,0.3,0.1,0.0,99.0,0.6
20200308212508,0.0,0.0,0.0,0.1,0.1,0.0,99.5,0.3
20200308212538,0.0,0.0,0.0,0.0,0.0,0.0,99.9,0.1
20200308212608,0.0,0.0,0.0,0.1,0.0,0.0,99.6,0.2
20200308212638,0.0,0.0,0.0,0.1,0.0,0.0,99.7,0.2
20200308212708,0.0,0.0,0.0,0.0,0.0,0.0,99.9,0.0
20200308212739,0.0,0.0,0.0,0.0,0.0,0.0,99.8,0.2
20200308212809,0.0,0.0,0.0,0.0,0.0,0.0,99.9,0.1
20200308212839,0.0,0.0,0.0,0.0,0.0,0.0,99.1,0.8
20200308212909,0.0,0.0,0.0,0.0,0.0,0.0,99.8,0.2
20200308212939,0.0,0.0,0.0,0.0,0.0,0.0,99.6,0.4
20200308213009,0.0,0.0,0.0,0.0,0.0,0.0,99.6,0.4
20200308213039,0.0,0.0,0.0,0.1,0.0,0.0,99.0,0.9
20200308213109,0.0,0.0,0.0,0.0,0.0,0.0,99.6,0.4
20200308213139,0.0,0.0,0.0,0.0,0.0,0.0,99.8,0.2
20200308213209,0.0,0.0,0.0,0.0,0.0,0.0,99.4,0.5
20200308213239,0.0,0.0,0.0,0.0,0.0,0.0,99.1,0.8
20200308213309,0.0,0.0,0.0,0.0,0.0,0.0,99.6,0.3
20200308213339,0.0,0.0,0.0,0.0,0.0,0.0,99.7,0.2
20200308213409,0.0,0.0,0.0,0.0,0.0,0.0,99.9,0.0
20200308213439,0.0,0.0,0.0,0.0,0.0,0.0,100.0,0.0
20200308213509,0.0,0.0,0.0,0.0,0.0,0.0,99.9,0.0
20200308213539,0.0,0.0,0.0,0.0,0.0,0.0,99.9,0.1
20200308213609,0.0,0.0,0.0,0.0,0.0,0.0,99.6,0.4
20200308213639,0.0,0.0,0.0,0.0,0.0,0.0,99.8,0.2
20200308213709,0.0,0.0,0.0,0.0,0.0,0.0,99.9,0.1
20200308213739,0.0,0.0,0.0,0.0,0.0,0.0,99.8,0.1
20200308213809,0.0,0.0,0.0,0.0,0.0,0.0,99.8,0.1
20200308213839,0.0,0.0,0.0,0.0,0.0,0.0,99.9,0.1
20200308213909,0.0,0.0,0.0,0.0,0.0,0.0,99.9,0.1
20200308213939,0.0,0.0,0.0,0.0,0.1,0.0,99.8,0.1
20200308214009,0.0,0.0,0.0,0.0,0.0,0.0,99.9,0.0
20200308214039,0.0,0.0,0.0,0.0,0.0,0.0,99.9,0.0
20200308214109,0.0,0.0,0.0,0.0,0.1,0.0,99.9,0.1
20200308214139,0.0,0.0,0.0,0.0,0.0,0.0,99.7,0.2
20200308214209,0.0,0.0,0.0,0.0,0.0,0.0,99.9,0.1
20200308214239,0.0,0.0,0.0,0.0,0.0,0.0,99.8,0.2
20200308214309,0.0,0.0,0.0,0.0,0.0,0.0,99.8,0.2
20200308214339,0.0,0.0,0.0,0.1,0.0,0.0,99.5,0.4
20200308214409,0.0,0.0,0.0,0.0,0.0,0.0,99.8,0.2
20200308214439,0.0,0.0,0.0,0.0,0.0,0.0,99.8,0.2
20200308214509,0.0,0.0,0.0,0.0,0.0,0.0,99.6,0.3
20200308214539,0.0,0.0,0.0,0.0,0.0,0.0,99.8,0.1
20200308214609,0.0,0.0,0.0,0.0,0.1,0.0,99.3,0.5
20200308214639,0.0,0.0,0.0,0.0,0.0,0.0,99.8,0.1
20200308214709,0.0,0.0,0.0,0.1,0.1,0.0,99.3,0.4
20200308214739,0.0,0.0,0.0,0.0,0.3,0.0,98.5,1.1
20200308214809,0.0,0.0,0.0,0.0,0.1,0.0,99.2,0.7
20200308214839,0.0,0.0,0.0,0.0,0.2,0.0,96.8,3.0
20200308214909,0.0,0.0,0.0,0.0,0.0,0.0,98.8,1.2
20200308214939,0.0,0.0,0.0,0.0,0.2,0.0,97.5,2.3
20200308215009,0.0,0.0,0.0,0.0,0.1,0.0,99.2,0.7
20200308215039,0.0,0.0,0.0,0.0,0.1,0.0,98.3,1.6
20200308215109,0.0,0.0,0.0,0.0,0.1,0.0,97.7,2.1
20200308215139,0.0,0.0,0.0,0.0,0.0,0.0,98.6,1.3
20200308215209,0.1,0.0,0.0,0.1,0.5,0.0,93.6,5.8
20200308215239,0.0,0.0,0.0,0.1,0.0,0.0,98.6,1.3
20200308215309,0.0,0.0,0.0,0.0,0.0,0.0,99.6,0.4
20200308215339,0.0,0.0,0.0,0.0,0.0,0.0,99.1,0.8
20200308215409,0.0,0.0,0.0,0.0,0.0,0.0,99.9,0.1
20200308215439,0.0,0.0,0.0,0.0,0.0,0.0,99.2,0.7
20200308215509,0.0,0.0,0.0,0.1,0.1,0.0,98.8,1.0
20200308215539,0.0,0.0,0.0,0.2,0.1,0.0,97.7,1.9
20200308215609,0.0,0.0,0.0,0.1,0.3,0.0,97.6,2.1
20200308215639,0.0,0.0,0.0,0.1,0.4,0.0,97.2,2.2
20200308215709,0.1,0.0,0.0,0.6,0.9,0.0,92.8,5.7
20200308215739,0.0,0.0,0.0,0.9,0.3,0.0,97.3,1.5
20200308215809,0.1,0.0,0.0,0.4,0.5,0.0,95.4,3.6
20200308215839,0.0,0.0,0.0,0.5,0.3,0.0,96.3,2.8
20200308215909,0.0,0.0,0.0,0.3,0.5,0.0,92.7,6.4
20200308215939,0.0,0.0,0.0,0.5,0.3,0.0,93.8,5.4
20200308220009,0.1,0.0,0.1,0.2,0.2,0.0,97.4,2.0
20200308220039,0.0,0.0,0.0,0.1,0.0,0.0,99.3,0.6
20200308220109,0.0,0.0,0.0,0.1,0.0,0.0,99.5,0.3
20200308220139,0.0,0.0,0.0,0.1,0.1,0.0,97.0,2.7
20200308220210,0.0,0.0,0.0,0.1,0.0,0.0,96.3,3.6
20200308220240,0.0,0.0,0.0,0.3,0.1,0.0,95.1,4.5
20200308220310,0.0,0.0,0.0,0.1,0.2,0.0,88.0,11.7
20200308220340,0.3,0.0,0.1,0.4,0.8,0.0,60.1,38.4
20200308220410,0.3,0.0,0.1,0.8,1.5,0.1,79.4,17.9
20200308220440,0.0,0.0,0.0,0.3,0.3,0.0,87.2,12.1
20200308220510,0.0,0.0,0.0,0.3,0.5,0.0,45.3,53.9
20200308220540,0.0,0.0,0.0,0.3,0.3,0.0,55.6,43.7
20200308220610,0.1,0.0,0.1,0.8,1.3,0.0,68.0,29.7
20200308220640,0.3,0.0,0.1,0.6,0.9,0.1,88.2,9.8
20200308220710,0.4,0.0,0.1,2.0,1.9,0.1,91.5,3.9
20200308220740,0.0,0.0,0.0,0.5,0.1,0.0,90.5,8.8
20200308220810,0.0,0.0,0.0,0.7,0.1,0.0,96.6,2.4
20200308220840,0.0,0.0,0.0,0.2,0.1,0.0,99.3,0.4
20200308220910,0.0,0.0,0.0,0.1,0.0,0.0,99.5,0.4
20200308220940,0.0,0.0,0.0,0.1,0.6,0.0,96.8,2.4
20200308221010,0.1,0.0,0.0,0.4,0.6,0.0,88.4,10.4
20200308221040,0.0,0.0,0.0,0.3,0.2,0.0,96.7,2.7
20200308221110,0.1,0.0,0.0,0.7,0.4,0.1,93.5,5.2
20200308221140,0.1,0.0,0.0,0.8,0.1,0.1,95.5,3.4
20200308221210,0.1,0.0,0.0,0.6,0.2,0.0,92.5,6.5
20200308221240,0.1,0.0,0.0,0.4,0.2,0.1,89.4,9.9
20200308221310,0.3,0.0,0.0,1.0,0.3,0.2,86.4,11.9
20200308221340,0.7,0.0,0.0,0.6,0.8,0.1,83.3,14.4
20200308221410,1.1,0.1,0.1,1.2,1.2,0.3,77.1,18.8
20200308221440,0.9,0.1,0.1,0.5,1.1,0.1,72.1,25.0
20200308221510,0.5,0.0,0.0,0.6,0.5,0.0,85.3,13.0
20200308221540,0.2,0.0,0.0,0.6,0.3,0.0,84.2,14.5
20200308221610,0.0,0.0,0.0,0.2,0.2,0.0,96.6,2.9
20200308221640,0.1,0.0,0.0,0.2,0.3,0.0,89.9,9.6
20200308221710,0.1,0.0,0.0,0.1,0.3,0.0,93.0,6.5
20200308221740,0.1,0.0,0.0,0.1,0.2,0.0,93.5,6.1
20200308221810,0.0,0.0,0.0,0.0,0.0,0.0,99.3,0.7
20200308221840,0.0,0.0,0.0,0.0,0.1,0.0,96.6,3.2
20200308221910,0.1,0.0,0.0,0.0,0.1,0.0,96.9,2.9
20200308221940,0.1,0.0,0.0,0.0,0.1,0.0,95.9,3.9
20200308222010,0.1,0.0,0.0,0.0,0.1,0.0,95.4,4.4
20200308222040,0.2,0.0,0.0,0.0,0.3,0.0,83.7,15.8
20200308222110,0.1,0.0,0.0,0.0,0.1,0.0,93.2,6.6
20200308222140,0.1,0.0,0.0,0.1,0.1,0.0,93.8,6.0
20200308222210,0.1,0.0,0.0,0.0,0.1,0.0,91.3,8.4
20200308222240,0.4,0.0,0.0,0.1,0.3,0.0,84.4,14.8
20200308222310,0.1,0.0,0.0,0.1,0.1,0.0,90.3,9.4
20200308222340,0.1,0.0,0.0,0.1,0.1,0.0,88.1,11.6
20200308222410,0.2,0.0,0.0,0.0,0.1,0.0,81.8,17.9
20200308222440,0.1,0.0,0.0,0.0,0.1,0.0,89.2,10.6
20200308222510,0.6,0.0,0.0,0.1,0.5,0.1,72.5,26.2
20200308222540,0.2,0.0,0.0,0.1,0.2,0.0,73.3,26.2
20200308222610,0.1,0.0,0.0,0.1,0.2,0.0,74.9,24.7
20200308222640,0.2,0.0,0.0,0.1,0.2,0.0,86.6,13.0
20200308222710,0.2,0.0,0.0,0.1,0.1,0.0,77.5,22.1
20200308222740,0.1,0.0,0.0,0.0,0.1,0.0,93.2,6.6
20200308222810,0.1,0.0,0.0,0.1,0.1,0.0,89.2,10.5
20200308222840,0.1,0.0,0.0,0.0,0.1,0.0,93.3,6.6
20200308222910,0.1,0.0,0.0,0.1,0.1,0.0,86.1,13.6
20200308222941,0.2,0.0,0.0,0.1,0.3,0.0,71.2,28.2
20200308223011,0.1,0.0,0.0,0.1,0.2,0.0,79.7,19.7
20200308223041,0.2,0.0,0.0,0.1,0.2,0.0,80.1,19.4
20200308223111,0.1,0.0,0.0,0.1,0.2,0.0,83.2,16.3
20200308223141,0.1,0.0,0.0,0.1,0.1,0.0,86.6,13.1
20200308223211,0.2,0.0,0.0,0.1,0.3,0.0,87.7,11.7
20200308223241,0.1,0.0,0.0,0.1,0.2,0.0,95.1,4.5
20200308223311,0.1,0.0,0.0,0.1,0.1,0.0,93.0,6.6
20200308223341,0.2,0.0,0.0,0.1,0.1,0.0,92.2,7.3
20200308223411,0.1,0.0,0.0,0.1,0.0,0.0,96.5,3.3
20200308223441,0.1,0.0,0.0,0.1,0.1,0.0,95.1,4.7
20200308223511,0.1,0.0,0.0,0.1,0.1,0.0,96.3,3.5
20200308223541,0.1,0.0,0.0,0.1,0.1,0.0,97.7,2.0
20200308223611,0.2,0.0,0.0,0.1,0.1,0.0,93.0,6.6
20200308223641,0.1,0.0,0.0,0.1,0.1,0.0,98.0,1.7
20200308223711,0.1,0.0,0.0,0.2,0.1,0.0,96.2,3.4
20200308223741,0.2,0.0,0.0,0.3,0.4,0.0,87.3,11.8
20200308223811,0.3,0.0,0.0,0.3,0.6,0.1,73.4,25.5
20200308223841,0.1,0.0,0.0,0.1,0.8,0.0,78.5,20.5
20200308223911,0.4,0.0,0.0,0.2,1.0,0.1,72.0,26.4
20200308223941,0.2,0.0,0.0,0.2,1.1,0.0,73.0,25.5
20200308224011,0.4,0.0,0.0,0.2,1.1,0.0,70.9,27.5
20200308224041,0.2,0.0,0.0,0.2,0.5,0.0,69.4,29.7
20200308224111,0.2,0.0,0.0,0.2,0.5,0.1,68.6,30.4
20200308224141,0.1,0.0,0.0,0.1,0.2,0.0,89.7,9.9
20200308224211,0.1,0.0,0.0,0.1,0.1,0.0,76.0,23.6
20200308224241,0.1,0.0,0.0,0.1,0.2,0.0,81.9,17.7
20200308224311,0.0,0.0,0.0,0.0,0.1,0.0,85.7,14.1
20200308224341,0.1,0.0,0.0,0.1,0.1,0.0,87.1,12.6
20200308224411,0.1,0.0,0.0,0.1,0.4,0.0,82.7,16.7
20200308224441,0.0,0.0,0.0,0.1,0.2,0.0,88.7,11.0
20200308224511,0.0,0.0,0.0,0.1,0.2,0.0,89.3,10.4
20200308224541,0.0,0.0,0.0,0.0,0.1,0.0,87.6,12.2
20200308224611,0.1,0.0,0.0,0.1,0.5,0.0,77.5,21.8
20200308224641,0.0,0.0,0.0,0.0,0.3,0.0,78.2,21.4
20200308224711,0.1,0.0,0.0,0.0,0.2,0.0,80.2,19.5
20200308224741,0.2,0.0,0.0,0.0,0.6,0.0,77.1,22.1
20200308224811,0.3,0.0,0.0,0.1,0.8,0.0,79.0,19.7
20200308224841,0.4,0.0,0.0,0.2,0.3,0.0,79.5,19.6
20200308224911,0.2,0.0,0.0,0.1,0.2,0.0,85.6,13.8
20200308224941,0.2,0.0,0.0,0.2,0.6,0.0,88.9,10.1
20200308225011,0.2,0.0,0.0,0.2,0.5,0.0,87.4,11.7
20200308225041,0.3,0.0,0.0,0.2,0.5,0.0,86.8,12.2
20200308225111,0.1,0.0,0.0,0.1,0.3,0.0,89.9,9.5
20200308225141,0.6,0.0,0.0,0.3,0.7,0.0,85.4,12.9
20200308225211,0.2,0.0,0.0,0.1,0.1,0.0,93.6,6.0
20200308225241,0.1,0.0,0.0,0.0,0.1,0.0,95.8,3.9
20200308225311,0.1,0.0,0.0,0.0,0.1,0.0,91.4,8.4
20200308225341,0.1,0.0,0.0,0.1,0.2,0.0,89.2,10.5
20200308225411,0.1,0.0,0.0,0.1,0.2,0.0,94.8,4.9
20200308225441,0.2,0.0,0.0,0.1,0.2,0.0,90.9,8.6
20200308225511,0.2,0.0,0.0,0.1,0.3,0.0,92.4,7.0
20200308225541,0.2,0.0,0.0,0.2,0.2,0.0,94.8,4.5
20200308225611,0.2,0.0,0.0,0.1,0.5,0.0,94.5,4.6
20200308225641,0.5,0.0,0.0,0.3,0.4,0.1,88.7,10.0
20200308225711,0.2,0.0,0.0,0.1,0.2,0.0,95.9,3.6
20200308225741,0.3,0.0,0.0,0.2,0.2,0.0,93.9,5.5
20200308225811,0.1,0.0,0.0,0.1,0.2,0.0,97.1,2.5
20200308225841,0.3,0.0,0.0,0.3,0.3,0.1,95.2,3.7
20200308225911,0.2,0.0,0.0,0.2,0.3,0.1,96.2,3.1
20200308225941,0.1,0.0,0.0,0.1,0.2,0.0,96.3,3.2
20200308230011,0.4,0.0,0.0,0.4,0.4,0.1,90.1,8.6
20200308230041,0.4,0.0,0.0,0.3,0.5,0.1,92.1,6.6
20200308230111,0.3,0.0,0.0,0.2,0.4,0.1,94.8,4.3
20200308230141,0.4,0.0,0.0,0.3,0.3,0.1,92.5,6.3
20200308230211,0.5,0.0,0.0,0.3,0.6,0.1,92.7,5.8
20200308230241,0.6,0.0,0.0,0.2,0.6,0.1,93.3,5.2
20200308230311,0.6,0.0,0.0,0.8,0.6,0.1,91.5,6.3
20200308230342,0.4,0.0,0.0,0.3,0.5,0.1,93.3,5.4
20200308230412,0.3,0.0,0.0,0.3,0.3,0.0,96.0,2.9
20200308230442,0.4,0.0,0.1,0.4,0.4,0.1,92.6,6.1
20200308230512,0.6,0.0,0.1,0.3,0.4,0.1,93.7,4.9
20200308230542,0.3,0.0,0.0,0.3,0.3,0.0,96.9,2.2
20200308230612,0.8,0.0,0.1,0.4,0.5,0.1,92.5,5.7
20200308230642,0.8,0.0,0.1,0.5,0.6,0.1,89.0,8.9
20200308230712,0.4,0.0,0.1,0.5,0.4,0.0,95.5,3.0
20200308230742,0.3,0.0,0.0,0.2,0.3,0.0,93.4,5.7
20200308230812,0.3,0.0,0.0,0.3,0.8,0.1,93.5,5.0
20200308230842,0.3,0.0,0.0,0.3,0.5,0.0,93.0,5.8
20200308230912,0.9,0.0,0.1,0.8,1.1,0.1,89.1,7.9
20200308230942,0.9,0.0,0.0,0.8,0.7,0.1,89.8,7.7
20200308231012,0.4,0.0,0.0,0.6,0.4,0.1,93.4,5.0
20200308231042,0.6,0.0,0.0,0.6,0.8,0.1,91.0,6.9
20200308231112,0.6,0.0,0.0,0.4,0.8,0.1,91.6,6.4
20200308231142,0.6,0.0,0.0,0.3,0.3,0.0,93.3,5.4
20200308231212,0.3,0.0,0.0,0.2,0.5,0.0,96.6,2.3
20200308231242,0.4,0.0,0.0,0.3,0.4,0.0,93.9,5.0
20200308231312,0.3,0.0,0.0,0.3,0.5,0.0,92.7,6.2
20200308231342,0.2,0.0,0.0,0.3,0.3,0.0,91.0,8.1
20200308231412,0.5,0.0,0.0,0.3,0.6,0.1,88.8,9.7
20200308231442,0.2,0.0,0.0,0.2,0.3,0.0,94.8,4.4
20200308231512,0.4,0.0,0.0,0.3,0.6,0.1,91.2,7.5
20200308231542,0.2,0.0,0.0,0.3,0.4,0.0,95.0,4.1
20200308231612,0.2,0.0,0.0,0.3,0.3,0.0,92.9,6.2
20200308231642,0.2,0.0,0.0,0.2,0.3,0.0,94.2,5.0
20200308231712,0.2,0.0,0.0,0.1,0.3,0.0,95.9,3.4
20200308231742,0.1,0.0,0.0,0.1,0.1,0.0,96.2,3.4
20200308231812,0.1,0.0,0.0,0.1,0.4,0.0,95.5,3.8
20200308231842,0.3,0.0,0.0,0.3,0.5,0.1,95.3,3.5
20200308231912,0.1,0.0,0.0,0.1,0.1,0.0,97.8,2.0
20200308231942,0.2,0.0,0.0,0.2,0.5,0.1,94.9,4.2
20200308232012,0.2,0.0,0.0,0.2,0.3,0.1,91.1,8.2
20200308232042,0.1,0.0,0.0,0.1,0.1,0.0,97.8,1.9
20200308232112,0.1,0.0,0.0,0.1,0.2,0.0,96.8,2.8
20200308232142,0.1,0.0,0.0,0.2,0.2,0.0,95.4,4.1
20200308232212,0.1,0.0,0.0,0.2,0.2,0.0,94.8,4.6
20200308232242,0.1,0.0,0.0,0.1,0.2,0.0,97.2,2.3
20200308232312,0.1,0.0,0.0,0.1,0.2,0.0,94.9,4.5
20200308232342,0.2,0.0,0.0,0.3,0.1,0.1,93.3,5.9
20200308232412,0.4,0.0,0.0,0.3,0.3,0.1,90.0,8.8
20200308232442,0.6,0.0,0.0,0.3,0.3,0.1,84.5,14.1
20200308232512,0.9,0.0,0.1,0.5,0.6,0.2,85.1,12.6
20200308232542,0.4,0.0,0.0,0.3,0.4,0.1,94.6,4.1
20200308232612,0.7,0.0,0.0,0.4,1.4,0.1,89.6,7.8
20200308232642,0.4,0.0,0.0,0.3,1.1,0.1,92.4,5.6
20200308232712,0.1,0.0,0.0,0.2,0.4,0.1,93.6,5.6
20200308232742,0.2,0.0,0.0,0.3,0.7,0.1,86.7,11.9
20200308232812,0.4,0.0,0.0,0.3,0.3,0.2,92.6,6.1
20200308232842,0.1,0.0,0.0,0.1,0.3,0.1,93.5,5.9
20200308232912,0.3,0.0,0.0,0.3,0.2,0.1,92.6,6.3
20200308232942,0.3,0.0,0.0,0.2,0.2,0.1,91.7,7.5
20200308233012,0.4,0.0,0.0,0.2,0.2,0.1,92.0,7.0
20200308233042,0.4,0.0,0.0,0.2,2.0,0.2,82.1,15.1
20200308233112,0.1,0.0,0.0,0.1,0.1,0.0,94.5,5.2
20200308233142,0.2,0.0,0.0,0.1,0.1,0.1,95.4,4.1
20200308233212,0.2,0.0,0.0,0.1,0.2,0.0,96.5,3.0
20200308233242,0.1,0.0,0.0,0.1,0.2,0.0,95.8,3.8
20200308233312,0.2,0.0,0.0,0.2,0.5,0.1,93.7,5.3
20200308233342,0.3,0.0,0.0,0.3,0.5,0.1,91.4,7.3
20200308233412,0.1,0.0,0.0,0.1,0.3,0.0,94.1,5.4
20200308233442,0.0,0.0,0.0,0.1,0.2,0.0,94.8,4.8
20200308233512,0.1,0.0,0.0,0.2,0.3,0.1,96.8,2.5
20200308233542,0.2,0.0,0.0,0.2,0.5,0.1,95.7,3.3
20200308233612,0.1,0.0,0.0,0.2,0.7,0.1,95.6,3.4
20200308233642,0.0,0.0,0.0,0.1,0.2,0.0,97.5,2.1
20200308233712,0.1,0.0,0.0,0.2,0.2,0.0,96.2,3.2
20200308233743,0.0,0.0,0.0,0.1,0.1,0.0,98.1,1.6
20200308233813,0.1,0.0,0.0,0.1,0.2,0.0,97.3,2.3
20200308233843,0.2,0.0,0.0,0.3,1.6,0.1,89.0,8.8
20200308233913,0.2,0.0,0.0,0.3,0.4,0.1,92.7,6.3
20200308233943,0.1,0.0,0.0,0.3,0.8,0.1,92.2,6.5
20200308234013,0.1,0.0,0.0,0.3,0.3,0.1,93.4,5.8
20200308234043,0.0,0.0,0.0,0.3,0.2,0.0,96.7,2.7
20200308234113,0.1,0.0,0.0,0.2,0.1,0.1,95.8,3.7
20200308234143,0.1,0.0,0.0,0.2,0.5,0.1,94.3,4.9
20200308234213,0.0,0.0,0.0,0.2,0.1,0.0,96.5,3.2
20200308234243,0.1,0.0,0.0,0.2,0.1,0.0,95.9,3.7
20200308234313,0.1,0.0,0.0,0.1,0.1,0.0,97.5,2.3
20200308234343,0.0,0.0,0.0,0.2,0.1,0.0,94.7,4.9
20200308234413,0.0,0.0,0.0,0.1,0.1,0.0,96.5,3.2
20200308234443,0.0,0.0,0.0,0.1,0.0,0.0,96.1,3.7
20200308234513,0.0,0.0,0.0,0.1,0.1,0.0,97.4,2.3
20200308234543,0.1,0.0,0.0,0.2,0.1,0.1,96.4,3.3
20200308234613,0.0,0.0,0.0,0.1,0.1,0.0,96.8,2.9
20200308234643,0.0,0.0,0.0,0.2,0.1,0.0,97.6,2.0
20200308234713,0.0,0.0,0.0,0.1,0.0,0.0,95.5,4.3
20200308234743,0.0,0.0,0.0,0.2,0.1,0.0,91.9,7.6
20200308234813,0.0,0.0,0.0,0.2,0.1,0.0,96.4,3.2
20200308234843,0.0,0.0,0.0,0.1,0.0,0.0,97.1,2.7
20200308234913,0.0,0.0,0.0,0.1,0.1,0.0,96.9,2.8
20200308234943,0.0,0.0,0.0,0.1,0.1,0.0,95.4,4.2
20200308235013,0.0,0.0,0.0,0.1,0.0,0.0,95.8,3.9
20200308235043,0.0,0.0,0.0,0.2,0.1,0.0,97.3,2.4
20200308235113,0.0,0.0,0.0,0.1,0.1,0.0,96.7,3.1
20200308235143,0.1,0.0,0.0,0.2,0.1,0.1,96.1,3.5
20200308235213,0.0,0.0,0.0,0.1,0.0,0.0,97.8,2.0
20200308235243,0.1,0.0,0.0,0.3,0.2,0.1,93.3,6.1
20200308235313,0.0,0.0,0.0,0.2,0.1,0.0,96.4,3.3
20200308235343,0.0,0.0,0.0,0.2,0.1,0.0,96.1,3.6
20200308235413,0.0,0.0,0.0,0.2,0.1,0.1,94.5,5.2
