UT,arc,discrete,diffuse,ac,ab,clear,cloudy,dd
20181001165200,0.0,0.0,0.0,0.0,0.0,0.0,0.0,100.0
20181001165230,0.0,0.0,0.0,0.0,0.0,0.0,0.0,100.0
20181001165300,0.0,0.0,0.0,0.0,0.0,0.0,0.0,100.0
20181001165330,0.0,0.0,0.0,0.0,0.0,0.0,0.0,100.0
20181001165400,0.0,0.0,0.0,0.0,0.0,0.0,0.0,100.0
20181001165430,0.0,0.0,0.0,0.0,0.0,0.0,0.0,100.0
20181001165500,0.0,0.0,0.0,0.0,0.0,0.0,0.0,100.0
20181001165530,0.0,0.0,0.0,0.0,0.0,0.0,0.0,100.0
20181001165600,0.0,0.0,0.0,0.0,0.0,0.0,0.0,100.0
20181001165630,0.0,0.0,0.0,0.0,0.0,0.0,0.0,100.0
20181001165700,0.0,0.0,0.0,0.0,0.0,0.0,0.0,100.0
20181001165730,0.0,0.0,0.0,0.0,0.0,0.0,0.0,100.0
20181001165800,0.0,0.0,0.0,0.0,0.0,0.0,0.0,100.0
20181001165830,0.0,0.0,0.0,0.0,0.0,0.0,0.0,100.0
20181001165900,0.0,0.0,0.0,0.0,0.0,0.0,0.0,100.0
20181001165930,0.0,0.0,0.0,0.0,0.0,0.0,0.0,100.0
20181001170000,0.0,0.0,0.0,0.0,0.0,0.0,0.0,100.0
20181001170030,0.0,0.0,0.0,0.0,0.0,0.0,0.0,100.0
20181001170100,0.0,0.0,0.0,0.0,0.0,0.0,0.0,100.0
20181001170130,0.0,0.0,0.0,0.0,0.0,0.0,0.0,100.0
20181001170200,0.0,0.0,0.0,0.0,0.0,0.0,0.0,100.0
20181001170230,0.0,0.0,0.0,0.0,0.0,0.0,0.0,100.0
20181001170300,0.0,0.0,0.0,0.0,0.0,0.0,0.0,100.0
20181001170330,0.0,0.0,0.0,0.0,0.0,0.0,0.0,100.0
20181001170400,0.0,0.0,0.0,0.0,0.0,0.0,0.0,100.0
20181001170430,0.0,0.0,0.0,0.0,0.0,0.0,0.0,100.0
20181001170500,0.0,0.0,0.0,0.0,0.0,0.0,0.0,100.0
20181001170530,0.0,0.0,0.0,0.0,0.0,0.0,0.0,100.0
20181001170600,0.0,0.0,0.0,0.0,0.0,0.0,0.0,100.0
20181001170630,0.0,0.0,0.0,0.0,0.0,0.0,0.0,100.0
20181001170700,0.0,0.0,0.0,0.0,0.0,0.0,0.0,100.0
20181001170730,0.0,0.0,0.0,0.0,0.0,0.0,0.0,100.0
20181001170800,0.0,0.0,0.0,0.0,0.0,0.0,0.0,100.0
20181001170830,0.0,0.0,0.0,0.0,0.0,0.0,0.0,100.0
20181001170900,0.0,0.0,0.0,0.0,0.0,0.0,0.0,100.0
20181001170930,0.0,0.0,0.0,0.0,0.0,0.0,0.0,100.0
20181001171000,0.0,0.0,0.0,0.0,0.0,0.0,0.0,100.0
20181001171030,0.0,0.0,0.0,0.0,0.0,0.0,0.0,100.0
20181001171100,0.0,0.0,0.0,0.0,0.0,0.0,0.0,100.0
20181001171130,0.0,0.0,0.0,0.0,0.0,0.0,0.0,100.0
20181001171200,0.0,0.0,0.0,0.0,0.0,0.0,0.0,100.0
20181001171230,0.0,0.0,0.0,0.0,0.0,0.0,0.0,100.0
20181001171300,0.0,0.0,0.0,0.0,0.0,0.0,0.0,100.0
20181001171330,0.0,0.0,0.0,0.0,0.0,0.0,0.0,100.0
20181001171400,0.0,0.0,0.0,0.0,0.0,0.0,0.0,100.0
20181001171430,0.0,0.0,0.0,0.0,0.0,0.0,0.0,100.0
20181001171500,0.0,0.0,0.0,0.0,0.0,0.0,0.0,100.0
20181001171530,0.0,0.0,0.0,0.0,0.0,0.0,0.0,100.0
20181001171600,0.0,0.0,0.0,0.0,0.0,0.0,0.0,100.0
20181001171630,0.0,0.0,0.0,0.0,0.0,0.0,0.0,100.0
20181001171700,0.0,0.0,0.0,0.0,0.0,0.0,0.0,100.0
20181001171730,0.0,0.0,0.0,0.0,0.0,0.0,0.0,100.0
20181001171800,0.0,0.0,0.0,0.0,0.0,0.0,0.0,100.0
20181001171830,0.0,0.0,0.0,0.0,0.0,0.0,0.0,100.0
20181001171901,0.0,0.0,0.0,0.0,0.0,0.0,0.0,100.0
20181001171931,0.0,0.0,0.0,0.0,0.0,0.0,0.0,100.0
20181001172001,0.0,0.0,0.0,0.0,0.0,0.0,0.0,100.0
20181001172031,0.0,0.0,0.0,0.0,0.0,0.0,0.0,100.0
20181001172101,0.0,0.0,0.0,0.0,0.0,0.0,0.0,100.0
20181001172131,0.0,0.0,0.0,0.0,0.0,0.0,0.0,100.0
20181001172201,0.0,0.0,0.0,0.0,0.0,0.0,0.0,100.0
20181001172231,0.0,0.0,0.0,0.0,0.0,0.0,0.0,100.0
20181001172301,0.0,0.0,0.0,0.0,0.0,0.0,0.0,100.0
20181001172331,0.0,0.0,0.0,0.0,0.0,0.0,0.0,100.0
20181001172401,0.0,0.0,0.0,0.0,0.0,0.0,0.0,100.0
20181001172431,0.0,0.0,0.0,0.0,0.0,0.0,0.0,100.0
20181001172501,0.0,0.0,0.0,0.0,0.0,0.0,0.0,100.0
20181001172531,0.0,0.0,0.0,0.0,0.0,0.0,0.0,100.0
20181001172601,0.0,0.0,0.0,0.0,0.0,0.0,0.0,100.0
20181001172631,0.0,0.0,0.0,0.0,0.0,0.0,0.0,100.0
20181001172701,0.0,0.0,0.0,0.0,0.0,0.0,0.0,100.0
20181001172731,0.0,0.0,0.0,0.0,0.0,0.0,0.0,100.0
20181001172801,0.0,0.0,0.0,0.0,0.0,0.0,0.0,100.0
20181001172831,0.0,0.0,0.0,0.0,0.0,0.0,0.0,100.0
20181001172901,0.0,0.0,0.0,0.0,0.0,0.0,0.0,100.0
20181001172931,0.0,0.0,0.0,0.0,0.0,0.0,0.0,100.0
20181001173001,0.0,0.0,0.0,0.0,0.0,0.0,0.0,100.0
20181001173031,0.0,0.0,0.0,0.0,0.0,0.0,0.0,100.0
20181001173101,0.0,0.0,0.0,0.0,0.0,0.0,0.0,100.0
20181001173131,0.0,0.0,0.0,0.0,0.0,0.0,0.0,100.0
20181001173201,0.0,0.0,0.0,0.0,0.0,0.0,0.0,100.0
20181001173231,0.0,0.0,0.0,0.0,0.0,0.0,0.0,100.0
20181001173301,0.0,0.0,0.0,0.0,0.0,0.0,0.0,100.0
20181001173331,0.0,0.0,0.0,0.0,0.0,0.0,0.0,100.0
20181001173401,0.0,0.0,0.0,0.0,0.0,0.0,0.0,100.0
20181001173431,0.0,0.0,0.0,0.0,0.0,0.0,0.0,100.0
20181001173501,0.0,0.0,0.0,0.0,0.0,0.0,0.0,100.0
20181001173531,0.0,0.0,0.0,0.0,0.0,0.0,0.0,100.0
20181001173601,0.0,0.0,0.0,0.0,0.0,0.0,0.0,100.0
20181001173631,0.0,0.0,0.0,0.0,0.0,0.0,0.0,100.0
20181001173701,0.0,0.0,0.0,0.0,0.0,0.0,0.0,100.0
20181001173731,0.0,0.0,0.0,0.0,0.0,0.0,0.0,100.0
20181001173801,0.0,0.0,0.0,0.0,0.0,0.0,0.0,100.0
20181001173831,0.0,0.0,0.0,0.0,0.0,0.0,0.0,100.0
20181001173901,0.0,0.0,0.0,0.0,0.0,0.0,0.0,100.0
20181001173931,0.0,0.0,0.0,0.0,0.0,0.0,0.0,100.0
20181001174001,0.0,0.0,0.0,0.0,0.0,0.0,0.0,100.0
20181001174031,0.0,0.0,0.0,0.0,0.0,0.0,0.0,100.0
20181001174101,0.0,0.0,0.0,0.0,0.0,0.0,0.0,100.0
20181001174131,0.0,0.0,0.0,0.0,0.0,0.0,0.0,100.0
20181001174201,0.0,0.0,0.0,0.0,0.0,0.0,0.0,100.0
20181001174231,0.0,0.0,0.0,0.0,0.0,0.0,0.0,100.0
20181001174301,0.0,0.0,0.0,0.0,0.0,0.0,0.0,100.0
20181001174331,0.0,0.0,0.0,0.0,0.0,0.0,0.0,100.0
20181001174401,0.0,0.0,0.0,0.0,0.0,0.0,0.0,100.0
20181001174431,0.0,0.0,0.0,0.0,0.0,0.0,0.0,100.0
20181001174501,0.0,0.0,0.0,0.0,0.0,0.0,0.0,100.0
20181001174531,0.0,0.0,0.0,0.0,0.0,0.0,0.0,100.0
20181001174601,0.0,0.0,0.0,0.0,0.0,0.0,0.0,100.0
20181001174631,0.0,0.0,0.0,0.0,0.0,0.0,0.0,100.0
20181001174701,0.0,0.0,0.0,0.0,0.0,0.0,0.0,100.0
20181001174731,0.0,0.0,0.0,0.0,0.0,0.0,0.0,100.0
20181001174801,0.0,0.0,0.0,0.0,0.0,0.0,0.0,100.0
20181001174831,0.0,0.0,0.0,0.0,0.0,0.0,0.0,100.0
20181001174901,0.0,0.0,0.0,0.0,0.0,0.0,0.0,100.0
20181001174931,0.0,0.0,0.0,0.0,0.0,0.0,0.0,100.0
20181001175001,0.0,0.0,0.0,0.0,0.0,0.0,0.0,100.0
20181001175031,0.0,0.0,0.0,0.0,0.0,0.0,0.0,100.0
20181001175101,0.0,0.0,0.0,0.0,0.0,0.0,0.0,100.0
20181001175131,0.0,0.0,0.0,0.0,0.0,0.0,0.0,100.0
20181001175332,0.0,0.0,0.0,0.0,0.0,0.0,0.0,100.0
20181001175402,0.0,0.0,0.0,0.0,0.0,0.0,0.0,100.0
20181001175432,0.0,0.0,0.0,0.0,0.0,0.0,0.0,100.0
20181001175502,0.0,0.0,0.0,0.0,0.0,0.0,0.0,100.0
20181001175532,0.0,0.0,0.0,0.0,0.0,0.0,0.0,100.0
20181001175602,0.0,0.0,0.0,0.0,0.0,0.0,0.0,100.0
20181001175632,0.0,0.0,0.0,0.0,0.0,0.0,0.0,100.0
20181001175702,0.0,0.0,0.0,0.0,0.0,0.0,0.0,100.0
20181001175732,0.0,0.0,0.0,0.0,0.0,0.0,0.0,100.0
20181001175802,0.0,0.0,0.0,0.0,0.0,0.0,0.0,100.0
20181001175832,0.0,0.0,0.0,0.0,0.0,0.0,0.0,100.0
20181001175902,0.0,0.0,0.0,0.0,0.0,0.0,0.0,100.0
20181001175932,0.0,0.0,0.0,0.0,0.7,0.0,0.0,99.3
20181001180002,0.0,0.0,0.0,0.0,0.2,0.0,0.0,99.8
20181001180032,0.0,0.0,0.0,0.0,1.4,0.0,0.0,98.6
20181001180102,0.0,0.0,0.0,0.0,0.7,0.0,0.0,99.3
20181001180132,0.0,0.0,0.0,0.0,0.1,0.0,0.0,99.9
20181001180202,0.0,0.0,0.0,0.0,0.1,0.0,0.0,99.9
20181001180232,0.0,0.0,0.0,0.0,2.9,0.0,0.0,97.1
20181001180302,0.0,0.0,0.0,0.0,1.3,0.0,0.0,98.7
20181001180332,0.0,0.0,0.0,0.0,2.4,0.0,0.0,97.6
20181001180402,0.0,0.0,0.0,0.0,5.6,0.0,0.0,94.4
20181001180432,0.0,0.0,0.0,0.0,23.6,0.0,0.0,76.4
20181001180502,0.0,0.0,0.0,0.0,1.2,0.0,0.0,98.8
20181001180532,0.0,0.0,0.0,0.0,0.2,0.0,0.0,99.8
20181001180602,0.0,0.0,0.0,0.0,0.6,0.0,0.0,99.4
20181001180632,0.0,0.0,0.0,0.0,8.9,0.0,0.0,91.1
20181001180702,0.0,0.0,0.0,0.0,0.0,0.0,0.0,100.0
20181001180732,0.0,0.0,0.0,0.0,0.0,0.0,0.0,100.0
20181001180802,0.0,0.0,0.0,0.0,0.0,0.0,0.0,100.0
20181001180832,0.0,0.0,0.0,0.0,0.0,0.0,0.0,100.0
20181001180902,0.0,0.0,0.0,0.0,0.1,0.0,0.0,99.9
20181001180932,0.0,0.0,0.0,0.0,0.1,0.0,0.0,99.9
20181001181002,0.0,0.0,0.0,0.0,0.0,0.0,0.0,100.0
20181001181032,0.0,0.0,0.0,0.0,0.0,0.0,0.0,100.0
20181001181102,0.0,0.0,0.0,0.0,0.1,0.0,0.0,99.9
20181001181132,0.0,0.0,0.0,0.0,0.5,0.0,0.0,99.5
20181001181202,0.0,0.0,0.0,0.0,0.2,0.0,0.0,99.8
20181001181232,0.0,0.0,0.0,0.1,0.3,0.0,0.0,99.6
20181001181302,0.0,0.0,0.0,0.1,0.0,0.0,0.0,99.9
20181001181332,0.0,0.0,0.0,6.2,0.1,0.0,0.0,93.6
20181001181402,0.0,0.0,0.0,7.9,0.2,0.0,0.1,91.8
20181001181432,0.0,0.0,0.0,5.5,0.0,0.0,0.3,94.2
20181001181502,0.0,0.0,0.0,79.2,0.3,0.0,0.6,19.9
20181001181532,0.0,0.0,0.0,15.8,0.2,0.0,0.7,83.4
20181001181602,0.0,0.0,0.0,31.0,0.1,0.0,1.4,67.5
20181001181632,0.0,0.0,0.0,11.1,0.1,0.0,2.7,86.1
20181001181702,0.0,0.0,0.0,6.1,0.0,0.0,0.1,93.8
20181001181732,0.0,0.0,0.0,1.0,0.0,0.0,0.2,98.8
20181001181802,0.0,0.0,0.0,0.8,0.1,0.0,0.5,98.6
20181001181832,0.0,0.0,0.0,2.5,0.1,0.0,0.5,96.8
20181001181902,0.0,0.0,0.0,19.5,0.1,0.0,5.6,74.9
20181001181932,0.0,0.0,0.0,5.1,0.0,0.0,1.0,93.8
20181001182002,0.0,0.0,0.0,14.0,0.0,0.0,1.7,84.2
20181001182032,0.0,0.0,0.0,39.7,0.1,0.0,10.6,49.6
20181001182102,0.0,0.0,0.0,40.7,0.1,0.0,39.7,19.5
20181001182132,0.0,0.0,0.0,73.2,0.1,0.0,14.4,12.4
20181001182202,0.0,0.0,0.0,3.9,0.0,0.0,93.5,2.6
20181001182232,0.0,0.0,0.0,40.3,0.1,0.0,35.2,24.4
20181001182302,0.0,0.0,0.0,25.6,0.2,0.0,44.4,29.8
20181001182332,0.0,0.0,0.0,11.4,0.6,0.0,26.5,61.6
20181001182402,0.0,0.0,0.0,69.2,0.3,0.0,20.5,10.1
20181001182432,0.0,0.0,0.0,82.7,0.2,0.0,2.9,14.2
20181001182502,0.0,0.0,0.0,83.7,0.1,0.0,6.8,9.3
20181001182532,0.0,0.0,0.0,98.6,0.0,0.0,0.5,0.9
20181001182602,0.0,0.0,0.0,89.3,0.0,0.0,1.1,9.5
20181001182632,0.0,0.0,0.0,97.9,0.0,0.0,0.7,1.4
20181001182702,0.0,0.0,0.0,40.1,0.0,0.0,26.4,33.4
20181001182733,0.0,0.0,0.0,99.1,0.0,0.0,0.1,0.8
20181001182803,0.0,0.0,0.0,99.2,0.0,0.0,0.0,0.8
20181001182833,0.0,0.0,0.0,99.7,0.0,0.0,0.1,0.2
20181001182903,0.0,0.0,0.0,99.9,0.0,0.0,0.1,0.0
20181001182933,0.0,0.0,0.0,97.0,0.0,0.0,1.4,1.5
20181001183003,0.0,0.0,0.0,99.7,0.0,0.0,0.0,0.3
20181001183033,0.0,0.0,0.0,99.5,0.0,0.0,0.0,0.4
20181001183103,0.0,0.0,0.0,100.0,0.0,0.0,0.0,0.0
20181001183133,0.0,0.0,0.0,100.0,0.0,0.0,0.0,0.0
20181001183203,0.0,0.0,0.0,100.0,0.0,0.0,0.0,0.0
20181001183233,0.0,0.0,0.0,100.0,0.0,0.0,0.0,0.0
20181001183303,0.0,0.0,0.0,100.0,0.0,0.0,0.0,0.0
20181001183333,0.0,0.0,0.0,100.0,0.0,0.0,0.0,0.0
20181001183403,0.0,0.0,0.0,100.0,0.0,0.0,0.0,0.0
20181001183433,0.0,0.0,0.0,100.0,0.0,0.0,0.0,0.0
20181001183503,0.0,0.0,0.0,100.0,0.0,0.0,0.0,0.0
20181001183533,0.0,0.0,0.0,100.0,0.0,0.0,0.0,0.0
20181001183603,0.0,0.0,0.0,100.0,0.0,0.0,0.0,0.0
20181001183633,0.0,0.0,0.0,99.9,0.1,0.0,0.0,0.0
20181001183703,0.0,0.0,0.0,96.9,2.9,0.0,0.0,0.2
20181001183733,0.0,0.0,0.0,98.3,0.5,0.0,0.0,1.2
20181001183803,0.0,0.0,0.0,99.2,0.0,0.0,0.0,0.8
20181001183833,0.0,0.0,0.0,99.8,0.0,0.0,0.0,0.2
20181001183903,0.0,0.0,0.0,97.3,0.1,0.0,0.0,2.7
20181001183933,0.0,0.0,0.0,99.6,0.0,0.0,0.0,0.4
20181001184003,0.0,0.0,0.0,99.6,0.1,0.0,0.0,0.3
20181001184033,0.0,0.0,0.0,63.1,0.6,0.0,0.1,36.2
20181001184103,0.0,0.0,0.0,75.7,1.1,0.0,6.3,17.0
20181001184133,0.0,0.0,0.0,71.2,1.0,0.0,15.9,11.9
20181001184203,0.0,0.0,0.0,54.9,0.6,0.0,27.2,17.3
20181001184233,0.0,0.0,0.0,97.3,0.0,0.0,0.0,2.7
20181001184303,0.0,0.0,0.0,98.0,0.1,0.0,0.0,2.0
20181001184333,0.0,0.0,0.0,93.5,0.3,0.0,0.0,6.1
20181001184403,0.0,0.0,0.0,96.8,0.1,0.0,0.0,3.2
20181001184433,0.0,0.0,0.0,98.1,0.5,0.0,0.0,1.5
20181001184503,0.0,0.0,0.0,96.6,0.7,0.0,0.0,2.7
20181001184533,0.0,0.0,0.0,86.2,0.5,0.0,0.0,13.3
20181001184603,0.0,0.0,0.0,99.2,0.6,0.0,0.0,0.2
20181001184633,0.0,0.0,0.0,99.8,0.0,0.0,0.0,0.2
20181001184703,0.0,0.0,0.0,97.9,0.3,0.0,0.0,1.8
20181001184733,0.0,0.0,0.0,99.3,0.1,0.0,0.0,0.7
20181001184803,0.0,0.0,0.0,99.4,0.1,0.0,0.0,0.5
20181001184833,0.0,0.0,0.0,71.0,3.8,0.0,9.9,15.3
20181001184903,0.0,0.0,0.0,69.5,2.1,0.0,13.1,15.3
20181001184933,0.0,0.0,0.0,93.8,0.6,0.0,0.2,5.3
20181001185003,0.0,0.0,0.1,58.0,0.5,0.0,19.9,21.6
20181001185033,0.0,0.0,0.1,24.0,0.5,0.0,68.8,6.6
20181001185103,0.0,0.0,0.1,28.7,0.8,0.0,30.4,40.0
20181001185133,0.0,0.0,0.0,35.0,1.3,0.0,4.0,59.6
20181001185203,0.0,0.0,0.0,16.7,0.4,0.0,1.7,81.2
20181001185233,0.0,0.0,0.1,19.6,0.8,0.0,39.7,39.9
20181001185303,0.0,0.0,0.1,31.6,0.5,0.0,23.5,44.3
20181001185333,0.0,0.0,0.1,44.2,0.4,0.0,18.9,36.4
20181001185403,0.0,0.0,0.0,31.0,0.4,0.0,12.2,56.4
20181001185434,0.0,0.0,0.0,17.1,0.4,0.0,35.0,47.5
20181001185504,0.0,0.0,0.0,19.8,0.4,0.0,32.5,47.2
20181001185534,0.0,0.0,0.0,14.1,0.3,0.0,38.2,47.4
20181001185604,0.0,0.0,0.0,11.3,0.2,0.0,43.8,44.6
20181001185634,0.0,0.0,0.0,8.7,0.2,0.0,42.6,48.5
20181001185704,0.0,0.0,0.0,16.8,0.1,0.0,67.3,15.8
20181001185734,0.0,0.0,0.0,2.2,0.1,0.0,78.5,19.3
20181001185804,0.0,0.0,0.0,5.2,0.2,0.0,74.3,20.3
20181001185834,0.0,0.0,0.0,2.0,0.1,0.0,64.1,33.9
20181001185904,0.0,0.0,0.0,11.7,0.4,0.0,41.1,46.8
20181001185934,0.0,0.0,0.0,1.3,0.2,0.0,7.4,91.0
20181001190004,0.0,0.0,0.0,7.0,0.1,0.0,12.0,80.8
20181001190034,0.0,0.0,0.0,91.2,0.1,0.0,0.1,8.5
20181001190104,0.0,0.0,0.0,67.6,0.4,0.0,0.1,32.0
20181001190134,0.0,0.0,0.1,65.3,0.6,0.0,5.6,28.4
20181001190204,0.0,0.0,0.0,90.7,0.9,0.0,0.0,8.4
20181001190234,0.0,0.0,0.0,52.9,2.1,0.0,0.0,44.9
20181001190304,0.0,0.0,0.0,33.1,0.3,0.0,0.0,66.6
20181001190334,0.0,0.0,0.0,4.8,0.3,0.0,0.0,94.9
20181001190404,0.0,0.0,0.0,44.7,0.8,0.0,0.1,54.4
20181001190434,0.0,0.0,0.1,28.8,2.3,0.0,37.8,31.0
20181001190504,0.0,0.0,0.1,10.0,1.3,0.0,32.1,56.5
20181001190534,0.0,0.0,0.1,25.2,2.9,0.0,31.4,40.5
20181001190604,0.0,0.0,0.1,15.7,2.0,0.0,74.2,8.1
20181001190634,0.0,0.0,0.1,26.0,1.0,0.0,60.1,12.8
20181001190704,0.0,0.0,0.1,18.2,0.5,0.0,66.5,14.8
20181001190734,0.0,0.0,0.0,64.8,1.2,0.0,1.5,32.5
20181001190804,0.0,0.0,0.0,97.6,0.7,0.0,0.0,1.6
20181001190834,0.0,0.0,0.0,56.0,0.7,0.0,0.3,43.0
20181001190904,0.0,0.0,0.0,21.1,0.3,0.0,28.9,49.7
20181001190934,0.0,0.0,0.2,11.8,0.4,0.0,67.8,19.9
20181001191004,0.0,0.0,0.1,39.8,0.6,0.0,20.7,38.9
20181001191034,0.0,0.0,0.0,35.1,0.3,0.0,27.2,37.4
20181001191104,0.0,0.0,0.1,39.8,0.6,0.0,36.5,23.0
20181001191134,0.0,0.0,0.1,24.9,0.7,0.0,54.6,19.7
20181001191204,0.0,0.0,0.1,40.6,0.8,0.0,30.7,27.7
20181001191234,0.0,0.0,0.0,32.6,0.3,0.0,50.5,16.6
20181001191304,0.0,0.0,0.1,29.9,1.1,0.0,27.1,41.7
20181001191334,0.0,0.0,0.0,12.8,0.5,0.0,59.1,27.6
20181001191404,0.0,0.0,0.0,8.3,0.4,0.0,65.4,25.9
20181001191434,0.0,0.0,0.0,11.2,0.5,0.0,55.0,33.2
20181001191504,0.0,0.0,0.0,2.3,0.1,0.0,92.5,5.0
20181001191534,0.0,0.0,0.0,2.3,0.1,0.0,91.0,6.5
20181001191604,0.0,0.0,0.0,9.2,0.2,0.0,85.0,5.5
20181001191634,0.0,0.0,0.1,5.1,0.3,0.0,92.1,2.3
20181001191704,0.1,0.0,0.0,11.5,0.7,0.0,84.5,3.1
20181001191734,0.0,0.0,0.1,1.6,0.4,0.0,94.8,3.1
20181001191804,0.0,0.0,0.1,5.7,0.2,0.0,92.3,1.7
20181001191834,0.0,0.0,0.2,9.0,0.2,0.0,78.8,11.7
20181001191904,0.0,0.0,0.4,20.1,0.2,0.0,58.6,20.6
20181001191934,0.0,0.0,0.1,8.6,0.1,0.0,76.7,14.6
20181001192004,0.0,0.0,0.0,4.9,0.1,0.0,85.4,9.5
20181001192034,0.0,0.0,0.0,31.9,0.2,0.0,43.1,24.8
20181001192104,0.0,0.0,0.0,4.6,0.2,0.0,87.2,8.0
20181001192134,0.0,0.0,0.0,4.8,0.1,0.0,83.9,11.1
20181001192204,0.0,0.0,0.0,10.1,0.2,0.0,76.1,13.5
20181001192234,0.0,0.0,0.0,16.2,0.2,0.0,64.2,19.3
20181001192304,0.0,0.0,0.0,10.8,0.0,0.0,87.6,1.6
20181001192334,0.0,0.0,0.0,2.4,0.0,0.0,95.5,2.0
20181001192404,0.0,0.0,0.0,4.8,0.1,0.0,83.3,11.8
20181001192434,0.0,0.0,0.1,8.2,0.1,0.0,85.2,6.3
20181001192504,0.0,0.0,0.1,6.0,0.2,0.0,79.1,14.6
20181001192534,0.0,0.0,0.1,6.8,0.0,0.0,73.0,20.1
20181001192604,0.0,0.0,0.0,6.9,0.1,0.0,78.3,14.7
20181001192634,0.0,0.0,0.0,4.0,0.0,0.0,90.2,5.8
20181001192704,0.0,0.0,0.0,5.9,0.0,0.0,86.7,7.3
20181001192734,0.0,0.0,0.0,3.4,0.0,0.0,82.2,14.4
20181001192804,0.0,0.0,0.0,7.6,0.0,0.0,70.8,21.6
20181001192834,0.0,0.0,0.0,8.8,0.0,0.0,12.0,79.2
20181001192905,0.0,0.0,0.2,13.8,0.0,0.0,14.2,71.8
20181001192935,0.0,0.0,0.0,13.3,0.1,0.0,10.6,75.9
20181001193005,0.0,0.0,0.2,16.8,0.3,0.0,22.0,60.7
20181001193035,0.0,0.0,0.4,47.5,0.2,0.0,28.8,23.2
20181001193105,0.0,0.0,0.2,52.4,0.2,0.0,15.0,32.3
20181001193135,0.0,0.0,0.1,31.2,0.4,0.0,48.9,19.4
20181001193205,0.0,0.0,0.1,12.2,0.1,0.0,82.2,5.4
20181001193235,0.0,0.0,0.0,1.3,0.1,0.0,94.5,4.0
20181001193305,0.0,0.0,0.0,10.6,0.1,0.0,82.7,6.5
20181001193335,0.0,0.0,0.0,20.4,0.2,0.0,69.0,10.5
20181001193405,0.0,0.0,0.1,32.2,0.8,0.0,38.4,28.4
20181001193435,0.0,0.0,0.1,33.0,0.2,0.0,39.1,27.5
20181001193505,0.0,0.0,0.0,7.4,0.0,0.0,80.0,12.6
20181001193535,0.0,0.0,0.0,22.8,0.1,0.0,22.3,54.8
20181001193605,0.0,0.0,0.0,41.7,0.0,0.0,18.7,39.6
20181001193635,0.0,0.0,0.0,20.2,0.0,0.0,41.6,38.1
20181001193705,0.0,0.0,0.0,24.1,0.0,0.0,65.1,10.7
20181001193735,0.0,0.0,0.0,54.8,0.0,0.0,38.3,6.8
20181001193805,0.0,0.0,0.0,81.5,0.0,0.0,6.1,12.4
20181001193835,0.0,0.0,0.0,18.9,0.0,0.0,71.8,9.3
20181001193905,0.0,0.0,0.0,24.0,0.0,0.0,67.8,8.2
20181001193935,0.0,0.0,0.0,9.9,0.0,0.0,86.0,4.0
20181001194005,0.0,0.0,0.1,41.1,0.1,0.0,27.8,30.8
20181001194035,0.1,0.0,0.0,9.5,0.2,0.0,54.9,35.3
20181001194105,0.0,0.0,0.1,27.7,0.4,0.0,47.9,23.9
20181001194135,0.1,0.0,0.0,62.0,0.1,0.0,26.0,11.8
20181001194205,0.3,0.0,0.0,63.5,0.3,0.0,16.4,19.4
20181001194235,0.0,0.0,0.0,29.4,0.2,0.0,49.3,21.2
20181001194305,0.0,0.0,0.0,16.1,0.1,0.0,56.1,27.6
20181001194335,0.0,0.0,0.0,9.1,0.5,0.0,78.5,11.9
20181001194405,0.0,0.0,0.0,24.5,0.2,0.0,62.6,12.7
20181001194435,0.0,0.0,0.0,17.2,0.5,0.0,66.1,16.2
20181001194505,0.0,0.0,0.0,35.9,0.1,0.0,55.5,8.5
20181001194535,0.0,0.0,0.0,26.1,0.1,0.0,40.1,33.6
20181001194605,0.0,0.0,0.0,1.9,0.0,0.0,91.9,6.2
20181001194635,0.0,0.0,0.0,8.1,0.0,0.0,85.3,6.6
20181001194705,0.0,0.0,0.0,10.9,0.1,0.0,71.0,18.0
20181001194735,0.0,0.0,0.0,7.4,0.1,0.0,79.8,12.7
20181001194805,0.0,0.0,0.0,29.4,0.2,0.0,62.8,7.5
20181001194835,0.0,0.0,0.0,9.6,0.1,0.0,85.2,5.1
20181001194905,0.0,0.0,0.0,13.2,0.1,0.0,48.5,38.2
20181001194935,0.0,0.0,0.0,7.3,0.1,0.0,82.0,10.6
20181001195005,0.0,0.0,0.0,21.5,0.2,0.0,45.3,32.9
20181001195035,0.0,0.0,0.0,41.2,0.1,0.0,47.6,11.0
20181001195105,0.0,0.0,0.0,46.2,0.1,0.0,38.2,15.5
20181001195135,0.0,0.0,0.0,76.5,0.1,0.0,14.9,8.5
20181001195205,0.0,0.0,0.0,61.9,0.0,0.0,22.3,15.7
20181001195235,0.0,0.0,0.0,56.9,0.1,0.0,22.1,20.9
20181001195305,0.0,0.0,0.0,20.4,0.1,0.0,65.2,14.3
20181001195335,0.0,0.0,0.0,13.1,0.0,0.0,81.9,4.9
20181001195405,0.0,0.0,0.0,3.1,0.0,0.0,92.2,4.6
20181001195435,0.0,0.0,0.0,1.2,0.0,0.0,97.3,1.5
20181001195505,0.0,0.0,0.0,0.9,0.0,0.0,97.9,1.1
20181001195535,0.0,0.0,0.0,8.0,0.0,0.0,78.8,13.1
20181001195605,0.0,0.0,0.0,28.3,0.0,0.0,64.1,7.5
20181001195635,0.0,0.0,0.1,32.8,0.1,0.0,35.5,31.5
20181001195705,0.0,0.0,0.0,30.2,0.1,0.0,51.4,18.3
20181001195735,0.0,0.0,0.1,28.8,0.4,0.0,35.9,34.9
20181001195805,0.0,0.0,0.1,47.1,0.1,0.0,25.3,27.5
20181001195835,0.0,0.0,0.1,32.4,0.2,0.0,48.5,18.9
20181001195905,0.0,0.0,0.0,15.2,0.3,0.0,72.6,11.9
20181001195935,0.0,0.0,0.1,9.0,0.3,0.0,69.1,21.5
20181001200005,0.1,0.0,0.2,29.6,0.8,0.0,30.9,38.5
20181001200035,0.0,0.0,0.0,22.3,0.4,0.0,31.4,45.8
20181001200105,0.0,0.0,0.0,17.2,0.3,0.0,47.2,35.3
20181001200135,0.0,0.0,0.0,12.6,0.2,0.0,61.4,25.7
20181001200205,0.0,0.0,0.0,11.4,0.1,0.0,71.7,16.8
20181001200235,0.0,0.0,0.0,14.9,0.1,0.0,53.5,31.4
20181001200306,0.0,0.0,0.0,7.5,0.0,0.0,66.1,26.4
20181001200336,0.0,0.0,0.0,5.3,0.0,0.0,71.1,23.6
20181001200406,0.0,0.0,0.0,12.5,0.1,0.0,58.1,29.3
20181001200436,0.0,0.0,0.0,11.1,0.1,0.0,69.5,19.3
20181001200506,0.0,0.0,0.0,3.3,0.1,0.0,75.5,21.1
20181001200536,0.0,0.0,0.0,5.6,0.1,0.0,31.0,63.3
20181001200606,0.0,0.0,0.0,3.6,0.1,0.0,70.6,25.8
20181001200636,0.0,0.0,0.0,2.6,0.1,0.0,68.8,28.6
20181001200706,0.0,0.0,0.0,3.1,0.0,0.0,60.9,36.0
20181001200736,0.0,0.0,0.0,7.0,0.0,0.0,84.5,8.5
20181001200806,0.0,0.0,0.0,2.4,0.0,0.0,92.6,4.9
20181001200836,0.0,0.0,0.0,2.0,0.0,0.0,97.0,1.0
20181001200906,0.0,0.0,0.0,12.2,0.2,0.0,64.1,23.4
20181001200936,0.0,0.0,0.0,9.6,0.1,0.0,69.7,20.6
20181001201006,0.0,0.0,0.0,5.4,0.0,0.0,87.2,7.4
20181001201036,0.0,0.0,0.0,3.5,0.0,0.0,86.9,9.6
20181001201106,0.0,0.0,0.0,6.3,0.2,0.0,76.7,16.9
20181001201136,0.0,0.0,0.0,16.3,0.4,0.0,75.5,7.8
20181001201206,0.0,0.0,0.0,8.4,0.1,0.0,84.0,7.6
20181001201236,0.0,0.0,0.0,10.2,0.5,0.0,63.4,26.0
20181001201306,0.0,0.0,0.0,33.2,0.2,0.0,34.9,31.7
20181001201336,0.0,0.0,0.0,29.1,0.2,0.0,55.3,15.5
20181001201406,0.0,0.0,0.0,38.3,0.1,0.0,51.9,9.7
20181001201436,0.0,0.0,0.0,57.7,0.1,0.0,37.0,5.0
20181001201506,0.0,0.0,0.0,31.6,0.1,0.0,61.9,6.3
20181001201536,0.0,0.0,0.0,33.8,0.2,0.0,61.4,4.6
20181001201606,0.0,0.0,0.0,19.6,0.1,0.0,76.0,4.4
20181001201636,0.0,0.0,0.1,10.6,0.1,0.0,81.4,7.9
20181001201706,0.0,0.0,0.0,11.5,0.0,0.0,74.2,14.2
20181001201736,0.0,0.0,0.1,19.5,0.0,0.0,65.5,14.8
20181001201806,0.0,0.0,0.1,8.2,0.0,0.0,83.5,8.2
20181001201836,0.0,0.0,0.0,26.9,0.0,0.0,51.4,21.7
20181001201906,0.0,0.0,0.1,22.6,0.1,0.0,71.2,6.0
20181001201936,0.0,0.0,0.0,23.3,0.1,0.0,57.1,19.4
20181001202006,0.0,0.0,0.0,64.7,0.1,0.0,28.2,6.9
20181001202036,0.0,0.0,0.0,24.3,0.0,0.0,72.2,3.4
20181001202106,0.0,0.0,0.0,67.7,0.0,0.0,28.6,3.7
20181001202136,0.0,0.0,0.0,57.9,0.0,0.0,38.1,4.0
20181001202206,0.0,0.0,0.0,62.9,0.0,0.0,36.0,1.1
20181001202236,0.0,0.0,0.0,30.1,0.0,0.0,66.8,3.1
20181001202306,0.0,0.0,0.0,15.4,0.0,0.0,82.8,1.8
20181001202336,0.0,0.0,0.0,2.0,0.0,0.0,97.6,0.4
20181001202406,0.0,0.0,0.0,5.1,0.0,0.0,92.8,2.1
20181001202436,0.1,0.0,0.0,40.6,0.1,0.0,41.2,18.0
20181001202506,0.0,0.0,0.0,16.9,0.0,0.0,74.6,8.4
20181001202536,0.0,0.0,0.0,2.7,0.0,0.0,95.9,1.4
20181001202606,0.0,0.0,0.0,2.9,0.0,0.0,94.1,2.9
20181001202636,0.0,0.0,0.0,3.1,0.0,0.0,92.0,4.9
20181001202706,0.0,0.0,0.0,1.8,0.0,0.0,87.5,10.7
20181001202736,0.0,0.0,0.0,5.2,0.1,0.0,85.3,9.4
20181001202806,0.0,0.0,0.0,0.5,0.0,0.0,94.6,4.9
20181001202836,0.0,0.0,0.0,1.7,0.0,0.0,77.1,21.2
20181001202906,0.0,0.0,0.0,1.1,0.0,0.0,93.2,5.7
20181001202936,0.0,0.0,0.0,0.7,0.0,0.0,86.5,12.8
20181001203006,0.0,0.0,0.0,2.3,0.0,0.0,80.7,17.0
20181001203037,0.0,0.0,0.0,1.0,0.0,0.0,77.0,22.0
20181001203107,0.0,0.0,0.0,1.0,0.0,0.0,94.4,4.6
20181001203137,0.0,0.0,0.0,0.7,0.0,0.0,96.6,2.7
20181001203207,0.0,0.0,0.0,0.2,0.0,0.0,97.7,2.1
20181001203237,0.0,0.0,0.0,0.2,0.0,0.0,91.5,8.3
20181001203307,0.0,0.0,0.0,0.3,0.0,0.0,85.8,13.9
20181001203337,0.0,0.0,0.0,0.5,0.0,0.0,82.5,17.0
20181001203407,0.0,0.0,0.0,6.2,0.0,0.0,39.2,54.6
20181001203437,0.0,0.0,0.1,24.8,0.0,0.0,32.2,42.8
20181001203507,0.0,0.0,0.0,3.1,0.0,0.0,36.2,60.7
20181001203537,0.0,0.0,0.0,1.1,0.0,0.0,46.7,52.2
20181001203607,0.0,0.0,0.0,1.5,0.0,0.0,60.0,38.4
20181001203637,0.0,0.0,0.0,0.5,0.0,0.0,52.5,46.9
20181001203707,0.0,0.0,0.0,2.8,0.0,0.0,27.8,69.4
20181001203737,0.0,0.0,0.0,6.2,0.1,0.0,22.8,70.8
20181001203807,0.0,0.0,0.0,4.7,0.1,0.0,31.4,63.7
20181001203837,0.0,0.0,0.0,5.0,0.1,0.0,14.5,80.4
20181001203907,0.0,0.0,0.0,1.4,0.1,0.0,10.5,87.9
20181001203937,0.0,0.0,0.0,2.7,0.4,0.0,10.9,85.9
20181001204007,0.0,0.0,0.1,2.5,0.3,0.0,35.2,61.9
20181001204037,0.0,0.0,0.1,0.7,0.3,0.0,20.7,78.2
20181001204107,0.0,0.0,0.1,0.9,0.5,0.0,33.8,64.7
20181001204137,0.0,0.0,0.1,1.0,0.5,0.0,18.4,80.1
20181001204207,0.0,0.0,0.1,5.1,0.9,0.0,42.7,51.2
20181001204237,0.0,0.0,0.0,1.0,0.9,0.0,60.0,38.0
20181001204307,0.0,0.0,0.1,5.0,0.4,0.0,84.2,10.3
20181001204337,0.0,0.0,0.4,10.7,0.9,0.0,52.3,35.8
20181001204407,0.0,0.0,0.1,6.5,0.6,0.0,88.4,4.4
20181001204437,0.0,0.0,0.4,21.0,0.5,0.0,64.8,13.3
20181001204507,0.0,0.0,0.0,6.9,0.1,0.0,89.5,3.4
20181001204537,0.0,0.0,0.2,2.0,0.1,0.0,92.8,4.8
20181001204607,0.0,0.0,0.3,5.0,0.6,0.0,87.4,6.7
20181001204637,0.0,0.0,0.9,1.2,0.1,0.0,68.5,29.1
20181001204707,0.0,0.0,0.1,0.9,0.2,0.0,67.6,31.1
20181001204737,0.0,0.0,0.6,5.5,0.6,0.0,69.3,24.0
20181001204807,0.0,0.0,0.4,3.2,0.4,0.0,59.8,36.2
20181001204837,0.0,0.0,0.4,0.5,0.4,0.0,70.6,28.0
20181001204907,0.0,0.0,2.3,3.7,0.7,0.0,47.0,46.3
20181001204937,0.0,0.0,0.3,1.2,0.2,0.0,60.1,38.2
20181001205007,0.0,0.0,0.0,0.7,0.1,0.0,53.4,45.8
20181001205037,0.0,0.0,0.1,2.4,0.1,0.0,52.4,45.0
20181001205107,0.0,0.0,0.2,8.1,0.1,0.0,66.0,25.6
20181001205137,0.0,0.0,0.1,1.1,0.0,0.0,93.2,5.6
20181001205207,0.0,0.0,0.0,1.4,0.1,0.0,49.5,49.1
20181001205237,0.0,0.0,0.0,1.7,0.0,0.0,46.9,51.3
20181001205307,0.0,0.0,0.1,3.1,0.1,0.0,54.4,42.4
20181001205337,0.0,0.0,0.0,0.3,0.0,0.0,78.6,21.0
20181001205407,0.0,0.0,0.0,0.7,0.0,0.0,70.6,28.6
20181001205437,0.0,0.0,0.0,2.9,0.0,0.0,70.4,26.6
20181001205507,0.0,0.0,0.0,0.2,0.0,0.0,93.9,5.9
20181001205537,0.0,0.0,0.0,0.7,0.0,0.0,87.8,11.4
20181001205607,0.0,0.0,0.0,1.1,0.1,0.0,72.0,26.8
20181001205637,0.0,0.0,0.0,0.4,0.0,0.0,94.8,4.8
20181001205707,0.0,0.0,0.0,0.3,0.0,0.0,84.6,15.0
20181001205737,0.0,0.0,0.0,0.8,0.0,0.0,88.0,11.2
20181001205807,0.0,0.0,0.0,0.2,0.0,0.0,95.8,4.0
20181001205837,0.0,0.0,0.0,0.2,0.0,0.0,98.8,1.0
20181001205907,0.0,0.0,0.0,0.7,0.0,0.0,94.7,4.6
20181001205937,0.0,0.0,0.0,0.4,0.0,0.0,93.1,6.4
20181001210007,0.0,0.0,0.0,0.3,0.0,0.0,96.2,3.4
20181001210037,0.0,0.0,0.0,0.1,0.0,0.0,99.5,0.4
20181001210107,0.0,0.0,0.0,0.0,0.0,0.0,99.1,0.8
20181001210137,0.0,0.0,0.0,0.0,0.0,0.0,99.9,0.1
20181001210207,0.0,0.0,0.0,0.0,0.0,0.0,99.7,0.3
20181001210237,0.0,0.0,0.0,0.0,0.0,0.0,99.6,0.3
20181001210307,0.0,0.0,0.0,0.0,0.0,0.0,99.4,0.6
20181001210337,0.0,0.0,0.0,0.0,0.0,0.0,99.8,0.2
20181001210407,0.0,0.0,0.0,0.2,0.0,0.0,99.0,0.9
20181001210438,0.0,0.0,0.0,0.2,0.0,0.0,98.0,1.7
20181001210508,0.0,0.0,0.0,0.6,0.0,0.0,94.2,5.2
20181001210538,0.0,0.0,0.0,1.0,0.0,0.0,92.7,6.3
20181001210608,0.0,0.0,0.0,0.7,0.0,0.0,97.6,1.7
20181001210638,0.0,0.0,0.0,0.8,0.0,0.0,98.0,1.2
20181001210708,0.0,0.0,0.0,0.1,0.0,0.0,99.5,0.4
20181001210738,0.0,0.0,0.0,0.1,0.0,0.0,99.8,0.1
20181001210808,0.0,0.0,0.0,0.1,0.0,0.0,99.9,0.1
20181001210838,0.0,0.0,0.0,0.0,0.0,0.0,99.9,0.0
20181001210908,0.0,0.0,0.0,0.1,0.0,0.0,99.8,0.1
20181001210938,0.0,0.0,0.0,0.0,0.0,0.0,99.9,0.0
20181001211008,0.0,0.0,0.0,0.2,0.0,0.0,99.5,0.3
20181001211038,0.0,0.0,0.0,0.1,0.0,0.0,99.6,0.3
20181001211108,0.0,0.0,0.0,0.0,0.0,0.0,99.8,0.2
20181001211138,0.0,0.0,0.0,0.1,0.0,0.0,99.4,0.4
20181001211208,0.0,0.0,0.0,0.0,0.0,0.0,100.0,0.0
20181001211238,0.0,0.0,0.0,0.1,0.0,0.0,99.5,0.4
20181001211308,0.0,0.0,0.0,0.1,0.0,0.0,99.2,0.7
20181001211338,0.0,0.0,0.0,0.0,0.0,0.0,99.8,0.2
20181001211408,0.0,0.0,0.0,0.3,0.0,0.0,99.6,0.1
20181001211438,0.0,0.0,0.0,0.3,0.0,0.0,99.6,0.1
20181001211508,0.0,0.0,0.0,0.3,0.0,0.0,99.5,0.1
20181001211538,0.0,0.0,0.0,1.9,0.0,0.0,97.6,0.4
20181001211608,0.0,0.0,0.0,1.1,0.0,0.0,98.8,0.1
20181001211638,0.0,0.0,0.0,0.1,0.0,0.0,99.9,0.0
20181001211708,0.0,0.0,0.0,0.0,0.0,0.0,100.0,0.0
20181001211738,0.0,0.0,0.0,0.2,0.0,0.0,98.7,1.2
20181001211808,0.0,0.0,0.0,0.9,0.0,0.0,97.5,1.6
20181001211838,0.0,0.0,0.0,0.8,0.0,0.0,96.6,2.5
20181001211908,0.0,0.0,0.0,0.1,0.0,0.0,99.5,0.3
20181001211938,0.0,0.0,0.0,0.7,0.0,0.0,98.7,0.6
20181001212008,0.0,0.0,0.0,0.6,0.0,0.0,98.5,0.8
20181001212038,0.0,0.0,0.0,0.9,0.0,0.0,98.1,0.9
20181001212108,0.0,0.0,0.0,0.7,0.0,0.0,98.8,0.5
20181001212138,0.0,0.0,0.0,0.1,0.0,0.0,99.7,0.2
20181001212208,0.0,0.0,0.0,0.3,0.0,0.0,99.0,0.7
20181001212238,0.0,0.0,0.0,0.1,0.0,0.0,99.1,0.8
20181001212308,0.0,0.0,0.0,0.0,0.0,0.0,97.0,2.9
20181001212338,0.0,0.0,0.0,0.1,0.0,0.0,99.5,0.3
20181001212408,0.0,0.0,0.0,0.5,0.0,0.0,97.1,2.4
20181001212438,0.0,0.0,0.0,2.6,0.0,0.0,89.0,8.5
20181001212508,0.0,0.0,0.0,0.7,0.0,0.0,98.3,1.1
20181001212538,0.0,0.0,0.0,0.1,0.0,0.0,98.7,1.1
20181001212608,0.0,0.0,0.0,0.2,0.0,0.0,96.5,3.3
20181001212638,0.0,0.0,0.0,0.1,0.0,0.0,98.4,1.5
20181001212708,0.0,0.0,0.0,0.3,0.0,0.0,99.1,0.6
20181001212738,0.0,0.0,0.0,0.6,0.0,0.0,98.3,1.1
20181001212808,0.0,0.0,0.0,2.4,0.0,0.0,95.8,1.8
20181001212838,0.0,0.0,0.0,5.3,0.0,0.0,78.1,16.6
20181001212908,0.0,0.0,0.0,1.5,0.0,0.0,85.4,13.1
20181001212938,0.0,0.0,0.0,0.5,0.0,0.0,98.2,1.3
20181001213008,0.0,0.0,0.0,1.6,0.0,0.0,88.5,9.9
20181001213038,0.0,0.0,0.0,1.5,0.0,0.0,82.9,15.6
20181001213108,0.0,0.0,0.0,2.0,0.0,0.0,69.8,28.1
20181001213138,0.0,0.0,0.0,1.6,0.1,0.0,6.8,91.5
20181001213208,0.0,0.0,0.0,0.3,0.0,0.0,39.2,60.5
20181001213238,0.0,0.0,0.0,0.3,0.0,0.0,55.5,44.2
20181001213308,0.0,0.0,0.0,0.4,0.0,0.0,64.2,35.4
20181001213338,0.0,0.0,0.0,0.3,0.0,0.0,86.3,13.4
20181001213408,0.0,0.0,0.0,0.0,0.0,0.0,96.5,3.5
20181001213438,0.0,0.0,0.0,0.1,0.0,0.0,91.0,8.9
20181001213508,0.0,0.0,0.0,0.8,0.0,0.0,40.8,58.4
20181001213538,0.0,0.0,0.0,0.5,0.0,0.0,85.0,14.5
20181001213608,0.0,0.0,0.0,0.2,0.0,0.0,91.4,8.4
20181001213638,0.0,0.0,0.0,0.1,0.0,0.0,98.1,1.8
20181001213708,0.0,0.0,0.0,0.1,0.0,0.0,94.3,5.7
20181001213738,0.0,0.0,0.0,0.1,0.0,0.0,96.0,3.9
20181001213808,0.0,0.0,0.0,0.1,0.0,0.0,91.6,8.3
20181001213838,0.0,0.0,0.0,0.0,0.0,0.0,99.1,0.9
20181001213908,0.0,0.0,0.0,0.0,0.0,0.0,98.9,1.1
20181001213939,0.0,0.0,0.0,0.0,0.0,0.0,98.9,1.0
20181001214009,0.0,0.0,0.0,0.1,0.0,0.0,99.0,0.9
20181001214039,0.0,0.0,0.0,0.2,0.0,0.0,93.8,5.9
20181001214109,0.0,0.0,0.0,0.1,0.0,0.0,96.0,3.9
20181001214139,0.0,0.0,0.0,0.0,0.0,0.0,96.9,3.1
20181001214209,0.0,0.0,0.0,0.0,0.0,0.0,99.0,1.0
20181001214239,0.0,0.0,0.0,0.1,0.0,0.0,91.4,8.6
20181001214309,0.0,0.0,0.0,0.7,0.0,0.0,86.0,13.3
20181001214339,0.0,0.0,0.0,1.6,0.0,0.0,82.9,15.5
20181001214409,0.0,0.0,0.0,2.6,0.0,0.0,86.0,11.4
20181001214439,0.0,0.0,0.0,2.6,0.0,0.0,87.1,10.3
20181001214509,0.0,0.0,0.0,0.8,0.0,0.0,90.7,8.4
20181001214539,0.0,0.0,0.0,0.4,0.0,0.0,91.0,8.6
20181001214609,0.0,0.0,0.0,0.3,0.0,0.0,12.8,86.9
20181001214639,0.0,0.0,0.0,1.4,0.0,0.0,84.6,14.0
20181001214709,0.0,0.0,0.0,2.8,0.0,0.0,42.1,55.2
20181001214739,0.0,0.0,0.0,1.6,0.0,0.0,77.5,20.9
20181001214809,0.0,0.0,0.0,0.6,0.0,0.0,89.8,9.6
20181001214839,0.0,0.0,0.0,0.3,0.0,0.0,98.5,1.2
20181001214909,0.0,0.0,0.0,0.5,0.0,0.0,93.5,6.0
20181001214939,0.0,0.0,0.0,0.3,0.0,0.0,93.7,5.9
20181001215009,0.0,0.0,0.0,0.2,0.0,0.0,97.7,2.1
20181001215039,0.0,0.0,0.0,0.1,0.0,0.0,99.3,0.6
20181001215109,0.0,0.0,0.0,0.2,0.0,0.0,98.9,0.9
20181001215139,0.0,0.0,0.0,1.2,0.0,0.0,95.4,3.4
20181001215209,0.0,0.0,0.0,0.7,0.0,0.0,96.9,2.4
20181001215239,0.0,0.0,0.0,1.2,0.0,0.0,96.3,2.5
20181001215309,0.0,0.0,0.0,1.5,0.0,0.0,96.6,2.0
20181001215339,0.0,0.0,0.0,7.0,0.0,0.0,87.2,5.8
20181001215409,0.0,0.0,0.0,2.6,0.0,0.0,92.7,4.6
20181001215439,0.0,0.0,0.1,31.8,0.0,0.0,44.0,24.2
20181001215509,0.0,0.0,0.0,6.6,0.0,0.0,87.5,5.9
20181001215539,0.0,0.0,0.1,13.6,0.0,0.0,81.7,4.6
20181001215609,0.0,0.0,0.0,30.7,0.0,0.0,54.4,14.8
20181001215639,0.0,0.0,0.0,84.4,0.0,0.0,6.6,8.9
20181001215709,0.0,0.0,0.0,96.0,0.0,0.0,2.1,1.9
20181001215739,0.0,0.0,0.0,27.7,0.0,0.0,68.1,4.1
20181001215809,0.0,0.0,0.0,15.1,0.0,0.0,82.1,2.8
20181001215839,0.0,0.0,0.1,24.8,0.0,0.0,60.5,14.7
20181001215909,0.0,0.0,0.0,3.5,0.0,0.0,87.7,8.8
20181001215939,0.0,0.0,0.0,5.1,0.0,0.0,87.4,7.4
20181001220009,0.0,0.0,0.0,0.3,0.0,0.0,97.4,2.2
20181001220039,0.0,0.0,0.0,1.3,0.0,0.0,84.4,14.3
20181001220109,0.0,0.0,0.0,0.6,0.0,0.0,97.2,2.1
20181001220139,0.0,0.0,0.0,2.4,0.0,0.0,65.8,31.8
20181001220209,0.0,0.0,0.0,2.3,0.1,0.0,74.7,22.9
20181001220239,0.0,0.0,0.0,0.2,0.0,0.0,96.7,3.1
20181001220309,0.0,0.0,0.0,0.2,0.0,0.0,96.0,3.8
20181001220339,0.0,0.0,0.0,0.2,0.0,0.0,91.9,7.9
20181001220409,0.0,0.0,0.0,0.3,0.0,0.0,92.1,7.6
20181001220439,0.0,0.0,0.0,2.1,0.0,0.0,68.7,29.1
20181001220509,0.0,0.0,0.0,2.9,0.1,0.0,46.6,50.4
20181001220539,0.0,0.1,0.2,4.7,0.6,0.0,26.8,67.6
20181001220610,0.0,0.1,0.0,2.5,0.1,0.0,16.5,80.8
20181001220640,0.0,0.0,0.0,1.0,0.3,0.0,8.0,90.5
20181001220710,0.0,0.0,0.1,3.4,0.2,0.0,18.9,77.3
20181001220740,0.0,0.0,0.1,2.6,0.1,0.0,37.3,59.9
20181001220810,0.0,0.0,0.0,1.4,0.1,0.0,69.7,28.9
20181001220840,0.0,0.0,0.0,2.3,0.2,0.0,28.3,69.1
20181001220910,0.0,0.0,0.1,1.8,0.1,0.0,21.5,76.5
20181001220940,0.0,0.0,0.0,3.2,0.0,0.0,66.6,30.1
20181001221010,0.0,0.0,0.0,1.7,0.0,0.0,93.3,5.0
20181001221040,0.0,0.0,0.0,1.0,0.0,0.0,91.0,8.0
20181001221110,0.0,0.0,0.0,2.0,0.0,0.0,92.1,5.8
20181001221140,0.0,0.0,0.0,0.7,0.0,0.0,98.3,0.9
20181001221210,0.0,0.0,0.0,1.6,0.0,0.0,93.3,5.1
20181001221240,0.0,0.0,0.0,0.6,0.0,0.0,95.6,3.7
20181001221310,0.0,0.0,0.0,0.7,0.0,0.0,92.4,6.9
20181001221340,0.0,0.0,0.0,2.5,0.0,0.0,92.7,4.8
20181001221410,0.0,0.0,0.0,0.6,0.0,0.0,96.9,2.5
20181001221440,0.0,0.0,0.0,90.5,0.0,0.0,8.3,1.2
20181001221510,0.0,0.0,0.0,99.1,0.0,0.0,0.0,0.9
20181001221540,0.0,0.0,0.0,95.0,0.0,0.0,4.5,0.5
20181001221610,0.0,0.0,0.0,22.3,0.1,0.0,67.2,10.4
20181001221640,0.0,0.0,0.0,10.7,0.1,0.0,83.3,5.9
20181001221710,0.0,0.0,0.0,90.9,0.1,0.0,5.3,3.6
20181001221740,0.0,0.0,0.0,89.3,0.1,0.0,3.1,7.5
20181001221810,0.0,0.0,0.0,92.4,0.4,0.0,3.8,3.4
20181001221840,0.0,0.0,0.0,97.4,0.0,0.0,0.7,1.9
20181001221910,0.0,0.0,0.0,85.2,1.1,0.0,0.1,13.6
20181001221940,0.0,0.0,0.0,84.7,4.2,0.0,2.3,8.7
20181001222010,0.0,0.0,0.0,91.7,0.4,0.0,1.7,6.1
20181001222040,0.0,0.0,0.4,12.1,1.3,0.0,54.6,31.7
20181001222110,0.0,0.0,0.1,14.7,0.2,0.0,62.0,23.0
20181001222140,0.0,0.0,0.4,31.4,1.5,0.0,29.7,36.9
20181001222210,0.0,0.0,0.1,97.0,0.7,0.0,1.7,0.5
20181001222240,0.0,0.0,0.1,22.8,1.0,0.0,16.0,60.0
20181001222310,0.0,0.0,0.1,0.8,0.3,0.0,87.4,11.4
20181001222340,0.0,0.1,0.0,90.1,0.3,0.0,7.4,2.0
20181001222410,0.0,0.0,0.1,1.0,0.2,0.0,86.4,12.3
20181001222440,0.0,0.0,0.0,1.7,0.1,0.0,96.1,2.1
20181001222510,0.0,0.0,0.0,0.0,0.0,0.0,99.9,0.0
20181001222540,0.0,0.0,0.0,0.1,0.0,0.0,99.2,0.7
20181001222610,0.0,0.0,0.0,0.1,0.0,0.0,99.3,0.6
20181001222640,0.0,0.0,0.0,0.2,0.0,0.0,98.7,1.1
20181001222710,0.0,0.0,0.0,0.1,0.1,0.0,96.3,3.5
20181001222740,0.0,0.0,0.0,0.2,0.0,0.0,98.5,1.3
20181001222810,0.0,0.0,0.0,0.4,0.0,0.0,95.1,4.4
20181001222840,0.0,0.0,0.0,0.2,0.0,0.0,95.9,3.9
20181001222910,0.0,0.0,0.0,0.2,0.1,0.0,95.4,4.4
20181001222940,0.0,0.0,0.0,0.0,0.0,0.0,99.4,0.5
20181001223010,0.0,0.0,0.0,0.1,0.0,0.0,99.6,0.4
20181001223040,0.0,0.0,0.0,0.1,0.0,0.0,97.3,2.6
20181001223110,0.0,0.0,0.0,0.0,0.0,0.0,99.5,0.5
20181001223140,0.0,0.0,0.0,0.1,0.0,0.0,99.6,0.4
20181001223210,0.0,0.0,0.0,0.1,0.0,0.0,98.4,1.5
20181001223240,0.0,0.0,0.0,0.0,0.0,0.0,100.0,0.0
20181001223310,0.0,0.0,0.0,0.0,0.0,0.0,100.0,0.0
20181001223340,0.0,0.0,0.0,0.0,0.0,0.0,99.9,0.0
20181001223410,0.0,0.0,0.0,0.0,0.0,0.0,99.5,0.4
20181001223440,0.0,0.0,0.0,0.0,0.0,0.0,100.0,0.0
20181001223510,0.0,0.0,0.0,0.0,0.0,0.0,100.0,0.0
20181001223540,0.0,0.0,0.0,0.1,0.0,0.0,99.9,0.0
20181001223610,0.0,0.0,0.0,1.1,0.0,0.0,98.8,0.1
20181001223640,0.0,0.0,0.0,0.5,0.0,0.0,99.3,0.1
20181001223710,0.0,0.0,0.0,0.0,0.0,0.0,99.9,0.1
20181001223740,0.0,0.0,0.0,0.0,0.0,0.0,99.9,0.1
20181001223810,0.0,0.0,0.0,0.1,0.0,0.0,98.1,1.8
20181001223840,0.0,0.0,0.0,0.1,0.0,0.0,94.7,5.1
20181001223910,0.0,0.0,0.1,0.1,0.0,0.0,96.2,3.6
20181001223940,0.0,0.0,0.0,0.0,0.0,0.0,99.1,0.8
20181001224010,0.0,0.0,0.0,0.1,0.0,0.0,93.0,6.9
20181001224041,0.0,0.0,0.0,0.0,0.0,0.0,98.8,1.2
20181001224111,0.0,0.0,0.0,0.1,0.0,0.0,99.4,0.5
20181001224141,0.0,0.0,0.0,0.1,0.0,0.0,98.8,1.1
20181001224211,0.0,0.0,0.0,0.2,0.0,0.0,98.3,1.5
20181001224241,0.0,0.0,0.0,0.2,0.0,0.0,98.9,0.9
20181001224311,0.0,0.0,0.0,0.0,0.0,0.0,99.4,0.6
20181001224341,0.0,0.0,0.0,0.0,0.0,0.0,99.9,0.1
20181001224411,0.0,0.0,0.0,93.4,1.5,0.0,0.0,5.1
20181001224441,0.0,0.0,0.0,30.5,3.8,0.0,0.0,65.6
20181001224511,0.0,0.0,0.0,94.1,0.2,0.0,0.4,5.3
20181001224541,0.0,0.0,2.2,30.1,4.5,0.0,22.0,41.2
20181001224611,0.0,0.0,0.6,3.0,0.7,0.0,37.1,58.6
20181001224641,0.0,0.0,0.0,0.4,0.0,0.0,94.3,5.3
20181001224711,0.0,0.0,0.2,41.5,1.8,0.0,17.9,38.6
20181001224741,0.0,0.0,0.1,1.0,0.1,0.0,41.1,57.7
20181001224811,0.0,0.0,0.0,0.5,0.0,0.0,85.0,14.4
20181001224841,0.0,0.0,0.0,0.0,0.0,0.0,98.0,1.9
20181001224911,0.0,0.0,0.1,0.2,0.2,0.0,68.7,30.8
20181001224941,0.0,0.0,0.0,0.0,0.0,0.0,97.4,2.6
20181001225011,0.0,0.0,0.0,0.0,0.0,0.0,96.7,3.3
20181001225041,0.0,0.0,0.0,0.0,0.0,0.0,98.8,1.2
20181001225111,0.0,0.0,0.0,0.0,0.0,0.0,98.1,1.9
20181001225141,0.0,0.0,0.1,0.0,0.1,0.0,75.5,24.4
20181001225211,0.0,0.0,0.1,0.0,0.1,0.0,82.2,17.6
20181001225241,0.0,0.0,0.2,0.1,0.1,0.0,77.7,21.9
20181001225311,0.0,0.0,0.4,0.1,0.4,0.0,19.6,79.5
20181001225341,0.0,0.0,0.1,0.1,0.3,0.0,18.2,81.2
20181001225411,0.0,0.0,0.0,0.1,0.2,0.0,81.0,18.7
20181001225441,0.0,0.0,0.0,0.1,0.0,0.0,91.8,8.1
20181001225511,0.0,0.0,0.0,0.0,0.0,0.0,98.8,1.1
20181001225541,0.0,0.0,0.0,0.0,0.0,0.0,98.9,1.0
20181001225611,0.0,0.0,0.0,0.0,0.0,0.0,95.8,4.1
20181001225641,0.0,0.0,0.0,0.0,0.0,0.0,99.0,1.0
20181001225711,0.0,0.0,0.0,0.0,0.0,0.0,99.2,0.8
20181001225741,0.0,0.0,0.0,0.0,0.1,0.0,94.8,5.1
20181001225811,0.0,0.0,0.0,0.0,0.0,0.0,98.1,1.9
20181001225841,0.0,0.0,0.0,0.0,0.0,0.0,98.9,1.1
20181001225911,0.0,0.0,0.0,0.0,0.0,0.0,99.2,0.8
20181001225941,0.0,0.0,0.0,0.1,0.1,0.0,73.1,26.7
20181001230011,0.0,0.0,0.0,0.0,0.1,0.0,89.7,10.2
20181001230041,0.0,0.0,0.0,0.0,0.0,0.0,98.7,1.2
20181001230111,0.0,0.0,0.0,0.0,0.1,0.0,96.9,3.1
20181001230141,0.0,0.0,0.0,0.0,0.0,0.0,99.1,0.8
20181001230211,0.0,0.0,0.0,0.0,0.0,0.0,96.7,3.3
20181001230241,0.0,0.0,0.0,0.0,0.0,0.0,97.4,2.6
20181001230311,0.0,0.0,0.0,0.0,0.0,0.0,88.0,12.0
20181001230341,0.0,0.0,0.0,0.0,0.0,0.0,73.2,26.7
20181001230411,0.0,0.0,0.0,0.0,0.0,0.0,76.3,23.7
20181001230441,0.0,0.0,0.0,0.0,0.0,0.0,96.4,3.6
20181001230511,0.0,0.0,0.0,0.0,0.0,0.0,79.7,20.2
20181001230541,0.0,0.0,0.0,0.0,0.0,0.0,90.5,9.5
20181001230611,0.0,0.0,0.0,0.0,0.0,0.0,98.8,1.1
20181001230641,0.0,0.0,0.0,0.0,0.0,0.0,98.5,1.4
20181001230711,0.0,0.0,0.0,0.0,0.0,0.0,99.1,0.9
20181001230741,0.0,0.0,0.0,0.0,0.0,0.0,99.4,0.6
20181001230811,0.0,0.0,0.0,0.0,0.0,0.0,99.5,0.5
20181001230841,0.0,0.0,0.0,0.0,0.0,0.0,99.0,1.0
20181001230911,0.0,0.0,0.0,0.0,0.0,0.0,99.6,0.4
20181001230941,0.0,0.0,0.0,0.0,0.0,0.0,99.9,0.1
20181001231011,0.0,0.0,0.0,0.0,0.0,0.0,99.9,0.1
20181001231041,0.0,0.0,0.0,0.0,0.0,0.0,99.7,0.3
20181001231111,0.0,0.0,0.0,0.0,0.0,0.0,99.1,0.9
20181001231141,0.0,0.0,0.0,0.1,0.0,0.0,98.4,1.5
20181001231211,0.0,0.0,0.0,0.1,0.2,0.0,92.6,7.1
20181001231241,0.0,0.0,0.1,2.9,1.4,0.0,61.8,33.9
20181001231311,0.0,0.0,0.1,5.0,2.9,0.0,9.3,82.8
20181001231341,0.0,0.0,0.0,3.1,3.1,0.0,24.8,69.0
20181001231411,0.0,0.0,0.0,4.1,0.4,0.0,1.8,93.6
20181001231441,0.0,0.1,0.0,84.5,0.3,0.0,1.0,14.0
20181001231512,0.0,0.0,0.0,24.3,1.9,0.0,0.1,73.7
20181001231542,0.0,0.0,0.0,0.6,0.7,0.0,2.4,96.3
20181001231612,0.0,0.0,0.0,6.2,0.5,0.0,4.1,89.2
20181001231642,0.0,0.0,0.0,3.3,0.3,0.0,4.3,92.2
20181001231712,0.0,0.0,0.0,2.4,0.6,0.0,3.6,93.4
20181001231742,0.0,0.0,0.0,2.2,0.4,0.0,8.7,88.6
20181001231812,0.0,0.0,0.0,23.0,22.1,0.0,0.2,54.6
20181001231842,0.0,0.0,0.0,2.0,2.1,0.0,0.1,95.7
20181001231912,0.0,0.0,0.0,0.3,0.4,0.0,0.8,98.6
20181001231942,0.0,0.0,0.0,2.7,1.5,0.0,0.8,95.0
20181001232012,0.0,0.0,0.1,19.9,3.2,0.0,3.0,73.9
20181001232042,0.0,0.0,0.0,1.3,0.3,0.0,6.0,92.3
20181001232112,0.0,0.0,0.0,0.3,0.1,0.0,82.8,16.9
20181001232142,0.0,0.0,0.0,0.7,0.2,0.0,76.6,22.5
20181001232212,0.0,0.0,0.0,1.4,0.6,0.0,35.8,62.1
20181001232242,0.0,0.0,0.0,1.2,1.6,0.0,48.0,49.1
20181001232312,0.0,0.0,0.0,0.1,0.2,0.0,95.8,3.9
20181001232342,0.0,0.0,0.0,0.1,0.1,0.0,92.9,6.8
20181001232412,0.0,0.0,0.0,0.0,0.1,0.0,99.2,0.8
20181001232442,0.0,0.0,0.0,0.1,0.1,0.0,95.6,4.2
20181001232512,0.0,0.0,0.0,0.8,0.2,0.0,92.2,6.8
20181001232542,0.0,0.0,0.0,0.3,0.1,0.0,98.7,0.9
20181001232612,0.0,0.0,0.0,0.0,0.1,0.0,98.6,1.2
20181001232642,0.0,0.0,0.0,0.4,0.6,0.0,90.7,8.3
20181001232712,0.0,0.0,0.0,0.0,0.0,0.0,98.7,1.2
20181001232742,0.0,0.0,0.1,0.5,1.3,0.0,91.5,6.6
20181001232812,0.0,0.0,0.0,0.1,1.6,0.0,95.0,3.3
20181001232842,0.0,0.0,0.0,3.7,2.6,0.0,70.5,23.1
20181001232912,0.0,0.0,0.0,0.9,16.4,0.0,38.3,44.4
20181001232942,0.0,0.0,0.0,2.3,25.2,0.0,43.4,29.1
20181001233012,0.0,0.0,0.0,9.6,5.3,0.0,64.6,20.5
20181001233042,0.0,0.0,0.0,2.0,2.2,0.0,93.0,2.7
20181001233112,0.0,0.0,0.0,2.0,11.7,0.0,50.9,35.4
20181001233142,0.0,0.0,0.0,5.9,3.2,0.0,22.4,68.4
20181001233212,0.0,0.0,0.0,6.3,0.8,0.0,9.4,83.4
20181001233242,0.0,0.0,0.1,2.1,20.0,0.0,18.7,59.0
20181001233312,0.0,0.0,0.0,1.9,3.5,0.0,39.2,55.4
20181001233342,0.0,0.0,0.0,0.9,1.3,0.0,84.5,13.2
20181001233412,0.0,0.0,0.0,0.1,0.2,0.0,96.7,3.0
20181001233442,0.0,0.0,0.0,0.5,2.0,0.0,94.2,3.3
20181001233512,0.0,0.0,0.0,0.1,0.8,0.0,98.6,0.5
20181001233542,0.0,0.0,0.0,0.9,7.8,0.0,83.2,7.9
20181001233612,0.0,0.0,0.2,1.6,9.2,0.0,56.7,32.2
20181001233642,0.0,0.0,0.1,1.1,24.0,0.0,51.6,23.3
20181001233712,0.0,0.0,0.1,0.9,6.3,0.0,86.1,6.6
20181001233742,0.0,0.0,0.0,1.0,6.8,0.0,87.0,5.1
20181001233812,0.0,0.0,0.1,2.0,2.4,0.0,64.7,30.8
20181001233842,0.0,0.0,0.0,3.6,0.7,0.0,67.1,28.6
20181001233912,0.0,0.0,0.0,0.6,1.0,0.0,48.0,50.3
20181001233942,0.0,0.0,0.0,0.1,1.2,0.0,80.3,18.4
20181001234012,0.0,0.0,0.0,0.5,2.1,0.0,48.4,49.0
20181001234042,0.0,0.0,0.0,0.3,0.2,0.0,88.2,11.3
20181001234112,0.0,0.0,0.0,0.4,0.5,0.0,94.8,4.3
20181001234142,0.0,0.0,0.0,0.0,0.1,0.0,97.8,2.0
20181001234212,0.0,0.0,0.0,0.1,0.0,0.0,97.2,2.7
20181001234242,0.0,0.0,0.0,0.0,0.0,0.0,99.7,0.3
20181001234312,0.0,0.0,0.0,0.2,0.1,0.0,84.4,15.3
