UT,arc,discrete,diffuse,ac,ab,clear,cloudy,dd
20180930165600,0.0,0.0,0.0,0.0,0.0,0.0,0.0,100.0
20180930165630,0.0,0.0,0.0,0.0,0.0,0.0,0.0,100.0
20180930165700,0.0,0.0,0.0,0.0,0.0,0.0,0.0,100.0
20180930165730,0.0,0.0,0.0,0.0,0.0,0.0,0.0,100.0
20180930165800,0.0,0.0,0.0,0.0,0.0,0.0,0.0,100.0
20180930165830,0.0,0.0,0.0,0.0,0.0,0.0,0.0,100.0
20180930165900,0.0,0.0,0.0,0.0,0.0,0.0,0.0,100.0
20180930165930,0.0,0.0,0.0,0.0,0.0,0.0,0.0,100.0
20180930170000,0.0,0.0,0.0,0.0,0.0,0.0,0.0,100.0
20180930170030,0.0,0.0,0.0,0.0,0.0,0.0,0.0,100.0
20180930170100,0.0,0.0,0.0,0.0,0.0,0.0,0.0,100.0
20180930170130,0.0,0.0,0.0,0.0,0.0,0.0,0.0,100.0
20180930170200,0.0,0.0,0.0,0.0,0.0,0.0,0.0,100.0
20180930170230,0.0,0.0,0.0,0.0,0.0,0.0,0.0,100.0
20180930170300,0.0,0.0,0.0,0.0,0.0,0.0,0.0,100.0
20180930170330,0.0,0.0,0.0,0.0,0.0,0.0,0.0,100.0
20180930170400,0.0,0.0,0.0,0.0,0.0,0.0,0.0,100.0
20180930170430,0.0,0.0,0.0,0.0,0.0,0.0,0.0,100.0
20180930170500,0.0,0.0,0.0,0.0,0.0,0.0,0.0,100.0
20180930170530,0.0,0.0,0.0,0.0,0.0,0.0,0.0,100.0
20180930170600,0.0,0.0,0.0,0.0,0.0,0.0,0.0,100.0
20180930170630,0.0,0.0,0.0,0.0,0.0,0.0,0.0,100.0
20180930170701,0.0,0.0,0.0,0.0,0.0,0.0,0.0,100.0
20180930170731,0.0,0.0,0.0,0.0,0.0,0.0,0.0,100.0
20180930170801,0.0,0.0,0.0,0.0,0.0,0.0,0.0,100.0
20180930170831,0.0,0.0,0.0,0.0,0.0,0.0,0.0,100.0
20180930170901,0.0,0.0,0.0,0.0,0.0,0.0,0.0,100.0
20180930170931,0.0,0.0,0.0,0.0,0.0,0.0,0.0,100.0
20180930171001,0.0,0.0,0.0,0.0,0.0,0.0,0.0,100.0
20180930171031,0.0,0.0,0.0,0.0,0.0,0.0,0.0,100.0
20180930171101,0.0,0.0,0.0,0.0,0.0,0.0,0.0,100.0
20180930171131,0.0,0.0,0.0,0.0,0.0,0.0,0.0,100.0
20180930171201,0.0,0.0,0.0,0.0,0.0,0.0,0.0,100.0
20180930171231,0.0,0.0,0.0,0.0,0.0,0.0,0.0,100.0
20180930171301,0.0,0.0,0.0,0.0,0.0,0.0,0.0,100.0
20180930171331,0.0,0.0,0.0,0.0,0.0,0.0,0.0,100.0
20180930171401,0.0,0.0,0.0,0.0,0.0,0.0,0.0,100.0
20180930171431,0.0,0.0,0.0,0.0,0.0,0.0,0.0,100.0
20180930171501,0.0,0.0,0.0,0.0,0.0,0.0,0.0,100.0
20180930171531,0.0,0.0,0.0,0.0,0.0,0.0,0.0,100.0
20180930171601,0.0,0.0,0.0,0.0,0.0,0.0,0.0,100.0
20180930171631,0.0,0.0,0.0,0.0,0.0,0.0,0.0,100.0
20180930171701,0.0,0.0,0.0,0.0,0.0,0.0,0.0,100.0
20180930171731,0.0,0.0,0.0,0.0,0.0,0.0,0.0,100.0
20180930171801,0.0,0.0,0.0,0.0,0.0,0.0,0.0,100.0
20180930171831,0.0,0.0,0.0,0.0,0.0,0.0,0.0,100.0
20180930171901,0.0,0.0,0.0,0.0,0.0,0.0,0.0,100.0
20180930171931,0.0,0.0,0.0,0.0,0.0,0.0,0.0,100.0
20180930172001,0.0,0.0,0.0,0.0,0.0,0.0,0.0,100.0
20180930172031,0.0,0.0,0.0,0.0,0.0,0.0,0.0,100.0
20180930172101,0.0,0.0,0.0,0.0,0.0,0.0,0.0,100.0
20180930172131,0.0,0.0,0.0,0.0,0.0,0.0,0.0,100.0
20180930172201,0.0,0.0,0.0,0.0,0.0,0.0,0.0,100.0
20180930172231,0.0,0.0,0.0,0.0,0.0,0.0,0.0,100.0
20180930172301,0.0,0.0,0.0,0.0,0.0,0.0,0.0,100.0
20180930172331,0.0,0.0,0.0,0.0,0.0,0.0,0.0,100.0
20180930172401,0.0,0.0,0.0,0.0,0.0,0.0,0.0,100.0
20180930172431,0.0,0.0,0.0,0.0,0.0,0.0,0.0,100.0
20180930172501,0.0,0.0,0.0,0.0,0.0,0.0,0.0,100.0
20180930172531,0.0,0.0,0.0,0.0,0.0,0.0,0.0,100.0
20180930172601,0.0,0.0,0.0,0.0,0.0,0.0,0.0,100.0
20180930172631,0.0,0.0,0.0,0.0,0.0,0.0,0.0,100.0
20180930172701,0.0,0.0,0.0,0.0,0.0,0.0,0.0,100.0
20180930172731,0.0,0.0,0.0,0.0,0.0,0.0,0.0,100.0
20180930172801,0.0,0.0,0.0,0.0,0.0,0.0,0.0,100.0
20180930172831,0.0,0.0,0.0,0.0,0.0,0.0,0.0,100.0
20180930172901,0.0,0.0,0.0,0.0,0.0,0.0,0.0,100.0
20180930172931,0.0,0.0,0.0,0.0,0.0,0.0,0.0,100.0
20180930173001,0.0,0.0,0.0,0.0,0.0,0.0,0.0,100.0
20180930173031,0.0,0.0,0.0,0.0,0.0,0.0,0.0,100.0
20180930173101,0.0,0.0,0.0,0.0,0.0,0.0,0.0,100.0
20180930173131,0.0,0.0,0.0,0.0,0.0,0.0,0.0,100.0
20180930173201,0.0,0.0,0.0,0.0,0.0,0.0,0.0,100.0
20180930173231,0.0,0.0,0.0,0.0,0.0,0.0,0.0,100.0
20180930173301,0.0,0.0,0.0,0.0,0.0,0.0,0.0,100.0
20180930173331,0.0,0.0,0.0,0.0,0.0,0.0,0.0,100.0
20180930173401,0.0,0.0,0.0,0.0,0.0,0.0,0.0,100.0
20180930173432,0.0,0.0,0.0,0.0,0.0,0.0,0.0,100.0
20180930173502,0.0,0.0,0.0,0.0,0.0,0.0,0.0,100.0
20180930173532,0.0,0.0,0.0,0.0,0.0,0.0,0.0,100.0
20180930173602,0.0,0.0,0.0,0.0,0.0,0.0,0.0,100.0
20180930173632,0.0,0.0,0.0,0.0,0.0,0.0,0.0,100.0
20180930173702,0.0,0.0,0.0,0.0,0.0,0.0,0.0,100.0
20180930173732,0.0,0.0,0.0,0.0,0.0,0.0,0.0,100.0
20180930173802,0.0,0.0,0.0,0.0,0.0,0.0,0.0,100.0
20180930173832,0.0,0.0,0.0,0.0,0.0,0.0,0.0,100.0
20180930173902,0.0,0.0,0.0,0.0,0.0,0.0,0.0,100.0
20180930173932,0.0,0.0,0.0,0.0,0.0,0.0,0.0,100.0
20180930174002,0.0,0.0,0.0,0.0,0.0,0.0,0.0,100.0
20180930174032,0.0,0.0,0.0,0.0,0.0,0.0,0.0,100.0
20180930174102,0.0,0.0,0.0,0.0,0.0,0.0,0.0,100.0
20180930174132,0.0,0.0,0.0,0.0,0.0,0.0,0.0,100.0
20180930174202,0.0,0.0,0.0,0.0,0.0,0.0,0.0,100.0
20180930174232,0.0,0.0,0.0,0.0,0.0,0.0,0.0,100.0
20180930174302,0.0,0.0,0.0,0.0,0.0,0.0,0.0,100.0
20180930174332,0.0,0.0,0.0,0.0,0.0,0.0,0.0,100.0
20180930174402,0.0,0.0,0.0,0.0,0.0,0.0,0.0,100.0
20180930174432,0.0,0.0,0.0,0.0,0.0,0.0,0.0,100.0
20180930174502,0.0,0.0,0.0,0.0,0.0,0.0,0.0,100.0
20180930174532,0.0,0.0,0.0,0.0,0.0,0.0,0.0,100.0
20180930174602,0.0,0.0,0.0,0.0,0.0,0.0,0.0,100.0
20180930174632,0.0,0.0,0.0,0.0,0.0,0.0,0.0,100.0
20180930174702,0.0,0.0,0.0,0.0,0.0,0.0,0.0,100.0
20180930174732,0.0,0.0,0.0,0.0,0.0,0.0,0.0,100.0
20180930174802,0.0,0.0,0.0,0.0,0.0,0.0,0.0,100.0
20180930174832,0.0,0.0,0.0,0.0,0.0,0.0,0.0,100.0
20180930174902,0.0,0.0,0.0,0.0,0.0,0.0,0.0,100.0
20180930174932,0.0,0.0,0.0,0.0,0.0,0.0,0.0,100.0
20180930175002,0.0,0.0,0.0,0.0,0.0,0.0,0.0,100.0
20180930175032,0.0,0.0,0.0,0.0,0.0,0.0,0.0,100.0
20180930175102,0.0,0.0,0.0,0.0,0.0,0.0,0.0,100.0
20180930175132,0.0,0.0,0.0,0.0,0.0,0.0,0.0,100.0
20180930175202,0.0,0.0,0.0,0.0,0.0,0.0,0.0,100.0
20180930175232,0.0,0.0,0.0,0.0,0.0,0.0,0.0,100.0
20180930175302,0.0,0.0,0.0,0.0,0.0,0.0,0.0,100.0
20180930175332,0.0,0.0,0.0,0.0,0.0,0.0,0.0,100.0
20180930175402,0.0,0.0,0.0,0.0,0.0,0.0,0.0,100.0
20180930175432,0.0,0.0,0.0,0.0,0.0,0.0,0.0,100.0
20180930175502,0.0,0.0,0.0,0.0,0.0,0.0,0.0,100.0
20180930175532,0.0,0.0,0.0,0.0,0.0,0.0,0.0,100.0
20180930175732,0.0,0.0,0.0,0.0,0.0,0.0,0.0,100.0
20180930175802,0.0,0.0,0.0,0.0,0.0,0.0,0.0,100.0
20180930175832,0.0,0.0,0.0,0.0,0.0,0.0,0.0,100.0
20180930175902,0.0,0.0,0.0,0.0,0.0,0.0,0.0,100.0
20180930175932,0.0,0.0,0.0,0.0,0.0,0.0,0.0,100.0
20180930180002,0.0,0.0,0.0,0.0,0.0,0.0,0.0,100.0
20180930180032,0.0,0.0,0.0,0.0,0.0,0.0,0.0,100.0
20180930180102,0.0,0.0,0.0,0.0,0.0,0.0,0.0,100.0
20180930180132,0.0,0.0,0.0,0.0,0.0,0.0,0.0,100.0
20180930180202,0.0,0.0,0.0,0.0,0.0,0.0,0.0,100.0
20180930180232,0.0,0.0,0.0,0.0,0.0,0.0,0.0,100.0
20180930180302,0.0,0.0,0.0,0.0,0.0,0.0,0.0,100.0
20180930180332,0.0,0.0,0.0,0.0,0.0,0.0,0.0,100.0
20180930180402,0.0,0.0,0.0,0.0,0.0,0.0,0.0,100.0
20180930180432,0.0,0.0,0.0,0.0,0.0,0.0,0.0,100.0
20180930180502,0.0,0.0,0.0,0.0,0.0,0.0,0.0,100.0
20180930180532,0.0,0.0,0.0,0.0,0.0,0.0,0.0,100.0
20180930180602,0.0,0.0,0.0,0.0,0.0,0.0,0.0,100.0
20180930180632,0.0,0.0,0.0,0.0,0.0,0.0,0.0,100.0
20180930180702,0.0,0.0,0.0,0.0,0.0,0.0,0.0,100.0
20180930180732,0.0,0.0,0.0,0.0,0.0,0.0,0.0,100.0
20180930180802,0.0,0.0,0.0,0.0,0.0,0.0,0.0,100.0
20180930180833,0.0,0.0,0.0,0.0,0.0,0.0,0.0,100.0
20180930180903,0.0,0.0,0.0,0.0,0.0,0.0,0.0,100.0
20180930180933,0.0,0.0,0.0,0.0,0.0,0.0,0.0,100.0
20180930181003,0.0,0.0,0.0,0.0,0.0,0.0,0.0,100.0
20180930181033,0.0,0.0,0.0,0.0,0.0,0.0,0.0,100.0
20180930181103,0.0,0.0,0.0,0.0,0.0,0.0,0.0,100.0
20180930181133,0.0,0.0,0.0,0.0,0.0,0.0,0.0,100.0
20180930181203,0.0,0.0,0.0,0.0,0.0,0.0,0.0,100.0
20180930181233,0.0,0.0,0.0,0.0,0.0,0.0,0.0,100.0
20180930181303,0.0,0.0,0.0,0.0,0.0,0.0,0.0,100.0
20180930181333,0.0,0.0,0.0,0.0,0.0,0.0,0.0,100.0
20180930181403,0.0,0.0,0.0,0.0,0.0,0.0,0.0,100.0
20180930181433,0.0,0.0,0.0,0.0,0.0,0.0,0.0,100.0
20180930181503,0.0,0.0,0.0,0.0,0.0,0.0,0.0,100.0
20180930181533,0.0,0.0,0.0,0.0,0.0,0.0,0.0,100.0
20180930181603,0.0,0.0,0.0,0.0,0.0,0.0,0.0,100.0
20180930181633,0.0,0.0,0.0,0.0,0.0,0.0,0.0,100.0
20180930181703,0.0,0.0,0.0,0.0,0.0,0.0,0.0,100.0
20180930181733,0.0,0.0,0.0,0.0,0.0,0.0,0.0,100.0
20180930181803,0.0,0.0,0.0,0.0,0.0,0.0,0.0,100.0
20180930181833,0.0,0.0,0.0,0.0,0.0,0.0,0.0,100.0
20180930181903,0.0,0.0,0.0,0.0,0.0,0.0,0.0,100.0
20180930181933,0.0,0.0,0.0,0.0,0.0,0.0,0.0,100.0
20180930182003,0.0,0.0,0.0,0.0,0.0,0.0,0.0,100.0
20180930182033,0.0,0.0,0.0,0.0,0.0,0.0,0.0,100.0
20180930182103,0.0,0.0,0.0,0.0,0.0,0.0,0.0,100.0
20180930182133,0.0,0.0,0.0,0.0,0.0,0.0,0.0,100.0
20180930182203,0.0,0.0,0.0,0.0,0.0,0.0,0.0,100.0
20180930182233,0.0,0.0,0.0,0.0,0.0,0.0,0.0,100.0
20180930182303,0.0,0.0,0.0,0.0,0.0,0.0,0.0,100.0
20180930182333,0.0,0.0,0.0,0.0,0.0,0.0,0.0,99.9
20180930182403,0.0,0.0,0.0,0.0,0.0,0.0,0.1,99.9
20180930182433,0.0,0.0,0.0,0.0,0.0,0.0,0.1,99.8
20180930182503,0.0,0.0,0.0,0.0,0.0,0.0,0.1,99.8
20180930182533,0.0,0.0,0.0,0.0,0.0,0.0,0.0,99.9
20180930182603,0.0,0.0,0.0,0.1,0.2,0.0,0.2,99.5
20180930182633,0.0,0.0,0.0,0.2,0.6,0.0,0.4,98.8
20180930182703,0.0,0.0,0.0,0.3,0.3,0.0,0.8,98.5
20180930182733,0.0,0.0,0.0,0.1,0.4,0.0,0.4,99.1
20180930182803,0.0,0.0,0.0,0.5,0.4,0.0,0.8,98.2
20180930182833,0.0,0.0,0.0,1.1,0.7,0.0,2.5,95.7
20180930182903,0.1,0.0,0.0,0.6,0.3,0.0,1.4,97.6
20180930182933,0.0,0.0,0.0,1.0,0.1,0.0,1.3,97.7
20180930183003,0.0,0.0,0.0,1.2,0.3,0.0,2.4,96.0
20180930183033,0.1,0.0,0.0,0.8,0.2,0.0,4.4,94.5
20180930183103,0.0,0.0,0.0,0.5,0.0,0.0,0.7,98.7
20180930183133,0.0,0.0,0.0,0.7,0.0,0.0,0.4,98.8
20180930183203,0.1,0.0,0.0,0.7,0.1,0.0,2.6,96.5
20180930183233,0.0,0.0,0.0,1.0,0.1,0.0,1.4,97.5
20180930183303,0.1,0.0,0.0,0.9,0.1,0.0,5.5,93.3
20180930183333,0.1,0.0,0.0,1.5,0.2,0.1,9.5,88.7
20180930183403,0.1,0.0,0.0,0.3,0.2,0.0,2.6,96.9
20180930183433,0.2,0.0,0.0,1.4,1.2,0.0,24.9,72.3
20180930183503,0.2,0.0,0.0,1.1,0.2,0.0,5.2,93.2
20180930183533,0.0,0.0,0.0,0.4,0.1,0.0,0.8,98.7
20180930183603,0.0,0.0,0.0,0.4,0.1,0.0,3.6,95.9
20180930183633,0.0,0.0,0.0,0.4,0.1,0.0,1.1,98.4
20180930183703,0.0,0.0,0.0,0.3,0.0,0.0,2.3,97.3
20180930183733,0.0,0.0,0.0,0.9,0.1,0.0,7.4,91.6
20180930183803,0.0,0.0,0.0,0.6,0.1,0.0,1.7,97.6
20180930183833,0.0,0.0,0.0,0.4,0.0,0.0,1.1,98.5
20180930183903,0.0,0.0,0.0,0.4,0.1,0.0,4.2,95.4
20180930183933,0.2,0.0,0.0,2.7,0.5,0.1,27.1,69.5
20180930184003,0.1,0.0,0.0,2.8,0.2,0.0,36.9,60.0
20180930184033,0.1,0.0,0.0,1.4,0.1,0.0,11.9,86.5
20180930184103,0.1,0.0,0.0,1.4,0.2,0.1,18.7,79.5
20180930184133,0.1,0.0,0.0,0.9,0.1,0.0,6.9,92.1
20180930184203,0.0,0.0,0.0,0.8,0.2,0.0,18.0,81.0
20180930184233,0.0,0.0,0.0,2.2,0.2,0.1,19.0,78.5
20180930184304,0.0,0.0,0.0,1.6,0.2,0.1,15.3,82.7
20180930184334,0.0,0.0,0.0,0.9,0.0,0.0,16.8,82.3
20180930184404,0.0,0.0,0.0,0.5,0.1,0.0,12.3,87.1
20180930184434,0.0,0.0,0.0,1.5,0.3,0.1,31.5,66.6
20180930184504,0.0,0.0,0.0,1.2,0.2,0.0,25.4,73.1
20180930184534,0.0,0.0,0.0,1.2,0.1,0.0,9.6,89.1
20180930184604,0.0,0.0,0.0,0.8,0.1,0.0,7.7,91.3
20180930184634,0.0,0.0,0.0,0.5,0.1,0.0,9.2,90.1
20180930184704,0.0,0.0,0.0,1.2,0.1,0.0,6.8,91.8
20180930184734,0.0,0.0,0.0,0.7,0.1,0.1,12.2,87.0
20180930184804,0.1,0.0,0.0,1.3,0.2,0.1,12.1,86.2
20180930184834,0.1,0.0,0.1,1.3,0.3,0.1,11.2,86.9
20180930184904,0.2,0.0,0.0,2.1,0.3,0.1,53.2,44.1
20180930184934,0.0,0.0,0.0,0.3,0.2,0.0,5.2,94.3
20180930185004,0.0,0.0,0.0,0.8,0.2,0.0,10.8,88.1
20180930185034,0.0,0.0,0.0,0.3,0.1,0.0,6.8,92.7
20180930185104,0.0,0.0,0.0,1.1,0.2,0.0,10.5,88.1
20180930185134,0.0,0.0,0.0,0.6,0.1,0.0,4.7,94.6
20180930185204,0.0,0.0,0.0,0.4,0.2,0.0,12.7,86.5
20180930185234,0.0,0.0,0.0,0.4,0.1,0.0,18.1,81.3
20180930185304,0.0,0.0,0.0,0.4,0.1,0.0,7.1,92.3
20180930185334,0.1,0.0,0.0,0.7,0.6,0.0,13.5,85.1
20180930185404,0.1,0.0,0.0,0.5,0.4,0.0,12.6,86.4
20180930185434,0.1,0.0,0.0,1.1,0.9,0.0,26.0,71.8
20180930185504,0.0,0.0,0.0,0.6,0.3,0.0,5.9,93.2
20180930185534,0.0,0.0,0.0,0.2,0.1,0.0,9.1,90.5
20180930185604,0.0,0.0,0.0,0.1,0.1,0.0,9.2,90.6
20180930185634,0.0,0.0,0.0,0.1,0.1,0.0,8.1,91.7
20180930185704,0.0,0.0,0.2,0.4,0.3,0.0,16.6,82.6
20180930185734,0.0,0.0,0.0,0.9,0.2,0.0,3.3,95.5
20180930185804,0.0,0.0,0.2,1.2,0.4,0.0,23.3,74.9
20180930185834,0.0,0.0,0.2,0.6,0.5,0.0,20.8,78.0
20180930185904,0.0,0.0,0.1,0.7,0.5,0.1,23.1,75.6
20180930185934,0.1,0.0,0.1,2.4,1.1,0.1,18.8,77.4
20180930190004,0.0,0.0,0.1,0.7,0.5,0.1,42.3,56.2
20180930190034,0.0,0.0,0.1,0.7,0.4,0.1,10.4,88.3
20180930190104,0.0,0.0,0.3,0.7,0.3,0.1,21.1,77.4
20180930190134,0.1,0.0,0.0,0.8,0.3,0.0,16.6,82.2
20180930190204,0.0,0.0,0.0,0.5,0.2,0.0,13.8,85.3
20180930190234,0.0,0.0,0.1,1.2,0.4,0.0,15.1,83.2
20180930190304,0.0,0.0,0.1,1.6,0.7,0.0,26.1,71.4
20180930190334,0.0,0.0,0.1,0.4,0.4,0.0,19.6,79.5
20180930190404,0.0,0.0,0.0,0.8,0.2,0.0,26.1,72.8
20180930190434,0.0,0.0,0.1,1.3,0.7,0.0,41.4,56.5
20180930190504,0.0,0.0,0.0,1.9,1.3,0.0,20.2,76.5
20180930190534,0.0,0.0,0.0,0.8,0.7,0.0,23.8,74.7
20180930190604,0.1,0.0,0.0,1.2,0.5,0.0,22.1,76.2
20180930190634,0.0,0.0,0.0,0.8,0.2,0.0,13.8,85.1
20180930190704,0.0,0.0,0.0,2.2,0.5,0.0,21.3,75.9
20180930190734,0.1,0.0,0.0,0.8,0.2,0.0,4.6,94.2
20180930190804,0.0,0.0,0.0,1.1,0.2,0.0,13.0,85.6
20180930190834,0.1,0.0,0.0,2.5,0.3,0.0,32.3,64.8
20180930190904,0.1,0.0,0.1,1.7,0.7,0.1,22.7,74.7
20180930190934,0.0,0.0,0.0,0.6,0.3,0.1,13.9,85.1
20180930191005,0.1,0.0,0.0,0.7,0.4,0.1,14.9,83.7
20180930191035,0.1,0.0,0.0,2.3,0.5,0.1,31.9,65.2
20180930191105,0.0,0.0,0.0,0.3,0.3,0.1,35.4,63.9
20180930191135,0.0,0.0,0.1,0.6,0.5,0.1,22.6,76.2
20180930191205,0.0,0.0,0.2,0.5,0.3,0.2,56.0,42.8
20180930191235,0.0,0.0,0.3,0.1,0.3,0.0,26.3,72.9
20180930191305,0.0,0.0,0.2,0.3,0.1,0.0,32.2,67.1
20180930191335,0.0,0.0,0.1,0.3,0.3,0.0,26.7,72.5
20180930191405,0.0,0.0,0.0,0.1,0.2,0.0,13.7,86.0
20180930191435,0.0,0.0,0.0,0.0,0.0,0.0,12.6,87.3
20180930191505,0.0,0.0,0.0,0.1,0.3,0.0,4.8,94.8
20180930191535,0.0,0.0,0.1,0.1,0.1,0.0,16.6,83.1
20180930191605,0.0,0.0,0.3,0.4,0.5,0.0,26.6,72.3
20180930191635,0.0,0.0,0.0,0.1,0.3,0.0,23.3,76.3
20180930191705,0.0,0.0,0.0,0.0,0.3,0.1,9.3,90.3
20180930191735,0.0,0.0,0.3,0.2,0.5,0.1,35.0,63.9
20180930191805,0.0,0.0,0.4,0.1,1.2,0.5,11.7,86.1
20180930191835,0.0,0.0,0.1,0.2,0.4,0.1,23.5,75.7
20180930191905,0.0,0.0,0.1,0.3,0.2,0.1,30.5,68.9
20180930191935,0.1,0.0,0.0,0.9,0.3,0.1,35.2,63.4
20180930192005,0.0,0.0,0.0,0.7,0.1,0.0,13.5,85.6
20180930192035,0.0,0.0,0.0,0.5,0.2,0.0,3.2,96.1
20180930192105,0.1,0.0,0.1,1.3,0.5,0.2,11.4,86.3
20180930192135,0.1,0.0,0.1,0.4,0.4,0.0,9.5,89.6
20180930192205,0.1,0.0,0.0,0.2,0.5,0.1,9.7,89.5
20180930192235,0.1,0.0,0.0,0.3,0.4,0.2,9.4,89.5
20180930192305,0.0,0.0,0.1,0.9,0.3,0.0,5.4,93.3
20180930192335,0.0,0.0,0.2,2.2,0.5,0.1,11.9,85.1
20180930192405,0.1,0.0,0.4,1.5,0.4,0.3,39.3,58.0
20180930192435,0.0,0.0,0.0,0.3,0.1,0.1,5.4,94.0
20180930192505,0.2,0.0,0.0,1.7,0.2,0.2,44.8,52.8
20180930192535,0.1,0.0,0.0,0.9,0.2,0.1,34.3,64.5
20180930192605,0.2,0.0,0.0,0.7,0.2,0.1,39.1,59.7
20180930192635,0.0,0.0,0.0,0.1,0.1,0.1,18.8,80.9
20180930192705,0.0,0.0,0.0,0.2,0.1,0.3,63.8,35.6
20180930192735,0.1,0.0,0.1,0.3,0.2,0.4,34.2,64.7
20180930192805,0.1,0.0,0.0,0.8,0.1,0.1,53.5,45.4
20180930192835,0.1,0.0,0.1,1.4,0.3,0.4,51.6,46.2
20180930192905,0.0,0.0,0.1,0.2,0.1,0.2,50.3,49.1
20180930192935,0.1,0.0,0.1,0.6,0.0,0.1,15.3,83.8
20180930193005,0.0,0.0,0.2,0.7,0.1,0.1,52.6,46.4
20180930193035,0.0,0.0,0.1,1.9,0.2,0.0,26.3,71.5
20180930193105,0.1,0.0,0.5,0.7,0.4,0.1,41.8,56.4
20180930193135,0.0,0.0,0.1,1.2,0.5,0.1,42.1,55.9
20180930193205,0.0,0.0,0.2,1.1,0.1,0.1,20.0,78.4
20180930193235,0.0,0.0,0.5,1.4,0.1,0.1,44.3,53.5
20180930193305,0.0,0.0,0.1,0.8,0.1,0.1,45.9,53.0
20180930193335,0.0,0.0,0.0,0.8,0.1,0.0,47.2,51.8
20180930193405,0.0,0.0,0.0,0.7,0.1,0.0,37.8,61.4
20180930193435,0.0,0.0,0.0,1.1,0.1,0.0,25.4,73.4
20180930193505,0.0,0.0,0.0,0.8,0.1,0.0,42.3,56.8
20180930193535,0.0,0.0,0.0,0.7,0.2,0.0,38.9,60.2
20180930193605,0.0,0.0,0.0,0.1,0.0,0.0,57.9,41.9
20180930193635,0.0,0.0,0.0,0.3,0.1,0.0,38.8,60.8
20180930193705,0.0,0.0,0.0,0.3,0.1,0.1,42.7,56.7
20180930193735,0.0,0.0,0.0,0.1,0.1,0.0,55.8,43.9
20180930193805,0.0,0.0,0.0,0.4,0.2,0.1,31.8,67.5
20180930193835,0.0,0.0,0.0,0.5,0.2,0.1,55.1,44.1
20180930193905,0.0,0.0,0.0,0.2,0.1,0.0,79.9,19.8
20180930193935,0.0,0.0,0.0,0.1,0.0,0.0,82.0,17.9
20180930194005,0.0,0.0,0.0,0.5,0.1,0.0,62.9,36.5
20180930194035,0.0,0.0,0.0,0.1,0.0,0.0,92.2,7.7
20180930194105,0.0,0.0,0.0,0.0,0.0,0.0,96.6,3.3
20180930194135,0.0,0.0,0.0,0.1,0.0,0.0,96.5,3.5
20180930194205,0.0,0.0,0.0,0.0,0.0,0.0,97.7,2.3
20180930194235,0.0,0.0,0.0,0.0,0.0,0.0,96.5,3.5
20180930194305,0.0,0.0,0.0,0.0,0.0,0.0,96.0,3.9
20180930194335,0.0,0.0,0.0,0.1,0.0,0.0,92.0,7.9
20180930194405,0.0,0.0,0.0,0.1,0.0,0.0,95.3,4.7
20180930194436,0.0,0.0,0.0,0.2,0.0,0.0,97.7,2.1
20180930194506,0.0,0.0,0.0,0.0,0.0,0.0,99.2,0.8
20180930194536,0.0,0.0,0.0,0.1,0.0,0.0,92.2,7.7
20180930194606,0.0,0.0,0.0,0.4,0.0,0.0,82.6,17.0
20180930194636,0.0,0.0,0.0,0.1,0.0,0.0,94.0,5.8
20180930194706,0.0,0.0,0.0,0.1,0.0,0.0,82.2,17.7
20180930194736,0.0,0.0,0.0,0.1,0.0,0.0,92.8,7.0
20180930194806,0.0,0.0,0.0,0.0,0.0,0.0,95.4,4.5
20180930194836,0.0,0.0,0.0,0.0,0.0,0.0,99.0,1.0
20180930194906,0.0,0.0,0.0,0.1,0.0,0.0,96.8,3.1
20180930194936,0.0,0.0,0.0,0.1,0.0,0.0,97.5,2.4
20180930195006,0.0,0.0,0.0,0.1,0.0,0.0,95.4,4.5
20180930195036,0.0,0.0,0.0,0.1,0.0,0.0,91.4,8.5
20180930195106,0.0,0.0,0.0,0.2,0.0,0.0,97.7,2.1
20180930195136,0.0,0.0,0.0,0.3,0.0,0.0,90.6,9.1
20180930195206,0.0,0.0,0.0,0.1,0.0,0.0,98.3,1.6
20180930195236,0.0,0.0,0.0,0.0,0.0,0.0,98.5,1.4
20180930195306,0.0,0.0,0.0,0.1,0.0,0.0,99.5,0.4
20180930195336,0.0,0.0,0.0,0.1,0.0,0.0,94.7,5.1
20180930195406,0.0,0.0,0.0,0.1,0.0,0.0,98.7,1.2
20180930195436,0.0,0.0,0.0,0.2,0.0,0.0,98.1,1.7
20180930195506,0.0,0.0,0.0,0.1,0.0,0.0,98.5,1.4
20180930195536,0.0,0.0,0.0,0.2,0.0,0.0,91.9,7.9
20180930195606,0.0,0.0,0.0,0.0,0.0,0.0,97.2,2.7
20180930195636,0.0,0.0,0.0,0.0,0.0,0.0,96.8,3.2
20180930195706,0.0,0.0,0.0,0.1,0.0,0.0,94.0,5.9
20180930195736,0.0,0.0,0.0,0.1,0.0,0.0,98.3,1.5
20180930195806,0.0,0.0,0.0,0.2,0.0,0.0,87.4,12.3
20180930195836,0.0,0.0,0.0,0.0,0.0,0.0,99.0,1.0
20180930195906,0.0,0.0,0.0,0.0,0.0,0.0,98.1,1.9
20180930195936,0.0,0.0,0.0,0.0,0.0,0.0,99.7,0.3
20180930200006,0.0,0.0,0.0,0.0,0.0,0.0,98.5,1.4
20180930200036,0.0,0.0,0.0,0.0,0.0,0.0,94.0,5.9
20180930200106,0.0,0.0,0.0,0.0,0.0,0.0,98.0,1.9
20180930200136,0.0,0.0,0.0,0.0,0.0,0.0,97.9,2.0
20180930200206,0.0,0.0,0.0,0.0,0.0,0.0,97.5,2.4
20180930200236,0.0,0.0,0.0,0.1,0.0,0.0,98.7,1.2
20180930200306,0.0,0.0,0.0,0.0,0.0,0.0,97.9,2.0
20180930200336,0.0,0.0,0.0,0.0,0.0,0.0,98.0,1.9
20180930200406,0.0,0.0,0.1,0.2,0.0,0.0,93.0,6.6
20180930200436,0.0,0.0,0.1,0.3,0.1,0.1,94.4,5.0
20180930200506,0.0,0.0,0.1,0.3,0.1,0.1,92.7,6.7
20180930200536,0.0,0.0,0.1,0.1,0.1,0.1,95.3,4.4
20180930200606,0.0,0.0,0.0,0.2,0.1,0.0,93.4,6.1
20180930200636,0.0,0.0,1.1,0.3,0.3,0.5,63.8,33.9
20180930200706,0.1,0.0,0.8,0.7,3.5,0.9,50.2,43.7
20180930200736,0.0,0.0,0.6,0.7,0.9,1.7,30.5,65.4
20180930200806,0.0,0.0,0.2,0.1,0.2,0.2,5.2,94.0
20180930200836,0.0,0.0,0.1,0.0,0.0,0.0,0.4,99.4
20180930200906,0.0,0.0,0.0,0.0,0.0,0.0,0.6,99.3
20180930200936,0.0,0.0,0.0,0.0,0.0,0.0,0.4,99.5
20180930201006,0.0,0.0,0.0,0.0,0.0,0.0,0.2,99.8
20180930201036,0.0,0.0,0.0,0.0,0.0,0.0,1.4,98.6
20180930201106,0.0,0.0,0.0,0.0,0.0,0.0,0.6,99.4
20180930201136,0.0,0.0,0.0,0.0,0.0,0.0,0.9,99.1
20180930201206,0.0,0.0,0.0,0.0,0.0,0.0,0.4,99.6
20180930201236,0.0,0.0,0.0,0.0,0.0,0.0,0.2,99.8
20180930201306,0.0,0.0,0.0,0.0,0.0,0.0,0.0,100.0
20180930201336,0.0,0.0,0.0,0.0,0.0,0.0,0.2,99.8
20180930201406,0.0,0.0,0.0,0.0,0.0,0.0,0.1,99.9
20180930201436,0.0,0.0,0.0,0.0,0.0,0.0,0.1,99.9
20180930201506,0.0,0.0,0.0,0.0,0.0,0.0,0.2,99.8
20180930201536,0.0,0.0,0.0,0.0,0.0,0.0,0.1,99.9
20180930201606,0.0,0.0,0.0,0.0,0.0,0.0,0.1,99.9
20180930201636,0.0,0.0,0.0,0.0,0.0,0.0,0.0,100.0
20180930201706,0.0,0.0,0.0,0.0,0.0,0.0,0.1,99.9
20180930201736,0.0,0.0,0.0,0.0,0.0,0.0,0.3,99.6
20180930201806,0.0,0.0,0.0,0.0,0.0,0.0,0.7,99.3
20180930201837,0.0,0.0,0.0,0.0,0.1,0.0,0.4,99.5
20180930201907,0.0,0.0,0.1,0.0,0.0,0.0,4.7,95.2
20180930201937,0.0,0.0,0.1,0.0,0.1,0.0,0.7,99.2
20180930202007,0.0,0.0,0.0,0.0,0.0,0.0,0.2,99.7
20180930202037,0.0,0.0,0.0,0.0,0.0,0.0,0.1,99.9
20180930202107,0.0,0.0,0.0,0.0,0.0,0.0,2.1,97.9
20180930202137,0.0,0.0,0.0,0.0,0.0,0.0,0.2,99.8
20180930202207,0.0,0.0,0.0,0.0,0.0,0.0,0.8,99.2
20180930202237,0.0,0.0,0.0,0.0,0.0,0.0,0.0,100.0
20180930202307,0.0,0.0,0.0,0.0,0.0,0.0,0.6,99.4
20180930202337,0.0,0.0,0.0,0.0,0.0,0.0,0.7,99.3
20180930202407,0.0,0.0,0.0,0.0,0.0,0.0,1.7,98.3
20180930202437,0.0,0.0,0.0,0.0,0.0,0.0,0.7,99.3
20180930202507,0.0,0.0,0.0,0.0,0.0,0.0,0.3,99.7
20180930202537,0.0,0.0,0.0,0.0,0.0,0.0,0.1,99.9
20180930202607,0.0,0.0,0.0,0.0,0.0,0.0,0.0,100.0
20180930202637,0.0,0.0,0.0,0.0,0.0,0.0,0.1,99.9
20180930202707,0.0,0.0,0.0,0.0,0.0,0.0,0.1,99.9
20180930202737,0.0,0.0,0.0,0.0,0.0,0.0,0.0,100.0
20180930202807,0.0,0.0,0.0,0.0,0.0,0.0,0.0,100.0
20180930202837,0.0,0.0,0.0,0.0,0.0,0.0,0.2,99.8
20180930202907,0.0,0.0,0.0,0.0,0.0,0.0,0.2,99.8
20180930202937,0.0,0.0,0.0,0.0,0.0,0.0,0.0,100.0
20180930203007,0.0,0.0,0.0,0.0,0.0,0.0,0.0,100.0
20180930203037,0.0,0.0,0.0,0.0,0.0,0.0,0.0,100.0
20180930203107,0.0,0.0,0.0,0.0,0.0,0.0,0.0,100.0
20180930203137,0.0,0.0,0.0,0.0,0.0,0.0,0.0,100.0
20180930203207,0.0,0.0,0.0,0.0,0.0,0.0,0.0,100.0
20180930203237,0.0,0.0,0.0,0.0,0.0,0.0,0.0,100.0
20180930203307,0.0,0.0,0.0,0.0,0.0,0.0,0.0,100.0
20180930203337,0.0,0.0,0.0,0.0,0.0,0.0,0.0,100.0
20180930203407,0.0,0.0,0.0,0.0,0.0,0.0,0.0,100.0
20180930203437,0.0,0.0,0.0,0.0,0.0,0.0,0.0,100.0
20180930203507,0.0,0.0,0.0,0.0,0.0,0.0,0.0,100.0
20180930203537,0.0,0.0,0.0,0.0,0.0,0.0,0.0,100.0
20180930203607,0.0,0.0,0.0,0.0,0.0,0.0,0.0,100.0
20180930203637,0.0,0.0,0.0,0.0,0.0,0.0,0.0,100.0
20180930203707,0.0,0.0,0.0,0.0,0.0,0.0,0.0,100.0
20180930203737,0.0,0.0,0.0,0.0,0.0,0.0,0.0,100.0
20180930203807,0.0,0.0,0.0,0.0,0.0,0.0,0.0,100.0
20180930203837,0.0,0.0,0.0,0.0,0.0,0.0,0.0,100.0
20180930203907,0.0,0.0,0.0,0.0,0.0,0.0,0.0,100.0
20180930203937,0.0,0.0,0.0,0.0,0.0,0.0,0.0,100.0
20180930204007,0.0,0.0,0.0,0.0,0.0,0.0,0.0,100.0
20180930204037,0.0,0.0,0.0,0.0,0.0,0.0,0.0,100.0
20180930204107,0.0,0.0,0.0,0.0,0.0,0.0,0.0,100.0
20180930204137,0.0,0.0,0.0,0.0,0.0,0.0,0.0,100.0
20180930204207,0.0,0.0,0.0,0.0,0.0,0.0,0.0,100.0
20180930204237,0.0,0.0,0.0,0.0,0.0,0.0,0.0,100.0
20180930204307,0.0,0.0,0.0,0.0,0.0,0.0,0.0,100.0
20180930204337,0.0,0.0,0.0,0.0,0.0,0.0,0.0,100.0
20180930204407,0.0,0.0,0.0,0.0,0.0,0.0,0.0,100.0
20180930204437,0.0,0.0,0.0,0.0,0.0,0.0,1.9,98.0
20180930204507,0.0,0.0,0.0,0.0,0.2,0.0,4.8,95.0
20180930204538,0.0,0.0,0.0,0.0,0.3,0.0,15.4,84.3
20180930204608,0.0,0.0,0.0,0.0,0.2,0.0,2.0,97.7
20180930204638,0.0,0.0,0.0,0.0,0.1,0.0,6.4,93.5
20180930204708,0.0,0.0,0.0,0.0,0.2,0.0,5.4,94.4
20180930204738,0.0,0.0,0.0,0.0,0.0,0.0,1.4,98.6
20180930204808,0.0,0.0,0.0,0.0,0.1,0.0,2.3,97.6
20180930204838,0.0,0.0,0.0,0.0,0.0,0.0,20.7,79.2
20180930204908,0.0,0.0,0.0,0.0,0.0,0.0,55.6,44.3
20180930204938,0.0,0.0,0.0,0.0,0.0,0.0,18.1,81.9
20180930205008,0.0,0.0,0.0,0.0,0.0,0.0,55.1,44.8
20180930205038,0.0,0.0,0.0,0.0,0.0,0.0,41.3,58.7
20180930205108,0.0,0.0,0.0,0.0,0.1,0.0,15.2,84.7
20180930205138,0.0,0.0,0.0,0.0,0.0,0.0,26.3,73.7
20180930205208,0.0,0.0,0.0,0.0,0.0,0.0,75.1,24.9
20180930205238,0.0,0.0,0.0,0.0,0.0,0.0,56.4,43.6
20180930205308,0.0,0.0,0.0,0.0,0.0,0.0,43.2,56.8
20180930205338,0.0,0.0,0.0,0.0,0.0,0.0,66.1,33.9
20180930205408,0.0,0.0,0.0,0.0,0.0,0.0,75.5,24.5
20180930205438,0.0,0.0,0.0,0.0,0.0,0.0,62.9,37.1
20180930205508,0.0,0.0,0.0,0.0,0.0,0.0,79.6,20.4
20180930205538,0.0,0.0,0.0,0.0,0.0,0.0,77.3,22.7
20180930205608,0.0,0.0,0.0,0.0,0.2,0.0,64.7,35.0
20180930205638,0.0,0.0,0.0,0.0,0.0,0.0,38.8,61.2
20180930205708,0.0,0.0,0.0,0.0,0.0,0.0,35.1,64.9
20180930205738,0.0,0.0,0.0,0.0,0.0,0.0,36.1,63.9
20180930205808,0.0,0.0,0.0,0.0,0.0,0.0,13.4,86.5
20180930205838,0.0,0.0,0.0,0.0,0.0,0.0,7.8,92.2
20180930205908,0.0,0.0,0.0,0.0,0.1,0.0,20.6,79.2
20180930205938,0.0,0.0,0.0,0.0,0.4,0.0,11.0,88.6
20180930210008,0.0,0.0,0.0,0.0,0.0,0.0,58.7,41.3
20180930210038,0.0,0.0,0.0,0.0,0.0,0.0,79.3,20.6
20180930210108,0.0,0.0,0.0,0.0,0.1,0.0,95.6,4.3
20180930210138,0.0,0.0,0.0,0.0,0.1,0.0,85.0,14.9
20180930210208,0.0,0.0,0.0,0.0,0.4,0.0,38.2,61.4
20180930210238,0.0,0.0,0.0,0.0,0.2,0.0,50.4,49.4
20180930210308,0.0,0.0,0.0,0.0,0.3,0.0,6.1,93.6
20180930210338,0.0,0.0,0.0,0.0,0.2,0.0,25.5,74.3
20180930210408,0.0,0.0,0.0,0.0,0.7,0.0,53.5,45.8
20180930210438,0.0,0.0,0.0,0.1,1.4,0.0,47.6,50.9
20180930210508,0.0,0.0,0.0,0.0,0.3,0.0,16.7,83.0
20180930210538,0.0,0.0,0.0,0.1,1.2,0.0,22.0,76.6
20180930210608,0.0,0.0,0.0,0.0,0.1,0.0,78.4,21.4
20180930210638,0.0,0.0,0.0,0.1,0.4,0.0,47.0,52.6
20180930210708,0.0,0.0,0.0,0.1,0.6,0.0,33.8,65.5
20180930210738,0.0,0.0,0.0,0.0,0.2,0.0,20.7,79.1
20180930210808,0.0,0.0,0.0,0.0,0.9,0.0,32.3,66.8
20180930210838,0.0,0.0,0.0,0.0,1.7,0.0,18.9,79.3
20180930210908,0.0,0.0,0.0,0.1,0.5,0.0,77.7,21.8
20180930210938,0.0,0.0,0.0,0.0,1.0,0.0,28.1,70.9
20180930211008,0.0,0.0,0.0,0.0,2.3,0.0,35.4,62.2
20180930211038,0.0,0.0,0.0,0.3,3.9,0.0,18.0,77.8
20180930211108,0.0,0.0,0.0,0.1,2.1,0.0,50.3,47.5
20180930211138,0.0,0.0,0.0,0.1,1.9,0.0,75.4,22.6
20180930211208,0.0,0.0,0.0,0.0,1.3,0.0,36.7,62.0
20180930211238,0.0,0.0,0.0,0.0,0.6,0.0,44.1,55.3
20180930211308,0.0,0.0,0.0,0.1,0.6,0.0,60.8,38.6
20180930211338,0.0,0.0,0.0,0.0,1.3,0.0,75.0,23.7
20180930211408,0.0,0.0,0.0,0.0,0.1,0.0,73.0,26.9
20180930211438,0.0,0.0,0.0,0.1,0.4,0.0,28.0,71.5
20180930211508,0.0,0.0,0.0,0.0,0.0,0.0,3.2,96.7
20180930211538,0.0,0.0,0.0,0.0,0.2,0.0,12.8,86.9
20180930211608,0.0,0.0,0.0,0.2,0.5,0.0,21.7,77.6
20180930211638,0.0,0.0,0.0,0.0,0.2,0.0,25.0,74.8
20180930211708,0.0,0.0,0.0,0.0,0.2,0.0,29.7,70.1
20180930211738,0.0,0.0,0.0,0.0,0.3,0.0,46.0,53.6
20180930211808,0.0,0.0,0.0,0.0,0.3,0.0,29.9,69.7
20180930211838,0.0,0.0,0.0,0.1,0.2,0.0,25.5,74.3
20180930211908,0.0,0.0,0.0,0.1,0.2,0.0,26.6,73.2
20180930211938,0.0,0.0,0.0,0.1,1.2,0.0,47.3,51.5
20180930212008,0.0,0.0,0.0,0.0,0.3,0.0,73.8,25.8
20180930212039,0.0,0.0,0.0,0.0,0.3,0.0,23.5,76.1
20180930212109,0.0,0.0,0.0,0.2,0.3,0.0,67.1,32.5
20180930212139,0.0,0.0,0.0,0.1,0.9,0.0,30.8,68.2
20180930212209,0.0,0.0,0.0,0.0,0.6,0.0,27.5,71.9
20180930212239,0.0,0.0,0.0,0.1,0.3,0.0,64.4,35.2
20180930212309,0.0,0.0,0.0,0.0,2.1,0.0,38.6,59.3
20180930212339,0.0,0.0,0.0,0.0,0.5,0.0,24.8,74.7
20180930212409,0.0,0.0,0.0,0.0,0.5,0.0,59.1,40.4
20180930212439,0.0,0.0,0.0,0.0,1.3,0.0,48.0,50.7
20180930212509,0.0,0.0,0.0,1.1,3.7,0.0,1.4,93.9
20180930212539,0.0,0.0,0.0,0.0,0.4,0.0,11.2,88.4
20180930212609,0.0,0.0,0.0,0.0,1.1,0.0,19.4,79.5
20180930212639,0.0,0.0,0.0,0.0,0.6,0.0,11.0,88.4
20180930212709,0.0,0.0,0.0,0.0,0.3,0.0,4.8,94.8
20180930212739,0.0,0.0,0.0,0.0,0.5,0.0,33.9,65.6
20180930212809,0.0,0.0,0.0,0.1,0.4,0.0,57.6,42.0
20180930212839,0.0,0.0,0.0,0.0,0.1,0.0,66.8,33.1
20180930212909,0.0,0.0,0.0,0.2,0.1,0.0,56.4,43.4
20180930212939,0.0,0.0,0.0,0.0,0.1,0.0,52.3,47.5
20180930213009,0.0,0.0,0.0,0.1,0.3,0.0,70.6,29.0
20180930213039,0.0,0.0,0.0,0.1,0.2,0.0,80.5,19.1
20180930213109,0.0,0.0,0.0,0.4,0.4,0.0,28.5,70.8
20180930213139,0.0,0.0,0.0,0.2,0.9,0.0,71.7,27.2
20180930213209,0.0,0.0,0.0,0.3,1.2,0.0,21.6,77.0
20180930213239,0.0,0.0,0.0,0.3,1.6,0.0,33.0,65.1
20180930213309,0.0,0.0,0.0,0.8,1.6,0.0,73.8,23.8
20180930213339,0.0,0.0,0.0,1.8,1.0,0.0,28.0,69.1
20180930213409,0.0,0.0,0.0,84.6,3.2,0.0,0.5,11.6
20180930213439,0.0,0.0,0.0,5.0,1.0,0.0,4.0,89.9
20180930213509,0.0,0.0,0.0,0.8,0.2,0.0,35.9,63.0
20180930213539,0.0,0.0,0.0,0.2,0.1,0.0,44.7,54.9
20180930213609,0.0,0.0,0.0,0.2,0.6,0.0,33.6,65.6
20180930213639,0.0,0.0,0.0,0.1,0.2,0.0,9.6,90.1
20180930213709,0.0,0.0,0.0,0.2,0.0,0.0,30.6,69.2
20180930213739,0.0,0.0,0.0,0.0,0.1,0.0,5.4,94.5
20180930213809,0.0,0.0,0.0,0.0,0.1,0.0,18.0,81.9
20180930213839,0.0,0.0,0.0,0.0,0.1,0.0,7.1,92.8
20180930213909,0.0,0.0,0.0,0.1,0.3,0.0,13.8,85.8
20180930213939,0.0,0.0,0.0,0.0,0.2,0.0,11.5,88.3
20180930214009,0.0,0.0,0.0,0.1,0.4,0.0,46.7,52.9
20180930214039,0.0,0.0,0.0,0.0,0.2,0.0,7.2,92.5
20180930214109,0.0,0.0,0.0,0.0,0.1,0.0,71.2,28.7
20180930214139,0.0,0.0,0.0,0.5,0.2,0.0,86.5,12.7
20180930214209,0.0,0.0,0.0,0.1,0.1,0.0,9.2,90.6
20180930214239,0.0,0.0,0.0,0.0,0.0,0.0,14.4,85.6
20180930214309,0.0,0.0,0.0,0.1,0.1,0.0,44.1,55.6
20180930214339,0.0,0.0,0.0,0.0,0.0,0.0,15.1,84.9
20180930214409,0.0,0.0,0.0,0.0,0.0,0.0,6.6,93.4
20180930214439,0.0,0.0,0.0,0.2,0.0,0.0,59.7,40.1
20180930214509,0.0,0.0,0.0,0.4,0.0,0.0,75.6,24.0
20180930214539,0.0,0.0,0.0,0.2,0.0,0.0,4.2,95.6
20180930214609,0.0,0.0,0.0,0.1,0.0,0.0,27.0,72.9
20180930214639,0.0,0.0,0.0,0.6,0.0,0.0,54.9,44.5
20180930214709,0.0,0.0,0.0,0.0,0.0,0.0,62.5,37.4
20180930214739,0.0,0.0,0.0,0.0,0.0,0.0,29.8,70.2
20180930214809,0.0,0.0,0.0,0.0,0.0,0.0,14.1,85.9
20180930214839,0.0,0.0,0.0,0.1,0.0,0.0,65.6,34.3
20180930214909,0.0,0.0,0.0,0.5,0.0,0.0,66.0,33.5
20180930214939,0.0,0.0,0.0,0.0,0.0,0.0,2.3,97.7
20180930215009,0.0,0.0,0.0,0.1,0.0,0.0,10.3,89.7
20180930215039,0.0,0.0,0.0,0.0,0.0,0.0,3.3,96.7
20180930215109,0.0,0.0,0.0,0.3,0.0,0.0,31.9,67.8
20180930215139,0.0,0.0,0.0,0.6,0.0,0.0,72.6,26.8
20180930215209,0.0,0.0,0.0,0.3,0.2,0.0,39.8,59.7
20180930215239,0.0,0.0,0.0,0.2,0.1,0.0,74.8,24.9
20180930215309,0.0,0.0,0.0,0.1,0.0,0.0,85.3,14.6
20180930215339,0.0,0.0,0.0,1.4,0.0,0.0,67.3,31.2
20180930215409,0.0,0.0,0.0,1.0,0.0,0.0,91.2,7.8
20180930215440,0.0,0.0,0.0,0.4,0.0,0.0,98.6,1.0
20180930215510,0.0,0.0,0.0,4.7,0.1,0.0,10.5,84.7
20180930215540,0.0,0.0,0.0,4.5,0.2,0.0,19.6,75.6
20180930215610,0.0,0.0,0.0,81.8,1.2,0.0,0.3,16.8
20180930215640,0.0,0.0,0.0,74.7,4.7,0.0,0.2,20.4
20180930215710,0.0,0.0,0.0,0.4,0.0,0.0,90.8,8.7
20180930215740,0.0,0.0,0.0,1.3,0.1,0.0,77.5,21.0
20180930215810,0.0,0.0,0.0,0.3,0.3,0.0,73.5,25.9
20180930215840,0.0,0.0,0.0,0.1,0.1,0.0,24.4,75.4
20180930215910,0.0,0.0,0.0,0.4,0.1,0.0,58.7,40.7
20180930215940,0.0,0.0,0.0,0.0,0.0,0.0,44.3,55.6
20180930220010,0.0,0.0,0.0,0.1,0.0,0.0,66.6,33.3
20180930220040,0.0,0.0,0.0,0.1,0.0,0.0,52.9,47.0
20180930220110,0.0,0.0,0.0,0.0,0.0,0.0,6.8,93.1
20180930220140,0.0,0.0,0.0,0.0,0.0,0.0,11.7,88.2
20180930220210,0.0,0.0,0.0,0.1,0.1,0.0,30.2,69.6
20180930220240,0.0,0.0,0.0,0.0,0.0,0.0,19.9,80.1
20180930220310,0.0,0.0,0.0,0.0,0.0,0.0,8.4,91.6
20180930220340,0.0,0.0,0.0,0.0,0.1,0.0,6.2,93.7
20180930220410,0.0,0.0,0.0,0.0,0.1,0.0,5.0,94.9
20180930220440,0.0,0.0,0.0,0.1,0.8,0.0,28.0,71.1
20180930220510,0.0,0.0,0.0,0.0,1.5,0.0,60.1,38.4
20180930220540,0.0,0.0,0.0,0.1,0.4,0.0,75.7,23.8
20180930220610,0.0,0.0,0.0,0.0,0.0,0.0,91.4,8.6
20180930220640,0.0,0.0,0.0,0.0,0.2,0.0,87.2,12.5
20180930220710,0.0,0.0,0.0,0.0,0.1,0.0,94.3,5.5
20180930220740,0.0,0.0,0.0,0.2,0.6,0.1,89.2,9.8
20180930220810,0.0,0.0,0.0,0.1,0.6,0.2,76.2,23.0
20180930220840,0.0,0.0,0.0,0.0,0.1,0.0,67.9,31.9
20180930220910,0.0,0.0,0.0,0.0,0.1,0.0,75.7,24.2
20180930220940,0.0,0.0,0.0,0.0,0.0,0.0,97.3,2.6
20180930221010,0.0,0.0,0.0,0.0,0.0,0.0,57.6,42.4
20180930221040,0.0,0.0,0.0,0.1,0.1,0.0,66.0,33.9
20180930221110,0.0,0.0,0.0,0.2,0.1,0.0,44.1,55.6
20180930221140,0.0,0.0,0.0,0.0,0.0,0.0,42.0,58.0
20180930221210,0.0,0.0,0.0,0.1,0.1,0.0,49.3,50.5
20180930221240,0.0,0.0,0.0,0.0,0.3,0.0,21.3,78.4
20180930221310,0.0,0.0,0.0,0.1,0.1,0.0,68.8,31.0
20180930221340,0.0,0.0,0.0,0.0,0.2,0.0,27.8,71.9
20180930221410,0.0,0.0,0.0,0.1,0.3,0.0,40.2,59.4
20180930221440,0.0,0.0,0.0,0.1,0.1,0.0,70.1,29.8
20180930221510,0.0,0.0,0.0,0.0,0.1,0.0,61.7,38.1
20180930221540,0.0,0.0,0.0,0.3,0.0,0.0,87.4,12.3
20180930221610,0.0,0.0,0.0,0.0,0.0,0.0,93.0,6.9
20180930221640,0.0,0.0,0.0,0.4,0.2,0.0,41.9,57.6
20180930221710,0.0,0.0,0.0,0.2,0.1,0.0,46.7,52.9
20180930221740,0.0,0.0,0.0,0.1,0.0,0.0,66.5,33.4
20180930221810,0.0,0.0,0.0,0.1,0.0,0.0,80.2,19.7
20180930221840,0.0,0.0,0.0,0.0,0.0,0.0,77.7,22.2
20180930221910,0.0,0.0,0.0,0.1,0.0,0.0,81.4,18.4
20180930221940,0.0,0.0,0.0,0.2,0.0,0.0,84.3,15.5
20180930222010,0.0,0.0,0.0,0.0,0.0,0.0,90.3,9.7
20180930222040,0.0,0.0,0.0,0.1,0.1,0.0,87.2,12.7
20180930222110,0.0,0.0,0.0,0.0,0.1,0.0,92.6,7.3
20180930222140,0.0,0.0,0.0,0.0,0.1,0.0,97.1,2.7
20180930222211,0.0,0.0,0.0,0.0,0.0,0.0,99.6,0.4
20180930222241,0.0,0.0,0.0,0.0,0.0,0.0,98.3,1.6
20180930222311,0.0,0.0,0.0,0.0,0.0,0.0,98.5,1.5
20180930222341,0.0,0.0,0.0,0.0,0.0,0.0,97.8,2.2
20180930222411,0.0,0.0,0.0,0.0,0.0,0.0,99.3,0.7
20180930222441,0.0,0.0,0.0,0.0,0.0,0.0,68.1,31.8
20180930222511,0.0,0.0,0.0,0.0,0.0,0.0,93.9,6.1
20180930222541,0.0,0.0,0.0,0.1,0.0,0.0,92.9,6.9
20180930222611,0.0,0.0,0.0,0.0,0.1,0.0,96.3,3.6
20180930222641,0.0,0.0,0.0,0.1,0.2,0.0,95.5,4.2
20180930222711,0.0,0.0,0.0,0.1,0.0,0.0,95.7,4.2
20180930222741,0.0,0.0,0.0,0.2,0.3,0.0,82.3,17.2
20180930222811,0.0,0.0,0.0,0.3,0.1,0.0,90.4,9.2
20180930222841,0.0,0.0,0.0,0.3,0.1,0.0,92.4,7.3
20180930222911,0.0,0.0,0.0,0.2,0.1,0.0,98.9,0.9
20180930222941,0.0,0.0,0.0,0.0,0.0,0.0,98.9,1.0
20180930223011,0.0,0.0,0.0,0.0,0.0,0.0,97.7,2.3
20180930223041,0.0,0.0,0.0,0.0,0.0,0.0,97.3,2.7
20180930223111,0.0,0.0,0.0,0.0,0.0,0.0,98.4,1.6
20180930223141,0.0,0.0,0.0,0.1,0.1,0.0,92.4,7.5
20180930223211,0.0,0.0,0.0,0.0,0.0,0.0,95.0,5.0
20180930223241,0.0,0.0,0.0,0.0,0.0,0.0,99.6,0.4
20180930223311,0.0,0.0,0.0,0.1,0.0,0.0,96.6,3.3
20180930223341,0.0,0.0,0.0,0.0,0.0,0.0,92.4,7.5
20180930223411,0.0,0.0,0.0,0.0,0.0,0.0,92.7,7.2
20180930223441,0.0,0.0,0.0,0.1,0.1,0.0,80.6,19.3
20180930223511,0.0,0.0,0.0,0.1,0.0,0.0,88.9,11.0
20180930223541,0.0,0.0,0.0,0.1,0.0,0.0,88.7,11.2
20180930223611,0.0,0.0,0.0,0.0,0.0,0.0,96.4,3.5
20180930223641,0.0,0.0,0.0,0.1,0.0,0.0,94.9,5.0
20180930223711,0.0,0.0,0.0,0.4,0.0,0.0,90.2,9.4
20180930223741,0.0,0.0,0.0,0.1,0.0,0.0,88.2,11.6
20180930223811,0.0,0.0,0.0,0.4,0.1,0.0,46.3,53.2
20180930223841,0.0,0.0,0.0,0.5,0.0,0.0,91.9,7.5
20180930223911,0.0,0.0,0.0,1.1,0.3,0.0,47.1,51.5
20180930223941,0.0,0.0,0.0,1.1,0.4,0.0,42.3,56.1
20180930224011,0.0,0.0,0.0,3.7,3.9,0.0,50.6,41.8
20180930224041,0.0,0.0,0.0,1.5,3.1,0.0,86.0,9.3
20180930224111,0.0,0.0,0.0,1.7,1.1,0.0,87.2,10.0
20180930224141,0.0,0.0,0.0,0.3,1.2,0.0,75.5,23.0
20180930224211,0.0,0.0,0.0,0.4,0.4,0.0,90.2,9.0
20180930224241,0.0,0.0,0.0,0.1,1.3,0.0,84.5,14.1
20180930224311,0.0,0.0,0.0,0.1,0.4,0.0,73.5,26.0
20180930224341,0.0,0.0,0.0,0.0,0.1,0.0,97.5,2.4
20180930224411,0.0,0.0,0.0,0.0,0.1,0.0,99.6,0.3
20180930224441,0.0,0.0,0.0,0.0,0.0,0.0,99.8,0.2
20180930224511,0.0,0.0,0.0,0.0,0.0,0.0,99.9,0.1
20180930224541,0.0,0.0,0.0,0.1,0.0,0.0,98.6,1.3
20180930224611,0.0,0.0,0.0,0.0,0.0,0.0,99.1,0.8
20180930224641,0.0,0.0,0.0,0.0,0.0,0.0,99.5,0.4
20180930224711,0.0,0.0,0.0,0.1,0.1,0.0,97.7,2.1
20180930224741,0.0,0.0,0.0,0.3,0.2,0.0,80.8,18.7
20180930224811,0.0,0.0,0.0,0.2,0.0,0.0,97.7,2.1
20180930224841,0.0,0.0,0.0,0.1,0.0,0.0,89.9,9.9
20180930224911,0.0,0.0,0.0,0.9,0.3,0.0,91.3,7.4
20180930224941,0.0,0.0,0.0,0.1,0.1,0.0,82.4,17.4
20180930225011,0.0,0.0,0.0,0.0,0.0,0.0,97.4,2.6
20180930225041,0.0,0.0,0.0,0.0,0.4,0.0,96.6,2.9
20180930225111,0.0,0.0,0.0,0.1,0.7,0.0,92.3,7.0
20180930225141,0.0,0.0,0.0,0.1,0.5,0.0,94.9,4.5
20180930225211,0.0,0.0,0.0,0.0,0.6,0.0,96.8,2.5
20180930225241,0.0,0.0,0.0,0.0,0.1,0.0,99.0,0.9
20180930225311,0.0,0.0,0.0,0.0,0.1,0.0,97.9,2.0
20180930225341,0.0,0.0,0.0,0.0,0.0,0.0,99.1,0.9
20180930225411,0.0,0.0,0.0,0.0,0.0,0.0,97.0,2.9
20180930225441,0.0,0.0,0.0,0.0,0.1,0.0,98.7,1.2
20180930225511,0.0,0.0,0.0,0.0,0.0,0.0,98.6,1.4
20180930225541,0.0,0.0,0.0,0.0,0.1,0.0,98.9,0.9
20180930225612,0.0,0.0,0.0,0.0,0.0,0.0,99.4,0.5
20180930225642,0.0,0.0,0.0,0.0,0.1,0.0,99.4,0.5
20180930225712,0.0,0.0,0.0,0.0,0.7,0.0,95.6,3.7
20180930225742,0.0,0.0,0.0,0.0,0.1,0.0,97.1,2.8
20180930225812,0.0,0.0,0.0,0.0,0.2,0.0,97.8,2.0
20180930225842,0.0,0.0,0.0,0.0,0.3,0.0,94.3,5.3
20180930225912,0.0,0.0,0.0,0.0,0.2,0.0,96.6,3.2
20180930225942,0.0,0.0,0.0,0.0,0.1,0.0,96.6,3.3
20180930230012,0.0,0.0,0.0,0.0,0.3,0.0,92.9,6.8
20180930230042,0.0,0.0,0.0,0.1,0.2,0.0,97.4,2.3
20180930230112,0.0,0.0,0.0,0.0,0.2,0.0,97.9,1.8
20180930230142,0.0,0.0,0.0,0.0,0.0,0.0,99.7,0.3
20180930230212,0.0,0.0,0.0,0.0,0.0,0.0,99.1,0.9
20180930230242,0.0,0.0,0.0,0.0,0.0,0.0,99.5,0.5
20180930230312,0.0,0.0,0.0,0.0,0.0,0.0,97.1,2.8
20180930230342,0.0,0.0,0.0,0.0,0.1,0.0,98.9,1.0
20180930230412,0.0,0.0,0.0,0.0,0.1,0.0,99.1,0.7
20180930230442,0.0,0.0,0.0,0.0,0.0,0.0,99.6,0.4
20180930230512,0.0,0.0,0.0,0.0,0.0,0.0,100.0,0.0
20180930230542,0.0,0.0,0.0,0.0,0.0,0.0,99.9,0.1
20180930230612,0.0,0.0,0.0,0.0,0.0,0.0,99.5,0.4
20180930230642,0.0,0.0,0.0,0.0,0.0,0.0,99.4,0.6
20180930230712,0.0,0.0,0.0,0.0,0.0,0.0,99.6,0.4
20180930230742,0.0,0.0,0.0,0.0,0.0,0.0,99.7,0.3
20180930230812,0.0,0.0,0.0,0.0,0.0,0.0,88.5,11.5
20180930230842,0.0,0.0,0.0,0.0,0.0,0.0,99.3,0.7
20180930230912,0.0,0.0,0.0,0.0,0.0,0.0,95.9,4.0
20180930230942,0.0,0.0,0.1,0.0,0.0,0.0,91.4,8.5
20180930231012,0.0,0.0,0.0,0.0,0.0,0.0,98.7,1.3
20180930231042,0.0,0.0,0.0,0.0,0.0,0.0,98.6,1.4
20180930231112,0.0,0.0,0.6,0.0,0.0,0.0,93.1,6.3
20180930231142,0.0,0.0,2.1,0.1,0.1,0.0,84.9,12.8
20180930231212,0.0,0.0,0.9,0.0,0.1,0.0,58.0,40.9
20180930231242,0.0,0.0,0.4,0.2,0.0,0.0,88.9,10.5
20180930231312,0.0,0.0,0.3,0.0,0.1,0.0,88.7,10.9
20180930231342,0.0,0.0,0.1,0.0,0.0,0.0,95.1,4.8
20180930231412,0.0,0.0,0.0,0.0,0.0,0.0,99.4,0.5
20180930231442,0.0,0.0,0.0,0.0,0.0,0.0,99.6,0.3
20180930231512,0.0,0.0,0.1,0.0,0.1,0.0,99.6,0.2
20180930231542,0.0,0.0,0.0,0.0,0.0,0.0,99.6,0.3
20180930231612,0.0,0.0,0.0,0.0,0.0,0.0,99.7,0.3
20180930231642,0.0,0.0,0.0,0.0,0.0,0.0,99.4,0.5
20180930231712,0.0,0.0,0.0,0.0,0.0,0.0,98.6,1.4
20180930231742,0.0,0.0,0.0,0.0,0.0,0.0,97.9,2.0
20180930231812,0.0,0.0,0.0,0.0,0.0,0.0,93.4,6.5
20180930231842,0.0,0.0,0.0,0.0,0.0,0.0,97.6,2.3
20180930231912,0.0,0.0,0.0,0.0,0.0,0.0,98.1,1.9
20180930231942,0.0,0.0,0.0,0.0,0.0,0.0,99.4,0.6
20180930232012,0.0,0.0,0.0,0.0,0.0,0.0,99.6,0.4
20180930232042,0.0,0.0,0.0,0.0,0.0,0.0,99.7,0.3
20180930232112,0.0,0.0,0.0,0.1,0.0,0.0,98.2,1.7
20180930232142,0.0,0.0,0.0,0.1,0.0,0.0,98.6,1.2
20180930232212,0.0,0.0,0.0,0.0,0.0,0.0,98.3,1.7
20180930232242,0.0,0.0,0.0,0.1,0.0,0.0,98.2,1.6
20180930232312,0.0,0.0,0.0,0.1,0.0,0.0,93.0,6.9
20180930232342,0.0,0.0,0.0,0.1,0.0,0.0,98.4,1.5
20180930232412,0.0,0.0,0.0,0.2,0.0,0.0,98.4,1.5
20180930232442,0.0,0.0,0.0,0.0,0.0,0.0,99.9,0.1
20180930232512,0.0,0.0,0.0,0.0,0.0,0.0,99.4,0.6
20180930232542,0.0,0.0,0.0,0.0,0.0,0.0,98.5,1.4
20180930232612,0.0,0.0,0.0,0.1,0.0,0.0,96.4,3.4
20180930232642,0.0,0.0,0.0,0.1,0.0,0.0,99.2,0.8
20180930232712,0.0,0.0,0.0,0.0,0.0,0.0,99.2,0.8
20180930232742,0.0,0.0,0.0,0.0,0.0,0.0,99.9,0.1
20180930232812,0.0,0.0,0.0,0.1,0.0,0.0,99.6,0.4
20180930232842,0.0,0.0,0.0,0.1,0.0,0.0,99.7,0.2
20180930232912,0.0,0.0,0.0,0.1,0.0,0.0,99.8,0.2
20180930232942,0.0,0.0,0.0,0.1,0.0,0.0,99.6,0.3
20180930233012,0.0,0.0,0.0,0.1,0.0,0.0,99.7,0.2
20180930233043,0.0,0.0,0.0,0.1,0.0,0.0,99.8,0.2
20180930233113,0.0,0.0,0.0,0.2,0.0,0.0,99.6,0.2
20180930233143,0.0,0.0,0.0,0.1,0.0,0.0,99.7,0.2
20180930233213,0.0,0.0,0.0,0.0,0.0,0.0,99.9,0.1
20180930233243,0.0,0.0,0.0,0.1,0.0,0.0,99.7,0.2
20180930233313,0.0,0.0,0.0,0.0,0.0,0.0,99.9,0.1
20180930233343,0.0,0.0,0.0,0.0,0.0,0.0,100.0,0.0
20180930233413,0.0,0.0,0.0,0.0,0.0,0.0,99.8,0.1
20180930233443,0.0,0.0,0.0,0.0,0.0,0.0,99.9,0.1
20180930233513,0.0,0.0,0.0,0.0,0.0,0.0,100.0,0.0
20180930233543,0.0,0.0,0.0,0.0,0.0,0.0,99.0,1.0
20180930233613,0.0,0.0,0.0,0.0,0.0,0.0,98.9,1.1
20180930233643,0.0,0.0,0.0,0.0,0.0,0.0,99.3,0.6
20180930233713,0.0,0.0,0.0,0.1,0.0,0.0,99.5,0.4
20180930233743,0.0,0.0,0.0,0.0,0.0,0.0,99.8,0.1
20180930233813,0.0,0.0,0.0,0.1,0.0,0.0,99.5,0.3
20180930233843,0.0,0.0,0.0,0.0,0.0,0.0,99.9,0.1
20180930233913,0.0,0.0,0.0,0.1,0.0,0.0,99.8,0.1
20180930233943,0.0,0.0,0.0,0.0,0.0,0.0,100.0,0.0
20180930234013,0.0,0.0,0.0,0.0,0.0,0.0,100.0,0.0
20180930234043,0.0,0.0,0.0,0.0,0.0,0.0,99.8,0.1
20180930234113,0.0,0.0,0.0,0.0,0.0,0.0,99.8,0.2
20180930234143,0.0,0.0,0.0,0.1,0.0,0.0,99.3,0.6
20180930234213,0.0,0.0,0.0,0.1,0.0,0.0,99.6,0.3
20180930234243,0.0,0.0,0.0,0.1,0.0,0.0,98.9,1.0
20180930234313,0.0,0.0,0.0,0.1,0.0,0.0,98.3,1.6
20180930234343,0.0,0.0,0.0,0.1,0.0,0.0,96.4,3.5
20180930234413,0.0,0.0,0.0,0.0,0.0,0.0,99.2,0.8
20180930234443,0.0,0.0,0.0,0.2,0.0,0.0,92.0,7.7
20180930234513,0.0,0.0,0.0,0.1,0.0,0.0,95.9,4.0
20180930234543,0.0,0.0,0.0,0.0,0.0,0.0,97.5,2.5
20180930234613,0.0,0.0,0.0,0.0,0.0,0.0,95.2,4.7
20180930234643,0.0,0.0,0.0,0.0,0.0,0.0,96.9,3.0
20180930234713,0.0,0.0,0.0,0.0,0.0,0.0,98.3,1.7
20180930234743,0.0,0.0,0.0,0.0,0.0,0.0,99.1,0.9
20180930234813,0.0,0.0,0.0,0.0,0.0,0.0,99.7,0.3
