UT,arc,discrete,diffuse,ac,ab,clear,cloudy,dd
20180203145600,0.0,0.0,0.0,0.0,0.0,0.0,0.0,100.0
20180203145630,0.0,0.0,0.0,0.0,0.0,0.0,0.0,100.0
20180203145700,0.0,0.0,0.0,0.0,0.0,0.0,0.0,100.0
20180203145730,0.0,0.0,0.0,0.0,0.0,0.0,0.0,100.0
20180203145800,0.0,0.0,0.0,0.0,0.0,0.0,0.0,100.0
20180203145830,0.0,0.0,0.0,0.0,0.0,0.0,0.0,100.0
20180203145900,0.0,0.0,0.0,0.0,0.0,0.0,0.0,100.0
20180203145930,0.0,0.0,0.0,0.0,0.0,0.0,0.0,100.0
20180203150000,0.0,0.0,0.0,0.0,0.0,0.0,0.0,100.0
20180203150030,0.0,0.0,0.0,0.0,0.0,0.0,0.0,100.0
20180203150100,0.0,0.0,0.0,0.0,0.0,0.0,0.0,100.0
20180203150130,0.0,0.0,0.0,0.0,0.0,0.0,0.0,100.0
20180203150200,0.0,0.0,0.0,0.0,0.0,0.0,0.0,100.0
20180203150230,0.0,0.0,0.0,0.0,0.0,0.0,0.0,100.0
20180203150300,0.0,0.0,0.0,0.0,0.0,0.0,0.0,100.0
20180203150330,0.0,0.0,0.0,0.0,0.0,0.0,0.0,100.0
20180203150400,0.0,0.0,0.0,0.0,0.0,0.0,0.0,100.0
20180203150430,0.0,0.0,0.0,0.0,0.0,0.0,0.0,100.0
20180203150500,0.0,0.0,0.0,0.0,0.0,0.0,0.0,100.0
20180203150530,0.0,0.0,0.0,0.0,0.0,0.0,0.0,100.0
20180203150600,0.0,0.0,0.0,0.0,0.0,0.0,0.0,100.0
20180203150630,0.0,0.0,0.0,0.0,0.0,0.0,0.0,100.0
20180203150700,0.0,0.0,0.0,0.0,0.0,0.0,0.0,100.0
20180203150730,0.0,0.0,0.0,0.0,0.0,0.0,0.0,100.0
20180203150800,0.0,0.0,0.0,0.0,0.0,0.0,0.1,99.9
20180203150830,0.0,0.0,0.0,0.0,0.0,0.0,0.1,99.9
20180203150900,0.0,0.0,0.0,0.0,0.0,0.0,0.1,99.9
20180203150930,0.0,0.0,0.0,0.0,0.0,0.0,0.2,99.8
20180203151000,0.0,0.0,0.0,0.0,0.0,0.0,0.2,99.8
20180203151030,0.0,0.0,0.0,0.0,0.0,0.0,0.3,99.7
20180203151100,0.0,0.0,0.0,0.0,0.0,0.0,0.2,99.7
20180203151130,0.0,0.0,0.0,0.0,0.0,0.0,0.2,99.7
20180203151200,0.0,0.0,0.0,0.0,0.1,0.0,0.6,99.3
20180203151230,0.0,0.0,0.0,0.0,0.1,0.0,0.6,99.3
20180203151300,0.0,0.0,0.0,0.0,0.2,0.0,0.4,99.3
20180203151330,0.0,0.0,0.0,0.0,0.3,0.0,0.7,99.0
20180203151400,0.0,0.0,0.0,0.0,0.4,0.0,0.4,99.2
20180203151430,0.0,0.0,0.0,0.0,1.1,0.0,0.5,98.4
20180203151500,0.0,0.0,0.0,0.0,0.6,0.0,0.3,99.1
20180203151530,0.0,0.0,0.0,0.0,1.4,0.0,0.2,98.4
20180203151600,0.0,0.0,0.0,0.0,1.8,0.0,0.1,98.0
20180203151630,0.0,0.0,0.0,0.0,1.0,0.0,0.1,98.9
20180203151700,0.0,0.0,0.0,0.0,0.9,0.0,0.1,99.0
20180203151730,0.0,0.0,0.0,0.0,1.2,0.0,0.1,98.7
20180203151800,0.0,0.0,0.0,0.0,3.1,0.0,0.0,96.9
20180203151830,0.0,0.0,0.0,0.0,7.4,0.0,0.1,92.5
20180203151900,0.0,0.0,0.0,0.0,1.5,0.0,0.0,98.5
20180203151930,0.0,0.0,0.0,0.0,4.8,0.0,0.1,95.1
20180203152000,0.0,0.0,0.0,0.0,1.4,0.0,0.0,98.5
20180203152030,0.0,0.0,0.0,0.0,1.9,0.0,0.0,98.1
20180203152100,0.0,0.0,0.0,0.0,5.3,0.0,0.1,94.6
20180203152130,0.0,0.0,0.0,0.0,3.4,0.0,0.0,96.6
20180203152200,0.0,0.0,0.0,0.0,1.8,0.0,0.0,98.2
20180203152230,0.0,0.0,0.0,0.0,0.7,0.0,0.0,99.2
20180203152300,0.0,0.0,0.0,0.0,0.7,0.0,0.0,99.3
20180203152331,0.0,0.0,0.0,0.0,1.1,0.0,0.0,98.9
20180203152401,0.0,0.0,0.0,0.0,1.3,0.0,0.0,98.7
20180203152431,0.0,0.0,0.0,0.0,0.9,0.0,0.0,99.0
20180203152501,0.0,0.0,0.0,0.0,1.9,0.0,0.0,98.0
20180203152531,0.0,0.0,0.0,0.0,0.5,0.0,0.0,99.5
20180203152601,0.0,0.0,0.0,0.0,0.1,0.0,0.0,99.9
20180203152631,0.0,0.0,0.0,0.0,0.1,0.0,0.0,99.9
20180203152701,0.0,0.0,0.0,0.0,0.2,0.0,0.0,99.8
20180203152731,0.0,0.0,0.0,0.0,0.9,0.0,0.0,99.1
20180203152801,0.0,0.0,0.0,0.0,1.4,0.0,0.0,98.6
20180203152831,0.0,0.0,0.0,0.0,1.3,0.0,0.0,98.7
20180203152901,0.0,0.0,0.0,0.0,1.6,0.0,0.0,98.4
20180203152931,0.0,0.0,0.0,0.0,3.5,0.0,0.0,96.5
20180203153001,0.0,0.0,0.0,0.0,2.5,0.0,0.0,97.5
20180203153031,0.0,0.0,0.0,0.0,2.3,0.0,0.0,97.7
20180203153101,0.0,0.0,0.0,0.0,0.4,0.0,0.0,99.6
20180203153131,0.0,0.0,0.0,0.0,1.4,0.0,0.0,98.6
20180203153201,0.0,0.0,0.0,0.0,0.9,0.0,0.0,99.1
20180203153231,0.0,0.0,0.0,0.0,2.3,0.0,0.0,97.7
20180203153301,0.0,0.0,0.0,0.0,1.2,0.0,0.0,98.8
20180203153331,0.0,0.0,0.0,0.0,2.5,0.0,0.0,97.5
20180203153401,0.0,0.0,0.0,0.0,0.6,0.0,0.0,99.4
20180203153431,0.0,0.0,0.0,0.0,0.5,0.0,0.0,99.5
20180203153501,0.0,0.0,0.0,0.0,0.8,0.0,0.0,99.2
20180203153531,0.0,0.0,0.0,0.0,0.5,0.0,0.0,99.5
20180203153601,0.0,0.0,0.0,0.0,1.9,0.0,0.0,98.1
20180203153631,0.0,0.0,0.0,0.0,2.1,0.0,0.0,97.9
20180203153701,0.0,0.0,0.0,0.0,2.0,0.0,0.0,98.0
20180203153731,0.0,0.0,0.0,0.0,1.4,0.0,0.0,98.6
20180203153801,0.0,0.0,0.0,0.0,0.7,0.0,0.0,99.3
20180203153831,0.0,0.0,0.0,0.0,1.0,0.0,0.0,98.9
20180203153901,0.0,0.0,0.0,0.0,2.4,0.0,0.0,97.6
20180203153931,0.0,0.0,0.0,0.0,5.4,0.0,0.0,94.6
20180203154001,0.0,0.0,0.0,0.0,0.6,0.0,0.0,99.4
20180203154031,0.0,0.0,0.0,0.0,0.6,0.0,0.0,99.4
20180203154101,0.0,0.0,0.0,0.0,0.4,0.0,0.0,99.6
20180203154131,0.0,0.0,0.0,0.0,0.4,0.0,0.0,99.6
20180203154201,0.0,0.0,0.0,0.0,0.1,0.0,0.0,99.9
20180203154231,0.0,0.0,0.0,0.0,0.1,0.0,0.0,99.9
20180203154301,0.0,0.0,0.0,0.0,0.1,0.0,0.0,99.9
20180203154331,0.0,0.0,0.0,0.0,0.1,0.0,0.0,99.9
20180203154401,0.0,0.0,0.0,0.0,0.0,0.0,0.0,100.0
20180203154431,0.0,0.0,0.0,0.0,0.0,0.0,0.0,100.0
20180203154501,0.0,0.0,0.0,0.0,0.1,0.0,0.0,99.9
20180203154531,0.0,0.0,0.0,0.0,0.0,0.0,0.0,100.0
20180203154601,0.0,0.0,0.0,0.0,0.0,0.0,0.0,100.0
20180203154631,0.0,0.0,0.0,0.0,0.0,0.0,0.0,100.0
20180203154701,0.0,0.0,0.0,0.0,0.0,0.0,0.0,100.0
20180203154731,0.0,0.0,0.0,0.0,0.0,0.0,0.0,100.0
20180203154801,0.0,0.0,0.0,0.0,0.0,0.0,0.0,100.0
20180203154831,0.0,0.0,0.0,0.0,0.0,0.0,0.0,100.0
20180203154901,0.0,0.0,0.0,0.0,0.0,0.0,0.0,100.0
20180203154931,0.0,0.0,0.0,0.0,0.0,0.0,0.0,100.0
20180203155001,0.0,0.0,0.0,0.0,0.0,0.0,0.0,100.0
20180203155031,0.0,0.0,0.0,0.0,0.0,0.0,0.0,100.0
20180203155101,0.0,0.0,0.0,0.0,0.0,0.0,0.0,100.0
20180203155131,0.0,0.0,0.0,0.0,0.0,0.0,0.0,100.0
20180203155201,0.0,0.0,0.0,0.0,0.0,0.0,0.0,100.0
20180203155231,0.0,0.0,0.0,0.0,0.0,0.0,0.0,100.0
20180203155301,0.0,0.0,0.0,0.0,0.0,0.0,0.0,100.0
20180203155331,0.0,0.0,0.0,0.0,0.0,0.0,0.0,100.0
20180203155401,0.0,0.0,0.0,0.0,0.0,0.0,0.0,100.0
20180203155431,0.0,0.0,0.0,0.0,0.0,0.0,0.0,100.0
20180203155501,0.0,0.0,0.0,0.0,0.0,0.0,0.0,100.0
20180203155531,0.0,0.0,0.0,0.0,0.0,0.0,0.0,100.0
20180203155732,0.0,0.0,0.0,0.0,2.5,0.0,0.2,97.4
20180203155802,0.0,0.0,0.0,0.0,13.5,0.0,0.4,86.1
20180203155832,0.0,0.0,0.0,0.0,15.9,0.0,0.1,84.0
20180203155902,0.0,0.0,0.0,0.0,4.2,0.0,0.1,95.8
20180203155932,0.0,0.0,0.0,0.0,4.2,0.0,0.1,95.8
20180203160002,0.0,0.0,0.0,0.0,4.3,0.0,0.0,95.7
20180203160032,0.0,0.0,0.0,0.0,2.6,0.0,0.0,97.4
20180203160102,0.0,0.0,0.0,0.0,14.0,0.0,0.0,86.0
20180203160132,0.0,0.0,0.0,0.0,4.5,0.0,0.0,95.5
20180203160202,0.0,0.0,0.0,0.0,7.7,0.0,0.0,92.3
20180203160232,0.0,0.0,0.0,0.0,25.7,0.0,0.1,74.3
20180203160302,0.0,0.0,0.0,0.0,10.3,0.0,0.0,89.7
20180203160332,0.0,0.0,0.0,0.0,22.6,0.0,0.0,77.4
20180203160402,0.0,0.0,0.0,0.0,17.6,0.0,0.0,82.4
20180203160432,0.0,0.0,0.0,0.0,3.7,0.0,0.0,96.3
20180203160502,0.0,0.0,0.0,0.0,10.8,0.0,0.0,89.2
20180203160532,0.0,0.0,0.0,0.0,11.8,0.0,0.1,88.1
20180203160602,0.0,0.0,0.0,0.0,6.7,0.0,0.0,93.3
20180203160632,0.0,0.0,0.0,0.0,3.9,0.0,0.1,96.0
20180203160702,0.0,0.0,0.0,0.0,1.6,0.0,0.0,98.3
20180203160732,0.0,0.0,0.0,0.0,4.8,0.0,0.1,95.1
20180203160802,0.0,0.0,0.0,0.0,0.7,0.0,0.1,99.3
20180203160832,0.0,0.0,0.0,0.0,0.1,0.0,0.0,99.8
20180203160902,0.0,0.0,0.0,0.0,0.1,0.0,0.0,99.9
20180203160932,0.0,0.0,0.0,0.0,0.1,0.0,0.0,99.9
20180203161002,0.0,0.0,0.0,0.0,0.0,0.0,0.0,99.9
20180203161032,0.0,0.0,0.0,0.0,0.0,0.0,0.0,100.0
20180203161102,0.0,0.0,0.0,0.0,0.1,0.0,0.0,99.9
20180203161132,0.0,0.0,0.0,0.0,0.0,0.0,0.0,100.0
20180203161202,0.0,0.0,0.0,0.0,0.0,0.0,0.0,100.0
20180203161232,0.0,0.0,0.0,0.0,0.0,0.0,0.0,100.0
20180203161302,0.0,0.0,0.0,0.0,0.0,0.0,0.0,100.0
20180203161332,0.0,0.0,0.0,0.0,0.0,0.0,0.0,100.0
20180203161402,0.0,0.0,0.0,0.0,0.0,0.0,0.0,100.0
20180203161432,0.0,0.0,0.0,0.0,0.0,0.0,0.0,100.0
20180203161502,0.0,0.0,0.0,0.0,0.0,0.0,0.0,100.0
20180203161532,0.0,0.0,0.0,0.0,0.0,0.0,0.0,100.0
20180203161602,0.0,0.0,0.0,0.0,0.0,0.0,0.0,100.0
20180203161632,0.0,0.0,0.0,0.0,0.0,0.0,0.0,100.0
20180203161702,0.0,0.0,0.0,0.0,0.0,0.0,0.0,100.0
20180203161732,0.0,0.0,0.0,0.0,0.0,0.0,0.0,100.0
20180203161802,0.0,0.0,0.0,0.0,0.0,0.0,0.2,99.8
20180203161832,0.0,0.0,0.0,0.0,0.0,0.0,2.7,97.3
20180203161902,0.0,0.0,0.0,0.0,0.0,0.0,0.3,99.7
20180203161932,0.0,0.0,0.0,0.0,0.0,0.0,1.2,98.8
20180203162002,0.0,0.0,0.0,0.0,0.0,0.0,0.4,99.6
20180203162032,0.0,0.0,0.0,0.0,0.0,0.0,0.5,99.5
20180203162102,0.0,0.0,0.0,0.0,0.0,0.0,0.8,99.2
20180203162132,0.0,0.0,0.0,0.0,0.0,0.0,2.2,97.8
20180203162202,0.0,0.0,0.0,0.0,0.0,0.0,0.4,99.6
20180203162232,0.0,0.0,0.0,0.0,0.0,0.0,2.7,97.3
20180203162302,0.0,0.0,0.0,0.0,0.0,0.0,6.5,93.5
20180203162332,0.0,0.0,0.0,0.0,0.0,0.0,0.1,99.8
20180203162402,0.0,0.0,0.0,0.0,0.0,0.0,0.0,100.0
20180203162432,0.0,0.0,0.0,0.0,0.1,0.0,0.0,99.9
20180203162503,0.0,0.0,0.0,0.0,0.1,0.0,0.2,99.6
20180203162533,0.0,0.0,0.0,0.1,0.0,0.0,1.0,98.9
20180203162603,0.0,0.0,0.0,0.0,0.0,0.0,2.0,98.0
20180203162633,0.0,0.0,0.0,0.0,0.0,0.0,10.6,89.3
20180203162703,0.0,0.0,0.0,0.0,0.0,0.0,18.6,81.4
20180203162733,0.0,0.0,0.0,0.0,0.0,0.0,3.9,96.1
20180203162803,0.0,0.0,0.0,0.0,0.0,0.0,31.3,68.6
20180203162833,0.0,0.0,0.0,0.0,0.0,0.0,78.0,22.0
20180203162903,0.0,0.0,0.0,0.0,0.0,0.0,71.1,28.9
20180203162933,0.0,0.0,0.0,0.0,0.0,0.0,39.2,60.8
20180203163003,0.0,0.0,0.0,0.0,0.0,0.0,75.6,24.4
20180203163033,0.0,0.0,0.0,0.0,0.0,0.0,86.3,13.7
20180203163103,0.0,0.0,0.0,0.0,0.0,0.1,92.7,7.2
20180203163133,0.0,0.0,0.0,0.0,0.0,0.0,96.5,3.5
20180203163203,0.0,0.0,0.0,0.0,0.0,0.0,96.3,3.7
20180203163233,0.0,0.0,0.0,0.0,0.0,0.0,81.9,18.1
20180203163303,0.0,0.0,0.0,0.0,0.0,0.0,76.0,24.0
20180203163333,0.0,0.0,0.0,0.0,0.0,0.0,85.2,14.8
20180203163403,0.0,0.0,0.0,0.0,0.0,0.0,50.5,49.5
20180203163433,0.0,0.0,0.0,0.0,0.0,0.0,63.0,36.9
20180203163503,0.0,0.0,0.0,0.0,0.0,0.0,58.4,41.6
20180203163533,0.0,0.0,0.0,0.1,0.0,0.0,63.3,36.6
20180203163603,0.0,0.0,0.0,0.0,0.0,0.1,76.8,23.1
20180203163633,0.0,0.0,0.0,0.0,0.0,0.0,93.2,6.7
20180203163703,0.0,0.0,0.0,0.0,0.0,0.1,69.8,30.1
20180203163733,0.0,0.0,0.0,0.0,0.0,0.0,94.6,5.3
20180203163803,0.0,0.0,0.0,0.1,0.0,0.1,95.2,4.6
20180203163833,0.0,0.0,0.0,0.0,0.0,0.2,91.0,8.8
20180203163903,0.0,0.0,0.0,0.1,0.0,0.5,83.9,15.5
20180203163933,0.0,0.0,0.0,0.1,0.0,1.2,62.5,36.2
20180203164003,0.1,0.0,0.0,0.1,0.0,0.6,90.0,9.2
20180203164033,0.0,0.0,0.0,0.1,0.0,2.0,87.7,10.2
20180203164103,0.1,0.0,0.0,0.1,0.0,2.4,79.5,17.9
20180203164133,0.1,0.0,0.0,0.1,0.0,3.2,71.4,25.2
20180203164203,0.0,0.0,0.0,0.0,0.0,0.4,88.3,11.3
20180203164233,0.0,0.0,0.0,0.2,0.0,2.5,76.5,20.7
20180203164303,0.0,0.0,0.0,0.0,0.0,1.1,95.5,3.4
20180203164333,0.0,0.0,0.0,0.0,0.0,3.1,93.7,3.2
20180203164403,0.1,0.0,0.0,0.1,0.0,13.7,66.3,19.9
20180203164433,0.2,0.0,0.0,0.2,0.0,11.5,84.0,4.1
20180203164503,0.1,0.0,0.0,0.1,0.0,7.1,91.2,1.5
20180203164533,0.5,0.0,0.0,0.4,0.0,6.9,90.5,1.7
20180203164603,0.9,0.0,0.0,0.2,0.0,3.5,89.2,6.2
20180203164633,1.1,0.0,0.0,0.1,0.0,3.7,93.5,1.6
20180203164703,1.0,0.0,0.0,0.2,0.0,12.4,79.5,6.8
20180203164733,3.7,0.0,0.0,0.3,0.1,13.4,78.2,4.3
20180203164803,2.8,0.0,0.0,0.2,0.1,5.1,85.4,6.4
20180203164833,0.4,0.0,0.0,0.0,0.0,1.4,97.3,0.9
20180203164903,0.9,0.0,0.0,0.4,0.0,11.6,85.9,1.1
20180203164933,0.2,0.0,0.0,0.1,0.0,1.8,95.6,2.2
20180203165003,1.4,0.0,0.0,0.2,0.0,13.2,82.2,2.9
20180203165033,0.4,0.0,0.0,0.0,0.0,1.5,97.3,0.8
20180203165103,0.9,0.0,0.0,0.1,0.0,3.9,92.7,2.4
20180203165133,0.9,0.0,0.0,0.1,0.0,14.9,78.4,5.6
20180203165203,0.9,0.0,0.0,0.2,0.0,3.6,94.0,1.2
20180203165233,0.0,0.0,0.0,0.0,0.0,6.1,93.3,0.6
20180203165303,0.1,0.0,0.0,0.0,0.0,17.1,82.0,0.8
20180203165333,0.2,0.0,0.1,0.0,0.0,18.4,80.0,1.2
20180203165403,0.1,0.0,0.0,0.1,0.0,20.7,78.7,0.3
20180203165433,0.1,0.0,0.0,0.1,0.0,22.1,77.2,0.5
20180203165503,0.4,0.0,0.0,0.0,0.0,13.4,85.0,1.1
20180203165533,0.1,0.0,0.0,0.0,0.0,25.3,74.2,0.5
20180203165603,0.1,0.0,0.0,0.0,0.0,6.6,92.5,0.7
20180203165633,0.0,0.0,0.0,0.0,0.0,4.9,94.9,0.2
20180203165703,0.1,0.0,0.0,0.0,0.0,37.5,62.1,0.3
20180203165733,0.0,0.0,0.0,0.0,0.0,34.1,65.7,0.1
20180203165803,0.1,0.0,0.0,0.0,0.0,18.3,81.5,0.1
20180203165833,0.0,0.0,0.0,0.0,0.0,7.1,92.7,0.1
20180203165904,0.0,0.0,0.0,0.0,0.0,24.5,75.4,0.1
20180203165934,0.0,0.0,0.0,0.0,0.0,28.0,71.8,0.1
20180203170004,0.0,0.0,0.0,0.0,0.0,7.4,92.5,0.0
20180203170034,0.2,0.0,0.0,0.0,0.0,65.9,33.8,0.1
20180203170104,0.0,0.0,0.0,0.0,0.0,14.1,85.9,0.0
20180203170134,0.0,0.0,0.0,0.0,0.0,71.7,28.2,0.0
20180203170204,0.1,0.0,0.0,0.0,0.0,69.8,30.1,0.0
20180203170234,0.1,0.0,0.0,0.0,0.0,72.6,27.3,0.0
20180203170304,0.1,0.0,0.0,0.0,0.0,81.7,18.2,0.0
20180203170334,0.0,0.0,0.0,0.0,0.0,90.0,9.9,0.0
20180203170404,0.1,0.0,0.0,0.0,0.0,81.1,18.6,0.0
20180203170434,0.2,0.0,0.0,0.1,0.0,64.4,35.3,0.1
20180203170504,0.0,0.0,0.0,0.0,0.0,39.9,60.0,0.1
20180203170534,0.0,0.0,0.0,0.0,0.0,93.7,6.3,0.0
20180203170604,0.0,0.0,0.0,0.0,0.0,78.2,21.8,0.0
20180203170634,0.0,0.0,0.0,0.0,0.0,84.4,15.5,0.0
20180203170704,0.0,0.0,0.0,0.0,0.0,73.1,26.8,0.0
20180203170734,0.0,0.0,0.0,0.0,0.0,80.9,19.0,0.0
20180203170804,0.0,0.0,0.0,0.0,0.0,66.6,33.3,0.0
20180203170834,0.0,0.0,0.0,0.0,0.0,93.8,6.2,0.0
20180203170904,0.0,0.0,0.0,0.0,0.0,84.1,15.9,0.0
20180203170934,0.0,0.0,0.0,0.0,0.0,87.5,12.5,0.0
20180203171004,0.0,0.0,0.0,0.0,0.0,82.0,17.9,0.0
20180203171034,0.0,0.0,0.0,0.0,0.0,89.9,10.0,0.0
20180203171104,0.0,0.0,0.0,0.0,0.0,91.1,8.8,0.0
20180203171134,0.0,0.0,0.0,0.0,0.0,70.1,29.8,0.0
20180203171204,0.0,0.0,0.0,0.0,0.0,35.8,64.1,0.0
20180203171234,0.0,0.0,0.0,0.0,0.0,57.8,42.2,0.0
20180203171304,0.0,0.0,0.0,0.0,0.0,56.2,43.8,0.0
20180203171334,0.0,0.0,0.0,0.0,0.0,80.7,19.2,0.0
20180203171404,0.0,0.0,0.0,0.0,0.0,26.6,73.4,0.0
20180203171434,0.0,0.0,0.0,0.0,0.0,22.9,77.0,0.0
20180203171504,0.0,0.0,0.0,0.0,0.0,18.6,81.4,0.0
20180203171534,0.0,0.0,0.0,0.0,0.0,43.4,56.6,0.0
20180203171604,0.0,0.0,0.0,0.0,0.0,28.5,71.5,0.0
20180203171634,0.0,0.0,0.0,0.0,0.0,35.0,65.0,0.0
20180203171704,0.0,0.0,0.0,0.0,0.0,33.9,66.1,0.0
20180203171734,0.0,0.0,0.0,0.0,0.0,76.3,23.7,0.0
20180203171804,0.0,0.0,0.0,0.0,0.0,43.9,56.1,0.0
20180203171834,0.0,0.0,0.0,0.0,0.0,51.3,48.7,0.0
20180203171904,0.0,0.0,0.0,0.0,0.0,25.2,74.8,0.0
20180203171934,0.0,0.0,0.0,0.0,0.0,74.2,25.8,0.0
20180203172004,0.0,0.0,0.0,0.0,0.0,78.0,22.0,0.0
20180203172034,0.0,0.0,0.0,0.0,0.0,47.1,52.9,0.0
20180203172104,0.0,0.0,0.0,0.0,0.0,63.2,36.8,0.0
20180203172134,0.0,0.0,0.0,0.0,0.0,97.3,2.7,0.0
20180203172204,0.0,0.0,0.0,0.0,0.0,66.7,33.3,0.0
20180203172234,0.0,0.0,0.0,0.0,0.0,89.8,10.2,0.0
20180203172304,0.0,0.0,0.0,0.0,0.0,54.0,45.9,0.0
20180203172334,0.0,0.0,0.0,0.0,0.0,87.1,12.8,0.0
20180203172404,0.0,0.0,0.0,0.0,0.0,29.7,70.3,0.0
20180203172434,0.0,0.0,0.0,0.0,0.0,74.9,25.1,0.0
20180203172504,0.0,0.0,0.0,0.0,0.0,74.0,26.0,0.0
20180203172534,0.0,0.0,0.0,0.0,0.0,76.1,23.9,0.0
20180203172604,0.0,0.0,0.0,0.0,0.0,88.5,11.5,0.0
20180203172634,0.0,0.0,0.0,0.0,0.0,92.0,8.0,0.0
20180203172704,0.0,0.0,0.0,0.0,0.0,87.2,12.8,0.0
20180203172734,0.0,0.0,0.0,0.0,0.0,74.7,25.3,0.0
20180203172804,0.0,0.0,0.0,0.0,0.0,94.9,5.1,0.0
20180203172834,0.0,0.0,0.0,0.0,0.0,79.5,20.5,0.0
20180203172904,0.0,0.0,0.0,0.0,0.0,90.0,10.0,0.0
20180203172934,0.0,0.0,0.0,0.0,0.0,88.5,11.5,0.0
20180203173004,0.0,0.0,0.0,0.0,0.0,97.6,2.4,0.0
20180203173034,0.0,0.0,0.0,0.0,0.0,98.8,1.2,0.0
20180203173104,0.0,0.0,0.0,0.0,0.0,75.8,24.2,0.0
20180203173134,0.0,0.0,0.0,0.0,0.0,97.5,2.5,0.0
20180203173204,0.0,0.0,0.0,0.0,0.0,96.0,4.0,0.0
20180203173234,0.0,0.0,0.0,0.0,0.0,97.6,2.4,0.0
20180203173304,0.0,0.0,0.0,0.0,0.0,86.0,14.0,0.0
20180203173335,0.0,0.0,0.0,0.0,0.0,90.5,9.5,0.0
20180203173405,0.0,0.0,0.0,0.0,0.0,98.7,1.3,0.0
20180203173435,0.0,0.0,0.0,0.0,0.0,98.5,1.5,0.0
20180203173505,0.0,0.0,0.0,0.0,0.0,98.4,1.6,0.0
20180203173535,0.0,0.0,0.0,0.0,0.0,98.0,2.0,0.0
20180203173605,0.0,0.0,0.0,0.0,0.0,87.4,12.6,0.0
20180203173635,0.0,0.0,0.0,0.0,0.0,91.0,9.0,0.0
20180203173705,0.0,0.0,0.0,0.0,0.0,88.1,11.9,0.0
20180203173735,0.0,0.0,0.0,0.0,0.0,80.3,19.7,0.0
20180203173805,0.0,0.0,0.0,0.0,0.0,95.8,4.2,0.0
20180203173835,0.0,0.0,0.0,0.0,0.0,95.6,4.4,0.0
20180203173905,0.0,0.0,0.0,0.0,0.0,94.5,5.5,0.0
20180203173935,0.0,0.0,0.0,0.0,0.0,91.5,8.5,0.0
20180203174005,0.0,0.0,0.0,0.0,0.0,89.0,11.0,0.0
20180203174035,0.0,0.0,0.0,0.0,0.0,83.4,16.6,0.0
20180203174105,0.0,0.0,0.0,0.0,0.0,97.1,2.9,0.0
20180203174135,0.0,0.0,0.0,0.0,0.0,92.3,7.7,0.0
20180203174205,0.0,0.0,0.0,0.0,0.0,81.8,18.2,0.0
20180203174235,0.0,0.0,0.0,0.0,0.0,62.6,37.4,0.0
20180203174305,0.0,0.0,0.0,0.0,0.0,94.3,5.7,0.0
20180203174335,0.0,0.0,0.0,0.0,0.0,77.6,22.4,0.0
20180203174405,0.0,0.0,0.0,0.0,0.0,83.5,16.5,0.0
20180203174435,0.0,0.0,0.0,0.0,0.0,71.5,28.5,0.0
20180203174505,0.0,0.0,0.0,0.0,0.0,92.1,7.9,0.0
20180203174535,0.0,0.0,0.0,0.0,0.0,98.0,2.0,0.0
20180203174605,0.0,0.0,0.0,0.0,0.0,98.6,1.4,0.0
20180203174635,0.0,0.0,0.0,0.0,0.0,83.3,16.7,0.0
20180203174705,0.0,0.0,0.0,0.0,0.0,72.5,27.5,0.0
20180203174735,0.0,0.0,0.0,0.0,0.0,89.0,11.0,0.0
20180203174805,0.0,0.0,0.0,0.0,0.0,51.7,48.3,0.0
20180203174835,0.0,0.0,0.0,0.0,0.0,82.5,17.5,0.0
20180203174905,0.0,0.0,0.0,0.0,0.0,48.7,51.3,0.0
20180203174935,0.0,0.0,0.0,0.0,0.0,37.7,62.3,0.0
20180203175005,0.0,0.0,0.0,0.0,0.0,73.8,26.2,0.0
20180203175035,0.0,0.0,0.0,0.0,0.0,72.6,27.4,0.0
20180203175105,0.0,0.0,0.0,0.0,0.0,76.2,23.8,0.0
20180203175135,0.0,0.0,0.0,0.0,0.0,54.8,45.2,0.0
20180203175205,0.0,0.0,0.0,0.0,0.0,74.0,26.0,0.0
20180203175235,0.0,0.0,0.0,0.0,0.0,29.1,70.9,0.0
20180203175305,0.0,0.0,0.0,0.0,0.0,87.6,12.4,0.0
20180203175335,0.0,0.0,0.0,0.0,0.0,58.7,41.3,0.0
20180203175405,0.0,0.0,0.0,0.0,0.0,38.3,61.7,0.0
20180203175435,0.0,0.0,0.0,0.0,0.0,34.1,65.8,0.0
20180203175505,0.0,0.0,0.0,0.0,0.0,23.6,76.4,0.0
20180203175535,0.0,0.0,0.0,0.0,0.0,36.6,63.3,0.0
20180203175605,0.0,0.0,0.0,0.0,0.0,5.4,94.6,0.0
20180203175635,0.0,0.0,0.0,0.0,0.0,17.2,82.8,0.0
20180203175705,0.0,0.0,0.0,0.0,0.0,81.6,18.4,0.0
20180203175735,0.0,0.0,0.0,0.0,0.0,10.5,89.5,0.0
20180203175805,0.0,0.0,0.0,0.0,0.0,63.1,36.9,0.0
20180203175835,0.0,0.0,0.0,0.0,0.0,52.3,47.7,0.0
20180203175905,0.0,0.0,0.0,0.0,0.0,74.7,25.3,0.0
20180203175935,0.0,0.0,0.0,0.0,0.0,81.0,19.0,0.0
20180203180005,0.0,0.0,0.0,0.0,0.0,61.2,38.7,0.0
20180203180035,0.0,0.0,0.0,0.0,0.0,61.3,38.7,0.0
20180203180105,0.0,0.0,0.0,0.0,0.0,92.6,7.4,0.0
20180203180135,0.0,0.0,0.0,0.0,0.0,68.3,31.6,0.0
20180203180205,0.0,0.0,0.0,0.0,0.0,62.1,37.8,0.0
20180203180235,0.0,0.0,0.0,0.0,0.0,59.1,40.9,0.0
20180203180305,0.0,0.0,0.0,0.0,0.0,79.1,20.9,0.0
20180203180336,0.0,0.0,0.0,0.0,0.0,49.1,50.8,0.1
20180203180406,0.0,0.0,0.0,0.0,0.0,91.7,8.3,0.0
20180203180436,0.0,0.0,0.0,0.0,0.0,70.6,29.4,0.0
20180203180506,0.0,0.0,0.0,0.0,0.0,73.1,26.8,0.0
20180203180536,0.0,0.0,0.0,0.0,0.0,93.2,6.8,0.0
20180203180606,0.0,0.0,0.0,0.0,0.0,96.9,3.1,0.0
20180203180636,0.0,0.0,0.0,0.0,0.0,96.6,3.4,0.0
20180203180706,0.0,0.0,0.0,0.0,0.0,84.6,15.3,0.0
20180203180736,0.0,0.0,0.0,0.0,0.0,95.4,4.6,0.0
20180203180806,0.0,0.0,0.0,0.0,0.0,96.7,3.3,0.0
20180203180836,0.0,0.0,0.0,0.0,0.0,96.7,3.2,0.0
20180203180906,0.0,0.0,0.0,0.0,0.0,99.8,0.2,0.0
20180203180936,0.0,0.0,0.0,0.0,0.0,99.8,0.2,0.0
20180203181006,0.0,0.0,0.0,0.0,0.0,98.6,1.4,0.0
20180203181036,0.0,0.0,0.0,0.0,0.0,98.0,2.0,0.0
20180203181106,0.0,0.0,0.0,0.0,0.0,99.3,0.7,0.0
20180203181136,0.0,0.0,0.0,0.0,0.0,99.8,0.2,0.0
20180203181206,0.0,0.0,0.0,0.0,0.0,99.8,0.2,0.0
20180203181236,0.0,0.0,0.0,0.0,0.0,93.8,6.2,0.0
20180203181306,0.0,0.0,0.0,0.0,0.0,97.8,2.2,0.0
20180203181336,0.0,0.0,0.0,0.0,0.0,99.8,0.2,0.0
20180203181406,0.0,0.0,0.0,0.0,0.0,98.3,1.7,0.0
20180203181436,0.0,0.0,0.0,0.0,0.0,99.8,0.2,0.0
20180203181506,0.0,0.0,0.0,0.0,0.0,99.6,0.4,0.0
20180203181536,0.0,0.0,0.0,0.0,0.0,99.8,0.2,0.0
20180203181606,0.0,0.0,0.0,0.0,0.0,99.4,0.6,0.0
20180203181636,0.0,0.0,0.0,0.0,0.0,100.0,0.0,0.0
20180203181706,0.0,0.0,0.0,0.0,0.0,99.9,0.1,0.0
20180203181736,0.0,0.0,0.0,0.0,0.0,100.0,0.0,0.0
20180203181806,0.0,0.0,0.0,0.0,0.0,99.9,0.1,0.0
20180203181836,0.0,0.0,0.0,0.0,0.0,100.0,0.0,0.0
20180203181906,0.0,0.0,0.0,0.0,0.0,100.0,0.0,0.0
20180203181936,0.0,0.0,0.0,0.0,0.0,100.0,0.0,0.0
20180203182006,0.0,0.0,0.0,0.0,0.0,100.0,0.0,0.0
20180203182036,0.0,0.0,0.0,0.0,0.0,100.0,0.0,0.0
20180203182106,0.0,0.0,0.0,0.0,0.0,100.0,0.0,0.0
20180203182136,0.0,0.0,0.0,0.0,0.0,100.0,0.0,0.0
20180203182206,0.0,0.0,0.0,0.0,0.0,100.0,0.0,0.0
20180203182236,0.0,0.0,0.0,0.0,0.0,100.0,0.0,0.0
20180203182306,0.0,0.0,0.0,0.0,0.0,100.0,0.0,0.0
20180203182336,0.0,0.0,0.0,0.0,0.0,99.7,0.3,0.0
20180203182406,0.0,0.0,0.0,0.0,0.0,100.0,0.0,0.0
20180203182436,0.0,0.0,0.0,0.0,0.0,100.0,0.0,0.0
20180203182506,0.0,0.0,0.0,0.0,0.0,100.0,0.0,0.0
20180203182536,0.0,0.0,0.0,0.0,0.0,100.0,0.0,0.0
20180203182606,0.0,0.0,0.0,0.0,0.0,100.0,0.0,0.0
20180203182636,0.0,0.0,0.0,0.0,0.0,100.0,0.0,0.0
20180203182706,0.0,0.0,0.0,0.0,0.0,100.0,0.0,0.0
20180203182736,0.0,0.0,0.0,0.0,0.0,100.0,0.0,0.0
20180203182806,0.0,0.0,0.0,0.0,0.0,100.0,0.0,0.0
20180203182836,0.0,0.0,0.0,0.0,0.0,100.0,0.0,0.0
20180203182906,0.0,0.0,0.0,0.0,0.0,99.9,0.1,0.0
20180203182936,0.0,0.0,0.0,0.0,0.0,100.0,0.0,0.0
20180203183006,0.0,0.0,0.0,0.0,0.0,99.9,0.1,0.0
20180203183036,0.0,0.0,0.0,0.0,0.0,100.0,0.0,0.0
20180203183106,0.0,0.0,0.0,0.0,0.0,100.0,0.0,0.0
20180203183136,0.0,0.0,0.0,0.0,0.0,99.7,0.3,0.0
20180203183206,0.0,0.0,0.0,0.0,0.0,100.0,0.0,0.0
20180203183236,0.0,0.0,0.0,0.0,0.0,100.0,0.0,0.0
20180203183306,0.0,0.0,0.0,0.0,0.0,100.0,0.0,0.0
20180203183336,0.0,0.0,0.0,0.0,0.0,100.0,0.0,0.0
20180203183406,0.0,0.0,0.0,0.0,0.0,100.0,0.0,0.0
20180203183436,0.0,0.0,0.0,0.0,0.0,100.0,0.0,0.0
20180203183507,0.0,0.0,0.0,0.0,0.0,100.0,0.0,0.0
20180203183537,0.0,0.0,0.0,0.0,0.0,100.0,0.0,0.0
20180203183607,0.0,0.0,0.0,0.0,0.0,100.0,0.0,0.0
20180203183637,0.0,0.0,0.0,0.0,0.0,100.0,0.0,0.0
20180203183707,0.0,0.0,0.0,0.0,0.0,100.0,0.0,0.0
20180203183737,0.0,0.0,0.0,0.0,0.0,100.0,0.0,0.0
20180203183807,0.0,0.0,0.0,0.0,0.0,100.0,0.0,0.0
20180203183837,0.0,0.0,0.0,0.0,0.0,100.0,0.0,0.0
20180203183907,0.0,0.0,0.0,0.0,0.0,100.0,0.0,0.0
20180203183937,0.0,0.0,0.0,0.0,0.0,100.0,0.0,0.0
20180203184007,0.0,0.0,0.0,0.0,0.0,100.0,0.0,0.0
20180203184037,0.0,0.0,0.0,0.0,0.0,100.0,0.0,0.0
20180203184107,0.0,0.0,0.0,0.0,0.0,100.0,0.0,0.0
20180203184137,0.0,0.0,0.0,0.0,0.0,100.0,0.0,0.0
20180203184207,0.0,0.0,0.0,0.0,0.0,100.0,0.0,0.0
20180203184237,0.0,0.0,0.0,0.0,0.0,100.0,0.0,0.0
20180203184307,0.0,0.0,0.0,0.0,0.0,100.0,0.0,0.0
20180203184337,0.0,0.0,0.0,0.0,0.0,100.0,0.0,0.0
20180203184407,0.0,0.0,0.0,0.0,0.0,100.0,0.0,0.0
20180203184437,0.0,0.0,0.0,0.0,0.0,100.0,0.0,0.0
20180203184507,0.0,0.0,0.0,0.0,0.0,100.0,0.0,0.0
20180203184537,0.0,0.0,0.0,0.0,0.0,100.0,0.0,0.0
20180203184607,0.0,0.0,0.0,0.0,0.0,100.0,0.0,0.0
20180203184637,0.0,0.0,0.0,0.0,0.0,100.0,0.0,0.0
20180203184707,0.0,0.0,0.0,0.0,0.0,100.0,0.0,0.0
20180203184737,0.0,0.0,0.0,0.0,0.0,100.0,0.0,0.0
20180203184807,0.0,0.0,0.0,0.0,0.0,100.0,0.0,0.0
20180203184837,0.0,0.0,0.0,0.0,0.0,100.0,0.0,0.0
20180203184907,0.0,0.0,0.0,0.0,0.0,100.0,0.0,0.0
20180203184937,0.0,0.0,0.0,0.0,0.0,100.0,0.0,0.0
20180203185007,0.0,0.0,0.0,0.0,0.0,100.0,0.0,0.0
20180203185037,0.0,0.0,0.0,0.0,0.0,100.0,0.0,0.0
20180203185107,0.0,0.0,0.0,0.0,0.0,100.0,0.0,0.0
20180203185137,0.0,0.0,0.0,0.0,0.0,100.0,0.0,0.0
20180203185207,0.0,0.0,0.0,0.0,0.0,100.0,0.0,0.0
20180203185237,0.0,0.0,0.0,0.0,0.0,100.0,0.0,0.0
20180203185307,0.0,0.0,0.0,0.0,0.0,100.0,0.0,0.0
20180203185337,0.0,0.0,0.0,0.0,0.0,100.0,0.0,0.0
20180203185407,0.0,0.0,0.0,0.0,0.0,100.0,0.0,0.0
20180203185437,0.0,0.0,0.0,0.0,0.0,100.0,0.0,0.0
20180203185507,0.0,0.0,0.0,0.0,0.0,100.0,0.0,0.0
20180203185537,0.0,0.0,0.0,0.0,0.0,100.0,0.0,0.0
20180203185607,0.0,0.0,0.0,0.0,0.0,100.0,0.0,0.0
20180203185637,0.0,0.0,0.0,0.0,0.0,100.0,0.0,0.0
20180203185707,0.0,0.0,0.0,0.0,0.0,100.0,0.0,0.0
20180203185737,0.0,0.0,0.0,0.0,0.0,100.0,0.0,0.0
20180203185807,0.0,0.0,0.0,0.0,0.0,100.0,0.0,0.0
20180203185837,0.0,0.0,0.0,0.0,0.0,100.0,0.0,0.0
20180203185907,0.0,0.0,0.0,0.0,0.0,100.0,0.0,0.0
20180203185937,0.0,0.0,0.0,0.0,0.0,100.0,0.0,0.0
20180203190007,0.0,0.0,0.0,0.0,0.0,100.0,0.0,0.0
20180203190037,0.0,0.0,0.0,0.0,0.0,100.0,0.0,0.0
20180203190107,0.0,0.0,0.0,0.0,0.0,99.9,0.0,0.0
20180203190137,0.0,0.0,0.0,0.0,0.0,100.0,0.0,0.0
20180203190207,0.0,0.0,0.0,0.0,0.0,99.9,0.0,0.0
20180203190237,0.5,0.0,0.0,0.0,0.0,99.5,0.0,0.0
20180203190307,0.4,0.0,0.0,0.0,0.0,99.6,0.0,0.0
20180203190337,0.0,0.0,0.0,0.0,0.0,100.0,0.0,0.0
20180203190407,0.1,0.0,0.0,0.0,0.0,99.9,0.0,0.0
20180203190437,98.2,0.0,0.0,0.0,0.0,1.8,0.0,0.0
20180203190507,99.0,0.0,0.0,0.0,0.0,1.0,0.0,0.0
20180203190537,98.7,0.0,0.0,0.0,0.0,1.3,0.0,0.0
20180203190607,100.0,0.0,0.0,0.0,0.0,0.0,0.0,0.0
20180203190637,100.0,0.0,0.0,0.0,0.0,0.0,0.0,0.0
20180203190707,99.9,0.0,0.0,0.0,0.1,0.0,0.0,0.0
20180203190737,100.0,0.0,0.0,0.0,0.0,0.0,0.0,0.0
20180203190807,100.0,0.0,0.0,0.0,0.0,0.0,0.0,0.0
20180203190837,100.0,0.0,0.0,0.0,0.0,0.0,0.0,0.0
20180203190908,100.0,0.0,0.0,0.0,0.0,0.0,0.0,0.0
20180203190938,100.0,0.0,0.0,0.0,0.0,0.0,0.0,0.0
20180203191008,100.0,0.0,0.0,0.0,0.0,0.0,0.0,0.0
20180203191038,100.0,0.0,0.0,0.0,0.0,0.0,0.0,0.0
20180203191108,100.0,0.0,0.0,0.0,0.0,0.0,0.0,0.0
20180203191138,100.0,0.0,0.0,0.0,0.0,0.0,0.0,0.0
20180203191208,100.0,0.0,0.0,0.0,0.0,0.0,0.0,0.0
20180203191238,100.0,0.0,0.0,0.0,0.0,0.0,0.0,0.0
20180203191308,100.0,0.0,0.0,0.0,0.0,0.0,0.0,0.0
20180203191338,100.0,0.0,0.0,0.0,0.0,0.0,0.0,0.0
20180203191408,100.0,0.0,0.0,0.0,0.0,0.0,0.0,0.0
20180203191438,100.0,0.0,0.0,0.0,0.0,0.0,0.0,0.0
20180203191508,100.0,0.0,0.0,0.0,0.0,0.0,0.0,0.0
20180203191538,100.0,0.0,0.0,0.0,0.0,0.0,0.0,0.0
20180203191608,100.0,0.0,0.0,0.0,0.0,0.0,0.0,0.0
20180203191638,100.0,0.0,0.0,0.0,0.0,0.0,0.0,0.0
20180203191708,100.0,0.0,0.0,0.0,0.0,0.0,0.0,0.0
20180203191738,100.0,0.0,0.0,0.0,0.0,0.0,0.0,0.0
20180203191808,100.0,0.0,0.0,0.0,0.0,0.0,0.0,0.0
20180203191838,100.0,0.0,0.0,0.0,0.0,0.0,0.0,0.0
20180203191908,100.0,0.0,0.0,0.0,0.0,0.0,0.0,0.0
20180203191938,100.0,0.0,0.0,0.0,0.0,0.0,0.0,0.0
20180203192008,99.9,0.1,0.0,0.0,0.0,0.0,0.0,0.0
20180203192038,99.9,0.0,0.0,0.0,0.1,0.0,0.0,0.0
20180203192108,100.0,0.0,0.0,0.0,0.0,0.0,0.0,0.0
20180203192138,100.0,0.0,0.0,0.0,0.0,0.0,0.0,0.0
20180203192208,99.9,0.1,0.0,0.0,0.0,0.0,0.0,0.0
20180203192238,100.0,0.0,0.0,0.0,0.0,0.0,0.0,0.0
20180203192308,100.0,0.0,0.0,0.0,0.0,0.0,0.0,0.0
20180203192338,100.0,0.0,0.0,0.0,0.0,0.0,0.0,0.0
20180203192408,100.0,0.0,0.0,0.0,0.0,0.0,0.0,0.0
20180203192438,95.8,0.1,0.0,0.0,3.4,0.7,0.0,0.0
20180203192508,99.5,0.0,0.0,0.0,0.5,0.0,0.0,0.0
20180203192538,95.8,0.1,0.0,0.0,2.1,1.9,0.0,0.0
20180203192608,100.0,0.0,0.0,0.0,0.0,0.0,0.0,0.0
20180203192638,99.9,0.1,0.0,0.0,0.0,0.0,0.0,0.0
20180203192708,97.4,1.2,0.0,0.0,0.9,0.4,0.0,0.0
20180203192738,99.7,0.0,0.0,0.0,0.2,0.0,0.0,0.0
20180203192808,99.3,0.3,0.1,0.0,0.3,0.0,0.0,0.0
20180203192838,99.8,0.1,0.0,0.0,0.1,0.0,0.0,0.0
20180203192908,100.0,0.0,0.0,0.0,0.0,0.0,0.0,0.0
20180203192938,100.0,0.0,0.0,0.0,0.0,0.0,0.0,0.0
20180203193008,100.0,0.0,0.0,0.0,0.0,0.0,0.0,0.0
20180203193038,100.0,0.0,0.0,0.0,0.0,0.0,0.0,0.0
20180203193108,100.0,0.0,0.0,0.0,0.0,0.0,0.0,0.0
20180203193138,100.0,0.0,0.0,0.0,0.0,0.0,0.0,0.0
20180203193208,100.0,0.0,0.0,0.0,0.0,0.0,0.0,0.0
20180203193238,99.9,0.0,0.0,0.0,0.0,0.0,0.0,0.0
20180203193308,100.0,0.0,0.0,0.0,0.0,0.0,0.0,0.0
20180203193338,99.7,0.1,0.0,0.0,0.2,0.0,0.0,0.0
20180203193408,99.8,0.1,0.0,0.0,0.2,0.0,0.0,0.0
20180203193438,99.2,0.0,0.0,0.0,0.3,0.5,0.0,0.0
20180203193508,97.8,0.0,0.1,0.0,0.6,1.5,0.0,0.0
20180203193538,90.0,0.0,0.2,0.0,1.9,7.9,0.0,0.0
20180203193608,99.3,0.0,0.0,0.0,0.2,0.5,0.0,0.0
20180203193638,97.5,0.0,0.4,0.0,0.1,2.0,0.0,0.0
20180203193708,100.0,0.0,0.0,0.0,0.0,0.0,0.0,0.0
20180203193738,100.0,0.0,0.0,0.0,0.0,0.0,0.0,0.0
20180203193808,98.7,0.2,0.5,0.0,0.5,0.1,0.0,0.0
20180203193838,100.0,0.0,0.0,0.0,0.0,0.0,0.0,0.0
20180203193908,100.0,0.0,0.0,0.0,0.0,0.0,0.0,0.0
20180203193938,100.0,0.0,0.0,0.0,0.0,0.0,0.0,0.0
20180203194008,100.0,0.0,0.0,0.0,0.0,0.0,0.0,0.0
20180203194038,100.0,0.0,0.0,0.0,0.0,0.0,0.0,0.0
20180203194108,99.8,0.2,0.0,0.0,0.0,0.0,0.0,0.0
20180203194138,99.3,0.6,0.0,0.0,0.0,0.0,0.0,0.0
20180203194208,89.6,5.2,0.0,0.0,5.2,0.0,0.0,0.0
20180203194238,59.7,32.4,0.1,0.1,7.7,0.0,0.0,0.0
20180203194308,51.3,45.1,2.2,0.0,1.3,0.0,0.0,0.0
20180203194339,4.8,94.2,0.1,0.0,0.9,0.0,0.0,0.0
20180203194409,0.0,99.8,0.0,0.0,0.1,0.0,0.0,0.0
20180203194439,0.0,94.7,1.7,0.0,3.5,0.0,0.0,0.0
20180203194509,0.0,99.7,0.2,0.0,0.1,0.0,0.0,0.0
20180203194539,0.1,79.3,4.4,0.0,16.1,0.0,0.0,0.0
20180203194609,0.0,18.5,7.5,0.6,73.3,0.0,0.0,0.0
20180203194639,0.1,11.6,2.8,1.1,84.5,0.0,0.0,0.0
20180203194709,0.1,45.9,6.9,0.1,47.1,0.0,0.0,0.0
20180203194739,0.8,62.0,15.7,2.3,19.2,0.0,0.0,0.0
20180203194809,6.3,1.1,87.9,1.1,3.6,0.0,0.0,0.0
20180203194839,0.0,0.0,99.9,0.0,0.1,0.0,0.0,0.0
20180203194909,1.1,0.1,98.3,0.0,0.4,0.1,0.0,0.0
20180203194939,4.3,0.0,90.9,0.0,3.0,1.8,0.0,0.0
20180203195009,31.8,0.0,58.9,0.0,9.1,0.1,0.0,0.1
20180203195039,57.9,0.0,40.8,0.0,1.3,0.0,0.0,0.0
20180203195109,100.0,0.0,0.0,0.0,0.0,0.0,0.0,0.0
20180203195139,100.0,0.0,0.0,0.0,0.0,0.0,0.0,0.0
20180203195209,100.0,0.0,0.0,0.0,0.0,0.0,0.0,0.0
20180203195239,100.0,0.0,0.0,0.0,0.0,0.0,0.0,0.0
20180203195309,100.0,0.0,0.0,0.0,0.0,0.0,0.0,0.0
20180203195339,100.0,0.0,0.0,0.0,0.0,0.0,0.0,0.0
20180203195409,100.0,0.0,0.0,0.0,0.0,0.0,0.0,0.0
20180203195439,99.2,0.7,0.0,0.0,0.1,0.0,0.0,0.0
20180203195509,19.9,77.8,0.1,0.1,2.2,0.0,0.0,0.0
20180203195539,92.9,4.6,2.1,0.1,0.3,0.0,0.0,0.0
20180203195609,88.8,0.2,7.5,0.0,3.5,0.0,0.0,0.0
20180203195639,92.8,2.4,4.0,0.2,0.7,0.0,0.0,0.0
20180203195709,64.1,33.1,0.9,0.1,1.7,0.0,0.0,0.0
20180203195739,71.2,11.6,0.3,0.0,16.8,0.0,0.0,0.0
20180203195809,0.3,93.0,0.9,0.3,5.5,0.0,0.0,0.0
20180203195839,14.5,17.0,15.0,0.4,53.0,0.0,0.0,0.0
20180203195909,94.4,1.9,0.7,0.0,3.0,0.0,0.0,0.0
20180203195939,93.2,0.4,5.2,0.1,1.1,0.0,0.0,0.0
20180203200009,98.7,0.0,0.2,0.0,1.1,0.0,0.0,0.0
20180203200039,100.0,0.0,0.0,0.0,0.0,0.0,0.0,0.0
20180203200109,100.0,0.0,0.0,0.0,0.0,0.0,0.0,0.0
20180203200139,99.3,0.1,0.0,0.0,0.6,0.0,0.0,0.0
20180203200209,89.7,5.8,0.0,0.1,4.3,0.0,0.0,0.0
20180203200239,26.1,63.1,1.8,0.0,9.1,0.0,0.0,0.0
20180203200309,0.0,99.9,0.0,0.0,0.1,0.0,0.0,0.0
20180203200339,0.0,99.9,0.0,0.0,0.0,0.0,0.0,0.0
20180203200409,0.0,100.0,0.0,0.0,0.0,0.0,0.0,0.0
20180203200439,0.0,100.0,0.0,0.0,0.0,0.0,0.0,0.0
20180203200509,0.0,99.9,0.0,0.0,0.1,0.0,0.0,0.0
20180203200539,0.0,99.8,0.0,0.0,0.2,0.0,0.0,0.0
20180203200609,0.0,95.1,0.1,0.0,4.9,0.0,0.0,0.0
20180203200639,0.0,44.9,0.3,0.0,54.7,0.0,0.0,0.0
20180203200709,0.0,89.2,1.2,0.0,9.5,0.0,0.0,0.0
20180203200739,0.0,42.1,36.1,0.2,21.6,0.0,0.0,0.0
20180203200809,0.0,1.2,51.6,0.0,47.2,0.0,0.0,0.0
20180203200839,0.0,38.8,30.9,0.2,30.2,0.0,0.0,0.0
20180203200909,0.0,0.0,99.0,0.0,0.4,0.0,0.0,0.6
20180203200939,0.0,0.0,96.9,0.0,3.0,0.0,0.0,0.0
20180203201009,0.1,0.0,96.8,0.0,2.4,0.0,0.0,0.7
20180203201039,0.0,0.0,91.9,0.1,7.5,0.0,0.0,0.5
20180203201110,0.0,0.1,69.4,0.2,28.3,0.0,0.0,1.8
20180203201140,0.1,0.3,24.1,0.0,75.3,0.1,0.0,0.1
20180203201210,0.4,0.1,8.9,0.1,89.6,0.2,0.0,0.7
20180203201240,5.2,2.0,8.2,0.0,84.6,0.0,0.0,0.0
20180203201310,18.9,1.0,3.0,0.1,76.7,0.2,0.0,0.0
20180203201340,16.6,1.9,12.6,0.1,68.0,0.6,0.0,0.3
20180203201410,24.3,1.3,18.3,0.7,54.6,0.2,0.0,0.5
20180203201440,3.6,0.5,9.1,0.1,86.4,0.1,0.0,0.2
20180203201510,4.1,0.3,2.7,0.2,92.6,0.0,0.0,0.0
20180203201540,1.4,0.3,1.3,0.1,96.8,0.0,0.0,0.0
20180203201610,0.9,0.1,7.7,0.2,90.8,0.1,0.0,0.1
20180203201640,2.7,2.7,11.1,1.6,81.7,0.0,0.0,0.2
20180203201710,0.1,0.0,1.3,0.0,98.5,0.0,0.0,0.0
20180203201740,0.3,1.1,0.1,0.2,98.3,0.0,0.0,0.0
20180203201810,1.5,4.6,3.0,2.5,88.4,0.0,0.0,0.0
20180203201840,0.2,4.7,5.9,0.5,88.7,0.0,0.0,0.0
20180203201910,0.1,0.3,14.1,3.7,81.8,0.0,0.0,0.0
20180203201940,0.3,2.3,3.0,2.7,91.7,0.0,0.0,0.0
20180203202010,0.3,1.6,5.9,1.0,91.2,0.0,0.0,0.0
20180203202040,3.8,1.0,13.8,2.3,75.4,1.4,0.1,2.3
20180203202110,0.9,1.5,32.5,1.6,35.0,2.8,0.2,25.5
20180203202140,0.9,0.1,50.3,0.4,46.9,0.6,0.0,0.8
20180203202210,0.1,0.0,22.3,0.5,76.7,0.1,0.0,0.3
20180203202240,0.1,0.0,0.8,0.1,98.9,0.0,0.0,0.1
20180203202310,0.5,0.1,7.7,0.3,87.8,0.3,0.0,3.3
20180203202340,0.2,0.1,6.0,1.9,88.5,0.5,0.0,2.8
20180203202410,0.1,0.1,1.3,0.1,96.9,0.6,0.0,0.9
20180203202440,0.1,0.0,0.7,0.1,99.0,0.0,0.0,0.0
20180203202510,1.4,0.0,1.1,1.0,96.3,0.0,0.0,0.2
20180203202540,3.4,0.1,42.1,0.2,54.1,0.1,0.0,0.1
20180203202610,0.6,0.0,60.3,0.0,38.9,0.1,0.0,0.0
20180203202640,0.7,0.0,8.4,0.4,89.9,0.1,0.0,0.5
20180203202710,0.0,0.0,9.6,0.9,89.4,0.0,0.0,0.0
20180203202740,0.2,0.0,26.8,0.1,72.8,0.0,0.0,0.0
20180203202810,0.2,0.0,2.5,0.2,97.0,0.0,0.0,0.0
20180203202840,0.3,0.0,17.4,0.2,82.0,0.0,0.0,0.0
20180203202910,0.2,0.0,52.0,0.1,47.6,0.0,0.0,0.0
20180203202940,0.3,0.0,37.5,0.3,61.4,0.0,0.0,0.5
20180203203010,0.2,0.0,26.0,0.3,73.4,0.0,0.0,0.2
20180203203040,0.4,0.0,87.4,0.2,11.9,0.0,0.0,0.1
20180203203110,0.4,0.0,87.0,0.4,11.1,0.1,0.1,0.9
20180203203140,0.1,0.0,74.0,0.3,25.1,0.0,0.0,0.4
20180203203210,0.3,0.0,51.1,0.1,46.7,0.1,0.0,1.7
20180203203240,0.2,0.0,15.9,0.2,82.4,0.4,0.0,0.9
20180203203310,0.0,0.0,3.7,0.0,96.0,0.0,0.0,0.2
20180203203340,0.1,0.0,12.9,0.3,77.5,0.2,0.0,9.0
20180203203410,0.3,0.0,28.4,0.4,62.9,0.9,0.2,6.9
20180203203440,0.1,0.0,43.8,0.2,52.3,0.2,0.1,3.3
20180203203510,0.2,0.0,4.6,3.9,23.2,1.4,0.1,66.6
20180203203540,0.3,0.0,12.5,0.8,75.9,0.5,0.1,9.9
20180203203610,0.2,0.0,0.6,0.0,89.2,0.3,0.1,9.6
20180203203640,0.5,0.0,3.6,0.2,93.1,0.1,0.0,2.6
20180203203710,0.2,0.0,1.0,0.0,93.2,1.7,0.2,3.6
20180203203740,0.7,0.0,1.5,0.7,79.0,0.1,0.1,18.0
20180203203810,0.2,0.0,29.1,1.4,62.3,0.1,0.0,6.9
20180203203840,0.4,0.0,6.6,1.8,75.4,0.3,0.1,15.3
20180203203910,2.0,0.0,16.1,1.0,77.2,0.1,0.2,3.4
20180203203940,0.6,0.0,23.5,0.8,70.3,0.4,0.4,4.0
20180203204010,0.3,0.0,2.3,0.5,44.7,0.3,0.1,51.8
20180203204040,1.3,0.0,22.2,18.0,28.4,3.5,1.0,25.6
20180203204110,0.3,0.0,50.4,2.1,46.1,0.3,0.3,0.5
20180203204140,0.3,0.0,23.0,6.3,64.1,1.8,1.2,3.3
20180203204210,0.8,0.0,15.4,0.5,74.8,0.3,5.1,3.2
20180203204240,0.9,0.0,27.5,0.3,69.7,0.3,0.3,0.9
20180203204310,2.2,0.0,20.1,0.1,74.0,0.0,3.0,0.5
20180203204340,1.0,0.2,6.4,0.2,86.9,0.0,4.9,0.4
20180203204410,0.6,0.0,6.6,0.1,92.2,0.0,0.5,0.1
20180203204440,0.3,0.0,2.0,0.1,96.7,0.0,0.7,0.1
20180203204511,0.1,0.0,13.9,2.8,77.0,0.3,4.5,1.4
20180203204541,0.3,0.0,2.2,0.9,95.3,0.0,0.3,1.0
20180203204611,0.1,0.0,3.2,0.4,94.8,0.0,1.2,0.2
20180203204641,0.8,0.0,28.3,0.9,62.0,1.1,3.5,3.4
20180203204711,0.3,0.0,17.6,1.8,77.0,0.2,1.4,1.7
20180203204741,0.1,0.0,2.7,0.5,94.5,0.1,1.8,0.3
20180203204811,0.1,0.0,3.1,0.3,94.4,0.1,1.1,0.9
20180203204841,0.3,0.0,24.4,0.2,74.5,0.1,0.2,0.3
20180203204911,0.4,0.1,29.6,1.2,64.6,0.7,0.7,2.7
20180203204941,0.5,0.0,15.1,4.8,75.9,0.5,1.1,2.1
20180203205011,0.3,0.0,39.7,7.0,42.9,2.9,2.0,5.2
20180203205041,0.5,0.0,34.0,0.7,63.0,0.1,0.2,1.4
20180203205111,0.4,0.0,42.7,3.0,45.9,0.5,0.6,6.8
20180203205141,0.2,0.0,15.2,0.4,81.3,0.2,0.2,2.4
20180203205211,0.1,0.0,8.0,0.1,86.6,0.3,1.2,3.6
20180203205241,0.0,0.0,7.5,0.3,88.8,0.2,0.2,2.9
20180203205311,0.2,0.0,21.1,0.2,76.3,0.1,1.7,0.4
20180203205341,0.0,0.0,2.5,0.3,95.8,0.0,0.9,0.4
20180203205411,0.0,0.0,7.6,0.1,91.2,0.1,0.2,0.8
20180203205441,0.0,0.0,0.8,0.1,99.0,0.0,0.1,0.0
20180203205511,0.0,0.0,4.0,0.1,95.8,0.0,0.1,0.0
20180203205541,0.0,0.0,5.4,0.3,92.8,0.1,0.1,1.3
20180203205611,0.0,0.0,0.4,0.1,85.4,0.2,0.5,13.3
20180203205641,0.0,0.0,6.7,0.1,90.3,0.1,1.8,1.0
20180203205711,0.2,0.0,3.2,0.3,94.4,0.4,0.4,1.0
20180203205741,0.0,0.0,0.7,0.2,94.6,0.1,0.1,4.2
20180203205811,0.0,0.0,0.1,0.1,99.7,0.0,0.0,0.1
20180203205841,0.0,0.0,0.1,0.2,97.8,0.0,1.8,0.1
20180203205911,0.0,0.0,0.5,2.3,97.0,0.0,0.1,0.1
20180203205941,0.0,0.0,0.4,0.1,99.2,0.0,0.0,0.3
20180203210011,0.1,0.0,9.5,0.5,86.2,0.1,0.1,3.5
20180203210041,0.0,0.0,0.9,0.3,97.8,0.0,0.0,0.9
20180203210111,0.2,0.0,3.9,0.2,87.0,0.2,1.1,7.2
20180203210141,0.0,0.0,0.1,0.1,99.2,0.0,0.1,0.6
20180203210211,0.0,0.0,0.3,0.3,98.1,0.0,0.0,1.3
20180203210241,0.0,0.0,0.3,0.1,96.1,0.1,0.1,3.3
20180203210311,0.0,0.0,0.7,0.2,95.0,0.1,0.1,3.9
20180203210341,0.0,0.0,0.6,1.2,95.3,0.0,0.6,2.3
20180203210411,0.0,0.0,0.5,0.3,98.4,0.0,0.3,0.6
20180203210441,0.0,0.0,0.1,0.2,98.3,0.0,0.6,0.8
20180203210511,0.0,0.0,1.1,1.1,95.1,0.1,0.4,2.3
20180203210541,0.0,0.0,0.5,1.0,89.4,0.6,1.0,7.3
20180203210611,0.0,0.0,0.1,0.1,95.9,0.0,2.7,1.2
20180203210641,0.0,0.0,0.7,0.0,99.2,0.0,0.0,0.1
20180203210711,0.0,0.0,0.3,0.1,99.3,0.0,0.2,0.1
20180203210741,0.0,0.0,0.3,0.2,99.4,0.0,0.0,0.1
20180203210811,0.0,0.0,0.1,0.3,99.1,0.0,0.0,0.4
20180203210841,0.1,0.0,0.5,0.1,98.6,0.1,0.0,0.6
20180203210911,0.0,0.0,0.1,0.0,99.3,0.0,0.4,0.1
20180203210941,0.0,0.0,0.2,0.1,97.8,0.0,0.6,1.2
20180203211011,0.0,0.0,0.7,0.2,98.9,0.0,0.0,0.2
20180203211041,0.0,0.0,0.8,0.5,97.0,0.1,0.1,1.5
20180203211111,0.0,0.0,0.1,0.1,99.7,0.0,0.1,0.1
20180203211141,0.0,0.0,0.3,0.9,98.6,0.0,0.1,0.1
20180203211211,0.0,0.0,0.5,0.1,98.7,0.0,0.5,0.1
20180203211241,0.0,0.0,0.0,0.4,99.4,0.0,0.1,0.1
20180203211311,0.1,0.0,7.1,4.2,66.4,0.5,14.0,7.7
20180203211341,0.0,0.0,0.2,1.8,97.6,0.0,0.4,0.1
20180203211411,0.0,0.0,6.9,1.6,87.6,0.0,3.1,0.6
20180203211441,0.1,0.0,0.3,2.2,94.4,0.0,2.3,0.6
20180203211511,0.0,0.0,0.1,0.2,99.4,0.0,0.2,0.0
20180203211541,0.0,0.0,3.0,0.2,93.5,0.0,3.3,0.0
20180203211611,0.0,0.0,0.1,0.9,98.6,0.0,0.1,0.3
20180203211641,0.0,0.0,8.6,5.3,84.5,0.2,0.2,1.2
20180203211711,0.0,0.0,1.6,5.0,93.3,0.0,0.0,0.1
20180203211741,0.0,0.0,0.0,0.1,99.8,0.0,0.0,0.1
20180203211811,0.0,0.0,0.0,0.0,99.7,0.0,0.2,0.1
20180203211841,0.0,0.0,0.1,0.1,99.7,0.0,0.0,0.1
20180203211911,0.0,0.0,0.3,0.2,99.3,0.0,0.2,0.1
20180203211942,0.0,0.0,0.1,0.0,99.9,0.0,0.0,0.0
20180203212012,0.0,0.0,0.1,0.1,99.8,0.0,0.0,0.0
20180203212042,0.0,0.0,0.0,0.0,99.9,0.0,0.0,0.0
20180203212112,0.0,0.0,5.8,0.2,94.0,0.0,0.0,0.0
20180203212142,0.0,0.1,6.3,0.6,93.0,0.0,0.0,0.0
20180203212212,0.0,0.0,0.1,0.2,99.7,0.0,0.0,0.0
20180203212242,0.0,0.0,0.2,0.9,98.9,0.0,0.0,0.0
20180203212312,0.0,0.0,0.0,0.1,99.9,0.0,0.0,0.0
20180203212342,0.0,0.0,0.1,0.5,99.4,0.0,0.0,0.0
20180203212412,0.0,0.0,0.0,0.3,99.7,0.0,0.0,0.0
20180203212442,0.0,0.0,0.0,0.0,100.0,0.0,0.0,0.0
20180203212512,0.0,0.0,0.0,0.0,99.9,0.0,0.0,0.1
20180203212542,0.0,0.0,0.1,0.0,98.3,0.0,0.3,1.2
20180203212612,0.0,0.0,0.0,0.0,99.6,0.0,0.1,0.3
20180203212642,0.0,0.0,0.0,0.0,99.8,0.0,0.1,0.1
20180203212712,0.0,0.0,0.2,0.2,99.1,0.0,0.0,0.4
20180203212742,0.0,0.0,0.2,0.7,98.5,0.0,0.0,0.6
20180203212812,0.0,0.0,0.2,0.1,99.6,0.0,0.0,0.1
20180203212842,0.0,0.0,0.1,0.5,99.4,0.0,0.0,0.1
20180203212912,0.0,0.0,0.0,0.0,99.9,0.0,0.0,0.0
20180203212942,0.0,0.0,0.0,0.1,99.6,0.0,0.1,0.2
20180203213012,0.0,0.0,0.0,0.0,99.9,0.0,0.0,0.0
20180203213042,0.0,0.0,0.1,0.1,99.8,0.0,0.0,0.0
20180203213112,0.0,0.0,0.0,0.1,99.9,0.0,0.0,0.0
20180203213142,0.0,0.0,0.1,0.0,99.9,0.0,0.0,0.0
20180203213212,0.0,0.0,0.0,0.0,99.9,0.0,0.0,0.0
20180203213242,0.1,0.0,0.0,0.0,99.9,0.0,0.0,0.0
20180203213312,0.2,0.0,0.0,0.1,99.7,0.0,0.0,0.0
20180203213342,0.2,0.0,0.0,0.2,99.5,0.0,0.0,0.0
20180203213412,0.1,0.0,0.0,0.1,99.9,0.0,0.0,0.0
20180203213442,0.7,0.1,0.0,0.6,98.5,0.0,0.0,0.0
20180203213512,0.3,0.0,0.2,1.0,98.6,0.0,0.0,0.0
20180203213542,0.0,0.0,0.0,0.2,99.8,0.0,0.0,0.0
20180203213612,0.0,0.0,0.1,0.7,99.2,0.0,0.0,0.0
20180203213642,0.0,0.0,0.0,0.2,99.8,0.0,0.0,0.0
20180203213712,0.0,0.0,0.1,0.2,99.7,0.0,0.0,0.0
20180203213742,0.0,0.0,0.3,0.2,99.3,0.0,0.0,0.1
20180203213812,0.1,0.1,1.2,0.2,98.3,0.0,0.0,0.1
20180203213842,0.1,0.0,0.3,0.3,99.3,0.0,0.0,0.0
20180203213912,0.1,0.0,0.2,0.2,99.3,0.0,0.1,0.1
20180203213942,0.0,0.0,0.0,0.1,99.8,0.0,0.0,0.0
20180203214012,0.1,0.0,0.2,0.2,99.6,0.0,0.0,0.0
20180203214042,0.0,0.0,0.3,0.1,99.6,0.0,0.0,0.0
20180203214112,0.1,0.0,0.8,0.2,98.9,0.0,0.0,0.0
20180203214142,0.0,0.0,0.2,0.2,99.6,0.0,0.0,0.0
20180203214212,0.0,0.0,0.0,0.0,99.9,0.0,0.0,0.0
20180203214242,0.0,0.0,0.2,0.0,99.8,0.0,0.0,0.0
20180203214312,0.0,0.0,0.2,0.1,99.7,0.0,0.0,0.0
20180203214342,0.0,0.0,0.1,0.1,99.7,0.0,0.0,0.0
20180203214412,0.0,0.0,0.1,0.0,99.8,0.0,0.0,0.0
20180203214442,0.0,0.0,0.0,0.0,99.8,0.0,0.0,0.2
20180203214512,0.0,0.0,0.0,0.0,98.4,0.0,0.0,1.6
20180203214542,0.0,0.0,0.0,0.0,99.3,0.0,0.0,0.7
20180203214612,0.0,0.0,0.0,0.0,99.8,0.0,0.0,0.2
20180203214643,0.0,0.0,0.0,0.0,99.7,0.0,0.0,0.3
20180203214713,0.0,0.0,0.0,0.0,99.9,0.0,0.0,0.1
20180203214743,0.0,0.0,0.0,0.0,100.0,0.0,0.0,0.0
20180203214813,0.0,0.0,0.0,0.0,100.0,0.0,0.0,0.0
20180203214843,0.0,0.0,0.0,0.0,100.0,0.0,0.0,0.0
