UT,arc,discrete,diffuse,ac,ab,clear,cloudy,dd
20180929170100,0.0,0.0,0.0,0.0,0.0,0.0,0.0,100.0
20180929170130,0.0,0.0,0.0,0.0,0.0,0.0,0.0,100.0
20180929170200,0.0,0.0,0.0,0.0,0.0,0.0,0.0,100.0
20180929170230,0.0,0.0,0.0,0.0,0.0,0.0,0.0,100.0
20180929170300,0.0,0.0,0.0,0.0,0.0,0.0,0.0,100.0
20180929170330,0.0,0.0,0.0,0.0,0.0,0.0,0.0,100.0
20180929170400,0.0,0.0,0.0,0.0,0.0,0.0,0.0,100.0
20180929170430,0.0,0.0,0.0,0.0,0.0,0.0,0.0,100.0
20180929170500,0.0,0.0,0.0,0.0,0.0,0.0,0.0,100.0
20180929170530,0.0,0.0,0.0,0.0,0.0,0.0,0.0,100.0
20180929170600,0.0,0.0,0.0,0.0,0.0,0.0,0.0,100.0
20180929170630,0.0,0.0,0.0,0.0,0.0,0.0,0.0,100.0
20180929170700,0.0,0.0,0.0,0.0,0.0,0.0,0.0,100.0
20180929170730,0.0,0.0,0.0,0.0,0.0,0.0,0.0,100.0
20180929170800,0.0,0.0,0.0,0.0,0.0,0.0,0.0,100.0
20180929170830,0.0,0.0,0.0,0.0,0.0,0.0,0.0,100.0
20180929170900,0.0,0.0,0.0,0.0,0.0,0.0,0.0,100.0
20180929170930,0.0,0.0,0.0,0.0,0.0,0.0,0.0,100.0
20180929171000,0.0,0.0,0.0,0.0,0.0,0.0,0.0,100.0
20180929171031,0.0,0.0,0.0,0.0,0.0,0.0,0.0,100.0
20180929171101,0.0,0.0,0.0,0.0,0.0,0.0,0.0,100.0
20180929171131,0.0,0.0,0.0,0.0,0.0,0.0,0.0,100.0
20180929171201,0.0,0.0,0.0,0.0,0.0,0.0,0.0,100.0
20180929171231,0.0,0.0,0.0,0.0,0.0,0.0,0.0,100.0
20180929171301,0.0,0.0,0.0,0.0,0.0,0.0,0.0,100.0
20180929171331,0.0,0.0,0.0,0.0,0.0,0.0,0.0,100.0
20180929171401,0.0,0.0,0.0,0.0,0.0,0.0,0.0,100.0
20180929171431,0.0,0.0,0.0,0.0,0.0,0.0,0.0,100.0
20180929171501,0.0,0.0,0.0,0.0,0.0,0.0,0.0,100.0
20180929171531,0.0,0.0,0.0,0.0,0.0,0.0,0.0,100.0
20180929171601,0.0,0.0,0.0,0.0,0.0,0.0,0.0,100.0
20180929171631,0.0,0.0,0.0,0.0,0.0,0.0,0.0,100.0
20180929171701,0.0,0.0,0.0,0.0,0.0,0.0,0.0,100.0
20180929171731,0.0,0.0,0.0,0.0,0.0,0.0,0.0,100.0
20180929171801,0.0,0.0,0.0,0.0,0.0,0.0,0.0,100.0
20180929171831,0.0,0.0,0.0,0.0,0.0,0.0,0.0,100.0
20180929171901,0.0,0.0,0.0,0.0,0.0,0.0,0.0,100.0
20180929171931,0.0,0.0,0.0,0.0,0.0,0.0,0.0,100.0
20180929172001,0.0,0.0,0.0,0.0,0.0,0.0,0.0,100.0
20180929172031,0.0,0.0,0.0,0.0,0.0,0.0,0.0,100.0
20180929172101,0.0,0.0,0.0,0.0,0.0,0.0,0.0,100.0
20180929172131,0.0,0.0,0.0,0.0,0.0,0.0,0.0,100.0
20180929172201,0.0,0.0,0.0,0.0,0.0,0.0,0.0,100.0
20180929172231,0.0,0.0,0.0,0.0,0.0,0.0,0.0,100.0
20180929172301,0.0,0.0,0.0,0.0,0.0,0.0,0.0,100.0
20180929172331,0.0,0.0,0.0,0.0,0.0,0.0,0.0,100.0
20180929172401,0.0,0.0,0.0,0.0,0.0,0.0,0.0,100.0
20180929172431,0.0,0.0,0.0,0.0,0.0,0.0,0.0,100.0
20180929172501,0.0,0.0,0.0,0.0,0.0,0.0,0.0,100.0
20180929172531,0.0,0.0,0.0,0.0,0.0,0.0,0.0,100.0
20180929172601,0.0,0.0,0.0,0.0,0.0,0.0,0.0,100.0
20180929172631,0.0,0.0,0.0,0.0,0.0,0.0,0.0,100.0
20180929172701,0.0,0.0,0.0,0.0,0.0,0.0,0.0,100.0
20180929172731,0.0,0.0,0.0,0.0,0.0,0.0,0.0,100.0
20180929172801,0.0,0.0,0.0,0.0,0.0,0.0,0.0,100.0
20180929172831,0.0,0.0,0.0,0.0,0.0,0.0,0.0,100.0
20180929172901,0.0,0.0,0.0,0.0,0.0,0.0,0.0,100.0
20180929172931,0.0,0.0,0.0,0.0,0.0,0.0,0.0,100.0
20180929173001,0.0,0.0,0.0,0.0,0.0,0.0,0.0,100.0
20180929173031,0.0,0.0,0.0,0.0,0.0,0.0,0.0,100.0
20180929173101,0.0,0.0,0.0,0.0,0.0,0.0,0.0,100.0
20180929173131,0.0,0.0,0.0,0.0,0.0,0.0,0.0,100.0
20180929173201,0.0,0.0,0.0,0.0,0.0,0.0,0.0,100.0
20180929173231,0.0,0.0,0.0,0.0,0.0,0.0,0.0,100.0
20180929173301,0.0,0.0,0.0,0.0,0.0,0.0,0.0,100.0
20180929173331,0.0,0.0,0.0,0.0,0.0,0.0,0.0,100.0
20180929173401,0.0,0.0,0.0,0.0,0.0,0.0,0.0,100.0
20180929173431,0.0,0.0,0.0,0.0,0.0,0.0,0.0,100.0
20180929173501,0.0,0.0,0.0,0.0,0.0,0.0,0.0,100.0
20180929173531,0.0,0.0,0.0,0.0,0.0,0.0,0.0,100.0
20180929173601,0.0,0.0,0.0,0.0,0.0,0.0,0.0,100.0
20180929173631,0.0,0.0,0.0,0.0,0.0,0.0,0.0,100.0
20180929173701,0.0,0.0,0.0,0.0,0.0,0.0,0.0,100.0
20180929173731,0.0,0.0,0.0,0.0,0.0,0.0,0.0,100.0
20180929173801,0.0,0.0,0.0,0.0,0.0,0.0,0.0,100.0
20180929173831,0.0,0.0,0.0,0.0,0.0,0.0,0.0,100.0
20180929173901,0.0,0.0,0.0,0.0,0.0,0.0,0.0,100.0
20180929173931,0.0,0.0,0.0,0.0,0.0,0.0,0.0,100.0
20180929174001,0.0,0.0,0.0,0.0,0.0,0.0,0.0,100.0
20180929174031,0.0,0.0,0.0,0.0,0.0,0.0,0.0,100.0
20180929174101,0.0,0.0,0.0,0.0,0.0,0.0,0.0,100.0
20180929174131,0.0,0.0,0.0,0.0,0.0,0.0,0.0,100.0
20180929174201,0.0,0.0,0.0,0.0,0.0,0.0,0.0,100.0
20180929174231,0.0,0.0,0.0,0.0,0.0,0.0,0.0,100.0
20180929174301,0.0,0.0,0.0,0.0,0.0,0.0,0.0,100.0
20180929174331,0.0,0.0,0.0,0.0,0.0,0.0,0.0,100.0
20180929174401,0.0,0.0,0.0,0.0,0.0,0.0,0.0,100.0
20180929174431,0.0,0.0,0.0,0.0,0.0,0.0,0.0,100.0
20180929174501,0.0,0.0,0.0,0.0,0.0,0.0,0.0,100.0
20180929174532,0.0,0.0,0.0,0.0,0.0,0.0,0.0,100.0
20180929174602,0.0,0.0,0.0,0.0,0.0,0.0,0.0,100.0
20180929174632,0.0,0.0,0.0,0.0,0.0,0.0,0.0,100.0
20180929174702,0.0,0.0,0.0,0.0,0.0,0.0,0.0,100.0
20180929174732,0.0,0.0,0.0,0.0,0.0,0.0,0.0,100.0
20180929174802,0.0,0.0,0.0,0.0,0.0,0.0,0.0,100.0
20180929174832,0.0,0.0,0.0,0.0,0.0,0.0,0.0,100.0
20180929174902,0.0,0.0,0.0,0.0,0.0,0.0,0.0,100.0
20180929174932,0.0,0.0,0.0,0.0,0.0,0.0,0.0,100.0
20180929175002,0.0,0.0,0.0,0.0,0.0,0.0,0.0,100.0
20180929175032,0.0,0.0,0.0,0.0,0.0,0.0,0.0,100.0
20180929175102,0.0,0.0,0.0,0.0,0.0,0.0,0.0,100.0
20180929175132,0.0,0.0,0.0,0.0,0.0,0.0,0.0,100.0
20180929175202,0.0,0.0,0.0,0.0,0.0,0.0,0.0,100.0
20180929175232,0.0,0.0,0.0,0.0,0.0,0.0,0.0,100.0
20180929175302,0.0,0.0,0.0,0.0,0.0,0.0,0.0,100.0
20180929175332,0.0,0.0,0.0,0.0,0.0,0.0,0.0,100.0
20180929175402,0.0,0.0,0.0,0.0,0.0,0.0,0.0,100.0
20180929175432,0.0,0.0,0.0,0.0,0.0,0.0,0.0,100.0
20180929175502,0.0,0.0,0.0,0.0,0.0,0.0,0.0,100.0
20180929175532,0.0,0.0,0.0,0.0,0.0,0.0,0.0,100.0
20180929175602,0.0,0.0,0.0,0.0,0.0,0.0,0.0,100.0
20180929175632,0.0,0.0,0.0,0.0,0.0,0.0,0.0,100.0
20180929175702,0.0,0.0,0.0,0.0,0.0,0.0,0.0,100.0
20180929175732,0.0,0.0,0.0,0.0,0.0,0.0,0.0,100.0
20180929175802,0.0,0.0,0.0,0.0,0.0,0.0,0.0,100.0
20180929175832,0.0,0.0,0.0,0.0,0.0,0.0,0.0,100.0
20180929175902,0.0,0.0,0.0,0.0,0.0,0.0,0.0,100.0
20180929175932,0.0,0.0,0.0,0.0,0.0,0.0,0.0,100.0
20180929180002,0.0,0.0,0.0,0.0,0.0,0.0,0.0,100.0
20180929180032,0.0,0.0,0.0,0.0,0.0,0.0,0.0,100.0
20180929180232,0.0,0.0,0.0,0.0,0.0,0.0,0.0,100.0
20180929180302,0.0,0.0,0.0,0.0,0.0,0.0,0.0,100.0
20180929180332,0.0,0.0,0.0,0.0,0.0,0.0,0.0,100.0
20180929180402,0.0,0.0,0.0,0.0,0.0,0.0,0.0,100.0
20180929180432,0.0,0.0,0.0,0.0,0.0,0.0,0.0,100.0
20180929180502,0.0,0.0,0.0,0.0,0.0,0.0,0.0,100.0
20180929180532,0.0,0.0,0.0,0.0,0.0,0.0,0.0,100.0
20180929180602,0.0,0.0,0.0,0.0,0.0,0.0,0.0,100.0
20180929180632,0.0,0.0,0.0,0.0,0.0,0.0,0.0,100.0
20180929180702,0.0,0.0,0.0,0.0,0.0,0.0,0.0,100.0
20180929180732,0.0,0.0,0.0,0.0,0.0,0.0,0.0,100.0
20180929180802,0.0,0.0,0.0,0.0,0.0,0.0,0.0,100.0
20180929180832,0.0,0.0,0.0,0.0,0.0,0.0,0.0,100.0
20180929180902,0.0,0.0,0.0,0.0,0.0,0.0,0.0,100.0
20180929180932,0.0,0.0,0.0,0.0,0.0,0.0,0.0,100.0
20180929181002,0.0,0.0,0.0,0.0,0.0,0.0,0.0,100.0
20180929181032,0.0,0.0,0.0,0.0,0.0,0.0,0.0,100.0
20180929181102,0.0,0.0,0.0,0.0,0.0,0.0,0.0,100.0
20180929181132,0.0,0.0,0.0,0.0,0.0,0.0,0.0,100.0
20180929181202,0.0,0.0,0.0,0.0,0.0,0.0,0.0,100.0
20180929181232,0.0,0.0,0.0,0.0,0.0,0.0,0.0,100.0
20180929181302,0.0,0.0,0.0,0.0,0.0,0.0,0.0,100.0
20180929181332,0.0,0.0,0.0,0.0,0.0,0.0,0.0,100.0
20180929181402,0.0,0.0,0.0,0.0,0.0,0.0,0.0,100.0
20180929181432,0.0,0.0,0.0,0.0,0.0,0.0,0.0,100.0
20180929181502,0.0,0.0,0.0,0.0,0.0,0.0,0.0,100.0
20180929181532,0.0,0.0,0.0,0.0,0.0,0.0,0.0,100.0
20180929181602,0.0,0.0,0.0,0.0,0.0,0.0,0.0,100.0
20180929181632,0.0,0.0,0.0,0.0,0.0,0.0,0.0,100.0
20180929181702,0.0,0.0,0.0,0.0,0.0,0.0,0.0,100.0
20180929181732,0.0,0.0,0.0,0.0,0.0,0.0,0.0,100.0
20180929181802,0.0,0.0,0.0,0.0,0.0,0.0,0.0,100.0
20180929181832,0.0,0.0,0.0,0.0,0.0,0.0,0.0,100.0
20180929181902,0.0,0.0,0.0,0.0,0.0,0.0,0.0,100.0
20180929181933,0.0,0.0,0.0,0.0,0.0,0.0,0.0,100.0
20180929182003,0.0,0.0,0.0,0.0,0.0,0.0,0.0,100.0
20180929182033,0.0,0.0,0.0,0.0,0.0,0.0,0.0,100.0
20180929182103,0.0,0.0,0.0,0.0,0.0,0.0,0.0,100.0
20180929182133,0.0,0.0,0.0,0.0,0.0,0.0,0.0,100.0
20180929182203,0.0,0.0,0.0,0.0,0.0,0.0,0.0,100.0
20180929182233,0.0,0.0,0.0,0.0,0.0,0.0,0.0,100.0
20180929182303,0.0,0.0,0.0,0.0,0.0,0.0,0.0,100.0
20180929182333,0.0,0.0,0.0,0.0,0.0,0.0,0.0,100.0
20180929182403,0.0,0.0,0.0,0.0,0.0,0.0,0.0,100.0
20180929182433,0.0,0.0,0.0,0.0,0.0,0.0,0.0,100.0
20180929182503,0.0,0.0,0.0,0.0,0.0,0.0,0.0,100.0
20180929182533,0.0,0.0,0.0,0.0,0.0,0.0,0.0,100.0
20180929182603,0.0,0.0,0.0,0.0,0.0,0.0,0.0,100.0
20180929182633,0.0,0.0,0.0,0.0,0.0,0.0,0.0,100.0
20180929182703,0.0,0.0,0.0,0.0,0.0,0.0,0.0,99.9
20180929182733,0.0,0.0,0.0,0.0,0.0,0.0,0.0,100.0
20180929182803,0.0,0.0,0.0,0.0,0.0,0.0,0.0,100.0
20180929182833,0.0,0.0,0.0,0.0,0.0,0.0,0.0,100.0
20180929182903,0.0,0.0,0.0,0.0,0.0,0.0,0.0,100.0
20180929182933,0.0,0.0,0.0,0.0,0.0,0.0,0.0,100.0
20180929183003,0.0,0.0,0.0,0.0,0.0,0.0,0.0,100.0
20180929183033,0.0,0.0,0.0,0.0,0.0,0.0,0.0,100.0
20180929183103,0.0,0.0,0.0,0.0,0.0,0.0,0.0,99.9
20180929183133,0.0,0.0,0.0,0.0,0.0,0.0,0.0,99.9
20180929183203,0.0,0.0,0.0,0.0,0.0,0.0,0.0,99.9
20180929183233,0.0,0.0,0.0,0.0,0.0,0.0,0.0,99.9
20180929183303,0.0,0.0,0.0,0.0,0.0,0.0,0.1,99.9
20180929183333,0.0,0.0,0.0,0.0,0.0,0.0,0.1,99.8
20180929183403,0.0,0.0,0.0,0.0,0.2,0.0,0.1,99.7
20180929183433,0.1,0.0,0.0,0.1,0.5,0.0,0.2,99.1
20180929183503,0.0,0.0,0.0,0.0,0.0,0.0,0.1,99.8
20180929183533,0.7,0.0,0.0,0.2,0.2,0.0,0.4,98.5
20180929183603,0.1,0.0,0.0,0.0,0.0,0.0,0.2,99.6
20180929183633,0.3,0.0,0.0,0.3,0.1,0.0,2.3,97.0
20180929183703,7.6,0.0,0.0,0.2,0.5,0.0,5.2,86.5
20180929183733,0.5,0.0,0.0,0.2,0.3,0.3,7.9,90.8
20180929183803,0.2,0.0,0.0,0.4,0.1,0.1,28.4,70.8
20180929183833,0.3,0.0,0.0,1.3,0.5,0.1,2.8,95.0
20180929183903,2.1,0.0,0.3,3.0,1.4,0.1,10.2,82.8
20180929183933,1.0,0.0,0.2,1.2,1.1,0.1,31.8,64.5
20180929184003,0.1,0.0,0.0,2.4,0.6,0.0,2.6,94.2
20180929184033,2.0,0.0,0.1,10.8,3.7,0.1,5.8,77.5
20180929184103,0.9,0.0,0.0,12.2,1.3,0.1,1.3,84.2
20180929184133,0.2,0.0,0.0,1.4,0.6,0.0,0.8,97.0
20180929184203,4.5,0.0,0.0,8.3,1.2,0.3,15.0,70.6
20180929184233,1.8,0.0,0.1,10.1,2.2,0.0,34.0,51.7
20180929184303,0.1,0.0,0.0,5.7,2.2,0.0,28.4,63.6
20180929184333,0.0,0.0,0.0,2.9,0.3,0.0,49.8,46.9
20180929184403,0.0,0.0,0.0,1.5,0.1,0.0,77.3,21.1
20180929184433,0.0,0.0,0.0,0.5,0.0,0.0,96.9,2.5
20180929184503,0.0,0.0,0.0,0.3,0.1,0.0,91.5,8.1
20180929184533,0.0,0.0,0.0,15.1,0.4,0.0,56.2,28.3
20180929184603,0.1,0.0,0.0,19.5,0.2,0.0,72.2,8.0
20180929184633,0.0,0.0,0.0,12.4,0.2,0.0,80.9,6.6
20180929184703,0.1,0.0,0.0,34.4,0.9,0.0,61.7,2.9
20180929184733,0.0,0.0,0.0,31.1,0.2,0.0,64.3,4.4
20180929184804,0.9,0.0,0.0,18.5,2.1,0.0,62.6,15.8
20180929184834,1.5,0.0,0.1,43.9,1.7,0.1,36.1,16.7
20180929184904,1.0,0.0,0.1,35.9,2.3,0.3,39.3,21.2
20180929184934,0.1,0.0,0.0,37.6,0.5,0.1,44.2,17.6
20180929185004,0.1,0.0,0.1,24.9,0.5,0.0,44.5,29.8
20180929185034,0.1,0.0,0.2,14.1,0.1,0.0,17.8,67.7
20180929185104,0.4,0.0,0.1,7.2,0.4,0.1,10.4,81.4
20180929185134,0.3,0.0,0.1,14.9,0.3,0.0,21.3,63.1
20180929185204,0.4,0.0,0.1,33.3,0.7,0.6,17.9,47.0
20180929185234,0.3,0.0,0.1,27.4,0.3,0.1,22.7,49.3
20180929185304,0.2,0.0,0.1,22.0,0.8,0.1,7.4,69.6
20180929185334,0.2,0.0,0.1,41.1,0.8,0.1,6.4,51.2
20180929185404,0.3,0.0,0.1,55.2,3.7,0.1,25.8,14.8
20180929185434,0.2,0.0,0.0,53.8,0.2,0.1,41.6,4.2
20180929185504,0.1,0.0,0.0,46.9,0.8,0.1,16.7,35.4
20180929185534,0.3,0.0,0.1,66.6,0.1,0.0,11.2,21.6
20180929185604,0.1,0.0,0.1,7.0,0.0,0.0,4.9,87.9
20180929185634,0.2,0.0,0.0,5.2,0.0,0.0,13.9,80.6
20180929185704,0.0,0.0,0.0,5.6,0.0,0.0,13.1,81.2
20180929185734,0.0,0.0,0.0,2.4,0.0,0.0,11.0,86.5
20180929185804,0.0,0.0,0.0,3.1,0.0,0.0,6.9,89.9
20180929185834,0.0,0.0,0.0,2.1,0.0,0.0,47.3,50.6
20180929185904,0.0,0.0,0.0,2.1,0.0,0.0,10.4,87.4
20180929185934,0.1,0.0,0.0,2.8,0.0,0.0,11.2,85.9
20180929190004,0.0,0.0,0.0,4.7,0.1,0.0,5.2,89.9
20180929190034,0.2,0.0,0.1,11.8,0.2,0.0,15.9,71.8
20180929190104,0.0,0.0,0.0,12.0,0.5,0.0,11.8,75.7
20180929190134,0.0,0.0,0.0,2.4,0.2,0.0,22.0,75.5
20180929190204,0.0,0.0,0.0,0.5,0.0,0.0,84.6,14.8
20180929190234,0.0,0.0,0.0,2.4,0.0,0.0,74.0,23.5
20180929190304,0.0,0.0,0.0,1.5,0.0,0.0,48.8,49.7
20180929190334,0.0,0.0,0.1,3.7,0.0,0.0,31.1,65.1
20180929190404,0.0,0.0,0.0,1.1,0.0,0.0,18.3,80.5
20180929190434,0.2,0.0,0.1,27.6,2.2,0.0,13.4,56.5
20180929190504,0.3,0.0,0.1,28.2,2.0,0.0,12.6,56.7
20180929190534,0.1,0.0,0.3,6.9,0.4,0.0,32.8,59.6
20180929190604,0.0,0.0,0.0,24.4,0.1,0.0,23.5,52.0
20180929190634,0.1,0.0,0.1,54.4,0.8,0.0,26.4,18.1
20180929190704,0.0,0.0,0.0,19.2,0.2,0.0,17.9,62.6
20180929190734,0.0,0.0,0.0,7.7,0.1,0.0,37.6,54.6
20180929190804,0.2,0.0,0.0,36.9,0.7,0.1,29.8,32.2
20180929190834,0.2,0.0,0.1,9.0,1.0,0.0,11.4,78.1
20180929190904,0.1,0.0,0.0,44.1,1.6,0.0,6.8,47.4
20180929190934,0.0,0.0,0.0,1.1,0.3,0.0,51.9,46.7
20180929191004,0.1,0.0,0.0,10.8,1.2,0.0,37.8,50.0
20180929191034,0.0,0.0,0.0,14.0,0.3,0.0,68.2,17.4
20180929191104,0.0,0.0,0.0,6.7,0.1,0.0,83.5,9.7
20180929191134,0.0,0.0,0.0,1.7,0.0,0.0,97.2,1.0
20180929191204,0.0,0.0,0.0,0.8,0.0,0.0,96.7,2.4
20180929191234,0.1,0.0,0.1,3.6,0.3,0.0,83.1,12.8
20180929191304,0.0,0.0,0.0,1.8,0.2,0.0,89.5,8.5
20180929191334,0.0,0.0,0.0,2.1,0.1,0.0,74.0,23.8
20180929191404,0.0,0.0,0.0,3.2,0.4,0.0,66.3,30.2
20180929191434,0.0,0.0,0.0,1.7,0.4,0.0,32.5,65.4
20180929191504,0.1,0.0,0.0,2.5,0.1,0.0,93.6,3.7
20180929191534,0.1,0.0,0.0,1.4,0.0,0.0,97.5,0.9
20180929191604,0.5,0.0,0.0,1.3,0.4,0.0,93.8,4.0
20180929191634,0.0,0.0,0.0,0.2,0.0,0.0,99.0,0.7
20180929191704,0.1,0.0,0.0,0.5,0.2,0.0,96.1,3.2
20180929191734,0.1,0.0,0.0,0.9,0.4,0.0,93.4,5.2
20180929191804,0.0,0.0,0.0,0.3,0.2,0.0,97.5,1.9
20180929191834,0.1,0.0,0.0,9.2,1.4,0.0,59.6,29.7
20180929191904,0.0,0.0,0.0,2.3,0.5,0.0,79.0,18.1
20180929191934,0.2,0.0,0.0,6.9,1.5,0.0,40.5,50.9
20180929192004,0.2,0.0,0.0,2.4,2.1,0.0,58.0,37.2
20180929192034,0.0,0.0,0.0,0.7,0.5,0.0,91.4,7.4
20180929192105,0.0,0.0,0.0,0.3,0.8,0.0,47.9,50.9
20180929192135,0.1,0.0,0.0,1.5,1.4,0.0,51.2,45.8
20180929192205,0.2,0.0,0.0,2.0,4.0,0.0,60.7,33.2
20180929192235,0.1,0.0,0.0,2.4,2.3,0.0,20.9,74.3
20180929192305,0.0,0.0,0.0,0.5,2.3,0.0,42.9,54.2
20180929192335,0.1,0.0,0.0,2.7,3.4,0.0,36.1,57.8
20180929192405,0.2,0.0,0.0,2.2,1.8,0.0,60.0,35.7
20180929192435,0.1,0.0,0.0,1.3,0.6,0.0,80.5,17.5
20180929192505,0.1,0.0,0.0,4.5,0.5,0.0,32.4,62.4
20180929192535,0.0,0.0,0.0,0.7,0.0,0.0,93.5,5.8
20180929192605,0.0,0.0,0.0,1.3,0.2,0.0,83.6,14.9
20180929192635,0.0,0.0,0.0,0.9,0.2,0.0,89.0,10.0
20180929192705,0.0,0.0,0.0,0.4,0.1,0.0,93.0,6.5
20180929192735,0.0,0.0,0.0,1.3,0.2,0.0,73.2,25.3
20180929192805,0.0,0.0,0.0,0.8,0.2,0.0,92.7,6.3
20180929192835,0.2,0.0,0.0,3.4,0.8,0.0,55.1,40.5
20180929192905,0.1,0.0,0.0,0.8,0.2,0.0,72.2,26.7
20180929192935,0.1,0.0,0.0,4.5,0.7,0.0,22.4,72.3
20180929193005,0.2,0.0,0.0,4.7,0.5,0.0,60.4,34.1
20180929193035,0.0,0.0,0.0,1.8,0.1,0.0,18.1,79.9
20180929193105,0.1,0.0,0.0,3.7,0.1,0.0,48.1,48.0
20180929193135,0.0,0.0,0.0,4.3,0.1,0.0,67.4,28.3
20180929193205,0.1,0.0,0.0,1.6,0.1,0.0,67.7,30.5
20180929193235,0.0,0.0,0.0,2.1,0.1,0.0,86.1,11.7
20180929193305,0.1,0.0,0.0,2.4,0.2,0.0,86.4,10.9
20180929193335,0.0,0.0,0.0,2.1,0.1,0.0,82.3,15.5
20180929193405,0.0,0.0,0.0,3.1,0.4,0.0,70.9,25.6
20180929193435,0.0,0.0,0.0,0.7,0.1,0.0,71.9,27.3
20180929193505,0.1,0.0,0.0,1.5,0.4,0.0,74.3,23.7
20180929193535,0.1,0.0,0.0,0.9,0.3,0.0,29.4,69.2
20180929193605,0.0,0.0,0.0,0.5,0.1,0.0,96.4,3.1
20180929193635,0.0,0.0,0.0,1.4,0.1,0.0,91.4,7.1
20180929193705,0.0,0.0,0.0,0.9,0.6,0.0,75.3,23.2
20180929193735,0.0,0.0,0.0,0.1,0.1,0.0,87.3,12.5
20180929193805,0.0,0.0,0.0,0.4,0.4,0.0,70.5,28.6
20180929193835,0.0,0.0,0.0,0.4,0.4,0.0,79.5,19.6
20180929193905,0.2,0.0,0.0,0.5,0.4,0.0,62.7,36.1
20180929193935,0.2,0.0,0.0,2.1,0.9,0.0,66.4,30.4
20180929194005,0.2,0.0,0.0,1.1,1.0,0.0,52.1,45.5
20180929194035,0.2,0.0,0.0,1.7,1.7,0.0,54.0,42.4
20180929194105,0.7,0.0,0.0,2.5,1.8,0.0,52.9,42.0
20180929194135,0.1,0.0,0.0,0.7,0.2,0.0,57.7,41.2
20180929194205,0.1,0.0,0.0,1.6,0.4,0.0,22.2,75.7
20180929194235,0.1,0.0,0.0,2.3,0.4,0.0,61.0,36.1
20180929194305,0.0,0.0,0.0,1.2,0.2,0.0,92.6,5.9
20180929194335,0.0,0.0,0.0,2.0,0.4,0.0,88.2,9.4
20180929194405,0.0,0.0,0.0,1.2,0.4,0.0,75.0,23.3
20180929194435,0.0,0.0,0.0,2.7,0.4,0.0,74.3,22.6
20180929194505,0.0,0.0,0.0,3.1,0.8,0.0,74.4,21.7
20180929194535,0.0,0.0,0.0,1.4,0.2,0.0,83.3,15.1
20180929194605,0.1,0.0,0.0,2.9,0.3,0.0,35.1,61.5
20180929194635,0.1,0.0,0.0,1.5,1.1,0.0,74.8,22.5
20180929194705,0.0,0.0,0.0,0.3,0.2,0.0,92.0,7.4
20180929194735,0.0,0.0,0.0,0.4,0.1,0.0,92.5,7.0
20180929194805,0.0,0.0,0.0,0.5,0.2,0.0,84.5,14.7
20180929194835,0.0,0.0,0.0,0.2,0.2,0.0,69.5,30.1
20180929194905,0.0,0.0,0.0,0.1,0.1,0.0,84.8,14.9
20180929194935,0.0,0.0,0.0,0.1,0.1,0.0,71.7,28.1
20180929195005,0.0,0.0,0.0,0.1,0.1,0.0,89.5,10.3
20180929195035,0.1,0.0,0.0,0.3,0.1,0.1,66.9,32.5
20180929195105,0.0,0.0,0.0,0.1,0.0,0.0,86.9,12.9
20180929195135,0.0,0.0,0.0,0.2,0.0,0.0,75.7,24.0
20180929195205,0.0,0.0,0.0,0.3,0.1,0.0,70.2,29.4
20180929195235,0.0,0.0,0.0,0.1,0.1,0.0,72.4,27.4
20180929195305,0.1,0.0,0.0,0.7,0.1,0.0,55.1,44.0
20180929195335,0.0,0.0,0.0,0.4,0.1,0.0,50.2,49.2
20180929195405,0.0,0.0,0.0,1.3,0.1,0.0,49.2,49.2
20180929195435,0.0,0.0,0.0,0.3,0.3,0.0,57.4,42.0
20180929195506,0.0,0.0,0.0,0.3,0.2,0.0,79.0,20.5
20180929195536,0.0,0.0,0.0,0.7,0.1,0.0,74.3,24.8
20180929195606,0.0,0.0,0.0,1.2,0.2,0.0,59.0,39.6
20180929195636,0.0,0.0,0.0,0.4,0.1,0.0,81.6,17.9
20180929195706,0.0,0.0,0.0,0.2,0.0,0.0,80.5,19.2
20180929195736,0.0,0.0,0.0,0.5,0.0,0.0,92.0,7.5
20180929195806,0.0,0.0,0.0,0.4,0.0,0.0,87.8,11.8
20180929195836,0.0,0.0,0.0,0.7,0.1,0.0,85.8,13.4
20180929195906,0.0,0.0,0.0,2.1,0.0,0.0,84.7,13.1
20180929195936,0.0,0.0,0.0,1.0,0.1,0.0,80.3,18.7
20180929200006,0.0,0.0,0.0,1.5,0.1,0.0,88.9,9.5
20180929200036,0.0,0.0,0.0,0.4,0.0,0.0,89.5,10.1
20180929200106,0.0,0.0,0.0,0.2,0.0,0.0,84.0,15.8
20180929200136,0.0,0.0,0.0,0.8,0.1,0.0,74.8,24.2
20180929200206,0.0,0.0,0.0,0.7,0.0,0.0,77.5,21.7
20180929200236,0.0,0.0,0.0,0.4,0.0,0.0,96.4,3.2
20180929200306,0.0,0.0,0.0,0.7,0.0,0.0,82.5,16.7
20180929200336,0.0,0.0,0.0,0.3,0.0,0.0,96.9,2.8
20180929200406,0.0,0.0,0.0,0.7,0.1,0.0,81.0,18.1
20180929200436,0.0,0.0,0.0,0.5,0.1,0.0,84.6,14.8
20180929200506,0.0,0.0,0.0,0.2,0.0,0.0,85.4,14.3
20180929200536,0.0,0.0,0.0,0.3,0.0,0.0,84.4,15.3
20180929200606,0.0,0.0,0.0,1.7,0.0,0.0,72.8,25.5
20180929200636,0.0,0.0,0.0,1.7,0.0,0.0,86.6,11.6
20180929200706,0.0,0.0,0.0,3.3,0.1,0.0,78.3,18.3
20180929200736,0.0,0.0,0.0,1.9,0.1,0.0,52.0,46.0
20180929200806,0.0,0.0,0.0,1.5,0.1,0.0,62.8,35.6
20180929200836,0.0,0.0,0.0,1.2,0.0,0.0,66.4,32.3
20180929200906,0.0,0.0,0.0,1.1,0.0,0.0,80.2,18.6
20180929200936,0.0,0.0,0.0,0.7,0.1,0.0,64.7,34.6
20180929201006,0.0,0.0,0.0,0.7,0.0,0.0,65.4,33.9
20180929201036,0.0,0.0,0.0,0.5,0.0,0.0,78.7,20.7
20180929201106,0.0,0.0,0.0,1.3,0.1,0.0,49.1,49.6
20180929201136,0.0,0.0,0.0,0.8,0.0,0.0,70.2,28.9
20180929201206,0.0,0.0,0.0,0.5,0.0,0.0,70.9,28.6
20180929201236,0.0,0.0,0.0,0.6,0.1,0.0,82.1,17.2
20180929201306,0.0,0.0,0.0,0.9,0.1,0.0,50.8,48.2
20180929201336,0.0,0.0,0.0,0.9,0.1,0.0,82.3,16.8
20180929201406,0.0,0.0,0.0,0.4,0.1,0.0,64.8,34.7
20180929201436,0.0,0.0,0.0,0.4,0.1,0.0,18.8,80.6
20180929201506,0.0,0.0,0.0,1.7,0.0,0.0,21.9,76.3
20180929201536,0.0,0.0,0.0,0.4,0.0,0.0,15.3,84.2
20180929201606,0.0,0.0,0.0,0.7,0.0,0.0,40.7,58.6
20180929201636,0.0,0.0,0.0,0.3,0.0,0.0,37.1,62.6
20180929201706,0.0,0.0,0.0,0.3,0.0,0.0,17.0,82.7
20180929201736,0.0,0.0,0.0,0.2,0.0,0.0,33.7,66.0
20180929201806,0.0,0.0,0.0,0.5,0.0,0.0,44.7,54.7
20180929201836,0.0,0.0,0.0,0.1,0.0,0.1,32.5,67.3
20180929201906,0.0,0.0,0.0,0.2,0.0,0.0,7.9,91.9
20180929201936,0.0,0.0,0.0,0.2,0.0,0.0,54.5,45.3
20180929202006,0.0,0.0,0.0,0.3,0.0,0.0,26.6,73.1
20180929202036,0.0,0.0,0.0,0.2,0.0,0.1,55.4,44.3
20180929202106,0.0,0.0,0.0,1.2,0.0,0.0,57.9,40.9
20180929202136,0.0,0.0,0.0,0.1,0.0,0.1,21.5,78.4
20180929202206,0.0,0.0,0.0,0.3,0.0,0.0,21.2,78.4
20180929202236,0.0,0.0,0.0,0.1,0.0,0.0,56.9,42.9
20180929202306,0.0,0.0,0.0,0.1,0.0,0.0,67.8,32.0
20180929202336,0.0,0.0,0.0,0.2,0.0,0.0,15.7,84.0
20180929202406,0.0,0.0,0.0,0.2,0.1,0.1,30.7,68.9
20180929202436,0.0,0.0,0.0,0.9,0.1,0.1,24.8,74.1
20180929202506,0.0,0.0,0.0,0.7,0.1,0.1,29.9,69.2
20180929202536,0.0,0.0,0.0,0.4,0.1,0.1,13.0,86.4
20180929202606,0.0,0.0,0.0,0.7,0.1,0.0,54.2,45.1
20180929202636,0.0,0.0,0.0,0.0,0.0,0.0,29.8,70.2
20180929202706,0.0,0.0,0.0,0.0,0.0,0.0,14.1,85.8
20180929202736,0.0,0.0,0.0,0.4,0.0,0.0,36.3,63.2
20180929202806,0.0,0.0,0.0,0.2,0.1,0.0,8.8,90.8
20180929202836,0.0,0.0,0.0,0.2,0.0,0.0,21.3,78.5
20180929202907,0.0,0.0,0.0,0.1,0.0,0.0,8.4,91.5
20180929202937,0.0,0.0,0.0,0.1,0.0,0.0,7.8,92.0
20180929203007,0.0,0.0,0.0,0.2,0.1,0.0,8.1,91.6
20180929203037,0.0,0.0,0.0,0.1,0.0,0.0,16.9,83.0
20180929203107,0.0,0.0,0.0,0.1,0.0,0.0,30.2,69.7
20180929203137,0.0,0.0,0.0,0.0,0.0,0.0,18.3,81.6
20180929203207,0.0,0.0,0.0,0.2,0.0,0.0,29.8,70.0
20180929203237,0.0,0.0,0.0,0.1,0.0,0.0,56.2,43.7
20180929203307,0.0,0.0,0.0,0.0,0.0,0.0,51.8,48.1
20180929203337,0.0,0.0,0.0,0.1,0.0,0.0,27.0,72.9
20180929203407,0.0,0.0,0.0,0.2,0.0,0.0,60.9,38.9
20180929203437,0.0,0.0,0.0,0.3,0.0,0.0,31.0,68.7
20180929203507,0.0,0.0,0.0,0.1,0.0,0.0,10.4,89.5
20180929203537,0.0,0.0,0.0,0.1,0.0,0.0,57.6,42.3
20180929203607,0.0,0.0,0.0,0.1,0.0,0.0,1.8,98.2
20180929203637,0.0,0.0,0.0,0.1,0.0,0.0,27.6,72.3
20180929203707,0.0,0.0,0.0,0.1,0.0,0.0,14.8,85.1
20180929203737,0.0,0.0,0.0,0.2,0.0,0.0,56.4,43.5
20180929203807,0.0,0.0,0.0,0.2,0.0,0.0,54.4,45.4
20180929203837,0.0,0.0,0.0,0.0,0.0,0.0,30.2,69.7
20180929203907,0.0,0.0,0.0,0.1,0.0,0.0,64.9,35.0
20180929203937,0.0,0.0,0.0,0.0,0.0,0.0,9.0,91.0
20180929204007,0.0,0.0,0.0,0.0,0.0,0.0,6.5,93.5
20180929204037,0.0,0.0,0.0,0.0,0.0,0.0,18.1,81.9
20180929204107,0.0,0.0,0.0,0.0,0.0,0.0,15.4,84.6
20180929204137,0.0,0.0,0.0,0.0,0.0,0.0,3.9,96.0
20180929204207,0.0,0.0,0.0,0.2,0.0,0.0,51.7,48.1
20180929204237,0.0,0.0,0.0,0.0,0.0,0.0,16.3,83.7
20180929204307,0.0,0.0,0.0,0.2,0.0,0.0,12.8,87.0
20180929204337,0.0,0.0,0.0,0.1,0.0,0.0,76.6,23.3
20180929204407,0.0,0.0,0.0,0.1,0.0,0.0,37.1,62.7
20180929204437,0.0,0.0,0.0,0.1,0.0,0.0,8.4,91.6
20180929204507,0.0,0.0,0.0,0.0,0.0,0.0,50.6,49.3
20180929204537,0.0,0.0,0.0,0.9,0.0,0.0,55.7,43.3
20180929204607,0.0,0.0,0.0,0.4,0.0,0.0,82.5,17.2
20180929204637,0.0,0.0,0.0,0.1,0.0,0.0,40.2,59.7
20180929204707,0.0,0.0,0.0,0.0,0.0,0.0,40.7,59.3
20180929204737,0.0,0.0,0.0,0.0,0.0,0.0,1.8,98.2
20180929204807,0.0,0.0,0.0,0.0,0.0,0.0,44.9,55.1
20180929204837,0.0,0.0,0.0,0.0,0.0,0.0,8.7,91.3
20180929204907,0.0,0.0,0.0,0.0,0.0,0.0,64.3,35.6
20180929204937,0.0,0.0,0.0,0.1,0.0,0.0,78.6,21.3
20180929205007,0.0,0.0,0.0,0.0,0.0,0.0,26.9,73.1
20180929205037,0.0,0.0,0.0,0.0,0.0,0.0,5.7,94.3
20180929205107,0.0,0.0,0.0,0.0,0.0,0.0,1.0,98.9
20180929205137,0.0,0.0,0.0,0.0,0.0,0.0,5.5,94.5
20180929205207,0.0,0.0,0.0,0.0,0.0,0.0,0.6,99.4
20180929205237,0.0,0.0,0.0,0.0,0.0,0.0,0.9,99.1
20180929205307,0.0,0.0,0.2,0.3,0.0,0.0,4.4,95.1
20180929205337,0.0,0.0,0.0,0.1,0.0,0.0,3.4,96.5
20180929205407,0.0,0.0,0.0,0.2,0.1,0.0,4.4,95.3
20180929205437,0.0,0.0,0.0,0.0,0.0,0.0,0.7,99.3
20180929205507,0.0,0.0,0.0,0.1,0.0,0.0,4.2,95.7
20180929205537,0.0,0.0,0.0,0.0,0.0,0.0,0.1,99.9
20180929205607,0.0,0.0,0.1,0.2,0.1,0.0,0.5,99.1
20180929205638,0.0,0.0,0.0,0.1,0.2,0.0,0.2,99.5
20180929205708,0.0,0.0,0.0,0.0,0.0,0.0,0.1,99.9
20180929205738,0.0,0.0,0.0,0.0,0.0,0.0,0.1,99.8
20180929205808,0.0,0.0,0.0,0.0,0.1,0.0,0.1,99.8
20180929205838,0.0,0.0,0.1,0.0,0.2,0.0,0.3,99.3
20180929205908,0.0,0.0,0.0,0.3,0.1,0.0,0.3,99.3
20180929205938,0.0,0.0,0.0,0.0,0.0,0.0,0.2,99.8
20180929210008,0.0,0.0,0.2,0.7,0.2,0.0,6.6,92.4
20180929210038,0.0,0.0,0.2,0.8,0.1,0.0,22.2,76.7
20180929210108,0.0,0.0,0.1,0.4,0.3,0.0,5.1,94.1
20180929210138,0.0,0.0,0.3,1.3,1.0,0.0,26.5,70.9
20180929210208,0.0,0.0,0.1,0.3,0.1,0.0,9.7,89.8
20180929210238,0.0,0.0,0.2,1.7,0.5,0.0,9.4,88.2
20180929210308,0.0,0.0,0.0,0.2,0.0,0.0,1.5,98.2
20180929210338,0.0,0.0,1.2,0.5,0.7,0.0,13.0,84.7
20180929210408,0.0,0.0,0.1,0.1,0.1,0.0,22.4,77.4
20180929210438,0.0,0.0,0.0,0.0,0.0,0.0,94.9,5.1
20180929210508,0.0,0.0,0.0,0.5,0.0,0.0,25.8,73.7
20180929210538,0.0,0.0,0.1,2.6,0.1,0.0,17.5,79.6
20180929210608,0.0,0.0,0.0,0.2,0.0,0.0,43.2,56.6
20180929210638,0.0,0.0,0.0,0.0,0.0,0.0,84.2,15.7
20180929210708,0.0,0.0,0.0,0.1,0.0,0.0,42.8,57.1
20180929210738,0.0,0.0,0.0,0.3,0.1,0.0,78.5,21.1
20180929210808,0.0,0.0,0.0,0.0,0.0,0.0,34.9,65.0
20180929210838,0.0,0.0,0.0,0.0,0.0,0.0,98.6,1.4
20180929210908,0.0,0.0,0.1,0.1,0.0,0.0,69.2,30.7
20180929210938,0.0,0.0,0.1,0.1,0.0,0.0,88.2,11.5
20180929211008,0.0,0.0,0.0,0.0,0.0,0.0,63.3,36.7
20180929211038,0.0,0.0,0.0,0.1,0.0,0.0,36.8,63.1
20180929211108,0.0,0.0,0.0,0.0,0.0,0.0,14.7,85.2
20180929211138,0.0,0.0,0.0,0.0,0.0,0.0,94.1,5.8
20180929211208,0.0,0.0,0.0,0.0,0.0,0.0,98.7,1.3
20180929211238,0.0,0.0,0.0,0.1,0.0,0.0,93.9,6.0
20180929211308,0.0,0.0,0.0,0.1,0.0,0.0,92.8,7.1
20180929211338,0.0,0.0,0.0,0.4,0.1,0.0,84.4,15.1
20180929211408,0.0,0.0,0.0,0.0,0.0,0.0,96.5,3.4
20180929211438,0.0,0.0,0.1,0.3,0.0,0.0,90.5,9.0
20180929211508,0.0,0.0,0.1,0.4,0.0,0.0,33.9,65.5
20180929211538,0.0,0.0,0.3,0.1,0.1,0.0,80.6,18.9
20180929211608,0.0,0.0,0.1,0.1,0.5,0.0,71.2,28.1
20180929211638,0.0,0.0,0.1,0.3,0.1,0.0,33.4,66.1
20180929211708,0.0,0.0,0.1,0.2,0.5,0.0,32.2,67.1
20180929211738,0.0,0.0,0.1,0.5,0.2,0.0,54.2,44.9
20180929211808,0.0,0.0,0.0,0.1,0.1,0.0,39.0,60.7
20180929211838,0.0,0.0,0.2,0.2,0.1,0.0,56.3,43.3
20180929211908,0.0,0.0,0.0,0.1,0.1,0.0,45.2,54.6
20180929211938,0.0,0.0,0.0,0.0,0.2,0.0,70.9,28.9
20180929212008,0.0,0.0,0.0,0.0,0.1,0.0,51.0,48.9
20180929212038,0.0,0.0,0.0,0.0,0.5,0.0,75.9,23.5
20180929212108,0.0,0.0,0.2,0.4,3.1,0.0,71.2,25.1
20180929212138,0.0,0.0,2.4,0.6,1.1,0.0,58.8,37.0
20180929212208,0.0,0.0,9.0,2.0,1.4,0.0,62.8,24.8
20180929212238,0.0,0.0,1.1,0.2,0.1,0.0,53.4,45.2
20180929212308,0.0,0.0,1.1,1.2,0.3,0.0,84.3,13.0
20180929212338,0.0,0.0,0.8,1.2,0.8,0.0,40.7,56.5
20180929212408,0.0,0.0,1.2,4.5,0.4,0.0,64.2,29.7
20180929212438,0.0,0.0,0.3,1.8,0.4,0.0,51.1,46.4
20180929212508,0.0,0.0,0.5,3.0,1.0,0.0,18.7,76.8
20180929212538,0.0,0.0,0.2,0.8,0.5,0.0,10.6,87.9
20180929212608,0.0,0.0,0.2,0.1,0.4,0.0,50.1,49.1
20180929212638,0.0,0.0,0.1,1.1,1.3,0.0,47.7,49.7
20180929212708,0.0,0.0,0.2,1.4,12.1,0.0,64.2,22.1
20180929212738,0.0,0.0,0.6,2.4,15.0,0.0,69.7,12.3
20180929212808,0.0,0.0,0.6,2.5,14.4,0.0,51.6,30.8
20180929212838,0.0,0.0,0.5,1.9,27.1,0.0,45.9,24.6
20180929212908,0.0,0.0,0.0,0.5,10.0,0.0,23.3,66.1
20180929212938,0.0,0.0,0.1,0.8,5.1,0.0,54.5,39.4
20180929213008,0.0,0.0,0.0,0.3,7.2,0.0,72.6,19.9
20180929213038,0.0,0.0,0.1,0.1,3.2,0.0,49.1,47.5
20180929213108,0.0,0.0,0.6,0.4,19.9,0.0,50.3,28.8
20180929213139,0.0,0.0,0.3,0.6,8.1,0.0,52.4,38.6
20180929213209,0.0,0.0,11.9,0.5,18.9,0.0,35.7,33.0
20180929213239,0.0,0.0,0.3,0.2,2.4,0.0,7.8,89.3
20180929213309,0.0,0.0,7.4,0.3,12.8,0.0,31.9,47.6
20180929213339,0.0,0.0,2.0,0.1,8.4,0.0,41.6,47.9
20180929213409,0.0,0.0,0.2,0.1,8.2,0.0,66.8,24.7
20180929213439,0.0,0.0,0.3,0.0,5.8,0.0,78.3,15.6
20180929213509,0.0,0.0,0.2,0.0,1.9,0.0,58.4,39.4
20180929213539,0.0,0.0,0.4,0.1,3.9,0.0,63.6,32.1
20180929213609,0.0,0.0,0.1,0.1,3.8,0.0,67.6,28.3
20180929213639,0.0,0.0,0.3,0.1,10.0,0.0,72.9,16.7
20180929213709,0.0,0.0,0.1,0.0,8.6,0.0,84.6,6.8
20180929213739,0.0,0.0,0.1,0.0,1.8,0.0,82.0,16.1
20180929213809,0.0,0.0,0.1,0.0,1.7,0.0,86.7,11.4
20180929213839,0.0,0.0,0.0,0.0,4.2,0.0,88.2,7.6
20180929213909,0.0,0.0,0.0,0.0,2.3,0.0,89.7,8.0
20180929213939,0.0,0.0,0.0,0.0,1.2,0.0,86.6,12.1
20180929214009,0.0,0.0,0.0,0.0,1.8,0.0,94.0,4.2
20180929214039,0.0,0.0,0.1,0.1,47.6,0.0,36.3,15.9
20180929214109,0.0,0.0,0.1,0.1,74.7,0.0,13.1,12.0
20180929214139,0.0,0.0,0.0,0.1,84.3,0.0,9.0,6.7
20180929214209,0.0,0.0,0.0,0.0,97.9,0.0,1.0,1.0
20180929214239,0.0,0.0,0.0,0.0,98.1,0.0,0.9,1.0
20180929214309,0.0,0.0,0.0,0.0,95.8,0.0,2.4,1.8
20180929214339,0.0,0.0,0.0,0.0,85.7,0.0,11.1,3.2
20180929214409,0.0,0.0,0.6,0.2,44.8,0.0,39.3,15.1
20180929214439,0.0,0.0,0.1,0.0,21.4,0.0,55.6,22.9
20180929214509,0.0,0.0,0.0,0.0,74.7,0.0,19.3,6.0
20180929214539,0.0,0.0,0.0,0.0,42.1,0.0,54.2,3.7
20180929214609,0.0,0.0,0.1,0.0,68.6,0.0,21.5,9.8
20180929214639,0.0,0.0,0.1,0.0,68.5,0.0,22.2,9.2
20180929214709,0.0,0.0,0.4,0.0,35.1,0.0,49.9,14.6
20180929214739,0.0,0.0,1.1,0.1,67.4,0.0,4.6,26.8
20180929214809,0.0,0.0,0.0,0.0,93.0,0.0,2.4,4.5
20180929214839,0.0,0.0,0.1,0.0,73.4,0.0,13.2,13.3
20180929214909,0.0,0.0,0.1,0.0,62.1,0.0,6.6,31.2
20180929214939,0.0,0.0,0.1,0.3,30.2,0.0,2.3,67.2
20180929215009,0.0,0.0,0.0,0.5,53.7,0.0,0.4,45.4
20180929215039,0.0,0.0,0.0,0.1,34.7,0.0,1.3,63.9
20180929215109,0.0,0.0,0.0,0.1,72.7,0.0,1.4,25.7
20180929215139,0.0,0.0,0.0,0.0,94.1,0.0,0.4,5.4
20180929215209,0.0,0.0,0.0,0.0,96.5,0.0,1.8,1.7
20180929215239,0.0,0.0,0.0,0.1,83.7,0.0,6.0,10.1
20180929215309,0.0,0.0,0.0,0.1,50.8,0.0,44.3,4.8
20180929215339,0.0,0.0,0.0,0.0,26.8,0.0,71.7,1.5
20180929215409,0.0,0.0,0.1,0.1,17.3,0.0,81.3,1.2
20180929215439,0.0,0.0,0.0,0.0,0.8,0.0,98.9,0.3
20180929215509,0.0,0.0,0.2,0.0,1.5,0.0,97.8,0.5
20180929215539,0.0,0.0,5.0,0.0,52.9,0.0,39.3,2.8
20180929215609,0.0,0.0,2.9,0.0,69.6,0.0,23.4,4.1
20180929215639,0.0,0.0,5.2,0.0,27.4,0.0,66.9,0.4
20180929215709,0.0,0.0,33.9,0.0,53.6,0.0,12.2,0.3
20180929215739,0.0,0.0,7.2,0.0,65.5,0.0,24.5,2.8
20180929215809,0.0,0.0,0.3,0.0,6.5,0.0,92.8,0.3
20180929215839,0.0,0.0,0.1,0.0,0.6,0.0,99.1,0.2
20180929215909,0.0,0.0,0.0,0.0,0.6,0.0,99.4,0.1
20180929215939,0.0,0.0,0.0,0.0,0.6,0.0,99.3,0.0
20180929220009,0.0,0.0,0.5,0.0,0.3,0.0,99.3,0.0
20180929220039,0.0,0.0,0.0,0.0,0.5,0.0,99.5,0.0
20180929220109,0.0,0.0,0.9,0.0,1.6,0.0,97.5,0.0
20180929220139,0.0,0.0,1.9,0.0,2.6,0.0,94.8,0.7
20180929220209,0.0,0.0,0.3,0.0,2.0,0.0,97.3,0.5
20180929220239,0.0,0.0,0.2,0.0,1.7,0.0,98.0,0.1
20180929220309,0.0,0.0,5.8,0.0,18.2,0.0,74.1,1.8
20180929220339,0.0,0.0,0.0,0.0,24.3,0.0,75.6,0.1
20180929220409,0.0,0.0,4.3,0.1,36.6,0.0,56.8,2.3
20180929220439,0.0,0.0,0.3,0.1,24.9,0.0,72.9,1.8
20180929220509,0.0,0.0,0.1,0.0,92.9,0.0,6.0,1.0
20180929220540,0.0,0.0,0.0,0.1,21.2,0.0,59.0,19.7
20180929220610,0.0,0.0,0.0,0.0,23.9,0.0,22.2,53.9
20180929220640,0.0,0.0,0.0,0.1,62.0,0.0,31.1,6.8
20180929220710,0.0,0.0,1.9,0.1,52.1,0.0,11.3,34.7
20180929220740,0.0,0.0,0.1,0.4,47.0,0.0,47.0,5.5
20180929220810,0.0,0.0,0.0,0.0,98.9,0.0,0.9,0.2
20180929220840,0.0,0.0,0.0,0.0,99.9,0.0,0.1,0.0
20180929220910,0.0,0.0,0.0,0.0,100.0,0.0,0.0,0.0
20180929220940,0.0,0.0,0.0,0.0,100.0,0.0,0.0,0.0
20180929221010,0.0,0.0,0.0,0.2,99.8,0.0,0.0,0.0
20180929221040,0.0,0.0,0.0,0.2,99.7,0.0,0.0,0.1
20180929221110,0.0,0.0,0.0,0.8,98.9,0.0,0.0,0.3
20180929221140,0.0,0.0,0.0,0.0,100.0,0.0,0.0,0.0
20180929221210,0.0,0.0,0.0,0.0,100.0,0.0,0.0,0.0
20180929221240,0.0,0.0,0.0,0.0,100.0,0.0,0.0,0.0
20180929221310,0.0,0.0,0.0,0.0,100.0,0.0,0.0,0.0
20180929221340,0.0,0.0,0.0,0.0,100.0,0.0,0.0,0.0
20180929221410,0.0,0.0,0.0,0.0,100.0,0.0,0.0,0.0
20180929221440,0.0,0.0,0.0,0.0,100.0,0.0,0.0,0.0
20180929221510,0.0,0.0,0.0,0.3,99.7,0.0,0.0,0.0
20180929221540,0.0,0.0,0.0,0.0,100.0,0.0,0.0,0.0
20180929221610,0.0,0.0,0.0,0.0,100.0,0.0,0.0,0.0
20180929221640,0.0,0.0,0.0,0.0,100.0,0.0,0.0,0.0
20180929221710,0.0,0.0,0.0,0.0,100.0,0.0,0.0,0.0
20180929221740,0.0,0.0,0.0,0.0,100.0,0.0,0.0,0.0
20180929221810,0.0,0.0,0.0,0.0,100.0,0.0,0.0,0.0
20180929221840,0.0,0.0,0.0,0.0,100.0,0.0,0.0,0.0
20180929221910,0.0,0.0,0.0,0.0,100.0,0.0,0.0,0.0
20180929221940,0.0,0.0,0.0,0.0,100.0,0.0,0.0,0.0
20180929222010,0.0,0.7,0.0,2.0,97.3,0.0,0.0,0.0
20180929222040,0.0,0.0,0.0,92.1,7.9,0.0,0.0,0.0
20180929222110,0.0,0.0,0.0,0.6,99.4,0.0,0.0,0.0
20180929222140,0.0,0.0,0.0,0.2,99.8,0.0,0.0,0.0
20180929222210,0.0,0.0,0.0,0.2,99.8,0.0,0.0,0.0
20180929222240,0.0,0.3,0.1,32.3,67.3,0.0,0.0,0.0
20180929222310,0.0,0.0,0.0,0.9,99.1,0.0,0.0,0.0
20180929222340,0.0,0.0,0.0,59.5,40.5,0.0,0.0,0.0
20180929222410,0.0,0.0,0.0,0.1,99.9,0.0,0.0,0.0
20180929222440,0.0,0.0,0.1,2.3,97.6,0.0,0.0,0.0
20180929222510,0.0,0.0,0.0,0.1,99.9,0.0,0.0,0.0
20180929222540,0.0,0.0,0.0,2.5,97.5,0.0,0.0,0.0
20180929222610,0.0,0.0,0.0,37.8,62.1,0.0,0.0,0.0
20180929222640,0.0,0.0,0.0,27.3,71.2,0.0,0.0,1.5
20180929222710,0.0,0.0,0.0,0.2,99.8,0.0,0.0,0.0
20180929222740,0.0,0.0,0.0,0.1,99.9,0.0,0.0,0.0
20180929222810,0.0,0.0,0.0,0.0,100.0,0.0,0.0,0.0
20180929222840,0.0,0.0,0.0,0.0,100.0,0.0,0.0,0.0
20180929222910,0.0,0.0,0.0,0.1,99.9,0.0,0.0,0.0
20180929222940,0.0,0.0,0.0,0.0,100.0,0.0,0.0,0.0
20180929223010,0.0,0.0,0.0,0.0,100.0,0.0,0.0,0.0
20180929223040,0.0,0.0,0.0,15.0,84.9,0.0,0.0,0.1
20180929223110,0.0,0.0,0.1,11.8,88.1,0.0,0.0,0.0
20180929223140,0.0,0.0,0.0,5.8,94.2,0.0,0.0,0.0
20180929223210,0.0,0.0,0.0,10.2,89.8,0.0,0.0,0.0
20180929223241,0.0,0.0,0.0,2.4,97.5,0.0,0.0,0.0
20180929223311,0.0,0.0,0.0,1.2,97.7,0.0,0.0,1.1
20180929223341,0.0,0.0,0.0,3.0,96.9,0.0,0.0,0.1
20180929223411,0.0,0.0,0.0,3.8,96.0,0.0,0.0,0.1
20180929223441,0.0,0.0,0.0,0.0,99.9,0.0,0.0,0.0
20180929223511,0.0,0.0,0.0,0.0,94.2,0.0,2.1,3.6
20180929223541,0.0,0.0,0.0,1.9,97.7,0.0,0.0,0.4
20180929223611,0.0,0.0,0.0,2.3,97.5,0.0,0.0,0.2
20180929223641,0.0,0.0,0.0,4.9,95.1,0.0,0.0,0.0
20180929223711,0.0,0.0,0.0,1.0,98.8,0.0,0.0,0.2
20180929223741,0.0,0.0,0.0,1.9,98.1,0.0,0.0,0.0
20180929223811,0.0,0.0,0.0,0.1,99.7,0.0,0.1,0.0
20180929223841,0.0,0.0,0.0,1.3,94.1,0.0,0.0,4.6
20180929223911,0.0,0.0,0.1,0.9,85.7,0.0,0.7,12.6
20180929223941,0.0,0.0,0.0,0.3,59.6,0.0,0.6,39.4
20180929224011,0.0,0.0,0.0,0.1,60.1,0.0,14.9,24.9
20180929224041,0.0,0.0,0.0,0.0,14.7,0.0,8.5,76.8
20180929224111,0.0,0.0,0.0,0.1,11.2,0.0,41.9,46.8
20180929224141,0.0,0.0,0.0,0.2,24.3,0.0,18.8,56.7
20180929224211,0.0,0.0,0.0,0.1,19.6,0.0,5.4,74.8
20180929224241,0.0,0.0,0.0,0.2,8.5,0.0,23.6,67.8
20180929224311,0.0,0.0,0.0,0.1,4.4,0.0,29.5,66.0
20180929224341,0.0,0.0,0.0,0.0,10.3,0.0,32.2,57.4
20180929224411,0.0,0.0,0.0,0.0,16.3,0.0,34.1,49.5
20180929224441,0.0,0.0,0.0,0.0,2.7,0.0,91.8,5.5
20180929224511,0.0,0.0,0.0,0.0,7.9,0.0,77.4,14.7
20180929224541,0.0,0.0,0.0,0.0,2.2,0.0,96.8,1.0
20180929224611,0.0,0.0,0.0,0.0,1.5,0.0,96.8,1.7
20180929224641,0.0,0.0,0.0,0.0,1.1,0.0,98.4,0.5
20180929224711,0.0,0.0,0.0,0.0,0.7,0.0,97.4,2.0
20180929224741,0.0,0.0,0.0,0.0,0.7,0.0,97.3,2.0
20180929224811,0.0,0.0,0.0,0.0,5.4,0.0,89.8,4.8
20180929224841,0.0,0.0,0.0,0.0,4.3,0.0,95.4,0.2
20180929224911,0.0,0.0,0.0,0.0,14.7,0.0,84.5,0.7
20180929224941,0.0,0.0,0.0,0.0,14.7,0.0,85.1,0.2
20180929225011,0.0,0.0,0.0,0.0,1.2,0.0,98.7,0.1
20180929225041,0.0,0.0,0.0,0.0,0.1,0.0,99.8,0.0
20180929225111,0.0,0.0,0.0,0.0,0.0,0.0,100.0,0.0
20180929225141,0.0,0.0,0.0,0.0,0.0,0.0,100.0,0.0
20180929225211,0.0,0.0,0.0,0.0,0.1,0.0,99.9,0.0
20180929225241,0.0,0.0,0.0,0.0,0.0,0.0,100.0,0.0
20180929225311,0.0,0.0,0.0,0.0,0.0,0.0,100.0,0.0
20180929225341,0.0,0.0,0.0,0.0,0.0,0.0,100.0,0.0
20180929225411,0.0,0.0,0.0,0.0,0.1,0.0,99.9,0.1
20180929225441,0.0,0.0,0.0,0.0,0.0,0.0,100.0,0.0
20180929225511,0.0,0.0,0.0,0.0,0.8,0.0,99.1,0.0
20180929225541,0.0,0.0,0.0,0.2,1.4,0.0,98.2,0.2
20180929225611,0.0,0.0,0.0,0.0,0.3,0.0,99.4,0.3
20180929225641,0.0,0.0,0.0,0.0,0.1,0.0,99.6,0.3
20180929225711,0.0,0.0,0.0,0.0,0.0,0.0,99.8,0.2
20180929225741,0.0,0.0,0.0,0.0,0.2,0.0,99.5,0.2
20180929225811,0.0,0.0,0.0,0.0,0.1,0.0,99.6,0.3
20180929225841,0.0,0.0,0.0,0.0,0.0,0.0,99.9,0.0
20180929225911,0.0,0.0,0.0,0.1,0.0,0.0,99.9,0.0
20180929225941,0.0,0.0,0.0,0.1,0.4,0.0,99.4,0.1
20180929230011,0.0,0.0,0.0,0.0,0.0,0.0,99.7,0.2
20180929230041,0.0,0.0,0.0,0.0,0.0,0.0,99.5,0.4
20180929230111,0.0,0.0,0.0,0.3,0.2,0.0,99.0,0.5
20180929230141,0.0,0.0,0.0,0.0,0.0,0.0,99.7,0.2
20180929230211,0.0,0.0,0.0,0.5,0.4,0.0,97.7,1.4
20180929230241,0.0,0.0,0.0,0.1,0.0,0.0,99.4,0.5
20180929230311,0.0,0.0,0.0,0.1,0.0,0.0,99.9,0.0
20180929230341,0.0,0.0,0.0,0.2,0.0,0.0,99.7,0.1
20180929230411,0.0,0.0,0.0,0.3,0.0,0.0,99.5,0.2
20180929230441,0.0,0.0,0.0,0.0,0.0,0.0,100.0,0.0
20180929230511,0.0,0.0,0.0,0.0,0.0,0.0,99.9,0.1
20180929230541,0.0,0.0,0.0,0.0,0.0,0.0,99.9,0.1
20180929230611,0.0,0.0,0.0,0.0,0.0,0.0,99.9,0.1
20180929230641,0.0,0.0,0.0,0.0,0.0,0.0,99.8,0.2
20180929230712,0.0,0.0,0.0,0.0,0.0,0.0,100.0,0.0
20180929230742,0.0,0.0,0.0,0.0,0.0,0.0,99.7,0.2
20180929230812,0.0,0.0,0.0,0.1,0.1,0.0,99.6,0.2
20180929230842,0.0,0.0,0.0,0.0,0.0,0.0,99.8,0.1
20180929230912,0.0,0.0,0.0,0.0,0.0,0.0,99.9,0.1
20180929230942,0.0,0.0,0.0,0.0,0.0,0.0,99.4,0.6
20180929231012,0.0,0.0,0.0,0.0,0.1,0.0,99.3,0.6
20180929231042,0.0,0.0,0.0,0.1,0.1,0.0,98.9,0.9
20180929231112,0.0,0.0,0.0,0.3,0.3,0.0,98.1,1.3
20180929231142,0.0,0.0,0.0,0.0,0.5,0.0,98.5,1.0
20180929231212,0.0,0.0,0.0,0.0,0.1,0.0,97.5,2.3
20180929231242,0.0,0.0,0.0,0.2,0.4,0.0,96.1,3.4
20180929231312,0.0,0.0,0.0,0.2,0.7,0.0,98.8,0.3
20180929231342,0.0,0.0,0.0,0.0,0.5,0.0,93.8,5.6
20180929231412,0.0,0.0,0.0,0.0,0.1,0.0,95.2,4.7
20180929231442,0.0,0.0,0.0,0.0,0.1,0.0,99.1,0.8
20180929231512,0.0,0.0,0.0,0.0,0.0,0.0,99.2,0.8
20180929231542,0.0,0.0,0.0,0.0,0.5,0.0,92.3,7.2
20180929231612,0.0,0.0,0.0,0.0,0.5,0.0,95.7,3.8
20180929231642,0.0,0.0,0.0,0.2,0.6,0.0,96.2,3.0
20180929231712,0.0,0.0,0.0,1.2,1.3,0.0,96.6,0.9
20180929231742,0.0,0.0,0.0,60.2,38.2,0.0,1.5,0.0
20180929231812,0.0,0.0,0.1,24.9,13.1,0.0,3.4,58.5
20180929231842,0.0,0.0,0.0,2.3,5.2,0.0,68.4,24.1
20180929231912,0.0,0.0,0.0,5.5,44.0,0.0,25.4,25.1
20180929231942,0.0,0.0,0.0,5.9,37.7,0.0,40.2,16.3
20180929232012,0.0,0.0,0.0,0.8,2.8,0.0,91.2,5.1
20180929232042,0.0,0.0,0.0,2.1,1.7,0.0,89.6,6.6
20180929232112,0.0,0.0,0.0,0.5,0.4,0.0,94.2,5.0
20180929232142,0.0,0.0,0.0,0.1,0.2,0.0,96.5,3.2
20180929232212,0.0,0.0,0.0,0.2,0.2,0.0,93.0,6.7
20180929232242,0.0,0.0,0.0,0.1,0.0,0.0,98.3,1.5
20180929232312,0.0,0.0,0.0,0.2,0.1,0.0,99.3,0.4
20180929232342,0.0,0.0,0.0,0.1,0.0,0.0,98.9,1.0
20180929232412,0.0,0.0,0.0,0.1,0.1,0.0,99.7,0.2
20180929232442,0.0,0.0,0.0,0.0,0.0,0.0,100.0,0.0
20180929232512,0.0,0.0,0.0,0.1,0.1,0.0,99.4,0.4
20180929232542,0.0,0.0,0.0,0.0,0.0,0.0,99.8,0.2
20180929232612,0.0,0.0,0.0,0.0,0.0,0.0,100.0,0.0
20180929232642,0.0,0.0,0.0,0.1,0.0,0.0,99.5,0.5
20180929232712,0.0,0.0,0.0,0.4,0.0,0.0,99.2,0.4
20180929232742,0.0,0.0,0.0,0.1,0.0,0.0,99.3,0.5
20180929232812,0.0,0.0,0.0,0.2,0.0,0.0,99.6,0.2
20180929232842,0.0,0.0,0.0,0.2,0.0,0.0,99.7,0.1
20180929232912,0.0,0.0,0.0,0.0,0.0,0.0,99.9,0.1
20180929232942,0.0,0.0,0.0,0.0,0.0,0.0,100.0,0.0
20180929233012,0.0,0.0,0.0,0.0,0.0,0.0,100.0,0.0
20180929233042,0.0,0.0,0.0,0.0,0.0,0.0,100.0,0.0
20180929233112,0.0,0.0,0.0,0.0,0.0,0.0,99.9,0.0
20180929233142,0.0,0.0,0.0,0.1,0.0,0.0,99.7,0.2
20180929233212,0.0,0.0,0.0,0.0,0.0,0.0,100.0,0.0
20180929233242,0.0,0.0,0.0,0.0,0.0,0.0,99.9,0.0
20180929233312,0.0,0.0,0.0,0.0,0.0,0.0,99.8,0.2
20180929233342,0.0,0.0,0.0,0.0,0.0,0.0,99.9,0.0
20180929233412,0.0,0.0,0.0,0.0,0.0,0.0,100.0,0.0
20180929233442,0.0,0.0,0.0,0.0,0.0,0.0,100.0,0.0
20180929233512,0.0,0.0,0.0,0.1,0.0,0.0,99.6,0.3
20180929233542,0.0,0.0,0.0,0.2,0.1,0.0,99.1,0.5
20180929233612,0.0,0.0,0.0,0.0,0.0,0.0,99.8,0.1
20180929233642,0.0,0.0,0.0,0.1,0.0,0.0,99.7,0.2
20180929233712,0.0,0.0,0.0,0.7,0.6,0.0,98.1,0.6
20180929233742,0.0,0.0,0.0,0.1,0.2,0.0,99.4,0.3
20180929233812,0.0,0.0,0.0,0.0,0.1,0.0,99.6,0.3
20180929233842,0.0,0.0,0.0,0.0,0.0,0.0,99.9,0.1
20180929233912,0.0,0.0,0.0,0.1,0.0,0.0,99.7,0.1
20180929233942,0.0,0.0,0.0,0.0,0.0,0.0,99.8,0.1
20180929234012,0.0,0.0,0.0,0.0,0.0,0.0,100.0,0.0
20180929234042,0.0,0.0,0.0,0.2,0.1,0.0,99.5,0.1
20180929234113,0.0,0.0,0.0,0.0,0.0,0.0,99.9,0.0
20180929234143,0.0,0.0,0.0,0.0,0.0,0.0,99.9,0.0
20180929234213,0.0,0.0,0.0,0.0,0.1,0.0,99.8,0.1
20180929234243,0.0,0.0,0.0,0.0,0.1,0.0,99.8,0.1
20180929234313,0.0,0.0,0.0,0.0,0.1,0.0,99.8,0.0
20180929234343,0.0,0.0,0.0,0.0,0.0,0.0,99.9,0.0
20180929234413,0.0,0.0,0.0,0.0,0.2,0.0,99.7,0.1
20180929234443,0.0,0.0,0.0,0.0,0.0,0.0,99.9,0.0
20180929234513,0.0,0.0,0.0,0.0,0.0,0.0,99.9,0.1
20180929234543,0.0,0.0,0.0,0.0,0.0,0.0,99.9,0.1
20180929234613,0.0,0.0,0.0,0.0,0.0,0.0,99.9,0.0
20180929234643,0.0,0.0,0.0,0.0,0.0,0.0,100.0,0.0
20180929234713,0.0,0.0,0.0,0.0,0.0,0.0,100.0,0.0
20180929234743,0.0,0.0,0.0,0.0,0.0,0.0,99.9,0.1
20180929234813,0.0,0.0,0.0,0.0,0.0,0.0,99.9,0.1
20180929234843,0.0,0.0,0.0,0.0,0.0,0.0,99.9,0.1
20180929234913,0.0,0.0,0.0,0.0,0.0,0.0,100.0,0.0
20180929234943,0.0,0.0,0.0,0.0,0.1,0.0,99.9,0.0
20180929235013,0.0,0.0,0.0,0.0,0.0,0.0,100.0,0.0
20180929235043,0.0,0.0,0.0,0.0,0.0,0.0,100.0,0.0
20180929235113,0.0,0.0,0.0,0.0,0.0,0.0,100.0,0.0
20180929235143,0.0,0.0,0.0,0.0,0.0,0.0,99.9,0.1
