UT,arc,discrete,diffuse,ac,ab,clear,cloudy,dd
20150113134900,0.0,0.0,0.0,0.0,0.0,0.0,0.0,100.0
20150113134930,0.0,0.0,0.0,0.0,0.0,0.0,0.0,100.0
20150113135000,0.0,0.0,0.0,0.0,0.0,0.0,0.0,100.0
20150113135030,0.0,0.0,0.0,0.0,0.0,0.0,0.0,100.0
20150113135100,0.0,0.0,0.0,0.0,0.0,0.0,0.0,100.0
20150113135130,0.0,0.0,0.0,0.0,0.0,0.0,0.0,100.0
20150113135200,0.0,0.0,0.0,0.0,0.0,0.0,0.0,100.0
20150113135230,0.0,0.0,0.0,0.0,0.0,0.0,0.0,100.0
20150113135301,0.0,0.0,0.0,0.0,0.0,0.0,0.0,100.0
20150113135331,0.0,0.0,0.0,0.0,0.0,0.0,0.0,100.0
20150113135401,0.0,0.0,0.0,0.0,0.0,0.0,0.0,100.0
20150113135431,0.0,0.0,0.0,0.0,0.0,0.0,0.0,100.0
20150113135501,0.0,0.0,0.0,0.0,0.0,0.0,0.0,100.0
20150113135531,0.0,0.0,0.0,0.0,0.0,0.0,0.0,100.0
20150113135601,0.0,0.0,0.0,0.0,0.0,0.0,0.0,100.0
20150113135631,0.0,0.0,0.0,0.0,0.0,0.0,0.0,100.0
20150113135701,0.0,0.0,0.0,0.0,0.0,0.0,0.0,100.0
20150113135731,0.0,0.0,0.0,0.0,0.0,0.0,0.0,100.0
20150113135801,0.0,0.0,0.0,0.0,0.0,0.0,0.0,100.0
20150113135831,0.0,0.0,0.0,0.0,0.0,0.0,0.0,100.0
20150113135901,0.0,0.0,0.0,0.0,0.0,0.0,0.0,100.0
20150113135931,0.0,0.0,0.0,0.0,0.0,0.0,0.0,100.0
20150113140001,0.0,0.0,0.0,0.0,0.0,0.0,0.0,100.0
20150113140031,0.0,0.0,0.0,0.0,0.0,0.0,0.0,100.0
20150113140101,0.0,0.0,0.0,0.0,0.0,0.0,0.0,100.0
20150113140131,0.0,0.0,0.0,0.0,0.0,0.0,0.0,100.0
20150113140201,0.0,0.0,0.0,0.0,0.0,0.0,0.0,100.0
20150113140231,0.0,0.0,0.0,0.0,0.0,0.0,0.0,100.0
20150113140301,0.0,0.0,0.0,0.0,0.0,0.0,0.0,100.0
20150113140331,0.0,0.0,0.0,0.0,0.0,0.0,0.0,100.0
20150113140401,0.0,0.0,0.0,0.0,0.0,0.0,0.0,100.0
20150113140431,0.0,0.0,0.0,0.0,0.0,0.0,0.0,100.0
20150113140501,0.0,0.0,0.0,0.0,0.0,0.0,0.0,100.0
20150113140531,0.0,0.0,0.0,0.0,0.0,0.0,0.0,100.0
20150113140601,0.0,0.0,0.0,0.0,0.0,0.0,0.0,100.0
20150113140631,0.0,0.0,0.0,0.0,0.0,0.0,0.0,100.0
20150113140701,0.0,0.0,0.0,0.0,0.0,0.0,0.0,100.0
20150113140731,0.0,0.0,0.0,0.0,0.0,0.0,0.0,100.0
20150113140801,0.0,0.0,0.0,0.0,0.0,0.0,0.0,100.0
20150113140831,0.0,0.0,0.0,0.0,0.0,0.0,0.0,100.0
20150113140901,0.0,0.0,0.0,0.0,0.0,0.0,0.0,100.0
20150113140931,0.0,0.0,0.0,0.0,0.0,0.0,0.0,100.0
20150113141001,0.0,0.0,0.0,0.0,0.0,0.0,0.0,100.0
20150113141031,0.0,0.0,0.0,0.0,0.0,0.0,0.0,100.0
20150113141101,0.0,0.0,0.0,0.0,0.0,0.0,0.0,100.0
20150113141131,0.0,0.0,0.0,0.0,0.0,0.0,0.0,100.0
20150113141201,0.0,0.0,0.0,0.0,0.0,0.0,0.0,100.0
20150113141231,0.0,0.0,0.0,0.0,0.0,0.0,0.0,100.0
20150113141301,0.0,0.0,0.0,0.0,0.0,0.0,0.0,100.0
20150113141331,0.0,0.0,0.0,0.0,0.0,0.0,0.0,100.0
20150113141401,0.0,0.0,0.0,0.0,0.0,0.0,0.0,100.0
20150113141431,0.0,0.0,0.0,0.0,0.0,0.0,0.0,100.0
20150113141501,0.0,0.0,0.0,0.0,0.0,0.0,0.0,100.0
20150113141531,0.0,0.0,0.0,0.0,0.0,0.0,0.0,100.0
20150113141601,0.0,0.0,0.0,0.0,0.0,0.0,0.0,100.0
20150113141631,0.0,0.0,0.0,0.0,0.0,0.0,0.0,100.0
20150113141701,0.0,0.0,0.0,0.0,0.0,0.0,0.0,100.0
20150113141731,0.0,0.0,0.0,0.0,0.0,0.0,0.0,100.0
20150113141801,0.0,0.0,0.0,0.0,0.0,0.0,0.0,100.0
20150113141831,0.0,0.0,0.0,0.0,0.0,0.0,0.0,100.0
20150113141901,0.0,0.0,0.0,0.0,0.0,0.0,0.0,100.0
20150113141931,0.0,0.0,0.0,0.0,0.0,0.0,0.0,100.0
20150113142001,0.0,0.0,0.0,0.0,0.0,0.0,0.0,100.0
20150113142031,0.0,0.0,0.0,0.0,0.0,0.0,0.0,100.0
20150113142101,0.0,0.0,0.0,0.0,0.0,0.0,0.0,100.0
20150113142131,0.0,0.0,0.0,0.0,0.0,0.0,0.0,100.0
20150113142201,0.0,0.0,0.0,0.0,0.0,0.0,0.0,100.0
20150113142231,0.0,0.0,0.0,0.0,0.0,0.0,0.0,100.0
20150113142301,0.0,0.0,0.0,0.0,0.0,0.0,0.0,100.0
20150113142331,0.0,0.0,0.0,0.0,0.0,0.0,0.0,100.0
20150113142401,0.0,0.0,0.0,0.0,0.0,0.0,0.0,100.0
20150113142431,0.0,0.0,0.0,0.0,0.0,0.0,0.0,100.0
20150113142501,0.0,0.0,0.0,0.0,0.0,0.0,0.0,100.0
20150113142531,0.0,0.0,0.0,0.0,0.0,0.0,0.0,100.0
20150113142601,0.0,0.0,0.0,0.0,0.0,0.0,0.0,100.0
20150113142631,0.0,0.0,0.0,0.0,0.0,0.0,0.0,100.0
20150113142702,0.0,0.0,0.0,0.0,0.0,0.0,0.0,100.0
20150113142732,0.0,0.0,0.0,0.0,0.0,0.0,0.0,100.0
20150113142802,0.0,0.0,0.0,0.0,0.0,0.0,0.0,100.0
20150113142832,0.0,0.0,0.0,0.0,0.0,0.0,0.0,100.0
20150113142902,0.0,0.0,0.0,0.0,0.0,0.0,0.0,100.0
20150113142932,0.0,0.0,0.0,0.0,0.0,0.0,0.0,100.0
20150113143002,0.0,0.0,0.0,0.0,0.0,0.0,0.0,100.0
20150113143032,0.0,0.0,0.0,0.0,0.0,0.0,0.0,100.0
20150113143102,0.0,0.0,0.0,0.0,0.0,0.0,0.0,100.0
20150113143132,0.0,0.0,0.0,0.0,0.0,0.0,0.0,100.0
20150113143202,0.0,0.0,0.0,0.0,0.0,0.0,0.0,100.0
20150113143232,0.0,0.0,0.0,0.0,0.0,0.0,0.0,100.0
20150113143302,0.0,0.0,0.0,0.0,0.0,0.0,0.0,100.0
20150113143332,0.0,0.0,0.0,0.0,0.0,0.0,0.0,100.0
20150113143402,0.0,0.0,0.0,0.0,0.0,0.0,0.0,100.0
20150113143432,0.0,0.0,0.0,0.0,0.0,0.0,0.0,100.0
20150113143502,0.0,0.0,0.0,0.0,0.0,0.0,0.0,100.0
20150113143532,0.0,0.0,0.0,0.0,0.0,0.0,0.0,100.0
20150113143602,0.0,0.0,0.0,0.0,0.0,0.0,0.0,100.0
20150113143632,0.0,0.0,0.0,0.0,0.0,0.0,0.0,100.0
20150113143702,0.0,0.0,0.0,0.0,0.0,0.0,0.0,100.0
20150113143732,0.0,0.0,0.0,0.0,0.0,0.0,0.0,100.0
20150113143802,0.0,0.0,0.0,0.0,0.0,0.0,0.0,100.0
20150113143832,0.0,0.0,0.0,0.0,0.0,0.0,0.0,100.0
20150113143902,0.0,0.0,0.0,0.0,0.0,0.0,0.0,100.0
20150113143932,0.0,0.0,0.0,0.0,0.1,0.0,0.0,99.9
20150113144002,0.0,0.0,0.0,0.0,0.0,0.0,0.0,100.0
20150113144032,0.0,0.0,0.0,0.0,0.0,0.0,0.0,100.0
20150113144102,0.0,0.0,0.0,0.0,0.0,0.0,0.0,100.0
20150113144132,0.0,0.0,0.0,0.0,0.0,0.0,0.0,100.0
20150113144202,0.0,0.0,0.0,0.0,0.1,0.0,0.0,99.9
20150113144232,0.0,0.0,0.0,0.0,0.0,0.0,0.0,100.0
20150113144302,0.0,0.0,0.0,0.0,0.0,0.0,0.0,100.0
20150113144332,0.0,0.0,0.0,0.0,0.0,0.0,0.0,100.0
20150113144402,0.0,0.0,0.0,0.0,0.0,0.0,0.0,100.0
20150113144432,0.0,0.0,0.0,0.0,0.0,0.0,0.0,100.0
20150113144502,0.0,0.0,0.0,0.0,0.0,0.0,0.0,100.0
20150113144532,0.0,0.0,0.0,0.0,0.0,0.0,0.0,100.0
20150113144602,0.0,0.0,0.0,0.0,0.0,0.0,0.0,100.0
20150113144632,0.0,0.0,0.0,0.0,0.0,0.0,0.0,100.0
20150113144702,0.0,0.0,0.0,0.0,0.0,0.0,0.0,100.0
20150113144732,0.0,0.0,0.0,0.0,0.0,0.0,0.0,100.0
20150113144802,0.0,0.0,0.0,0.0,0.0,0.0,0.0,100.0
20150113144832,0.0,0.0,0.0,0.0,0.0,0.0,0.0,100.0
20150113145032,0.0,0.0,0.0,0.0,0.0,0.0,0.0,100.0
20150113145102,0.0,0.0,0.0,0.0,0.0,0.0,0.0,100.0
20150113145132,0.0,0.0,0.0,0.0,0.0,0.0,0.0,100.0
20150113145202,0.0,0.0,0.0,0.0,0.0,0.0,0.0,100.0
20150113145232,0.0,0.0,0.0,0.0,0.0,0.0,0.0,100.0
20150113145302,0.0,0.0,0.0,0.0,0.0,0.0,0.0,100.0
20150113145332,0.0,0.0,0.0,0.0,0.0,0.0,0.0,100.0
20150113145402,0.0,0.0,0.0,0.0,0.0,0.0,0.0,100.0
20150113145432,0.0,0.0,0.0,0.0,0.0,0.0,0.0,100.0
20150113145503,0.0,0.0,0.0,0.0,0.0,0.0,0.0,100.0
20150113145533,0.0,0.0,0.0,0.0,0.0,0.0,0.0,100.0
20150113145603,0.0,0.0,0.0,0.0,0.0,0.0,0.0,100.0
20150113145633,0.0,0.0,0.0,0.0,0.2,0.0,0.0,99.8
20150113145703,0.0,0.0,0.0,0.0,0.0,0.0,0.0,100.0
20150113145733,0.0,0.0,0.0,0.0,0.0,0.0,0.0,100.0
20150113145803,0.0,0.0,0.0,0.0,0.0,0.0,0.0,100.0
20150113145833,0.0,0.0,0.0,0.0,0.0,0.0,0.0,100.0
20150113145903,0.0,0.0,0.0,0.0,0.0,0.0,0.0,100.0
20150113145933,0.0,0.0,0.0,0.0,0.0,0.0,0.0,100.0
20150113150003,0.0,0.0,0.0,0.0,0.0,0.0,0.1,99.9
20150113150033,0.0,0.0,0.0,0.0,0.0,0.0,1.5,98.5
20150113150103,0.0,0.0,0.0,0.0,0.0,0.0,3.7,96.3
20150113150133,0.0,0.0,0.0,0.0,0.0,0.0,29.2,70.8
20150113150203,0.0,0.0,0.0,0.0,0.0,0.0,30.1,69.9
20150113150233,0.0,0.0,0.0,0.0,0.0,0.0,61.8,38.2
20150113150303,0.0,0.0,0.0,0.0,0.0,0.0,73.3,26.7
20150113150333,0.0,0.0,0.0,0.0,0.0,0.0,91.0,9.0
20150113150403,0.0,0.0,0.0,0.0,0.0,0.0,97.7,2.3
20150113150433,0.0,0.0,0.0,0.0,0.0,0.0,93.9,6.0
20150113150503,0.0,0.0,0.0,0.0,0.0,0.0,85.8,14.1
20150113150533,0.0,0.0,0.0,0.0,0.0,0.0,99.3,0.7
20150113150603,0.0,0.0,0.0,0.0,0.0,0.0,91.6,8.4
20150113150633,0.0,0.0,0.0,0.0,0.0,0.0,94.5,5.4
20150113150703,0.0,0.0,0.0,0.0,0.0,0.0,88.0,12.0
20150113150733,0.0,0.0,0.0,0.0,0.0,0.0,96.3,3.7
20150113150803,0.0,0.0,0.0,0.0,0.0,0.0,99.1,0.9
20150113150833,0.0,0.0,0.0,0.0,0.0,0.0,98.3,1.7
20150113150903,0.0,0.0,0.0,0.0,0.0,0.0,95.2,4.8
20150113150933,0.0,0.0,0.0,0.0,0.0,0.0,98.5,1.5
20150113151003,0.0,0.0,0.0,0.1,0.0,0.0,86.1,13.8
20150113151033,0.0,0.0,0.0,0.0,0.0,0.0,94.2,5.8
20150113151103,0.0,0.0,0.0,0.0,0.0,0.0,97.4,2.6
20150113151133,0.0,0.0,0.0,0.0,0.0,0.0,99.6,0.4
20150113151203,0.0,0.0,0.0,0.0,0.0,0.0,99.4,0.6
20150113151233,0.0,0.0,0.0,0.0,0.0,0.0,98.3,1.6
20150113151303,0.0,0.0,0.0,0.0,0.0,0.0,98.7,1.3
20150113151333,0.0,0.0,0.0,0.0,0.0,0.0,99.4,0.6
20150113151403,0.0,0.0,0.0,0.0,0.0,0.0,98.4,1.6
20150113151433,0.0,0.0,0.0,0.0,0.0,0.0,97.7,2.3
20150113151503,0.0,0.0,0.0,0.0,0.0,0.0,99.3,0.7
20150113151533,0.0,0.0,0.0,0.0,0.0,0.0,97.1,2.9
20150113151603,0.0,0.0,0.0,0.0,0.0,0.0,99.3,0.7
20150113151633,0.0,0.0,0.0,0.0,0.0,0.0,99.9,0.1
20150113151703,0.0,0.0,0.0,0.0,0.0,0.0,100.0,0.0
20150113151733,0.0,0.0,0.0,0.0,0.0,0.0,100.0,0.0
20150113151803,0.0,0.0,0.0,0.0,0.0,0.0,100.0,0.0
20150113151833,0.0,0.0,0.0,0.0,0.0,0.0,100.0,0.0
20150113151903,0.0,0.0,0.0,0.0,0.0,0.0,100.0,0.0
20150113151933,0.0,0.0,0.0,0.0,0.0,0.0,100.0,0.0
20150113152003,0.0,0.0,0.0,0.0,0.0,0.0,100.0,0.0
20150113152033,0.0,0.0,0.0,0.0,0.0,0.0,100.0,0.0
20150113152103,0.0,0.0,0.0,0.0,0.0,0.0,100.0,0.0
20150113152133,0.0,0.0,0.0,0.0,0.0,0.0,100.0,0.0
20150113152203,0.0,0.0,0.0,0.0,0.0,0.0,100.0,0.0
20150113152233,0.0,0.0,0.0,0.0,0.0,0.0,100.0,0.0
20150113152303,0.0,0.0,0.0,0.0,0.0,0.0,100.0,0.0
20150113152333,0.0,0.0,0.0,0.0,0.0,0.0,100.0,0.0
20150113152403,0.0,0.0,0.0,0.0,0.0,0.0,100.0,0.0
20150113152433,0.0,0.0,0.0,0.0,0.0,0.0,100.0,0.0
20150113152503,0.0,0.0,0.0,0.0,0.0,0.0,100.0,0.0
20150113152533,0.0,0.0,0.0,0.0,0.0,0.0,100.0,0.0
20150113152603,0.0,0.0,0.0,0.0,0.0,0.0,100.0,0.0
20150113152633,0.0,0.0,0.0,0.0,0.0,0.0,100.0,0.0
20150113152703,0.0,0.0,0.0,0.0,0.0,0.0,100.0,0.0
20150113152733,0.0,0.0,0.0,0.0,0.0,0.0,100.0,0.0
20150113152803,0.0,0.0,0.0,0.0,0.0,0.0,100.0,0.0
20150113152833,0.0,0.0,0.0,0.0,0.0,0.0,100.0,0.0
20150113152904,0.0,0.0,0.0,0.0,0.0,0.0,100.0,0.0
20150113152934,0.0,0.0,0.0,0.0,0.0,0.0,100.0,0.0
20150113153004,0.0,0.0,0.0,0.0,0.0,0.0,100.0,0.0
20150113153034,0.0,0.0,0.0,0.0,0.0,0.0,100.0,0.0
20150113153104,0.0,0.0,0.0,0.0,0.0,0.0,100.0,0.0
20150113153134,0.0,0.0,0.0,0.0,0.0,0.0,100.0,0.0
20150113153204,0.0,0.0,0.0,0.0,0.0,0.0,100.0,0.0
20150113153234,0.0,0.0,0.0,0.0,0.0,0.0,100.0,0.0
20150113153304,0.0,0.0,0.0,0.0,0.0,0.0,100.0,0.0
20150113153334,0.0,0.0,0.0,0.0,0.0,0.0,100.0,0.0
20150113153404,0.0,0.0,0.0,0.0,0.0,0.0,100.0,0.0
20150113153434,0.0,0.0,0.0,0.0,0.0,0.0,100.0,0.0
20150113153504,0.0,0.0,0.0,0.0,0.0,0.0,100.0,0.0
20150113153534,0.0,0.0,0.0,0.0,0.0,0.0,100.0,0.0
20150113153604,0.0,0.0,0.0,0.0,0.0,0.0,100.0,0.0
20150113153634,0.0,0.0,0.0,0.0,0.0,0.0,100.0,0.0
20150113153704,0.0,0.0,0.0,0.0,0.0,0.0,100.0,0.0
20150113153734,0.0,0.0,0.0,0.0,0.0,0.0,100.0,0.0
20150113153804,0.0,0.0,0.0,0.0,0.0,0.0,100.0,0.0
20150113153834,0.0,0.0,0.0,0.0,0.0,0.0,100.0,0.0
20150113153904,0.0,0.0,0.0,0.0,0.0,0.0,100.0,0.0
20150113153934,0.0,0.0,0.0,0.0,0.0,0.0,100.0,0.0
20150113154004,0.0,0.0,0.0,0.0,0.0,0.0,100.0,0.0
20150113154034,0.0,0.0,0.0,0.0,0.0,0.0,100.0,0.0
20150113154104,0.0,0.0,0.0,0.0,0.0,0.0,100.0,0.0
20150113154134,0.0,0.0,0.0,0.0,0.0,0.0,100.0,0.0
20150113154204,0.0,0.0,0.0,0.0,0.0,0.0,100.0,0.0
20150113154234,0.0,0.0,0.0,0.0,0.0,0.0,100.0,0.0
20150113154304,0.0,0.0,0.0,0.0,0.0,0.0,100.0,0.0
20150113154334,0.0,0.0,0.0,0.0,0.0,0.0,100.0,0.0
20150113154404,0.0,0.0,0.0,0.0,0.0,0.0,100.0,0.0
20150113154434,0.0,0.0,0.0,0.0,0.0,0.0,100.0,0.0
20150113154504,0.0,0.0,0.0,0.0,0.0,0.0,100.0,0.0
20150113154534,0.0,0.0,0.0,0.0,0.0,0.0,100.0,0.0
20150113154604,0.0,0.0,0.0,0.0,0.0,0.0,100.0,0.0
20150113154634,0.0,0.0,0.0,0.0,0.0,0.0,100.0,0.0
20150113154704,0.0,0.0,0.0,0.0,0.0,0.0,100.0,0.0
20150113154734,0.0,0.0,0.0,0.0,0.0,0.0,100.0,0.0
20150113154804,0.0,0.0,0.0,0.0,0.0,0.0,100.0,0.0
20150113154834,0.0,0.0,0.0,0.0,0.0,0.0,100.0,0.0
20150113154904,0.0,0.0,0.0,0.0,0.0,0.0,100.0,0.0
20150113154934,0.0,0.0,0.0,0.0,0.0,0.0,100.0,0.0
20150113155004,0.0,0.0,0.0,0.0,0.0,0.0,100.0,0.0
20150113155034,0.0,0.0,0.0,0.0,0.0,0.0,100.0,0.0
20150113155104,0.0,0.0,0.0,0.0,0.0,0.0,100.0,0.0
20150113155134,0.0,0.0,0.0,0.0,0.0,0.0,100.0,0.0
20150113155204,0.0,0.0,0.0,0.0,0.0,0.0,100.0,0.0
20150113155234,0.0,0.0,0.0,0.0,0.0,0.0,100.0,0.0
20150113155304,0.0,0.0,0.0,0.0,0.0,0.0,100.0,0.0
20150113155334,0.0,0.0,0.0,0.0,0.0,0.0,100.0,0.0
20150113155404,0.0,0.0,0.0,0.0,0.0,0.0,100.0,0.0
20150113155434,0.0,0.0,0.0,0.0,0.0,0.0,100.0,0.0
20150113155504,0.0,0.0,0.0,0.0,0.0,0.0,100.0,0.0
20150113155534,0.0,0.0,0.0,0.0,0.0,0.0,100.0,0.0
20150113155604,0.0,0.0,0.0,0.0,0.0,0.0,100.0,0.0
20150113155634,0.0,0.0,0.0,0.0,0.0,0.0,100.0,0.0
20150113155704,0.0,0.0,0.0,0.0,0.0,0.0,100.0,0.0
20150113155734,0.0,0.0,0.0,0.0,0.0,0.0,100.0,0.0
20150113155804,0.0,0.0,0.0,0.0,0.0,0.0,100.0,0.0
20150113155834,0.0,0.0,0.0,0.0,0.0,0.0,100.0,0.0
20150113155904,0.0,0.0,0.0,0.0,0.0,0.0,100.0,0.0
20150113155934,0.0,0.0,0.0,0.0,0.0,0.0,100.0,0.0
20150113160004,0.0,0.0,0.0,0.0,0.0,0.0,100.0,0.0
20150113160034,0.0,0.0,0.0,0.0,0.0,0.0,100.0,0.0
20150113160104,0.0,0.0,0.0,0.0,0.0,0.0,100.0,0.0
20150113160134,0.0,0.0,0.0,0.0,0.0,0.0,100.0,0.0
20150113160204,0.0,0.0,0.0,0.0,0.0,0.0,100.0,0.0
20150113160234,0.0,0.0,0.0,0.0,0.0,0.0,100.0,0.0
20150113160304,0.0,0.0,0.0,0.0,0.0,0.0,100.0,0.0
20150113160335,0.0,0.0,0.0,0.0,0.0,0.0,100.0,0.0
20150113160405,0.0,0.0,0.0,0.0,0.0,0.0,100.0,0.0
20150113160435,0.0,0.0,0.0,0.0,0.0,0.0,100.0,0.0
20150113160505,0.0,0.0,0.0,0.0,0.0,0.0,100.0,0.0
20150113160535,0.0,0.0,0.0,0.0,0.0,0.0,100.0,0.0
20150113160605,0.0,0.0,0.0,0.0,0.0,0.0,100.0,0.0
20150113160635,0.0,0.0,0.0,0.0,0.0,0.0,100.0,0.0
20150113160705,0.0,0.0,0.0,0.0,0.0,0.0,100.0,0.0
20150113160735,0.0,0.0,0.0,0.0,0.0,0.0,100.0,0.0
20150113160805,0.0,0.0,0.0,0.0,0.0,0.0,100.0,0.0
20150113160835,0.0,0.0,0.0,0.0,0.0,0.0,100.0,0.0
20150113160905,0.0,0.0,0.0,0.0,0.0,0.0,100.0,0.0
20150113160935,0.0,0.0,0.0,0.0,0.0,0.0,100.0,0.0
20150113161005,0.0,0.0,0.0,0.0,0.0,0.0,100.0,0.0
20150113161035,0.0,0.0,0.0,0.0,0.0,0.0,100.0,0.0
20150113161105,0.0,0.0,0.0,0.0,0.0,0.0,100.0,0.0
20150113161135,0.0,0.0,0.0,0.0,0.0,0.0,100.0,0.0
20150113161205,0.0,0.0,0.0,0.0,0.0,0.0,100.0,0.0
20150113161235,0.0,0.0,0.0,0.0,0.0,0.0,100.0,0.0
20150113161305,0.0,0.0,0.0,0.0,0.0,0.0,100.0,0.0
20150113161335,0.0,0.0,0.0,0.0,0.0,0.0,100.0,0.0
20150113161405,0.0,0.0,0.0,0.0,0.0,0.0,100.0,0.0
20150113161435,0.0,0.0,0.0,0.0,0.0,0.0,100.0,0.0
20150113161505,0.0,0.0,0.0,0.0,0.0,0.0,100.0,0.0
20150113161535,0.0,0.0,0.0,0.0,0.0,0.0,100.0,0.0
20150113161605,0.0,0.0,0.0,0.0,0.0,0.0,100.0,0.0
20150113161635,0.0,0.0,0.0,0.0,0.0,0.0,100.0,0.0
20150113161705,0.0,0.0,0.0,0.0,0.0,0.0,100.0,0.0
20150113161735,0.0,0.0,0.0,0.0,0.0,0.0,100.0,0.0
20150113161805,0.0,0.0,0.0,0.0,0.0,0.0,100.0,0.0
20150113161835,0.0,0.0,0.0,0.0,0.0,0.0,100.0,0.0
20150113161905,0.0,0.0,0.0,0.0,0.0,0.0,100.0,0.0
20150113161935,0.0,0.0,0.0,0.0,0.0,0.0,100.0,0.0
20150113162005,0.0,0.0,0.0,0.0,0.0,0.0,100.0,0.0
20150113162035,0.0,0.0,0.0,0.0,0.0,0.0,100.0,0.0
20150113162105,0.0,0.0,0.0,0.0,0.0,0.0,100.0,0.0
20150113162135,0.0,0.0,0.0,0.0,0.0,0.0,100.0,0.0
20150113162205,0.0,0.0,0.0,0.0,0.0,0.0,100.0,0.0
20150113162235,0.0,0.0,0.0,0.0,0.0,0.0,100.0,0.0
20150113162305,0.0,0.0,0.0,0.0,0.0,0.0,100.0,0.0
20150113162335,0.0,0.0,0.0,0.0,0.0,0.0,100.0,0.0
20150113162405,0.0,0.0,0.0,0.0,0.0,0.0,100.0,0.0
20150113162435,0.0,0.0,0.0,0.0,0.0,0.0,100.0,0.0
20150113162505,0.0,0.0,0.0,0.0,0.0,0.0,100.0,0.0
20150113162535,0.0,0.0,0.0,0.0,0.0,0.0,100.0,0.0
20150113162605,0.0,0.0,0.0,0.0,0.0,0.0,100.0,0.0
20150113162635,0.0,0.0,0.0,0.0,0.0,0.0,100.0,0.0
20150113162705,0.0,0.0,0.0,0.0,0.0,0.0,100.0,0.0
20150113162735,0.0,0.0,0.0,0.0,0.0,0.0,100.0,0.0
20150113162805,0.0,0.0,0.0,0.0,0.0,0.0,100.0,0.0
20150113162835,0.0,0.0,0.0,0.0,0.0,0.0,100.0,0.0
20150113162905,0.0,0.0,0.0,0.0,0.0,0.0,100.0,0.0
20150113162935,0.0,0.0,0.0,0.0,0.0,0.0,100.0,0.0
20150113163005,0.0,0.0,0.0,0.0,0.0,0.0,100.0,0.0
20150113163036,0.0,0.0,0.0,0.0,0.0,0.0,100.0,0.0
20150113163106,0.0,0.0,0.0,0.0,0.0,0.0,100.0,0.0
20150113163136,0.0,0.0,0.0,0.0,0.0,0.0,100.0,0.0
20150113163206,0.0,0.0,0.0,0.0,0.0,0.0,100.0,0.0
20150113163236,0.0,0.0,0.0,0.0,0.0,0.0,100.0,0.0
20150113163306,0.0,0.0,0.0,0.0,0.0,0.0,100.0,0.0
20150113163336,0.0,0.0,0.0,0.0,0.0,0.0,100.0,0.0
20150113163406,0.0,0.0,0.0,0.0,0.0,0.0,100.0,0.0
20150113163436,0.0,0.0,0.0,0.0,0.0,0.0,100.0,0.0
20150113163506,0.0,0.0,0.0,0.0,0.0,0.0,100.0,0.0
20150113163536,0.0,0.0,0.0,0.0,0.0,0.0,100.0,0.0
20150113163606,0.0,0.0,0.0,0.0,0.0,0.0,100.0,0.0
20150113163636,0.0,0.0,0.0,0.0,0.0,0.0,100.0,0.0
20150113163706,0.0,0.0,0.0,0.2,0.0,0.0,99.8,0.0
20150113163736,0.0,0.0,0.0,0.3,0.0,0.0,99.7,0.0
20150113163806,0.0,0.0,0.0,0.3,0.0,0.0,99.7,0.0
20150113163836,0.0,0.0,0.1,0.1,0.0,0.0,99.8,0.0
20150113163906,0.0,0.0,0.0,0.0,0.0,0.0,100.0,0.0
20150113163936,0.0,0.0,0.1,0.0,0.0,0.0,99.8,0.0
20150113164006,0.0,0.0,0.3,0.0,0.0,0.0,99.7,0.0
20150113164036,0.0,0.0,1.5,0.5,0.0,0.0,98.0,0.0
20150113164106,0.0,0.0,0.2,0.1,0.0,0.0,99.7,0.0
20150113164136,0.0,0.0,0.1,0.1,0.0,0.0,99.8,0.0
20150113164206,0.0,0.0,9.8,0.1,0.0,0.0,90.0,0.0
20150113164236,0.0,0.0,1.1,0.0,0.0,0.0,98.8,0.0
20150113164306,0.0,0.0,0.0,0.0,0.0,0.0,100.0,0.0
20150113164336,0.0,0.0,0.1,0.1,0.0,0.0,99.9,0.0
20150113164406,0.0,0.0,0.2,0.0,0.0,0.0,99.7,0.0
20150113164436,0.0,0.0,0.2,0.0,0.0,0.0,99.7,0.0
20150113164506,0.0,0.0,0.4,0.2,0.0,0.0,99.4,0.0
20150113164536,0.0,0.0,0.6,0.2,0.0,0.0,99.3,0.0
20150113164606,0.0,0.0,0.3,0.0,0.0,0.0,99.6,0.0
20150113164636,0.0,0.0,0.1,0.0,0.0,0.0,99.9,0.0
20150113164706,0.0,0.0,0.0,0.0,0.0,0.0,100.0,0.0
20150113164736,0.0,0.0,0.0,0.0,0.0,0.0,100.0,0.0
20150113164806,0.0,0.0,0.0,0.0,0.0,0.0,100.0,0.0
20150113164836,0.0,0.0,0.0,0.0,0.0,0.0,100.0,0.0
20150113164906,0.0,0.0,1.2,0.1,0.0,0.0,98.7,0.0
20150113164936,0.0,0.0,7.9,0.5,0.0,0.4,91.2,0.0
20150113165006,0.0,0.0,2.1,0.2,0.0,0.0,97.6,0.0
20150113165036,0.0,0.0,0.7,0.1,0.0,0.0,99.2,0.0
20150113165106,0.1,0.0,3.4,1.1,0.0,0.0,95.4,0.0
20150113165136,0.3,0.2,9.4,40.4,0.0,0.0,49.8,0.0
20150113165206,0.2,0.0,6.2,23.1,0.0,0.1,70.4,0.0
20150113165236,0.3,0.0,6.7,50.0,0.1,0.0,42.9,0.0
20150113165306,0.1,0.0,1.0,15.6,0.0,0.0,83.3,0.0
20150113165336,0.1,0.0,2.2,14.8,0.0,0.0,82.9,0.0
20150113165406,0.2,0.0,2.4,5.4,0.0,0.3,91.6,0.1
20150113165436,0.1,0.0,2.7,3.0,0.0,0.0,94.2,0.0
20150113165506,1.8,0.1,5.0,85.4,0.1,0.2,7.4,0.1
20150113165536,0.3,0.0,8.5,51.1,0.0,0.1,39.9,0.0
20150113165606,0.2,0.3,4.2,31.5,0.0,0.0,63.7,0.1
20150113165636,0.0,0.0,0.3,5.0,0.0,0.0,94.6,0.0
20150113165706,0.7,0.1,6.5,20.2,0.0,0.0,72.4,0.1
20150113165736,0.0,0.0,0.2,8.9,0.0,0.0,90.8,0.0
20150113165806,0.3,0.1,3.0,60.7,0.0,0.0,35.8,0.0
20150113165836,0.0,0.0,0.7,7.4,0.0,0.0,91.8,0.1
20150113165906,0.0,0.0,0.1,4.1,0.0,0.0,95.7,0.1
20150113165936,0.0,0.0,0.1,2.4,0.0,0.0,97.5,0.0
20150113170006,0.0,0.0,1.6,6.7,0.0,0.0,91.4,0.4
20150113170036,0.0,0.0,0.0,0.0,0.0,0.0,100.0,0.0
20150113170106,0.0,0.0,3.6,5.3,0.0,0.0,90.9,0.1
20150113170136,0.0,0.0,0.0,0.1,0.0,0.0,99.9,0.0
20150113170206,0.0,0.0,0.1,0.3,0.0,0.0,99.6,0.0
20150113170236,0.0,0.0,0.0,0.2,0.0,0.0,99.8,0.0
20150113170306,0.0,0.0,0.0,2.0,0.0,0.0,98.0,0.0
20150113170336,0.0,0.0,0.0,0.0,0.0,0.0,100.0,0.0
20150113170406,0.0,0.0,0.0,0.1,0.0,0.0,99.9,0.0
20150113170437,0.0,0.0,0.0,0.3,0.0,0.0,99.7,0.0
20150113170507,0.0,0.0,0.0,0.1,0.0,0.0,99.8,0.0
20150113170537,0.0,0.0,0.0,0.1,0.0,0.0,99.9,0.0
20150113170607,0.0,0.0,0.0,0.0,0.0,0.0,100.0,0.0
20150113170637,0.0,0.0,0.0,1.6,0.0,0.0,98.3,0.0
20150113170707,0.0,0.0,0.0,0.0,0.0,0.0,100.0,0.0
20150113170737,0.0,0.0,0.0,0.0,0.0,0.0,100.0,0.0
20150113170807,0.0,0.0,0.0,0.0,0.0,0.0,100.0,0.0
20150113170837,0.0,0.0,0.0,0.2,0.0,0.0,99.8,0.0
20150113170907,0.0,0.1,0.1,34.2,0.0,0.0,65.3,0.3
20150113170937,0.0,0.1,0.0,11.2,0.0,0.0,88.6,0.1
20150113171007,0.0,0.0,0.0,16.4,0.0,0.0,83.4,0.1
20150113171037,0.0,0.0,0.0,11.1,0.0,0.0,88.9,0.0
20150113171107,0.0,0.0,0.0,0.7,0.0,0.0,99.3,0.0
20150113171137,0.0,0.2,0.1,9.3,0.0,0.0,90.3,0.0
20150113171207,0.0,0.0,0.0,0.1,0.0,0.0,99.9,0.0
20150113171237,0.0,0.0,0.0,0.0,0.0,0.0,100.0,0.0
20150113171307,0.0,0.0,0.0,0.0,0.0,0.0,100.0,0.0
20150113171337,0.0,0.0,0.0,0.0,0.0,0.0,100.0,0.0
20150113171407,0.0,0.0,0.0,0.0,0.0,0.0,100.0,0.0
20150113171437,0.0,0.0,0.0,0.0,0.0,0.0,100.0,0.0
20150113171507,0.0,0.0,0.0,0.0,0.0,0.0,100.0,0.0
20150113171537,0.0,0.0,0.0,0.0,0.0,0.0,100.0,0.0
20150113171607,0.0,0.0,0.0,0.0,0.0,0.0,100.0,0.0
20150113171637,0.0,0.0,0.0,0.0,0.0,0.0,100.0,0.0
20150113171707,0.0,0.0,0.0,0.0,0.0,0.0,100.0,0.0
20150113171737,0.0,0.0,0.0,0.0,0.0,0.0,100.0,0.0
20150113171807,0.0,0.0,0.0,0.0,0.0,0.0,100.0,0.0
20150113171837,0.0,0.0,0.0,0.0,0.0,0.0,100.0,0.0
20150113171907,0.0,0.0,0.0,0.0,0.0,0.0,100.0,0.0
20150113171937,0.0,0.0,0.0,0.0,0.0,0.0,100.0,0.0
20150113172007,0.0,0.0,0.0,0.0,0.0,0.0,100.0,0.0
20150113172037,0.0,0.0,0.0,0.0,0.0,0.0,100.0,0.0
20150113172107,0.0,0.0,0.0,0.0,0.0,0.0,100.0,0.0
20150113172137,0.0,0.0,0.0,0.0,0.0,0.0,100.0,0.0
20150113172207,0.0,0.0,0.0,0.0,0.0,0.0,100.0,0.0
20150113172237,0.0,0.0,0.0,0.0,0.0,0.0,100.0,0.0
20150113172307,0.0,0.0,0.0,0.0,0.0,0.0,100.0,0.0
20150113172337,0.0,0.0,0.0,0.0,0.0,0.0,100.0,0.0
20150113172407,0.0,0.0,0.0,0.0,0.0,0.0,100.0,0.0
20150113172437,0.0,0.0,0.0,0.0,0.0,0.0,100.0,0.0
20150113172507,0.0,0.0,0.0,0.0,0.0,0.0,100.0,0.0
20150113172537,0.0,0.0,0.0,0.0,0.0,0.0,100.0,0.0
20150113172607,0.0,0.0,0.0,0.0,0.0,0.0,100.0,0.0
20150113172637,0.0,0.0,0.0,0.0,0.0,0.0,100.0,0.0
20150113172707,0.0,0.0,0.0,0.0,0.0,0.0,100.0,0.0
20150113172737,0.0,0.0,0.0,0.0,0.0,0.0,100.0,0.0
20150113172807,0.0,0.0,0.0,0.0,0.0,0.0,100.0,0.0
20150113172837,0.0,0.0,0.0,0.0,0.0,0.0,100.0,0.0
20150113172907,0.0,0.0,0.0,0.0,0.0,0.0,100.0,0.0
20150113172937,0.0,0.0,0.0,0.0,0.0,0.0,100.0,0.0
20150113173007,0.0,0.0,0.0,0.0,0.0,0.0,100.0,0.0
20150113173037,0.0,0.0,0.0,0.0,0.0,0.0,100.0,0.0
20150113173107,0.0,0.0,0.1,0.0,0.0,0.0,99.9,0.0
20150113173137,0.0,0.0,0.2,0.0,0.0,0.0,99.8,0.0
20150113173207,0.0,0.0,0.0,0.0,0.0,0.0,100.0,0.0
20150113173237,0.0,0.0,0.0,0.0,0.0,0.0,100.0,0.0
20150113173307,0.0,0.0,0.0,0.0,0.0,0.0,100.0,0.0
20150113173337,0.0,0.0,0.0,0.0,0.0,0.0,100.0,0.0
20150113173407,0.0,0.0,0.0,0.0,0.0,0.0,100.0,0.0
20150113173437,0.0,0.0,0.0,0.0,0.0,0.0,100.0,0.0
20150113173507,0.0,0.0,0.0,0.0,0.0,0.0,100.0,0.0
20150113173537,0.0,0.0,0.0,0.0,0.0,0.0,100.0,0.0
20150113173607,0.0,0.0,0.0,0.0,0.0,0.0,100.0,0.0
20150113173637,0.0,0.0,0.0,0.0,0.0,0.0,100.0,0.0
20150113173707,0.0,0.0,0.0,0.0,0.0,0.0,100.0,0.0
20150113173737,0.0,0.0,0.0,0.0,0.0,0.0,100.0,0.0
20150113173807,0.0,0.0,0.0,0.0,0.0,0.0,100.0,0.0
20150113173837,0.0,0.0,0.0,0.0,0.0,0.0,100.0,0.0
20150113173908,0.0,0.0,0.0,0.0,0.0,0.0,100.0,0.0
20150113173938,0.0,0.0,0.0,0.0,0.0,0.0,100.0,0.0
20150113174008,0.0,0.0,0.0,0.0,0.0,0.0,100.0,0.0
20150113174038,0.0,0.0,0.0,0.0,0.0,0.0,100.0,0.0
20150113174108,0.0,0.0,0.0,0.0,0.0,0.0,100.0,0.0
20150113174138,0.0,0.0,0.0,0.0,0.0,0.0,100.0,0.0
20150113174208,0.0,0.0,0.0,0.0,0.0,0.0,100.0,0.0
20150113174238,0.0,0.0,0.0,0.0,0.0,0.0,100.0,0.0
20150113174308,0.0,0.0,0.0,0.0,0.0,0.0,100.0,0.0
20150113174338,0.0,0.0,0.0,0.0,0.0,0.0,100.0,0.0
20150113174408,0.0,0.0,0.0,0.0,0.0,0.0,100.0,0.0
20150113174438,0.0,0.0,0.0,0.0,0.0,0.0,100.0,0.0
20150113174508,0.0,0.0,0.0,0.0,0.0,0.0,100.0,0.0
20150113174538,0.0,0.0,0.0,0.0,0.0,0.0,100.0,0.0
20150113174608,0.0,0.0,0.0,0.0,0.0,0.0,100.0,0.0
20150113174638,0.0,0.0,0.0,0.0,0.0,0.0,100.0,0.0
20150113174708,0.0,0.0,0.0,0.0,0.0,0.0,100.0,0.0
20150113174738,0.0,0.0,0.0,0.0,0.0,0.0,100.0,0.0
20150113174808,0.0,0.0,0.0,0.0,0.0,0.0,100.0,0.0
20150113174838,0.0,0.0,0.0,0.0,0.0,0.0,100.0,0.0
20150113174908,0.0,0.0,0.0,0.0,0.0,0.0,100.0,0.0
20150113174938,0.0,0.0,0.0,0.0,0.0,0.0,100.0,0.0
20150113175008,0.0,0.0,0.0,0.0,0.0,0.0,100.0,0.0
20150113175038,0.0,0.0,0.0,0.0,0.0,0.0,100.0,0.0
20150113175108,0.0,0.0,0.0,0.0,0.0,0.0,100.0,0.0
20150113175138,0.0,0.0,0.4,0.2,0.0,0.0,99.4,0.0
20150113175208,0.0,0.0,0.0,0.0,0.0,0.0,100.0,0.0
20150113175238,0.0,0.0,0.0,0.0,0.0,0.0,100.0,0.0
20150113175308,0.0,0.0,0.0,0.0,0.0,0.0,100.0,0.0
20150113175338,0.0,0.0,0.3,0.0,0.0,0.0,99.7,0.0
20150113175408,0.0,0.0,0.2,0.0,0.0,0.0,99.8,0.0
20150113175438,0.0,0.0,1.7,0.0,0.0,0.0,98.3,0.0
20150113175508,0.0,0.0,2.6,0.0,0.0,0.0,97.4,0.0
20150113175538,0.0,0.0,0.2,0.0,0.0,0.0,99.8,0.0
20150113175608,0.0,0.0,2.5,0.2,0.0,0.0,97.3,0.0
20150113175638,0.0,0.0,20.4,0.0,0.0,0.0,79.6,0.0
20150113175708,0.0,0.0,5.0,0.0,0.0,0.0,95.0,0.0
20150113175738,0.0,0.0,8.8,0.0,0.0,0.0,91.2,0.0
20150113175808,0.0,0.0,33.9,0.0,0.0,0.0,66.1,0.0
20150113175838,0.0,0.0,15.2,0.0,0.0,0.0,84.7,0.0
20150113175908,0.0,0.0,16.0,0.0,0.0,0.2,83.8,0.0
20150113175938,0.0,0.0,4.6,0.0,0.0,0.2,95.3,0.0
20150113180008,0.0,0.0,12.4,0.0,0.0,2.6,85.0,0.0
20150113180038,0.0,0.0,60.0,0.4,0.0,1.0,38.6,0.0
20150113180108,0.0,0.0,61.1,0.1,0.0,0.5,38.3,0.0
20150113180138,0.0,0.0,1.9,0.0,0.0,1.2,96.9,0.0
20150113180208,0.0,0.0,0.5,0.0,0.0,0.4,99.1,0.0
20150113180238,0.0,0.0,1.1,0.0,0.0,0.1,98.8,0.0
20150113180308,0.0,0.0,95.4,1.5,0.0,0.0,3.0,0.0
20150113180338,0.6,0.0,81.2,3.7,0.1,0.1,14.3,0.0
20150113180408,1.8,0.1,22.3,75.3,0.1,0.0,0.3,0.0
20150113180438,0.1,0.0,92.9,3.6,0.0,0.0,3.4,0.0
20150113180508,0.0,0.0,78.5,2.6,0.0,0.0,18.9,0.0
20150113180538,0.1,0.1,90.7,2.0,0.0,0.0,7.0,0.0
20150113180608,0.0,0.0,96.7,3.2,0.1,0.0,0.0,0.0
20150113180638,0.0,0.0,15.2,0.1,0.0,0.0,84.6,0.0
20150113180708,0.0,0.0,38.8,0.0,0.0,0.0,61.2,0.0
20150113180738,0.0,0.0,85.3,0.1,0.0,0.0,14.5,0.0
20150113180808,0.0,0.0,16.7,0.1,0.0,0.0,83.2,0.0
20150113180838,0.0,0.0,26.4,0.0,0.0,0.0,73.5,0.0
20150113180908,0.0,0.0,13.3,0.3,0.0,0.0,86.4,0.0
20150113180938,0.0,0.0,30.1,0.4,0.0,0.0,69.4,0.0
20150113181008,0.0,0.0,6.7,0.4,0.0,0.0,92.9,0.0
20150113181038,0.0,0.0,24.2,5.6,0.0,0.0,70.2,0.0
20150113181108,0.0,0.0,83.9,1.8,0.0,0.0,14.2,0.0
20150113181138,0.1,0.0,83.0,7.8,0.1,0.0,9.0,0.0
20150113181208,0.0,0.0,48.2,11.7,0.0,0.0,40.1,0.0
20150113181238,0.0,0.0,18.1,2.8,0.0,0.0,79.1,0.0
20150113181309,0.0,0.0,3.9,5.8,0.0,0.0,90.3,0.0
20150113181339,0.0,0.0,10.3,1.1,0.0,0.1,88.5,0.0
20150113181409,0.0,0.0,9.7,1.7,0.0,0.0,88.5,0.0
20150113181439,0.0,0.0,4.2,0.1,0.0,0.0,95.7,0.0
20150113181509,0.0,0.0,0.1,0.0,0.0,0.0,99.9,0.0
20150113181539,0.0,0.0,0.0,0.0,0.0,0.0,100.0,0.0
20150113181609,0.0,0.0,0.2,0.0,0.0,0.0,99.8,0.0
20150113181639,0.0,0.0,0.1,0.0,0.0,0.0,99.9,0.0
20150113181709,0.0,0.0,0.2,0.0,0.0,0.0,99.8,0.0
20150113181739,0.0,0.0,0.0,0.0,0.0,0.0,100.0,0.0
20150113181809,0.0,0.0,0.1,0.0,0.0,0.0,99.9,0.0
20150113181839,0.0,0.0,0.0,0.0,0.0,0.0,100.0,0.0
20150113181909,0.0,0.0,0.0,0.0,0.0,0.0,100.0,0.0
20150113181939,0.0,0.0,0.0,0.0,0.0,0.0,100.0,0.0
20150113182009,0.0,0.0,0.1,0.0,0.0,0.0,99.9,0.0
20150113182039,0.0,0.0,0.0,0.0,0.0,0.0,100.0,0.0
20150113182109,0.0,0.0,0.0,0.0,0.0,0.0,100.0,0.0
20150113182139,0.0,0.0,0.0,0.0,0.0,0.0,100.0,0.0
20150113182209,0.0,0.0,0.0,0.1,0.0,0.0,99.9,0.0
20150113182239,0.0,0.0,0.0,0.0,0.0,0.0,99.9,0.0
20150113182309,0.0,0.0,0.0,0.0,0.0,0.0,100.0,0.0
20150113182339,0.0,0.0,0.0,0.0,0.0,0.0,100.0,0.0
20150113182409,0.0,0.0,0.0,0.6,0.0,0.0,99.3,0.0
20150113182439,0.0,0.0,0.1,0.6,0.0,0.0,99.4,0.0
20150113182509,0.0,0.0,0.1,0.1,0.0,0.0,99.8,0.0
20150113182539,0.0,0.0,0.0,0.0,0.0,0.0,100.0,0.0
20150113182609,0.0,0.0,0.0,0.0,0.0,0.0,100.0,0.0
20150113182639,0.0,0.0,0.0,0.0,0.0,0.0,100.0,0.0
20150113182709,0.0,0.0,0.0,0.0,0.0,0.0,100.0,0.0
20150113182739,0.0,0.0,0.0,0.0,0.0,0.0,100.0,0.0
20150113182809,0.0,0.0,0.0,0.0,0.0,0.0,100.0,0.0
20150113182839,0.0,0.0,0.0,0.0,0.0,0.0,100.0,0.0
20150113182909,0.0,0.0,0.0,0.1,0.0,0.0,99.9,0.0
20150113182939,0.0,0.0,0.0,0.0,0.0,0.0,100.0,0.0
20150113183009,0.0,0.0,0.0,0.0,0.0,0.0,100.0,0.0
20150113183039,0.0,0.0,0.0,0.0,0.0,0.0,100.0,0.0
20150113183109,0.0,0.0,0.0,0.0,0.0,0.0,100.0,0.0
20150113183139,0.0,0.0,0.0,0.0,0.0,0.0,100.0,0.0
20150113183209,0.0,0.0,0.0,0.0,0.0,0.0,99.9,0.0
20150113183239,0.0,0.0,0.0,0.0,0.0,0.0,100.0,0.0
20150113183309,0.0,0.0,0.0,0.0,0.0,0.0,100.0,0.0
20150113183339,0.0,0.0,0.0,0.0,0.0,0.0,100.0,0.0
20150113183409,0.0,0.0,0.0,0.0,0.0,0.0,100.0,0.0
20150113183439,0.0,0.0,0.0,0.0,0.0,0.0,100.0,0.0
20150113183509,0.0,0.0,0.0,0.0,0.0,0.0,100.0,0.0
20150113183539,0.0,0.0,0.0,0.0,0.0,0.0,100.0,0.0
20150113183609,0.0,0.0,0.0,0.0,0.0,0.0,100.0,0.0
20150113183639,0.0,0.0,0.0,0.0,0.0,0.0,100.0,0.0
20150113183709,0.0,0.0,0.0,0.0,0.0,0.0,100.0,0.0
20150113183739,0.0,0.0,0.0,0.0,0.0,0.0,100.0,0.0
20150113183809,0.0,0.0,0.0,0.0,0.0,0.0,100.0,0.0
20150113183839,0.0,0.0,0.0,0.0,0.0,0.0,100.0,0.0
20150113183909,0.0,0.0,0.0,0.0,0.0,0.0,100.0,0.0
20150113183939,0.0,0.0,0.0,0.0,0.0,0.0,100.0,0.0
20150113184009,0.0,0.0,0.0,0.0,0.0,0.0,100.0,0.0
20150113184040,0.0,0.0,0.0,0.0,0.0,0.0,100.0,0.0
20150113184110,0.0,0.0,0.0,0.0,0.0,0.0,100.0,0.0
20150113184140,0.0,0.0,0.0,0.0,0.0,0.0,100.0,0.0
20150113184210,0.0,0.0,0.0,0.0,0.0,0.0,100.0,0.0
20150113184240,0.0,0.0,0.0,0.0,0.0,0.0,100.0,0.0
20150113184310,0.0,0.0,0.0,0.0,0.0,0.0,100.0,0.0
20150113184340,0.0,0.0,0.2,0.6,0.0,0.0,99.2,0.0
20150113184410,0.0,0.5,2.7,1.5,0.0,0.0,95.2,0.1
20150113184440,0.0,0.0,0.0,0.0,0.0,0.0,100.0,0.0
20150113184510,0.0,0.0,0.1,0.0,0.0,0.0,99.9,0.0
20150113184540,0.0,0.0,1.3,0.0,0.0,0.0,98.6,0.0
20150113184610,0.0,0.0,0.7,0.0,0.0,0.0,99.3,0.0
20150113184640,0.0,0.0,6.5,0.0,0.0,0.0,93.4,0.0
20150113184710,0.0,0.0,2.4,0.1,0.0,0.0,97.5,0.0
20150113184740,0.0,0.3,37.8,0.0,0.0,0.0,61.9,0.0
20150113184810,0.0,0.4,57.9,0.7,0.0,0.0,41.0,0.0
20150113184840,0.0,0.2,58.6,0.2,0.0,0.0,41.0,0.0
20150113184910,0.0,0.4,16.1,0.3,0.0,0.0,83.2,0.0
20150113184940,0.0,0.1,91.6,0.1,0.0,0.0,8.2,0.0
20150113185010,0.0,0.0,60.9,0.4,0.0,0.0,38.6,0.0
20150113185040,0.0,0.0,2.6,0.8,0.0,0.0,96.6,0.0
20150113185110,0.0,0.0,1.7,0.1,0.0,0.0,98.3,0.0
20150113185140,0.0,0.0,1.0,0.6,0.0,0.0,98.3,0.0
20150113185210,0.0,0.0,0.1,0.1,0.0,0.0,99.8,0.0
20150113185240,0.0,0.0,1.1,0.2,0.0,0.0,98.7,0.0
20150113185310,0.0,0.0,0.1,0.0,0.0,0.0,99.9,0.0
20150113185340,0.0,0.0,0.1,0.0,0.0,0.0,99.8,0.0
20150113185410,0.0,0.0,0.8,0.9,0.0,0.0,98.3,0.0
20150113185440,0.0,0.0,3.3,0.2,0.0,0.1,96.0,0.3
20150113185510,0.0,0.2,8.8,1.2,0.0,0.3,88.8,0.7
20150113185540,0.0,0.0,0.5,0.1,0.0,0.0,99.4,0.0
20150113185610,0.0,0.0,1.7,0.0,0.0,0.0,98.2,0.1
20150113185640,0.0,0.0,0.4,0.0,0.0,0.0,99.5,0.0
20150113185710,0.0,0.0,13.0,0.9,0.0,0.0,85.9,0.2
20150113185740,1.1,9.1,0.1,86.5,2.2,0.0,0.8,0.2
20150113185810,2.0,1.5,0.0,95.6,0.8,0.0,0.0,0.0
20150113185840,0.0,4.0,0.0,95.7,0.3,0.0,0.0,0.0
20150113185910,0.0,0.0,0.1,0.1,0.0,0.0,99.8,0.0
20150113185940,0.0,0.0,0.0,0.0,0.0,0.0,100.0,0.0
20150113190010,0.0,0.7,3.5,94.4,0.0,0.0,1.2,0.1
20150113190040,0.0,0.0,0.0,0.0,0.0,0.0,100.0,0.0
20150113190110,0.0,0.0,0.0,0.0,0.0,0.0,100.0,0.0
20150113190140,0.0,0.0,0.0,0.0,0.0,0.0,100.0,0.0
20150113190210,0.0,0.0,0.0,0.0,0.0,0.0,100.0,0.0
20150113190240,0.0,0.0,0.1,0.0,0.0,0.0,99.9,0.0
20150113190310,0.0,0.0,0.0,0.0,0.0,0.0,100.0,0.0
20150113190340,0.0,0.0,0.0,0.0,0.0,0.0,100.0,0.0
20150113190410,0.0,0.0,0.0,0.0,0.0,0.0,100.0,0.0
20150113190440,0.0,0.0,0.0,0.0,0.0,0.0,100.0,0.0
20150113190510,0.0,0.0,0.0,0.0,0.0,0.0,100.0,0.0
20150113190540,0.0,0.0,0.0,0.0,0.0,0.0,100.0,0.0
20150113190610,0.0,0.0,0.0,0.0,0.0,0.0,100.0,0.0
20150113190640,0.0,0.0,0.0,0.0,0.0,0.0,100.0,0.0
20150113190710,0.0,0.0,0.0,0.0,0.0,0.0,100.0,0.0
20150113190740,0.0,0.0,0.0,0.0,0.0,0.0,100.0,0.0
20150113190810,0.0,0.0,0.0,0.0,0.0,0.0,100.0,0.0
20150113190840,0.0,0.0,0.0,0.0,0.0,0.0,100.0,0.0
20150113190910,0.0,0.0,0.0,0.0,0.0,0.0,100.0,0.0
20150113190940,0.0,0.0,0.0,0.0,0.0,0.0,100.0,0.0
20150113191010,0.0,0.0,0.0,0.0,0.0,0.0,100.0,0.0
20150113191040,0.0,0.0,0.0,0.0,0.0,0.0,100.0,0.0
20150113191110,0.0,0.0,0.0,0.0,0.0,0.0,100.0,0.0
20150113191140,0.0,0.0,0.0,0.0,0.0,0.0,100.0,0.0
20150113191210,0.0,0.0,0.0,0.0,0.0,0.0,100.0,0.0
20150113191240,0.0,0.0,0.0,0.0,0.0,0.0,100.0,0.0
20150113191310,0.0,0.0,0.0,0.0,0.0,0.0,100.0,0.0
20150113191340,0.0,0.0,0.0,0.0,0.0,0.0,100.0,0.0
20150113191410,0.0,0.0,0.0,0.0,0.0,0.0,100.0,0.0
20150113191441,0.0,0.0,0.0,0.0,0.0,0.0,100.0,0.0
20150113191511,0.0,0.0,0.0,0.0,0.0,0.0,100.0,0.0
20150113191541,0.0,0.0,0.0,0.0,0.0,0.0,100.0,0.0
20150113191611,0.0,0.0,0.0,0.0,0.0,0.0,100.0,0.0
20150113191641,0.0,0.0,0.0,0.0,0.0,0.0,100.0,0.0
20150113191711,0.0,0.0,0.0,0.0,0.0,0.0,100.0,0.0
20150113191741,0.0,0.0,0.0,0.0,0.0,0.0,100.0,0.0
20150113191811,0.0,0.0,0.0,0.0,0.0,0.0,100.0,0.0
20150113191841,0.0,0.0,0.0,0.0,0.0,0.0,100.0,0.0
20150113191911,0.0,0.0,0.0,0.0,0.0,0.0,100.0,0.0
20150113191941,0.0,0.0,0.0,0.0,0.0,0.0,100.0,0.0
20150113192011,0.0,0.0,0.0,0.0,0.0,0.0,100.0,0.0
20150113192041,0.0,0.0,0.0,0.0,0.0,0.0,100.0,0.0
20150113192111,0.0,0.0,0.0,0.0,0.0,0.0,100.0,0.0
20150113192141,0.0,0.0,0.0,0.0,0.0,0.0,100.0,0.0
20150113192211,0.0,0.0,0.0,0.0,0.0,0.0,100.0,0.0
20150113192241,0.0,0.0,0.0,0.0,0.0,0.0,100.0,0.0
20150113192311,0.0,0.0,0.1,0.1,0.0,0.0,99.8,0.0
20150113192341,0.0,0.0,0.0,0.1,0.0,0.0,99.9,0.0
20150113192411,0.0,0.0,0.0,0.2,0.0,0.0,99.8,0.0
20150113192441,0.0,0.0,0.0,0.0,0.0,0.0,100.0,0.0
20150113192511,0.0,0.0,0.0,0.0,0.0,0.0,100.0,0.0
20150113192541,0.0,0.0,0.0,0.0,0.0,0.0,100.0,0.0
20150113192611,0.0,0.0,0.0,0.0,0.0,0.0,100.0,0.0
20150113192641,0.0,0.0,0.0,0.0,0.0,0.0,100.0,0.0
20150113192711,0.0,0.0,0.0,0.0,0.0,0.0,100.0,0.0
20150113192741,0.0,0.0,0.0,0.0,0.0,0.0,100.0,0.0
20150113192811,0.0,0.0,0.0,0.0,0.0,0.0,100.0,0.0
20150113192841,0.0,0.0,0.0,0.0,0.0,0.0,100.0,0.0
20150113192911,0.0,0.0,0.0,0.0,0.0,0.0,100.0,0.0
20150113192941,0.0,0.0,0.0,0.0,0.0,0.0,100.0,0.0
20150113193011,0.0,0.0,0.0,0.0,0.0,0.0,100.0,0.0
20150113193041,0.0,0.0,0.0,0.0,0.0,0.0,100.0,0.0
20150113193111,0.0,0.0,0.0,0.0,0.0,0.0,100.0,0.0
20150113193141,0.0,0.0,0.0,0.0,0.0,0.0,100.0,0.0
20150113193211,0.0,0.0,0.0,0.0,0.0,0.0,100.0,0.0
20150113193241,0.0,0.0,0.0,0.0,0.0,0.0,100.0,0.0
20150113193311,0.0,0.0,0.0,0.0,0.0,0.0,100.0,0.0
20150113193341,0.0,0.0,0.0,0.0,0.0,0.0,100.0,0.0
20150113193411,0.0,0.0,0.0,0.0,0.0,0.0,100.0,0.0
20150113193441,0.0,0.0,0.0,0.0,0.0,0.0,100.0,0.0
20150113193511,0.0,0.0,0.0,0.0,0.0,0.0,100.0,0.0
20150113193541,0.0,0.0,0.0,0.0,0.0,0.0,100.0,0.0
20150113193611,0.0,0.0,0.0,0.0,0.0,0.0,100.0,0.0
20150113193641,0.0,0.0,0.0,0.0,0.0,0.0,100.0,0.0
20150113193711,0.0,0.0,0.0,0.0,0.0,0.0,100.0,0.0
20150113193741,0.0,0.0,0.0,0.1,0.0,0.0,99.9,0.0
20150113193811,0.0,0.0,0.0,0.0,0.0,0.0,100.0,0.0
20150113193841,0.0,0.0,0.0,0.0,0.0,0.0,100.0,0.0
20150113193911,0.0,0.0,0.0,0.0,0.0,0.0,100.0,0.0
20150113193941,0.0,0.0,0.0,0.0,0.0,0.0,100.0,0.0
20150113194011,0.0,0.0,0.0,0.0,0.0,0.0,100.0,0.0
20150113194041,0.0,0.0,0.0,0.0,0.0,0.0,100.0,0.0
20150113194111,0.0,0.0,0.0,0.0,0.0,0.0,100.0,0.0
20150113194141,0.0,0.0,0.0,0.0,0.0,0.0,100.0,0.0
20150113194211,0.0,0.0,0.0,0.0,0.0,0.0,100.0,0.0
20150113194241,0.0,0.0,0.0,0.0,0.0,0.0,100.0,0.0
20150113194311,0.0,0.0,0.0,0.0,0.0,0.0,100.0,0.0
20150113194341,0.0,0.0,0.0,0.0,0.0,0.0,100.0,0.0
20150113194411,0.0,0.0,0.0,0.0,0.0,0.0,100.0,0.0
20150113194441,0.0,0.0,0.0,0.0,0.0,0.0,100.0,0.0
20150113194511,0.0,0.0,0.0,0.0,0.0,0.0,100.0,0.0
20150113194541,0.0,0.0,0.0,0.0,0.0,0.0,100.0,0.0
20150113194611,0.0,0.0,0.0,0.4,0.0,0.0,99.6,0.0
20150113194641,0.0,0.0,0.0,0.1,0.0,0.0,99.9,0.0
20150113194711,0.0,0.0,0.0,0.0,0.0,0.0,100.0,0.0
20150113194741,0.0,0.0,0.0,0.1,0.0,0.0,99.9,0.0
20150113194811,0.0,0.0,0.0,0.0,0.0,0.0,100.0,0.0
20150113194841,0.0,0.0,0.0,0.0,0.0,0.0,100.0,0.0
20150113194912,0.0,0.0,0.0,0.1,0.0,0.0,99.9,0.0
20150113194942,0.0,0.0,0.0,0.0,0.0,0.0,100.0,0.0
20150113195012,0.0,0.0,0.0,0.0,0.0,0.0,99.9,0.0
20150113195042,0.0,0.0,0.0,0.0,0.0,0.0,100.0,0.0
20150113195112,0.0,0.0,0.0,0.0,0.0,0.0,100.0,0.0
20150113195142,0.0,0.0,0.0,0.0,0.0,0.0,100.0,0.0
20150113195212,0.0,0.0,0.0,0.0,0.0,0.0,100.0,0.0
20150113195242,0.0,0.0,0.0,0.0,0.0,0.0,100.0,0.0
20150113195312,0.0,0.0,0.0,0.0,0.0,0.0,100.0,0.0
20150113195342,0.0,0.0,0.0,0.0,0.0,0.0,100.0,0.0
20150113195412,0.0,0.0,0.0,0.0,0.0,0.0,100.0,0.0
20150113195442,0.0,0.0,0.0,0.0,0.0,0.0,100.0,0.0
20150113195512,0.0,0.0,0.0,0.0,0.0,0.0,100.0,0.0
20150113195542,0.0,0.0,0.0,0.0,0.0,0.0,100.0,0.0
20150113195612,0.0,0.0,0.0,0.0,0.0,0.0,100.0,0.0
20150113195642,0.0,0.0,0.0,0.0,0.0,0.0,100.0,0.0
20150113195712,0.0,0.0,0.0,0.0,0.0,0.0,100.0,0.0
20150113195742,0.0,0.0,0.0,0.0,0.0,0.0,100.0,0.0
20150113195812,0.0,0.0,0.0,0.0,0.0,0.0,100.0,0.0
20150113195842,0.0,0.0,0.0,31.7,0.0,0.0,68.2,0.0
20150113195912,0.0,0.0,0.0,99.7,0.0,0.0,0.2,0.0
20150113195942,0.0,0.0,0.0,99.9,0.1,0.0,0.1,0.0
20150113200012,0.0,0.0,0.0,97.9,1.9,0.0,0.2,0.0
20150113200042,0.0,0.0,0.0,99.5,0.3,0.0,0.2,0.0
20150113200112,0.0,0.0,0.0,99.4,0.1,0.0,0.4,0.0
20150113200142,0.0,0.0,0.0,99.8,0.1,0.0,0.1,0.0
20150113200212,0.0,0.0,0.0,86.4,0.1,0.0,12.3,1.3
20150113200242,0.0,0.0,0.0,98.5,0.0,0.0,1.4,0.1
20150113200312,0.0,0.0,0.0,98.5,0.0,0.0,1.3,0.2
20150113200342,0.0,0.0,0.0,99.4,0.0,0.0,0.6,0.0
20150113200412,0.0,0.0,0.0,95.6,0.2,0.0,4.2,0.1
20150113200442,0.0,0.0,0.0,99.4,0.1,0.0,0.5,0.0
20150113200512,0.0,0.0,0.0,98.2,0.6,0.0,0.9,0.2
20150113200542,0.0,0.0,0.0,98.8,0.0,0.0,1.1,0.0
20150113200612,0.0,0.0,0.0,97.4,0.3,0.0,1.6,0.6
20150113200642,0.0,0.0,0.0,96.9,0.0,0.0,2.9,0.2
20150113200712,0.0,0.0,0.0,95.6,0.3,0.0,3.1,1.0
20150113200742,0.0,0.0,0.0,96.5,0.3,0.0,2.1,1.2
20150113200812,0.0,0.0,0.0,98.1,0.1,0.0,1.7,0.1
20150113200842,0.0,0.0,0.0,94.3,0.1,0.0,5.4,0.2
20150113200912,0.0,0.0,0.0,25.9,0.1,0.0,74.0,0.0
20150113200942,0.0,0.0,0.0,0.4,0.0,0.0,99.6,0.0
20150113201012,0.0,0.0,0.0,0.0,0.0,0.0,100.0,0.0
20150113201042,0.0,0.0,0.0,0.1,0.0,0.0,99.9,0.0
20150113201112,0.0,0.0,0.0,0.0,0.0,0.0,100.0,0.0
20150113201142,0.0,0.0,0.0,0.0,0.0,0.0,100.0,0.0
20150113201212,0.0,0.0,0.0,0.0,0.0,0.0,100.0,0.0
20150113201242,0.0,0.0,0.0,0.0,0.0,0.0,100.0,0.0
20150113201312,0.0,0.0,0.0,0.0,0.0,0.0,100.0,0.0
20150113201342,0.0,0.0,0.0,0.0,0.0,0.0,100.0,0.0
20150113201412,0.0,0.0,0.0,0.0,0.0,0.0,100.0,0.0
20150113201442,0.0,0.0,0.0,0.0,0.0,0.0,100.0,0.0
20150113201512,0.0,0.0,0.0,0.0,0.0,0.0,100.0,0.0
20150113201542,0.0,0.0,0.0,0.0,0.0,0.0,100.0,0.0
20150113201612,0.0,0.0,0.0,0.0,0.0,0.0,100.0,0.0
20150113201643,0.0,0.0,0.0,0.0,0.0,0.0,100.0,0.0
20150113201713,0.0,0.0,0.0,0.0,0.0,0.0,100.0,0.0
20150113201743,0.0,0.0,0.0,0.0,0.0,0.0,100.0,0.0
20150113201813,0.0,0.0,0.0,0.0,0.0,0.0,100.0,0.0
20150113201843,0.0,0.0,0.0,0.0,0.0,0.0,100.0,0.0
20150113201913,0.0,0.0,0.0,0.0,0.0,0.0,100.0,0.0
20150113201943,0.0,0.0,0.0,0.0,0.0,0.0,100.0,0.0
20150113202013,0.0,0.0,0.0,0.0,0.0,0.0,100.0,0.0
20150113202043,0.0,0.0,0.0,0.0,0.0,0.0,100.0,0.0
20150113202113,0.0,0.0,0.0,0.0,0.0,0.0,100.0,0.0
20150113202143,0.0,0.0,0.0,0.0,0.0,0.0,100.0,0.0
20150113202213,0.0,0.0,0.0,0.0,0.0,0.0,100.0,0.0
20150113202243,0.0,0.0,0.0,0.0,0.0,0.0,100.0,0.0
20150113202313,0.0,0.0,0.0,0.0,0.0,0.0,100.0,0.0
20150113202343,0.0,0.0,0.0,0.0,0.0,0.0,100.0,0.0
20150113202413,0.0,0.0,0.0,0.0,0.0,0.0,100.0,0.0
20150113202443,0.0,0.0,0.0,0.0,0.0,0.0,100.0,0.0
20150113202513,0.0,0.0,0.0,0.0,0.0,0.0,100.0,0.0
20150113202543,0.0,0.0,0.0,0.0,0.0,0.0,100.0,0.0
20150113202613,0.0,0.0,0.0,0.0,0.0,0.0,100.0,0.0
20150113202643,0.0,0.0,0.0,0.0,0.0,0.0,100.0,0.0
20150113202713,0.0,0.0,0.0,0.0,0.0,0.0,100.0,0.0
20150113202743,0.0,0.0,0.0,0.0,0.0,0.0,100.0,0.0
20150113202813,0.0,0.0,0.0,0.0,0.0,0.0,100.0,0.0
20150113202843,0.0,0.0,0.0,0.0,0.0,0.0,100.0,0.0
20150113202913,0.0,0.0,0.0,0.0,0.0,0.0,100.0,0.0
20150113202943,0.0,0.0,0.0,0.0,0.0,0.0,100.0,0.0
20150113203013,0.0,0.0,0.0,0.0,0.0,0.0,100.0,0.0
20150113203043,0.0,0.0,0.0,0.0,0.0,0.0,100.0,0.0
20150113203113,0.0,0.0,0.0,0.0,0.0,0.0,100.0,0.0
20150113203143,0.0,0.0,0.0,0.0,0.0,0.0,100.0,0.0
20150113203213,0.0,0.0,0.0,0.0,0.0,0.0,100.0,0.0
20150113203243,0.0,0.0,0.0,0.0,0.0,0.0,100.0,0.0
20150113203313,0.0,0.0,0.0,0.0,0.0,0.0,100.0,0.0
20150113203343,0.0,0.0,0.0,0.0,0.0,0.0,100.0,0.0
20150113203413,0.0,0.0,0.0,0.0,0.0,0.0,100.0,0.0
20150113203443,0.0,0.0,0.0,0.0,0.0,0.0,100.0,0.0
20150113203513,0.0,0.0,0.0,0.0,0.0,0.0,100.0,0.0
20150113203543,0.0,0.0,0.0,0.0,0.0,0.0,100.0,0.0
20150113203613,0.0,0.0,0.0,0.0,0.0,0.0,100.0,0.0
20150113203643,0.0,0.0,0.0,0.0,0.0,0.0,100.0,0.0
20150113203713,0.0,0.0,0.0,0.0,0.0,0.0,100.0,0.0
20150113203743,0.0,0.0,0.0,0.0,0.0,0.0,100.0,0.0
20150113203813,0.0,0.0,0.0,0.0,0.0,0.0,100.0,0.0
20150113203843,0.0,0.0,0.0,0.0,0.0,0.0,100.0,0.0
20150113203913,0.0,0.0,0.0,0.0,0.0,0.0,100.0,0.0
20150113203943,0.0,0.0,0.0,0.0,0.0,0.0,100.0,0.0
20150113204013,0.0,0.0,0.0,0.0,0.0,0.0,100.0,0.0
20150113204043,0.0,0.0,0.0,0.0,0.0,0.0,100.0,0.0
20150113204113,0.0,0.0,0.0,0.0,0.0,0.0,100.0,0.0
20150113204143,0.0,0.0,0.0,0.0,0.0,0.0,100.0,0.0
20150113204213,0.0,0.0,0.0,0.0,0.0,0.0,100.0,0.0
20150113204243,0.0,0.0,0.0,0.0,0.0,0.0,100.0,0.0
20150113204313,0.0,0.0,0.0,0.0,0.0,0.0,100.0,0.0
20150113204343,0.0,0.0,0.0,0.0,0.0,0.0,100.0,0.0
20150113204413,0.0,0.0,0.0,0.0,0.0,0.0,100.0,0.0
20150113204443,0.0,0.0,0.0,0.0,0.0,0.0,100.0,0.0
20150113204513,0.0,0.0,0.0,0.0,0.0,0.0,100.0,0.0
20150113204543,0.0,0.0,0.0,0.0,0.0,0.0,100.0,0.0
20150113204613,0.0,0.0,0.0,0.0,0.0,0.0,100.0,0.0
20150113204643,0.0,0.0,0.0,0.0,0.0,0.0,100.0,0.0
20150113204713,0.0,0.0,0.0,0.0,0.0,0.0,100.0,0.0
20150113204743,0.0,0.0,0.0,0.0,0.0,0.0,100.0,0.0
20150113204813,0.0,0.0,0.0,0.0,0.0,0.0,100.0,0.0
20150113204843,0.0,0.0,0.0,0.0,0.0,0.0,100.0,0.0
20150113204913,0.0,0.0,0.0,0.0,0.0,0.0,100.0,0.0
20150113204943,0.0,0.0,0.0,0.0,0.0,0.0,100.0,0.0
20150113205013,0.0,0.0,0.0,0.0,0.0,0.0,100.0,0.0
20150113205044,0.0,0.0,0.0,0.0,0.0,0.0,100.0,0.0
20150113205114,0.0,0.0,0.0,0.0,0.0,0.0,100.0,0.0
20150113205144,0.0,0.0,0.0,0.0,0.0,0.0,100.0,0.0
20150113205214,0.0,0.0,0.0,0.0,0.0,0.0,100.0,0.0
20150113205244,0.0,0.0,0.0,0.0,0.0,0.0,100.0,0.0
20150113205314,0.0,0.0,0.0,0.0,0.0,0.0,100.0,0.0
20150113205344,0.0,0.0,0.0,0.0,0.0,0.0,100.0,0.0
20150113205414,0.0,0.0,0.0,0.0,0.0,0.0,100.0,0.0
20150113205444,0.0,0.0,0.0,0.0,0.0,0.0,100.0,0.0
20150113205514,0.0,0.0,0.0,0.0,0.0,0.0,100.0,0.0
20150113205544,0.0,0.0,0.0,0.0,0.0,0.0,100.0,0.0
20150113205614,0.0,0.0,0.0,0.0,0.0,0.0,100.0,0.0
20150113205644,0.0,0.0,0.0,0.0,0.0,0.0,100.0,0.0
20150113205714,0.0,0.0,0.0,0.0,0.0,0.0,100.0,0.0
20150113205744,0.0,0.0,0.0,0.0,0.0,0.0,100.0,0.0
20150113205814,0.0,0.0,0.0,0.0,0.0,0.0,100.0,0.0
20150113205844,0.0,0.0,0.0,0.0,0.0,0.0,100.0,0.0
20150113205914,0.0,0.0,0.0,0.0,0.0,0.0,100.0,0.0
20150113205944,0.0,0.0,0.0,0.0,0.0,0.0,100.0,0.0
20150113210014,0.0,0.0,0.0,0.0,0.0,0.0,100.0,0.0
20150113210044,0.0,0.0,0.0,0.0,0.0,0.0,100.0,0.0
20150113210114,0.0,0.0,0.0,0.0,0.0,0.0,100.0,0.0
20150113210144,0.0,0.0,0.0,0.0,0.0,0.0,100.0,0.0
20150113210214,0.0,0.0,0.0,0.0,0.0,0.0,100.0,0.0
20150113210244,0.0,0.0,0.0,0.0,0.0,0.0,100.0,0.0
20150113210314,0.0,0.0,0.0,0.0,0.0,0.0,100.0,0.0
20150113210344,0.0,0.0,0.0,0.0,0.0,0.0,100.0,0.0
20150113210414,0.0,0.0,0.0,0.0,0.0,0.0,100.0,0.0
20150113210444,0.0,0.0,0.0,0.0,0.0,0.0,100.0,0.0
20150113210514,0.0,0.0,0.0,0.0,0.0,0.0,100.0,0.0
20150113210544,0.0,0.0,0.0,0.0,0.0,0.0,100.0,0.0
20150113210614,0.0,0.0,0.0,0.0,0.0,0.0,100.0,0.0
20150113210644,0.0,0.0,0.0,0.0,0.0,0.0,100.0,0.0
20150113210714,0.0,0.0,0.0,0.0,0.0,0.0,100.0,0.0
20150113210744,0.0,0.0,0.0,0.0,0.0,0.0,100.0,0.0
20150113210814,0.0,0.0,0.0,0.0,0.0,0.0,100.0,0.0
20150113210844,0.0,0.0,0.0,0.0,0.0,0.0,100.0,0.0
20150113210914,0.0,0.0,0.0,0.0,0.0,0.0,100.0,0.0
20150113210944,0.0,0.0,0.0,0.0,0.0,0.0,100.0,0.0
20150113211014,0.0,0.0,0.0,0.0,0.0,0.0,100.0,0.0
20150113211044,0.0,0.0,0.0,0.0,0.0,0.0,100.0,0.0
20150113211114,0.0,0.0,0.0,0.0,0.0,0.0,100.0,0.0
20150113211144,0.0,0.0,0.0,0.0,0.0,0.0,100.0,0.0
20150113211214,0.0,0.0,0.0,0.0,0.0,0.0,100.0,0.0
20150113211244,0.0,0.0,0.0,0.0,0.0,0.0,100.0,0.0
20150113211314,0.0,0.0,0.0,0.0,0.0,0.0,100.0,0.0
20150113211344,0.0,0.0,0.0,0.0,0.0,0.0,100.0,0.0
20150113211414,0.0,0.0,0.0,0.0,0.0,0.0,100.0,0.0
20150113211444,0.0,0.0,0.0,0.0,0.0,0.0,100.0,0.0
20150113211514,0.0,0.0,0.0,0.0,0.0,0.0,100.0,0.0
20150113211544,0.0,0.0,0.0,0.0,0.0,0.0,100.0,0.0
20150113211614,0.0,0.0,0.0,0.0,0.0,0.0,100.0,0.0
20150113211644,0.0,0.0,0.0,0.0,0.0,0.0,100.0,0.0
20150113211714,0.0,0.0,0.0,0.0,0.0,0.0,100.0,0.0
20150113211744,0.0,0.0,0.0,0.0,0.0,0.0,100.0,0.0
20150113211814,0.0,0.0,0.0,0.0,0.0,0.0,100.0,0.0
20150113211844,0.0,0.0,0.0,0.0,0.0,0.0,100.0,0.0
20150113211914,0.0,0.0,0.0,0.0,0.0,0.0,100.0,0.0
20150113211944,0.0,0.0,0.0,0.0,0.0,0.0,100.0,0.0
20150113212014,0.0,0.0,0.0,0.0,0.0,0.0,100.0,0.0
20150113212044,0.0,0.0,0.0,0.0,0.0,0.0,100.0,0.0
20150113212114,0.0,0.0,0.0,0.0,0.0,0.0,100.0,0.0
20150113212144,0.0,0.0,0.0,0.0,0.0,0.0,100.0,0.0
20150113212214,0.0,0.0,0.0,0.0,0.0,0.0,100.0,0.0
20150113212244,0.0,0.0,0.0,0.0,0.0,0.0,100.0,0.0
20150113212314,0.0,0.0,0.0,0.0,0.0,0.0,100.0,0.0
20150113212344,0.0,0.0,0.0,0.0,0.0,0.0,100.0,0.0
20150113212414,0.0,0.0,0.0,0.0,0.0,0.0,100.0,0.0
20150113212444,0.0,0.0,0.0,0.0,0.0,0.0,100.0,0.0
20150113212515,0.0,0.0,0.0,0.0,0.0,0.0,100.0,0.0
20150113212545,0.0,0.0,0.0,0.0,0.0,0.0,100.0,0.0
20150113212615,0.0,0.0,0.0,0.0,0.0,0.0,100.0,0.0
20150113212645,0.0,0.0,0.0,0.0,0.0,0.0,100.0,0.0
20150113212715,0.0,0.0,0.0,0.0,0.0,0.0,100.0,0.0
20150113212745,0.0,0.0,0.0,0.0,0.0,0.0,100.0,0.0
20150113212815,0.0,0.0,0.0,0.0,0.0,0.0,100.0,0.0
20150113212845,0.0,0.0,0.0,0.0,0.0,0.0,100.0,0.0
20150113212915,0.0,0.0,0.0,0.0,0.0,0.0,100.0,0.0
20150113212945,0.0,0.0,0.0,0.0,0.0,0.0,100.0,0.0
20150113213015,0.0,0.0,0.0,0.0,0.0,0.0,100.0,0.0
20150113213045,0.0,0.0,0.0,0.0,0.0,0.0,100.0,0.0
20150113213115,0.0,0.0,0.0,0.0,0.0,0.0,100.0,0.0
20150113213145,0.0,0.0,0.0,0.0,0.0,0.0,100.0,0.0
20150113213215,0.0,0.0,0.0,0.0,0.0,0.0,100.0,0.0
20150113213245,0.0,0.0,0.0,0.0,0.0,0.0,100.0,0.0
20150113213315,0.0,0.0,0.0,0.0,0.0,0.0,100.0,0.0
20150113213345,0.0,0.0,0.0,0.0,0.0,0.0,100.0,0.0
20150113213415,0.0,0.0,0.0,0.0,0.0,0.0,100.0,0.0
20150113213445,0.0,0.0,0.0,0.0,0.0,0.0,100.0,0.0
20150113213515,0.0,0.0,0.0,0.0,0.0,0.0,100.0,0.0
20150113213545,0.0,0.0,0.0,0.0,0.0,0.0,100.0,0.0
20150113213615,0.0,0.0,0.0,0.0,0.0,0.0,100.0,0.0
20150113213645,0.0,0.0,0.0,0.0,0.0,0.0,100.0,0.0
20150113213715,0.0,0.0,0.0,0.0,0.0,0.0,100.0,0.0
20150113213745,0.0,0.0,0.0,0.0,0.0,0.0,100.0,0.0
20150113213815,0.0,0.0,0.0,0.0,0.0,0.0,100.0,0.0
20150113213845,0.0,0.0,0.0,0.0,0.0,0.0,100.0,0.0
20150113213915,0.0,0.0,0.0,0.0,0.0,0.0,100.0,0.0
20150113213945,0.0,0.0,0.0,0.0,0.0,0.0,100.0,0.0
20150113214015,0.0,0.0,0.0,0.0,0.0,0.0,100.0,0.0
20150113214045,0.0,0.0,0.0,0.0,0.0,0.0,100.0,0.0
20150113214115,0.0,0.0,0.0,0.0,0.0,0.0,100.0,0.0
20150113214145,0.0,0.0,0.0,0.0,0.0,0.0,100.0,0.0
20150113214215,0.0,0.0,0.0,0.0,0.0,0.0,100.0,0.0
20150113214245,0.0,0.0,0.0,0.0,0.0,0.0,100.0,0.0
20150113214315,0.0,0.0,0.0,0.0,0.0,0.0,100.0,0.0
20150113214345,0.0,0.0,0.0,0.0,0.0,0.0,100.0,0.0
20150113214415,0.0,0.0,0.0,0.0,0.0,0.0,100.0,0.0
20150113214445,0.0,0.0,0.0,0.0,0.0,0.0,100.0,0.0
20150113214515,0.0,0.0,0.0,0.0,0.0,0.0,100.0,0.0
20150113214545,0.0,0.0,0.0,0.0,0.0,0.0,100.0,0.0
20150113214615,0.0,0.0,0.0,0.0,0.0,0.0,100.0,0.0
20150113214645,0.0,0.0,0.0,0.0,0.0,0.0,100.0,0.0
20150113214715,0.0,0.0,0.0,0.0,0.0,0.0,100.0,0.0
20150113214745,0.0,0.0,0.0,0.0,0.0,0.0,100.0,0.0
20150113214815,0.0,0.0,0.0,0.0,0.0,0.0,100.0,0.0
20150113214845,0.0,0.0,0.0,0.0,0.0,0.0,100.0,0.0
20150113214915,0.0,0.0,0.0,0.0,0.0,0.0,100.0,0.0
20150113214945,0.0,0.0,0.0,0.0,0.0,0.0,100.0,0.0
20150113215015,0.0,0.0,0.0,0.0,0.0,0.0,100.0,0.0
20150113215045,0.0,0.0,0.0,0.0,0.0,0.0,100.0,0.0
20150113215115,0.0,0.0,0.0,0.0,0.0,0.0,100.0,0.0
20150113215145,0.0,0.0,0.0,0.0,0.0,0.0,100.0,0.0
20150113215215,0.0,0.0,0.0,0.0,0.0,0.0,100.0,0.0
20150113215245,0.0,0.0,0.0,0.0,0.0,0.0,100.0,0.0
20150113215315,0.0,0.0,0.0,0.0,0.0,0.0,100.0,0.0
20150113215345,0.0,0.0,0.0,0.0,0.0,0.0,100.0,0.0
20150113215415,0.0,0.0,0.0,0.0,0.0,0.0,100.0,0.0
20150113215445,0.0,0.0,0.0,0.0,0.0,0.0,100.0,0.0
20150113215515,0.0,0.0,0.0,0.0,0.0,0.0,100.0,0.0
20150113215545,0.0,0.0,0.0,0.0,0.0,0.0,100.0,0.0
20150113215615,0.0,0.0,0.0,0.0,0.0,0.0,100.0,0.0
20150113215645,0.0,0.0,0.0,0.0,0.0,0.0,100.0,0.0
20150113215716,0.0,0.0,0.0,0.0,0.0,0.0,100.0,0.0
20150113215746,0.0,0.0,0.0,0.0,0.0,0.0,100.0,0.0
20150113215816,0.0,0.0,0.0,0.0,0.0,0.0,100.0,0.0
20150113215846,0.0,0.0,0.0,0.0,0.0,0.0,100.0,0.0
20150113215916,0.0,0.0,0.0,0.0,0.0,0.0,100.0,0.0
20150113215946,0.0,0.0,0.0,0.0,0.0,0.0,100.0,0.0
20150113220016,0.0,0.0,0.0,0.0,0.0,0.0,100.0,0.0
20150113220046,0.0,0.0,0.0,0.0,0.0,0.0,100.0,0.0
20150113220116,0.0,0.0,0.0,0.0,0.0,0.0,100.0,0.0
20150113220146,0.0,0.0,0.0,0.0,0.0,0.0,100.0,0.0
20150113220216,0.0,0.0,0.0,0.0,0.0,0.0,100.0,0.0
20150113220246,0.0,0.0,0.0,0.0,0.0,0.0,100.0,0.0
20150113220316,0.0,0.0,0.0,0.0,0.0,0.0,100.0,0.0
20150113220346,0.0,0.0,0.0,0.0,0.0,0.0,100.0,0.0
20150113220416,0.0,0.0,0.0,0.0,0.0,0.0,100.0,0.0
20150113220446,0.0,0.0,0.0,0.0,0.0,0.0,100.0,0.0
20150113220516,0.0,0.0,0.0,0.0,0.0,0.0,100.0,0.0
20150113220546,0.0,0.0,0.0,0.0,0.0,0.0,100.0,0.0
20150113220616,0.0,0.0,0.0,0.0,0.0,0.0,100.0,0.0
20150113220646,0.0,0.0,0.0,0.0,0.0,0.0,100.0,0.0
20150113220716,0.0,0.0,0.0,0.0,0.0,0.0,100.0,0.0
20150113220746,0.0,0.0,0.0,0.0,0.0,0.0,100.0,0.0
20150113220816,0.0,0.0,0.0,0.0,0.0,0.0,100.0,0.0
20150113220846,0.0,0.0,0.0,0.0,0.0,0.0,100.0,0.0
20150113220916,0.0,0.0,0.0,0.0,0.0,0.0,100.0,0.0
20150113220946,0.0,0.0,0.0,0.0,0.0,0.0,100.0,0.0
20150113221016,0.0,0.0,0.0,0.0,0.0,0.0,100.0,0.0
20150113221046,0.0,0.0,0.0,0.0,0.0,0.0,100.0,0.0
20150113221116,0.0,0.0,0.0,0.0,0.0,0.0,100.0,0.0
20150113221146,0.0,0.0,0.0,0.0,0.0,0.0,100.0,0.0
20150113221216,0.0,0.0,0.0,0.0,0.0,0.0,100.0,0.0
20150113221246,0.0,0.0,0.0,0.0,0.0,0.0,100.0,0.0
20150113221316,0.0,0.0,0.0,0.0,0.0,0.0,100.0,0.0
20150113221346,0.0,0.0,0.0,0.0,0.0,0.0,100.0,0.0
20150113221416,0.0,0.0,0.0,0.0,0.0,0.0,100.0,0.0
20150113221446,0.0,0.0,0.0,0.0,0.0,0.0,100.0,0.0
20150113221516,0.0,0.0,0.0,0.0,0.0,0.0,100.0,0.0
20150113221546,0.0,0.0,0.0,0.0,0.0,0.0,100.0,0.0
20150113221616,0.0,0.0,0.0,0.0,0.0,0.0,100.0,0.0
20150113221646,0.0,0.0,0.0,0.0,0.0,0.0,100.0,0.0
20150113221716,0.0,0.0,0.0,0.0,0.0,0.0,100.0,0.0
20150113221746,0.0,0.0,0.0,0.0,0.0,0.0,100.0,0.0
20150113221816,0.0,0.0,0.0,0.0,0.0,0.0,100.0,0.0
20150113221846,0.0,0.0,0.0,0.0,0.0,0.0,100.0,0.0
20150113221916,0.0,0.0,0.0,0.0,0.0,0.0,100.0,0.0
20150113221946,0.0,0.0,0.0,0.0,0.0,0.0,100.0,0.0
20150113222016,0.0,0.0,0.0,0.0,0.0,0.0,100.0,0.0
20150113222046,0.0,0.0,0.4,5.9,0.0,0.0,93.6,0.0
20150113222116,0.0,0.0,6.8,90.8,0.0,0.0,2.4,0.0
20150113222146,0.0,0.0,0.8,98.3,0.1,0.0,0.9,0.0
20150113222216,0.0,0.0,2.1,97.9,0.0,0.0,0.0,0.0
20150113222246,0.0,0.0,30.2,49.8,0.0,0.0,20.0,0.0
20150113222316,0.0,0.0,0.2,5.8,0.0,0.0,94.0,0.0
20150113222346,0.0,0.0,3.0,1.5,0.0,0.0,95.5,0.0
20150113222416,0.0,0.0,13.0,86.2,0.1,0.0,0.7,0.0
20150113222446,0.0,0.0,0.1,99.9,0.0,0.0,0.0,0.0
20150113222516,0.0,0.0,0.0,100.0,0.0,0.0,0.0,0.0
20150113222546,0.0,0.0,0.2,99.7,0.0,0.0,0.0,0.0
20150113222616,0.0,0.0,1.8,97.9,0.3,0.0,0.0,0.0
20150113222647,0.0,0.0,0.1,99.7,0.2,0.0,0.0,0.0
20150113222717,0.0,0.0,0.1,99.2,0.7,0.0,0.0,0.0
20150113222747,0.0,0.0,0.1,99.5,0.5,0.0,0.0,0.0
20150113222817,0.0,0.0,0.0,98.0,2.0,0.0,0.0,0.0
20150113222847,0.0,0.0,0.3,99.5,0.2,0.0,0.0,0.0
20150113222917,0.0,0.0,1.9,97.2,1.0,0.0,0.0,0.0
20150113222947,0.0,0.0,0.5,99.5,0.0,0.0,0.0,0.0
20150113223017,0.0,0.0,3.5,95.0,1.5,0.0,0.0,0.0
20150113223047,0.0,0.0,0.8,99.1,0.1,0.0,0.0,0.0
20150113223117,0.0,0.0,0.3,99.7,0.0,0.0,0.0,0.0
20150113223147,0.0,0.0,0.4,99.5,0.1,0.0,0.0,0.0
20150113223217,0.0,0.0,0.1,99.8,0.1,0.0,0.0,0.0
20150113223247,0.0,0.0,0.1,99.2,0.7,0.0,0.0,0.0
20150113223317,0.0,0.0,0.1,85.3,14.6,0.0,0.0,0.0
20150113223347,0.0,0.0,0.0,88.7,11.3,0.0,0.0,0.0
20150113223417,0.0,0.0,0.1,96.2,3.7,0.0,0.0,0.0
20150113223447,0.0,0.0,0.2,77.8,22.0,0.0,0.0,0.0
20150113223517,0.0,0.0,0.0,99.8,0.1,0.0,0.0,0.0
20150113223547,0.0,0.0,0.0,99.9,0.1,0.0,0.0,0.0
20150113223617,0.0,0.0,0.0,100.0,0.0,0.0,0.0,0.0
20150113223647,0.0,0.0,0.1,99.9,0.0,0.0,0.0,0.0
20150113223717,0.0,0.0,0.3,99.6,0.0,0.0,0.1,0.0
20150113223747,0.0,0.0,0.1,99.9,0.0,0.0,0.0,0.0
20150113223817,0.0,0.0,0.7,97.3,0.0,0.0,2.0,0.0
20150113223847,0.0,0.0,0.1,99.5,0.2,0.0,0.1,0.0
20150113223917,0.0,0.0,0.1,99.2,0.4,0.0,0.3,0.0
20150113223947,0.0,0.0,0.1,98.0,1.3,0.0,0.6,0.0
20150113224017,0.0,0.0,0.0,99.9,0.0,0.0,0.0,0.0
20150113224047,0.0,0.0,0.0,99.8,0.2,0.0,0.0,0.0
20150113224117,0.0,0.0,0.1,99.0,0.7,0.0,0.2,0.0
20150113224147,0.0,0.0,0.0,99.9,0.1,0.0,0.0,0.0
20150113224217,0.0,0.0,0.1,99.1,0.9,0.0,0.0,0.0
20150113224247,0.0,0.0,0.1,99.3,0.6,0.0,0.0,0.0
20150113224317,0.0,0.0,0.0,99.8,0.1,0.0,0.0,0.0
20150113224347,0.0,0.2,4.9,94.1,0.5,0.0,0.2,0.0
20150113224417,0.0,0.0,2.1,97.8,0.1,0.0,0.0,0.0
20150113224447,0.0,0.0,0.4,99.4,0.1,0.0,0.1,0.0
20150113224517,0.0,0.0,0.1,98.8,1.0,0.0,0.0,0.0
20150113224547,0.0,0.0,0.0,99.9,0.1,0.0,0.0,0.0
20150113224617,0.0,0.2,0.0,99.1,0.6,0.0,0.0,0.0
20150113224647,0.0,0.1,0.2,99.4,0.2,0.0,0.0,0.0
20150113224717,0.0,0.6,0.4,95.2,3.8,0.0,0.0,0.0
20150113224747,0.0,0.2,0.0,99.1,0.6,0.0,0.0,0.0
20150113224817,0.0,0.0,0.0,99.5,0.4,0.0,0.0,0.0
20150113224847,0.0,1.0,0.3,96.6,2.2,0.0,0.0,0.0
20150113224917,0.0,0.5,0.1,92.6,6.8,0.0,0.0,0.0
20150113224947,0.0,0.1,1.9,97.3,0.7,0.0,0.0,0.0
20150113225017,0.0,0.2,0.1,99.1,0.7,0.0,0.0,0.0
20150113225047,0.0,1.5,0.3,94.4,3.8,0.0,0.0,0.0
20150113225117,0.3,0.1,0.1,99.2,0.2,0.0,0.0,0.0
20150113225147,0.0,0.0,0.0,99.7,0.3,0.0,0.0,0.0
20150113225217,0.0,0.0,0.0,99.1,0.8,0.0,0.0,0.0
20150113225247,0.0,0.0,0.0,99.7,0.2,0.0,0.0,0.0
20150113225317,0.0,0.0,0.1,99.7,0.2,0.0,0.0,0.0
20150113225347,0.0,0.0,0.0,99.9,0.0,0.0,0.0,0.0
20150113225417,0.0,0.0,0.0,100.0,0.0,0.0,0.0,0.0
20150113225447,0.0,0.0,0.0,99.9,0.1,0.0,0.0,0.0
20150113225517,0.0,0.0,0.0,99.9,0.1,0.0,0.0,0.0
20150113225547,0.0,0.0,0.0,99.9,0.1,0.0,0.0,0.0
20150113225617,0.0,0.0,0.0,99.5,0.5,0.0,0.0,0.0
20150113225647,0.0,0.0,0.0,97.9,2.1,0.0,0.0,0.0
20150113225717,0.0,0.0,0.0,100.0,0.0,0.0,0.0,0.0
20150113225747,0.0,0.0,0.0,100.0,0.0,0.0,0.0,0.0
20150113225817,0.0,0.0,0.0,100.0,0.0,0.0,0.0,0.0
20150113225847,0.0,0.0,0.0,99.9,0.1,0.0,0.0,0.0
20150113225917,0.0,0.0,0.0,99.6,0.3,0.0,0.0,0.0
20150113225947,0.0,0.0,0.0,99.6,0.4,0.0,0.0,0.0
20150113230017,0.0,0.0,0.0,99.7,0.3,0.0,0.0,0.0
20150113230048,0.0,0.0,0.0,99.4,0.5,0.0,0.0,0.0
20150113230118,0.0,0.0,0.0,99.9,0.0,0.0,0.0,0.0
20150113230148,0.0,0.0,0.0,100.0,0.0,0.0,0.0,0.0
20150113230218,0.0,0.0,0.0,100.0,0.0,0.0,0.0,0.0
20150113230248,0.0,0.0,0.0,100.0,0.0,0.0,0.0,0.0
20150113230318,0.0,0.0,0.0,100.0,0.0,0.0,0.0,0.0
20150113230348,0.0,0.0,0.0,99.9,0.0,0.0,0.0,0.0
20150113230418,0.0,0.0,0.0,100.0,0.0,0.0,0.0,0.0
20150113230448,0.0,0.0,0.1,99.7,0.2,0.0,0.0,0.0
20150113230518,0.0,0.0,0.0,100.0,0.0,0.0,0.0,0.0
20150113230548,0.0,0.0,0.0,100.0,0.0,0.0,0.0,0.0
20150113230618,0.0,0.0,0.0,100.0,0.0,0.0,0.0,0.0
20150113230648,0.0,0.0,7.7,91.7,0.5,0.0,0.0,0.0
20150113230718,0.0,0.0,3.9,95.9,0.2,0.0,0.0,0.0
20150113230748,0.0,0.0,2.3,97.5,0.3,0.0,0.0,0.0
20150113230818,0.0,0.0,5.7,93.6,0.5,0.0,0.1,0.0
20150113230848,0.0,0.0,0.6,99.3,0.0,0.0,0.1,0.0
20150113230918,0.0,0.0,0.2,99.7,0.0,0.0,0.1,0.0
20150113230948,0.0,0.0,0.1,99.9,0.0,0.0,0.0,0.0
20150113231018,0.0,0.0,0.1,99.9,0.0,0.0,0.0,0.0
20150113231048,0.0,0.0,0.3,99.7,0.0,0.0,0.1,0.0
20150113231118,0.0,0.0,0.1,99.9,0.0,0.0,0.0,0.0
20150113231148,0.0,0.0,0.0,100.0,0.0,0.0,0.0,0.0
20150113231218,0.0,0.0,4.6,94.9,0.0,0.0,0.4,0.2
20150113231248,0.0,0.0,1.0,97.9,0.0,0.0,1.0,0.0
20150113231318,0.0,0.0,0.0,99.9,0.0,0.0,0.0,0.0
20150113231348,0.0,0.0,0.5,99.5,0.0,0.0,0.1,0.0
20150113231418,0.0,0.0,0.0,100.0,0.0,0.0,0.0,0.0
20150113231448,0.0,0.0,0.0,99.9,0.1,0.0,0.0,0.0
20150113231518,0.0,0.0,0.1,95.8,4.1,0.0,0.0,0.0
20150113231548,0.0,0.0,0.2,97.4,2.4,0.0,0.0,0.0
20150113231618,0.0,0.0,0.1,98.7,1.2,0.0,0.0,0.0
20150113231648,0.0,0.0,0.3,99.0,0.7,0.0,0.0,0.0
20150113231718,0.0,0.0,0.1,98.0,1.9,0.0,0.0,0.0
20150113231748,0.0,0.0,0.0,99.9,0.0,0.0,0.0,0.0
20150113231818,0.0,0.0,0.1,99.9,0.0,0.0,0.0,0.0
20150113231848,0.0,0.0,0.0,100.0,0.0,0.0,0.0,0.0
20150113231918,0.0,0.0,0.0,100.0,0.0,0.0,0.0,0.0
20150113231948,0.0,0.0,0.1,98.4,1.4,0.0,0.0,0.0
20150113232018,0.0,0.0,0.0,99.9,0.0,0.0,0.1,0.0
20150113232048,0.0,0.0,0.0,100.0,0.0,0.0,0.0,0.0
20150113232118,0.0,0.0,0.0,100.0,0.0,0.0,0.0,0.0
20150113232148,0.0,0.0,0.0,100.0,0.0,0.0,0.0,0.0
20150113232218,0.0,0.0,0.0,100.0,0.0,0.0,0.0,0.0
20150113232248,0.0,0.0,0.0,100.0,0.0,0.0,0.0,0.0
20150113232318,0.0,0.0,0.0,100.0,0.0,0.0,0.0,0.0
20150113232348,0.0,0.0,0.0,100.0,0.0,0.0,0.0,0.0
20150113232418,0.0,0.0,0.0,99.9,0.1,0.0,0.0,0.0
20150113232448,0.0,0.0,0.9,82.2,2.1,0.0,7.2,7.6
20150113232518,0.0,0.0,0.0,100.0,0.0,0.0,0.0,0.0
20150113232548,0.0,0.0,0.0,100.0,0.0,0.0,0.0,0.0
20150113232618,0.0,0.0,0.0,99.3,0.7,0.0,0.0,0.0
20150113232648,0.0,0.0,0.0,100.0,0.0,0.0,0.0,0.0
20150113232718,0.0,0.0,0.0,99.7,0.3,0.0,0.0,0.0
20150113232748,0.0,0.0,0.0,100.0,0.0,0.0,0.0,0.0
20150113232818,0.0,0.0,0.0,99.6,0.4,0.0,0.0,0.0
20150113232848,0.0,0.0,0.0,99.9,0.1,0.0,0.0,0.0
20150113232918,0.0,0.0,0.0,99.1,0.9,0.0,0.0,0.0
20150113232948,0.0,0.0,0.0,99.8,0.1,0.0,0.0,0.0
20150113233018,0.0,0.0,0.0,99.8,0.0,0.0,0.2,0.0
20150113233048,0.0,0.0,0.0,99.1,0.0,0.0,0.7,0.3
20150113233118,0.0,0.0,0.1,98.9,0.0,0.0,0.9,0.1
20150113233148,0.0,0.0,0.0,99.2,0.0,0.0,0.7,0.1
20150113233218,0.0,0.0,0.0,98.9,0.1,0.0,0.8,0.3
20150113233248,0.0,0.0,0.0,99.2,0.1,0.0,0.5,0.1
20150113233318,0.0,0.0,0.0,99.5,0.0,0.0,0.4,0.1
20150113233348,0.0,0.0,0.3,90.0,0.5,0.0,7.3,1.9
20150113233418,0.0,0.0,0.0,99.9,0.0,0.0,0.1,0.1
20150113233449,0.0,0.0,0.0,99.7,0.0,0.0,0.2,0.1
20150113233519,0.0,0.0,0.0,99.5,0.1,0.0,0.3,0.1
20150113233549,0.0,0.0,0.0,99.0,0.0,0.0,0.8,0.1
20150113233619,0.0,0.0,0.1,83.5,0.1,0.0,14.6,1.7
20150113233649,0.0,0.0,0.4,53.8,0.2,0.0,43.1,2.5
20150113233719,0.0,0.0,0.0,98.6,0.1,0.0,0.7,0.6
20150113233749,0.0,0.0,0.0,99.0,0.1,0.0,0.5,0.3
20150113233819,0.0,0.0,0.0,97.1,0.2,0.0,1.2,1.5
20150113233849,0.0,0.0,0.0,66.0,0.0,0.0,33.1,0.9
20150113233919,0.0,0.0,0.0,78.9,0.1,0.0,19.5,1.5
20150113233949,0.0,0.0,0.0,88.0,0.0,0.0,10.4,1.5
20150113234019,0.0,0.0,0.0,91.0,0.0,0.0,8.9,0.2
20150113234049,0.0,0.0,0.0,93.8,0.0,0.0,6.2,0.0
20150113234119,0.0,0.0,0.0,60.2,0.0,0.0,39.3,0.4
20150113234149,0.0,0.0,0.0,32.7,0.0,0.0,65.8,1.5
20150113234219,0.0,0.0,0.0,50.3,0.0,0.0,49.3,0.4
20150113234249,0.0,0.0,0.0,19.8,0.0,0.0,79.7,0.5
20150113234319,0.0,0.0,0.0,41.7,0.0,0.0,57.6,0.6
20150113234349,0.0,0.0,0.0,91.4,0.0,0.0,8.1,0.4
20150113234419,0.0,0.0,0.0,73.0,0.0,0.0,26.9,0.1
20150113234449,0.0,0.0,0.0,66.6,0.0,0.0,33.2,0.2
20150113234519,0.0,0.0,0.0,82.0,0.0,0.0,17.7,0.3
20150113234549,0.0,0.0,0.0,20.2,0.0,0.0,79.8,0.0
20150113234619,0.0,0.0,0.0,32.8,0.1,0.0,66.6,0.5
20150113234649,0.0,0.0,0.0,40.3,0.0,0.0,59.7,0.0
20150113234719,0.0,0.0,0.0,24.1,0.0,0.0,75.8,0.1
20150113234749,0.0,0.0,0.0,1.9,0.0,0.0,98.1,0.0
20150113234819,0.0,0.0,0.0,0.1,0.0,0.0,99.9,0.0
20150113234849,0.0,0.0,0.0,30.8,0.0,0.0,69.1,0.2
20150113234919,0.0,0.0,0.0,1.1,0.0,0.0,98.8,0.0
20150113234949,0.0,0.0,0.0,0.1,0.0,0.0,99.9,0.0
20150113235019,0.0,0.0,0.0,1.0,0.0,0.0,99.0,0.0
20150113235049,0.0,0.0,0.0,0.4,0.0,0.0,99.6,0.0
20150113235119,0.0,0.0,0.0,1.1,0.0,0.0,98.8,0.1
20150113235149,0.0,0.0,0.0,0.4,0.0,0.0,99.5,0.0
20150113235219,0.0,0.0,0.0,0.2,0.0,0.0,99.8,0.0
20150113235249,0.0,0.0,0.0,1.4,0.0,0.0,98.6,0.0
20150113235319,0.0,0.0,0.0,0.8,0.0,0.0,99.2,0.0
20150113235349,0.0,0.0,0.0,0.1,0.0,0.0,99.9,0.0
20150113235419,0.0,0.0,0.0,0.7,0.0,0.0,99.3,0.0
20150113235449,0.0,0.0,0.0,4.9,0.0,0.0,95.1,0.0
20150113235519,0.0,0.0,0.0,6.8,0.0,0.0,93.2,0.0
20150113235549,0.0,0.0,0.0,0.0,0.0,0.0,100.0,0.0
20150113235619,0.0,0.0,0.0,0.2,0.0,0.0,99.8,0.0
20150113235649,0.0,0.0,0.0,0.3,0.0,0.0,99.7,0.0
20150113235719,0.0,0.0,0.0,0.2,0.0,0.0,99.8,0.0
20150113235749,0.0,0.0,0.0,0.0,0.0,0.0,100.0,0.0
20150113235819,0.0,0.0,0.0,0.0,0.0,0.0,99.9,0.0
20150113235849,0.0,0.0,0.0,0.2,0.0,0.0,99.7,0.1
20150113235919,0.0,0.0,0.0,0.4,0.0,0.0,99.5,0.1
20150113235949,0.0,0.0,0.0,0.6,0.0,0.0,98.8,0.6
20150114000019,0.0,0.0,0.0,0.9,0.0,0.0,99.0,0.0
20150114000049,0.0,0.0,0.0,2.3,0.0,0.0,97.6,0.1
20150114000119,0.0,0.0,0.0,30.6,0.0,0.0,69.2,0.2
20150114000149,0.0,0.0,0.0,17.5,0.0,0.0,82.4,0.1
20150114000220,0.0,0.0,0.0,2.0,0.0,0.0,97.9,0.0
20150114000250,0.0,0.0,0.0,13.5,0.0,0.0,86.0,0.4
20150114000320,0.0,0.0,0.0,1.3,0.0,0.0,98.7,0.0
20150114000350,0.0,0.0,0.0,88.1,0.2,0.0,10.0,1.7
20150114000420,0.0,0.0,0.0,81.5,0.2,0.0,17.7,0.6
20150114000450,0.0,0.0,0.0,47.6,0.0,0.0,51.7,0.8
20150114000520,0.0,0.0,0.0,1.9,0.0,0.0,98.1,0.1
20150114000550,0.0,0.0,0.0,20.7,0.0,0.0,79.2,0.1
20150114000620,0.0,0.0,0.0,3.6,0.0,0.0,96.3,0.0
20150114000650,0.0,0.0,0.0,1.9,0.0,0.0,98.0,0.1
20150114000720,0.0,0.0,0.0,0.4,0.0,0.0,99.2,0.4
20150114000750,0.0,0.0,0.0,55.7,0.0,0.0,19.0,25.2
20150114000820,0.0,0.0,0.0,82.1,0.0,0.0,16.9,0.9
20150114000850,0.0,0.0,0.0,39.9,0.0,0.0,54.3,5.9
20150114000920,0.0,0.0,0.0,7.4,0.0,0.0,90.6,2.0
20150114000950,0.0,0.0,0.0,4.8,0.0,0.0,94.9,0.3
20150114001020,0.0,0.0,0.0,1.7,0.0,0.0,98.3,0.0
20150114001050,0.0,0.0,0.0,1.8,0.0,0.0,97.4,0.7
20150114001120,0.0,0.0,0.0,0.0,0.0,0.0,99.8,0.2
20150114001150,0.0,0.0,0.0,10.8,0.0,0.0,87.8,1.4
20150114001220,0.0,0.0,0.0,20.2,0.0,0.0,79.4,0.4
20150114001250,0.0,0.0,0.0,1.6,0.0,0.0,98.2,0.1
20150114001320,0.0,0.0,0.0,2.5,0.0,0.0,97.1,0.4
20150114001350,0.0,0.0,0.0,11.8,0.0,0.0,87.7,0.5
20150114001420,0.0,0.0,0.0,2.9,0.0,0.0,96.9,0.2
20150114001450,0.0,0.0,0.0,0.1,0.0,0.0,99.7,0.2
20150114001520,0.0,0.0,0.0,0.0,0.0,0.0,100.0,0.0
20150114001550,0.0,0.0,0.0,0.3,0.0,0.0,99.5,0.2
20150114001620,0.0,0.0,0.0,0.4,0.0,0.0,99.5,0.1
20150114001650,0.0,0.0,0.0,0.2,0.0,0.0,99.8,0.0
20150114001720,0.0,0.0,0.0,0.8,0.0,0.0,99.1,0.1
20150114001750,0.0,0.0,0.0,0.1,0.0,0.0,99.9,0.0
20150114001820,0.0,0.0,0.0,0.2,0.0,0.0,99.8,0.0
20150114001850,0.0,0.0,0.0,0.3,0.0,0.0,99.7,0.0
20150114001920,0.0,0.0,0.0,0.0,0.0,0.0,100.0,0.0
20150114001950,0.0,0.0,0.0,4.9,0.0,0.0,95.1,0.0
20150114002020,0.0,0.0,0.0,52.3,0.0,0.0,47.7,0.1
20150114002050,0.0,0.0,0.0,6.4,0.0,0.0,93.6,0.0
20150114002120,0.0,0.0,0.0,9.3,0.0,0.0,90.6,0.1
20150114002150,0.0,0.0,0.0,0.3,0.0,0.0,99.7,0.1
20150114002220,0.0,0.0,0.0,0.1,0.0,0.0,99.9,0.0
20150114002250,0.0,0.0,0.0,0.0,0.0,0.0,100.0,0.0
20150114002320,0.0,0.0,0.0,0.0,0.0,0.0,100.0,0.0
20150114002350,0.0,0.0,0.0,0.0,0.0,0.0,100.0,0.0
20150114002420,0.0,0.0,0.0,0.0,0.0,0.0,100.0,0.0
20150114002450,0.0,0.0,0.0,0.0,0.0,0.0,100.0,0.0
20150114002520,0.0,0.0,0.0,0.0,0.0,0.0,100.0,0.0
20150114002550,0.0,0.0,0.0,0.0,0.0,0.0,100.0,0.0
20150114002620,0.0,0.0,0.0,0.0,0.0,0.0,100.0,0.0
20150114002650,0.0,0.0,0.0,0.0,0.0,0.0,100.0,0.0
20150114002720,0.0,0.0,0.0,0.0,0.0,0.0,100.0,0.0
20150114002750,0.0,0.0,0.0,0.0,0.0,0.0,100.0,0.0
20150114002820,0.0,0.0,0.0,0.0,0.0,0.0,100.0,0.0
20150114002850,0.0,0.0,0.0,0.0,0.0,0.0,100.0,0.0
20150114002920,0.0,0.0,0.0,0.0,0.0,0.0,100.0,0.0
20150114002950,0.0,0.0,0.0,0.0,0.0,0.0,100.0,0.0
20150114003020,0.0,0.0,0.0,0.0,0.0,0.0,100.0,0.0
20150114003050,0.0,0.0,0.0,0.1,0.0,0.0,99.9,0.0
20150114003120,0.0,0.0,0.0,0.1,0.0,0.0,99.9,0.0
20150114003150,0.0,0.0,0.0,1.4,0.0,0.0,98.6,0.0
20150114003220,0.0,0.0,0.0,64.0,0.0,0.0,35.5,0.5
20150114003250,0.0,0.0,0.0,0.4,0.0,0.0,99.5,0.0
20150114003320,0.0,0.0,0.0,39.0,0.0,0.0,61.0,0.0
20150114003350,0.0,0.0,0.0,99.4,0.0,0.0,0.6,0.0
20150114003420,0.0,0.0,0.0,0.0,0.0,0.0,100.0,0.0
20150114003450,0.0,0.0,0.0,0.2,0.0,0.0,99.8,0.0
20150114003520,0.0,0.0,0.0,0.0,0.0,0.0,100.0,0.0
20150114003550,0.0,0.0,0.0,0.0,0.0,0.0,100.0,0.0
20150114003621,0.0,0.0,0.0,0.0,0.0,0.0,100.0,0.0
20150114003651,0.0,0.0,0.0,0.0,0.0,0.0,100.0,0.0
20150114003721,0.0,0.0,0.0,0.4,0.0,0.0,99.6,0.0
20150114003751,0.0,0.0,0.0,0.7,0.0,0.0,99.3,0.0
20150114003821,0.0,0.0,0.0,0.6,0.0,0.0,99.4,0.0
20150114003851,0.0,0.0,0.0,6.6,0.0,0.0,93.4,0.0
20150114003921,0.0,0.0,0.0,0.2,0.0,0.0,99.8,0.0
20150114003951,0.0,0.0,0.0,0.0,0.0,0.0,100.0,0.0
20150114004021,0.0,0.0,0.0,0.0,0.0,0.0,100.0,0.0
20150114004051,0.0,0.0,0.0,0.0,0.0,0.0,100.0,0.0
20150114004121,0.0,0.0,0.0,0.0,0.0,0.0,100.0,0.0
20150114004151,0.0,0.0,0.0,0.0,0.0,0.0,100.0,0.0
20150114004221,0.0,0.0,0.0,0.1,0.0,0.0,99.9,0.0
20150114004251,0.0,0.0,0.0,0.0,0.0,0.0,100.0,0.0
20150114004321,0.0,0.0,0.0,0.0,0.0,0.0,100.0,0.0
20150114004351,0.0,0.0,0.0,0.0,0.0,0.0,99.9,0.0
20150114004421,0.0,0.0,0.0,0.1,0.0,0.0,99.9,0.0
20150114004451,0.0,0.0,0.0,0.0,0.0,0.0,100.0,0.0
20150114004521,0.0,0.0,0.0,0.0,0.0,0.0,100.0,0.0
20150114004551,0.0,0.0,0.0,2.2,0.0,0.0,97.8,0.0
20150114004621,0.0,0.0,0.0,2.4,0.0,0.0,97.6,0.0
20150114004651,0.0,0.0,0.0,0.4,0.0,0.0,99.6,0.0
20150114004721,0.0,0.0,0.0,6.1,0.0,0.0,93.9,0.1
20150114004751,0.0,0.0,0.0,1.5,0.0,0.0,98.4,0.0
20150114004821,0.0,0.0,0.0,38.0,0.0,0.0,62.0,0.0
20150114004851,0.0,0.0,0.0,0.9,0.0,0.0,99.1,0.0
20150114004921,0.0,0.0,0.0,13.1,0.0,0.0,86.9,0.0
20150114004951,0.0,0.0,0.0,0.3,0.0,0.0,99.7,0.0
20150114005021,0.0,0.0,0.0,0.5,0.0,0.0,99.5,0.0
20150114005051,0.0,0.0,0.0,5.3,0.0,0.0,94.7,0.0
20150114005121,0.0,0.0,0.0,3.7,0.0,0.0,96.3,0.1
20150114005151,0.0,0.0,0.0,2.1,0.0,0.0,97.9,0.0
20150114005221,0.0,0.0,0.0,0.1,0.0,0.0,99.9,0.0
20150114005251,0.0,0.0,0.0,0.1,0.0,0.0,99.9,0.0
20150114005321,0.0,0.0,0.0,4.3,0.0,0.0,95.6,0.1
20150114005351,0.0,0.0,0.0,0.1,0.0,0.0,99.9,0.0
20150114005421,0.0,0.0,0.0,2.3,0.0,0.0,97.6,0.1
20150114005451,0.0,0.0,0.0,13.2,0.0,0.0,86.8,0.0
20150114005521,0.0,0.0,0.0,0.6,0.0,0.0,99.3,0.0
20150114005551,0.0,0.0,0.0,3.0,0.0,0.0,96.9,0.1
20150114005621,0.0,0.0,0.0,16.9,0.0,0.0,83.0,0.1
20150114005651,0.0,0.0,0.0,6.2,0.0,0.0,93.7,0.1
20150114005721,0.0,0.0,0.0,1.0,0.0,0.0,98.9,0.0
20150114005751,0.0,0.0,0.0,0.0,0.0,0.0,100.0,0.0
20150114005821,0.0,0.0,0.0,0.7,0.0,0.0,99.3,0.0
20150114005851,0.0,0.0,0.0,0.2,0.0,0.0,99.8,0.0
20150114005921,0.0,0.0,0.0,0.1,0.0,0.0,99.9,0.0
20150114005951,0.0,0.0,0.0,0.0,0.0,0.0,100.0,0.0
20150114010021,0.0,0.0,0.0,0.0,0.0,0.0,100.0,0.0
20150114010051,0.0,0.0,0.0,0.0,0.0,0.0,100.0,0.0
20150114010121,0.0,0.0,0.0,0.0,0.0,0.0,99.9,0.0
20150114010151,0.0,0.0,0.4,0.1,0.0,0.0,99.5,0.0
20150114010221,0.0,0.0,0.0,0.0,0.0,0.0,100.0,0.0
20150114010251,0.0,0.0,0.1,1.3,0.0,0.0,98.7,0.0
20150114010321,0.0,0.0,0.0,0.2,0.0,0.0,99.8,0.0
20150114010351,0.0,0.0,0.2,0.3,0.0,0.0,99.5,0.0
20150114010421,0.0,0.0,0.0,0.0,0.0,0.0,100.0,0.0
20150114010451,0.0,0.0,0.4,7.0,0.0,0.0,92.6,0.0
20150114010521,0.0,0.0,0.7,1.3,0.0,0.0,98.0,0.0
20150114010551,0.0,0.0,0.0,0.4,0.0,0.0,99.5,0.0
20150114010621,0.0,0.0,7.4,13.4,0.0,0.0,79.2,0.0
20150114010651,0.0,0.0,4.0,11.2,0.0,0.0,84.8,0.0
20150114010721,0.0,0.0,17.7,78.5,0.0,0.0,3.7,0.1
20150114010751,0.0,0.0,2.3,79.8,0.0,0.0,17.3,0.6
20150114010821,0.0,0.0,3.4,25.6,0.0,0.0,70.5,0.5
20150114010851,0.0,0.0,21.6,38.3,0.0,0.0,38.7,1.3
20150114010921,0.0,0.0,1.0,10.3,0.0,0.0,88.7,0.0
20150114010951,0.0,0.0,0.2,98.2,0.0,0.0,1.2,0.3
20150114011021,0.0,0.0,0.1,96.2,0.0,0.0,2.8,0.9
20150114011052,0.0,0.0,5.8,27.2,0.0,0.0,66.5,0.4
20150114011122,0.0,0.0,2.7,61.5,0.0,0.0,34.9,0.9
20150114011152,0.0,0.0,25.3,53.0,0.0,0.0,21.7,0.1
20150114011222,0.0,0.0,5.0,44.9,0.0,0.0,49.9,0.2
20150114011252,0.0,0.0,8.2,64.4,0.0,0.0,26.4,1.0
20150114011322,0.0,0.0,5.3,90.4,0.0,0.0,4.1,0.2
20150114011352,0.0,0.0,5.3,92.6,0.1,0.0,1.9,0.0
20150114011422,0.0,0.0,29.9,55.6,0.0,0.0,14.4,0.0
20150114011452,0.0,0.0,1.2,7.0,0.0,0.0,91.5,0.3
20150114011522,0.0,0.0,1.4,71.7,0.1,0.0,25.2,1.7
20150114011552,0.0,0.0,3.9,8.6,0.0,0.0,86.3,1.1
20150114011622,0.0,0.0,0.5,2.9,0.0,0.0,95.2,1.3
20150114011652,0.0,0.0,0.9,1.4,0.0,0.0,96.7,1.0
20150114011722,0.0,0.0,0.1,0.1,0.0,0.0,99.8,0.0
20150114011752,0.0,0.0,0.0,0.4,0.0,0.0,97.0,2.5
20150114011822,0.0,0.0,0.0,1.1,0.0,0.0,98.7,0.2
20150114011852,0.0,0.0,0.0,7.8,0.0,0.0,88.0,4.1
20150114011922,0.0,0.0,0.0,0.1,0.0,0.0,99.6,0.3
20150114011952,0.0,0.0,0.0,0.0,0.0,0.0,100.0,0.0
20150114012022,0.0,0.0,0.0,0.0,0.0,0.0,99.9,0.0
20150114012052,0.0,0.0,0.0,0.1,0.0,0.0,99.6,0.2
20150114012122,0.0,0.0,0.0,0.0,0.0,0.0,99.6,0.4
20150114012152,0.0,0.0,0.0,0.0,0.0,0.0,100.0,0.0
20150114012222,0.0,0.0,0.0,0.0,0.0,0.0,100.0,0.0
20150114012252,0.0,0.0,0.0,0.1,0.0,0.0,99.8,0.1
20150114012322,0.0,0.0,0.0,0.0,0.0,0.0,100.0,0.0
20150114012352,0.0,0.0,0.0,0.0,0.0,0.0,100.0,0.0
20150114012422,0.0,0.0,0.0,0.0,0.0,0.0,100.0,0.0
20150114012452,0.0,0.0,0.0,0.0,0.0,0.0,100.0,0.0
20150114012522,0.0,0.0,0.0,0.0,0.0,0.0,100.0,0.0
20150114012552,0.0,0.0,0.0,0.0,0.0,0.0,100.0,0.0
20150114012622,0.0,0.0,0.0,0.0,0.0,0.0,100.0,0.0
20150114012652,0.0,0.0,0.0,0.0,0.0,0.0,100.0,0.0
20150114012722,0.0,0.0,0.0,0.0,0.0,0.0,100.0,0.0
20150114012752,0.0,0.0,0.0,0.0,0.0,0.0,100.0,0.0
20150114012822,0.0,0.0,0.0,0.0,0.0,0.0,100.0,0.0
20150114012852,0.0,0.0,0.0,0.0,0.0,0.0,99.9,0.1
20150114012922,0.0,0.0,0.0,0.0,0.0,0.0,100.0,0.0
20150114012952,0.0,0.0,0.0,0.0,0.0,0.0,100.0,0.0
20150114013022,0.0,0.0,0.0,0.0,0.0,0.0,100.0,0.0
20150114013052,0.0,0.0,0.0,0.0,0.0,0.0,99.7,0.3
20150114013122,0.0,0.0,0.0,0.0,0.0,0.0,100.0,0.0
20150114013152,0.0,0.0,0.0,0.0,0.0,0.0,100.0,0.0
20150114013222,0.0,0.0,0.0,0.0,0.0,0.0,100.0,0.0
20150114013252,0.0,0.0,0.0,0.0,0.0,0.0,100.0,0.0
20150114013322,0.0,0.0,0.0,0.0,0.0,0.0,100.0,0.0
20150114013352,0.0,0.0,0.0,0.0,0.0,0.0,100.0,0.0
20150114013422,0.0,0.0,0.0,0.0,0.0,0.0,100.0,0.0
20150114013452,0.0,0.0,0.0,0.0,0.0,0.0,100.0,0.0
20150114013522,0.0,0.0,0.0,0.0,0.0,0.0,100.0,0.0
20150114013552,0.0,0.0,0.0,0.0,0.0,0.0,100.0,0.0
20150114013622,0.0,0.0,0.0,0.0,0.0,0.0,100.0,0.0
20150114013652,0.0,0.0,0.0,0.0,0.0,0.0,100.0,0.0
20150114013722,0.0,0.0,0.0,0.0,0.0,0.0,100.0,0.0
20150114013752,0.0,0.0,0.0,0.0,0.0,0.0,100.0,0.0
20150114013822,0.0,0.0,0.0,0.0,0.0,0.0,100.0,0.0
20150114013852,0.0,0.0,0.0,0.0,0.0,0.0,100.0,0.0
20150114013922,0.0,0.0,0.0,0.0,0.0,0.0,100.0,0.0
20150114013952,0.0,0.0,0.0,0.0,0.0,0.0,100.0,0.0
20150114014023,0.0,0.0,0.0,0.0,0.0,0.0,100.0,0.0
20150114014053,0.0,0.0,0.0,0.0,0.0,0.0,100.0,0.0
20150114014123,0.0,0.0,0.0,0.0,0.0,0.0,100.0,0.0
20150114014153,0.0,0.0,0.0,0.0,0.0,0.0,100.0,0.0
20150114014223,0.0,0.0,0.0,0.0,0.0,0.0,100.0,0.0
20150114014253,0.0,0.0,0.0,0.0,0.0,0.0,100.0,0.0
20150114014323,0.0,0.0,0.0,0.0,0.0,0.0,100.0,0.0
20150114014353,0.0,0.0,0.0,0.0,0.0,0.0,100.0,0.0
20150114014423,0.0,0.0,0.0,0.0,0.0,0.0,100.0,0.0
20150114014453,0.0,0.0,0.0,0.0,0.0,0.0,100.0,0.0
20150114014523,0.0,0.0,0.0,0.0,0.0,0.0,100.0,0.0
20150114014553,0.0,0.0,0.0,0.0,0.0,0.0,100.0,0.0
20150114014623,0.0,0.0,0.0,0.0,0.0,0.0,100.0,0.0
20150114014653,0.0,0.0,0.0,0.0,0.0,0.0,100.0,0.0
20150114014723,0.0,0.0,0.0,0.0,0.0,0.0,100.0,0.0
20150114014753,0.0,0.0,0.0,0.0,0.0,0.0,100.0,0.0
20150114014823,0.0,0.0,0.0,0.0,0.0,0.0,100.0,0.0
20150114014853,0.0,0.0,0.0,0.0,0.0,0.0,100.0,0.0
20150114014923,0.0,0.0,0.0,0.0,0.0,0.0,100.0,0.0
20150114014953,0.0,0.0,0.0,0.0,0.0,0.0,100.0,0.0
20150114015023,0.0,0.0,0.0,0.0,0.0,0.0,100.0,0.0
20150114015053,0.0,0.0,0.0,0.0,0.0,0.0,100.0,0.0
20150114015123,0.0,0.0,0.0,0.0,0.0,0.0,100.0,0.0
20150114015153,0.0,0.0,0.0,0.0,0.0,0.0,100.0,0.0
20150114015223,0.0,0.0,0.0,0.0,0.0,0.0,100.0,0.0
20150114015253,0.0,0.0,0.0,0.0,0.0,0.0,100.0,0.0
20150114015323,0.0,0.0,0.0,0.0,0.0,0.0,100.0,0.0
20150114015353,0.0,0.0,0.0,0.0,0.0,0.0,100.0,0.0
20150114015423,0.0,0.0,0.0,0.0,0.0,0.0,100.0,0.0
20150114015453,0.0,0.0,0.0,0.0,0.0,0.0,100.0,0.0
20150114015523,0.0,0.0,0.0,0.0,0.0,0.0,100.0,0.0
20150114015553,0.0,0.0,0.0,0.0,0.0,0.0,100.0,0.0
20150114015623,0.0,0.0,0.0,0.0,0.0,0.0,100.0,0.0
20150114015653,0.0,0.0,0.0,0.0,0.0,0.0,100.0,0.0
20150114015723,0.0,0.0,0.0,0.0,0.0,0.0,100.0,0.0
20150114015753,0.0,0.0,0.0,0.0,0.0,0.0,97.3,2.7
20150114015823,0.0,0.0,0.0,0.0,0.0,0.0,100.0,0.0
20150114015853,0.0,0.0,0.0,0.0,0.0,0.0,100.0,0.0
20150114015923,0.0,0.0,0.0,0.0,0.0,0.0,100.0,0.0
20150114015953,0.0,0.0,0.0,0.0,0.0,0.0,100.0,0.0
20150114020023,0.0,0.0,0.0,0.0,0.0,0.0,100.0,0.0
20150114020053,0.0,0.0,0.0,0.0,0.0,0.0,100.0,0.0
20150114020123,0.0,0.0,0.0,0.0,0.0,0.0,100.0,0.0
20150114020153,0.0,0.0,0.0,0.0,0.0,0.0,100.0,0.0
20150114020223,0.0,0.0,0.0,0.0,0.0,0.0,100.0,0.0
20150114020253,0.0,0.0,0.0,0.0,0.0,0.0,100.0,0.0
20150114020323,0.0,0.0,0.0,0.0,0.0,0.0,100.0,0.0
20150114020353,0.0,0.0,0.0,0.0,0.0,0.0,100.0,0.0
20150114020423,0.0,0.0,0.0,0.0,0.0,0.0,100.0,0.0
20150114020453,0.0,0.0,0.0,0.0,0.0,0.0,100.0,0.0
20150114020523,0.0,0.0,0.0,0.0,0.0,0.0,100.0,0.0
20150114020553,0.0,0.0,0.0,0.0,0.0,0.0,100.0,0.0
20150114020623,0.0,0.0,0.0,0.0,0.0,0.0,100.0,0.0
20150114020653,0.0,0.0,0.0,0.0,0.0,0.0,100.0,0.0
20150114020723,0.0,0.0,0.0,0.0,0.0,0.0,100.0,0.0
20150114020753,0.0,0.0,0.0,0.0,0.0,0.0,100.0,0.0
20150114020823,0.0,0.0,0.0,0.0,0.0,0.0,100.0,0.0
20150114020853,0.0,0.0,0.0,0.0,0.0,0.0,100.0,0.0
20150114020923,0.0,0.0,0.0,0.0,0.0,0.0,100.0,0.0
20150114020953,0.0,0.0,0.0,0.0,0.0,0.0,100.0,0.0
20150114021023,0.0,0.0,0.0,0.0,0.0,0.0,100.0,0.0
20150114021053,0.0,0.0,0.0,0.0,0.0,0.0,100.0,0.0
20150114021123,0.0,0.0,0.0,0.0,0.0,0.0,100.0,0.0
20150114021153,0.0,0.0,0.0,0.0,0.0,0.0,100.0,0.0
20150114021224,0.0,0.0,0.0,0.0,0.0,0.0,100.0,0.0
20150114021254,0.0,0.0,0.0,0.0,0.0,0.0,100.0,0.0
20150114021324,0.0,0.0,0.0,0.0,0.0,0.0,100.0,0.0
20150114021354,0.0,0.0,0.0,0.0,0.0,0.0,100.0,0.0
20150114021424,0.0,0.0,0.0,0.0,0.0,0.0,100.0,0.0
20150114021454,0.0,0.0,0.0,0.0,0.0,0.0,100.0,0.0
20150114021524,0.0,0.0,0.0,0.0,0.0,0.0,100.0,0.0
20150114021554,0.0,0.0,0.0,0.0,0.0,0.0,100.0,0.0
20150114021624,0.0,0.0,0.0,0.0,0.0,0.0,100.0,0.0
20150114021654,0.0,0.0,0.0,0.0,0.0,0.0,100.0,0.0
20150114021724,0.0,0.0,0.0,0.0,0.0,0.0,100.0,0.0
20150114021754,0.0,0.0,0.0,0.0,0.0,0.0,100.0,0.0
20150114021824,0.0,0.0,0.0,0.0,0.0,0.0,100.0,0.0
20150114021854,0.0,0.0,0.0,0.0,0.0,0.0,100.0,0.0
20150114021924,0.0,0.0,0.0,0.0,0.0,0.0,100.0,0.0
20150114021954,0.0,0.0,0.0,0.0,0.0,0.0,100.0,0.0
20150114022024,0.0,0.0,0.0,0.0,0.0,0.0,100.0,0.0
20150114022054,0.0,0.0,0.0,0.0,0.0,0.0,100.0,0.0
20150114022124,0.0,0.0,0.0,0.0,0.0,0.0,100.0,0.0
20150114022154,0.0,0.0,0.0,0.0,0.0,0.0,100.0,0.0
20150114022224,0.0,0.0,0.0,0.0,0.0,0.0,100.0,0.0
20150114022254,0.0,0.0,0.0,0.0,0.0,0.0,100.0,0.0
20150114022324,0.0,0.0,0.0,0.0,0.0,0.0,100.0,0.0
20150114022354,0.0,0.0,0.0,0.0,0.0,0.0,100.0,0.0
20150114022424,0.0,0.0,0.0,0.0,0.0,0.0,100.0,0.0
20150114022454,0.0,0.0,0.0,0.0,0.0,0.0,100.0,0.0
20150114022524,0.0,0.0,0.0,0.0,0.0,0.0,100.0,0.0
20150114022554,0.0,0.0,0.0,0.0,0.0,0.0,100.0,0.0
20150114022624,0.0,0.0,0.0,0.0,0.0,0.0,100.0,0.0
20150114022654,0.0,0.0,0.0,0.0,0.0,0.0,100.0,0.0
20150114022724,0.0,0.0,0.0,0.0,0.0,0.0,100.0,0.0
20150114022754,0.0,0.0,0.0,0.0,0.0,0.0,100.0,0.0
20150114022824,0.0,0.0,0.0,0.0,0.0,0.0,100.0,0.0
20150114022854,0.0,0.0,0.0,0.0,0.0,0.0,100.0,0.0
20150114022924,0.0,0.0,0.0,0.0,0.0,0.0,100.0,0.0
20150114022954,0.0,0.0,0.0,0.0,0.0,0.0,100.0,0.0
20150114023024,0.0,0.0,0.0,0.0,0.0,0.0,100.0,0.0
20150114023054,0.0,0.0,0.0,0.0,0.0,0.0,100.0,0.0
20150114023124,0.0,0.0,0.0,0.0,0.0,0.0,100.0,0.0
20150114023154,0.0,0.0,0.0,0.0,0.0,0.0,100.0,0.0
20150114023224,0.0,0.0,0.0,0.0,0.0,0.0,100.0,0.0
20150114023254,0.0,0.0,0.0,0.0,0.0,0.0,100.0,0.0
20150114023324,0.0,0.0,0.0,0.0,0.0,0.0,100.0,0.0
20150114023354,0.0,0.0,0.0,0.0,0.0,0.0,100.0,0.0
20150114023424,0.0,0.0,0.0,0.0,0.0,0.0,100.0,0.0
20150114023454,0.0,0.0,0.0,0.0,0.0,0.0,100.0,0.0
20150114023524,0.0,0.0,0.0,0.0,0.0,0.0,100.0,0.0
20150114023554,0.0,0.0,0.0,0.0,0.0,0.0,100.0,0.0
20150114023624,0.0,0.0,0.0,0.0,0.0,0.0,100.0,0.0
20150114023654,0.0,0.0,0.0,0.0,0.0,0.0,100.0,0.0
20150114023724,0.0,0.0,0.0,0.0,0.0,0.0,100.0,0.0
20150114023754,0.0,0.0,0.0,0.0,0.0,0.0,100.0,0.0
20150114023824,0.0,0.0,0.0,0.0,0.0,0.0,100.0,0.0
20150114023854,0.0,0.0,0.0,0.0,0.0,0.0,100.0,0.0
20150114023924,0.0,0.0,0.0,0.0,0.0,0.0,100.0,0.0
20150114023954,0.0,0.0,0.0,0.0,0.0,0.0,100.0,0.0
20150114024024,0.0,0.0,0.0,0.0,0.0,0.0,100.0,0.0
20150114024054,0.0,0.0,0.0,0.0,0.0,0.0,100.0,0.0
20150114024124,0.0,0.0,0.0,0.0,0.0,0.0,100.0,0.0
20150114024154,0.0,0.0,0.0,0.0,0.0,0.0,100.0,0.0
20150114024224,0.0,0.0,0.0,0.0,0.0,0.0,100.0,0.0
20150114024254,0.0,0.0,0.0,0.0,0.0,0.0,100.0,0.0
20150114024324,0.0,0.0,0.0,0.0,0.0,0.0,100.0,0.0
20150114024354,0.0,0.0,0.0,0.0,0.0,0.0,100.0,0.0
20150114024424,0.0,0.0,0.0,0.0,0.0,0.0,100.0,0.0
20150114024454,0.0,0.0,0.0,0.0,0.0,0.0,100.0,0.0
20150114024524,0.0,0.0,0.0,0.0,0.0,0.0,100.0,0.0
20150114024554,0.0,0.0,0.0,0.0,0.0,0.0,100.0,0.0
20150114024625,0.0,0.0,0.0,0.0,0.0,0.0,100.0,0.0
20150114024655,0.0,0.0,0.0,0.0,0.0,0.0,100.0,0.0
20150114024725,0.0,0.0,0.0,0.0,0.0,0.0,100.0,0.0
20150114024755,0.0,0.0,0.0,0.0,0.0,0.0,100.0,0.0
20150114024825,0.0,0.0,0.0,0.0,0.0,0.0,100.0,0.0
20150114024855,0.0,0.0,0.0,0.0,0.0,0.0,100.0,0.0
20150114024925,0.0,0.0,0.0,0.0,0.0,0.0,100.0,0.0
20150114024955,0.0,0.0,0.0,0.0,0.0,0.0,100.0,0.0
20150114025025,0.0,0.0,0.0,0.0,0.0,0.0,100.0,0.0
20150114025055,0.0,0.0,0.0,0.0,0.0,0.0,100.0,0.0
20150114025125,0.0,0.0,0.0,0.0,0.0,0.0,100.0,0.0
20150114025155,0.0,0.0,0.0,0.0,0.0,0.0,100.0,0.0
20150114025225,0.0,0.0,0.0,0.0,0.0,0.0,100.0,0.0
20150114025255,0.0,0.0,0.0,0.0,0.0,0.0,100.0,0.0
20150114025325,0.0,0.0,0.0,0.0,0.0,0.0,100.0,0.0
20150114025355,0.0,0.0,0.0,0.0,0.0,0.0,100.0,0.0
20150114025425,0.0,0.0,0.0,0.0,0.0,0.0,100.0,0.0
20150114025455,0.0,0.0,0.0,0.0,0.0,0.0,100.0,0.0
20150114025525,0.0,0.0,0.0,0.0,0.0,0.0,100.0,0.0
20150114025555,0.0,0.0,0.0,0.0,0.0,0.0,100.0,0.0
20150114025625,0.0,0.0,0.0,0.0,0.0,0.0,100.0,0.0
20150114025655,0.0,0.0,0.0,0.0,0.0,0.0,100.0,0.0
20150114025725,0.0,0.0,0.0,0.0,0.0,0.0,100.0,0.0
20150114025755,0.0,0.0,0.0,0.0,0.0,0.0,100.0,0.0
20150114025825,0.0,0.0,0.0,0.0,0.0,0.0,100.0,0.0
20150114025855,0.0,0.0,0.0,0.0,0.0,0.0,100.0,0.0
20150114025925,0.0,0.0,0.0,0.0,0.0,0.0,100.0,0.0
20150114025955,0.0,0.0,0.0,0.0,0.0,0.0,100.0,0.0
20150114030025,0.0,0.0,0.0,0.0,0.0,0.0,100.0,0.0
20150114030055,0.0,0.0,0.0,0.0,0.0,0.0,100.0,0.0
20150114030125,0.0,0.0,0.0,0.0,0.0,0.0,100.0,0.0
20150114030155,0.0,0.0,0.0,0.0,0.0,0.0,100.0,0.0
20150114030225,0.0,0.0,0.0,0.0,0.0,0.0,100.0,0.0
20150114030255,0.0,0.0,0.0,0.0,0.0,0.0,100.0,0.0
20150114030325,0.0,0.0,0.0,0.0,0.0,0.0,100.0,0.0
20150114030355,0.0,0.0,0.0,0.0,0.0,0.0,100.0,0.0
20150114030425,0.0,0.0,0.0,0.0,0.0,0.0,100.0,0.0
20150114030455,0.0,0.0,0.0,0.0,0.0,0.0,100.0,0.0
20150114030525,0.0,0.0,0.0,0.0,0.0,0.0,100.0,0.0
20150114030555,0.0,0.0,0.0,0.0,0.0,0.0,100.0,0.0
20150114030625,0.0,0.0,0.0,0.0,0.0,0.0,100.0,0.0
20150114030655,0.0,0.0,0.0,0.0,0.0,0.0,100.0,0.0
20150114030725,0.0,0.0,0.0,0.0,0.0,0.0,100.0,0.0
20150114030755,0.0,0.0,0.0,0.0,0.0,0.0,100.0,0.0
20150114030825,0.0,0.0,0.0,0.0,0.0,0.0,100.0,0.0
20150114030855,0.0,0.0,0.0,0.0,0.0,0.0,100.0,0.0
20150114030925,0.0,0.0,0.0,0.0,0.0,0.0,100.0,0.0
20150114030955,0.0,0.0,0.0,0.0,0.0,0.0,100.0,0.0
20150114031025,0.0,0.0,0.0,0.0,0.0,0.0,100.0,0.0
20150114031055,0.0,0.0,0.0,0.0,0.0,0.0,100.0,0.0
20150114031125,0.0,0.0,0.0,0.0,0.0,0.0,100.0,0.0
20150114031155,0.0,0.0,0.0,0.0,0.0,0.0,100.0,0.0
20150114031225,0.0,0.0,0.0,0.0,0.0,0.0,100.0,0.0
20150114031255,0.0,0.0,0.0,0.0,0.0,0.0,100.0,0.0
20150114031325,0.0,0.0,0.0,0.0,0.0,0.0,100.0,0.0
20150114031355,0.0,0.0,0.0,0.0,0.0,0.0,100.0,0.0
20150114031425,0.0,0.0,0.0,0.0,0.0,0.0,100.0,0.0
20150114031455,0.0,0.0,0.0,0.0,0.0,0.0,100.0,0.0
20150114031525,0.0,0.0,0.0,0.0,0.0,0.0,100.0,0.0
20150114031555,0.0,0.0,0.0,0.0,0.0,0.0,100.0,0.0
20150114031625,0.0,0.0,0.0,0.0,0.0,0.0,100.0,0.0
20150114031655,0.0,0.0,0.0,0.0,0.0,0.0,100.0,0.0
20150114032254,0.0,0.0,0.0,0.0,0.0,0.0,100.0,0.0
20150114032329,0.0,0.0,0.0,0.0,0.0,0.0,100.0,0.0
20150114032355,0.0,0.0,0.0,0.0,0.0,0.0,100.0,0.0
20150114032424,0.0,0.0,0.0,0.0,0.0,0.0,100.0,0.0
20150114032454,0.0,0.0,0.0,0.0,0.0,0.0,100.0,0.0
20150114032524,0.0,0.0,0.0,0.0,0.0,0.0,100.0,0.0
20150114032554,0.0,0.0,0.0,0.0,0.0,0.0,100.0,0.0
20150114032624,0.0,0.0,0.0,0.0,0.0,0.0,100.0,0.0
20150114032655,0.0,0.0,0.0,0.0,0.0,0.0,100.0,0.0
20150114032725,0.0,0.0,0.0,0.0,0.0,0.0,100.0,0.0
20150114032755,0.0,0.0,0.0,0.0,0.0,0.0,100.0,0.0
20150114032825,0.0,0.0,0.0,0.0,0.0,0.0,100.0,0.0
20150114032855,0.0,0.0,0.0,0.0,0.0,0.0,100.0,0.0
20150114032925,0.0,0.0,0.0,0.0,0.0,0.0,100.0,0.0
20150114032955,0.0,0.0,0.0,0.0,0.0,0.0,100.0,0.0
20150114033025,0.0,0.0,0.0,0.0,0.0,0.0,100.0,0.0
20150114033055,0.0,0.0,0.0,0.0,0.0,0.0,100.0,0.0
20150114033125,0.0,0.0,0.0,0.0,0.0,0.0,100.0,0.0
20150114033155,0.0,0.0,0.0,0.0,0.0,0.0,100.0,0.0
20150114033225,0.0,0.0,0.0,0.0,0.0,0.0,100.0,0.0
20150114033255,0.0,0.0,0.0,0.0,0.0,0.0,100.0,0.0
20150114033325,0.0,0.0,0.0,0.0,0.0,0.0,100.0,0.0
20150114033355,0.0,0.0,0.0,0.0,0.0,0.0,100.0,0.0
20150114033425,0.0,0.0,0.0,0.0,0.0,0.0,100.0,0.0
20150114033455,0.0,0.0,0.0,0.0,0.0,0.0,100.0,0.0
20150114033525,0.0,0.0,0.0,0.0,0.0,0.0,100.0,0.0
20150114033555,0.0,0.0,0.0,0.0,0.0,0.0,100.0,0.0
20150114033625,0.0,0.0,0.0,0.0,0.0,0.0,100.0,0.0
20150114033655,0.0,0.0,0.0,0.0,0.0,0.0,100.0,0.0
20150114033725,0.0,0.0,0.0,0.0,0.0,0.0,100.0,0.0
20150114033755,0.0,0.0,0.0,0.0,0.0,0.0,100.0,0.0
20150114033825,0.0,0.0,0.0,0.0,0.0,0.0,100.0,0.0
20150114033855,0.0,0.0,0.0,0.0,0.0,0.0,100.0,0.0
20150114033925,0.0,0.0,0.0,0.0,0.0,0.0,100.0,0.0
20150114033955,0.0,0.0,0.0,0.0,0.0,0.0,100.0,0.0
20150114034025,0.0,0.0,0.0,0.0,0.0,0.0,100.0,0.0
20150114034055,0.0,0.0,0.0,0.0,0.0,0.0,100.0,0.0
20150114034125,0.0,0.0,0.0,0.0,0.0,0.0,100.0,0.0
20150114034155,0.0,0.0,0.0,0.0,0.0,0.0,100.0,0.0
20150114034225,0.0,0.0,0.0,0.0,0.0,0.0,100.0,0.0
20150114034255,0.0,0.0,0.0,0.0,0.0,0.0,100.0,0.0
20150114034325,0.0,0.0,0.0,0.0,0.0,0.0,100.0,0.0
20150114034355,0.0,0.0,0.0,0.0,0.0,0.0,100.0,0.0
20150114034425,0.0,0.0,0.0,0.0,0.0,0.0,100.0,0.0
20150114034455,0.0,0.0,0.0,0.0,0.0,0.0,100.0,0.0
20150114034525,0.0,0.0,0.0,0.0,0.0,0.0,100.0,0.0
20150114034555,0.0,0.0,0.0,0.0,0.0,0.0,100.0,0.0
20150114034625,0.0,0.0,0.0,0.0,0.0,0.0,100.0,0.0
20150114034655,0.0,0.0,0.0,0.0,0.0,0.0,100.0,0.0
20150114034725,0.0,0.0,0.0,0.0,0.0,0.0,100.0,0.0
20150114034755,0.0,0.0,0.0,0.0,0.0,0.0,100.0,0.0
20150114034825,0.0,0.0,0.0,0.0,0.0,0.0,100.0,0.0
20150114034855,0.0,0.0,0.0,0.0,0.0,0.0,100.0,0.0
20150114034925,0.0,0.0,0.0,0.0,0.0,0.0,100.0,0.0
20150114034955,0.0,0.0,0.0,0.0,0.0,0.0,100.0,0.0
20150114035025,0.0,0.0,0.0,0.0,0.0,0.0,100.0,0.0
20150114035055,0.0,0.0,0.0,0.0,0.0,0.0,100.0,0.0
20150114035125,0.0,0.0,0.0,0.0,0.0,0.0,100.0,0.0
20150114035155,0.0,0.0,0.0,0.0,0.0,0.0,100.0,0.0
20150114035225,0.0,0.0,0.0,0.0,0.0,0.0,100.0,0.0
20150114035255,0.0,0.0,0.0,0.0,0.0,0.0,100.0,0.0
20150114035325,0.0,0.0,0.0,0.0,0.0,0.0,100.0,0.0
20150114035355,0.0,0.0,0.0,0.0,0.0,0.0,100.0,0.0
20150114035425,0.0,0.0,0.0,0.0,0.0,0.0,100.0,0.0
20150114035455,0.0,0.0,0.0,0.0,0.0,0.0,100.0,0.0
20150114035525,0.0,0.0,0.0,0.0,0.0,0.0,100.0,0.0
20150114035555,0.0,0.0,0.0,0.0,0.0,0.0,100.0,0.0
20150114035625,0.0,0.0,0.0,0.0,0.0,0.0,100.0,0.0
20150114035655,0.0,0.0,0.0,0.0,0.0,0.0,100.0,0.0
20150114035725,0.0,0.0,0.0,0.0,0.0,0.0,100.0,0.0
20150114035755,0.0,0.0,0.0,0.0,0.0,0.0,100.0,0.0
20150114035825,0.0,0.0,0.0,0.0,0.0,0.0,100.0,0.0
20150114035855,0.0,0.0,0.0,0.0,0.0,0.0,100.0,0.0
20150114035925,0.0,0.0,0.0,0.0,0.0,0.0,100.0,0.0
20150114035955,0.0,0.0,0.0,0.0,0.0,0.0,100.0,0.0
20150114040025,0.0,0.0,0.0,0.0,0.0,0.0,100.0,0.0
20150114040056,0.0,0.0,0.0,0.0,0.0,0.0,100.0,0.0
20150114040126,0.0,0.0,0.0,0.0,0.0,0.0,100.0,0.0
20150114040156,0.0,0.0,0.0,0.0,0.0,0.0,100.0,0.0
20150114040226,0.0,0.0,0.0,0.0,0.0,0.0,100.0,0.0
20150114040256,0.0,0.0,0.0,0.0,0.0,0.0,100.0,0.0
20150114040326,0.0,0.0,0.0,0.0,0.0,0.0,100.0,0.0
20150114040356,0.0,0.0,0.0,0.0,0.0,0.0,100.0,0.0
20150114040426,0.0,0.0,0.0,0.0,0.0,0.0,100.0,0.0
20150114040456,0.0,0.0,0.0,0.0,0.0,0.0,100.0,0.0
20150114040526,0.0,0.0,0.0,0.0,0.0,0.0,100.0,0.0
20150114040556,0.0,0.0,0.0,0.0,0.0,0.0,100.0,0.0
20150114040626,0.0,0.0,0.0,0.0,0.0,0.0,100.0,0.0
20150114040656,0.0,0.0,0.0,0.0,0.0,0.0,100.0,0.0
20150114040726,0.0,0.0,0.0,0.0,0.0,0.0,100.0,0.0
20150114040756,0.0,0.0,0.0,0.0,0.0,0.0,100.0,0.0
20150114040826,0.0,0.0,0.0,0.0,0.0,0.0,100.0,0.0
20150114040856,0.0,0.0,0.0,0.0,0.0,0.0,100.0,0.0
20150114040926,0.0,0.0,0.0,0.0,0.0,0.0,100.0,0.0
20150114040956,0.0,0.0,0.0,0.0,0.0,0.0,100.0,0.0
20150114041026,0.0,0.0,0.0,0.0,0.0,0.0,100.0,0.0
20150114041056,0.0,0.0,0.0,0.0,0.0,0.0,100.0,0.0
20150114041126,0.0,0.0,0.0,0.0,0.0,0.0,100.0,0.0
20150114041156,0.0,0.0,0.0,0.0,0.0,0.0,100.0,0.0
20150114041226,0.0,0.0,0.0,0.0,0.0,0.0,100.0,0.0
20150114041256,0.0,0.0,0.0,0.0,0.0,0.0,100.0,0.0
20150114041326,0.0,0.0,0.0,0.0,0.0,0.0,100.0,0.0
20150114041356,0.0,0.0,0.0,0.0,0.0,0.0,100.0,0.0
20150114041426,0.0,0.0,0.0,0.0,0.0,0.0,100.0,0.0
20150114041456,0.0,0.0,0.0,0.0,0.0,0.0,100.0,0.0
20150114041526,0.0,0.0,0.0,0.0,0.0,0.0,100.0,0.0
20150114041556,0.0,0.0,0.0,0.0,0.0,0.0,100.0,0.0
20150114041626,0.0,0.0,0.0,0.0,0.0,0.0,100.0,0.0
20150114041656,0.0,0.0,0.0,0.0,0.0,0.0,100.0,0.0
20150114041726,0.0,0.0,0.0,0.0,0.0,0.0,100.0,0.0
20150114041756,0.0,0.0,0.0,0.0,0.0,0.0,100.0,0.0
20150114041826,0.0,0.0,0.0,0.0,0.0,0.0,100.0,0.0
20150114041856,0.0,0.0,0.0,0.0,0.0,0.0,100.0,0.0
20150114041926,0.0,0.0,0.0,0.0,0.0,0.0,100.0,0.0
20150114041956,0.0,0.0,0.0,0.0,0.0,0.0,100.0,0.0
20150114042026,0.0,0.0,0.0,0.0,0.0,0.0,100.0,0.0
20150114042056,0.0,0.0,0.0,0.0,0.0,0.0,100.0,0.0
20150114042126,0.0,0.0,0.0,0.0,0.0,0.0,100.0,0.0
20150114042156,0.0,0.0,0.0,0.0,0.0,0.0,100.0,0.0
20150114042226,0.0,0.0,0.0,0.0,0.0,0.0,100.0,0.0
20150114042256,0.0,0.0,0.0,0.0,0.0,0.0,100.0,0.0
20150114042326,0.0,0.0,0.0,0.0,0.0,0.0,100.0,0.0
20150114042356,0.0,0.0,0.0,0.0,0.0,0.0,100.0,0.0
20150114042426,0.0,0.0,0.0,0.0,0.0,0.0,100.0,0.0
20150114042456,0.0,0.0,0.0,0.0,0.0,0.0,100.0,0.0
20150114042526,0.0,0.0,0.0,0.0,0.0,0.0,100.0,0.0
20150114042556,0.0,0.0,0.0,0.0,0.0,0.0,100.0,0.0
20150114042626,0.0,0.0,0.0,0.0,0.0,0.0,100.0,0.0
20150114042656,0.0,0.0,0.0,0.0,0.0,0.0,100.0,0.0
20150114042726,0.0,0.0,0.0,0.0,0.0,0.0,100.0,0.0
20150114042756,0.0,0.0,0.0,0.0,0.0,0.0,100.0,0.0
20150114042826,0.0,0.0,0.0,0.0,0.0,0.0,100.0,0.0
20150114042856,0.0,0.0,0.0,0.0,0.0,0.0,100.0,0.0
20150114042926,0.0,0.0,0.0,0.0,0.0,0.0,100.0,0.0
20150114042956,0.0,0.0,0.0,0.0,0.0,0.0,100.0,0.0
20150114043026,0.0,0.0,0.0,0.0,0.0,0.0,100.0,0.0
20150114043056,0.0,0.0,0.0,0.0,0.0,0.0,100.0,0.0
20150114043126,0.0,0.0,0.0,0.0,0.0,0.0,100.0,0.0
20150114043156,0.0,0.0,0.0,0.0,0.0,0.0,100.0,0.0
20150114043226,0.0,0.0,0.0,0.0,0.0,0.0,100.0,0.0
20150114043256,0.0,0.0,0.0,0.0,0.0,0.0,100.0,0.0
20150114043326,0.0,0.0,0.0,0.0,0.0,0.0,100.0,0.0
20150114043356,0.0,0.0,0.0,0.0,0.0,0.0,100.0,0.0
20150114043426,0.0,0.0,0.0,0.0,0.0,0.0,100.0,0.0
20150114043456,0.0,0.0,0.0,0.0,0.0,0.0,100.0,0.0
20150114043527,0.0,0.0,0.0,0.0,0.0,0.0,100.0,0.0
20150114043557,0.0,0.0,0.0,0.0,0.0,0.0,100.0,0.0
20150114043627,0.0,0.0,0.0,0.0,0.0,0.0,100.0,0.0
20150114043657,0.0,0.0,0.0,0.0,0.0,0.0,100.0,0.0
20150114043727,0.0,0.0,0.0,0.0,0.0,0.0,100.0,0.0
20150114043757,0.0,0.0,0.0,0.0,0.0,0.0,100.0,0.0
20150114043827,0.0,0.0,0.0,0.0,0.0,0.0,100.0,0.0
20150114043857,0.0,0.0,0.0,0.0,0.0,0.0,100.0,0.0
20150114043927,0.0,0.0,0.0,0.0,0.0,0.0,100.0,0.0
20150114043957,0.0,0.0,0.0,0.0,0.0,0.0,100.0,0.0
20150114044027,0.0,0.0,0.0,0.0,0.0,0.0,100.0,0.0
20150114044057,0.0,0.0,0.0,0.0,0.0,0.0,100.0,0.0
20150114044127,0.0,0.0,0.0,0.0,0.0,0.0,100.0,0.0
20150114044157,0.0,0.0,0.0,0.0,0.0,0.0,100.0,0.0
20150114044227,0.0,0.0,0.0,0.0,0.0,0.0,100.0,0.0
20150114044257,0.0,0.0,0.0,0.0,0.0,0.0,100.0,0.0
20150114044327,0.0,0.0,0.0,0.0,0.0,0.0,100.0,0.0
20150114044357,0.0,0.0,0.0,0.0,0.0,0.0,100.0,0.0
20150114044427,0.0,0.0,0.0,0.0,0.0,0.0,100.0,0.0
20150114044457,0.0,0.0,0.0,0.0,0.0,0.0,100.0,0.0
20150114044527,0.0,0.0,0.0,0.0,0.0,0.0,100.0,0.0
20150114044557,0.0,0.0,0.0,0.0,0.0,0.0,100.0,0.0
20150114044627,0.0,0.0,0.0,0.0,0.0,0.0,100.0,0.0
20150114044657,0.0,0.0,0.0,0.0,0.0,0.0,100.0,0.0
20150114044727,0.0,0.0,0.0,0.0,0.0,0.0,100.0,0.0
20150114044757,0.0,0.0,0.0,0.0,0.0,0.0,100.0,0.0
20150114044827,0.0,0.0,0.0,0.0,0.0,0.0,100.0,0.0
20150114044857,0.0,0.0,0.0,0.0,0.0,0.0,99.9,0.0
20150114044927,0.0,0.0,0.0,0.0,0.0,0.0,99.9,0.0
20150114044957,0.0,0.0,0.0,0.0,0.0,0.0,100.0,0.0
20150114045027,0.0,0.0,0.0,0.0,0.0,0.0,100.0,0.0
20150114045057,0.0,0.0,0.0,0.0,0.0,0.0,100.0,0.0
20150114045127,0.0,0.0,0.0,0.0,0.0,0.0,100.0,0.0
20150114045157,0.0,0.0,0.0,0.0,0.0,0.0,100.0,0.0
20150114045227,0.0,0.0,0.0,0.0,0.0,0.0,100.0,0.0
20150114045257,0.0,0.0,0.0,0.0,0.0,0.0,100.0,0.0
20150114045327,0.0,0.0,0.0,0.0,0.0,0.0,100.0,0.0
20150114045357,0.0,0.0,0.0,0.0,0.0,0.0,100.0,0.0
20150114045427,0.0,0.0,0.0,0.0,0.0,0.0,100.0,0.0
20150114045457,0.0,0.0,0.0,0.0,0.0,0.0,100.0,0.0
20150114045527,0.0,0.0,0.0,0.0,0.0,0.0,100.0,0.0
20150114045557,0.0,0.0,0.0,0.0,0.0,0.0,100.0,0.0
20150114045627,0.0,0.0,0.0,0.0,0.0,0.0,100.0,0.0
20150114045657,0.0,0.0,0.0,0.0,0.0,0.0,100.0,0.0
20150114045727,0.0,0.0,0.0,0.0,0.0,0.0,100.0,0.0
20150114045757,0.0,0.0,0.0,0.0,0.0,0.0,100.0,0.0
20150114045827,0.0,0.0,0.0,0.0,0.0,0.0,100.0,0.0
20150114045857,0.0,0.0,0.0,0.0,0.0,0.0,100.0,0.0
20150114045927,0.0,0.0,0.0,0.0,0.0,0.0,100.0,0.0
20150114045957,0.0,0.0,0.0,0.0,0.0,0.0,100.0,0.0
20150114050027,0.0,0.0,0.0,0.0,0.0,0.0,100.0,0.0
20150114050057,0.0,0.0,0.0,0.0,0.0,0.0,100.0,0.0
20150114050127,0.0,0.0,0.0,0.0,0.0,0.0,100.0,0.0
20150114050157,0.0,0.0,0.0,0.0,0.0,0.0,100.0,0.0
20150114050228,0.0,0.0,0.0,0.0,0.0,0.0,100.0,0.0
20150114050258,0.0,0.0,0.0,0.0,0.0,0.0,100.0,0.0
20150114050328,0.0,0.0,0.0,0.0,0.0,0.0,100.0,0.0
20150114050358,0.0,0.0,0.0,0.0,0.0,0.0,100.0,0.0
20150114050428,0.0,0.0,0.0,0.0,0.0,0.0,100.0,0.0
20150114050458,0.0,0.0,0.0,0.0,0.0,0.0,100.0,0.0
20150114050528,0.0,0.0,0.0,0.0,0.0,0.0,100.0,0.0
20150114050558,0.0,0.0,0.0,0.0,0.0,0.0,100.0,0.0
20150114050628,0.0,0.0,0.0,0.0,0.0,0.0,100.0,0.0
20150114050658,0.0,0.0,0.0,0.0,0.0,0.0,100.0,0.0
20150114050728,0.0,0.0,0.0,0.0,0.0,0.0,100.0,0.0
20150114050758,0.0,0.0,0.0,0.0,0.0,0.0,100.0,0.0
20150114050828,0.0,0.0,0.0,0.0,0.0,0.0,100.0,0.0
20150114050858,0.0,0.0,0.0,0.0,0.0,0.0,100.0,0.0
20150114050928,0.0,0.0,0.0,0.0,0.0,0.0,100.0,0.0
20150114050958,0.0,0.0,0.0,0.0,0.0,0.0,100.0,0.0
20150114051028,0.0,0.0,0.0,0.0,0.0,0.0,100.0,0.0
20150114051058,0.0,0.0,0.0,0.0,0.0,0.0,100.0,0.0
20150114051128,0.0,0.0,0.0,0.0,0.0,0.0,100.0,0.0
20150114051158,0.0,0.0,0.0,0.0,0.0,0.0,100.0,0.0
20150114051228,0.0,0.0,0.0,0.2,0.0,0.0,99.8,0.0
20150114051258,0.0,0.0,0.0,0.3,0.0,0.0,99.7,0.0
20150114051328,0.0,0.0,0.0,0.0,0.0,0.0,100.0,0.0
20150114051358,0.0,0.0,0.0,0.0,0.0,0.0,100.0,0.0
20150114051428,0.0,0.0,0.0,0.0,0.0,0.0,100.0,0.0
20150114051458,0.0,0.0,0.0,0.0,0.0,0.0,100.0,0.0
20150114051528,0.0,0.0,0.0,0.0,0.0,0.0,100.0,0.0
20150114051558,0.0,0.0,0.0,0.0,0.0,0.0,100.0,0.0
20150114051628,0.0,0.0,0.0,0.0,0.0,0.0,99.9,0.0
20150114051658,0.0,0.0,0.0,0.0,0.0,0.0,99.9,0.0
20150114051728,0.0,0.0,0.0,0.1,0.0,0.0,99.9,0.0
20150114051758,0.0,0.0,0.0,0.0,0.0,0.0,100.0,0.0
20150114051828,0.0,0.0,0.0,0.0,0.0,0.0,100.0,0.0
20150114051858,0.0,0.0,0.0,0.1,0.0,0.0,99.9,0.0
20150114051928,0.0,0.0,0.0,0.1,0.0,0.0,99.8,0.0
20150114051958,0.0,0.0,0.1,0.1,0.0,0.0,99.7,0.0
20150114052028,0.0,0.0,0.0,0.0,0.0,0.0,100.0,0.0
20150114052058,0.0,0.0,0.0,0.0,0.0,0.0,99.9,0.0
20150114052128,0.0,0.0,0.0,0.0,0.0,0.0,100.0,0.0
20150114052158,0.0,0.0,0.0,0.0,0.0,0.0,100.0,0.0
20150114052228,0.0,0.0,0.0,0.0,0.0,0.0,100.0,0.0
20150114052258,0.0,0.0,0.0,0.0,0.0,0.0,100.0,0.0
20150114052328,0.0,0.0,0.0,0.0,0.0,0.0,100.0,0.0
20150114052358,0.0,0.0,0.0,0.0,0.0,0.0,100.0,0.0
20150114052428,0.0,0.0,0.0,0.0,0.0,0.0,100.0,0.0
20150114052458,0.0,0.0,0.0,0.0,0.0,0.0,100.0,0.0
20150114052528,0.0,0.0,0.0,0.0,0.0,0.0,100.0,0.0
20150114052558,0.0,0.0,0.0,0.0,0.0,0.0,99.9,0.0
20150114052628,0.0,0.0,0.0,0.0,0.0,0.0,100.0,0.0
20150114052658,0.0,0.0,0.0,0.0,0.0,0.0,100.0,0.0
20150114052728,0.0,0.0,0.0,0.0,0.0,0.0,100.0,0.0
20150114052758,0.0,0.0,0.0,0.0,0.0,0.0,99.9,0.0
20150114052828,0.0,0.0,0.0,0.0,0.0,0.0,99.9,0.0
20150114052858,0.0,0.0,0.0,0.0,0.0,0.0,100.0,0.0
20150114052928,0.0,0.0,0.0,0.0,0.0,0.0,100.0,0.0
20150114052958,0.0,0.0,0.1,0.0,0.0,0.0,99.9,0.0
20150114053028,0.0,0.0,0.0,0.0,0.0,0.0,99.9,0.0
20150114053058,0.0,0.0,0.6,0.0,0.0,0.0,99.4,0.0
20150114053128,0.0,0.0,0.0,0.0,0.0,0.0,99.9,0.0
20150114053158,0.0,0.0,0.0,0.0,0.0,0.0,99.9,0.0
20150114053228,0.0,0.0,0.6,0.0,0.0,0.3,99.2,0.0
20150114053258,0.0,0.0,5.0,0.0,0.0,0.1,94.5,0.3
20150114053328,0.0,0.0,1.8,0.0,0.0,0.3,97.9,0.0
20150114053358,0.0,0.0,0.6,0.0,0.0,1.0,98.5,0.0
20150114053428,0.1,0.0,0.3,0.0,0.0,0.6,99.0,0.0
20150114053458,0.1,0.0,0.1,0.0,0.0,0.4,99.3,0.1
20150114053528,0.0,0.0,0.0,0.0,0.0,0.5,99.4,0.1
20150114053558,0.0,0.0,0.4,0.0,0.0,3.9,95.7,0.0
20150114053628,0.1,0.0,0.5,0.0,0.0,2.4,97.0,0.0
20150114053659,0.5,0.0,2.2,0.1,0.0,4.9,90.6,1.7
20150114053729,0.0,0.0,0.5,0.0,0.0,3.0,96.0,0.4
20150114053759,0.2,0.0,8.0,0.1,0.0,10.2,81.5,0.1
20150114053829,0.0,0.0,4.0,0.0,0.0,46.9,49.0,0.1
20150114053859,0.3,0.0,2.9,0.0,0.0,24.5,72.1,0.2
20150114053929,0.1,0.0,1.0,0.2,0.0,2.8,95.1,0.7
20150114053959,0.1,0.0,3.7,0.1,0.0,9.1,87.0,0.1
20150114054029,0.0,0.0,0.2,0.0,0.0,7.3,91.9,0.6
20150114054059,0.1,0.0,0.4,0.1,0.0,26.8,72.4,0.2
20150114054129,0.0,0.0,1.0,0.0,0.0,1.4,97.5,0.1
20150114054159,0.0,0.0,0.2,0.0,0.0,1.6,98.1,0.0
20150114054229,0.0,0.0,0.3,0.0,0.0,6.0,93.6,0.1
20150114054259,0.0,0.0,0.0,0.0,0.0,3.1,96.9,0.0
20150114054329,0.0,0.0,1.2,0.0,0.0,5.3,93.4,0.0
20150114054359,0.0,0.0,0.1,0.0,0.0,5.2,94.6,0.0
20150114054429,0.0,0.0,0.1,0.0,0.0,2.9,96.9,0.1
20150114054459,0.0,0.0,0.1,0.0,0.0,6.7,93.1,0.0
20150114054529,0.0,0.0,2.8,0.0,0.0,25.7,71.5,0.0
20150114054559,0.0,0.0,0.9,0.0,0.0,38.6,59.6,0.8
20150114054629,0.0,0.0,1.1,0.0,0.0,47.3,51.5,0.1
20150114054659,0.0,0.0,0.3,0.0,0.0,89.7,9.9,0.1
20150114054729,0.1,0.0,1.5,0.0,0.0,69.7,28.6,0.2
20150114054759,0.2,0.0,0.0,0.0,0.0,60.1,39.5,0.1
20150114054829,0.1,0.0,0.8,0.0,0.0,66.7,32.4,0.0
20150114054859,0.2,0.0,1.7,0.0,0.0,63.3,34.7,0.2
20150114054929,0.1,0.0,0.4,0.0,0.0,95.1,4.4,0.0
20150114054959,0.1,0.0,2.4,0.0,0.0,34.8,62.6,0.2
20150114055029,0.1,0.0,6.5,0.0,0.0,43.4,43.0,7.0
20150114055059,0.1,0.0,8.3,0.0,0.0,47.0,37.3,7.3
20150114055129,0.0,0.0,9.7,0.0,0.0,27.1,61.9,1.2
20150114055159,0.0,0.0,4.5,0.0,0.0,20.9,73.4,1.2
20150114055229,0.0,0.0,23.4,0.0,0.0,3.1,60.0,13.4
20150114055259,0.0,0.0,3.3,0.0,0.0,72.1,22.4,2.2
20150114055329,0.0,0.0,5.2,0.0,0.0,85.4,6.3,3.0
20150114055359,0.0,0.0,13.0,0.0,0.0,62.2,23.5,1.3
20150114055429,0.0,0.0,0.7,0.0,0.0,92.1,4.9,2.3
20150114055459,0.1,0.0,1.3,0.0,0.0,82.4,3.5,12.8
20150114055529,0.0,0.0,1.3,0.0,0.0,9.4,84.9,4.4
20150114055559,0.0,0.0,1.7,0.0,0.0,11.3,81.7,5.3
20150114055629,0.0,0.0,1.8,0.0,0.0,5.4,45.4,47.4
20150114055659,0.1,0.0,0.6,0.0,0.0,0.8,91.9,6.5
20150114055729,0.0,0.0,0.2,0.0,0.0,0.3,92.1,7.4
20150114055759,0.0,0.0,0.7,0.0,0.0,0.9,87.5,10.9
20150114055829,0.1,0.0,2.4,0.0,0.0,0.5,35.1,61.9
20150114055859,0.0,0.0,0.5,0.0,0.0,0.3,15.9,83.2
20150114055929,0.0,0.0,0.9,0.0,0.0,0.0,0.6,98.4
20150114055959,0.0,0.0,0.7,0.0,0.0,0.0,0.8,98.6
20150114060029,0.0,0.0,0.4,0.0,0.0,0.0,0.6,98.9
20150114060059,0.0,0.0,0.0,0.0,0.0,0.0,0.0,100.0
20150114060129,0.0,0.0,0.0,0.0,0.0,0.0,0.0,100.0
20150114060159,0.0,0.0,0.1,0.0,0.0,0.0,0.1,99.8
20150114060229,0.0,0.0,0.0,0.0,0.0,0.0,0.0,99.9
20150114060259,0.0,0.0,0.0,0.0,0.0,0.0,0.0,99.9
20150114060329,0.0,0.0,0.0,0.0,0.0,0.0,0.0,100.0
20150114060359,0.0,0.0,0.0,0.0,0.0,0.0,0.0,100.0
20150114060429,0.0,0.0,0.0,0.0,0.0,0.0,0.0,100.0
20150114060459,0.0,0.0,0.0,0.0,0.0,0.0,0.0,100.0
20150114060529,0.0,0.0,0.0,0.0,0.0,0.0,0.0,100.0
20150114060559,0.0,0.0,0.0,0.0,0.0,0.0,0.0,100.0
20150114060629,0.0,0.0,0.0,0.0,0.0,0.0,0.0,100.0
20150114060659,0.0,0.0,0.0,0.0,0.0,0.0,0.0,100.0
20150114060729,0.0,0.0,0.0,0.0,0.0,0.0,0.0,100.0
20150114060759,0.0,0.0,0.0,0.0,0.0,0.0,0.0,100.0
20150114060829,0.0,0.0,0.0,0.0,0.0,0.0,0.0,100.0
20150114060859,0.0,0.0,0.0,0.0,0.0,0.0,0.0,100.0
20150114060929,0.0,0.0,0.0,0.0,0.0,0.0,0.0,100.0
20150114060959,0.0,0.0,0.0,0.0,0.0,0.0,0.0,100.0
20150114061029,0.0,0.0,0.0,0.0,0.0,0.0,0.0,100.0
20150114061059,0.0,0.0,0.0,0.0,0.0,0.0,0.0,100.0
20150114061130,0.0,0.0,0.0,0.0,0.0,0.0,0.0,100.0
20150114061200,0.0,0.0,0.0,0.0,0.0,0.0,0.0,100.0
20150114061230,0.0,0.0,0.0,0.0,0.0,0.0,0.0,100.0
20150114061300,0.0,0.0,0.0,0.0,0.0,0.0,0.0,100.0
20150114061330,0.0,0.0,0.0,0.0,0.0,0.0,0.0,100.0
20150114061400,0.0,0.0,0.0,0.0,0.0,0.0,0.0,100.0
20150114061430,0.0,0.0,0.0,0.0,0.0,0.0,0.0,100.0
20150114061500,0.0,0.0,0.0,0.0,0.0,0.0,0.0,100.0
20150114061530,0.0,0.0,0.0,0.0,0.0,0.0,0.0,100.0
20150114061600,0.0,0.0,0.0,0.0,0.0,0.0,0.0,100.0
20150114061630,0.0,0.0,0.0,0.0,0.0,0.0,0.0,100.0
20150114061700,0.0,0.0,0.0,0.0,0.0,0.0,0.0,100.0
20150114061730,0.0,0.0,0.0,0.0,0.0,0.0,0.0,100.0
20150114061800,0.0,0.0,0.0,0.0,0.0,0.0,0.0,100.0
20150114061830,0.0,0.0,0.0,0.0,0.0,0.0,0.0,100.0
20150114061900,0.0,0.0,0.0,0.0,0.0,0.0,0.0,100.0
20150114061930,0.0,0.0,0.0,0.0,0.0,0.0,0.0,100.0
20150114062000,0.0,0.0,0.0,0.0,0.0,0.0,0.0,100.0
20150114062030,0.0,0.0,0.0,0.0,0.0,0.0,0.0,100.0
20150114062100,0.0,0.0,0.0,0.0,0.0,0.0,0.0,100.0
20150114062130,0.0,0.0,0.0,0.0,0.0,0.0,0.0,100.0
20150114062200,0.0,0.0,0.0,0.0,0.0,0.0,0.0,100.0
20150114062230,0.0,0.0,0.0,0.0,0.0,0.0,0.0,100.0
20150114062300,0.0,0.0,0.0,0.0,0.0,0.0,0.0,100.0
20150114062330,0.0,0.0,0.0,0.0,0.0,0.0,0.0,100.0
20150114062400,0.0,0.0,0.0,0.0,0.0,0.0,0.0,100.0
20150114062430,0.0,0.0,0.0,0.0,0.0,0.0,0.0,100.0
20150114062500,0.0,0.0,0.0,0.0,0.0,0.0,0.0,100.0
20150114062530,0.0,0.0,0.0,0.0,0.0,0.0,0.0,100.0
20150114062600,0.0,0.0,0.0,0.0,0.0,0.0,0.0,100.0
20150114062630,0.0,0.0,0.0,0.0,0.0,0.0,0.0,100.0
20150114062700,0.0,0.0,0.0,0.0,0.0,0.0,0.0,100.0
20150114062730,0.0,0.0,0.0,0.0,0.0,0.0,0.0,100.0
20150114062800,0.0,0.0,0.0,0.0,0.0,0.0,0.0,100.0
20150114062830,0.0,0.0,0.0,0.0,0.0,0.0,0.0,100.0
20150114062900,0.0,0.0,0.0,0.0,0.0,0.0,0.0,100.0
20150114062930,0.0,0.0,0.0,0.0,0.0,0.0,0.0,100.0
20150114063000,0.0,0.0,0.0,0.0,0.0,0.0,0.0,100.0
20150114063030,0.0,0.0,0.0,0.0,0.0,0.0,0.0,100.0
20150114063100,0.0,0.0,0.0,0.0,0.0,0.0,0.0,100.0
20150114063130,0.0,0.0,0.0,0.0,0.0,0.0,0.0,100.0
20150114063200,0.0,0.0,0.0,0.0,0.0,0.0,0.0,100.0
20150114063230,0.0,0.0,0.0,0.0,0.0,0.0,0.0,100.0
20150114063300,0.0,0.0,0.0,0.0,0.0,0.0,0.0,100.0
20150114063330,0.0,0.0,0.0,0.0,0.0,0.0,0.0,100.0
20150114063400,0.0,0.0,0.0,0.0,0.0,0.0,0.0,100.0
20150114063430,0.0,0.0,0.0,0.0,0.0,0.0,0.0,100.0
20150114063500,0.0,0.0,0.0,0.0,0.0,0.0,0.0,100.0
20150114063530,0.0,0.0,0.0,0.0,0.0,0.0,0.0,100.0
20150114063600,0.0,0.0,0.0,0.0,0.0,0.0,0.0,100.0
20150114063630,0.0,0.0,0.0,0.0,0.0,0.0,0.0,100.0
20150114063700,0.0,0.0,0.0,0.0,0.0,0.0,0.0,100.0
20150114063730,0.0,0.0,0.0,0.0,0.0,0.0,0.0,100.0
20150114063800,0.0,0.0,0.0,0.0,0.0,0.0,0.0,100.0
20150114063831,0.0,0.0,0.0,0.0,0.0,0.0,0.0,100.0
20150114063901,0.0,0.0,0.0,0.0,0.0,0.0,0.0,100.0
20150114063931,0.0,0.0,0.0,0.0,0.0,0.0,0.0,100.0
20150114064001,0.0,0.0,0.0,0.0,0.0,0.0,0.0,100.0
20150114064031,0.0,0.0,0.0,0.0,0.0,0.0,0.0,100.0
20150114064101,0.0,0.0,0.0,0.0,0.0,0.0,0.0,100.0
20150114064131,0.0,0.0,0.0,0.0,0.0,0.0,0.0,100.0
20150114064201,0.0,0.0,0.0,0.0,0.0,0.0,0.0,100.0
20150114064231,0.0,0.0,0.0,0.0,0.0,0.0,0.0,100.0
20150114064301,0.0,0.0,0.0,0.0,0.0,0.0,0.0,100.0
20150114064331,0.0,0.0,0.0,0.0,0.0,0.0,0.0,100.0
20150114064401,0.0,0.0,0.0,0.0,0.0,0.0,0.0,100.0
20150114064431,0.0,0.0,0.0,0.0,0.0,0.0,0.0,100.0
20150114064501,0.0,0.0,0.0,0.0,0.0,0.0,0.0,100.0
20150114064531,0.0,0.0,0.0,0.0,0.0,0.0,0.0,100.0
20150114064601,0.0,0.0,0.0,0.0,0.0,0.0,0.0,100.0
20150114064631,0.0,0.0,0.0,0.0,0.0,0.0,0.0,100.0
20150114064701,0.0,0.0,0.0,0.0,0.0,0.0,0.0,100.0
20150114064731,0.0,0.0,0.0,0.0,0.0,0.0,0.0,100.0
20150114064801,0.0,0.0,0.0,0.0,0.0,0.0,0.0,100.0
20150114064831,0.0,0.0,0.0,0.0,0.0,0.0,0.0,100.0
20150114064901,0.0,0.0,0.0,0.0,0.0,0.0,0.0,100.0
20150114064931,0.0,0.0,0.0,0.0,0.0,0.0,0.0,100.0
20150114065001,0.0,0.0,0.0,0.0,0.0,0.0,0.0,100.0
20150114065031,0.0,0.0,0.0,0.0,0.0,0.0,0.0,100.0
20150114065101,0.0,0.0,0.0,0.0,0.0,0.0,0.0,100.0
20150114065131,0.0,0.0,0.0,0.0,0.0,0.0,0.0,100.0
20150114065201,0.0,0.0,0.0,0.0,0.0,0.0,0.0,100.0
20150114065231,0.0,0.0,0.0,0.0,0.0,0.0,0.0,100.0
20150114065301,0.0,0.0,0.0,0.0,0.0,0.0,0.0,100.0
20150114065331,0.0,0.0,0.0,0.0,0.0,0.0,0.0,100.0
20150114065401,0.0,0.0,0.0,0.0,0.0,0.0,0.0,100.0
20150114065431,0.0,0.0,0.0,0.0,0.0,0.0,0.0,100.0
20150114065631,0.0,0.0,0.0,0.0,0.0,0.0,0.0,100.0
20150114065701,0.0,0.0,0.0,0.0,0.0,0.0,0.0,100.0
20150114065731,0.0,0.0,0.0,0.0,0.0,0.0,0.0,100.0
20150114065801,0.0,0.0,0.0,0.0,0.0,0.0,0.0,100.0
20150114065831,0.0,0.0,0.0,0.0,0.0,0.0,0.0,100.0
20150114065901,0.0,0.0,0.0,0.0,0.0,0.0,0.0,100.0
20150114065931,0.0,0.0,0.0,0.0,0.0,0.0,0.0,100.0
20150114070001,0.0,0.0,0.0,0.0,0.0,0.0,0.0,100.0
20150114070031,0.0,0.0,0.0,0.0,0.0,0.0,0.0,100.0
20150114070101,0.0,0.0,0.0,0.0,0.0,0.0,0.0,100.0
20150114070131,0.0,0.0,0.0,0.0,0.0,0.0,0.0,100.0
20150114070201,0.0,0.0,0.0,0.0,0.0,0.0,0.0,100.0
20150114070231,0.0,0.0,0.0,0.0,0.0,0.0,0.0,100.0
20150114070301,0.0,0.0,0.0,0.0,0.0,0.0,0.0,100.0
20150114070331,0.0,0.0,0.0,0.0,0.0,0.0,0.0,100.0
20150114070401,0.0,0.0,0.0,0.0,0.0,0.0,0.0,100.0
20150114070431,0.0,0.0,0.0,0.0,0.0,0.0,0.0,100.0
20150114070501,0.0,0.0,0.0,0.0,0.0,0.0,0.0,100.0
20150114070531,0.0,0.0,0.0,0.0,0.0,0.0,0.0,100.0
20150114070601,0.0,0.0,0.0,0.0,0.0,0.0,0.0,100.0
20150114070631,0.0,0.0,0.0,0.0,0.0,0.0,0.0,100.0
20150114070701,0.0,0.0,0.0,0.0,0.0,0.0,0.0,100.0
20150114070731,0.0,0.0,0.0,0.0,0.0,0.0,0.0,100.0
20150114070801,0.0,0.0,0.0,0.0,0.0,0.0,0.0,100.0
20150114070831,0.0,0.0,0.0,0.0,0.0,0.0,0.0,100.0
20150114070901,0.0,0.0,0.0,0.0,0.0,0.0,0.0,100.0
20150114070931,0.0,0.0,0.0,0.0,0.0,0.0,0.0,100.0
20150114071001,0.0,0.0,0.0,0.0,0.0,0.0,0.0,100.0
20150114071031,0.0,0.0,0.0,0.0,0.0,0.0,0.0,100.0
20150114071101,0.0,0.0,0.0,0.0,0.0,0.0,0.0,100.0
20150114071131,0.0,0.0,0.0,0.0,0.0,0.0,0.0,100.0
20150114071201,0.0,0.0,0.0,0.0,0.0,0.0,0.0,100.0
20150114071231,0.0,0.0,0.0,0.0,0.0,0.0,0.0,100.0
20150114071302,0.0,0.0,0.0,0.0,0.0,0.0,0.0,100.0
20150114071332,0.0,0.0,0.0,0.0,0.0,0.0,0.0,100.0
20150114071402,0.0,0.0,0.0,0.0,0.0,0.0,0.0,100.0
20150114071432,0.0,0.0,0.0,0.0,0.0,0.0,0.0,100.0
20150114071502,0.0,0.0,0.0,0.0,0.0,0.0,0.0,100.0
20150114071532,0.0,0.0,0.0,0.0,0.0,0.0,0.0,100.0
20150114071602,0.0,0.0,0.0,0.0,0.0,0.0,0.0,100.0
20150114071632,0.0,0.0,0.0,0.0,0.0,0.0,0.0,100.0
20150114071702,0.0,0.0,0.0,0.0,0.0,0.0,0.0,100.0
20150114071732,0.0,0.0,0.0,0.0,0.0,0.0,0.0,100.0
20150114071802,0.0,0.0,0.0,0.0,0.0,0.0,0.0,100.0
20150114071832,0.0,0.0,0.0,0.0,0.0,0.0,0.0,100.0
20150114071902,0.0,0.0,0.0,0.0,0.0,0.0,0.0,100.0
20150114071932,0.0,0.0,0.0,0.0,0.0,0.0,0.0,100.0
20150114072002,0.0,0.0,0.0,0.0,0.0,0.0,0.0,100.0
20150114072032,0.0,0.0,0.0,0.0,0.0,0.0,0.0,100.0
20150114072102,0.0,0.0,0.0,0.0,0.0,0.0,0.0,100.0
20150114072132,0.0,0.0,0.0,0.0,0.0,0.0,0.0,100.0
20150114072202,0.0,0.0,0.0,0.0,0.0,0.0,0.0,100.0
20150114072232,0.0,0.0,0.0,0.0,0.0,0.0,0.0,100.0
20150114072302,0.0,0.0,0.0,0.0,0.0,0.0,0.0,100.0
20150114072332,0.0,0.0,0.0,0.0,0.0,0.0,0.0,100.0
20150114072402,0.0,0.0,0.0,0.0,0.0,0.0,0.0,100.0
20150114072432,0.0,0.0,0.0,0.0,0.0,0.0,0.0,100.0
20150114072502,0.0,0.0,0.0,0.0,0.0,0.0,0.0,100.0
20150114072532,0.0,0.0,0.0,0.0,0.0,0.0,0.0,100.0
20150114072602,0.0,0.0,0.0,0.0,0.0,0.0,0.0,100.0
20150114072632,0.0,0.0,0.0,0.0,0.0,0.0,0.0,100.0
20150114072702,0.0,0.0,0.0,0.0,0.0,0.0,0.0,100.0
20150114072732,0.0,0.0,0.0,0.0,0.0,0.0,0.0,100.0
20150114072802,0.0,0.0,0.0,0.0,0.0,0.0,0.0,100.0
20150114072832,0.0,0.0,0.0,0.0,0.0,0.0,0.0,100.0
20150114072902,0.0,0.0,0.0,0.0,0.0,0.0,0.0,100.0
20150114072932,0.0,0.0,0.0,0.0,0.0,0.0,0.0,100.0
20150114073002,0.0,0.0,0.0,0.0,0.0,0.0,0.0,100.0
20150114073032,0.0,0.0,0.0,0.0,0.0,0.0,0.0,100.0
20150114073102,0.0,0.0,0.0,0.0,0.0,0.0,0.0,100.0
20150114073132,0.0,0.0,0.0,0.0,0.0,0.0,0.0,100.0
20150114073202,0.0,0.0,0.0,0.0,0.0,0.0,0.0,100.0
20150114073232,0.0,0.0,0.0,0.0,0.0,0.0,0.0,100.0
20150114073302,0.0,0.0,0.0,0.0,0.0,0.0,0.0,100.0
20150114073332,0.0,0.0,0.0,0.0,0.0,0.0,0.0,100.0
20150114073402,0.0,0.0,0.0,0.0,0.0,0.0,0.0,100.0
20150114073432,0.0,0.0,0.0,0.0,0.0,0.0,0.0,100.0
20150114073502,0.0,0.0,0.0,0.0,0.0,0.0,0.0,100.0
20150114073532,0.0,0.0,0.0,0.0,0.0,0.0,0.0,100.0
20150114073602,0.0,0.0,0.0,0.0,0.0,0.0,0.0,100.0
20150114073632,0.0,0.0,0.0,0.0,0.0,0.0,0.0,100.0
20150114073702,0.0,0.0,0.0,0.0,0.0,0.0,0.0,100.0
20150114073732,0.0,0.0,0.0,0.0,0.0,0.0,0.0,100.0
20150114073802,0.0,0.0,0.0,0.0,0.0,0.0,0.0,100.0
20150114073832,0.0,0.0,0.0,0.0,0.0,0.0,0.0,100.0
20150114073902,0.0,0.0,0.0,0.0,0.0,0.0,0.0,100.0
20150114073932,0.0,0.0,0.0,0.0,0.0,0.0,0.0,100.0
20150114074002,0.0,0.0,0.0,0.0,0.0,0.0,0.0,100.0
20150114074032,0.0,0.0,0.0,0.0,0.0,0.0,0.0,100.0
20150114074102,0.0,0.0,0.0,0.0,0.0,0.0,0.0,100.0
20150114074132,0.0,0.0,0.0,0.0,0.0,0.0,0.0,100.0
20150114074202,0.0,0.0,0.0,0.0,0.0,0.0,0.0,100.0
20150114074232,0.0,0.0,0.0,0.0,0.0,0.0,0.0,100.0
20150114074302,0.0,0.0,0.0,0.0,0.0,0.0,0.0,100.0
20150114074332,0.0,0.0,0.0,0.0,0.0,0.0,0.0,100.0
20150114074402,0.0,0.0,0.0,0.0,0.0,0.0,0.0,100.0
20150114074432,0.0,0.0,0.0,0.0,0.0,0.0,0.0,100.0
20150114074502,0.0,0.0,0.0,0.0,0.0,0.0,0.0,100.0
20150114074532,0.0,0.0,0.0,0.0,0.0,0.0,0.0,100.0
20150114074602,0.0,0.0,0.0,0.0,0.0,0.0,0.0,100.0
20150114074632,0.0,0.0,0.0,0.0,0.0,0.0,0.0,100.0
20150114074703,0.0,0.0,0.0,0.0,0.0,0.0,0.0,100.0
20150114074733,0.0,0.0,0.0,0.0,0.0,0.0,0.0,100.0
20150114074803,0.0,0.0,0.0,0.0,0.0,0.0,0.0,100.0
20150114074833,0.0,0.0,0.0,0.0,0.0,0.0,0.0,100.0
20150114074903,0.0,0.0,0.0,0.0,0.0,0.0,0.0,100.0
20150114074933,0.0,0.0,0.0,0.0,0.0,0.0,0.0,100.0
20150114075003,0.0,0.0,0.0,0.0,0.0,0.0,0.0,100.0
20150114075033,0.0,0.0,0.0,0.0,0.0,0.0,0.0,100.0
20150114075103,0.0,0.0,0.0,0.0,0.0,0.0,0.0,100.0
20150114075133,0.0,0.0,0.0,0.0,0.0,0.0,0.0,100.0
20150114075203,0.0,0.0,0.0,0.0,0.0,0.0,0.0,100.0
20150114075233,0.0,0.0,0.0,0.0,0.0,0.0,0.0,100.0
20150114075303,0.0,0.0,0.0,0.0,0.0,0.0,0.0,100.0
20150114075333,0.0,0.0,0.0,0.0,0.0,0.0,0.0,100.0
20150114075403,0.0,0.0,0.0,0.0,0.0,0.0,0.0,100.0
20150114075433,0.0,0.0,0.0,0.0,0.0,0.0,0.0,100.0
