UT,arc,discrete,diffuse,ac,ab,clear,cloudy,dd
20151028150000,0.0,0.0,0.0,0.0,0.0,0.0,0.0,100.0
20151028150030,0.0,0.0,0.0,0.0,0.0,0.0,0.0,100.0
20151028150100,0.0,0.0,0.0,0.0,0.0,0.0,0.0,100.0
20151028150130,0.0,0.0,0.0,0.0,0.0,0.0,0.0,100.0
20151028150200,0.0,0.0,0.0,0.0,0.0,0.0,0.0,100.0
20151028150230,0.0,0.0,0.0,0.0,0.0,0.0,0.0,100.0
20151028150300,0.0,0.0,0.0,0.0,0.0,0.0,0.0,100.0
20151028150330,0.0,0.0,0.0,0.0,0.0,0.0,0.0,100.0
20151028150400,0.0,0.0,0.0,0.0,0.0,0.0,0.0,100.0
20151028150430,0.0,0.0,0.0,0.0,0.0,0.0,0.0,100.0
20151028150500,0.0,0.0,0.0,0.0,0.0,0.0,0.0,100.0
20151028150530,0.0,0.0,0.0,0.0,0.0,0.0,0.0,100.0
20151028150601,0.0,0.0,0.0,0.0,0.0,0.0,0.0,100.0
20151028150631,0.0,0.0,0.0,0.0,0.0,0.0,0.0,100.0
20151028150701,0.0,0.0,0.0,0.0,0.0,0.0,0.0,100.0
20151028150731,0.0,0.0,0.0,0.0,0.0,0.0,0.0,100.0
20151028150801,0.0,0.0,0.0,0.0,0.0,0.0,0.1,99.9
20151028150831,0.0,0.0,0.0,0.0,0.0,0.0,0.1,99.9
20151028150901,0.0,0.0,0.0,0.0,0.0,0.0,0.0,100.0
20151028150931,0.0,0.0,0.0,0.0,0.0,0.0,0.1,99.9
20151028151001,0.0,0.0,0.0,0.0,0.0,0.0,0.1,99.9
20151028151031,0.0,0.0,0.0,0.0,0.0,0.0,0.1,99.9
20151028151101,0.0,0.0,0.0,0.0,0.0,0.0,0.1,99.9
20151028151131,0.0,0.0,0.0,0.0,0.0,0.0,0.1,99.9
20151028151201,0.0,0.0,0.0,0.0,0.0,0.0,0.1,99.9
20151028151231,0.0,0.0,0.0,0.0,0.0,0.0,0.2,99.8
20151028151301,0.0,0.0,0.0,0.0,0.0,0.0,0.1,99.9
20151028151331,0.0,0.0,0.0,0.0,0.0,0.0,0.2,99.8
20151028151401,0.0,0.0,0.0,0.0,0.0,0.0,3.1,96.9
20151028151431,0.0,0.0,0.0,0.0,0.0,0.0,2.1,97.9
20151028151501,0.0,0.0,0.0,0.0,0.0,0.0,6.0,94.0
20151028151531,0.0,0.0,0.0,0.0,0.0,0.0,35.3,64.7
20151028151601,0.0,0.0,0.0,0.0,0.0,0.0,3.0,97.0
20151028151631,0.0,0.0,0.0,0.0,0.0,0.0,1.3,98.7
20151028151701,0.0,0.0,0.0,0.0,0.0,0.0,2.0,98.0
20151028151731,0.0,0.0,0.0,0.0,0.0,0.0,3.1,96.9
20151028151801,0.0,0.0,0.0,0.0,0.0,0.0,1.6,98.4
20151028151831,0.0,0.0,0.0,0.0,0.0,0.0,0.3,99.7
20151028151901,0.0,0.0,0.0,0.0,0.0,0.0,0.1,99.9
20151028151931,0.0,0.0,0.0,0.0,0.0,0.0,0.4,99.6
20151028152001,0.0,0.0,0.0,0.0,0.0,0.0,0.0,100.0
20151028152031,0.0,0.0,0.0,0.0,0.0,0.0,0.0,100.0
20151028152101,0.0,0.0,0.0,0.0,0.0,0.0,0.0,100.0
20151028152131,0.0,0.0,0.0,0.0,0.0,0.0,0.0,100.0
20151028152201,0.0,0.0,0.0,0.0,0.0,0.0,0.0,100.0
20151028152231,0.0,0.0,0.0,0.0,0.0,0.0,0.0,100.0
20151028152301,0.0,0.0,0.0,0.0,0.0,0.0,0.0,100.0
20151028152331,0.0,0.0,0.0,0.0,0.0,0.0,0.0,100.0
20151028152401,0.0,0.0,0.0,0.0,0.0,0.0,0.0,100.0
20151028152431,0.0,0.0,0.0,0.0,0.0,0.0,0.0,100.0
20151028152501,0.0,0.0,0.0,0.0,0.0,0.0,0.0,100.0
20151028152531,0.0,0.0,0.0,0.0,0.0,0.0,0.0,100.0
20151028152601,0.0,0.0,0.0,0.0,0.0,0.0,0.0,100.0
20151028152631,0.0,0.0,0.0,0.0,0.0,0.0,0.0,100.0
20151028152701,0.0,0.0,0.0,0.0,0.0,0.0,0.0,100.0
20151028152731,0.0,0.0,0.0,0.0,0.0,0.0,0.0,100.0
20151028152801,0.0,0.0,0.0,0.0,0.0,0.0,0.0,100.0
20151028152831,0.0,0.0,0.0,0.0,0.0,0.0,0.0,100.0
20151028152901,0.0,0.0,0.0,0.0,0.0,0.0,0.0,100.0
20151028152931,0.0,0.0,0.0,0.0,0.0,0.0,0.0,100.0
20151028153001,0.0,0.0,0.0,0.0,0.0,0.0,0.0,100.0
20151028153031,0.0,0.0,0.0,0.0,0.0,0.0,0.0,100.0
20151028153101,0.0,0.0,0.0,0.0,0.0,0.0,0.0,100.0
20151028153131,0.0,0.0,0.0,0.0,0.0,0.0,0.0,100.0
20151028153201,0.0,0.0,0.0,0.0,0.0,0.0,0.0,100.0
20151028153231,0.0,0.0,0.0,0.0,0.0,0.0,0.1,99.9
20151028153302,0.0,0.0,0.0,0.0,0.0,0.0,0.0,100.0
20151028153332,0.0,0.0,0.0,0.0,0.0,0.0,0.0,100.0
20151028153402,0.0,0.0,0.0,0.0,0.0,0.0,0.0,100.0
20151028153432,0.0,0.0,0.0,0.0,0.0,0.0,0.0,100.0
20151028153502,0.0,0.0,0.0,0.0,0.0,0.0,0.0,100.0
20151028153532,0.0,0.0,0.0,0.0,0.0,0.0,0.0,100.0
20151028153602,0.0,0.0,0.0,0.0,0.0,0.0,0.3,99.7
20151028153632,0.0,0.0,0.0,0.0,0.0,0.0,0.1,99.9
20151028153702,0.0,0.0,0.0,0.0,0.0,0.0,0.0,100.0
20151028153732,0.0,0.0,0.0,0.0,0.0,0.0,0.0,100.0
20151028153802,0.0,0.0,0.0,0.0,0.0,0.0,0.0,100.0
20151028153832,0.0,0.0,0.0,0.0,0.0,0.0,0.0,100.0
20151028153902,0.0,0.0,0.0,0.0,0.0,0.0,7.8,92.2
20151028153932,0.0,0.0,0.0,0.0,0.0,0.0,0.6,99.4
20151028154002,0.0,0.0,0.0,0.0,0.0,0.0,10.2,89.8
20151028154032,0.0,0.0,0.0,0.0,0.0,0.0,0.2,99.8
20151028154102,0.0,0.0,0.0,0.0,0.0,0.0,0.0,100.0
20151028154132,0.0,0.0,0.0,0.0,0.0,0.0,0.0,100.0
20151028154202,0.0,0.0,0.0,0.0,0.0,0.0,0.0,100.0
20151028154232,0.0,0.0,0.0,0.0,0.0,0.0,0.1,99.9
20151028154302,0.0,0.0,0.0,0.0,0.0,0.0,0.0,100.0
20151028154332,0.0,0.0,0.0,0.0,0.0,0.0,0.0,100.0
20151028154402,0.0,0.0,0.0,0.0,0.0,0.0,0.2,99.8
20151028154432,0.0,0.0,0.0,0.0,0.0,0.0,0.2,99.8
20151028154502,0.0,0.0,0.0,0.0,0.0,0.0,0.0,100.0
20151028154532,0.0,0.0,0.0,0.0,0.0,0.0,0.0,100.0
20151028154602,0.0,0.0,0.0,0.0,0.0,0.0,2.4,97.6
20151028154632,0.0,0.0,0.0,0.0,0.0,0.0,14.3,85.7
20151028154702,0.0,0.0,0.0,0.0,0.0,0.0,24.5,75.5
20151028154732,0.0,0.0,0.0,0.0,0.0,0.0,0.7,99.3
20151028154802,0.0,0.0,0.0,0.0,0.0,0.0,0.0,100.0
20151028154832,0.0,0.0,0.0,0.0,0.0,0.0,0.7,99.3
20151028154902,0.0,0.0,0.0,0.0,0.0,0.0,11.4,88.6
20151028154932,0.0,0.0,0.0,0.0,0.0,0.0,7.2,92.8
20151028155002,0.0,0.0,0.0,0.0,0.0,0.0,5.5,94.5
20151028155032,0.0,0.0,0.0,0.0,0.0,0.0,1.0,99.0
20151028155102,0.0,0.0,0.0,0.0,0.0,0.0,0.4,99.6
20151028155132,0.0,0.0,0.0,0.0,0.0,0.0,0.2,99.8
20151028155202,0.0,0.0,0.0,0.0,0.0,0.0,11.7,88.3
20151028155232,0.0,0.0,0.0,0.0,0.0,0.0,18.3,81.7
20151028155302,0.0,0.0,0.0,0.0,0.0,0.0,0.4,99.6
20151028155332,0.0,0.0,0.0,0.0,0.0,0.0,0.0,100.0
20151028155402,0.0,0.0,0.0,0.0,0.0,0.0,2.6,97.4
20151028155432,0.0,0.0,0.0,0.0,0.0,0.0,6.7,93.3
20151028155502,0.0,0.0,0.0,0.0,0.0,0.0,7.8,92.1
20151028155532,0.0,0.0,0.0,0.0,0.0,0.0,29.8,70.2
20151028155602,0.0,0.0,0.0,0.0,0.0,0.0,15.8,84.1
20151028155632,0.0,0.0,0.0,0.0,0.0,0.0,25.1,74.9
20151028155702,0.0,0.0,0.0,0.0,0.0,0.0,11.7,88.3
20151028155732,0.0,0.0,0.0,0.0,0.0,0.0,1.3,98.7
20151028155802,0.0,0.0,0.0,0.0,0.0,0.0,7.4,92.6
20151028155832,0.0,0.0,0.0,0.0,0.0,0.0,8.6,91.4
20151028155902,0.0,0.0,0.0,0.0,0.0,0.0,10.4,89.5
20151028155932,0.0,0.0,0.0,0.0,0.0,0.0,1.9,98.1
20151028160132,0.0,0.0,0.0,0.0,0.0,0.0,0.0,100.0
20151028160202,0.0,0.0,0.0,0.0,0.0,0.0,0.0,100.0
20151028160232,0.0,0.0,0.0,0.0,0.0,0.0,0.0,100.0
20151028160302,0.0,0.0,0.0,0.0,0.0,0.0,0.0,100.0
20151028160332,0.0,0.0,0.0,0.0,0.0,0.0,0.0,100.0
20151028160402,0.0,0.0,0.0,0.0,0.0,0.0,0.0,100.0
20151028160432,0.0,0.0,0.0,0.0,0.0,0.0,0.2,99.8
20151028160502,0.0,0.0,0.0,0.0,0.0,0.0,0.1,99.8
20151028160532,0.0,0.0,0.0,0.0,0.0,0.0,0.3,99.7
20151028160602,0.0,0.0,0.0,0.0,0.0,0.0,0.3,99.7
20151028160632,0.0,0.0,0.0,0.0,0.0,0.0,0.2,99.8
20151028160703,0.0,0.0,0.0,0.0,0.0,0.0,0.1,99.9
20151028160733,0.0,0.0,0.0,0.0,0.0,0.0,0.1,99.9
20151028160803,0.0,0.0,0.0,0.0,0.0,0.0,0.2,99.8
20151028160833,0.0,0.0,0.0,0.0,0.0,0.0,0.1,99.9
20151028160903,0.0,0.0,0.0,0.0,0.0,0.0,0.1,99.9
20151028160933,0.0,0.0,0.0,0.0,0.0,0.0,0.2,99.8
20151028161003,0.0,0.0,0.0,0.0,0.0,0.0,2.5,97.5
20151028161033,0.0,0.0,0.0,0.0,0.0,0.0,0.0,100.0
20151028161103,0.0,0.0,0.0,0.0,0.0,0.0,0.0,100.0
20151028161133,0.0,0.0,0.0,0.0,0.0,0.0,0.1,99.9
20151028161203,0.0,0.0,0.0,0.0,0.0,0.0,0.2,99.8
20151028161233,0.0,0.0,0.0,0.0,0.0,0.0,0.1,99.9
20151028161303,0.0,0.0,0.0,0.0,0.0,0.0,0.1,99.9
20151028161333,0.0,0.0,0.0,0.0,0.0,0.0,0.4,99.6
20151028161403,0.0,0.0,0.0,0.0,0.0,0.0,1.3,98.7
20151028161433,0.0,0.0,0.0,0.0,0.0,0.0,0.9,99.1
20151028161503,0.0,0.0,0.0,0.0,0.0,0.0,0.3,99.7
20151028161533,0.0,0.0,0.0,0.0,0.0,0.0,0.0,100.0
20151028161603,0.0,0.0,0.0,0.0,0.0,0.0,0.1,99.9
20151028161633,0.0,0.0,0.0,0.0,0.0,0.0,1.9,98.0
20151028161703,0.0,0.0,0.0,0.0,0.0,0.0,3.9,96.0
20151028161733,0.0,0.0,0.0,0.0,0.0,0.0,0.6,99.4
20151028161803,0.0,0.0,0.0,0.0,0.0,0.0,4.4,95.6
20151028161833,0.0,0.0,0.0,0.0,0.0,0.0,8.4,91.6
20151028161903,0.0,0.0,0.0,0.0,0.0,0.0,1.1,98.9
20151028161933,0.0,0.0,0.0,0.0,0.0,0.0,0.4,99.6
20151028162003,0.0,0.0,0.0,0.0,0.0,0.0,4.8,95.2
20151028162033,0.0,0.0,0.0,0.0,0.0,0.0,0.7,99.3
20151028162103,0.0,0.0,0.0,0.0,0.0,0.0,0.6,99.4
20151028162133,0.0,0.0,0.0,0.0,0.0,0.0,1.0,99.0
20151028162203,0.0,0.0,0.0,0.0,0.0,0.0,2.1,97.9
20151028162233,0.0,0.0,0.0,0.0,0.0,0.0,2.6,97.4
20151028162303,0.0,0.0,0.0,0.0,0.0,0.0,0.4,99.6
20151028162333,0.0,0.0,0.0,0.0,0.0,0.0,16.3,83.6
20151028162403,0.0,0.0,0.0,0.0,0.0,0.0,3.5,96.5
20151028162433,0.0,0.0,0.0,0.0,0.0,0.0,4.0,96.0
20151028162503,0.0,0.0,0.0,0.1,0.0,0.0,25.4,74.5
20151028162533,0.0,0.0,0.0,0.1,0.0,0.0,57.3,42.6
20151028162603,0.0,0.0,0.0,0.0,0.0,0.0,69.8,30.1
20151028162633,0.0,0.0,0.0,0.1,0.0,0.0,31.7,68.2
20151028162703,0.0,0.0,0.0,0.4,0.0,0.0,12.4,87.2
20151028162733,0.0,0.0,0.0,0.6,0.0,0.0,13.8,85.6
20151028162803,0.0,0.0,0.0,0.2,0.0,0.0,14.3,85.5
20151028162833,0.0,0.0,0.0,0.5,0.0,0.0,65.5,34.0
20151028162903,0.0,0.0,0.0,0.2,0.0,0.0,26.6,73.2
20151028162933,0.0,0.0,0.0,0.5,0.0,0.0,57.0,42.5
20151028163003,0.0,0.0,0.0,0.4,0.0,0.0,66.1,33.5
20151028163033,0.0,0.0,0.0,0.5,0.0,0.0,67.4,32.2
20151028163103,0.0,0.0,0.0,0.0,0.0,0.0,14.6,85.3
20151028163133,0.0,0.0,0.0,0.0,0.0,0.0,24.4,75.5
20151028163203,0.0,0.0,0.0,0.1,0.0,0.0,90.4,9.5
20151028163233,0.0,0.0,0.0,0.7,0.0,0.0,38.1,61.1
20151028163303,0.0,0.0,0.0,0.0,0.0,0.0,49.8,50.1
20151028163333,0.0,0.0,0.0,0.0,0.0,0.0,15.3,84.7
20151028163403,0.0,0.0,0.0,0.0,0.0,0.0,0.4,99.6
20151028163433,0.0,0.0,0.0,0.0,0.0,0.0,4.7,95.3
20151028163503,0.0,0.0,0.0,0.0,0.0,0.0,2.3,97.7
20151028163533,0.0,0.0,0.0,0.0,0.0,0.0,4.7,95.3
20151028163603,0.0,0.0,0.0,0.0,0.0,0.0,11.9,88.1
20151028163633,0.0,0.0,0.0,0.0,0.0,0.0,31.1,68.9
20151028163703,0.0,0.0,0.0,0.0,0.0,0.0,48.2,51.8
20151028163733,0.0,0.0,0.0,0.0,0.0,0.0,8.2,91.8
20151028163803,0.0,0.0,0.0,0.0,0.0,0.0,5.4,94.6
20151028163833,0.0,0.0,0.0,0.0,0.0,0.0,19.2,80.8
20151028163903,0.0,0.0,0.0,0.0,0.0,0.0,51.4,48.6
20151028163933,0.0,0.0,0.0,0.0,0.0,0.0,19.4,80.6
20151028164003,0.0,0.0,0.0,0.0,0.0,0.0,29.8,70.1
20151028164033,0.0,0.0,0.0,0.0,0.0,0.0,10.7,89.3
20151028164103,0.0,0.0,0.0,0.0,0.0,0.0,53.1,46.8
20151028164134,0.0,0.0,0.0,0.0,0.0,0.0,1.9,98.1
20151028164204,0.0,0.0,0.0,0.0,0.0,0.0,8.8,91.2
20151028164234,0.0,0.0,0.0,0.0,0.0,0.0,2.4,97.6
20151028164304,0.0,0.0,0.0,0.0,0.0,0.0,29.8,70.2
20151028164334,0.0,0.0,0.0,0.0,0.0,0.0,77.3,22.7
20151028164404,0.0,0.0,0.0,0.0,0.0,0.0,70.2,29.8
20151028164434,0.0,0.0,0.0,0.0,0.0,0.0,89.8,10.2
20151028164504,0.0,0.0,0.0,0.0,0.0,0.0,43.9,56.1
20151028164534,0.0,0.0,0.0,0.0,0.0,0.0,39.8,60.2
20151028164604,0.0,0.2,0.0,0.0,0.0,0.0,12.6,87.2
20151028164634,0.0,0.0,0.0,0.0,0.0,0.0,9.1,90.9
20151028164704,0.0,0.0,0.0,0.0,0.0,0.0,0.6,99.4
20151028164734,0.0,0.0,0.0,0.0,0.0,0.0,11.4,88.6
20151028164804,0.0,0.0,0.0,0.0,0.0,0.0,10.7,89.3
20151028164834,0.0,0.0,0.0,0.0,0.0,0.0,5.3,94.7
20151028164904,0.0,0.0,0.0,0.0,0.0,0.0,31.4,68.6
20151028164934,0.0,0.0,0.0,0.0,0.0,0.0,18.4,81.6
20151028165004,0.0,0.0,0.0,0.0,0.0,0.0,1.1,98.9
20151028165034,0.0,0.0,0.0,0.0,0.0,0.0,44.0,56.0
20151028165104,0.0,0.0,0.0,0.0,0.0,0.0,0.3,99.7
20151028165134,0.0,0.0,0.0,0.0,0.0,0.0,4.3,95.7
20151028165204,0.0,0.0,0.0,0.0,0.0,0.0,0.3,99.7
20151028165234,0.0,0.0,0.0,0.0,0.0,0.0,1.9,98.1
20151028165304,0.0,0.0,0.0,0.0,0.0,0.0,26.6,73.4
20151028165334,0.0,0.0,0.0,0.0,0.0,0.0,79.5,20.5
20151028165404,0.0,0.0,0.0,0.0,0.0,0.0,49.4,50.6
20151028165434,0.0,0.0,0.0,0.0,0.0,0.0,17.2,82.8
20151028165504,0.0,0.0,0.0,0.0,0.0,0.0,85.4,14.6
20151028165534,0.0,0.0,0.0,0.0,0.0,0.0,52.6,47.4
20151028165604,0.0,0.0,0.0,0.0,0.0,0.0,8.0,92.0
20151028165634,0.0,0.0,0.0,0.0,0.0,0.0,0.3,99.7
20151028165704,0.0,0.0,0.0,0.0,0.0,0.0,9.3,90.7
20151028165734,0.0,0.0,0.0,0.0,0.0,0.0,17.1,82.9
20151028165804,0.0,0.0,0.0,0.0,0.0,0.0,8.0,92.0
20151028165834,0.0,0.0,0.0,0.0,0.0,0.0,0.5,99.5
20151028165904,0.0,0.0,0.0,0.0,0.0,0.0,33.9,66.1
20151028165934,0.0,0.0,0.0,0.0,0.0,0.0,59.2,40.8
20151028170004,0.0,0.0,0.0,0.0,0.0,0.0,47.1,52.9
20151028170034,0.0,0.0,0.0,0.0,0.0,0.0,54.6,45.3
20151028170104,0.0,0.0,0.0,0.0,0.0,0.0,24.3,75.6
20151028170134,0.0,0.0,0.0,0.0,0.1,0.0,31.5,68.3
20151028170204,0.0,0.0,0.0,0.0,0.0,0.0,6.5,93.5
20151028170234,0.0,0.0,0.0,0.0,0.0,0.0,4.1,95.9
20151028170304,0.0,0.0,0.0,0.2,0.0,0.0,34.9,64.9
20151028170334,0.0,0.0,0.0,0.0,0.0,0.0,33.0,66.9
20151028170404,0.0,0.0,0.0,0.0,0.0,0.0,18.3,81.6
20151028170434,0.0,0.0,0.0,0.0,0.0,0.0,12.9,87.1
20151028170504,0.0,0.0,0.0,0.1,0.0,0.0,5.7,94.2
20151028170534,0.0,0.0,0.0,0.0,0.0,0.0,63.8,36.2
20151028170604,0.0,0.0,0.0,0.0,0.0,0.0,8.4,91.6
20151028170634,0.0,0.0,0.0,0.1,0.0,0.0,19.5,80.4
20151028170704,0.0,0.0,0.0,0.2,0.0,0.0,0.7,99.0
20151028170734,0.0,0.0,0.0,0.0,0.0,0.0,90.4,9.6
20151028170804,0.0,0.0,0.0,0.1,0.0,0.0,1.9,98.0
20151028170835,0.0,0.0,0.0,0.0,0.0,0.0,6.3,93.7
20151028170905,0.0,0.0,0.0,0.0,0.0,0.0,10.4,89.6
20151028170935,0.0,0.0,0.0,0.0,0.0,0.0,0.3,99.7
20151028171005,0.0,0.0,0.0,0.0,0.0,0.0,0.3,99.7
20151028171035,0.0,0.0,0.0,0.0,0.0,0.0,2.2,97.8
20151028171105,0.0,0.0,0.0,0.0,0.0,0.0,0.1,99.9
20151028171135,0.0,0.0,0.0,0.0,0.0,0.0,2.0,98.0
20151028171205,0.0,0.0,0.0,0.0,0.0,0.0,7.9,92.1
20151028171235,0.0,0.0,0.0,0.2,0.0,0.0,15.5,84.3
20151028171305,0.0,0.0,0.0,0.0,0.0,0.0,2.4,97.6
20151028171335,0.0,0.0,0.0,0.0,0.0,0.0,2.1,97.9
20151028171405,0.0,0.0,0.0,0.0,0.0,0.0,1.2,98.8
20151028171435,0.0,0.0,0.0,0.1,0.0,0.0,10.7,89.2
20151028171505,0.0,0.0,0.0,0.2,0.0,0.0,84.5,15.3
20151028171535,0.0,0.0,0.0,1.0,0.0,0.0,78.0,21.0
20151028171605,0.0,0.0,0.0,2.3,0.0,0.0,33.2,64.4
20151028171635,0.0,0.0,0.0,0.1,0.0,0.0,2.7,97.2
20151028171705,0.0,0.0,0.0,0.9,0.0,0.0,66.3,32.7
20151028171735,0.0,0.0,0.0,0.8,0.0,0.0,95.5,3.8
20151028171805,0.0,0.0,0.1,8.2,0.0,0.0,29.0,62.8
20151028171835,0.0,0.0,0.0,5.1,0.0,0.0,80.3,14.6
20151028171905,0.0,0.0,0.0,0.5,0.0,0.0,5.4,94.1
20151028171935,0.0,0.0,0.0,0.1,0.0,0.0,1.0,98.9
20151028172005,0.0,0.0,0.0,0.0,0.0,0.0,0.9,99.1
20151028172035,0.0,0.0,0.0,0.0,0.0,0.0,0.4,99.6
20151028172105,0.0,0.0,0.0,0.0,0.0,0.0,0.7,99.3
20151028172135,0.0,0.0,0.0,0.0,0.0,0.0,8.5,91.5
20151028172205,0.0,0.0,0.0,0.0,0.0,0.0,2.3,97.7
20151028172235,0.0,0.0,0.0,0.0,0.0,0.0,3.2,96.8
20151028172305,0.0,0.0,0.0,0.0,0.0,0.0,0.9,99.1
20151028172335,0.0,0.0,0.0,0.0,0.0,0.0,0.1,99.9
20151028172405,0.0,0.0,0.0,0.0,0.0,0.0,13.8,86.2
20151028172435,0.0,0.0,0.0,0.0,0.0,0.0,17.7,82.3
20151028172505,0.0,0.0,0.0,0.0,0.0,0.0,0.2,99.8
20151028172535,0.0,0.0,0.0,0.0,0.0,0.0,1.4,98.6
20151028172605,0.0,0.0,0.0,0.3,0.0,0.0,6.7,93.0
20151028172635,0.0,0.0,0.0,0.1,0.0,0.0,0.6,99.3
20151028172705,0.0,0.0,0.0,0.8,0.0,0.0,11.3,87.9
20151028172735,0.0,0.0,0.0,0.3,0.0,0.0,31.2,68.6
20151028172805,0.0,0.0,0.0,0.2,0.0,0.0,26.6,73.2
20151028172835,0.0,0.0,0.0,0.0,0.0,0.0,69.3,30.7
20151028172905,0.0,0.0,0.0,0.0,0.0,0.0,36.6,63.4
20151028172935,0.0,0.0,0.0,0.1,0.0,0.0,47.8,52.1
20151028173005,0.0,0.0,0.0,0.0,0.0,0.0,39.0,61.0
20151028173035,0.0,0.0,0.0,0.0,0.0,0.0,28.9,71.1
20151028173105,0.0,0.0,0.0,0.0,0.0,0.0,6.7,93.3
20151028173135,0.0,0.0,0.0,0.0,0.0,0.0,19.5,80.5
20151028173205,0.0,0.0,0.0,0.0,0.0,0.0,3.4,96.6
20151028173235,0.0,0.0,0.0,0.0,0.0,0.0,4.7,95.3
20151028173305,0.0,0.0,0.0,0.0,0.0,0.0,0.5,99.5
20151028173335,0.0,0.0,0.0,0.0,0.0,0.0,0.0,100.0
20151028173405,0.0,0.0,0.0,0.0,0.0,0.0,0.9,99.1
20151028173435,0.0,0.0,0.0,0.0,0.0,0.0,0.5,99.5
20151028173505,0.0,0.0,0.0,0.0,0.0,0.0,10.8,89.2
20151028173535,0.0,0.0,0.0,0.0,0.0,0.0,2.7,97.3
20151028173605,0.0,0.0,0.0,0.0,0.0,0.0,1.3,98.7
20151028173635,0.0,0.0,0.0,0.6,0.0,0.0,69.8,29.5
20151028173705,0.0,0.0,0.0,0.0,0.0,0.0,1.1,98.9
20151028173735,0.0,0.0,0.0,0.0,0.0,0.0,32.9,67.1
20151028173805,0.0,0.0,0.0,0.0,0.0,0.0,66.2,33.8
20151028173835,0.0,0.0,0.0,0.0,0.0,0.0,71.4,28.6
20151028173905,0.0,0.0,0.0,0.0,0.0,0.0,92.6,7.4
20151028173935,0.0,0.0,0.0,0.0,0.0,0.0,28.7,71.3
20151028174005,0.0,0.0,0.0,0.0,0.0,0.0,74.3,25.7
20151028174035,0.0,0.0,0.0,0.0,0.0,0.0,11.2,88.8
20151028174105,0.0,0.0,0.0,0.0,0.0,0.0,3.2,96.8
20151028174135,0.0,0.0,0.0,0.0,0.0,0.0,72.2,27.8
20151028174205,0.0,0.0,0.0,0.0,0.0,0.0,3.0,97.0
20151028174235,0.0,0.0,0.0,0.0,0.0,0.0,8.1,91.9
20151028174306,0.0,0.0,0.0,0.0,0.0,0.0,11.0,89.0
20151028174336,0.0,0.0,0.0,0.0,0.0,0.0,1.6,98.4
20151028174406,0.0,0.0,0.0,0.0,0.0,0.0,16.6,83.4
20151028174436,0.0,0.0,0.0,0.0,0.0,0.0,52.6,47.4
20151028174506,0.0,0.0,0.0,0.0,0.0,0.0,28.0,71.9
20151028174536,0.0,0.0,0.0,0.0,0.0,0.0,25.2,74.8
20151028174606,0.0,0.0,0.0,0.0,0.0,0.0,8.3,91.7
20151028174636,0.0,0.0,0.0,0.0,0.0,0.0,0.7,99.3
20151028174706,0.0,0.0,0.0,0.0,0.0,0.0,0.0,100.0
20151028174736,0.0,0.0,0.0,0.0,0.0,0.0,0.0,100.0
20151028174806,0.0,0.0,0.0,0.0,0.0,0.0,0.1,99.9
20151028174836,0.0,0.0,0.0,0.0,0.0,0.0,0.0,100.0
20151028174906,0.0,0.0,0.0,0.0,0.0,0.0,0.0,100.0
20151028174936,0.0,0.0,0.0,0.0,0.0,0.0,0.5,99.5
20151028175006,0.0,0.0,0.0,0.0,0.0,0.0,0.7,99.3
20151028175036,0.0,0.0,0.0,0.0,0.0,0.0,0.4,99.6
20151028175106,0.0,0.0,0.0,0.0,0.0,0.0,45.2,54.8
20151028175136,0.0,0.0,0.0,0.0,0.0,0.0,29.6,70.4
20151028175206,0.0,0.0,0.0,0.0,0.0,0.0,1.6,98.4
20151028175236,0.0,0.0,0.0,0.0,0.0,0.0,2.7,97.3
20151028175306,0.0,0.0,0.0,0.0,0.0,0.0,19.7,80.3
20151028175336,0.0,0.0,0.0,0.0,0.0,0.0,81.9,18.1
20151028175406,0.0,0.0,0.0,0.0,0.0,0.0,72.6,27.4
20151028175436,0.0,0.0,0.0,0.0,0.0,0.0,85.7,14.3
20151028175506,0.0,0.0,0.0,0.0,0.0,0.0,55.0,45.0
20151028175536,0.0,0.0,0.0,0.0,0.0,0.0,81.9,18.1
20151028175606,0.0,0.0,0.0,0.0,0.0,0.0,28.8,71.1
20151028175636,0.0,0.0,0.0,0.0,0.0,0.0,29.4,70.6
20151028175706,0.0,0.0,0.0,0.0,0.0,0.0,5.5,94.5
20151028175736,0.0,0.0,0.0,0.4,0.0,0.0,24.0,75.6
20151028175806,0.0,0.0,0.0,0.1,0.0,0.0,3.4,96.5
20151028175836,0.0,0.0,0.0,0.1,0.0,0.0,12.1,87.8
20151028175906,0.0,0.0,0.0,0.1,0.0,0.0,3.6,96.3
20151028175936,0.0,0.0,0.0,0.3,0.0,0.0,15.7,84.0
20151028180006,0.0,0.0,0.0,0.1,0.0,0.0,24.2,75.6
20151028180036,0.0,0.0,0.0,0.1,0.0,0.0,0.8,99.1
20151028180106,0.0,0.0,0.0,0.0,0.0,0.0,0.2,99.8
20151028180136,0.0,0.0,0.0,0.0,0.0,0.0,0.0,100.0
20151028180206,0.0,0.0,0.0,0.0,0.0,0.0,0.5,99.5
20151028180236,0.0,0.0,0.0,0.0,0.0,0.0,0.6,99.4
20151028180306,0.0,0.0,0.0,0.0,0.0,0.0,0.1,99.9
20151028180336,0.0,0.0,0.0,0.0,0.0,0.0,0.1,99.9
20151028180406,0.0,0.0,0.0,0.0,0.0,0.0,0.4,99.6
20151028180436,0.0,0.0,0.0,0.0,0.0,0.0,58.8,41.2
20151028180506,0.0,0.0,0.0,0.0,0.0,0.0,3.0,97.0
20151028180536,0.0,0.0,0.0,0.0,0.0,0.0,35.2,64.8
20151028180606,0.0,0.0,0.0,0.0,0.0,0.0,2.5,97.5
20151028180636,0.0,0.0,0.0,0.0,0.0,0.0,9.4,90.6
20151028180706,0.0,0.0,0.0,0.0,0.0,0.0,66.6,33.4
20151028180736,0.0,0.0,0.0,0.0,0.0,0.0,52.6,47.4
20151028180806,0.0,0.0,0.0,0.0,0.0,0.0,98.9,1.1
20151028180836,0.0,0.0,0.0,0.0,0.0,0.0,99.5,0.5
20151028180906,0.0,0.0,0.0,0.0,0.0,0.0,91.5,8.5
20151028180936,0.0,0.0,0.0,0.0,0.0,0.0,23.1,76.9
20151028181006,0.0,0.0,0.0,0.0,0.0,0.0,59.3,40.7
20151028181036,0.0,0.0,0.0,0.0,0.0,0.0,0.1,99.9
20151028181106,0.0,0.0,0.0,0.0,0.0,0.0,0.0,100.0
20151028181136,0.0,0.0,0.0,0.0,0.0,0.0,0.1,99.9
20151028181206,0.0,0.0,0.0,0.0,0.0,0.0,0.4,99.6
20151028181236,0.0,0.0,0.0,0.0,0.0,0.0,0.3,99.7
20151028181306,0.0,0.0,0.0,0.0,0.0,0.0,0.3,99.7
20151028181336,0.0,0.0,0.0,0.0,0.1,0.0,0.6,99.3
20151028181406,0.0,0.0,0.0,0.0,0.0,0.0,0.7,99.3
20151028181436,0.0,0.0,0.0,0.0,0.0,0.0,0.1,99.9
20151028181506,0.0,0.0,0.0,0.0,0.0,0.0,0.4,99.6
20151028181536,0.0,0.0,0.0,0.0,0.0,0.0,0.1,99.9
20151028181606,0.0,0.0,0.0,0.0,0.0,0.0,0.0,100.0
20151028181636,0.0,0.0,0.0,0.0,0.0,0.0,0.0,100.0
20151028181706,0.0,0.0,0.0,0.0,0.0,0.0,0.1,99.9
20151028181737,0.0,0.0,0.0,0.0,0.0,0.0,0.0,100.0
20151028181807,0.0,0.0,0.0,0.0,0.0,0.0,0.9,99.1
20151028181837,0.0,0.0,0.0,0.0,0.0,0.0,0.5,99.5
20151028181907,0.0,0.0,0.0,0.0,0.0,0.0,0.6,99.4
20151028181937,0.0,0.0,0.0,0.1,0.0,0.0,2.2,97.7
20151028182007,0.0,0.0,0.0,0.7,0.0,0.0,45.6,53.8
20151028182037,0.0,0.0,0.0,0.2,0.0,0.0,96.0,3.7
20151028182107,0.0,0.0,0.0,0.1,0.0,0.0,82.6,17.3
20151028182137,0.0,0.0,0.0,0.0,0.0,0.0,81.9,18.0
20151028182207,0.0,0.0,0.0,0.1,0.0,0.0,51.7,48.2
20151028182237,0.0,0.0,0.0,0.1,0.0,0.0,43.2,56.7
20151028182307,0.0,0.0,0.0,0.3,0.0,0.0,93.0,6.7
20151028182337,0.0,0.0,0.0,0.4,0.0,0.0,97.7,1.9
20151028182407,0.0,0.0,0.0,2.1,0.0,0.0,92.9,5.0
20151028182437,0.0,0.0,0.0,0.1,0.0,0.0,98.7,1.2
20151028182507,0.0,0.0,0.0,0.0,0.0,0.0,100.0,0.0
20151028182537,0.0,0.0,0.0,0.0,0.0,0.0,99.6,0.4
20151028182607,0.0,0.0,0.0,0.0,0.0,0.0,99.9,0.1
20151028182637,0.0,0.0,0.0,0.1,0.0,0.0,71.0,28.9
20151028182707,0.0,0.0,0.0,0.0,0.0,0.0,84.1,15.9
20151028182737,0.0,0.0,0.0,0.0,0.0,0.0,97.9,2.1
20151028182807,0.0,0.0,0.0,0.0,0.0,0.0,98.4,1.6
20151028182837,0.0,0.0,0.0,0.0,0.0,0.0,52.7,47.2
20151028182907,0.0,0.0,0.0,0.1,0.0,0.0,57.3,42.6
20151028182937,0.0,0.0,0.0,0.0,0.0,0.0,98.9,1.0
20151028183007,0.0,0.0,0.0,0.1,0.0,0.0,90.8,9.0
20151028183037,0.0,0.0,0.0,0.1,0.0,0.0,95.6,4.3
20151028183107,0.0,0.0,0.0,0.1,0.0,0.0,93.9,6.0
20151028183137,0.0,0.0,0.0,0.1,0.0,0.0,88.7,11.3
20151028183207,0.0,0.0,0.0,0.1,0.0,0.0,93.8,6.1
20151028183237,0.0,0.0,0.0,0.0,0.0,0.0,64.2,35.8
20151028183307,0.0,0.0,0.0,0.3,0.0,0.0,40.4,59.3
20151028183337,0.0,0.0,0.0,0.1,0.0,0.0,50.3,49.6
20151028183407,0.0,0.0,0.0,0.0,0.0,0.0,94.0,5.9
20151028183437,0.0,0.0,0.0,0.1,0.0,0.0,98.9,1.0
20151028183507,0.0,0.0,0.0,0.0,0.0,0.0,99.0,1.0
20151028183537,0.0,0.0,0.0,0.0,0.0,0.0,98.7,1.2
20151028183607,0.0,0.0,0.0,0.3,0.0,0.0,98.0,1.6
20151028183637,0.0,0.0,0.0,0.1,0.0,0.0,97.8,2.1
20151028183707,0.0,0.0,0.0,0.0,0.0,0.0,99.5,0.5
20151028183737,0.0,0.0,0.0,0.0,0.0,0.0,99.9,0.1
20151028183807,0.0,0.0,0.0,0.0,0.0,0.0,99.6,0.4
20151028183837,0.0,0.0,0.0,0.0,0.0,0.0,97.5,2.5
20151028183907,0.0,0.0,0.0,0.0,0.0,0.0,79.9,20.1
20151028183937,0.0,0.0,0.0,0.0,0.0,0.0,99.1,0.9
20151028184007,0.0,0.0,0.0,0.0,0.0,0.0,100.0,0.0
20151028184037,0.0,0.0,0.0,0.0,0.0,0.0,99.6,0.4
20151028184107,0.0,0.0,0.0,0.0,0.0,0.0,99.7,0.3
20151028184137,0.0,0.0,0.0,0.0,0.0,0.0,95.6,4.4
20151028184207,0.0,0.0,0.0,0.0,0.0,0.0,99.7,0.3
20151028184237,0.0,0.0,0.0,0.0,0.0,0.0,99.8,0.2
20151028184307,0.0,0.0,0.0,0.0,0.0,0.0,99.6,0.4
20151028184337,0.0,0.0,0.0,0.0,0.0,0.0,99.0,1.0
20151028184407,0.0,0.0,0.0,0.0,0.0,0.0,99.7,0.3
20151028184437,0.0,0.0,0.0,0.0,0.0,0.0,99.9,0.1
20151028184507,0.0,0.0,0.0,0.0,0.0,0.0,100.0,0.0
20151028184537,0.0,0.0,0.0,0.0,0.0,0.0,100.0,0.0
20151028184607,0.0,0.0,0.0,0.0,0.0,0.0,99.9,0.1
20151028184637,0.0,0.0,0.0,0.0,0.0,0.0,99.9,0.1
20151028184707,0.0,0.0,0.0,0.0,0.0,0.0,99.7,0.3
20151028184737,0.0,0.0,0.0,0.0,0.0,0.0,99.9,0.1
20151028184807,0.0,0.0,0.0,0.0,0.0,0.0,90.5,9.5
20151028184837,0.0,0.0,0.0,0.1,0.0,0.0,92.5,7.4
20151028184907,0.0,0.0,0.0,0.0,0.0,0.0,98.3,1.6
20151028184937,0.0,0.0,0.0,0.0,0.0,0.0,100.0,0.0
20151028185007,0.0,0.0,0.0,0.1,0.0,0.0,88.6,11.4
20151028185037,0.0,0.0,0.0,0.0,0.0,0.0,99.6,0.4
20151028185107,0.0,0.0,0.0,0.0,0.0,0.0,99.5,0.5
20151028185137,0.0,0.0,0.0,0.0,0.0,0.0,99.3,0.7
20151028185208,0.0,0.0,0.0,0.1,0.1,0.0,94.5,5.4
20151028185238,0.0,0.0,0.0,0.0,0.0,0.0,98.9,1.1
20151028185308,0.0,0.0,0.0,0.1,0.0,0.0,96.4,3.5
20151028185338,0.0,0.0,0.0,0.7,0.0,0.0,94.0,5.2
20151028185408,0.0,0.0,0.0,0.3,0.0,0.0,97.9,1.8
20151028185438,0.0,0.0,0.0,0.0,0.0,0.0,99.9,0.0
20151028185508,0.0,0.0,0.0,0.0,0.0,0.0,99.9,0.1
20151028185538,0.0,0.0,0.0,0.0,0.0,0.0,100.0,0.0
20151028185608,0.0,0.0,0.0,0.0,0.0,0.0,98.7,1.2
20151028185638,0.0,0.0,0.0,0.2,0.1,0.0,65.3,34.4
20151028185708,0.0,0.0,0.0,0.1,0.0,0.0,96.8,3.1
20151028185738,0.0,0.0,0.0,0.0,0.0,0.0,94.7,5.3
20151028185808,0.0,0.0,0.0,0.0,0.0,0.0,98.2,1.8
20151028185838,0.0,0.0,0.0,0.1,0.0,0.0,91.5,8.4
20151028185908,0.0,0.0,0.0,0.0,0.0,0.0,99.6,0.4
20151028185938,0.0,0.0,0.0,0.0,0.0,0.0,98.5,1.4
20151028190008,0.0,0.0,0.0,0.1,0.0,0.0,99.6,0.3
20151028190038,0.0,0.0,0.0,0.0,0.0,0.0,86.4,13.6
20151028190108,0.0,0.0,0.0,0.0,0.0,0.0,98.3,1.6
20151028190138,0.0,0.0,0.0,0.0,0.0,0.0,99.8,0.2
20151028190208,0.0,0.0,0.0,0.0,0.0,0.0,100.0,0.0
20151028190238,0.0,0.0,0.0,0.0,0.0,0.0,99.2,0.8
20151028190308,0.0,0.0,0.0,0.0,0.0,0.0,99.9,0.1
20151028190338,0.0,0.0,0.0,0.0,0.0,0.0,99.9,0.1
20151028190408,0.0,0.0,0.0,0.0,0.0,0.0,100.0,0.0
20151028190438,0.0,0.0,0.0,0.0,0.0,0.0,99.9,0.1
20151028190508,0.0,0.0,0.0,0.0,0.0,0.0,99.0,1.0
20151028190538,0.0,0.0,0.0,0.0,0.0,0.0,100.0,0.0
20151028190608,0.0,0.0,0.0,0.0,0.0,0.0,99.7,0.3
20151028190638,0.0,0.0,0.0,0.0,0.0,0.0,99.9,0.1
20151028190708,0.0,0.0,0.0,0.0,0.0,0.0,99.9,0.1
20151028190738,0.0,0.0,0.0,0.0,0.0,0.0,99.9,0.1
20151028190808,0.0,0.0,0.0,0.0,0.0,0.0,100.0,0.0
20151028190838,0.0,0.0,0.0,0.0,0.0,0.0,100.0,0.0
20151028190908,0.0,0.0,0.0,0.0,0.0,0.0,100.0,0.0
20151028190938,0.0,0.0,0.0,0.0,0.0,0.0,100.0,0.0
20151028191008,0.0,0.0,0.0,0.0,0.0,0.0,99.8,0.2
20151028191038,0.0,0.0,0.0,0.0,0.0,0.0,99.1,0.9
20151028191108,0.0,0.0,0.0,0.0,0.0,0.0,99.8,0.2
20151028191138,0.0,0.0,0.0,0.0,0.0,0.0,99.8,0.2
20151028191208,0.0,0.0,0.0,0.0,0.0,0.0,99.7,0.3
20151028191238,0.0,0.0,0.0,0.0,0.0,0.0,96.1,3.9
20151028191308,0.0,0.0,0.0,0.0,0.0,0.0,95.3,4.7
20151028191338,0.0,0.0,0.0,0.1,0.0,0.0,81.6,18.3
20151028191408,0.0,0.0,0.0,0.0,0.0,0.0,72.4,27.6
20151028191438,0.0,0.0,0.0,0.0,0.0,0.0,62.0,37.9
20151028191508,0.0,0.0,0.0,0.0,0.0,0.0,99.7,0.3
20151028191538,0.0,0.0,0.0,0.0,0.0,0.0,96.1,3.9
20151028191608,0.0,0.0,0.0,0.0,0.0,0.0,98.4,1.6
20151028191638,0.0,0.0,0.0,0.0,0.0,0.0,99.3,0.7
20151028191708,0.0,0.0,0.0,0.0,0.0,0.0,96.9,3.1
20151028191738,0.0,0.0,0.0,0.0,0.0,0.0,96.2,3.8
20151028191808,0.0,0.0,0.0,0.0,0.0,0.0,100.0,0.0
20151028191838,0.0,0.0,0.0,0.0,0.0,0.0,100.0,0.0
20151028191909,0.0,0.0,0.0,0.0,0.0,0.0,99.8,0.1
20151028191939,0.0,0.0,0.0,0.0,0.0,0.0,99.1,0.9
20151028192009,0.0,0.0,0.0,0.0,0.0,0.0,86.8,13.2
20151028192039,0.0,0.0,0.0,0.0,0.0,0.0,99.1,0.8
20151028192109,0.0,0.0,0.0,0.1,0.0,0.0,88.6,11.3
20151028192139,0.0,0.0,0.0,0.0,0.0,0.0,99.4,0.5
20151028192209,0.0,0.0,0.0,0.0,0.0,0.0,90.6,9.3
20151028192239,0.0,0.0,0.0,0.0,0.0,0.0,98.2,1.8
20151028192309,0.0,0.0,0.0,0.0,0.0,0.0,88.1,11.9
20151028192339,0.0,0.0,0.0,0.0,0.0,0.0,99.8,0.2
20151028192409,0.0,0.0,0.0,0.0,0.0,0.0,99.9,0.1
20151028192439,0.0,0.0,0.0,0.0,0.0,0.0,100.0,0.0
20151028192509,0.0,0.0,0.0,0.0,0.0,0.0,99.9,0.1
20151028192539,0.0,0.0,0.0,0.0,0.0,0.0,100.0,0.0
20151028192609,0.0,0.0,0.0,0.0,0.0,0.0,100.0,0.0
20151028192639,0.0,0.0,0.0,0.0,0.0,0.0,100.0,0.0
20151028192709,0.0,0.0,0.0,0.0,0.0,0.0,99.9,0.1
20151028192739,0.0,0.0,0.0,0.0,0.0,0.0,92.1,7.9
20151028192809,0.0,0.0,0.0,0.0,0.0,0.0,96.8,3.2
20151028192839,0.0,0.0,0.0,0.0,0.0,0.0,98.6,1.4
20151028192909,0.0,0.0,0.0,0.0,0.0,0.0,99.2,0.8
20151028192939,0.0,0.0,0.0,0.0,0.0,0.0,97.9,2.0
20151028193009,0.0,0.0,0.0,0.0,0.0,0.0,99.5,0.5
20151028193039,0.0,0.0,0.0,0.0,0.0,0.0,99.5,0.5
20151028193109,0.0,0.0,0.0,0.0,0.0,0.0,99.3,0.7
20151028193139,0.0,0.0,0.0,0.0,0.0,0.0,99.8,0.2
20151028193209,0.0,0.0,0.0,0.0,0.0,0.0,100.0,0.0
20151028193239,0.0,0.0,0.0,0.0,0.0,0.0,98.4,1.6
20151028193309,0.0,0.0,0.0,0.0,0.0,0.0,99.8,0.2
20151028193339,0.0,0.0,0.0,0.0,0.1,0.0,93.8,6.1
20151028193409,0.0,0.0,0.0,0.0,0.6,0.0,90.8,8.5
20151028193439,0.0,0.0,0.0,0.0,0.1,0.0,89.8,10.1
20151028193509,0.0,0.0,0.0,0.0,0.0,0.0,93.8,6.2
20151028193539,0.0,0.0,0.0,0.0,0.0,0.0,99.6,0.4
20151028193609,0.0,0.0,0.0,0.1,0.0,0.0,98.3,1.6
20151028193639,0.0,0.0,0.0,0.3,0.0,0.0,97.1,2.6
20151028193709,0.0,0.0,0.0,0.2,0.0,0.0,98.0,1.8
20151028193739,0.0,0.0,0.0,0.0,0.1,0.0,84.1,15.7
20151028193809,0.0,0.0,0.0,0.1,0.0,0.0,82.7,17.2
20151028193839,0.0,0.0,0.0,0.5,0.0,0.0,93.3,6.1
20151028193909,0.0,0.0,0.0,0.1,0.1,0.0,93.0,6.8
20151028193939,0.0,0.0,0.0,0.6,0.1,0.0,89.7,9.6
20151028194009,0.0,0.0,0.0,0.0,0.1,0.0,66.3,33.5
20151028194039,0.0,0.0,0.0,0.0,0.0,0.0,97.7,2.3
20151028194109,0.0,0.0,0.0,0.0,0.1,0.0,94.3,5.7
20151028194139,0.0,0.0,0.0,0.0,0.0,0.0,98.4,1.5
20151028194209,0.0,0.0,0.0,0.0,0.3,0.0,93.9,5.7
20151028194239,0.0,0.0,0.0,0.0,0.2,0.0,92.6,7.2
20151028194309,0.0,0.0,0.0,0.0,0.7,0.0,82.5,16.7
20151028194339,0.0,0.0,0.0,0.1,0.4,0.0,97.2,2.3
20151028194409,0.0,0.0,0.0,0.3,0.2,0.0,93.1,6.3
20151028194439,0.0,0.0,0.0,0.1,0.0,0.0,95.9,3.9
20151028194509,0.0,0.0,0.0,0.0,0.1,0.0,14.3,85.6
20151028194539,0.0,0.0,0.0,0.0,0.0,0.0,28.9,71.1
20151028194609,0.0,0.0,0.0,0.0,0.0,0.0,34.4,65.6
20151028194639,0.0,0.0,0.0,0.0,0.0,0.0,73.2,26.7
20151028194709,0.0,0.0,0.0,0.0,0.0,0.0,70.7,29.3
20151028194739,0.0,0.0,0.0,0.0,0.0,0.0,98.8,1.2
20151028194809,0.0,0.0,0.0,0.0,0.0,0.0,99.4,0.6
20151028194839,0.0,0.0,0.0,0.0,0.0,0.0,97.2,2.8
20151028194909,0.0,0.0,0.0,0.0,0.0,0.0,99.6,0.4
20151028194939,0.0,0.0,0.0,0.0,0.0,0.0,99.9,0.1
20151028195009,0.0,0.0,0.0,0.0,0.0,0.0,99.7,0.3
20151028195039,0.0,0.0,0.0,0.0,0.0,0.0,99.1,0.9
20151028195109,0.0,0.0,0.0,0.0,0.0,0.0,98.5,1.5
20151028195139,0.0,0.0,0.0,0.0,0.0,0.0,99.3,0.7
20151028195209,0.0,0.0,0.0,0.0,0.0,0.0,98.5,1.5
20151028195239,0.0,0.0,0.0,0.0,0.0,0.0,87.0,13.0
20151028195310,0.0,0.0,0.0,0.0,0.0,0.0,99.9,0.1
20151028195340,0.0,0.0,0.0,0.0,0.0,0.0,99.5,0.5
20151028195410,0.0,0.0,0.0,0.0,0.0,0.0,99.9,0.1
20151028195440,0.0,0.0,0.0,0.0,0.0,0.0,99.9,0.1
20151028195510,0.0,0.0,0.0,0.0,0.0,0.0,99.9,0.1
20151028195540,0.0,0.0,0.0,0.0,0.0,0.0,99.8,0.2
20151028195610,0.0,0.0,0.0,0.0,0.0,0.0,97.3,2.7
20151028195640,0.0,0.0,0.0,0.0,0.0,0.0,97.9,2.1
20151028195710,0.0,0.0,0.0,0.0,0.0,0.0,100.0,0.0
20151028195740,0.0,0.0,0.0,0.0,0.0,0.0,100.0,0.0
20151028195810,0.0,0.0,0.0,0.0,0.0,0.0,99.8,0.2
20151028195840,0.0,0.0,0.0,0.0,0.0,0.0,99.9,0.1
20151028195910,0.0,0.0,0.0,0.0,0.0,0.0,99.0,1.0
20151028195940,0.0,0.0,0.0,0.0,0.0,0.0,99.4,0.6
20151028200010,0.0,0.0,0.0,0.0,0.0,0.0,99.9,0.1
20151028200040,0.0,0.0,0.0,0.0,0.0,0.0,99.8,0.2
20151028200110,0.0,0.0,0.0,0.0,0.0,0.0,99.8,0.2
20151028200140,0.0,0.0,0.0,0.0,0.0,0.0,100.0,0.0
20151028200210,0.0,0.0,0.0,0.0,0.0,0.0,99.3,0.7
20151028200240,0.0,0.0,0.0,0.0,0.0,0.0,100.0,0.0
20151028200310,0.0,0.0,0.0,0.0,0.0,0.0,99.8,0.2
20151028200340,0.0,0.0,0.0,0.0,0.0,0.0,100.0,0.0
20151028200410,0.0,0.0,0.0,0.0,0.0,0.0,100.0,0.0
20151028200440,0.0,0.0,0.0,0.0,0.0,0.0,99.9,0.1
20151028200510,0.0,0.0,0.0,0.0,0.0,0.0,100.0,0.0
20151028200540,0.0,0.0,0.0,0.0,0.0,0.0,99.9,0.1
20151028200610,0.0,0.0,0.0,0.0,0.0,0.0,99.9,0.1
20151028200640,0.0,0.0,0.0,0.0,0.0,0.0,99.8,0.2
20151028200710,0.0,0.0,0.0,0.0,0.0,0.0,99.6,0.4
20151028200740,0.0,0.0,0.0,0.0,0.0,0.0,100.0,0.0
20151028200810,0.0,0.0,0.0,0.0,0.0,0.0,100.0,0.0
20151028200840,0.0,0.0,0.0,0.0,0.0,0.0,99.7,0.3
20151028200910,0.0,0.0,0.0,0.0,0.0,0.0,98.9,1.1
20151028200940,0.0,0.0,0.0,0.0,0.0,0.0,98.3,1.7
20151028201010,0.0,0.0,0.0,0.0,0.0,0.0,98.0,2.0
20151028201040,0.0,0.0,0.0,0.0,0.0,0.0,95.5,4.5
20151028201110,0.0,0.0,0.0,0.0,0.0,0.0,98.2,1.8
20151028201140,0.0,0.0,0.0,0.0,0.0,0.0,99.6,0.4
20151028201210,0.0,0.0,0.0,0.0,0.0,0.0,99.5,0.5
20151028201240,0.0,0.0,0.0,0.0,0.0,0.0,99.7,0.3
20151028201310,0.0,0.0,0.0,0.0,0.0,0.0,99.8,0.2
20151028201340,0.0,0.0,0.0,0.0,0.0,0.0,99.9,0.1
20151028201410,0.0,0.0,0.0,0.0,0.0,0.0,99.3,0.7
20151028201440,0.0,0.0,0.0,0.0,0.0,0.0,99.9,0.1
20151028201510,0.0,0.0,0.0,0.0,0.0,0.0,97.9,2.1
20151028201540,0.0,0.0,0.0,0.0,0.0,0.0,74.7,25.3
20151028201610,0.0,0.0,0.0,0.0,0.0,0.0,90.8,9.2
20151028201640,0.0,0.0,0.0,0.0,0.0,0.0,93.6,6.4
20151028201710,0.0,0.0,0.0,0.0,0.0,0.0,94.2,5.8
20151028201740,0.0,0.0,0.0,0.0,0.0,0.0,94.0,6.0
20151028201810,0.0,0.0,0.0,0.0,0.0,0.0,99.5,0.5
20151028201840,0.0,0.0,0.0,0.0,0.0,0.0,83.5,16.5
20151028201910,0.0,0.0,0.0,0.0,0.0,0.0,99.1,0.9
20151028201940,0.0,0.0,0.0,0.0,0.0,0.0,96.6,3.4
20151028202010,0.0,0.0,0.0,0.0,0.0,0.0,31.6,68.4
20151028202040,0.0,0.0,0.0,0.0,0.0,0.0,75.2,24.8
20151028202110,0.0,0.0,0.0,0.0,0.0,0.0,43.9,56.1
20151028202140,0.0,0.0,0.0,0.0,0.0,0.0,88.8,11.1
20151028202210,0.0,0.0,0.0,0.0,0.0,0.0,99.9,0.1
20151028202240,0.0,0.0,0.0,0.0,0.0,0.0,97.3,2.7
20151028202310,0.0,0.0,0.0,0.0,0.0,0.0,99.0,1.0
20151028202340,0.0,0.0,0.0,0.0,0.0,0.0,99.8,0.2
20151028202410,0.0,0.0,0.0,0.0,0.0,0.0,99.9,0.1
20151028202440,0.0,0.0,0.0,0.0,0.0,0.0,100.0,0.0
20151028202510,0.0,0.0,0.0,0.0,0.0,0.0,97.7,2.3
20151028202540,0.0,0.0,0.0,0.0,0.0,0.0,100.0,0.0
20151028202610,0.0,0.0,0.0,0.0,0.0,0.0,98.7,1.3
20151028202640,0.0,0.0,0.0,0.0,0.0,0.0,99.6,0.4
20151028202710,0.0,0.0,0.0,0.0,0.0,0.0,98.6,1.4
20151028202741,0.0,0.0,0.0,0.0,0.0,0.0,93.5,6.5
20151028202811,0.0,0.0,0.0,0.0,0.0,0.0,64.3,35.7
20151028202841,0.0,0.0,0.0,0.0,0.0,0.0,66.4,33.6
20151028202911,0.0,0.0,0.0,0.0,0.0,0.0,91.6,8.4
20151028202941,0.0,0.0,0.0,0.0,0.0,0.0,86.0,14.0
20151028203011,0.0,0.0,0.0,0.0,0.0,0.0,86.3,13.7
20151028203041,0.0,0.0,0.0,0.0,0.0,0.0,68.5,31.5
20151028203111,0.0,0.0,0.0,0.0,0.0,0.0,23.3,76.6
20151028203141,0.0,0.0,0.0,0.0,0.0,0.0,52.3,47.7
20151028203211,0.0,0.0,0.0,0.0,0.0,0.0,78.8,21.2
20151028203241,0.0,0.0,0.0,0.0,0.0,0.0,92.8,7.2
20151028203311,0.0,0.0,0.0,0.0,0.0,0.0,97.5,2.5
20151028203341,0.0,0.0,0.0,0.0,0.0,0.0,55.3,44.7
20151028203411,0.0,0.0,0.0,0.0,0.0,0.0,87.0,13.0
20151028203441,0.0,0.0,0.0,0.0,0.0,0.0,55.2,44.8
20151028203511,0.0,0.0,0.0,0.0,0.0,0.0,86.1,13.9
20151028203541,0.0,0.0,0.0,0.0,0.0,0.0,69.2,30.8
20151028203611,0.0,0.0,0.0,0.0,0.0,0.0,28.3,71.7
20151028203641,0.0,0.0,0.0,0.0,0.0,0.0,67.2,32.8
20151028203711,0.0,0.0,0.0,0.0,0.0,0.0,81.5,18.5
20151028203741,0.0,0.0,0.0,0.0,0.0,0.0,93.6,6.4
20151028203811,0.0,0.0,0.0,0.0,0.0,0.0,66.1,33.9
20151028203841,0.0,0.0,0.0,0.0,0.0,0.0,98.0,2.0
20151028203911,0.0,0.0,0.0,0.0,0.0,0.0,99.2,0.8
20151028203941,0.0,0.0,0.0,0.0,0.0,0.0,97.4,2.6
20151028204011,0.0,0.0,0.0,0.0,0.0,0.0,96.8,3.2
20151028204041,0.0,0.0,0.0,0.0,0.0,0.0,100.0,0.0
20151028204111,0.0,0.0,0.0,0.0,0.0,0.0,100.0,0.0
20151028204141,0.0,0.0,0.0,0.0,0.0,0.0,100.0,0.0
20151028204211,0.0,0.0,0.0,0.0,0.0,0.0,100.0,0.0
20151028204241,0.0,0.0,0.0,0.0,0.0,0.0,100.0,0.0
20151028204311,0.0,0.0,0.0,0.0,0.0,0.0,100.0,0.0
20151028204341,0.0,0.0,0.0,0.0,0.0,0.0,99.9,0.1
20151028204411,0.0,0.0,0.0,0.0,0.0,0.0,100.0,0.0
20151028204441,0.0,0.0,0.0,0.0,0.0,0.0,99.9,0.1
20151028204511,0.0,0.0,0.0,0.0,0.0,0.0,100.0,0.0
20151028204541,0.0,0.0,0.0,0.0,0.0,0.0,100.0,0.0
20151028204611,0.0,0.0,0.0,0.0,0.0,0.0,100.0,0.0
20151028204641,0.0,0.0,0.0,0.0,0.0,0.0,100.0,0.0
20151028204711,0.0,0.0,0.0,0.0,0.0,0.0,100.0,0.0
20151028204741,0.0,0.0,0.0,0.0,0.0,0.0,99.9,0.0
20151028204811,0.0,0.0,0.0,0.0,0.0,0.0,99.6,0.3
20151028204841,0.0,0.0,0.0,0.0,0.0,0.0,100.0,0.0
20151028204911,0.0,0.0,0.0,0.0,0.0,0.0,100.0,0.0
20151028204941,0.0,0.0,0.0,0.0,0.0,0.0,100.0,0.0
20151028205011,0.0,0.0,0.0,0.0,0.0,0.0,99.9,0.1
20151028205041,0.0,0.0,0.0,0.0,0.0,0.0,100.0,0.0
20151028205111,0.0,0.0,0.0,0.0,0.0,0.0,100.0,0.0
20151028205141,0.0,0.0,0.0,0.0,0.0,0.0,99.6,0.4
20151028205211,0.0,0.0,0.0,0.0,0.0,0.0,100.0,0.0
20151028205241,0.0,0.0,0.0,0.0,0.0,0.0,99.9,0.1
20151028205311,0.0,0.0,0.0,0.0,0.0,0.0,99.5,0.5
20151028205341,0.0,0.0,0.0,0.0,0.0,0.0,92.9,7.0
20151028205411,0.0,0.0,0.0,0.0,0.4,0.0,72.7,26.8
20151028205442,0.0,0.0,0.0,0.0,0.1,0.0,67.6,32.3
20151028205512,0.0,0.0,0.1,0.0,0.4,0.0,95.5,4.0
20151028205542,0.0,0.0,0.0,0.0,0.1,0.0,93.3,6.6
20151028205612,0.0,0.0,0.0,0.0,0.0,0.0,99.9,0.1
20151028205642,0.0,0.0,0.0,0.0,0.0,0.0,99.8,0.2
20151028205712,0.0,0.0,0.0,0.0,0.1,0.0,97.7,2.3
20151028205742,0.0,0.0,0.0,0.0,0.0,0.0,98.4,1.6
20151028205812,0.0,0.0,0.0,0.0,0.1,0.0,93.2,6.7
20151028205842,0.0,0.0,0.0,0.0,0.0,0.0,99.8,0.2
20151028205912,0.0,0.0,0.0,0.0,0.0,0.0,100.0,0.0
20151028205942,0.0,0.0,0.0,0.0,0.0,0.0,99.8,0.2
20151028210012,0.0,0.0,0.0,0.0,0.0,0.0,99.9,0.1
20151028210042,0.0,0.0,0.0,0.0,0.0,0.0,99.9,0.1
20151028210112,0.0,0.0,0.0,0.0,0.0,0.0,99.9,0.1
20151028210142,0.0,0.0,0.0,0.0,0.0,0.0,99.9,0.1
20151028210212,0.0,0.0,0.0,0.0,0.1,0.0,98.5,1.4
20151028210242,0.0,0.0,0.0,0.0,0.2,0.0,99.0,0.7
20151028210312,0.0,0.0,0.0,0.0,0.0,0.0,100.0,0.0
20151028210342,0.0,0.0,0.0,0.0,0.1,0.0,98.7,1.3
20151028210412,0.0,0.0,0.0,0.0,0.0,0.0,96.2,3.8
20151028210442,0.0,0.0,0.0,0.0,0.0,0.0,97.2,2.8
20151028210512,0.0,0.0,0.0,0.0,0.0,0.0,93.6,6.4
20151028210542,0.0,0.0,0.0,0.0,0.0,0.0,96.7,3.2
20151028210612,0.0,0.0,0.0,0.0,0.0,0.0,92.5,7.5
20151028210642,0.0,0.0,0.0,0.0,0.0,0.0,99.4,0.5
20151028210712,0.0,0.0,0.0,0.0,0.1,0.0,97.2,2.7
20151028210742,0.0,0.0,0.0,0.0,0.0,0.0,95.2,4.8
20151028210812,0.0,0.0,0.0,0.0,0.0,0.0,99.9,0.1
20151028210842,0.0,0.0,0.0,0.0,0.0,0.0,99.8,0.1
20151028210912,0.0,0.0,0.0,0.0,0.0,0.0,100.0,0.0
20151028210942,0.0,0.0,0.0,0.0,0.0,0.0,99.9,0.0
20151028211012,0.0,0.0,0.0,0.0,0.0,0.0,99.9,0.1
20151028211042,0.0,0.0,0.0,0.0,0.1,0.0,99.1,0.8
20151028211112,0.0,0.0,0.0,0.0,0.0,0.0,99.8,0.1
20151028211142,0.0,0.0,0.0,0.0,0.1,0.0,99.8,0.1
20151028211212,0.0,0.0,0.0,0.0,0.0,0.0,99.7,0.3
20151028211242,0.0,0.0,0.0,0.0,0.0,0.0,99.7,0.2
20151028211312,0.0,0.0,0.0,0.0,0.0,0.0,100.0,0.0
20151028211342,0.0,0.0,0.0,0.0,0.0,0.0,99.5,0.4
20151028211412,0.0,0.0,0.0,0.0,0.0,0.0,99.4,0.6
20151028211442,0.0,0.0,0.0,0.0,0.0,0.0,99.9,0.1
20151028211512,0.0,0.0,0.0,0.0,0.0,0.0,99.8,0.2
20151028211542,0.0,0.0,0.0,0.0,0.0,0.0,99.2,0.7
20151028211612,0.0,0.0,0.0,0.0,0.0,0.0,99.1,0.9
20151028211642,0.0,0.0,0.0,0.0,0.0,0.0,98.7,1.3
20151028211712,0.0,0.0,0.0,0.0,0.0,0.0,99.0,1.0
20151028211742,0.0,0.0,0.0,0.0,0.0,0.0,99.7,0.3
20151028211812,0.0,0.0,0.0,0.0,0.0,0.0,99.9,0.1
20151028211842,0.0,0.0,0.0,0.0,0.0,0.0,99.9,0.1
20151028211912,0.0,0.0,0.0,0.0,0.0,0.0,99.6,0.4
20151028211942,0.0,0.0,0.0,0.0,0.0,0.0,99.1,0.9
20151028212012,0.0,0.0,0.0,0.0,0.0,0.0,100.0,0.0
20151028212042,0.0,0.0,0.0,0.0,0.0,0.0,100.0,0.0
20151028212112,0.0,0.0,0.0,0.0,0.0,0.0,100.0,0.0
20151028212142,0.0,0.0,0.0,0.0,0.0,0.0,100.0,0.0
20151028212212,0.0,0.0,0.0,0.0,0.0,0.0,100.0,0.0
20151028212242,0.0,0.0,0.0,0.0,0.0,0.0,100.0,0.0
20151028212312,0.0,0.0,0.0,0.0,0.0,0.0,100.0,0.0
20151028212342,0.0,0.0,0.0,0.0,0.0,0.0,100.0,0.0
20151028212412,0.0,0.0,0.0,0.0,0.0,0.0,100.0,0.0
20151028212442,0.0,0.0,0.0,0.0,0.0,0.0,100.0,0.0
20151028212512,0.0,0.0,0.0,0.0,0.0,0.0,99.7,0.3
20151028212542,0.0,0.0,0.0,0.0,0.0,0.0,99.9,0.1
20151028212612,0.0,0.0,0.0,0.0,0.0,0.0,100.0,0.0
20151028212642,0.0,0.0,0.0,0.0,0.0,0.0,100.0,0.0
20151028212712,0.0,0.0,0.0,0.0,0.0,0.0,100.0,0.0
20151028212742,0.0,0.0,0.0,0.0,0.0,0.0,100.0,0.0
20151028212812,0.0,0.0,0.0,0.0,0.0,0.0,100.0,0.0
20151028212842,0.0,0.0,0.0,0.0,0.0,0.0,100.0,0.0
20151028212913,0.0,0.0,0.0,0.0,0.0,0.0,100.0,0.0
20151028212943,0.0,0.0,0.0,0.0,0.0,0.0,100.0,0.0
20151028213013,0.0,0.0,0.0,0.0,0.0,0.0,99.7,0.3
20151028213043,0.0,0.0,0.0,0.0,0.0,0.0,99.2,0.8
20151028213113,0.0,0.0,0.0,0.0,0.0,0.0,99.6,0.4
20151028213143,0.0,0.0,0.0,0.0,0.0,0.0,100.0,0.0
20151028213213,0.0,0.0,0.0,0.0,0.0,0.0,100.0,0.0
20151028213243,0.0,0.0,0.0,0.0,0.0,0.0,100.0,0.0
20151028213313,0.0,0.0,0.0,0.0,0.0,0.0,100.0,0.0
20151028213343,0.0,0.0,0.0,0.0,0.0,0.0,100.0,0.0
20151028213413,0.0,0.0,0.0,0.0,0.0,0.0,100.0,0.0
20151028213443,0.0,0.0,0.0,0.0,0.0,0.0,100.0,0.0
20151028213513,0.0,0.0,0.0,0.0,0.0,0.0,100.0,0.0
20151028213543,0.0,0.0,0.0,0.0,0.0,0.0,100.0,0.0
20151028213613,0.0,0.0,0.0,0.0,0.0,0.0,99.9,0.1
20151028213643,0.0,0.0,0.0,0.0,0.0,0.0,100.0,0.0
20151028213713,0.0,0.0,0.0,0.0,0.0,0.0,99.9,0.1
20151028213743,0.0,0.0,0.0,0.0,0.0,0.0,100.0,0.0
20151028213813,0.0,0.0,0.0,0.0,0.0,0.0,99.9,0.1
20151028213843,0.0,0.0,0.0,0.0,0.0,0.0,99.8,0.2
20151028213913,0.0,0.0,0.0,0.0,0.0,0.0,100.0,0.0
20151028213943,0.0,0.0,0.0,0.0,0.0,0.0,100.0,0.0
20151028214013,0.0,0.0,0.0,0.0,0.0,0.0,100.0,0.0
20151028214043,0.0,0.0,0.0,0.0,0.0,0.0,100.0,0.0
20151028214113,0.0,0.0,0.0,0.0,0.0,0.0,100.0,0.0
20151028214143,0.0,0.0,0.0,0.0,0.0,0.0,100.0,0.0
20151028214213,0.0,0.0,0.0,0.0,0.0,0.0,100.0,0.0
20151028214243,0.0,0.0,0.0,0.0,0.0,0.0,100.0,0.0
20151028214313,0.0,0.0,0.0,0.0,0.0,0.0,100.0,0.0
20151028214343,0.0,0.0,0.0,0.0,0.0,0.0,100.0,0.0
20151028214413,0.0,0.0,0.0,0.0,0.0,0.0,100.0,0.0
20151028214443,0.0,0.0,0.0,0.0,0.0,0.0,100.0,0.0
20151028214513,0.0,0.0,0.0,0.0,0.0,0.0,100.0,0.0
20151028214543,0.0,0.0,0.0,0.0,0.0,0.0,99.9,0.1
20151028214613,0.0,0.0,0.0,0.0,0.0,0.0,99.9,0.1
20151028214643,0.0,0.0,0.0,0.0,0.0,0.0,99.8,0.2
20151028214713,0.0,0.0,0.0,0.0,0.0,0.0,100.0,0.0
20151028214743,0.0,0.0,0.0,0.0,0.0,0.0,100.0,0.0
20151028214813,0.0,0.0,0.0,0.0,0.0,0.0,99.9,0.1
20151028214843,0.0,0.0,0.0,0.0,0.0,0.0,100.0,0.0
20151028214913,0.0,0.0,0.0,0.0,0.0,0.0,98.1,1.9
20151028214943,0.0,0.0,0.0,0.0,0.0,0.0,99.0,0.9
20151028215013,0.0,0.0,0.0,0.0,0.0,0.0,99.9,0.1
20151028215043,0.0,0.0,0.0,0.0,0.0,0.0,99.6,0.4
20151028215113,0.0,0.0,0.0,0.0,0.0,0.0,98.3,1.7
20151028215143,0.0,0.0,0.0,0.0,0.0,0.0,99.1,0.9
20151028215213,0.0,0.0,0.0,0.0,0.0,0.0,98.4,1.6
20151028215243,0.0,0.0,0.0,0.0,0.0,0.0,100.0,0.0
20151028215313,0.0,0.0,0.0,0.0,0.0,0.0,100.0,0.0
