UT,arc,discrete,diffuse,ac,ab,clear,cloudy,dd
20151031144900,0.0,0.0,0.0,0.0,0.0,0.0,0.0,100.0
20151031144930,0.0,0.0,0.0,0.0,0.0,0.0,0.0,100.0
20151031145000,0.0,0.0,0.0,0.0,0.0,0.0,0.0,100.0
20151031145030,0.0,0.0,0.0,0.0,0.0,0.0,0.0,100.0
20151031145100,0.0,0.0,0.0,0.0,0.0,0.0,0.0,100.0
20151031145130,0.0,0.0,0.0,0.0,0.0,0.0,0.0,100.0
20151031145200,0.0,0.0,0.0,0.0,0.0,0.0,0.0,100.0
20151031145231,0.0,0.0,0.0,0.0,0.0,0.0,0.0,100.0
20151031145301,0.0,0.0,0.0,0.0,0.0,0.0,0.0,100.0
20151031145331,0.0,0.0,0.0,0.0,0.0,0.0,0.0,100.0
20151031145401,0.0,0.0,0.0,0.0,0.0,0.0,0.0,100.0
20151031145431,0.0,0.0,0.0,0.0,0.0,0.0,0.0,100.0
20151031145501,0.0,0.0,0.0,0.0,0.0,0.0,0.0,100.0
20151031145531,0.0,0.0,0.0,0.0,0.0,0.0,0.0,100.0
20151031145601,0.0,0.0,0.0,0.0,0.0,0.0,0.0,100.0
20151031145631,0.0,0.0,0.0,0.0,0.0,0.0,0.0,100.0
20151031145701,0.0,0.0,0.0,0.0,0.0,0.0,0.0,100.0
20151031145731,0.0,0.0,0.0,0.0,0.0,0.0,0.0,100.0
20151031145801,0.0,0.0,0.0,0.0,0.0,0.0,0.0,100.0
20151031145831,0.0,0.0,0.0,0.0,0.0,0.0,0.0,100.0
20151031145901,0.0,0.0,0.0,0.0,0.0,0.0,0.0,100.0
20151031145931,0.0,0.0,0.0,0.0,0.0,0.0,0.0,100.0
20151031150001,0.0,0.0,0.0,0.0,0.0,0.0,0.0,100.0
20151031150031,0.0,0.0,0.0,0.0,0.0,0.0,0.0,100.0
20151031150101,0.0,0.0,0.0,0.0,0.0,0.0,0.0,100.0
20151031150131,0.0,0.0,0.0,0.0,0.0,0.0,0.0,100.0
20151031150201,0.0,0.0,0.0,0.0,0.0,0.0,0.0,100.0
20151031150231,0.0,0.0,0.0,0.0,0.0,0.0,0.0,100.0
20151031150301,0.0,0.0,0.0,0.0,0.0,0.0,0.0,100.0
20151031150331,0.0,0.0,0.0,0.0,0.0,0.0,0.0,100.0
20151031150401,0.0,0.0,0.0,0.0,0.0,0.0,0.0,100.0
20151031150431,0.0,0.0,0.0,0.0,0.0,0.0,0.0,100.0
20151031150501,0.0,0.0,0.0,0.0,0.0,0.0,0.0,100.0
20151031150531,0.0,0.0,0.0,0.0,0.0,0.0,0.0,100.0
20151031150601,0.0,0.0,0.0,0.0,0.0,0.0,0.0,100.0
20151031150631,0.0,0.0,0.0,0.0,0.0,0.0,0.0,100.0
20151031150701,0.0,0.0,0.0,0.0,0.0,0.0,0.0,100.0
20151031150731,0.0,0.0,0.0,0.0,0.0,0.0,0.0,100.0
20151031150801,0.0,0.0,0.0,0.0,0.0,0.0,0.0,100.0
20151031150831,0.0,0.0,0.0,0.0,0.0,0.0,0.0,100.0
20151031150901,0.0,0.0,0.0,0.0,0.0,0.0,0.0,100.0
20151031150931,0.0,0.0,0.0,0.0,0.0,0.0,0.0,100.0
20151031151001,0.0,0.0,0.0,0.0,0.0,0.0,0.0,100.0
20151031151031,0.0,0.0,0.0,0.0,0.0,0.0,0.0,100.0
20151031151101,0.0,0.0,0.0,0.0,0.0,0.0,0.0,100.0
20151031151131,0.0,0.0,0.0,0.0,0.0,0.0,0.0,100.0
20151031151201,0.0,0.0,0.0,0.0,0.0,0.0,0.0,100.0
20151031151231,0.0,0.0,0.0,0.0,0.0,0.0,0.0,100.0
20151031151301,0.0,0.0,0.0,0.0,0.0,0.0,0.0,100.0
20151031151331,0.0,0.0,0.0,0.0,0.0,0.0,0.0,100.0
20151031151401,0.0,0.0,0.0,0.0,0.0,0.0,0.0,100.0
20151031151431,0.0,0.0,0.0,0.0,0.0,0.0,0.0,100.0
20151031151501,0.0,0.0,0.0,0.0,0.0,0.0,0.0,100.0
20151031151531,0.0,0.0,0.0,0.0,0.0,0.0,0.0,100.0
20151031151601,0.0,0.0,0.0,0.0,0.0,0.0,0.0,100.0
20151031151631,0.0,0.0,0.0,0.0,0.0,0.0,0.0,100.0
20151031151701,0.0,0.0,0.0,0.0,0.0,0.0,0.0,100.0
20151031151731,0.0,0.0,0.0,0.0,0.0,0.0,0.0,100.0
20151031151801,0.0,0.0,0.0,0.0,0.0,0.0,0.0,100.0
20151031151831,0.0,0.0,0.0,0.0,0.0,0.0,0.0,100.0
20151031151901,0.0,0.0,0.0,0.0,0.0,0.0,0.0,100.0
20151031151931,0.0,0.0,0.0,0.0,0.0,0.0,0.0,100.0
20151031152001,0.0,0.0,0.0,0.0,0.0,0.0,0.0,100.0
20151031152031,0.0,0.0,0.0,0.0,0.0,0.0,0.0,100.0
20151031152101,0.0,0.0,0.0,0.0,0.0,0.0,0.0,100.0
20151031152131,0.0,0.0,0.0,0.0,0.0,0.0,0.0,100.0
20151031152201,0.0,0.0,0.0,0.0,0.0,0.0,0.0,100.0
20151031152231,0.0,0.0,0.0,0.0,0.0,0.0,0.0,100.0
20151031152301,0.0,0.0,0.0,0.0,0.0,0.0,0.0,100.0
20151031152331,0.0,0.0,0.0,0.0,0.0,0.0,0.0,100.0
20151031152401,0.0,0.0,0.0,0.0,0.0,0.0,0.0,100.0
20151031152431,0.0,0.0,0.0,0.0,0.0,0.0,0.0,100.0
20151031152501,0.0,0.0,0.0,0.0,0.0,0.0,0.0,100.0
20151031152531,0.0,0.0,0.0,0.0,0.0,0.0,0.0,100.0
20151031152601,0.0,0.0,0.0,0.0,0.0,0.0,0.0,100.0
20151031152631,0.0,0.0,0.0,0.0,0.0,0.0,0.0,100.0
20151031152702,0.0,0.0,0.0,0.0,0.0,0.0,0.0,100.0
20151031152732,0.0,0.0,0.0,0.0,0.0,0.0,0.0,100.0
20151031152802,0.0,0.0,0.0,0.0,0.0,0.0,0.0,100.0
20151031152832,0.0,0.0,0.0,0.0,0.0,0.0,0.0,100.0
20151031152902,0.0,0.0,0.0,0.0,0.0,0.0,0.0,100.0
20151031152932,0.0,0.0,0.0,0.0,0.0,0.0,0.0,100.0
20151031153002,0.0,0.0,0.0,0.0,0.0,0.0,0.0,100.0
20151031153032,0.0,0.0,0.0,0.0,0.0,0.0,0.0,100.0
20151031153102,0.0,0.0,0.0,0.0,0.0,0.0,0.0,100.0
20151031153132,0.0,0.0,0.0,0.0,0.0,0.0,0.0,100.0
20151031153202,0.0,0.0,0.0,0.0,0.0,0.0,0.0,100.0
20151031153232,0.0,0.0,0.0,0.0,0.0,0.0,0.0,100.0
20151031153302,0.0,0.0,0.0,0.0,0.0,0.0,0.0,100.0
20151031153332,0.0,0.0,0.0,0.0,0.0,0.0,0.0,100.0
20151031153402,0.0,0.0,0.0,0.0,0.0,0.0,0.0,100.0
20151031153432,0.0,0.0,0.0,0.0,0.0,0.0,0.0,100.0
20151031153502,0.0,0.0,0.0,0.0,0.0,0.0,0.0,100.0
20151031153532,0.0,0.0,0.0,0.0,0.0,0.0,0.0,100.0
20151031153602,0.0,0.0,0.0,0.0,0.0,0.0,0.0,100.0
20151031153632,0.0,0.0,0.0,0.0,0.0,0.0,0.0,100.0
20151031153702,0.0,0.0,0.0,0.0,0.0,0.0,0.0,100.0
20151031153732,0.0,0.0,0.0,0.0,0.0,0.0,0.0,100.0
20151031153802,0.0,0.0,0.0,0.0,0.0,0.0,0.0,100.0
20151031153832,0.0,0.0,0.0,0.0,0.0,0.0,0.0,100.0
20151031153902,0.0,0.0,0.0,0.0,0.0,0.0,0.0,100.0
20151031153932,0.0,0.0,0.0,0.0,0.0,0.0,0.0,100.0
20151031154002,0.0,0.0,0.0,0.0,0.0,0.0,0.0,100.0
20151031154032,0.0,0.0,0.0,0.0,0.0,0.0,0.0,100.0
20151031154102,0.0,0.0,0.0,0.0,0.0,0.0,0.0,100.0
20151031154132,0.0,0.0,0.0,0.0,0.0,0.0,0.0,100.0
20151031154202,0.0,0.0,0.0,0.0,0.0,0.0,0.0,100.0
20151031154232,0.0,0.0,0.0,0.0,0.0,0.0,0.0,100.0
20151031154302,0.0,0.0,0.0,0.0,0.0,0.0,0.0,100.0
20151031154332,0.0,0.0,0.0,0.0,0.0,0.0,0.0,100.0
20151031154402,0.0,0.0,0.0,0.0,0.0,0.0,0.0,100.0
20151031154432,0.0,0.0,0.0,0.0,0.0,0.0,0.0,100.0
20151031154502,0.0,0.0,0.0,0.0,0.0,0.0,0.0,100.0
20151031154532,0.0,0.0,0.0,0.0,0.0,0.0,0.0,100.0
20151031154602,0.0,0.0,0.0,0.0,0.0,0.0,0.0,100.0
20151031154632,0.0,0.0,0.0,0.0,0.0,0.0,0.0,100.0
20151031154702,0.0,0.0,0.0,0.0,0.0,0.0,0.0,100.0
20151031154732,0.0,0.0,0.0,0.0,0.0,0.0,0.0,100.0
20151031154802,0.0,0.0,0.0,0.0,0.0,0.0,0.0,100.0
20151031154832,0.0,0.0,0.0,0.0,0.0,0.0,0.1,99.9
20151031155032,0.0,0.0,0.0,0.0,0.0,0.0,0.0,100.0
20151031155102,0.0,0.0,0.0,0.0,0.0,0.0,0.0,100.0
20151031155132,0.0,0.0,0.0,0.0,0.0,0.0,0.0,100.0
20151031155202,0.0,0.0,0.0,0.0,0.0,0.0,0.0,100.0
20151031155232,0.0,0.0,0.0,0.0,0.0,0.0,0.0,100.0
20151031155302,0.0,0.0,0.0,0.0,0.0,0.0,0.0,100.0
20151031155332,0.0,0.0,0.0,0.0,0.0,0.0,0.0,100.0
20151031155402,0.0,0.0,0.0,0.0,0.0,0.0,0.0,100.0
20151031155432,0.0,0.0,0.0,0.0,0.0,0.0,0.0,100.0
20151031155502,0.0,0.0,0.0,0.0,0.0,0.0,0.0,100.0
20151031155532,0.0,0.0,0.0,0.0,0.0,0.0,0.0,100.0
20151031155602,0.0,0.0,0.0,0.0,0.0,0.0,0.0,100.0
20151031155632,0.0,0.0,0.0,0.0,0.0,0.0,0.0,100.0
20151031155702,0.0,0.0,0.0,0.0,0.0,0.0,0.0,100.0
20151031155732,0.0,0.0,0.0,0.0,0.0,0.0,0.0,100.0
20151031155802,0.0,0.0,0.0,0.0,0.0,0.0,0.0,100.0
20151031155832,0.0,0.0,0.0,0.0,0.0,0.0,0.0,100.0
20151031155902,0.0,0.0,0.0,0.0,0.0,0.0,0.0,100.0
20151031155932,0.0,0.0,0.0,0.0,0.0,0.0,0.0,100.0
20151031160002,0.0,0.0,0.0,0.0,0.0,0.0,0.0,100.0
20151031160032,0.0,0.0,0.0,0.0,0.0,0.0,0.0,100.0
20151031160103,0.0,0.0,0.0,0.0,0.0,0.0,0.0,100.0
20151031160133,0.0,0.0,0.0,0.0,0.0,0.0,0.0,100.0
20151031160203,0.0,0.0,0.0,0.0,0.0,0.0,0.0,100.0
20151031160233,0.0,0.0,0.0,0.0,0.0,0.0,0.0,100.0
20151031160303,0.0,0.0,0.0,0.0,0.0,0.0,0.0,100.0
20151031160333,0.0,0.0,0.0,0.0,0.0,0.0,0.0,100.0
20151031160403,0.0,0.0,0.0,0.0,0.0,0.0,0.0,100.0
20151031160433,0.0,0.0,0.0,0.0,0.0,0.0,0.0,100.0
20151031160503,0.0,0.0,0.0,0.0,0.0,0.0,0.0,100.0
20151031160533,0.0,0.0,0.0,0.0,0.0,0.0,0.0,100.0
20151031160603,0.0,0.0,0.0,0.0,0.0,0.0,0.0,100.0
20151031160633,0.0,0.0,0.0,0.0,0.0,0.0,0.0,100.0
20151031160703,0.0,0.0,0.0,0.0,0.0,0.0,0.0,100.0
20151031160733,0.0,0.0,0.0,0.0,0.0,0.0,0.0,100.0
20151031160803,0.0,0.0,0.0,0.0,0.0,0.0,0.0,100.0
20151031160833,0.0,0.0,0.0,0.0,0.0,0.0,0.0,100.0
20151031160903,0.0,0.0,0.0,0.0,0.0,0.0,0.0,100.0
20151031160933,0.0,0.0,0.0,0.0,0.0,0.0,0.0,100.0
20151031161003,0.0,0.0,0.0,0.0,0.0,0.0,0.0,100.0
20151031161033,0.0,0.0,0.0,0.0,0.0,0.0,0.0,100.0
20151031161103,0.0,0.0,0.0,0.0,0.0,0.0,0.0,100.0
20151031161133,0.0,0.0,0.0,0.0,0.0,0.0,0.0,100.0
20151031161203,0.0,0.0,0.0,0.0,0.0,0.0,0.2,99.8
20151031161233,0.0,0.0,0.0,0.0,0.0,0.0,0.0,100.0
20151031161303,0.0,0.0,0.0,0.0,0.0,0.0,0.0,100.0
20151031161333,0.0,0.0,0.0,0.0,0.0,0.0,0.1,99.9
20151031161403,0.0,0.0,0.0,0.0,0.0,0.0,1.8,98.2
20151031161433,0.0,0.0,0.0,0.0,0.0,0.0,0.1,99.9
20151031161503,0.0,0.0,0.0,0.0,0.0,0.0,1.0,99.0
20151031161533,0.0,0.0,0.0,0.0,0.0,0.0,0.5,99.5
20151031161603,0.0,0.0,0.0,0.0,0.0,0.0,7.2,92.8
20151031161633,0.0,0.0,0.0,0.0,0.0,0.0,0.4,99.6
20151031161703,0.0,0.0,0.0,0.0,0.0,0.0,0.5,99.5
20151031161733,0.0,0.0,0.0,0.0,0.0,0.0,1.7,98.3
20151031161803,0.0,0.0,0.0,0.0,0.0,0.0,1.1,98.9
20151031161833,0.0,0.0,0.0,0.0,0.0,0.0,0.4,99.6
20151031161903,0.0,0.0,0.0,0.0,0.0,0.0,9.6,90.4
20151031161933,0.0,0.0,0.0,0.0,0.0,0.0,46.0,54.0
20151031162003,0.0,0.0,0.0,0.0,0.0,0.0,13.4,86.6
20151031162033,0.0,0.0,0.0,0.0,0.0,0.0,19.4,80.6
20151031162103,0.0,0.0,0.0,0.0,0.0,0.0,47.0,53.0
20151031162133,0.0,0.0,0.0,0.0,0.0,0.0,68.1,31.9
20151031162203,0.0,0.0,0.0,0.0,0.0,0.0,85.1,14.9
20151031162233,0.0,0.0,0.0,0.0,0.0,0.0,73.0,27.0
20151031162303,0.0,0.0,0.0,0.0,0.0,0.0,36.8,63.2
20151031162333,0.0,0.0,0.0,0.0,0.0,0.0,86.9,13.1
20151031162403,0.0,0.0,0.0,0.0,0.0,0.0,69.6,30.4
20151031162433,0.0,0.0,0.0,0.0,0.0,0.0,66.3,33.7
20151031162503,0.0,0.0,0.0,0.0,0.0,0.0,91.2,8.8
20151031162533,0.0,0.0,0.0,0.0,0.0,0.0,7.9,92.1
20151031162603,0.0,0.0,0.0,0.0,0.0,0.0,66.3,33.7
20151031162633,0.0,0.0,0.0,0.0,0.0,0.0,93.3,6.7
20151031162703,0.0,0.0,0.0,0.0,0.0,0.0,32.8,67.2
20151031162733,0.0,0.0,0.0,0.0,0.0,0.0,77.2,22.8
20151031162803,0.0,0.0,0.0,0.0,0.0,0.0,98.4,1.6
20151031162834,0.0,0.0,0.0,0.0,0.0,0.0,96.0,4.0
20151031162904,0.0,0.0,0.0,0.0,0.0,0.0,93.1,6.9
20151031162934,0.0,0.0,0.0,0.0,0.0,0.0,99.6,0.4
20151031163004,0.0,0.0,0.0,0.0,0.0,0.0,97.6,2.4
20151031163034,0.0,0.0,0.0,0.0,0.0,0.0,96.9,3.1
20151031163104,0.0,0.0,0.0,0.0,0.0,0.0,96.5,3.5
20151031163134,0.0,0.0,0.0,0.0,0.0,0.0,99.4,0.6
20151031163204,0.0,0.0,0.0,0.0,0.0,0.0,99.9,0.1
20151031163234,0.0,0.0,0.0,0.0,0.0,0.0,99.8,0.2
20151031163304,0.0,0.0,0.0,0.0,0.0,0.0,100.0,0.0
20151031163334,0.0,0.0,0.0,0.0,0.0,0.0,99.7,0.3
20151031163404,0.0,0.0,0.0,0.0,0.0,0.0,99.7,0.3
20151031163434,0.0,0.0,0.0,0.0,0.0,0.0,88.6,11.4
20151031163504,0.0,0.0,0.0,0.0,0.0,0.0,95.2,4.8
20151031163534,0.0,0.0,0.0,0.0,0.0,0.0,91.9,8.1
20151031163604,0.0,0.0,0.0,0.0,0.0,0.0,88.9,11.1
20151031163634,0.0,0.0,0.0,0.0,0.0,0.0,99.1,0.9
20151031163704,0.0,0.0,0.0,0.0,0.0,0.0,98.1,1.9
20151031163734,0.0,0.0,0.0,0.0,0.0,0.0,92.6,7.4
20151031163804,0.0,0.0,0.0,0.0,0.0,0.0,61.6,38.4
20151031163834,0.0,0.0,0.0,0.0,0.0,0.0,99.2,0.8
20151031163904,0.0,0.0,0.0,0.0,0.0,0.0,98.7,1.3
20151031163934,0.0,0.0,0.0,0.0,0.0,0.0,99.4,0.6
20151031164004,0.0,0.0,0.0,0.0,0.0,0.0,98.8,1.2
20151031164034,0.0,0.0,0.0,0.0,0.0,0.0,98.9,1.1
20151031164104,0.0,0.0,0.0,0.0,0.0,0.0,86.6,13.4
20151031164134,0.0,0.0,0.0,0.0,0.0,0.0,99.8,0.2
20151031164204,0.0,0.0,0.0,0.0,0.0,0.0,99.8,0.2
20151031164234,0.0,0.0,0.0,0.0,0.0,0.0,98.7,1.3
20151031164304,0.0,0.0,0.0,0.0,0.0,0.0,99.9,0.1
20151031164334,0.0,0.0,0.0,0.0,0.0,0.0,99.9,0.1
20151031164404,0.0,0.0,0.0,0.0,0.0,0.0,95.8,4.2
20151031164434,0.0,0.0,0.0,0.0,0.0,0.0,99.9,0.1
20151031164504,0.0,0.0,0.0,0.0,0.0,0.0,100.0,0.0
20151031164534,0.0,0.0,0.0,0.0,0.0,0.0,99.9,0.1
20151031164604,0.0,0.0,0.0,0.0,0.0,0.0,99.7,0.3
20151031164634,0.0,0.0,0.0,0.0,0.0,0.0,99.9,0.1
20151031164704,0.0,0.0,0.0,0.0,0.0,0.0,98.4,1.5
20151031164734,0.0,0.0,0.0,0.0,0.0,0.0,73.2,26.8
20151031164804,0.0,0.0,0.0,0.0,0.0,0.0,83.1,16.9
20151031164834,0.0,0.0,0.0,0.0,0.0,0.0,56.2,43.8
20151031164904,0.0,0.0,0.0,0.2,0.0,0.0,52.4,47.4
20151031164934,0.0,0.0,0.0,0.0,0.0,0.0,96.5,3.4
20151031165004,0.0,0.0,0.0,0.0,0.0,0.0,93.9,6.1
20151031165034,0.0,0.0,0.0,0.0,0.0,0.0,93.9,6.1
20151031165104,0.0,0.0,0.0,0.0,0.0,0.0,96.1,3.9
20151031165134,0.0,0.0,0.0,0.0,0.0,0.0,99.9,0.1
20151031165204,0.0,0.0,0.0,0.0,0.0,0.0,89.6,10.4
20151031165234,0.0,0.0,0.0,0.0,0.0,0.0,99.8,0.2
20151031165304,0.0,0.0,0.0,0.0,0.0,0.0,85.1,14.9
20151031165334,0.0,0.0,0.0,0.0,0.0,0.0,42.9,57.1
20151031165404,0.0,0.0,0.0,0.1,0.0,0.0,84.4,15.5
20151031165434,0.0,0.0,0.0,0.0,0.0,0.0,20.8,79.2
20151031165504,0.0,0.0,0.0,0.3,0.0,0.0,57.0,42.7
20151031165534,0.0,0.0,0.0,0.0,0.0,0.0,78.5,21.5
20151031165604,0.0,0.0,0.0,0.0,0.0,0.0,74.2,25.7
20151031165634,0.0,0.0,0.0,0.0,0.0,0.0,8.4,91.6
20151031165704,0.0,0.0,0.0,0.0,0.0,0.0,89.9,10.0
20151031165734,0.0,0.0,0.0,0.0,0.0,0.0,60.0,40.0
20151031165804,0.0,0.0,0.0,0.1,0.0,0.0,34.3,65.6
20151031165834,0.0,0.0,0.0,0.6,0.0,0.0,82.9,16.4
20151031165904,0.0,0.0,0.0,0.4,0.0,0.0,52.0,47.6
20151031165934,0.0,0.0,0.0,0.1,0.0,0.0,81.5,18.4
20151031170004,0.0,0.0,0.0,0.0,0.0,0.0,98.2,1.8
20151031170034,0.0,0.0,0.0,0.0,0.0,0.0,97.1,2.9
20151031170104,0.0,0.0,0.0,0.0,0.0,0.0,51.0,49.0
20151031170134,0.0,0.0,0.0,0.0,0.0,0.0,99.6,0.4
20151031170204,0.0,0.0,0.0,0.0,0.0,0.0,99.8,0.2
20151031170235,0.0,0.0,0.0,0.0,0.0,0.0,100.0,0.0
20151031170305,0.0,0.0,0.0,0.0,0.0,0.0,99.1,0.9
20151031170335,0.0,0.0,0.0,0.0,0.0,0.0,98.2,1.8
20151031170405,0.0,0.0,0.0,0.1,0.0,0.0,80.1,19.7
20151031170435,0.0,0.0,0.0,0.5,0.0,0.0,32.2,67.3
20151031170505,0.0,0.0,0.0,0.0,0.0,0.0,99.0,1.0
20151031170535,0.0,0.0,0.0,0.1,0.0,0.0,97.5,2.4
20151031170605,0.0,0.0,0.0,0.0,0.0,0.0,12.1,87.9
20151031170635,0.0,0.0,0.0,0.4,0.0,0.0,20.9,78.7
20151031170705,0.0,0.0,0.0,2.8,0.0,0.0,66.3,30.9
20151031170735,0.0,0.0,0.0,66.7,0.0,0.0,31.5,1.8
20151031170805,0.0,0.0,0.0,1.7,0.0,0.0,89.2,9.1
20151031170835,0.0,0.0,0.0,0.1,0.0,0.0,98.8,1.1
20151031170905,0.0,0.0,0.0,3.4,0.0,0.0,44.3,52.3
20151031170935,0.0,0.0,0.0,0.8,0.0,0.0,93.1,6.1
20151031171005,0.0,0.0,0.0,0.4,0.0,0.0,90.8,8.8
20151031171035,0.0,0.0,0.0,1.0,0.0,0.0,78.3,20.7
20151031171105,0.0,0.0,0.0,0.6,0.0,0.0,64.5,34.8
20151031171135,0.0,0.0,0.0,7.8,0.0,0.0,63.6,28.6
20151031171205,0.0,0.0,0.0,1.8,0.0,0.0,51.7,46.4
20151031171235,0.0,0.0,0.0,15.8,0.0,0.0,28.3,55.9
20151031171305,0.0,0.0,0.1,21.6,0.0,0.0,49.6,28.8
20151031171335,0.0,0.0,0.0,3.8,0.0,0.0,33.8,62.4
20151031171405,0.0,0.0,0.0,96.2,0.0,0.0,1.1,2.7
20151031171435,0.0,0.0,0.0,3.8,0.0,0.0,23.9,72.4
20151031171505,0.0,0.0,0.0,37.6,0.0,0.0,16.0,46.4
20151031171535,0.0,0.0,0.0,35.1,0.0,0.0,40.9,24.0
20151031171605,0.0,0.0,0.0,66.2,0.0,0.0,12.9,20.9
20151031171635,0.0,0.0,0.0,64.2,0.0,0.0,14.4,21.4
20151031171705,0.0,0.0,0.0,98.8,0.0,0.0,0.7,0.5
20151031171735,0.0,0.0,0.0,90.8,0.0,0.0,5.0,4.2
20151031171805,0.0,0.0,0.0,80.1,0.0,0.0,3.6,16.3
20151031171835,0.0,0.0,0.0,6.1,0.0,0.0,6.8,87.2
20151031171905,0.0,0.0,0.0,6.8,0.0,0.0,9.3,83.8
20151031171935,0.0,0.0,0.0,8.4,0.0,0.0,87.7,3.9
20151031172005,0.0,0.0,0.0,66.2,0.0,0.0,12.9,20.9
20151031172035,0.0,0.0,0.0,28.1,0.0,0.0,11.6,60.3
20151031172105,0.0,0.0,0.1,20.1,0.2,0.0,61.2,18.5
20151031172135,0.0,0.0,0.1,82.5,0.0,0.0,7.5,9.9
20151031172205,0.0,0.0,0.0,98.5,0.0,0.0,1.3,0.2
20151031172235,0.0,0.0,0.0,26.1,0.0,0.0,68.3,5.6
20151031172305,0.0,0.0,0.0,0.4,0.0,0.0,98.4,1.3
20151031172335,0.0,0.0,0.0,1.2,0.0,0.0,85.4,13.4
20151031172405,0.0,0.0,0.0,6.1,0.0,0.0,73.3,20.6
20151031172435,0.0,0.0,0.0,2.4,0.0,0.0,76.5,21.1
20151031172505,0.0,0.0,0.0,1.3,0.0,0.0,79.7,19.0
20151031172535,0.0,0.0,0.0,25.0,0.0,0.0,74.4,0.6
20151031172605,0.0,0.0,0.0,98.0,0.0,0.0,1.9,0.0
20151031172635,0.1,0.0,0.1,79.4,2.2,0.0,16.4,1.7
20151031172705,0.1,0.0,0.0,91.8,0.1,0.0,7.7,0.3
20151031172735,0.0,0.0,0.0,100.0,0.0,0.0,0.0,0.0
20151031172805,0.0,0.0,0.0,100.0,0.0,0.0,0.0,0.0
20151031172835,0.0,0.0,0.0,85.7,0.0,0.0,13.4,0.8
20151031172905,0.0,0.0,0.0,49.5,0.0,0.0,50.1,0.4
20151031172935,0.0,0.0,0.0,2.3,0.0,0.0,97.1,0.6
20151031173005,0.4,0.0,0.0,45.6,0.0,0.0,50.3,3.6
20151031173035,0.0,0.0,0.0,6.7,0.0,0.0,88.9,4.3
20151031173105,0.0,0.0,0.0,0.1,0.0,0.0,99.7,0.2
20151031173135,0.0,0.0,0.0,0.1,0.0,0.0,88.3,11.7
20151031173205,0.0,0.0,0.0,0.2,0.0,0.0,98.6,1.3
20151031173235,0.0,0.0,0.0,1.9,0.0,0.0,94.0,4.2
20151031173305,0.0,0.0,0.0,0.2,0.0,0.0,97.2,2.6
20151031173335,0.0,0.0,0.0,2.0,0.0,0.0,97.8,0.3
20151031173405,0.0,0.0,0.0,0.5,0.0,0.0,99.4,0.1
20151031173435,0.0,0.0,0.0,1.6,0.1,0.0,77.5,20.8
20151031173505,0.0,0.0,0.0,1.2,0.0,0.0,98.6,0.2
20151031173535,0.0,0.0,0.0,2.6,0.0,0.0,88.5,8.8
20151031173605,0.0,0.0,0.0,0.2,0.0,0.0,99.7,0.1
20151031173636,0.0,0.0,0.0,0.1,0.0,0.0,99.1,0.8
20151031173706,0.0,0.0,0.0,0.1,0.0,0.0,99.4,0.4
20151031173736,0.0,0.0,0.0,0.1,0.0,0.0,96.5,3.4
20151031173806,0.0,0.0,0.0,0.1,0.0,0.0,99.3,0.7
20151031173836,0.0,0.0,0.0,0.5,0.0,0.0,91.8,7.8
20151031173906,0.0,0.0,0.0,1.4,0.0,0.0,93.9,4.7
20151031173936,0.0,0.0,0.0,8.1,0.0,0.0,89.2,2.6
20151031174006,0.0,0.0,0.0,11.6,0.1,0.0,59.9,28.5
20151031174036,0.0,0.0,0.0,42.6,0.1,0.0,55.4,1.9
20151031174106,0.2,0.0,0.0,89.4,0.4,0.0,9.2,0.7
20151031174136,0.0,0.0,0.0,99.7,0.0,0.0,0.2,0.1
20151031174206,0.1,0.0,0.0,98.7,0.0,0.0,0.5,0.7
20151031174236,0.0,0.0,0.0,99.1,0.0,0.0,0.1,0.8
20151031174306,0.0,0.0,0.0,56.6,0.1,0.0,6.6,36.7
20151031174336,0.0,0.0,0.0,38.9,0.0,0.0,35.6,25.4
20151031174406,0.0,0.0,0.0,8.9,0.0,0.0,82.2,8.8
20151031174436,0.0,0.0,0.1,40.0,0.1,0.0,46.8,13.0
20151031174506,0.0,0.0,0.1,14.9,0.1,0.0,82.7,2.2
20151031174536,0.0,0.0,0.1,13.1,0.2,0.0,84.0,2.5
20151031174606,0.0,0.0,0.0,54.5,0.0,0.0,41.5,3.9
20151031174636,0.2,0.0,0.0,99.3,0.1,0.0,0.2,0.3
20151031174706,0.0,0.0,0.0,99.7,0.0,0.0,0.2,0.1
20151031174736,0.0,0.0,0.0,98.8,0.0,0.0,1.1,0.1
20151031174806,0.1,0.0,0.1,86.4,0.0,0.0,12.1,1.3
20151031174836,0.0,0.0,0.0,99.9,0.0,0.0,0.1,0.0
20151031174906,0.0,0.0,0.1,45.4,0.1,0.0,35.4,19.0
20151031174936,0.0,0.0,0.0,99.8,0.0,0.0,0.1,0.1
20151031175006,0.0,0.0,0.0,88.3,0.0,0.0,10.4,1.2
20151031175036,0.0,0.0,0.0,18.5,0.1,0.0,78.2,3.2
20151031175106,0.0,0.0,0.0,10.7,0.1,0.0,66.1,23.0
20151031175136,0.0,0.0,0.0,6.5,0.0,0.0,73.2,20.2
20151031175206,0.0,0.0,0.0,6.3,0.1,0.0,55.8,37.8
20151031175236,0.0,0.0,0.0,1.5,0.0,0.0,81.3,17.2
20151031175306,0.0,0.0,0.0,7.2,0.0,0.0,86.9,5.9
20151031175336,0.0,0.0,0.0,6.7,0.0,0.0,48.9,44.4
20151031175406,0.0,0.0,0.0,3.5,0.0,0.0,72.4,24.1
20151031175436,0.0,0.0,0.0,0.4,0.0,0.0,74.6,25.0
20151031175506,0.0,0.0,0.0,5.0,0.0,0.0,92.9,2.1
20151031175536,0.0,0.0,0.0,82.7,0.0,0.0,14.3,3.0
20151031175606,0.0,0.0,0.0,25.8,0.0,0.0,27.8,46.4
20151031175636,0.0,0.0,0.0,91.5,0.0,0.0,6.9,1.6
20151031175706,0.0,0.0,0.0,97.6,0.0,0.0,1.9,0.5
20151031175736,0.0,0.0,0.0,100.0,0.0,0.0,0.0,0.0
20151031175806,0.0,0.0,0.0,99.9,0.0,0.0,0.0,0.0
20151031175836,0.0,0.0,0.0,99.8,0.0,0.0,0.0,0.1
20151031175906,0.0,0.0,0.0,99.2,0.0,0.0,0.2,0.6
20151031175936,0.0,0.0,0.0,99.8,0.0,0.0,0.0,0.2
20151031180006,0.0,0.0,0.0,97.9,0.0,0.0,0.7,1.4
20151031180036,0.0,0.0,0.0,98.2,0.0,0.0,1.5,0.2
20151031180106,0.0,0.0,0.0,98.1,0.0,0.0,0.6,1.3
20151031180136,0.0,0.0,0.0,70.1,0.0,0.0,19.2,10.7
20151031180206,0.0,0.0,0.0,43.8,0.0,0.0,52.5,3.7
20151031180236,0.0,0.0,0.0,41.8,0.0,0.0,39.5,18.7
20151031180306,0.0,0.0,0.0,15.9,0.0,0.0,74.3,9.8
20151031180336,0.0,0.0,0.0,4.4,0.0,0.0,86.5,9.0
20151031180406,0.0,0.0,0.0,0.1,0.0,0.0,96.0,3.9
20151031180437,0.0,0.0,0.0,0.9,0.0,0.0,22.6,76.5
20151031180507,0.0,0.0,0.0,78.6,0.0,0.0,20.0,1.4
20151031180537,0.0,0.0,0.0,70.9,0.0,0.0,27.6,1.4
20151031180607,0.0,0.0,0.0,94.0,0.0,0.0,5.9,0.2
20151031180637,0.0,0.0,0.0,35.6,0.0,0.0,57.7,6.6
20151031180707,0.0,0.0,0.0,89.3,0.0,0.0,3.0,7.7
20151031180737,0.0,0.0,0.0,24.3,0.0,0.0,47.8,27.8
20151031180807,0.0,0.0,0.0,5.1,0.0,0.0,87.0,8.0
20151031180837,0.0,0.0,0.0,0.5,0.0,0.0,96.5,3.0
20151031180907,0.0,0.0,0.0,0.8,0.0,0.0,81.5,17.6
20151031180937,0.0,0.0,0.0,67.5,0.0,0.0,17.7,14.8
20151031181007,0.0,0.0,0.0,33.6,0.0,0.0,20.4,46.1
20151031181037,0.0,0.0,0.0,94.1,0.0,0.0,3.2,2.7
20151031181107,0.0,0.0,0.0,66.1,0.0,0.0,10.2,23.7
20151031181137,0.0,0.0,0.0,17.4,0.0,0.0,55.9,26.7
20151031181207,0.0,0.0,0.0,1.3,0.0,0.0,44.3,54.4
20151031181237,0.0,0.0,0.0,1.8,0.0,0.0,72.8,25.3
20151031181307,0.0,0.0,0.0,23.9,0.0,0.0,31.7,44.3
20151031181337,0.0,0.0,0.0,1.4,0.0,0.0,50.0,48.5
20151031181407,0.0,0.0,0.0,3.6,0.0,0.0,41.5,54.9
20151031181437,0.0,0.0,0.0,7.9,0.0,0.0,77.8,14.4
20151031181507,0.0,0.0,0.0,0.7,0.0,0.0,89.9,9.4
20151031181537,0.0,0.0,0.0,1.8,0.0,0.0,75.8,22.3
20151031181607,0.0,0.0,0.0,0.9,0.0,0.0,75.7,23.4
20151031181637,0.0,0.0,0.0,0.2,0.0,0.0,24.8,75.0
20151031181707,0.0,0.0,0.0,0.0,0.0,0.0,99.8,0.2
20151031181737,0.0,0.0,0.0,0.8,0.0,0.0,84.0,15.2
20151031181807,0.0,0.0,0.0,0.3,0.0,0.0,99.3,0.3
20151031181837,0.0,0.0,0.0,0.1,0.0,0.0,96.7,3.2
20151031181907,0.0,0.0,0.0,0.2,0.0,0.0,86.1,13.7
20151031181937,0.0,0.0,0.0,0.1,0.0,0.0,70.1,29.9
20151031182007,0.0,0.0,0.0,0.1,0.0,0.0,83.2,16.7
20151031182037,0.0,0.0,0.0,0.0,0.0,0.0,85.1,14.8
20151031182107,0.0,0.0,0.0,0.0,0.0,0.0,91.7,8.3
20151031182137,0.0,0.0,0.0,0.0,0.0,0.0,99.0,1.0
20151031182207,0.0,0.0,0.0,0.0,0.0,0.0,98.9,1.1
20151031182237,0.0,0.0,0.0,0.0,0.0,0.0,67.9,32.1
20151031182307,0.0,0.0,0.0,0.0,0.0,0.0,98.3,1.7
20151031182337,0.0,0.0,0.0,0.0,0.0,0.0,59.8,40.1
20151031182407,0.0,0.0,0.0,0.0,0.0,0.0,86.2,13.7
20151031182437,0.0,0.0,0.0,0.0,0.0,0.0,35.1,64.9
20151031182507,0.0,0.0,0.0,0.0,0.0,0.0,83.0,17.0
20151031182537,0.0,0.0,0.0,0.1,0.0,0.0,71.4,28.5
20151031182607,0.0,0.0,0.0,0.0,0.0,0.0,93.3,6.7
20151031182637,0.0,0.0,0.0,0.0,0.0,0.0,98.6,1.4
20151031182707,0.0,0.0,0.0,0.0,0.0,0.0,99.5,0.5
20151031182737,0.0,0.0,0.0,0.0,0.0,0.0,89.7,10.3
20151031182807,0.0,0.0,0.0,0.0,0.0,0.0,96.4,3.6
20151031182837,0.0,0.0,0.0,0.0,0.0,0.0,98.0,2.0
20151031182907,0.0,0.0,0.0,0.0,0.0,0.0,99.8,0.2
20151031182937,0.0,0.0,0.0,0.0,0.0,0.0,99.1,0.9
20151031183007,0.0,0.0,0.0,0.0,0.0,0.0,99.9,0.0
20151031183037,0.0,0.0,0.0,0.0,0.0,0.0,90.2,9.8
20151031183107,0.0,0.0,0.0,0.0,0.0,0.0,98.1,1.8
20151031183137,0.0,0.0,0.0,0.0,0.0,0.0,97.0,3.0
20151031183207,0.0,0.0,0.0,0.0,0.0,0.0,69.6,30.4
20151031183237,0.0,0.0,0.0,0.0,0.0,0.0,88.6,11.4
20151031183307,0.0,0.0,0.0,0.0,0.0,0.0,90.9,9.1
20151031183337,0.0,0.0,0.0,0.0,0.0,0.0,27.4,72.5
20151031183407,0.0,0.0,0.0,0.0,0.0,0.0,98.9,1.1
20151031183437,0.0,0.0,0.0,0.0,0.0,0.0,21.5,78.5
20151031183507,0.0,0.0,0.0,0.0,0.0,0.0,6.2,93.8
20151031183537,0.0,0.0,0.0,0.0,0.0,0.0,47.2,52.8
20151031183607,0.0,0.0,0.0,0.0,0.0,0.0,62.1,37.9
20151031183637,0.0,0.0,0.0,0.2,0.0,0.0,52.7,47.1
20151031183707,0.0,0.0,0.0,0.0,0.0,0.0,3.7,96.3
20151031183737,0.0,0.0,0.0,0.0,0.0,0.0,54.8,45.1
20151031183807,0.0,0.0,0.0,0.0,0.0,0.0,48.4,51.6
20151031183838,0.0,0.0,0.0,0.0,0.0,0.0,73.0,27.0
20151031183908,0.0,0.0,0.0,0.0,0.0,0.0,95.4,4.6
20151031183938,0.0,0.0,0.0,0.0,0.0,0.0,41.9,58.1
20151031184008,0.0,0.0,0.0,0.0,0.0,0.0,6.7,93.3
20151031184038,0.0,0.0,0.0,0.0,0.0,0.0,93.0,6.9
20151031184108,0.0,0.0,0.0,0.0,0.0,0.0,32.4,67.6
20151031184138,0.0,0.0,0.0,0.0,0.0,0.0,98.3,1.7
20151031184208,0.0,0.0,0.0,0.0,0.0,0.0,91.4,8.6
20151031184238,0.0,0.0,0.0,0.0,0.0,0.0,61.0,39.0
20151031184308,0.0,0.0,0.0,0.0,0.0,0.0,87.6,12.4
20151031184338,0.0,0.0,0.0,0.0,0.0,0.0,97.5,2.5
20151031184408,0.0,0.0,0.0,0.0,0.0,0.0,75.2,24.8
20151031184438,0.0,0.0,0.0,0.0,0.0,0.0,95.0,5.0
20151031184508,0.0,0.0,0.0,0.0,0.0,0.0,93.4,6.6
20151031184538,0.0,0.0,0.0,0.1,0.0,0.0,56.7,43.3
20151031184608,0.0,0.0,0.0,0.0,0.0,0.0,96.4,3.6
20151031184638,0.0,0.0,0.0,0.0,0.0,0.0,69.2,30.8
20151031184708,0.0,0.0,0.0,0.0,0.0,0.0,98.2,1.8
20151031184738,0.0,0.0,0.0,0.0,0.0,0.0,95.7,4.3
20151031184808,0.0,0.0,0.0,0.0,0.0,0.0,99.0,1.0
20151031184838,0.0,0.0,0.0,0.0,0.0,0.0,99.4,0.6
20151031184908,0.0,0.0,0.0,0.0,0.0,0.0,55.1,44.9
20151031184938,0.0,0.0,0.0,0.0,0.0,0.0,84.4,15.6
20151031185008,0.0,0.0,0.0,0.0,0.0,0.0,96.5,3.4
20151031185038,0.0,0.0,0.0,0.0,0.0,0.0,40.1,59.9
20151031185108,0.0,0.0,0.0,0.1,0.0,0.0,99.1,0.9
20151031185138,0.0,0.0,0.0,0.0,0.0,0.0,85.0,15.0
20151031185208,0.0,0.0,0.0,0.0,0.0,0.0,95.5,4.5
20151031185238,0.0,0.0,0.0,0.0,0.0,0.0,69.5,30.5
20151031185308,0.0,0.0,0.0,0.0,0.0,0.0,65.7,34.3
20151031185338,0.0,0.0,0.0,0.0,0.0,0.0,99.2,0.8
20151031185408,0.0,0.0,0.0,0.0,0.0,0.0,99.7,0.3
20151031185438,0.0,0.0,0.0,0.0,0.0,0.0,98.3,1.6
20151031185508,0.0,0.0,0.0,0.0,0.0,0.0,100.0,0.0
20151031185538,0.0,0.0,0.0,0.0,0.0,0.0,92.2,7.8
20151031185608,0.0,0.0,0.0,0.0,0.0,0.0,66.9,33.1
20151031185638,0.0,0.0,0.0,0.0,0.0,0.0,99.9,0.1
20151031185708,0.0,0.0,0.0,0.0,0.0,0.0,97.2,2.8
20151031185738,0.0,0.0,0.0,0.0,0.0,0.0,99.7,0.3
20151031185808,0.0,0.0,0.0,0.0,0.0,0.0,96.8,3.2
20151031185838,0.0,0.0,0.0,0.0,0.0,0.0,100.0,0.0
20151031185908,0.0,0.0,0.0,0.0,0.0,0.0,71.0,29.0
20151031185938,0.0,0.0,0.0,0.0,0.0,0.0,93.6,6.4
20151031190008,0.0,0.0,0.0,0.0,0.0,0.0,99.7,0.3
20151031190038,0.0,0.0,0.0,0.0,0.0,0.0,99.8,0.2
20151031190108,0.0,0.0,0.0,0.0,0.0,0.0,98.2,1.8
20151031190138,0.0,0.0,0.0,0.0,0.0,0.0,87.7,12.3
20151031190208,0.0,0.0,0.0,0.0,0.0,0.0,99.8,0.2
20151031190238,0.0,0.0,0.0,0.0,0.0,0.0,100.0,0.0
20151031190308,0.0,0.0,0.0,0.0,0.0,0.0,99.5,0.5
20151031190338,0.0,0.0,0.0,0.0,0.0,0.0,99.7,0.3
20151031190408,0.0,0.0,0.0,0.0,0.0,0.0,100.0,0.0
20151031190438,0.0,0.0,0.0,0.0,0.0,0.0,99.7,0.3
20151031190508,0.0,0.0,0.0,0.0,0.0,0.0,100.0,0.0
20151031190538,0.0,0.0,0.0,0.0,0.0,0.0,99.8,0.2
20151031190608,0.0,0.0,0.0,0.0,0.0,0.0,99.8,0.2
20151031190638,0.0,0.0,0.0,0.0,0.0,0.0,99.6,0.4
20151031190708,0.0,0.0,0.0,0.0,0.0,0.0,99.9,0.1
20151031190738,0.0,0.0,0.0,0.0,0.0,0.0,99.6,0.4
20151031190808,0.0,0.0,0.0,0.0,0.0,0.0,99.8,0.2
20151031190838,0.0,0.0,0.0,0.0,0.0,0.0,98.4,1.6
20151031190908,0.0,0.0,0.0,0.0,0.0,0.0,99.9,0.1
20151031190938,0.0,0.0,0.0,0.0,0.0,0.0,100.0,0.0
20151031191008,0.0,0.0,0.0,0.0,0.0,0.0,99.8,0.2
20151031191038,0.0,0.0,0.0,0.0,0.0,0.0,99.4,0.6
20151031191108,0.0,0.0,0.0,0.0,0.0,0.0,99.9,0.1
20151031191138,0.0,0.0,0.0,0.0,0.0,0.0,100.0,0.0
20151031191208,0.0,0.0,0.0,0.0,0.0,0.0,100.0,0.0
20151031191238,0.0,0.0,0.0,0.0,0.0,0.0,99.7,0.3
20151031191309,0.0,0.0,0.0,0.0,0.0,0.0,100.0,0.0
20151031191339,0.0,0.0,0.0,0.0,0.0,0.0,99.8,0.2
20151031191409,0.0,0.0,0.0,0.0,0.0,0.0,99.6,0.4
20151031191439,0.0,0.0,0.0,0.0,0.0,0.0,99.9,0.1
20151031191509,0.0,0.0,0.0,0.0,0.0,0.0,98.8,1.2
20151031191539,0.0,0.0,0.0,0.0,0.0,0.0,99.3,0.7
20151031191609,0.0,0.0,0.0,0.0,0.0,0.0,99.3,0.7
20151031191639,0.0,0.0,0.0,0.0,0.0,0.0,98.8,1.1
20151031191709,0.0,0.0,0.0,0.0,0.0,0.0,92.5,7.5
20151031191739,0.0,0.0,0.0,0.0,0.0,0.0,99.8,0.2
20151031191809,0.0,0.0,0.0,0.0,0.0,0.0,93.6,6.4
20151031191839,0.0,0.0,0.0,0.0,0.0,0.0,99.1,0.9
20151031191909,0.0,0.0,0.0,0.0,0.0,0.0,99.9,0.1
20151031191939,0.0,0.0,0.0,0.0,0.0,0.0,97.9,2.1
20151031192009,0.0,0.0,0.0,0.0,0.0,0.0,100.0,0.0
20151031192039,0.0,0.0,0.0,0.0,0.0,0.0,98.8,1.2
20151031192109,0.0,0.0,0.0,0.0,0.0,0.0,100.0,0.0
20151031192139,0.0,0.0,0.0,0.0,0.0,0.0,98.6,1.4
20151031192209,0.0,0.0,0.0,0.0,0.0,0.0,69.7,30.3
20151031192239,0.0,0.0,0.0,0.0,0.0,0.0,100.0,0.0
20151031192309,0.0,0.0,0.0,0.0,0.0,0.0,76.4,23.6
20151031192339,0.0,0.0,0.0,0.0,0.0,0.0,99.8,0.2
20151031192409,0.0,0.0,0.0,0.0,0.0,0.0,97.8,2.2
20151031192439,0.0,0.0,0.0,0.0,0.0,0.0,98.5,1.5
20151031192509,0.0,0.0,0.0,0.0,0.0,0.0,95.2,4.8
20151031192539,0.0,0.0,0.0,0.0,0.0,0.0,92.5,7.5
20151031192609,0.0,0.0,0.0,0.0,0.0,0.0,98.0,2.0
20151031192639,0.0,0.0,0.0,0.0,0.0,0.0,98.6,1.4
20151031192709,0.0,0.0,0.0,0.0,0.0,0.0,99.0,1.0
20151031192739,0.0,0.0,0.0,0.0,0.0,0.0,88.5,11.5
20151031192809,0.0,0.0,0.0,0.0,0.0,0.0,99.8,0.2
20151031192839,0.0,0.0,0.0,0.0,0.0,0.0,99.3,0.7
20151031192909,0.0,0.0,0.0,0.0,0.0,0.0,60.8,39.2
20151031192939,0.0,0.0,0.0,0.0,0.0,0.0,93.0,7.0
20151031193009,0.0,0.0,0.0,0.0,0.0,0.0,95.6,4.4
20151031193039,0.0,0.0,0.0,0.0,0.0,0.0,98.6,1.4
20151031193109,0.0,0.0,0.0,0.0,0.0,0.0,99.3,0.7
20151031193139,0.0,0.0,0.0,0.0,0.0,0.0,98.2,1.8
20151031193209,0.0,0.0,0.0,0.0,0.0,0.0,74.1,25.9
20151031193239,0.0,0.0,0.0,0.0,0.0,0.0,12.8,87.2
20151031193309,0.0,0.0,0.0,0.0,0.0,0.0,97.3,2.7
20151031193339,0.0,0.0,0.0,0.0,0.0,0.0,87.8,12.2
20151031193409,0.0,0.0,0.0,0.0,0.0,0.0,74.4,25.6
20151031193439,0.0,0.0,0.0,0.0,0.0,0.0,99.2,0.8
20151031193509,0.0,0.0,0.0,0.0,0.0,0.0,99.0,1.0
20151031193539,0.0,0.0,0.0,0.0,0.0,0.0,99.7,0.3
20151031193609,0.0,0.0,0.0,0.0,0.0,0.0,98.8,1.2
20151031193639,0.0,0.0,0.0,0.0,0.0,0.0,52.8,47.2
20151031193709,0.0,0.0,0.0,0.0,0.0,0.0,99.3,0.7
20151031193739,0.0,0.0,0.0,0.0,0.0,0.0,99.9,0.1
20151031193809,0.0,0.0,0.0,0.0,0.0,0.0,87.5,12.5
20151031193839,0.0,0.0,0.0,0.0,0.0,0.0,99.9,0.1
20151031193909,0.0,0.0,0.0,0.0,0.0,0.0,97.8,2.2
20151031193939,0.0,0.0,0.0,0.0,0.0,0.0,99.8,0.2
20151031194009,0.0,0.0,0.0,0.0,0.0,0.0,96.6,3.4
20151031194039,0.0,0.0,0.0,0.0,0.0,0.0,68.3,31.7
20151031194109,0.0,0.0,0.0,0.0,0.0,0.0,97.4,2.6
20151031194139,0.0,0.0,0.0,0.0,0.0,0.0,86.5,13.5
20151031194209,0.0,0.0,0.0,0.0,0.0,0.0,99.2,0.8
20151031194239,0.0,0.0,0.0,0.0,0.0,0.0,97.7,2.3
20151031194309,0.0,0.0,0.0,0.0,0.0,0.0,99.5,0.5
20151031194339,0.0,0.0,0.0,0.0,0.0,0.0,99.6,0.4
20151031194409,0.0,0.0,0.0,0.0,0.0,0.0,86.1,13.9
20151031194439,0.0,0.0,0.0,0.0,0.0,0.0,99.9,0.1
20151031194509,0.0,0.0,0.0,0.0,0.0,0.0,99.7,0.3
20151031194539,0.0,0.0,0.0,0.0,0.0,0.0,98.5,1.5
20151031194609,0.0,0.0,0.0,0.0,0.0,0.0,98.7,1.3
20151031194639,0.0,0.0,0.0,0.0,0.0,0.0,97.4,2.6
20151031194710,0.0,0.0,0.0,0.0,0.0,0.0,99.9,0.1
20151031194740,0.0,0.0,0.0,0.0,0.0,0.0,99.8,0.2
20151031194810,0.0,0.0,0.0,0.0,0.0,0.0,99.7,0.3
20151031194840,0.0,0.0,0.0,0.0,0.0,0.0,98.6,1.4
20151031194910,0.0,0.0,0.0,0.0,0.0,0.0,99.2,0.7
20151031194940,0.0,0.0,0.0,0.0,0.0,0.0,99.5,0.5
20151031195010,0.0,0.0,0.0,0.0,0.0,0.0,75.6,24.4
20151031195040,0.0,0.0,0.0,0.0,0.0,0.0,98.1,1.9
20151031195110,0.0,0.0,0.0,0.0,0.0,0.0,99.9,0.1
20151031195140,0.0,0.0,0.0,0.0,0.0,0.0,89.7,10.3
20151031195210,0.0,0.0,0.0,0.0,0.0,0.0,99.3,0.7
20151031195240,0.0,0.0,0.0,0.0,0.0,0.0,94.7,5.3
20151031195310,0.0,0.0,0.0,0.0,0.0,0.0,98.9,1.1
20151031195340,0.0,0.0,0.0,0.0,0.0,0.0,99.5,0.5
20151031195410,0.0,0.0,0.0,0.0,0.0,0.0,98.7,1.2
20151031195440,0.0,0.0,0.0,0.0,0.0,0.0,95.2,4.8
20151031195510,0.0,0.0,0.0,0.0,0.0,0.0,99.1,0.9
20151031195540,0.0,0.0,0.0,0.0,0.0,0.0,99.1,0.9
20151031195610,0.0,0.0,0.0,0.0,0.0,0.0,99.8,0.2
20151031195640,0.0,0.0,0.0,0.0,0.0,0.0,96.8,3.2
20151031195710,0.0,0.0,0.0,0.0,0.0,0.0,98.4,1.6
20151031195740,0.0,0.0,0.0,0.0,0.0,0.0,81.8,18.1
20151031195810,0.0,0.0,0.0,0.0,0.0,0.0,93.7,6.3
20151031195840,0.0,0.0,0.0,0.0,0.0,0.0,54.7,45.3
20151031195910,0.0,0.0,0.0,0.0,0.0,0.0,98.5,1.4
20151031195940,0.0,0.0,0.0,0.0,0.0,0.0,98.5,1.5
20151031200010,0.0,0.0,0.0,0.0,0.0,0.0,75.4,24.6
20151031200040,0.0,0.0,0.0,0.0,0.0,0.0,18.8,81.2
20151031200110,0.0,0.0,0.0,0.0,0.0,0.0,52.3,47.7
20151031200140,0.0,0.0,0.0,0.0,0.0,0.0,23.2,76.8
20151031200210,0.0,0.0,0.0,0.0,0.0,0.0,99.1,0.9
20151031200240,0.0,0.0,0.0,0.0,0.0,0.0,86.8,13.2
20151031200310,0.0,0.0,0.0,0.0,0.0,0.0,58.4,41.6
20151031200340,0.0,0.0,0.0,0.0,0.0,0.0,88.9,11.0
20151031200410,0.0,0.0,0.0,0.0,0.0,0.0,83.5,16.5
20151031200440,0.0,0.0,0.0,0.0,0.0,0.0,55.8,44.2
20151031200510,0.0,0.0,0.0,0.0,0.0,0.0,93.9,6.1
20151031200540,0.0,0.0,0.0,0.0,0.0,0.0,94.5,5.5
20151031200610,0.0,0.0,0.0,0.0,0.0,0.0,39.3,60.6
20151031200640,0.0,0.0,0.0,0.0,0.0,0.0,81.9,18.1
20151031200710,0.0,0.0,0.0,0.0,0.0,0.0,64.5,35.5
20151031200740,0.0,0.0,0.0,0.0,0.0,0.0,99.3,0.7
20151031200810,0.0,0.0,0.0,0.0,0.0,0.0,84.2,15.8
20151031200840,0.0,0.0,0.0,0.0,0.0,0.0,96.6,3.4
20151031200910,0.0,0.0,0.0,0.0,0.0,0.0,76.5,23.5
20151031200940,0.0,0.0,0.0,0.0,0.0,0.0,68.1,31.9
20151031201010,0.0,0.0,0.0,0.0,0.0,0.0,79.3,20.7
20151031201040,0.0,0.0,0.0,0.0,0.0,0.0,87.9,12.0
20151031201110,0.0,0.0,0.0,0.0,0.0,0.0,87.0,13.0
20151031201140,0.0,0.0,0.0,0.0,0.0,0.0,86.7,13.3
20151031201210,0.0,0.0,0.0,0.0,0.0,0.0,62.4,37.6
20151031201240,0.0,0.0,0.0,0.0,0.0,0.0,93.5,6.5
20151031201310,0.0,0.0,0.0,0.0,0.0,0.0,79.9,20.1
20151031201340,0.0,0.0,0.0,0.0,0.0,0.0,55.0,45.0
20151031201410,0.0,0.0,0.0,0.0,0.0,0.0,78.6,21.4
20151031201441,0.0,0.0,0.0,0.0,0.0,0.0,54.5,45.5
20151031201511,0.0,0.0,0.0,0.0,0.0,0.0,99.5,0.5
20151031201541,0.0,0.0,0.0,0.0,0.0,0.0,91.2,8.7
20151031201611,0.0,0.0,0.0,0.0,0.0,0.0,98.2,1.8
20151031201641,0.0,0.0,0.0,0.0,0.0,0.0,92.3,7.7
20151031201711,0.0,0.0,0.0,0.0,0.0,0.0,73.4,26.6
20151031201741,0.0,0.0,0.0,0.0,0.0,0.0,97.5,2.5
20151031201811,0.0,0.0,0.0,0.0,0.0,0.0,79.5,20.5
20151031201841,0.0,0.0,0.0,0.0,0.0,0.0,74.0,25.9
20151031201911,0.0,0.0,0.0,0.0,0.0,0.0,80.1,19.9
20151031201941,0.0,0.0,0.0,0.0,0.0,0.0,98.1,1.9
20151031202011,0.0,0.0,0.0,0.0,0.0,0.0,71.5,28.5
20151031202041,0.0,0.0,0.0,0.0,0.0,0.0,99.5,0.5
20151031202111,0.0,0.0,0.0,0.0,0.0,0.0,98.9,1.1
20151031202141,0.0,0.0,0.0,0.0,0.0,0.0,99.1,0.8
20151031202211,0.0,0.0,0.0,0.0,0.0,0.0,34.6,65.3
20151031202241,0.0,0.0,0.0,0.0,0.0,0.0,64.0,35.9
20151031202311,0.0,0.0,0.0,0.1,0.0,0.0,97.1,2.8
20151031202341,0.0,0.0,0.0,0.1,0.0,0.0,93.7,6.2
20151031202411,0.0,0.0,0.0,0.0,0.0,0.0,99.2,0.8
20151031202441,0.0,0.0,0.0,0.1,0.0,0.0,78.2,21.8
20151031202511,0.0,0.0,0.0,0.0,0.0,0.0,99.7,0.3
20151031202541,0.0,0.0,0.0,0.0,0.0,0.0,83.2,16.7
20151031202611,0.0,0.0,0.0,0.0,0.0,0.0,99.6,0.4
20151031202641,0.0,0.0,0.0,0.8,0.0,0.0,73.3,25.9
20151031202711,0.0,0.0,0.0,1.5,0.0,0.0,58.7,39.8
20151031202741,0.0,0.0,0.0,0.1,0.0,0.0,94.9,5.0
20151031202811,0.0,0.0,0.0,0.0,0.0,0.0,65.1,34.9
20151031202841,0.0,0.0,0.0,0.2,0.0,0.0,70.7,29.0
20151031202911,0.0,0.0,0.0,0.1,0.0,0.0,97.8,2.1
20151031202941,0.0,0.0,0.0,0.1,0.0,0.0,87.9,12.0
20151031203011,0.0,0.0,0.0,0.2,0.0,0.0,73.0,26.8
20151031203041,0.0,0.0,0.0,0.3,0.0,0.0,97.2,2.5
20151031203111,0.0,0.0,0.0,0.5,0.0,0.0,72.0,27.6
20151031203141,0.0,0.0,0.0,0.1,0.0,0.0,98.0,1.9
20151031203211,0.0,0.0,0.0,0.2,0.0,0.0,70.5,29.4
20151031203241,0.0,0.0,0.0,0.1,0.0,0.0,95.8,4.1
20151031203311,0.0,0.0,0.0,0.0,0.0,0.0,93.0,7.0
20151031203341,0.0,0.0,0.0,0.1,0.0,0.0,93.5,6.4
20151031203411,0.0,0.0,0.0,0.0,0.0,0.0,17.1,82.9
20151031203441,0.0,0.0,0.0,0.0,0.0,0.0,47.9,52.1
20151031203511,0.0,0.0,0.0,0.0,0.0,0.0,99.4,0.6
20151031203541,0.0,0.0,0.0,0.1,0.0,0.0,78.1,21.8
20151031203611,0.0,0.0,0.0,0.0,0.0,0.0,90.9,9.1
20151031203641,0.0,0.0,0.0,0.0,0.0,0.0,99.7,0.3
20151031203711,0.0,0.0,0.0,0.0,0.0,0.0,92.9,7.1
20151031203741,0.0,0.0,0.0,0.0,0.0,0.0,95.6,4.4
20151031203811,0.0,0.0,0.0,0.0,0.0,0.0,97.5,2.5
20151031203841,0.0,0.0,0.0,0.0,0.0,0.0,95.1,4.9
20151031203911,0.0,0.0,0.0,0.1,0.0,0.0,69.0,31.0
20151031203941,0.0,0.0,0.0,0.0,0.0,0.0,89.7,10.3
20151031204011,0.0,0.0,0.0,0.1,0.0,0.0,56.5,43.4
20151031204041,0.0,0.0,0.0,0.0,0.0,0.0,96.9,3.1
20151031204111,0.0,0.0,0.0,0.0,0.0,0.0,46.6,53.4
20151031204141,0.0,0.0,0.0,0.0,0.0,0.0,72.4,27.6
20151031204211,0.0,0.0,0.0,0.0,0.0,0.0,99.9,0.1
20151031204241,0.0,0.0,0.0,0.0,0.0,0.0,96.5,3.5
20151031204311,0.0,0.0,0.0,0.0,0.0,0.0,85.4,14.6
20151031204341,0.0,0.0,0.0,0.0,0.0,0.0,96.8,3.2
20151031204411,0.0,0.0,0.0,0.0,0.0,0.0,43.4,56.6
20151031204441,0.0,0.0,0.0,0.0,0.0,0.0,47.9,52.1
20151031204511,0.0,0.0,0.0,0.1,0.0,0.0,72.6,27.3
20151031204541,0.0,0.0,0.0,0.0,0.0,0.0,32.1,67.9
20151031204611,0.0,0.0,0.0,0.1,0.0,0.0,67.2,32.7
20151031204641,0.0,0.0,0.0,0.0,0.0,0.0,89.5,10.5
20151031204711,0.0,0.0,0.0,0.0,0.0,0.0,60.2,39.8
20151031204741,0.0,0.0,0.0,0.0,0.0,0.0,98.1,1.9
20151031204811,0.0,0.0,0.0,0.0,0.0,0.0,83.4,16.6
20151031204842,0.0,0.0,0.0,0.0,0.0,0.0,15.8,84.2
20151031204912,0.0,0.0,0.0,0.0,0.0,0.0,66.8,33.1
20151031204942,0.0,0.0,0.0,0.0,0.0,0.0,91.8,8.2
20151031205012,0.0,0.0,0.0,0.0,0.0,0.0,29.6,70.4
20151031205042,0.0,0.0,0.0,0.0,0.0,0.0,47.4,52.6
20151031205112,0.0,0.0,0.0,0.0,0.0,0.0,93.3,6.7
20151031205142,0.0,0.0,0.0,0.1,0.0,0.0,85.6,14.3
20151031205212,0.0,0.0,0.0,0.0,0.0,0.0,58.4,41.6
20151031205242,0.0,0.0,0.0,0.1,0.0,0.0,98.9,1.0
20151031205312,0.0,0.0,0.0,0.0,0.0,0.0,8.3,91.7
20151031205342,0.0,0.0,0.0,0.1,0.0,0.0,42.8,57.1
20151031205412,0.0,0.0,0.0,0.3,0.0,0.0,29.8,70.0
20151031205442,0.0,0.0,0.0,0.0,0.0,0.0,35.4,64.6
20151031205512,0.0,0.0,0.0,0.0,0.0,0.0,10.4,89.6
20151031205542,0.0,0.0,0.0,0.0,0.0,0.0,95.5,4.5
20151031205612,0.0,0.0,0.0,0.0,0.0,0.0,42.5,57.5
20151031205642,0.0,0.0,0.0,0.0,0.0,0.0,96.3,3.7
20151031205712,0.0,0.0,0.0,0.0,0.0,0.0,36.0,63.9
20151031205742,0.0,0.0,0.0,0.0,0.0,0.0,100.0,0.0
20151031205812,0.0,0.0,0.0,0.0,0.0,0.0,97.0,3.0
20151031205842,0.0,0.0,0.0,0.0,0.0,0.0,71.6,28.4
20151031205912,0.0,0.0,0.0,0.0,0.0,0.0,62.5,37.5
20151031205942,0.0,0.0,0.0,0.0,0.0,0.0,89.7,10.3
20151031210012,0.0,0.0,0.0,0.0,0.0,0.0,80.9,19.1
20151031210042,0.0,0.0,0.0,0.0,0.0,0.0,41.7,58.3
20151031210112,0.0,0.0,0.0,0.0,0.0,0.0,69.3,30.7
20151031210142,0.0,0.0,0.0,0.0,0.0,0.0,49.5,50.5
20151031210212,0.0,0.0,0.0,0.0,0.0,0.0,97.5,2.5
20151031210242,0.0,0.0,0.0,0.0,0.0,0.0,65.7,34.3
20151031210312,0.0,0.0,0.0,0.0,0.0,0.0,65.7,34.3
20151031210342,0.0,0.0,0.0,0.0,0.0,0.0,93.6,6.4
20151031210412,0.0,0.0,0.0,0.0,0.0,0.0,78.7,21.3
20151031210442,0.0,0.0,0.0,0.0,0.0,0.0,97.3,2.7
20151031210512,0.0,0.0,0.0,0.0,0.0,0.0,98.2,1.8
20151031210542,0.0,0.0,0.0,0.0,0.0,0.0,98.0,2.0
20151031210612,0.0,0.0,0.0,0.0,0.0,0.0,45.5,54.5
20151031210642,0.0,0.0,0.0,0.0,0.0,0.0,76.4,23.6
20151031210712,0.0,0.0,0.0,0.0,0.0,0.0,90.5,9.5
20151031210742,0.0,0.0,0.0,0.0,0.0,0.0,89.5,10.5
20151031210812,0.0,0.0,0.0,0.0,0.0,0.0,99.6,0.4
20151031210842,0.0,0.0,0.0,0.0,0.0,0.0,82.4,17.6
20151031210912,0.0,0.0,0.0,0.0,0.0,0.0,59.4,40.6
20151031210942,0.0,0.0,0.0,0.0,0.0,0.0,72.4,27.5
20151031211012,0.0,0.0,0.0,0.0,0.0,0.0,42.0,58.0
20151031211042,0.0,0.0,0.0,0.0,0.0,0.0,99.8,0.2
20151031211112,0.0,0.0,0.0,0.0,0.0,0.0,99.3,0.7
20151031211142,0.0,0.0,0.0,0.0,0.0,0.0,99.2,0.8
20151031211212,0.0,0.0,0.0,0.0,0.0,0.0,99.8,0.2
20151031211242,0.0,0.0,0.0,0.0,0.0,0.0,63.0,37.0
20151031211312,0.0,0.0,0.0,0.0,0.0,0.0,98.9,1.1
20151031211342,0.0,0.0,0.0,0.0,0.0,0.0,98.5,1.5
20151031211412,0.0,0.0,0.0,0.0,0.0,0.0,99.9,0.1
20151031211442,0.0,0.0,0.0,0.0,0.0,0.0,58.2,41.8
20151031211512,0.0,0.0,0.0,0.0,0.0,0.0,96.5,3.5
20151031211542,0.0,0.0,0.0,0.0,0.0,0.0,96.8,3.2
20151031211612,0.0,0.0,0.0,0.0,0.0,0.0,99.9,0.1
20151031211642,0.0,0.0,0.0,0.0,0.0,0.0,70.4,29.5
20151031211712,0.0,0.0,0.0,0.0,0.0,0.0,73.5,26.4
20151031211742,0.0,0.0,0.0,0.0,0.0,0.0,95.9,4.1
20151031211812,0.0,0.0,0.0,0.0,0.0,0.0,17.3,82.7
20151031211842,0.0,0.0,0.0,0.0,0.0,0.0,75.7,24.3
20151031211912,0.0,0.0,0.0,0.0,0.0,0.0,99.7,0.3
20151031211942,0.0,0.0,0.0,0.0,0.0,0.0,96.5,3.5
20151031212012,0.0,0.0,0.0,0.0,0.0,0.0,74.7,25.2
20151031212042,0.0,0.0,0.0,0.0,0.0,0.0,93.2,6.8
20151031212112,0.0,0.0,0.0,0.0,0.0,0.0,92.0,7.9
20151031212142,0.0,0.0,0.0,0.0,0.0,0.0,93.4,6.6
20151031212212,0.0,0.0,0.0,0.0,0.0,0.0,97.2,2.8
20151031212243,0.0,0.0,0.0,0.1,0.0,0.0,94.2,5.7
20151031212313,0.0,0.0,0.0,0.0,0.0,0.0,92.1,7.9
20151031212343,0.0,0.0,0.0,0.0,0.0,0.0,98.1,1.9
20151031212413,0.0,0.0,0.0,0.0,0.0,0.0,92.1,7.9
20151031212443,0.0,0.0,0.0,0.0,0.0,0.0,100.0,0.0
20151031212513,0.0,0.0,0.0,0.0,0.0,0.0,62.1,37.9
20151031212543,0.0,0.0,0.0,0.0,0.0,0.0,91.0,9.0
20151031212613,0.0,0.0,0.0,0.0,0.0,0.0,97.4,2.6
20151031212643,0.0,0.0,0.0,0.0,0.0,0.0,87.0,12.9
20151031212713,0.0,0.0,0.0,0.0,0.0,0.0,60.5,39.5
20151031212743,0.0,0.0,0.0,0.0,0.0,0.0,65.1,34.9
20151031212813,0.0,0.0,0.0,0.0,0.0,0.0,80.9,19.0
20151031212843,0.0,0.0,0.0,0.0,0.0,0.0,12.6,87.3
20151031212913,0.0,0.0,0.0,0.0,0.0,0.0,99.5,0.5
20151031212943,0.0,0.0,0.0,0.0,0.0,0.0,95.6,4.4
20151031213013,0.0,0.0,0.0,0.0,0.0,0.0,100.0,0.0
20151031213043,0.0,0.0,0.0,0.0,0.0,0.0,51.6,48.4
20151031213113,0.0,0.0,0.0,0.0,0.0,0.0,94.5,5.5
20151031213143,0.0,0.0,0.0,0.0,0.0,0.0,99.2,0.8
20151031213213,0.0,0.0,0.0,0.0,0.0,0.0,92.7,7.3
20151031213243,0.0,0.0,0.0,0.0,0.0,0.0,99.2,0.8
20151031213313,0.0,0.0,0.0,0.0,0.0,0.0,99.6,0.4
20151031213343,0.0,0.0,0.0,0.0,0.0,0.0,88.6,11.4
20151031213413,0.0,0.0,0.0,0.0,0.0,0.0,85.3,14.7
20151031213443,0.0,0.0,0.0,0.0,0.0,0.0,15.2,84.8
20151031213513,0.0,0.0,0.0,0.0,0.0,0.0,54.1,45.8
20151031213543,0.0,0.0,0.0,0.0,0.0,0.0,98.7,1.3
20151031213613,0.0,0.0,0.0,0.0,0.0,0.0,92.7,7.2
20151031213643,0.0,0.0,0.0,0.0,0.0,0.0,99.0,1.0
20151031213713,0.0,0.0,0.0,0.0,0.0,0.0,97.2,2.8
20151031213743,0.0,0.0,0.0,0.0,0.0,0.0,99.8,0.2
20151031213813,0.0,0.0,0.0,0.0,0.0,0.0,55.6,44.4
20151031213843,0.0,0.0,0.0,0.0,0.0,0.0,92.1,7.9
20151031213913,0.0,0.0,0.0,0.0,0.0,0.0,91.1,8.9
20151031213943,0.0,0.0,0.0,0.0,0.0,0.0,98.1,1.8
20151031214013,0.0,0.0,0.0,0.0,0.0,0.0,88.8,11.2
20151031214043,0.0,0.0,0.0,0.0,0.0,0.0,100.0,0.0
20151031214113,0.0,0.0,0.0,0.0,0.0,0.0,29.7,70.3
