UT,arc,discrete,diffuse,ac,ab,clear,cloudy,dd
20151128132900,0.0,0.0,0.0,0.0,0.0,0.0,0.0,100.0
20151128132930,0.0,0.0,0.0,0.0,0.0,0.0,0.0,100.0
20151128133000,0.0,0.0,0.0,0.0,0.0,0.0,0.0,100.0
20151128133030,0.0,0.0,0.0,0.0,0.0,0.0,0.0,100.0
20151128133100,0.0,0.0,0.0,0.0,0.0,0.0,0.0,100.0
20151128133130,0.0,0.0,0.0,0.0,0.0,0.0,0.0,100.0
20151128133200,0.0,0.0,0.0,0.0,0.0,0.0,0.0,100.0
20151128133230,0.0,0.0,0.0,0.0,0.0,0.0,0.0,100.0
20151128133300,0.0,0.0,0.0,0.0,0.0,0.0,0.0,100.0
20151128133330,0.0,0.0,0.0,0.0,0.0,0.0,0.0,100.0
20151128133400,0.0,0.0,0.0,0.0,0.0,0.0,0.0,100.0
20151128133430,0.0,0.0,0.0,0.0,0.0,0.0,0.0,100.0
20151128133500,0.0,0.0,0.0,0.0,0.0,0.0,0.0,100.0
20151128133530,0.0,0.0,0.0,0.0,0.0,0.0,0.0,100.0
20151128133600,0.0,0.0,0.0,0.0,0.0,0.0,0.0,100.0
20151128133630,0.0,0.0,0.0,0.0,0.0,0.0,0.0,100.0
20151128133700,0.0,0.0,0.0,0.0,0.0,0.0,0.0,100.0
20151128133730,0.0,0.0,0.0,0.0,0.0,0.0,0.0,100.0
20151128133800,0.0,0.0,0.0,0.0,0.0,0.0,0.0,100.0
20151128133830,0.0,0.0,0.0,0.0,0.0,0.0,0.0,100.0
20151128133900,0.0,0.0,0.0,0.0,0.0,0.0,0.0,100.0
20151128133930,0.0,0.0,0.0,0.0,0.0,0.0,0.0,100.0
20151128134000,0.0,0.0,0.0,0.0,0.0,0.0,0.0,100.0
20151128134030,0.0,0.0,0.0,0.0,0.0,0.0,0.0,100.0
20151128134100,0.0,0.0,0.0,0.0,0.0,0.0,0.0,100.0
20151128134130,0.0,0.0,0.0,0.0,0.0,0.0,0.0,100.0
20151128134200,0.0,0.0,0.0,0.0,0.0,0.0,0.0,100.0
20151128134230,0.0,0.0,0.0,0.0,0.0,0.0,0.0,100.0
20151128134300,0.0,0.0,0.0,0.0,0.0,0.0,0.0,100.0
20151128134330,0.0,0.0,0.0,0.0,0.0,0.0,0.0,100.0
20151128134401,0.0,0.0,0.0,0.0,0.0,0.0,0.0,100.0
20151128134431,0.0,0.0,0.0,0.0,0.0,0.0,0.0,100.0
20151128134501,0.0,0.0,0.0,0.0,0.0,0.0,0.0,100.0
20151128134531,0.0,0.0,0.0,0.0,0.0,0.0,0.0,100.0
20151128134601,0.0,0.0,0.0,0.0,0.0,0.0,0.0,100.0
20151128134631,0.0,0.0,0.0,0.0,0.0,0.0,0.0,100.0
20151128134701,0.0,0.0,0.0,0.0,0.0,0.0,0.0,100.0
20151128134731,0.0,0.0,0.0,0.0,0.0,0.0,0.0,100.0
20151128134801,0.0,0.0,0.0,0.0,0.0,0.0,0.0,100.0
20151128134831,0.0,0.0,0.0,0.0,0.0,0.0,0.0,100.0
20151128134901,0.0,0.0,0.0,0.0,0.0,0.0,0.0,100.0
20151128134931,0.0,0.0,0.0,0.0,0.0,0.0,0.0,100.0
20151128135001,0.0,0.0,0.0,0.0,0.0,0.0,0.0,100.0
20151128135031,0.0,0.0,0.0,0.0,0.0,0.0,0.0,100.0
20151128135101,0.0,0.0,0.0,0.0,0.0,0.0,0.0,100.0
20151128135131,0.0,0.0,0.0,0.0,0.0,0.0,0.0,100.0
20151128135201,0.0,0.0,0.0,0.0,0.0,0.0,0.0,100.0
20151128135231,0.0,0.0,0.0,0.0,0.0,0.0,0.0,100.0
20151128135301,0.0,0.0,0.0,0.0,0.0,0.0,0.0,100.0
20151128135331,0.0,0.0,0.0,0.0,0.0,0.0,0.0,100.0
20151128135401,0.0,0.0,0.0,0.0,0.0,0.0,0.0,100.0
20151128135431,0.0,0.0,0.0,0.0,0.0,0.0,0.0,100.0
20151128135501,0.0,0.0,0.0,0.0,0.0,0.0,0.0,100.0
20151128135531,0.0,0.0,0.0,0.0,0.0,0.0,0.0,100.0
20151128135601,0.0,0.0,0.0,0.0,0.0,0.0,0.0,100.0
20151128135631,0.0,0.0,0.0,0.0,0.0,0.0,0.0,100.0
20151128135701,0.0,0.0,0.0,0.0,0.0,0.0,0.0,100.0
20151128135731,0.0,0.0,0.0,0.0,0.0,0.0,0.0,100.0
20151128135801,0.0,0.0,0.0,0.0,0.0,0.0,0.0,100.0
20151128135831,0.0,0.0,0.0,0.0,0.0,0.0,0.0,100.0
20151128135901,0.0,0.0,0.0,0.0,0.0,0.0,0.0,100.0
20151128135931,0.0,0.0,0.0,0.0,0.0,0.0,0.0,100.0
20151128140001,0.0,0.0,0.0,0.0,0.0,0.0,0.0,100.0
20151128140031,0.0,0.0,0.0,0.0,0.0,0.0,0.0,100.0
20151128140101,0.0,0.0,0.0,0.0,0.0,0.0,0.0,100.0
20151128140131,0.0,0.0,0.0,0.0,0.0,0.0,0.0,100.0
20151128140201,0.0,0.0,0.0,0.0,0.0,0.0,0.0,100.0
20151128140231,0.0,0.0,0.0,0.0,0.0,0.0,0.0,100.0
20151128140301,0.0,0.0,0.0,0.0,0.0,0.0,0.0,100.0
20151128140331,0.0,0.0,0.0,0.0,0.0,0.0,0.0,100.0
20151128140401,0.0,0.0,0.0,0.0,0.0,0.0,0.0,100.0
20151128140431,0.0,0.0,0.0,0.0,0.0,0.0,0.0,100.0
20151128140501,0.0,0.0,0.0,0.0,0.0,0.0,0.0,100.0
20151128140531,0.0,0.0,0.0,0.0,0.0,0.0,0.0,100.0
20151128140601,0.0,0.0,0.0,0.0,0.0,0.0,0.0,100.0
20151128140631,0.0,0.0,0.0,0.0,0.0,0.0,0.0,100.0
20151128140701,0.0,0.0,0.0,0.0,0.0,0.0,0.0,100.0
20151128140731,0.0,0.0,0.0,0.0,0.0,0.0,0.0,100.0
20151128140801,0.0,0.0,0.0,0.0,0.0,0.0,0.0,100.0
20151128140831,0.0,0.0,0.0,0.0,0.0,0.0,0.0,100.0
20151128140901,0.0,0.0,0.0,0.0,0.0,0.0,0.0,100.0
20151128140931,0.0,0.0,0.0,0.0,0.0,0.0,0.0,100.0
20151128141001,0.0,0.0,0.0,0.0,0.0,0.0,0.0,100.0
20151128141031,0.0,0.0,0.0,0.0,0.0,0.0,0.0,100.0
20151128141101,0.0,0.0,0.0,0.0,0.0,0.0,0.0,100.0
20151128141131,0.0,0.0,0.0,0.0,0.0,0.0,0.0,100.0
20151128141201,0.0,0.0,0.0,0.0,0.0,0.0,0.0,100.0
20151128141231,0.0,0.0,0.0,0.0,0.0,0.0,0.0,100.0
20151128141301,0.0,0.0,0.0,0.0,0.0,0.0,0.0,100.0
20151128141331,0.0,0.0,0.0,0.0,0.0,0.0,0.0,100.0
20151128141401,0.0,0.0,0.0,0.0,0.0,0.0,0.0,100.0
20151128141431,0.0,0.0,0.0,0.0,0.0,0.0,0.0,100.0
20151128141501,0.0,0.0,0.0,0.0,0.0,0.0,0.0,100.0
20151128141531,0.0,0.0,0.0,0.0,0.0,0.0,0.0,100.0
20151128141601,0.0,0.0,0.0,0.0,0.0,0.0,0.0,100.0
20151128141631,0.0,0.0,0.0,0.0,0.0,0.0,0.0,100.0
20151128141701,0.0,0.0,0.0,0.0,0.0,0.0,0.0,100.0
20151128141731,0.0,0.0,0.0,0.0,0.0,0.0,0.0,100.0
20151128141801,0.0,0.0,0.0,0.0,0.0,0.0,0.0,100.0
20151128141832,0.0,0.0,0.0,0.0,0.0,0.0,0.0,100.0
20151128141902,0.0,0.0,0.0,0.0,0.0,0.0,0.0,100.0
20151128141932,0.0,0.0,0.0,0.0,0.0,0.0,0.0,100.0
20151128142002,0.0,0.0,0.0,0.0,0.0,0.0,0.0,100.0
20151128142032,0.0,0.0,0.0,0.0,0.0,0.0,0.0,100.0
20151128142102,0.0,0.0,0.0,0.0,0.0,0.0,0.0,100.0
20151128142132,0.0,0.0,0.0,0.0,0.0,0.0,0.0,100.0
20151128142202,0.0,0.0,0.0,0.0,0.0,0.0,0.0,100.0
20151128142232,0.0,0.0,0.0,0.0,0.0,0.0,0.0,100.0
20151128142302,0.0,0.0,0.0,0.0,0.0,0.0,0.0,100.0
20151128142332,0.0,0.0,0.0,0.0,0.0,0.0,0.0,100.0
20151128142402,0.0,0.0,0.0,0.0,0.0,0.0,0.0,100.0
20151128142432,0.0,0.0,0.0,0.0,0.0,0.0,0.0,100.0
20151128142502,0.0,0.0,0.0,0.0,0.0,0.0,0.0,100.0
20151128142532,0.0,0.0,0.0,0.0,0.0,0.0,0.0,100.0
20151128142602,0.0,0.0,0.0,0.0,0.0,0.0,0.0,100.0
20151128142632,0.0,0.0,0.0,0.0,0.0,0.0,0.0,100.0
20151128142702,0.0,0.0,0.0,0.0,0.0,0.0,0.0,100.0
20151128142732,0.0,0.0,0.0,0.0,0.0,0.0,0.0,100.0
20151128142802,0.0,0.0,0.0,0.0,0.0,0.0,0.0,100.0
20151128142832,0.0,0.0,0.0,0.0,0.0,0.0,0.0,100.0
20151128143032,0.0,0.0,0.0,0.0,0.0,0.0,0.0,100.0
20151128143102,0.0,0.0,0.0,0.0,0.0,0.0,0.0,100.0
20151128143132,0.0,0.0,0.0,0.0,0.0,0.0,0.0,100.0
20151128143202,0.0,0.0,0.0,0.0,0.0,0.0,0.0,100.0
20151128143232,0.0,0.0,0.0,0.0,0.0,0.0,0.0,100.0
20151128143302,0.0,0.0,0.0,0.0,0.0,0.0,0.0,100.0
20151128143332,0.0,0.0,0.0,0.0,0.0,0.0,0.0,100.0
20151128143402,0.0,0.0,0.0,0.0,0.0,0.0,0.0,100.0
20151128143432,0.0,0.0,0.0,0.0,0.0,0.0,0.0,100.0
20151128143502,0.0,0.0,0.0,0.0,0.0,0.0,0.0,100.0
20151128143532,0.0,0.0,0.0,0.0,0.0,0.0,0.0,100.0
20151128143602,0.0,0.0,0.0,0.0,0.0,0.0,0.0,100.0
20151128143632,0.0,0.0,0.0,0.0,0.0,0.0,0.0,100.0
20151128143702,0.0,0.0,0.0,0.0,0.0,0.0,0.0,100.0
20151128143732,0.0,0.0,0.0,0.0,0.0,0.0,0.0,100.0
20151128143802,0.0,0.0,0.0,0.0,0.0,0.0,0.0,100.0
20151128143832,0.0,0.0,0.0,0.0,0.0,0.0,0.0,100.0
20151128143902,0.0,0.0,0.0,0.0,0.0,0.0,0.0,100.0
20151128143932,0.0,0.0,0.0,0.0,0.0,0.0,0.0,100.0
20151128144002,0.0,0.0,0.0,0.0,0.0,0.0,0.0,100.0
20151128144032,0.0,0.0,0.0,0.0,0.0,0.0,0.0,100.0
20151128144102,0.0,0.0,0.0,0.0,0.0,0.0,0.0,100.0
20151128144132,0.0,0.0,0.0,0.0,0.0,0.0,0.0,100.0
20151128144202,0.0,0.0,0.0,0.0,0.0,0.0,0.0,100.0
20151128144232,0.0,0.0,0.0,0.0,0.0,0.0,0.0,100.0
20151128144302,0.0,0.0,0.0,0.0,0.0,0.0,0.0,100.0
20151128144332,0.0,0.0,0.0,0.0,0.0,0.0,0.0,100.0
20151128144402,0.0,0.0,0.0,0.0,0.0,0.0,0.0,100.0
20151128144432,0.0,0.0,0.0,0.0,0.0,0.0,0.0,100.0
20151128144502,0.0,0.0,0.0,0.0,0.0,0.0,0.0,100.0
20151128144532,0.0,0.0,0.0,0.0,0.0,0.0,0.0,100.0
20151128144602,0.0,0.0,0.0,0.0,0.0,0.0,0.0,100.0
20151128144632,0.0,0.0,0.0,0.0,0.0,0.0,0.0,100.0
20151128144702,0.0,0.0,0.0,0.0,0.0,0.0,0.0,100.0
20151128144732,0.0,0.0,0.0,0.0,0.0,0.0,0.0,100.0
20151128144802,0.0,0.0,0.0,0.0,0.0,0.0,0.0,100.0
20151128144832,0.0,0.0,0.0,0.0,0.0,0.0,0.0,100.0
20151128144902,0.0,0.0,0.0,0.0,0.0,0.0,0.0,100.0
20151128144932,0.0,0.0,0.0,0.0,0.0,0.0,0.0,100.0
20151128145002,0.0,0.0,0.0,0.0,0.0,0.0,0.0,100.0
20151128145032,0.0,0.0,0.0,0.0,0.0,0.0,0.0,100.0
20151128145102,0.0,0.0,0.0,0.0,0.0,0.0,0.0,100.0
20151128145132,0.0,0.0,0.0,0.0,0.0,0.0,0.0,100.0
20151128145202,0.0,0.0,0.0,0.0,0.0,0.0,0.0,100.0
20151128145232,0.0,0.0,0.0,0.0,0.0,0.0,0.0,100.0
20151128145303,0.0,0.0,0.0,0.0,0.0,0.0,0.0,100.0
20151128145333,0.0,0.0,0.0,0.0,0.0,0.0,0.0,100.0
20151128145403,0.0,0.0,0.0,0.0,0.0,0.0,0.0,100.0
20151128145433,0.0,0.0,0.0,0.0,0.0,0.0,0.0,100.0
20151128145503,0.0,0.0,0.0,0.0,0.0,0.0,0.1,99.9
20151128145533,0.0,0.0,0.0,0.0,0.0,0.0,0.0,100.0
20151128145603,0.0,0.0,0.0,0.0,0.0,0.0,0.1,99.9
20151128145633,0.0,0.0,0.0,0.0,0.0,0.0,0.3,99.7
20151128145703,0.0,0.0,0.0,0.0,0.0,0.0,0.1,99.9
20151128145733,0.0,0.0,0.0,0.0,0.0,0.0,0.2,99.8
20151128145803,0.0,0.0,0.0,0.0,0.0,0.0,0.0,100.0
20151128145833,0.0,0.0,0.0,0.0,0.0,0.0,0.0,100.0
20151128145903,0.0,0.0,0.0,0.0,0.0,0.0,0.0,100.0
20151128145933,0.0,0.0,0.0,0.0,0.0,0.0,0.0,100.0
20151128150003,0.0,0.0,0.0,0.0,0.0,0.0,0.1,99.9
20151128150033,0.0,0.0,0.0,0.0,0.0,0.0,0.1,99.9
20151128150103,0.0,0.0,0.0,0.0,0.0,0.0,0.0,100.0
20151128150133,0.0,0.0,0.0,0.0,0.0,0.0,0.1,99.9
20151128150203,0.0,0.0,0.0,0.0,0.0,0.0,0.0,100.0
20151128150233,0.0,0.0,0.0,0.0,0.0,0.0,0.1,99.9
20151128150303,0.0,0.0,0.0,0.0,0.0,0.0,0.0,100.0
20151128150333,0.0,0.0,0.0,0.0,0.0,0.0,0.0,100.0
20151128150403,0.0,0.0,0.0,0.0,0.0,0.0,0.5,99.5
20151128150433,0.0,0.0,0.0,0.0,0.0,0.0,0.4,99.6
20151128150503,0.0,0.0,0.0,0.0,0.0,0.0,3.4,96.6
20151128150533,0.0,0.0,0.0,0.0,0.0,0.0,1.8,98.2
20151128150603,0.0,0.0,0.0,0.0,0.0,0.0,29.0,71.0
20151128150633,0.0,0.0,0.0,0.0,0.0,0.0,0.8,99.2
20151128150703,0.0,0.0,0.0,0.0,0.0,0.0,9.6,90.4
20151128150733,0.0,0.0,0.0,0.0,0.0,0.0,37.3,62.7
20151128150803,0.0,0.0,0.0,0.0,0.0,0.0,41.5,58.5
20151128150833,0.0,0.0,0.0,0.0,0.0,0.0,55.2,44.8
20151128150903,0.0,0.0,0.0,0.0,0.0,0.0,16.8,83.2
20151128150933,0.0,0.0,0.0,0.0,0.0,0.0,62.2,37.8
20151128151003,0.0,0.0,0.0,0.0,0.0,0.0,71.5,28.5
20151128151033,0.0,0.0,0.0,0.0,0.0,0.0,57.9,42.1
20151128151103,0.0,0.0,0.0,0.0,0.0,0.0,64.4,35.6
20151128151133,0.0,0.0,0.0,0.0,0.0,0.0,85.6,14.4
20151128151203,0.0,0.0,0.0,0.0,0.0,0.0,61.6,38.4
20151128151233,0.0,0.0,0.0,0.0,0.0,0.0,93.3,6.7
20151128151303,0.0,0.0,0.0,0.0,0.0,0.0,10.2,89.8
20151128151333,0.0,0.0,0.0,0.0,0.0,0.0,88.8,11.2
20151128151403,0.0,0.0,0.0,0.0,0.0,0.0,50.6,49.4
20151128151433,0.0,0.0,0.0,0.0,0.0,0.0,32.9,67.1
20151128151503,0.0,0.0,0.0,0.0,0.0,0.0,42.1,57.9
20151128151533,0.0,0.0,0.0,0.0,0.0,0.0,77.5,22.4
20151128151603,0.0,0.0,0.0,0.0,0.0,0.0,82.1,17.9
20151128151633,0.0,0.0,0.0,0.0,0.0,0.0,98.9,1.1
20151128151703,0.0,0.0,0.0,0.0,0.0,0.0,94.9,5.1
20151128151733,0.0,0.0,0.0,0.0,0.0,0.0,93.5,6.5
20151128151803,0.0,0.0,0.0,0.0,0.0,0.0,99.7,0.3
20151128151833,0.0,0.0,0.0,0.0,0.0,0.0,85.9,14.0
20151128151903,0.0,0.0,0.0,0.0,0.0,0.0,96.5,3.5
20151128151933,0.0,0.0,0.0,0.0,0.0,0.0,90.7,9.3
20151128152004,0.0,0.0,0.0,0.0,0.0,0.0,93.7,6.3
20151128152034,0.0,0.0,0.0,0.0,0.0,0.0,99.7,0.3
20151128152104,0.0,0.0,0.0,0.0,0.0,0.0,99.9,0.1
20151128152134,0.0,0.0,0.0,0.0,0.0,0.0,100.0,0.0
20151128152204,0.0,0.0,0.0,0.0,0.0,0.0,99.5,0.5
20151128152234,0.0,0.0,0.0,0.0,0.0,0.0,97.4,2.6
20151128152304,0.0,0.0,0.0,0.0,0.0,0.0,62.3,37.7
20151128152334,0.0,0.0,0.0,0.0,0.0,0.0,92.6,7.4
20151128152404,0.0,0.0,0.0,0.0,0.0,0.0,18.9,81.1
20151128152434,0.0,0.0,0.0,0.0,0.0,0.0,10.1,89.9
20151128152504,0.0,0.0,0.0,0.0,0.0,0.0,3.9,96.1
20151128152534,0.0,0.0,0.0,0.0,0.0,0.0,91.9,8.1
20151128152604,0.0,0.0,0.0,0.0,0.0,0.0,91.9,8.1
20151128152634,0.0,0.0,0.0,0.0,0.0,0.0,86.3,13.7
20151128152704,0.0,0.0,0.0,0.0,0.0,0.0,89.7,10.3
20151128152734,0.0,0.0,0.0,0.0,0.0,0.0,89.8,10.2
20151128152804,0.0,0.0,0.0,0.0,0.0,0.0,98.5,1.5
20151128152834,0.0,0.0,0.0,0.0,0.0,0.0,98.3,1.7
20151128152904,0.0,0.0,0.0,0.0,0.0,0.0,96.8,3.2
20151128152934,0.0,0.0,0.0,0.0,0.0,0.0,97.0,3.0
20151128153004,0.0,0.0,0.0,0.0,0.0,0.0,94.1,5.8
20151128153034,0.0,0.0,0.0,0.0,0.0,0.0,39.2,60.8
20151128153104,0.0,0.0,0.0,0.0,0.0,0.0,22.5,77.5
20151128153134,0.0,0.0,0.0,0.0,0.0,0.0,7.5,92.5
20151128153204,0.0,0.0,0.0,0.1,0.0,0.0,53.8,46.1
20151128153234,0.0,0.0,0.0,0.1,0.0,0.0,89.7,10.2
20151128153304,0.0,0.0,0.0,0.0,0.0,0.0,77.9,22.0
20151128153334,0.0,0.0,0.0,0.0,0.0,0.0,42.1,57.9
20151128153404,0.0,0.0,0.0,0.0,0.0,0.0,48.5,51.4
20151128153434,0.0,0.0,0.0,0.4,0.0,0.0,35.8,63.8
20151128153504,0.0,0.0,0.1,0.0,0.0,0.0,96.2,3.7
20151128153534,0.0,0.0,0.1,0.0,0.0,0.0,91.2,8.7
20151128153604,0.0,0.0,0.0,0.0,0.0,0.0,91.1,8.8
20151128153634,0.0,0.0,0.1,0.2,0.0,0.0,80.7,19.1
20151128153704,0.0,0.0,0.1,0.4,0.0,0.0,79.5,20.0
20151128153734,0.0,0.0,0.1,0.6,0.0,0.0,24.9,74.4
20151128153804,0.0,0.0,0.1,0.4,0.0,0.0,58.6,40.9
20151128153834,0.0,0.0,0.5,2.1,0.0,0.0,56.1,41.3
20151128153904,0.0,0.0,0.0,0.7,0.0,0.0,92.4,6.9
20151128153934,0.0,0.0,0.0,0.9,0.0,0.0,90.4,8.7
20151128154004,0.0,0.0,0.0,6.9,0.0,0.0,77.2,15.9
20151128154034,0.0,0.0,0.0,0.0,0.0,0.0,100.0,0.0
20151128154104,0.0,0.0,0.0,0.2,0.0,0.0,99.5,0.3
20151128154134,0.0,0.0,0.0,0.1,0.0,0.0,97.2,2.7
20151128154204,0.0,0.0,0.0,46.7,0.0,0.0,44.2,9.1
20151128154234,0.0,0.0,0.0,5.5,0.1,0.0,1.6,92.8
20151128154304,0.0,0.0,0.0,2.3,0.0,0.0,0.5,97.2
20151128154334,0.0,0.0,0.0,1.4,0.0,0.0,5.8,92.8
20151128154404,0.0,0.0,0.0,0.0,0.0,0.0,13.3,86.7
20151128154434,0.0,0.0,0.0,0.4,0.0,0.0,71.4,28.2
20151128154504,0.0,0.0,0.0,0.1,0.0,0.0,28.0,71.9
20151128154534,0.0,0.0,0.0,0.0,0.0,0.0,10.7,89.2
20151128154604,0.0,0.0,0.0,0.2,0.0,0.0,36.3,63.5
20151128154634,0.0,0.0,0.0,0.0,0.0,0.0,69.5,30.5
20151128154704,0.0,0.0,0.0,0.0,0.0,0.0,4.1,95.9
20151128154734,0.0,0.0,0.0,0.0,0.0,0.0,64.1,35.9
20151128154804,0.0,0.0,0.0,0.0,0.0,0.0,98.2,1.8
20151128154834,0.0,0.0,0.0,0.0,0.0,0.0,57.9,42.1
20151128154904,0.0,0.0,0.0,0.0,0.0,0.0,71.2,28.8
20151128154934,0.0,0.0,0.0,0.0,0.0,0.0,76.1,23.9
20151128155004,0.0,0.0,0.0,0.0,0.0,0.0,68.7,31.2
20151128155034,0.0,0.0,0.0,0.0,0.0,0.0,99.7,0.3
20151128155104,0.0,0.0,0.0,0.0,0.0,0.0,99.9,0.1
20151128155134,0.0,0.0,0.0,0.0,0.0,0.0,94.8,5.1
20151128155204,0.0,0.0,0.0,0.0,0.0,0.0,99.8,0.2
20151128155234,0.0,0.0,0.0,0.1,0.0,0.0,98.8,1.1
20151128155304,0.0,0.0,0.0,0.0,0.0,0.0,99.7,0.3
20151128155334,0.0,0.0,0.0,0.0,0.0,0.0,98.3,1.7
20151128155405,0.0,0.0,0.0,0.0,0.0,0.0,85.8,14.2
20151128155435,0.0,0.0,0.0,0.0,0.0,0.0,70.0,30.0
20151128155505,0.0,0.0,0.0,0.0,0.0,0.0,86.7,13.3
20151128155535,0.0,0.0,0.0,0.0,0.0,0.0,99.5,0.5
20151128155605,0.0,0.0,0.0,0.0,0.0,0.0,16.5,83.5
20151128155635,0.0,0.0,0.0,0.0,0.0,0.0,0.0,100.0
20151128155705,0.0,0.0,0.0,0.0,0.0,0.0,4.6,95.4
20151128155735,0.0,0.0,0.0,0.0,0.0,0.0,99.7,0.3
20151128155805,0.0,0.0,0.0,0.0,0.0,0.0,90.0,10.0
20151128155835,0.0,0.0,0.0,0.0,0.0,0.0,54.9,45.1
20151128155905,0.0,0.0,0.0,0.1,0.0,0.0,96.1,3.8
20151128155935,0.0,0.0,0.0,0.0,0.0,0.0,95.8,4.2
20151128160005,0.0,0.0,0.0,0.2,0.0,0.0,57.3,42.5
20151128160035,0.0,0.0,0.0,0.1,0.0,0.0,89.5,10.4
20151128160105,0.0,0.0,0.0,0.0,0.0,0.0,89.9,10.0
20151128160135,0.0,0.0,0.0,0.0,0.0,0.0,99.3,0.7
20151128160205,0.0,0.0,0.0,0.0,0.0,0.0,100.0,0.0
20151128160235,0.0,0.0,0.0,0.0,0.0,0.0,100.0,0.0
20151128160305,0.0,0.0,0.0,0.0,0.0,0.0,87.5,12.5
20151128160335,0.0,0.0,0.0,0.1,0.0,0.0,24.5,75.4
20151128160405,0.0,0.0,0.0,0.1,0.0,0.0,2.7,97.2
20151128160435,0.0,0.0,0.0,0.0,0.0,0.0,4.7,95.3
20151128160505,0.0,0.0,0.0,0.0,0.0,0.0,2.1,97.9
20151128160535,0.0,0.0,0.0,0.0,0.0,0.0,25.7,74.3
20151128160605,0.0,0.0,0.0,0.0,0.0,0.0,39.9,60.1
20151128160635,0.0,0.0,0.0,0.0,0.0,0.0,12.9,87.1
20151128160705,0.0,0.0,0.0,0.0,0.0,0.0,21.3,78.7
20151128160735,0.0,0.0,0.0,0.0,0.0,0.0,71.8,28.2
20151128160805,0.0,0.0,0.0,0.0,0.0,0.0,87.5,12.5
20151128160835,0.0,0.0,0.0,0.1,0.0,0.0,61.7,38.2
20151128160905,0.0,0.0,0.0,0.0,0.0,0.0,82.0,18.0
20151128160935,0.0,0.0,0.0,0.0,0.0,0.0,90.2,9.8
20151128161005,0.0,0.0,0.0,0.0,0.0,0.0,29.3,70.7
20151128161035,0.0,0.0,0.0,0.0,0.0,0.0,85.0,15.0
20151128161105,0.0,0.0,0.0,0.0,0.0,0.0,99.2,0.8
20151128161135,0.0,0.0,0.0,0.1,0.0,0.0,51.5,48.4
20151128161205,0.0,0.0,0.0,0.0,0.0,0.0,29.3,70.6
20151128161235,0.0,0.0,0.0,0.1,0.0,0.0,3.1,96.7
20151128161305,0.0,0.0,0.0,0.1,0.0,0.0,0.7,99.2
20151128161335,0.0,0.0,0.0,1.2,0.0,0.0,1.9,96.9
20151128161405,0.0,0.0,0.0,1.1,0.0,0.0,1.1,97.8
20151128161435,0.0,0.1,0.9,24.3,0.1,0.0,15.9,58.7
20151128161505,0.0,0.0,0.0,1.0,0.0,0.0,50.2,48.7
20151128161535,0.0,0.0,0.0,0.0,0.0,0.0,18.2,81.8
20151128161605,0.0,0.0,0.0,0.0,0.0,0.0,25.7,74.3
20151128161635,0.0,0.0,0.0,0.3,0.0,0.0,22.6,77.0
20151128161705,0.0,0.0,0.0,0.2,0.0,0.0,75.4,24.4
20151128161735,0.0,0.0,0.0,0.0,0.0,0.0,81.9,18.1
20151128161805,0.0,0.0,0.0,0.0,0.0,0.0,87.9,12.1
20151128161835,0.0,0.0,0.0,0.0,0.0,0.0,73.1,26.9
20151128161905,0.0,0.0,0.0,0.2,0.0,0.0,89.8,10.0
20151128161935,0.0,0.0,0.0,0.0,0.0,0.0,26.6,73.3
20151128162005,0.0,0.0,0.0,0.0,0.0,0.0,75.5,24.4
20151128162035,0.0,0.0,0.0,0.8,0.0,0.0,39.3,59.8
20151128162105,0.0,0.0,0.0,0.6,0.0,0.0,70.4,29.0
20151128162135,0.0,0.0,0.0,1.9,0.0,0.0,8.1,90.0
20151128162205,0.0,0.0,0.0,0.8,0.0,0.0,6.4,92.8
20151128162235,0.0,0.0,0.0,0.0,0.0,0.0,0.8,99.2
20151128162305,0.0,0.0,0.0,0.0,0.0,0.0,5.6,94.4
20151128162335,0.0,0.0,0.0,0.1,0.0,0.0,2.9,97.0
20151128162405,0.1,0.0,0.1,1.2,0.0,0.1,7.1,91.4
20151128162435,0.0,0.0,0.3,0.6,0.0,0.0,9.6,89.4
20151128162505,0.0,0.0,0.0,0.2,0.0,0.0,5.9,93.9
20151128162535,0.0,0.0,0.0,2.8,0.0,0.0,15.6,81.6
20151128162605,0.0,0.0,0.0,1.0,0.0,0.0,1.7,97.2
20151128162635,0.0,0.0,0.0,0.4,0.0,0.0,0.5,99.0
20151128162705,0.0,0.0,0.0,0.2,0.0,0.0,0.1,99.8
20151128162735,0.0,0.0,0.0,0.2,0.0,0.0,0.5,99.3
20151128162805,0.0,0.0,0.0,0.1,0.0,0.0,0.5,99.4
20151128162836,0.0,0.0,0.0,1.7,0.0,0.0,0.4,97.8
20151128162906,0.0,0.0,0.0,0.6,0.0,0.0,1.1,98.2
20151128162936,0.0,0.0,0.0,12.5,0.1,0.0,3.0,84.4
20151128163006,0.0,0.0,0.0,0.2,0.0,0.0,0.6,99.0
20151128163036,0.0,0.0,0.1,0.0,0.1,0.0,0.2,99.6
20151128163106,0.0,0.0,0.3,1.7,0.4,0.4,11.8,85.5
20151128163136,0.1,0.0,0.2,0.6,0.4,0.5,17.2,81.0
20151128163206,0.0,0.1,0.3,0.4,0.4,0.1,19.3,79.4
20151128163236,0.1,0.1,0.1,1.9,0.4,0.1,14.5,82.8
20151128163306,0.3,0.0,0.6,2.4,0.4,0.6,89.1,6.4
20151128163336,0.1,0.0,0.1,1.2,0.1,0.0,60.0,38.4
20151128163406,0.0,0.0,0.0,0.1,0.0,0.0,58.4,41.4
20151128163436,0.0,0.0,0.0,0.0,0.0,0.0,80.2,19.8
20151128163506,0.0,0.0,0.0,0.0,0.0,0.0,74.9,25.1
20151128163536,0.0,0.0,0.0,0.0,0.1,0.0,74.8,25.1
20151128163606,0.0,0.0,0.0,0.1,0.1,0.0,51.7,48.2
20151128163636,0.0,0.0,0.0,0.1,0.5,0.0,10.1,89.3
20151128163706,0.1,0.0,0.2,16.7,1.6,0.0,35.3,46.1
20151128163736,0.0,0.0,0.0,2.2,0.4,0.0,46.6,50.6
20151128163806,0.0,0.0,0.0,0.2,0.0,0.0,19.6,80.1
20151128163836,0.0,0.0,0.0,0.1,0.2,0.0,6.0,93.7
20151128163906,0.0,0.0,0.0,0.3,0.6,0.0,1.6,97.5
20151128163936,0.2,0.0,0.1,0.7,0.5,0.3,54.4,43.8
20151128164006,0.0,0.0,0.0,0.1,0.0,0.0,31.1,68.8
20151128164036,0.1,0.0,0.0,0.4,0.1,0.0,4.9,94.4
20151128164106,0.0,0.0,0.0,0.1,0.1,0.0,11.4,88.4
20151128164136,0.1,0.0,0.0,0.2,0.3,0.2,21.2,78.0
20151128164206,0.0,0.0,0.1,0.3,0.2,0.0,1.7,97.8
20151128164236,0.0,0.0,0.0,0.2,0.2,0.0,1.8,97.8
20151128164306,0.0,0.0,0.1,20.2,1.0,0.0,5.6,73.2
20151128164336,0.0,0.0,0.1,3.0,0.1,0.0,3.7,93.1
20151128164406,0.0,0.0,0.0,0.8,0.0,0.0,2.2,96.9
20151128164436,0.0,0.0,0.0,0.9,0.1,0.0,0.6,98.4
20151128164506,0.0,0.0,0.0,0.0,0.0,0.0,0.3,99.7
20151128164536,0.0,0.0,0.0,0.2,0.0,0.0,0.1,99.7
20151128164606,0.0,0.0,0.0,0.2,0.0,0.0,0.2,99.6
20151128164636,0.0,0.0,0.0,0.2,0.0,0.0,0.3,99.5
20151128164706,0.0,0.0,0.0,0.5,0.0,0.0,1.7,97.8
20151128164736,0.0,0.0,0.0,1.6,0.1,0.0,1.4,96.9
20151128164806,0.0,0.0,0.0,0.6,0.0,0.0,1.4,98.0
20151128164836,0.0,0.0,0.0,0.0,0.0,0.0,0.1,99.9
20151128164906,0.0,0.0,0.0,0.0,0.0,0.0,0.9,99.1
20151128164936,0.0,0.0,0.0,0.3,0.0,0.0,11.2,88.6
20151128165006,0.0,0.0,0.0,0.1,0.0,0.0,3.2,96.7
20151128165036,0.0,0.0,0.0,0.1,0.0,0.0,5.1,94.8
20151128165106,0.0,0.0,0.0,0.1,0.0,0.0,19.5,80.4
20151128165136,0.0,0.0,0.0,0.0,0.0,0.0,1.6,98.3
20151128165206,0.0,0.0,0.0,2.0,0.0,0.0,7.7,90.3
20151128165236,0.0,0.0,0.0,0.1,0.0,0.0,0.9,99.0
20151128165306,0.0,0.0,0.0,0.3,0.0,0.0,0.3,99.4
20151128165336,0.0,0.0,0.3,1.5,0.0,0.0,3.8,94.2
20151128165406,0.0,0.0,0.0,0.0,0.0,0.0,0.6,99.3
20151128165436,0.0,0.0,0.0,0.6,0.1,0.0,0.4,98.8
20151128165506,0.0,0.1,0.0,0.0,0.0,0.0,0.0,99.8
20151128165537,0.0,0.0,0.0,0.0,0.0,0.0,0.0,100.0
20151128165607,0.0,0.0,0.0,0.1,0.0,0.0,0.0,99.9
20151128165637,0.0,0.0,0.0,0.2,0.0,0.0,0.0,99.7
20151128165707,0.0,0.0,0.0,0.0,0.0,0.1,0.0,99.8
20151128165737,0.0,0.0,0.0,0.1,0.0,0.0,0.0,99.9
20151128165807,0.0,0.1,0.0,0.3,0.0,0.1,0.0,99.4
20151128165837,0.0,0.0,0.0,0.1,0.0,0.1,0.1,99.7
20151128165907,0.0,0.0,0.0,1.2,0.1,1.3,0.1,97.3
20151128165937,0.0,0.0,0.0,0.2,0.1,0.1,0.0,99.5
20151128170007,0.0,0.0,0.0,0.5,0.0,0.0,0.2,99.2
20151128170037,0.0,0.0,0.0,0.7,0.7,0.1,3.3,95.2
20151128170107,0.0,0.0,0.0,0.1,0.0,0.0,0.6,99.3
20151128170137,0.0,0.0,0.0,0.0,0.0,0.0,0.1,99.9
20151128170207,0.0,0.0,0.0,0.0,0.3,0.0,0.5,99.2
20151128170237,0.0,0.0,0.0,0.0,0.3,0.0,1.2,98.4
20151128170307,0.0,0.0,0.0,0.0,0.1,0.0,0.6,99.3
20151128170337,0.0,0.0,0.0,0.0,0.0,0.0,1.7,98.3
20151128170407,0.0,0.0,0.0,0.0,0.2,0.0,50.2,49.6
20151128170437,0.0,0.0,0.0,0.0,0.0,0.0,0.4,99.6
20151128170507,0.0,0.0,0.0,0.0,0.0,0.0,10.0,90.0
20151128170537,0.0,0.0,0.0,0.0,0.0,0.0,98.1,1.9
20151128170607,0.0,0.0,0.0,0.0,0.0,0.0,91.0,8.9
20151128170637,0.0,0.0,0.0,0.1,0.0,0.0,62.2,37.7
20151128170707,0.0,0.0,0.0,0.1,0.0,0.0,22.3,77.6
20151128170737,0.0,0.0,0.0,0.6,0.0,0.0,15.2,84.2
20151128170807,0.0,0.0,0.0,0.1,0.0,0.0,15.1,84.8
20151128170837,0.0,0.0,0.0,0.1,0.0,0.0,0.8,99.1
20151128170907,0.0,0.0,0.0,0.1,0.0,0.0,43.2,56.6
20151128170937,0.0,0.0,0.0,0.0,0.0,0.0,6.8,93.2
20151128171007,0.0,0.0,0.0,0.0,0.0,0.0,1.4,98.6
20151128171037,0.0,0.0,0.0,0.0,0.0,0.0,0.1,99.9
20151128171107,0.0,0.0,0.0,0.0,0.0,0.0,0.0,100.0
20151128171137,0.0,0.0,0.0,0.0,0.0,0.0,0.0,100.0
20151128171207,0.0,0.0,0.0,0.0,0.0,0.0,1.9,98.1
20151128171237,0.0,0.0,0.0,0.0,0.0,0.0,6.2,93.8
20151128171307,0.0,0.0,0.0,0.0,0.0,0.0,22.4,77.6
20151128171337,0.0,0.0,0.0,0.0,0.0,0.0,1.5,98.5
20151128171407,0.0,0.0,0.0,0.0,0.0,0.0,10.5,89.5
20151128171437,0.0,0.0,0.0,0.0,0.0,0.0,0.4,99.6
20151128171507,0.0,0.0,0.0,0.0,0.0,0.0,5.3,94.7
20151128171537,0.0,0.0,0.0,0.0,0.0,0.0,20.2,79.8
20151128171607,0.0,0.0,0.0,0.0,0.0,0.0,2.5,97.4
20151128171637,0.0,0.1,0.0,0.1,0.0,0.0,30.6,69.2
20151128171707,0.0,0.0,0.0,0.0,0.0,0.0,3.0,97.0
20151128171737,0.0,0.0,0.0,0.0,0.0,0.0,8.0,91.9
20151128171807,0.0,0.0,0.0,0.0,0.0,0.0,4.0,95.9
20151128171837,0.0,0.0,0.0,0.0,0.0,0.0,1.0,98.9
20151128171907,0.0,0.0,0.0,0.0,0.0,0.0,31.8,68.1
20151128171937,0.0,0.0,0.0,0.0,0.0,0.0,10.8,89.2
20151128172007,0.0,0.0,0.0,0.0,0.0,0.0,87.2,12.8
20151128172037,0.0,0.0,0.0,0.0,0.0,0.0,61.2,38.8
20151128172107,0.0,0.0,0.0,0.0,0.0,0.0,13.3,86.6
20151128172137,0.0,0.0,0.0,0.0,0.0,0.0,6.1,93.9
20151128172207,0.0,0.0,0.0,0.0,0.0,0.0,8.6,91.3
20151128172237,0.0,0.0,0.0,0.1,0.0,0.0,7.4,92.5
20151128172307,0.0,0.2,0.0,0.1,0.0,0.0,29.9,69.9
20151128172337,0.0,0.0,0.0,0.3,0.0,0.0,3.7,95.9
20151128172407,0.0,0.0,0.0,0.5,0.0,0.0,1.8,97.7
20151128172437,0.0,0.0,0.0,0.0,0.0,0.0,0.2,99.8
20151128172507,0.0,0.0,0.0,0.0,0.0,0.0,6.2,93.8
20151128172537,0.0,0.0,0.0,0.0,0.0,0.0,0.8,99.2
20151128172607,0.0,0.0,0.0,0.0,0.0,0.0,6.9,93.1
20151128172637,0.0,0.0,0.0,0.0,0.0,0.0,1.9,98.1
20151128172707,0.0,0.0,0.0,0.0,0.0,0.0,0.5,99.5
20151128172737,0.0,0.0,0.0,0.0,0.0,0.0,4.2,95.8
20151128172807,0.0,0.0,0.0,0.0,0.0,0.0,7.8,92.2
20151128172837,0.0,0.0,0.0,0.0,0.0,0.0,8.9,91.0
20151128172907,0.0,0.0,0.0,0.0,0.0,0.0,13.6,86.4
20151128172937,0.0,0.0,0.0,0.1,0.0,0.0,30.0,70.0
20151128173007,0.0,0.0,0.0,0.1,0.0,0.0,73.2,26.8
20151128173038,0.0,0.0,0.0,0.0,0.0,0.0,23.1,76.9
20151128173108,0.0,0.0,0.0,0.0,0.0,0.0,26.9,73.1
20151128173138,0.0,0.0,0.0,0.0,0.0,0.0,35.8,64.1
20151128173208,0.0,0.0,0.0,0.1,0.0,0.0,41.9,58.0
20151128173238,0.0,0.0,0.0,0.0,0.0,0.0,71.2,28.8
20151128173308,0.0,0.0,0.0,0.0,0.0,0.0,11.4,88.6
20151128173338,0.0,0.0,0.0,0.0,0.0,0.0,45.2,54.8
20151128173408,0.0,0.0,0.0,0.0,0.0,0.0,60.9,39.1
20151128173438,0.0,0.0,0.0,0.0,0.0,0.0,36.9,63.1
20151128173508,0.0,0.0,0.0,0.0,0.0,0.0,16.2,83.8
20151128173538,0.0,0.0,0.0,0.0,0.0,0.0,82.1,17.9
20151128173608,0.0,0.0,0.0,0.1,0.0,0.0,65.4,34.5
20151128173638,0.0,0.0,0.0,0.0,0.0,0.0,51.4,48.5
20151128173708,0.0,0.0,0.0,0.1,0.0,0.0,47.5,52.5
20151128173738,0.0,0.1,0.0,0.4,0.0,0.0,32.9,66.7
20151128173808,0.0,0.0,0.0,0.1,0.0,0.0,14.8,85.1
20151128173838,0.0,0.0,0.0,0.1,0.0,0.0,5.6,94.3
20151128173908,0.0,0.2,0.0,0.1,0.0,0.0,6.3,93.4
20151128173938,0.0,0.0,0.0,0.3,0.0,0.0,8.3,91.3
20151128174008,0.0,0.0,0.0,0.3,0.0,0.0,7.7,92.0
20151128174038,0.0,0.0,0.0,0.0,0.0,0.0,2.1,97.8
20151128174108,0.0,0.1,0.0,0.6,0.0,0.0,2.4,96.9
20151128174138,0.0,0.0,0.0,0.0,0.0,0.0,0.3,99.7
20151128174208,0.0,0.0,0.0,0.1,0.0,0.0,4.6,95.2
20151128174238,0.0,0.0,0.0,0.0,0.0,0.0,28.5,71.5
20151128174308,0.0,0.0,0.0,0.0,0.0,0.0,4.3,95.7
20151128174338,0.0,0.0,0.0,0.0,0.0,0.0,10.3,89.7
20151128174408,0.0,0.2,0.0,0.1,0.0,0.0,7.6,92.1
20151128174438,0.0,0.0,0.0,0.1,0.0,0.0,45.8,54.1
20151128174508,0.0,0.0,0.0,0.2,0.0,0.0,11.6,88.1
20151128174538,0.0,0.0,0.0,0.5,0.0,0.0,14.4,85.1
20151128174608,0.0,0.0,0.0,0.4,0.0,0.0,43.5,56.0
20151128174638,0.0,0.0,0.0,0.1,0.0,0.0,90.7,9.2
20151128174708,0.0,0.0,0.0,0.0,0.0,0.0,96.6,3.4
20151128174738,0.0,0.0,0.0,0.0,0.0,0.0,90.6,9.3
20151128174808,0.0,0.0,0.0,0.0,0.0,0.0,87.4,12.6
20151128174838,0.0,0.0,0.0,0.0,0.0,0.0,59.3,40.7
20151128174908,0.0,0.0,0.0,0.0,0.0,0.0,24.7,75.3
20151128174938,0.0,0.0,0.0,0.0,0.0,0.0,34.5,65.5
20151128175008,0.0,0.0,0.0,0.0,0.0,0.0,21.4,78.6
20151128175038,0.0,0.0,0.0,0.0,0.0,0.0,29.9,70.1
20151128175108,0.0,0.0,0.0,0.0,0.0,0.0,64.4,35.5
20151128175138,0.0,0.0,0.0,0.0,0.0,0.0,97.4,2.5
20151128175208,0.0,0.0,0.0,0.1,0.0,0.0,27.3,72.6
20151128175238,0.0,0.1,0.0,0.5,0.1,0.0,50.6,48.8
20151128175308,0.0,0.0,0.0,0.3,0.0,0.0,74.9,24.8
20151128175338,0.0,0.0,0.0,0.8,0.0,0.0,55.7,43.4
20151128175408,0.0,0.1,0.0,4.2,0.1,0.0,52.9,42.7
20151128175438,0.0,0.2,0.0,5.3,0.1,0.0,35.1,59.3
20151128175508,0.0,0.0,0.0,0.5,0.0,0.0,33.4,66.0
20151128175538,0.0,0.0,0.0,0.1,0.0,0.0,3.9,96.1
20151128175608,0.0,0.0,0.0,0.2,0.0,0.0,15.2,84.6
20151128175638,0.0,0.0,0.0,0.1,0.0,0.0,10.4,89.5
20151128175708,0.0,0.3,0.0,0.7,0.0,0.0,42.7,56.3
20151128175738,0.0,0.2,0.0,7.2,0.0,0.0,36.3,56.2
20151128175808,0.0,0.1,0.0,0.8,0.0,0.0,66.7,32.3
20151128175838,0.0,0.0,0.0,2.1,0.0,0.0,47.6,50.3
20151128175908,0.0,0.0,0.0,2.4,0.0,0.0,47.1,50.5
20151128175938,0.0,0.0,0.0,0.7,0.0,0.0,2.0,97.3
20151128180008,0.0,0.1,0.0,0.4,0.0,0.0,23.4,76.1
20151128180038,0.0,0.1,0.0,1.3,0.0,0.0,10.5,88.1
20151128180108,0.0,0.0,0.0,0.2,0.0,0.0,76.3,23.5
20151128180138,0.0,0.0,0.0,1.0,0.0,0.0,18.2,80.7
20151128180208,0.0,0.6,0.0,0.5,0.2,0.0,5.2,93.4
20151128180238,0.0,0.1,0.0,0.1,0.1,0.0,73.7,26.0
20151128180308,0.0,0.0,0.0,0.1,0.0,0.0,84.9,14.9
20151128180338,0.0,0.0,0.0,0.1,0.0,0.0,83.1,16.8
20151128180408,0.0,0.0,0.0,0.0,0.0,0.0,88.5,11.4
20151128180439,0.0,0.0,0.0,0.1,0.0,0.0,74.7,25.2
20151128180509,0.0,0.0,0.0,0.0,0.0,0.0,16.0,84.0
20151128180539,0.0,0.0,0.0,0.0,0.0,0.0,14.3,85.7
20151128180609,0.0,0.0,0.0,0.2,0.0,0.0,0.9,98.9
20151128180639,0.0,0.0,0.0,0.0,0.0,0.0,0.1,99.9
20151128180709,0.0,0.0,0.0,0.1,0.0,0.0,2.6,97.3
20151128180739,0.0,0.0,0.0,0.0,0.0,0.0,2.1,97.9
20151128180809,0.0,0.0,0.0,0.0,0.0,0.0,0.6,99.4
20151128180839,0.0,0.0,0.0,0.0,0.0,0.0,0.1,99.9
20151128180909,0.0,0.0,0.0,0.0,0.0,0.0,0.0,100.0
20151128180939,0.0,0.0,0.0,0.0,0.0,0.0,0.0,100.0
20151128181009,0.0,0.0,0.0,0.0,0.0,0.0,0.1,99.9
20151128181039,0.0,0.0,0.0,0.0,0.0,0.0,0.3,99.7
20151128181109,0.0,0.0,0.0,0.0,0.0,0.0,0.0,100.0
20151128181139,0.0,0.0,0.0,0.0,0.0,0.0,0.2,99.8
20151128181209,0.0,0.0,0.0,0.0,0.0,0.0,10.2,89.8
20151128181239,0.0,0.0,0.0,0.0,0.0,0.0,94.0,6.0
20151128181309,0.0,0.0,0.0,0.0,0.0,0.0,86.1,13.9
20151128181339,0.0,0.0,0.0,0.0,0.0,0.0,95.1,4.9
20151128181409,0.0,0.0,0.0,0.0,0.0,0.0,89.2,10.8
20151128181439,0.0,0.0,0.0,0.0,0.0,0.0,6.4,93.6
20151128181509,0.0,0.0,0.0,0.0,0.0,0.0,0.7,99.3
20151128181539,0.0,0.0,0.0,0.0,0.0,0.0,0.7,99.3
20151128181609,0.0,0.0,0.0,0.0,0.0,0.0,30.1,69.9
20151128181639,0.0,0.0,0.0,0.0,0.0,0.0,42.2,57.8
20151128181709,0.0,0.0,0.0,0.0,0.0,0.0,1.1,98.9
20151128181739,0.0,0.0,0.0,0.0,0.0,0.0,56.5,43.5
20151128181809,0.0,0.0,0.0,0.0,0.0,0.0,7.4,92.6
20151128181839,0.0,0.0,0.0,0.0,0.0,0.0,1.9,98.1
20151128181909,0.0,0.0,0.0,0.0,0.0,0.0,10.2,89.8
20151128181939,0.0,0.0,0.0,0.0,0.0,0.0,65.1,34.9
20151128182009,0.0,0.0,0.0,0.0,0.0,0.0,42.7,57.2
20151128182039,0.0,0.0,0.0,0.0,0.0,0.0,79.4,20.6
20151128182109,0.0,0.0,0.0,0.2,0.0,0.0,31.7,68.1
20151128182139,0.0,0.0,0.0,0.0,0.0,0.0,50.8,49.2
20151128182209,0.0,0.0,0.0,0.0,0.0,0.0,91.5,8.5
20151128182239,0.0,0.0,0.0,0.0,0.0,0.0,99.9,0.1
20151128182309,0.0,0.0,0.0,0.0,0.0,0.0,99.7,0.3
20151128182339,0.0,0.0,0.0,0.0,0.0,0.0,98.9,1.1
20151128182409,0.0,0.0,0.0,0.0,0.0,0.0,75.2,24.8
20151128182439,0.0,0.0,0.0,0.0,0.0,0.0,54.6,45.3
20151128182509,0.0,0.0,0.0,0.0,0.0,0.0,4.4,95.6
20151128182539,0.0,0.0,0.0,0.0,0.0,0.0,36.0,63.9
20151128182609,0.0,0.3,0.0,0.3,0.0,0.0,15.2,84.1
20151128182639,0.0,0.1,0.0,0.3,0.0,0.0,66.1,33.6
20151128182709,0.0,0.0,0.0,0.5,0.0,0.0,76.8,22.6
20151128182739,0.0,0.0,0.0,0.8,0.0,0.0,18.2,81.0
20151128182809,0.0,0.0,0.0,0.0,0.0,0.0,4.9,95.0
20151128182839,0.0,0.0,0.0,0.2,0.1,0.0,10.6,89.1
20151128182909,0.0,0.0,0.0,0.2,0.1,0.0,39.1,60.7
20151128182939,0.0,0.0,0.0,0.0,0.0,0.0,76.8,23.2
20151128183009,0.0,0.0,0.0,0.0,0.1,0.0,20.4,79.5
20151128183039,0.0,0.1,0.0,0.0,0.2,0.0,62.4,37.3
20151128183109,0.0,5.6,0.2,0.1,0.6,0.0,49.2,44.2
20151128183139,0.0,0.3,0.0,0.0,1.0,0.0,5.9,92.8
20151128183210,0.0,3.3,0.1,0.2,3.4,0.0,2.1,90.8
20151128183240,0.0,2.0,0.0,0.0,0.2,0.0,0.9,96.8
20151128183310,0.0,0.1,0.0,1.2,0.1,0.0,6.9,91.7
20151128183340,0.0,0.1,0.0,0.0,0.0,0.0,8.0,91.9
20151128183410,0.0,0.0,0.0,0.0,0.0,0.0,26.4,73.5
20151128183440,0.0,0.0,0.0,0.0,0.3,0.0,9.0,90.6
20151128183510,0.0,0.0,0.0,0.0,0.2,0.0,32.8,67.0
20151128183540,0.0,0.0,0.0,0.0,0.0,0.0,13.3,86.7
20151128183610,0.0,0.0,0.0,0.1,0.1,0.0,32.0,67.8
20151128183640,0.0,0.3,0.0,0.1,0.0,0.0,55.8,43.8
20151128183710,0.0,0.0,0.0,0.0,0.0,0.0,24.5,75.5
20151128183740,0.0,0.0,0.0,0.0,0.0,0.0,53.4,46.6
20151128183810,0.0,0.1,0.0,0.0,0.0,0.0,84.7,15.2
20151128183840,0.0,0.0,0.0,0.0,0.0,0.0,69.3,30.7
20151128183910,0.0,0.0,0.0,0.0,0.0,0.0,78.5,21.4
20151128183940,0.0,0.0,0.0,0.0,0.0,0.0,44.7,55.3
20151128184010,0.0,0.0,0.0,0.0,0.0,0.0,7.7,92.3
20151128184040,0.0,0.0,0.0,0.0,0.0,0.0,41.1,58.9
20151128184110,0.0,0.0,0.0,0.0,0.0,0.0,65.2,34.8
20151128184140,0.0,0.0,0.0,0.0,0.0,0.0,38.5,61.5
20151128184210,0.0,0.0,0.0,0.0,0.0,0.0,11.6,88.4
20151128184240,0.0,0.0,0.0,0.0,0.0,0.0,7.0,93.0
20151128184310,0.0,0.0,0.0,0.0,0.0,0.0,69.4,30.6
20151128184340,0.0,0.0,0.0,0.0,0.0,0.0,45.7,54.3
20151128184410,0.0,0.0,0.0,0.0,0.0,0.0,65.2,34.8
20151128184440,0.0,0.0,0.0,0.0,0.0,0.0,24.5,75.5
20151128184510,0.0,0.0,0.0,0.0,0.0,0.0,17.5,82.4
20151128184540,0.0,0.0,0.0,0.0,0.0,0.0,65.5,34.5
20151128184610,0.0,0.0,0.0,0.0,0.0,0.0,36.5,63.5
20151128184640,0.0,0.0,0.0,0.0,0.0,0.0,55.6,44.4
20151128184710,0.0,0.0,0.0,0.0,0.0,0.0,46.0,54.0
20151128184740,0.0,0.0,0.0,0.0,0.0,0.0,52.6,47.4
20151128184810,0.0,0.0,0.0,0.0,0.0,0.0,51.9,48.1
20151128184840,0.0,0.0,0.0,0.0,0.0,0.0,46.6,53.4
20151128184910,0.0,0.0,0.0,0.0,0.0,0.0,59.5,40.5
20151128184940,0.0,0.0,0.0,0.0,0.0,0.0,93.6,6.4
20151128185010,0.0,0.0,0.0,0.0,0.0,0.0,35.9,64.1
20151128185040,0.0,0.0,0.0,0.0,0.0,0.0,84.6,15.4
20151128185110,0.0,0.0,0.0,0.0,0.0,0.0,69.1,30.9
20151128185140,0.0,0.0,0.0,0.1,0.0,0.0,81.4,18.5
20151128185210,0.0,0.0,0.0,0.0,0.0,0.0,70.2,29.8
20151128185240,0.0,0.3,0.0,0.0,0.0,0.0,73.1,26.6
20151128185310,0.0,0.0,0.0,0.0,0.0,0.0,8.3,91.7
20151128185340,0.0,0.0,0.0,0.0,0.0,0.0,13.2,86.8
20151128185410,0.0,0.0,0.0,0.0,0.0,0.0,56.6,43.4
20151128185440,0.0,0.0,0.0,0.0,0.0,0.0,59.2,40.8
20151128185510,0.0,0.0,0.0,0.0,0.0,0.0,79.7,20.3
20151128185540,0.0,0.0,0.0,0.0,0.0,0.0,63.6,36.4
20151128185610,0.0,0.0,0.0,0.0,0.0,0.0,84.3,15.7
20151128185640,0.0,0.0,0.0,0.0,0.0,0.0,76.9,23.1
20151128185710,0.0,0.0,0.0,0.0,0.0,0.0,92.0,8.0
20151128185740,0.0,0.0,0.0,0.0,0.0,0.0,66.5,33.5
20151128185810,0.0,0.0,0.0,0.0,0.0,0.0,52.1,47.9
20151128185840,0.0,0.0,0.0,0.0,0.0,0.0,43.6,56.3
20151128185910,0.0,0.0,0.0,0.0,0.0,0.0,49.8,50.2
20151128185940,0.0,0.0,0.0,0.0,0.0,0.0,96.8,3.2
20151128190010,0.0,0.0,0.0,0.0,0.0,0.0,5.6,94.4
20151128190040,0.0,0.0,0.0,0.0,0.0,0.0,18.0,81.9
20151128190110,0.0,0.0,0.0,0.0,0.0,0.0,43.7,56.3
20151128190140,0.0,0.0,0.0,0.0,0.0,0.0,6.1,93.9
20151128190210,0.0,0.0,0.0,0.0,0.0,0.0,17.5,82.5
20151128190240,0.0,0.0,0.0,0.0,0.0,0.0,6.7,93.3
20151128190310,0.0,0.0,0.0,0.0,0.0,0.0,46.9,53.0
20151128190340,0.0,0.0,0.0,0.0,0.0,0.0,15.8,84.2
20151128190410,0.0,0.0,0.0,0.0,0.0,0.0,34.3,65.7
20151128190440,0.0,0.0,0.0,0.0,0.0,0.0,14.6,85.3
20151128190510,0.0,0.0,0.0,0.0,0.0,0.0,2.4,97.6
20151128190540,0.0,0.0,0.0,0.0,0.0,0.0,56.2,43.8
20151128190611,0.0,0.0,0.0,0.0,0.0,0.0,3.6,96.4
20151128190641,0.0,0.0,0.0,0.0,0.0,0.0,1.3,98.7
20151128190711,0.0,0.0,0.0,0.1,0.0,0.0,61.9,38.1
20151128190741,0.0,0.0,0.0,0.0,0.0,0.0,86.4,13.6
20151128190811,0.0,0.0,0.0,0.0,0.0,0.0,73.4,26.6
20151128190841,0.0,0.0,0.0,0.0,0.0,0.0,82.0,18.0
20151128190911,0.0,0.0,0.0,0.0,0.0,0.0,0.5,99.5
20151128190941,0.0,0.0,0.0,0.0,0.0,0.0,73.3,26.6
20151128191011,0.0,0.0,0.0,0.0,0.0,0.0,99.1,0.9
20151128191041,0.0,0.0,0.0,0.0,0.0,0.0,98.3,1.7
20151128191111,0.0,0.0,0.0,0.0,0.0,0.0,72.1,27.9
20151128191141,0.0,0.0,0.0,0.0,0.0,0.0,89.3,10.7
20151128191211,0.0,0.0,0.0,0.0,0.0,0.0,93.7,6.3
20151128191241,0.0,0.0,0.0,0.0,0.0,0.0,86.7,13.3
20151128191311,0.0,0.0,0.0,0.0,0.0,0.0,63.0,36.9
20151128191341,0.0,0.0,0.0,0.0,0.0,0.0,78.6,21.4
20151128191411,0.0,0.0,0.0,0.0,0.0,0.0,52.4,47.6
20151128191441,0.0,0.0,0.0,0.0,0.0,0.0,32.2,67.7
20151128191511,0.0,0.2,0.0,0.0,0.1,0.0,32.9,66.9
20151128191541,0.0,0.2,0.0,0.0,0.0,0.0,86.2,13.5
20151128191611,0.0,0.0,0.0,0.0,0.0,0.0,1.1,98.9
20151128191641,0.0,0.1,0.0,0.0,0.2,0.0,70.9,28.8
20151128191711,0.0,0.0,0.0,0.0,0.0,0.0,7.8,92.2
20151128191741,0.0,0.0,0.0,0.0,0.0,0.0,14.1,85.9
20151128191811,0.0,0.0,0.0,0.0,0.0,0.0,10.4,89.6
20151128191841,0.0,0.0,0.0,0.0,0.0,0.0,60.9,39.1
20151128191911,0.0,0.0,0.0,0.0,0.0,0.0,71.4,28.6
20151128191941,0.0,0.0,0.0,0.0,0.0,0.0,40.9,59.1
20151128192011,0.0,0.0,0.0,0.0,0.0,0.0,99.1,0.9
20151128192041,0.0,0.0,0.0,0.0,0.0,0.0,96.5,3.5
20151128192111,0.0,0.0,0.0,0.0,0.0,0.0,96.0,4.0
20151128192141,0.0,0.0,0.0,0.0,0.0,0.0,98.4,1.6
20151128192211,0.0,0.0,0.0,0.0,0.0,0.0,98.8,1.2
20151128192241,0.0,0.0,0.0,0.0,0.0,0.0,95.1,4.9
20151128192311,0.0,0.0,0.0,0.0,0.0,0.0,99.3,0.7
20151128192341,0.0,0.0,0.0,0.0,0.0,0.0,99.2,0.8
20151128192411,0.0,0.0,0.0,0.0,0.0,0.0,99.3,0.7
20151128192441,0.0,0.0,0.0,0.0,0.0,0.0,99.5,0.5
20151128192511,0.0,0.0,0.0,0.0,0.0,0.0,100.0,0.0
20151128192541,0.0,0.0,0.0,0.0,0.0,0.0,98.8,1.2
20151128192611,0.0,0.0,0.0,0.0,0.0,0.0,89.8,10.2
20151128192641,0.0,0.0,0.0,0.0,0.0,0.0,98.1,1.9
20151128192711,0.0,0.0,0.0,0.0,0.0,0.0,98.8,1.2
20151128192741,0.0,0.0,0.0,0.0,0.0,0.0,99.0,1.0
20151128192811,0.0,0.0,0.0,0.0,0.0,0.0,97.7,2.3
20151128192841,0.0,0.0,0.0,0.0,0.0,0.0,96.1,3.9
20151128192911,0.0,0.0,0.0,0.0,0.0,0.0,97.8,2.2
20151128192941,0.0,0.0,0.0,0.0,0.0,0.0,89.7,10.3
20151128193011,0.0,0.0,0.0,0.0,0.0,0.0,97.9,2.1
20151128193041,0.0,0.0,0.0,0.0,0.0,0.0,98.8,1.2
20151128193111,0.0,0.0,0.0,0.0,0.0,0.0,97.6,2.4
20151128193141,0.0,0.0,0.0,0.0,0.0,0.0,97.3,2.7
20151128193211,0.0,0.0,0.0,0.1,0.0,0.0,99.3,0.6
20151128193241,0.0,0.0,0.0,0.3,0.0,0.0,91.4,8.3
20151128193311,0.0,0.0,0.0,0.3,0.0,0.0,73.4,26.3
20151128193341,0.0,0.0,0.0,0.2,0.1,0.0,73.0,26.7
20151128193411,0.0,0.0,0.0,0.0,0.0,0.0,65.7,34.3
20151128193441,0.0,0.0,0.0,0.0,0.0,0.0,90.7,9.3
20151128193511,0.0,0.0,0.0,0.0,0.0,0.0,87.2,12.8
20151128193541,0.0,0.0,0.0,0.0,0.0,0.0,94.0,6.0
20151128193611,0.0,0.0,0.0,0.0,0.0,0.0,88.9,11.0
20151128193641,0.0,0.0,0.0,0.0,0.2,0.0,60.0,39.8
20151128193711,0.0,0.0,0.0,0.0,0.0,0.0,91.4,8.6
20151128193741,0.0,0.0,0.0,0.0,0.0,0.0,91.0,9.0
20151128193811,0.0,0.0,0.0,0.0,0.0,0.0,95.9,4.0
20151128193841,0.0,0.0,0.0,0.0,0.0,0.0,95.7,4.3
20151128193911,0.0,0.0,0.0,1.1,0.0,0.0,74.8,24.0
20151128193941,0.0,0.1,0.1,1.1,0.1,0.0,85.5,13.2
20151128194012,0.0,0.0,0.0,0.1,0.0,0.0,97.8,2.0
20151128194042,0.0,0.1,0.0,0.1,0.1,0.0,77.4,22.3
20151128194112,0.0,0.1,0.0,0.7,0.2,0.0,71.1,27.8
20151128194142,0.0,0.0,0.0,0.1,0.0,0.0,98.4,1.4
20151128194212,0.0,0.0,0.0,0.3,0.0,0.0,95.3,4.3
20151128194242,0.0,0.0,0.0,0.0,0.0,0.0,97.1,2.8
20151128194312,0.0,0.0,0.0,0.0,0.0,0.0,98.8,1.2
20151128194342,0.0,0.0,0.0,0.0,0.1,0.0,98.2,1.7
20151128194412,0.0,0.0,0.0,0.0,0.0,0.0,99.7,0.2
20151128194442,0.0,0.0,0.0,0.0,0.0,0.0,98.7,1.3
20151128194512,0.0,0.0,0.0,0.0,0.0,0.0,92.0,8.0
20151128194542,0.0,0.0,0.0,0.0,0.0,0.0,95.0,4.9
20151128194612,0.0,0.0,0.0,0.0,0.0,0.0,99.5,0.5
20151128194642,0.0,0.0,0.0,0.1,0.0,0.0,98.9,1.0
20151128194712,0.0,0.0,0.0,0.0,0.0,0.0,91.0,9.0
20151128194742,0.0,0.0,0.0,0.0,0.1,0.0,97.6,2.3
20151128194812,0.0,0.0,0.0,0.0,0.1,0.0,94.6,5.2
20151128194842,0.0,0.0,0.0,0.0,0.0,0.0,99.9,0.1
20151128194912,0.0,0.0,0.0,0.0,0.1,0.0,93.1,6.7
20151128194942,0.0,0.0,0.0,0.0,0.1,0.0,78.4,21.4
20151128195012,0.0,0.0,0.0,0.0,0.0,0.0,99.2,0.8
20151128195042,0.0,0.0,0.0,0.0,0.1,0.0,90.3,9.6
20151128195112,0.0,0.0,0.0,0.0,0.1,0.0,91.6,8.3
20151128195142,0.0,0.0,0.0,0.1,0.4,0.0,86.9,12.6
20151128195212,0.0,0.0,0.0,0.0,0.1,0.0,85.5,14.4
20151128195242,0.0,0.0,0.0,0.0,0.0,0.0,75.0,25.0
20151128195312,0.0,0.0,0.0,0.0,0.0,0.0,86.6,13.3
20151128195342,0.0,0.0,0.0,0.0,0.0,0.0,78.5,21.5
20151128195412,0.0,0.0,0.0,0.0,0.0,0.0,74.8,25.2
20151128195442,0.0,0.0,0.0,0.0,0.0,0.0,77.7,22.3
20151128195512,0.0,0.0,0.0,0.0,0.0,0.0,94.8,5.2
20151128195542,0.0,0.1,0.0,0.0,0.0,0.0,57.3,42.6
20151128195612,0.0,0.0,0.0,0.0,0.0,0.0,52.4,47.5
20151128195642,0.0,0.1,0.0,0.0,0.0,0.0,93.1,6.8
20151128195712,0.0,0.0,0.0,0.0,0.0,0.0,69.0,31.0
20151128195742,0.0,0.0,0.0,0.0,0.0,0.0,95.8,4.2
20151128195812,0.0,0.0,0.0,0.0,0.0,0.0,97.2,2.7
20151128195842,0.0,0.0,0.0,0.0,0.0,0.0,93.4,6.6
20151128195912,0.0,0.0,0.0,0.0,0.0,0.0,99.5,0.5
20151128195942,0.0,0.0,0.0,0.0,0.0,0.0,92.9,7.1
20151128200012,0.0,0.0,0.0,0.0,0.0,0.0,84.5,15.5
20151128200042,0.0,0.0,0.0,0.0,0.0,0.0,88.1,11.9
20151128200112,0.0,0.0,0.0,0.1,0.7,0.0,94.4,4.9
20151128200142,0.0,0.0,0.0,0.2,0.2,0.0,89.4,10.1
20151128200212,0.0,0.0,0.0,0.0,0.0,0.0,83.6,16.4
20151128200242,0.0,0.1,0.0,0.0,0.3,0.0,31.1,68.4
20151128200312,0.0,0.0,0.0,0.0,0.1,0.0,20.0,79.9
20151128200342,0.0,0.0,0.0,0.0,0.0,0.0,28.3,71.7
20151128200412,0.0,0.0,0.0,0.0,0.0,0.0,51.2,48.8
20151128200442,0.0,0.0,0.0,0.0,0.1,0.0,89.7,10.2
20151128200512,0.0,0.0,0.0,0.0,0.1,0.0,96.4,3.5
20151128200542,0.0,0.0,0.0,0.0,0.1,0.0,98.5,1.4
20151128200612,0.0,0.0,0.0,0.0,0.0,0.0,98.3,1.7
20151128200642,0.0,0.0,0.0,0.0,0.0,0.0,99.8,0.2
20151128200712,0.0,0.0,0.0,0.0,0.0,0.0,94.7,5.3
20151128200742,0.0,0.0,0.0,0.0,0.1,0.0,98.3,1.6
20151128200812,0.0,0.0,0.0,0.0,0.4,0.0,74.9,24.6
20151128200842,0.0,0.0,0.0,0.0,0.0,0.0,96.1,3.9
20151128200912,0.0,0.0,0.0,0.1,0.0,0.0,81.6,18.3
20151128200942,0.0,0.0,0.0,0.0,0.0,0.0,97.5,2.5
20151128201012,0.0,0.0,0.0,0.0,0.1,0.0,86.5,13.5
20151128201042,0.0,0.0,0.0,0.0,0.0,0.0,94.0,5.9
20151128201112,0.0,0.0,0.0,0.0,0.0,0.0,99.3,0.6
20151128201142,0.0,0.0,0.0,0.0,0.1,0.0,97.9,1.9
20151128201212,0.0,0.0,0.0,0.0,0.0,0.0,99.5,0.4
20151128201242,0.0,0.0,0.0,0.1,0.9,0.0,95.3,3.7
20151128201312,0.0,0.0,0.0,0.2,0.8,0.0,93.2,5.8
20151128201342,0.0,0.0,0.0,0.0,0.1,0.0,97.1,2.8
20151128201412,0.0,0.0,0.0,0.2,1.1,0.0,36.3,62.5
20151128201443,0.0,0.0,0.0,0.0,0.2,0.0,81.8,18.0
20151128201513,0.0,0.0,0.0,0.1,0.5,0.0,42.4,56.9
20151128201543,0.0,0.0,0.0,0.0,1.6,0.0,34.3,64.0
20151128201613,0.0,0.0,0.0,0.1,1.1,0.0,37.3,61.4
20151128201643,0.0,0.0,0.0,0.1,0.3,0.0,65.7,33.9
20151128201713,0.0,0.0,0.0,0.1,0.1,0.0,75.5,24.4
20151128201743,0.0,0.1,0.0,0.7,0.4,0.0,72.6,26.3
20151128201813,0.0,0.0,0.0,0.4,0.1,0.0,94.3,5.2
20151128201843,0.0,0.2,0.0,1.0,0.2,0.0,66.3,32.4
20151128201913,0.0,0.0,0.0,0.1,0.2,0.0,93.4,6.3
20151128201943,0.0,0.0,0.0,0.0,0.1,0.0,96.0,3.9
20151128202013,0.0,0.0,0.0,0.0,0.0,0.0,99.7,0.3
20151128202043,0.0,0.0,0.0,0.0,0.0,0.0,98.6,1.4
