UT,arc,discrete,diffuse,ac,ab,clear,cloudy,dd
20151220130900,0.0,0.0,0.0,0.0,0.0,0.0,0.0,100.0
20151220130930,0.0,0.0,0.0,0.0,0.0,0.0,0.0,100.0
20151220131000,0.0,0.0,0.0,0.0,0.0,0.0,0.0,100.0
20151220131030,0.0,0.0,0.0,0.0,0.0,0.0,0.0,100.0
20151220131100,0.0,0.0,0.0,0.0,0.0,0.0,0.0,100.0
20151220131130,0.0,0.0,0.0,0.0,0.0,0.0,0.0,100.0
20151220131200,0.0,0.0,0.0,0.0,0.0,0.0,0.0,100.0
20151220131230,0.0,0.0,0.0,0.0,0.0,0.0,0.0,100.0
20151220131300,0.0,0.0,0.0,0.0,0.0,0.0,0.0,100.0
20151220131330,0.0,0.0,0.0,0.0,0.0,0.0,0.0,100.0
20151220131400,0.0,0.0,0.0,0.0,0.0,0.0,0.0,100.0
20151220131430,0.0,0.0,0.0,0.0,0.0,0.0,0.0,100.0
20151220131500,0.0,0.0,0.0,0.0,0.0,0.0,0.0,100.0
20151220131530,0.0,0.0,0.0,0.0,0.0,0.0,0.0,100.0
20151220131600,0.0,0.0,0.0,0.0,0.0,0.0,0.0,100.0
20151220131630,0.0,0.0,0.0,0.0,0.0,0.0,0.0,100.0
20151220131700,0.0,0.0,0.0,0.0,0.0,0.0,0.0,100.0
20151220131730,0.0,0.0,0.0,0.0,0.0,0.0,0.0,100.0
20151220131800,0.0,0.0,0.0,0.0,0.0,0.0,0.0,100.0
20151220131830,0.0,0.0,0.0,0.0,0.0,0.0,0.0,100.0
20151220131900,0.0,0.0,0.0,0.0,0.0,0.0,0.0,100.0
20151220131930,0.0,0.0,0.0,0.0,0.0,0.0,0.0,100.0
20151220132000,0.0,0.0,0.0,0.0,0.0,0.0,0.0,100.0
20151220132030,0.0,0.0,0.0,0.0,0.0,0.0,0.0,100.0
20151220132100,0.0,0.0,0.0,0.0,0.0,0.0,0.0,100.0
20151220132130,0.0,0.0,0.0,0.0,0.0,0.0,0.0,100.0
20151220132200,0.0,0.0,0.0,0.0,0.0,0.0,0.0,100.0
20151220132230,0.0,0.0,0.0,0.0,0.0,0.0,0.0,100.0
20151220132300,0.0,0.0,0.0,0.0,0.0,0.0,0.0,100.0
20151220132330,0.0,0.0,0.0,0.0,0.0,0.0,0.0,100.0
20151220132400,0.0,0.0,0.0,0.0,0.0,0.0,0.0,100.0
20151220132430,0.0,0.0,0.0,0.0,0.0,0.0,0.0,100.0
20151220132501,0.0,0.0,0.0,0.0,0.0,0.0,0.0,100.0
20151220132531,0.0,0.0,0.0,0.0,0.0,0.0,0.0,100.0
20151220132601,0.0,0.0,0.0,0.0,0.0,0.0,0.0,100.0
20151220132631,0.0,0.0,0.0,0.0,0.0,0.0,0.0,100.0
20151220132701,0.0,0.0,0.0,0.0,0.0,0.0,0.0,100.0
20151220132731,0.0,0.0,0.0,0.0,0.0,0.0,0.0,100.0
20151220132801,0.0,0.0,0.0,0.0,0.0,0.0,0.0,100.0
20151220132831,0.0,0.0,0.0,0.0,0.0,0.0,0.0,100.0
20151220132901,0.0,0.0,0.0,0.0,0.0,0.0,0.0,100.0
20151220132931,0.0,0.0,0.0,0.0,0.0,0.0,0.0,100.0
20151220133001,0.0,0.0,0.0,0.0,0.0,0.0,0.0,100.0
20151220133031,0.0,0.0,0.0,0.0,0.0,0.0,0.0,100.0
20151220133101,0.0,0.0,0.0,0.0,0.0,0.0,0.0,100.0
20151220133131,0.0,0.0,0.0,0.0,0.0,0.0,0.0,100.0
20151220133201,0.0,0.0,0.0,0.0,0.0,0.0,0.0,100.0
20151220133231,0.0,0.0,0.0,0.0,0.0,0.0,0.0,100.0
20151220133301,0.0,0.0,0.0,0.0,0.0,0.0,0.0,100.0
20151220133331,0.0,0.0,0.0,0.0,0.0,0.0,0.0,100.0
20151220133401,0.0,0.0,0.0,0.0,0.0,0.0,0.0,100.0
20151220133431,0.0,0.0,0.0,0.0,0.0,0.0,0.0,100.0
20151220133501,0.0,0.0,0.0,0.0,0.0,0.0,0.0,100.0
20151220133531,0.0,0.0,0.0,0.0,0.0,0.0,0.0,100.0
20151220133601,0.0,0.0,0.0,0.0,0.0,0.0,0.0,100.0
20151220133631,0.0,0.0,0.0,0.0,0.0,0.0,0.0,100.0
20151220133701,0.0,0.0,0.0,0.0,0.0,0.0,0.0,100.0
20151220133731,0.0,0.0,0.0,0.0,0.0,0.0,0.0,100.0
20151220133801,0.0,0.0,0.0,0.0,0.0,0.0,0.0,100.0
20151220133831,0.0,0.0,0.0,0.0,0.0,0.0,0.0,100.0
20151220133901,0.0,0.0,0.0,0.0,0.0,0.0,0.0,100.0
20151220133931,0.0,0.0,0.0,0.0,0.0,0.0,0.0,100.0
20151220134001,0.0,0.0,0.0,0.0,0.0,0.0,0.0,100.0
20151220134031,0.0,0.0,0.0,0.0,0.0,0.0,0.0,100.0
20151220134101,0.0,0.0,0.0,0.0,0.0,0.0,0.0,100.0
20151220134131,0.0,0.0,0.0,0.0,0.0,0.0,0.0,100.0
20151220134201,0.0,0.0,0.0,0.0,0.0,0.0,0.0,100.0
20151220134231,0.0,0.0,0.0,0.0,0.0,0.0,0.0,100.0
20151220134301,0.0,0.0,0.0,0.0,0.0,0.0,0.0,100.0
20151220134331,0.0,0.0,0.0,0.0,0.0,0.0,0.0,100.0
20151220134401,0.0,0.0,0.0,0.0,0.0,0.0,0.0,100.0
20151220134431,0.0,0.0,0.0,0.0,0.0,0.0,0.0,100.0
20151220134501,0.0,0.0,0.0,0.0,0.0,0.0,0.0,100.0
20151220134531,0.0,0.0,0.0,0.0,0.0,0.0,0.0,100.0
20151220134601,0.0,0.0,0.0,0.0,0.0,0.0,0.0,100.0
20151220134631,0.0,0.0,0.0,0.0,0.0,0.0,0.0,100.0
20151220134701,0.0,0.0,0.0,0.0,0.0,0.0,0.0,100.0
20151220134731,0.0,0.0,0.0,0.0,0.0,0.0,0.0,100.0
20151220134801,0.0,0.0,0.0,0.0,0.0,0.0,0.0,100.0
20151220134831,0.0,0.0,0.0,0.0,0.0,0.0,0.0,100.0
20151220134901,0.0,0.0,0.0,0.0,0.0,0.0,0.0,100.0
20151220134931,0.0,0.0,0.0,0.0,0.0,0.0,0.0,100.0
20151220135001,0.0,0.0,0.0,0.0,0.0,0.0,0.0,100.0
20151220135031,0.0,0.0,0.0,0.0,0.0,0.0,0.0,100.0
20151220135101,0.0,0.0,0.0,0.0,0.0,0.0,0.0,100.0
20151220135131,0.0,0.0,0.0,0.0,0.0,0.0,0.0,100.0
20151220135201,0.0,0.0,0.0,0.0,0.0,0.0,0.0,100.0
20151220135231,0.0,0.0,0.0,0.0,0.0,0.0,0.0,100.0
20151220135301,0.0,0.0,0.0,0.0,0.0,0.0,0.0,100.0
20151220135331,0.0,0.0,0.0,0.0,0.0,0.0,0.0,100.0
20151220135401,0.0,0.0,0.0,0.0,0.0,0.0,0.0,100.0
20151220135431,0.0,0.0,0.0,0.0,0.0,0.0,0.0,100.0
20151220135501,0.0,0.0,0.0,0.0,0.0,0.0,0.0,100.0
20151220135531,0.0,0.0,0.0,0.0,0.0,0.0,0.0,100.0
20151220135601,0.0,0.0,0.0,0.0,0.0,0.0,0.0,100.0
20151220135631,0.0,0.0,0.0,0.0,0.0,0.0,0.0,100.0
20151220135701,0.0,0.0,0.0,0.0,0.0,0.0,0.0,100.0
20151220135731,0.0,0.0,0.0,0.0,0.0,0.0,0.0,100.0
20151220135801,0.0,0.0,0.0,0.0,0.0,0.0,0.0,100.0
20151220135831,0.0,0.0,0.0,0.0,0.0,0.0,0.0,100.0
20151220135901,0.0,0.0,0.0,0.0,0.0,0.0,0.0,100.0
20151220135932,0.0,0.0,0.0,0.0,0.0,0.0,0.0,100.0
20151220140002,0.0,0.0,0.0,0.0,0.0,0.0,0.0,100.0
20151220140032,0.0,0.0,0.0,0.0,0.0,0.0,0.0,100.0
20151220140102,0.0,0.0,0.0,0.0,0.0,0.0,0.0,100.0
20151220140132,0.0,0.0,0.0,0.0,0.0,0.0,0.0,100.0
20151220140202,0.0,0.0,0.0,0.0,0.0,0.0,0.0,100.0
20151220140232,0.0,0.0,0.0,0.0,0.0,0.0,0.0,100.0
20151220140302,0.0,0.0,0.0,0.0,0.0,0.0,0.0,100.0
20151220140332,0.0,0.0,0.0,0.0,0.0,0.0,0.0,100.0
20151220140402,0.0,0.0,0.0,0.0,0.0,0.0,0.0,100.0
20151220140432,0.0,0.0,0.0,0.0,0.0,0.0,0.0,100.0
20151220140502,0.0,0.0,0.0,0.0,0.0,0.0,0.0,100.0
20151220140532,0.0,0.0,0.0,0.0,0.0,0.0,0.0,100.0
20151220140602,0.0,0.0,0.0,0.0,0.0,0.0,0.0,100.0
20151220140632,0.0,0.0,0.0,0.0,0.0,0.0,0.0,100.0
20151220140702,0.0,0.0,0.0,0.0,0.0,0.0,0.1,99.9
20151220140732,0.0,0.0,0.0,0.0,0.0,0.0,0.1,99.9
20151220140802,0.0,0.0,0.0,0.0,0.0,0.0,0.1,99.9
20151220140832,0.0,0.0,0.0,0.0,0.0,0.0,0.1,99.9
20151220141032,0.0,0.0,0.0,0.0,0.0,0.0,0.0,100.0
20151220141102,0.0,0.0,0.0,0.0,0.0,0.0,0.0,100.0
20151220141132,0.0,0.0,0.0,0.0,0.0,0.0,0.0,100.0
20151220141202,0.0,0.0,0.0,0.0,0.0,0.0,0.0,100.0
20151220141232,0.0,0.0,0.0,0.0,0.0,0.0,0.0,100.0
20151220141302,0.0,0.0,0.0,0.0,0.0,0.0,0.0,100.0
20151220141332,0.0,0.0,0.0,0.0,0.0,0.0,0.0,100.0
20151220141402,0.0,0.0,0.0,0.0,0.0,0.0,0.1,99.9
20151220141432,0.0,0.0,0.0,0.0,0.0,0.0,0.1,99.9
20151220141502,0.0,0.0,0.0,0.0,0.0,0.0,0.0,100.0
20151220141532,0.0,0.0,0.0,0.0,0.0,0.0,0.1,99.9
20151220141602,0.0,0.0,0.0,0.0,0.0,0.0,0.0,100.0
20151220141632,0.0,0.0,0.0,0.0,0.0,0.0,0.1,99.9
20151220141702,0.0,0.0,0.0,0.0,0.0,0.0,0.0,100.0
20151220141732,0.0,0.0,0.0,0.0,0.0,0.0,0.0,100.0
20151220141802,0.0,0.0,0.0,0.0,0.0,0.0,0.0,100.0
20151220141832,0.0,0.0,0.0,0.0,0.0,0.0,0.2,99.8
20151220141902,0.0,0.0,0.0,0.0,0.0,0.0,0.1,99.9
20151220141932,0.0,0.0,0.0,0.0,0.0,0.0,0.1,99.9
20151220142002,0.0,0.0,0.0,0.0,0.0,0.0,0.1,99.9
20151220142032,0.0,0.0,0.0,0.0,0.0,0.0,0.1,99.9
20151220142102,0.0,0.0,0.0,0.0,0.0,0.0,0.2,99.8
20151220142132,0.0,0.0,0.0,0.0,0.0,0.0,0.3,99.7
20151220142202,0.0,0.0,0.0,0.0,0.0,0.0,0.1,99.9
20151220142232,0.0,0.0,0.0,0.0,0.0,0.0,0.2,99.8
20151220142302,0.0,0.0,0.0,0.0,0.0,0.0,0.1,99.9
20151220142332,0.0,0.0,0.0,0.0,0.0,0.0,0.7,99.3
20151220142402,0.0,0.0,0.0,0.0,0.0,0.0,0.1,99.8
20151220142432,0.0,0.0,0.0,0.0,0.0,0.0,0.2,99.8
20151220142502,0.0,0.0,0.0,0.0,0.0,0.0,0.0,100.0
20151220142532,0.0,0.0,0.0,0.0,0.0,0.0,0.1,99.9
20151220142602,0.0,0.0,0.0,0.0,0.0,0.0,0.0,100.0
20151220142633,0.0,0.0,0.0,0.0,0.0,0.0,0.8,99.2
20151220142703,0.0,0.0,0.0,0.0,0.0,0.0,0.5,99.5
20151220142733,0.0,0.0,0.0,0.0,0.0,0.0,0.5,99.5
20151220142803,0.0,0.0,0.0,0.0,0.0,0.0,0.4,99.6
20151220142833,0.0,0.0,0.0,0.0,0.0,0.0,0.3,99.7
20151220142903,0.0,0.0,0.0,0.0,0.0,0.0,0.0,100.0
20151220142933,0.0,0.0,0.0,0.0,0.0,0.0,0.0,100.0
20151220143003,0.0,0.0,0.0,0.0,0.0,0.0,0.0,100.0
20151220143033,0.0,0.0,0.0,0.0,0.0,0.0,0.0,100.0
20151220143103,0.0,0.0,0.0,0.0,0.0,0.0,0.0,100.0
20151220143133,0.0,0.0,0.0,0.0,0.0,0.0,0.0,100.0
20151220143203,0.0,0.0,0.0,0.0,0.0,0.0,0.0,100.0
20151220143233,0.0,0.0,0.0,0.0,0.0,0.0,0.0,100.0
20151220143303,0.0,0.0,0.0,0.0,0.0,0.0,0.0,100.0
20151220143333,0.0,0.0,0.0,0.0,0.0,0.0,0.0,100.0
20151220143403,0.0,0.0,0.0,0.0,0.0,0.0,0.0,100.0
20151220143433,0.0,0.0,0.0,0.0,0.0,0.0,0.0,100.0
20151220143503,0.0,0.0,0.0,0.0,0.0,0.0,0.0,100.0
20151220143533,0.0,0.0,0.0,0.0,0.0,0.0,0.0,100.0
20151220143603,0.0,0.0,0.0,0.0,0.0,0.0,0.0,100.0
20151220143633,0.0,0.0,0.0,0.0,0.0,0.0,0.0,100.0
20151220143703,0.0,0.0,0.0,0.0,0.0,0.0,0.0,100.0
20151220143733,0.0,0.0,0.0,0.0,0.0,0.0,0.0,100.0
20151220143803,0.0,0.0,0.0,0.0,0.0,0.0,0.0,100.0
20151220143833,0.0,0.0,0.0,0.0,0.0,0.0,0.0,100.0
20151220143903,0.0,0.0,0.0,0.0,0.0,0.0,0.0,100.0
20151220143933,0.0,0.0,0.0,0.0,0.0,0.0,0.0,100.0
20151220144003,0.0,0.0,0.0,0.0,0.0,0.0,0.0,100.0
20151220144033,0.0,0.0,0.0,0.0,0.0,0.0,0.0,100.0
20151220144103,0.0,0.0,0.0,0.0,0.0,0.0,0.0,100.0
20151220144133,0.0,0.0,0.0,0.0,0.0,0.0,0.0,100.0
20151220144203,0.0,0.0,0.0,0.0,0.0,0.0,0.0,100.0
20151220144233,0.0,0.0,0.0,0.0,0.0,0.0,0.0,100.0
20151220144303,0.0,0.0,0.0,0.0,0.0,0.0,0.0,100.0
20151220144333,0.0,0.0,0.0,0.0,0.0,0.0,0.0,100.0
20151220144403,0.0,0.0,0.0,0.0,0.0,0.0,0.0,100.0
20151220144433,0.0,0.0,0.0,0.0,0.0,0.0,0.0,100.0
20151220144503,0.0,0.0,0.0,0.0,0.0,0.0,0.0,100.0
20151220144533,0.0,0.0,0.0,0.0,0.0,0.0,0.0,100.0
20151220144603,0.0,0.0,0.0,0.0,0.0,0.0,0.0,100.0
20151220144633,0.0,0.0,0.0,0.0,0.0,0.0,0.0,100.0
20151220144703,0.0,0.0,0.0,0.0,0.0,0.0,0.0,100.0
20151220144733,0.0,0.0,0.0,0.0,0.0,0.0,0.0,100.0
20151220144803,0.0,0.0,0.0,0.0,0.0,0.0,0.0,100.0
20151220144833,0.0,0.0,0.0,0.0,0.0,0.0,0.0,100.0
20151220144903,0.0,0.0,0.0,0.0,0.0,0.0,0.0,100.0
20151220144933,0.0,0.0,0.0,0.0,0.0,0.0,0.0,100.0
20151220145003,0.0,0.0,0.0,0.0,0.0,0.0,0.0,100.0
20151220145033,0.0,0.0,0.0,0.0,0.0,0.0,0.0,100.0
20151220145103,0.0,0.0,0.0,0.0,0.0,0.0,0.0,100.0
20151220145133,0.0,0.0,0.0,0.0,0.0,0.0,0.0,100.0
20151220145203,0.0,0.0,0.0,0.0,0.0,0.0,0.0,100.0
20151220145233,0.0,0.0,0.0,0.0,0.0,0.0,0.1,99.9
20151220145303,0.0,0.0,0.0,0.0,0.0,0.0,0.1,99.9
20151220145333,0.0,0.0,0.0,0.0,0.0,0.0,0.0,100.0
20151220145403,0.0,0.0,0.0,0.0,0.0,0.0,0.0,100.0
20151220145433,0.0,0.0,0.0,0.0,0.0,0.0,0.0,100.0
20151220145503,0.0,0.0,0.0,0.0,0.0,0.0,0.0,100.0
20151220145533,0.0,0.0,0.0,0.0,0.0,0.0,0.1,99.9
20151220145603,0.0,0.0,0.0,0.0,0.0,0.0,0.0,100.0
20151220145633,0.0,0.0,0.0,0.0,0.0,0.0,0.0,100.0
20151220145703,0.0,0.0,0.0,0.0,0.0,0.0,0.0,100.0
20151220145733,0.0,0.0,0.0,0.0,0.0,0.0,0.3,99.7
20151220145803,0.0,0.0,0.0,0.0,0.0,0.0,0.1,99.9
20151220145833,0.0,0.0,0.0,0.0,0.0,0.0,0.0,100.0
20151220145903,0.0,0.0,0.0,0.0,0.0,0.0,0.0,100.0
20151220145933,0.0,0.0,0.0,0.0,0.0,0.0,0.8,99.2
20151220150003,0.0,0.0,0.0,0.0,0.0,0.0,0.0,100.0
20151220150033,0.0,0.0,0.0,0.0,0.0,0.0,0.6,99.4
20151220150104,0.0,0.0,0.0,0.0,0.0,0.0,0.2,99.8
20151220150134,0.0,0.0,0.0,0.0,0.0,0.0,0.4,99.6
20151220150204,0.0,0.0,0.0,0.0,0.0,0.0,0.2,99.8
20151220150234,0.0,0.0,0.0,0.0,0.0,0.0,1.5,98.5
20151220150304,0.0,0.0,0.0,0.0,0.0,0.0,1.1,98.9
20151220150334,0.0,0.0,0.0,0.0,0.0,0.0,1.0,99.0
20151220150404,0.0,0.0,0.0,0.0,0.0,0.0,3.2,96.8
20151220150434,0.0,0.0,0.0,0.0,0.0,0.0,10.2,89.8
20151220150504,0.0,0.0,0.0,0.0,0.0,0.0,2.1,97.9
20151220150534,0.0,0.0,0.0,0.0,0.0,0.0,0.0,100.0
20151220150604,0.0,0.0,0.0,0.0,0.0,0.0,0.0,100.0
20151220150634,0.0,0.0,0.0,0.0,0.0,0.0,0.2,99.8
20151220150704,0.0,0.0,0.0,0.0,0.0,0.0,0.5,99.5
20151220150734,0.0,0.0,0.0,0.0,0.0,0.0,0.2,99.8
20151220150804,0.0,0.0,0.0,0.0,0.0,0.0,0.8,99.2
20151220150834,0.0,0.0,0.0,0.0,0.0,0.0,0.9,99.1
20151220150904,0.0,0.0,0.0,0.0,0.0,0.0,1.5,98.5
20151220150934,0.0,0.0,0.0,0.0,0.0,0.0,2.6,97.4
20151220151004,0.0,0.0,0.0,0.0,0.0,0.0,13.6,86.4
20151220151034,0.0,0.0,0.0,0.0,0.0,0.0,0.2,99.8
20151220151104,0.0,0.0,0.0,0.0,0.0,0.0,1.1,98.9
20151220151134,0.0,0.0,0.0,0.0,0.0,0.0,1.1,98.9
20151220151204,0.0,0.0,0.0,0.0,0.0,0.0,0.9,99.1
20151220151234,0.0,0.0,0.0,0.0,0.0,0.0,0.9,99.1
20151220151304,0.0,0.0,0.0,0.0,0.0,0.0,1.2,98.8
20151220151334,0.0,0.0,0.0,0.0,0.0,0.0,1.5,98.5
20151220151404,0.0,0.0,0.0,0.0,0.0,0.0,0.1,99.9
20151220151434,0.0,0.0,0.0,0.0,0.0,0.0,0.1,99.9
20151220151504,0.0,0.0,0.0,0.0,0.0,0.0,0.8,99.2
20151220151534,0.0,0.0,0.0,0.0,0.0,0.0,0.4,99.6
20151220151604,0.0,0.0,0.0,0.0,0.0,0.0,6.2,93.8
20151220151634,0.0,0.0,0.0,0.0,0.0,0.0,1.4,98.6
20151220151704,0.0,0.0,0.0,0.0,0.0,0.0,0.2,99.8
20151220151734,0.0,0.0,0.0,0.0,0.0,0.0,0.3,99.7
20151220151804,0.0,0.0,0.0,0.0,0.0,0.0,0.2,99.8
20151220151834,0.0,0.0,0.0,0.0,0.0,0.0,0.3,99.7
20151220151904,0.0,0.0,0.0,0.0,0.0,0.0,1.1,98.9
20151220151934,0.0,0.0,0.0,0.0,0.0,0.0,1.0,99.0
20151220152004,0.0,0.0,0.0,0.0,0.0,0.0,0.5,99.5
20151220152034,0.0,0.0,0.0,0.0,0.0,0.0,0.4,99.6
20151220152104,0.0,0.0,0.0,0.0,0.0,0.0,0.9,99.1
20151220152134,0.0,0.0,0.0,0.0,0.0,0.0,0.3,99.7
20151220152204,0.0,0.0,0.0,0.0,0.0,0.0,1.0,99.0
20151220152234,0.0,0.0,0.0,0.0,0.0,0.0,2.7,97.3
20151220152304,0.0,0.0,0.0,0.0,0.0,0.0,7.0,93.0
20151220152334,0.0,0.0,0.0,0.0,0.0,0.0,4.4,95.6
20151220152404,0.0,0.0,0.0,0.0,0.0,0.0,1.0,99.0
20151220152434,0.0,0.0,0.0,0.0,0.0,0.0,0.1,99.9
20151220152504,0.0,0.0,0.0,0.0,0.0,0.0,1.7,98.3
20151220152534,0.0,0.0,0.0,0.0,0.0,0.0,0.2,99.8
20151220152604,0.0,0.0,0.0,0.0,0.0,0.0,1.7,98.3
20151220152634,0.0,0.0,0.0,0.0,0.0,0.0,0.2,99.8
20151220152704,0.0,0.0,0.0,0.0,0.0,0.0,1.2,98.8
20151220152734,0.0,0.0,0.0,0.0,0.0,0.0,2.5,97.5
20151220152804,0.0,0.0,0.0,0.0,0.0,0.0,0.4,99.6
20151220152834,0.0,0.0,0.0,0.0,0.0,0.0,0.0,100.0
20151220152904,0.0,0.0,0.0,0.0,0.0,0.0,0.1,99.9
20151220152934,0.0,0.0,0.0,0.0,0.0,0.0,0.3,99.7
20151220153004,0.0,0.0,0.0,0.0,0.0,0.0,0.2,99.8
20151220153034,0.0,0.0,0.0,0.0,0.0,0.0,0.3,99.7
20151220153104,0.0,0.0,0.0,0.0,0.0,0.0,1.6,98.4
20151220153134,0.0,0.0,0.0,0.0,0.0,0.0,0.2,99.8
20151220153204,0.0,0.0,0.0,0.0,0.0,0.0,0.4,99.5
20151220153234,0.0,0.0,0.0,0.0,0.0,0.0,2.5,97.5
20151220153304,0.0,0.0,0.0,0.0,0.0,0.0,2.3,97.7
20151220153334,0.0,0.0,0.0,0.0,0.0,0.0,4.5,95.5
20151220153404,0.0,0.0,0.0,0.0,0.0,0.0,4.9,95.0
20151220153434,0.0,0.0,0.0,0.0,0.0,0.0,8.2,91.8
20151220153505,0.0,0.0,0.0,0.0,0.0,0.0,3.5,96.5
20151220153535,0.0,0.0,0.0,0.0,0.0,0.0,18.0,81.9
20151220153605,0.0,0.0,0.0,0.0,0.0,0.0,33.6,66.4
20151220153635,0.0,0.0,0.0,0.0,0.0,0.0,13.1,86.8
20151220153705,0.0,0.0,0.0,0.0,0.0,0.0,68.7,31.3
20151220153735,0.0,0.0,0.0,0.0,0.0,0.0,5.8,94.2
20151220153805,0.0,0.0,0.0,0.0,0.0,0.0,7.2,92.8
20151220153835,0.0,0.0,0.0,0.0,0.0,0.0,10.5,89.5
20151220153905,0.0,0.0,0.0,0.0,0.0,0.0,8.8,91.2
20151220153935,0.0,0.0,0.0,0.0,0.0,0.0,57.5,42.5
20151220154005,0.0,0.0,0.0,0.0,0.0,0.0,8.4,91.6
20151220154035,0.0,0.0,0.0,0.0,0.0,0.0,3.2,96.8
20151220154105,0.0,0.0,0.0,0.0,0.0,0.0,5.5,94.5
20151220154135,0.0,0.0,0.0,0.0,0.0,0.0,0.8,99.2
20151220154205,0.0,0.0,0.0,0.0,0.0,0.0,1.7,98.3
20151220154235,0.0,0.0,0.0,0.0,0.0,0.0,3.6,96.4
20151220154305,0.0,0.0,0.0,0.0,0.0,0.0,22.9,77.1
20151220154335,0.0,0.0,0.0,0.0,0.0,0.0,20.3,79.7
20151220154405,0.0,0.0,0.0,0.0,0.0,0.0,1.7,98.3
20151220154435,0.0,0.0,0.0,0.0,0.0,0.0,18.4,81.6
20151220154505,0.0,0.0,0.0,0.0,0.0,0.0,2.3,97.7
20151220154535,0.0,0.0,0.0,0.0,0.0,0.0,2.4,97.6
20151220154605,0.0,0.0,0.0,0.0,0.0,0.0,27.9,72.1
20151220154635,0.0,0.0,0.0,0.0,0.0,0.0,7.2,92.8
20151220154705,0.0,0.0,0.0,0.0,0.0,0.0,13.4,86.6
20151220154735,0.0,0.0,0.0,0.0,0.0,0.0,0.2,99.8
20151220154805,0.0,0.0,0.0,0.0,0.0,0.0,2.1,97.9
20151220154835,0.0,0.0,0.0,0.0,0.0,0.0,1.8,98.2
20151220154905,0.0,0.0,0.0,0.0,0.0,0.0,16.3,83.7
20151220154935,0.0,0.0,0.0,0.0,0.0,0.0,24.8,75.2
20151220155005,0.0,0.0,0.0,0.0,0.0,0.0,2.2,97.8
20151220155035,0.0,0.0,0.0,0.0,0.0,0.0,6.1,93.9
20151220155105,0.0,0.0,0.0,0.0,0.0,0.0,59.0,41.0
20151220155135,0.0,0.0,0.0,0.0,0.0,0.0,1.3,98.7
20151220155205,0.0,0.0,0.0,0.0,0.0,0.0,0.7,99.3
20151220155235,0.0,0.0,0.0,0.0,0.0,0.0,0.3,99.7
20151220155305,0.0,0.0,0.0,0.0,0.0,0.0,1.2,98.8
20151220155335,0.0,0.0,0.0,0.0,0.0,0.0,0.3,99.7
20151220155405,0.0,0.0,0.0,0.0,0.0,0.0,0.0,100.0
20151220155435,0.0,0.0,0.0,0.0,0.0,0.0,1.1,98.9
20151220155505,0.0,0.0,0.0,0.0,0.0,0.0,0.3,99.7
20151220155535,0.0,0.0,0.0,0.0,0.0,0.0,0.2,99.8
20151220155605,0.0,0.0,0.0,0.0,0.0,0.0,0.3,99.7
20151220155635,0.0,0.0,0.0,0.0,0.0,0.0,0.3,99.7
20151220155705,0.0,0.0,0.0,0.0,0.0,0.0,0.5,99.5
20151220155735,0.0,0.0,0.0,0.0,0.0,0.0,1.5,98.5
20151220155805,0.0,0.0,0.0,0.0,0.0,0.0,11.7,88.3
20151220155835,0.0,0.0,0.0,0.0,0.0,0.0,3.4,96.6
20151220155905,0.0,0.0,0.0,0.0,0.0,0.0,45.4,54.6
20151220155935,0.0,0.0,0.0,0.0,0.0,0.0,15.0,85.0
20151220160005,0.0,0.0,0.0,0.0,0.0,0.0,26.0,74.0
20151220160035,0.0,0.0,0.0,0.0,0.0,0.0,6.5,93.5
20151220160105,0.0,0.0,0.0,0.0,0.0,0.0,0.3,99.7
20151220160135,0.0,0.0,0.0,0.0,0.0,0.0,4.6,95.4
20151220160205,0.0,0.0,0.0,0.0,0.0,0.0,0.3,99.7
20151220160236,0.0,0.0,0.0,0.0,0.0,0.0,0.8,99.2
20151220160306,0.0,0.0,0.0,0.0,0.0,0.0,0.9,99.0
20151220160336,0.0,0.0,0.0,0.0,0.0,0.0,0.0,99.9
20151220160406,0.0,0.0,0.0,0.0,0.0,0.0,1.8,98.2
20151220160436,0.0,0.0,0.0,0.0,0.0,0.0,0.3,99.7
20151220160506,0.0,0.0,0.0,0.0,0.0,0.0,0.1,99.8
20151220160536,0.0,0.0,0.0,0.1,0.0,0.0,0.8,99.1
20151220160606,0.0,0.0,0.0,0.0,0.0,0.0,12.8,87.1
20151220160636,0.0,0.0,0.0,0.0,0.0,0.0,0.5,99.5
20151220160706,0.0,0.0,0.0,0.0,0.0,0.0,0.4,99.6
20151220160736,0.0,0.0,0.0,0.0,0.0,0.0,0.4,99.6
20151220160806,0.0,0.0,0.0,0.1,0.0,0.0,0.7,99.3
20151220160836,0.0,0.0,0.0,0.0,0.0,0.0,0.4,99.6
20151220160906,0.0,0.0,0.0,0.0,0.0,0.0,0.3,99.6
20151220160936,0.0,0.0,0.0,0.0,0.0,0.0,0.1,99.9
20151220161006,0.0,0.0,0.0,0.1,0.0,0.0,5.0,94.9
20151220161036,0.0,0.0,0.0,0.0,0.0,0.0,0.4,99.6
20151220161106,0.0,0.0,0.0,0.1,0.0,0.0,0.3,99.6
20151220161136,0.0,0.0,0.0,0.3,0.0,0.0,2.2,97.5
20151220161206,0.0,0.0,0.0,0.2,0.0,0.0,0.8,99.1
20151220161236,0.0,0.0,0.0,0.4,0.0,0.0,0.4,99.2
20151220161306,0.0,0.0,0.0,0.1,0.0,0.0,0.1,99.8
20151220161336,0.0,0.0,0.0,0.1,0.0,0.0,9.5,90.4
20151220161406,0.0,0.0,0.0,0.0,0.0,0.0,1.1,98.8
20151220161436,0.0,0.0,0.0,0.4,0.0,0.0,10.1,89.5
20151220161506,0.0,0.0,0.0,0.1,0.0,0.0,10.1,89.8
20151220161536,0.0,0.0,0.0,0.0,0.0,0.0,3.9,96.0
20151220161606,0.0,0.0,0.0,0.0,0.0,0.0,51.0,48.9
20151220161636,0.0,0.0,0.0,0.0,0.0,0.0,62.5,37.5
20151220161706,0.0,0.0,0.0,0.0,0.0,0.0,88.1,11.9
20151220161736,0.0,0.0,0.0,0.0,0.0,0.0,47.6,52.4
20151220161806,0.0,0.0,0.0,0.0,0.0,0.0,31.2,68.8
20151220161836,0.0,0.0,0.0,0.0,0.0,0.0,62.8,37.2
20151220161906,0.0,0.0,0.0,0.0,0.0,0.0,28.2,71.8
20151220161936,0.0,0.0,0.0,0.0,0.0,0.0,79.5,20.5
20151220162006,0.0,0.0,0.0,0.0,0.0,0.0,27.5,72.5
20151220162036,0.0,0.0,0.0,0.0,0.0,0.0,63.7,36.3
20151220162106,0.0,0.0,0.0,0.0,0.0,0.0,48.2,51.8
20151220162136,0.0,0.0,0.0,0.0,0.0,0.0,43.1,56.9
20151220162206,0.0,0.0,0.0,0.0,0.0,0.0,7.0,93.0
20151220162236,0.0,0.0,0.0,0.0,0.0,0.0,0.6,99.4
20151220162306,0.0,0.0,0.0,0.0,0.0,0.0,8.3,91.7
20151220162336,0.0,0.0,0.0,0.0,0.0,0.0,2.1,97.9
20151220162406,0.0,0.0,0.0,0.0,0.0,0.0,0.4,99.6
20151220162436,0.0,0.0,0.0,0.0,0.0,0.0,0.6,99.4
20151220162506,0.0,0.0,0.0,0.0,0.0,0.0,0.7,99.3
20151220162536,0.0,0.0,0.0,0.0,0.0,0.0,1.0,99.0
20151220162606,0.0,0.0,0.0,0.0,0.0,0.0,1.4,98.6
20151220162636,0.0,0.0,0.0,0.0,0.0,0.0,0.9,99.1
20151220162706,0.0,0.0,0.0,0.0,0.0,0.0,0.5,99.5
20151220162736,0.0,0.0,0.0,0.1,0.0,0.0,0.3,99.7
20151220162806,0.0,0.0,0.0,0.1,0.0,0.0,4.7,95.2
20151220162836,0.0,0.0,0.0,0.1,0.0,0.0,0.7,99.3
20151220162906,0.0,0.0,0.0,0.0,0.0,0.0,0.8,99.2
20151220162936,0.0,0.0,0.0,0.1,0.0,0.0,1.3,98.6
20151220163006,0.0,0.0,0.0,0.1,0.0,0.0,21.7,78.2
20151220163036,0.0,0.0,0.0,0.1,0.0,0.0,18.7,81.2
20151220163106,0.0,0.0,0.0,0.3,0.0,0.0,16.6,83.1
20151220163136,0.0,0.0,0.0,0.2,0.0,0.0,5.1,94.6
20151220163206,0.0,0.0,0.0,0.1,0.0,0.0,10.5,89.4
20151220163236,0.0,0.0,0.0,0.0,0.0,0.0,3.0,97.0
20151220163306,0.0,0.0,0.0,0.0,0.0,0.0,9.6,90.3
20151220163336,0.0,0.0,0.0,0.0,0.0,0.0,21.8,78.2
20151220163406,0.0,0.0,0.0,0.0,0.0,0.0,18.4,81.6
20151220163436,0.0,0.0,0.0,0.1,0.0,0.0,18.7,81.2
20151220163506,0.0,0.0,0.0,0.0,0.0,0.0,21.6,78.3
20151220163536,0.0,0.0,0.0,0.0,0.0,0.0,17.0,83.0
20151220163606,0.0,0.0,0.0,0.0,0.0,0.0,87.4,12.6
20151220163637,0.0,0.0,0.0,0.1,0.0,0.0,25.4,74.6
20151220163707,0.0,0.0,0.0,0.1,0.0,0.0,68.3,31.6
20151220163737,0.0,0.0,0.0,0.0,0.0,0.0,90.2,9.8
20151220163807,0.0,0.0,0.0,0.1,0.0,0.0,55.5,44.4
20151220163837,0.0,0.0,0.0,0.1,0.0,0.0,41.9,58.0
20151220163907,0.0,0.0,0.0,0.0,0.0,0.0,47.6,52.4
20151220163937,0.0,0.0,0.0,0.0,0.0,0.0,31.2,68.8
20151220164007,0.0,0.0,0.0,0.0,0.0,0.0,38.0,62.0
20151220164037,0.0,0.0,0.0,0.0,0.0,0.0,27.8,72.2
20151220164107,0.0,0.0,0.0,0.0,0.0,0.0,25.7,74.3
20151220164137,0.0,0.0,0.0,0.0,0.0,0.0,32.1,67.9
20151220164207,0.0,0.0,0.0,0.0,0.0,0.0,24.2,75.8
20151220164237,0.0,0.0,0.0,0.0,0.0,0.0,26.1,73.9
20151220164307,0.0,0.0,0.0,0.0,0.0,0.0,8.8,91.2
20151220164337,0.0,0.0,0.0,0.0,0.0,0.0,25.1,74.9
20151220164407,0.0,0.0,0.0,0.0,0.0,0.0,28.2,71.8
20151220164437,0.0,0.0,0.0,0.0,0.0,0.0,9.8,90.2
20151220164507,0.0,0.0,0.0,0.0,0.0,0.0,3.7,96.3
20151220164537,0.0,0.0,0.0,0.0,0.0,0.0,14.5,85.5
20151220164607,0.0,0.0,0.0,0.0,0.0,0.0,4.3,95.7
20151220164637,0.0,0.0,0.0,0.0,0.0,0.0,3.4,96.6
20151220164707,0.0,0.0,0.0,0.0,0.0,0.0,10.2,89.8
20151220164737,0.0,0.0,0.0,0.0,0.0,0.0,6.1,93.9
20151220164807,0.0,0.0,0.0,0.0,0.0,0.0,4.7,95.3
20151220164837,0.0,0.0,0.0,0.0,0.0,0.0,1.1,98.9
20151220164907,0.0,0.0,0.0,0.0,0.0,0.0,5.5,94.4
20151220164937,0.0,0.0,0.0,0.0,0.0,0.0,2.7,97.3
20151220165007,0.0,0.0,0.0,0.0,0.0,0.0,2.7,97.3
20151220165037,0.0,0.0,0.0,0.0,0.0,0.0,0.3,99.7
20151220165107,0.0,0.0,0.0,0.0,0.0,0.0,4.5,95.5
20151220165137,0.0,0.0,0.0,0.0,0.0,0.0,40.3,59.7
20151220165207,0.0,0.0,0.0,0.0,0.0,0.0,4.0,96.0
20151220165237,0.0,0.0,0.0,0.0,0.0,0.0,3.4,96.5
20151220165307,0.0,0.0,0.0,0.0,0.0,0.0,2.1,97.9
20151220165337,0.0,0.0,0.0,0.0,0.0,0.0,23.4,76.6
20151220165407,0.0,0.0,0.0,0.0,0.0,0.0,2.3,97.7
20151220165437,0.0,0.0,0.0,0.0,0.0,0.0,7.5,92.5
20151220165507,0.0,0.0,0.0,0.0,0.0,0.0,5.1,94.9
20151220165537,0.0,0.0,0.0,0.0,0.0,0.0,34.0,66.0
20151220165607,0.0,0.0,0.0,0.0,0.0,0.0,12.8,87.2
20151220165637,0.0,0.0,0.0,0.0,0.0,0.0,43.6,56.4
20151220165707,0.0,0.0,0.0,0.0,0.0,0.0,43.4,56.6
20151220165737,0.0,0.0,0.0,0.0,0.0,0.0,91.8,8.2
20151220165807,0.0,0.0,0.0,0.0,0.0,0.0,94.9,5.1
20151220165837,0.0,0.0,0.0,0.0,0.0,0.0,98.1,1.9
20151220165907,0.0,0.0,0.0,0.0,0.0,0.0,14.6,85.4
20151220165937,0.0,0.0,0.0,0.0,0.0,0.0,55.2,44.8
20151220170007,0.0,0.0,0.0,0.0,0.0,0.0,90.0,10.0
20151220170037,0.0,0.0,0.0,0.0,0.0,0.0,49.3,50.6
20151220170107,0.0,0.0,0.0,0.0,0.0,0.0,93.7,6.3
20151220170137,0.0,0.0,0.0,0.0,0.0,0.0,63.9,36.1
20151220170207,0.0,0.0,0.0,0.0,0.0,0.0,19.4,80.6
20151220170237,0.0,0.0,0.0,0.0,0.0,0.0,1.7,98.3
20151220170307,0.0,0.0,0.0,0.0,0.0,0.0,7.6,92.4
20151220170337,0.0,0.0,0.0,0.0,0.0,0.0,5.6,94.4
20151220170407,0.0,0.0,0.0,0.0,0.0,0.0,6.0,94.0
20151220170437,0.0,0.0,0.0,0.0,0.0,0.0,13.6,86.4
20151220170507,0.0,0.0,0.0,0.0,0.0,0.0,1.3,98.7
20151220170537,0.0,0.0,0.0,0.0,0.0,0.0,2.4,97.6
20151220170607,0.0,0.0,0.0,0.0,0.0,0.0,0.2,99.8
20151220170637,0.0,0.0,0.0,0.0,0.0,0.0,0.3,99.7
20151220170707,0.0,0.0,0.0,0.0,0.0,0.0,0.2,99.8
20151220170737,0.0,0.0,0.0,0.0,0.0,0.0,0.6,99.4
20151220170807,0.0,0.0,0.0,0.0,0.0,0.0,0.2,99.8
20151220170837,0.0,0.0,0.0,0.0,0.0,0.0,0.0,100.0
20151220170907,0.0,0.0,0.0,0.0,0.0,0.0,0.1,99.9
20151220170937,0.0,0.0,0.0,0.0,0.0,0.0,0.7,99.3
20151220171007,0.0,0.0,0.0,0.0,0.0,0.0,0.1,99.9
20151220171038,0.0,0.0,0.0,0.0,0.0,0.0,0.2,99.8
20151220171108,0.0,0.0,0.0,0.0,0.0,0.0,26.6,73.4
20151220171138,0.0,0.0,0.0,0.0,0.0,0.0,42.9,57.1
20151220171208,0.0,0.0,0.0,0.0,0.0,0.0,72.5,27.5
20151220171238,0.0,0.0,0.0,0.0,0.0,0.0,87.8,12.2
20151220171308,0.0,0.0,0.0,0.0,0.0,0.0,77.6,22.4
20151220171338,0.0,0.0,0.0,0.0,0.0,0.0,83.6,16.4
20151220171408,0.0,0.0,0.0,0.0,0.0,0.0,42.7,57.3
20151220171438,0.0,0.0,0.0,0.0,0.0,0.0,77.6,22.4
20151220171508,0.0,0.0,0.0,0.0,0.0,0.0,70.6,29.4
20151220171538,0.0,0.0,0.0,0.0,0.0,0.0,59.4,40.6
20151220171608,0.0,0.0,0.0,0.0,0.0,0.0,30.6,69.4
20151220171638,0.0,0.0,0.0,0.0,0.0,0.0,43.7,56.3
20151220171708,0.0,0.0,0.0,0.0,0.0,0.0,17.0,83.0
20151220171738,0.0,0.0,0.0,0.0,0.0,0.0,37.3,62.7
20151220171808,0.0,0.0,0.0,0.0,0.0,0.0,7.8,92.2
20151220171838,0.0,0.0,0.0,0.0,0.0,0.0,1.1,98.9
20151220171908,0.0,0.0,0.0,0.0,0.0,0.0,9.7,90.3
20151220171938,0.0,0.0,0.0,0.0,0.0,0.0,0.7,99.3
20151220172008,0.0,0.0,0.0,0.0,0.0,0.0,9.0,91.0
20151220172038,0.0,0.0,0.0,0.0,0.0,0.0,9.6,90.4
20151220172108,0.0,0.0,0.0,0.0,0.0,0.0,26.6,73.4
20151220172138,0.0,0.0,0.0,0.0,0.0,0.0,53.2,46.8
20151220172208,0.0,0.0,0.0,0.0,0.0,0.0,53.2,46.8
20151220172238,0.0,0.0,0.0,0.0,0.0,0.0,91.7,8.3
20151220172308,0.0,0.0,0.0,0.0,0.0,0.0,44.7,55.3
20151220172338,0.0,0.0,0.0,0.0,0.0,0.0,93.7,6.3
20151220172408,0.0,0.0,0.0,0.0,0.0,0.0,79.1,20.9
20151220172438,0.0,0.0,0.0,0.0,0.0,0.0,43.2,56.8
20151220172508,0.0,0.0,0.0,0.0,0.0,0.0,8.8,91.2
20151220172538,0.0,0.0,0.0,0.0,0.0,0.0,62.3,37.7
20151220172608,0.0,0.0,0.0,0.0,0.0,0.0,21.5,78.5
20151220172638,0.0,0.0,0.0,0.0,0.0,0.0,47.5,52.5
20151220172708,0.0,0.0,0.0,0.0,0.0,0.0,39.7,60.3
20151220172738,0.0,0.0,0.0,0.0,0.0,0.0,44.3,55.7
20151220172808,0.0,0.0,0.0,0.0,0.0,0.0,25.6,74.4
20151220172838,0.0,0.0,0.0,0.0,0.0,0.0,55.1,44.8
20151220172908,0.0,0.0,0.0,0.0,0.0,0.0,39.1,60.9
20151220172938,0.0,0.0,0.0,0.0,0.0,0.0,19.2,80.8
20151220173008,0.0,0.0,0.0,0.0,0.0,0.0,33.8,66.2
20151220173038,0.0,0.0,0.0,0.0,0.0,0.0,12.6,87.4
20151220173108,0.0,0.0,0.0,0.0,0.0,0.0,36.4,63.6
20151220173138,0.0,0.0,0.0,0.0,0.0,0.0,9.0,91.0
20151220173208,0.0,0.0,0.0,0.0,0.0,0.0,24.6,75.4
20151220173238,0.0,0.0,0.0,0.0,0.0,0.0,94.8,5.2
20151220173308,0.0,0.0,0.0,0.0,0.0,0.0,78.7,21.3
20151220173338,0.0,0.0,0.0,0.0,0.0,0.0,93.4,6.6
20151220173408,0.0,0.0,0.0,0.0,0.0,0.0,94.8,5.2
20151220173438,0.0,0.0,0.0,0.0,0.0,0.0,87.7,12.3
20151220173508,0.0,0.0,0.0,0.0,0.0,0.0,92.2,7.8
20151220173538,0.0,0.0,0.0,0.0,0.0,0.0,95.8,4.2
20151220173608,0.0,0.0,0.0,0.0,0.0,0.0,97.6,2.4
20151220173638,0.0,0.0,0.0,0.0,0.0,0.0,96.8,3.2
20151220173708,0.0,0.0,0.0,0.0,0.0,0.0,99.2,0.8
20151220173738,0.0,0.0,0.0,0.0,0.0,0.0,98.6,1.4
20151220173809,0.0,0.0,0.0,0.0,0.0,0.0,96.6,3.4
20151220173839,0.0,0.0,0.0,0.0,0.0,0.0,99.5,0.4
20151220173909,0.0,0.0,0.0,0.0,0.0,0.0,99.1,0.9
20151220173939,0.0,0.0,0.0,0.0,0.0,0.0,98.7,1.3
20151220174009,0.0,0.0,0.0,0.0,0.0,0.0,99.5,0.5
20151220174039,0.0,0.0,0.0,0.0,0.0,0.0,97.3,2.7
20151220174109,0.0,0.0,0.0,0.0,0.0,0.0,96.0,3.9
20151220174139,0.0,0.0,0.0,0.0,0.0,0.0,99.6,0.4
20151220174209,0.0,0.0,0.0,0.0,0.0,0.0,94.5,5.5
20151220174239,0.0,0.0,0.0,0.0,0.0,0.0,99.2,0.8
20151220174309,0.0,0.0,0.0,0.0,0.0,0.0,99.0,1.0
20151220174339,0.0,0.0,0.0,0.0,0.0,0.0,99.9,0.1
20151220174409,0.0,0.0,0.0,0.0,0.0,0.0,98.2,1.8
20151220174439,0.0,0.0,0.0,0.0,0.0,0.0,92.2,7.8
20151220174509,0.0,0.0,0.0,0.0,0.0,0.0,99.1,0.9
20151220174539,0.0,0.0,0.0,0.0,0.0,0.0,99.2,0.8
20151220174609,0.0,0.0,0.0,0.0,0.0,0.0,98.0,2.0
20151220174639,0.0,0.0,0.0,0.0,0.0,0.0,98.8,1.2
20151220174709,0.0,0.0,0.0,0.0,0.0,0.0,98.9,1.1
20151220174739,0.0,0.0,0.0,0.0,0.0,0.0,98.5,1.5
20151220174809,0.0,0.0,0.0,0.0,0.0,0.0,99.0,1.0
20151220174839,0.0,0.0,0.0,0.0,0.0,0.0,99.7,0.3
20151220174909,0.0,0.0,0.0,0.0,0.0,0.0,99.9,0.0
20151220174939,0.0,0.0,0.0,0.0,0.0,0.0,99.9,0.1
20151220175009,0.0,0.0,0.0,0.0,0.0,0.0,99.5,0.5
20151220175039,0.0,0.0,0.0,0.0,0.0,0.0,99.8,0.2
20151220175109,0.0,0.0,0.0,0.0,0.0,0.0,99.9,0.1
20151220175139,0.0,0.0,0.0,0.0,0.0,0.0,99.9,0.1
20151220175209,0.0,0.0,0.0,0.0,0.0,0.0,99.6,0.4
20151220175239,0.0,0.0,0.0,0.0,0.0,0.0,99.8,0.2
20151220175309,0.0,0.0,0.0,0.0,0.0,0.0,99.9,0.1
20151220175339,0.0,0.0,0.0,0.0,0.0,0.0,99.6,0.4
20151220175409,0.0,0.0,0.0,0.0,0.0,0.0,99.9,0.1
20151220175439,0.0,0.0,0.0,0.0,0.0,0.0,99.7,0.3
20151220175509,0.0,0.0,0.0,0.0,0.0,0.0,99.7,0.3
20151220175539,0.0,0.0,0.0,0.0,0.0,0.0,99.6,0.4
20151220175609,0.0,0.0,0.0,0.0,0.0,0.0,100.0,0.0
20151220175639,0.0,0.0,0.0,0.0,0.0,0.0,97.2,2.8
20151220175709,0.0,0.0,0.0,0.0,0.0,0.0,98.2,1.8
20151220175739,0.0,0.0,0.0,0.0,0.0,0.0,99.2,0.8
20151220175809,0.0,0.0,0.0,0.0,0.0,0.0,98.0,2.0
20151220175839,0.0,0.0,0.0,0.0,0.0,0.0,99.1,0.9
20151220175909,0.0,0.0,0.0,0.0,0.0,0.0,99.2,0.8
20151220175939,0.0,0.0,0.0,0.0,0.0,0.0,99.8,0.2
20151220180009,0.0,0.0,0.0,0.0,0.0,0.0,99.1,0.9
20151220180039,0.0,0.0,0.0,0.0,0.0,0.0,99.9,0.1
20151220180109,0.0,0.0,0.0,0.0,0.0,0.0,98.1,1.9
20151220180139,0.0,0.0,0.0,0.0,0.0,0.0,98.5,1.5
20151220180209,0.0,0.0,0.0,0.0,0.0,0.0,97.2,2.8
20151220180239,0.0,0.0,0.0,0.0,0.0,0.0,98.8,1.2
20151220180309,0.0,0.0,0.0,0.0,0.0,0.0,97.9,2.1
20151220180339,0.0,0.0,0.0,0.0,0.0,0.0,93.8,6.2
20151220180409,0.0,0.0,0.0,0.0,0.0,0.0,72.9,27.1
20151220180439,0.0,0.0,0.0,0.0,0.0,0.0,88.7,11.3
20151220180509,0.0,0.0,0.0,0.0,0.0,0.0,50.7,49.3
20151220180539,0.0,0.0,0.0,0.0,0.0,0.0,20.5,79.5
20151220180609,0.0,0.0,0.0,0.0,0.0,0.0,75.2,24.8
20151220180639,0.0,0.0,0.0,0.0,0.0,0.0,92.0,8.0
20151220180709,0.0,0.0,0.0,0.0,0.0,0.0,49.9,50.1
20151220180739,0.0,0.0,0.0,0.0,0.0,0.0,86.5,13.5
20151220180809,0.0,0.0,0.0,0.0,0.0,0.0,49.6,50.4
20151220180839,0.0,0.0,0.0,0.0,0.0,0.0,83.6,16.4
20151220180909,0.0,0.0,0.0,0.0,0.0,0.0,78.4,21.6
20151220180939,0.0,0.0,0.0,0.0,0.0,0.0,98.2,1.8
20151220181009,0.0,0.0,0.0,0.0,0.0,0.0,93.7,6.3
20151220181039,0.0,0.0,0.0,0.0,0.0,0.0,71.8,28.2
20151220181109,0.0,0.0,0.0,0.0,0.0,0.0,77.8,22.1
20151220181139,0.0,0.0,0.0,0.0,0.0,0.0,94.6,5.4
20151220181210,0.0,0.0,0.0,0.0,0.0,0.0,70.9,29.0
20151220181240,0.0,0.0,0.0,0.0,0.0,0.0,85.6,14.4
20151220181310,0.0,0.0,0.0,0.0,0.0,0.0,86.1,13.9
20151220181340,0.0,0.0,0.0,0.0,0.0,0.0,40.2,59.8
20151220181410,0.0,0.0,0.0,0.0,0.0,0.0,53.6,46.4
20151220181440,0.0,0.0,0.0,0.0,0.0,0.0,72.2,27.8
20151220181510,0.0,0.0,0.0,0.0,0.0,0.0,77.8,22.2
20151220181540,0.0,0.0,0.0,0.0,0.0,0.0,49.0,51.0
20151220181610,0.0,0.0,0.0,0.0,0.0,0.0,91.1,8.9
20151220181640,0.0,0.0,0.0,0.0,0.0,0.0,94.0,6.0
20151220181710,0.0,0.0,0.0,0.0,0.0,0.0,99.0,1.0
20151220181740,0.0,0.0,0.0,0.0,0.0,0.0,74.9,25.1
20151220181810,0.0,0.0,0.0,0.0,0.0,0.0,75.5,24.5
20151220181840,0.0,0.0,0.0,0.0,0.0,0.0,92.6,7.4
20151220181910,0.0,0.0,0.0,0.0,0.0,0.0,87.4,12.5
20151220181940,0.0,0.0,0.0,0.0,0.0,0.0,75.6,24.4
20151220182010,0.0,0.0,0.0,0.0,0.0,0.0,70.5,29.5
20151220182040,0.0,0.0,0.0,0.0,0.0,0.0,80.2,19.8
20151220182110,0.0,0.0,0.0,0.0,0.0,0.0,98.2,1.8
20151220182140,0.0,0.0,0.0,0.0,0.0,0.0,99.1,0.9
20151220182210,0.0,0.0,0.0,0.0,0.0,0.0,94.2,5.8
20151220182240,0.0,0.0,0.0,0.0,0.0,0.0,91.4,8.6
20151220182310,0.0,0.0,0.0,0.1,0.0,0.0,85.2,14.8
20151220182340,0.0,0.0,0.0,0.0,0.0,0.0,69.9,30.0
20151220182410,0.0,0.0,0.0,0.0,0.0,0.0,91.7,8.3
20151220182440,0.0,0.0,0.0,0.0,0.0,0.0,97.2,2.8
20151220182510,0.0,0.0,0.0,0.0,0.0,0.0,75.1,24.9
20151220182540,0.0,0.0,0.0,0.0,0.0,0.0,97.3,2.7
20151220182610,0.0,0.0,0.0,0.0,0.0,0.0,79.8,20.2
20151220182640,0.0,0.0,0.0,0.0,0.0,0.0,77.3,22.7
20151220182710,0.0,0.0,0.0,0.0,0.0,0.0,84.4,15.5
20151220182740,0.0,0.0,0.0,0.0,0.0,0.0,80.7,19.3
20151220182810,0.0,0.0,0.0,0.0,0.0,0.0,69.5,30.5
20151220182840,0.0,0.0,0.0,0.0,0.0,0.0,96.9,3.1
20151220182910,0.0,0.0,0.0,0.0,0.0,0.0,86.7,13.3
20151220182940,0.0,0.0,0.0,0.0,0.0,0.0,97.8,2.2
20151220183010,0.0,0.0,0.0,0.0,0.0,0.0,84.3,15.7
20151220183040,0.0,0.0,0.0,0.0,0.0,0.0,89.8,10.2
20151220183110,0.0,0.0,0.0,0.0,0.0,0.0,97.3,2.7
20151220183140,0.0,0.0,0.0,0.0,0.0,0.0,82.4,17.6
20151220183210,0.0,0.0,0.0,0.0,0.0,0.0,57.6,42.4
20151220183240,0.0,0.0,0.0,0.0,0.0,0.0,71.2,28.8
20151220183310,0.0,0.0,0.0,0.0,0.0,0.0,96.9,3.1
20151220183340,0.0,0.0,0.0,0.0,0.0,0.0,87.0,13.0
20151220183410,0.0,0.0,0.0,0.0,0.0,0.0,82.4,17.5
20151220183440,0.0,0.0,0.0,0.0,0.0,0.0,96.3,3.7
20151220183510,0.0,0.0,0.0,0.0,0.0,0.0,72.6,27.4
20151220183540,0.0,0.0,0.0,0.0,0.0,0.0,70.5,29.5
20151220183610,0.0,0.0,0.0,0.0,0.0,0.0,74.2,25.8
20151220183640,0.0,0.0,0.0,0.0,0.0,0.0,59.0,41.0
20151220183710,0.0,0.0,0.0,0.0,0.0,0.0,87.2,12.8
20151220183740,0.0,0.0,0.0,0.0,0.0,0.0,74.0,26.0
20151220183810,0.0,0.0,0.0,0.0,0.0,0.0,96.1,3.9
20151220183840,0.0,0.0,0.0,0.0,0.0,0.0,96.3,3.7
20151220183910,0.0,0.0,0.0,0.0,0.0,0.0,96.9,3.1
20151220183940,0.0,0.0,0.0,0.0,0.0,0.0,75.9,24.1
20151220184010,0.0,0.0,0.0,0.0,0.0,0.0,99.0,1.0
20151220184040,0.0,0.0,0.0,0.0,0.0,0.0,94.9,5.1
20151220184110,0.0,0.0,0.0,0.0,0.0,0.0,61.5,38.5
20151220184140,0.0,0.0,0.0,0.0,0.0,0.0,37.0,63.0
20151220184210,0.0,0.0,0.0,0.0,0.0,0.0,85.1,14.9
20151220184240,0.0,0.0,0.0,0.0,0.0,0.0,92.2,7.8
20151220184310,0.0,0.0,0.0,0.0,0.0,0.0,78.4,21.6
20151220184340,0.0,0.0,0.0,0.0,0.0,0.0,71.9,28.1
20151220184410,0.0,0.0,0.0,0.0,0.0,0.0,88.6,11.3
20151220184440,0.0,0.0,0.0,0.0,0.0,0.0,90.6,9.4
20151220184510,0.0,0.0,0.0,0.0,0.0,0.0,91.7,8.3
20151220184540,0.0,0.0,0.0,0.0,0.0,0.0,97.4,2.6
20151220184610,0.0,0.0,0.0,0.0,0.0,0.0,76.2,23.8
20151220184640,0.0,0.0,0.0,0.0,0.0,0.0,94.8,5.2
20151220184711,0.0,0.0,0.0,0.0,0.0,0.0,94.5,5.5
20151220184741,0.0,0.0,0.0,0.0,0.0,0.0,94.9,5.0
20151220184811,0.0,0.0,0.0,0.0,0.0,0.0,99.2,0.8
20151220184841,0.0,0.0,0.0,0.0,0.0,0.0,60.7,39.3
20151220184911,0.0,0.0,0.0,0.0,0.0,0.0,81.6,18.4
20151220184941,0.0,0.0,0.0,0.0,0.0,0.0,57.1,42.9
20151220185011,0.0,0.0,0.0,0.0,0.0,0.0,85.9,14.1
20151220185041,0.0,0.0,0.0,0.0,0.0,0.0,82.5,17.5
20151220185111,0.0,0.0,0.0,0.0,0.0,0.0,91.2,8.8
20151220185141,0.0,0.0,0.0,0.0,0.0,0.0,76.5,23.4
20151220185211,0.0,0.0,0.0,0.0,0.0,0.0,91.5,8.5
20151220185241,0.0,0.0,0.0,0.0,0.0,0.0,93.0,7.0
20151220185311,0.0,0.0,0.0,0.0,0.0,0.0,99.2,0.8
20151220185341,0.0,0.0,0.0,0.0,0.0,0.0,98.5,1.5
20151220185411,0.0,0.0,0.0,0.0,0.0,0.0,95.6,4.4
20151220185441,0.0,0.0,0.0,0.0,0.0,0.0,99.3,0.7
20151220185511,0.0,0.0,0.0,0.0,0.0,0.0,80.8,19.2
20151220185541,0.0,0.0,0.0,0.0,0.0,0.0,97.6,2.4
20151220185611,0.0,0.0,0.0,0.0,0.0,0.0,77.8,22.2
20151220185641,0.0,0.0,0.0,0.0,0.0,0.0,79.5,20.5
20151220185711,0.0,0.0,0.0,0.0,0.0,0.0,8.3,91.7
20151220185741,0.0,0.0,0.0,0.0,0.0,0.0,69.1,30.9
20151220185811,0.0,0.0,0.0,0.0,0.0,0.0,5.7,94.3
20151220185841,0.0,0.0,0.0,0.0,0.0,0.0,4.6,95.4
20151220185911,0.0,0.0,0.0,0.0,0.0,0.0,36.0,64.0
20151220185941,0.0,0.0,0.0,0.0,0.0,0.0,24.8,75.2
20151220190011,0.0,0.0,0.0,0.0,0.0,0.0,71.8,28.2
20151220190041,0.0,0.0,0.0,0.0,0.0,0.0,91.0,9.0
20151220190111,0.0,0.0,0.0,0.0,0.0,0.0,21.3,78.6
20151220190141,0.0,0.0,0.0,0.0,0.0,0.0,69.0,31.0
20151220190211,0.0,0.0,0.0,0.0,0.0,0.0,54.3,45.7
20151220190241,0.0,0.0,0.0,0.0,0.0,0.0,31.1,68.9
20151220190311,0.0,0.0,0.0,0.0,0.0,0.0,52.8,47.2
20151220190341,0.0,0.0,0.0,0.0,0.0,0.0,15.3,84.7
20151220190411,0.0,0.0,0.0,0.0,0.0,0.0,58.9,41.1
20151220190441,0.0,0.0,0.0,0.0,0.0,0.0,49.8,50.1
20151220190511,0.0,0.0,0.0,0.0,0.0,0.0,97.9,2.1
20151220190541,0.0,0.0,0.0,0.0,0.0,0.0,75.5,24.5
20151220190611,0.0,0.0,0.0,0.0,0.0,0.0,98.8,1.2
20151220190641,0.0,0.0,0.0,0.0,0.0,0.0,93.5,6.5
20151220190711,0.0,0.0,0.0,0.0,0.0,0.0,95.7,4.3
20151220190741,0.0,0.0,0.0,0.0,0.0,0.0,95.3,4.7
20151220190811,0.0,0.0,0.0,0.0,0.0,0.0,97.8,2.2
20151220190841,0.0,0.0,0.0,0.0,0.0,0.0,99.9,0.1
20151220190911,0.0,0.0,0.0,0.0,0.0,0.0,99.4,0.6
20151220190941,0.0,0.0,0.0,0.0,0.0,0.0,95.2,4.8
20151220191011,0.0,0.0,0.0,0.0,0.0,0.0,95.5,4.5
20151220191041,0.0,0.0,0.0,0.0,0.0,0.0,72.9,27.1
20151220191111,0.0,0.0,0.0,0.0,0.0,0.0,54.6,45.4
20151220191141,0.0,0.0,0.0,0.0,0.0,0.0,77.2,22.8
20151220191211,0.0,0.0,0.0,0.0,0.0,0.0,58.4,41.6
20151220191241,0.0,0.0,0.0,0.0,0.0,0.0,56.4,43.6
20151220191311,0.0,0.0,0.0,0.0,0.0,0.0,98.7,1.3
20151220191341,0.0,0.0,0.0,0.0,0.0,0.0,61.1,38.9
20151220191411,0.0,0.0,0.0,0.0,0.0,0.0,31.5,68.5
20151220191441,0.0,0.0,0.0,0.0,0.0,0.0,74.3,25.7
20151220191511,0.0,0.0,0.0,0.0,0.0,0.0,38.9,61.1
20151220191541,0.0,0.0,0.0,0.0,0.0,0.0,29.7,70.3
20151220191611,0.0,0.0,0.0,0.0,0.0,0.0,75.4,24.6
20151220191641,0.0,0.0,0.0,0.0,0.0,0.0,58.1,41.9
20151220191711,0.0,0.0,0.0,0.0,0.0,0.0,58.5,41.5
20151220191741,0.0,0.0,0.0,0.0,0.0,0.0,23.4,76.6
20151220191811,0.0,0.0,0.0,0.0,0.0,0.0,1.2,98.8
20151220191841,0.0,0.0,0.0,0.0,0.0,0.0,0.1,99.9
20151220191912,0.0,0.0,0.0,0.0,0.0,0.0,97.8,2.2
20151220191942,0.0,0.0,0.0,0.0,0.0,0.0,95.8,4.2
20151220192012,0.0,0.0,0.0,0.0,0.0,0.0,91.7,8.3
20151220192042,0.0,0.0,0.0,0.0,0.0,0.0,61.8,38.2
20151220192112,0.0,0.0,0.0,0.0,0.0,0.0,83.5,16.5
20151220192142,0.0,0.0,0.0,0.0,0.0,0.0,97.1,2.9
20151220192212,0.0,0.0,0.0,0.0,0.0,0.0,94.2,5.8
20151220192242,0.0,0.0,0.0,0.0,0.0,0.0,99.4,0.6
20151220192312,0.0,0.0,0.0,0.0,0.0,0.0,98.7,1.3
20151220192342,0.0,0.0,0.0,0.0,0.0,0.0,60.4,39.6
20151220192412,0.0,0.0,0.0,0.0,0.0,0.0,83.0,17.0
20151220192442,0.0,0.0,0.0,0.0,0.0,0.0,90.3,9.7
20151220192512,0.0,0.0,0.0,0.0,0.0,0.0,87.1,12.9
20151220192542,0.0,0.0,0.0,0.0,0.0,0.0,99.5,0.5
20151220192612,0.0,0.0,0.0,0.0,0.0,0.0,94.2,5.8
20151220192642,0.0,0.0,0.0,0.0,0.0,0.0,89.1,10.9
20151220192712,0.0,0.0,0.0,0.0,0.0,0.0,73.9,26.1
20151220192742,0.0,0.0,0.0,0.0,0.0,0.0,75.1,24.9
20151220192812,0.0,0.0,0.0,0.0,0.0,0.0,53.4,46.5
20151220192842,0.0,0.0,0.0,0.0,0.0,0.0,26.6,73.4
20151220192912,0.0,0.0,0.0,0.0,0.0,0.0,78.3,21.7
20151220192942,0.0,0.0,0.0,0.0,0.0,0.0,10.7,89.3
20151220193012,0.0,0.0,0.0,0.0,0.0,0.0,77.1,22.9
20151220193042,0.0,0.0,0.0,0.0,0.0,0.0,26.2,73.8
20151220193112,0.0,0.0,0.0,0.0,0.0,0.0,42.8,57.2
20151220193142,0.0,0.0,0.0,0.0,0.0,0.0,62.9,37.1
20151220193212,0.0,0.0,0.0,0.0,0.0,0.0,24.7,75.3
20151220193242,0.0,0.0,0.0,0.0,0.0,0.0,54.7,45.3
20151220193312,0.0,0.0,0.0,0.0,0.0,0.0,22.1,77.9
20151220193342,0.0,0.0,0.0,0.0,0.0,0.0,25.3,74.7
20151220193412,0.0,0.0,0.0,0.0,0.0,0.0,23.6,76.4
20151220193442,0.0,0.0,0.0,0.0,0.0,0.0,31.1,68.9
20151220193512,0.0,0.0,0.0,0.0,0.0,0.0,34.1,65.9
20151220193542,0.0,0.0,0.0,0.0,0.0,0.0,97.3,2.7
20151220193612,0.0,0.0,0.0,0.0,0.0,0.0,71.5,28.5
20151220193642,0.0,0.0,0.0,0.0,0.0,0.0,88.8,11.2
20151220193712,0.0,0.0,0.0,0.0,0.0,0.0,76.6,23.4
20151220193742,0.0,0.0,0.0,0.0,0.0,0.0,77.1,22.9
20151220193812,0.0,0.0,0.0,0.0,0.0,0.0,45.4,54.6
20151220193842,0.0,0.0,0.0,0.0,0.0,0.0,72.4,27.6
20151220193912,0.0,0.0,0.0,0.0,0.0,0.0,61.2,38.8
20151220193942,0.0,0.0,0.0,0.0,0.0,0.0,51.8,48.2
20151220194012,0.0,0.0,0.0,0.0,0.0,0.0,54.7,45.3
20151220194042,0.0,0.0,0.0,0.0,0.0,0.0,78.8,21.2
20151220194112,0.0,0.0,0.0,0.0,0.0,0.0,49.3,50.7
20151220194142,0.0,0.0,0.0,0.0,0.0,0.0,76.0,24.0
20151220194212,0.0,0.0,0.0,0.0,0.0,0.0,88.9,11.1
20151220194242,0.0,0.0,0.0,0.0,0.0,0.0,57.0,43.0
20151220194312,0.0,0.0,0.0,0.0,0.0,0.0,86.9,13.1
20151220194342,0.0,0.0,0.0,0.0,0.0,0.0,87.7,12.3
20151220194412,0.0,0.0,0.0,0.0,0.0,0.0,68.0,31.9
20151220194442,0.0,0.0,0.0,0.0,0.0,0.0,75.7,24.2
20151220194512,0.0,0.0,0.0,0.0,0.0,0.0,66.0,34.0
20151220194542,0.0,0.0,0.0,0.0,0.0,0.0,88.6,11.4
20151220194612,0.0,0.0,0.0,0.0,0.0,0.0,78.4,21.6
20151220194642,0.0,0.0,0.0,0.0,0.0,0.0,49.7,50.2
20151220194712,0.0,0.0,0.0,0.0,0.0,0.0,48.6,51.4
20151220194742,0.0,0.0,0.0,0.0,0.0,0.0,24.1,75.8
20151220194812,0.0,0.0,0.0,0.0,0.0,0.0,32.5,67.5
20151220194843,0.0,0.0,0.0,0.0,0.0,0.0,15.3,84.7
20151220194913,0.0,0.0,0.0,0.0,0.0,0.0,20.4,79.6
20151220194943,0.0,0.0,0.0,0.0,0.0,0.0,9.4,90.5
20151220195013,0.0,0.0,0.0,0.0,0.0,0.0,13.4,86.6
20151220195043,0.0,0.0,0.0,0.0,0.0,0.0,24.3,75.7
20151220195113,0.0,0.0,0.0,0.0,0.0,0.0,18.2,81.8
20151220195143,0.0,0.0,0.0,0.0,0.0,0.0,3.7,96.3
20151220195213,0.0,0.0,0.0,0.0,0.0,0.0,6.7,93.3
20151220195243,0.0,0.0,0.0,0.0,0.0,0.0,37.4,62.6
20151220195313,0.0,0.0,0.0,0.0,0.0,0.0,1.7,98.3
20151220195343,0.0,0.0,0.0,0.0,0.0,0.0,6.7,93.3
20151220195413,0.0,0.0,0.0,0.0,0.0,0.0,1.5,98.5
20151220195443,0.0,0.0,0.0,0.0,0.0,0.0,1.4,98.5
20151220195513,0.0,0.0,0.0,0.0,0.0,0.0,13.6,86.4
20151220195543,0.0,0.0,0.0,0.0,0.0,0.0,14.4,85.6
20151220195613,0.0,0.0,0.0,0.0,0.0,0.0,2.7,97.3
20151220195643,0.0,0.0,0.0,0.0,0.0,0.0,15.6,84.4
20151220195713,0.0,0.0,0.0,0.0,0.0,0.0,50.7,49.3
20151220195743,0.0,0.0,0.0,0.0,0.0,0.0,46.9,53.1
20151220195813,0.0,0.0,0.0,0.0,0.0,0.0,12.3,87.7
20151220195843,0.0,0.0,0.0,0.0,0.0,0.0,10.1,89.9
20151220195913,0.0,0.0,0.0,0.0,0.0,0.0,48.4,51.6
20151220195943,0.0,0.0,0.0,0.0,0.0,0.0,15.0,85.0
20151220200013,0.0,0.0,0.0,0.0,0.0,0.0,66.6,33.4
20151220200043,0.0,0.0,0.0,0.0,0.0,0.0,4.6,95.4
20151220200113,0.0,0.0,0.0,0.0,0.0,0.0,11.4,88.6
