UT,arc,discrete,diffuse,ac,ab,clear,cloudy,dd
20151004163800,0.0,0.0,0.0,0.0,0.0,0.0,0.1,99.9
20151004163830,0.0,0.0,0.0,0.0,0.0,0.0,0.0,100.0
20151004163900,0.0,0.0,0.0,0.0,0.0,0.0,0.0,100.0
20151004163930,0.0,0.0,0.0,0.0,0.0,0.0,0.0,100.0
20151004164001,0.0,0.0,0.0,0.0,0.0,0.0,0.0,100.0
20151004164031,0.0,0.0,0.0,0.0,0.0,0.0,0.0,100.0
20151004164101,0.0,0.0,0.0,0.0,0.0,0.0,0.0,100.0
20151004164131,0.0,0.0,0.0,0.0,0.0,0.0,0.0,100.0
20151004164201,0.0,0.0,0.0,0.0,0.0,0.0,0.0,100.0
20151004164231,0.0,0.0,0.0,0.0,0.0,0.0,0.0,100.0
20151004164301,0.0,0.0,0.0,0.0,0.0,0.0,0.0,100.0
20151004164331,0.0,0.0,0.0,0.0,0.0,0.0,0.0,100.0
20151004164401,0.0,0.0,0.0,0.0,0.0,0.0,0.0,100.0
20151004164431,0.0,0.0,0.0,0.0,0.0,0.0,0.0,100.0
20151004164501,0.0,0.0,0.0,0.0,0.0,0.0,0.0,100.0
20151004164531,0.0,0.0,0.0,0.0,0.0,0.0,0.0,100.0
20151004164601,0.0,0.0,0.0,0.0,0.0,0.0,0.0,100.0
20151004164631,0.0,0.0,0.0,0.0,0.0,0.0,0.0,100.0
20151004164701,0.0,0.0,0.0,0.0,0.0,0.0,0.0,100.0
20151004164731,0.0,0.0,0.0,0.0,0.0,0.0,0.0,100.0
20151004164801,0.0,0.0,0.0,0.0,0.0,0.0,0.0,100.0
20151004164831,0.0,0.0,0.0,0.0,0.0,0.0,0.0,100.0
20151004164901,0.0,0.0,0.0,0.0,0.0,0.0,0.0,100.0
20151004164931,0.0,0.0,0.0,0.0,0.0,0.0,0.0,100.0
20151004165001,0.0,0.0,0.0,0.0,0.0,0.0,0.0,100.0
20151004165031,0.0,0.0,0.0,0.0,0.0,0.0,0.0,100.0
20151004165101,0.0,0.0,0.0,0.0,0.0,0.0,0.0,100.0
20151004165131,0.0,0.0,0.0,0.0,0.0,0.0,0.0,100.0
20151004165201,0.0,0.0,0.0,0.0,0.0,0.0,0.0,100.0
20151004165231,0.0,0.0,0.0,0.0,0.0,0.0,0.0,100.0
20151004165301,0.0,0.0,0.0,0.0,0.0,0.0,0.0,100.0
20151004165331,0.0,0.0,0.0,0.0,0.0,0.0,0.0,100.0
20151004165401,0.0,0.0,0.0,0.0,0.0,0.0,0.0,100.0
20151004165431,0.0,0.0,0.0,0.0,0.0,0.0,0.0,100.0
20151004165501,0.0,0.0,0.0,0.0,0.0,0.0,0.0,100.0
20151004165531,0.0,0.0,0.0,0.0,0.0,0.0,0.0,100.0
20151004165601,0.0,0.0,0.0,0.0,0.0,0.0,0.0,100.0
20151004165631,0.0,0.0,0.0,0.0,0.0,0.0,0.0,100.0
20151004165701,0.0,0.0,0.0,0.0,0.0,0.0,0.0,100.0
20151004165731,0.0,0.0,0.0,0.0,0.0,0.0,0.0,100.0
20151004165801,0.0,0.0,0.0,0.0,0.0,0.0,0.0,100.0
20151004165831,0.0,0.0,0.0,0.0,0.0,0.0,0.0,100.0
20151004165901,0.0,0.0,0.0,0.0,0.0,0.0,0.0,100.0
20151004165931,0.0,0.0,0.0,0.0,0.0,0.0,0.0,100.0
20151004170001,0.0,0.0,0.0,0.0,0.0,0.0,0.0,100.0
20151004170031,0.0,0.0,0.0,0.0,0.0,0.0,0.0,100.0
20151004170101,0.0,0.0,0.0,0.0,0.0,0.0,0.0,100.0
20151004170131,0.0,0.0,0.0,0.0,0.0,0.0,0.0,100.0
20151004170201,0.0,0.0,0.0,0.0,0.0,0.0,0.0,100.0
20151004170231,0.0,0.0,0.0,0.0,0.0,0.0,0.0,100.0
20151004170301,0.0,0.0,0.0,0.0,0.0,0.0,0.0,100.0
20151004170331,0.0,0.0,0.0,0.0,0.0,0.0,0.0,100.0
20151004170401,0.0,0.0,0.0,0.0,0.0,0.0,0.0,100.0
20151004170431,0.0,0.0,0.0,0.0,0.0,0.0,0.0,100.0
20151004170501,0.0,0.0,0.0,0.0,0.0,0.0,0.0,100.0
20151004170531,0.0,0.0,0.0,0.0,0.0,0.0,0.0,100.0
20151004170601,0.0,0.0,0.0,0.0,0.0,0.0,0.0,100.0
20151004170631,0.0,0.0,0.0,0.0,0.0,0.0,0.0,100.0
20151004170701,0.0,0.0,0.0,0.0,0.0,0.0,0.0,100.0
20151004170732,0.0,0.0,0.0,0.0,0.0,0.0,0.0,100.0
20151004170802,0.0,0.0,0.0,0.0,0.0,0.0,0.0,100.0
20151004170832,0.0,0.0,0.0,0.0,0.0,0.0,0.0,100.0
20151004170902,0.0,0.0,0.0,0.0,0.0,0.0,0.0,100.0
20151004170932,0.0,0.0,0.0,0.0,0.0,0.0,0.0,100.0
20151004171002,0.0,0.0,0.0,0.0,0.0,0.0,0.0,100.0
20151004171032,0.0,0.0,0.0,0.0,0.0,0.0,0.0,100.0
20151004171102,0.0,0.0,0.0,0.0,0.0,0.0,0.0,100.0
20151004171132,0.0,0.0,0.0,0.0,0.0,0.0,0.0,100.0
20151004171202,0.0,0.0,0.0,0.0,0.0,0.0,0.0,100.0
20151004171232,0.0,0.0,0.0,0.0,0.0,0.0,0.0,100.0
20151004171302,0.0,0.0,0.0,0.0,0.0,0.0,0.0,100.0
20151004171332,0.0,0.0,0.0,0.0,0.0,0.0,0.0,100.0
20151004171402,0.0,0.0,0.0,0.0,0.0,0.0,0.0,100.0
20151004171432,0.0,0.0,0.0,0.0,0.0,0.0,0.0,100.0
20151004171502,0.0,0.0,0.0,0.0,0.0,0.0,0.0,100.0
20151004171532,0.0,0.0,0.0,0.0,0.0,0.0,0.0,100.0
20151004171602,0.0,0.0,0.0,0.0,0.0,0.0,0.0,100.0
20151004171632,0.0,0.0,0.0,0.0,0.0,0.0,0.0,100.0
20151004171702,0.0,0.0,0.0,0.0,0.0,0.0,0.0,100.0
20151004171732,0.0,0.0,0.0,0.0,0.0,0.0,0.0,100.0
20151004171802,0.0,0.0,0.0,0.0,0.0,0.0,0.0,100.0
20151004171832,0.0,0.0,0.0,0.0,0.0,0.0,0.0,100.0
20151004171902,0.0,0.0,0.0,0.0,0.0,0.0,0.0,100.0
20151004171932,0.0,0.0,0.0,0.0,0.0,0.0,0.0,100.0
20151004172002,0.0,0.0,0.0,0.0,0.0,0.0,0.0,100.0
20151004172032,0.0,0.0,0.0,0.0,0.0,0.0,0.0,100.0
20151004172102,0.0,0.0,0.0,0.0,0.0,0.0,0.0,100.0
20151004172132,0.0,0.0,0.0,0.0,0.0,0.0,0.0,100.0
20151004172202,0.0,0.0,0.0,0.0,0.0,0.0,0.0,100.0
20151004172232,0.0,0.0,0.0,0.0,0.0,0.0,0.0,100.0
20151004172302,0.0,0.0,0.0,0.0,0.0,0.0,0.0,100.0
20151004172332,0.0,0.0,0.0,0.0,0.0,0.0,0.0,100.0
20151004172402,0.0,0.0,0.0,0.0,0.0,0.0,0.0,100.0
20151004172432,0.0,0.0,0.0,0.0,0.0,0.0,0.0,100.0
20151004172502,0.0,0.0,0.0,0.0,0.0,0.0,0.0,100.0
20151004172532,0.0,0.0,0.0,0.0,0.0,0.0,0.0,100.0
20151004172602,0.0,0.0,0.0,0.0,0.0,0.0,0.0,100.0
20151004172632,0.0,0.0,0.0,0.0,0.0,0.0,0.0,100.0
20151004172702,0.0,0.0,0.0,0.0,0.0,0.0,0.0,100.0
20151004172732,0.0,0.0,0.0,0.0,0.0,0.0,0.0,100.0
20151004172802,0.0,0.0,0.0,0.0,0.0,0.0,0.0,100.0
20151004172832,0.0,0.0,0.0,0.0,0.0,0.0,0.0,100.0
20151004172902,0.0,0.0,0.0,0.0,0.0,0.0,0.0,100.0
20151004172932,0.0,0.0,0.0,0.0,0.0,0.0,0.0,100.0
20151004173002,0.0,0.0,0.0,0.0,0.0,0.0,0.0,100.0
20151004173032,0.0,0.0,0.0,0.0,0.0,0.0,0.0,100.0
20151004173102,0.0,0.0,0.0,0.0,0.0,0.0,0.0,100.0
20151004173132,0.0,0.0,0.0,0.0,0.0,0.0,0.0,100.0
20151004173202,0.0,0.0,0.0,0.0,0.0,0.0,0.0,100.0
20151004173232,0.0,0.0,0.0,0.0,0.0,0.0,0.0,100.0
20151004173302,0.0,0.0,0.0,0.0,0.0,0.0,0.0,100.0
20151004173332,0.0,0.0,0.0,0.0,0.0,0.0,0.0,100.0
20151004173402,0.0,0.0,0.0,0.0,0.0,0.0,0.0,100.0
20151004173432,0.0,0.0,0.0,0.0,0.0,0.0,0.0,100.0
20151004173502,0.0,0.0,0.0,0.0,0.0,0.0,0.0,100.0
20151004173532,0.0,0.0,0.0,0.0,0.0,0.0,0.0,100.0
20151004173602,0.0,0.0,0.0,0.0,0.0,0.0,0.0,100.0
20151004173632,0.0,0.0,0.0,0.0,0.0,0.0,0.0,100.0
20151004173702,0.0,0.0,0.0,0.0,0.0,0.0,0.0,100.0
20151004173732,0.0,0.0,0.0,0.0,0.0,0.0,0.0,100.0
20151004173932,0.0,0.0,0.0,0.0,0.0,0.0,0.0,100.0
20151004174002,0.0,0.0,0.0,0.0,0.0,0.0,0.0,100.0
20151004174032,0.0,0.0,0.0,0.0,0.0,0.0,0.0,100.0
20151004174102,0.0,0.0,0.0,0.0,0.0,0.0,0.0,100.0
20151004174133,0.0,0.0,0.0,0.0,0.0,0.0,0.0,100.0
20151004174203,0.0,0.0,0.0,0.0,0.0,0.0,0.0,100.0
20151004174233,0.0,0.0,0.0,0.0,0.0,0.0,0.0,100.0
20151004174303,0.0,0.0,0.0,0.0,0.0,0.0,0.0,100.0
20151004174333,0.0,0.0,0.0,0.0,0.0,0.0,0.0,100.0
20151004174403,0.0,0.0,0.0,0.0,0.0,0.0,0.0,100.0
20151004174433,0.0,0.0,0.0,0.0,0.0,0.0,0.0,100.0
20151004174503,0.0,0.0,0.0,0.0,0.0,0.0,0.0,100.0
20151004174533,0.0,0.0,0.0,0.0,0.0,0.0,0.0,100.0
20151004174603,0.0,0.0,0.0,0.0,0.0,0.0,0.0,100.0
20151004174633,0.0,0.0,0.0,0.0,0.0,0.0,0.0,100.0
20151004174703,0.0,0.0,0.0,0.0,0.0,0.0,0.0,100.0
20151004174733,0.0,0.0,0.0,0.0,0.0,0.0,0.0,100.0
20151004174803,0.0,0.0,0.0,0.0,0.0,0.0,0.2,99.8
20151004174833,0.0,0.0,0.0,0.0,0.0,0.0,0.0,100.0
20151004174903,0.0,0.0,0.0,0.0,0.0,0.0,0.2,99.8
20151004174933,0.0,0.0,0.0,0.0,0.0,0.0,0.0,100.0
20151004175003,0.0,0.0,0.0,0.0,0.0,0.0,0.0,100.0
20151004175033,0.0,0.0,0.0,0.0,0.0,0.0,0.0,100.0
20151004175103,0.0,0.0,0.0,0.0,0.0,0.0,0.2,99.8
20151004175133,0.0,0.0,0.0,0.0,0.0,0.0,0.0,100.0
20151004175203,0.0,0.0,0.0,0.0,0.0,0.0,0.0,100.0
20151004175233,0.0,0.0,0.0,0.0,0.0,0.0,0.0,100.0
20151004175303,0.0,0.0,0.0,0.0,0.0,0.0,0.0,100.0
20151004175333,0.0,0.0,0.0,0.0,0.0,0.0,0.0,100.0
20151004175403,0.0,0.0,0.0,0.0,0.0,0.0,0.0,100.0
20151004175433,0.0,0.0,0.0,0.0,0.0,0.0,0.0,100.0
20151004175503,0.0,0.0,0.0,0.0,0.0,0.0,0.0,100.0
20151004175533,0.0,0.0,0.0,0.0,0.0,0.0,0.0,100.0
20151004175603,0.0,0.0,0.0,0.0,0.0,0.0,0.0,100.0
20151004175633,0.0,0.0,0.0,0.0,0.0,0.0,0.0,100.0
20151004175703,0.0,0.0,0.0,0.0,0.0,0.0,0.0,100.0
20151004175733,0.0,0.0,0.0,0.0,0.0,0.0,0.0,100.0
20151004175803,0.0,0.0,0.0,0.0,0.0,0.0,0.0,100.0
20151004175833,0.0,0.0,0.0,0.0,0.0,0.0,0.1,99.9
20151004175903,0.0,0.0,0.0,0.0,0.0,0.0,0.2,99.8
20151004175933,0.0,0.0,0.0,0.0,0.0,0.0,0.5,99.5
20151004180003,0.0,0.0,0.0,0.0,0.0,0.0,1.1,98.9
20151004180033,0.0,0.0,0.0,0.0,0.0,0.0,3.0,97.0
20151004180103,0.0,0.0,0.0,0.0,0.0,0.0,0.4,99.6
20151004180133,0.0,0.0,0.0,0.1,0.0,0.0,5.8,94.2
20151004180203,0.0,0.0,0.0,0.0,0.0,0.0,16.7,83.3
20151004180233,0.0,0.0,0.0,0.0,0.0,0.0,1.1,98.9
20151004180303,0.0,0.0,0.0,0.0,0.0,0.0,0.1,99.9
20151004180333,0.0,0.0,0.0,0.0,0.0,0.0,0.2,99.8
20151004180403,0.0,0.0,0.0,0.0,0.0,0.0,1.2,98.8
20151004180433,0.0,0.0,0.0,0.0,0.0,0.0,1.2,98.8
20151004180503,0.0,0.0,0.0,0.0,0.0,0.0,1.3,98.7
20151004180533,0.0,0.0,0.0,0.0,0.0,0.0,2.5,97.5
20151004180603,0.0,0.0,0.0,0.0,0.0,0.0,1.7,98.3
20151004180633,0.0,0.0,0.0,0.0,0.0,0.0,2.5,97.5
20151004180703,0.0,0.0,0.0,0.0,0.0,0.0,0.2,99.8
20151004180733,0.0,0.0,0.0,0.0,0.0,0.0,0.5,99.5
20151004180803,0.0,0.0,0.0,0.0,0.0,0.0,0.2,99.7
20151004180833,0.0,0.0,0.0,0.0,0.0,0.0,0.2,99.8
20151004180903,0.0,0.0,0.0,0.0,0.0,0.0,0.1,99.9
20151004180933,0.0,0.0,0.0,0.0,0.0,0.0,0.4,99.6
20151004181003,0.0,0.0,0.0,0.0,0.0,0.0,0.1,99.9
20151004181033,0.0,0.0,0.0,0.0,0.0,0.0,0.0,100.0
20151004181103,0.0,0.0,0.0,0.0,0.0,0.0,0.1,99.9
20151004181133,0.0,0.0,0.0,0.0,0.0,0.0,0.0,100.0
20151004181203,0.0,0.0,0.0,0.0,0.0,0.0,0.0,100.0
20151004181233,0.0,0.0,0.0,0.0,0.0,0.0,0.1,99.9
20151004181303,0.0,0.0,0.0,0.0,0.0,0.0,0.0,100.0
20151004181333,0.0,0.0,0.0,0.0,0.0,0.0,0.0,100.0
20151004181403,0.0,0.0,0.0,0.0,0.0,0.0,0.1,99.9
20151004181433,0.0,0.0,0.0,0.0,0.0,0.0,0.1,99.9
20151004181503,0.0,0.0,0.0,0.0,0.0,0.0,0.2,99.8
20151004181533,0.0,0.0,0.0,0.0,0.0,0.0,0.6,99.4
20151004181604,0.0,0.0,0.0,0.5,0.0,0.0,0.2,99.3
20151004181634,0.0,0.0,0.0,4.7,0.0,0.2,1.1,93.9
20151004181704,0.0,0.0,0.0,6.4,0.0,0.2,0.5,92.9
20151004181734,0.0,0.0,0.0,0.4,0.0,0.0,1.2,98.5
20151004181804,0.0,0.0,0.0,0.3,0.0,0.0,9.6,90.1
20151004181834,0.0,0.0,0.0,0.8,0.0,0.0,12.3,86.9
20151004181904,0.0,0.0,0.0,1.3,0.0,0.0,23.9,74.8
20151004181934,0.0,0.0,0.0,5.0,0.0,0.0,49.2,45.7
20151004182004,0.0,0.0,0.0,28.3,0.0,0.0,7.2,64.5
20151004182034,0.0,0.0,0.0,12.2,0.0,0.0,34.0,53.8
20151004182104,0.0,0.0,0.0,1.3,0.0,0.0,80.3,18.4
20151004182134,0.0,0.0,0.0,5.1,0.0,0.0,38.9,56.0
20151004182204,0.0,0.0,0.1,60.0,0.0,0.1,22.1,17.7
20151004182234,0.0,0.0,0.0,2.0,0.0,0.0,91.7,6.2
20151004182304,0.0,0.0,0.0,2.2,0.0,0.1,91.6,6.1
20151004182334,0.0,0.0,0.0,2.4,0.0,0.1,93.2,4.3
20151004182404,0.0,0.0,0.0,0.8,0.0,0.1,92.4,6.6
20151004182434,0.0,0.0,0.0,0.4,0.0,0.0,98.6,1.0
20151004182504,0.0,0.0,0.0,0.2,0.0,0.0,99.3,0.4
20151004182534,0.0,0.0,0.0,0.3,0.0,0.1,99.0,0.6
20151004182604,0.0,0.0,0.0,0.3,0.0,0.1,99.2,0.4
20151004182634,0.0,0.0,0.0,0.2,0.0,0.2,99.2,0.4
20151004182704,0.0,0.0,0.0,0.1,0.0,0.4,99.0,0.6
20151004182734,0.0,0.0,0.0,0.1,0.0,0.0,99.8,0.1
20151004182804,0.0,0.0,0.0,0.0,0.0,0.1,99.9,0.0
20151004182834,0.0,0.0,0.0,0.0,0.0,0.2,99.7,0.1
20151004182904,0.0,0.0,0.0,0.0,0.0,0.1,99.8,0.1
20151004182934,0.0,0.0,0.0,0.0,0.0,0.0,99.9,0.0
20151004183004,0.0,0.0,0.0,0.0,0.0,0.5,99.4,0.0
20151004183034,0.0,0.0,0.0,0.0,0.0,1.5,98.4,0.1
20151004183104,0.0,0.0,0.0,0.0,0.0,0.2,99.8,0.0
20151004183134,0.0,0.0,0.0,0.0,0.0,1.4,98.6,0.0
20151004183204,0.0,0.0,0.0,0.1,0.0,2.2,97.6,0.1
20151004183234,0.0,0.0,0.0,0.1,0.0,7.1,92.6,0.2
20151004183304,0.0,0.0,0.0,0.1,0.0,5.5,94.1,0.2
20151004183334,0.0,0.0,0.0,0.0,0.0,11.7,88.1,0.1
20151004183404,0.0,0.0,0.0,0.1,0.0,4.8,94.9,0.2
20151004183434,0.0,0.0,0.0,0.0,0.0,5.8,94.1,0.1
20151004183504,0.7,0.0,0.9,0.4,0.0,59.8,37.3,0.9
20151004183534,0.0,0.0,0.0,0.0,0.0,3.5,96.4,0.1
20151004183604,0.0,0.0,0.0,0.0,0.0,11.7,88.2,0.1
20151004183634,0.2,0.0,0.5,0.1,0.0,21.7,77.0,0.6
20151004183704,0.0,0.0,0.1,0.0,0.0,63.8,35.3,0.8
20151004183734,0.0,0.0,0.1,0.0,0.0,15.0,84.1,0.8
20151004183804,0.1,0.0,0.3,0.0,0.0,40.8,58.0,0.8
20151004183834,0.1,0.0,0.3,0.0,0.0,48.4,50.2,1.0
20151004183904,0.0,0.0,0.0,0.0,0.0,19.2,80.6,0.2
20151004183934,0.0,0.0,0.3,0.0,0.0,33.0,66.0,0.7
20151004184004,0.0,0.0,0.1,0.0,0.0,20.7,78.7,0.5
20151004184034,0.0,0.0,0.1,0.0,0.0,18.6,81.2,0.2
20151004184104,0.0,0.0,0.1,0.0,0.0,21.6,77.5,0.8
20151004184134,0.0,0.0,0.1,0.0,0.0,29.5,68.2,2.2
20151004184204,0.0,0.0,0.2,0.0,0.0,50.1,46.4,3.3
20151004184234,0.0,0.0,0.4,0.0,0.0,33.7,61.6,4.3
20151004184304,0.0,0.0,0.6,0.0,0.0,31.1,61.2,7.1
20151004184335,0.0,0.0,0.8,0.0,0.0,15.1,82.3,1.8
20151004184405,0.0,0.0,0.1,0.0,0.0,22.4,77.1,0.4
20151004184435,0.0,0.0,0.1,0.0,0.0,4.4,94.7,0.8
20151004184505,0.0,0.0,0.1,0.1,0.0,7.2,92.1,0.6
20151004184535,0.0,0.0,0.0,0.0,0.0,3.3,96.0,0.7
20151004184605,0.0,0.0,0.0,0.0,0.0,3.1,96.0,0.8
20151004184635,0.0,0.0,0.1,0.2,0.0,2.0,96.0,1.6
20151004184705,0.0,0.0,0.0,1.2,0.0,1.3,94.0,3.4
20151004184735,0.0,0.0,0.0,0.5,0.0,1.0,97.4,1.0
20151004184805,0.0,0.0,0.1,1.6,0.0,0.4,96.3,1.6
20151004184835,0.0,0.0,0.1,2.8,0.0,0.5,95.2,1.3
20151004184905,0.0,0.0,0.0,0.8,0.0,0.1,98.4,0.7
20151004184935,0.0,0.0,0.1,3.4,0.0,0.1,94.1,2.4
20151004185005,0.0,0.0,0.0,0.3,0.0,0.0,98.8,0.9
20151004185035,0.0,0.0,0.1,0.4,0.0,0.1,96.6,2.8
20151004185105,0.0,0.0,0.4,5.3,0.0,0.3,90.8,3.2
20151004185135,0.0,0.0,0.0,0.1,0.0,0.1,99.3,0.5
20151004185205,0.0,0.0,0.0,0.9,0.0,0.0,97.9,1.0
20151004185235,0.0,0.0,0.0,0.3,0.0,0.1,97.1,2.4
20151004185305,0.0,0.0,0.0,0.0,0.0,0.0,99.5,0.4
20151004185335,0.0,0.0,0.0,0.2,0.0,0.1,98.3,1.4
20151004185405,0.0,0.0,0.0,0.1,0.0,0.1,99.6,0.3
20151004185435,0.0,0.0,0.0,0.1,0.0,0.7,93.1,6.0
20151004185505,0.0,0.0,0.0,0.7,0.0,0.2,97.7,1.4
20151004185535,0.0,0.0,0.0,0.3,0.0,1.1,81.3,17.3
20151004185605,0.0,0.0,0.1,2.6,0.0,1.7,92.6,3.0
20151004185635,0.0,0.0,0.0,0.4,0.0,0.8,96.5,2.2
20151004185705,0.0,0.0,0.1,0.1,0.0,0.9,96.6,2.2
20151004185735,0.0,0.0,0.0,0.1,0.0,1.5,98.1,0.3
20151004185805,0.0,0.0,0.0,0.2,0.0,1.1,97.5,1.1
20151004185835,0.0,0.0,0.1,0.1,0.0,1.3,94.1,4.4
20151004185905,0.0,0.0,0.0,0.4,0.0,0.4,98.9,0.3
20151004185935,0.0,0.0,0.0,0.0,0.0,0.1,98.6,1.2
20151004190005,0.0,0.0,0.0,0.1,0.0,0.6,97.2,2.1
20151004190035,0.0,0.0,0.1,0.2,0.0,0.8,97.2,1.7
20151004190105,0.0,0.0,0.0,0.3,0.0,0.2,98.9,0.6
20151004190135,0.0,0.0,0.0,0.2,0.0,0.3,98.3,1.2
20151004190205,0.0,0.0,0.0,0.2,0.0,0.1,84.0,15.6
20151004190235,0.0,0.0,0.1,1.6,0.0,0.8,90.7,6.8
20151004190305,0.0,0.0,0.0,0.4,0.0,0.2,90.7,8.7
20151004190335,0.0,0.0,0.0,7.6,0.0,0.1,89.4,2.8
20151004190405,0.0,0.0,0.0,0.3,0.0,0.1,97.6,1.9
20151004190435,0.0,0.0,0.0,0.4,0.0,0.0,98.1,1.5
20151004190505,0.0,0.0,0.0,0.4,0.0,0.1,97.7,1.7
20151004190535,0.0,0.0,0.0,0.7,0.0,0.0,98.3,1.0
20151004190605,0.0,0.0,0.1,1.5,0.0,0.0,86.5,11.7
20151004190635,0.0,0.0,0.1,3.4,0.0,0.0,93.0,3.4
20151004190705,0.0,0.0,0.2,1.0,0.0,0.0,94.6,4.2
20151004190735,0.0,0.0,0.2,4.3,0.0,0.1,87.0,8.5
20151004190805,0.0,0.0,0.0,6.1,0.0,0.0,90.6,3.3
20151004190835,0.0,0.0,0.0,2.7,0.0,0.0,93.3,3.9
20151004190905,0.0,0.0,0.0,0.6,0.0,0.1,98.0,1.3
20151004190935,0.0,0.0,0.0,1.0,0.0,0.0,98.3,0.6
20151004191005,0.0,0.0,0.1,0.6,0.0,0.0,98.1,1.2
20151004191035,0.0,0.0,0.0,0.2,0.0,0.0,99.5,0.2
20151004191105,0.0,0.0,0.0,0.2,0.0,0.1,99.1,0.6
20151004191135,0.0,0.0,0.0,0.1,0.0,0.0,99.8,0.1
20151004191205,0.0,0.0,0.0,0.0,0.0,0.1,99.4,0.4
20151004191235,0.0,0.0,0.0,0.1,0.0,0.0,99.7,0.2
20151004191305,0.0,0.0,0.0,0.0,0.0,0.0,99.6,0.4
20151004191335,0.0,0.0,0.0,0.0,0.0,0.0,99.8,0.1
20151004191405,0.0,0.0,0.0,0.0,0.0,0.0,99.7,0.2
20151004191435,0.0,0.0,0.0,0.0,0.0,0.1,99.7,0.2
20151004191505,0.0,0.0,0.0,0.0,0.0,0.0,99.8,0.2
20151004191535,0.0,0.0,0.0,0.0,0.0,0.0,99.8,0.2
20151004191605,0.0,0.0,0.0,0.0,0.0,0.0,99.3,0.6
20151004191635,0.0,0.0,0.0,0.0,0.0,0.0,99.7,0.3
20151004191705,0.0,0.0,0.0,0.0,0.0,0.0,99.8,0.2
20151004191736,0.0,0.0,0.0,0.0,0.0,0.0,99.7,0.3
20151004191806,0.0,0.0,0.0,0.0,0.0,0.0,99.3,0.6
20151004191836,0.0,0.0,0.0,0.0,0.0,0.0,99.7,0.3
20151004191906,0.0,0.0,0.0,0.0,0.0,0.2,91.4,8.3
20151004191936,0.0,0.0,0.0,0.0,0.0,0.5,99.0,0.4
20151004192006,0.1,0.0,0.0,0.0,0.0,0.5,98.1,1.3
20151004192036,0.0,0.0,0.0,0.1,0.0,0.4,99.2,0.4
20151004192106,0.0,0.0,0.1,0.0,0.0,0.7,95.8,3.3
20151004192136,0.0,0.0,0.0,0.3,0.0,1.8,96.8,1.0
20151004192206,0.0,0.0,0.0,0.3,0.0,3.0,94.8,1.9
20151004192236,0.1,0.0,0.2,0.3,0.0,7.5,82.5,9.5
20151004192306,0.1,0.0,0.6,0.5,0.0,8.7,71.1,19.0
20151004192336,0.0,0.0,0.0,0.5,0.0,2.0,96.8,0.6
20151004192406,0.0,0.0,0.3,0.5,0.0,8.0,87.5,3.8
20151004192436,0.0,0.0,0.0,0.2,0.0,2.3,96.5,1.0
20151004192506,0.0,0.0,0.1,0.7,0.0,9.7,84.8,4.6
20151004192536,0.0,0.0,0.1,0.1,0.0,1.7,97.9,0.3
20151004192606,0.0,0.0,0.1,0.0,0.0,2.3,96.1,1.4
20151004192636,0.0,0.0,0.1,0.3,0.0,1.8,97.2,0.7
20151004192706,0.0,0.0,0.0,0.0,0.0,0.4,99.0,0.5
20151004192736,0.0,0.0,0.0,0.2,0.0,1.1,98.1,0.6
20151004192806,0.0,0.0,0.1,0.3,0.0,0.5,98.9,0.3
20151004192836,0.0,0.0,0.0,0.0,0.0,0.2,99.4,0.4
20151004192906,0.0,0.0,0.1,0.2,0.0,0.7,98.5,0.5
20151004192936,0.0,0.0,0.0,0.1,0.0,2.1,96.3,1.5
20151004193006,0.0,0.0,0.0,0.0,0.0,0.5,99.0,0.5
20151004193036,0.0,0.0,0.0,0.1,0.0,0.9,98.6,0.5
20151004193106,0.0,0.0,0.0,0.1,0.0,0.7,98.5,0.7
20151004193136,0.0,0.0,0.1,0.2,0.0,0.8,97.8,1.1
20151004193206,0.0,0.0,0.0,0.1,0.0,0.4,98.8,0.7
20151004193236,0.0,0.0,0.0,0.1,0.0,0.1,99.6,0.2
20151004193306,0.0,0.0,0.0,0.1,0.0,0.1,99.2,0.6
20151004193336,0.0,0.0,0.0,0.5,0.0,0.3,98.2,0.9
20151004193406,0.0,0.0,0.0,0.0,0.0,0.1,99.7,0.2
20151004193436,0.0,0.0,0.0,0.1,0.0,0.4,99.0,0.4
20151004193506,0.0,0.0,0.0,0.1,0.0,0.1,99.6,0.2
20151004193536,0.0,0.0,0.0,0.0,0.0,0.1,99.3,0.6
20151004193606,0.0,0.0,0.0,0.0,0.0,0.1,99.0,0.8
20151004193636,0.0,0.0,0.0,0.1,0.0,0.1,99.7,0.1
20151004193706,0.0,0.0,0.0,0.0,0.0,0.1,99.7,0.1
20151004193736,0.0,0.0,0.0,0.0,0.0,0.0,99.9,0.1
20151004193806,0.0,0.0,0.0,0.0,0.0,0.1,99.4,0.4
20151004193836,0.0,0.0,0.0,0.0,0.0,0.1,98.8,1.1
20151004193906,0.0,0.0,0.0,0.1,0.0,0.1,97.4,2.4
20151004193936,0.0,0.0,0.0,0.1,0.0,0.3,99.2,0.4
20151004194006,0.0,0.0,0.0,0.1,0.0,0.1,99.6,0.2
20151004194036,0.0,0.0,0.0,0.0,0.0,0.1,99.3,0.6
20151004194106,0.0,0.0,0.0,0.0,0.0,0.1,99.5,0.3
20151004194136,0.0,0.0,0.0,0.1,0.0,0.1,99.6,0.1
20151004194206,0.0,0.0,0.0,0.0,0.0,0.0,99.8,0.1
20151004194236,0.0,0.0,0.0,0.2,0.0,0.3,99.3,0.2
20151004194306,0.0,0.0,0.0,0.1,0.0,0.1,99.1,0.7
20151004194336,0.0,0.0,0.0,0.3,0.0,0.0,99.3,0.4
20151004194406,0.0,0.0,0.0,0.1,0.0,0.0,99.3,0.5
20151004194436,0.0,0.0,0.0,0.5,0.0,0.0,98.8,0.6
20151004194506,0.0,0.0,0.0,0.3,0.0,0.0,99.2,0.5
20151004194536,0.0,0.0,0.0,0.1,0.0,0.1,99.4,0.4
20151004194606,0.0,0.0,0.0,0.1,0.0,0.1,98.4,1.5
20151004194636,0.0,0.0,0.0,0.0,0.0,0.1,98.5,1.4
20151004194706,0.0,0.0,0.0,0.2,0.0,0.2,98.4,1.2
20151004194736,0.0,0.0,0.0,0.1,0.0,0.1,99.2,0.6
20151004194806,0.0,0.0,0.0,0.1,0.0,0.0,99.3,0.6
20151004194836,0.0,0.0,0.0,0.0,0.0,0.2,99.3,0.4
20151004194906,0.0,0.0,0.0,0.1,0.0,0.1,99.5,0.3
20151004194936,0.0,0.0,0.0,0.0,0.0,0.4,99.5,0.1
20151004195006,0.0,0.0,0.0,0.1,0.0,0.2,99.2,0.5
20151004195036,0.0,0.0,0.0,0.1,0.0,0.2,99.7,0.0
20151004195106,0.0,0.0,0.0,0.2,0.0,0.2,99.1,0.5
20151004195136,0.0,0.0,0.0,0.1,0.0,0.4,99.3,0.2
20151004195207,0.0,0.0,0.0,0.0,0.0,0.2,99.3,0.5
20151004195237,0.0,0.0,0.0,0.0,0.0,0.2,99.6,0.2
20151004195307,0.0,0.0,0.0,0.2,0.0,0.1,99.7,0.0
20151004195337,0.0,0.0,0.0,0.0,0.0,0.0,99.9,0.0
20151004195407,0.0,0.0,0.0,0.0,0.0,0.1,99.8,0.1
20151004195437,0.0,0.0,0.0,0.0,0.0,0.3,99.4,0.3
20151004195507,0.0,0.0,0.0,0.0,0.0,0.1,99.8,0.1
20151004195537,0.0,0.0,0.0,0.0,0.0,0.1,99.8,0.0
20151004195607,0.0,0.0,0.0,0.0,0.0,0.1,99.8,0.1
20151004195637,0.0,0.0,0.0,0.0,0.0,0.1,99.8,0.0
20151004195707,0.0,0.0,0.0,0.0,0.0,0.7,99.1,0.2
20151004195737,0.0,0.0,0.0,0.0,0.0,0.1,99.9,0.0
20151004195807,0.0,0.0,0.0,0.0,0.0,0.2,99.7,0.1
20151004195837,0.0,0.0,0.0,0.0,0.0,0.1,99.8,0.1
20151004195907,0.0,0.0,0.0,0.0,0.0,0.0,100.0,0.0
20151004195937,0.0,0.0,0.0,0.0,0.0,0.3,99.5,0.2
20151004200007,0.0,0.0,0.0,0.0,0.0,0.2,99.8,0.0
20151004200037,0.0,0.0,0.0,0.0,0.0,0.1,99.8,0.1
20151004200107,0.0,0.0,0.0,0.0,0.0,0.2,99.7,0.0
20151004200137,0.0,0.0,0.0,0.0,0.0,0.2,99.7,0.0
20151004200207,0.0,0.0,0.0,0.0,0.0,0.0,99.9,0.1
20151004200237,0.0,0.0,0.0,0.0,0.0,0.2,99.6,0.1
20151004200307,0.0,0.0,0.0,0.0,0.0,0.1,99.9,0.0
20151004200337,0.0,0.0,0.0,0.0,0.0,0.3,99.6,0.1
20151004200407,0.0,0.0,0.0,0.0,0.0,0.8,99.2,0.1
20151004200437,0.0,0.0,0.0,0.0,0.0,4.1,95.6,0.2
20151004200507,0.0,0.0,0.0,0.2,0.0,2.3,97.0,0.4
20151004200537,0.0,0.0,0.0,0.1,0.0,4.7,94.1,1.0
20151004200607,0.0,0.0,0.0,0.0,0.0,12.6,86.8,0.6
20151004200637,0.0,0.0,0.0,0.0,0.0,4.1,95.4,0.4
20151004200707,0.0,0.0,0.0,0.1,0.0,2.7,96.8,0.3
20151004200737,0.0,0.0,0.0,0.0,0.0,5.8,94.0,0.2
20151004200807,0.0,0.0,0.0,0.0,0.0,3.7,96.1,0.2
20151004200837,0.0,0.0,0.0,0.0,0.0,3.8,96.0,0.2
20151004200907,0.0,0.0,0.0,0.0,0.0,1.4,98.5,0.1
20151004200937,0.0,0.0,0.0,0.0,0.0,1.7,98.2,0.1
20151004201007,0.0,0.0,0.0,0.0,0.0,3.5,96.0,0.4
20151004201037,0.0,0.0,0.0,0.0,0.0,3.5,96.1,0.4
20151004201107,0.0,0.0,0.0,0.0,0.0,1.3,98.6,0.0
20151004201137,0.0,0.0,0.0,0.0,0.0,9.9,89.9,0.1
20151004201207,0.0,0.0,0.0,0.1,0.0,2.1,97.7,0.1
20151004201237,0.0,0.0,0.0,0.0,0.0,4.2,95.5,0.2
20151004201307,0.0,0.0,0.0,0.1,0.0,1.8,97.8,0.3
20151004201337,0.0,0.0,0.0,0.0,0.0,1.5,98.4,0.1
20151004201407,0.0,0.0,0.1,0.1,0.0,5.1,94.2,0.5
20151004201437,0.0,0.0,0.0,0.0,0.0,0.4,99.5,0.1
20151004201507,0.0,0.0,0.0,0.0,0.0,0.3,99.4,0.2
20151004201537,0.0,0.0,0.0,0.1,0.0,0.9,98.5,0.6
20151004201607,0.0,0.0,0.0,0.2,0.0,0.3,96.9,2.5
20151004201637,0.0,0.0,0.0,0.2,0.0,1.9,96.4,1.5
20151004201707,0.0,0.0,0.1,0.3,0.0,1.4,97.2,1.0
20151004201737,0.0,0.0,0.0,0.1,0.0,2.2,97.0,0.6
20151004201807,0.0,0.0,0.0,0.1,0.0,1.8,96.9,1.1
20151004201837,0.0,0.0,0.1,0.2,0.0,0.6,97.9,1.2
20151004201908,0.0,0.0,0.0,0.3,0.0,0.4,98.7,0.5
20151004201938,0.0,0.0,0.0,0.4,0.0,3.3,92.3,3.9
20151004202008,0.0,0.0,0.0,0.2,0.0,0.5,98.6,0.7
20151004202038,0.0,0.0,0.0,0.1,0.0,0.7,98.7,0.4
20151004202108,0.0,0.0,0.0,0.3,0.0,0.2,98.9,0.5
20151004202138,0.0,0.0,0.1,8.1,0.0,0.5,75.0,16.3
20151004202208,0.0,0.0,0.0,98.6,0.0,0.0,0.5,0.9
20151004202238,0.0,0.0,0.0,94.2,0.0,0.0,3.9,1.8
20151004202308,0.0,0.0,0.1,76.1,0.0,0.0,19.5,4.2
20151004202338,0.0,0.0,0.1,7.3,0.0,0.1,14.7,77.9
20151004202408,0.0,0.0,0.2,6.8,0.0,0.2,34.4,58.4
20151004202438,0.0,0.0,0.0,32.4,0.0,0.1,25.7,41.7
20151004202508,0.0,0.0,0.0,0.5,0.0,0.0,40.5,59.0
20151004202538,0.0,0.0,0.0,0.2,0.0,0.1,78.0,21.7
20151004202608,0.0,0.0,0.0,6.1,0.0,0.3,61.9,31.7
20151004202638,0.0,0.0,0.5,96.9,0.0,0.0,1.9,0.6
20151004202708,0.0,0.0,0.0,99.8,0.0,0.0,0.1,0.0
20151004202738,0.0,0.0,0.1,99.9,0.0,0.0,0.0,0.0
20151004202808,0.0,0.0,1.0,98.5,0.0,0.0,0.3,0.2
20151004202838,0.0,0.0,0.1,37.8,0.1,0.1,36.5,25.5
20151004202908,0.0,0.0,0.0,89.7,0.0,0.0,7.6,2.7
20151004202938,0.0,0.0,0.0,90.1,0.0,0.0,0.2,9.7
20151004203008,0.0,0.0,0.0,98.2,0.0,0.0,0.0,1.8
20151004203038,0.0,0.0,0.0,70.0,0.0,0.0,8.6,21.3
20151004203108,0.0,0.0,0.1,23.7,0.0,0.1,59.0,17.1
20151004203138,0.0,0.0,0.0,16.4,0.0,0.1,35.4,48.2
20151004203208,0.0,0.0,0.0,0.4,0.0,0.0,3.7,95.8
20151004203238,0.0,0.0,0.0,3.8,0.0,0.0,5.7,90.5
20151004203308,0.0,0.0,0.0,1.4,0.0,0.0,4.9,93.6
20151004203338,0.0,0.0,0.0,15.5,0.0,0.1,14.3,70.0
20151004203408,0.0,0.0,0.0,0.3,0.0,0.0,9.0,90.7
20151004203438,0.0,0.0,0.0,0.6,0.0,0.1,57.8,41.6
20151004203508,0.0,0.0,0.0,0.7,0.0,0.0,32.6,66.7
20151004203538,0.0,0.0,0.0,4.6,0.0,0.0,7.7,87.6
20151004203608,0.0,0.0,0.0,98.9,0.0,0.0,0.1,1.0
20151004203638,0.0,0.0,0.0,99.1,0.0,0.0,0.0,0.9
20151004203708,0.0,0.0,0.0,82.9,0.0,0.0,3.0,14.0
20151004203738,0.0,0.0,0.0,99.9,0.0,0.0,0.0,0.0
20151004203808,0.0,0.0,0.0,100.0,0.0,0.0,0.0,0.0
20151004203838,0.0,0.0,0.2,39.1,0.0,0.0,56.4,4.2
20151004203908,0.1,0.0,0.1,82.9,0.0,0.0,12.1,4.8
20151004203938,0.0,0.0,0.3,91.2,0.0,0.0,8.5,0.0
20151004204008,0.0,0.0,0.1,1.3,0.0,0.0,98.4,0.1
20151004204038,0.1,0.1,30.9,7.0,0.1,0.0,61.6,0.1
20151004204108,0.6,1.0,81.0,4.9,0.2,0.1,11.7,0.4
20151004204138,0.5,0.2,68.3,30.8,0.1,0.0,0.0,0.0
20151004204208,0.0,3.2,0.3,96.5,0.0,0.0,0.0,0.0
20151004204238,0.0,0.2,8.0,91.7,0.0,0.0,0.0,0.0
20151004204308,0.0,0.0,4.9,95.0,0.0,0.0,0.0,0.0
20151004204338,1.0,0.0,7.3,91.5,0.0,0.0,0.0,0.0
20151004204408,0.0,0.4,3.2,96.2,0.2,0.0,0.0,0.0
20151004204438,0.0,25.8,3.8,69.4,0.9,0.0,0.0,0.0
20151004204508,0.0,0.1,0.6,99.3,0.1,0.0,0.0,0.0
20151004204538,0.0,0.7,0.9,98.4,0.0,0.0,0.0,0.0
20151004204608,0.0,0.0,0.4,99.5,0.0,0.0,0.0,0.0
20151004204638,0.0,0.0,59.1,39.9,0.0,0.0,1.0,0.0
20151004204708,0.1,0.0,1.0,84.6,0.0,0.2,12.3,1.9
20151004204738,0.0,0.0,3.5,89.2,0.1,0.2,2.8,4.2
20151004204808,0.0,0.0,0.6,99.3,0.0,0.0,0.0,0.1
20151004204838,0.0,0.0,1.1,86.3,0.1,0.1,4.9,7.5
20151004204908,0.1,0.0,0.1,99.7,0.0,0.0,0.0,0.1
20151004204938,0.0,0.0,0.0,100.0,0.0,0.0,0.0,0.0
20151004205008,0.0,0.0,0.0,100.0,0.0,0.0,0.0,0.0
20151004205038,0.0,0.1,0.0,99.9,0.0,0.0,0.0,0.0
20151004205108,0.0,0.0,0.0,100.0,0.0,0.0,0.0,0.0
20151004205138,0.0,0.0,0.0,100.0,0.0,0.0,0.0,0.0
20151004205208,0.0,4.2,0.1,95.5,0.2,0.0,0.0,0.0
20151004205238,0.0,0.0,0.4,99.5,0.0,0.0,0.0,0.0
20151004205308,0.0,0.1,0.3,99.6,0.0,0.0,0.0,0.0
20151004205339,0.0,0.0,0.6,99.4,0.0,0.0,0.0,0.0
20151004205409,0.0,1.0,1.2,97.7,0.1,0.0,0.0,0.0
20151004205439,0.0,0.0,0.1,99.9,0.0,0.0,0.0,0.0
20151004205509,0.0,0.0,0.0,100.0,0.0,0.0,0.0,0.0
20151004205539,0.0,0.0,0.9,99.1,0.0,0.0,0.0,0.0
20151004205609,0.0,0.0,0.7,99.3,0.0,0.0,0.0,0.0
20151004205639,0.0,0.0,11.3,88.7,0.0,0.0,0.0,0.0
20151004205709,0.0,0.0,4.3,95.7,0.0,0.0,0.0,0.0
20151004205739,0.0,0.0,36.0,61.9,0.0,0.0,1.0,1.1
20151004205809,0.0,0.0,22.8,77.1,0.0,0.0,0.0,0.0
20151004205839,0.0,0.0,11.6,84.0,0.0,0.0,2.6,1.7
20151004205909,0.0,0.0,36.7,27.0,0.0,0.1,3.5,32.8
20151004205939,0.0,0.0,36.5,10.9,0.0,0.3,32.8,19.5
20151004210009,0.0,0.0,89.5,3.2,0.0,0.0,4.5,2.8
20151004210039,0.0,0.0,35.4,2.7,0.0,0.5,42.9,18.5
20151004210109,0.0,0.0,88.0,3.5,0.0,0.1,2.4,6.0
20151004210139,0.0,0.0,61.2,15.3,0.0,0.1,1.6,21.8
20151004210209,0.0,0.0,88.4,5.7,0.0,0.0,0.2,5.7
20151004210239,0.0,0.1,46.5,28.1,0.3,0.1,0.3,24.7
20151004210309,0.0,0.0,35.5,49.0,0.0,0.1,11.6,3.7
20151004210339,0.0,0.0,70.1,18.0,0.0,0.0,9.4,2.4
20151004210409,0.0,0.1,32.5,41.7,0.1,0.1,4.0,21.5
20151004210439,0.0,0.0,62.2,37.7,0.0,0.0,0.0,0.1
20151004210509,0.0,0.0,83.8,5.4,0.1,0.1,1.5,9.1
20151004210539,0.0,0.0,14.1,85.6,0.0,0.0,0.0,0.3
20151004210609,0.0,0.0,6.5,92.2,0.0,0.0,0.4,0.8
20151004210639,0.0,0.0,1.1,98.8,0.0,0.0,0.0,0.0
20151004210709,0.0,0.0,2.3,97.7,0.0,0.0,0.0,0.0
20151004210739,0.0,0.0,28.0,72.0,0.0,0.0,0.0,0.0
20151004210809,0.0,0.0,7.3,92.6,0.0,0.0,0.0,0.1
20151004210839,0.0,0.0,33.0,66.8,0.0,0.0,0.0,0.1
20151004210909,0.0,0.0,0.9,99.1,0.0,0.0,0.0,0.0
20151004210939,0.0,0.0,1.2,98.3,0.0,0.0,0.0,0.5
20151004211009,0.0,0.0,0.3,99.7,0.0,0.0,0.0,0.0
20151004211039,0.0,0.0,0.0,100.0,0.0,0.0,0.0,0.0
20151004211109,0.0,0.0,0.0,100.0,0.0,0.0,0.0,0.0
20151004211139,0.0,0.0,0.1,99.9,0.0,0.0,0.0,0.0
20151004211209,0.0,0.0,5.0,95.0,0.0,0.0,0.0,0.0
20151004211239,0.0,0.0,0.1,99.8,0.0,0.0,0.0,0.0
20151004211309,0.0,0.0,2.5,97.4,0.0,0.0,0.0,0.1
20151004211339,0.0,0.0,18.4,81.5,0.0,0.0,0.0,0.1
20151004211409,0.0,0.0,0.2,99.8,0.0,0.0,0.0,0.0
20151004211439,0.0,0.0,0.0,99.9,0.0,0.0,0.0,0.0
20151004211509,0.0,0.0,0.2,99.2,0.0,0.0,0.0,0.6
20151004211539,0.0,0.0,0.2,99.5,0.0,0.0,0.0,0.4
20151004211609,0.0,0.0,30.8,51.3,0.0,0.0,0.1,17.7
20151004211639,0.0,0.0,9.9,60.7,0.0,0.0,0.1,29.3
20151004211709,0.0,0.0,4.9,90.4,0.0,0.0,0.0,4.7
20151004211739,0.0,0.0,8.8,90.7,0.0,0.0,0.0,0.5
20151004211809,0.0,0.0,3.0,97.0,0.0,0.0,0.0,0.0
20151004211839,0.0,0.0,7.8,88.3,0.0,0.0,0.0,3.8
20151004211909,0.0,0.0,20.5,79.3,0.0,0.0,0.0,0.2
20151004211939,0.0,0.0,0.6,99.4,0.0,0.0,0.0,0.0
20151004212009,0.0,0.0,0.1,99.9,0.0,0.0,0.0,0.0
20151004212039,0.0,0.0,2.7,97.2,0.0,0.0,0.0,0.1
20151004212109,0.0,0.0,0.6,99.4,0.0,0.0,0.0,0.0
20151004212139,0.0,0.0,53.5,46.1,0.0,0.0,0.0,0.4
20151004212209,0.0,0.0,17.0,82.8,0.0,0.0,0.0,0.2
20151004212239,0.0,0.0,6.9,93.1,0.0,0.0,0.0,0.0
20151004212309,0.0,0.0,0.6,99.4,0.0,0.0,0.0,0.0
20151004212339,0.0,0.0,2.7,97.2,0.0,0.0,0.0,0.0
20151004212409,0.0,0.0,0.3,99.7,0.0,0.0,0.0,0.0
20151004212439,0.0,0.0,0.0,100.0,0.0,0.0,0.0,0.0
20151004212509,0.0,0.0,2.6,97.4,0.0,0.0,0.0,0.0
20151004212539,0.0,0.0,1.1,98.7,0.0,0.0,0.0,0.2
20151004212609,0.0,0.0,3.6,96.2,0.0,0.0,0.0,0.2
20151004212639,0.0,0.0,8.5,91.0,0.0,0.0,0.0,0.5
20151004212709,0.0,0.0,2.2,96.8,0.0,0.0,0.0,1.0
20151004212739,0.0,0.0,1.8,95.5,0.0,0.0,0.7,2.0
20151004212810,0.0,0.0,1.1,96.5,0.0,0.0,0.8,1.6
20151004212840,0.0,0.0,1.4,53.4,0.0,0.0,44.0,1.2
20151004212910,0.0,0.0,9.3,88.8,0.0,0.0,1.8,0.1
20151004212940,0.0,0.0,48.8,28.0,0.0,0.0,21.7,1.5
20151004213010,0.0,0.0,6.2,85.0,0.0,0.0,8.6,0.2
20151004213040,0.0,0.0,2.9,74.6,0.0,0.0,19.5,3.1
20151004213110,0.0,0.0,1.6,58.3,0.0,0.0,33.8,6.2
20151004213140,0.0,0.0,1.1,34.8,0.0,0.0,56.5,7.7
20151004213210,0.0,0.0,1.4,31.0,0.0,0.0,66.4,1.2
20151004213240,0.0,0.0,0.6,47.4,0.0,0.0,49.5,2.4
20151004213310,0.0,0.0,3.0,60.2,0.0,0.0,33.0,3.8
20151004213340,0.0,0.0,3.1,96.1,0.0,0.0,0.6,0.1
20151004213410,0.0,0.0,2.4,96.6,0.0,0.0,0.7,0.2
20151004213440,0.0,0.0,0.1,99.4,0.0,0.0,0.3,0.2
20151004213510,0.0,0.0,0.8,14.7,0.0,0.0,83.5,1.0
20151004213540,0.0,0.0,0.1,20.3,0.0,0.0,73.9,5.6
20151004213610,0.0,0.0,0.3,2.2,0.0,0.0,97.3,0.2
20151004213640,0.0,0.0,0.3,13.9,0.0,0.0,83.9,1.9
20151004213710,0.0,0.0,0.0,2.2,0.0,0.0,97.6,0.2
20151004213740,0.0,0.0,0.0,0.2,0.0,0.0,99.7,0.1
20151004213810,0.0,0.0,0.0,0.1,0.0,0.0,99.5,0.4
20151004213840,0.0,0.0,0.0,0.2,0.0,0.0,99.0,0.8
20151004213910,0.0,0.0,0.0,0.9,0.0,0.0,97.0,2.1
20151004213940,0.0,0.0,0.1,4.7,0.0,0.0,93.6,1.6
20151004214010,0.0,0.0,0.7,11.7,0.0,0.0,86.1,1.4
20151004214040,0.0,0.0,0.1,0.1,0.0,0.0,99.8,0.0
20151004214110,0.0,0.0,0.0,0.7,0.0,0.0,99.3,0.0
20151004214140,0.0,0.0,0.0,0.5,0.0,0.0,99.4,0.1
20151004214210,0.0,0.0,0.0,15.0,0.0,0.0,84.7,0.3
20151004214240,0.0,0.0,0.0,0.6,0.0,0.0,98.8,0.6
20151004214310,0.0,0.0,0.1,9.9,0.0,0.0,89.2,0.8
20151004214340,0.0,0.0,0.1,2.6,0.0,0.0,95.9,1.4
20151004214410,0.0,0.0,0.1,89.5,0.0,0.0,10.0,0.4
20151004214440,0.0,0.0,0.4,73.3,0.0,0.0,23.8,2.5
20151004214510,0.0,0.0,0.4,77.4,0.0,0.0,19.8,2.3
20151004214540,0.0,0.0,0.2,73.9,0.0,0.0,22.5,3.4
20151004214610,0.0,0.0,0.0,100.0,0.0,0.0,0.0,0.0
20151004214640,0.0,0.0,0.0,100.0,0.0,0.0,0.0,0.0
20151004214710,0.0,0.0,1.2,95.2,0.0,0.0,3.5,0.0
20151004214740,0.0,0.1,2.4,95.9,0.0,0.0,1.6,0.1
20151004214810,0.0,0.0,40.9,45.0,0.0,0.0,14.0,0.0
20151004214840,0.0,0.1,96.2,2.1,0.0,0.0,1.6,0.0
20151004214910,0.0,0.7,22.7,32.4,0.2,0.0,41.7,2.2
20151004214940,0.0,0.0,20.6,77.0,0.0,0.0,2.3,0.1
20151004215010,0.0,0.0,44.2,31.9,0.0,0.0,22.6,1.1
20151004215040,0.1,0.3,27.7,66.3,0.4,0.1,4.0,1.1
20151004215110,0.0,0.1,56.3,33.0,0.1,0.0,3.3,7.1
20151004215140,0.0,0.0,79.4,19.2,0.0,0.0,1.2,0.2
20151004215210,0.0,0.0,18.4,33.9,0.0,0.0,46.9,0.8
20151004215240,0.0,0.0,25.6,73.9,0.0,0.0,0.4,0.0
20151004215310,0.0,0.1,75.3,24.1,0.0,0.0,0.4,0.0
20151004215340,0.0,0.0,16.9,67.3,0.0,0.0,15.4,0.4
20151004215410,0.0,0.0,1.8,68.2,0.0,0.0,29.1,0.9
20151004215440,0.0,0.0,0.4,99.3,0.0,0.0,0.1,0.2
20151004215510,0.0,0.6,9.3,90.0,0.0,0.0,0.1,0.1
20151004215540,0.0,0.5,0.3,99.0,0.1,0.0,0.0,0.0
20151004215610,0.0,0.1,99.6,0.4,0.0,0.0,0.0,0.0
20151004215640,0.0,0.0,99.1,0.9,0.0,0.0,0.0,0.0
20151004215710,0.1,0.1,36.6,63.2,0.0,0.0,0.0,0.0
20151004215740,0.3,0.1,38.7,60.8,0.0,0.0,0.0,0.2
20151004215810,0.1,0.3,26.3,73.3,0.0,0.0,0.0,0.0
20151004215840,0.0,0.1,48.8,51.1,0.0,0.0,0.0,0.0
20151004215910,0.0,0.0,0.6,99.3,0.0,0.0,0.0,0.0
20151004215940,0.1,0.5,78.7,20.6,0.1,0.0,0.0,0.0
20151004220010,0.1,1.3,80.8,17.7,0.1,0.0,0.0,0.0
20151004220040,0.2,1.9,20.5,77.4,0.0,0.0,0.0,0.0
20151004220110,0.0,12.1,44.1,43.6,0.1,0.0,0.0,0.0
20151004220140,0.1,4.1,15.8,80.0,0.0,0.0,0.0,0.0
20151004220211,0.0,0.4,0.2,99.3,0.0,0.0,0.0,0.0
20151004220241,0.2,0.8,0.1,98.9,0.0,0.0,0.0,0.0
20151004220311,0.1,8.2,0.0,91.6,0.1,0.0,0.0,0.0
20151004220341,1.9,4.1,0.2,93.5,0.2,0.0,0.0,0.0
20151004220411,25.1,9.1,10.8,54.4,0.4,0.0,0.0,0.1
20151004220441,1.1,6.7,4.3,87.3,0.3,0.0,0.0,0.3
20151004220511,0.0,0.1,0.3,99.5,0.0,0.0,0.0,0.0
20151004220541,0.0,0.0,0.1,99.8,0.0,0.0,0.0,0.0
20151004220611,0.0,0.0,0.5,99.4,0.1,0.0,0.0,0.0
20151004220641,0.0,0.0,0.0,100.0,0.0,0.0,0.0,0.0
20151004220711,0.0,0.0,0.0,100.0,0.0,0.0,0.0,0.0
20151004220741,0.0,0.0,0.4,99.6,0.0,0.0,0.0,0.0
20151004220811,0.0,0.0,8.0,92.0,0.0,0.0,0.0,0.0
20151004220841,0.0,0.0,39.1,60.8,0.0,0.0,0.0,0.0
20151004220911,0.0,0.0,52.0,47.9,0.0,0.0,0.0,0.0
20151004220941,0.0,0.0,0.7,99.3,0.0,0.0,0.0,0.0
20151004221011,0.0,0.0,2.4,97.6,0.0,0.0,0.0,0.0
20151004221041,0.0,0.0,5.0,94.9,0.0,0.0,0.0,0.1
20151004221111,0.0,0.0,0.2,99.8,0.0,0.0,0.0,0.0
20151004221141,0.0,0.0,0.1,99.9,0.0,0.0,0.0,0.0
20151004221211,0.0,0.0,3.1,96.8,0.0,0.0,0.0,0.1
20151004221241,0.0,0.0,0.0,100.0,0.0,0.0,0.0,0.0
20151004221311,0.0,0.0,0.1,99.8,0.0,0.0,0.0,0.1
20151004221341,0.0,0.0,0.0,99.8,0.1,0.0,0.0,0.0
20151004221411,0.0,0.0,0.0,100.0,0.0,0.0,0.0,0.0
20151004221441,0.0,0.0,0.0,100.0,0.0,0.0,0.0,0.0
20151004221511,0.0,0.2,0.0,99.7,0.0,0.0,0.0,0.0
20151004221541,0.0,0.0,0.0,100.0,0.0,0.0,0.0,0.0
20151004221611,0.0,0.0,0.0,100.0,0.0,0.0,0.0,0.0
20151004221641,0.0,0.0,0.0,100.0,0.0,0.0,0.0,0.0
20151004221711,0.0,0.0,0.1,99.9,0.0,0.0,0.0,0.0
20151004221741,0.0,0.0,0.2,99.8,0.0,0.0,0.0,0.0
20151004221811,0.0,0.0,0.1,99.9,0.0,0.0,0.0,0.0
20151004221841,0.0,0.0,0.1,99.9,0.0,0.0,0.0,0.0
20151004221911,0.0,0.0,0.0,100.0,0.0,0.0,0.0,0.0
20151004221941,0.0,0.0,0.2,99.8,0.0,0.0,0.0,0.0
20151004222011,0.0,0.0,3.8,96.2,0.0,0.0,0.0,0.0
20151004222041,0.0,0.0,3.1,96.9,0.0,0.0,0.0,0.0
20151004222111,0.0,0.0,0.4,99.6,0.0,0.0,0.0,0.0
20151004222141,0.0,0.0,42.3,57.5,0.0,0.0,0.0,0.1
20151004222211,0.0,0.0,0.1,99.9,0.0,0.0,0.0,0.0
20151004222241,0.0,0.0,4.4,94.7,0.0,0.0,0.2,0.6
20151004222311,0.0,0.0,0.3,99.7,0.0,0.0,0.0,0.0
20151004222341,0.0,0.0,0.8,99.2,0.0,0.0,0.0,0.0
20151004222411,0.0,0.0,0.2,99.8,0.0,0.0,0.0,0.0
20151004222441,0.0,0.0,0.2,99.7,0.0,0.0,0.0,0.0
20151004222511,0.0,0.0,0.1,99.7,0.0,0.0,0.0,0.2
20151004222541,0.0,0.0,0.0,99.8,0.0,0.0,0.0,0.1
20151004222611,0.0,0.0,0.0,99.7,0.0,0.0,0.0,0.2
20151004222641,0.0,0.0,0.0,100.0,0.0,0.0,0.0,0.0
20151004222711,0.0,0.0,0.4,99.1,0.0,0.0,0.1,0.4
20151004222741,0.0,0.0,1.2,98.5,0.0,0.0,0.2,0.1
20151004222811,0.0,0.0,0.1,99.9,0.0,0.0,0.0,0.0
20151004222841,0.0,0.0,0.0,99.8,0.0,0.0,0.0,0.2
20151004222911,0.0,0.0,0.8,94.5,0.0,0.0,2.5,2.2
20151004222942,0.0,0.0,0.1,81.4,0.0,0.0,3.3,15.2
20151004223012,0.0,0.1,0.4,97.3,0.0,0.0,1.7,0.5
20151004223042,0.0,0.0,0.0,94.1,0.0,0.0,1.9,4.0
20151004223112,0.0,0.0,0.4,92.2,0.0,0.0,5.2,2.2
20151004223142,0.0,0.0,1.2,74.2,0.0,0.0,17.5,7.0
20151004223212,0.0,0.0,2.5,32.5,0.0,0.0,57.8,7.2
20151004223242,0.0,0.0,0.2,97.8,0.0,0.0,1.7,0.3
20151004223312,0.0,0.0,6.2,91.2,0.0,0.0,2.1,0.6
20151004223342,0.0,0.0,13.1,69.0,0.0,0.0,17.9,0.0
20151004223412,0.0,0.0,1.0,40.7,0.0,0.0,58.1,0.1
20151004223442,0.0,0.0,1.1,5.7,0.0,0.0,93.1,0.0
20151004223512,0.0,0.0,0.2,3.1,0.0,0.0,96.6,0.1
20151004223542,0.0,0.0,0.1,19.4,0.0,0.0,80.3,0.1
20151004223612,0.0,0.0,0.0,13.2,0.0,0.0,86.6,0.2
20151004223642,0.0,0.0,0.0,0.6,0.0,0.0,99.4,0.0
20151004223712,0.0,0.0,0.0,1.5,0.0,0.0,98.5,0.0
20151004223742,0.0,0.0,0.1,8.9,0.0,0.0,91.0,0.0
20151004223812,0.0,0.0,1.4,12.8,0.0,0.0,85.8,0.0
20151004223842,0.0,0.0,4.7,66.9,0.0,0.0,28.4,0.0
20151004223912,0.0,0.0,0.1,78.7,0.0,0.0,21.1,0.0
20151004223942,0.0,0.0,0.3,33.3,0.0,0.0,66.4,0.0
20151004224012,0.0,0.0,0.0,3.3,0.0,0.0,96.7,0.0
20151004224042,0.0,0.0,0.0,99.8,0.0,0.0,0.2,0.0
20151004224112,0.0,0.0,0.3,99.3,0.0,0.0,0.3,0.0
20151004224142,0.0,0.0,0.0,97.2,0.0,0.0,2.8,0.0
20151004224212,0.0,0.0,0.6,91.5,0.0,0.0,7.9,0.1
20151004224242,0.0,0.0,0.9,96.0,0.0,0.0,3.0,0.0
20151004224312,0.0,0.0,2.2,88.0,0.0,0.0,9.8,0.0
20151004224342,0.0,0.0,0.0,97.1,0.0,0.0,2.9,0.1
20151004224412,0.0,0.0,0.0,99.8,0.0,0.0,0.2,0.0
20151004224442,0.0,0.0,0.0,99.4,0.0,0.0,0.6,0.0
20151004224512,0.0,0.0,0.0,98.6,0.0,0.0,1.4,0.0
20151004224542,0.0,0.0,0.8,97.8,0.0,0.0,1.4,0.0
20151004224612,0.0,0.0,7.3,90.0,0.0,0.0,2.5,0.2
20151004224642,0.0,0.0,4.9,73.9,0.0,0.0,20.8,0.4
20151004224712,0.0,0.0,1.5,98.0,0.0,0.0,0.4,0.1
20151004224742,0.0,0.0,0.2,98.9,0.0,0.0,0.7,0.3
20151004224812,0.0,0.0,0.0,97.8,0.0,0.0,1.7,0.4
20151004224842,0.0,0.0,0.2,75.1,0.0,0.0,14.9,9.8
20151004224912,0.0,0.0,0.1,79.4,0.0,0.0,17.7,2.8
20151004224942,0.0,0.0,0.0,99.8,0.0,0.0,0.2,0.0
20151004225012,0.0,0.0,0.0,99.9,0.0,0.0,0.1,0.0
20151004225042,0.0,0.0,0.0,100.0,0.0,0.0,0.0,0.0
20151004225112,0.0,0.0,0.0,100.0,0.0,0.0,0.0,0.0
20151004225142,0.0,0.0,0.8,98.7,0.0,0.0,0.4,0.1
20151004225212,0.0,0.0,0.5,98.4,0.0,0.0,1.1,0.0
20151004225242,0.0,0.0,31.7,59.8,0.0,0.0,8.3,0.2
20151004225312,0.0,0.0,3.8,94.3,0.0,0.0,1.9,0.0
20151004225342,0.0,0.0,37.2,58.8,0.0,0.0,3.6,0.4
20151004225412,0.0,0.0,5.7,50.4,0.0,0.0,43.1,0.7
20151004225442,0.0,0.0,5.1,59.3,0.0,0.0,35.3,0.3
20151004225512,0.0,0.0,0.8,88.6,0.0,0.0,10.4,0.2
20151004225542,0.0,0.0,4.2,48.2,0.0,0.0,45.7,1.8
20151004225612,0.0,0.0,1.0,90.4,0.0,0.0,8.4,0.2
20151004225642,0.0,0.0,1.9,83.5,0.0,0.0,14.1,0.5
20151004225712,0.0,0.0,4.3,35.9,0.1,0.0,40.5,19.2
20151004225742,0.0,0.0,1.1,50.6,0.1,0.0,37.1,11.1
20151004225812,0.0,0.0,2.2,77.9,0.1,0.0,14.7,5.2
20151004225842,0.0,0.0,4.8,35.4,0.0,0.0,17.4,42.4
20151004225912,0.0,0.0,13.8,79.2,0.1,0.0,4.9,2.0
20151004225942,0.0,0.0,7.8,41.7,0.0,0.0,7.2,43.2
20151004230012,0.0,0.0,1.0,91.3,0.0,0.0,2.1,5.5
20151004230042,0.0,0.0,9.9,29.0,0.0,0.0,42.0,19.1
20151004230112,0.0,0.0,0.5,79.6,0.0,0.0,15.9,3.9
20151004230142,0.0,0.0,1.6,96.6,0.0,0.0,0.5,1.4
20151004230212,0.0,0.0,5.0,5.3,0.4,0.0,5.5,83.8
20151004230242,0.0,0.7,2.1,86.0,0.0,0.0,0.1,11.0
20151004230312,0.0,0.1,3.2,33.3,0.2,0.0,3.8,59.5
20151004230343,0.0,0.0,16.3,16.8,0.3,0.0,0.9,65.7
20151004230413,0.0,0.1,22.8,15.5,0.1,0.0,0.1,61.4
20151004230443,0.0,0.0,0.7,97.9,0.1,0.0,0.0,1.3
20151004230513,0.0,0.0,0.4,98.2,0.0,0.0,0.0,1.4
20151004230543,0.0,0.2,3.4,87.0,0.3,0.0,0.0,9.0
20151004230613,0.0,0.2,0.4,0.2,0.0,0.2,0.0,98.9
20151004230643,0.3,0.1,0.1,0.6,0.0,0.0,0.0,98.8
20151004230713,3.1,2.6,0.1,0.8,0.0,0.1,0.1,93.3
20151004230743,1.4,0.3,1.5,1.5,0.1,2.9,0.4,91.8
20151004230813,1.8,0.0,0.2,0.2,0.0,3.7,0.4,93.7
20151004230843,28.4,0.0,7.5,0.2,0.1,8.0,0.1,55.7
20151004230913,68.5,0.3,1.1,0.4,0.7,2.3,0.1,26.8
20151004230943,7.2,0.4,2.3,14.2,0.5,3.6,0.4,71.4
20151004231013,49.0,0.1,3.7,3.5,2.6,2.2,0.2,38.8
20151004231043,7.2,0.3,11.6,15.0,0.3,20.0,1.2,44.2
20151004231113,33.0,0.3,15.3,11.8,1.4,7.7,0.2,30.4
20151004231143,4.9,0.0,15.7,1.9,0.3,52.0,0.6,24.6
20151004231213,12.3,0.1,66.6,0.7,0.2,18.2,0.1,1.9
20151004231243,7.1,0.2,77.6,0.1,0.4,13.0,1.0,0.6
20151004231313,59.2,0.1,25.9,0.0,0.1,14.3,0.0,0.3
20151004231343,2.6,0.3,0.2,0.1,0.1,1.3,0.4,95.2
20151004231413,8.1,0.7,1.7,4.3,20.1,0.7,2.3,62.1
20151004231443,8.8,3.1,9.6,31.4,4.3,0.7,0.8,41.4
20151004231513,12.6,0.2,11.1,2.8,11.3,14.7,3.4,43.8
20151004231543,30.2,0.2,3.7,5.9,0.3,14.0,1.1,44.6
20151004231613,12.8,0.1,0.3,3.5,0.1,0.5,0.7,82.0
20151004231643,22.9,1.0,2.7,46.4,0.8,0.2,0.3,25.7
20151004231713,52.4,0.1,1.2,21.7,1.5,0.9,0.3,21.9
20151004231743,82.5,0.3,0.0,16.7,0.1,0.0,0.0,0.3
20151004231813,1.4,14.2,9.1,74.1,1.1,0.0,0.1,0.0
20151004231843,0.1,2.4,0.3,97.0,0.1,0.0,0.0,0.0
20151004231913,1.3,0.3,0.7,97.3,0.1,0.0,0.1,0.3
20151004231943,0.4,6.6,0.1,92.2,0.4,0.0,0.0,0.3
20151004232013,0.0,33.8,0.0,52.9,13.3,0.0,0.0,0.0
20151004232043,0.0,95.5,0.0,4.0,0.5,0.0,0.0,0.0
20151004232113,0.0,30.1,0.0,64.7,5.1,0.0,0.0,0.0
20151004232143,0.0,46.3,0.0,53.4,0.3,0.0,0.0,0.0
20151004232213,0.0,6.7,0.1,93.1,0.1,0.0,0.0,0.0
20151004232243,0.0,10.3,5.1,84.4,0.2,0.0,0.0,0.0
20151004232313,0.0,55.5,0.1,43.0,1.4,0.0,0.0,0.0
20151004232343,0.0,2.8,0.1,97.1,0.0,0.0,0.0,0.0
20151004232413,0.0,1.4,0.4,98.2,0.0,0.0,0.0,0.0
20151004232443,0.0,1.6,0.2,98.1,0.0,0.0,0.0,0.1
20151004232513,0.1,3.2,1.4,94.1,0.1,0.1,0.8,0.2
20151004232543,0.0,0.7,0.2,99.1,0.0,0.0,0.0,0.0
20151004232613,0.4,13.8,0.0,84.4,0.3,0.0,0.1,0.9
20151004232643,0.0,1.1,1.6,96.4,0.6,0.0,0.0,0.4
20151004232713,0.0,0.7,0.1,96.2,2.8,0.0,0.0,0.2
20151004232743,0.0,1.3,0.1,96.7,1.6,0.0,0.0,0.2
20151004232813,0.1,0.3,0.8,98.0,0.7,0.1,0.1,0.0
20151004232843,0.0,0.2,0.0,99.7,0.0,0.0,0.0,0.0
20151004232913,0.0,0.1,0.0,99.8,0.1,0.0,0.0,0.0
20151004232943,0.0,2.6,0.0,97.0,0.3,0.0,0.1,0.0
20151004233013,0.0,0.3,0.0,99.1,0.1,0.0,0.4,0.0
20151004233043,0.0,0.2,0.0,99.2,0.2,0.0,0.2,0.3
