UT,arc,discrete,diffuse,ac,ab,clear,cloudy,dd
20150102132400,0.0,0.0,0.0,0.0,0.0,0.0,0.0,100.0
20150102132431,0.0,0.0,0.0,0.0,0.0,0.0,0.0,100.0
20150102132501,0.0,0.0,0.0,0.0,0.0,0.0,0.0,100.0
20150102132531,0.0,0.0,0.0,0.0,0.0,0.0,0.0,100.0
20150102132601,0.0,0.0,0.0,0.0,0.0,0.0,0.0,100.0
20150102132631,0.0,0.0,0.0,0.0,0.0,0.0,0.0,100.0
20150102132701,0.0,0.0,0.0,0.0,0.0,0.0,0.0,100.0
20150102132731,0.0,0.0,0.0,0.0,0.0,0.0,0.0,100.0
20150102132801,0.0,0.0,0.0,0.0,0.0,0.0,0.0,100.0
20150102132831,0.0,0.0,0.0,0.0,0.0,0.0,0.0,100.0
20150102132901,0.0,0.0,0.0,0.0,0.0,0.0,0.0,100.0
20150102132931,0.0,0.0,0.0,0.0,0.0,0.0,0.0,100.0
20150102133001,0.0,0.0,0.0,0.0,0.0,0.0,0.0,100.0
20150102133031,0.0,0.0,0.0,0.0,0.0,0.0,0.0,100.0
20150102133101,0.0,0.0,0.0,0.0,0.0,0.0,0.0,100.0
20150102133131,0.0,0.0,0.0,0.0,0.0,0.0,0.0,100.0
20150102133201,0.0,0.0,0.0,0.0,0.0,0.0,0.0,100.0
20150102133231,0.0,0.0,0.0,0.0,0.0,0.0,0.0,100.0
20150102133301,0.0,0.0,0.0,0.0,0.0,0.0,0.0,100.0
20150102133331,0.0,0.0,0.0,0.0,0.0,0.0,0.0,100.0
20150102133401,0.0,0.0,0.0,0.0,0.0,0.0,0.0,100.0
20150102133431,0.0,0.0,0.0,0.0,0.0,0.0,0.0,100.0
20150102133501,0.0,0.0,0.0,0.0,0.0,0.0,0.0,100.0
20150102133531,0.0,0.0,0.0,0.0,0.0,0.0,0.0,100.0
20150102133601,0.0,0.0,0.0,0.0,0.0,0.0,0.0,100.0
20150102133631,0.0,0.0,0.0,0.0,0.0,0.0,0.0,100.0
20150102133701,0.0,0.0,0.0,0.0,0.0,0.0,0.0,100.0
20150102133731,0.0,0.0,0.0,0.0,0.0,0.0,0.0,100.0
20150102133801,0.0,0.0,0.0,0.0,0.0,0.0,0.0,100.0
20150102133831,0.0,0.0,0.0,0.0,0.0,0.0,0.0,100.0
20150102133901,0.0,0.0,0.0,0.0,0.0,0.0,0.0,100.0
20150102133931,0.0,0.0,0.0,0.0,0.0,0.0,0.0,100.0
20150102134001,0.0,0.0,0.0,0.0,0.0,0.0,0.0,100.0
20150102134031,0.0,0.0,0.0,0.0,0.0,0.0,0.0,100.0
20150102134101,0.0,0.0,0.0,0.0,0.0,0.0,0.0,100.0
20150102134131,0.0,0.0,0.0,0.0,0.0,0.0,0.0,100.0
20150102134201,0.0,0.0,0.0,0.0,0.0,0.0,0.0,100.0
20150102134231,0.0,0.0,0.0,0.0,0.0,0.0,0.0,100.0
20150102134301,0.0,0.0,0.0,0.0,0.0,0.0,0.0,100.0
20150102134331,0.0,0.0,0.0,0.0,0.0,0.0,0.0,100.0
20150102134401,0.0,0.0,0.0,0.0,0.0,0.0,0.0,100.0
20150102134431,0.0,0.0,0.0,0.0,0.0,0.0,0.0,100.0
20150102134501,0.0,0.0,0.0,0.0,0.0,0.0,0.0,100.0
20150102134531,0.0,0.0,0.0,0.0,0.0,0.0,0.0,100.0
20150102134601,0.0,0.0,0.0,0.0,0.0,0.0,0.0,100.0
20150102134631,0.0,0.0,0.0,0.0,0.0,0.0,0.0,100.0
20150102134701,0.0,0.0,0.0,0.0,0.0,0.0,0.0,100.0
20150102134731,0.0,0.0,0.0,0.0,0.0,0.0,0.0,100.0
20150102134801,0.0,0.0,0.0,0.0,0.0,0.0,0.0,100.0
20150102134831,0.0,0.0,0.0,0.0,0.0,0.0,0.0,100.0
20150102134901,0.0,0.0,0.0,0.0,0.0,0.0,0.0,100.0
20150102134931,0.0,0.0,0.0,0.0,0.0,0.0,0.0,100.0
20150102135001,0.0,0.0,0.0,0.0,0.0,0.0,0.0,100.0
20150102135031,0.0,0.0,0.0,0.0,0.0,0.0,0.0,100.0
20150102135101,0.0,0.0,0.0,0.0,0.0,0.0,0.0,100.0
20150102135132,0.0,0.0,0.0,0.0,0.0,0.0,0.0,100.0
20150102135202,0.0,0.0,0.0,0.0,0.0,0.0,0.0,100.0
20150102135232,0.0,0.0,0.0,0.0,0.0,0.0,0.0,100.0
20150102135302,0.0,0.0,0.0,0.0,0.0,0.0,0.0,100.0
20150102135332,0.0,0.0,0.0,0.0,0.0,0.0,0.0,100.0
20150102135402,0.0,0.0,0.0,0.0,0.0,0.0,0.0,100.0
20150102135432,0.0,0.0,0.0,0.0,0.0,0.0,0.0,100.0
20150102135502,0.0,0.0,0.0,0.0,0.0,0.0,0.0,100.0
20150102135532,0.0,0.0,0.0,0.0,0.0,0.0,0.0,100.0
20150102135602,0.0,0.0,0.0,0.0,0.0,0.0,0.0,100.0
20150102135632,0.0,0.0,0.0,0.0,0.0,0.0,0.0,100.0
20150102135702,0.0,0.0,0.0,0.0,0.0,0.0,0.0,100.0
20150102135732,0.0,0.0,0.0,0.0,0.0,0.0,0.0,100.0
20150102135802,0.0,0.0,0.0,0.0,0.0,0.0,0.0,100.0
20150102135832,0.0,0.0,0.0,0.0,0.0,0.0,0.0,100.0
20150102135902,0.0,0.0,0.0,0.0,0.0,0.0,0.0,100.0
20150102135932,0.0,0.0,0.0,0.0,0.0,0.0,0.0,100.0
20150102140002,0.0,0.0,0.0,0.0,0.0,0.0,0.0,100.0
20150102140032,0.0,0.0,0.0,0.0,0.0,0.0,0.0,100.0
20150102140102,0.0,0.0,0.0,0.0,0.0,0.0,0.0,100.0
20150102140132,0.0,0.0,0.0,0.0,0.0,0.0,0.0,100.0
20150102140202,0.0,0.0,0.0,0.0,0.0,0.0,0.0,100.0
20150102140232,0.0,0.0,0.0,0.0,0.0,0.0,0.0,100.0
20150102140302,0.0,0.0,0.0,0.0,0.0,0.0,0.0,100.0
20150102140332,0.0,0.0,0.0,0.0,0.0,0.0,0.0,100.0
20150102140402,0.0,0.0,0.0,0.0,0.0,0.0,0.0,100.0
20150102140432,0.0,0.0,0.0,0.0,0.0,0.0,0.0,100.0
20150102140502,0.0,0.0,0.0,0.0,0.0,0.0,0.0,100.0
20150102140532,0.0,0.0,0.0,0.0,0.0,0.0,0.0,100.0
20150102140602,0.0,0.0,0.0,0.0,0.0,0.0,0.0,100.0
20150102140632,0.0,0.0,0.0,0.0,0.0,0.0,0.0,100.0
20150102140702,0.0,0.0,0.0,0.0,0.0,0.0,0.0,100.0
20150102140732,0.0,0.0,0.0,0.0,0.0,0.0,0.0,100.0
20150102140802,0.0,0.0,0.0,0.0,0.0,0.0,0.0,100.0
20150102140832,0.0,0.0,0.0,0.0,0.0,0.0,0.0,100.0
20150102140902,0.0,0.0,0.0,0.0,0.0,0.0,0.0,100.0
20150102140932,0.0,0.0,0.0,0.0,0.0,0.0,0.0,100.0
20150102141002,0.0,0.0,0.0,0.0,0.0,0.0,0.0,100.0
20150102141032,0.0,0.0,0.0,0.0,0.0,0.0,0.0,100.0
20150102141102,0.0,0.0,0.0,0.0,0.0,0.0,0.0,100.0
20150102141132,0.0,0.0,0.0,0.0,0.0,0.0,0.0,100.0
20150102141202,0.0,0.0,0.0,0.0,0.0,0.0,0.0,100.0
20150102141232,0.0,0.0,0.0,0.0,0.0,0.0,0.0,100.0
20150102141302,0.0,0.0,0.0,0.0,0.0,0.0,0.0,100.0
20150102141332,0.0,0.0,0.0,0.0,0.0,0.0,0.0,100.0
20150102141402,0.0,0.0,0.0,0.0,0.0,0.0,0.0,100.0
20150102141432,0.0,0.0,0.0,0.0,0.0,0.0,0.0,100.0
20150102141502,0.0,0.0,0.0,0.0,0.0,0.0,0.0,100.0
20150102141532,0.0,0.0,0.0,0.0,0.0,0.0,0.0,100.0
20150102141602,0.0,0.0,0.0,0.0,0.0,0.0,0.0,100.0
20150102141632,0.0,0.0,0.0,0.0,0.0,0.0,0.0,100.0
20150102141702,0.0,0.0,0.0,0.0,0.0,0.0,0.0,100.0
20150102141732,0.0,0.0,0.0,0.0,0.0,0.0,0.0,100.0
20150102141802,0.0,0.0,0.0,0.0,0.0,0.0,0.0,100.0
20150102141832,0.0,0.0,0.0,0.0,0.0,0.0,0.0,100.0
20150102141902,0.0,0.0,0.0,0.0,0.0,0.0,0.0,100.0
20150102141932,0.0,0.0,0.0,0.0,0.0,0.0,0.0,100.0
20150102142002,0.0,0.0,0.0,0.0,0.0,0.0,0.0,100.0
20150102142032,0.0,0.0,0.0,0.0,0.0,0.0,0.0,100.0
20150102142102,0.0,0.0,0.0,0.0,0.0,0.0,0.0,100.0
20150102142132,0.0,0.0,0.0,0.0,0.0,0.0,0.0,100.0
20150102142202,0.0,0.0,0.0,0.0,0.0,0.0,0.0,100.0
20150102142232,0.0,0.0,0.0,0.0,0.0,0.0,0.0,100.0
20150102142302,0.0,0.0,0.0,0.0,0.0,0.0,0.0,100.0
20150102142332,0.0,0.0,0.0,0.0,0.0,0.0,0.0,100.0
20150102142532,0.0,0.0,0.0,0.0,0.0,0.0,0.0,100.0
20150102142603,0.0,0.0,0.0,0.0,0.0,0.0,0.0,100.0
20150102142633,0.0,0.0,0.0,0.0,0.0,0.0,0.0,100.0
20150102142703,0.0,0.0,0.0,0.0,0.0,0.0,0.0,100.0
20150102142733,0.0,0.0,0.0,0.0,0.0,0.0,0.0,100.0
20150102142803,0.0,0.0,0.0,0.0,0.0,0.0,0.0,100.0
20150102142833,0.0,0.0,0.0,0.0,0.0,0.0,0.0,100.0
20150102142903,0.0,0.0,0.0,0.0,0.0,0.0,0.0,100.0
20150102142933,0.0,0.0,0.0,0.0,0.0,0.0,0.0,100.0
20150102143003,0.0,0.0,0.0,0.0,0.0,0.0,0.0,100.0
20150102143033,0.0,0.0,0.0,0.0,0.0,0.0,0.0,100.0
20150102143103,0.0,0.0,0.0,0.0,0.0,0.0,0.0,100.0
20150102143133,0.0,0.0,0.0,0.0,0.0,0.0,0.0,100.0
20150102143203,0.0,0.0,0.0,0.0,0.0,0.0,0.0,100.0
20150102143233,0.0,0.0,0.0,0.0,0.0,0.0,0.0,100.0
20150102143303,0.0,0.0,0.0,0.0,0.0,0.0,0.0,100.0
20150102143333,0.0,0.0,0.0,0.0,0.0,0.0,0.0,100.0
20150102143403,0.0,0.0,0.0,0.0,0.0,0.0,0.0,100.0
20150102143433,0.0,0.0,0.0,0.0,0.0,0.0,0.0,100.0
20150102143503,0.0,0.0,0.0,0.0,0.0,0.0,0.0,100.0
20150102143533,0.0,0.0,0.0,0.0,0.0,0.0,0.0,100.0
20150102143603,0.0,0.0,0.0,0.0,0.0,0.0,0.0,100.0
20150102143633,0.0,0.0,0.0,0.0,0.0,0.0,0.0,100.0
20150102143703,0.0,0.0,0.0,0.0,0.0,0.0,0.0,100.0
20150102143733,0.0,0.0,0.0,0.0,0.0,0.0,0.0,100.0
20150102143803,0.0,0.0,0.0,0.0,0.0,0.0,0.0,100.0
20150102143833,0.0,0.0,0.0,0.0,0.0,0.0,0.0,100.0
20150102143903,0.0,0.0,0.0,0.0,0.1,0.0,0.0,99.9
20150102143933,0.0,0.0,0.0,0.0,0.0,0.0,0.0,100.0
20150102144003,0.0,0.0,0.0,0.0,0.0,0.0,0.0,100.0
20150102144033,0.0,0.0,0.0,0.0,0.0,0.0,0.0,100.0
20150102144103,0.0,0.0,0.0,0.0,0.3,0.0,0.0,99.7
20150102144133,0.0,0.0,0.0,0.0,0.0,0.0,0.0,100.0
20150102144203,0.0,0.0,0.0,0.0,0.0,0.0,0.0,100.0
20150102144233,0.0,0.0,0.0,0.0,0.1,0.0,0.0,99.9
20150102144303,0.0,0.0,0.0,0.0,0.0,0.0,0.0,100.0
20150102144333,0.0,0.0,0.0,0.0,0.0,0.0,0.0,100.0
20150102144403,0.0,0.0,0.0,0.0,1.6,0.0,0.0,98.4
20150102144433,0.0,0.0,0.0,0.0,0.0,0.0,0.0,100.0
20150102144503,0.0,0.0,0.0,0.0,0.0,0.0,0.0,100.0
20150102144533,0.0,0.0,0.0,0.0,0.0,0.0,0.0,100.0
20150102144603,0.0,0.0,0.0,0.0,0.3,0.0,0.0,99.7
20150102144633,0.0,0.0,0.0,0.0,0.3,0.0,0.0,99.7
20150102144703,0.0,0.0,0.0,0.0,0.0,0.0,0.0,100.0
20150102144733,0.0,0.0,0.0,0.0,0.7,0.0,0.0,99.3
20150102144803,0.0,0.0,0.0,0.0,0.0,0.0,0.0,100.0
20150102144833,0.0,0.0,0.0,0.0,7.2,0.0,0.0,92.8
20150102144903,0.0,0.0,0.0,0.0,42.2,0.0,0.0,57.8
20150102144933,0.0,0.0,0.0,0.0,10.7,0.0,0.0,89.3
20150102145003,0.0,0.0,0.0,0.0,8.0,0.0,0.0,92.0
20150102145033,0.0,0.0,0.0,0.0,2.1,0.0,0.0,97.9
20150102145103,0.0,0.0,0.0,0.0,1.9,0.0,0.0,98.1
20150102145133,0.0,0.0,0.0,0.0,3.1,0.0,0.0,96.9
20150102145203,0.0,0.0,0.0,0.0,0.1,0.0,0.0,99.9
20150102145233,0.0,0.0,0.0,0.0,0.2,0.0,0.0,99.7
20150102145303,0.0,0.0,0.0,0.0,6.7,0.0,0.2,93.1
20150102145333,0.0,0.0,0.0,0.0,0.4,0.0,0.0,99.6
20150102145403,0.0,0.0,0.0,0.0,2.3,0.0,0.1,97.5
20150102145433,0.0,0.0,0.0,0.0,0.1,0.0,0.1,99.8
20150102145503,0.0,0.0,0.0,0.0,0.5,0.0,0.1,99.4
20150102145533,0.0,0.0,0.0,0.0,0.1,0.0,0.0,99.9
20150102145603,0.0,0.0,0.0,0.0,0.1,0.0,0.2,99.7
20150102145633,0.0,0.0,0.0,0.0,3.1,0.0,1.7,95.2
20150102145703,0.0,0.0,0.0,0.0,1.9,0.0,7.2,90.8
20150102145733,0.0,0.0,0.0,0.0,5.9,0.0,3.3,90.8
20150102145803,0.0,0.0,0.0,0.0,1.6,0.0,1.3,97.1
20150102145833,0.0,0.0,0.0,0.0,1.2,0.0,4.8,94.0
20150102145903,0.0,0.0,0.0,0.0,8.9,0.0,1.7,89.3
20150102145933,0.0,0.0,0.0,0.0,1.7,0.0,1.0,97.2
20150102150004,0.0,0.0,0.0,0.0,2.4,0.0,1.2,96.4
20150102150034,0.0,0.0,0.0,0.0,0.6,0.0,1.3,98.1
20150102150104,0.0,0.0,0.0,0.0,4.0,0.0,7.1,89.0
20150102150134,0.0,0.0,0.0,0.0,5.3,0.0,0.7,94.0
20150102150204,0.0,0.0,0.0,0.0,0.9,0.0,1.5,97.6
20150102150234,0.0,0.0,0.0,0.0,13.9,0.0,7.0,79.1
20150102150304,0.0,0.0,0.0,0.0,2.2,0.0,2.4,95.4
20150102150334,0.0,0.0,0.0,0.1,7.3,0.0,20.0,72.6
20150102150404,0.0,0.0,0.0,0.0,2.9,0.0,21.4,75.7
20150102150434,0.0,0.0,0.0,0.0,2.9,0.0,2.1,95.0
20150102150504,0.0,0.0,0.1,0.2,9.6,0.0,7.0,83.1
20150102150534,0.0,0.0,0.0,0.1,4.0,0.0,4.1,91.8
20150102150604,0.0,0.0,0.1,0.1,4.3,0.0,47.0,48.5
20150102150634,0.0,0.0,0.0,0.0,10.6,0.0,5.4,83.9
20150102150704,0.0,0.0,0.0,0.1,2.1,0.0,61.8,36.0
20150102150734,0.0,0.0,0.1,0.1,1.5,0.0,38.2,60.1
20150102150804,0.0,0.0,0.1,0.3,8.0,0.0,33.4,58.2
20150102150834,0.0,0.0,0.0,0.1,4.8,0.0,32.2,62.9
20150102150904,0.0,0.0,0.0,0.4,7.0,0.0,6.6,85.9
20150102150934,0.0,0.0,0.1,1.2,18.7,0.0,11.3,68.7
20150102151004,0.0,0.0,0.0,0.7,13.6,0.0,12.0,73.8
20150102151034,0.0,0.0,0.2,0.7,16.4,0.0,24.5,58.2
20150102151104,0.0,0.0,0.1,2.4,11.7,0.0,48.1,37.7
20150102151134,0.0,0.0,1.0,4.6,22.6,0.0,15.2,56.5
20150102151204,0.0,0.0,0.3,1.7,21.5,0.0,16.2,60.4
20150102151234,0.0,0.0,0.1,1.0,8.7,0.0,34.4,55.7
20150102151304,0.0,0.0,0.1,1.7,6.5,0.0,64.0,27.7
20150102151334,0.0,0.0,0.2,1.7,4.3,0.0,7.1,86.7
20150102151404,0.0,0.0,0.1,2.8,15.0,0.0,53.2,29.0
20150102151434,0.0,0.0,0.5,1.9,9.3,0.0,45.0,43.2
20150102151504,0.0,0.0,0.3,4.4,10.2,0.0,32.6,52.6
20150102151534,0.0,0.0,0.2,5.1,5.0,0.0,71.5,18.3
20150102151604,0.0,0.0,1.0,1.8,19.5,0.0,1.3,76.3
20150102151634,0.0,0.0,0.1,3.9,26.3,0.0,42.9,26.8
20150102151704,0.0,0.0,0.1,0.6,2.8,0.0,52.6,43.8
20150102151734,0.0,0.0,0.2,2.5,4.3,0.0,61.7,31.3
20150102151804,0.0,0.0,0.6,1.2,11.3,0.0,25.0,61.9
20150102151834,0.0,0.0,0.3,4.1,4.1,0.0,26.6,65.0
20150102151904,0.0,0.0,0.5,10.1,12.2,0.0,32.9,44.2
20150102151934,0.0,0.0,0.2,1.8,8.0,0.0,26.3,63.6
20150102152004,0.0,0.0,0.0,0.2,0.4,0.0,98.1,1.2
20150102152034,0.0,0.0,0.1,0.8,1.6,0.0,20.4,77.1
20150102152104,0.0,0.0,0.0,0.1,0.3,0.0,61.2,38.5
20150102152134,0.0,0.0,0.1,1.4,3.9,0.0,86.2,8.5
20150102152204,0.0,0.0,0.1,1.1,1.3,0.0,38.1,59.4
20150102152234,0.0,0.0,0.1,1.6,2.1,0.0,68.3,27.9
20150102152304,0.0,0.0,0.1,0.3,1.0,0.0,88.7,9.8
20150102152334,0.0,0.0,0.1,0.4,0.7,0.0,75.4,23.3
20150102152404,0.0,0.0,0.1,0.8,1.7,0.0,73.2,24.2
20150102152434,0.0,0.0,0.3,1.6,2.2,0.0,60.8,35.1
20150102152504,0.0,0.0,0.1,4.3,1.8,0.0,73.3,20.5
20150102152534,0.0,0.0,0.4,3.0,2.1,0.0,71.9,22.6
20150102152604,0.0,0.0,0.8,10.0,21.3,0.0,20.6,47.2
20150102152634,0.0,0.0,0.2,0.8,2.7,0.0,77.4,18.9
20150102152704,0.0,0.0,1.9,5.9,7.5,0.1,57.5,27.2
20150102152734,0.0,0.0,0.2,3.1,1.7,0.0,83.3,11.6
20150102152804,0.0,0.0,0.3,1.2,2.1,0.0,73.0,23.4
20150102152834,0.0,0.0,0.3,0.1,0.2,0.0,82.9,16.4
20150102152904,0.0,0.0,0.1,0.5,0.9,0.0,90.5,8.0
20150102152934,0.0,0.0,0.1,0.6,0.4,0.0,79.5,19.4
20150102153004,0.0,0.0,0.2,1.3,0.9,0.0,44.8,52.7
20150102153034,0.0,0.0,0.2,0.9,2.2,0.0,82.7,14.0
20150102153104,0.0,0.0,0.0,0.3,0.5,0.0,90.0,9.2
20150102153134,0.0,0.0,0.2,1.6,1.1,0.1,69.3,27.8
20150102153204,0.0,0.0,0.4,0.5,1.0,0.0,71.2,26.8
20150102153234,0.0,0.0,1.1,1.5,3.6,0.0,84.9,8.9
20150102153304,0.0,0.0,0.6,1.8,1.9,0.0,72.3,23.4
20150102153334,0.0,0.0,0.8,7.8,5.8,0.0,65.0,20.6
20150102153404,0.0,0.0,0.0,0.1,0.8,0.0,94.3,4.8
20150102153434,0.0,0.0,0.1,1.5,3.2,0.0,79.2,16.0
20150102153505,0.0,0.0,0.0,0.1,0.4,0.0,97.9,1.5
20150102153535,0.0,0.0,0.0,0.4,0.4,0.0,96.1,3.1
20150102153605,0.0,0.0,0.1,0.2,0.9,0.0,96.1,2.7
20150102153635,0.0,0.0,0.0,0.1,1.8,0.0,97.8,0.3
20150102153705,0.0,0.0,0.0,0.1,1.1,0.0,97.9,0.9
20150102153735,0.0,0.0,0.1,0.4,5.1,0.0,92.4,1.9
20150102153805,0.0,0.0,0.0,0.3,1.9,0.0,94.5,3.3
20150102153835,0.0,0.0,0.0,0.0,0.4,0.0,98.9,0.7
20150102153905,0.0,0.0,0.0,0.0,1.6,0.0,98.3,0.2
20150102153935,0.0,0.0,0.0,0.0,0.3,0.0,99.3,0.4
20150102154005,0.0,0.0,0.0,0.0,0.3,0.0,99.6,0.1
20150102154035,0.0,0.0,0.0,0.0,1.8,0.0,96.6,1.6
20150102154105,0.0,0.0,0.0,0.0,0.6,0.0,99.1,0.2
20150102154135,0.0,0.0,0.0,0.0,0.4,0.0,99.2,0.3
20150102154205,0.0,0.0,0.1,0.0,2.3,0.0,97.0,0.6
20150102154235,0.0,0.0,0.0,0.0,1.0,0.0,98.5,0.5
20150102154305,0.0,0.0,0.1,0.0,14.7,0.0,84.6,0.6
20150102154335,0.0,0.0,0.0,0.0,0.6,0.0,99.1,0.3
20150102154405,0.0,0.0,0.1,0.0,7.3,0.0,92.2,0.5
20150102154435,0.0,0.0,0.1,0.0,3.2,0.0,96.3,0.4
20150102154505,0.0,0.0,0.1,0.0,0.8,0.0,98.8,0.4
20150102154535,0.0,0.0,0.1,0.0,10.0,0.0,88.1,1.8
20150102154605,0.0,0.0,0.2,0.0,7.4,0.0,92.1,0.3
20150102154635,0.0,0.0,0.1,0.0,1.5,0.0,97.8,0.6
20150102154705,0.0,0.0,0.1,0.1,0.8,0.0,97.5,1.6
20150102154735,0.0,0.0,0.1,0.0,5.0,0.0,91.3,3.6
20150102154805,0.0,0.0,0.2,0.0,3.9,0.0,92.4,3.5
20150102154835,0.0,0.0,0.0,0.0,5.0,0.0,91.5,3.4
20150102154905,0.0,0.0,0.1,0.2,13.7,0.0,79.3,6.8
20150102154935,0.0,0.0,0.1,0.1,6.2,0.0,90.3,3.4
20150102155005,0.0,0.0,0.1,0.1,7.4,0.0,91.0,1.4
20150102155035,0.0,0.0,0.1,0.1,7.1,0.0,87.1,5.6
20150102155105,0.0,0.0,0.0,0.0,0.4,0.0,99.0,0.6
20150102155135,0.0,0.0,0.1,0.0,2.5,0.0,96.3,1.0
20150102155205,0.0,0.0,0.0,0.0,1.0,0.0,98.0,1.0
20150102155235,0.0,0.0,0.1,0.0,3.7,0.0,92.9,3.3
20150102155305,0.0,0.0,0.0,0.0,0.9,0.0,98.2,0.8
20150102155335,0.0,0.0,0.5,0.5,6.7,0.0,87.5,4.8
20150102155405,0.0,0.0,0.1,0.0,5.8,0.0,89.4,4.7
20150102155435,0.0,0.0,0.2,0.1,3.4,0.0,93.4,3.0
20150102155505,0.0,0.0,0.4,0.1,28.5,0.0,63.8,7.2
20150102155535,0.0,0.0,0.2,0.1,18.0,0.0,77.0,4.7
20150102155605,0.0,0.0,0.1,0.0,7.4,0.0,89.0,3.5
20150102155635,0.0,0.0,0.0,0.0,1.3,0.0,95.1,3.5
20150102155705,0.0,0.0,0.0,0.0,3.3,0.0,93.0,3.6
20150102155735,0.0,0.0,0.0,0.0,1.6,0.0,96.1,2.3
20150102155805,0.0,0.0,0.1,0.6,4.6,0.0,90.3,4.5
20150102155835,0.0,0.0,0.0,0.0,5.0,0.0,92.9,2.1
20150102155905,0.0,0.0,0.0,0.0,1.1,0.0,97.9,1.0
20150102155935,0.0,0.0,0.1,0.1,7.4,0.0,80.8,11.6
20150102160005,0.0,0.0,0.0,0.0,1.3,0.0,91.5,7.1
20150102160035,0.0,0.0,0.0,0.1,9.0,0.0,88.1,2.8
20150102160105,0.0,0.0,0.1,0.3,10.4,0.0,58.3,31.0
20150102160135,0.0,0.0,0.0,0.1,3.4,0.0,64.8,31.7
20150102160206,0.0,0.0,0.0,0.4,3.6,0.0,53.8,42.2
20150102160236,0.0,0.0,0.0,0.2,2.4,0.0,34.0,63.3
20150102160306,0.0,0.0,0.2,1.0,6.5,0.0,44.2,48.0
20150102160336,0.0,0.0,0.2,1.4,12.6,0.0,38.3,47.5
20150102160406,0.0,0.0,0.1,0.6,11.7,0.0,54.2,33.5
20150102160436,0.0,0.0,0.0,0.3,4.9,0.0,39.7,55.0
20150102160506,0.0,0.0,0.1,0.8,12.4,0.0,38.7,48.0
20150102160536,0.0,0.0,0.1,1.2,8.8,0.0,18.4,71.6
20150102160606,0.0,0.0,0.0,0.1,2.2,0.0,50.9,46.7
20150102160636,0.0,0.0,0.0,0.1,2.8,0.0,75.8,21.3
20150102160706,0.0,0.0,0.0,0.2,2.9,0.0,25.1,71.8
20150102160736,0.0,0.0,0.0,0.2,0.5,0.0,41.4,57.9
20150102160806,0.0,0.0,0.0,0.1,5.5,0.0,55.0,39.3
20150102160836,0.0,0.0,0.0,0.1,2.2,0.0,42.5,55.2
20150102160906,0.0,0.0,0.0,0.0,1.6,0.0,32.5,65.8
20150102160936,0.0,0.0,0.0,0.0,1.9,0.0,75.7,22.4
20150102161006,0.0,0.0,0.0,0.0,2.8,0.0,41.3,55.9
20150102161036,0.0,0.0,0.0,0.0,1.1,0.0,5.0,93.8
20150102161106,0.0,0.0,0.0,0.0,1.3,0.0,32.0,66.6
20150102161136,0.0,0.0,0.0,0.0,1.6,0.0,45.2,53.2
20150102161206,0.0,0.0,0.0,0.1,2.6,0.0,21.2,76.1
20150102161236,0.0,0.0,0.1,0.3,6.2,0.0,23.7,69.8
20150102161306,0.0,0.0,0.0,0.0,2.7,0.0,54.9,42.3
20150102161336,0.0,0.0,0.0,0.1,4.6,0.0,84.6,10.7
20150102161406,0.0,0.0,0.0,0.1,7.9,0.0,83.7,8.4
20150102161436,0.0,0.0,0.1,0.1,6.0,0.0,64.1,29.7
20150102161506,0.0,0.0,0.0,0.0,6.2,0.0,84.6,9.2
20150102161536,0.0,0.0,0.1,0.1,34.2,0.0,29.7,35.9
20150102161606,0.0,0.0,0.2,0.1,41.4,0.0,24.9,33.3
20150102161636,0.0,0.0,0.1,0.1,14.1,0.0,74.6,11.0
20150102161706,0.0,0.0,0.0,0.0,6.2,0.0,90.8,2.9
20150102161736,0.0,0.0,0.0,0.0,5.9,0.0,90.1,3.9
20150102161806,0.0,0.0,0.0,0.0,0.3,0.0,98.5,1.2
20150102161836,0.0,0.0,0.0,0.0,1.9,0.0,96.6,1.4
20150102161906,0.0,0.0,0.0,0.0,1.8,0.0,92.1,6.1
20150102161936,0.0,0.0,0.1,0.1,4.8,0.0,69.7,25.3
20150102162006,0.0,0.0,0.2,0.4,7.5,0.0,73.2,18.7
20150102162036,0.0,0.0,0.0,0.0,0.8,0.0,98.0,1.2
20150102162106,0.0,0.0,0.0,0.0,1.3,0.0,96.1,2.6
20150102162136,0.0,0.0,0.1,0.1,6.8,0.0,88.8,4.1
20150102162206,0.0,0.0,0.3,0.1,24.6,0.0,69.2,5.8
20150102162236,0.0,0.0,0.0,0.0,24.0,0.0,69.0,6.9
20150102162306,0.0,0.0,0.2,0.3,50.8,0.0,37.0,11.7
20150102162336,0.0,0.0,0.0,0.0,1.1,0.0,92.9,6.0
20150102162406,0.0,0.0,0.1,0.2,16.9,0.0,54.8,28.0
20150102162436,0.0,0.0,0.0,0.0,3.1,0.0,92.2,4.7
20150102162506,0.0,0.0,0.0,0.0,0.8,0.0,96.7,2.5
20150102162536,0.0,0.0,0.1,0.0,4.6,0.0,81.0,14.2
20150102162606,0.0,0.0,0.0,0.0,0.4,0.0,96.7,2.9
20150102162636,0.0,0.0,0.0,0.0,2.3,0.0,92.6,5.0
20150102162706,0.0,0.0,0.0,0.0,1.9,0.0,91.4,6.7
20150102162736,0.0,0.0,0.0,0.0,3.2,0.0,96.1,0.7
20150102162806,0.0,0.0,0.0,0.0,2.6,0.0,96.8,0.6
20150102162836,0.0,0.0,0.0,0.0,6.9,0.0,91.8,1.3
20150102162906,0.0,0.0,0.0,0.0,10.0,0.0,88.6,1.4
20150102162936,0.0,0.0,0.0,0.0,2.3,0.0,85.6,12.1
20150102163006,0.0,0.0,0.0,0.0,1.1,0.0,98.4,0.5
20150102163036,0.0,0.0,0.0,0.0,3.2,0.0,93.8,3.0
20150102163106,0.0,0.0,0.0,0.0,0.2,0.0,99.1,0.7
20150102163136,0.0,0.0,0.0,0.0,0.7,0.0,98.7,0.6
20150102163206,0.0,0.0,0.0,0.0,1.8,0.0,95.5,2.6
20150102163236,0.0,0.0,0.0,0.0,1.8,0.0,93.3,4.9
20150102163306,0.0,0.0,0.0,0.0,0.2,0.0,98.7,1.1
20150102163336,0.0,0.0,0.0,0.0,0.4,0.0,98.8,0.7
20150102163406,0.0,0.0,0.0,0.0,1.5,0.0,95.9,2.6
20150102163436,0.0,0.0,0.0,0.0,1.3,0.0,97.6,1.1
20150102163506,0.0,0.0,0.0,0.1,0.7,0.0,96.4,2.9
20150102163536,0.0,0.0,0.0,0.0,1.5,0.0,96.4,2.1
20150102163607,0.0,0.0,0.0,0.0,2.8,0.0,96.5,0.6
20150102163637,0.0,0.0,0.0,0.0,0.3,0.0,98.9,0.8
20150102163707,0.0,0.0,0.0,0.0,0.8,0.0,96.5,2.7
20150102163737,0.0,0.0,0.0,0.0,0.1,0.0,99.7,0.2
20150102163807,0.0,0.0,0.0,0.0,0.2,0.0,99.2,0.5
20150102163837,0.0,0.0,0.0,0.0,0.1,0.0,99.8,0.1
20150102163907,0.0,0.0,0.0,0.0,0.2,0.0,99.3,0.5
20150102163937,0.0,0.0,0.0,0.0,0.0,0.0,99.2,0.8
20150102164007,0.0,0.0,0.0,0.0,0.0,0.0,97.8,2.1
20150102164037,0.0,0.0,0.0,0.0,0.2,0.0,99.2,0.6
20150102164107,0.0,0.0,0.0,0.1,1.1,0.0,93.9,4.9
20150102164137,0.0,0.0,0.0,0.0,0.3,0.0,97.6,2.1
20150102164207,0.0,0.0,0.0,0.1,3.2,0.0,91.5,5.2
20150102164237,0.0,0.0,0.0,0.0,0.3,0.0,98.4,1.4
20150102164307,0.0,0.0,0.0,0.1,1.8,0.0,90.4,7.6
20150102164337,0.0,0.0,0.0,0.0,1.1,0.0,96.5,2.3
20150102164407,0.0,0.0,0.1,0.0,2.7,0.0,78.6,18.6
20150102164437,0.0,0.0,0.2,0.3,12.2,0.0,58.9,28.5
20150102164507,0.0,0.0,0.0,0.0,1.2,0.0,88.3,10.5
20150102164537,0.0,0.0,0.0,0.0,2.1,0.0,95.7,2.1
20150102164607,0.0,0.0,0.0,0.0,7.6,0.0,87.7,4.6
20150102164637,0.0,0.0,0.1,0.1,6.9,0.0,89.0,3.9
20150102164707,0.0,0.0,0.2,0.1,7.2,0.0,82.1,10.3
20150102164737,0.0,0.0,0.1,0.1,1.6,0.0,84.9,13.4
20150102164807,0.0,0.0,0.1,0.1,2.4,0.0,95.9,1.5
20150102164837,0.0,0.0,0.0,0.0,0.8,0.0,98.4,0.8
20150102164907,0.0,0.0,0.0,0.0,0.3,0.0,99.3,0.4
20150102164937,0.0,0.0,0.0,0.0,4.3,0.0,94.1,1.6
20150102165007,0.0,0.0,0.1,0.0,0.7,0.0,94.2,5.0
20150102165037,0.0,0.0,0.1,0.0,1.4,0.0,95.2,3.3
20150102165107,0.0,0.0,0.1,0.0,1.4,0.0,97.2,1.3
20150102165137,0.0,0.0,0.0,0.0,0.4,0.0,98.2,1.4
20150102165207,0.0,0.0,0.0,0.0,1.0,0.0,97.7,1.3
20150102165237,0.0,0.0,0.0,0.0,0.5,0.0,99.1,0.4
20150102165307,0.0,0.0,0.0,0.0,0.1,0.0,99.6,0.3
20150102165337,0.0,0.0,0.0,0.0,0.1,0.0,99.7,0.2
20150102165407,0.0,0.0,0.0,0.0,1.0,0.0,98.5,0.4
20150102165437,0.0,0.0,0.0,0.0,0.1,0.0,99.8,0.1
20150102165507,0.0,0.0,0.0,0.0,0.1,0.0,99.9,0.0
20150102165537,0.0,0.0,0.0,0.0,0.0,0.0,99.9,0.0
20150102165607,0.0,0.0,0.0,0.0,0.0,0.0,99.8,0.1
20150102165637,0.0,0.0,0.0,0.0,0.0,0.0,99.9,0.1
20150102165707,0.0,0.0,0.0,0.0,0.1,0.0,99.8,0.1
20150102165737,0.0,0.0,0.0,0.0,0.1,0.0,99.7,0.1
20150102165807,0.0,0.0,0.0,0.0,0.0,0.0,100.0,0.0
20150102165837,0.0,0.0,0.0,0.0,0.0,0.0,99.9,0.1
20150102165907,0.0,0.0,0.0,0.0,0.0,0.0,99.9,0.0
20150102165937,0.0,0.0,0.0,0.0,0.0,0.0,99.9,0.0
20150102170007,0.0,0.0,0.0,0.0,0.1,0.0,99.6,0.3
20150102170037,0.0,0.0,0.0,0.0,0.1,0.0,99.7,0.2
20150102170107,0.0,0.0,0.0,0.0,0.0,0.0,99.8,0.1
20150102170137,0.0,0.0,0.0,0.0,0.0,0.0,100.0,0.0
20150102170207,0.0,0.0,0.0,0.0,0.0,0.0,99.8,0.2
20150102170237,0.0,0.0,0.0,0.0,0.0,0.0,99.8,0.2
20150102170307,0.0,0.0,0.0,0.0,0.0,0.0,99.9,0.0
20150102170337,0.0,0.0,0.0,0.0,0.0,0.0,100.0,0.0
20150102170407,0.0,0.0,0.0,0.0,0.0,0.0,99.9,0.0
20150102170437,0.0,0.0,0.0,0.0,0.0,0.0,99.9,0.1
20150102170507,0.0,0.0,0.0,0.0,0.0,0.0,99.9,0.1
20150102170537,0.0,0.0,0.0,0.0,0.0,0.0,100.0,0.0
20150102170607,0.0,0.0,0.0,0.0,0.0,0.0,100.0,0.0
20150102170637,0.0,0.0,0.0,0.0,0.0,0.0,100.0,0.0
20150102170707,0.0,0.0,0.0,0.0,0.0,0.0,99.9,0.1
20150102170737,0.0,0.0,0.0,0.0,0.0,0.0,100.0,0.0
20150102170807,0.0,0.0,0.0,0.0,0.0,0.0,99.9,0.1
20150102170837,0.0,0.0,0.0,0.0,0.0,0.0,99.8,0.1
20150102170907,0.0,0.0,0.0,0.0,0.0,0.0,100.0,0.0
20150102170937,0.0,0.0,0.0,0.0,0.0,0.0,100.0,0.0
20150102171007,0.0,0.0,0.0,0.0,0.0,0.0,100.0,0.0
20150102171038,0.0,0.0,0.0,0.0,0.0,0.0,100.0,0.0
20150102171108,0.0,0.0,0.0,0.0,0.0,0.0,100.0,0.0
20150102171138,0.0,0.0,0.0,0.0,0.0,0.0,99.9,0.1
20150102171208,0.0,0.0,0.0,0.0,0.0,0.0,100.0,0.0
20150102171238,0.0,0.0,0.0,0.0,0.0,0.0,100.0,0.0
20150102171308,0.0,0.0,0.0,0.0,0.0,0.0,100.0,0.0
20150102171338,0.0,0.0,0.0,0.0,0.0,0.0,100.0,0.0
20150102171408,0.0,0.0,0.0,0.0,0.0,0.0,100.0,0.0
20150102171438,0.0,0.0,0.0,0.0,0.0,0.0,100.0,0.0
20150102171508,0.0,0.0,0.0,0.0,0.0,0.0,100.0,0.0
20150102171538,0.0,0.0,0.0,0.0,0.0,0.0,100.0,0.0
20150102171608,0.0,0.0,0.0,0.0,0.0,0.0,100.0,0.0
20150102171638,0.0,0.0,0.0,0.0,0.0,0.0,100.0,0.0
20150102171708,0.0,0.0,0.0,0.0,0.0,0.0,100.0,0.0
20150102171738,0.0,0.0,0.0,0.0,0.0,0.0,100.0,0.0
20150102171808,0.0,0.0,0.0,0.0,0.0,0.0,100.0,0.0
20150102171838,0.0,0.0,0.0,0.0,0.0,0.0,99.9,0.1
20150102171908,0.0,0.0,0.0,0.0,0.0,0.0,100.0,0.0
20150102171938,0.0,0.0,0.0,0.0,0.0,0.0,99.9,0.1
20150102172008,0.0,0.0,0.0,0.0,0.0,0.0,100.0,0.0
20150102172038,0.0,0.0,0.0,0.0,0.0,0.0,99.9,0.0
20150102172108,0.0,0.0,0.0,0.0,0.0,0.0,100.0,0.0
20150102172138,0.0,0.0,0.0,0.0,0.0,0.0,99.8,0.2
20150102172208,0.0,0.0,0.0,0.0,0.0,0.0,100.0,0.0
20150102172238,0.0,0.0,0.0,0.0,0.0,0.0,99.9,0.1
20150102172308,0.0,0.0,0.0,0.0,0.0,0.0,99.8,0.2
20150102172338,0.0,0.0,0.0,0.0,0.0,0.0,99.7,0.3
20150102172408,0.0,0.0,0.0,0.0,0.0,0.0,99.9,0.1
20150102172438,0.0,0.0,0.0,0.0,0.0,0.0,99.9,0.1
20150102172508,0.0,0.0,0.0,0.0,0.0,0.0,99.5,0.5
20150102172538,0.0,0.0,0.0,0.0,0.0,0.0,99.9,0.1
20150102172608,0.0,0.0,0.0,0.0,0.0,0.0,99.9,0.1
20150102172638,0.0,0.0,0.0,0.0,0.0,0.0,99.7,0.3
20150102172708,0.0,0.0,0.0,0.0,0.0,0.0,99.9,0.1
20150102172738,0.0,0.0,0.0,0.0,0.0,0.0,99.7,0.3
20150102172808,0.0,0.0,0.0,0.0,0.0,0.0,99.8,0.2
20150102172838,0.0,0.0,0.0,0.0,0.0,0.0,99.9,0.1
20150102172908,0.0,0.0,0.0,0.0,0.0,0.0,99.8,0.2
20150102172938,0.0,0.0,0.0,0.0,0.0,0.0,98.3,1.7
20150102173008,0.0,0.0,0.0,0.0,0.0,0.0,99.7,0.3
20150102173038,0.0,0.0,0.0,0.0,0.0,0.0,99.8,0.2
20150102173108,0.0,0.0,0.0,0.0,0.0,0.0,99.7,0.3
20150102173138,0.0,0.0,0.0,0.0,0.0,0.0,99.6,0.4
20150102173208,0.0,0.0,0.0,0.0,0.0,0.0,99.2,0.8
20150102173238,0.0,0.0,0.0,0.0,0.0,0.0,98.8,1.2
20150102173308,0.0,0.0,0.0,0.0,0.0,0.0,99.8,0.2
20150102173338,0.0,0.0,0.0,0.0,0.0,0.0,99.8,0.2
20150102173408,0.0,0.0,0.0,0.0,0.0,0.0,97.9,2.0
20150102173438,0.0,0.0,0.0,0.0,0.0,0.0,99.6,0.4
20150102173508,0.0,0.0,0.0,0.0,0.0,0.0,99.7,0.3
20150102173538,0.0,0.0,0.0,0.0,0.0,0.0,97.4,2.5
20150102173608,0.0,0.0,0.0,0.0,0.1,0.0,90.4,9.5
20150102173638,0.0,0.0,0.0,0.0,0.0,0.0,85.1,14.9
20150102173708,0.0,0.0,0.0,0.0,0.2,0.0,50.7,49.1
20150102173739,0.0,0.0,0.0,0.0,0.1,0.0,31.7,68.3
20150102173809,0.0,0.0,0.0,0.0,0.0,0.0,88.9,11.1
20150102173839,0.0,0.0,0.0,0.0,0.1,0.0,80.9,19.1
20150102173909,0.0,0.0,0.0,0.0,0.1,0.0,55.8,44.1
20150102173939,0.0,0.0,0.0,0.0,0.1,0.0,57.6,42.2
20150102174009,0.0,0.0,0.0,0.0,0.0,0.0,3.5,96.5
20150102174039,0.0,0.0,0.0,0.0,0.3,0.0,20.7,79.1
20150102174109,0.0,0.0,0.0,0.0,0.3,0.0,42.9,56.8
20150102174139,0.0,0.0,0.0,0.0,0.0,0.0,61.9,38.0
20150102174209,0.0,0.0,0.0,0.0,0.2,0.0,45.6,54.3
20150102174239,0.0,0.0,0.0,0.0,0.2,0.0,21.4,78.4
20150102174309,0.0,0.0,0.0,0.0,0.1,0.0,15.4,84.5
20150102174339,0.0,0.0,0.0,0.0,0.1,0.0,12.3,87.7
20150102174409,0.0,0.0,0.0,0.0,1.3,0.0,33.3,65.4
20150102174439,0.0,0.0,0.0,0.0,0.1,0.0,18.3,81.6
20150102174509,0.0,0.0,0.0,0.0,0.2,0.0,5.7,94.1
20150102174539,0.0,0.0,0.0,0.0,1.1,0.0,13.3,85.6
20150102174609,0.0,0.0,0.0,0.0,1.4,0.0,4.8,93.8
20150102174639,0.0,0.0,0.0,0.0,3.3,0.0,12.3,84.4
20150102174709,0.0,0.0,0.0,0.0,1.7,0.0,8.5,89.8
20150102174739,0.0,0.0,0.0,0.0,4.5,0.0,7.3,88.2
20150102174809,0.0,0.0,0.0,0.0,1.7,0.0,4.1,94.3
20150102174839,0.0,0.0,0.0,0.0,0.1,0.0,4.9,95.0
20150102174909,0.0,0.0,0.0,0.0,52.1,0.0,6.0,41.9
20150102174939,0.0,0.0,0.0,0.0,58.5,0.0,1.0,40.6
20150102175009,0.0,0.0,0.0,0.0,99.3,0.0,0.2,0.5
20150102175039,0.0,0.0,0.0,0.0,100.0,0.0,0.0,0.0
20150102175109,0.0,0.0,0.0,0.0,100.0,0.0,0.0,0.0
20150102175139,0.0,0.0,0.0,0.0,99.9,0.0,0.0,0.1
20150102175209,0.0,0.0,0.0,0.0,100.0,0.0,0.0,0.0
20150102175239,0.0,0.0,0.0,0.0,100.0,0.0,0.0,0.0
20150102175309,0.0,0.0,0.0,0.0,100.0,0.0,0.0,0.0
20150102175339,0.0,0.0,0.0,0.0,100.0,0.0,0.0,0.0
20150102175409,0.0,0.0,0.0,0.0,100.0,0.0,0.0,0.0
20150102175439,0.0,0.0,0.0,0.0,100.0,0.0,0.0,0.0
20150102175509,0.0,0.0,0.0,0.0,100.0,0.0,0.0,0.0
20150102175539,0.0,0.0,0.0,0.0,100.0,0.0,0.0,0.0
20150102175609,0.0,0.0,0.0,0.0,97.9,0.0,0.0,2.0
20150102175639,0.0,0.0,0.0,0.0,96.3,0.0,0.0,3.7
20150102175709,0.0,0.0,0.0,0.0,99.4,0.0,0.0,0.6
20150102175739,0.0,0.0,0.0,0.0,95.8,0.0,0.1,4.0
20150102175809,0.0,0.0,0.0,0.0,97.0,0.0,0.0,3.0
20150102175839,0.0,0.0,0.0,0.0,96.1,0.0,0.0,3.9
20150102175909,0.0,0.0,0.0,0.0,100.0,0.0,0.0,0.0
20150102175939,0.0,0.0,0.0,0.0,99.6,0.0,0.0,0.4
20150102180009,0.0,0.0,0.0,0.0,99.6,0.0,0.0,0.3
20150102180039,0.0,0.0,0.0,0.0,99.5,0.0,0.0,0.4
20150102180109,0.0,0.0,0.0,0.0,99.4,0.0,0.0,0.5
20150102180139,0.0,0.0,0.0,0.0,99.8,0.0,0.0,0.2
20150102180209,0.0,0.0,0.0,0.0,100.0,0.0,0.0,0.0
20150102180239,0.0,0.0,0.0,0.0,99.3,0.0,0.0,0.7
20150102180309,0.0,0.0,0.0,0.0,100.0,0.0,0.0,0.0
20150102180339,0.0,0.0,0.0,0.0,99.6,0.0,0.0,0.3
20150102180409,0.0,0.0,0.0,0.0,99.7,0.0,0.0,0.3
20150102180439,0.0,0.0,0.0,0.0,99.8,0.0,0.0,0.2
20150102180509,0.0,0.0,0.0,0.0,91.2,0.0,0.0,8.8
20150102180539,0.0,0.0,0.0,0.0,99.5,0.0,0.0,0.4
20150102180609,0.0,0.0,0.0,0.0,95.9,0.0,0.0,4.1
20150102180639,0.0,0.0,0.0,0.3,36.5,0.0,0.9,62.2
20150102180709,0.0,0.0,0.0,0.1,98.1,0.0,0.1,1.8
20150102180739,0.0,0.0,0.0,0.0,32.0,0.0,0.7,67.3
20150102180809,0.0,0.0,0.0,0.1,60.3,0.0,6.2,33.4
20150102180839,0.0,0.0,0.0,0.0,12.8,0.0,1.2,85.9
20150102180909,0.0,0.0,0.0,0.0,22.3,0.0,0.6,77.0
20150102180939,0.0,0.0,0.0,0.0,9.2,0.0,2.4,88.4
20150102181009,0.0,0.0,0.0,0.0,4.3,0.0,10.6,85.1
20150102181039,0.0,0.0,0.0,0.0,4.7,0.0,27.9,67.5
20150102181109,0.0,0.0,0.0,0.0,8.8,0.0,1.6,89.6
20150102181139,0.0,0.0,0.0,0.0,12.0,0.0,16.1,71.9
20150102181209,0.0,0.0,0.0,0.0,2.7,0.0,2.2,95.0
20150102181240,0.0,0.0,0.0,0.0,1.2,0.0,1.4,97.4
20150102181310,0.0,0.0,0.0,0.0,12.9,0.0,1.0,86.2
20150102181340,0.0,0.0,0.0,0.0,1.0,0.0,2.2,96.8
20150102181410,0.0,0.0,0.0,0.0,0.1,0.0,0.9,98.9
20150102181440,0.0,0.0,0.0,0.0,0.2,0.0,0.7,99.2
20150102181510,0.0,0.0,0.0,0.0,0.9,0.0,2.7,96.4
20150102181540,0.0,0.0,0.0,0.0,0.4,0.0,3.3,96.3
20150102181610,0.0,0.0,0.0,0.0,0.6,0.0,27.6,71.8
20150102181640,0.0,0.0,0.0,0.0,0.1,0.0,3.0,97.0
20150102181710,0.0,0.0,0.0,0.0,0.0,0.0,0.5,99.5
20150102181740,0.0,0.0,0.0,0.0,0.0,0.0,2.1,97.9
20150102181810,0.0,0.0,0.0,0.0,0.0,0.0,9.0,91.0
20150102181840,0.0,0.0,0.0,0.0,0.0,0.0,4.5,95.5
20150102181910,0.0,0.0,0.0,0.0,0.0,0.0,1.7,98.3
20150102181940,0.0,0.0,0.0,0.0,0.0,0.0,6.5,93.5
20150102182010,0.0,0.0,0.0,0.0,0.0,0.0,4.8,95.2
20150102182040,0.0,0.0,0.0,0.0,0.0,0.0,25.0,75.0
20150102182110,0.0,0.0,0.0,0.0,0.0,0.0,12.1,87.9
20150102182140,0.0,0.0,0.0,0.0,0.1,0.0,13.1,86.9
20150102182210,0.0,0.0,0.0,0.0,0.2,0.0,17.6,82.2
20150102182240,0.0,0.0,0.0,0.0,0.0,0.0,10.8,89.1
20150102182310,0.0,0.0,0.0,0.0,0.2,0.0,21.9,77.9
20150102182340,0.0,0.0,0.0,0.0,0.8,0.0,42.7,56.5
20150102182410,0.0,0.0,0.0,0.0,0.2,0.0,47.4,52.4
20150102182440,0.0,0.0,0.0,0.0,0.0,0.0,13.4,86.5
20150102182510,0.0,0.0,0.0,0.0,0.1,0.0,20.0,79.9
20150102182540,0.0,0.0,0.0,0.0,0.1,0.0,14.8,85.1
20150102182610,0.0,0.0,0.0,0.0,0.1,0.0,46.0,53.9
20150102182640,0.0,0.0,0.0,0.0,0.0,0.0,23.4,76.6
20150102182710,0.0,0.0,0.0,0.0,0.1,0.0,32.7,67.2
20150102182740,0.0,0.0,0.0,0.0,0.3,0.0,35.4,64.3
20150102182810,0.0,0.0,0.0,0.0,0.0,0.0,1.0,99.0
20150102182840,0.0,0.0,0.0,0.0,1.0,0.0,21.8,77.1
20150102182910,0.0,0.0,0.0,0.0,1.0,0.0,60.8,38.2
20150102182940,0.0,0.0,0.0,0.0,0.6,0.0,30.9,68.5
20150102183010,0.0,0.0,0.0,0.0,1.4,0.0,47.1,51.5
20150102183040,0.0,0.0,0.0,0.0,2.0,0.0,65.3,32.8
20150102183110,0.0,0.0,0.0,0.0,3.7,0.0,55.8,40.4
20150102183140,0.0,0.0,0.0,0.0,0.7,0.0,93.8,5.5
20150102183210,0.0,0.0,0.0,0.0,0.2,0.0,77.6,22.2
20150102183240,0.0,0.0,0.0,0.0,0.3,0.0,56.6,43.1
20150102183310,0.0,0.0,0.0,0.0,0.2,0.0,58.0,41.8
20150102183340,0.0,0.0,0.0,0.0,0.3,0.0,67.9,31.8
20150102183410,0.0,0.0,0.0,0.0,0.1,0.0,79.5,20.4
20150102183440,0.0,0.0,0.0,0.0,0.0,0.0,84.4,15.6
20150102183510,0.0,0.0,0.0,0.0,0.1,0.0,93.4,6.5
20150102183540,0.0,0.0,0.0,0.0,0.3,0.0,90.2,9.5
20150102183610,0.0,0.0,0.0,0.0,0.2,0.0,90.5,9.4
20150102183640,0.0,0.0,0.0,0.0,0.1,0.0,83.1,16.8
20150102183710,0.0,0.0,0.0,0.0,0.2,0.0,95.2,4.6
20150102183740,0.0,0.0,0.0,0.0,0.0,0.0,97.4,2.6
20150102183810,0.0,0.0,0.0,0.0,0.0,0.0,95.8,4.1
20150102183840,0.0,0.0,0.0,0.0,0.6,0.0,74.8,24.6
20150102183910,0.0,0.0,0.0,0.0,0.1,0.0,96.7,3.1
20150102183940,0.0,0.0,0.0,0.0,0.0,0.0,94.5,5.5
20150102184010,0.0,0.0,0.0,0.0,0.1,0.0,96.3,3.6
20150102184040,0.0,0.0,0.0,0.0,0.0,0.0,96.1,3.9
20150102184110,0.0,0.0,0.0,0.0,0.0,0.0,88.0,12.0
20150102184140,0.0,0.0,0.0,0.0,0.2,0.0,77.5,22.3
20150102184210,0.0,0.0,0.0,0.0,0.5,0.0,80.5,19.1
20150102184240,0.0,0.0,0.0,0.0,0.3,0.0,85.6,14.2
20150102184310,0.0,0.0,0.0,0.0,0.3,0.0,68.4,31.3
20150102184340,0.0,0.0,0.0,0.0,0.1,0.0,80.7,19.2
20150102184410,0.0,0.0,0.0,0.0,0.1,0.0,48.2,51.8
20150102184440,0.0,0.0,0.0,0.0,0.1,0.0,60.3,39.6
20150102184510,0.0,0.0,0.0,0.0,0.5,0.0,58.7,40.8
20150102184540,0.0,0.0,0.0,0.0,0.1,0.0,28.9,71.0
20150102184610,0.0,0.0,0.0,0.0,0.0,0.0,32.8,67.2
20150102184641,0.0,0.0,0.0,0.0,0.0,0.0,43.8,56.2
20150102184711,0.0,0.0,0.0,0.0,0.2,0.0,31.8,68.0
20150102184741,0.0,0.0,0.0,0.0,0.1,0.0,56.0,44.0
20150102184811,0.0,0.0,0.0,0.0,0.0,0.0,96.7,3.3
20150102184841,0.0,0.0,0.0,0.0,0.3,0.0,94.3,5.3
20150102184911,0.0,0.0,0.0,0.0,0.0,0.0,97.9,2.1
20150102184941,0.0,0.0,0.0,0.0,0.2,0.0,99.3,0.5
20150102185011,0.0,0.0,0.0,0.0,0.8,0.0,98.0,1.3
20150102185041,0.0,0.0,0.0,0.0,0.5,0.0,99.0,0.5
20150102185111,0.0,0.0,0.0,0.3,21.1,0.0,77.1,1.4
20150102185141,0.0,0.0,0.0,0.5,16.0,0.0,80.5,3.0
20150102185211,0.0,0.0,0.0,0.3,9.7,0.0,89.2,0.8
20150102185241,0.0,0.0,0.0,0.0,2.1,0.0,96.4,1.4
20150102185311,0.0,0.0,0.0,0.9,7.5,0.0,91.3,0.3
20150102185341,0.0,0.0,0.0,0.2,2.2,0.0,91.9,5.7
20150102185411,0.0,0.0,0.0,0.2,4.9,0.0,77.5,17.4
20150102185441,0.0,0.0,0.1,0.0,1.6,0.0,74.9,23.4
20150102185511,0.0,0.0,0.1,0.1,0.8,0.0,78.4,20.7
20150102185541,0.0,0.0,0.4,1.8,29.3,0.0,47.8,20.7
20150102185611,0.0,0.0,1.0,9.1,28.9,0.0,36.2,24.7
20150102185641,0.0,0.0,1.4,4.8,18.6,0.0,70.7,4.5
20150102185711,0.0,0.0,0.2,0.9,3.1,0.0,80.1,15.6
20150102185741,0.0,0.0,0.0,0.2,0.3,0.0,94.8,4.6
20150102185811,0.0,0.0,0.4,4.7,2.1,0.0,91.5,1.3
20150102185841,0.0,0.0,0.2,8.2,57.3,0.0,32.6,1.8
20150102185911,0.0,0.0,1.0,30.0,32.7,0.0,33.4,2.9
20150102185941,0.1,0.0,0.8,39.4,53.4,0.0,5.6,0.6
20150102190011,0.1,0.0,0.1,5.8,93.1,0.0,0.8,0.1
20150102190041,0.0,0.0,0.2,23.8,60.3,0.0,13.3,2.4
20150102190111,0.0,0.0,0.2,10.1,37.7,0.0,48.0,4.1
20150102190141,0.0,0.0,0.1,30.4,38.0,0.0,30.3,1.1
20150102190211,0.0,0.0,0.0,2.9,14.8,0.0,74.8,7.6
20150102190241,0.0,0.0,0.0,3.9,40.5,0.0,14.4,41.2
20150102190311,0.0,0.0,0.0,8.8,89.5,0.0,1.5,0.2
20150102190341,0.0,0.0,0.0,37.1,60.6,0.0,1.5,0.8
20150102190411,0.0,0.0,0.0,0.5,95.6,0.0,3.6,0.2
20150102190441,0.0,0.0,0.0,0.4,79.9,0.0,19.3,0.5
20150102190511,0.0,0.0,0.0,0.1,28.4,0.0,70.0,1.5
20150102190541,0.0,0.0,0.0,0.0,85.7,0.0,12.9,1.4
20150102190611,0.0,0.0,0.0,0.0,98.5,0.0,1.3,0.2
20150102190641,0.0,0.0,0.0,0.0,94.6,0.0,4.0,1.3
20150102190711,0.0,0.0,0.0,0.3,83.0,0.0,15.5,1.2
20150102190741,0.0,0.0,0.0,0.3,98.5,0.0,0.8,0.4
20150102190811,0.0,0.0,0.0,0.1,99.6,0.0,0.2,0.1
20150102190841,0.0,0.0,0.0,2.5,97.4,0.0,0.0,0.0
20150102190911,0.0,0.0,0.0,3.9,95.7,0.0,0.3,0.1
20150102190941,0.0,0.0,0.0,1.2,98.4,0.0,0.1,0.3
20150102191011,0.0,0.0,0.0,1.0,98.6,0.0,0.0,0.3
20150102191041,0.0,0.0,0.0,4.2,95.3,0.0,0.4,0.1
20150102191111,0.0,0.0,0.0,10.2,88.6,0.0,1.0,0.2
20150102191141,0.0,0.0,0.0,12.3,84.8,0.0,2.5,0.4
20150102191211,0.0,0.0,0.0,11.6,87.1,0.0,0.8,0.5
20150102191241,0.0,0.0,0.0,20.0,33.1,0.0,1.9,45.0
20150102191311,0.0,0.0,0.0,14.2,48.7,0.0,3.6,33.4
20150102191341,0.0,0.0,0.0,31.3,10.6,0.0,0.1,58.0
20150102191412,0.0,0.0,0.0,32.5,26.7,0.0,1.4,39.3
20150102191442,0.0,0.0,0.0,78.1,6.1,0.0,0.4,15.5
20150102191512,0.0,0.0,0.0,71.6,25.7,0.0,0.2,2.5
20150102191542,0.0,0.0,0.0,53.1,46.7,0.0,0.1,0.1
20150102191612,0.0,0.0,0.0,69.8,30.1,0.0,0.0,0.0
20150102191642,0.0,0.0,0.0,59.0,40.7,0.0,0.1,0.2
20150102191712,0.0,0.0,0.0,48.3,46.3,0.0,0.1,5.3
20150102191742,0.0,0.0,0.0,23.8,32.2,0.0,0.6,43.3
20150102191812,0.0,0.0,0.0,24.0,71.5,0.0,0.4,4.1
20150102191842,0.0,0.0,0.1,28.9,69.0,0.0,0.7,1.3
20150102191912,0.0,0.0,0.1,2.3,94.2,0.0,1.1,2.3
20150102191942,0.0,0.0,0.0,0.5,99.4,0.0,0.0,0.1
20150102192012,0.0,0.0,0.1,0.9,97.9,0.0,0.0,1.1
20150102192042,0.0,0.0,0.1,1.6,95.4,0.0,0.0,2.9
20150102192112,0.0,0.0,0.1,2.5,96.1,0.0,0.1,1.2
20150102192142,0.0,0.0,0.0,2.5,97.4,0.0,0.0,0.0
20150102192212,0.0,0.0,0.0,0.7,99.2,0.0,0.0,0.1
20150102192242,0.0,0.0,0.0,0.3,99.7,0.0,0.0,0.0
20150102192312,0.0,0.0,0.0,0.8,99.2,0.0,0.0,0.0
20150102192342,0.0,0.0,0.0,0.2,99.8,0.0,0.0,0.0
20150102192412,0.0,0.0,0.0,3.3,96.7,0.0,0.0,0.0
20150102192442,0.0,0.0,0.0,3.5,96.4,0.0,0.0,0.1
20150102192512,0.0,0.0,0.0,0.5,99.4,0.0,0.0,0.0
20150102192542,0.0,0.0,0.0,0.2,99.8,0.0,0.0,0.0
20150102192612,0.0,0.0,0.0,0.2,99.8,0.0,0.0,0.0
20150102192642,0.0,0.0,0.0,0.1,99.8,0.0,0.0,0.0
20150102192712,0.0,0.0,0.0,0.0,91.2,0.0,2.6,6.1
20150102192742,0.0,0.0,0.0,0.0,81.9,0.0,6.2,11.8
20150102192812,0.0,0.0,0.0,0.0,99.8,0.0,0.1,0.0
20150102192842,0.0,0.0,0.0,0.1,99.9,0.0,0.0,0.0
20150102192912,0.0,0.0,0.0,0.6,99.3,0.0,0.0,0.0
20150102192942,0.0,0.0,0.0,2.3,88.4,0.0,1.1,8.2
20150102193012,0.0,0.0,0.0,0.7,94.5,0.0,0.6,4.2
20150102193042,0.0,0.0,0.0,0.7,96.7,0.0,0.1,2.6
20150102193112,0.0,0.0,0.0,0.1,99.8,0.0,0.0,0.0
20150102193142,0.0,0.0,0.0,1.0,98.6,0.0,0.1,0.3
20150102193212,0.0,0.0,0.0,0.9,98.9,0.0,0.0,0.1
20150102193242,0.0,0.0,0.0,0.3,98.3,0.0,0.6,0.8
20150102193312,0.0,0.0,0.0,3.9,95.5,0.0,0.2,0.3
20150102193342,0.0,0.0,0.0,2.6,97.3,0.0,0.0,0.0
20150102193412,0.0,0.0,0.0,38.1,61.8,0.0,0.1,0.0
20150102193442,0.0,0.0,0.0,14.2,84.6,0.0,0.9,0.3
20150102193512,0.0,0.0,0.0,4.0,95.9,0.0,0.0,0.0
20150102193542,0.0,0.0,0.0,10.4,89.5,0.0,0.0,0.1
20150102193612,0.0,0.0,0.0,15.1,84.9,0.0,0.0,0.0
20150102193642,0.0,0.0,0.0,10.9,89.1,0.0,0.0,0.0
20150102193712,0.0,0.0,0.0,7.4,92.6,0.0,0.0,0.0
20150102193742,0.0,0.0,0.0,14.3,85.5,0.0,0.2,0.0
20150102193812,0.0,0.0,0.0,62.3,37.4,0.0,0.2,0.1
20150102193842,0.0,0.0,0.0,57.9,42.0,0.0,0.0,0.1
20150102193912,0.0,0.0,0.0,59.0,40.6,0.0,0.2,0.1
20150102193942,0.0,0.0,0.0,94.6,5.4,0.0,0.0,0.0
20150102194012,0.0,0.0,0.0,92.9,6.1,0.0,0.4,0.6
20150102194042,0.0,0.0,0.0,48.9,17.1,0.0,4.8,29.3
20150102194112,0.0,0.0,0.0,52.1,33.8,0.0,0.9,13.2
20150102194142,0.0,0.0,0.0,75.4,23.1,0.0,0.4,1.1
20150102194212,0.0,0.0,0.0,81.0,14.9,0.0,1.5,2.5
20150102194242,0.0,0.0,0.0,27.5,35.8,0.0,11.7,24.9
20150102194312,0.0,0.0,0.0,23.4,73.3,0.0,2.3,1.0
20150102194342,0.0,0.0,0.0,7.7,89.2,0.0,1.1,2.0
20150102194412,0.0,0.0,0.0,4.0,95.9,0.0,0.1,0.0
20150102194442,0.0,0.0,0.0,31.2,68.6,0.0,0.0,0.1
20150102194512,0.0,0.0,0.0,2.7,97.2,0.0,0.0,0.1
20150102194542,0.0,0.0,0.0,76.5,21.4,0.0,0.1,1.9
20150102194612,0.0,0.0,0.0,3.7,96.2,0.0,0.0,0.1
20150102194642,0.0,0.0,0.0,3.1,96.7,0.0,0.0,0.1
20150102194712,0.0,0.0,0.0,1.7,90.7,0.0,0.0,7.5
20150102194742,0.0,0.0,0.0,1.8,97.1,0.0,0.1,1.1
20150102194813,0.0,0.0,0.0,0.2,99.7,0.0,0.0,0.1
20150102194843,0.0,0.0,0.0,0.1,99.8,0.0,0.0,0.0
20150102194913,0.0,0.0,0.0,1.7,97.9,0.0,0.0,0.4
20150102194943,0.0,0.0,0.0,0.1,99.9,0.0,0.0,0.0
20150102195013,0.0,0.0,0.0,0.6,99.4,0.0,0.0,0.0
20150102195043,0.0,0.0,0.0,0.4,99.6,0.0,0.0,0.0
20150102195113,0.0,0.0,0.0,0.7,99.3,0.0,0.0,0.0
20150102195143,0.0,0.0,0.0,0.2,99.7,0.0,0.0,0.1
20150102195213,0.0,0.0,0.0,0.3,99.3,0.0,0.1,0.4
20150102195243,0.0,0.0,0.0,0.1,99.4,0.0,0.1,0.4
20150102195313,0.0,0.0,0.0,0.1,99.9,0.0,0.0,0.0
20150102195343,0.0,0.0,0.0,0.3,99.2,0.0,0.2,0.3
20150102195413,0.0,0.0,0.0,2.7,52.1,0.0,12.5,32.7
20150102195443,0.0,0.0,0.0,0.0,22.6,0.0,10.0,67.3
20150102195513,0.0,0.0,0.0,0.2,97.4,0.0,0.3,2.1
20150102195543,0.0,0.0,0.0,0.0,98.9,0.0,0.2,0.9
20150102195613,0.0,0.0,0.0,0.0,100.0,0.0,0.0,0.0
20150102195643,0.0,0.0,0.0,0.0,99.9,0.0,0.1,0.1
20150102195713,0.0,0.0,0.0,0.0,99.3,0.0,0.3,0.3
20150102195743,0.0,0.0,0.0,0.0,90.3,0.0,0.2,9.6
20150102195813,0.0,0.0,0.0,0.0,77.0,0.0,1.2,21.8
20150102195843,0.0,0.0,0.0,0.0,99.9,0.0,0.0,0.1
20150102195913,0.0,0.0,0.0,0.0,100.0,0.0,0.0,0.0
20150102195943,0.0,0.0,0.0,0.0,100.0,0.0,0.0,0.0
20150102200013,0.0,0.0,0.0,0.0,99.9,0.0,0.0,0.0
20150102200043,0.0,0.0,0.0,0.0,100.0,0.0,0.0,0.0
20150102200113,0.0,0.0,0.0,0.0,100.0,0.0,0.0,0.0
20150102200143,0.0,0.0,0.0,0.0,100.0,0.0,0.0,0.0
20150102200213,0.0,0.0,0.0,0.0,100.0,0.0,0.0,0.0
20150102200243,0.0,0.0,0.0,0.0,100.0,0.0,0.0,0.0
20150102200313,0.0,0.0,0.0,0.0,100.0,0.0,0.0,0.0
20150102200343,0.0,0.0,0.0,0.0,100.0,0.0,0.0,0.0
20150102200413,0.0,0.0,0.0,0.0,100.0,0.0,0.0,0.0
20150102200443,0.0,0.0,0.0,0.0,100.0,0.0,0.0,0.0
20150102200513,0.0,0.0,0.0,0.0,100.0,0.0,0.0,0.0
20150102200543,0.0,0.0,0.0,0.0,100.0,0.0,0.0,0.0
20150102200613,0.0,0.0,0.0,0.0,100.0,0.0,0.0,0.0
20150102200643,0.0,0.0,0.0,0.0,100.0,0.0,0.0,0.0
20150102200713,0.0,0.0,0.0,0.0,100.0,0.0,0.0,0.0
20150102200743,0.0,0.0,0.0,0.0,100.0,0.0,0.0,0.0
20150102200813,0.0,0.0,0.0,0.0,100.0,0.0,0.0,0.0
20150102200843,0.0,0.0,0.0,0.0,100.0,0.0,0.0,0.0
20150102200913,0.0,0.0,0.0,0.0,100.0,0.0,0.0,0.0
20150102200943,0.0,0.0,0.0,0.0,100.0,0.0,0.0,0.0
20150102201013,0.0,0.0,0.0,0.0,100.0,0.0,0.0,0.0
20150102201043,0.0,0.0,0.0,0.0,100.0,0.0,0.0,0.0
20150102201113,0.0,0.0,0.0,0.0,100.0,0.0,0.0,0.0
20150102201143,0.0,0.0,0.0,0.0,100.0,0.0,0.0,0.0
20150102201213,0.0,0.0,0.0,0.0,100.0,0.0,0.0,0.0
20150102201243,0.0,0.0,0.0,0.0,100.0,0.0,0.0,0.0
20150102201313,0.0,0.0,0.0,0.0,100.0,0.0,0.0,0.0
20150102201343,0.0,0.0,0.0,0.0,100.0,0.0,0.0,0.0
20150102201413,0.0,0.0,0.0,0.0,100.0,0.0,0.0,0.0
20150102201443,0.0,0.0,0.0,0.0,100.0,0.0,0.0,0.0
20150102201513,0.0,0.0,0.0,0.0,100.0,0.0,0.0,0.0
20150102201543,0.0,0.0,0.0,0.0,100.0,0.0,0.0,0.0
