UT,arc,discrete,diffuse,ac,ab,clear,cloudy,dd
20150305164700,0.0,0.0,0.0,0.0,0.0,0.0,0.0,100.0
20150305164730,0.0,0.0,0.0,0.0,0.0,0.0,0.0,100.0
20150305164800,0.0,0.0,0.0,0.0,0.0,0.0,0.0,100.0
20150305164830,0.0,0.0,0.0,0.0,0.0,0.0,0.0,100.0
20150305164900,0.0,0.0,0.0,0.0,0.0,0.0,0.0,100.0
20150305164930,0.0,0.0,0.0,0.0,0.0,0.0,0.0,100.0
20150305165000,0.0,0.0,0.0,0.0,0.0,0.0,0.0,100.0
20150305165030,0.0,0.0,0.0,0.0,0.0,0.0,0.0,100.0
20150305165100,0.0,0.0,0.0,0.0,0.0,0.0,0.0,100.0
20150305165130,0.0,0.0,0.0,0.0,0.0,0.0,0.0,100.0
20150305165200,0.0,0.0,0.0,0.0,0.0,0.0,0.0,100.0
20150305165230,0.0,0.0,0.0,0.0,0.0,0.0,0.0,100.0
20150305165300,0.0,0.0,0.0,0.0,0.0,0.0,0.0,100.0
20150305165330,0.0,0.0,0.0,0.0,0.0,0.0,0.0,100.0
20150305165400,0.0,0.0,0.0,0.0,0.0,0.0,0.0,100.0
20150305165430,0.0,0.0,0.0,0.0,0.0,0.0,0.0,100.0
20150305165500,0.0,0.0,0.0,0.0,0.0,0.0,0.0,100.0
20150305165530,0.0,0.0,0.0,0.0,0.0,0.0,0.0,100.0
20150305165600,0.0,0.0,0.0,0.0,0.0,0.0,0.0,100.0
20150305165630,0.0,0.0,0.0,0.0,0.0,0.0,0.0,100.0
20150305165700,0.0,0.0,0.0,0.0,0.0,0.0,0.0,100.0
20150305165730,0.0,0.0,0.0,0.0,0.0,0.0,0.0,100.0
20150305165800,0.0,0.0,0.0,0.0,0.0,0.0,0.0,100.0
20150305165830,0.0,0.0,0.0,0.0,0.0,0.0,0.0,100.0
20150305165900,0.0,0.0,0.0,0.0,0.0,0.0,0.0,100.0
20150305165930,0.0,0.0,0.0,0.0,0.0,0.0,0.0,100.0
20150305170000,0.0,0.0,0.0,0.0,0.0,0.0,0.0,100.0
20150305170030,0.0,0.0,0.0,0.0,0.0,0.0,0.0,100.0
20150305170100,0.0,0.0,0.0,0.0,0.0,0.0,0.0,100.0
20150305170130,0.0,0.0,0.0,0.0,0.0,0.0,0.0,100.0
20150305170200,0.0,0.0,0.0,0.0,0.0,0.0,0.0,100.0
20150305170230,0.0,0.0,0.0,0.0,0.0,0.0,0.0,100.0
20150305170300,0.0,0.0,0.0,0.0,0.0,0.0,0.0,100.0
20150305170330,0.0,0.0,0.0,0.0,0.0,0.0,0.0,100.0
20150305170400,0.0,0.0,0.0,0.0,0.0,0.0,0.0,100.0
20150305170430,0.0,0.0,0.0,0.0,0.0,0.0,0.0,100.0
20150305170500,0.0,0.0,0.0,0.0,0.0,0.0,0.0,100.0
20150305170530,0.0,0.0,0.0,0.0,0.0,0.0,0.0,100.0
20150305170600,0.0,0.0,0.0,0.0,0.0,0.0,0.0,100.0
20150305170630,0.0,0.0,0.0,0.0,0.0,0.0,0.0,100.0
20150305170700,0.0,0.0,0.0,0.0,0.0,0.0,0.0,100.0
20150305170730,0.0,0.0,0.0,0.0,0.0,0.0,0.0,100.0
20150305170800,0.0,0.0,0.0,0.0,0.0,0.0,0.0,100.0
20150305170830,0.0,0.0,0.0,0.0,0.0,0.0,0.0,100.0
20150305170900,0.0,0.0,0.0,0.0,0.0,0.0,0.0,100.0
20150305170930,0.0,0.0,0.0,0.0,0.0,0.0,0.0,100.0
20150305171000,0.0,0.0,0.0,0.0,0.0,0.0,0.0,100.0
20150305171030,0.0,0.0,0.0,0.0,0.0,0.0,0.0,100.0
20150305171100,0.0,0.0,0.0,0.0,0.0,0.0,0.0,100.0
20150305171130,0.0,0.0,0.0,0.0,0.0,0.0,0.0,100.0
20150305171200,0.0,0.0,0.0,0.0,0.0,0.0,0.0,100.0
20150305171230,0.0,0.0,0.0,0.0,0.0,0.0,0.0,100.0
20150305171300,0.0,0.0,0.0,0.0,0.0,0.0,0.0,100.0
20150305171330,0.0,0.0,0.0,0.0,0.0,0.0,0.0,100.0
20150305171400,0.0,0.0,0.0,0.0,0.0,0.0,0.0,100.0
20150305171430,0.0,0.0,0.0,0.0,0.0,0.0,0.0,100.0
20150305171500,0.0,0.0,0.0,0.0,0.0,0.0,0.0,100.0
20150305171530,0.0,0.0,0.0,0.0,0.0,0.0,0.0,100.0
20150305171601,0.0,0.0,0.0,0.0,0.0,0.0,0.0,100.0
20150305171631,0.0,0.0,0.0,0.0,0.0,0.0,0.0,100.0
20150305171701,0.0,0.0,0.0,0.0,0.0,0.0,0.0,100.0
20150305171731,0.0,0.0,0.0,0.0,0.0,0.0,0.0,100.0
20150305171801,0.0,0.0,0.0,0.0,0.0,0.0,0.0,100.0
20150305171831,0.0,0.0,0.0,0.0,0.0,0.0,0.0,100.0
20150305171901,0.0,0.0,0.0,0.0,0.0,0.0,0.0,100.0
20150305171931,0.0,0.0,0.0,0.0,0.0,0.0,0.0,100.0
20150305172001,0.0,0.0,0.0,0.0,0.0,0.0,0.0,100.0
20150305172031,0.0,0.0,0.0,0.0,0.0,0.0,0.0,100.0
20150305172101,0.0,0.0,0.0,0.0,0.0,0.0,0.0,100.0
20150305172131,0.0,0.0,0.0,0.0,0.0,0.0,0.0,100.0
20150305172201,0.0,0.0,0.0,0.0,0.0,0.0,0.0,100.0
20150305172231,0.0,0.0,0.0,0.0,0.0,0.0,0.0,100.0
20150305172301,0.0,0.0,0.0,0.0,0.0,0.0,0.0,100.0
20150305172331,0.0,0.0,0.0,0.0,0.0,0.0,0.0,100.0
20150305172401,0.0,0.0,0.0,0.0,0.0,0.0,0.0,100.0
20150305172431,0.0,0.0,0.0,0.0,0.0,0.0,0.0,100.0
20150305172501,0.0,0.0,0.0,0.0,0.0,0.0,0.0,100.0
20150305172531,0.0,0.0,0.0,0.0,0.0,0.0,0.0,100.0
20150305172601,0.0,0.0,0.0,0.0,0.0,0.0,0.0,100.0
20150305172631,0.0,0.0,0.0,0.0,0.0,0.0,0.0,100.0
20150305172701,0.0,0.0,0.0,0.0,0.0,0.0,0.0,100.0
20150305172731,0.0,0.0,0.0,0.0,0.0,0.0,0.0,100.0
20150305172801,0.0,0.0,0.0,0.0,0.0,0.0,0.0,100.0
20150305172831,0.0,0.0,0.0,0.0,0.0,0.0,0.0,100.0
20150305172901,0.0,0.0,0.0,0.0,0.0,0.0,0.0,100.0
20150305172931,0.0,0.0,0.0,0.0,0.0,0.0,0.0,100.0
20150305173001,0.0,0.0,0.0,0.0,0.0,0.0,0.0,100.0
20150305173031,0.0,0.0,0.0,0.0,0.0,0.0,0.0,100.0
20150305173101,0.0,0.0,0.0,0.0,0.0,0.0,0.0,100.0
20150305173131,0.0,0.0,0.0,0.0,0.0,0.0,0.0,100.0
20150305173201,0.0,0.0,0.0,0.0,0.0,0.0,0.0,100.0
20150305173231,0.0,0.0,0.0,0.0,0.0,0.0,0.0,100.0
20150305173301,0.0,0.0,0.0,0.0,0.0,0.0,0.0,100.0
20150305173331,0.0,0.0,0.0,0.0,0.0,0.0,0.0,100.0
20150305173401,0.0,0.0,0.0,0.0,0.0,0.0,0.0,100.0
20150305173431,0.0,0.0,0.0,0.0,0.0,0.0,0.0,100.0
20150305173501,0.0,0.0,0.0,0.0,0.0,0.0,0.0,100.0
20150305173531,0.0,0.0,0.0,0.0,0.0,0.0,0.0,100.0
20150305173601,0.0,0.0,0.0,0.0,0.0,0.0,0.0,100.0
20150305173631,0.0,0.0,0.0,0.0,0.0,0.0,0.0,100.0
20150305173701,0.0,0.0,0.0,0.0,0.0,0.0,0.0,100.0
20150305173731,0.0,0.0,0.0,0.0,0.0,0.0,0.0,100.0
20150305173801,0.0,0.0,0.0,0.0,0.0,0.0,0.0,100.0
20150305173831,0.0,0.0,0.0,0.0,0.0,0.0,0.0,100.0
20150305173901,0.0,0.0,0.0,0.0,0.0,0.0,0.0,100.0
20150305173931,0.0,0.0,0.0,0.0,0.0,0.0,0.0,100.0
20150305174001,0.0,0.0,0.0,0.0,0.0,0.0,0.0,100.0
20150305174031,0.0,0.0,0.0,0.0,0.0,0.0,0.0,100.0
20150305174101,0.0,0.0,0.0,0.0,0.0,0.0,0.0,100.0
20150305174131,0.0,0.0,0.0,0.0,0.0,0.0,0.0,100.0
20150305174201,0.0,0.0,0.0,0.0,0.0,0.0,0.0,100.0
20150305174231,0.0,0.0,0.0,0.0,0.0,0.0,0.0,100.0
20150305174301,0.0,0.0,0.0,0.0,0.0,0.0,0.0,100.0
20150305174331,0.0,0.0,0.0,0.0,0.0,0.0,0.0,100.0
20150305174401,0.0,0.0,0.0,0.0,0.0,0.0,0.0,100.0
20150305174431,0.0,0.0,0.0,0.0,0.0,0.0,0.0,100.0
20150305174501,0.0,0.0,0.0,0.0,0.0,0.0,0.0,100.0
20150305174531,0.0,0.0,0.0,0.0,0.0,0.0,0.0,100.0
20150305174601,0.0,0.0,0.0,0.0,0.0,0.0,0.0,100.0
20150305174631,0.0,0.0,0.0,0.0,0.0,0.0,0.1,99.9
20150305174831,0.0,0.0,0.0,0.0,0.0,0.0,0.0,100.0
20150305174901,0.0,0.0,0.0,0.0,0.0,0.0,0.0,100.0
20150305174931,0.0,0.0,0.0,0.0,0.0,0.0,0.0,100.0
20150305175002,0.0,0.0,0.0,0.0,0.0,0.0,0.0,100.0
20150305175032,0.0,0.0,0.0,0.0,0.0,0.0,0.0,100.0
20150305175102,0.0,0.0,0.0,0.0,0.0,0.0,0.0,100.0
20150305175132,0.0,0.0,0.0,0.0,0.0,0.0,0.0,100.0
20150305175202,0.0,0.0,0.0,0.0,0.0,0.0,0.0,100.0
20150305175232,0.0,0.0,0.0,0.0,0.0,0.0,0.0,100.0
20150305175302,0.0,0.0,0.0,0.0,0.0,0.0,0.0,100.0
20150305175332,0.0,0.0,0.0,0.0,0.0,0.0,0.0,100.0
20150305175402,0.0,0.0,0.0,0.0,0.0,0.0,0.0,100.0
20150305175432,0.0,0.0,0.0,0.0,0.0,0.0,0.0,100.0
20150305175502,0.0,0.0,0.0,0.0,0.0,0.0,0.0,100.0
20150305175532,0.0,0.0,0.0,0.0,0.0,0.0,0.0,100.0
20150305175602,0.0,0.0,0.0,0.0,0.0,0.0,0.0,100.0
20150305175632,0.0,0.0,0.0,0.0,0.0,0.0,0.0,100.0
20150305175702,0.0,0.0,0.0,0.0,0.0,0.0,0.0,100.0
20150305175732,0.0,0.0,0.0,0.0,0.0,0.0,0.0,100.0
20150305175802,0.0,0.0,0.0,0.0,0.0,0.0,0.0,100.0
20150305175832,0.0,0.0,0.0,0.0,0.0,0.0,0.0,100.0
20150305175902,0.0,0.0,0.0,0.0,0.0,0.0,0.0,100.0
20150305175932,0.0,0.0,0.0,0.0,0.0,0.0,0.0,100.0
20150305180002,0.0,0.0,0.0,0.0,0.0,0.0,0.0,100.0
20150305180032,0.0,0.0,0.0,0.0,0.0,0.0,0.0,100.0
20150305180102,0.0,0.0,0.0,0.0,0.0,0.0,0.0,100.0
20150305180132,0.0,0.0,0.0,0.0,0.0,0.0,0.0,100.0
20150305180202,0.0,0.0,0.0,0.0,0.0,0.0,0.0,100.0
20150305180232,0.0,0.0,0.0,0.0,0.0,0.0,0.0,100.0
20150305180302,0.0,0.0,0.0,0.0,0.0,0.0,0.0,100.0
20150305180332,0.0,0.0,0.0,0.0,0.0,0.0,0.3,99.7
20150305180402,0.0,0.0,0.0,0.0,0.0,0.0,0.0,100.0
20150305180432,0.0,0.0,0.0,0.0,0.0,0.0,0.2,99.8
20150305180502,0.0,0.0,0.0,0.0,0.0,0.0,0.3,99.7
20150305180532,0.0,0.0,0.0,0.0,0.0,0.0,1.0,99.0
20150305180602,0.0,0.0,0.0,0.0,0.0,0.0,0.9,99.1
20150305180632,0.0,0.0,0.0,0.0,0.0,0.0,2.4,97.5
20150305180702,0.0,0.0,0.0,0.0,0.0,0.0,9.9,90.1
20150305180732,0.0,0.0,0.0,0.0,0.0,0.0,7.8,92.1
20150305180802,0.0,0.0,0.0,0.2,0.0,0.0,28.9,70.9
20150305180832,0.0,0.0,0.0,0.0,0.0,0.0,21.4,78.6
20150305180902,0.0,0.0,0.0,0.1,0.0,0.0,8.4,91.5
20150305180932,0.0,0.0,0.0,0.1,0.0,0.0,50.1,49.7
20150305181002,0.0,0.0,0.0,0.2,0.0,0.0,66.1,33.7
20150305181032,0.0,0.0,0.0,0.1,0.0,0.0,24.6,75.3
20150305181102,0.0,0.0,0.0,0.0,0.0,0.0,45.0,55.0
20150305181132,0.0,0.0,0.0,0.1,0.0,0.0,50.7,49.1
20150305181202,0.0,0.0,0.0,0.0,0.0,0.0,61.2,38.7
20150305181232,0.0,0.0,0.0,0.1,0.0,0.0,7.3,92.7
20150305181302,0.0,0.0,0.0,0.2,0.0,0.0,70.5,29.2
20150305181332,0.0,0.0,0.0,0.1,0.0,0.0,63.9,36.0
20150305181402,0.0,0.0,0.0,0.1,0.0,0.0,38.6,61.3
20150305181432,0.0,0.0,0.0,0.1,0.0,0.0,83.1,16.8
20150305181502,0.0,0.0,0.0,0.2,0.1,0.0,49.3,50.5
20150305181532,0.0,0.0,0.0,0.0,0.0,0.0,94.4,5.5
20150305181602,0.0,0.0,0.0,0.0,0.0,0.0,97.6,2.4
20150305181632,0.0,0.0,0.0,0.0,0.0,0.0,85.1,14.9
20150305181702,0.0,0.0,0.0,0.0,0.0,0.0,37.1,62.9
20150305181732,0.0,0.0,0.0,0.1,0.0,0.0,76.7,23.1
20150305181802,0.0,0.0,0.0,0.1,0.0,0.0,44.6,55.2
20150305181832,0.0,0.0,0.0,0.2,0.0,0.0,62.5,37.3
20150305181902,0.0,0.0,0.0,0.0,0.0,0.0,93.3,6.6
20150305181932,0.0,0.0,0.0,0.1,0.0,0.0,96.9,3.0
20150305182002,0.0,0.0,0.0,0.1,0.0,0.0,82.7,17.1
20150305182032,0.0,0.0,0.0,0.0,0.0,0.0,95.7,4.3
20150305182102,0.0,0.0,0.0,0.0,0.0,0.0,71.6,28.3
20150305182132,0.0,0.0,0.0,0.1,0.0,0.0,92.0,7.9
20150305182202,0.0,0.0,0.0,0.1,0.0,0.0,96.3,3.7
20150305182232,0.0,0.0,0.0,0.1,0.0,0.0,55.2,44.7
20150305182302,0.0,0.0,0.0,0.0,0.0,0.0,90.8,9.2
20150305182332,0.0,0.0,0.0,0.0,0.0,0.0,83.8,16.1
20150305182402,0.0,0.0,0.0,0.1,0.0,0.0,82.8,17.0
20150305182432,0.0,0.0,0.0,0.1,0.0,0.0,83.5,16.5
20150305182503,0.0,0.0,0.0,0.1,0.0,0.0,90.2,9.7
20150305182533,0.0,0.0,0.0,0.2,0.0,0.0,89.2,10.6
20150305182603,0.0,0.0,0.0,0.1,0.0,0.0,95.5,4.4
20150305182633,0.0,0.0,0.0,0.1,0.0,0.0,93.6,6.3
20150305182703,0.0,0.0,0.0,0.1,0.0,0.0,90.7,9.2
20150305182733,0.0,0.0,0.0,0.0,0.0,0.0,96.6,3.4
20150305182803,0.0,0.0,0.0,0.1,0.0,0.0,96.4,3.5
20150305182833,0.0,0.0,0.0,0.1,0.0,0.0,97.4,2.5
20150305182903,0.0,0.0,0.0,0.0,0.0,0.0,92.2,7.8
20150305182933,0.0,0.0,0.0,0.0,0.0,0.0,95.9,4.0
20150305183003,0.0,0.0,0.0,0.0,0.0,0.0,95.7,4.3
20150305183033,0.0,0.0,0.0,0.0,0.0,0.0,96.4,3.6
20150305183103,0.0,0.0,0.0,0.0,0.0,0.0,95.1,4.9
20150305183133,0.0,0.0,0.0,0.0,0.0,0.0,97.0,3.0
20150305183203,0.0,0.0,0.0,0.1,0.0,0.0,76.3,23.6
20150305183233,0.0,0.0,0.0,0.0,0.0,0.0,88.2,11.8
20150305183303,0.0,0.0,0.0,0.1,0.0,0.0,84.2,15.7
20150305183333,0.0,0.0,0.0,0.0,0.0,0.0,90.4,9.6
20150305183403,0.0,0.0,0.0,0.0,0.0,0.0,66.3,33.7
20150305183433,0.0,0.0,0.0,0.0,0.0,0.0,90.8,9.2
20150305183503,0.0,0.0,0.0,0.0,0.0,0.0,99.5,0.4
20150305183533,0.0,0.0,0.0,0.0,0.0,0.0,97.8,2.2
20150305183603,0.0,0.0,0.0,0.0,0.0,0.0,98.9,1.1
20150305183633,0.0,0.0,0.0,0.0,0.0,0.0,97.7,2.3
20150305183703,0.0,0.0,0.0,0.0,0.0,0.0,94.1,5.9
20150305183733,0.0,0.0,0.0,0.0,0.0,0.0,97.4,2.6
20150305183803,0.0,0.0,0.0,0.0,0.0,0.0,99.0,0.9
20150305183833,0.0,0.0,0.0,0.0,0.0,0.0,84.4,15.6
20150305183903,0.0,0.0,0.0,0.0,0.0,0.0,80.2,19.8
20150305183933,0.0,0.0,0.0,0.0,0.0,0.0,75.0,25.0
20150305184003,0.0,0.0,0.0,0.0,0.0,0.0,89.4,10.5
20150305184033,0.0,0.0,0.0,0.0,0.0,0.0,99.5,0.5
20150305184103,0.0,0.0,0.0,0.0,0.0,0.0,80.6,19.4
20150305184133,0.0,0.0,0.0,0.0,0.0,0.0,96.1,3.9
20150305184203,0.0,0.0,0.0,0.0,0.0,0.0,82.1,17.9
20150305184233,0.0,0.0,0.0,0.0,0.0,0.0,69.4,30.6
20150305184303,0.0,0.0,0.0,0.0,0.0,0.0,46.4,53.6
20150305184333,0.0,0.0,0.0,0.0,0.0,0.0,96.5,3.4
20150305184403,0.0,0.0,0.0,0.0,0.0,0.0,84.2,15.7
20150305184433,0.0,0.0,0.0,0.0,0.0,0.0,91.3,8.7
20150305184503,0.0,0.0,0.0,0.0,0.1,0.0,94.4,5.5
20150305184533,0.0,0.0,0.0,0.1,0.0,0.0,90.9,9.0
20150305184603,0.0,0.0,0.0,0.0,0.0,0.0,98.4,1.6
20150305184633,0.0,0.0,0.0,0.0,0.0,0.0,96.5,3.5
20150305184703,0.0,0.0,0.0,0.0,0.0,0.0,78.9,21.1
20150305184733,0.0,0.0,0.0,0.0,0.0,0.0,95.0,5.0
20150305184803,0.0,0.0,0.0,0.0,0.0,0.0,94.1,5.9
20150305184833,0.0,0.0,0.0,0.0,0.0,0.0,90.1,9.9
20150305184903,0.0,0.0,0.0,0.0,0.0,0.0,89.9,10.0
20150305184933,0.0,0.0,0.0,0.0,0.0,0.0,72.1,27.9
20150305185003,0.0,0.0,0.0,0.0,0.0,0.0,49.0,51.0
20150305185033,0.0,0.0,0.0,0.0,0.0,0.0,64.9,35.1
20150305185103,0.0,0.0,0.0,0.0,0.0,0.0,88.4,11.6
20150305185133,0.0,0.0,0.0,0.0,0.0,0.0,78.5,21.5
20150305185204,0.0,0.0,0.0,0.0,0.0,0.0,92.5,7.4
20150305185234,0.0,0.0,0.0,0.0,0.0,0.0,80.3,19.7
20150305185304,0.0,0.0,0.0,0.0,0.0,0.0,80.1,19.9
20150305185334,0.0,0.0,0.0,0.0,0.0,0.0,95.0,4.9
20150305185404,0.0,0.0,0.0,0.0,0.0,0.0,86.2,13.8
20150305185434,0.0,0.0,0.0,0.0,0.0,0.0,83.0,16.9
20150305185504,0.0,0.0,0.0,0.0,0.0,0.0,93.3,6.7
20150305185534,0.0,0.0,0.0,0.0,0.0,0.0,54.9,45.1
20150305185604,0.0,0.0,0.0,0.0,0.0,0.0,91.0,9.0
20150305185634,0.0,0.0,0.0,0.0,0.0,0.0,69.4,30.6
20150305185704,0.0,0.0,0.0,0.0,0.0,0.0,86.0,14.0
20150305185734,0.0,0.0,0.0,0.0,0.0,0.0,51.9,48.0
20150305185804,0.0,0.0,0.0,0.0,0.0,0.0,75.6,24.4
20150305185834,0.0,0.0,0.0,0.0,0.0,0.0,64.8,35.2
20150305185904,0.0,0.0,0.0,0.0,0.0,0.0,63.6,36.4
20150305185934,0.0,0.0,0.0,0.0,0.0,0.0,76.4,23.5
20150305190004,0.0,0.0,0.0,0.0,0.0,0.0,65.9,34.1
20150305190034,0.0,0.0,0.0,0.0,0.0,0.0,88.6,11.3
20150305190104,0.0,0.0,0.0,0.0,0.0,0.0,82.8,17.2
20150305190134,0.0,0.0,0.0,0.0,0.0,0.0,67.3,32.7
20150305190204,0.0,0.0,0.0,0.1,0.0,0.0,73.8,26.1
20150305190234,0.0,0.0,0.0,0.1,0.0,0.0,78.7,21.2
20150305190304,0.0,0.0,0.0,0.0,0.0,0.0,91.9,8.1
20150305190334,0.0,0.0,0.0,0.1,0.0,0.0,62.9,37.1
20150305190404,0.0,0.0,0.0,0.0,0.0,0.0,88.5,11.4
20150305190434,0.0,0.0,0.0,0.0,0.0,0.0,79.6,20.4
20150305190504,0.0,0.0,0.0,0.0,0.0,0.0,34.5,65.5
20150305190534,0.0,0.0,0.0,0.0,0.0,0.0,41.4,58.6
20150305190604,0.0,0.0,0.0,0.0,0.0,0.0,44.1,55.9
20150305190634,0.0,0.0,0.0,0.0,0.0,0.0,33.1,66.9
20150305190704,0.0,0.0,0.0,0.0,0.0,0.0,42.0,58.0
20150305190734,0.0,0.0,0.0,0.1,0.0,0.0,51.8,48.1
20150305190804,0.0,0.0,0.0,0.0,0.0,0.0,2.6,97.4
20150305190834,0.0,0.0,0.0,0.0,0.0,0.0,18.8,81.2
20150305190904,0.0,0.0,0.0,0.0,0.0,0.0,42.5,57.5
20150305190934,0.0,0.0,0.0,0.0,0.0,0.0,7.6,92.4
20150305191004,0.0,0.0,0.0,0.0,0.0,0.0,7.3,92.7
20150305191034,0.0,0.0,0.0,0.0,0.0,0.0,5.2,94.8
20150305191104,0.0,0.0,0.0,0.0,0.0,0.0,18.2,81.7
20150305191134,0.0,0.0,0.0,0.0,0.0,0.0,0.7,99.2
20150305191204,0.0,0.0,0.0,0.0,0.0,0.0,2.8,97.2
20150305191234,0.0,0.0,0.0,0.0,0.0,0.0,0.5,99.5
20150305191304,0.0,0.0,0.0,0.0,0.0,0.0,0.3,99.7
20150305191334,0.0,0.0,0.0,0.0,0.0,0.0,1.9,98.1
20150305191404,0.0,0.0,0.0,0.0,0.0,0.0,2.4,97.6
20150305191434,0.0,0.0,0.0,0.0,0.0,0.0,11.9,88.0
20150305191504,0.0,0.0,0.0,0.0,0.0,0.0,17.4,82.6
20150305191534,0.0,0.0,0.0,0.0,0.0,0.0,7.3,92.7
20150305191604,0.0,0.0,0.0,0.0,0.0,0.0,4.1,95.9
20150305191634,0.0,0.0,0.0,0.0,0.0,0.0,6.3,93.7
20150305191704,0.0,0.0,0.0,0.0,0.0,0.0,1.6,98.4
20150305191734,0.0,0.0,0.0,0.0,0.0,0.0,5.3,94.7
20150305191804,0.0,0.0,0.0,0.0,0.0,0.0,0.6,99.4
20150305191834,0.0,0.0,0.0,0.0,0.0,0.0,20.1,79.8
20150305191904,0.0,0.0,0.0,0.0,0.0,0.0,0.7,99.3
20150305191934,0.0,0.0,0.0,0.0,0.0,0.0,26.6,73.4
20150305192004,0.0,0.0,0.0,0.0,0.0,0.0,7.8,92.2
20150305192034,0.0,0.0,0.0,0.0,0.0,0.0,5.6,94.3
20150305192104,0.0,0.0,0.0,0.0,0.0,0.0,5.6,94.4
20150305192134,0.0,0.0,0.0,0.0,0.0,0.0,7.8,92.2
20150305192204,0.0,0.0,0.0,0.0,0.0,0.0,5.3,94.7
20150305192234,0.0,0.0,0.0,0.0,0.0,0.0,10.2,89.7
20150305192304,0.0,0.0,0.0,0.0,0.0,0.0,11.2,88.7
20150305192334,0.0,0.0,0.0,0.0,0.0,0.0,0.6,99.4
20150305192404,0.0,0.0,0.0,0.0,0.0,0.0,2.8,97.2
20150305192434,0.0,0.0,0.0,0.0,0.0,0.0,3.0,97.0
20150305192504,0.0,0.0,0.0,0.0,0.0,0.0,1.3,98.7
20150305192534,0.0,0.0,0.0,0.0,0.0,0.0,2.8,97.2
20150305192605,0.0,0.0,0.0,0.0,0.0,0.0,0.1,99.9
20150305192635,0.0,0.0,0.0,0.0,0.0,0.0,0.1,99.9
20150305192705,0.0,0.0,0.0,0.0,0.0,0.0,0.4,99.6
20150305192735,0.0,0.0,0.0,0.0,0.0,0.0,0.0,100.0
20150305192805,0.0,0.0,0.0,0.0,0.0,0.0,0.9,99.1
20150305192835,0.0,0.0,0.0,0.0,0.0,0.0,1.5,98.4
20150305192905,0.0,0.0,0.0,0.0,0.0,0.0,0.2,99.8
20150305192935,0.0,0.0,0.0,0.0,0.0,0.0,0.2,99.7
20150305193005,0.0,0.0,0.0,0.0,0.0,0.0,0.1,99.9
20150305193035,0.0,0.0,0.0,0.0,0.0,0.0,0.0,100.0
20150305193105,0.0,0.0,0.0,0.0,0.0,0.0,0.0,100.0
20150305193135,0.0,0.0,0.0,0.0,0.0,0.0,0.0,100.0
20150305193205,0.0,0.0,0.0,0.0,0.0,0.0,0.0,100.0
20150305193235,0.0,0.0,0.0,0.0,0.0,0.0,0.0,100.0
20150305193305,0.0,0.0,0.0,0.0,0.0,0.0,0.0,99.9
20150305193335,0.0,0.0,0.0,0.0,0.0,0.0,0.0,100.0
20150305193405,0.0,0.0,0.0,0.0,0.0,0.0,0.0,100.0
20150305193435,0.0,0.0,0.0,0.0,0.0,0.0,0.0,100.0
20150305193505,0.0,0.0,0.0,0.0,0.0,0.0,0.0,100.0
20150305193535,0.0,0.0,0.0,0.0,0.0,0.0,0.0,100.0
20150305193605,0.0,0.0,0.0,0.0,0.0,0.0,0.0,100.0
20150305193635,0.0,0.0,0.0,0.0,0.0,0.0,0.0,100.0
20150305193705,0.0,0.0,0.0,0.0,0.0,0.0,0.0,100.0
20150305193735,0.0,0.0,0.0,0.0,0.0,0.0,0.0,100.0
20150305193805,0.0,0.0,0.0,0.0,0.0,0.0,0.0,100.0
20150305193835,0.0,0.0,0.0,0.0,0.0,0.0,0.0,100.0
20150305193905,0.0,0.0,0.0,0.0,0.0,0.0,0.0,100.0
20150305193935,0.0,0.0,0.0,0.0,0.0,0.0,0.0,100.0
20150305194005,0.0,0.0,0.0,0.0,0.0,0.0,0.0,100.0
20150305194035,0.0,0.0,0.0,0.0,0.0,0.0,0.0,100.0
20150305194105,0.0,0.0,0.0,0.0,0.0,0.0,0.0,100.0
20150305194135,0.0,0.0,0.0,0.0,0.0,0.0,0.0,100.0
20150305194205,0.0,0.0,0.0,0.0,0.0,0.0,0.0,100.0
20150305194235,0.0,0.0,0.0,0.0,0.0,0.0,0.0,100.0
20150305194305,0.0,0.0,0.0,0.0,0.1,0.0,0.0,99.9
20150305194335,0.0,0.0,0.0,0.0,0.0,0.0,0.0,100.0
20150305194405,0.0,0.0,0.0,0.0,0.0,0.0,0.0,100.0
20150305194435,0.0,0.0,0.0,0.0,0.1,0.0,0.0,99.9
20150305194505,0.0,0.0,0.0,0.0,0.0,0.0,0.0,100.0
20150305194535,0.0,0.0,0.0,0.0,0.0,0.0,0.0,100.0
20150305194605,0.0,0.0,0.0,0.0,0.0,0.0,0.0,100.0
20150305194635,0.0,0.0,0.0,0.0,0.0,0.0,0.0,100.0
20150305194705,0.0,0.0,0.0,0.0,0.0,0.0,0.0,100.0
20150305194735,0.0,0.0,0.0,0.0,0.0,0.0,0.0,100.0
20150305194805,0.0,0.0,0.0,0.0,0.0,0.0,0.0,100.0
20150305194835,0.0,0.0,0.0,0.0,0.0,0.0,0.0,100.0
20150305194905,0.0,0.0,0.0,0.0,0.0,0.0,0.0,100.0
20150305194935,0.0,0.0,0.0,0.0,0.0,0.0,0.0,100.0
20150305195005,0.0,0.0,0.0,0.0,0.0,0.0,0.0,100.0
20150305195035,0.0,0.0,0.0,0.0,0.0,0.0,0.0,100.0
20150305195105,0.0,0.0,0.0,0.0,0.0,0.0,0.0,100.0
20150305195135,0.0,0.0,0.0,0.0,0.0,0.0,0.0,100.0
20150305195205,0.0,0.0,0.0,0.0,0.0,0.0,0.0,100.0
20150305195235,0.0,0.0,0.0,0.0,0.0,0.0,0.0,100.0
20150305195305,0.0,0.0,0.0,0.0,0.0,0.0,0.0,100.0
20150305195335,0.0,0.0,0.0,0.0,0.0,0.0,0.0,100.0
20150305195405,0.0,0.0,0.0,0.0,0.0,0.0,0.1,99.9
20150305195435,0.0,0.0,0.0,0.0,0.0,0.0,0.0,100.0
20150305195505,0.0,0.0,0.0,0.0,0.0,0.0,0.0,100.0
20150305195535,0.0,0.0,0.0,0.0,0.0,0.0,0.0,100.0
20150305195605,0.0,0.0,0.0,0.0,0.1,0.0,0.2,99.7
20150305195635,0.0,0.0,0.0,0.0,0.1,0.0,0.0,99.9
20150305195705,0.0,0.0,0.0,0.0,0.0,0.0,0.1,99.9
20150305195735,0.0,0.0,0.0,0.0,0.0,0.0,0.0,100.0
20150305195805,0.0,0.0,0.0,0.0,0.0,0.0,0.0,100.0
20150305195835,0.0,0.0,0.0,0.0,0.0,0.0,0.0,100.0
20150305195905,0.0,0.0,0.0,0.0,0.0,0.0,0.1,99.9
20150305195935,0.0,0.0,0.0,0.0,0.0,0.0,0.0,100.0
20150305200005,0.0,0.0,0.0,0.0,0.0,0.0,0.0,99.9
20150305200036,0.0,0.0,0.0,0.0,0.1,0.0,0.0,99.9
20150305200106,0.0,0.0,0.0,0.0,0.0,0.0,0.1,99.9
20150305200136,0.0,0.0,0.0,0.0,0.0,0.0,0.1,99.9
20150305200206,0.0,0.0,0.0,0.0,0.1,0.0,0.0,99.9
20150305200236,0.0,0.0,0.0,0.0,0.0,0.0,0.0,100.0
20150305200306,0.0,0.0,0.0,0.0,0.0,0.0,0.0,100.0
20150305200336,0.0,0.0,0.0,0.0,0.0,0.0,0.0,100.0
20150305200406,0.0,0.0,0.0,0.0,0.0,0.0,0.0,100.0
20150305200436,0.0,0.0,0.0,0.0,0.0,0.0,0.0,100.0
20150305200506,0.0,0.0,0.0,0.0,0.0,0.0,0.0,100.0
20150305200536,0.0,0.0,0.0,0.0,0.0,0.0,0.0,100.0
20150305200606,0.0,0.0,0.0,0.0,0.0,0.0,0.0,100.0
20150305200636,0.0,0.0,0.0,0.0,0.3,0.0,0.7,99.0
20150305200706,0.0,0.0,0.0,0.0,0.0,0.0,0.0,99.9
20150305200736,0.0,0.0,0.0,0.0,0.0,0.0,0.0,100.0
20150305200806,0.0,0.0,0.0,0.1,0.1,0.0,1.4,98.4
20150305200836,0.0,0.0,0.0,0.0,0.1,0.0,0.3,99.7
20150305200906,0.0,0.0,0.0,0.0,0.0,0.0,0.0,99.9
20150305200936,0.0,0.0,0.0,0.1,0.2,0.0,6.1,93.6
20150305201006,0.0,0.0,0.0,0.0,0.2,0.0,0.2,99.6
20150305201036,0.0,0.0,0.0,0.0,0.0,0.0,0.1,99.9
20150305201106,0.0,0.0,0.0,0.0,0.0,0.0,0.3,99.7
20150305201136,0.0,0.0,0.0,0.0,0.0,0.0,0.0,99.9
20150305201206,0.0,0.0,0.0,0.1,0.0,0.0,3.3,96.5
20150305201236,0.0,0.0,0.0,0.1,0.1,0.0,1.8,98.1
20150305201306,0.0,0.0,0.0,0.2,0.0,0.0,4.6,95.3
20150305201336,0.0,0.0,0.0,0.3,0.0,0.0,5.9,93.8
20150305201406,0.0,0.0,0.0,0.7,0.1,0.0,30.9,68.3
20150305201436,0.0,0.0,0.0,0.1,0.0,0.0,5.2,94.7
20150305201506,0.0,0.0,0.0,0.1,0.0,0.0,5.8,94.1
20150305201536,0.0,0.0,0.0,0.4,0.0,0.0,12.9,86.6
20150305201606,0.0,0.0,0.0,0.1,0.0,0.0,6.4,93.5
20150305201636,0.0,0.0,0.0,0.1,0.2,0.0,2.7,97.0
20150305201706,0.0,0.0,0.0,0.0,0.1,0.0,0.1,99.8
20150305201736,0.0,0.0,0.0,0.5,0.1,0.0,2.7,96.7
20150305201806,0.0,0.0,0.0,0.1,0.1,0.0,15.1,84.7
20150305201836,0.0,0.0,0.0,0.1,0.1,0.0,17.9,82.0
20150305201906,0.0,0.0,0.0,0.1,0.0,0.0,13.3,86.5
20150305201936,0.0,0.0,0.0,0.1,0.1,0.0,10.5,89.3
20150305202006,0.0,0.0,0.0,0.7,0.1,0.0,21.6,77.6
20150305202036,0.0,0.0,0.0,0.4,0.1,0.0,37.2,62.4
20150305202106,0.0,0.0,0.0,0.3,0.2,0.0,45.5,54.0
20150305202136,0.0,0.0,0.0,0.8,0.0,0.0,83.2,16.0
20150305202206,0.0,0.0,0.0,0.7,0.2,0.0,34.2,64.9
20150305202236,0.0,0.0,0.0,0.5,0.0,0.0,50.5,48.9
20150305202306,0.0,0.0,0.0,0.6,0.1,0.0,61.9,37.5
20150305202336,0.0,0.0,0.0,0.4,0.0,0.0,76.0,23.5
20150305202406,0.0,0.0,0.0,0.6,0.0,0.0,62.2,37.2
20150305202436,0.0,0.0,0.0,0.3,0.1,0.0,31.2,68.4
20150305202506,0.0,0.0,0.0,0.2,0.4,0.0,10.2,89.2
20150305202536,0.0,0.0,0.0,0.6,0.0,0.0,68.8,30.6
20150305202606,0.0,0.0,0.0,0.3,0.0,0.0,88.1,11.6
20150305202636,0.0,0.0,0.0,0.3,0.2,0.0,50.6,48.9
20150305202706,0.0,0.0,0.0,0.0,0.0,0.0,96.6,3.3
20150305202737,0.0,0.0,0.0,0.7,0.3,0.0,94.2,4.9
20150305202807,0.0,0.0,0.0,0.0,0.0,0.0,99.6,0.4
20150305202837,0.0,0.0,0.0,0.2,0.0,0.0,94.4,5.4
20150305202907,0.0,0.0,0.0,0.3,0.1,0.0,90.2,9.3
20150305202937,0.0,0.0,0.0,0.0,0.0,0.0,99.5,0.5
20150305203007,0.0,0.0,0.0,0.1,0.0,0.0,99.7,0.2
20150305203037,0.0,0.0,0.0,0.1,0.1,0.0,99.0,0.8
20150305203107,0.0,0.0,0.0,0.1,0.4,0.0,92.0,7.5
20150305203137,0.0,0.0,0.0,0.5,0.1,0.0,81.4,17.9
20150305203207,0.0,0.0,0.0,0.1,0.0,0.0,98.1,1.7
20150305203237,0.0,0.0,0.0,0.2,0.1,0.0,95.8,3.9
20150305203307,0.0,0.0,0.0,0.1,0.1,0.0,96.0,3.8
20150305203337,0.0,0.0,0.0,0.2,0.2,0.0,86.9,12.7
20150305203407,0.0,0.0,0.0,1.0,0.4,0.0,49.2,49.4
20150305203437,0.0,0.0,0.0,0.2,0.3,0.0,28.5,71.1
20150305203507,0.0,0.0,0.0,0.2,0.0,0.0,98.0,1.8
20150305203537,0.0,0.0,0.0,0.1,0.1,0.0,98.1,1.7
20150305203607,0.0,0.0,0.0,0.4,0.3,0.0,84.4,14.9
20150305203637,0.0,0.0,0.0,0.2,0.1,0.0,95.5,4.1
20150305203707,0.0,0.0,0.0,0.2,0.0,0.0,94.6,5.2
20150305203737,0.0,0.0,0.0,0.8,0.0,0.0,91.0,8.1
20150305203807,0.0,0.0,0.0,0.4,0.1,0.0,86.4,13.1
20150305203837,0.0,0.0,0.0,0.0,0.0,0.0,98.8,1.2
20150305203907,0.0,0.0,0.0,0.3,0.0,0.0,97.7,2.0
20150305203937,0.0,0.0,0.0,0.1,0.5,0.0,97.9,1.4
20150305204007,0.0,0.0,0.0,0.2,0.0,0.0,99.6,0.2
20150305204037,0.0,0.0,0.0,0.7,0.3,0.0,96.5,2.6
20150305204107,0.0,0.0,0.0,0.2,0.2,0.0,98.4,1.2
20150305204137,0.0,0.0,0.0,0.2,0.1,0.0,97.3,2.5
20150305204207,0.0,0.0,0.0,0.7,0.2,0.0,95.7,3.5
20150305204237,0.0,0.0,0.0,0.2,0.1,0.0,99.3,0.4
20150305204307,0.0,0.0,0.0,0.2,0.0,0.0,98.9,0.9
20150305204337,0.0,0.0,0.0,0.0,0.0,0.0,99.6,0.4
20150305204407,0.0,0.0,0.0,0.0,0.0,0.0,99.3,0.6
20150305204437,0.0,0.0,0.0,0.1,0.0,0.0,99.4,0.5
20150305204507,0.0,0.0,0.0,0.0,0.0,0.0,99.8,0.2
20150305204537,0.0,0.0,0.0,0.1,0.0,0.0,98.9,0.9
20150305204607,0.0,0.0,0.0,0.1,0.0,0.0,98.0,1.8
20150305204637,0.0,0.0,0.0,4.9,2.0,0.0,73.1,19.9
20150305204707,0.0,0.0,0.0,5.1,0.6,0.0,77.3,17.0
20150305204737,0.0,0.0,0.0,4.4,5.6,0.0,71.4,18.6
20150305204807,0.0,0.0,0.0,6.2,0.5,0.0,87.3,6.0
20150305204837,0.0,0.0,0.0,1.6,0.5,0.0,89.9,8.1
20150305204907,0.0,0.0,0.0,2.3,1.6,0.0,90.4,5.7
20150305204937,0.0,0.0,0.0,0.8,0.7,0.0,97.9,0.6
20150305205007,0.0,0.0,0.0,2.6,1.1,0.0,91.5,4.8
20150305205037,0.0,0.0,0.0,14.4,4.1,0.0,68.2,13.3
20150305205107,0.0,0.0,0.0,1.3,1.4,0.0,88.8,8.5
20150305205137,0.0,0.0,0.0,1.3,0.5,0.0,94.8,3.5
20150305205207,0.0,0.0,0.0,0.3,0.4,0.0,96.9,2.4
20150305205237,0.0,0.0,0.0,3.7,0.7,0.0,85.1,10.5
20150305205307,0.0,0.0,0.0,1.0,0.3,0.0,90.2,8.6
20150305205337,0.0,0.0,0.0,1.8,0.6,0.0,91.3,6.3
20150305205407,0.0,0.0,0.0,0.2,0.0,0.0,99.2,0.5
20150305205437,0.0,0.0,0.0,0.8,1.8,0.0,64.4,33.1
20150305205507,0.0,0.0,0.0,0.7,0.3,0.0,96.2,2.9
20150305205537,0.0,0.0,0.0,0.2,0.1,0.0,98.6,1.2
20150305205607,0.0,0.0,0.0,0.1,0.0,0.0,99.0,0.8
20150305205637,0.0,0.0,0.0,0.3,0.2,0.0,97.9,1.6
20150305205707,0.0,0.0,0.0,0.2,0.2,0.0,99.2,0.4
20150305205737,0.0,0.0,0.0,0.2,0.0,0.0,99.3,0.5
20150305205807,0.0,0.0,0.0,0.4,0.4,0.0,98.2,1.0
20150305205837,0.0,0.0,0.0,0.2,0.1,0.0,99.3,0.5
20150305205907,0.0,0.0,0.0,0.0,0.0,0.0,99.9,0.1
20150305205937,0.0,0.0,0.0,0.1,0.0,0.0,98.8,1.0
20150305210007,0.0,0.0,0.0,0.0,0.0,0.0,99.9,0.1
20150305210037,0.0,0.0,0.0,0.1,0.0,0.0,98.4,1.5
20150305210107,0.0,0.0,0.0,0.0,0.0,0.0,99.3,0.7
20150305210137,0.0,0.0,0.0,0.0,0.0,0.0,99.9,0.1
20150305210208,0.0,0.0,0.0,0.0,0.0,0.0,98.6,1.4
20150305210238,0.0,0.0,0.0,0.0,0.0,0.0,99.3,0.7
20150305210308,0.0,0.0,0.0,0.1,0.1,0.0,95.8,4.0
20150305210338,0.0,0.0,0.0,0.0,0.0,0.0,99.3,0.7
20150305210408,0.0,0.0,0.0,0.0,0.0,0.0,99.7,0.3
20150305210438,0.0,0.0,0.0,0.0,0.1,0.0,99.8,0.2
20150305210508,0.0,0.0,0.0,0.0,0.0,0.0,99.7,0.2
20150305210538,0.0,0.0,0.0,0.1,0.7,0.0,94.3,4.8
20150305210608,0.0,0.0,0.0,0.0,0.2,0.0,99.3,0.4
20150305210638,0.0,0.0,0.0,0.1,0.2,0.0,95.6,4.0
20150305210708,0.0,0.0,0.0,0.0,0.2,0.0,99.4,0.4
20150305210738,0.0,0.0,0.0,0.1,0.2,0.0,99.2,0.5
20150305210808,0.0,0.0,0.0,0.0,0.0,0.0,99.8,0.1
20150305210838,0.0,0.0,0.0,0.1,0.2,0.0,99.5,0.3
20150305210908,0.0,0.0,0.0,0.1,0.1,0.0,99.6,0.2
20150305210938,0.0,0.0,0.0,0.0,0.1,0.0,99.7,0.2
20150305211008,0.0,0.0,0.0,0.1,0.1,0.0,99.4,0.4
20150305211038,0.0,0.0,0.0,0.0,0.0,0.0,99.9,0.1
20150305211108,0.0,0.0,0.0,0.0,0.0,0.0,99.9,0.1
20150305211138,0.0,0.0,0.0,0.0,0.0,0.0,99.8,0.2
20150305211208,0.0,0.0,0.0,0.1,0.1,0.0,98.1,1.8
20150305211238,0.0,0.0,0.0,0.0,0.0,0.0,98.4,1.5
20150305211308,0.0,0.0,0.0,0.0,0.0,0.0,98.9,1.1
20150305211338,0.0,0.0,0.0,0.0,0.0,0.0,99.3,0.6
20150305211408,0.0,0.0,0.0,0.1,0.0,0.0,98.8,1.1
20150305211438,0.0,0.0,0.0,0.0,0.0,0.0,99.6,0.3
20150305211508,0.0,0.0,0.0,0.1,0.1,0.0,99.2,0.7
20150305211538,0.0,0.0,0.0,0.0,0.0,0.0,99.6,0.3
20150305211608,0.0,0.0,0.0,0.0,0.0,0.0,99.4,0.6
20150305211638,0.0,0.0,0.0,0.0,0.0,0.0,99.9,0.1
20150305211708,0.0,0.0,0.0,0.0,0.0,0.0,97.6,2.3
20150305211738,0.0,0.0,0.0,0.1,0.1,0.0,96.2,3.6
20150305211808,0.0,0.0,0.0,0.0,0.0,0.0,97.8,2.1
20150305211838,0.0,0.0,0.0,0.0,0.1,0.0,99.0,1.0
20150305211908,0.0,0.0,0.0,0.1,0.0,0.0,99.2,0.6
20150305211938,0.0,0.0,0.0,0.0,0.0,0.0,99.4,0.6
20150305212008,0.0,0.0,0.0,0.0,0.2,0.0,96.0,3.8
20150305212038,0.0,0.0,0.0,0.0,0.0,0.0,99.7,0.2
20150305212108,0.0,0.0,0.0,0.0,0.1,0.0,97.1,2.8
20150305212138,0.0,0.0,0.0,0.0,0.1,0.0,90.9,9.0
20150305212208,0.0,0.0,0.0,0.0,0.0,0.0,98.5,1.4
20150305212238,0.0,0.0,0.0,0.0,0.0,0.0,96.1,3.8
20150305212308,0.0,0.0,0.0,0.0,0.0,0.0,94.5,5.4
20150305212338,0.0,0.0,0.0,0.0,0.0,0.0,99.2,0.7
20150305212408,0.0,0.0,0.0,0.0,0.0,0.0,97.6,2.4
20150305212438,0.0,0.0,0.0,0.0,0.0,0.0,98.1,1.9
20150305212508,0.0,0.0,0.0,0.0,0.0,0.0,99.3,0.7
20150305212538,0.0,0.0,0.0,0.0,0.1,0.0,99.2,0.7
20150305212608,0.0,0.0,0.0,0.0,0.0,0.0,99.8,0.2
20150305212638,0.0,0.0,0.0,0.0,0.0,0.0,96.1,3.8
20150305212708,0.0,0.0,0.0,0.0,0.0,0.0,99.3,0.7
20150305212738,0.0,0.0,0.0,0.0,0.0,0.0,99.5,0.5
20150305212808,0.0,0.0,0.0,0.0,0.0,0.0,94.1,5.8
20150305212838,0.0,0.0,0.0,0.0,0.1,0.0,95.7,4.3
20150305212908,0.0,0.0,0.0,0.0,0.0,0.0,94.8,5.2
20150305212938,0.0,0.0,0.0,0.0,0.0,0.0,96.7,3.3
20150305213008,0.0,0.0,0.0,0.0,0.0,0.0,94.4,5.6
20150305213038,0.0,0.0,0.0,0.0,0.0,0.0,96.8,3.2
20150305213108,0.0,0.0,0.0,0.0,0.1,0.0,96.1,3.8
20150305213138,0.0,0.0,0.0,0.0,0.0,0.0,99.4,0.6
20150305213208,0.0,0.0,0.0,0.0,0.0,0.0,99.5,0.5
20150305213238,0.0,0.0,0.0,0.0,0.0,0.0,94.8,5.2
20150305213308,0.0,0.0,0.0,0.0,0.0,0.0,99.8,0.2
20150305213338,0.0,0.0,0.0,0.0,0.0,0.0,99.7,0.3
20150305213408,0.0,0.0,0.0,0.0,0.0,0.0,96.7,3.3
20150305213438,0.0,0.0,0.0,0.0,0.0,0.0,92.2,7.8
20150305213508,0.0,0.0,0.0,0.0,0.0,0.0,92.5,7.5
20150305213538,0.0,0.0,0.0,0.0,0.1,0.0,96.2,3.8
20150305213608,0.0,0.0,0.0,0.0,0.1,0.0,90.5,9.4
20150305213639,0.0,0.0,0.0,0.0,0.0,0.0,96.1,3.9
20150305213709,0.0,0.0,0.0,0.0,0.0,0.0,89.2,10.8
20150305213739,0.0,0.0,0.0,0.3,3.5,0.0,96.0,0.2
20150305213809,0.0,0.0,0.0,0.2,1.6,0.0,94.2,4.0
20150305213839,0.0,0.0,0.1,9.0,46.9,0.0,40.4,3.6
20150305213909,0.0,0.0,0.2,31.1,11.1,0.0,43.7,13.9
20150305213939,0.0,0.0,0.1,13.4,3.3,0.0,28.1,55.0
20150305214009,0.0,0.0,0.0,0.2,0.5,0.0,80.5,18.9
20150305214039,0.0,0.0,0.0,0.1,3.7,0.0,87.9,8.3
20150305214109,0.0,0.1,0.0,23.9,43.3,0.0,27.2,5.5
20150305214139,0.0,0.0,0.0,1.9,2.5,0.0,62.2,33.3
20150305214209,0.0,0.0,0.0,0.0,0.1,0.0,62.6,37.2
20150305214239,0.0,0.0,0.0,0.3,0.5,0.0,28.8,70.4
20150305214309,0.0,0.0,0.0,0.4,1.1,0.0,72.4,26.0
20150305214339,0.0,0.0,0.1,0.1,0.6,0.0,69.4,29.8
20150305214409,0.0,0.0,0.0,0.0,0.2,0.0,67.1,32.7
20150305214439,0.0,0.0,0.0,0.0,0.2,0.0,86.2,13.6
20150305214509,0.0,0.0,0.0,0.0,0.2,0.0,70.2,29.6
20150305214539,0.0,0.0,0.0,0.0,0.1,0.0,88.7,11.3
20150305214609,0.0,0.0,0.0,0.0,0.2,0.0,92.3,7.5
20150305214639,0.0,0.0,0.0,0.0,0.1,0.0,91.4,8.5
20150305214709,0.0,0.0,0.0,0.0,0.0,0.0,96.5,3.5
20150305214739,0.0,0.0,0.0,0.0,0.0,0.0,96.1,3.9
20150305214809,0.0,0.0,0.0,0.0,0.0,0.0,96.3,3.7
20150305214839,0.0,0.0,0.0,0.0,0.0,0.0,93.4,6.6
20150305214909,0.0,0.0,0.0,0.0,0.0,0.0,81.9,18.0
20150305214939,0.0,0.0,0.0,0.0,0.0,0.0,89.7,10.3
20150305215009,0.0,0.0,0.0,0.0,0.1,0.0,73.6,26.3
20150305215039,0.0,0.0,0.0,0.0,0.0,0.0,81.1,18.9
20150305215109,0.0,0.0,0.0,0.0,0.0,0.0,86.8,13.2
20150305215139,0.0,0.0,0.0,0.0,0.1,0.0,69.7,30.3
20150305215209,0.0,0.0,0.0,0.0,0.2,0.0,82.9,16.9
20150305215239,0.0,0.0,0.0,0.0,0.0,0.0,91.3,8.6
20150305215309,0.0,0.0,0.0,0.0,0.0,0.0,91.7,8.3
20150305215339,0.0,0.0,0.0,0.0,0.1,0.0,91.6,8.4
20150305215409,0.0,0.0,0.0,0.0,0.1,0.0,85.6,14.3
20150305215439,0.0,0.0,0.0,0.1,0.1,0.0,90.7,9.1
20150305215509,0.0,0.0,0.0,0.1,0.1,0.0,97.6,2.2
20150305215539,0.0,0.0,0.0,0.0,0.0,0.0,94.8,5.1
20150305215609,0.0,0.0,0.0,0.0,0.1,0.0,95.7,4.2
20150305215639,0.0,0.0,0.0,0.0,0.1,0.0,75.8,24.0
20150305215709,0.0,0.0,0.0,0.0,0.2,0.0,89.2,10.6
20150305215739,0.0,0.0,0.0,0.0,0.0,0.0,87.1,12.9
20150305215809,0.0,0.0,0.0,0.0,0.0,0.0,80.7,19.3
20150305215839,0.0,0.0,0.0,0.0,0.1,0.0,49.6,50.4
20150305215909,0.0,0.0,0.0,0.0,0.1,0.0,35.7,64.2
20150305215939,0.0,0.0,0.0,0.0,0.1,0.0,56.5,43.4
20150305220009,0.0,0.0,0.0,0.0,0.1,0.0,83.3,16.7
20150305220039,0.0,0.0,0.0,0.0,0.3,0.0,63.5,36.2
20150305220109,0.0,0.0,0.0,0.0,0.1,0.0,96.5,3.5
20150305220139,0.0,0.0,0.0,0.0,0.1,0.0,85.5,14.5
20150305220209,0.0,0.0,0.0,0.0,0.1,0.0,81.0,18.9
20150305220239,0.0,0.0,0.0,0.0,0.1,0.0,86.4,13.5
20150305220309,0.0,0.0,0.0,0.0,0.0,0.0,96.5,3.5
20150305220339,0.0,0.0,0.0,0.0,0.0,0.0,98.3,1.7
20150305220410,0.0,0.0,0.0,0.0,0.0,0.0,99.8,0.2
20150305220440,0.0,0.0,0.0,0.0,0.0,0.0,97.1,2.9
20150305220510,0.0,0.0,0.0,0.0,0.0,0.0,99.1,0.9
20150305220540,0.0,0.0,0.0,0.0,0.0,0.0,97.2,2.8
20150305220610,0.0,0.0,0.0,0.0,0.0,0.0,96.4,3.6
20150305220640,0.0,0.0,0.0,0.0,0.0,0.0,98.9,1.1
20150305220710,0.0,0.0,0.0,0.0,0.0,0.0,99.2,0.7
20150305220740,0.0,0.0,0.0,0.0,0.0,0.0,97.4,2.6
20150305220810,0.0,0.0,0.0,0.0,0.0,0.0,89.5,10.4
20150305220840,0.0,0.0,0.0,0.0,0.0,0.0,94.1,5.9
20150305220910,0.0,0.0,0.0,0.0,0.0,0.0,91.3,8.7
20150305220940,0.0,0.0,0.0,0.0,0.0,0.0,91.4,8.5
20150305221010,0.0,0.0,0.0,0.0,0.1,0.0,95.5,4.4
20150305221040,0.0,0.0,0.0,0.0,0.0,0.0,96.6,3.3
20150305221110,0.0,0.0,0.0,0.0,0.0,0.0,96.1,3.8
20150305221140,0.0,0.0,0.0,0.0,0.2,0.0,86.2,13.6
20150305221210,0.0,23.6,0.0,6.1,47.1,0.0,21.2,1.9
20150305221240,0.0,0.0,0.0,0.1,0.2,0.0,34.2,65.5
20150305221310,0.0,0.0,0.0,0.0,0.2,0.0,56.0,43.8
20150305221340,0.0,0.0,0.0,0.0,0.3,0.0,61.9,37.8
20150305221410,0.0,0.0,0.0,0.0,0.5,0.0,80.5,19.0
20150305221440,0.0,0.0,0.0,0.0,0.5,0.0,81.8,17.7
20150305221510,0.0,0.0,0.0,0.0,1.0,0.0,85.5,13.5
20150305221540,0.0,0.0,0.0,0.0,0.4,0.0,57.6,42.0
20150305221610,0.0,0.0,0.0,0.0,0.1,0.0,80.9,19.0
20150305221640,0.0,0.0,0.0,0.0,0.1,0.0,93.1,6.8
20150305221710,0.0,0.0,0.0,0.0,0.1,0.0,91.0,8.9
20150305221740,0.0,0.0,0.0,0.0,0.1,0.0,81.2,18.7
20150305221810,0.0,0.0,0.0,0.0,0.1,0.0,84.8,15.1
20150305221840,0.0,0.0,0.0,0.0,0.2,0.0,68.5,31.3
20150305221910,0.0,0.0,0.0,0.0,0.1,0.0,83.7,16.2
20150305221940,0.0,0.0,0.0,0.0,0.1,0.0,52.8,47.0
20150305222010,0.0,0.0,0.0,0.0,0.0,0.0,83.0,17.0
20150305222040,0.0,0.0,0.0,0.0,0.0,0.0,77.2,22.8
20150305222110,0.0,0.0,0.0,0.0,0.0,0.0,81.6,18.3
20150305222140,0.0,0.0,0.0,0.0,0.0,0.0,81.6,18.4
20150305222210,0.0,0.0,0.0,0.0,0.0,0.0,95.2,4.8
20150305222240,0.0,0.0,0.0,0.0,0.1,0.0,68.7,31.1
20150305222310,0.0,0.0,0.0,0.0,0.0,0.0,94.6,5.3
20150305222340,0.0,0.0,0.0,0.1,0.1,0.0,86.4,13.4
20150305222410,0.0,0.0,0.0,0.1,0.1,0.0,97.7,2.0
20150305222440,0.0,0.0,0.0,0.0,0.1,0.0,90.9,9.0
20150305222510,0.0,0.0,0.0,0.0,0.0,0.0,98.6,1.4
20150305222540,0.0,0.0,0.0,0.0,0.1,0.0,98.1,1.8
20150305222610,0.0,0.0,0.0,0.0,0.0,0.0,99.5,0.5
20150305222640,0.0,0.0,0.0,0.0,0.0,0.0,98.1,1.8
20150305222710,0.0,0.0,0.0,0.1,0.1,0.0,98.1,1.8
20150305222740,0.0,0.0,0.0,0.0,0.1,0.0,98.5,1.4
20150305222810,0.0,0.0,0.0,0.0,0.0,0.0,97.8,2.2
20150305222840,0.0,0.0,0.0,0.0,0.1,0.0,98.3,1.5
20150305222910,0.0,0.0,0.0,0.0,0.0,0.0,98.3,1.6
20150305222940,0.0,0.0,0.0,0.0,0.1,0.0,97.9,2.0
20150305223010,0.0,0.0,0.0,0.1,0.1,0.0,95.5,4.3
20150305223040,0.0,0.0,0.0,0.0,0.1,0.0,98.7,1.1
20150305223110,0.0,0.0,0.0,0.0,0.1,0.0,98.0,1.9
20150305223140,0.0,0.0,0.0,0.0,0.1,0.0,96.9,3.0
20150305223210,0.0,0.0,0.0,0.0,0.0,0.0,99.6,0.4
20150305223240,0.0,0.0,0.0,0.0,0.1,0.0,98.5,1.4
20150305223310,0.0,0.0,0.0,0.0,0.1,0.0,97.9,2.0
20150305223340,0.0,0.0,0.0,0.0,0.0,0.0,99.6,0.4
20150305223410,0.0,0.0,0.0,0.0,0.0,0.0,98.9,1.1
20150305223440,0.0,0.0,0.0,0.0,0.1,0.0,95.8,4.2
20150305223510,0.0,0.0,0.0,0.0,0.0,0.0,96.5,3.5
20150305223540,0.0,0.0,0.0,0.0,0.0,0.0,97.3,2.6
20150305223610,0.0,0.0,0.0,0.0,0.0,0.0,98.2,1.7
20150305223640,0.0,0.0,0.0,0.0,0.0,0.0,98.7,1.2
20150305223710,0.0,0.0,0.0,0.0,0.1,0.0,96.2,3.7
20150305223740,0.0,0.0,0.0,0.0,0.2,0.0,84.1,15.7
20150305223811,0.0,0.0,0.0,0.0,0.0,0.0,94.6,5.4
20150305223841,0.0,0.0,0.0,0.0,0.1,0.0,91.6,8.3
20150305223911,0.0,0.0,0.0,0.0,0.1,0.0,97.3,2.6
20150305223941,0.0,0.0,0.0,0.0,0.1,0.0,97.9,2.0
20150305224011,0.0,0.0,0.0,0.0,0.0,0.0,98.8,1.2
20150305224041,0.0,0.0,0.0,0.0,0.1,0.0,95.8,4.0
20150305224111,0.0,0.0,0.0,0.0,0.0,0.0,99.0,0.9
20150305224141,0.0,0.0,0.0,0.0,0.1,0.0,96.3,3.6
20150305224211,0.0,0.0,0.0,0.0,0.4,0.0,97.9,1.7
20150305224241,0.0,0.0,0.0,0.0,0.2,0.0,98.7,1.2
20150305224311,0.0,0.0,0.0,0.0,0.0,0.0,99.6,0.3
20150305224341,0.0,0.0,0.0,0.0,0.2,0.0,97.9,1.8
20150305224411,0.0,0.0,0.0,0.1,0.7,0.0,95.8,3.4
20150305224441,0.0,0.0,0.0,0.1,0.3,0.0,96.2,3.5
20150305224511,0.0,0.0,0.0,0.1,0.4,0.0,98.3,1.3
20150305224541,0.0,0.0,0.0,0.0,0.2,0.0,98.5,1.3
20150305224611,0.0,0.0,0.0,0.0,0.0,0.0,99.8,0.2
20150305224641,0.0,0.0,0.0,0.0,0.3,0.0,99.4,0.2
20150305224711,0.0,0.0,0.0,0.0,0.0,0.0,99.9,0.1
20150305224741,0.0,0.0,0.0,0.0,0.1,0.0,99.8,0.1
20150305224811,0.0,0.0,0.0,0.0,0.1,0.0,99.8,0.1
20150305224841,0.0,0.0,0.0,0.0,0.0,0.0,99.8,0.2
20150305224911,0.0,0.0,0.0,0.0,0.2,0.0,99.4,0.4
20150305224941,0.0,0.0,0.0,0.0,0.0,0.0,99.5,0.4
20150305225011,0.0,0.0,0.0,0.0,0.0,0.0,99.1,0.8
20150305225041,0.0,0.0,0.0,0.0,0.2,0.0,97.0,2.8
20150305225111,0.0,0.0,0.0,0.0,0.0,0.0,99.9,0.1
20150305225141,0.0,0.0,0.0,0.0,0.4,0.0,95.4,4.2
20150305225211,0.0,0.0,0.0,0.0,0.2,0.0,99.4,0.4
20150305225241,0.0,0.0,0.0,0.0,0.1,0.0,97.7,2.1
20150305225311,0.0,0.0,0.0,0.1,0.6,0.0,96.9,2.4
20150305225341,0.0,0.0,0.0,0.0,0.2,0.0,99.1,0.8
20150305225411,0.0,0.0,0.0,0.0,0.1,0.0,99.2,0.7
20150305225441,0.0,0.0,0.0,0.0,0.0,0.0,99.8,0.2
20150305225511,0.0,0.0,0.0,0.0,0.0,0.0,99.9,0.0
20150305225541,0.0,0.0,0.0,0.0,0.0,0.0,100.0,0.0
20150305225611,0.0,0.0,0.0,0.0,0.1,0.0,99.8,0.1
20150305225641,0.0,0.0,0.0,0.0,0.1,0.0,99.7,0.2
20150305225711,0.0,0.0,0.0,0.0,0.1,0.0,99.8,0.0
20150305225741,0.0,0.0,0.0,0.0,0.1,0.0,99.5,0.3
20150305225811,0.0,0.0,0.0,0.0,0.4,0.0,98.9,0.7
20150305225841,0.0,0.0,0.0,0.0,0.2,0.0,99.7,0.1
20150305225911,0.0,0.0,0.0,0.0,0.2,0.0,99.6,0.2
20150305225941,0.0,0.0,0.0,0.0,0.1,0.0,99.9,0.0
20150305230011,0.0,0.0,0.0,0.1,0.7,0.0,99.1,0.2
20150305230041,0.0,0.0,0.0,0.0,0.7,0.0,98.9,0.4
20150305230111,0.0,0.0,0.0,0.0,0.4,0.0,99.4,0.1
20150305230141,0.0,0.0,0.0,0.0,0.2,0.0,99.6,0.2
20150305230211,0.0,0.0,0.0,0.0,0.6,0.0,99.3,0.1
20150305230241,0.0,0.0,0.0,0.1,2.9,0.0,96.6,0.4
20150305230311,0.0,0.0,0.0,0.1,0.8,0.0,98.8,0.3
20150305230341,0.0,0.0,0.0,0.1,1.8,0.0,93.1,5.0
20150305230411,0.0,0.0,0.0,0.9,4.3,0.0,85.8,9.0
20150305230441,0.0,0.0,0.0,0.1,0.2,0.0,99.0,0.7
20150305230511,0.0,0.0,0.0,0.1,0.2,0.0,96.9,2.7
20150305230541,0.0,0.0,0.0,0.2,15.8,0.0,71.8,12.3
20150305230611,0.0,0.0,0.0,0.1,0.4,0.0,99.1,0.4
20150305230641,0.0,0.0,0.0,0.0,0.7,0.0,99.0,0.3
20150305230711,0.0,0.0,0.0,0.1,7.8,0.0,91.5,0.7
20150305230741,0.0,0.0,0.0,0.1,0.8,0.0,98.0,1.2
20150305230811,0.0,0.0,0.0,0.1,1.4,0.0,98.2,0.3
20150305230841,0.0,0.0,0.0,0.0,0.4,0.0,99.5,0.1
20150305230911,0.0,0.0,0.0,0.0,2.5,0.0,97.0,0.5
20150305230941,0.0,0.0,0.0,0.0,0.3,0.0,99.4,0.3
20150305231011,0.0,0.0,0.0,0.1,1.4,0.0,97.1,1.4
20150305231041,0.0,0.0,0.0,0.0,0.1,0.0,99.8,0.1
20150305231111,0.0,0.0,0.0,0.0,0.4,0.0,99.5,0.1
20150305231141,0.0,0.0,0.0,0.0,0.1,0.0,99.9,0.0
20150305231212,0.0,0.0,0.0,0.0,0.2,0.0,99.7,0.1
20150305231242,0.0,0.0,0.0,0.0,0.1,0.0,99.9,0.0
20150305231312,0.0,0.0,0.0,0.0,1.1,0.0,98.9,0.0
20150305231342,0.0,0.0,0.0,0.1,7.9,0.0,91.9,0.0
20150305231412,0.0,0.3,0.0,0.4,57.3,0.0,41.9,0.0
20150305231442,0.0,0.1,0.0,0.6,73.7,0.0,25.6,0.0
20150305231512,0.0,0.0,0.0,0.2,78.5,0.0,21.2,0.1
20150305231542,0.0,0.0,0.0,0.1,5.6,0.0,94.2,0.1
20150305231612,0.0,0.0,0.0,0.0,3.7,0.0,95.3,0.9
20150305231642,0.0,0.0,0.0,0.1,6.0,0.0,93.1,0.8
20150305231712,0.0,0.0,0.0,0.0,1.5,0.0,98.3,0.1
20150305231742,0.0,0.0,0.0,0.1,0.9,0.0,98.9,0.1
20150305231812,0.0,0.0,0.0,0.1,0.5,0.0,98.9,0.5
20150305231842,0.0,0.0,0.0,0.5,0.8,0.0,95.6,3.1
20150305231912,0.0,0.0,0.0,0.8,1.9,0.0,96.2,1.0
20150305231942,0.0,0.0,0.0,0.2,0.3,0.0,99.2,0.3
20150305232012,0.0,0.0,0.0,0.2,1.8,0.0,97.3,0.7
20150305232042,0.0,0.0,0.0,0.1,0.6,0.0,97.9,1.4
20150305232112,0.0,0.0,0.0,0.1,0.1,0.0,99.8,0.0
20150305232142,0.0,0.0,0.0,0.1,3.8,0.0,95.0,1.1
20150305232212,0.0,0.0,0.0,0.0,0.1,0.0,99.8,0.0
20150305232242,0.0,0.0,0.0,0.1,1.3,0.0,98.2,0.4
20150305232312,0.0,0.0,0.0,0.0,0.2,0.0,99.8,0.0
20150305232342,0.0,0.0,0.0,0.0,0.1,0.0,99.8,0.1
20150305232412,0.0,0.0,0.0,0.0,0.0,0.0,100.0,0.0
20150305232442,0.0,0.0,0.0,0.0,0.3,0.0,99.5,0.2
20150305232512,0.0,0.0,0.0,0.0,0.0,0.0,100.0,0.0
20150305232542,0.0,0.0,0.0,0.0,0.0,0.0,99.9,0.0
20150305232612,0.0,0.0,0.0,0.0,0.0,0.0,100.0,0.0
20150305232642,0.0,0.0,0.0,0.0,0.2,0.0,99.6,0.3
20150305232712,0.0,0.0,0.0,0.1,0.3,0.0,99.3,0.2
20150305232742,0.0,0.0,0.0,0.0,0.2,0.0,99.2,0.6
20150305232812,0.0,0.0,0.0,0.0,0.2,0.0,99.8,0.0
20150305232842,0.0,0.0,0.0,0.0,0.0,0.0,100.0,0.0
20150305232912,0.0,0.0,0.0,0.0,0.2,0.0,99.7,0.1
20150305232942,0.0,0.0,0.0,0.2,0.6,0.0,99.2,0.0
20150305233012,0.0,0.0,0.0,0.1,0.1,0.0,99.6,0.3
20150305233042,0.0,0.0,0.0,0.1,0.5,0.0,98.9,0.4
20150305233112,0.0,0.0,0.0,0.1,0.5,0.0,99.2,0.2
20150305233142,0.0,0.0,0.0,0.0,0.1,0.0,99.7,0.2
20150305233212,0.0,0.0,0.0,0.0,0.0,0.0,99.9,0.1
20150305233242,0.0,0.0,0.0,0.0,0.1,0.0,99.7,0.2
20150305233312,0.0,0.0,0.0,0.0,0.1,0.0,99.6,0.3
20150305233342,0.0,0.0,0.0,0.0,0.1,0.0,99.6,0.3
20150305233412,0.0,0.0,0.0,0.0,0.0,0.0,99.7,0.3
20150305233442,0.0,0.0,0.0,0.0,0.1,0.0,99.2,0.6
20150305233512,0.0,0.0,0.0,0.1,0.3,0.0,99.4,0.2
20150305233542,0.0,0.0,0.0,0.2,0.1,0.0,99.0,0.7
20150305233612,0.0,0.0,0.0,0.0,0.4,0.0,99.4,0.1
20150305233642,0.0,0.0,0.0,0.0,0.1,0.0,99.8,0.1
20150305233712,0.0,0.0,0.0,0.0,0.0,0.0,99.8,0.2
20150305233742,0.0,0.0,0.0,0.0,0.0,0.0,99.4,0.6
20150305233812,0.0,0.0,0.0,0.0,0.2,0.0,99.5,0.3
20150305233842,0.0,0.0,0.0,0.0,0.4,0.0,99.3,0.3
20150305233912,0.0,0.0,0.0,0.1,1.0,0.0,98.2,0.7
20150305233942,0.0,0.0,0.0,0.0,0.8,0.0,98.4,0.8
20150305234012,0.0,0.0,0.0,0.1,0.5,0.0,98.7,0.7
