UT,arc,discrete,diffuse,ac,ab,clear,cloudy,dd
20151231132000,0.0,0.0,0.0,0.0,0.0,0.0,0.0,100.0
20151231132030,0.0,0.0,0.0,0.0,0.0,0.0,0.0,100.0
20151231132100,0.0,0.0,0.0,0.0,0.0,0.0,0.0,100.0
20151231132130,0.0,0.0,0.0,0.0,0.0,0.0,0.0,100.0
20151231132200,0.0,0.0,0.0,0.0,0.0,0.0,0.0,100.0
20151231132231,0.0,0.0,0.0,0.0,0.0,0.0,0.0,100.0
20151231132301,0.0,0.0,0.0,0.0,0.0,0.0,0.0,100.0
20151231132331,0.0,0.0,0.0,0.0,0.0,0.0,0.0,100.0
20151231132401,0.0,0.0,0.0,0.0,0.0,0.0,0.0,100.0
20151231132431,0.0,0.0,0.0,0.0,0.0,0.0,0.0,100.0
20151231132501,0.0,0.0,0.0,0.0,0.0,0.0,0.0,100.0
20151231132531,0.0,0.0,0.0,0.0,0.0,0.0,0.0,100.0
20151231132601,0.0,0.0,0.0,0.0,0.0,0.0,0.0,100.0
20151231132631,0.0,0.0,0.0,0.0,0.0,0.0,0.0,100.0
20151231132701,0.0,0.0,0.0,0.0,0.0,0.0,0.0,100.0
20151231132731,0.0,0.0,0.0,0.0,0.0,0.0,0.0,100.0
20151231132801,0.0,0.0,0.0,0.0,0.0,0.0,0.0,100.0
20151231132831,0.0,0.0,0.0,0.0,0.0,0.0,0.0,100.0
20151231132901,0.0,0.0,0.0,0.0,0.0,0.0,0.0,100.0
20151231132931,0.0,0.0,0.0,0.0,0.0,0.0,0.0,100.0
20151231133001,0.0,0.0,0.0,0.0,0.0,0.0,0.0,100.0
20151231133031,0.0,0.0,0.0,0.0,0.0,0.0,0.0,100.0
20151231133101,0.0,0.0,0.0,0.0,0.0,0.0,0.0,100.0
20151231133131,0.0,0.0,0.0,0.0,0.0,0.0,0.0,100.0
20151231133201,0.0,0.0,0.0,0.0,0.0,0.0,0.0,100.0
20151231133231,0.0,0.0,0.0,0.0,0.0,0.0,0.0,100.0
20151231133301,0.0,0.0,0.0,0.0,0.0,0.0,0.0,100.0
20151231133331,0.0,0.0,0.0,0.0,0.0,0.0,0.0,100.0
20151231133401,0.0,0.0,0.0,0.0,0.0,0.0,0.0,100.0
20151231133431,0.0,0.0,0.0,0.0,0.0,0.0,0.0,100.0
20151231133501,0.0,0.0,0.0,0.0,0.0,0.0,0.0,100.0
20151231133531,0.0,0.0,0.0,0.0,0.0,0.0,0.0,100.0
20151231133601,0.0,0.0,0.0,0.0,0.0,0.0,0.0,100.0
20151231133631,0.0,0.0,0.0,0.0,0.0,0.0,0.0,100.0
20151231133701,0.0,0.0,0.0,0.0,0.0,0.0,0.0,100.0
20151231133731,0.0,0.0,0.0,0.0,0.0,0.0,0.0,100.0
20151231133801,0.0,0.0,0.0,0.0,0.0,0.0,0.0,100.0
20151231133831,0.0,0.0,0.0,0.0,0.0,0.0,0.0,100.0
20151231133901,0.0,0.0,0.0,0.0,0.0,0.0,0.0,100.0
20151231133931,0.0,0.0,0.0,0.0,0.0,0.0,0.0,100.0
20151231134001,0.0,0.0,0.0,0.0,0.0,0.0,0.0,100.0
20151231134031,0.0,0.0,0.0,0.0,0.0,0.0,0.0,100.0
20151231134101,0.0,0.0,0.0,0.0,0.0,0.0,0.0,100.0
20151231134131,0.0,0.0,0.0,0.0,0.0,0.0,0.0,100.0
20151231134201,0.0,0.0,0.0,0.0,0.0,0.0,0.0,100.0
20151231134231,0.0,0.0,0.0,0.0,0.0,0.0,0.0,100.0
20151231134301,0.0,0.0,0.0,0.0,0.0,0.0,0.0,100.0
20151231134331,0.0,0.0,0.0,0.0,0.0,0.0,0.0,100.0
20151231134401,0.0,0.0,0.0,0.0,0.0,0.0,0.0,100.0
20151231134431,0.0,0.0,0.0,0.0,0.0,0.0,0.0,100.0
20151231134501,0.0,0.0,0.0,0.0,0.0,0.0,0.0,100.0
20151231134531,0.0,0.0,0.0,0.0,0.0,0.0,0.0,100.0
20151231134601,0.0,0.0,0.0,0.0,0.0,0.0,0.0,100.0
20151231134631,0.0,0.0,0.0,0.0,0.0,0.0,0.0,100.0
20151231134701,0.0,0.0,0.0,0.0,0.0,0.0,0.0,100.0
20151231134731,0.0,0.0,0.0,0.0,0.0,0.0,0.0,100.0
20151231134801,0.0,0.0,0.0,0.0,0.0,0.0,0.0,100.0
20151231134831,0.0,0.0,0.0,0.0,0.0,0.0,0.0,100.0
20151231134901,0.0,0.0,0.0,0.0,0.0,0.0,0.0,100.0
20151231134931,0.0,0.0,0.0,0.0,0.0,0.0,0.0,100.0
20151231135001,0.0,0.0,0.0,0.0,0.0,0.0,0.0,100.0
20151231135031,0.0,0.0,0.0,0.0,0.0,0.0,0.0,100.0
20151231135101,0.0,0.0,0.0,0.0,0.0,0.0,0.0,100.0
20151231135131,0.0,0.0,0.0,0.0,0.0,0.0,0.0,100.0
20151231135201,0.0,0.0,0.0,0.0,0.0,0.0,0.0,100.0
20151231135231,0.0,0.0,0.0,0.0,0.0,0.0,0.0,100.0
20151231135301,0.0,0.0,0.0,0.0,0.0,0.0,0.0,100.0
20151231135331,0.0,0.0,0.0,0.0,0.0,0.0,0.0,100.0
20151231135401,0.0,0.0,0.0,0.0,0.0,0.0,0.0,100.0
20151231135431,0.0,0.0,0.0,0.0,0.0,0.0,0.0,100.0
20151231135501,0.0,0.0,0.0,0.0,0.0,0.0,0.0,100.0
20151231135531,0.0,0.0,0.0,0.0,0.0,0.0,0.0,100.0
20151231135601,0.0,0.0,0.0,0.0,0.0,0.0,0.0,100.0
20151231135632,0.0,0.0,0.0,0.0,0.0,0.0,0.0,100.0
20151231135702,0.0,0.0,0.0,0.0,0.0,0.0,0.0,100.0
20151231135732,0.0,0.0,0.0,0.0,0.0,0.0,0.0,100.0
20151231135802,0.0,0.0,0.0,0.0,0.0,0.0,0.0,100.0
20151231135832,0.0,0.0,0.0,0.0,0.0,0.0,0.0,100.0
20151231135902,0.0,0.0,0.0,0.0,0.0,0.0,0.0,100.0
20151231135932,0.0,0.0,0.0,0.0,0.0,0.0,0.0,100.0
20151231140002,0.0,0.0,0.0,0.0,0.0,0.0,0.0,100.0
20151231140032,0.0,0.0,0.0,0.0,0.0,0.0,0.0,100.0
20151231140102,0.0,0.0,0.0,0.0,0.0,0.0,0.0,100.0
20151231140132,0.0,0.0,0.0,0.0,0.0,0.0,0.0,100.0
20151231140202,0.0,0.0,0.0,0.0,0.0,0.0,0.0,100.0
20151231140232,0.0,0.0,0.0,0.0,0.0,0.0,0.0,100.0
20151231140302,0.0,0.0,0.0,0.0,0.0,0.0,0.0,100.0
20151231140332,0.0,0.0,0.0,0.0,0.0,0.0,0.0,100.0
20151231140402,0.0,0.0,0.0,0.0,0.0,0.0,0.0,100.0
20151231140432,0.0,0.0,0.0,0.0,0.0,0.0,0.0,100.0
20151231140502,0.0,0.0,0.0,0.0,0.0,0.0,0.0,100.0
20151231140532,0.0,0.0,0.0,0.0,0.0,0.0,0.0,100.0
20151231140602,0.0,0.0,0.0,0.0,0.0,0.0,0.0,100.0
20151231140632,0.0,0.0,0.0,0.0,0.0,0.0,0.0,100.0
20151231140702,0.0,0.0,0.0,0.0,0.0,0.0,0.1,99.9
20151231140732,0.0,0.0,0.0,0.0,0.0,0.0,0.0,100.0
20151231140802,0.0,0.0,0.0,0.0,0.0,0.0,0.0,100.0
20151231140832,0.0,0.0,0.0,0.0,0.0,0.0,0.0,100.0
20151231140902,0.0,0.0,0.0,0.0,0.0,0.0,0.0,100.0
20151231140932,0.0,0.0,0.0,0.0,0.0,0.0,0.0,99.9
20151231141002,0.0,0.0,0.0,0.0,0.0,0.0,0.0,100.0
20151231141032,0.0,0.0,0.0,0.0,0.0,0.0,0.0,100.0
20151231141102,0.0,0.0,0.0,0.0,0.0,0.0,0.1,99.9
20151231141132,0.0,0.0,0.0,0.0,0.0,0.0,0.2,99.8
20151231141202,0.0,0.0,0.0,0.0,0.0,0.0,0.1,99.9
20151231141232,0.0,0.0,0.0,0.0,0.0,0.0,0.1,99.9
20151231141302,0.0,0.0,0.0,0.0,0.0,0.0,0.1,99.9
20151231141332,0.0,0.0,0.0,0.0,0.0,0.0,0.3,99.7
20151231141402,0.0,0.0,0.0,0.0,0.0,0.0,0.1,99.9
20151231141432,0.0,0.0,0.0,0.0,0.0,0.0,0.1,99.9
20151231141502,0.0,0.0,0.0,0.0,0.0,0.1,0.3,99.6
20151231141532,0.0,0.0,0.0,0.0,0.0,0.0,0.4,99.6
20151231141602,0.0,0.0,0.0,0.1,0.0,0.1,5.9,93.9
20151231141632,0.0,0.0,0.0,0.1,0.0,0.1,3.7,95.9
20151231141702,0.0,0.0,0.0,0.1,0.0,0.1,5.8,94.0
20151231141732,0.0,0.0,0.0,0.1,0.0,0.0,10.3,89.6
20151231141802,0.0,0.0,0.0,0.1,0.0,0.0,9.8,90.0
20151231141832,0.0,0.0,0.0,0.1,0.0,0.0,23.4,76.4
20151231141902,0.0,0.0,0.0,0.2,0.0,0.1,7.9,91.8
20151231141932,0.0,0.0,0.0,0.4,0.0,0.1,18.0,81.5
20151231142132,0.0,0.0,0.0,0.0,0.0,0.0,0.7,99.3
20151231142202,0.0,0.0,0.0,0.0,0.0,0.0,0.5,99.5
20151231142232,0.0,0.0,0.0,0.0,0.0,0.0,1.2,98.8
20151231142302,0.0,0.0,0.0,0.0,0.0,0.0,1.4,98.6
20151231142333,0.0,0.0,0.0,0.0,0.0,0.0,0.6,99.4
20151231142403,0.0,0.0,0.0,0.0,0.0,0.0,1.0,99.0
20151231142433,0.0,0.0,0.0,0.0,0.0,0.0,1.1,98.9
20151231142503,0.0,0.0,0.0,0.0,0.0,0.0,3.0,97.0
20151231142533,0.0,0.0,0.0,0.0,0.0,0.0,0.7,99.3
20151231142603,0.0,0.0,0.0,0.0,0.0,0.0,2.2,97.8
20151231142633,0.0,0.0,0.0,0.1,0.0,0.0,15.3,84.6
20151231142703,0.0,0.0,0.0,0.1,0.0,0.0,3.5,96.5
20151231142733,0.0,0.0,0.0,0.0,0.0,0.0,13.1,86.9
20151231142803,0.0,0.0,0.0,0.0,0.0,0.0,10.9,89.0
20151231142833,0.0,0.0,0.0,0.1,0.0,0.0,18.6,81.2
20151231142903,0.0,0.0,0.0,0.1,0.0,0.0,13.4,86.5
20151231142933,0.0,0.0,0.0,0.1,0.0,0.0,17.2,82.7
20151231143003,0.0,0.0,0.0,0.0,0.0,0.0,18.7,81.2
20151231143033,0.0,0.0,0.0,0.1,0.0,0.0,19.0,80.9
20151231143103,0.0,0.0,0.0,0.1,0.0,0.0,31.7,68.3
20151231143133,0.0,0.0,0.0,0.1,0.0,0.0,28.3,71.6
20151231143203,0.0,0.0,0.0,0.0,0.0,0.0,31.9,68.1
20151231143233,0.0,0.0,0.0,0.1,0.0,0.0,50.1,49.9
20151231143303,0.0,0.0,0.0,0.0,0.0,0.0,47.9,52.1
20151231143333,0.0,0.0,0.0,0.0,0.0,0.0,51.5,48.4
20151231143403,0.0,0.0,0.0,0.1,0.0,0.0,50.4,49.5
20151231143433,0.0,0.0,0.0,0.0,0.0,0.0,38.5,61.4
20151231143503,0.0,0.0,0.0,0.0,0.0,0.0,82.0,17.9
20151231143533,0.0,0.0,0.0,0.0,0.0,0.0,33.3,66.7
20151231143603,0.0,0.0,0.0,0.0,0.0,0.0,46.8,53.2
20151231143633,0.0,0.0,0.0,0.0,0.0,0.0,76.0,24.0
20151231143703,0.0,0.0,0.0,0.0,0.0,0.0,57.3,42.7
20151231143733,0.0,0.0,0.0,0.0,0.0,0.0,56.4,43.6
20151231143803,0.0,0.0,0.0,0.0,0.0,0.0,49.2,50.8
20151231143833,0.0,0.0,0.0,0.0,0.0,0.0,83.0,17.0
20151231143903,0.0,0.0,0.0,0.0,0.0,0.0,78.1,21.9
20151231143933,0.0,0.0,0.0,0.0,0.0,0.0,61.2,38.8
20151231144003,0.0,0.0,0.0,0.0,0.0,0.0,63.3,36.6
20151231144033,0.0,0.0,0.0,0.0,0.0,0.0,77.9,22.0
20151231144103,0.0,0.0,0.0,0.0,0.0,0.0,72.0,27.9
20151231144133,0.0,0.0,0.0,0.0,0.0,0.0,79.6,20.3
20151231144203,0.0,0.0,0.0,0.0,0.0,0.0,48.3,51.6
20151231144233,0.0,0.0,0.0,0.0,0.0,0.0,87.8,12.1
20151231144303,0.0,0.0,0.0,0.0,0.0,0.0,89.5,10.5
20151231144333,0.0,0.0,0.0,0.0,0.0,0.0,93.7,6.2
20151231144403,0.0,0.0,0.0,0.0,0.0,0.0,96.5,3.5
20151231144433,0.0,0.0,0.0,0.0,0.0,0.0,88.7,11.3
20151231144503,0.0,0.0,0.0,0.1,0.0,0.0,88.9,11.0
20151231144533,0.0,0.0,0.0,0.1,0.0,0.0,90.2,9.7
20151231144603,0.0,0.0,0.0,0.1,0.0,0.0,85.2,14.7
20151231144633,0.0,0.0,0.0,0.1,0.0,0.0,92.8,7.1
20151231144703,0.0,0.0,0.0,0.2,0.0,0.0,86.4,13.4
20151231144733,0.0,0.0,0.0,0.1,0.0,0.0,90.2,9.7
20151231144803,0.0,0.0,0.0,0.4,0.0,0.0,75.1,24.5
20151231144833,0.0,0.0,0.0,0.1,0.0,0.0,92.5,7.5
20151231144903,0.0,0.0,0.0,0.1,0.0,0.0,80.2,19.8
20151231144933,0.0,0.0,0.0,0.1,0.0,0.0,81.6,18.4
20151231145003,0.0,0.0,0.0,0.1,0.0,0.0,65.4,34.4
20151231145033,0.0,0.0,0.0,0.0,0.0,0.0,88.5,11.5
20151231145103,0.0,0.0,0.0,0.0,0.0,0.0,74.7,25.3
20151231145133,0.0,0.0,0.0,0.0,0.0,0.0,88.9,11.1
20151231145203,0.0,0.0,0.0,0.0,0.0,0.0,88.9,11.1
20151231145233,0.0,0.0,0.0,0.0,0.0,0.0,97.2,2.8
20151231145303,0.0,0.0,0.0,0.0,0.0,0.0,85.6,14.4
20151231145333,0.0,0.0,0.0,0.1,0.0,0.0,95.5,4.5
20151231145403,0.0,0.0,0.0,0.0,0.0,0.0,97.9,2.0
20151231145433,0.0,0.0,0.0,0.0,0.0,0.0,98.3,1.6
20151231145503,0.0,0.0,0.0,0.0,0.0,0.0,90.9,9.0
20151231145533,0.0,0.0,0.0,0.0,0.0,0.0,90.6,9.3
20151231145603,0.0,0.0,0.0,0.0,0.0,0.0,88.7,11.3
20151231145633,0.0,0.0,0.0,0.0,0.0,0.0,51.2,48.8
20151231145703,0.0,0.0,0.0,0.0,0.0,0.0,71.6,28.3
20151231145733,0.0,0.0,0.0,0.0,0.0,0.0,94.2,5.8
20151231145804,0.0,0.0,0.0,0.0,0.0,0.0,32.4,67.5
20151231145834,0.0,0.0,0.0,0.0,0.0,0.0,49.2,50.8
20151231145904,0.0,0.0,0.0,0.0,0.0,0.0,49.2,50.7
20151231145934,0.0,0.0,0.0,0.0,0.0,0.0,23.5,76.5
20151231150004,0.0,0.0,0.0,0.0,0.0,0.0,39.9,60.0
20151231150034,0.0,0.0,0.0,0.0,0.0,0.0,11.3,88.7
20151231150104,0.0,0.0,0.0,0.0,0.0,0.0,1.1,98.9
20151231150134,0.0,0.0,0.0,0.0,0.0,0.0,5.4,94.6
20151231150204,0.0,0.0,0.0,0.0,0.0,0.0,2.4,97.6
20151231150234,0.0,0.0,0.0,0.0,0.0,0.0,49.3,50.7
20151231150304,0.0,0.0,0.0,0.0,0.0,0.0,25.1,74.9
20151231150334,0.0,0.0,0.0,0.0,0.0,0.0,14.0,85.9
20151231150404,0.0,0.0,0.0,0.1,0.0,0.0,21.6,78.4
20151231150434,0.0,0.0,0.0,0.0,0.0,0.0,81.1,18.9
20151231150504,0.0,0.0,0.0,0.0,0.0,0.0,17.9,82.1
20151231150534,0.0,0.0,0.0,0.0,0.0,0.0,80.8,19.2
20151231150604,0.0,0.0,0.0,0.0,0.0,0.0,58.9,41.0
20151231150634,0.0,0.0,0.0,0.0,0.0,0.0,55.7,44.2
20151231150704,0.0,0.0,0.0,0.0,0.0,0.0,71.9,28.1
20151231150734,0.0,0.0,0.0,0.0,0.0,0.0,10.6,89.4
20151231150804,0.0,0.0,0.0,0.0,0.0,0.0,9.0,91.0
20151231150834,0.0,0.0,0.0,0.0,0.0,0.0,90.6,9.4
20151231150904,0.0,0.0,0.0,0.3,0.0,0.0,34.3,65.4
20151231150934,0.0,0.0,0.0,0.0,0.0,0.0,30.9,69.0
20151231151004,0.0,0.0,0.0,0.1,0.0,0.0,61.8,38.1
20151231151034,0.0,0.0,0.0,0.1,0.0,0.0,72.8,27.1
20151231151104,0.0,0.0,0.0,0.6,0.0,0.0,91.3,8.1
20151231151134,0.0,0.0,0.0,0.6,0.0,0.0,15.3,84.1
20151231151204,0.0,0.0,0.0,0.0,0.0,0.0,90.2,9.8
20151231151234,0.0,0.0,0.0,0.2,0.0,0.0,44.3,55.5
20151231151304,0.0,0.0,0.0,0.4,0.0,0.0,39.3,60.2
20151231151334,0.0,0.0,0.0,0.1,0.0,0.0,10.0,89.9
20151231151404,0.0,0.0,0.0,0.2,0.0,0.0,5.2,94.5
20151231151434,0.0,0.0,0.0,21.9,0.5,0.0,10.5,67.0
20151231151504,0.0,0.0,0.0,76.8,2.2,0.0,0.3,20.7
20151231151534,0.0,0.0,0.0,10.7,0.6,0.0,0.3,88.3
20151231151604,0.0,0.0,0.0,93.5,1.2,0.0,0.1,5.2
20151231151634,0.0,0.1,0.0,59.4,37.1,0.0,0.1,3.3
20151231151704,0.0,0.0,0.0,70.0,2.4,0.0,0.1,27.5
20151231151734,0.0,0.0,0.0,12.4,0.2,0.0,19.2,68.1
20151231151804,0.0,0.0,0.0,37.7,0.7,0.0,22.6,38.9
20151231151834,0.0,0.0,0.0,2.3,0.7,0.0,10.6,86.4
20151231151904,0.0,0.0,0.0,4.3,1.0,0.0,7.3,87.4
20151231151934,0.0,0.0,0.1,37.2,2.4,0.0,34.1,26.2
20151231152004,0.0,0.0,0.0,47.0,2.6,0.0,38.3,12.0
20151231152034,0.0,0.2,0.0,24.8,29.0,0.0,13.6,32.4
20151231152104,0.0,0.1,0.1,39.0,2.7,0.0,8.4,49.8
20151231152134,0.0,0.0,0.0,98.8,0.7,0.0,0.1,0.4
20151231152204,0.0,0.0,0.0,72.3,9.4,0.0,4.7,13.6
20151231152234,0.0,0.0,0.0,18.8,1.5,0.0,12.7,66.9
20151231152304,0.0,0.0,0.0,8.0,0.1,0.0,71.1,20.8
20151231152334,0.0,0.0,0.0,32.0,2.2,0.1,60.3,5.5
20151231152404,0.0,0.0,0.0,53.6,0.6,0.0,32.8,12.9
20151231152434,0.0,0.0,0.0,8.6,0.2,0.0,17.9,73.3
20151231152504,0.0,0.0,0.0,43.0,0.2,0.0,13.3,43.4
20151231152534,0.0,0.0,0.0,57.4,0.6,0.0,7.0,35.0
20151231152604,0.0,0.0,0.0,0.2,0.0,0.0,2.3,97.4
20151231152634,0.0,0.0,0.0,78.4,0.4,0.0,13.4,7.8
20151231152704,0.0,0.0,0.0,20.1,1.1,0.0,7.3,71.5
20151231152734,0.0,0.0,0.0,5.3,0.1,0.0,4.4,90.3
20151231152804,0.0,0.0,0.0,26.9,0.2,0.0,6.6,66.3
20151231152834,0.0,0.0,0.0,0.8,0.0,0.0,0.4,98.8
20151231152904,0.0,0.0,0.0,0.5,0.0,0.0,1.7,97.8
20151231152934,0.0,0.0,0.0,1.0,0.0,0.0,2.0,97.0
20151231153004,0.0,0.0,0.0,3.3,0.0,0.0,15.5,81.2
20151231153034,0.0,0.0,0.0,2.1,0.1,0.0,20.6,77.2
20151231153104,0.0,0.0,0.0,2.3,0.4,0.1,23.1,74.0
20151231153134,0.0,0.0,0.0,8.9,0.5,0.0,26.2,64.5
20151231153205,0.0,0.1,0.0,12.7,0.3,0.0,22.7,64.2
20151231153235,0.0,0.0,0.0,99.9,0.1,0.0,0.0,0.0
20151231153305,0.0,0.3,0.0,92.2,0.2,0.0,0.0,7.3
20151231153335,0.0,0.3,0.0,93.0,0.1,0.0,0.7,5.9
20151231153405,0.0,0.3,0.0,87.5,0.6,0.0,0.5,10.9
20151231153435,0.0,0.4,0.0,13.0,0.1,0.0,26.1,60.3
20151231153505,0.0,0.3,0.0,69.4,0.1,0.0,10.7,19.3
20151231153535,0.0,0.0,0.0,6.5,0.1,0.0,72.1,21.3
20151231153605,0.0,0.0,0.0,2.9,0.0,0.0,92.3,4.8
20151231153635,0.0,0.0,0.0,1.6,0.0,0.0,67.2,31.2
20151231153705,0.0,0.0,0.0,0.7,0.0,0.0,20.5,78.8
20151231153735,0.0,0.0,0.0,13.4,0.2,0.1,57.7,28.6
20151231153805,0.0,0.0,0.0,1.3,0.3,0.0,10.7,87.6
20151231153835,0.0,0.0,0.0,1.8,0.1,0.0,81.6,16.4
20151231153905,0.0,0.0,0.0,1.3,0.0,0.0,16.0,82.6
20151231153935,0.0,0.0,0.0,0.6,0.1,0.0,13.7,85.6
20151231154005,0.0,0.0,0.0,2.1,0.1,0.0,15.5,82.2
20151231154035,0.0,0.0,0.0,5.0,0.1,0.0,12.0,82.8
20151231154105,0.0,0.0,0.0,1.4,0.1,0.0,10.1,88.3
20151231154135,0.0,0.0,0.0,15.8,0.1,0.0,47.8,36.1
20151231154205,0.0,0.0,0.0,4.5,0.1,0.0,8.9,86.4
20151231154235,0.0,0.0,0.0,20.5,0.1,0.1,36.0,43.2
20151231154305,0.0,0.0,0.0,12.7,0.1,0.0,21.3,65.9
20151231154335,0.0,0.0,0.0,9.4,0.1,0.0,30.9,59.5
20151231154405,0.0,0.0,0.0,4.1,0.1,0.1,32.4,63.3
20151231154435,0.0,0.0,0.0,1.2,0.0,0.0,88.3,10.4
20151231154505,0.0,0.0,0.0,3.5,0.2,0.0,70.9,25.4
20151231154535,0.0,0.0,0.0,1.5,0.2,0.0,67.6,30.6
20151231154605,0.0,0.0,0.0,40.1,0.0,0.0,38.9,20.9
20151231154635,0.0,0.0,0.0,10.3,0.0,0.0,85.9,3.8
20151231154705,0.0,0.0,0.0,15.9,0.0,0.0,75.8,8.2
20151231154735,0.0,0.0,0.0,6.1,0.1,0.0,38.5,55.3
20151231154805,0.0,0.0,0.0,17.4,0.2,0.0,77.2,5.2
20151231154835,0.0,0.1,0.0,25.6,0.5,0.0,67.5,6.2
20151231154905,0.0,0.0,0.0,2.9,0.0,0.0,86.8,10.3
20151231154935,0.0,0.2,0.1,27.1,0.3,0.0,17.3,55.0
20151231155005,0.0,0.1,0.0,99.8,0.1,0.0,0.0,0.0
20151231155035,0.0,0.0,0.0,99.7,0.0,0.0,0.2,0.0
20151231155105,0.0,0.3,0.0,98.0,0.6,0.0,0.7,0.4
20151231155135,0.0,0.5,0.0,71.1,5.6,0.0,21.0,1.8
20151231155205,0.0,0.0,0.0,3.1,0.1,0.0,94.3,2.5
20151231155235,0.0,0.0,0.0,58.8,0.1,0.0,35.5,5.6
20151231155305,0.0,0.0,0.0,30.4,0.1,0.0,28.1,41.3
20151231155335,0.0,0.0,0.0,6.1,0.0,0.0,40.4,53.4
20151231155405,0.0,0.0,0.0,18.9,0.1,0.0,64.4,16.7
20151231155435,0.0,0.0,0.0,6.1,0.0,0.0,86.1,7.8
20151231155505,0.0,0.0,0.0,9.3,0.0,0.0,75.0,15.7
20151231155535,0.0,0.0,0.0,10.4,0.0,0.0,36.0,53.5
20151231155605,0.0,0.0,0.0,9.7,0.0,0.0,42.2,48.0
20151231155635,0.0,0.0,0.0,1.3,0.0,0.0,74.7,24.0
20151231155705,0.0,0.0,0.0,0.9,0.0,0.0,83.3,15.8
20151231155735,0.0,0.0,0.0,1.0,0.0,0.0,82.9,16.1
20151231155805,0.0,0.0,0.0,4.2,0.0,0.0,82.8,13.0
20151231155835,0.0,0.0,0.0,11.6,0.1,0.0,84.3,4.0
20151231155905,0.0,0.0,0.0,3.0,0.0,0.0,92.9,4.0
20151231155936,0.0,0.0,0.0,11.6,0.1,0.0,81.4,6.9
20151231160006,0.0,0.0,0.0,3.5,0.0,0.0,93.6,3.0
20151231160036,0.0,0.1,0.0,62.5,1.9,0.0,27.9,7.6
20151231160106,0.0,0.0,0.0,41.7,0.4,0.0,30.9,27.0
20151231160136,0.0,0.0,0.0,17.2,0.0,0.0,75.9,6.8
20151231160206,0.0,0.0,0.0,53.6,0.1,0.0,44.2,2.1
20151231160236,0.0,0.1,0.2,89.9,1.9,0.0,2.0,5.9
20151231160306,0.0,0.0,0.2,7.1,0.0,0.0,80.9,11.8
20151231160336,0.0,0.0,0.0,2.2,0.0,0.0,93.2,4.5
20151231160406,0.0,0.0,0.0,1.3,0.0,0.0,90.2,8.4
20151231160436,0.0,0.0,0.0,1.4,0.0,0.0,89.5,9.2
20151231160506,0.0,0.0,0.0,1.5,0.0,0.0,94.5,4.0
20151231160536,0.0,0.0,0.0,0.6,0.0,0.0,77.8,21.6
20151231160606,0.0,0.0,0.0,2.1,0.1,0.0,61.1,36.7
20151231160636,0.0,0.0,0.0,5.5,0.1,0.0,79.9,14.5
20151231160706,0.0,0.0,0.0,1.7,0.1,0.0,33.8,64.3
20151231160736,0.1,0.1,0.1,22.9,1.3,0.0,72.7,2.9
20151231160806,0.0,0.0,0.0,99.4,0.1,0.0,0.5,0.0
20151231160836,0.0,0.1,0.0,72.1,0.8,0.0,25.0,2.1
20151231160906,0.0,0.0,0.0,20.9,0.1,0.0,77.5,1.5
20151231160936,0.0,0.0,0.0,0.2,0.0,0.0,98.2,1.6
20151231161006,0.0,0.0,0.0,0.5,0.0,0.0,94.6,4.9
20151231161036,0.0,0.0,0.0,0.1,0.0,0.0,99.3,0.6
20151231161106,0.0,0.0,0.0,0.0,0.0,0.0,99.1,0.8
20151231161136,0.0,0.0,0.0,6.9,0.0,0.0,85.5,7.5
20151231161206,0.0,0.0,0.0,0.2,0.0,0.0,99.2,0.6
20151231161236,0.0,0.0,0.0,0.4,0.0,0.0,98.3,1.3
20151231161306,0.0,0.0,0.0,0.1,0.0,0.0,97.9,2.0
20151231161336,0.0,0.0,0.0,0.1,0.0,0.0,99.6,0.3
20151231161406,0.0,0.0,0.0,0.6,0.0,0.0,84.1,15.3
20151231161436,0.0,0.0,0.0,0.7,0.0,0.0,98.5,0.7
20151231161506,0.0,0.0,0.0,0.2,0.0,0.0,99.5,0.3
20151231161536,0.0,0.0,0.0,0.3,0.0,0.0,98.5,1.1
20151231161606,0.0,0.0,0.0,1.0,0.1,0.0,83.2,15.7
20151231161636,0.0,0.0,0.0,1.9,0.0,0.1,92.1,5.9
20151231161706,0.0,0.0,0.0,1.6,0.0,0.0,93.5,4.8
20151231161736,0.0,0.0,0.0,0.6,0.0,0.0,96.8,2.6
20151231161806,0.0,0.0,0.0,0.1,0.0,0.0,99.3,0.6
20151231161836,0.0,0.0,0.0,2.7,0.1,0.1,87.1,10.0
20151231161906,0.0,0.0,0.0,1.7,0.0,0.0,97.0,1.2
20151231161936,0.0,0.0,0.0,5.0,0.1,0.0,92.7,2.2
20151231162006,0.0,0.0,0.0,0.6,0.0,0.0,97.5,1.9
20151231162036,0.0,0.0,0.0,0.1,0.0,0.0,95.7,4.2
20151231162106,0.0,0.0,0.0,0.3,0.0,0.0,88.3,11.3
20151231162136,0.0,0.0,0.0,1.0,0.0,0.0,90.7,8.2
20151231162206,0.0,0.0,0.0,0.5,0.0,0.0,94.0,5.5
20151231162236,0.0,0.0,0.0,0.9,0.0,0.0,97.0,2.0
20151231162306,0.0,0.0,0.0,0.7,0.0,0.0,96.5,2.8
20151231162336,0.0,0.0,0.0,1.0,0.0,0.0,95.6,3.4
20151231162406,0.0,0.0,0.0,0.1,0.0,0.0,98.1,1.8
20151231162436,0.0,0.0,0.0,0.2,0.0,0.0,89.4,10.4
20151231162506,0.0,0.0,0.0,0.1,0.0,0.0,98.7,1.2
20151231162536,0.0,0.0,0.0,0.0,0.0,0.0,99.2,0.8
20151231162606,0.0,0.0,0.0,0.1,0.0,0.0,99.4,0.4
20151231162636,0.0,0.0,0.0,0.4,0.0,0.0,96.6,3.0
20151231162706,0.0,0.0,0.0,0.7,0.0,0.0,70.2,29.1
20151231162736,0.0,0.0,0.0,0.7,0.0,0.0,96.9,2.4
20151231162806,0.0,0.0,0.0,0.6,0.0,0.0,96.5,2.9
20151231162836,0.0,0.0,0.0,0.8,0.0,0.0,93.5,5.7
20151231162906,0.0,0.0,0.0,1.4,0.0,0.0,96.6,1.9
20151231162936,0.0,0.0,0.0,0.8,0.0,0.0,97.2,2.0
20151231163006,0.0,0.0,0.0,0.1,0.0,0.0,99.1,0.8
20151231163036,0.0,0.0,0.0,0.2,0.0,0.0,95.3,4.5
20151231163106,0.0,0.0,0.0,0.3,0.0,0.0,98.2,1.5
20151231163136,0.0,0.0,0.0,0.6,0.0,0.0,98.8,0.6
20151231163206,0.0,0.0,0.0,0.8,0.0,0.0,99.1,0.1
20151231163236,0.0,0.0,0.0,5.0,0.0,0.0,92.1,2.9
20151231163306,0.0,0.0,0.0,2.0,0.0,0.0,95.4,2.5
20151231163337,0.0,0.0,0.0,1.9,0.1,0.1,78.7,19.3
20151231163407,0.0,0.0,0.0,0.2,0.0,0.0,97.9,1.9
20151231163437,0.0,0.0,0.0,0.1,0.0,0.0,96.8,3.1
20151231163507,0.0,0.0,0.0,0.2,0.0,0.0,91.2,8.6
20151231163537,0.1,0.3,0.0,14.5,0.9,0.2,35.0,49.0
20151231163607,0.1,0.3,0.2,51.2,4.2,0.1,26.9,17.0
20151231163637,0.0,0.0,0.0,77.6,0.2,0.0,21.2,1.0
20151231163707,0.1,0.1,0.0,10.6,1.1,0.1,79.0,9.1
20151231163737,0.0,0.0,0.0,0.9,0.1,0.0,98.0,1.0
20151231163807,0.0,0.0,0.0,0.4,0.0,0.0,95.7,3.9
20151231163837,0.0,0.0,0.0,5.2,0.2,0.0,93.6,1.0
20151231163907,0.1,0.3,0.0,98.4,0.5,0.0,0.3,0.3
20151231163937,0.0,0.0,0.0,90.8,0.1,0.0,9.0,0.1
20151231164007,0.0,0.0,0.0,2.9,0.2,0.0,95.3,1.6
20151231164037,0.0,0.0,0.0,10.4,0.0,0.0,86.5,3.1
20151231164107,0.0,0.0,0.0,70.9,0.1,0.0,26.9,2.1
20151231164137,0.0,0.0,0.0,5.5,0.2,0.0,91.7,2.6
20151231164207,0.0,0.0,0.0,6.6,0.3,0.0,79.6,13.5
20151231164237,0.0,0.0,0.0,27.4,1.0,0.0,48.2,23.3
20151231164307,0.0,0.0,0.0,2.2,0.0,0.0,94.7,3.1
20151231164337,0.0,0.0,0.0,38.4,0.4,0.0,58.6,2.6
20151231164407,0.1,0.1,0.0,27.9,2.3,0.0,48.4,21.1
20151231164437,0.0,0.0,0.0,6.1,0.4,0.0,77.8,15.7
20151231164507,0.0,0.0,0.0,2.5,0.1,0.0,84.2,13.2
20151231164537,0.0,0.0,0.0,2.6,0.0,0.0,97.1,0.3
20151231164607,0.0,0.0,0.0,89.5,0.1,0.0,8.1,2.2
20151231164637,0.0,0.0,0.0,71.3,0.5,0.0,11.7,16.4
20151231164707,0.1,0.0,0.0,31.0,0.1,0.0,44.1,24.7
20151231164737,0.0,0.0,0.0,63.1,0.3,0.0,35.0,1.6
20151231164807,0.0,0.0,0.0,74.5,0.1,0.0,23.7,1.6
20151231164837,0.1,0.0,0.0,85.1,0.3,0.0,13.4,1.1
20151231164907,0.1,0.3,0.0,88.9,0.7,0.0,7.6,2.3
20151231164937,0.1,0.6,0.0,90.0,2.3,0.0,4.2,2.8
20151231165007,0.0,0.2,0.2,98.3,0.2,0.0,0.2,0.8
20151231165037,0.1,0.2,0.0,98.6,0.1,0.0,0.8,0.2
20151231165107,0.1,0.2,0.0,99.5,0.1,0.0,0.2,0.0
20151231165137,0.0,0.1,0.0,97.6,0.2,0.0,0.5,1.6
20151231165207,0.0,0.0,0.0,99.3,0.0,0.0,0.5,0.2
20151231165237,0.0,0.0,0.0,99.5,0.4,0.0,0.0,0.0
20151231165307,0.0,0.1,0.0,90.4,0.5,0.0,8.8,0.2
20151231165337,0.0,0.1,0.1,69.4,0.5,0.0,27.2,2.8
20151231165407,0.0,0.3,0.0,87.9,0.5,0.0,6.7,4.6
20151231165437,0.0,0.2,0.2,32.6,2.3,0.0,39.4,25.4
20151231165507,0.0,0.0,0.0,32.4,0.2,0.0,57.5,9.9
20151231165537,0.0,0.0,0.1,78.0,0.9,0.0,19.3,1.7
20151231165607,0.0,0.0,0.0,20.3,0.2,0.0,73.3,6.2
20151231165637,0.0,0.0,0.0,41.2,0.2,0.0,55.6,3.0
20151231165707,0.0,0.0,0.0,56.9,0.2,0.0,36.2,6.7
20151231165737,0.1,0.2,0.1,98.7,0.2,0.0,0.1,0.7
20151231165807,0.1,0.3,0.1,99.4,0.2,0.0,0.0,0.0
20151231165837,0.0,0.0,0.0,99.7,0.3,0.0,0.0,0.0
20151231165907,0.1,0.1,0.0,99.2,0.6,0.0,0.0,0.0
20151231165937,0.0,0.2,0.0,96.4,3.4,0.0,0.0,0.0
20151231170007,0.0,0.0,0.0,99.9,0.1,0.0,0.0,0.0
20151231170037,0.0,0.0,0.0,98.9,1.0,0.0,0.0,0.0
20151231170107,0.0,0.0,0.0,99.9,0.1,0.0,0.0,0.0
20151231170137,0.0,0.0,0.0,100.0,0.0,0.0,0.0,0.0
20151231170207,0.0,0.0,0.0,99.9,0.1,0.0,0.0,0.0
20151231170237,0.1,0.2,0.0,95.1,4.6,0.0,0.0,0.0
20151231170307,0.0,0.1,0.0,99.9,0.0,0.0,0.0,0.0
20151231170337,0.0,0.3,0.0,99.1,0.6,0.0,0.0,0.0
20151231170407,0.1,20.4,0.0,77.8,1.7,0.0,0.0,0.0
20151231170437,0.0,0.5,0.0,99.4,0.0,0.0,0.0,0.0
20151231170507,0.0,0.0,0.0,99.5,0.2,0.0,0.1,0.1
20151231170537,0.0,0.0,0.0,99.9,0.0,0.0,0.0,0.0
20151231170607,0.0,0.3,0.0,99.6,0.1,0.0,0.0,0.0
20151231170637,0.0,0.0,0.0,99.8,0.1,0.0,0.0,0.0
20151231170707,0.0,0.0,0.0,99.6,0.3,0.0,0.0,0.0
20151231170738,0.0,0.0,0.0,99.9,0.0,0.0,0.0,0.0
20151231170808,0.0,0.1,0.0,99.6,0.1,0.0,0.0,0.2
20151231170838,0.0,0.0,0.0,99.9,0.1,0.0,0.0,0.0
20151231170908,0.0,0.0,0.0,100.0,0.0,0.0,0.0,0.0
20151231170938,0.1,0.2,0.0,97.6,2.1,0.0,0.0,0.0
20151231171008,0.0,0.0,0.0,99.4,0.5,0.0,0.0,0.0
20151231171038,0.0,0.0,0.0,99.9,0.1,0.0,0.0,0.0
20151231171108,0.0,0.2,0.0,98.3,1.5,0.0,0.0,0.0
20151231171138,0.0,0.0,0.0,99.4,0.6,0.0,0.0,0.0
20151231171208,0.0,0.0,0.0,100.0,0.0,0.0,0.0,0.0
20151231171238,0.0,0.0,0.0,99.9,0.1,0.0,0.0,0.0
20151231171308,0.0,0.0,0.0,99.3,0.2,0.0,0.3,0.1
20151231171338,0.0,0.0,0.0,99.8,0.1,0.0,0.1,0.0
20151231171408,0.0,0.0,0.0,99.7,0.3,0.0,0.0,0.0
20151231171438,0.0,0.1,0.0,99.4,0.5,0.0,0.1,0.0
20151231171508,0.0,0.0,0.0,99.9,0.1,0.0,0.0,0.0
20151231171538,0.0,0.1,0.0,99.6,0.3,0.0,0.0,0.0
20151231171608,0.0,0.2,0.0,99.7,0.1,0.0,0.0,0.0
20151231171638,0.0,0.0,0.0,99.4,0.5,0.0,0.0,0.0
20151231171708,0.0,0.1,0.0,99.9,0.0,0.0,0.0,0.0
20151231171738,0.0,0.0,0.0,99.9,0.1,0.0,0.0,0.0
20151231171808,0.0,0.0,0.0,98.7,0.2,0.0,1.1,0.0
20151231171838,0.0,0.0,0.0,89.9,0.4,0.0,9.0,0.7
20151231171908,0.0,0.0,0.0,98.3,0.2,0.0,1.4,0.1
20151231171938,0.0,0.0,0.0,91.7,1.0,0.0,6.6,0.7
20151231172008,0.0,0.0,0.0,99.5,0.0,0.0,0.4,0.0
20151231172038,0.0,0.0,0.0,97.6,0.3,0.0,2.0,0.1
20151231172108,0.0,0.0,0.0,99.4,0.2,0.0,0.3,0.0
20151231172138,0.0,0.0,0.0,99.9,0.1,0.0,0.0,0.0
20151231172208,0.0,0.1,0.0,99.7,0.2,0.0,0.0,0.0
20151231172238,0.0,0.1,0.0,92.6,2.9,0.0,2.9,1.5
20151231172308,0.0,0.1,0.0,78.9,1.4,0.0,12.0,7.6
20151231172338,0.0,0.1,0.0,96.7,0.2,0.0,1.8,1.1
20151231172408,0.0,0.1,0.0,83.7,0.2,0.0,4.1,11.9
20151231172438,0.0,0.1,0.0,72.5,0.2,0.0,5.3,21.9
20151231172508,0.0,0.0,0.0,34.3,0.1,0.0,30.1,35.5
20151231172538,0.0,0.0,0.0,9.4,0.0,0.0,42.6,48.0
20151231172608,0.0,0.0,0.0,56.2,0.0,0.0,32.8,11.0
20151231172638,0.0,0.0,0.0,34.5,0.0,0.0,38.1,27.4
20151231172708,0.0,0.0,0.0,22.6,0.0,0.0,59.3,18.1
20151231172738,0.0,0.0,0.0,13.4,0.0,0.0,64.7,21.9
20151231172808,0.0,0.0,0.0,85.1,0.0,0.0,7.4,7.5
20151231172838,0.0,0.0,0.0,46.0,0.0,0.0,36.5,17.5
20151231172908,0.0,0.0,0.0,9.9,0.1,0.0,30.7,59.3
20151231172938,0.0,0.0,0.0,78.5,0.1,0.0,9.7,11.6
20151231173008,0.0,0.0,0.0,48.8,0.0,0.0,7.4,43.8
20151231173038,0.0,0.0,0.0,16.9,0.0,0.0,24.6,58.4
20151231173108,0.0,0.0,0.0,28.6,0.0,0.0,60.3,11.0
20151231173138,0.0,0.0,0.0,25.0,0.0,0.0,29.7,45.3
20151231173208,0.0,0.0,0.0,52.7,0.0,0.0,9.2,38.1
20151231173238,0.0,0.0,0.0,57.9,0.0,0.0,25.4,16.6
20151231173308,0.0,0.0,0.0,19.7,0.0,0.0,19.3,61.0
20151231173338,0.0,0.0,0.0,7.2,0.0,0.0,52.4,40.4
20151231173408,0.0,0.0,0.0,3.5,0.0,0.0,83.7,12.9
20151231173438,0.0,0.0,0.0,4.4,0.0,0.0,82.6,13.0
20151231173508,0.0,0.0,0.0,2.7,0.0,0.0,88.6,8.7
20151231173538,0.0,0.0,0.0,5.3,0.0,0.0,94.2,0.5
20151231173608,0.0,0.0,0.0,2.1,0.0,0.0,91.7,6.1
20151231173638,0.0,0.0,0.0,24.5,0.0,0.0,64.0,11.5
20151231173708,0.0,0.0,0.0,21.7,0.0,0.0,65.3,13.0
20151231173738,0.0,0.0,0.0,30.9,0.0,0.0,36.8,32.3
20151231173808,0.0,0.0,0.0,55.0,0.0,0.0,33.9,11.0
20151231173838,0.0,0.0,0.0,5.4,0.0,0.0,82.9,11.7
20151231173908,0.0,0.0,0.0,6.5,0.0,0.0,88.4,5.1
20151231173938,0.0,0.0,0.0,17.6,0.0,0.0,64.6,17.8
20151231174008,0.0,0.0,0.0,27.3,0.0,0.0,41.1,31.5
20151231174038,0.0,0.0,0.0,72.7,0.0,0.0,20.6,6.7
20151231174108,0.0,0.0,0.0,21.2,0.0,0.0,37.9,40.9
20151231174138,0.0,0.0,0.0,29.4,0.1,0.0,57.7,12.9
20151231174209,0.0,0.0,0.0,13.2,0.0,0.0,20.0,66.8
20151231174239,0.0,0.0,0.0,6.4,0.0,0.0,66.5,27.1
20151231174309,0.0,0.0,0.0,5.0,0.0,0.0,89.6,5.4
20151231174339,0.0,0.0,0.0,10.4,0.0,0.0,41.8,47.8
20151231174409,0.0,0.0,0.0,4.0,0.0,0.0,62.3,33.6
20151231174439,0.0,0.0,0.0,15.5,0.0,0.0,69.5,15.0
20151231174509,0.0,0.0,0.0,14.2,0.0,0.0,26.3,59.5
20151231174539,0.0,0.0,0.0,4.8,0.0,0.0,60.9,34.2
20151231174609,0.0,0.0,0.0,3.7,0.0,0.0,16.7,79.6
20151231174639,0.0,0.0,0.0,1.7,0.0,0.0,86.6,11.7
20151231174709,0.0,0.0,0.0,0.6,0.0,0.0,89.1,10.3
20151231174739,0.0,0.0,0.0,1.9,0.0,0.0,36.6,61.5
20151231174809,0.0,0.0,0.0,1.0,0.0,0.0,85.1,14.0
20151231174839,0.0,0.0,0.0,3.6,0.0,0.0,94.2,2.2
20151231174909,0.0,0.0,0.0,1.2,0.0,0.0,79.3,19.5
20151231174939,0.0,0.0,0.0,1.9,0.0,0.0,92.0,6.1
20151231175009,0.0,0.0,0.0,2.6,0.0,0.0,50.9,46.4
20151231175039,0.0,0.0,0.0,2.5,0.0,0.0,93.8,3.7
20151231175109,0.0,0.0,0.0,3.7,0.0,0.0,90.8,5.4
20151231175139,0.0,0.0,0.0,0.6,0.0,0.0,87.3,12.1
20151231175209,0.0,0.0,0.0,5.4,0.0,0.0,87.9,6.7
20151231175239,0.0,0.0,0.0,0.3,0.0,0.0,98.3,1.4
20151231175309,0.0,0.0,0.0,0.2,0.0,0.0,99.0,0.9
20151231175339,0.0,0.0,0.0,0.4,0.0,0.0,97.3,2.3
20151231175409,0.0,0.0,0.0,0.2,0.0,0.0,96.0,3.8
20151231175439,0.0,0.0,0.0,0.5,0.0,0.0,97.9,1.6
20151231175509,0.0,0.0,0.0,1.2,0.0,0.0,83.6,15.2
20151231175539,0.0,0.0,0.0,0.3,0.0,0.0,99.2,0.5
20151231175609,0.0,0.0,0.0,6.8,0.0,0.0,84.4,8.8
20151231175639,0.0,0.0,0.0,0.7,0.0,0.0,97.2,2.1
20151231175709,0.0,0.0,0.0,1.6,0.0,0.0,97.4,1.0
20151231175739,0.0,0.0,0.0,2.1,0.0,0.0,77.7,20.2
20151231175809,0.0,0.0,0.0,3.6,0.0,0.0,93.0,3.4
20151231175839,0.0,0.0,0.0,2.9,0.0,0.0,77.3,19.7
20151231175909,0.0,0.0,0.0,3.1,0.0,0.0,84.7,12.1
20151231175939,0.0,0.0,0.0,2.2,0.0,0.0,91.1,6.6
20151231180009,0.0,0.0,0.0,8.8,0.0,0.0,82.4,8.8
20151231180039,0.0,0.0,0.0,6.7,0.0,0.0,87.4,5.9
20151231180109,0.0,0.0,0.0,14.0,0.0,0.0,73.1,12.9
20151231180139,0.0,0.0,0.0,3.4,0.0,0.0,94.9,1.7
20151231180209,0.0,0.0,0.0,6.9,0.0,0.0,92.0,1.1
20151231180239,0.0,0.0,0.0,9.8,0.0,0.0,78.6,11.6
20151231180309,0.0,0.0,0.0,4.9,0.0,0.0,90.5,4.5
20151231180339,0.0,0.0,0.0,32.7,0.0,0.0,63.6,3.6
20151231180409,0.0,0.0,0.0,39.4,0.0,0.0,57.3,3.2
20151231180439,0.0,0.0,0.0,7.1,0.0,0.0,90.6,2.3
20151231180509,0.0,0.0,0.0,5.7,0.0,0.0,92.2,2.0
20151231180539,0.0,0.0,0.0,7.2,0.0,0.0,84.4,8.3
20151231180609,0.0,0.0,0.0,20.1,0.0,0.0,76.0,3.9
20151231180639,0.0,0.0,0.0,15.0,0.0,0.0,81.0,3.9
20151231180709,0.0,0.0,0.0,26.9,0.0,0.0,57.4,15.8
20151231180739,0.0,0.0,0.0,28.5,0.0,0.0,66.7,4.8
20151231180809,0.0,0.0,0.0,4.7,0.0,0.0,87.9,7.3
20151231180839,0.0,0.0,0.0,1.9,0.0,0.0,94.6,3.5
20151231180910,0.0,0.0,0.0,0.5,0.0,0.0,98.4,1.1
20151231180940,0.0,0.0,0.0,0.8,0.0,0.0,98.7,0.6
20151231181010,0.0,0.0,0.0,5.2,0.0,0.0,93.9,0.9
20151231181040,0.0,0.0,0.0,0.3,0.0,0.0,98.1,1.6
20151231181110,0.0,0.0,0.0,7.2,0.0,0.0,91.1,1.6
20151231181140,0.0,0.0,0.0,4.7,0.0,0.0,90.8,4.5
20151231181210,0.0,0.0,0.0,5.3,0.0,0.0,93.8,0.9
20151231181240,0.0,0.0,0.0,2.0,0.0,0.0,94.9,3.0
20151231181310,0.0,0.0,0.0,5.6,0.0,0.0,92.1,2.3
20151231181340,0.0,0.0,0.0,0.1,0.0,0.0,99.3,0.6
20151231181410,0.0,0.0,0.0,0.7,0.0,0.0,97.8,1.5
20151231181440,0.0,0.0,0.0,5.6,0.0,0.0,88.7,5.7
20151231181510,0.0,0.0,0.0,1.9,0.0,0.0,90.7,7.3
20151231181540,0.0,0.0,0.0,4.6,0.0,0.0,91.8,3.6
20151231181610,0.0,0.0,0.0,3.6,0.0,0.0,93.8,2.6
20151231181640,0.0,0.0,0.0,0.1,0.0,0.0,97.8,2.1
20151231181710,0.0,0.0,0.0,0.2,0.0,0.0,99.1,0.6
20151231181740,0.0,0.0,0.0,0.4,0.0,0.0,99.2,0.5
20151231181810,0.0,0.0,0.0,0.8,0.0,0.0,96.5,2.7
20151231181840,0.0,0.0,0.0,1.2,0.0,0.0,97.7,1.1
20151231181910,0.0,0.0,0.0,0.1,0.0,0.0,97.5,2.4
20151231181940,0.0,0.0,0.0,0.1,0.0,0.0,98.6,1.3
20151231182010,0.0,0.0,0.0,0.1,0.0,0.0,95.3,4.6
20151231182040,0.0,0.0,0.0,0.1,0.0,0.0,97.6,2.4
20151231182110,0.0,0.0,0.0,0.1,0.0,0.0,85.6,14.3
20151231182140,0.0,0.0,0.0,0.0,0.0,0.0,98.3,1.6
20151231182210,0.0,0.0,0.0,0.0,0.0,0.0,99.3,0.7
20151231182240,0.0,0.0,0.0,0.0,0.0,0.0,98.1,1.8
20151231182310,0.0,0.0,0.0,0.0,0.0,0.0,98.7,1.3
20151231182340,0.0,0.0,0.0,0.0,0.0,0.0,98.5,1.5
20151231182410,0.0,0.0,0.0,0.0,0.0,0.0,94.8,5.2
20151231182440,0.0,0.0,0.0,0.0,0.0,0.0,99.5,0.4
20151231182510,0.0,0.0,0.0,0.0,0.0,0.0,96.9,3.1
20151231182540,0.0,0.0,0.0,0.0,0.0,0.0,98.2,1.8
20151231182610,0.0,0.0,0.0,0.1,0.0,0.0,97.2,2.6
20151231182640,0.0,0.0,0.0,0.0,0.0,0.0,92.8,7.2
20151231182710,0.0,0.0,0.0,0.0,0.0,0.0,98.0,2.0
20151231182740,0.0,0.0,0.0,0.0,0.0,0.0,99.1,0.9
20151231182810,0.0,0.0,0.0,0.0,0.0,0.0,98.4,1.5
20151231182840,0.0,0.0,0.0,0.0,0.0,0.0,98.6,1.4
20151231182910,0.0,0.0,0.0,0.0,0.0,0.0,97.3,2.7
20151231182940,0.0,0.0,0.0,0.1,0.0,0.0,99.1,0.8
20151231183010,0.0,0.0,0.0,0.1,0.0,0.0,96.0,3.9
20151231183040,0.0,0.0,0.0,0.4,0.0,0.0,97.8,1.8
20151231183110,0.0,0.0,0.0,0.7,0.0,0.0,93.4,5.9
20151231183140,0.0,0.0,0.0,0.3,0.0,0.0,85.1,14.6
20151231183210,0.0,0.0,0.0,1.9,0.0,0.0,87.8,10.3
20151231183240,0.0,0.0,0.0,0.3,0.0,0.0,59.6,40.2
20151231183310,0.0,0.0,0.0,1.1,0.0,0.0,89.9,9.0
20151231183340,0.0,0.0,0.0,0.0,0.0,0.0,97.3,2.6
20151231183410,0.0,0.0,0.0,0.2,0.0,0.0,96.9,3.0
20151231183440,0.0,0.0,0.0,0.1,0.0,0.0,97.6,2.3
20151231183510,0.0,0.0,0.0,0.0,0.0,0.0,98.7,1.2
20151231183540,0.0,0.0,0.0,0.2,0.0,0.0,99.7,0.0
20151231183610,0.0,0.0,0.0,0.1,0.0,0.0,99.7,0.2
20151231183640,0.0,0.0,0.0,0.0,0.0,0.0,99.9,0.1
20151231183710,0.0,0.0,0.0,0.0,0.0,0.0,99.8,0.2
20151231183740,0.0,0.0,0.0,0.0,0.0,0.0,97.2,2.8
20151231183810,0.0,0.0,0.0,0.0,0.0,0.0,99.9,0.1
20151231183840,0.0,0.0,0.0,0.0,0.0,0.0,99.0,1.0
20151231183910,0.0,0.0,0.0,0.0,0.0,0.0,96.2,3.8
20151231183940,0.0,0.0,0.0,0.0,0.0,0.0,99.2,0.8
20151231184010,0.0,0.0,0.0,0.0,0.0,0.0,99.9,0.1
20151231184040,0.0,0.0,0.0,0.0,0.0,0.0,99.3,0.7
20151231184110,0.0,0.0,0.0,0.0,0.0,0.0,99.9,0.1
20151231184140,0.0,0.0,0.0,0.0,0.0,0.0,99.8,0.2
20151231184210,0.0,0.0,0.0,0.0,0.0,0.0,99.9,0.1
20151231184240,0.0,0.0,0.0,0.0,0.0,0.0,99.7,0.3
20151231184310,0.0,0.0,0.0,0.0,0.0,0.0,99.6,0.4
20151231184340,0.0,0.0,0.0,0.0,0.0,0.0,99.7,0.3
20151231184411,0.0,0.0,0.0,0.0,0.0,0.0,90.0,10.0
20151231184441,0.0,0.0,0.0,0.0,0.0,0.0,92.7,7.3
20151231184511,0.0,0.0,0.0,0.0,0.0,0.0,98.1,1.9
20151231184541,0.0,0.0,0.0,0.0,0.0,0.0,99.3,0.7
20151231184611,0.0,0.0,0.0,0.0,0.0,0.0,99.1,0.9
20151231184641,0.0,0.0,0.0,0.0,0.0,0.0,99.9,0.1
20151231184711,0.0,0.0,0.0,0.0,0.0,0.0,99.9,0.1
20151231184741,0.0,0.0,0.0,0.0,0.0,0.0,99.4,0.6
20151231184811,0.0,0.0,0.0,0.0,0.0,0.0,99.2,0.8
20151231184841,0.0,0.0,0.0,0.0,0.0,0.0,97.5,2.5
20151231184911,0.0,0.0,0.0,0.0,0.0,0.0,97.1,2.9
20151231184941,0.0,0.0,0.0,0.0,0.0,0.0,98.1,1.9
20151231185011,0.0,0.0,0.0,0.0,0.0,0.0,99.2,0.8
20151231185041,0.0,0.0,0.0,0.0,0.0,0.0,97.3,2.7
20151231185111,0.0,0.0,0.0,0.0,0.0,0.0,98.2,1.8
20151231185141,0.0,0.0,0.0,0.0,0.0,0.0,88.9,11.0
20151231185211,0.0,0.0,0.0,0.0,0.0,0.0,89.2,10.8
20151231185241,0.0,0.0,0.0,0.0,0.0,0.0,98.0,2.0
20151231185311,0.0,0.0,0.0,0.0,0.0,0.0,96.0,3.9
20151231185341,0.0,0.0,0.0,0.0,0.0,0.0,99.8,0.2
20151231185411,0.0,0.0,0.0,0.0,0.0,0.0,98.5,1.4
20151231185441,0.0,0.0,0.0,0.0,0.0,0.0,99.6,0.4
20151231185511,0.0,0.0,0.0,0.0,0.0,0.0,99.6,0.4
20151231185541,0.0,0.0,0.0,0.0,0.0,0.0,94.3,5.7
20151231185611,0.0,0.0,0.0,0.0,0.0,0.0,96.3,3.7
20151231185641,0.0,0.0,0.0,0.0,0.0,0.0,99.6,0.4
20151231185711,0.0,0.0,0.0,0.0,0.0,0.0,98.6,1.4
20151231185741,0.0,0.0,0.0,0.0,0.0,0.0,99.1,0.9
20151231185811,0.0,0.0,0.0,0.0,0.0,0.0,99.8,0.2
20151231185841,0.0,0.0,0.0,0.0,0.0,0.0,98.8,1.2
20151231185911,0.0,0.0,0.0,0.0,0.0,0.0,98.2,1.8
20151231185941,0.0,0.0,0.0,0.0,0.0,0.0,97.6,2.4
20151231190011,0.0,0.0,0.0,0.0,0.0,0.0,96.8,3.2
20151231190041,0.0,0.0,0.0,0.0,0.0,0.0,99.8,0.2
20151231190111,0.0,0.0,0.0,0.0,0.0,0.0,99.8,0.2
20151231190141,0.0,0.0,0.0,0.0,0.0,0.0,98.8,1.2
20151231190211,0.0,0.0,0.0,0.0,0.0,0.0,98.1,1.9
20151231190241,0.0,0.0,0.0,0.0,0.0,0.0,94.3,5.6
20151231190311,0.0,0.0,0.0,0.0,0.0,0.0,99.5,0.5
20151231190341,0.0,0.0,0.0,0.0,0.0,0.0,98.2,1.8
20151231190411,0.0,0.0,0.0,0.0,0.0,0.0,99.6,0.4
20151231190441,0.0,0.0,0.0,0.0,0.0,0.0,99.1,0.9
20151231190511,0.0,0.0,0.0,0.0,0.0,0.0,98.8,1.2
20151231190541,0.0,0.0,0.0,0.0,0.0,0.0,99.9,0.1
20151231190611,0.0,0.0,0.0,0.0,0.0,0.0,99.7,0.3
20151231190641,0.0,0.0,0.0,0.0,0.0,0.0,99.6,0.4
20151231190711,0.0,0.0,0.0,0.0,0.0,0.0,99.8,0.2
20151231190741,0.0,0.0,0.0,0.0,0.0,0.0,99.7,0.3
20151231190811,0.0,0.0,0.0,0.0,0.0,0.0,100.0,0.0
20151231190841,0.0,0.0,0.0,0.0,0.0,0.0,100.0,0.0
20151231190911,0.0,0.0,0.0,0.0,0.0,0.0,100.0,0.0
20151231190941,0.0,0.0,0.0,0.0,0.0,0.0,100.0,0.0
20151231191011,0.0,0.0,0.0,0.0,0.0,0.0,100.0,0.0
20151231191041,0.0,0.0,0.0,0.0,0.0,0.0,100.0,0.0
20151231191111,0.0,0.0,0.0,0.0,0.0,0.0,99.9,0.1
20151231191141,0.0,0.0,0.0,0.0,0.0,0.0,99.8,0.2
20151231191211,0.0,0.0,0.0,0.0,0.0,0.0,99.8,0.2
20151231191241,0.0,0.0,0.0,0.0,0.0,0.0,99.2,0.8
20151231191311,0.0,0.0,0.0,0.0,0.0,0.0,99.5,0.5
20151231191341,0.0,0.0,0.0,0.0,0.0,0.0,99.2,0.8
20151231191411,0.0,0.0,0.0,0.0,0.0,0.0,99.9,0.1
20151231191441,0.0,0.0,0.0,0.0,0.0,0.0,100.0,0.0
20151231191511,0.0,0.0,0.0,0.0,0.0,0.0,99.7,0.3
20151231191541,0.0,0.0,0.0,0.0,0.0,0.0,99.8,0.2
20151231191611,0.0,0.0,0.0,0.0,0.0,0.0,99.9,0.1
20151231191641,0.0,0.0,0.0,0.0,0.0,0.0,99.0,1.0
20151231191711,0.0,0.0,0.0,0.0,0.0,0.0,99.4,0.6
20151231191741,0.0,0.0,0.0,0.0,0.0,0.0,100.0,0.0
20151231191812,0.0,0.0,0.0,0.0,0.0,0.0,99.9,0.1
20151231191842,0.0,0.0,0.0,0.0,0.0,0.0,98.8,1.2
20151231191912,0.0,0.0,0.0,0.0,0.0,0.0,98.2,1.8
20151231191942,0.0,0.0,0.0,0.0,0.0,0.0,99.3,0.7
20151231192012,0.0,0.0,0.0,0.0,0.0,0.0,99.6,0.4
20151231192042,0.0,0.0,0.0,0.0,0.0,0.0,99.5,0.5
20151231192112,0.0,0.0,0.0,0.0,0.0,0.0,98.9,1.1
20151231192142,0.0,0.0,0.0,0.0,0.0,0.0,99.9,0.1
20151231192212,0.0,0.0,0.0,0.0,0.0,0.0,99.4,0.6
20151231192242,0.0,0.0,0.0,0.0,0.0,0.0,99.3,0.7
20151231192312,0.0,0.0,0.0,0.0,0.0,0.0,99.5,0.5
20151231192342,0.0,0.0,0.0,0.0,0.0,0.0,99.3,0.7
20151231192412,0.0,0.0,0.0,0.0,0.0,0.0,100.0,0.0
20151231192442,0.0,0.0,0.0,0.0,0.0,0.0,98.4,1.6
20151231192512,0.0,0.0,0.0,0.0,0.0,0.0,99.2,0.8
20151231192542,0.0,0.0,0.0,0.0,0.0,0.0,99.3,0.7
20151231192612,0.0,0.0,0.0,0.0,0.0,0.0,99.9,0.1
20151231192642,0.0,0.0,0.0,0.0,0.0,0.0,99.6,0.4
20151231192712,0.0,0.0,0.0,0.0,0.0,0.0,99.6,0.4
20151231192742,0.0,0.0,0.0,0.0,0.0,0.0,99.2,0.8
20151231192812,0.0,0.0,0.0,0.0,0.0,0.0,99.0,1.0
20151231192842,0.0,0.0,0.0,0.0,0.0,0.0,99.1,0.9
20151231192912,0.0,0.0,0.0,0.0,0.0,0.0,99.5,0.4
20151231192942,0.0,0.0,0.0,0.0,0.0,0.0,99.8,0.2
20151231193012,0.0,0.0,0.0,0.0,0.0,0.0,99.7,0.3
20151231193042,0.0,0.0,0.0,0.0,0.0,0.0,99.6,0.4
20151231193112,0.0,0.0,0.0,0.0,0.0,0.0,99.7,0.3
20151231193142,0.0,0.0,0.0,0.0,0.0,0.0,99.9,0.1
20151231193212,0.0,0.0,0.0,0.0,0.0,0.0,99.9,0.1
20151231193242,0.0,0.0,0.0,0.0,0.0,0.0,99.9,0.1
20151231193312,0.0,0.0,0.0,0.0,0.0,0.0,99.8,0.2
20151231193342,0.0,0.0,0.0,0.0,0.0,0.0,99.5,0.4
20151231193412,0.0,0.0,0.0,0.0,0.0,0.0,99.9,0.1
20151231193442,0.0,0.0,0.0,0.0,0.0,0.0,100.0,0.0
20151231193512,0.0,0.0,0.0,0.0,0.0,0.0,99.9,0.1
20151231193542,0.0,0.0,0.0,0.0,0.0,0.0,99.9,0.1
20151231193612,0.0,0.0,0.0,0.0,0.0,0.0,99.8,0.1
20151231193642,0.0,0.0,0.0,0.0,0.0,0.0,100.0,0.0
20151231193712,0.0,0.0,0.0,0.0,0.0,0.0,100.0,0.0
20151231193742,0.0,0.0,0.0,0.0,0.0,0.0,100.0,0.0
20151231193812,0.0,0.0,0.0,0.0,0.0,0.0,99.9,0.0
20151231193842,0.0,0.0,0.0,0.0,0.0,0.0,99.8,0.2
20151231193912,0.0,0.0,0.0,0.0,0.0,0.0,99.7,0.3
20151231193942,0.0,0.0,0.0,0.0,0.0,0.0,99.5,0.5
20151231194012,0.0,0.0,0.0,0.0,0.0,0.0,99.2,0.8
20151231194042,0.0,0.0,0.0,0.0,0.0,0.0,98.6,1.4
20151231194112,0.0,0.0,0.0,0.0,0.0,0.0,99.7,0.3
20151231194142,0.0,0.0,0.0,0.0,0.0,0.0,97.4,2.6
20151231194212,0.0,0.0,0.0,0.0,0.0,0.0,98.6,1.4
20151231194242,0.0,0.0,0.0,0.0,0.0,0.0,95.5,4.5
20151231194312,0.0,0.0,0.0,0.2,0.0,0.0,22.8,77.0
20151231194342,0.0,0.0,0.0,0.0,0.0,0.0,79.5,20.5
20151231194412,0.0,0.0,0.0,0.0,0.0,0.0,77.3,22.7
20151231194442,0.0,0.0,0.0,0.0,0.0,0.0,92.8,7.2
20151231194512,0.0,0.0,0.0,0.0,0.0,0.0,93.5,6.5
20151231194543,0.0,0.0,0.0,0.0,0.0,0.0,99.5,0.5
20151231194613,0.0,0.0,0.0,0.0,0.0,0.0,99.3,0.7
20151231194643,0.0,0.0,0.0,0.1,0.0,0.0,98.6,1.3
20151231194713,0.0,0.0,0.0,0.3,0.0,0.0,84.3,15.4
20151231194743,0.0,0.0,0.0,0.0,0.0,0.0,98.3,1.7
20151231194813,0.0,0.0,0.0,0.1,0.0,0.0,92.7,7.2
20151231194843,0.0,0.0,0.0,2.4,0.0,0.0,97.5,0.1
20151231194913,0.0,0.0,0.0,66.1,0.0,0.0,30.1,3.7
20151231194943,0.0,0.0,0.0,97.8,0.0,0.0,0.8,1.3
20151231195013,0.0,0.1,0.0,98.1,0.2,0.0,1.5,0.1
20151231195043,0.0,0.1,0.2,45.4,0.1,0.0,37.2,17.0
20151231195113,0.0,0.0,0.2,9.8,0.1,0.0,9.8,80.2
20151231195143,0.0,0.4,0.0,87.3,0.0,0.0,0.4,11.9
20151231195213,0.0,0.2,0.0,67.9,0.1,0.0,1.8,30.0
20151231195243,0.0,0.2,0.0,99.7,0.1,0.0,0.0,0.0
20151231195313,0.0,0.0,0.0,99.8,0.2,0.0,0.0,0.0
20151231195343,0.0,0.0,0.0,99.6,0.0,0.0,0.3,0.1
20151231195413,0.0,0.0,0.0,42.9,0.0,0.0,55.5,1.6
20151231195443,0.0,0.0,0.0,95.5,0.0,0.0,2.7,1.8
20151231195513,0.0,0.0,0.0,94.2,0.0,0.0,4.9,0.9
20151231195543,0.0,0.3,0.0,95.9,0.0,0.0,0.8,3.0
20151231195613,0.0,3.4,0.0,94.6,0.0,0.0,1.2,0.8
20151231195643,0.0,0.8,0.0,98.6,0.0,0.0,0.5,0.1
20151231195713,0.0,0.1,0.0,99.6,0.0,0.0,0.0,0.3
20151231195743,0.0,0.1,0.0,99.4,0.0,0.0,0.0,0.5
20151231195813,0.0,0.0,0.0,99.9,0.0,0.0,0.0,0.0
20151231195843,0.0,0.0,0.0,99.7,0.0,0.0,0.1,0.1
20151231195913,0.0,0.0,0.0,99.6,0.1,0.0,0.0,0.2
20151231195943,0.0,0.0,0.0,99.5,0.0,0.0,0.1,0.4
20151231200013,0.0,0.1,0.0,94.0,0.0,0.0,4.6,1.2
20151231200043,0.0,0.0,0.0,87.9,0.1,0.0,10.4,1.6
20151231200113,0.0,0.0,0.0,96.2,0.0,0.0,1.3,2.5
20151231200143,0.0,0.0,0.0,99.0,0.0,0.0,0.8,0.1
20151231200213,0.0,0.0,0.0,99.5,0.1,0.0,0.4,0.0
20151231200243,0.0,0.0,0.0,100.0,0.0,0.0,0.0,0.0
20151231200313,0.0,0.0,0.0,100.0,0.0,0.0,0.0,0.0
20151231200343,0.0,0.0,0.0,98.9,0.0,0.0,0.7,0.3
20151231200413,0.0,0.0,0.0,96.7,0.0,0.0,2.5,0.8
20151231200443,0.0,0.0,0.0,99.7,0.0,0.0,0.2,0.0
20151231200513,0.0,0.1,0.0,99.3,0.1,0.0,0.0,0.4
20151231200543,0.0,0.1,0.0,99.2,0.2,0.0,0.1,0.4
20151231200613,0.0,0.1,0.0,99.8,0.0,0.0,0.0,0.0
20151231200643,0.0,0.1,0.0,99.7,0.0,0.0,0.0,0.2
20151231200713,0.0,2.4,0.0,97.5,0.1,0.0,0.0,0.0
20151231200743,0.0,0.2,0.0,99.5,0.2,0.0,0.0,0.1
20151231200813,0.0,1.1,0.0,81.4,0.8,0.0,0.4,16.4
20151231200843,0.0,0.8,0.0,99.1,0.1,0.0,0.0,0.0
20151231200913,0.0,0.3,0.0,99.7,0.0,0.0,0.0,0.0
20151231200943,0.0,0.1,0.0,99.7,0.2,0.0,0.0,0.1
20151231201013,0.0,15.0,0.0,80.5,2.5,0.0,0.2,1.8
20151231201043,0.0,2.7,0.5,91.4,2.8,0.0,0.1,2.5
20151231201113,0.0,10.4,0.0,81.4,6.5,0.0,0.0,1.7
20151231201143,0.0,12.2,0.0,69.2,14.0,0.0,0.7,3.9
20151231201213,0.0,0.2,0.0,98.4,0.6,0.0,0.0,0.8
20151231201243,0.0,4.2,0.0,87.1,8.3,0.0,0.0,0.3
