UT,arc,discrete,diffuse,ac,ab,clear,cloudy,dd
20151224131200,0.0,0.0,0.0,0.0,0.0,0.0,0.0,100.0
20151224131230,0.0,0.0,0.0,0.0,0.0,0.0,0.0,100.0
20151224131300,0.0,0.0,0.0,0.0,0.0,0.0,0.0,100.0
20151224131330,0.0,0.0,0.0,0.0,0.0,0.0,0.0,100.0
20151224131400,0.0,0.0,0.0,0.0,0.0,0.0,0.0,100.0
20151224131430,0.0,0.0,0.0,0.0,0.0,0.0,0.0,100.0
20151224131500,0.0,0.0,0.0,0.0,0.0,0.0,0.0,100.0
20151224131530,0.0,0.0,0.0,0.0,0.0,0.0,0.0,100.0
20151224131600,0.0,0.0,0.0,0.0,0.0,0.0,0.0,100.0
20151224131630,0.0,0.0,0.0,0.0,0.0,0.0,0.0,100.0
20151224131700,0.0,0.0,0.0,0.0,0.0,0.0,0.0,100.0
20151224131730,0.0,0.0,0.0,0.0,0.0,0.0,0.0,100.0
20151224131800,0.0,0.0,0.0,0.0,0.0,0.0,0.0,100.0
20151224131830,0.0,0.0,0.0,0.0,0.0,0.0,0.0,100.0
20151224131900,0.0,0.0,0.0,0.0,0.0,0.0,0.0,100.0
20151224131930,0.0,0.0,0.0,0.0,0.0,0.0,0.0,100.0
20151224132000,0.0,0.0,0.0,0.0,0.0,0.0,0.0,100.0
20151224132030,0.0,0.0,0.0,0.0,0.0,0.0,0.0,100.0
20151224132100,0.0,0.0,0.0,0.0,0.0,0.0,0.0,100.0
20151224132130,0.0,0.0,0.0,0.0,0.0,0.0,0.0,100.0
20151224132200,0.0,0.0,0.0,0.0,0.0,0.0,0.0,100.0
20151224132230,0.0,0.0,0.0,0.0,0.0,0.0,0.0,100.0
20151224132300,0.0,0.0,0.0,0.0,0.0,0.0,0.0,100.0
20151224132330,0.0,0.0,0.0,0.0,0.0,0.0,0.0,100.0
20151224132400,0.0,0.0,0.0,0.0,0.0,0.0,0.0,100.0
20151224132430,0.0,0.0,0.0,0.0,0.0,0.0,0.0,100.0
20151224132500,0.0,0.0,0.0,0.0,0.0,0.0,0.0,100.0
20151224132530,0.0,0.0,0.0,0.0,0.0,0.0,0.0,100.0
20151224132600,0.0,0.0,0.0,0.0,0.0,0.0,0.0,100.0
20151224132630,0.0,0.0,0.0,0.0,0.0,0.0,0.0,100.0
20151224132700,0.0,0.0,0.0,0.0,0.0,0.0,0.0,100.0
20151224132730,0.0,0.0,0.0,0.0,0.0,0.0,0.0,100.0
20151224132800,0.0,0.0,0.0,0.0,0.0,0.0,0.0,100.0
20151224132830,0.0,0.0,0.0,0.0,0.0,0.0,0.0,100.0
20151224132900,0.0,0.0,0.0,0.0,0.0,0.0,0.0,100.0
20151224132930,0.0,0.0,0.0,0.0,0.0,0.0,0.0,100.0
20151224133000,0.0,0.0,0.0,0.0,0.0,0.0,0.0,100.0
20151224133030,0.0,0.0,0.0,0.0,0.0,0.0,0.0,100.0
20151224133100,0.0,0.0,0.0,0.0,0.0,0.0,0.0,100.0
20151224133131,0.0,0.0,0.0,0.0,0.0,0.0,0.0,100.0
20151224133201,0.0,0.0,0.0,0.0,0.0,0.0,0.0,100.0
20151224133231,0.0,0.0,0.0,0.0,0.0,0.0,0.0,100.0
20151224133301,0.0,0.0,0.0,0.0,0.0,0.0,0.0,100.0
20151224133331,0.0,0.0,0.0,0.0,0.0,0.0,0.0,100.0
20151224133401,0.0,0.0,0.0,0.0,0.0,0.0,0.0,100.0
20151224133431,0.0,0.0,0.0,0.0,0.0,0.0,0.0,100.0
20151224133501,0.0,0.0,0.0,0.0,0.0,0.0,0.0,100.0
20151224133531,0.0,0.0,0.0,0.0,0.0,0.0,0.0,100.0
20151224133601,0.0,0.0,0.0,0.0,0.0,0.0,0.0,100.0
20151224133631,0.0,0.0,0.0,0.0,0.0,0.0,0.0,100.0
20151224133701,0.0,0.0,0.0,0.0,0.0,0.0,0.0,100.0
20151224133731,0.0,0.0,0.0,0.0,0.0,0.0,0.0,100.0
20151224133801,0.0,0.0,0.0,0.0,0.0,0.0,0.0,100.0
20151224133831,0.0,0.0,0.0,0.0,0.0,0.0,0.0,100.0
20151224133901,0.0,0.0,0.0,0.0,0.0,0.0,0.0,100.0
20151224133931,0.0,0.0,0.0,0.0,0.0,0.0,0.0,100.0
20151224134001,0.0,0.0,0.0,0.0,0.0,0.0,0.0,100.0
20151224134031,0.0,0.0,0.0,0.0,0.0,0.0,0.0,100.0
20151224134101,0.0,0.0,0.0,0.0,0.0,0.0,0.0,100.0
20151224134131,0.0,0.0,0.0,0.0,0.0,0.0,0.0,100.0
20151224134201,0.0,0.0,0.0,0.0,0.0,0.0,0.0,100.0
20151224134231,0.0,0.0,0.0,0.0,0.0,0.0,0.0,100.0
20151224134301,0.0,0.0,0.0,0.0,0.0,0.0,0.0,100.0
20151224134331,0.0,0.0,0.0,0.0,0.0,0.0,0.0,100.0
20151224134401,0.0,0.0,0.0,0.0,0.0,0.0,0.0,100.0
20151224134431,0.0,0.0,0.0,0.0,0.0,0.0,0.0,100.0
20151224134501,0.0,0.0,0.0,0.0,0.0,0.0,0.0,100.0
20151224134531,0.0,0.0,0.0,0.0,0.0,0.0,0.0,100.0
20151224134601,0.0,0.0,0.0,0.0,0.0,0.0,0.0,100.0
20151224134631,0.0,0.0,0.0,0.0,0.0,0.0,0.0,100.0
20151224134701,0.0,0.0,0.0,0.0,0.0,0.0,0.0,100.0
20151224134731,0.0,0.0,0.0,0.0,0.0,0.0,0.0,100.0
20151224134801,0.0,0.0,0.0,0.0,0.0,0.0,0.0,100.0
20151224134831,0.0,0.0,0.0,0.0,0.0,0.0,0.0,100.0
20151224134901,0.0,0.0,0.0,0.0,0.0,0.0,0.0,100.0
20151224134931,0.0,0.0,0.0,0.0,0.0,0.0,0.0,100.0
20151224135001,0.0,0.0,0.0,0.0,0.0,0.0,0.0,100.0
20151224135031,0.0,0.0,0.0,0.0,0.0,0.0,0.0,100.0
20151224135101,0.0,0.0,0.0,0.0,0.0,0.0,0.0,100.0
20151224135131,0.0,0.0,0.0,0.0,0.0,0.0,0.0,100.0
20151224135201,0.0,0.0,0.0,0.0,0.0,0.0,0.0,100.0
20151224135231,0.0,0.0,0.0,0.0,0.0,0.0,0.0,100.0
20151224135301,0.0,0.0,0.0,0.0,0.0,0.0,0.0,100.0
20151224135331,0.0,0.0,0.0,0.0,0.0,0.0,0.0,100.0
20151224135401,0.0,0.0,0.0,0.0,0.0,0.0,0.0,100.0
20151224135431,0.0,0.0,0.0,0.0,0.0,0.0,0.0,100.0
20151224135501,0.0,0.0,0.0,0.0,0.0,0.0,0.0,100.0
20151224135531,0.0,0.0,0.0,0.0,0.0,0.0,0.0,100.0
20151224135601,0.0,0.0,0.0,0.0,0.0,0.0,0.0,100.0
20151224135631,0.0,0.0,0.0,0.0,0.0,0.0,0.0,100.0
20151224135701,0.0,0.0,0.0,0.0,0.0,0.0,0.0,100.0
20151224135731,0.0,0.0,0.0,0.0,0.0,0.0,0.0,100.0
20151224135801,0.0,0.0,0.0,0.0,0.0,0.0,0.0,100.0
20151224135831,0.0,0.0,0.0,0.0,0.0,0.0,0.0,100.0
20151224135902,0.0,0.0,0.0,0.0,0.0,0.0,0.0,100.0
20151224135932,0.0,0.0,0.0,0.0,0.0,0.0,0.0,100.0
20151224140002,0.0,0.0,0.0,0.0,0.0,0.0,0.0,100.0
20151224140032,0.0,0.0,0.0,0.0,0.0,0.0,0.0,100.0
20151224140102,0.0,0.0,0.0,0.0,0.0,0.0,0.0,100.0
20151224140132,0.0,0.0,0.0,0.0,0.0,0.0,0.0,100.0
20151224140202,0.0,0.0,0.0,0.0,0.0,0.0,0.0,100.0
20151224140232,0.0,0.0,0.0,0.0,0.0,0.0,0.0,100.0
20151224140302,0.0,0.0,0.0,0.0,0.0,0.0,0.0,100.0
20151224140332,0.0,0.0,0.0,0.0,0.0,0.0,0.0,100.0
20151224140402,0.0,0.0,0.0,0.0,0.0,0.0,0.0,100.0
20151224140432,0.0,0.0,0.0,0.0,0.0,0.0,0.0,100.0
20151224140502,0.0,0.0,0.0,0.0,0.0,0.0,0.0,100.0
20151224140532,0.0,0.0,0.0,0.0,0.0,0.0,0.0,100.0
20151224140602,0.0,0.0,0.0,0.0,0.0,0.0,0.0,100.0
20151224140632,0.0,0.0,0.0,0.0,0.0,0.0,0.0,100.0
20151224140702,0.0,0.0,0.0,0.0,0.0,0.0,0.1,99.9
20151224140732,0.0,0.0,0.0,0.0,0.0,0.0,0.0,100.0
20151224140802,0.0,0.0,0.0,0.0,0.0,0.0,0.1,99.9
20151224140832,0.0,0.0,0.0,0.0,0.0,0.0,0.0,100.0
20151224140902,0.0,0.0,0.0,0.0,0.0,0.0,0.0,100.0
20151224140932,0.0,0.0,0.0,0.0,0.0,0.0,0.0,100.0
20151224141002,0.0,0.0,0.0,0.0,0.0,0.0,0.0,100.0
20151224141032,0.0,0.0,0.0,0.0,0.0,0.0,0.0,100.0
20151224141102,0.0,0.0,0.0,0.0,0.0,0.0,0.1,99.9
20151224141132,0.0,0.0,0.0,0.0,0.0,0.0,0.0,99.9
20151224141332,0.0,0.0,0.0,0.0,0.0,0.0,0.0,100.0
20151224141402,0.0,0.0,0.0,0.0,0.0,0.0,0.0,100.0
20151224141432,0.0,0.0,0.0,0.0,0.0,0.0,0.0,100.0
20151224141502,0.0,0.0,0.0,0.0,0.0,0.0,0.0,100.0
20151224141532,0.0,0.0,0.0,0.0,0.0,0.0,0.0,100.0
20151224141602,0.0,0.0,0.0,0.0,0.0,0.0,0.0,100.0
20151224141632,0.0,0.0,0.0,0.0,0.0,0.0,0.0,100.0
20151224141702,0.0,0.0,0.0,0.0,0.0,0.0,0.1,99.9
20151224141732,0.0,0.0,0.0,0.0,0.0,0.0,0.0,100.0
20151224141802,0.0,0.0,0.0,0.0,0.0,0.0,0.1,99.9
20151224141832,0.0,0.0,0.0,0.0,0.0,0.0,0.0,100.0
20151224141902,0.0,0.0,0.0,0.0,0.0,0.0,0.1,99.9
20151224141932,0.0,0.0,0.0,0.0,0.0,0.0,0.2,99.8
20151224142002,0.0,0.0,0.0,0.0,0.0,0.0,0.0,100.0
20151224142032,0.0,0.0,0.0,0.0,0.0,0.0,0.0,100.0
20151224142102,0.0,0.0,0.0,0.0,0.0,0.0,0.1,99.9
20151224142132,0.0,0.0,0.0,0.0,0.0,0.0,0.2,99.8
20151224142202,0.0,0.0,0.0,0.0,0.0,0.0,0.3,99.7
20151224142232,0.0,0.0,0.0,0.0,0.0,0.0,0.3,99.7
20151224142302,0.0,0.0,0.0,0.0,0.0,0.0,0.0,100.0
20151224142332,0.0,0.0,0.0,0.0,0.0,0.0,0.3,99.7
20151224142402,0.0,0.0,0.0,0.0,0.0,0.0,0.3,99.7
20151224142432,0.0,0.0,0.0,0.0,0.0,0.0,0.6,99.4
20151224142502,0.0,0.0,0.0,0.0,0.0,0.0,0.4,99.6
20151224142532,0.0,0.0,0.0,0.0,0.0,0.0,0.5,99.5
20151224142602,0.0,0.0,0.0,0.0,0.0,0.0,0.1,99.9
20151224142632,0.0,0.0,0.0,0.0,0.0,0.0,0.1,99.9
20151224142702,0.0,0.0,0.0,0.0,0.0,0.0,0.3,99.7
20151224142732,0.0,0.0,0.0,0.0,0.0,0.0,0.1,99.9
20151224142802,0.0,0.0,0.0,0.0,0.0,0.0,0.1,99.9
20151224142832,0.0,0.0,0.0,0.0,0.0,0.0,0.4,99.6
20151224142902,0.0,0.0,0.0,0.0,0.0,0.0,0.1,99.9
20151224142932,0.0,0.0,0.0,0.0,0.0,0.0,0.0,99.9
20151224143002,0.0,0.0,0.0,0.0,0.0,0.0,0.0,100.0
20151224143032,0.0,0.0,0.0,0.0,0.0,0.0,0.0,100.0
20151224143102,0.0,0.0,0.0,0.0,0.0,0.0,0.0,99.9
20151224143132,0.0,0.0,0.0,0.0,0.0,0.0,0.0,100.0
20151224143202,0.0,0.0,0.0,0.0,0.0,0.0,0.0,100.0
20151224143232,0.0,0.0,0.0,0.0,0.0,0.0,0.0,99.9
20151224143303,0.0,0.0,0.0,0.0,0.0,0.0,0.0,100.0
20151224143333,0.0,0.0,0.0,0.0,0.0,0.0,0.0,100.0
20151224143403,0.0,0.0,0.0,0.0,0.0,0.0,0.0,100.0
20151224143433,0.0,0.0,0.0,0.0,0.0,0.0,0.1,99.9
20151224143503,0.0,0.0,0.0,0.0,0.0,0.0,0.0,100.0
20151224143533,0.0,0.0,0.0,0.0,0.0,0.0,0.1,99.9
20151224143603,0.0,0.0,0.0,0.0,0.0,0.0,0.0,100.0
20151224143633,0.0,0.0,0.0,0.0,0.0,0.0,0.0,100.0
20151224143703,0.0,0.0,0.0,0.0,0.0,0.0,0.0,100.0
20151224143733,0.0,0.0,0.0,0.0,0.0,0.0,0.1,99.9
20151224143803,0.0,0.0,0.0,0.0,0.0,0.0,0.0,100.0
20151224143833,0.0,0.0,0.0,0.0,0.0,0.0,0.1,99.9
20151224143903,0.0,0.0,0.0,0.0,0.0,0.0,0.1,99.9
20151224143933,0.0,0.0,0.0,0.0,0.0,0.0,0.2,99.8
20151224144003,0.0,0.0,0.0,0.0,0.0,0.0,0.1,99.9
20151224144033,0.0,0.0,0.0,0.0,0.0,0.0,0.0,100.0
20151224144103,0.0,0.0,0.0,0.0,0.0,0.0,0.0,100.0
20151224144133,0.0,0.0,0.0,0.0,0.0,0.0,0.2,99.8
20151224144203,0.0,0.0,0.0,0.0,0.0,0.0,0.0,100.0
20151224144233,0.0,0.0,0.0,0.0,0.0,0.0,0.0,100.0
20151224144303,0.0,0.0,0.0,0.0,0.0,0.0,0.0,100.0
20151224144333,0.0,0.0,0.0,0.0,0.0,0.0,0.0,100.0
20151224144403,0.0,0.0,0.0,0.0,0.0,0.0,1.0,99.0
20151224144433,0.0,0.0,0.0,0.0,0.0,0.0,1.2,98.8
20151224144503,0.0,0.0,0.0,0.1,0.0,0.0,12.1,87.9
20151224144533,0.0,0.0,0.0,0.0,0.0,0.0,2.7,97.2
20151224144603,0.0,0.0,0.0,0.3,0.0,0.0,18.3,81.4
20151224144633,0.0,0.0,0.0,0.1,0.0,0.0,1.1,98.8
20151224144703,0.0,0.0,0.0,0.0,0.0,0.0,0.3,99.6
20151224144733,0.0,0.0,0.0,0.2,0.0,0.0,0.1,99.7
20151224144803,0.0,0.0,0.0,0.0,0.0,0.0,0.1,99.9
20151224144833,0.0,0.0,0.0,0.0,0.0,0.0,0.1,99.9
20151224144903,0.0,0.0,0.0,0.0,0.0,0.0,0.3,99.7
20151224144933,0.0,0.0,0.0,0.0,0.0,0.0,0.3,99.7
20151224145003,0.0,0.0,0.0,0.0,0.0,0.0,10.1,89.8
20151224145033,0.0,0.0,0.0,0.1,0.0,0.0,8.5,91.4
20151224145103,0.0,0.0,0.0,0.1,0.1,0.0,17.4,82.5
20151224145133,0.0,0.0,0.0,0.1,0.0,0.0,38.5,61.4
20151224145203,0.0,0.0,0.0,0.1,0.0,0.0,9.3,90.6
20151224145233,0.0,0.0,0.0,0.0,0.0,0.0,3.0,96.9
20151224145303,0.0,0.0,0.0,0.0,0.0,0.0,1.7,98.3
20151224145333,0.0,0.0,0.0,0.0,0.0,0.0,0.1,99.9
20151224145403,0.0,0.0,0.0,0.0,0.1,0.0,0.4,99.5
20151224145433,0.0,0.0,0.0,0.0,0.0,0.0,0.3,99.7
20151224145503,0.0,0.0,0.0,0.0,0.0,0.0,0.1,99.9
20151224145533,0.0,0.0,0.0,0.1,0.0,0.0,4.2,95.7
20151224145603,0.0,0.0,0.0,0.1,0.0,0.0,0.7,99.2
20151224145633,0.0,0.0,0.0,0.0,0.0,0.0,0.0,99.9
20151224145703,0.0,0.0,0.0,0.0,0.0,0.0,0.1,99.8
20151224145733,0.0,0.0,0.0,0.0,0.0,0.0,0.9,99.1
20151224145803,0.0,0.0,0.0,0.0,0.0,0.0,0.6,99.4
20151224145833,0.0,0.0,0.0,0.0,0.0,0.0,1.9,98.1
20151224145903,0.0,0.0,0.0,0.0,0.0,0.0,2.3,97.7
20151224145933,0.0,0.0,0.0,0.0,0.0,0.0,0.4,99.6
20151224150003,0.0,0.0,0.0,0.0,0.0,0.0,2.4,97.6
20151224150033,0.0,0.0,0.0,0.1,0.0,0.0,2.4,97.5
20151224150103,0.0,0.0,0.0,0.0,0.0,0.0,14.3,85.6
20151224150133,0.0,0.0,0.0,0.0,0.0,0.0,7.3,92.7
20151224150203,0.0,0.0,0.0,0.0,0.0,0.0,2.4,97.6
20151224150233,0.0,0.0,0.0,0.0,0.0,0.0,1.7,98.3
20151224150303,0.0,0.0,0.0,0.0,0.0,0.0,3.2,96.7
20151224150333,0.0,0.0,0.0,0.1,0.0,0.0,28.6,71.3
20151224150403,0.0,0.0,0.0,0.1,0.0,0.0,19.8,80.1
20151224150433,0.0,0.0,0.0,0.3,0.0,0.0,18.9,80.8
20151224150503,0.0,0.0,0.0,0.1,0.0,0.0,12.8,87.1
20151224150533,0.0,0.0,0.0,0.1,0.0,0.0,13.4,86.4
20151224150603,0.0,0.0,0.0,0.1,0.0,0.0,9.6,90.3
20151224150633,0.0,0.0,0.0,0.1,0.0,0.0,46.6,53.3
20151224150704,0.0,0.0,0.0,0.1,0.0,0.0,10.0,90.0
20151224150734,0.0,0.0,0.0,0.0,0.0,0.0,9.3,90.7
20151224150804,0.0,0.0,0.0,0.2,0.0,0.0,39.8,59.9
20151224150834,0.0,0.0,0.0,0.0,0.0,0.0,3.5,96.4
20151224150904,0.0,0.0,0.0,0.0,0.0,0.0,4.8,95.2
20151224150934,0.0,0.0,0.0,0.6,0.0,0.0,41.7,57.6
20151224151004,0.0,0.0,0.0,0.1,0.0,0.0,32.3,67.5
20151224151034,0.0,0.0,0.0,0.3,0.0,0.0,22.4,77.2
20151224151104,0.0,0.0,0.0,0.0,0.0,0.0,2.5,97.5
20151224151134,0.0,0.0,0.0,0.0,0.0,0.0,4.5,95.5
20151224151204,0.0,0.0,0.0,0.1,0.0,0.0,12.2,87.7
20151224151234,0.0,0.0,0.0,0.0,0.0,0.0,5.5,94.4
20151224151304,0.0,0.0,0.0,0.0,0.0,0.0,4.1,95.9
20151224151334,0.0,0.0,0.0,0.0,0.0,0.0,76.9,23.1
20151224151404,0.0,0.0,0.0,0.0,0.0,0.0,12.5,87.4
20151224151434,0.0,0.0,0.0,0.0,0.0,0.0,4.7,95.2
20151224151504,0.0,0.0,0.0,0.0,0.1,0.0,6.0,93.8
20151224151534,0.0,0.0,0.0,0.0,0.0,0.0,2.6,97.4
20151224151604,0.0,0.0,0.0,0.0,0.0,0.0,1.0,99.0
20151224151634,0.0,0.0,0.0,0.0,0.0,0.0,1.4,98.6
20151224151704,0.0,0.0,0.0,0.0,0.0,0.0,4.1,95.9
20151224151734,0.0,0.0,0.0,0.0,0.0,0.0,1.2,98.8
20151224151804,0.0,0.0,0.0,0.0,0.0,0.0,1.2,98.8
20151224151834,0.0,0.0,0.0,0.0,0.0,0.0,2.5,97.5
20151224151904,0.0,0.0,0.0,0.0,0.0,0.0,0.8,99.2
20151224151934,0.0,0.0,0.0,0.0,0.0,0.0,1.9,98.1
20151224152004,0.0,0.0,0.0,0.0,0.0,0.0,2.0,98.0
20151224152034,0.0,0.0,0.0,0.0,0.0,0.0,20.0,79.9
20151224152104,0.0,0.0,0.0,0.0,0.0,0.0,2.2,97.8
20151224152134,0.0,0.0,0.0,0.0,0.1,0.0,11.6,88.3
20151224152204,0.0,0.0,0.0,0.0,0.2,0.0,78.2,21.6
20151224152234,0.0,0.0,0.0,0.0,0.1,0.0,6.8,93.1
20151224152304,0.0,0.0,0.0,0.0,0.4,0.0,12.4,87.2
20151224152334,0.0,0.0,0.0,0.0,0.2,0.0,87.6,12.1
20151224152404,0.0,0.0,0.0,0.0,0.1,0.0,45.6,54.3
20151224152434,0.0,0.0,0.0,0.1,0.1,0.0,63.5,36.3
20151224152504,0.0,0.0,0.0,0.0,0.1,0.0,78.9,20.9
20151224152534,0.0,0.0,0.0,0.0,0.1,0.0,48.7,51.2
20151224152604,0.0,0.0,0.0,0.1,0.1,0.0,25.3,74.5
20151224152634,0.0,0.0,0.0,0.1,0.0,0.0,44.4,55.5
20151224152704,0.0,0.0,0.0,0.1,0.1,0.0,62.5,37.3
20151224152734,0.0,0.0,0.0,0.0,0.1,0.0,43.7,56.2
20151224152804,0.0,0.0,0.0,0.0,0.1,0.0,52.9,46.9
20151224152834,0.0,0.0,0.0,0.1,0.0,0.0,37.9,61.9
20151224152904,0.0,0.0,0.1,0.8,0.2,0.0,84.0,14.9
20151224152934,0.0,0.0,0.0,0.0,0.0,0.0,15.4,84.6
20151224153004,0.0,0.0,0.0,0.0,0.1,0.0,78.6,21.3
20151224153034,0.0,0.0,0.0,0.1,0.2,0.0,96.4,3.4
20151224153104,0.0,0.0,0.0,0.0,0.1,0.0,83.8,16.1
20151224153134,0.0,0.0,0.0,0.2,0.3,0.0,90.1,9.4
20151224153204,0.0,0.0,0.0,0.2,0.2,0.0,15.4,84.1
20151224153234,0.0,0.0,0.0,0.0,0.2,0.0,3.9,95.9
20151224153304,0.0,0.0,0.0,0.1,0.4,0.0,95.8,3.7
20151224153334,0.0,0.0,0.0,0.0,0.4,0.0,43.9,55.7
20151224153404,0.0,0.0,0.0,0.0,0.1,0.0,87.7,12.1
20151224153435,0.0,0.1,0.2,0.2,2.7,0.0,40.3,56.5
20151224153505,0.0,0.0,0.0,0.0,0.2,0.0,40.0,59.7
20151224153535,0.0,0.0,0.0,0.0,0.4,0.0,41.0,58.5
20151224153605,0.0,0.0,0.0,0.1,0.5,0.0,18.8,80.6
20151224153635,0.0,0.0,0.0,0.0,2.0,0.0,50.3,47.7
20151224153705,0.0,0.0,0.0,0.1,0.5,0.0,6.6,92.8
20151224153735,0.0,0.0,0.0,0.1,0.7,0.0,9.9,89.3
20151224153805,0.0,0.0,0.1,0.1,1.3,0.0,33.0,65.6
20151224153835,0.0,0.0,0.0,0.0,0.5,0.0,13.7,85.8
20151224153905,0.0,0.0,0.0,0.0,0.1,0.0,2.2,97.7
20151224153935,0.0,0.0,0.0,0.0,1.3,0.0,13.5,85.2
20151224154005,0.0,0.0,0.0,0.0,0.9,0.0,26.5,72.5
20151224154035,0.0,0.0,0.0,0.0,1.0,0.0,30.2,68.8
20151224154105,0.0,0.1,0.1,0.0,2.6,0.0,14.8,82.4
20151224154135,0.0,0.1,0.2,0.1,4.1,0.0,66.2,29.3
20151224154205,0.0,0.2,0.5,0.1,2.3,0.0,52.4,44.5
20151224154235,0.0,0.1,0.5,0.0,0.6,0.0,9.0,89.8
20151224154305,0.0,0.0,0.1,0.0,0.4,0.0,74.0,25.4
20151224154335,0.0,0.1,0.4,0.0,1.8,0.0,8.4,89.4
20151224154405,0.0,0.5,0.4,0.0,1.3,0.0,47.3,50.4
20151224154435,0.0,0.1,0.1,0.0,1.0,0.0,33.4,65.5
20151224154505,0.0,0.1,0.2,0.0,0.3,0.0,51.3,48.0
20151224154535,0.0,0.3,0.3,0.0,1.3,0.0,4.7,93.4
20151224154605,0.0,0.1,0.0,0.0,2.9,0.0,61.7,35.2
20151224154635,0.0,0.6,0.3,0.1,7.4,0.0,81.3,10.4
20151224154705,0.0,0.3,0.0,0.0,4.5,0.0,88.5,6.7
20151224154735,0.0,0.5,0.1,0.0,10.9,0.0,63.8,24.7
20151224154805,0.0,0.2,0.0,0.0,0.6,0.0,90.1,9.0
20151224154835,0.0,0.1,0.0,0.0,1.0,0.0,95.5,3.4
20151224154905,0.0,0.0,0.0,0.0,0.2,0.0,97.6,2.1
20151224154935,0.0,0.1,0.0,0.0,2.1,0.0,93.9,3.9
20151224155005,0.0,0.0,0.0,0.0,6.3,0.0,82.3,11.3
20151224155035,0.0,0.4,0.1,0.3,15.6,0.0,62.7,20.9
20151224155105,0.0,0.1,0.1,0.1,4.1,0.0,85.3,10.3
20151224155135,0.0,0.0,0.0,0.1,1.3,0.0,93.7,4.9
20151224155205,0.0,0.0,0.0,0.2,4.7,0.0,87.6,7.5
20151224155235,0.0,0.1,0.1,0.4,7.0,0.0,66.5,25.8
20151224155305,0.0,0.2,0.5,1.4,16.3,0.0,44.1,37.6
20151224155335,0.0,0.3,0.0,0.8,15.3,0.0,22.0,61.6
20151224155405,0.0,0.1,0.1,1.0,12.0,0.0,60.6,26.2
20151224155435,0.0,0.0,0.0,0.0,0.5,0.0,2.6,96.9
20151224155505,0.0,0.0,0.0,0.1,0.4,0.0,6.6,92.9
20151224155535,0.0,0.0,0.0,0.1,8.7,0.0,17.5,73.7
20151224155605,0.0,0.0,0.0,0.2,5.8,0.0,78.6,15.3
20151224155635,0.0,0.0,0.0,0.0,8.0,0.0,12.4,79.5
20151224155705,0.0,0.0,0.1,0.1,13.3,0.0,22.2,64.4
20151224155735,0.0,0.0,0.1,0.1,1.5,0.0,21.3,77.1
20151224155805,0.0,0.0,0.1,0.1,7.7,0.0,27.9,64.1
20151224155835,0.0,0.0,0.1,0.1,5.5,0.0,8.3,86.0
20151224155905,0.0,0.0,0.1,0.3,2.5,0.0,19.2,77.8
20151224155935,0.0,0.0,0.0,0.1,1.7,0.0,47.2,50.9
20151224160005,0.0,0.0,0.2,0.1,6.9,0.0,9.7,83.1
20151224160035,0.0,0.0,0.3,0.1,5.0,0.0,38.1,56.5
20151224160105,0.0,0.1,0.2,0.2,1.1,0.0,51.8,46.7
20151224160135,0.0,0.1,0.1,0.1,3.6,0.0,34.8,61.3
20151224160205,0.0,0.1,0.4,0.1,7.7,0.0,2.4,89.2
20151224160235,0.0,0.0,0.0,0.0,6.2,0.0,5.4,88.4
20151224160305,0.0,0.1,0.1,0.1,4.6,0.0,9.0,86.1
20151224160335,0.0,0.0,0.2,0.2,1.6,0.0,23.9,74.1
20151224160405,0.0,0.0,0.1,0.0,1.3,0.0,13.2,85.3
20151224160435,0.0,0.1,0.2,0.1,1.4,0.0,20.0,78.2
20151224160505,0.0,0.0,0.1,0.1,3.3,0.0,2.7,93.8
20151224160535,0.0,0.1,0.2,0.1,9.8,0.0,31.7,58.1
20151224160605,0.0,0.2,0.2,0.1,9.1,0.0,24.9,65.6
20151224160635,0.0,0.1,0.1,0.1,4.6,0.0,8.6,86.6
20151224160705,0.0,0.2,0.2,0.1,7.7,0.0,13.9,77.8
20151224160735,0.0,0.0,0.1,0.0,1.2,0.0,1.2,97.4
20151224160805,0.0,0.0,0.0,0.0,0.5,0.0,6.9,92.5
20151224160836,0.0,0.0,0.0,0.0,0.5,0.0,0.8,98.6
20151224160906,0.0,0.0,0.0,0.0,0.1,0.0,0.1,99.8
20151224160936,0.0,0.0,0.0,0.0,0.2,0.0,0.1,99.7
20151224161006,0.0,0.0,0.0,0.0,0.7,0.0,0.1,99.2
20151224161036,0.0,0.0,0.0,0.1,2.1,0.0,0.6,97.1
20151224161106,0.0,0.0,0.0,0.0,0.2,0.0,0.4,99.4
20151224161136,0.0,0.0,0.0,0.2,1.9,0.0,4.1,93.7
20151224161206,0.0,0.0,0.0,0.1,0.9,0.0,5.5,93.4
20151224161236,0.0,0.0,0.1,0.4,0.3,0.0,23.9,75.3
20151224161306,0.0,0.0,0.0,0.2,0.2,0.0,10.6,89.0
20151224161336,0.0,0.0,0.0,0.5,0.3,0.0,16.7,82.4
20151224161406,0.0,0.0,0.0,0.1,0.1,0.0,34.4,65.5
20151224161436,0.0,0.0,0.0,0.0,0.0,0.0,30.5,69.4
20151224161506,0.0,0.0,0.0,0.3,0.1,0.0,69.2,30.3
20151224161536,0.0,0.0,0.0,0.1,0.1,0.0,8.8,91.1
20151224161606,0.0,0.0,0.0,0.0,0.1,0.0,7.7,92.1
20151224161636,0.0,0.0,0.0,0.4,1.2,0.0,15.8,82.5
20151224161706,0.0,0.0,0.0,0.0,0.0,0.0,3.0,97.0
20151224161736,0.0,0.0,0.0,0.1,0.1,0.0,38.5,61.3
20151224161806,0.0,0.0,0.1,0.5,0.2,0.0,10.3,88.9
20151224161836,0.0,0.0,0.0,0.4,0.5,0.0,56.5,42.7
20151224161906,0.0,0.0,0.0,0.1,0.0,0.0,8.6,91.3
20151224161936,0.0,0.0,0.0,0.1,0.0,0.0,19.2,80.7
20151224162006,0.0,0.0,0.0,0.0,0.0,0.0,0.5,99.5
20151224162036,0.0,0.0,0.0,0.2,0.1,0.0,32.3,67.3
20151224162106,0.0,0.0,0.0,0.3,0.1,0.0,51.0,48.6
20151224162136,0.0,0.0,0.0,0.2,0.0,0.0,26.2,73.5
20151224162206,0.0,0.0,0.0,0.1,0.1,0.0,22.9,77.0
20151224162236,0.0,0.0,0.0,0.0,0.0,0.0,82.9,17.1
20151224162306,0.0,0.0,0.0,0.0,0.0,0.0,6.0,94.0
20151224162336,0.0,0.0,0.0,0.1,0.0,0.0,34.5,65.3
20151224162406,0.0,0.0,0.0,0.1,0.0,0.0,6.0,93.9
20151224162436,0.0,0.0,0.0,0.1,0.0,0.0,4.3,95.6
20151224162506,0.0,0.0,0.0,0.1,0.0,0.0,29.9,70.0
20151224162536,0.0,0.0,0.0,0.0,0.0,0.0,85.0,15.0
20151224162606,0.0,0.0,0.0,0.1,0.0,0.0,16.3,83.6
20151224162636,0.0,0.0,0.0,0.1,0.0,0.0,13.7,86.2
20151224162706,0.0,0.0,0.0,0.1,0.0,0.0,31.5,68.4
20151224162736,0.0,0.0,0.0,0.0,0.0,0.0,53.8,46.2
20151224162806,0.0,0.0,0.0,0.0,0.0,0.0,12.0,88.0
20151224162836,0.0,0.0,0.0,0.0,0.0,0.0,39.1,60.8
20151224162906,0.0,0.0,0.0,0.1,0.1,0.0,24.7,75.1
20151224162936,0.0,0.0,0.0,0.0,0.0,0.0,63.3,36.7
20151224163006,0.0,0.0,0.0,0.1,0.0,0.0,51.1,48.8
20151224163036,0.0,0.0,0.0,0.1,0.0,0.0,12.2,87.7
20151224163106,0.0,0.0,0.0,0.0,0.0,0.0,18.5,81.5
20151224163136,0.0,0.0,0.0,0.1,0.2,0.0,7.5,92.3
20151224163206,0.0,0.0,0.0,0.1,0.0,0.0,15.5,84.4
20151224163236,0.0,0.0,0.0,0.0,0.0,0.0,8.0,92.0
20151224163306,0.0,0.0,0.0,0.0,0.1,0.0,12.2,87.7
20151224163336,0.0,0.0,0.0,0.0,0.1,0.0,10.9,89.0
20151224163406,0.0,0.0,0.0,0.0,0.1,0.0,52.2,47.7
20151224163436,0.0,0.0,0.0,0.0,0.0,0.0,2.0,98.0
20151224163506,0.0,0.0,0.0,0.0,0.0,0.0,18.0,81.9
20151224163536,0.0,0.0,0.0,0.0,0.1,0.0,11.6,88.3
20151224163606,0.0,0.0,0.0,0.0,0.1,0.0,18.7,81.1
20151224163636,0.0,0.0,0.0,0.0,0.1,0.0,1.8,98.1
20151224163706,0.0,0.0,0.0,0.1,0.1,0.0,56.8,43.1
20151224163736,0.0,0.0,0.0,0.0,0.0,0.0,5.3,94.7
20151224163806,0.0,0.0,0.0,0.1,0.1,0.0,50.2,49.6
20151224163836,0.0,0.0,0.0,0.0,0.0,0.0,1.3,98.7
20151224163906,0.0,0.0,0.0,0.0,0.0,0.0,4.8,95.2
20151224163936,0.0,0.0,0.0,0.0,0.0,0.0,2.1,97.9
20151224164006,0.0,0.0,0.0,0.0,0.0,0.0,4.7,95.3
20151224164036,0.0,0.0,0.0,0.0,0.0,0.0,11.6,88.3
20151224164106,0.0,0.0,0.0,0.0,0.1,0.0,23.0,76.8
20151224164136,0.0,0.0,0.0,0.0,0.3,0.0,10.3,89.4
20151224164206,0.0,0.0,0.0,0.2,1.0,0.0,11.9,86.8
20151224164236,0.0,0.0,0.0,0.0,0.4,0.0,64.9,34.7
20151224164307,0.0,0.0,0.0,0.0,0.0,0.0,6.2,93.7
20151224164337,0.0,0.0,0.0,0.0,0.0,0.0,11.5,88.5
20151224164407,0.0,0.0,0.0,0.0,0.0,0.0,12.8,87.2
20151224164437,0.0,0.0,0.0,0.0,0.0,0.0,3.3,96.7
20151224164507,0.0,0.0,0.0,0.1,0.3,0.0,9.3,90.3
20151224164537,0.0,0.0,0.0,0.0,0.1,0.0,10.2,89.6
20151224164607,0.0,0.0,0.0,0.1,0.0,0.0,7.5,92.4
20151224164637,0.0,0.0,0.0,0.1,0.1,0.0,13.0,86.8
20151224164707,0.0,0.0,0.0,0.0,0.0,0.0,17.8,82.1
20151224164737,0.0,0.0,0.0,0.0,0.0,0.0,34.8,65.1
20151224164807,0.0,0.0,0.0,0.1,0.1,0.0,12.6,87.2
20151224164837,0.0,0.0,0.0,0.0,0.0,0.0,25.2,74.8
20151224164907,0.0,0.0,0.0,0.1,0.0,0.0,61.1,38.7
20151224164937,0.0,0.0,0.0,0.3,0.2,0.0,57.3,42.2
20151224165007,0.0,0.0,0.0,0.1,0.1,0.0,8.6,91.2
20151224165037,0.0,0.0,0.0,0.0,0.1,0.0,2.8,97.1
20151224165107,0.0,0.0,0.0,0.1,0.3,0.0,4.8,94.8
20151224165137,0.0,0.0,0.0,0.0,0.4,0.0,6.9,92.7
20151224165207,0.0,0.0,0.0,0.1,0.2,0.0,22.5,77.2
20151224165237,0.0,0.0,0.0,0.1,0.3,0.0,19.4,80.1
20151224165307,0.0,0.0,0.0,0.0,0.2,0.0,25.0,74.8
20151224165337,0.0,0.0,0.0,0.1,0.6,0.0,21.8,77.4
20151224165407,0.0,0.0,0.0,0.1,0.0,0.0,5.4,94.5
20151224165437,0.0,0.0,0.0,0.1,0.1,0.0,37.1,62.6
20151224165507,0.0,0.0,0.0,0.0,0.0,0.0,50.0,49.9
20151224165537,0.0,0.0,0.0,0.0,0.0,0.0,13.3,86.7
20151224165607,0.0,0.0,0.0,0.0,0.0,0.0,1.7,98.3
20151224165637,0.0,0.0,0.0,0.0,0.1,0.0,12.2,87.7
20151224165707,0.0,0.0,0.0,0.1,0.0,0.0,35.7,64.2
20151224165737,0.0,0.0,0.0,0.1,0.1,0.0,44.8,55.0
20151224165807,0.0,0.0,0.0,0.0,0.1,0.0,37.0,62.9
20151224165837,0.0,0.0,0.0,0.0,0.0,0.0,5.3,94.7
20151224165907,0.0,0.0,0.0,0.0,0.0,0.0,77.6,22.4
20151224165937,0.0,0.0,0.0,0.0,0.1,0.0,72.1,27.8
20151224170007,0.0,0.0,0.0,0.1,0.2,0.0,58.9,40.8
20151224170037,0.0,0.0,0.0,0.0,0.0,0.0,79.0,21.0
20151224170107,0.0,0.0,0.0,0.2,0.1,0.0,71.0,28.8
20151224170137,0.0,0.0,0.0,0.2,0.0,0.0,28.2,71.6
20151224170207,0.0,0.0,0.0,0.3,0.1,0.0,23.0,76.6
20151224170237,0.0,0.0,0.0,0.2,0.1,0.0,46.1,53.7
20151224170307,0.0,0.0,0.0,0.1,0.0,0.0,55.6,44.3
20151224170337,0.0,0.0,0.0,0.1,0.0,0.0,50.0,49.9
20151224170407,0.0,0.0,0.0,0.3,0.0,0.0,33.8,65.9
20151224170437,0.0,0.0,0.0,0.6,0.0,0.0,68.6,30.8
20151224170507,0.0,0.0,0.0,0.6,0.0,0.0,84.5,14.9
20151224170537,0.0,0.0,0.0,0.2,0.0,0.0,53.5,46.3
20151224170607,0.0,0.0,0.0,0.1,0.0,0.0,54.7,45.1
20151224170637,0.0,0.0,0.0,0.4,0.1,0.0,12.9,86.5
20151224170707,0.0,0.0,0.0,0.1,0.0,0.0,54.8,45.1
20151224170737,0.0,0.0,0.0,0.1,0.0,0.0,35.7,64.2
20151224170807,0.0,0.0,0.0,0.1,0.0,0.0,91.2,8.7
20151224170837,0.0,0.0,0.0,0.0,0.0,0.0,58.0,41.9
20151224170907,0.0,0.0,0.0,0.1,0.0,0.0,66.1,33.8
20151224170937,0.0,0.0,0.0,0.5,0.1,0.0,79.0,20.4
20151224171007,0.0,0.0,0.0,0.2,0.0,0.0,60.6,39.1
20151224171037,0.0,0.0,0.0,2.0,0.5,0.0,58.6,38.9
20151224171107,0.0,0.0,0.0,0.4,0.0,0.0,88.5,11.1
20151224171137,0.0,0.0,0.0,0.2,0.0,0.0,12.1,87.7
20151224171207,0.0,0.0,0.0,0.8,0.1,0.0,63.0,36.1
20151224171237,0.0,0.0,0.0,0.1,0.0,0.0,81.0,18.8
20151224171307,0.0,0.0,0.0,1.0,0.0,0.0,61.5,37.5
20151224171337,0.0,0.0,0.0,0.1,0.0,0.0,31.7,68.2
20151224171407,0.0,0.0,0.0,0.3,0.0,0.0,72.5,27.1
20151224171437,0.0,0.0,0.0,0.4,0.0,0.0,86.8,12.8
20151224171507,0.0,0.0,0.0,0.5,0.0,0.0,76.4,23.1
20151224171537,0.0,0.0,0.0,0.2,0.0,0.0,94.1,5.7
20151224171607,0.0,0.0,0.0,2.4,0.1,0.0,63.9,33.6
20151224171637,0.0,0.0,0.0,0.5,0.0,0.0,84.7,14.7
20151224171708,0.0,0.0,0.0,0.3,0.0,0.0,97.0,2.6
20151224171738,0.0,0.0,0.0,1.9,0.0,0.0,84.0,14.0
20151224171808,0.0,0.0,0.0,0.0,0.0,0.0,61.6,38.3
20151224171838,0.0,0.0,0.0,0.2,0.0,0.0,82.0,17.8
20151224171908,0.0,0.0,0.0,0.2,0.0,0.0,90.3,9.4
20151224171938,0.0,0.0,0.0,0.6,0.0,0.0,66.8,32.5
20151224172008,0.0,0.0,0.0,0.1,0.0,0.0,91.2,8.7
20151224172038,0.0,0.0,0.0,0.1,0.0,0.0,83.3,16.6
20151224172108,0.0,0.0,0.0,0.5,0.1,0.0,70.9,28.5
20151224172138,0.0,0.0,0.0,0.3,0.1,0.0,63.3,36.4
20151224172208,0.0,0.0,0.0,0.5,0.1,0.0,61.7,37.6
20151224172238,0.0,0.0,0.0,0.4,0.0,0.0,47.4,52.2
20151224172308,0.0,0.0,0.0,0.1,0.0,0.0,45.2,54.6
20151224172338,0.0,0.0,0.0,0.7,0.1,0.0,47.0,52.2
20151224172408,0.0,0.0,0.0,0.3,0.0,0.0,89.0,10.7
20151224172438,0.0,0.0,0.0,1.1,0.0,0.0,94.1,4.8
20151224172508,0.0,0.0,0.0,0.6,0.1,0.0,93.3,6.1
20151224172538,0.0,0.0,0.0,0.1,0.0,0.0,94.2,5.7
20151224172608,0.0,0.0,0.0,0.2,0.0,0.0,97.7,2.1
20151224172638,0.0,0.0,0.0,0.2,0.0,0.0,87.7,12.0
20151224172708,0.0,0.0,0.0,0.4,0.0,0.0,96.0,3.5
20151224172738,0.0,0.0,0.0,0.3,0.1,0.0,82.6,17.1
20151224172808,0.0,0.0,0.0,0.3,0.0,0.0,89.8,9.8
20151224172838,0.0,0.0,0.0,0.0,0.0,0.0,90.6,9.3
20151224172908,0.0,0.0,0.0,0.1,0.0,0.0,98.1,1.8
20151224172938,0.0,0.0,0.0,0.1,0.1,0.0,78.0,21.9
20151224173008,0.0,0.0,0.0,0.3,0.0,0.0,94.5,5.2
20151224173038,0.0,0.0,0.0,0.1,0.0,0.0,96.2,3.7
20151224173108,0.0,0.0,0.0,0.0,0.0,0.0,98.8,1.2
20151224173138,0.0,0.0,0.0,0.1,0.0,0.0,90.6,9.4
20151224173208,0.0,0.0,0.0,0.0,0.0,0.0,99.0,0.9
20151224173238,0.0,0.0,0.0,0.1,0.0,0.0,86.5,13.5
20151224173308,0.0,0.0,0.0,0.1,0.0,0.0,93.3,6.6
20151224173338,0.0,0.0,0.0,0.0,0.0,0.0,97.6,2.3
20151224173408,0.0,0.0,0.0,0.1,0.0,0.0,97.4,2.5
20151224173438,0.0,0.0,0.0,0.0,0.0,0.0,96.1,3.8
20151224173508,0.0,0.0,0.0,0.3,0.0,0.0,71.3,28.3
20151224173538,0.0,0.0,0.0,0.2,0.0,0.0,93.3,6.5
20151224173608,0.0,0.0,0.0,0.2,0.0,0.0,93.4,6.4
20151224173638,0.0,0.0,0.0,0.2,0.0,0.0,86.4,13.4
20151224173708,0.0,0.0,0.0,0.1,0.0,0.0,87.9,12.0
20151224173738,0.0,0.0,0.0,0.0,0.0,0.0,97.7,2.3
20151224173808,0.0,0.0,0.0,0.0,0.0,0.0,95.6,4.4
20151224173838,0.0,0.0,0.0,0.0,0.0,0.0,92.3,7.7
20151224173908,0.0,0.0,0.0,0.1,0.0,0.0,95.6,4.3
20151224173938,0.0,0.0,0.0,0.0,0.0,0.0,99.8,0.2
20151224174008,0.0,0.0,0.0,0.0,0.0,0.0,99.1,0.9
20151224174038,0.0,0.0,0.0,0.4,0.0,0.0,97.1,2.5
20151224174108,0.0,0.0,0.0,0.0,0.0,0.0,99.6,0.4
20151224174138,0.0,0.0,0.0,0.0,0.0,0.0,96.5,3.4
20151224174208,0.0,0.0,0.0,0.2,0.0,0.0,96.1,3.7
20151224174238,0.0,0.0,0.0,0.2,0.1,0.0,94.0,5.6
20151224174308,0.0,0.0,0.0,0.1,0.0,0.0,98.2,1.7
20151224174338,0.0,0.0,0.0,0.5,0.1,0.0,73.3,26.1
20151224174408,0.0,0.0,0.0,0.0,0.0,0.0,99.2,0.8
20151224174439,0.0,0.0,0.0,0.0,0.0,0.0,98.8,1.2
20151224174509,0.0,0.0,0.0,0.1,0.0,0.0,97.3,2.6
20151224174539,0.0,0.0,0.0,0.0,0.0,0.0,89.1,10.8
20151224174609,0.0,0.0,0.0,0.0,0.0,0.0,94.4,5.6
20151224174639,0.0,0.0,0.0,0.4,0.0,0.0,85.2,14.5
20151224174709,0.0,0.0,0.0,0.1,0.0,0.0,97.9,2.0
20151224174739,0.0,0.0,0.0,0.0,0.0,0.0,99.8,0.1
20151224174809,0.0,0.0,0.0,0.0,0.0,0.0,99.2,0.8
20151224174839,0.0,0.0,0.0,0.1,0.0,0.0,97.7,2.2
20151224174909,0.0,0.0,0.0,0.0,0.0,0.0,94.2,5.7
20151224174939,0.0,0.0,0.0,0.0,0.0,0.0,99.3,0.7
20151224175009,0.0,0.0,0.0,0.0,0.0,0.0,99.5,0.5
20151224175039,0.0,0.0,0.0,0.2,0.1,0.0,78.9,20.9
20151224175109,0.0,0.0,0.0,0.6,0.0,0.0,76.7,22.7
20151224175139,0.0,0.0,0.0,0.3,0.1,0.0,86.9,12.7
20151224175209,0.0,0.0,0.0,0.1,0.0,0.0,96.6,3.2
20151224175239,0.0,0.0,0.0,0.1,0.0,0.0,89.9,10.0
20151224175309,0.0,0.0,0.0,0.0,0.0,0.0,89.0,10.9
20151224175339,0.0,0.0,0.0,0.0,0.0,0.0,97.5,2.5
20151224175409,0.0,0.0,0.0,0.0,0.0,0.0,99.0,1.0
20151224175439,0.0,0.0,0.0,0.0,0.0,0.0,99.9,0.1
20151224175509,0.0,0.0,0.0,0.0,0.0,0.0,95.1,4.9
20151224175539,0.0,0.0,0.0,0.1,0.0,0.0,77.9,22.0
20151224175609,0.0,0.0,0.0,0.0,0.0,0.0,98.4,1.6
20151224175639,0.0,0.0,0.0,0.0,0.0,0.0,97.5,2.4
20151224175709,0.0,0.0,0.0,0.4,0.1,0.0,80.0,19.5
20151224175739,0.0,0.0,0.0,0.1,0.0,0.0,95.7,4.2
20151224175809,0.0,0.0,0.0,0.1,0.0,0.0,97.1,2.7
20151224175839,0.0,0.0,0.0,0.1,0.0,0.0,97.8,2.1
20151224175909,0.0,0.0,0.0,0.0,0.0,0.0,99.1,0.8
20151224175939,0.0,0.0,0.0,0.0,0.0,0.0,98.8,1.2
20151224180009,0.0,0.0,0.0,0.0,0.0,0.0,99.7,0.3
20151224180039,0.0,0.0,0.0,0.0,0.0,0.0,97.4,2.6
20151224180109,0.0,0.0,0.0,0.0,0.0,0.0,97.2,2.8
20151224180139,0.0,0.0,0.0,0.0,0.0,0.0,94.6,5.4
20151224180209,0.0,0.0,0.0,0.0,0.0,0.0,99.2,0.8
20151224180239,0.0,0.0,0.0,0.0,0.0,0.0,99.4,0.6
20151224180309,0.0,0.0,0.0,0.0,0.0,0.0,99.1,0.9
20151224180339,0.0,0.0,0.0,0.0,0.0,0.0,97.7,2.2
20151224180409,0.0,0.0,0.0,0.1,0.0,0.0,93.5,6.4
20151224180439,0.0,0.0,0.0,0.0,0.0,0.0,98.6,1.4
20151224180509,0.0,0.0,0.0,0.0,0.0,0.0,99.7,0.2
20151224180539,0.0,0.0,0.0,0.0,0.0,0.0,95.9,4.1
20151224180609,0.0,0.0,0.0,0.0,0.0,0.0,96.3,3.6
20151224180639,0.0,0.0,0.0,0.0,0.0,0.0,92.5,7.4
20151224180709,0.0,0.0,0.0,0.0,0.1,0.0,96.6,3.2
20151224180739,0.0,0.0,0.0,0.0,0.1,0.0,93.4,6.5
20151224180809,0.0,0.0,0.0,0.1,0.2,0.0,61.3,38.3
20151224180839,0.0,0.0,0.0,0.0,0.0,0.0,98.8,1.1
20151224180909,0.0,0.0,0.0,0.1,0.0,0.0,99.0,1.0
20151224180939,0.0,0.0,0.0,0.0,0.0,0.0,98.2,1.8
20151224181009,0.0,0.0,0.0,0.0,0.0,0.0,97.7,2.3
20151224181039,0.0,0.0,0.1,0.1,0.3,0.0,54.5,45.0
20151224181109,0.0,0.0,0.0,0.0,0.1,0.0,97.3,2.5
20151224181139,0.0,0.0,0.0,0.1,0.1,0.0,85.0,14.8
20151224181209,0.0,0.0,0.0,0.0,0.1,0.0,95.6,4.2
20151224181239,0.0,0.0,0.0,0.0,0.0,0.0,99.4,0.6
20151224181309,0.0,0.0,0.0,0.0,0.0,0.0,94.9,5.1
20151224181339,0.0,0.0,0.0,0.0,0.0,0.0,99.1,0.9
20151224181409,0.0,0.0,0.0,0.0,0.1,0.0,91.9,7.9
20151224181439,0.0,0.0,0.0,0.1,0.1,0.0,97.7,2.1
20151224181509,0.0,0.0,0.0,0.0,0.0,0.0,97.5,2.5
20151224181539,0.0,0.0,0.0,0.1,0.1,0.0,88.1,11.7
20151224181609,0.0,0.0,0.0,0.0,0.0,0.0,93.6,6.3
20151224181639,0.0,0.0,0.0,0.0,0.0,0.0,97.5,2.5
20151224181709,0.0,0.0,0.0,0.0,0.0,0.0,96.8,3.2
20151224181739,0.0,0.0,0.0,0.0,0.0,0.0,83.0,16.9
20151224181809,0.0,0.0,0.0,0.1,0.0,0.0,98.6,1.3
20151224181840,0.0,0.0,0.0,0.0,0.0,0.0,95.7,4.2
20151224181910,0.0,0.0,0.0,0.0,0.0,0.0,99.8,0.2
20151224181940,0.0,0.0,0.0,0.0,0.0,0.0,99.4,0.6
20151224182010,0.0,0.0,0.0,0.0,0.0,0.0,99.3,0.7
20151224182040,0.0,0.0,0.0,0.0,0.0,0.0,97.0,3.0
20151224182110,0.0,0.0,0.0,0.0,0.0,0.0,92.2,7.7
20151224182140,0.0,0.0,0.0,0.0,0.0,0.0,99.2,0.8
20151224182210,0.0,0.0,0.0,0.0,0.0,0.0,94.0,5.9
20151224182240,0.0,0.0,0.0,0.0,0.0,0.0,97.6,2.4
20151224182310,0.0,0.0,0.0,0.0,0.0,0.0,99.4,0.6
20151224182340,0.0,0.0,0.0,0.0,0.0,0.0,98.3,1.6
20151224182410,0.0,0.0,0.0,0.0,0.0,0.0,84.8,15.1
20151224182440,0.0,0.0,0.0,0.0,0.0,0.0,95.2,4.8
20151224182510,0.0,0.0,0.0,0.0,0.0,0.0,91.6,8.4
20151224182540,0.0,0.0,0.0,0.0,0.0,0.0,99.0,1.0
20151224182610,0.0,0.0,0.0,0.0,0.0,0.0,97.6,2.4
20151224182640,0.0,0.0,0.0,0.0,0.0,0.0,99.2,0.8
20151224182710,0.0,0.0,0.0,0.0,0.0,0.0,85.7,14.2
20151224182740,0.0,0.0,0.0,0.0,0.0,0.0,98.6,1.4
20151224182810,0.0,0.0,0.0,0.0,0.0,0.0,99.6,0.4
20151224182840,0.0,0.0,0.0,0.0,0.0,0.0,99.0,1.0
20151224182910,0.0,0.0,0.0,0.0,0.0,0.0,97.0,3.0
20151224182940,0.0,0.0,0.0,0.0,0.0,0.0,96.3,3.7
20151224183010,0.0,0.0,0.0,0.0,0.0,0.0,93.4,6.6
20151224183040,0.0,0.0,0.0,0.0,0.0,0.0,93.6,6.4
20151224183110,0.0,0.0,0.0,0.0,0.0,0.0,99.6,0.4
20151224183140,0.0,0.0,0.0,0.0,0.0,0.0,96.2,3.7
20151224183210,0.0,0.0,0.0,0.0,0.0,0.0,95.7,4.3
20151224183240,0.0,0.0,0.0,0.0,0.0,0.0,96.9,3.1
20151224183310,0.0,0.0,0.0,0.0,0.0,0.0,96.1,3.9
20151224183340,0.0,0.0,0.0,0.0,0.0,0.0,97.3,2.7
20151224183410,0.0,0.0,0.0,0.1,0.0,0.0,93.6,6.3
20151224183440,0.0,0.0,0.0,0.0,0.0,0.0,86.7,13.2
20151224183510,0.0,0.0,0.0,0.1,0.0,0.0,67.3,32.6
20151224183540,0.0,0.0,0.0,0.0,0.0,0.0,98.5,1.4
20151224183610,0.0,0.0,0.0,0.0,0.0,0.0,99.3,0.6
20151224183640,0.0,0.0,0.0,0.0,0.0,0.0,99.2,0.8
20151224183710,0.0,0.0,0.0,0.0,0.0,0.0,99.7,0.3
20151224183740,0.0,0.0,0.0,0.0,0.0,0.0,93.0,7.0
20151224183810,0.0,0.0,0.0,0.0,0.0,0.0,94.4,5.6
20151224183840,0.0,0.0,0.0,0.0,0.0,0.0,96.7,3.3
20151224183910,0.0,0.0,0.0,0.0,0.0,0.0,97.4,2.6
20151224183940,0.0,0.0,0.0,0.0,0.0,0.0,97.8,2.2
20151224184010,0.0,0.0,0.0,0.1,0.2,0.0,66.3,33.3
20151224184040,0.0,0.0,0.0,0.0,0.1,0.0,82.9,16.9
20151224184110,0.0,0.0,0.0,0.1,0.2,0.0,87.5,12.1
20151224184140,0.0,0.0,0.0,0.1,0.2,0.0,70.2,29.4
20151224184210,0.0,0.0,0.0,0.0,0.1,0.0,81.2,18.6
20151224184240,0.0,0.0,0.0,0.1,0.2,0.0,79.2,20.5
20151224184310,0.0,0.0,0.0,0.0,0.1,0.0,79.1,20.8
20151224184340,0.0,0.0,0.0,0.1,0.3,0.0,56.4,43.2
20151224184410,0.0,0.0,0.0,0.0,0.1,0.0,74.6,25.3
20151224184440,0.0,0.0,0.0,0.1,0.1,0.0,57.3,42.6
20151224184510,0.0,0.0,0.0,0.0,0.0,0.0,89.9,10.0
20151224184540,0.0,0.0,0.0,0.0,0.1,0.0,85.5,14.4
20151224184610,0.0,0.0,0.0,0.0,0.1,0.0,21.7,78.1
20151224184640,0.0,0.0,0.0,0.0,0.0,0.0,94.4,5.6
20151224184710,0.0,0.0,0.0,0.0,0.1,0.0,22.6,77.2
20151224184740,0.0,0.0,0.0,0.0,0.1,0.0,57.6,42.3
20151224184810,0.0,0.0,0.0,0.0,0.1,0.0,35.3,64.5
20151224184840,0.0,0.0,0.0,0.0,0.1,0.0,30.2,69.7
20151224184910,0.0,0.0,0.0,0.0,0.0,0.0,74.7,25.2
20151224184940,0.0,0.0,0.0,0.0,0.1,0.0,45.8,54.1
20151224185010,0.0,0.0,0.0,0.0,0.0,0.0,34.2,65.8
20151224185040,0.0,0.0,0.0,0.0,0.1,0.0,67.7,32.1
20151224185110,0.0,0.0,0.0,0.0,0.1,0.0,92.4,7.5
20151224185140,0.0,0.0,0.0,0.0,0.2,0.0,89.7,10.1
20151224185210,0.0,0.0,0.0,0.0,0.1,0.0,92.0,7.9
20151224185241,0.0,0.0,0.0,0.1,0.3,0.0,54.5,45.1
20151224185311,0.0,0.0,0.0,0.0,0.1,0.0,75.7,24.1
20151224185341,0.0,0.0,0.0,0.0,0.1,0.0,87.5,12.4
20151224185411,0.0,0.0,0.0,0.0,0.0,0.0,99.6,0.4
20151224185441,0.0,0.0,0.0,0.0,0.0,0.0,98.9,1.1
20151224185511,0.0,0.0,0.0,0.0,0.0,0.0,94.3,5.7
20151224185541,0.0,0.0,0.0,0.0,0.0,0.0,95.4,4.5
20151224185611,0.0,0.0,0.0,0.0,0.0,0.0,80.0,20.0
20151224185641,0.0,0.0,0.0,0.0,0.0,0.0,90.9,9.0
20151224185711,0.0,0.0,0.0,0.0,0.0,0.0,87.5,12.4
20151224185741,0.0,0.0,0.0,0.0,0.0,0.0,50.2,49.8
20151224185811,0.0,0.0,0.0,0.0,0.0,0.0,66.8,33.2
20151224185841,0.0,0.0,0.0,0.0,0.0,0.0,75.8,24.1
20151224185911,0.0,0.0,0.0,0.0,0.0,0.0,97.4,2.5
20151224185941,0.0,0.0,0.0,0.0,0.0,0.0,30.2,69.7
20151224190011,0.0,0.0,0.0,0.1,0.1,0.0,30.8,69.1
20151224190041,0.0,0.0,0.0,0.0,0.0,0.0,99.3,0.7
20151224190111,0.0,0.0,0.0,0.0,0.0,0.0,97.7,2.3
20151224190141,0.0,0.0,0.0,0.0,0.0,0.0,63.6,36.3
20151224190211,0.0,0.0,0.0,0.0,0.0,0.0,93.3,6.7
20151224190241,0.0,0.0,0.0,0.0,0.1,0.0,42.5,57.4
20151224190311,0.0,0.0,0.0,0.0,0.0,0.0,78.9,21.0
20151224190341,0.0,0.0,0.0,0.0,0.1,0.0,86.8,13.2
20151224190411,0.0,0.0,0.0,0.0,0.0,0.0,99.4,0.6
20151224190441,0.0,0.0,0.0,0.0,0.0,0.0,96.5,3.5
20151224190511,0.0,0.0,0.0,0.0,0.0,0.0,87.6,12.3
20151224190541,0.0,0.0,0.0,0.0,0.0,0.0,91.6,8.3
20151224190611,0.0,0.0,0.0,0.0,0.0,0.0,97.7,2.3
20151224190641,0.0,0.0,0.0,0.0,0.0,0.0,94.9,5.1
20151224190711,0.0,0.0,0.0,0.0,0.0,0.0,89.4,10.5
20151224190741,0.0,0.0,0.0,0.0,0.0,0.0,80.7,19.2
20151224190811,0.0,0.0,0.0,0.0,0.0,0.0,89.3,10.6
20151224190841,0.0,0.0,0.0,0.0,0.0,0.0,95.8,4.1
20151224190911,0.0,0.0,0.0,0.0,0.1,0.0,77.5,22.4
20151224190941,0.0,0.0,0.0,0.0,0.0,0.0,92.2,7.7
20151224191011,0.0,0.0,0.0,0.1,0.1,0.0,77.3,22.5
20151224191041,0.0,0.0,0.0,0.1,0.1,0.0,67.0,32.9
20151224191111,0.0,0.0,0.0,0.1,0.6,0.0,50.7,48.6
20151224191141,0.0,0.0,0.0,0.0,0.0,0.0,96.2,3.8
20151224191211,0.0,0.0,0.0,0.1,0.2,0.0,43.5,56.2
20151224191241,0.0,0.0,0.0,0.0,0.0,0.0,89.3,10.7
20151224191311,0.0,0.0,0.0,0.0,0.0,0.0,80.9,19.0
20151224191341,0.0,0.0,0.0,0.0,0.0,0.0,87.6,12.4
20151224191411,0.0,0.0,0.0,0.0,0.0,0.0,82.9,17.0
20151224191441,0.0,0.0,0.0,0.1,0.0,0.0,79.6,20.3
20151224191511,0.0,0.0,0.0,0.0,0.0,0.0,12.5,87.4
20151224191541,0.0,0.0,0.0,0.0,0.1,0.0,88.8,11.1
20151224191611,0.0,0.0,0.0,0.1,0.1,0.0,40.4,59.4
20151224191641,0.0,0.0,0.0,0.1,0.1,0.0,22.8,77.0
20151224191711,0.0,0.0,0.0,0.0,0.1,0.0,54.4,45.4
20151224191741,0.0,0.0,0.0,0.0,0.1,0.0,55.5,44.3
20151224191811,0.0,0.0,0.0,0.1,0.2,0.0,75.2,24.6
20151224191841,0.0,0.0,0.0,0.1,0.2,0.0,31.3,68.5
20151224191911,0.0,0.0,0.0,0.0,0.1,0.0,21.9,78.0
20151224191941,0.0,0.0,0.0,0.0,0.1,0.0,83.3,16.6
20151224192012,0.0,0.0,0.0,0.0,0.0,0.0,57.5,42.4
20151224192042,0.0,0.0,0.0,0.0,0.1,0.0,11.0,88.9
20151224192112,0.0,0.0,0.0,0.0,0.0,0.0,60.3,39.6
20151224192142,0.0,0.0,0.0,0.0,0.0,0.0,31.4,68.6
20151224192212,0.0,0.0,0.0,0.0,0.1,0.0,49.6,50.3
20151224192242,0.0,0.0,0.0,0.0,0.0,0.0,97.1,2.9
20151224192312,0.0,0.0,0.0,0.0,0.1,0.0,55.4,44.5
20151224192342,0.0,0.0,0.0,0.0,0.0,0.0,70.7,29.2
20151224192412,0.0,0.0,0.0,0.0,0.0,0.0,96.8,3.2
20151224192442,0.0,0.0,0.0,0.0,0.1,0.0,34.1,65.8
20151224192512,0.0,0.0,0.0,0.0,0.2,0.0,36.6,63.2
20151224192542,0.0,0.0,0.0,0.0,0.0,0.0,96.7,3.3
20151224192612,0.0,0.0,0.0,0.0,0.2,0.0,76.9,22.8
20151224192642,0.0,0.0,0.0,0.0,0.1,0.0,50.6,49.3
20151224192712,0.0,0.0,0.0,0.0,0.1,0.0,29.1,70.8
20151224192742,0.0,0.0,0.0,0.0,0.4,0.0,23.7,75.9
20151224192812,0.0,0.0,0.0,0.0,0.2,0.0,79.8,20.0
20151224192842,0.0,0.0,0.0,0.0,0.1,0.0,63.5,36.4
20151224192912,0.0,0.0,0.0,0.0,0.2,0.0,69.4,30.4
20151224192942,0.0,0.0,0.0,0.0,0.5,0.0,45.1,54.3
20151224193012,0.0,0.0,0.0,0.0,0.2,0.0,63.6,36.2
20151224193042,0.0,0.0,0.0,0.0,0.3,0.0,84.5,15.3
20151224193112,0.0,0.0,0.0,0.0,0.2,0.0,77.7,22.1
20151224193142,0.0,0.0,0.0,0.0,0.0,0.0,98.9,1.0
20151224193212,0.0,0.0,0.0,0.0,0.5,0.0,81.9,17.6
20151224193242,0.0,0.0,0.0,0.0,0.2,0.0,90.6,9.2
20151224193312,0.0,0.0,0.0,0.0,0.3,0.0,77.5,22.2
20151224193342,0.0,0.0,0.0,0.0,0.4,0.0,34.5,65.0
20151224193412,0.0,0.0,0.0,0.0,0.3,0.0,59.9,39.7
20151224193442,0.0,0.0,0.0,0.0,0.5,0.0,25.6,73.8
20151224193512,0.0,0.0,0.0,0.0,0.1,0.0,92.0,7.9
20151224193542,0.0,0.0,0.0,0.0,0.3,0.0,89.5,10.2
20151224193612,0.0,0.0,0.0,0.0,0.0,0.0,99.1,0.9
20151224193642,0.0,0.0,0.0,0.0,0.2,0.0,90.5,9.4
20151224193712,0.0,0.0,0.0,0.0,0.6,0.0,73.5,25.9
20151224193742,0.0,0.0,0.0,0.0,0.0,0.0,97.9,2.1
20151224193812,0.0,0.0,0.0,0.0,0.1,0.0,98.2,1.7
20151224193842,0.0,0.0,0.0,0.0,0.1,0.0,98.2,1.6
20151224193912,0.0,0.0,0.0,0.0,0.4,0.0,94.0,5.5
20151224193942,0.0,0.0,0.0,0.1,2.7,0.0,58.3,38.9
20151224194012,0.0,0.0,0.0,0.0,1.8,0.0,92.9,5.2
20151224194042,0.0,0.0,0.0,0.0,0.2,0.0,98.9,1.0
20151224194112,0.0,0.0,0.0,0.0,0.2,0.0,95.8,4.0
20151224194142,0.0,0.0,0.0,0.0,0.1,0.0,96.2,3.6
20151224194212,0.0,0.0,0.0,0.0,0.8,0.0,88.9,10.3
20151224194242,0.0,0.0,0.0,0.0,0.4,0.0,91.8,7.7
20151224194312,0.0,0.0,0.0,0.0,0.3,0.0,96.1,3.6
20151224194342,0.0,0.0,0.0,0.0,0.1,0.0,98.9,1.0
20151224194412,0.0,0.0,0.0,0.0,0.3,0.0,97.3,2.4
20151224194442,0.0,0.0,0.0,0.0,0.3,0.0,96.2,3.4
20151224194512,0.0,0.0,0.0,0.0,0.8,0.0,80.6,18.6
20151224194542,0.0,0.0,0.0,0.0,1.0,0.0,75.6,23.3
20151224194612,0.0,0.0,0.0,0.0,0.4,0.0,92.1,7.5
20151224194642,0.0,0.0,0.0,0.0,0.4,0.0,80.1,19.4
20151224194712,0.0,0.0,0.0,0.0,0.1,0.0,91.2,8.7
20151224194742,0.0,0.0,0.0,0.0,0.8,0.0,60.3,38.8
20151224194812,0.0,0.0,0.0,0.0,0.8,0.0,66.4,32.8
20151224194842,0.0,0.0,0.0,0.0,0.8,0.0,80.2,19.0
20151224194912,0.0,0.0,0.0,0.0,0.4,0.0,92.1,7.5
20151224194942,0.0,0.0,0.0,0.0,0.0,0.0,98.1,1.9
20151224195012,0.0,0.0,0.0,0.0,0.0,0.0,91.1,8.8
20151224195042,0.0,0.0,0.0,0.0,0.3,0.0,51.3,48.4
20151224195112,0.0,0.0,0.0,0.0,0.1,0.0,77.3,22.5
20151224195142,0.0,0.0,0.0,0.0,0.4,0.0,38.3,61.3
20151224195212,0.0,0.0,0.0,0.0,0.0,0.0,93.6,6.4
20151224195242,0.0,0.0,0.0,0.0,0.0,0.0,98.1,1.9
20151224195312,0.0,0.0,0.0,0.0,0.2,0.0,25.4,74.4
20151224195342,0.0,0.0,0.0,0.0,0.1,0.0,91.5,8.4
20151224195413,0.0,0.0,0.0,0.0,0.1,0.0,67.1,32.8
20151224195443,0.0,0.0,0.0,0.0,0.0,0.0,71.0,29.0
20151224195513,0.0,0.0,0.0,0.0,0.1,0.0,52.9,47.1
20151224195543,0.0,0.0,0.0,0.0,0.2,0.0,68.8,31.0
20151224195613,0.0,0.0,0.0,0.0,0.1,0.0,47.5,52.4
20151224195643,0.0,0.0,0.0,0.0,0.1,0.0,57.5,42.4
20151224195713,0.0,0.0,0.0,0.0,0.1,0.0,10.3,89.6
20151224195743,0.0,0.0,0.0,0.0,0.1,0.0,22.0,77.8
20151224195813,0.0,0.0,0.0,0.0,0.0,0.0,2.1,97.9
20151224195843,0.0,0.0,0.0,0.0,0.1,0.0,6.9,93.0
20151224195913,0.0,0.0,0.0,0.0,0.0,0.0,20.7,79.2
20151224195943,0.0,0.0,0.0,0.0,0.0,0.0,1.9,98.1
20151224200013,0.0,0.0,0.0,0.1,0.1,0.0,32.6,67.2
20151224200043,0.0,0.0,0.0,0.0,0.0,0.0,2.7,97.2
20151224200113,0.0,0.0,0.0,0.1,0.1,0.0,41.7,58.1
20151224200143,0.0,0.0,0.0,0.0,0.0,0.0,71.2,28.7
20151224200213,0.0,0.0,0.0,0.0,0.1,0.0,7.2,92.7
20151224200243,0.0,0.0,0.0,0.0,0.2,0.0,4.9,94.9
20151224200313,0.0,0.0,0.0,0.1,0.2,0.0,17.9,81.8
20151224200343,0.0,0.0,0.0,0.0,0.0,0.0,3.1,96.8
20151224200413,0.0,0.0,0.0,0.0,0.1,0.0,3.5,96.4
