UT,arc,discrete,diffuse,ac,ab,clear,cloudy,dd
20151023151900,0.0,0.0,0.0,0.0,0.0,0.0,0.0,100.0
20151023151930,0.0,0.0,0.0,0.0,0.0,0.0,0.0,100.0
20151023152000,0.0,0.0,0.0,0.0,0.0,0.0,0.0,100.0
20151023152030,0.0,0.0,0.0,0.0,0.0,0.0,0.0,100.0
20151023152100,0.0,0.0,0.0,0.0,0.0,0.0,0.0,100.0
20151023152130,0.0,0.0,0.0,0.0,0.0,0.0,0.0,100.0
20151023152200,0.0,0.0,0.0,0.0,0.0,0.0,0.0,100.0
20151023152230,0.0,0.0,0.0,0.0,0.0,0.0,0.0,100.0
20151023152300,0.0,0.0,0.0,0.0,0.0,0.0,0.0,100.0
20151023152330,0.0,0.0,0.0,0.0,0.0,0.0,0.0,100.0
20151023152400,0.0,0.0,0.0,0.0,0.0,0.0,0.0,100.0
20151023152430,0.0,0.0,0.0,0.0,0.0,0.0,0.0,100.0
20151023152500,0.0,0.0,0.0,0.0,0.0,0.0,0.0,100.0
20151023152530,0.0,0.0,0.0,0.0,0.0,0.0,0.0,100.0
20151023152600,0.0,0.0,0.0,0.0,0.0,0.0,0.0,100.0
20151023152630,0.0,0.0,0.0,0.0,0.0,0.0,0.0,100.0
20151023152700,0.0,0.0,0.0,0.0,0.0,0.0,0.0,100.0
20151023152730,0.0,0.0,0.0,0.0,0.0,0.0,0.0,100.0
20151023152800,0.0,0.0,0.0,0.0,0.0,0.0,0.0,100.0
20151023152830,0.0,0.0,0.0,0.0,0.0,0.0,0.0,100.0
20151023152900,0.0,0.0,0.0,0.0,0.0,0.0,0.0,100.0
20151023152930,0.0,0.0,0.0,0.0,0.0,0.0,0.0,100.0
20151023153000,0.0,0.0,0.0,0.0,0.0,0.0,0.0,100.0
20151023153030,0.0,0.0,0.0,0.0,0.0,0.0,0.0,100.0
20151023153100,0.0,0.0,0.0,0.0,0.0,0.0,0.0,100.0
20151023153130,0.0,0.0,0.0,0.0,0.0,0.0,0.0,100.0
20151023153200,0.0,0.0,0.0,0.0,0.0,0.0,0.0,100.0
20151023153230,0.0,0.0,0.0,0.0,0.0,0.0,0.0,100.0
20151023153300,0.0,0.0,0.0,0.0,0.0,0.0,0.0,100.0
20151023153330,0.0,0.0,0.0,0.0,0.0,0.0,0.0,100.0
20151023153400,0.0,0.0,0.0,0.0,0.0,0.0,0.0,100.0
20151023153430,0.0,0.0,0.0,0.0,0.0,0.0,0.0,100.0
20151023153500,0.0,0.0,0.0,0.0,0.0,0.0,0.0,100.0
20151023153530,0.0,0.0,0.0,0.0,0.0,0.0,0.0,100.0
20151023153600,0.0,0.0,0.0,0.0,0.0,0.0,0.0,100.0
20151023153630,0.0,0.0,0.0,0.0,0.0,0.0,0.0,100.0
20151023153700,0.0,0.0,0.0,0.0,0.0,0.0,0.0,100.0
20151023153730,0.0,0.0,0.0,0.0,0.0,0.0,0.0,100.0
20151023153800,0.0,0.0,0.0,0.0,0.0,0.0,0.0,100.0
20151023153830,0.0,0.0,0.0,0.0,0.0,0.0,0.0,100.0
20151023153900,0.0,0.0,0.0,0.0,0.0,0.0,0.0,100.0
20151023153930,0.0,0.0,0.0,0.0,0.0,0.0,0.0,100.0
20151023154000,0.0,0.0,0.0,0.0,0.0,0.0,0.0,100.0
20151023154031,0.0,0.0,0.0,0.0,0.0,0.0,0.0,100.0
20151023154101,0.0,0.0,0.0,0.0,0.0,0.0,0.0,100.0
20151023154131,0.0,0.0,0.0,0.0,0.0,0.0,0.0,100.0
20151023154201,0.0,0.0,0.0,0.0,0.0,0.0,0.0,100.0
20151023154231,0.0,0.0,0.0,0.0,0.0,0.0,0.0,100.0
20151023154301,0.0,0.0,0.0,0.0,0.0,0.0,0.0,100.0
20151023154331,0.0,0.0,0.0,0.0,0.0,0.0,0.0,100.0
20151023154401,0.0,0.0,0.0,0.0,0.0,0.0,0.0,100.0
20151023154431,0.0,0.0,0.0,0.0,0.0,0.0,0.0,100.0
20151023154501,0.0,0.0,0.0,0.0,0.0,0.0,0.0,100.0
20151023154531,0.0,0.0,0.0,0.0,0.0,0.0,0.0,100.0
20151023154601,0.0,0.0,0.0,0.0,0.0,0.0,0.0,100.0
20151023154631,0.0,0.0,0.0,0.0,0.0,0.0,0.0,100.0
20151023154701,0.0,0.0,0.0,0.0,0.0,0.0,0.0,100.0
20151023154731,0.0,0.0,0.0,0.0,0.0,0.0,0.0,100.0
20151023154801,0.0,0.0,0.0,0.0,0.0,0.0,0.0,100.0
20151023154831,0.0,0.0,0.0,0.0,0.0,0.0,0.0,100.0
20151023154901,0.0,0.0,0.0,0.0,0.0,0.0,0.0,100.0
20151023154931,0.0,0.0,0.0,0.0,0.0,0.0,0.0,100.0
20151023155001,0.0,0.0,0.0,0.0,0.0,0.0,0.0,100.0
20151023155031,0.0,0.0,0.0,0.0,0.0,0.0,0.0,100.0
20151023155101,0.0,0.0,0.0,0.0,0.0,0.0,0.0,100.0
20151023155131,0.0,0.0,0.0,0.0,0.0,0.0,0.0,100.0
20151023155201,0.0,0.0,0.0,0.0,0.0,0.0,0.0,100.0
20151023155231,0.0,0.0,0.0,0.0,0.0,0.0,0.0,100.0
20151023155301,0.0,0.0,0.0,0.0,0.0,0.0,0.0,100.0
20151023155331,0.0,0.0,0.0,0.0,0.0,0.0,0.0,100.0
20151023155401,0.0,0.0,0.0,0.0,0.0,0.0,0.0,100.0
20151023155431,0.0,0.0,0.0,0.0,0.0,0.0,0.0,100.0
20151023155501,0.0,0.0,0.0,0.0,0.0,0.0,0.0,100.0
20151023155531,0.0,0.0,0.0,0.0,0.0,0.0,0.0,100.0
20151023155601,0.0,0.0,0.0,0.0,0.0,0.0,0.0,100.0
20151023155631,0.0,0.0,0.0,0.0,0.0,0.0,0.0,100.0
20151023155701,0.0,0.0,0.0,0.0,0.0,0.0,0.0,100.0
20151023155731,0.0,0.0,0.0,0.0,0.0,0.0,0.0,100.0
20151023155801,0.0,0.0,0.0,0.0,0.0,0.0,0.0,100.0
20151023155831,0.0,0.0,0.0,0.0,0.0,0.0,0.0,100.0
20151023155901,0.0,0.0,0.0,0.0,0.0,0.0,0.0,100.0
20151023155931,0.0,0.0,0.0,0.0,0.0,0.0,0.0,100.0
20151023160001,0.0,0.0,0.0,0.0,0.0,0.0,0.0,100.0
20151023160031,0.0,0.0,0.0,0.0,0.0,0.0,0.0,100.0
20151023160101,0.0,0.0,0.0,0.0,0.0,0.0,0.0,100.0
20151023160131,0.0,0.0,0.0,0.0,0.0,0.0,0.0,100.0
20151023160201,0.0,0.0,0.0,0.0,0.0,0.0,0.0,100.0
20151023160231,0.0,0.0,0.0,0.0,0.0,0.0,0.0,100.0
20151023160301,0.0,0.0,0.0,0.0,0.0,0.0,0.0,100.0
20151023160331,0.0,0.0,0.0,0.0,0.0,0.0,0.0,100.0
20151023160401,0.0,0.0,0.0,0.0,0.0,0.0,0.0,100.0
20151023160431,0.0,0.0,0.0,0.0,0.0,0.0,0.0,100.0
20151023160501,0.0,0.0,0.0,0.0,0.0,0.0,0.0,100.0
20151023160531,0.0,0.0,0.0,0.0,0.0,0.0,0.0,100.0
20151023160601,0.0,0.0,0.0,0.0,0.0,0.0,0.0,100.0
20151023160631,0.0,0.0,0.0,0.0,0.0,0.0,0.0,100.0
20151023160701,0.0,0.0,0.0,0.0,0.0,0.0,0.0,100.0
20151023160731,0.0,0.0,0.0,0.0,0.0,0.0,0.0,100.0
20151023160801,0.0,0.0,0.0,0.0,0.0,0.0,0.0,100.0
20151023160831,0.0,0.0,0.0,0.0,0.0,0.0,0.0,100.0
20151023160901,0.0,0.0,0.0,0.0,0.0,0.0,0.0,100.0
20151023160931,0.0,0.0,0.0,0.0,0.0,0.0,0.0,100.0
20151023161001,0.0,0.0,0.0,0.0,0.0,0.0,0.0,100.0
20151023161031,0.0,0.0,0.0,0.0,0.0,0.0,0.0,100.0
20151023161101,0.0,0.0,0.0,0.0,0.0,0.0,0.0,100.0
20151023161131,0.0,0.0,0.0,0.0,0.0,0.0,0.0,100.0
20151023161201,0.0,0.0,0.0,0.0,0.0,0.0,0.0,100.0
20151023161231,0.0,0.0,0.0,0.0,0.0,0.0,0.0,100.0
20151023161301,0.0,0.0,0.0,0.0,0.0,0.0,0.0,100.0
20151023161331,0.0,0.0,0.0,0.0,0.0,0.0,0.0,100.0
20151023161401,0.0,0.0,0.0,0.0,0.0,0.0,0.0,100.0
20151023161432,0.0,0.0,0.0,0.0,0.0,0.0,0.0,100.0
20151023161502,0.0,0.0,0.0,0.0,0.0,0.0,0.0,100.0
20151023161532,0.0,0.0,0.0,0.0,0.0,0.0,0.0,100.0
20151023161602,0.0,0.0,0.0,0.0,0.0,0.0,0.0,100.0
20151023161632,0.0,0.0,0.0,0.0,0.0,0.0,0.0,100.0
20151023161702,0.0,0.0,0.0,0.0,0.0,0.0,0.0,100.0
20151023161732,0.0,0.0,0.0,0.0,0.0,0.0,0.0,100.0
20151023161802,0.0,0.0,0.0,0.0,0.0,0.0,0.0,100.0
20151023161832,0.0,0.0,0.0,0.0,0.0,0.0,0.1,99.9
20151023162032,0.0,0.0,0.0,0.0,0.0,0.0,0.0,100.0
20151023162102,0.0,0.0,0.0,0.0,0.0,0.0,0.0,100.0
20151023162132,0.0,0.0,0.0,0.0,0.0,0.0,0.0,100.0
20151023162202,0.0,0.0,0.0,0.0,0.0,0.0,0.0,100.0
20151023162232,0.0,0.0,0.0,0.0,0.0,0.0,0.0,100.0
20151023162302,0.0,0.0,0.0,0.0,0.0,0.0,0.0,100.0
20151023162332,0.0,0.0,0.0,0.0,0.0,0.0,0.0,100.0
20151023162402,0.0,0.0,0.0,0.0,0.0,0.0,0.0,100.0
20151023162432,0.0,0.0,0.0,0.0,0.0,0.0,0.0,100.0
20151023162502,0.0,0.0,0.0,0.0,0.0,0.0,0.0,100.0
20151023162532,0.0,0.0,0.0,0.0,0.0,0.0,0.0,100.0
20151023162602,0.0,0.0,0.0,0.0,0.0,0.0,0.0,100.0
20151023162632,0.0,0.0,0.0,0.0,0.0,0.0,0.0,100.0
20151023162702,0.0,0.0,0.0,0.0,0.0,0.0,0.1,99.9
20151023162732,0.0,0.0,0.0,0.0,0.0,0.0,0.0,100.0
20151023162802,0.0,0.0,0.0,0.0,0.0,0.0,0.0,100.0
20151023162832,0.0,0.0,0.0,0.0,0.0,0.0,0.1,99.9
20151023162902,0.0,0.0,0.0,0.0,0.0,0.0,0.1,99.9
20151023162932,0.0,0.0,0.0,0.0,0.0,0.0,0.0,100.0
20151023163002,0.0,0.0,0.0,0.0,0.0,0.0,0.1,99.9
20151023163032,0.0,0.0,0.0,0.0,0.0,0.0,0.2,99.8
20151023163102,0.0,0.0,0.0,0.0,0.0,0.0,0.2,99.8
20151023163132,0.0,0.0,0.0,0.0,0.0,0.0,0.1,99.9
20151023163202,0.0,0.0,0.0,0.0,0.0,0.0,0.2,99.8
20151023163232,0.0,0.0,0.0,0.0,0.0,0.0,0.2,99.8
20151023163302,0.0,0.0,0.0,0.0,0.0,0.0,0.2,99.8
20151023163332,0.0,0.0,0.0,0.0,0.0,0.0,0.3,99.7
20151023163402,0.0,0.0,0.0,0.0,0.0,0.0,0.1,99.9
20151023163432,0.0,0.0,0.0,0.0,0.0,0.0,0.1,99.8
20151023163502,0.0,0.0,0.0,0.0,0.0,0.0,0.5,99.5
20151023163532,0.0,0.0,0.0,0.0,0.0,0.0,1.8,98.2
20151023163602,0.0,0.0,0.0,0.0,0.0,0.0,4.8,95.2
20151023163632,0.0,0.0,0.0,0.0,0.0,0.0,1.2,98.8
20151023163702,0.0,0.0,0.0,0.0,0.0,0.0,1.8,98.2
20151023163732,0.0,0.0,0.0,0.0,0.0,0.0,17.4,82.6
20151023163802,0.0,0.0,0.0,0.1,0.0,0.0,9.9,90.0
20151023163832,0.0,0.0,0.0,0.2,0.0,0.0,12.1,87.7
20151023163902,0.0,0.0,0.0,0.7,0.0,0.0,23.2,76.2
20151023163932,0.0,0.0,0.0,0.1,0.0,0.0,52.1,47.8
20151023164002,0.0,0.0,0.0,0.1,0.0,0.0,62.8,37.2
20151023164032,0.0,0.0,0.0,0.3,0.0,0.0,60.4,39.2
20151023164102,0.0,0.0,0.0,0.5,0.0,0.0,54.6,44.9
20151023164132,0.0,0.0,0.0,0.2,0.0,0.0,75.1,24.7
20151023164203,0.0,0.0,0.0,0.0,0.0,0.0,68.0,32.0
20151023164233,0.0,0.0,0.0,0.5,0.0,0.0,93.8,5.7
20151023164303,0.0,0.0,0.0,0.2,0.0,0.0,51.6,48.2
20151023164333,0.0,0.0,0.0,0.3,0.0,0.0,90.6,9.2
20151023164403,0.0,0.0,0.0,0.1,0.0,0.0,90.2,9.7
20151023164433,0.0,0.0,0.0,2.7,0.0,0.0,93.8,3.5
20151023164503,0.0,0.0,0.0,0.0,0.0,0.0,92.5,7.5
20151023164533,0.0,0.0,0.0,0.0,0.0,0.0,98.1,1.9
20151023164603,0.0,0.0,0.0,2.5,0.0,0.0,93.6,3.8
20151023164633,0.0,0.0,0.0,0.0,0.0,0.0,92.6,7.4
20151023164703,0.0,0.0,0.0,0.0,0.0,0.0,91.7,8.3
20151023164733,0.0,0.0,0.0,0.0,0.0,0.0,90.5,9.4
20151023164803,0.0,0.0,0.0,0.2,0.0,0.0,94.5,5.3
20151023164833,0.0,0.0,0.0,0.1,0.0,0.0,96.0,3.9
20151023164903,0.0,0.0,0.0,0.1,0.0,0.0,98.9,1.0
20151023164933,0.0,0.0,0.0,0.1,0.0,0.0,99.6,0.3
20151023165003,0.0,0.0,0.0,0.2,0.0,0.0,95.2,4.6
20151023165033,0.0,0.0,0.0,0.2,0.0,0.0,96.9,3.0
20151023165103,0.0,0.0,0.0,0.1,0.0,0.0,99.2,0.7
20151023165133,0.0,0.0,0.0,0.1,0.0,0.0,98.8,1.1
20151023165203,0.0,0.0,0.0,0.3,0.0,0.0,98.4,1.3
20151023165233,0.0,0.0,0.0,0.9,0.0,0.0,98.0,1.1
20151023165303,0.0,0.0,0.0,0.6,0.0,0.0,98.6,0.9
20151023165333,0.0,0.0,0.0,0.3,0.0,0.0,97.2,2.6
20151023165403,0.0,0.0,0.0,0.0,0.0,0.0,99.8,0.2
20151023165433,0.0,0.0,0.0,0.0,0.0,0.0,99.7,0.2
20151023165503,0.0,0.0,0.0,0.1,0.0,0.0,96.4,3.6
20151023165533,0.0,0.0,0.0,0.1,0.0,0.0,98.1,1.8
20151023165603,0.0,0.0,0.0,0.0,0.0,0.0,99.3,0.7
20151023165633,0.0,0.0,0.0,0.1,0.0,0.0,89.9,10.0
20151023165703,0.0,0.0,0.0,0.0,0.0,0.0,85.3,14.7
20151023165733,0.0,0.0,0.0,0.7,0.0,0.0,87.2,12.1
20151023165803,0.0,0.0,0.0,0.2,0.0,0.0,97.8,2.0
20151023165833,0.0,0.0,0.0,0.1,0.0,0.0,97.0,2.9
20151023165903,0.0,0.0,0.0,0.0,0.0,0.0,98.4,1.6
20151023165933,0.0,0.0,0.0,0.0,0.0,0.0,97.6,2.3
20151023170003,0.0,0.0,0.0,0.0,0.0,0.0,83.1,16.9
20151023170033,0.0,0.0,0.0,0.0,0.0,0.0,99.5,0.4
20151023170103,0.0,0.0,0.0,0.0,0.0,0.0,99.1,0.9
20151023170133,0.0,0.0,0.0,0.0,0.0,0.0,99.8,0.2
20151023170203,0.0,0.0,0.0,0.0,0.0,0.0,97.9,2.1
20151023170233,0.0,0.0,0.0,0.2,0.0,0.0,94.0,5.8
20151023170303,0.0,0.0,0.0,0.0,0.0,0.0,99.4,0.6
20151023170333,0.0,0.0,0.0,0.0,0.0,0.0,97.4,2.6
20151023170403,0.0,0.0,0.0,0.0,0.0,0.0,96.8,3.1
20151023170433,0.0,0.0,0.0,0.0,0.0,0.0,98.8,1.2
20151023170503,0.0,0.0,0.0,0.0,0.0,0.0,99.7,0.3
20151023170533,0.0,0.0,0.0,0.0,0.0,0.0,97.0,3.0
20151023170603,0.0,0.0,0.0,0.0,0.0,0.0,94.2,5.8
20151023170633,0.0,0.0,0.0,0.0,0.0,0.0,97.6,2.4
20151023170703,0.0,0.0,0.0,0.0,0.0,0.0,92.5,7.5
20151023170733,0.0,0.0,0.0,0.0,0.0,0.0,95.3,4.7
20151023170803,0.0,0.0,0.0,0.0,0.0,0.0,81.8,18.2
20151023170833,0.0,0.0,0.0,0.1,0.0,0.0,33.8,66.0
20151023170903,0.0,0.0,0.0,5.2,0.0,0.0,46.2,48.6
20151023170933,0.0,0.0,0.0,0.3,0.0,0.0,51.4,48.3
20151023171003,0.0,0.0,0.0,0.9,0.0,0.0,61.5,37.6
20151023171033,0.0,0.0,0.0,1.0,0.0,0.0,79.5,19.4
20151023171103,0.0,0.0,0.0,3.2,0.0,0.0,54.8,42.0
20151023171133,0.0,0.0,0.0,0.2,0.0,0.0,39.1,60.7
20151023171203,0.0,0.0,0.0,4.9,0.0,0.0,64.7,30.4
20151023171233,0.0,0.0,0.0,8.0,0.0,0.0,21.6,70.4
20151023171303,0.0,0.0,0.0,12.0,0.0,0.0,26.7,61.2
20151023171333,0.0,0.0,0.0,8.9,0.0,0.0,30.8,60.3
20151023171403,0.0,0.0,0.0,8.1,0.0,0.0,34.6,57.3
20151023171433,0.0,0.0,0.0,1.6,0.0,0.0,65.8,32.6
20151023171503,0.0,0.0,0.0,4.6,0.0,0.0,5.9,89.5
20151023171533,0.0,0.0,0.0,0.6,0.0,0.0,5.4,94.0
20151023171604,0.0,0.0,0.0,0.2,0.0,0.0,27.1,72.7
20151023171634,0.0,0.0,0.0,0.0,0.0,0.0,52.0,48.0
20151023171704,0.0,0.0,0.0,0.0,0.0,0.0,90.5,9.5
20151023171734,0.0,0.0,0.0,0.3,0.0,0.0,94.2,5.4
20151023171804,0.0,0.0,0.0,0.1,0.0,0.0,93.5,6.4
20151023171834,0.0,0.0,0.0,1.3,0.0,0.0,79.7,19.0
20151023171904,0.0,0.0,0.0,9.1,0.0,0.0,73.5,17.4
20151023171934,0.0,0.0,0.0,61.9,0.0,0.0,29.4,8.6
20151023172004,0.0,0.0,0.0,88.0,0.0,0.0,9.6,2.4
20151023172034,0.0,0.0,0.0,28.5,0.0,0.0,28.5,43.0
20151023172104,0.0,0.0,0.0,54.4,0.0,0.0,42.1,3.4
20151023172134,0.0,0.0,0.0,20.3,0.0,0.0,52.4,27.3
20151023172204,0.0,0.0,0.0,47.1,0.0,0.0,30.1,22.8
20151023172234,0.0,0.0,0.0,29.9,0.0,0.0,56.8,13.3
20151023172304,0.0,0.0,0.0,0.7,0.0,0.0,34.6,64.7
20151023172334,0.0,0.0,0.0,0.3,0.0,0.0,86.9,12.8
20151023172404,0.0,0.0,0.0,2.6,0.0,0.0,42.3,55.1
20151023172434,0.0,0.0,0.0,0.5,0.0,0.0,79.9,19.5
20151023172504,0.0,0.0,0.0,0.2,0.0,0.0,83.1,16.7
20151023172534,0.0,0.0,0.0,0.1,0.0,0.0,91.6,8.3
20151023172604,0.0,0.0,0.0,0.6,0.0,0.0,89.2,10.1
20151023172634,0.0,0.0,0.0,0.1,0.0,0.0,86.7,13.1
20151023172704,0.0,0.0,0.0,0.6,0.0,0.0,70.2,29.2
20151023172734,0.0,0.0,0.0,7.1,0.0,0.0,40.1,52.8
20151023172804,0.0,0.0,0.0,37.3,0.2,0.0,20.7,41.6
20151023172834,0.0,0.1,0.0,48.3,0.4,0.0,10.2,41.1
20151023172904,0.0,0.0,0.0,58.8,0.1,0.0,12.3,28.8
20151023172934,0.0,0.0,0.0,28.6,0.0,0.0,18.3,53.0
20151023173004,0.0,0.1,0.0,27.2,0.8,0.0,16.3,55.7
20151023173034,0.0,0.0,0.0,52.1,0.1,0.0,5.4,42.3
20151023173104,0.0,0.0,0.0,33.9,0.1,0.0,19.7,46.3
20151023173134,0.0,0.0,0.0,84.2,0.1,0.0,9.6,6.1
20151023173204,0.0,0.1,0.0,76.8,0.4,0.0,10.0,12.7
20151023173234,0.0,0.2,0.0,69.4,1.7,0.0,14.3,14.4
20151023173304,0.0,0.1,0.0,73.2,0.6,0.0,10.1,16.1
20151023173334,0.0,0.0,0.0,57.0,0.8,0.0,13.4,28.8
20151023173404,0.0,0.0,0.0,69.0,0.1,0.0,6.4,24.5
20151023173434,0.0,0.0,0.0,78.5,0.0,0.0,12.1,9.4
20151023173504,0.0,0.1,0.0,19.7,0.2,0.0,17.8,62.1
20151023173534,0.0,0.0,0.0,97.1,0.1,0.0,0.1,2.8
20151023173604,0.0,0.0,0.0,99.6,0.0,0.0,0.0,0.3
20151023173634,0.0,0.0,0.0,99.3,0.0,0.0,0.0,0.7
20151023173704,0.0,0.0,0.0,96.3,0.0,0.0,0.0,3.6
20151023173734,0.0,0.0,0.0,99.9,0.0,0.0,0.0,0.1
20151023173804,0.0,0.0,0.0,99.8,0.0,0.0,0.1,0.1
20151023173834,0.0,0.1,0.0,94.5,0.0,0.0,1.0,4.4
20151023173904,0.0,0.1,0.0,94.9,0.0,0.0,0.5,4.5
20151023173934,0.0,0.0,0.0,98.5,0.0,0.0,0.1,1.4
20151023174004,0.0,0.1,0.0,95.4,0.2,0.0,0.2,4.1
20151023174034,0.0,0.0,0.0,96.9,0.0,0.0,0.0,3.0
20151023174104,0.0,0.0,0.0,90.9,0.0,0.0,0.4,8.7
20151023174134,0.0,0.0,0.0,12.5,0.2,0.0,50.4,36.8
20151023174204,0.0,0.0,0.0,50.7,0.1,0.0,8.1,41.2
20151023174234,0.0,0.0,0.0,58.1,0.1,0.0,6.3,35.5
20151023174304,0.0,0.0,0.0,97.8,0.0,0.0,1.0,1.2
20151023174334,0.0,0.0,0.0,99.8,0.0,0.0,0.1,0.0
20151023174404,0.0,0.0,0.0,98.8,0.0,0.0,0.1,1.1
20151023174434,0.0,0.0,0.0,94.5,0.0,0.0,4.1,1.4
20151023174504,0.0,0.0,0.0,45.0,0.0,0.0,50.8,4.2
20151023174534,0.0,0.0,0.0,15.1,0.0,0.0,52.1,32.9
20151023174604,0.0,0.0,0.0,8.5,0.0,0.0,14.7,76.8
20151023174634,0.0,0.0,0.0,88.6,0.0,0.0,5.7,5.8
20151023174704,0.0,0.0,0.0,96.0,0.0,0.0,3.6,0.4
20151023174734,0.0,0.0,0.0,15.4,0.0,0.0,47.9,36.7
20151023174804,0.0,0.0,0.0,90.4,0.0,0.0,0.9,8.7
20151023174834,0.0,0.0,0.0,98.5,0.0,0.0,0.8,0.7
20151023174904,0.0,0.0,0.0,98.2,0.0,0.0,0.9,0.9
20151023174934,0.0,0.0,0.0,94.5,0.0,0.0,4.9,0.6
20151023175005,0.0,0.0,0.0,84.2,0.0,0.0,14.9,0.8
20151023175035,0.0,0.0,0.0,43.7,0.0,0.0,42.7,13.6
20151023175105,0.0,0.0,0.0,1.4,0.0,0.0,93.6,5.0
20151023175135,0.0,0.0,0.0,0.2,0.0,0.0,98.9,0.9
20151023175205,0.0,0.0,0.0,2.1,0.0,0.0,94.8,3.0
20151023175235,0.0,0.0,0.0,3.7,0.0,0.0,96.0,0.3
20151023175305,0.0,0.0,0.0,13.2,0.0,0.0,84.1,2.7
20151023175335,0.0,0.0,0.0,54.3,0.1,0.0,40.1,5.5
20151023175405,0.0,0.0,0.0,36.8,0.2,0.0,42.3,20.7
20151023175435,0.0,0.0,0.0,91.6,0.4,0.0,6.1,1.9
20151023175505,0.0,0.0,0.0,99.4,0.0,0.0,0.2,0.3
20151023175535,0.0,0.0,0.0,84.1,0.1,0.0,8.0,7.8
20151023175605,0.0,0.0,0.0,46.4,0.1,0.0,17.4,36.0
20151023175635,0.0,0.0,0.0,13.8,0.0,0.0,24.8,61.3
20151023175705,0.0,0.0,0.0,0.1,0.0,0.0,19.5,80.4
20151023175735,0.0,0.0,0.0,0.0,0.0,0.0,0.7,99.3
20151023175805,0.0,0.0,0.0,0.1,0.0,0.0,22.2,77.7
20151023175835,0.0,0.0,0.0,0.1,0.0,0.0,0.5,99.5
20151023175905,0.0,0.0,0.0,0.4,0.0,0.0,1.3,98.2
20151023175935,0.0,0.0,0.0,0.7,0.0,0.0,15.0,84.3
20151023180005,0.0,0.0,0.0,0.4,0.0,0.0,98.1,1.5
20151023180035,0.0,0.0,0.0,49.4,0.2,0.0,20.7,29.6
20151023180105,0.0,0.0,0.0,2.7,1.5,0.0,79.6,16.1
20151023180135,0.0,0.0,0.0,0.3,1.5,0.0,91.6,6.6
20151023180205,0.0,0.0,0.1,1.0,2.3,0.0,88.6,8.1
20151023180235,0.0,0.0,0.0,0.2,0.1,0.0,99.2,0.5
20151023180305,0.0,0.0,0.0,0.4,0.6,0.0,97.8,1.2
20151023180335,0.0,0.1,0.2,10.2,5.3,0.0,80.5,3.7
20151023180405,0.0,0.0,0.0,0.0,0.0,0.0,99.0,0.9
20151023180435,0.0,0.0,0.0,5.2,0.9,0.0,92.6,1.2
20151023180505,0.0,0.0,0.0,0.1,0.0,0.0,97.7,2.2
20151023180535,0.0,0.0,0.0,0.1,0.0,0.0,96.6,3.3
20151023180605,0.0,0.0,0.0,2.0,0.1,0.0,75.5,22.4
20151023180635,0.0,0.0,0.0,5.1,0.2,0.0,72.8,21.8
20151023180705,0.0,0.0,0.0,15.8,0.2,0.0,65.0,19.0
20151023180735,0.0,0.0,0.0,11.6,0.1,0.0,48.1,40.3
20151023180805,0.0,0.0,0.0,0.3,0.1,0.0,98.7,0.8
20151023180835,0.0,0.0,0.0,0.9,0.6,0.0,85.2,13.2
20151023180905,0.0,0.0,0.0,8.8,0.2,0.0,46.7,44.2
20151023180935,0.0,0.0,0.0,7.4,0.2,0.0,61.9,30.5
20151023181005,0.0,0.0,0.0,18.7,0.2,0.0,74.0,7.1
20151023181035,0.0,0.0,0.0,4.8,0.0,0.0,91.0,4.2
20151023181105,0.0,0.0,0.0,0.8,0.0,0.0,93.9,5.4
20151023181135,0.0,0.0,0.0,0.3,0.0,0.0,93.9,5.7
20151023181205,0.0,0.0,0.0,1.9,0.0,0.0,95.3,2.8
20151023181235,0.0,0.0,0.0,0.0,0.0,0.0,99.8,0.2
20151023181305,0.0,0.0,0.0,0.1,0.0,0.0,99.6,0.2
20151023181335,0.0,0.0,0.0,0.2,0.0,0.0,95.0,4.7
20151023181405,0.0,0.0,0.0,0.0,0.0,0.0,99.6,0.4
20151023181435,0.0,0.0,0.0,0.0,0.0,0.0,99.6,0.4
20151023181505,0.0,0.0,0.0,0.0,0.0,0.0,98.8,1.1
20151023181535,0.0,0.0,0.0,8.7,0.0,0.0,83.9,7.3
20151023181605,0.0,0.0,0.0,4.9,0.1,0.0,87.1,8.0
20151023181635,0.0,0.0,0.0,0.1,0.0,0.0,95.4,4.5
20151023181705,0.0,0.0,0.0,0.1,0.0,0.0,84.4,15.5
20151023181736,0.0,0.0,0.0,0.0,0.0,0.0,97.9,2.1
20151023181806,0.0,0.0,0.0,0.0,0.0,0.0,97.3,2.7
20151023181836,0.0,0.0,0.0,0.0,0.0,0.0,99.4,0.6
20151023181906,0.0,0.0,0.0,0.0,0.0,0.0,88.4,11.6
20151023181936,0.0,0.0,0.0,0.0,0.0,0.0,76.0,24.0
20151023182006,0.0,0.0,0.0,0.0,0.0,0.0,47.1,52.9
20151023182036,0.0,0.0,0.0,0.7,0.1,0.0,46.1,53.1
20151023182106,0.0,0.0,0.0,0.0,0.0,0.0,87.4,12.6
20151023182136,0.0,0.0,0.0,0.1,0.0,0.0,84.7,15.1
20151023182206,0.0,0.0,0.0,0.1,0.0,0.0,99.2,0.7
20151023182236,0.0,0.0,0.0,0.1,0.0,0.0,91.4,8.4
20151023182306,0.0,0.0,0.0,0.1,0.0,0.0,72.4,27.5
20151023182336,0.0,0.0,0.0,0.0,0.0,0.0,84.2,15.7
20151023182406,0.0,0.0,0.0,0.0,0.0,0.0,97.7,2.3
20151023182436,0.0,0.0,0.0,0.0,0.0,0.0,94.4,5.6
20151023182506,0.0,0.0,0.0,0.0,0.0,0.0,97.6,2.4
20151023182536,0.0,0.0,0.0,0.6,0.0,0.0,89.0,10.3
20151023182606,0.0,0.0,0.0,0.0,0.0,0.0,99.1,0.9
20151023182636,0.0,0.0,0.0,0.0,0.0,0.0,99.8,0.2
20151023182706,0.0,0.0,0.0,0.0,0.0,0.0,99.7,0.3
20151023182736,0.0,0.0,0.0,0.0,0.0,0.0,99.0,1.0
20151023182806,0.0,0.0,0.0,0.0,0.0,0.0,99.7,0.3
20151023182836,0.0,0.0,0.0,0.0,0.0,0.0,88.5,11.5
20151023182906,0.0,0.0,0.0,0.0,0.0,0.0,89.0,11.0
20151023182936,0.0,0.0,0.0,0.0,0.0,0.0,16.8,83.2
20151023183006,0.0,0.0,0.0,0.0,0.0,0.0,76.3,23.7
20151023183036,0.0,0.0,0.0,0.0,0.0,0.0,15.1,84.8
20151023183106,0.0,0.0,0.0,11.7,1.2,0.0,27.7,59.4
20151023183136,0.0,0.1,0.0,8.0,0.8,0.0,57.2,33.8
20151023183206,0.0,0.1,0.0,5.3,0.2,0.0,1.9,92.5
20151023183236,0.0,0.7,0.0,20.0,0.3,0.0,21.4,57.6
20151023183306,0.0,0.5,0.0,22.0,1.8,0.0,40.8,34.9
20151023183336,0.0,0.6,0.0,21.9,1.1,0.0,16.2,60.2
20151023183406,0.0,0.8,0.0,53.5,0.8,0.0,23.2,21.7
20151023183436,0.0,0.4,0.0,52.2,0.7,0.0,16.4,30.3
20151023183506,0.0,0.0,0.0,0.4,0.0,0.0,1.6,98.0
20151023183536,0.0,0.0,0.0,0.1,0.0,0.0,53.8,46.1
20151023183606,0.0,0.0,0.0,0.2,0.0,0.0,88.4,11.3
20151023183636,0.0,0.0,0.0,4.7,0.8,0.0,81.4,13.0
20151023183706,0.0,0.0,0.0,0.1,0.1,0.0,80.8,18.9
20151023183736,0.0,0.0,0.0,0.2,0.2,0.0,97.6,2.0
20151023183806,0.0,0.0,0.0,0.0,0.0,0.0,90.4,9.5
20151023183836,0.0,0.0,0.0,0.0,0.1,0.0,89.0,10.9
20151023183906,0.0,0.0,0.0,6.3,0.4,0.0,18.7,74.6
20151023183936,0.0,0.3,0.0,62.7,2.6,0.0,9.6,24.9
20151023184006,0.0,0.1,0.0,44.0,1.0,0.0,12.5,42.4
20151023184036,0.0,0.1,0.0,8.5,2.4,0.0,55.4,33.6
20151023184106,0.0,0.0,0.0,11.8,12.1,0.0,58.6,17.5
20151023184136,0.0,0.0,0.0,0.0,0.1,0.0,76.3,23.7
20151023184206,0.0,0.0,0.0,0.0,0.0,0.0,82.2,17.7
20151023184236,0.0,0.0,0.0,0.0,0.0,0.0,92.5,7.5
20151023184306,0.0,0.0,0.0,0.0,0.0,0.0,63.8,36.2
20151023184336,0.0,0.0,0.0,0.1,0.0,0.0,4.2,95.7
20151023184406,0.0,0.1,0.0,0.0,0.1,0.0,19.1,80.7
20151023184436,0.0,0.0,0.0,0.0,0.0,0.0,0.3,99.7
20151023184506,0.0,1.4,0.0,3.1,6.2,0.0,19.7,69.7
20151023184536,0.0,0.7,0.0,2.0,0.4,0.0,69.5,27.4
20151023184606,0.0,0.1,0.0,0.1,0.4,0.0,42.6,56.8
20151023184636,0.0,0.1,0.0,0.1,0.8,0.0,83.3,15.8
20151023184706,0.0,0.2,0.0,1.8,1.5,0.0,80.7,15.9
20151023184736,0.0,0.0,0.0,6.9,0.4,0.0,80.1,12.6
20151023184806,0.0,1.3,0.0,41.7,2.1,0.0,43.4,11.5
20151023184836,0.0,0.0,0.0,0.7,0.2,0.0,32.7,66.3
20151023184906,0.0,0.0,0.0,0.7,0.4,0.0,93.3,5.6
20151023184936,0.0,0.0,0.0,9.6,0.2,0.0,88.8,1.4
20151023185006,0.0,0.0,0.0,12.5,0.2,0.0,81.6,5.7
20151023185036,0.0,0.0,0.0,0.0,0.0,0.0,56.3,43.6
20151023185106,0.0,0.1,0.0,4.5,0.3,0.0,82.6,12.6
20151023185137,0.0,0.0,0.0,0.1,0.1,0.0,85.7,14.1
20151023185207,0.0,0.1,0.0,0.0,0.0,0.0,39.4,60.5
20151023185237,0.0,4.1,0.1,26.7,2.5,0.0,59.7,6.8
20151023185307,0.0,4.5,0.1,7.6,1.8,0.0,40.7,45.2
20151023185337,0.0,5.7,0.5,26.0,16.4,0.0,13.9,37.6
20151023185407,0.0,1.1,0.0,0.6,0.9,0.0,71.7,25.7
20151023185437,0.0,0.0,0.0,0.0,0.0,0.0,13.8,86.1
20151023185507,0.0,0.0,0.0,0.0,0.0,0.0,17.6,82.4
20151023185537,0.0,0.0,0.0,0.0,0.0,0.0,17.8,82.2
20151023185607,0.0,0.0,0.0,0.0,0.0,0.0,21.3,78.7
20151023185637,0.0,0.0,0.0,0.0,0.0,0.0,28.1,71.9
20151023185707,0.0,0.0,0.0,0.0,0.0,0.0,66.4,33.6
20151023185737,0.0,0.0,0.0,0.0,0.0,0.0,56.3,43.7
20151023185807,0.0,0.0,0.0,0.0,0.0,0.0,95.1,4.9
20151023185837,0.0,0.0,0.0,0.0,0.0,0.0,98.2,1.8
20151023185907,0.0,0.0,0.0,0.0,0.0,0.0,96.7,3.3
20151023185937,0.0,0.0,0.0,0.0,0.0,0.0,95.8,4.2
20151023190007,0.0,0.0,0.0,0.0,0.0,0.0,91.4,8.6
20151023190037,0.0,0.0,0.0,5.0,0.2,0.0,79.0,15.8
20151023190107,0.0,0.0,0.0,0.5,0.1,0.0,85.5,13.8
20151023190137,0.0,0.0,0.0,0.1,0.0,0.0,90.9,9.0
20151023190207,0.0,0.0,0.0,0.0,0.0,0.0,95.0,4.9
20151023190237,0.0,0.0,0.0,0.0,0.0,0.0,98.0,2.0
20151023190307,0.0,0.0,0.0,0.0,0.0,0.0,98.2,1.8
20151023190337,0.0,0.0,0.0,0.5,1.3,0.0,96.0,2.2
20151023190407,0.0,0.0,0.0,0.4,0.3,0.0,95.0,4.3
20151023190437,0.0,0.0,0.0,0.4,0.1,0.0,98.0,1.5
20151023190507,0.0,0.0,0.0,0.0,0.0,0.0,98.6,1.4
20151023190537,0.0,0.0,0.0,0.0,0.0,0.0,99.7,0.3
20151023190607,0.0,0.0,0.0,0.0,0.0,0.0,99.8,0.2
20151023190637,0.0,0.0,0.0,0.0,0.0,0.0,99.6,0.4
20151023190707,0.0,0.0,0.0,0.0,0.0,0.0,98.6,1.4
20151023190737,0.0,0.0,0.0,0.0,0.0,0.0,99.9,0.1
20151023190807,0.0,0.0,0.0,0.0,0.0,0.0,100.0,0.0
20151023190837,0.0,0.0,0.0,0.0,0.0,0.0,100.0,0.0
20151023190907,0.0,0.0,0.0,0.0,0.0,0.0,100.0,0.0
20151023190937,0.0,0.0,0.0,0.0,0.0,0.0,99.8,0.2
20151023191007,0.0,0.0,0.0,0.0,0.0,0.0,99.9,0.1
20151023191037,0.0,0.0,0.0,0.0,0.0,0.0,100.0,0.0
20151023191107,0.0,0.0,0.0,0.0,0.0,0.0,100.0,0.0
20151023191137,0.0,0.0,0.0,0.0,0.0,0.0,99.9,0.1
20151023191207,0.0,0.0,0.0,0.0,0.0,0.0,99.8,0.2
20151023191237,0.0,0.0,0.0,0.0,0.0,0.0,98.3,1.7
20151023191307,0.0,0.0,0.0,0.0,0.0,0.0,98.2,1.8
20151023191337,0.0,0.0,0.0,0.0,0.0,0.0,99.7,0.3
20151023191407,0.0,0.0,0.0,0.0,0.0,0.0,64.1,35.8
20151023191437,0.0,0.0,0.0,0.0,0.0,0.0,96.0,4.0
20151023191507,0.0,0.0,0.0,0.0,0.0,0.0,98.3,1.7
20151023191537,0.0,0.0,0.0,0.0,0.0,0.0,97.9,2.1
20151023191607,0.0,0.0,0.0,0.0,0.0,0.0,99.0,1.0
20151023191637,0.0,0.0,0.0,0.0,0.0,0.0,99.9,0.1
20151023191707,0.0,0.0,0.0,0.0,0.0,0.0,99.9,0.1
20151023191737,0.0,0.0,0.0,0.0,0.0,0.0,99.4,0.6
20151023191807,0.0,0.0,0.0,0.0,0.0,0.0,99.9,0.1
20151023191837,0.0,0.0,0.0,0.0,0.0,0.0,99.4,0.6
20151023191907,0.0,0.0,0.0,0.0,0.0,0.0,94.7,5.3
20151023191937,0.0,0.0,0.0,0.0,0.0,0.0,96.0,4.0
20151023192007,0.0,0.0,0.0,0.0,0.0,0.0,96.5,3.5
20151023192037,0.0,0.0,0.0,0.0,0.0,0.0,98.2,1.8
20151023192107,0.0,0.0,0.0,0.0,0.0,0.0,98.3,1.7
20151023192137,0.0,0.0,0.0,0.0,0.0,0.0,99.8,0.2
20151023192207,0.0,0.0,0.0,0.0,0.0,0.0,99.9,0.1
20151023192237,0.0,0.0,0.0,0.0,0.0,0.0,100.0,0.0
20151023192307,0.0,0.0,0.0,0.0,0.0,0.0,100.0,0.0
20151023192337,0.0,0.0,0.0,0.0,0.0,0.0,99.9,0.1
20151023192407,0.0,0.0,0.0,0.0,0.0,0.0,100.0,0.0
20151023192437,0.0,0.0,0.0,0.0,0.0,0.0,99.9,0.1
20151023192507,0.0,0.0,0.0,0.0,0.0,0.0,99.9,0.1
20151023192537,0.0,0.0,0.0,0.0,0.0,0.0,99.8,0.2
20151023192608,0.0,0.0,0.0,0.0,0.0,0.0,100.0,0.0
20151023192638,0.0,0.0,0.0,0.0,0.0,0.0,100.0,0.0
20151023192708,0.0,0.0,0.0,0.0,0.0,0.0,99.9,0.1
20151023192738,0.0,0.0,0.0,0.0,0.0,0.0,99.7,0.3
20151023192808,0.0,0.0,0.0,0.0,0.0,0.0,99.6,0.4
20151023192838,0.0,0.0,0.0,0.0,0.0,0.0,99.9,0.1
20151023192908,0.0,0.0,0.0,0.0,0.0,0.0,100.0,0.0
20151023192938,0.0,0.0,0.0,0.0,0.0,0.0,100.0,0.0
20151023193008,0.0,0.0,0.0,0.0,0.0,0.0,99.8,0.2
20151023193038,0.0,0.0,0.0,0.0,0.0,0.0,96.8,3.2
20151023193108,0.0,0.0,0.0,0.0,0.0,0.0,99.0,1.0
20151023193138,0.0,0.0,0.0,0.0,0.0,0.0,100.0,0.0
20151023193208,0.0,0.0,0.0,0.0,0.0,0.0,100.0,0.0
20151023193238,0.0,0.0,0.0,0.0,0.0,0.0,100.0,0.0
20151023193308,0.0,0.0,0.0,0.0,0.0,0.0,99.9,0.1
20151023193338,0.0,0.0,0.0,0.0,0.0,0.0,100.0,0.0
20151023193408,0.0,0.0,0.0,0.0,0.0,0.0,100.0,0.0
20151023193438,0.0,0.0,0.0,0.0,0.0,0.0,100.0,0.0
20151023193508,0.0,0.0,0.0,0.0,0.0,0.0,99.9,0.1
20151023193538,0.0,0.0,0.0,0.0,0.0,0.0,100.0,0.0
20151023193608,0.0,0.0,0.0,0.0,0.0,0.0,99.9,0.1
20151023193638,0.0,0.0,0.0,0.0,0.0,0.0,98.1,1.9
20151023193708,0.0,0.0,0.0,0.0,0.0,0.0,100.0,0.0
20151023193738,0.0,0.0,0.0,0.0,0.0,0.0,99.1,0.9
20151023193808,0.0,0.0,0.0,2.6,0.1,0.0,93.4,3.8
20151023193838,0.0,0.0,0.0,6.0,2.6,0.0,89.7,1.7
20151023193908,0.0,0.0,0.0,0.0,0.0,0.0,98.4,1.5
20151023193938,0.0,0.0,0.0,0.0,0.0,0.0,14.8,85.2
20151023194008,0.0,0.0,0.0,0.2,0.1,0.0,1.0,98.7
20151023194038,0.0,0.0,0.0,73.6,2.0,0.0,11.2,13.1
20151023194108,0.0,0.0,0.0,94.0,2.0,0.0,3.9,0.1
20151023194138,0.0,0.0,0.0,50.9,12.3,0.0,36.7,0.1
20151023194208,0.0,0.0,0.0,16.4,80.7,0.0,2.7,0.3
20151023194238,0.0,0.0,0.0,9.0,85.2,0.0,5.0,0.8
20151023194308,0.0,0.0,0.0,1.6,85.1,0.0,12.9,0.3
20151023194338,0.0,0.0,0.0,0.3,99.7,0.0,0.0,0.0
20151023194408,0.0,0.0,0.0,0.2,99.8,0.0,0.0,0.0
20151023194438,0.0,0.0,0.0,0.4,99.6,0.0,0.0,0.0
20151023194508,0.0,0.0,0.0,0.0,100.0,0.0,0.0,0.0
20151023194538,0.0,0.0,0.0,0.0,99.9,0.0,0.0,0.0
20151023194608,0.0,0.0,0.0,0.1,99.8,0.0,0.1,0.0
20151023194638,0.1,0.0,0.0,1.2,98.7,0.0,0.0,0.0
20151023194708,0.2,0.0,0.0,0.3,98.4,0.0,0.9,0.2
20151023194738,0.0,0.1,0.0,0.3,99.3,0.0,0.2,0.0
20151023194808,0.0,0.0,0.0,0.1,99.9,0.0,0.0,0.0
20151023194838,0.0,0.0,0.0,0.1,99.3,0.0,0.5,0.0
20151023194908,0.0,0.0,0.0,0.0,99.9,0.0,0.0,0.0
20151023194938,0.1,0.1,0.0,0.0,99.8,0.0,0.0,0.0
20151023195008,0.0,0.0,0.0,0.0,100.0,0.0,0.0,0.0
20151023195038,0.3,0.8,0.0,0.0,98.9,0.0,0.0,0.0
20151023195108,0.0,2.0,0.0,0.0,98.0,0.0,0.0,0.0
20151023195138,0.0,2.9,0.0,0.1,97.0,0.0,0.0,0.0
20151023195208,0.6,11.5,0.0,7.0,80.9,0.0,0.0,0.0
20151023195238,0.1,0.5,0.0,0.1,99.4,0.0,0.0,0.0
20151023195308,0.1,0.2,0.0,0.2,99.5,0.0,0.0,0.0
20151023195338,0.0,0.0,0.0,0.0,99.9,0.0,0.0,0.0
20151023195408,0.0,0.2,0.0,0.0,99.8,0.0,0.0,0.0
20151023195438,0.0,0.1,0.0,0.0,99.9,0.0,0.0,0.0
20151023195509,0.0,0.0,0.0,0.0,100.0,0.0,0.0,0.0
20151023195539,0.0,0.0,0.0,0.0,100.0,0.0,0.0,0.0
20151023195609,0.0,0.0,0.0,0.0,100.0,0.0,0.0,0.0
20151023195639,0.0,0.0,0.0,0.1,99.9,0.0,0.0,0.0
20151023195709,0.0,0.0,0.0,0.0,100.0,0.0,0.0,0.0
20151023195739,0.0,0.0,0.0,0.0,100.0,0.0,0.0,0.0
20151023195809,0.1,0.0,0.0,0.1,99.8,0.0,0.0,0.0
20151023195839,0.0,0.0,0.0,0.0,100.0,0.0,0.0,0.0
20151023195909,0.5,0.0,0.0,0.0,99.5,0.0,0.0,0.0
20151023195939,0.0,0.0,0.0,0.0,100.0,0.0,0.0,0.0
20151023200009,0.1,0.0,0.0,0.0,99.9,0.0,0.0,0.0
20151023200039,0.0,0.0,0.0,0.0,100.0,0.0,0.0,0.0
20151023200109,0.0,0.0,0.0,0.0,100.0,0.0,0.0,0.0
20151023200139,0.4,0.0,0.0,0.0,99.6,0.0,0.0,0.0
20151023200209,0.2,0.0,0.0,0.0,99.8,0.0,0.0,0.0
20151023200239,77.2,0.0,0.0,0.0,22.8,0.0,0.0,0.0
20151023200309,40.7,0.0,0.0,0.1,59.2,0.0,0.0,0.0
20151023200339,20.4,0.0,0.0,0.1,79.5,0.0,0.0,0.0
20151023200409,2.4,0.0,0.0,0.0,97.6,0.0,0.0,0.0
20151023200439,0.2,0.0,0.0,0.0,99.7,0.0,0.0,0.0
20151023200509,0.2,0.0,0.0,0.0,99.8,0.0,0.0,0.0
20151023200539,0.0,0.0,0.0,0.0,100.0,0.0,0.0,0.0
20151023200609,0.0,0.0,0.0,0.0,100.0,0.0,0.0,0.0
20151023200639,0.0,0.0,0.0,0.0,100.0,0.0,0.0,0.0
20151023200709,0.0,0.0,0.0,0.0,100.0,0.0,0.0,0.0
20151023200739,0.0,0.0,0.0,0.0,99.9,0.0,0.0,0.0
20151023200809,0.0,0.0,0.0,0.1,99.9,0.0,0.0,0.0
20151023200839,0.0,0.2,0.0,0.0,99.7,0.0,0.0,0.0
20151023200909,0.0,0.1,0.0,0.1,99.6,0.0,0.1,0.1
20151023200939,0.0,0.2,0.0,0.1,99.7,0.0,0.0,0.0
20151023201009,0.0,0.7,0.0,0.7,98.5,0.0,0.0,0.0
20151023201039,0.0,1.5,0.0,0.6,97.8,0.0,0.0,0.0
20151023201109,0.0,0.2,0.0,0.0,99.8,0.0,0.0,0.0
20151023201139,0.0,0.5,0.0,0.2,99.3,0.0,0.0,0.0
20151023201209,0.0,0.6,0.0,0.3,99.1,0.0,0.0,0.0
20151023201239,0.0,1.6,0.0,0.8,97.6,0.0,0.0,0.0
20151023201309,0.0,1.7,0.0,0.4,97.8,0.0,0.0,0.0
20151023201339,0.0,3.5,0.0,0.2,96.3,0.0,0.0,0.0
20151023201409,0.0,0.1,0.1,0.0,99.8,0.0,0.0,0.0
20151023201439,0.1,3.4,0.2,0.0,96.3,0.0,0.0,0.0
20151023201509,0.0,0.6,0.5,0.0,98.9,0.0,0.0,0.0
20151023201539,0.0,4.4,0.0,0.0,95.6,0.0,0.0,0.0
20151023201609,0.0,22.8,0.0,0.0,77.2,0.0,0.0,0.0
20151023201639,0.0,0.8,0.0,0.0,99.2,0.0,0.0,0.0
20151023201709,0.0,6.3,0.0,0.0,93.7,0.0,0.0,0.0
20151023201739,0.1,0.5,0.0,0.0,99.4,0.0,0.0,0.0
20151023201809,0.0,5.5,0.0,0.0,94.4,0.0,0.0,0.0
20151023201839,0.2,32.8,0.0,0.1,67.0,0.0,0.0,0.0
20151023201909,0.0,3.5,0.0,0.0,96.5,0.0,0.0,0.0
20151023201939,0.0,0.6,0.0,0.0,99.4,0.0,0.0,0.0
20151023202009,0.1,6.0,0.0,0.2,93.7,0.0,0.0,0.0
20151023202039,1.7,39.0,0.0,0.0,59.3,0.0,0.0,0.0
20151023202109,31.5,56.6,0.0,0.1,11.9,0.0,0.0,0.0
20151023202139,5.5,94.3,0.0,0.0,0.2,0.0,0.0,0.0
20151023202209,0.0,96.8,0.0,0.0,3.2,0.0,0.0,0.0
20151023202239,0.1,18.8,0.0,0.0,81.1,0.0,0.0,0.0
20151023202309,36.9,54.4,0.0,0.1,8.6,0.0,0.0,0.0
20151023202339,0.0,98.6,0.0,0.0,1.3,0.0,0.0,0.0
20151023202409,0.0,86.6,0.0,0.1,13.3,0.0,0.0,0.0
20151023202439,0.0,91.4,0.0,0.0,8.6,0.0,0.0,0.0
20151023202509,0.1,16.2,0.0,0.0,83.6,0.0,0.0,0.0
20151023202539,0.0,3.8,0.0,0.0,96.1,0.0,0.0,0.0
20151023202609,0.1,4.0,0.0,0.0,95.9,0.0,0.0,0.0
20151023202639,0.1,0.1,0.0,0.0,99.9,0.0,0.0,0.0
20151023202709,0.1,0.1,0.0,0.0,99.9,0.0,0.0,0.0
20151023202739,0.0,2.5,0.0,0.0,97.4,0.0,0.0,0.0
20151023202810,0.3,12.8,0.0,0.0,86.9,0.0,0.0,0.0
20151023202840,1.6,0.4,0.0,0.0,98.0,0.0,0.0,0.0
20151023202910,0.7,0.6,0.0,0.0,98.7,0.0,0.0,0.0
20151023202940,1.7,22.3,0.0,0.0,76.0,0.0,0.0,0.0
20151023203010,10.0,31.1,0.0,0.0,58.9,0.0,0.0,0.0
20151023203040,6.2,8.7,0.0,0.0,85.1,0.0,0.0,0.0
20151023203110,0.3,11.0,0.0,0.0,88.7,0.0,0.0,0.0
20151023203140,5.3,32.0,0.0,0.0,62.7,0.0,0.0,0.0
20151023203210,5.8,6.2,0.0,0.0,88.0,0.0,0.0,0.0
20151023203240,1.1,4.1,0.0,0.0,94.8,0.0,0.0,0.0
20151023203310,1.6,5.6,0.0,0.0,92.8,0.0,0.0,0.0
20151023203340,0.8,5.4,0.0,0.0,93.8,0.0,0.0,0.0
20151023203410,0.5,6.0,0.0,0.0,93.5,0.0,0.0,0.0
20151023203440,1.6,6.8,0.0,0.0,91.6,0.0,0.0,0.0
20151023203510,3.7,9.6,0.0,0.0,86.7,0.0,0.0,0.0
20151023203540,22.7,12.9,0.0,0.0,64.4,0.0,0.0,0.0
20151023203610,31.2,12.4,0.0,0.0,56.4,0.0,0.0,0.0
20151023203640,3.3,12.5,0.0,0.0,84.2,0.0,0.0,0.0
20151023203710,7.9,48.6,0.0,0.0,43.5,0.0,0.0,0.0
20151023203740,0.0,3.5,0.0,0.0,96.5,0.0,0.0,0.0
20151023203810,0.1,74.4,0.0,0.0,25.5,0.0,0.0,0.0
20151023203840,1.2,69.3,0.0,0.0,29.5,0.0,0.0,0.0
20151023203910,9.0,67.6,0.0,0.0,23.4,0.0,0.0,0.0
20151023203940,0.5,2.4,0.0,0.0,97.1,0.0,0.0,0.0
20151023204010,3.9,77.9,0.0,0.0,18.1,0.0,0.0,0.0
20151023204040,0.2,73.7,0.0,0.0,26.1,0.0,0.0,0.0
20151023204110,0.2,77.8,0.0,0.0,22.0,0.0,0.0,0.0
20151023204140,0.0,45.1,0.0,0.0,54.9,0.0,0.0,0.0
20151023204210,0.2,26.0,0.0,0.0,73.8,0.0,0.0,0.0
20151023204240,0.0,83.4,0.0,0.0,16.6,0.0,0.0,0.0
20151023204310,0.0,42.2,0.0,0.0,57.8,0.0,0.0,0.0
20151023204340,0.0,95.7,0.0,0.0,4.3,0.0,0.0,0.0
20151023204410,0.0,0.6,0.0,0.0,99.3,0.0,0.0,0.0
20151023204440,0.0,0.5,0.0,0.0,99.5,0.0,0.0,0.0
20151023204510,0.0,1.3,0.0,0.0,98.6,0.0,0.0,0.0
20151023204540,0.0,2.4,0.0,0.0,97.6,0.0,0.0,0.0
20151023204610,0.0,1.2,0.0,0.0,98.8,0.0,0.0,0.0
20151023204640,0.0,1.3,0.0,0.0,98.7,0.0,0.0,0.0
20151023204710,0.0,18.2,0.3,0.0,81.5,0.0,0.0,0.0
20151023204740,0.0,33.8,2.7,0.0,63.5,0.0,0.0,0.0
20151023204810,0.0,2.7,0.3,0.0,96.9,0.0,0.0,0.0
20151023204840,0.1,4.0,0.1,0.3,95.6,0.0,0.0,0.0
20151023204910,0.4,2.0,0.0,0.1,97.4,0.0,0.0,0.0
20151023204940,7.7,10.5,0.0,0.0,81.8,0.0,0.0,0.0
20151023205010,17.7,18.0,0.0,0.0,64.3,0.0,0.0,0.0
20151023205040,2.2,5.6,0.0,0.0,92.2,0.0,0.0,0.0
20151023205110,6.3,4.6,0.0,0.7,88.4,0.0,0.0,0.0
20151023205140,0.9,5.5,0.0,0.1,93.5,0.0,0.0,0.0
20151023205210,0.9,0.2,0.0,0.0,98.8,0.0,0.0,0.0
20151023205240,0.0,0.4,0.0,0.0,99.5,0.0,0.0,0.0
20151023205310,0.8,1.6,0.1,0.1,97.3,0.0,0.0,0.0
20151023205340,0.0,0.1,0.0,0.0,99.9,0.0,0.0,0.0
20151023205410,0.0,0.2,0.0,0.0,99.7,0.0,0.0,0.0
20151023205440,0.1,0.6,0.0,0.0,99.3,0.0,0.0,0.0
20151023205510,0.0,2.1,0.0,0.0,97.9,0.0,0.0,0.0
20151023205540,0.7,28.5,0.2,0.0,70.6,0.0,0.0,0.0
20151023205610,2.1,25.0,0.0,0.0,72.8,0.0,0.0,0.0
20151023205640,1.2,3.0,0.1,0.0,95.7,0.0,0.0,0.0
20151023205710,1.3,7.6,0.1,0.0,91.0,0.0,0.0,0.0
20151023205740,1.4,24.1,0.1,0.0,74.4,0.0,0.0,0.0
20151023205810,0.7,1.9,0.0,0.0,97.3,0.0,0.0,0.0
20151023205840,2.4,13.3,0.1,0.1,84.1,0.0,0.0,0.0
20151023205910,4.5,25.2,0.2,0.2,70.0,0.0,0.0,0.0
20151023205940,0.5,26.1,0.8,0.2,72.4,0.0,0.0,0.0
20151023210010,0.2,10.8,0.1,0.0,88.8,0.0,0.0,0.0
20151023210040,0.0,8.1,0.1,0.0,91.8,0.0,0.0,0.0
20151023210110,0.2,0.6,0.2,0.1,99.0,0.0,0.0,0.0
20151023210140,0.6,1.9,0.1,0.0,97.2,0.0,0.1,0.1
20151023210211,0.5,2.2,0.5,0.0,96.5,0.0,0.1,0.1
20151023210241,0.2,0.7,0.1,0.1,98.5,0.0,0.1,0.3
20151023210311,0.1,2.9,0.0,0.1,95.6,0.0,0.3,1.0
20151023210341,0.6,0.7,0.2,0.1,94.6,0.2,0.4,3.1
20151023210411,0.9,1.0,0.2,0.1,71.9,3.7,5.7,16.5
20151023210441,1.1,0.1,0.6,0.1,44.8,6.5,39.4,7.6
20151023210511,1.6,0.1,0.0,0.0,57.1,14.0,20.9,6.3
20151023210541,0.3,0.0,0.0,0.0,3.4,30.7,56.2,9.3
20151023210611,0.3,0.0,0.0,0.0,7.8,75.4,10.1,6.5
20151023210641,0.8,0.0,0.1,0.0,10.9,74.0,9.5,4.8
20151023210711,1.6,0.0,0.0,0.0,3.1,85.1,5.5,4.6
20151023210741,0.3,0.0,0.0,0.0,1.8,14.4,79.7,3.7
20151023210811,2.0,0.0,0.0,0.0,6.7,52.9,28.5,10.0
20151023210841,0.4,0.0,0.0,0.0,1.1,74.3,22.8,1.4
20151023210911,1.3,0.0,0.0,0.0,5.4,50.1,21.7,21.4
20151023210941,1.3,0.0,0.1,0.1,14.0,54.1,11.3,19.1
20151023211011,2.6,0.0,0.0,0.2,9.0,81.0,4.1,3.1
20151023211041,3.3,0.1,0.1,1.4,70.6,16.2,5.4,2.9
20151023211111,3.1,0.0,0.0,0.1,84.0,10.1,1.2,1.5
20151023211141,2.8,0.1,0.0,1.6,95.3,0.1,0.0,0.0
20151023211211,55.6,18.1,0.0,5.2,21.0,0.0,0.0,0.0
20151023211241,1.6,0.8,0.0,8.4,88.1,1.2,0.0,0.0
20151023211311,4.0,0.1,0.3,2.8,92.5,0.2,0.0,0.1
20151023211341,4.8,26.7,0.7,25.8,41.9,0.1,0.0,0.0
20151023211411,2.3,24.9,0.0,27.8,44.9,0.0,0.0,0.0
20151023211441,1.4,14.5,0.0,53.3,30.7,0.0,0.0,0.0
20151023211511,0.5,0.2,0.1,2.0,96.9,0.0,0.1,0.1
20151023211541,7.8,1.5,0.0,19.8,70.9,0.0,0.0,0.0
20151023211611,0.5,3.1,0.0,0.7,95.6,0.0,0.0,0.0
20151023211641,4.0,4.8,0.0,4.7,86.5,0.0,0.0,0.0
20151023211711,1.8,5.1,0.0,2.2,90.9,0.0,0.0,0.0
20151023211741,1.0,32.9,0.0,2.3,63.8,0.0,0.0,0.0
20151023211811,0.1,7.7,0.0,2.0,90.3,0.0,0.0,0.0
20151023211841,1.5,15.1,0.0,2.4,80.9,0.0,0.0,0.0
20151023211911,0.2,23.7,0.1,1.0,75.1,0.0,0.0,0.0
20151023211941,0.0,8.3,0.4,2.6,88.6,0.0,0.0,0.0
20151023212011,0.2,43.3,0.4,0.2,55.8,0.0,0.0,0.0
20151023212041,0.2,9.4,0.1,1.3,89.1,0.0,0.0,0.0
20151023212111,0.6,37.5,0.0,11.0,50.8,0.0,0.0,0.0
20151023212141,1.2,48.3,0.2,24.2,26.2,0.0,0.0,0.0
20151023212211,2.2,62.4,0.0,13.8,21.6,0.0,0.0,0.0
20151023212241,2.2,27.4,0.0,61.0,9.4,0.0,0.0,0.0
20151023212311,0.1,89.6,0.1,7.1,3.2,0.0,0.0,0.0
20151023212341,0.4,56.8,0.4,29.8,12.6,0.0,0.0,0.0
20151023212411,1.7,33.6,0.1,3.6,61.0,0.0,0.0,0.0
20151023212441,0.1,1.5,0.0,0.5,97.8,0.0,0.0,0.0
20151023212511,0.0,28.6,0.1,0.5,70.8,0.0,0.0,0.0
20151023212541,0.1,81.7,0.0,4.1,14.1,0.0,0.0,0.0
20151023212611,1.4,68.3,0.0,3.5,26.8,0.0,0.0,0.0
20151023212641,0.5,38.3,0.0,1.3,59.9,0.0,0.0,0.0
20151023212711,0.1,27.7,0.0,1.6,70.6,0.0,0.0,0.0
20151023212741,0.5,43.7,0.0,0.4,55.4,0.0,0.0,0.0
20151023212811,0.1,12.7,0.0,0.3,87.0,0.0,0.0,0.0
20151023212841,0.0,17.6,0.0,1.5,80.9,0.0,0.0,0.0
20151023212911,0.0,8.4,0.0,0.1,91.5,0.0,0.0,0.0
20151023212941,0.0,46.1,0.0,0.8,53.2,0.0,0.0,0.0
20151023213011,0.0,5.4,0.0,0.3,94.3,0.0,0.0,0.0
20151023213041,0.0,19.7,0.0,0.3,80.0,0.0,0.0,0.0
20151023213111,0.0,43.5,0.0,0.3,56.2,0.0,0.0,0.0
20151023213141,0.0,14.0,0.0,1.3,84.7,0.0,0.0,0.0
20151023213211,0.0,21.1,0.0,2.3,76.6,0.0,0.0,0.0
20151023213241,0.0,1.6,0.0,2.4,96.0,0.0,0.0,0.0
20151023213311,0.0,0.3,0.0,0.6,99.1,0.0,0.0,0.0
20151023213341,0.0,1.0,0.0,5.5,93.5,0.0,0.0,0.0
20151023213411,0.0,66.3,0.0,10.2,23.5,0.0,0.0,0.0
20151023213441,0.0,0.7,0.0,2.0,97.3,0.0,0.0,0.0
20151023213511,0.0,0.3,0.0,1.0,98.7,0.0,0.0,0.0
20151023213541,0.0,13.4,0.0,12.0,74.6,0.0,0.0,0.0
20151023213612,0.0,53.0,0.0,0.1,46.8,0.0,0.0,0.0
20151023213642,3.9,30.2,0.8,15.7,49.3,0.0,0.0,0.0
20151023213712,1.9,76.1,0.0,0.7,21.2,0.0,0.0,0.0
20151023213742,0.0,27.7,0.0,70.6,1.6,0.0,0.0,0.0
20151023213812,0.7,21.8,0.0,37.0,40.4,0.0,0.0,0.0
20151023213842,0.1,70.6,0.0,6.6,22.7,0.0,0.0,0.0
20151023213912,1.0,77.3,0.0,4.0,17.7,0.0,0.0,0.0
20151023213942,0.0,41.4,0.1,5.2,53.2,0.0,0.0,0.0
20151023214012,0.0,23.3,0.0,0.8,75.8,0.0,0.0,0.0
20151023214042,0.0,21.3,0.0,4.5,74.2,0.0,0.0,0.0
20151023214112,0.0,7.0,0.3,15.5,77.2,0.0,0.0,0.0
20151023214142,0.0,70.4,0.5,9.6,19.5,0.0,0.0,0.0
20151023214212,0.0,4.8,0.0,9.3,85.9,0.0,0.0,0.0
20151023214242,0.0,92.6,0.1,1.0,6.3,0.0,0.0,0.0
20151023214312,0.0,81.8,0.1,0.3,17.8,0.0,0.0,0.0
20151023214342,0.0,45.7,0.3,1.6,52.3,0.0,0.0,0.0
20151023214412,0.0,13.1,4.1,0.9,81.9,0.0,0.0,0.0
20151023214442,0.0,81.4,0.2,2.2,16.2,0.0,0.0,0.0
20151023214512,0.0,43.0,0.4,7.4,49.1,0.0,0.0,0.1
20151023214542,0.1,0.5,1.0,5.1,93.3,0.0,0.1,0.0
20151023214612,1.5,0.0,0.0,1.6,96.9,0.0,0.0,0.0
20151023214642,0.7,9.1,0.2,6.4,83.6,0.0,0.0,0.0
20151023214712,0.0,0.1,0.1,0.2,99.6,0.0,0.0,0.0
20151023214742,0.0,38.3,0.0,3.3,58.4,0.0,0.0,0.0
20151023214812,0.1,78.6,0.0,8.3,13.0,0.0,0.0,0.0
20151023214842,0.0,3.9,0.0,4.5,91.6,0.0,0.0,0.0
20151023214912,0.0,77.1,0.0,0.5,22.4,0.0,0.0,0.0
20151023214942,0.0,38.3,2.5,1.2,57.9,0.0,0.0,0.0
20151023215012,0.0,7.5,1.2,4.1,87.1,0.0,0.0,0.1
20151023215042,0.0,0.6,0.2,3.1,96.1,0.0,0.0,0.0
20151023215112,0.0,0.6,0.1,0.5,98.8,0.0,0.0,0.0
20151023215142,0.1,50.4,0.2,1.3,47.8,0.0,0.0,0.1
20151023215212,0.0,8.2,0.3,0.2,91.2,0.0,0.0,0.0
20151023215242,0.0,4.2,0.1,3.5,92.1,0.0,0.0,0.0
20151023215312,0.3,9.8,0.8,17.6,71.5,0.0,0.0,0.0
20151023215342,0.3,1.3,2.4,30.3,61.1,0.0,4.6,0.1
20151023215412,0.6,0.6,2.4,28.8,66.9,0.0,0.6,0.2
20151023215442,0.3,7.6,0.4,4.7,86.9,0.0,0.0,0.0
20151023215512,0.4,0.7,2.3,16.2,80.4,0.0,0.1,0.0
20151023215542,0.3,16.7,0.3,4.5,78.2,0.0,0.0,0.0
20151023215612,2.5,1.9,4.5,1.6,89.4,0.0,0.0,0.0
20151023215642,0.5,0.2,0.4,53.3,44.4,0.0,0.6,0.6
20151023215712,0.6,2.3,1.3,30.5,55.0,0.1,1.7,8.4
20151023215742,0.1,0.1,0.1,91.5,3.8,0.0,0.9,3.6
20151023215812,0.6,0.8,2.7,78.5,11.4,0.0,0.2,5.8
20151023215842,0.1,0.1,0.2,97.1,0.4,0.0,0.6,1.4
20151023215912,0.2,0.5,0.4,96.6,0.8,0.0,0.2,1.3
20151023215942,1.3,1.2,0.6,75.4,19.4,0.0,0.2,1.9
20151023220012,9.4,0.0,0.0,30.7,59.8,0.0,0.0,0.0
20151023220042,24.8,0.3,0.0,28.2,46.7,0.0,0.0,0.0
20151023220112,0.4,0.6,0.0,94.1,4.9,0.0,0.0,0.0
20151023220142,0.1,0.2,0.1,94.7,4.7,0.0,0.0,0.1
20151023220212,0.1,0.1,0.2,93.2,0.4,0.0,5.8,0.2
20151023220242,0.0,0.2,0.0,94.5,1.7,0.0,2.4,1.2
20151023220312,0.4,3.1,0.3,54.8,10.4,0.0,10.4,20.6
20151023220343,0.0,0.3,0.3,97.4,0.8,0.0,1.0,0.2
20151023220413,0.0,0.4,0.8,84.5,13.6,0.0,0.5,0.2
20151023220443,0.1,0.5,0.6,95.4,2.1,0.0,0.6,0.6
20151023220513,0.3,0.2,4.8,90.7,2.8,0.0,0.9,0.2
20151023220543,0.2,0.4,2.1,67.2,23.9,0.0,2.4,3.8
20151023220613,0.1,0.3,0.2,94.9,3.7,0.0,0.3,0.6
20151023220643,0.1,0.7,1.8,85.2,2.2,0.0,8.7,1.2
20151023220713,0.0,0.2,0.9,70.3,7.9,0.0,19.7,0.9
20151023220743,0.0,0.0,0.4,9.8,1.0,0.0,85.0,3.6
20151023220813,0.0,0.1,0.8,71.8,2.6,0.0,21.2,3.4
20151023220843,0.0,0.0,0.1,58.2,0.3,0.0,40.7,0.6
20151023220913,0.3,0.0,1.4,35.2,8.3,0.0,40.2,14.5
20151023220943,0.1,0.1,0.4,50.9,2.3,0.1,20.0,26.1
20151023221013,0.1,0.0,0.5,93.7,0.9,0.0,3.0,1.7
20151023221043,0.0,0.0,0.2,36.5,0.3,0.0,59.4,3.6
