UT,arc,discrete,diffuse,ac,ab,clear,cloudy,dd
20151001165200,0.0,0.0,0.0,0.0,0.0,0.0,0.0,100.0
20151001165230,0.0,0.0,0.0,0.0,0.0,0.0,0.0,100.0
20151001165300,0.0,0.0,0.0,0.0,0.0,0.0,0.0,100.0
20151001165330,0.0,0.0,0.0,0.0,0.0,0.0,0.0,100.0
20151001165400,0.0,0.0,0.0,0.0,0.0,0.0,0.0,100.0
20151001165430,0.0,0.0,0.0,0.0,0.0,0.0,0.0,100.0
20151001165500,0.0,0.0,0.0,0.0,0.0,0.0,0.0,100.0
20151001165530,0.0,0.0,0.0,0.0,0.0,0.0,0.0,100.0
20151001165600,0.0,0.0,0.0,0.0,0.0,0.0,0.0,100.0
20151001165630,0.0,0.0,0.0,0.0,0.0,0.0,0.0,100.0
20151001165700,0.0,0.0,0.0,0.0,0.0,0.0,0.0,100.0
20151001165730,0.0,0.0,0.0,0.0,0.0,0.0,0.0,100.0
20151001165800,0.0,0.0,0.0,0.0,0.0,0.0,0.0,100.0
20151001165830,0.0,0.0,0.0,0.0,0.0,0.0,0.0,100.0
20151001165900,0.0,0.0,0.0,0.0,0.0,0.0,0.0,100.0
20151001165930,0.0,0.0,0.0,0.0,0.0,0.0,0.0,100.0
20151001170000,0.0,0.0,0.0,0.0,0.0,0.0,0.0,100.0
20151001170030,0.0,0.0,0.0,0.0,0.0,0.0,0.0,100.0
20151001170100,0.0,0.0,0.0,0.0,0.0,0.0,0.0,100.0
20151001170130,0.0,0.0,0.0,0.0,0.0,0.0,0.0,100.0
20151001170200,0.0,0.0,0.0,0.0,0.0,0.0,0.0,100.0
20151001170230,0.0,0.0,0.0,0.0,0.0,0.0,0.0,100.0
20151001170300,0.0,0.0,0.0,0.0,0.0,0.0,0.0,100.0
20151001170330,0.0,0.0,0.0,0.0,0.0,0.0,0.0,100.0
20151001170400,0.0,0.0,0.0,0.0,0.0,0.0,0.0,100.0
20151001170430,0.0,0.0,0.0,0.0,0.0,0.0,0.0,100.0
20151001170500,0.0,0.0,0.0,0.0,0.0,0.0,0.0,100.0
20151001170530,0.0,0.0,0.0,0.0,0.0,0.0,0.0,100.0
20151001170600,0.0,0.0,0.0,0.0,0.0,0.0,0.0,100.0
20151001170630,0.0,0.0,0.0,0.0,0.0,0.0,0.0,100.0
20151001170700,0.0,0.0,0.0,0.0,0.0,0.0,0.0,100.0
20151001170730,0.0,0.0,0.0,0.0,0.0,0.0,0.0,100.0
20151001170800,0.0,0.0,0.0,0.0,0.0,0.0,0.0,100.0
20151001170830,0.0,0.0,0.0,0.0,0.0,0.0,0.0,100.0
20151001170900,0.0,0.0,0.0,0.0,0.0,0.0,0.0,100.0
20151001170930,0.0,0.0,0.0,0.0,0.0,0.0,0.0,100.0
20151001171000,0.0,0.0,0.0,0.0,0.0,0.0,0.0,100.0
20151001171030,0.0,0.0,0.0,0.0,0.0,0.0,0.0,100.0
20151001171100,0.0,0.0,0.0,0.0,0.0,0.0,0.0,100.0
20151001171131,0.0,0.0,0.0,0.0,0.0,0.0,0.0,100.0
20151001171201,0.0,0.0,0.0,0.0,0.0,0.0,0.0,100.0
20151001171231,0.0,0.0,0.0,0.0,0.0,0.0,0.0,100.0
20151001171301,0.0,0.0,0.0,0.0,0.0,0.0,0.0,100.0
20151001171331,0.0,0.0,0.0,0.0,0.0,0.0,0.0,100.0
20151001171401,0.0,0.0,0.0,0.0,0.0,0.0,0.0,100.0
20151001171431,0.0,0.0,0.0,0.0,0.0,0.0,0.0,100.0
20151001171501,0.0,0.0,0.0,0.0,0.0,0.0,0.0,100.0
20151001171531,0.0,0.0,0.0,0.0,0.0,0.0,0.0,100.0
20151001171601,0.0,0.0,0.0,0.0,0.0,0.0,0.0,100.0
20151001171631,0.0,0.0,0.0,0.0,0.0,0.0,0.0,100.0
20151001171701,0.0,0.0,0.0,0.0,0.0,0.0,0.0,100.0
20151001171731,0.0,0.0,0.0,0.0,0.0,0.0,0.0,100.0
20151001171801,0.0,0.0,0.0,0.0,0.0,0.0,0.0,100.0
20151001171831,0.0,0.0,0.0,0.0,0.0,0.0,0.0,100.0
20151001171901,0.0,0.0,0.0,0.0,0.0,0.0,0.0,100.0
20151001171931,0.0,0.0,0.0,0.0,0.0,0.0,0.0,100.0
20151001172001,0.0,0.0,0.0,0.0,0.0,0.0,0.0,100.0
20151001172031,0.0,0.0,0.0,0.0,0.0,0.0,0.0,100.0
20151001172101,0.0,0.0,0.0,0.0,0.0,0.0,0.0,100.0
20151001172131,0.0,0.0,0.0,0.0,0.0,0.0,0.0,100.0
20151001172201,0.0,0.0,0.0,0.0,0.0,0.0,0.0,100.0
20151001172231,0.0,0.0,0.0,0.0,0.0,0.0,0.0,100.0
20151001172301,0.0,0.0,0.0,0.0,0.0,0.0,0.0,100.0
20151001172331,0.0,0.0,0.0,0.0,0.0,0.0,0.0,100.0
20151001172401,0.0,0.0,0.0,0.0,0.0,0.0,0.0,100.0
20151001172431,0.0,0.0,0.0,0.0,0.0,0.0,0.0,100.0
20151001172501,0.0,0.0,0.0,0.0,0.0,0.0,0.0,100.0
20151001172531,0.0,0.0,0.0,0.0,0.0,0.0,0.0,100.0
20151001172601,0.0,0.0,0.0,0.0,0.0,0.0,0.0,100.0
20151001172631,0.0,0.0,0.0,0.0,0.0,0.0,0.0,100.0
20151001172701,0.0,0.0,0.0,0.0,0.0,0.0,0.0,100.0
20151001172731,0.0,0.0,0.0,0.0,0.0,0.0,0.0,100.0
20151001172801,0.0,0.0,0.0,0.0,0.0,0.0,0.0,100.0
20151001172831,0.0,0.0,0.0,0.0,0.0,0.0,0.0,100.0
20151001172901,0.0,0.0,0.0,0.0,0.0,0.0,0.0,100.0
20151001172931,0.0,0.0,0.0,0.0,0.0,0.0,0.0,100.0
20151001173001,0.0,0.0,0.0,0.0,0.0,0.0,0.0,100.0
20151001173031,0.0,0.0,0.0,0.0,0.0,0.0,0.0,100.0
20151001173101,0.0,0.0,0.0,0.0,0.0,0.0,0.0,100.0
20151001173131,0.0,0.0,0.0,0.0,0.0,0.0,0.0,100.0
20151001173201,0.0,0.0,0.0,0.0,0.0,0.0,0.0,100.0
20151001173231,0.0,0.0,0.0,0.0,0.0,0.0,0.0,100.0
20151001173301,0.0,0.0,0.0,0.0,0.0,0.0,0.0,100.0
20151001173331,0.0,0.0,0.0,0.0,0.0,0.0,0.0,100.0
20151001173401,0.0,0.0,0.0,0.0,0.0,0.0,0.0,100.0
20151001173431,0.0,0.0,0.0,0.0,0.0,0.0,0.0,100.0
20151001173501,0.0,0.0,0.0,0.0,0.0,0.0,0.0,100.0
20151001173531,0.0,0.0,0.0,0.0,0.0,0.0,0.0,100.0
20151001173601,0.0,0.0,0.0,0.0,0.0,0.0,0.0,100.0
20151001173631,0.0,0.0,0.0,0.0,0.0,0.0,0.0,100.0
20151001173701,0.0,0.0,0.0,0.0,0.0,0.0,0.0,100.0
20151001173731,0.0,0.0,0.0,0.0,0.0,0.0,0.0,100.0
20151001173801,0.0,0.0,0.0,0.0,0.0,0.0,0.0,100.0
20151001173831,0.0,0.0,0.0,0.0,0.0,0.0,0.0,100.0
20151001173901,0.0,0.0,0.0,0.0,0.0,0.0,0.0,100.0
20151001173931,0.0,0.0,0.0,0.0,0.0,0.0,0.0,100.0
20151001174001,0.0,0.0,0.0,0.0,0.0,0.0,0.0,100.0
20151001174031,0.0,0.0,0.0,0.0,0.0,0.0,0.0,100.0
20151001174101,0.0,0.0,0.0,0.0,0.0,0.0,0.0,100.0
20151001174131,0.0,0.0,0.0,0.0,0.0,0.0,0.0,100.0
20151001174201,0.0,0.0,0.0,0.0,0.0,0.0,0.0,100.0
20151001174231,0.0,0.0,0.0,0.0,0.0,0.0,0.0,100.0
20151001174301,0.0,0.0,0.0,0.0,0.0,0.0,0.0,100.0
20151001174331,0.0,0.0,0.0,0.0,0.0,0.0,0.0,100.0
20151001174401,0.0,0.0,0.0,0.0,0.0,0.0,0.0,100.0
20151001174431,0.0,0.0,0.0,0.0,0.0,0.0,0.0,100.0
20151001174501,0.0,0.0,0.0,0.0,0.0,0.0,0.0,100.0
20151001174531,0.0,0.0,0.0,0.0,0.0,0.0,0.0,100.0
20151001174602,0.0,0.0,0.0,0.0,0.0,0.0,0.0,100.0
20151001174632,0.0,0.0,0.0,0.0,0.0,0.0,0.0,100.0
20151001174702,0.0,0.0,0.0,0.0,0.0,0.0,0.0,100.0
20151001174732,0.0,0.0,0.0,0.0,0.0,0.0,0.0,100.0
20151001174802,0.0,0.0,0.0,0.0,0.0,0.0,0.0,100.0
20151001174832,0.0,0.0,0.0,0.0,0.0,0.0,0.0,100.0
20151001174902,0.0,0.0,0.0,0.0,0.0,0.0,0.0,100.0
20151001174932,0.0,0.0,0.0,0.0,0.0,0.0,0.0,100.0
20151001175002,0.0,0.0,0.0,0.0,0.0,0.0,0.0,100.0
20151001175032,0.0,0.0,0.0,0.0,0.0,0.0,0.0,100.0
20151001175102,0.0,0.0,0.0,0.0,0.0,0.0,0.0,100.0
20151001175132,0.0,0.0,0.0,0.0,0.0,0.0,0.0,100.0
20151001175332,0.0,0.0,0.0,0.0,0.0,0.0,0.0,100.0
20151001175402,0.0,0.0,0.0,0.0,0.0,0.0,0.0,100.0
20151001175432,0.0,0.0,0.0,0.0,0.0,0.0,0.0,100.0
20151001175502,0.0,0.0,0.0,0.0,0.0,0.0,0.0,100.0
20151001175532,0.0,0.0,0.0,0.0,0.0,0.0,0.0,100.0
20151001175602,0.0,0.0,0.0,0.0,0.0,0.0,0.0,100.0
20151001175632,0.0,0.0,0.0,0.0,0.0,0.0,0.0,100.0
20151001175702,0.0,0.0,0.0,0.0,0.0,0.0,0.0,100.0
20151001175732,0.0,0.0,0.0,0.0,0.0,0.0,0.0,100.0
20151001175802,0.0,0.0,0.0,0.0,0.0,0.0,0.0,100.0
20151001175832,0.0,0.0,0.0,0.0,0.0,0.0,0.0,100.0
20151001175902,0.0,0.0,0.0,0.0,0.0,0.0,0.0,100.0
20151001175932,0.0,0.0,0.0,0.0,0.0,0.0,0.0,100.0
20151001180002,0.0,0.0,0.0,0.0,0.0,0.0,0.0,100.0
20151001180032,0.0,0.0,0.0,0.0,0.0,0.0,0.0,100.0
20151001180102,0.0,0.0,0.0,0.0,0.0,0.0,0.0,100.0
20151001180132,0.0,0.0,0.0,0.0,0.0,0.0,0.0,100.0
20151001180202,0.0,0.0,0.0,0.0,0.0,0.0,0.0,100.0
20151001180232,0.0,0.0,0.0,0.0,0.0,0.0,0.0,100.0
20151001180302,0.0,0.0,0.0,0.0,0.0,0.0,0.0,100.0
20151001180332,0.0,0.0,0.0,0.0,0.0,0.0,0.0,100.0
20151001180402,0.0,0.0,0.0,0.0,0.0,0.0,0.0,100.0
20151001180432,0.0,0.0,0.0,0.0,0.0,0.0,0.0,100.0
20151001180502,0.0,0.0,0.0,0.0,0.0,0.0,0.0,100.0
20151001180532,0.0,0.0,0.0,0.0,0.0,0.0,0.0,100.0
20151001180602,0.0,0.0,0.0,0.0,0.0,0.0,0.0,100.0
20151001180632,0.0,0.0,0.0,0.0,0.0,0.0,0.0,100.0
20151001180702,0.0,0.0,0.0,0.0,0.0,0.0,0.0,100.0
20151001180732,0.0,0.0,0.0,0.0,0.0,0.0,0.0,100.0
20151001180802,0.0,0.0,0.0,0.0,0.0,0.0,0.0,100.0
20151001180832,0.0,0.0,0.0,0.0,0.0,0.0,0.0,100.0
20151001180902,0.0,0.0,0.0,0.0,0.0,0.0,0.0,100.0
20151001180932,0.0,0.0,0.0,0.0,0.0,0.0,0.0,100.0
20151001181002,0.0,0.0,0.0,0.0,0.0,0.0,0.0,100.0
20151001181032,0.0,0.0,0.0,0.0,0.0,0.0,0.0,100.0
20151001181102,0.0,0.0,0.0,0.0,0.0,0.0,0.0,100.0
20151001181132,0.0,0.0,0.0,0.0,0.0,0.0,0.0,100.0
20151001181202,0.0,0.0,0.0,0.0,0.0,0.0,0.0,100.0
20151001181232,0.0,0.0,0.0,0.0,0.0,0.0,0.0,100.0
20151001181302,0.0,0.0,0.0,0.0,0.0,0.0,0.0,100.0
20151001181333,0.0,0.0,0.0,0.0,0.0,0.0,0.0,100.0
20151001181403,0.0,0.0,0.0,0.0,0.0,0.0,0.0,100.0
20151001181433,0.0,0.0,0.0,0.0,0.0,0.0,0.0,100.0
20151001181503,0.0,0.0,0.0,0.0,0.0,0.0,0.1,99.9
20151001181533,0.0,0.0,0.0,0.0,0.0,0.0,0.0,100.0
20151001181603,0.0,0.0,0.0,0.0,0.0,0.0,0.1,99.9
20151001181633,0.0,0.0,0.0,0.0,0.0,0.0,0.2,99.8
20151001181703,0.0,0.0,0.0,0.0,0.0,0.0,0.1,99.9
20151001181733,0.0,0.0,0.0,0.0,0.0,0.0,0.0,99.9
20151001181803,0.0,0.0,0.0,0.0,0.0,0.0,0.2,99.8
20151001181833,0.0,0.0,0.0,0.0,0.0,0.0,0.1,99.9
20151001181903,0.0,0.0,0.0,0.0,0.0,0.0,0.4,99.6
20151001181933,0.0,0.0,0.0,0.0,0.0,0.0,0.6,99.4
20151001182003,0.0,0.0,0.0,0.0,0.0,0.0,0.3,99.7
20151001182033,0.0,0.0,0.0,0.0,0.0,0.0,1.0,98.9
20151001182103,0.0,0.0,0.0,0.0,0.0,0.0,2.1,97.9
20151001182133,0.0,0.0,0.0,0.0,0.0,0.0,1.1,98.9
20151001182203,0.0,0.0,0.0,0.0,0.0,0.0,6.3,93.7
20151001182233,0.0,0.0,0.0,0.0,0.0,0.0,1.4,98.6
20151001182303,0.0,0.0,0.0,0.0,0.0,0.0,3.0,96.9
20151001182333,0.0,0.0,0.0,0.0,0.0,0.0,2.1,97.9
20151001182403,0.0,0.0,0.0,0.2,0.0,0.0,17.5,82.3
20151001182433,0.0,0.0,0.0,0.0,0.0,0.0,4.2,95.8
20151001182503,0.0,0.0,0.0,0.0,0.0,0.0,15.1,84.8
20151001182533,0.0,0.0,0.0,0.0,0.0,0.0,11.4,88.5
20151001182603,0.0,0.0,0.0,0.0,0.0,0.0,10.1,89.9
20151001182633,0.0,0.0,0.0,0.0,0.0,0.0,19.9,80.0
20151001182703,0.0,0.0,0.0,0.0,0.0,0.0,13.5,86.5
20151001182733,0.0,0.0,0.0,0.0,0.0,0.0,28.8,71.1
20151001182803,0.0,0.0,0.0,0.2,0.0,0.0,32.2,67.6
20151001182833,0.0,0.0,0.0,0.9,0.0,0.0,28.5,70.6
20151001182903,0.0,0.0,0.0,7.4,0.0,0.0,6.6,85.9
20151001182933,0.0,0.0,0.0,90.7,0.0,0.0,1.9,7.3
20151001183003,0.0,0.0,0.0,49.9,0.0,0.0,5.1,44.9
20151001183033,0.0,0.0,0.0,96.7,0.0,0.0,0.7,2.6
20151001183103,0.0,0.0,0.0,60.9,0.1,0.0,26.9,12.0
20151001183133,0.0,0.0,0.0,6.5,0.0,0.0,86.2,7.3
20151001183203,0.0,0.0,0.0,28.8,0.0,0.0,62.7,8.4
20151001183233,0.0,0.0,0.0,95.8,0.0,0.0,2.2,2.0
20151001183303,0.0,0.0,0.0,96.8,0.0,0.0,0.3,2.8
20151001183333,0.0,0.0,0.0,91.1,0.0,0.0,4.2,4.7
20151001183403,0.0,0.0,0.0,79.7,0.0,0.0,10.8,9.5
20151001183433,0.0,0.0,0.0,5.3,0.0,0.0,91.4,3.3
20151001183503,0.0,0.0,0.0,3.5,0.0,0.0,89.4,7.0
20151001183533,0.0,0.0,0.0,1.6,0.0,0.0,89.1,9.4
20151001183603,0.0,0.0,0.0,2.3,0.0,0.0,67.5,30.2
20151001183633,0.0,0.0,0.0,3.7,0.0,0.0,94.8,1.6
20151001183703,0.0,0.0,0.0,21.1,0.0,0.0,53.0,25.8
20151001183733,0.0,0.0,0.0,24.5,0.0,0.0,67.3,8.3
20151001183803,0.0,0.0,0.0,19.9,0.0,0.0,55.1,24.9
20151001183833,0.0,0.0,0.0,65.1,0.0,0.0,14.6,20.3
20151001183903,0.0,0.0,0.0,98.4,0.0,0.0,0.2,1.4
20151001183933,0.0,0.0,0.0,86.3,0.0,0.0,6.7,6.9
20151001184003,0.0,0.0,0.0,72.3,0.0,0.0,3.6,24.0
20151001184033,0.0,0.0,0.0,63.2,0.0,0.0,2.7,34.1
20151001184103,0.0,0.0,0.0,92.3,0.0,0.0,1.0,6.8
20151001184133,0.0,0.0,0.0,89.8,0.0,0.0,0.6,9.6
20151001184203,0.0,0.0,0.0,75.6,0.0,0.0,18.6,5.7
20151001184233,0.0,0.0,0.0,37.5,0.0,0.0,32.2,30.2
20151001184303,0.0,0.0,0.0,37.9,0.0,0.0,15.5,46.6
20151001184333,0.0,0.0,0.0,36.4,0.0,0.0,34.2,29.4
20151001184403,0.0,0.0,0.0,30.6,0.0,0.0,34.8,34.5
20151001184433,0.0,0.0,0.0,5.8,0.0,0.0,81.9,12.3
20151001184503,0.0,0.0,0.0,15.7,0.0,0.1,70.0,14.2
20151001184533,0.0,0.0,0.0,23.1,0.0,0.0,51.4,25.5
20151001184603,0.0,0.0,0.0,99.1,0.0,0.0,0.6,0.3
20151001184633,0.0,0.0,0.0,95.1,0.0,0.0,2.7,2.2
20151001184703,0.0,0.0,0.0,99.5,0.0,0.0,0.1,0.4
20151001184734,0.0,0.0,0.0,35.4,0.0,0.0,43.1,21.5
20151001184804,0.0,0.0,0.0,5.2,0.0,0.0,91.1,3.6
20151001184834,0.0,0.0,0.0,0.8,0.0,0.0,67.2,32.1
20151001184904,0.0,0.0,0.0,0.2,0.0,0.0,64.8,35.0
20151001184934,0.0,0.0,0.0,0.1,0.0,0.0,71.1,28.7
20151001185004,0.0,0.0,0.0,0.3,0.0,0.0,33.2,66.5
20151001185034,0.0,0.0,0.0,1.2,0.0,0.0,83.1,15.7
20151001185104,0.0,0.0,0.0,0.1,0.0,0.0,89.2,10.8
20151001185134,0.0,0.0,0.0,0.0,0.0,0.0,84.7,15.2
20151001185204,0.0,0.0,0.0,0.4,0.0,0.0,74.1,25.4
20151001185234,0.0,0.0,0.0,2.2,0.0,0.1,67.6,30.1
20151001185304,0.0,0.0,0.0,2.9,0.0,0.0,18.7,78.4
20151001185334,0.0,0.0,0.0,2.8,0.0,0.0,46.0,51.2
20151001185404,0.0,0.0,0.0,0.7,0.0,0.0,20.4,78.8
20151001185434,0.0,0.0,0.0,0.4,0.0,0.0,37.5,62.0
20151001185504,0.0,0.0,0.0,0.6,0.0,0.0,40.4,59.0
20151001185534,0.0,0.0,0.0,0.4,0.0,0.0,51.4,48.2
20151001185604,0.0,0.0,0.0,0.3,0.0,0.0,78.2,21.4
20151001185634,0.0,0.0,0.0,0.3,0.0,0.0,98.2,1.4
20151001185704,0.0,0.0,0.0,0.4,0.0,0.0,99.4,0.2
20151001185734,0.0,0.0,0.0,0.6,0.0,0.0,84.2,15.2
20151001185804,0.0,0.0,0.0,1.5,0.0,0.0,97.7,0.8
20151001185834,0.0,0.0,0.0,1.0,0.0,0.0,83.7,15.3
20151001185904,0.0,0.0,0.0,1.2,0.0,0.0,86.9,11.8
20151001185934,0.0,0.0,0.0,2.7,0.0,0.0,86.1,11.2
20151001190004,0.0,0.0,0.0,0.1,0.0,0.0,30.8,69.0
20151001190034,0.0,0.0,0.0,0.1,0.0,0.0,29.0,70.9
20151001190104,0.0,0.0,0.0,0.2,0.0,0.0,48.3,51.5
20151001190134,0.0,0.0,0.0,0.2,0.0,0.0,85.2,14.7
20151001190204,0.0,0.0,0.0,0.0,0.0,0.0,95.9,4.0
20151001190234,0.0,0.0,0.0,0.0,0.0,0.0,33.2,66.8
20151001190304,0.0,0.0,0.0,0.2,0.0,0.0,85.9,13.9
20151001190334,0.0,0.0,0.0,0.2,0.0,0.0,48.4,51.4
20151001190404,0.0,0.0,0.0,0.0,0.0,0.0,98.0,1.9
20151001190434,0.0,0.0,0.0,0.1,0.0,0.0,85.7,14.3
20151001190504,0.0,0.0,0.0,0.2,0.0,0.0,81.6,18.1
20151001190534,0.0,0.0,0.0,0.5,0.0,0.0,82.4,17.1
20151001190604,0.0,0.0,0.0,0.2,0.0,0.0,88.0,11.8
20151001190634,0.0,0.0,0.0,0.2,0.0,0.0,97.2,2.5
20151001190704,0.0,0.0,0.0,2.3,0.0,0.0,95.3,2.4
20151001190734,0.0,0.0,0.0,1.3,0.0,0.0,62.9,35.7
20151001190804,0.0,0.0,0.0,2.8,0.0,0.0,76.4,20.7
20151001190834,0.0,0.0,0.0,1.0,0.0,0.0,87.3,11.7
20151001190904,0.0,0.0,0.0,2.5,0.0,0.0,84.5,13.0
20151001190934,0.0,0.0,0.0,2.1,0.0,0.0,78.1,19.8
20151001191004,0.0,0.0,0.0,0.6,0.0,0.0,96.2,3.2
20151001191034,0.0,0.0,0.0,0.2,0.0,0.0,87.0,12.7
20151001191104,0.0,0.0,0.0,0.1,0.0,0.0,95.5,4.4
20151001191134,0.0,0.0,0.0,0.6,0.0,0.0,78.7,20.6
20151001191204,0.0,0.0,0.0,2.1,0.0,0.0,93.3,4.6
20151001191234,0.0,0.0,0.0,3.0,0.0,0.0,85.0,12.0
20151001191304,0.0,0.0,0.0,0.3,0.0,0.0,99.1,0.7
20151001191334,0.0,0.0,0.0,0.9,0.0,0.0,88.4,10.6
20151001191404,0.0,0.0,0.0,26.0,0.0,0.0,54.3,19.6
20151001191434,0.0,0.0,0.0,5.7,0.0,0.0,80.0,14.2
20151001191504,0.0,0.0,0.0,0.6,0.0,0.0,97.6,1.8
20151001191534,0.0,0.0,0.0,0.4,0.0,0.0,94.7,5.0
20151001191604,0.0,0.0,0.0,0.2,0.0,0.0,93.8,6.0
20151001191634,0.0,0.0,0.0,1.2,0.0,0.0,97.8,1.0
20151001191704,0.0,0.0,0.0,0.3,0.0,0.0,98.4,1.3
20151001191734,0.0,0.0,0.0,0.1,0.0,0.0,99.0,0.8
20151001191804,0.0,0.0,0.0,0.6,0.0,0.0,94.9,4.5
20151001191834,0.0,0.0,0.0,0.2,0.0,0.0,93.3,6.4
20151001191904,0.0,0.0,0.0,5.0,0.0,0.0,65.7,29.3
20151001191934,0.0,0.0,0.0,3.3,0.0,0.0,94.7,2.0
20151001192004,0.0,0.0,0.0,0.7,0.0,0.0,92.7,6.6
20151001192034,0.0,0.0,0.0,1.8,0.0,0.0,87.4,10.8
20151001192104,0.0,0.0,0.0,0.2,0.0,0.0,99.7,0.1
20151001192134,0.0,0.0,0.0,0.2,0.0,0.0,96.0,3.9
20151001192205,0.0,0.0,0.0,0.1,0.0,0.0,99.0,0.9
20151001192235,0.0,0.0,0.0,0.1,0.0,0.0,99.2,0.7
20151001192305,0.0,0.0,0.0,0.2,0.0,0.0,98.4,1.5
20151001192335,0.0,0.0,0.0,0.2,0.0,0.0,97.9,1.9
20151001192405,0.0,0.0,0.0,1.4,0.0,0.0,89.5,9.0
20151001192435,0.0,0.0,0.0,1.3,0.0,0.0,89.9,8.9
20151001192505,0.0,0.0,0.0,0.1,0.0,0.0,79.4,20.5
20151001192535,0.0,0.0,0.0,0.4,0.0,0.0,94.9,4.7
20151001192605,0.0,0.0,0.0,0.4,0.0,0.0,89.3,10.3
20151001192635,0.0,0.0,0.0,0.1,0.0,0.0,84.2,15.6
20151001192705,0.0,0.0,0.0,1.6,0.0,0.0,88.7,9.7
20151001192735,0.0,0.0,0.0,0.8,0.0,0.0,95.5,3.6
20151001192805,0.0,0.0,0.0,0.4,0.0,0.0,90.3,9.3
20151001192835,0.0,0.0,0.0,0.1,0.0,0.0,60.0,39.9
20151001192905,0.0,0.0,0.0,0.6,0.0,0.0,82.8,16.6
20151001192935,0.0,0.0,0.0,0.1,0.0,0.0,99.7,0.2
20151001193005,0.0,0.0,0.0,0.2,0.0,0.0,90.9,8.9
20151001193035,0.0,0.0,0.0,1.8,0.0,0.0,96.1,2.1
20151001193105,0.0,0.0,0.0,0.6,0.0,0.0,67.5,31.9
20151001193135,0.0,0.0,0.0,0.6,0.0,0.0,65.4,33.9
20151001193205,0.0,0.0,0.0,1.6,0.0,0.0,40.3,58.0
20151001193235,0.0,0.0,0.0,3.5,0.0,0.0,32.6,63.9
20151001193305,0.0,0.0,0.0,0.6,0.0,0.0,24.5,75.0
20151001193335,0.0,0.0,0.0,6.8,0.0,0.0,14.9,78.4
20151001193405,0.0,0.0,0.0,3.6,0.0,0.0,10.4,86.0
20151001193435,0.0,0.0,0.0,10.2,0.0,0.0,50.0,39.8
20151001193505,0.0,0.0,0.0,1.2,0.0,0.0,30.5,68.2
20151001193535,0.0,0.0,0.0,0.2,0.0,0.0,20.9,78.9
20151001193605,0.0,0.0,0.0,0.5,0.0,0.0,30.7,68.8
20151001193635,0.0,0.0,0.0,0.3,0.0,0.0,39.1,60.6
20151001193705,0.0,0.0,0.0,0.2,0.0,0.0,29.1,70.7
20151001193735,0.0,0.0,0.0,0.3,0.0,0.0,10.1,89.6
20151001193805,0.0,0.0,0.0,0.5,0.0,0.0,14.3,85.1
20151001193835,0.0,0.0,0.0,0.3,0.0,0.0,32.8,66.8
20151001193905,0.0,0.0,0.0,0.1,0.0,0.1,51.1,48.6
20151001193935,0.0,0.0,0.0,0.1,0.0,0.0,75.4,24.4
20151001194005,0.0,0.0,0.0,0.1,0.0,0.0,84.8,15.1
20151001194035,0.0,0.0,0.0,0.1,0.0,0.0,83.4,16.5
20151001194105,0.0,0.0,0.0,0.2,0.0,0.0,53.9,45.9
20151001194135,0.0,0.0,0.0,0.0,0.0,0.0,66.9,33.0
20151001194205,0.0,0.0,0.0,0.1,0.0,0.1,80.2,19.6
20151001194235,0.0,0.0,0.0,0.1,0.0,0.1,88.6,11.3
20151001194305,0.0,0.0,0.0,0.1,0.0,0.0,76.1,23.8
20151001194335,0.0,0.0,0.0,0.2,0.0,0.0,71.7,28.0
20151001194405,0.0,0.0,0.0,0.2,0.0,0.0,77.6,22.2
20151001194435,0.0,0.0,0.0,0.7,0.0,0.0,42.2,57.1
20151001194505,0.0,0.0,0.0,0.7,0.0,0.0,33.3,66.0
20151001194535,0.0,0.0,0.0,0.6,0.0,0.0,14.3,85.1
20151001194605,0.0,0.0,0.0,6.5,0.0,0.0,64.3,29.2
20151001194635,0.0,0.0,0.0,1.4,0.0,0.0,7.2,91.3
20151001194705,0.0,0.0,0.0,0.9,0.0,0.0,90.7,8.4
20151001194735,0.0,0.0,0.0,1.9,0.0,0.0,43.4,54.7
20151001194805,0.0,0.0,0.0,1.1,0.0,0.0,66.6,32.4
20151001194835,0.0,0.0,0.0,5.3,0.0,0.0,79.1,15.6
20151001194906,0.0,0.0,0.0,6.2,0.0,0.0,89.8,3.9
20151001194936,0.0,0.0,0.0,1.6,0.0,0.0,54.4,44.1
20151001195006,0.0,0.0,0.0,0.7,0.0,0.0,80.3,19.0
20151001195036,0.0,0.0,0.0,6.9,0.0,0.0,81.2,11.9
20151001195106,0.0,0.0,0.0,2.8,0.0,0.0,78.6,18.6
20151001195136,0.0,0.0,0.0,4.8,0.0,0.0,63.6,31.6
20151001195206,0.0,0.0,0.0,2.0,0.0,0.0,49.8,48.2
20151001195236,0.0,0.0,0.0,1.1,0.0,0.0,61.0,37.9
20151001195306,0.0,0.0,0.0,1.4,0.0,0.0,97.3,1.3
20151001195336,0.0,0.0,0.0,1.2,0.0,0.0,93.3,5.4
20151001195406,0.0,0.0,0.0,1.0,0.0,0.0,82.8,16.2
20151001195436,0.0,0.0,0.0,1.4,0.0,0.0,93.9,4.7
20151001195506,0.0,0.0,0.0,0.3,0.0,0.0,96.6,3.0
20151001195536,0.0,0.0,0.0,1.4,0.0,0.0,94.7,3.9
20151001195606,0.0,0.0,0.0,0.4,0.0,0.0,98.1,1.5
20151001195636,0.0,0.0,0.0,4.7,0.0,0.0,77.0,18.2
20151001195706,0.0,0.0,0.0,30.0,0.0,0.0,59.9,10.1
20151001195736,0.0,0.0,0.0,3.6,0.0,0.0,79.5,16.9
20151001195806,0.0,0.0,0.0,1.2,0.0,0.0,82.9,15.9
20151001195836,0.0,0.0,0.0,2.1,0.0,0.0,67.2,30.7
20151001195906,0.0,0.0,0.0,99.8,0.0,0.0,0.0,0.2
20151001195936,0.0,0.0,0.0,53.6,0.0,0.0,14.5,31.9
20151001200006,0.0,0.0,0.0,2.0,0.0,0.0,32.1,65.9
20151001200036,0.0,0.0,0.0,3.5,0.0,0.0,67.9,28.6
20151001200106,0.0,0.0,0.0,6.9,0.0,0.0,72.9,20.2
20151001200136,0.0,0.0,0.0,2.8,0.0,0.0,84.1,13.1
20151001200206,0.0,0.0,0.0,2.8,0.0,0.0,80.3,16.9
20151001200236,0.0,0.0,0.0,28.1,0.0,0.0,55.6,16.3
20151001200306,0.0,0.0,0.0,6.8,0.0,0.0,33.3,59.9
20151001200336,0.0,0.0,0.0,3.6,0.0,0.0,14.2,82.1
20151001200406,0.0,0.0,0.0,8.6,0.0,0.0,2.9,88.5
20151001200436,0.0,0.0,0.0,65.1,0.0,0.0,1.9,33.0
20151001200506,0.0,0.0,0.0,14.5,0.0,0.0,8.5,77.0
20151001200536,0.0,0.0,0.0,8.1,0.0,0.0,26.1,65.8
20151001200606,0.0,0.0,0.0,2.4,0.0,0.0,10.6,87.1
20151001200636,0.0,0.0,0.0,0.3,0.0,0.0,52.6,47.1
20151001200706,0.0,0.0,0.0,0.2,0.0,0.0,33.9,65.9
20151001200736,0.0,0.0,0.0,1.2,0.0,0.0,72.6,26.2
20151001200806,0.0,0.0,0.0,0.5,0.0,0.0,28.9,70.6
20151001200836,0.0,0.0,0.0,0.2,0.0,0.0,23.6,76.2
20151001200906,0.0,0.0,0.0,0.2,0.0,0.0,36.8,63.0
20151001200936,0.0,0.0,0.0,0.3,0.0,0.0,31.9,67.8
20151001201006,0.0,0.0,0.0,2.4,0.0,0.0,19.6,78.0
20151001201036,0.0,0.0,0.0,0.3,0.0,0.0,3.9,95.7
20151001201106,0.0,0.0,0.0,1.8,0.0,0.0,21.8,76.4
20151001201136,0.0,0.0,0.0,1.6,0.0,0.0,57.8,40.6
20151001201206,0.0,0.0,0.0,11.8,0.0,0.0,54.7,33.5
20151001201236,0.0,0.0,0.0,2.0,0.0,0.0,73.4,24.6
20151001201306,0.0,0.0,0.0,5.5,0.0,0.0,52.2,42.2
20151001201336,0.0,0.0,0.0,0.7,0.0,0.0,47.9,51.4
20151001201406,0.0,0.0,0.0,3.1,0.0,0.0,44.9,52.0
20151001201436,0.0,0.0,0.0,0.5,0.0,0.0,42.8,56.8
20151001201506,0.0,0.0,0.0,0.5,0.0,0.0,52.2,47.3
20151001201536,0.0,0.0,0.0,1.1,0.0,0.0,17.2,81.7
20151001201606,0.0,0.0,0.0,1.1,0.0,0.0,62.4,36.5
20151001201636,0.0,0.0,0.0,1.1,0.0,0.0,27.4,71.5
20151001201706,0.0,0.0,0.0,0.2,0.0,0.0,36.8,63.0
20151001201736,0.0,0.0,0.0,0.0,0.0,0.0,17.0,83.0
20151001201806,0.0,0.0,0.0,0.2,0.0,0.0,7.3,92.6
20151001201836,0.0,0.0,0.0,0.3,0.0,0.0,15.3,84.4
20151001201906,0.0,0.0,0.0,0.7,0.0,0.0,46.5,52.7
20151001201936,0.0,0.0,0.0,0.1,0.0,0.0,19.4,80.5
20151001202006,0.0,0.0,0.0,0.3,0.0,0.0,17.6,82.1
20151001202036,0.0,0.0,0.0,0.2,0.0,0.0,4.9,94.9
20151001202106,0.0,0.0,0.0,0.0,0.0,0.0,11.4,88.5
20151001202136,0.0,0.0,0.0,0.2,0.0,0.0,13.4,86.4
20151001202206,0.0,0.0,0.0,0.2,0.0,0.0,32.5,67.2
20151001202236,0.0,0.0,0.0,0.1,0.0,0.0,30.1,69.8
20151001202306,0.0,0.0,0.0,0.1,0.0,0.0,24.6,75.2
20151001202336,0.0,0.0,0.0,0.6,0.0,0.0,40.0,59.4
20151001202407,0.0,0.0,0.0,0.1,0.0,0.0,14.7,85.2
20151001202437,0.0,0.0,0.0,1.3,0.0,0.0,94.3,4.3
20151001202507,0.0,0.0,0.0,0.4,0.0,0.1,73.2,26.3
20151001202537,0.0,0.0,0.0,0.8,0.0,0.0,39.1,60.1
20151001202607,0.0,0.0,0.0,0.5,0.0,0.0,38.1,61.3
20151001202637,0.0,0.0,0.0,0.2,0.0,0.0,19.9,79.9
20151001202707,0.0,0.0,0.0,0.2,0.0,0.0,57.2,42.6
20151001202737,0.0,0.0,0.0,0.0,0.0,0.0,81.9,18.1
20151001202807,0.0,0.0,0.0,0.0,0.0,0.0,50.3,49.7
20151001202837,0.0,0.0,0.0,0.1,0.0,0.0,89.7,10.2
20151001202907,0.0,0.0,0.0,0.1,0.0,0.0,78.2,21.7
20151001202937,0.0,0.0,0.0,0.0,0.0,0.0,77.9,22.1
20151001203007,0.0,0.0,0.0,0.0,0.0,0.0,95.5,4.5
20151001203037,0.0,0.0,0.0,0.1,0.0,0.0,96.1,3.8
20151001203107,0.0,0.0,0.0,0.2,0.0,0.0,98.8,1.0
20151001203137,0.0,0.0,0.0,0.0,0.0,0.0,92.3,7.7
20151001203207,0.0,0.0,0.0,0.1,0.0,0.0,83.8,16.1
20151001203237,0.0,0.0,0.0,0.0,0.0,0.0,78.9,21.1
20151001203307,0.0,0.0,0.0,0.0,0.0,0.0,58.0,42.0
20151001203337,0.0,0.0,0.0,0.0,0.0,0.0,23.4,76.6
20151001203407,0.0,0.0,0.0,0.1,0.0,0.0,80.0,19.9
20151001203437,0.0,0.0,0.0,0.6,0.0,0.0,45.3,54.0
20151001203507,0.0,0.0,0.0,0.2,0.0,0.0,77.6,22.1
20151001203537,0.0,0.0,0.0,2.9,0.0,0.0,53.7,43.4
20151001203607,0.0,0.0,0.0,0.3,0.0,0.0,89.8,9.9
20151001203637,0.0,0.0,0.0,0.3,0.0,0.0,83.0,16.7
20151001203707,0.0,0.0,0.0,0.0,0.0,0.0,99.6,0.4
20151001203737,0.0,0.0,0.0,0.0,0.0,0.0,99.8,0.2
20151001203807,0.0,0.0,0.0,0.1,0.0,0.0,99.3,0.6
20151001203837,0.0,0.0,0.0,0.0,0.0,0.0,97.7,2.3
20151001203907,0.0,0.0,0.0,0.0,0.0,0.0,99.1,0.9
20151001203937,0.0,0.0,0.0,0.2,0.0,0.0,88.4,11.4
20151001204007,0.0,0.0,0.0,0.0,0.0,0.0,86.7,13.3
20151001204037,0.0,0.0,0.0,0.1,0.0,0.0,44.7,55.1
20151001204107,0.0,0.0,0.0,0.1,0.0,0.0,70.5,29.3
20151001204137,0.0,0.0,0.0,0.1,0.0,0.0,50.5,49.4
20151001204207,0.0,0.0,0.0,0.2,0.0,0.0,94.7,5.1
20151001204237,0.0,0.0,0.0,0.1,0.0,0.0,88.5,11.4
20151001204307,0.0,0.0,0.0,0.3,0.0,0.0,66.7,32.9
20151001204337,0.0,0.0,0.0,0.4,0.0,0.0,82.8,16.8
20151001204407,0.0,0.0,0.0,5.9,0.0,0.0,84.8,9.3
20151001204437,0.0,0.0,0.0,1.3,0.0,0.0,83.5,15.2
20151001204507,0.0,0.0,0.0,0.3,0.0,0.0,94.5,5.1
20151001204537,0.0,0.0,0.0,3.5,0.0,0.0,27.5,68.9
20151001204607,0.0,0.0,0.0,0.2,0.0,0.0,29.8,70.0
20151001204637,0.0,0.0,0.0,0.2,0.0,0.0,53.1,46.8
20151001204707,0.0,0.0,0.0,0.1,0.0,0.0,32.8,67.1
20151001204737,0.0,0.0,0.0,0.1,0.0,0.0,79.9,20.0
20151001204807,0.0,0.0,0.0,0.6,0.0,0.0,73.8,25.5
20151001204837,0.0,0.0,0.0,0.2,0.0,0.0,82.9,16.9
20151001204907,0.0,0.0,0.0,0.5,0.0,0.0,83.4,16.1
20151001204937,0.0,0.0,0.0,0.2,0.0,0.0,98.2,1.7
20151001205007,0.0,0.0,0.0,0.3,0.0,0.0,62.9,36.8
20151001205037,0.0,0.0,0.0,0.3,0.0,0.0,83.2,16.5
20151001205107,0.0,0.0,0.0,0.1,0.0,0.0,69.7,30.2
20151001205137,0.0,0.0,0.0,0.2,0.0,0.0,92.9,6.9
20151001205207,0.0,0.0,0.0,0.4,0.0,0.0,70.2,29.4
20151001205237,0.0,0.0,0.0,0.1,0.0,0.0,34.0,65.9
20151001205307,0.0,0.0,0.0,0.2,0.0,0.0,65.8,34.0
20151001205337,0.0,0.0,0.0,0.1,0.0,0.0,77.4,22.5
20151001205407,0.0,0.0,0.0,0.6,0.0,0.0,67.6,31.8
20151001205437,0.0,0.0,0.0,0.3,0.0,0.0,66.4,33.4
20151001205507,0.0,0.0,0.0,0.1,0.0,0.0,49.4,50.5
20151001205537,0.0,0.0,0.0,0.0,0.0,0.0,88.7,11.3
20151001205607,0.0,0.0,0.0,0.0,0.0,0.0,57.1,42.9
20151001205637,0.0,0.0,0.0,0.0,0.0,0.0,92.5,7.5
20151001205707,0.0,0.0,0.0,0.0,0.0,0.0,73.1,26.9
20151001205737,0.0,0.0,0.0,0.1,0.0,0.0,86.6,13.3
20151001205808,0.0,0.0,0.0,0.1,0.0,0.0,32.8,67.1
20151001205838,0.0,0.0,0.0,0.1,0.0,0.0,73.2,26.7
20151001205908,0.0,0.0,0.0,0.3,0.0,0.0,48.0,51.7
20151001205938,0.0,0.0,0.0,0.1,0.0,0.0,64.4,35.5
20151001210008,0.0,0.0,0.0,0.2,0.0,0.0,79.3,20.6
20151001210038,0.0,0.0,0.0,0.0,0.0,0.0,89.7,10.3
20151001210108,0.0,0.0,0.0,0.2,0.0,0.0,44.0,55.8
20151001210138,0.0,0.0,0.0,0.1,0.0,0.0,72.3,27.6
20151001210208,0.0,0.0,0.0,0.2,0.0,0.0,64.5,35.3
20151001210238,0.0,0.0,0.0,0.1,0.0,0.0,35.3,64.5
20151001210308,0.0,0.0,0.0,0.2,0.0,0.0,34.7,65.1
20151001210338,0.0,0.0,0.0,0.0,0.0,0.0,49.8,50.2
20151001210408,0.0,0.0,0.0,0.1,0.0,0.0,56.6,43.3
20151001210438,0.0,0.0,0.0,0.1,0.0,0.0,73.1,26.8
20151001210508,0.0,0.0,0.0,0.2,0.0,0.0,65.6,34.2
20151001210538,0.0,0.0,0.0,0.1,0.0,0.0,33.2,66.7
20151001210608,0.0,0.0,0.0,0.1,0.0,0.0,68.1,31.8
20151001210638,0.0,0.0,0.0,0.1,0.0,0.0,68.0,31.9
20151001210708,0.0,0.0,0.0,0.0,0.0,0.0,87.9,12.1
20151001210738,0.0,0.0,0.0,0.1,0.0,0.0,55.3,44.6
20151001210808,0.0,0.0,0.0,0.2,0.0,0.0,50.6,49.1
20151001210838,0.0,0.0,0.0,0.1,0.0,0.0,33.7,66.2
20151001210908,0.0,0.0,0.0,0.1,0.0,0.0,97.5,2.4
20151001210938,0.0,0.0,0.0,0.0,0.0,0.0,70.3,29.7
20151001211008,0.0,0.0,0.0,0.0,0.0,0.0,55.5,44.4
20151001211038,0.0,0.0,0.0,0.4,0.0,0.0,72.4,27.3
20151001211108,0.0,0.0,0.0,0.2,0.0,0.0,88.6,11.1
20151001211138,0.0,0.0,0.0,0.2,0.0,0.0,80.6,19.2
20151001211208,0.0,0.0,0.0,0.2,0.0,0.0,37.8,62.0
20151001211238,0.0,0.0,0.0,0.0,0.0,0.0,56.1,43.8
20151001211308,0.0,0.0,0.0,0.0,0.0,0.0,97.4,2.6
20151001211338,0.0,0.0,0.0,0.1,0.0,0.0,85.7,14.2
20151001211408,0.0,0.0,0.0,0.2,0.0,0.0,66.2,33.6
20151001211438,0.0,0.0,0.0,0.1,0.0,0.0,79.4,20.5
20151001211508,0.0,0.0,0.0,0.2,0.0,0.0,82.2,17.6
20151001211538,0.0,0.0,0.0,0.0,0.0,0.0,92.4,7.6
20151001211608,0.0,0.0,0.0,0.0,0.0,0.0,99.1,0.8
20151001211638,0.0,0.0,0.0,0.1,0.0,0.0,30.9,69.0
20151001211708,0.0,0.0,0.0,0.2,0.0,0.0,52.8,47.0
20151001211738,0.0,0.0,0.0,0.1,0.0,0.0,90.6,9.3
20151001211808,0.0,0.0,0.0,0.2,0.0,0.0,52.4,47.3
20151001211838,0.0,0.0,0.0,0.0,0.0,0.0,32.4,67.6
20151001211908,0.0,0.0,0.0,0.1,0.0,0.0,53.9,45.9
20151001211938,0.0,0.0,0.0,0.1,0.0,0.0,46.1,53.8
20151001212008,0.0,0.0,0.0,0.2,0.0,0.0,38.5,61.3
20151001212038,0.0,0.0,0.0,0.0,0.0,0.0,92.0,8.0
20151001212108,0.0,0.0,0.0,0.0,0.0,0.0,14.4,85.6
20151001212138,0.0,0.0,0.0,0.1,0.0,0.0,80.4,19.5
20151001212208,0.0,0.0,0.0,0.3,0.0,0.1,83.2,16.5
20151001212238,0.0,0.0,0.0,0.0,0.0,0.0,21.4,78.6
20151001212308,0.0,0.0,0.0,0.1,0.0,0.0,29.4,70.4
20151001212338,0.0,0.0,0.0,0.2,0.0,0.1,69.1,30.7
20151001212408,0.0,0.0,0.0,0.1,0.0,0.0,37.2,62.6
20151001212438,0.0,0.0,0.0,0.1,0.0,0.0,51.2,48.8
20151001212508,0.0,0.0,0.0,0.1,0.0,0.0,29.4,70.5
20151001212538,0.0,0.0,0.0,0.1,0.0,0.0,47.8,52.1
20151001212608,0.0,0.0,0.0,0.0,0.0,0.0,42.3,57.6
20151001212639,0.0,0.0,0.0,0.3,0.0,0.1,51.6,47.9
20151001212709,0.0,0.0,0.0,0.0,0.0,0.0,54.0,46.0
20151001212739,0.0,0.0,0.0,0.2,0.0,0.0,34.7,65.1
20151001212809,0.0,0.0,0.0,0.0,0.0,0.0,15.5,84.4
20151001212839,0.0,0.0,0.0,0.1,0.0,0.0,47.2,52.7
20151001212909,0.0,0.0,0.0,0.1,0.0,0.0,34.1,65.7
20151001212939,0.0,0.0,0.0,0.1,0.0,0.0,44.4,55.6
20151001213009,0.0,0.0,0.0,0.1,0.0,0.0,10.5,89.4
20151001213039,0.0,0.0,0.0,0.1,0.0,0.0,47.0,52.9
20151001213109,0.0,0.0,0.0,0.1,0.0,0.0,31.1,68.8
20151001213139,0.0,0.0,0.0,0.1,0.0,0.0,33.0,66.9
20151001213209,0.0,0.0,0.0,0.1,0.0,0.0,61.8,38.2
20151001213239,0.0,0.0,0.0,0.1,0.0,0.0,81.6,18.4
20151001213309,0.0,0.0,0.0,0.1,0.0,0.0,84.5,15.5
20151001213339,0.0,0.0,0.0,0.1,0.0,0.0,63.4,36.5
20151001213409,0.0,0.0,0.0,0.3,0.0,0.0,77.1,22.6
20151001213439,0.0,0.0,0.0,0.1,0.0,0.0,63.7,36.2
20151001213509,0.0,0.0,0.0,0.1,0.0,0.0,35.1,64.8
20151001213539,0.0,0.0,0.0,0.1,0.0,0.0,48.1,51.8
20151001213609,0.0,0.0,0.0,0.2,0.0,0.0,69.6,30.2
20151001213639,0.0,0.0,0.0,0.0,0.0,0.0,63.6,36.3
20151001213709,0.0,0.0,0.0,0.1,0.0,0.0,35.6,64.3
20151001213739,0.0,0.0,0.0,0.0,0.0,0.0,28.4,71.6
20151001213809,0.0,0.0,0.0,0.0,0.0,0.0,25.8,74.2
20151001213839,0.0,0.0,0.0,0.0,0.0,0.0,94.6,5.4
20151001213909,0.0,0.0,0.0,0.1,0.0,0.0,79.5,20.4
20151001213939,0.0,0.0,0.0,0.1,0.0,0.0,36.7,63.2
20151001214009,0.0,0.0,0.0,0.0,0.0,0.0,96.0,4.0
20151001214039,0.0,0.0,0.0,0.0,0.0,0.0,87.9,12.0
20151001214109,0.0,0.0,0.0,0.1,0.0,0.0,92.0,8.0
20151001214139,0.0,0.0,0.0,0.2,0.0,0.0,41.8,58.0
20151001214209,0.0,0.0,0.0,0.3,0.0,0.0,24.3,75.4
20151001214239,0.0,0.0,0.0,0.1,0.0,0.0,11.1,88.8
20151001214309,0.0,0.0,0.0,0.2,0.0,0.0,39.8,60.0
20151001214339,0.0,0.0,0.0,0.0,0.0,0.0,26.4,73.6
20151001214409,0.0,0.0,0.0,0.2,0.0,0.0,76.4,23.4
20151001214439,0.0,0.0,0.0,0.3,0.0,0.0,94.2,5.5
20151001214509,0.0,0.0,0.0,0.3,0.0,0.0,91.4,8.3
20151001214539,0.0,0.0,0.0,0.1,0.0,0.0,79.1,20.8
20151001214609,0.0,0.0,0.0,0.1,0.0,0.0,71.3,28.6
20151001214639,0.0,0.0,0.0,0.1,0.0,0.0,16.5,83.4
20151001214709,0.0,0.0,0.0,0.3,0.0,0.0,64.6,35.1
20151001214739,0.0,0.0,0.0,0.6,0.0,0.0,66.2,33.2
20151001214809,0.0,0.0,0.0,0.9,0.0,0.1,84.7,14.3
20151001214839,0.0,0.0,0.0,0.2,0.0,0.0,81.5,18.3
20151001214909,0.0,0.0,0.0,0.1,0.0,0.0,55.1,44.8
20151001214939,0.0,0.0,0.0,0.1,0.0,0.0,94.9,5.1
20151001215009,0.0,0.0,0.0,0.1,0.0,0.0,97.0,2.9
20151001215039,0.0,0.0,0.0,0.1,0.0,0.0,94.6,5.3
20151001215109,0.0,0.0,0.0,0.1,0.0,0.0,63.4,36.5
20151001215139,0.0,0.0,0.0,0.0,0.0,0.0,31.7,68.2
20151001215209,0.0,0.0,0.0,0.2,0.0,0.0,89.9,9.8
20151001215239,0.0,0.0,0.0,0.2,0.0,0.0,83.9,15.8
20151001215309,0.0,0.0,0.0,0.1,0.0,0.0,35.4,64.5
20151001215339,0.0,0.0,0.0,0.1,0.0,0.0,60.8,39.1
20151001215409,0.0,0.0,0.0,0.1,0.0,0.0,24.2,75.7
20151001215439,0.0,0.0,0.0,0.0,0.0,0.0,85.5,14.5
20151001215509,0.0,0.0,0.0,0.1,0.0,0.0,87.4,12.5
20151001215539,0.0,0.0,0.0,0.1,0.0,0.0,23.0,76.9
20151001215609,0.0,0.0,0.0,0.8,0.0,0.0,32.4,66.8
20151001215639,0.0,0.0,0.0,0.8,0.0,0.0,26.1,73.1
20151001215709,0.0,0.0,0.0,1.2,0.0,0.0,54.2,44.6
20151001215739,0.0,0.0,0.0,1.1,0.0,0.0,68.2,30.6
20151001215809,0.0,0.0,0.0,1.9,0.0,0.0,69.0,29.1
20151001215839,0.0,0.0,0.0,0.7,0.0,0.0,82.5,16.8
20151001215909,0.0,0.0,0.0,0.6,0.0,0.0,87.8,11.5
20151001215940,0.0,0.0,0.0,6.1,0.0,0.0,71.9,22.0
20151001220010,0.0,0.0,0.0,1.5,0.0,0.0,79.3,19.2
20151001220040,0.0,0.0,0.0,2.2,0.0,0.0,74.9,22.9
20151001220110,0.0,0.0,0.0,1.3,0.0,0.0,68.9,29.8
20151001220140,0.0,0.0,0.0,3.3,0.0,0.0,74.6,22.0
20151001220210,0.0,0.0,0.0,1.1,0.0,0.0,41.6,57.2
20151001220240,0.0,0.0,0.0,1.6,0.0,0.0,25.0,73.5
20151001220310,0.0,0.0,0.0,16.2,0.0,0.0,62.3,21.5
20151001220340,0.0,0.0,0.0,4.1,0.0,0.0,47.9,48.0
20151001220410,0.0,0.0,0.0,7.4,0.0,0.0,15.6,77.0
20151001220440,0.0,0.0,0.0,2.4,0.0,0.0,7.9,89.7
20151001220510,0.0,0.0,0.0,4.3,0.0,0.0,32.9,62.8
20151001220540,0.0,0.0,0.0,7.8,0.0,0.0,44.1,48.1
20151001220610,0.0,0.0,0.0,2.0,0.0,0.0,32.6,65.4
20151001220640,0.0,0.0,0.0,2.2,0.0,0.0,85.6,12.3
20151001220710,0.0,0.0,0.0,3.6,0.0,0.0,52.8,43.5
20151001220740,0.0,0.0,0.0,1.2,0.0,0.0,31.9,66.9
20151001220810,0.0,0.0,0.0,1.4,0.0,0.0,32.9,65.7
20151001220840,0.0,0.0,0.1,2.8,0.0,0.0,35.9,61.2
20151001220910,0.0,0.0,0.0,3.3,0.0,0.0,27.6,69.1
20151001220940,0.0,0.0,0.0,3.1,0.0,0.0,19.8,77.1
20151001221010,0.0,0.0,0.0,2.4,0.0,0.0,4.1,93.5
20151001221040,0.0,0.0,0.0,3.2,0.0,0.0,22.8,74.0
20151001221110,0.0,0.0,0.0,1.0,0.0,0.0,3.6,95.4
20151001221140,0.0,0.0,0.0,0.8,0.0,0.0,34.8,64.4
20151001221210,0.0,0.0,0.0,0.9,0.0,0.0,9.2,89.9
20151001221240,0.0,0.0,0.0,0.7,0.0,0.0,11.5,87.8
20151001221310,0.0,0.0,0.0,0.6,0.0,0.0,15.5,83.9
20151001221340,0.0,0.0,0.0,1.3,0.0,0.0,64.1,34.6
20151001221410,0.0,0.0,0.0,1.2,0.0,0.0,47.3,51.5
20151001221440,0.0,0.0,0.0,1.7,0.0,0.0,72.3,25.9
20151001221510,0.0,0.0,0.0,1.8,0.0,0.0,28.9,69.3
20151001221540,0.0,0.0,0.0,3.8,0.0,0.0,34.5,61.6
20151001221610,0.0,0.0,0.0,1.0,0.0,0.0,51.1,47.9
20151001221640,0.0,0.0,0.0,0.5,0.0,0.0,73.1,26.3
20151001221710,0.0,0.0,0.0,0.4,0.0,0.0,49.1,50.5
20151001221740,0.0,0.0,0.0,0.3,0.0,0.0,65.0,34.7
20151001221810,0.0,0.0,0.0,0.3,0.0,0.0,76.7,23.0
20151001221840,0.0,0.0,0.0,0.6,0.0,0.0,51.6,47.8
20151001221910,0.0,0.0,0.0,0.8,0.0,0.0,65.3,33.9
20151001221940,0.0,0.0,0.0,1.8,0.0,0.0,59.5,38.7
20151001222010,0.0,0.0,0.0,0.7,0.0,0.0,43.3,56.0
20151001222040,0.0,0.0,0.0,1.9,0.0,0.0,71.1,27.0
20151001222110,0.0,0.0,0.0,0.2,0.0,0.0,83.4,16.4
20151001222140,0.0,0.0,0.0,0.9,0.0,0.0,94.9,4.1
20151001222210,0.0,0.0,0.0,0.5,0.0,0.0,62.5,37.0
20151001222240,0.0,0.0,0.0,0.4,0.0,0.0,64.7,34.8
20151001222310,0.0,0.0,0.0,2.8,0.0,0.0,59.6,37.6
20151001222340,0.0,0.0,0.0,1.2,0.0,0.0,52.2,46.6
20151001222410,0.0,0.0,0.0,0.3,0.0,0.0,28.7,70.9
20151001222440,0.0,0.0,0.0,1.0,0.0,0.0,73.7,25.2
20151001222510,0.0,0.0,0.0,0.8,0.0,0.0,58.6,40.6
20151001222540,0.0,0.0,0.0,1.0,0.0,0.0,51.4,47.6
20151001222610,0.0,0.0,0.0,0.7,0.0,0.0,86.6,12.7
20151001222640,0.0,0.0,0.0,0.5,0.0,0.0,83.5,16.1
20151001222710,0.0,0.0,0.0,0.5,0.0,0.0,95.1,4.4
20151001222740,0.0,0.0,0.0,0.7,0.0,0.0,82.3,17.1
20151001222810,0.0,0.0,0.0,0.4,0.0,0.0,99.3,0.3
20151001222840,0.0,0.0,0.0,0.1,0.0,0.0,99.7,0.3
20151001222910,0.0,0.0,0.0,0.2,0.0,0.0,98.9,0.8
20151001222940,0.0,0.0,0.0,0.5,0.0,0.0,63.6,35.9
20151001223010,0.0,0.0,0.0,0.9,0.0,0.0,86.9,12.2
20151001223040,0.0,0.0,0.0,0.1,0.0,0.0,94.0,5.9
20151001223110,0.0,0.0,0.0,1.3,0.0,0.0,86.3,12.4
20151001223140,0.0,0.0,0.0,0.4,0.0,0.0,64.7,34.9
20151001223210,0.0,0.0,0.0,0.8,0.0,0.0,97.2,1.9
20151001223240,0.0,0.0,0.0,0.6,0.0,0.0,95.6,3.8
20151001223310,0.0,0.0,0.0,2.8,0.0,0.0,87.7,9.6
20151001223341,0.0,0.0,0.0,0.6,0.0,0.0,83.2,16.2
20151001223411,0.0,0.0,0.0,0.9,0.0,0.0,95.5,3.6
20151001223441,0.0,0.0,0.0,4.2,0.0,0.0,71.8,24.0
20151001223511,0.0,0.0,0.0,0.2,0.0,0.0,89.8,10.0
20151001223541,0.0,0.0,0.0,0.1,0.0,0.0,83.2,16.7
20151001223611,0.0,0.0,0.0,1.7,0.0,0.0,19.6,78.7
20151001223641,0.0,0.0,0.0,1.7,0.0,0.0,80.0,18.3
20151001223711,0.0,0.0,0.0,1.4,0.0,0.0,28.4,70.2
20151001223741,0.0,0.0,0.0,0.4,0.0,0.0,37.9,61.7
20151001223811,0.0,0.0,0.0,1.3,0.0,0.0,61.7,36.9
20151001223841,0.0,0.0,0.0,0.5,0.0,0.0,18.6,80.9
20151001223911,0.0,0.0,0.0,0.9,0.0,0.0,85.1,14.0
20151001223941,0.0,0.0,0.0,1.0,0.0,0.0,37.4,61.6
20151001224011,0.0,0.0,0.0,1.0,0.0,0.0,40.6,58.5
20151001224041,0.0,0.0,0.0,4.2,0.0,0.0,66.6,29.3
20151001224111,0.0,0.0,0.0,2.2,0.0,0.0,59.4,38.4
20151001224141,0.0,0.0,0.0,0.6,0.0,0.0,73.0,26.4
20151001224211,0.0,0.0,0.0,0.5,0.0,0.0,14.2,85.3
20151001224241,0.0,0.0,0.0,4.0,0.0,0.0,34.7,61.3
20151001224311,0.0,0.0,0.0,6.0,0.0,0.0,86.0,8.1
20151001224341,0.0,0.0,0.0,1.0,0.0,0.0,98.9,0.2
20151001224411,0.0,0.0,0.0,5.0,0.0,0.0,90.8,4.1
20151001224441,0.0,0.0,0.0,0.3,0.0,0.0,97.9,1.7
20151001224511,0.0,0.0,0.0,0.2,0.0,0.0,98.8,1.0
20151001224541,0.0,0.0,0.0,0.1,0.0,0.0,98.5,1.3
20151001224611,0.0,0.0,0.0,1.0,0.0,0.0,84.5,14.5
20151001224641,0.0,0.0,0.0,0.2,0.0,0.0,99.1,0.7
20151001224711,0.0,0.0,0.0,0.6,0.0,0.0,91.5,8.0
20151001224741,0.0,0.0,0.0,0.2,0.0,0.0,83.5,16.2
20151001224811,0.0,0.0,0.0,0.7,0.0,0.0,81.2,18.1
20151001224841,0.0,0.0,0.0,0.5,0.0,0.0,90.8,8.6
20151001224911,0.0,0.0,0.1,0.2,0.0,0.0,83.3,16.4
20151001224941,0.0,0.0,0.0,0.3,0.0,0.0,96.2,3.5
20151001225011,0.0,0.0,0.0,0.4,0.0,0.0,94.5,5.1
20151001225041,0.0,0.0,0.1,0.7,0.0,0.0,86.7,12.5
20151001225111,0.0,0.0,0.0,12.5,0.0,0.0,62.3,25.2
20151001225141,0.0,0.0,0.0,2.9,0.0,0.0,80.7,16.4
20151001225211,0.0,0.0,0.0,0.6,0.0,0.0,95.1,4.3
20151001225241,0.0,0.0,0.1,3.3,0.0,0.0,69.2,27.5
20151001225311,0.0,0.0,0.0,1.8,0.0,0.0,65.6,32.6
20151001225341,0.0,0.0,0.0,0.1,0.0,0.0,98.6,1.4
20151001225411,0.0,0.0,0.0,0.9,0.0,0.0,94.1,5.0
20151001225441,0.0,0.0,0.0,1.0,0.0,0.0,89.5,9.4
20151001225511,0.0,0.0,0.0,1.7,0.0,0.0,69.7,28.6
20151001225541,0.0,0.0,0.0,0.5,0.0,0.0,56.3,43.2
20151001225611,0.0,0.0,0.0,1.0,0.0,0.0,88.3,10.7
20151001225641,0.0,0.0,0.0,0.4,0.0,0.0,68.3,31.3
20151001225711,0.0,0.0,0.0,0.2,0.0,0.0,98.2,1.7
20151001225741,0.0,0.0,0.0,0.3,0.0,0.0,91.5,8.2
20151001225811,0.0,0.0,0.0,0.5,0.0,0.0,58.1,41.4
20151001225841,0.0,0.0,0.0,0.4,0.0,0.0,69.5,30.2
20151001225911,0.0,0.0,0.0,0.2,0.0,0.0,62.1,37.6
20151001225941,0.0,0.0,0.0,0.2,0.0,0.0,77.4,22.4
20151001230011,0.0,0.0,0.0,0.4,0.0,0.0,87.7,11.9
20151001230041,0.0,0.0,0.0,1.2,0.0,0.0,26.3,72.5
20151001230111,0.0,0.0,0.0,1.0,0.0,0.0,50.2,48.8
20151001230141,0.0,0.0,0.0,0.4,0.0,0.0,72.7,26.9
20151001230211,0.0,0.0,0.0,5.6,0.0,0.0,69.0,25.4
20151001230241,0.0,0.0,0.0,1.8,0.0,0.0,93.4,4.8
20151001230311,0.0,0.0,0.0,2.3,0.0,0.0,51.5,46.3
20151001230341,0.0,0.0,0.0,4.0,0.0,0.0,71.9,24.0
20151001230411,0.0,0.0,0.0,0.3,0.0,0.0,88.9,10.8
20151001230441,0.0,0.0,0.0,0.9,0.0,0.0,31.7,67.4
20151001230511,0.0,0.0,0.0,1.7,0.0,0.0,46.7,51.7
20151001230541,0.0,0.0,0.0,1.0,0.0,0.0,84.8,14.2
20151001230611,0.0,0.0,0.0,1.7,0.0,0.0,78.4,19.8
20151001230641,0.0,0.0,0.0,1.4,0.0,0.0,87.2,11.4
20151001230711,0.0,0.0,0.0,1.7,0.0,0.0,91.3,7.0
20151001230741,0.0,0.0,0.0,5.1,0.0,0.0,54.6,40.3
20151001230812,0.0,0.0,0.0,3.6,0.0,0.0,85.4,11.0
20151001230842,0.0,0.0,0.1,1.7,0.0,0.0,89.1,9.0
20151001230912,0.0,0.0,0.1,2.3,0.0,0.0,90.6,6.9
20151001230942,0.0,0.0,0.2,7.6,0.0,0.0,86.6,5.5
20151001231012,0.0,0.0,0.0,6.1,0.0,0.0,82.1,11.8
20151001231042,0.0,0.0,0.0,0.4,0.0,0.0,96.6,2.9
20151001231112,0.0,0.0,0.1,2.4,0.0,0.0,96.0,1.6
20151001231142,0.0,0.0,0.0,0.6,0.0,0.0,95.1,4.3
20151001231212,0.0,0.0,0.0,3.9,0.0,0.0,56.0,40.1
20151001231242,0.0,0.0,0.0,1.2,0.0,0.0,49.6,49.2
20151001231312,0.0,0.0,0.0,0.3,0.0,0.0,96.7,3.0
20151001231342,0.0,0.0,0.0,0.2,0.0,0.0,92.0,7.7
20151001231412,0.0,0.0,0.0,0.8,0.0,0.0,63.6,35.7
20151001231442,0.0,0.0,0.0,0.9,0.0,0.0,77.5,21.6
20151001231512,0.0,0.0,0.0,0.5,0.0,0.0,75.7,23.8
20151001231542,0.0,0.0,0.0,0.9,0.0,0.0,50.1,49.0
20151001231612,0.0,0.0,0.0,1.5,0.0,0.0,59.7,38.8
20151001231642,0.0,0.0,0.0,1.1,0.0,0.0,42.3,56.5
20151001231712,0.0,0.0,0.0,7.3,0.0,0.0,64.7,27.9
20151001231742,0.0,0.0,0.0,1.7,0.0,0.0,35.3,62.9
20151001231812,0.0,0.0,0.0,1.5,0.0,0.0,32.4,66.1
20151001231842,0.0,0.0,0.0,1.0,0.0,0.0,93.6,5.3
20151001231912,0.0,0.0,0.0,0.8,0.0,0.0,68.0,31.2
20151001231942,0.0,0.0,0.0,1.2,0.0,0.0,79.7,19.0
20151001232012,0.0,0.0,0.0,2.9,0.0,0.0,89.2,7.9
20151001232042,0.0,0.0,0.0,0.4,0.0,0.0,94.1,5.5
20151001232112,0.0,0.0,0.0,1.3,0.0,0.0,93.1,5.6
20151001232142,0.0,0.0,0.0,1.8,0.0,0.0,89.4,8.8
20151001232212,0.0,0.0,0.0,1.0,0.0,0.0,87.7,11.3
20151001232242,0.0,0.0,0.0,0.8,0.0,0.0,95.1,4.1
20151001232312,0.0,0.0,0.0,1.1,0.0,0.0,96.5,2.3
20151001232342,0.0,0.0,0.0,1.2,0.0,0.0,70.0,28.8
20151001232412,0.0,0.0,0.0,0.3,0.0,0.0,82.2,17.5
20151001232442,0.0,0.0,0.1,2.4,0.0,0.0,65.7,31.9
20151001232512,0.0,0.0,0.2,1.8,0.0,0.0,55.2,42.8
20151001232542,0.0,0.0,0.1,0.5,0.0,0.0,95.1,4.4
20151001232612,0.0,0.0,0.0,0.3,0.0,0.0,97.7,2.0
20151001232642,0.0,0.0,0.1,0.3,0.0,0.0,91.5,8.0
20151001232712,0.0,0.0,0.1,0.2,0.0,0.1,84.2,15.5
20151001232742,0.0,0.0,0.0,0.1,0.0,0.0,93.9,5.9
20151001232812,0.0,0.0,0.0,0.2,0.0,0.0,95.3,4.5
20151001232842,0.0,0.0,0.0,0.1,0.0,0.0,95.6,4.3
20151001232912,0.0,0.0,0.0,0.3,0.0,0.0,77.3,22.4
20151001232942,0.0,0.0,0.0,0.1,0.0,0.0,91.0,8.8
20151001233012,0.0,0.0,0.0,0.2,0.0,0.0,91.5,8.3
20151001233042,0.0,0.0,0.1,0.6,0.0,0.0,73.3,26.1
20151001233112,0.0,0.0,0.0,0.6,0.0,0.0,91.6,7.8
20151001233142,0.0,0.0,0.0,0.4,0.0,0.0,71.2,28.4
20151001233212,0.0,0.0,0.1,1.1,0.0,0.0,60.8,38.0
20151001233242,0.0,0.0,0.1,1.3,0.0,0.0,76.0,22.6
20151001233312,0.0,0.0,0.0,0.3,0.0,0.0,73.4,26.3
20151001233342,0.0,0.0,0.0,2.5,0.0,0.0,51.3,46.2
20151001233412,0.0,0.0,0.0,0.5,0.0,0.0,76.0,23.5
20151001233442,0.0,0.0,0.0,0.4,0.0,0.0,71.6,28.0
20151001233513,0.0,0.0,0.0,1.7,0.0,0.0,89.4,8.9
20151001233543,0.0,0.0,0.0,0.4,0.0,0.0,63.7,35.9
20151001233613,0.0,0.0,0.0,0.3,0.0,0.0,85.5,14.2
20151001233643,0.0,0.0,0.0,0.5,0.0,0.0,33.3,66.2
20151001233713,0.0,0.0,0.0,0.2,0.0,0.0,35.8,64.0
20151001233743,0.0,0.0,0.0,0.1,0.0,0.0,80.8,19.1
20151001233813,0.0,0.0,0.0,0.1,0.0,0.0,74.8,25.1
20151001233843,0.0,0.0,0.0,0.1,0.0,0.0,93.1,6.8
20151001233913,0.0,0.0,0.0,0.1,0.0,0.0,70.0,29.9
20151001233943,0.0,0.0,0.0,0.3,0.0,0.0,65.0,34.7
20151001234013,0.0,0.0,0.0,0.1,0.0,0.0,93.5,6.4
20151001234043,0.0,0.0,0.0,0.2,0.0,0.0,83.6,16.2
20151001234113,0.0,0.0,0.0,0.1,0.0,0.0,95.6,4.4
20151001234143,0.0,0.0,0.0,0.2,0.0,0.0,89.7,10.1
20151001234213,0.0,0.0,0.0,0.2,0.0,0.0,93.1,6.8
