UT,arc,discrete,diffuse,ac,ab,clear,cloudy,dd
20151114140300,0.0,0.0,0.0,0.0,0.0,0.0,0.0,100.0
20151114140330,0.0,0.0,0.0,0.0,0.0,0.0,0.0,100.0
20151114140400,0.0,0.0,0.0,0.0,0.0,0.0,0.0,100.0
20151114140430,0.0,0.0,0.0,0.0,0.0,0.0,0.0,100.0
20151114140500,0.0,0.0,0.0,0.0,0.0,0.0,0.0,100.0
20151114140530,0.0,0.0,0.0,0.0,0.0,0.0,0.0,100.0
20151114140600,0.0,0.0,0.0,0.0,0.0,0.0,0.0,100.0
20151114140630,0.0,0.0,0.0,0.0,0.0,0.0,0.0,100.0
20151114140700,0.0,0.0,0.0,0.0,0.0,0.0,0.0,100.0
20151114140730,0.0,0.0,0.0,0.0,0.0,0.0,0.0,100.0
20151114140800,0.0,0.0,0.0,0.0,0.0,0.0,0.0,100.0
20151114140830,0.0,0.0,0.0,0.0,0.0,0.0,0.0,100.0
20151114140900,0.0,0.0,0.0,0.0,0.0,0.0,0.0,100.0
20151114140930,0.0,0.0,0.0,0.0,0.0,0.0,0.0,100.0
20151114141000,0.0,0.0,0.0,0.0,0.0,0.0,0.0,100.0
20151114141030,0.0,0.0,0.0,0.0,0.0,0.0,0.0,100.0
20151114141100,0.0,0.0,0.0,0.0,0.0,0.0,0.0,100.0
20151114141130,0.0,0.0,0.0,0.0,0.0,0.0,0.0,100.0
20151114141200,0.0,0.0,0.0,0.0,0.0,0.0,0.0,100.0
20151114141230,0.0,0.0,0.0,0.0,0.0,0.0,0.0,100.0
20151114141300,0.0,0.0,0.0,0.0,0.0,0.0,0.0,100.0
20151114141330,0.0,0.0,0.0,0.0,0.0,0.0,0.0,100.0
20151114141400,0.0,0.0,0.0,0.0,0.0,0.0,0.0,100.0
20151114141430,0.0,0.0,0.0,0.0,0.0,0.0,0.0,100.0
20151114141500,0.0,0.0,0.0,0.0,0.0,0.0,0.0,100.0
20151114141530,0.0,0.0,0.0,0.0,0.0,0.0,0.0,100.0
20151114141600,0.0,0.0,0.0,0.0,0.0,0.0,0.0,100.0
20151114141630,0.0,0.0,0.0,0.0,0.0,0.0,0.0,100.0
20151114141700,0.0,0.0,0.0,0.0,0.0,0.0,0.0,100.0
20151114141730,0.0,0.0,0.0,0.0,0.0,0.0,0.0,100.0
20151114141800,0.0,0.0,0.0,0.0,0.0,0.0,0.0,100.0
20151114141830,0.0,0.0,0.0,0.0,0.0,0.0,0.0,100.0
20151114141900,0.0,0.0,0.0,0.0,0.0,0.0,0.0,100.0
20151114141930,0.0,0.0,0.0,0.0,0.0,0.0,0.0,100.0
20151114142000,0.0,0.0,0.0,0.0,0.0,0.0,0.0,100.0
20151114142030,0.0,0.0,0.0,0.0,0.0,0.0,0.0,100.0
20151114142100,0.0,0.0,0.0,0.0,0.0,0.0,0.0,100.0
20151114142130,0.0,0.0,0.0,0.0,0.0,0.0,0.0,100.0
20151114142200,0.0,0.0,0.0,0.0,0.0,0.0,0.0,100.0
20151114142230,0.0,0.0,0.0,0.0,0.0,0.0,0.0,100.0
20151114142300,0.0,0.0,0.0,0.0,0.0,0.0,0.0,100.0
20151114142330,0.0,0.0,0.0,0.0,0.0,0.0,0.0,100.0
20151114142400,0.0,0.0,0.0,0.0,0.0,0.0,0.0,100.0
20151114142430,0.0,0.0,0.0,0.0,0.0,0.0,0.0,100.0
20151114142500,0.0,0.0,0.0,0.0,0.0,0.0,0.0,100.0
20151114142530,0.0,0.0,0.0,0.0,0.0,0.0,0.0,100.0
20151114142600,0.0,0.0,0.0,0.0,0.0,0.0,0.0,100.0
20151114142630,0.0,0.0,0.0,0.0,0.0,0.0,0.0,100.0
20151114142700,0.0,0.0,0.0,0.0,0.0,0.0,0.0,100.0
20151114142730,0.0,0.0,0.0,0.0,0.0,0.0,0.0,100.0
20151114142800,0.0,0.0,0.0,0.0,0.0,0.0,0.0,100.0
20151114142830,0.0,0.0,0.0,0.0,0.0,0.0,0.0,100.0
20151114142900,0.0,0.0,0.0,0.0,0.0,0.0,0.0,100.0
20151114142930,0.0,0.0,0.0,0.0,0.0,0.0,0.0,100.0
20151114143000,0.0,0.0,0.0,0.0,0.0,0.0,0.0,100.0
20151114143030,0.0,0.0,0.0,0.0,0.0,0.0,0.0,100.0
20151114143100,0.0,0.0,0.0,0.0,0.0,0.0,0.0,100.0
20151114143130,0.0,0.0,0.0,0.0,0.0,0.0,0.0,100.0
20151114143200,0.0,0.0,0.0,0.0,0.0,0.0,0.0,100.0
20151114143230,0.0,0.0,0.0,0.0,0.0,0.0,0.0,100.0
20151114143300,0.0,0.0,0.0,0.0,0.0,0.0,0.0,100.0
20151114143330,0.0,0.0,0.0,0.0,0.0,0.0,0.0,100.0
20151114143400,0.0,0.0,0.0,0.0,0.0,0.0,0.0,100.0
20151114143430,0.0,0.0,0.0,0.0,0.0,0.0,0.0,100.0
20151114143501,0.0,0.0,0.0,0.0,0.0,0.0,0.0,100.0
20151114143531,0.0,0.0,0.0,0.0,0.0,0.0,0.0,100.0
20151114143601,0.0,0.0,0.0,0.0,0.0,0.0,0.0,100.0
20151114143631,0.0,0.0,0.0,0.0,0.0,0.0,0.0,100.0
20151114143701,0.0,0.0,0.0,0.0,0.0,0.0,0.0,100.0
20151114143731,0.0,0.0,0.0,0.0,0.0,0.0,0.0,100.0
20151114143801,0.0,0.0,0.0,0.0,0.0,0.0,0.0,100.0
20151114143831,0.0,0.0,0.0,0.0,0.0,0.0,0.0,100.0
20151114143901,0.0,0.0,0.0,0.0,0.0,0.0,0.0,100.0
20151114143931,0.0,0.0,0.0,0.0,0.0,0.0,0.0,100.0
20151114144001,0.0,0.0,0.0,0.0,0.0,0.0,0.0,100.0
20151114144031,0.0,0.0,0.0,0.0,0.0,0.0,0.0,100.0
20151114144101,0.0,0.0,0.0,0.0,0.0,0.0,0.0,100.0
20151114144131,0.0,0.0,0.0,0.0,0.0,0.0,0.0,100.0
20151114144201,0.0,0.0,0.0,0.0,0.0,0.0,0.0,100.0
20151114144231,0.0,0.0,0.0,0.0,0.0,0.0,0.0,100.0
20151114144301,0.0,0.0,0.0,0.0,0.0,0.0,0.0,100.0
20151114144331,0.0,0.0,0.0,0.0,0.0,0.0,0.0,100.0
20151114144401,0.0,0.0,0.0,0.0,0.0,0.0,0.0,100.0
20151114144431,0.0,0.0,0.0,0.0,0.0,0.0,0.0,100.0
20151114144501,0.0,0.0,0.0,0.0,0.0,0.0,0.0,100.0
20151114144531,0.0,0.0,0.0,0.0,0.0,0.0,0.0,100.0
20151114144601,0.0,0.0,0.0,0.0,0.0,0.0,0.0,100.0
20151114144631,0.0,0.0,0.0,0.0,0.0,0.0,0.0,100.0
20151114144701,0.0,0.0,0.0,0.0,0.0,0.0,0.0,100.0
20151114144731,0.0,0.0,0.0,0.0,0.0,0.0,0.0,100.0
20151114144801,0.0,0.0,0.0,0.0,0.0,0.0,0.0,100.0
20151114144831,0.0,0.0,0.0,0.0,0.0,0.0,0.0,100.0
20151114144901,0.0,0.0,0.0,0.0,0.0,0.0,0.0,100.0
20151114144931,0.0,0.0,0.0,0.0,0.0,0.0,0.0,100.0
20151114145001,0.0,0.0,0.0,0.0,0.0,0.0,0.0,100.0
20151114145031,0.0,0.0,0.0,0.0,0.0,0.0,0.0,100.0
20151114145101,0.0,0.0,0.0,0.0,0.0,0.0,0.0,100.0
20151114145131,0.0,0.0,0.0,0.0,0.0,0.0,0.0,100.0
20151114145201,0.0,0.0,0.0,0.0,0.0,0.0,0.0,100.0
20151114145231,0.0,0.0,0.0,0.0,0.0,0.0,0.0,100.0
20151114145301,0.0,0.0,0.0,0.0,0.0,0.0,0.0,100.0
20151114145331,0.0,0.0,0.0,0.0,0.0,0.0,0.0,100.0
20151114145401,0.0,0.0,0.0,0.0,0.0,0.0,0.0,100.0
20151114145431,0.0,0.0,0.0,0.0,0.0,0.0,0.0,100.0
20151114145501,0.0,0.0,0.0,0.0,0.0,0.0,0.0,100.0
20151114145531,0.0,0.0,0.0,0.0,0.0,0.0,0.0,100.0
20151114145601,0.0,0.0,0.0,0.0,0.0,0.0,0.0,100.0
20151114145631,0.0,0.0,0.0,0.0,0.0,0.0,0.0,100.0
20151114145701,0.0,0.0,0.0,0.0,0.0,0.0,0.0,100.0
20151114145731,0.0,0.0,0.0,0.0,0.0,0.0,0.0,100.0
20151114145801,0.0,0.0,0.0,0.0,0.0,0.0,0.0,100.0
20151114145831,0.0,0.0,0.0,0.0,0.0,0.0,0.0,100.0
20151114145901,0.0,0.0,0.0,0.0,0.0,0.0,0.0,100.0
20151114145931,0.0,0.0,0.0,0.0,0.0,0.0,0.0,100.0
20151114150001,0.0,0.0,0.0,0.0,0.0,0.0,0.0,100.0
20151114150031,0.0,0.0,0.0,0.0,0.0,0.0,0.0,100.0
20151114150101,0.0,0.0,0.0,0.0,0.0,0.0,0.0,100.0
20151114150131,0.0,0.0,0.0,0.0,0.0,0.0,0.0,100.0
20151114150201,0.0,0.0,0.0,0.0,0.0,0.0,0.1,99.9
20151114150231,0.0,0.0,0.0,0.0,0.0,0.0,0.1,99.9
20151114150431,0.0,0.0,0.0,0.0,0.0,0.0,0.0,100.0
20151114150501,0.0,0.0,0.0,0.0,0.0,0.0,0.0,100.0
20151114150531,0.0,0.0,0.0,0.0,0.0,0.0,0.0,100.0
20151114150601,0.0,0.0,0.0,0.0,0.0,0.0,0.0,100.0
20151114150631,0.0,0.0,0.0,0.0,0.0,0.0,0.0,100.0
20151114150701,0.0,0.0,0.0,0.0,0.0,0.0,0.0,100.0
20151114150731,0.0,0.0,0.0,0.0,0.0,0.0,0.0,100.0
20151114150801,0.0,0.0,0.0,0.0,0.0,0.0,0.0,100.0
20151114150831,0.0,0.0,0.0,0.0,0.0,0.0,0.0,100.0
20151114150901,0.0,0.0,0.0,0.0,0.0,0.0,0.0,100.0
20151114150932,0.0,0.0,0.0,0.0,0.0,0.0,0.0,100.0
20151114151002,0.0,0.0,0.0,0.0,0.0,0.0,0.0,100.0
20151114151032,0.0,0.0,0.0,0.0,0.0,0.0,0.0,100.0
20151114151102,0.0,0.0,0.0,0.0,0.0,0.0,0.0,100.0
20151114151132,0.0,0.0,0.0,0.0,0.0,0.0,0.0,100.0
20151114151202,0.0,0.0,0.0,0.0,0.0,0.0,0.0,100.0
20151114151232,0.0,0.0,0.0,0.0,0.0,0.0,0.0,100.0
20151114151302,0.0,0.0,0.0,0.0,0.0,0.0,0.0,100.0
20151114151332,0.0,0.0,0.0,0.0,0.0,0.0,0.0,100.0
20151114151402,0.0,0.0,0.0,0.0,0.0,0.0,0.0,100.0
20151114151432,0.0,0.0,0.0,0.0,0.0,0.0,0.0,100.0
20151114151502,0.0,0.0,0.0,0.0,0.0,0.0,0.0,100.0
20151114151532,0.0,0.0,0.0,0.0,0.0,0.0,0.0,100.0
20151114151602,0.0,0.0,0.0,0.0,0.0,0.0,0.0,100.0
20151114151632,0.0,0.0,0.0,0.0,0.0,0.0,0.0,100.0
20151114151702,0.0,0.0,0.0,0.0,0.0,0.0,0.0,100.0
20151114151732,0.0,0.0,0.0,0.0,0.0,0.0,0.0,100.0
20151114151802,0.0,0.0,0.0,0.0,0.0,0.0,0.0,100.0
20151114151832,0.0,0.0,0.0,0.0,0.0,0.0,0.0,100.0
20151114151902,0.0,0.0,0.0,0.0,0.0,0.0,0.1,99.9
20151114151932,0.0,0.0,0.0,0.0,0.0,0.0,0.1,99.9
20151114152002,0.0,0.0,0.0,0.0,0.0,0.0,0.4,99.6
20151114152032,0.0,0.0,0.0,0.0,0.0,0.0,0.0,100.0
20151114152102,0.0,0.0,0.0,0.0,0.0,0.0,0.3,99.7
20151114152132,0.0,0.0,0.0,0.0,0.0,0.0,0.5,99.5
20151114152202,0.0,0.0,0.0,0.0,0.0,0.0,0.8,99.2
20151114152232,0.0,0.0,0.0,0.0,0.0,0.0,0.2,99.8
20151114152302,0.0,0.0,0.0,0.0,0.0,0.0,0.8,99.2
20151114152332,0.0,0.0,0.0,0.0,0.0,0.0,0.6,99.4
20151114152402,0.0,0.0,0.0,0.0,0.0,0.0,1.1,98.9
20151114152432,0.0,0.0,0.0,0.0,0.0,0.0,2.3,97.7
20151114152502,0.0,0.0,0.0,0.0,0.0,0.0,1.8,98.2
20151114152532,0.0,0.0,0.0,0.0,0.0,0.0,15.5,84.5
20151114152602,0.0,0.0,0.0,0.0,0.0,0.0,5.3,94.7
20151114152632,0.0,0.0,0.0,0.0,0.0,0.0,5.4,94.6
20151114152702,0.0,0.0,0.0,0.0,0.0,0.0,34.2,65.8
20151114152732,0.0,0.0,0.0,0.0,0.0,0.0,40.5,59.5
20151114152802,0.0,0.0,0.0,0.0,0.0,0.0,57.0,42.9
20151114152832,0.0,0.0,0.0,0.0,0.0,0.0,83.1,16.8
20151114152902,0.0,0.0,0.0,0.0,0.0,0.0,89.2,10.8
20151114152932,0.0,0.0,0.0,0.0,0.0,0.0,95.4,4.5
20151114153002,0.0,0.0,0.0,0.0,0.0,0.0,96.1,3.9
20151114153032,0.0,0.0,0.0,0.0,0.0,0.0,99.2,0.8
20151114153102,0.0,0.0,0.0,0.0,0.0,0.0,99.6,0.4
20151114153132,0.0,0.0,0.0,0.0,0.0,0.0,97.3,2.7
20151114153202,0.0,0.0,0.0,0.0,0.0,0.0,99.3,0.7
20151114153232,0.0,0.0,0.0,0.0,0.0,0.0,99.2,0.8
20151114153302,0.0,0.0,0.0,0.0,0.0,0.0,98.0,2.0
20151114153332,0.0,0.0,0.0,0.0,0.0,0.0,99.2,0.8
20151114153402,0.0,0.0,0.0,0.0,0.0,0.0,98.8,1.1
20151114153432,0.0,0.0,0.0,0.0,0.0,0.0,99.8,0.2
20151114153502,0.0,0.0,0.0,0.0,0.0,0.0,99.8,0.2
20151114153532,0.0,0.0,0.0,0.0,0.0,0.0,99.9,0.1
20151114153602,0.0,0.0,0.0,0.0,0.0,0.0,99.7,0.3
20151114153633,0.0,0.0,0.0,0.0,0.0,0.0,100.0,0.0
20151114153703,0.0,0.0,0.0,0.0,0.0,0.0,100.0,0.0
20151114153733,0.0,0.0,0.0,0.0,0.0,0.0,100.0,0.0
20151114153803,0.0,0.0,0.0,0.0,0.0,0.0,99.9,0.1
20151114153833,0.0,0.0,0.0,0.0,0.0,0.0,99.9,0.1
20151114153903,0.0,0.0,0.0,0.0,0.0,0.0,99.9,0.1
20151114153933,0.0,0.0,0.0,0.0,0.0,0.0,99.9,0.1
20151114154003,0.0,0.0,0.0,0.0,0.0,0.0,65.2,34.8
20151114154033,0.0,0.0,0.0,0.0,0.0,0.0,97.6,2.4
20151114154103,0.0,0.0,0.0,0.0,0.0,0.0,99.6,0.4
20151114154133,0.0,0.0,0.0,0.0,0.0,0.0,99.8,0.1
20151114154203,0.0,0.0,0.0,0.0,0.0,0.0,99.8,0.2
20151114154233,0.0,0.0,0.0,0.0,0.0,0.0,99.9,0.1
20151114154303,0.0,0.0,0.0,0.0,0.0,0.0,99.9,0.1
20151114154333,0.0,0.0,0.0,0.0,0.0,0.0,100.0,0.0
20151114154403,0.0,0.0,0.0,0.0,0.0,0.0,100.0,0.0
20151114154433,0.0,0.0,0.0,0.0,0.0,0.0,100.0,0.0
20151114154503,0.0,0.0,0.0,0.0,0.0,0.0,100.0,0.0
20151114154533,0.0,0.0,0.0,0.0,0.0,0.0,100.0,0.0
20151114154603,0.0,0.0,0.0,0.0,0.0,0.0,100.0,0.0
20151114154633,0.0,0.0,0.0,0.0,0.0,0.0,99.6,0.3
20151114154703,0.0,0.0,0.0,0.0,0.0,0.0,100.0,0.0
20151114154733,0.0,0.0,0.0,0.0,0.0,0.0,99.7,0.2
20151114154803,0.0,0.0,0.0,0.0,0.0,0.0,99.9,0.1
20151114154833,0.0,0.0,0.0,0.0,0.0,0.0,99.8,0.1
20151114154903,0.0,0.0,0.0,0.0,0.0,0.0,99.2,0.8
20151114154933,0.0,0.0,0.0,0.0,0.0,0.0,99.4,0.6
20151114155003,0.0,0.0,0.0,0.0,0.0,0.0,99.5,0.5
20151114155033,0.0,0.0,0.0,0.0,0.0,0.0,99.0,1.0
20151114155103,0.0,0.0,0.0,0.0,0.0,0.0,99.8,0.1
20151114155133,0.0,0.0,0.0,0.0,0.0,0.0,99.9,0.1
20151114155203,0.0,0.0,0.0,0.1,0.0,0.0,99.1,0.9
20151114155233,0.0,0.0,0.0,0.0,0.0,0.0,99.7,0.3
20151114155303,0.0,0.0,0.0,0.2,0.0,0.0,98.1,1.7
20151114155333,0.0,0.0,0.0,0.1,0.0,0.0,99.3,0.6
20151114155403,0.0,0.0,0.0,0.3,0.0,0.0,98.6,1.1
20151114155433,0.0,0.0,0.3,0.3,0.0,0.0,93.1,6.3
20151114155503,0.0,0.0,0.0,1.1,0.0,0.0,92.6,6.3
20151114155533,0.0,0.0,0.0,0.0,0.0,0.0,99.7,0.2
20151114155603,0.0,0.0,0.0,0.0,0.0,0.0,96.9,3.1
20151114155633,0.0,0.0,0.0,0.0,0.0,0.0,99.3,0.6
20151114155703,0.0,0.0,0.0,0.0,0.0,0.0,99.7,0.3
20151114155733,0.0,0.0,0.0,0.0,0.0,0.0,99.6,0.4
20151114155803,0.0,0.0,0.0,0.0,0.0,0.0,99.2,0.8
20151114155833,0.0,0.0,0.0,0.0,0.0,0.0,98.9,1.0
20151114155903,0.0,0.0,0.0,0.1,0.0,0.0,98.8,1.1
20151114155933,0.0,0.0,0.0,0.0,0.0,0.0,99.8,0.2
20151114160003,0.0,0.0,0.0,0.1,0.0,0.0,99.8,0.1
20151114160033,0.0,0.0,0.0,0.0,0.0,0.0,100.0,0.0
20151114160103,0.0,0.0,0.0,0.0,0.0,0.0,99.9,0.1
20151114160133,0.0,0.0,0.0,0.0,0.0,0.0,100.0,0.0
20151114160203,0.0,0.0,0.0,0.0,0.0,0.0,100.0,0.0
20151114160233,0.0,0.0,0.0,0.0,0.0,0.0,99.9,0.0
20151114160303,0.0,0.0,0.0,0.2,0.0,0.0,99.3,0.5
20151114160333,0.0,0.0,0.0,0.1,0.0,0.0,99.6,0.2
20151114160403,0.0,0.0,0.0,0.0,0.0,0.0,99.9,0.1
20151114160433,0.0,0.0,0.0,0.1,0.0,0.0,99.8,0.1
20151114160503,0.0,0.0,0.0,0.0,0.0,0.0,100.0,0.0
20151114160533,0.0,0.0,0.0,0.2,0.0,0.1,99.5,0.2
20151114160603,0.0,0.0,0.0,0.0,0.0,0.1,99.8,0.1
20151114160633,0.0,0.0,0.0,0.0,0.0,0.4,96.6,3.0
20151114160703,0.0,0.0,0.1,0.2,0.0,0.4,94.3,5.1
20151114160733,0.0,0.0,0.0,0.0,0.0,0.1,97.8,2.1
20151114160803,0.0,0.0,0.0,0.1,0.0,0.1,99.0,0.8
20151114160833,0.0,0.0,0.0,0.0,0.0,0.0,99.6,0.3
20151114160903,0.0,0.0,0.0,0.0,0.0,0.0,99.8,0.1
20151114160933,0.0,0.0,0.0,0.0,0.0,0.0,100.0,0.0
20151114161003,0.0,0.0,0.0,0.0,0.0,0.0,99.8,0.1
20151114161033,0.0,0.0,0.0,0.0,0.0,0.0,100.0,0.0
20151114161104,0.0,0.0,0.0,0.0,0.0,0.0,99.9,0.0
20151114161134,0.0,0.0,0.0,0.0,0.0,0.0,99.5,0.5
20151114161204,0.0,0.0,0.0,0.0,0.0,0.1,99.2,0.7
20151114161234,0.0,0.0,0.0,0.0,0.0,0.0,99.7,0.2
20151114161304,0.0,0.0,0.0,0.0,0.0,0.0,99.9,0.1
20151114161334,0.0,0.0,0.0,0.0,0.0,0.0,99.8,0.2
20151114161404,0.0,0.0,0.0,0.0,0.0,0.0,100.0,0.0
20151114161434,0.0,0.0,0.0,0.0,0.0,0.0,99.9,0.0
20151114161504,0.0,0.0,0.0,0.0,0.0,0.0,100.0,0.0
20151114161534,0.0,0.0,0.0,0.0,0.0,0.0,100.0,0.0
20151114161604,0.0,0.0,0.0,0.0,0.0,0.0,99.9,0.0
20151114161634,0.0,0.0,0.0,0.0,0.0,0.2,99.3,0.5
20151114161704,0.0,0.0,0.0,0.0,0.0,0.0,100.0,0.0
20151114161734,0.0,0.0,0.0,0.0,0.0,0.0,100.0,0.0
20151114161804,0.0,0.0,0.0,0.0,0.0,0.0,100.0,0.0
20151114161834,0.0,0.0,0.0,0.0,0.0,0.1,99.9,0.0
20151114161904,0.0,0.0,0.0,0.0,0.0,0.2,99.5,0.2
20151114161934,0.0,0.0,0.2,0.0,0.0,1.2,98.6,0.0
20151114162004,0.0,0.0,0.0,0.0,0.0,0.7,99.3,0.0
20151114162034,0.0,0.0,4.0,0.0,0.0,0.6,17.3,78.0
20151114162104,0.0,0.0,1.3,0.0,0.0,24.3,67.8,6.7
20151114162134,0.0,0.0,0.9,0.0,0.0,1.4,51.6,46.1
20151114162204,0.0,0.0,0.3,0.0,0.0,19.9,42.0,37.9
20151114162234,0.0,0.0,0.1,0.0,0.0,3.3,94.0,2.6
20151114162304,0.0,0.0,0.2,0.0,0.0,0.8,94.4,4.7
20151114162334,0.0,0.0,0.1,0.0,0.0,1.5,3.1,95.4
20151114162404,0.0,0.0,0.3,0.0,0.0,5.9,91.0,2.9
20151114162434,0.0,0.0,0.4,0.0,0.0,0.7,10.5,88.5
20151114162504,0.0,0.0,0.2,0.0,0.0,0.3,0.4,99.0
20151114162534,0.0,0.0,0.5,0.0,0.0,0.9,22.8,75.9
20151114162604,0.0,0.0,0.0,0.0,0.0,0.0,99.5,0.5
20151114162634,0.0,0.0,0.0,0.0,0.0,0.0,100.0,0.0
20151114162704,0.0,0.0,0.0,0.0,0.0,0.0,100.0,0.0
20151114162734,0.0,0.0,0.0,0.0,0.0,0.0,99.9,0.1
20151114162804,0.0,0.0,0.0,0.0,0.0,0.0,100.0,0.0
20151114162834,0.0,0.0,0.0,0.0,0.0,0.0,99.9,0.0
20151114162904,0.0,0.0,0.0,0.0,0.0,0.2,99.6,0.1
20151114162934,0.0,0.0,0.0,0.0,0.0,0.4,99.5,0.0
20151114163004,0.0,0.0,0.1,0.0,0.0,0.8,79.6,19.5
20151114163034,0.0,0.0,0.0,0.0,0.0,0.2,99.4,0.4
20151114163104,0.0,0.0,0.0,0.0,0.0,0.8,57.8,41.3
20151114163134,0.0,0.0,0.0,0.0,0.0,0.1,62.9,37.0
20151114163204,0.0,0.0,0.0,0.0,0.0,0.0,97.9,2.1
20151114163234,0.0,0.0,0.0,0.0,0.0,0.0,97.5,2.4
20151114163304,0.0,0.0,0.0,0.0,0.0,0.0,95.7,4.2
20151114163334,0.0,0.0,0.0,0.1,0.0,0.0,98.9,1.0
20151114163404,0.0,0.0,0.0,0.0,0.0,0.0,99.3,0.6
20151114163434,0.0,0.0,0.0,0.0,0.0,0.0,99.6,0.4
20151114163504,0.0,0.0,0.0,0.0,0.0,0.0,99.5,0.5
20151114163534,0.0,0.0,0.0,0.0,0.0,0.0,99.6,0.4
20151114163604,0.0,0.0,0.0,0.0,0.0,0.0,98.9,1.1
20151114163634,0.0,0.0,0.0,0.1,0.0,0.0,99.4,0.5
20151114163704,0.0,0.0,0.0,0.0,0.0,0.0,99.8,0.2
20151114163734,0.0,0.0,0.0,0.0,0.0,0.0,99.9,0.1
20151114163804,0.0,0.0,0.0,0.0,0.0,0.0,100.0,0.0
20151114163834,0.0,0.0,0.0,0.0,0.0,0.0,100.0,0.0
20151114163904,0.0,0.0,0.0,0.0,0.0,0.0,99.9,0.0
20151114163934,0.0,0.0,0.0,0.0,0.0,0.0,99.9,0.1
20151114164004,0.0,0.0,0.0,0.0,0.0,0.0,99.5,0.5
20151114164034,0.0,0.0,0.0,0.0,0.0,0.1,93.5,6.4
20151114164104,0.0,0.0,0.0,0.0,0.0,0.0,99.7,0.3
20151114164134,0.0,0.0,0.0,0.6,0.0,0.0,99.2,0.2
20151114164204,0.0,0.0,0.0,0.2,0.0,0.0,98.8,1.0
20151114164234,0.0,0.0,0.0,0.1,0.0,0.0,99.7,0.2
20151114164304,0.0,0.0,0.0,0.0,0.0,0.0,99.6,0.4
20151114164334,0.0,0.0,0.0,0.0,0.0,0.0,98.7,1.2
20151114164404,0.0,0.0,0.0,0.1,0.0,0.0,97.1,2.7
20151114164434,0.0,0.0,0.1,0.5,0.0,0.0,97.2,2.1
20151114164505,0.0,0.0,0.0,0.7,0.0,0.0,98.9,0.3
20151114164535,0.0,0.0,0.0,0.4,0.0,0.0,88.0,11.5
20151114164605,0.0,0.0,0.0,0.0,0.0,0.0,99.3,0.6
20151114164635,0.0,0.0,0.0,0.3,0.0,0.0,99.4,0.3
20151114164705,0.0,0.0,0.0,1.8,0.0,0.0,97.7,0.5
20151114164735,0.0,0.0,0.0,0.0,0.0,0.0,99.3,0.6
20151114164805,0.0,0.0,0.0,0.0,0.0,0.0,99.8,0.2
20151114164835,0.0,0.0,0.0,0.0,0.0,0.0,99.5,0.5
20151114164905,0.0,0.0,0.0,0.0,0.0,0.0,99.4,0.6
20151114164935,0.0,0.0,0.1,0.1,0.0,0.0,98.4,1.5
20151114165005,0.0,0.0,0.1,0.4,0.0,0.0,98.6,0.9
20151114165035,0.0,0.0,0.1,0.1,0.0,0.0,96.4,3.4
20151114165105,0.0,0.0,0.8,1.0,0.0,0.1,91.9,6.0
20151114165135,0.0,0.0,0.1,0.0,0.0,0.0,98.3,1.5
20151114165205,0.0,0.0,0.1,0.2,0.0,0.0,98.6,1.1
20151114165235,0.0,0.0,0.0,0.2,0.0,0.0,99.2,0.6
20151114165305,0.0,0.0,0.0,0.1,0.0,0.0,98.2,1.7
20151114165335,0.0,0.0,0.0,0.1,0.0,0.0,98.7,1.1
20151114165405,0.0,0.0,0.0,0.1,0.0,0.0,98.7,1.2
20151114165435,0.0,0.0,0.0,0.0,0.0,0.0,99.5,0.5
20151114165505,0.0,0.0,0.0,0.0,0.0,0.0,99.2,0.7
20151114165535,0.0,0.0,0.0,0.1,0.0,0.1,99.0,0.8
20151114165605,0.0,0.0,0.0,0.0,0.0,0.0,99.5,0.4
20151114165635,0.0,0.0,0.0,0.0,0.0,0.1,99.2,0.7
20151114165705,0.0,0.0,0.0,0.1,0.0,0.0,98.7,1.1
20151114165735,0.0,0.0,0.0,0.3,0.0,0.0,98.7,1.0
20151114165805,0.0,0.0,0.0,0.1,0.0,0.1,99.3,0.5
20151114165835,0.0,0.0,0.0,0.2,0.0,0.0,99.5,0.2
20151114165905,0.0,0.0,0.0,0.0,0.0,0.0,99.6,0.3
20151114165935,0.0,0.0,0.0,0.5,0.0,0.1,99.2,0.2
20151114170005,0.0,0.0,0.0,0.2,0.0,0.1,97.0,2.6
20151114170035,0.0,0.0,0.0,0.1,0.0,0.1,99.5,0.3
20151114170105,0.0,0.0,0.1,0.5,0.0,0.0,98.3,1.1
20151114170135,0.0,0.0,0.0,0.2,0.0,0.1,99.1,0.6
20151114170205,0.0,0.0,0.0,0.1,0.0,0.0,98.7,1.1
20151114170235,0.0,0.0,0.0,1.9,0.0,0.0,96.5,1.5
20151114170305,0.0,0.0,0.0,0.1,0.0,0.0,98.9,0.9
20151114170335,0.0,0.0,0.0,0.2,0.0,0.0,99.2,0.5
20151114170405,0.0,0.0,0.0,0.2,0.0,0.0,99.5,0.3
20151114170435,0.0,0.0,0.0,0.1,0.0,0.0,99.4,0.4
20151114170505,0.0,0.0,0.0,0.0,0.0,0.0,99.9,0.1
20151114170535,0.0,0.0,0.0,0.0,0.0,0.0,99.3,0.6
20151114170605,0.0,0.0,0.0,0.1,0.0,0.0,99.7,0.2
20151114170635,0.0,0.0,0.0,0.0,0.0,0.0,99.7,0.2
20151114170705,0.0,0.0,0.0,0.0,0.0,0.0,99.8,0.2
20151114170735,0.0,0.0,0.0,0.0,0.0,0.1,98.8,1.1
20151114170805,0.0,0.0,0.0,0.0,0.0,0.0,99.9,0.1
20151114170835,0.0,0.0,0.0,0.0,0.0,0.0,99.5,0.4
20151114170905,0.0,0.0,0.0,0.0,0.0,0.0,99.1,0.8
20151114170935,0.0,0.0,0.0,0.0,0.0,0.0,99.8,0.1
20151114171005,0.0,0.0,0.0,0.0,0.0,0.0,99.9,0.1
20151114171035,0.0,0.0,0.0,0.0,0.0,0.0,99.8,0.1
20151114171105,0.0,0.0,0.0,0.0,0.0,0.0,99.6,0.4
20151114171135,0.0,0.0,0.0,0.0,0.0,0.0,99.9,0.1
20151114171206,0.0,0.0,0.0,0.0,0.0,0.1,99.7,0.2
20151114171236,0.0,0.0,0.0,0.0,0.0,0.1,99.6,0.3
20151114171306,0.0,0.0,0.0,0.0,0.0,0.0,100.0,0.0
20151114171336,0.0,0.0,0.0,0.0,0.0,0.0,99.9,0.1
20151114171406,0.0,0.0,0.0,0.0,0.0,0.0,99.9,0.1
20151114171436,0.0,0.0,0.0,0.0,0.0,0.0,100.0,0.0
20151114171506,0.0,0.0,0.0,0.0,0.0,0.0,99.7,0.3
20151114171536,0.0,0.0,0.0,0.0,0.0,0.0,99.8,0.2
20151114171606,0.0,0.0,0.0,0.0,0.0,0.0,99.9,0.1
20151114171636,0.0,0.0,0.0,0.0,0.0,0.0,99.9,0.1
20151114171706,0.0,0.0,0.0,0.2,0.0,0.0,99.3,0.5
20151114171736,0.0,0.0,0.0,0.1,0.0,0.0,99.8,0.1
20151114171806,0.0,0.0,0.0,0.0,0.0,0.0,99.5,0.4
20151114171836,0.0,0.0,0.0,0.1,0.0,0.0,98.7,1.2
20151114171906,0.0,0.0,0.0,0.7,0.0,0.0,98.9,0.4
20151114171936,0.0,0.0,0.0,0.4,0.0,0.0,98.9,0.7
20151114172006,0.0,0.0,0.0,0.4,0.0,0.0,99.4,0.2
20151114172036,0.0,0.0,0.0,0.1,0.0,0.0,99.8,0.1
20151114172106,0.0,0.0,0.0,0.4,0.0,0.0,99.4,0.1
20151114172136,0.0,0.0,0.1,0.1,0.0,0.0,99.6,0.2
20151114172206,0.0,0.0,0.1,0.0,0.0,0.0,99.8,0.1
20151114172236,0.0,0.0,0.0,0.0,0.0,0.0,99.9,0.1
20151114172306,0.0,0.0,0.0,0.0,0.0,0.0,99.8,0.2
20151114172336,0.0,0.0,0.0,0.0,0.0,0.0,97.0,2.9
20151114172406,0.0,0.0,0.0,0.0,0.0,0.0,99.9,0.1
20151114172436,0.0,0.0,0.0,0.0,0.0,0.0,99.7,0.3
20151114172506,0.0,0.0,0.0,0.0,0.0,0.0,99.9,0.1
20151114172536,0.0,0.0,0.0,0.0,0.0,0.0,99.9,0.1
20151114172606,0.0,0.0,0.0,0.0,0.0,0.0,99.6,0.4
20151114172636,0.0,0.0,0.0,0.0,0.0,0.0,99.9,0.1
20151114172706,0.0,0.0,0.0,0.0,0.0,0.0,99.5,0.5
20151114172736,0.0,0.0,0.0,0.0,0.0,0.0,100.0,0.0
20151114172806,0.0,0.0,0.0,0.0,0.0,0.0,99.8,0.1
20151114172836,0.0,0.0,0.0,0.0,0.0,0.0,99.6,0.3
20151114172906,0.0,0.0,0.0,0.0,0.0,0.0,99.8,0.2
20151114172936,0.0,0.0,0.0,0.0,0.0,0.0,99.9,0.1
20151114173006,0.0,0.0,0.0,0.0,0.0,0.0,99.5,0.5
20151114173036,0.0,0.0,0.0,0.0,0.0,0.0,99.8,0.1
20151114173106,0.0,0.0,0.0,0.0,0.0,0.0,99.6,0.4
20151114173136,0.0,0.0,0.0,0.0,0.0,0.0,99.3,0.6
20151114173206,0.0,0.0,0.0,0.1,0.0,0.0,99.0,0.9
20151114173236,0.0,0.0,0.0,0.0,0.0,0.0,99.7,0.3
20151114173306,0.0,0.0,0.0,0.1,0.0,0.0,99.2,0.7
20151114173336,0.0,0.0,0.0,0.0,0.0,0.0,99.3,0.7
20151114173406,0.0,0.0,0.0,0.0,0.0,0.0,96.7,3.2
20151114173436,0.0,0.0,0.0,0.0,0.0,0.0,98.5,1.4
20151114173506,0.0,0.0,0.0,0.0,0.0,0.0,99.7,0.3
20151114173536,0.0,0.0,0.0,0.0,0.0,0.0,99.0,1.0
20151114173606,0.0,0.0,0.0,0.0,0.0,0.0,99.2,0.8
20151114173636,0.0,0.0,0.1,0.6,0.0,0.0,96.6,2.6
20151114173706,0.0,0.0,0.1,0.1,0.0,0.0,94.3,5.5
20151114173736,0.0,0.0,0.0,0.1,0.0,0.0,97.6,2.3
20151114173806,0.0,0.0,0.0,0.0,0.0,0.0,95.9,4.1
20151114173836,0.0,0.0,0.0,0.9,0.0,0.0,97.7,1.4
20151114173906,0.0,0.0,0.0,0.0,0.0,0.0,99.7,0.3
20151114173936,0.0,0.0,0.0,0.0,0.0,0.0,99.0,1.0
20151114174006,0.0,0.0,0.0,4.5,0.0,0.0,94.3,1.2
20151114174036,0.0,0.0,0.0,0.3,0.0,0.0,98.2,1.5
20151114174106,0.0,0.0,0.0,6.4,0.0,0.0,91.5,2.0
20151114174136,0.0,0.0,0.0,1.4,0.0,0.0,97.2,1.4
20151114174206,0.0,0.0,0.1,0.2,0.0,0.0,99.2,0.5
20151114174236,0.0,0.0,0.0,4.2,0.0,0.0,95.3,0.5
20151114174306,0.0,0.0,0.0,2.2,0.0,0.0,97.3,0.5
20151114174336,0.0,0.0,0.0,0.2,0.0,0.0,99.4,0.4
20151114174406,0.0,0.0,0.0,0.4,0.0,0.0,99.4,0.1
20151114174436,0.0,0.0,0.2,6.9,0.0,0.0,91.1,1.7
20151114174506,0.0,0.2,0.1,49.7,0.0,0.0,43.3,6.5
20151114174536,0.0,0.0,0.1,0.1,0.0,0.0,96.6,3.2
20151114174606,0.0,0.0,0.0,0.0,0.0,0.0,98.0,1.9
20151114174637,0.0,0.0,0.0,0.0,0.0,0.0,99.9,0.0
20151114174707,0.0,0.0,0.0,0.0,0.0,0.0,99.9,0.1
20151114174737,0.0,0.0,0.0,0.0,0.0,0.0,99.4,0.5
20151114174807,0.0,0.0,0.0,0.0,0.0,0.0,100.0,0.0
20151114174837,0.0,0.0,0.0,0.0,0.0,0.0,99.9,0.1
20151114174907,0.0,0.0,0.0,0.0,0.0,0.0,18.9,81.0
20151114174937,0.0,0.0,0.0,0.0,0.0,0.0,76.8,23.2
20151114175007,0.0,0.0,0.0,0.0,0.0,0.0,21.7,78.3
20151114175037,0.0,0.0,0.0,0.0,0.0,0.0,48.7,51.3
20151114175107,0.0,0.0,0.0,0.3,0.0,0.0,84.2,15.4
20151114175137,0.0,0.0,0.1,3.5,0.0,0.0,90.8,5.5
20151114175207,0.0,0.0,0.3,4.8,0.0,0.0,67.2,27.7
20151114175237,0.0,0.0,0.1,58.1,0.0,0.0,24.3,17.5
20151114175307,0.0,0.0,0.1,65.2,0.0,0.0,30.1,4.6
20151114175337,0.0,0.1,0.0,20.6,0.0,0.0,34.1,45.2
20151114175407,0.0,0.0,0.1,27.5,0.0,0.0,41.9,30.5
20151114175437,0.0,0.1,0.3,50.3,0.0,0.0,18.6,30.7
20151114175507,0.0,0.1,0.3,7.7,0.0,0.0,37.1,54.8
20151114175537,0.0,0.1,0.1,42.1,0.0,0.0,21.2,36.4
20151114175607,0.0,0.1,0.1,8.0,0.0,0.0,30.8,60.9
20151114175637,0.0,0.1,0.1,41.3,0.1,0.0,6.0,52.5
20151114175707,0.0,0.0,0.0,62.3,0.0,0.0,12.2,25.4
20151114175737,0.0,0.0,0.0,24.0,0.0,0.0,34.6,41.3
20151114175807,0.0,0.1,0.7,33.4,0.0,0.0,34.4,31.4
20151114175837,0.1,0.4,3.3,17.7,0.3,0.1,57.9,20.3
20151114175907,0.0,0.1,1.2,3.4,0.0,0.1,73.9,21.3
20151114175937,0.0,0.0,0.3,22.5,0.0,0.0,65.7,11.4
20151114180007,0.1,0.1,0.7,83.7,0.0,0.1,13.3,1.9
20151114180037,0.0,0.1,0.3,86.7,0.0,0.0,7.1,5.9
20151114180107,0.0,0.1,0.2,31.4,0.0,0.1,58.6,9.5
20151114180137,0.0,0.1,0.9,74.3,0.1,0.1,20.6,3.9
20151114180207,0.0,0.1,1.3,89.9,0.0,0.1,6.7,1.8
20151114180237,0.0,0.1,1.5,45.9,0.1,0.2,47.8,4.4
20151114180307,0.0,0.1,0.3,80.0,0.0,0.0,18.8,0.9
20151114180337,0.0,0.2,0.6,38.7,0.0,0.1,59.0,1.3
20151114180407,0.4,0.8,9.4,52.7,0.1,0.2,32.3,4.2
20151114180437,0.1,0.6,15.9,38.9,0.0,0.1,43.0,1.3
20151114180507,0.2,0.2,10.8,72.0,0.0,0.1,16.1,0.6
20151114180537,0.2,0.8,50.3,41.4,0.1,0.0,6.1,1.0
20151114180607,0.9,1.4,10.4,84.3,0.1,0.0,2.8,0.1
20151114180637,0.3,3.1,14.2,61.2,0.1,0.1,19.3,1.6
20151114180707,0.3,0.3,5.8,18.3,0.1,0.1,70.7,4.5
20151114180737,1.0,0.8,18.0,64.3,0.1,0.1,15.0,0.7
20151114180807,1.1,0.3,12.0,32.3,0.1,0.4,41.9,12.0
20151114180837,0.5,0.0,1.9,96.1,0.1,0.0,1.3,0.1
20151114180907,0.0,0.1,1.9,64.1,0.0,0.0,27.6,6.1
20151114180937,0.0,0.1,0.3,13.7,0.0,0.0,83.4,2.5
20151114181007,0.0,0.0,0.2,0.5,0.0,0.1,64.9,34.2
20151114181037,0.0,0.0,0.1,1.7,0.0,0.0,37.4,60.7
20151114181107,0.2,0.1,0.3,14.9,0.0,0.1,33.9,50.5
20151114181137,0.0,0.0,0.2,30.0,0.0,0.0,14.4,55.3
20151114181207,0.0,0.0,0.3,15.6,0.0,0.0,18.9,65.2
20151114181237,0.0,0.0,0.5,85.4,0.0,0.0,10.5,3.6
20151114181307,0.0,0.0,1.0,93.4,0.0,0.0,1.7,3.9
20151114181337,0.1,0.0,5.9,77.7,0.0,0.1,6.5,9.7
20151114181407,0.1,0.0,2.0,55.0,0.0,0.2,35.3,7.4
20151114181437,0.0,0.1,11.7,19.7,0.2,0.1,14.7,53.4
20151114181507,0.1,0.1,4.2,37.6,0.1,0.3,49.8,7.9
20151114181537,0.2,0.0,28.2,7.3,0.0,0.4,32.2,31.6
20151114181607,0.0,0.0,0.7,2.3,0.0,0.2,85.1,11.7
20151114181637,0.0,0.0,3.0,1.0,0.0,0.2,91.0,4.9
20151114181707,0.0,0.0,0.4,1.9,0.0,0.0,86.5,11.2
20151114181737,0.0,0.1,36.0,37.0,0.0,0.1,25.5,1.3
20151114181807,0.0,0.0,18.1,49.5,0.0,0.0,31.8,0.6
20151114181837,0.0,0.0,4.1,88.6,0.0,0.0,6.7,0.5
20151114181907,0.0,0.0,8.8,34.2,0.0,0.1,52.5,4.4
20151114181937,0.2,0.1,44.9,34.4,0.1,0.2,11.7,8.4
20151114182007,0.0,0.0,11.5,70.9,0.0,0.0,16.6,0.9
20151114182037,0.1,0.0,1.5,86.8,0.0,0.0,11.5,0.1
20151114182108,0.1,0.1,15.6,72.8,0.1,0.1,8.6,2.6
20151114182138,0.0,0.0,0.8,48.1,0.0,0.1,43.5,7.5
20151114182208,0.0,0.0,1.3,8.7,0.0,0.1,59.5,30.3
20151114182238,0.0,0.0,1.4,7.7,0.0,0.0,60.8,30.0
20151114182308,0.0,0.0,3.4,11.1,0.0,0.0,66.1,19.4
20151114182338,0.0,0.0,0.7,1.0,0.0,0.1,95.8,2.4
20151114182408,0.0,0.0,0.6,0.4,0.0,0.0,95.1,3.8
20151114182438,0.0,0.0,3.1,14.8,0.0,0.0,50.9,31.1
20151114182508,0.0,0.0,0.7,1.8,0.0,0.0,91.5,6.0
20151114182538,0.0,0.0,2.0,18.4,0.0,0.0,72.2,7.3
20151114182608,0.0,0.0,4.9,39.6,0.0,0.0,52.8,2.8
20151114182638,0.0,0.0,4.8,64.6,0.1,0.0,22.6,7.9
20151114182708,0.0,0.0,1.2,10.3,0.0,0.0,87.1,1.3
20151114182738,0.0,0.0,1.5,2.3,0.0,0.1,91.3,4.8
20151114182808,0.0,0.0,2.1,6.0,0.0,0.0,90.0,1.9
20151114182838,0.0,0.0,2.0,5.6,0.1,0.0,84.9,7.4
20151114182908,0.0,0.0,3.9,27.2,0.1,0.0,62.5,6.3
20151114182938,0.0,0.0,1.2,15.3,0.0,0.0,81.0,2.4
20151114183008,0.0,0.0,0.4,11.5,0.0,0.0,85.1,3.0
20151114183038,0.0,0.0,3.8,38.7,0.0,0.0,53.1,4.3
20151114183108,0.0,0.0,8.4,18.0,0.0,0.0,37.1,36.4
20151114183138,0.0,0.0,5.0,74.9,0.0,0.0,19.2,0.9
20151114183208,0.0,0.0,22.1,66.3,0.0,0.0,10.9,0.7
20151114183238,0.0,0.1,6.2,64.1,0.0,0.0,24.8,4.9
20151114183308,0.0,0.0,3.6,79.2,0.0,0.0,16.2,1.0
20151114183338,0.0,0.0,6.8,14.5,0.0,0.0,65.3,13.2
20151114183408,0.0,0.0,6.5,59.2,0.0,0.0,27.5,6.7
20151114183438,0.0,0.0,4.7,94.0,0.0,0.0,0.8,0.5
20151114183508,0.0,0.0,26.9,70.3,0.0,0.0,2.1,0.6
20151114183538,0.0,0.0,1.0,93.9,0.0,0.0,4.9,0.2
20151114183608,0.0,0.0,17.5,80.9,0.1,0.0,0.9,0.5
20151114183638,0.0,0.0,39.5,33.6,0.1,0.1,18.7,8.0
20151114183708,0.0,0.0,40.5,48.6,0.1,0.0,5.6,5.2
20151114183738,0.0,1.0,25.5,34.4,0.1,0.0,19.2,19.8
20151114183808,0.0,0.2,59.3,32.3,0.2,0.0,2.5,5.6
20151114183838,0.0,0.0,16.3,16.5,0.0,0.0,55.3,11.9
20151114183908,0.1,0.1,5.3,68.5,0.0,0.0,23.1,2.9
20151114183938,0.0,0.1,2.1,96.1,0.0,0.0,1.7,0.0
20151114184008,0.1,0.0,3.0,94.1,0.0,0.0,2.7,0.1
20151114184038,0.0,0.0,6.6,74.7,0.1,0.0,16.9,1.7
20151114184108,0.1,0.5,23.2,11.4,0.7,0.0,58.9,5.2
20151114184138,0.1,0.4,56.7,5.5,0.2,0.0,24.9,12.2
20151114184208,0.0,0.3,37.7,55.1,0.3,0.0,2.2,4.4
20151114184238,0.0,0.1,5.2,77.6,0.1,0.0,0.3,16.8
20151114184308,0.0,0.0,2.1,91.3,0.0,0.0,6.1,0.4
20151114184338,0.0,0.0,16.1,23.5,0.1,0.0,53.3,6.9
20151114184408,0.0,0.0,3.5,1.3,0.0,0.0,93.9,1.3
20151114184438,0.0,0.0,1.0,5.1,0.1,0.0,82.0,11.8
20151114184508,0.0,0.0,0.7,2.2,0.0,0.0,95.0,2.1
20151114184538,0.0,0.0,1.4,8.7,0.0,0.0,89.2,0.7
20151114184608,0.0,0.0,1.2,1.5,0.0,0.0,93.0,4.2
20151114184638,0.0,0.0,0.2,58.6,0.0,0.0,40.0,1.2
20151114184708,0.0,0.0,1.0,38.7,0.0,0.0,48.1,12.2
20151114184738,0.0,0.0,0.5,22.6,0.0,0.0,71.8,5.1
20151114184808,0.0,0.0,0.1,18.7,0.0,0.0,38.1,43.1
20151114184839,0.0,0.0,0.3,42.9,0.0,0.0,51.5,5.3
20151114184909,0.0,0.0,0.2,29.9,0.0,0.0,69.3,0.7
20151114184939,0.0,0.0,0.3,66.6,0.0,0.0,30.9,2.3
20151114185009,0.0,0.0,0.2,41.3,0.0,0.0,58.3,0.2
20151114185039,0.0,0.0,0.5,82.5,0.0,0.0,16.9,0.1
20151114185109,0.0,0.0,0.6,44.9,0.0,0.0,54.2,0.2
20151114185139,0.1,0.0,1.6,97.6,0.0,0.0,0.5,0.1
20151114185209,0.0,0.0,1.2,98.4,0.0,0.0,0.3,0.1
20151114185239,0.0,0.0,0.7,97.6,0.0,0.0,1.6,0.0
20151114185309,0.0,0.0,1.3,96.2,0.0,0.0,2.5,0.0
20151114185339,0.0,0.0,2.6,17.1,0.0,0.0,77.2,3.1
20151114185409,0.0,0.0,15.3,68.2,0.0,0.0,16.4,0.1
20151114185439,0.2,0.0,6.9,71.4,0.0,0.0,20.8,0.7
20151114185509,0.0,0.0,0.8,2.3,0.0,0.0,96.0,0.9
20151114185539,0.0,0.0,5.0,14.4,0.0,0.0,80.2,0.3
20151114185609,0.0,0.0,2.2,1.6,0.0,0.0,95.4,0.7
20151114185639,0.0,0.0,0.7,2.2,0.0,0.0,96.9,0.1
20151114185709,0.0,0.0,0.5,1.9,0.0,0.0,97.2,0.3
20151114185739,0.0,0.0,0.4,1.5,0.0,0.1,97.1,1.0
20151114185809,0.0,0.0,0.2,92.6,0.0,0.0,6.5,0.6
20151114185839,0.0,0.0,1.2,95.2,0.0,0.0,3.2,0.3
20151114185909,0.0,0.0,1.7,97.7,0.0,0.0,0.5,0.0
20151114185939,0.0,0.0,0.0,100.0,0.0,0.0,0.0,0.0
20151114190009,0.0,0.0,0.2,99.7,0.0,0.0,0.0,0.0
20151114190039,0.0,0.0,0.4,99.6,0.0,0.0,0.0,0.0
20151114190109,0.0,0.0,0.1,99.9,0.0,0.0,0.0,0.0
20151114190139,0.0,0.0,62.2,37.5,0.0,0.0,0.2,0.0
20151114190209,0.0,0.0,1.6,98.3,0.0,0.0,0.1,0.0
20151114190239,0.0,0.0,0.5,99.5,0.0,0.0,0.0,0.0
20151114190309,0.1,0.1,33.4,65.6,0.1,0.0,0.6,0.1
20151114190339,0.0,0.0,0.7,98.4,0.0,0.0,0.7,0.0
20151114190409,0.0,0.0,5.9,35.7,0.0,0.0,58.3,0.2
20151114190439,0.0,0.0,1.1,62.8,0.0,0.0,36.0,0.0
20151114190509,0.0,0.0,8.9,89.6,0.1,0.1,1.3,0.0
20151114190539,0.0,0.0,4.0,91.4,0.0,0.1,3.9,0.6
20151114190609,0.2,0.0,5.2,35.6,0.1,0.2,53.0,5.7
20151114190639,0.0,0.0,10.5,49.7,0.0,0.2,38.2,1.3
20151114190709,0.0,0.0,3.6,96.2,0.0,0.0,0.2,0.0
20151114190739,0.0,0.0,15.8,80.6,0.1,0.0,3.1,0.4
20151114190809,0.0,0.0,0.1,99.9,0.0,0.0,0.0,0.0
20151114190839,0.0,0.2,1.7,98.0,0.0,0.0,0.0,0.0
20151114190909,2.4,1.7,14.5,81.4,0.1,0.0,0.0,0.0
20151114190939,0.3,0.3,0.2,99.3,0.0,0.0,0.0,0.0
20151114191009,0.3,0.3,2.0,97.4,0.0,0.0,0.0,0.0
20151114191039,1.8,6.5,5.6,86.0,0.0,0.0,0.0,0.0
20151114191109,0.8,2.4,1.4,95.4,0.0,0.0,0.0,0.0
20151114191139,2.6,0.9,1.1,95.4,0.0,0.0,0.0,0.0
20151114191209,14.1,0.9,5.7,79.3,0.0,0.0,0.0,0.0
20151114191239,40.4,2.8,6.5,50.2,0.0,0.0,0.1,0.0
20151114191309,83.1,1.4,0.2,15.4,0.0,0.0,0.0,0.0
20151114191339,57.3,1.0,1.3,40.3,0.0,0.0,0.1,0.0
20151114191409,14.8,1.7,7.8,75.6,0.0,0.0,0.1,0.0
20151114191439,56.8,5.6,3.0,34.6,0.0,0.0,0.0,0.0
20151114191509,43.8,3.8,2.2,50.1,0.0,0.0,0.0,0.0
20151114191539,34.0,4.4,13.8,47.5,0.0,0.0,0.2,0.1
20151114191609,30.9,4.7,24.0,27.1,0.6,0.2,10.5,2.1
20151114191639,3.2,1.0,25.2,2.1,0.1,3.4,55.1,10.0
20151114191709,0.2,0.1,17.6,10.3,0.2,0.4,45.5,25.8
20151114191739,0.3,0.1,9.1,3.1,0.1,0.3,72.5,14.6
20151114191809,1.5,0.9,58.0,38.0,0.6,0.0,0.9,0.1
20151114191839,0.1,0.2,80.8,18.1,0.7,0.0,0.1,0.0
20151114191909,0.4,0.3,34.8,64.2,0.2,0.0,0.1,0.0
20151114191939,0.1,1.6,25.8,72.5,0.1,0.0,0.0,0.0
20151114192009,1.7,1.6,77.7,18.8,0.2,0.0,0.1,0.0
20151114192039,2.2,0.3,58.2,38.8,0.4,0.0,0.0,0.0
20151114192109,0.3,3.1,95.9,0.6,0.0,0.0,0.0,0.0
20151114192139,0.0,0.2,98.1,1.6,0.1,0.0,0.0,0.0
20151114192209,0.0,1.0,95.1,3.4,0.4,0.0,0.0,0.1
20151114192240,0.1,0.2,99.2,0.3,0.1,0.0,0.0,0.0
20151114192310,0.1,3.8,95.6,0.5,0.0,0.0,0.0,0.0
20151114192340,0.0,0.7,98.5,0.7,0.1,0.0,0.0,0.0
20151114192410,0.2,0.9,88.5,9.8,0.5,0.0,0.0,0.0
20151114192440,0.6,1.7,74.7,22.8,0.2,0.0,0.0,0.0
20151114192510,0.0,0.1,99.1,0.8,0.0,0.0,0.0,0.0
20151114192540,0.2,7.0,89.9,2.8,0.0,0.0,0.0,0.0
20151114192610,0.6,43.4,43.0,12.9,0.0,0.0,0.0,0.0
20151114192640,0.9,67.3,4.6,27.2,0.0,0.0,0.0,0.0
20151114192710,6.3,59.4,3.3,30.9,0.1,0.0,0.0,0.0
20151114192740,40.0,15.7,1.9,42.4,0.0,0.0,0.0,0.0
20151114192810,40.9,30.5,3.9,24.1,0.6,0.0,0.0,0.0
20151114192840,49.3,26.5,8.2,15.9,0.1,0.0,0.0,0.0
20151114192910,12.2,20.2,35.8,31.1,0.6,0.0,0.0,0.0
20151114192940,58.3,22.1,11.7,7.3,0.6,0.0,0.0,0.0
20151114193010,0.0,0.0,98.8,1.0,0.1,0.0,0.0,0.0
20151114193040,0.0,0.5,99.3,0.2,0.1,0.0,0.0,0.0
20151114193110,0.0,0.6,99.3,0.1,0.0,0.0,0.0,0.0
20151114193140,0.2,0.2,94.0,5.6,0.0,0.0,0.0,0.0
20151114193210,0.1,0.2,99.3,0.3,0.0,0.0,0.0,0.0
20151114193240,0.0,0.0,95.3,4.6,0.0,0.0,0.0,0.0
20151114193310,14.9,3.9,70.8,9.4,0.9,0.0,0.0,0.0
20151114193340,30.0,2.3,64.0,3.6,0.1,0.0,0.0,0.0
20151114193410,54.6,11.8,23.3,10.1,0.1,0.0,0.0,0.0
20151114193440,1.4,8.7,89.6,0.1,0.2,0.0,0.0,0.0
20151114193510,15.4,2.6,75.9,5.7,0.4,0.0,0.0,0.0
20151114193540,26.2,2.6,69.8,1.2,0.1,0.0,0.1,0.0
20151114193610,54.9,31.2,8.6,5.1,0.2,0.0,0.0,0.0
20151114193640,11.0,46.2,20.1,22.5,0.2,0.0,0.0,0.0
20151114193710,0.3,92.2,1.2,6.3,0.0,0.0,0.0,0.0
20151114193740,1.2,98.7,0.0,0.1,0.0,0.0,0.0,0.0
20151114193810,19.7,79.7,0.1,0.4,0.1,0.0,0.0,0.0
20151114193840,69.5,29.7,0.0,0.7,0.1,0.0,0.0,0.0
20151114193910,98.9,1.0,0.0,0.1,0.0,0.0,0.0,0.0
20151114193940,100.0,0.0,0.0,0.0,0.0,0.0,0.0,0.0
20151114194010,99.9,0.1,0.0,0.0,0.0,0.0,0.0,0.0
20151114194040,97.4,2.0,0.0,0.6,0.1,0.0,0.0,0.0
20151114194110,99.7,0.2,0.0,0.0,0.0,0.0,0.0,0.0
20151114194140,99.1,0.7,0.0,0.2,0.1,0.0,0.0,0.0
20151114194210,99.9,0.1,0.0,0.1,0.0,0.0,0.0,0.0
20151114194240,99.9,0.1,0.0,0.0,0.0,0.0,0.0,0.0
20151114194310,97.5,2.2,0.0,0.3,0.0,0.0,0.0,0.0
20151114194340,92.6,5.8,0.2,1.1,0.3,0.0,0.0,0.0
20151114194410,69.4,28.5,0.1,1.8,0.3,0.0,0.0,0.0
20151114194440,79.2,14.3,0.1,6.2,0.1,0.0,0.0,0.0
20151114194510,57.7,36.3,1.7,4.0,0.2,0.0,0.0,0.0
20151114194540,55.5,30.5,10.1,2.8,1.1,0.0,0.0,0.0
20151114194610,74.3,21.8,2.5,1.1,0.4,0.0,0.0,0.0
20151114194640,11.4,38.2,29.5,16.1,4.8,0.0,0.0,0.0
20151114194710,30.1,40.3,6.3,10.5,12.9,0.0,0.0,0.0
20151114194740,26.9,44.4,2.6,7.2,18.9,0.0,0.0,0.0
20151114194810,76.9,17.4,0.1,1.4,4.2,0.0,0.0,0.0
20151114194840,61.6,34.0,0.5,1.4,2.5,0.0,0.0,0.0
20151114194910,0.7,92.3,3.7,1.5,1.8,0.0,0.0,0.0
20151114194940,16.2,45.5,28.9,6.4,3.0,0.0,0.0,0.0
20151114195010,0.5,58.2,37.1,0.5,3.7,0.0,0.0,0.0
20151114195040,0.0,62.8,36.3,0.2,0.7,0.0,0.0,0.0
20151114195110,0.1,74.6,24.0,0.1,1.2,0.0,0.0,0.0
20151114195140,0.2,24.2,74.5,0.1,0.9,0.0,0.0,0.0
20151114195210,0.6,13.1,85.6,0.5,0.2,0.0,0.0,0.0
20151114195240,0.0,95.5,4.2,0.3,0.0,0.0,0.0,0.0
20151114195310,0.2,88.5,9.1,1.7,0.6,0.0,0.0,0.0
20151114195340,0.0,91.5,8.1,0.2,0.2,0.0,0.0,0.0
20151114195410,0.5,71.6,25.8,0.2,1.9,0.0,0.0,0.0
20151114195440,7.3,65.0,22.3,1.8,3.5,0.0,0.0,0.0
20151114195510,0.4,90.3,7.7,1.1,0.5,0.0,0.0,0.0
20151114195540,4.6,0.6,92.0,0.4,2.3,0.0,0.0,0.0
20151114195610,8.1,14.4,43.4,0.6,33.4,0.0,0.0,0.0
20151114195641,0.0,0.0,100.0,0.0,0.0,0.0,0.0,0.0
20151114195711,0.0,0.4,99.5,0.0,0.0,0.0,0.0,0.0
20151114195741,0.1,0.9,98.8,0.3,0.0,0.0,0.0,0.0
20151114195811,0.4,0.2,98.8,0.6,0.0,0.0,0.0,0.0
20151114195841,1.1,1.7,93.9,3.2,0.1,0.0,0.0,0.0
20151114195911,0.4,2.6,96.0,0.9,0.1,0.0,0.0,0.0
20151114195941,0.0,0.4,99.2,0.3,0.0,0.0,0.0,0.0
20151114200011,0.9,0.2,97.5,1.3,0.0,0.0,0.0,0.0
20151114200041,0.0,0.1,99.6,0.3,0.0,0.0,0.0,0.0
20151114200111,0.0,0.0,99.8,0.1,0.0,0.0,0.0,0.0
20151114200141,0.0,0.1,99.2,0.7,0.0,0.0,0.0,0.0
20151114200211,0.2,0.4,98.8,0.5,0.0,0.0,0.0,0.0
20151114200241,1.3,5.7,85.9,6.9,0.2,0.0,0.0,0.0
20151114200311,0.1,4.1,94.2,1.4,0.2,0.0,0.0,0.0
20151114200341,5.9,73.8,9.9,10.2,0.1,0.0,0.0,0.0
20151114200411,93.8,0.5,5.0,0.5,0.2,0.0,0.0,0.0
20151114200441,72.3,0.9,23.8,2.5,0.6,0.0,0.0,0.0
20151114200511,28.1,1.2,68.7,0.6,1.4,0.0,0.0,0.0
20151114200541,73.5,0.5,21.7,1.4,2.8,0.0,0.0,0.0
20151114200611,73.9,2.1,19.0,4.1,1.0,0.0,0.0,0.0
20151114200641,90.6,5.3,1.9,2.1,0.2,0.0,0.0,0.0
20151114200711,95.1,1.6,0.5,2.8,0.0,0.0,0.0,0.0
20151114200741,88.7,1.2,9.1,0.7,0.3,0.0,0.0,0.0
20151114200811,50.5,1.1,46.2,1.7,0.5,0.0,0.0,0.0
20151114200841,89.4,3.1,5.9,1.6,0.1,0.0,0.0,0.0
20151114200911,84.1,10.7,4.2,0.9,0.1,0.0,0.0,0.0
20151114200941,68.1,26.5,4.0,0.4,1.1,0.0,0.0,0.0
20151114201011,83.3,16.4,0.2,0.0,0.1,0.0,0.0,0.0
20151114201041,83.2,16.6,0.1,0.0,0.2,0.0,0.0,0.0
20151114201111,88.5,11.3,0.0,0.1,0.1,0.0,0.0,0.0
20151114201141,97.8,1.5,0.1,0.3,0.2,0.0,0.0,0.0
20151114201211,64.3,33.9,0.0,0.8,0.8,0.0,0.0,0.0
20151114201241,92.8,4.4,0.3,2.1,0.4,0.0,0.0,0.0
20151114201311,99.7,0.2,0.0,0.1,0.1,0.0,0.0,0.0
20151114201341,99.5,0.2,0.0,0.3,0.0,0.0,0.0,0.0
20151114201411,97.6,1.8,0.0,0.2,0.4,0.0,0.0,0.0
20151114201441,93.0,0.7,0.1,0.7,5.6,0.0,0.0,0.0
20151114201511,90.7,3.5,0.1,0.3,5.4,0.0,0.0,0.0
20151114201541,78.0,18.1,2.9,0.4,0.6,0.0,0.0,0.0
20151114201611,53.2,46.3,0.3,0.2,0.0,0.0,0.0,0.0
20151114201641,51.1,45.9,0.5,2.2,0.5,0.0,0.0,0.0
20151114201711,52.2,46.1,0.2,0.7,0.7,0.0,0.0,0.0
20151114201741,70.5,29.4,0.0,0.1,0.0,0.0,0.0,0.0
20151114201811,37.1,60.4,0.0,2.0,0.5,0.0,0.0,0.0
20151114201841,78.6,20.1,0.1,1.2,0.1,0.0,0.0,0.0
20151114201911,79.7,15.5,0.1,4.1,0.5,0.0,0.0,0.0
20151114201941,77.0,22.7,0.0,0.2,0.1,0.0,0.0,0.0
20151114202011,39.3,21.8,0.4,37.8,0.6,0.0,0.0,0.0
20151114202041,1.0,94.9,0.0,3.9,0.2,0.0,0.0,0.0
20151114202111,7.0,37.9,0.9,50.9,3.2,0.0,0.0,0.0
20151114202141,12.9,49.3,3.0,32.4,2.3,0.0,0.0,0.0
20151114202211,26.6,32.1,15.0,25.1,1.0,0.0,0.0,0.0
20151114202241,31.9,54.0,2.4,7.1,4.6,0.0,0.0,0.0
20151114202311,52.5,8.9,7.6,29.8,1.1,0.1,0.0,0.0
20151114202341,11.3,23.7,10.3,53.6,1.1,0.0,0.0,0.0
20151114202411,37.0,21.6,23.3,17.7,0.3,0.1,0.0,0.0
20151114202441,71.2,2.3,0.6,25.7,0.2,0.0,0.0,0.0
20151114202511,18.3,16.4,0.9,63.3,1.1,0.0,0.0,0.0
20151114202541,10.5,0.6,41.3,46.4,1.1,0.0,0.0,0.0
20151114202611,43.9,0.6,5.5,49.3,0.3,0.1,0.3,0.0
20151114202641,6.4,0.7,4.7,87.2,0.8,0.0,0.1,0.0
20151114202711,5.0,2.8,8.1,82.6,1.4,0.1,0.0,0.0
20151114202741,22.3,2.3,16.5,58.1,0.8,0.0,0.0,0.0
20151114202811,61.0,2.2,6.2,30.0,0.5,0.0,0.0,0.0
20151114202841,3.3,0.8,37.5,57.8,0.5,0.0,0.1,0.0
20151114202911,3.6,0.1,46.3,49.8,0.2,0.0,0.0,0.0
20151114202941,0.3,0.0,94.8,4.8,0.0,0.0,0.1,0.0
20151114203012,0.5,0.2,94.9,4.3,0.0,0.1,0.0,0.0
20151114203042,0.4,0.4,73.3,25.5,0.5,0.0,0.0,0.0
20151114203112,12.6,2.7,68.7,13.8,2.0,0.0,0.1,0.1
20151114203142,79.1,2.4,5.7,6.0,6.8,0.0,0.0,0.0
20151114203212,14.9,1.6,77.8,2.1,3.5,0.0,0.0,0.1
20151114203242,23.3,4.8,23.0,45.5,3.3,0.0,0.0,0.0
20151114203312,64.7,14.8,3.3,13.7,3.5,0.0,0.0,0.0
20151114203342,10.6,27.0,55.4,5.8,1.2,0.0,0.0,0.0
20151114203412,1.2,68.6,29.1,0.9,0.1,0.0,0.0,0.0
20151114203442,1.8,46.0,48.4,3.3,0.4,0.0,0.0,0.0
20151114203512,9.1,21.3,66.7,2.7,0.1,0.0,0.0,0.0
20151114203542,4.0,3.7,67.7,23.2,0.1,0.0,1.2,0.1
20151114203612,0.7,0.9,47.9,50.3,0.1,0.0,0.0,0.0
20151114203642,2.7,0.8,54.2,42.2,0.1,0.0,0.0,0.1
20151114203712,11.2,0.4,84.5,3.7,0.1,0.0,0.0,0.0
20151114203742,74.5,6.3,4.6,14.2,0.3,0.1,0.0,0.1
20151114203812,66.2,0.4,12.3,20.8,0.2,0.1,0.1,0.0
20151114203842,11.8,0.9,10.1,76.6,0.4,0.1,0.1,0.1
20151114203912,1.1,0.2,1.7,96.5,0.5,0.0,0.0,0.0
20151114203942,0.4,0.1,3.0,96.3,0.2,0.0,0.0,0.0
20151114204012,0.0,0.2,0.0,99.7,0.0,0.0,0.0,0.0
20151114204042,0.0,0.3,0.1,99.6,0.0,0.0,0.0,0.0
20151114204112,0.6,0.3,0.1,97.9,1.1,0.0,0.0,0.0
20151114204142,3.9,1.0,2.7,90.6,1.7,0.0,0.0,0.0
20151114204212,1.5,1.3,0.5,96.1,0.6,0.0,0.0,0.0
20151114204242,0.2,1.7,6.4,91.1,0.6,0.0,0.0,0.0
20151114204312,0.0,0.5,0.0,99.4,0.1,0.0,0.0,0.0
20151114204342,0.0,0.1,2.3,97.5,0.0,0.0,0.0,0.0
20151114204412,0.0,0.5,0.2,99.3,0.0,0.0,0.0,0.0
20151114204442,0.0,11.4,3.5,85.0,0.0,0.0,0.1,0.0
20151114204512,0.0,30.6,2.1,67.2,0.1,0.0,0.0,0.0
20151114204542,0.0,2.3,0.9,96.7,0.1,0.0,0.0,0.0
20151114204612,0.0,5.2,0.1,91.3,3.3,0.0,0.0,0.0
20151114204642,0.0,0.9,0.9,98.1,0.1,0.0,0.0,0.0
20151114204712,0.0,0.3,2.7,96.9,0.0,0.0,0.0,0.0
20151114204742,0.0,4.4,2.5,92.6,0.4,0.0,0.0,0.0
20151114204812,0.0,12.1,1.2,86.5,0.2,0.0,0.0,0.0
20151114204842,0.1,4.1,1.2,94.5,0.1,0.0,0.0,0.0
20151114204912,0.0,7.5,3.5,88.9,0.1,0.0,0.0,0.0
20151114204942,0.0,11.7,4.6,83.1,0.6,0.0,0.0,0.0
20151114205012,0.0,27.4,21.9,50.4,0.3,0.0,0.0,0.0
20151114205042,0.0,9.7,0.1,90.0,0.3,0.0,0.0,0.0
20151114205112,0.0,10.8,0.4,88.5,0.2,0.0,0.0,0.0
20151114205142,0.3,3.8,1.7,93.9,0.3,0.0,0.0,0.0
20151114205212,0.3,10.0,15.0,72.8,1.9,0.0,0.0,0.0
20151114205242,0.1,30.9,0.8,67.2,1.0,0.0,0.0,0.0
20151114205312,0.0,10.6,2.3,84.2,2.8,0.0,0.0,0.0
20151114205342,0.0,0.6,0.6,98.7,0.0,0.0,0.0,0.0
20151114205412,0.0,4.6,0.1,95.1,0.2,0.0,0.0,0.0
20151114205442,0.0,9.2,0.3,90.0,0.6,0.0,0.0,0.0
