UT,arc,discrete,diffuse,ac,ab,clear,cloudy,dd
20151227131500,0.0,0.0,0.0,0.0,0.0,0.0,12.4,87.6
20151227131530,0.0,0.0,0.0,0.0,0.0,0.0,8.3,91.7
20151227131601,0.0,0.0,0.0,0.0,0.0,0.0,11.8,88.2
20151227131631,0.0,0.0,0.0,0.0,0.0,0.0,9.6,90.4
20151227131701,0.0,0.0,0.0,0.0,0.0,0.0,18.4,81.6
20151227131731,0.0,0.0,0.0,0.0,0.0,0.0,51.6,48.4
20151227131801,0.0,0.0,0.0,0.0,0.0,0.0,34.1,65.9
20151227131831,0.0,0.0,0.0,0.0,0.0,0.0,19.3,80.7
20151227131901,0.0,0.0,0.0,0.0,0.0,0.0,19.5,80.5
20151227131931,0.0,0.0,0.0,0.0,0.0,0.0,31.4,68.6
20151227132001,0.0,0.0,0.0,0.0,0.0,0.0,33.1,66.9
20151227132031,0.0,0.0,0.0,0.0,0.0,0.0,26.3,73.7
20151227132101,0.0,0.0,0.0,0.0,0.0,0.0,36.1,63.9
20151227132131,0.0,0.0,0.0,0.0,0.0,0.0,62.8,37.2
20151227132201,0.0,0.0,0.0,0.0,0.0,0.0,58.5,41.5
20151227132231,0.0,0.0,0.0,0.0,0.0,0.0,42.3,57.7
20151227132301,0.0,0.0,0.0,0.0,0.0,0.0,55.0,45.0
20151227132331,0.0,0.0,0.0,0.0,0.0,0.0,88.5,11.5
20151227132401,0.0,0.0,0.0,0.0,0.0,0.0,93.6,6.4
20151227132431,0.0,0.0,0.0,0.0,0.0,0.0,68.8,31.2
20151227132501,0.0,0.0,0.0,0.0,0.0,0.0,92.7,7.3
20151227132531,0.0,0.0,0.0,0.0,0.0,0.0,92.7,7.3
20151227132601,0.0,0.0,0.0,0.0,0.0,0.0,84.2,15.8
20151227132631,0.0,0.0,0.0,0.0,0.1,0.0,71.8,28.1
20151227132701,0.0,0.0,0.0,0.0,0.0,0.0,94.0,6.0
20151227132731,0.0,0.0,0.0,0.0,0.0,0.0,90.5,9.4
20151227132801,0.0,0.0,0.0,0.0,0.1,0.0,72.7,27.2
20151227132831,0.0,0.0,0.0,0.0,0.0,0.0,98.2,1.8
20151227132901,0.0,0.0,0.0,0.0,0.0,0.0,89.3,10.6
20151227132931,0.0,0.0,0.0,0.0,0.0,0.0,93.3,6.7
20151227133001,0.0,0.0,0.0,0.0,0.0,0.0,66.5,33.5
20151227133031,0.0,0.0,0.0,0.0,0.0,0.0,87.3,12.7
20151227133101,0.0,0.0,0.0,0.0,0.1,0.0,81.8,18.1
20151227133131,0.0,0.0,0.0,0.0,0.0,0.0,68.0,31.9
20151227133201,0.0,0.0,0.0,0.0,0.0,0.0,83.6,16.4
20151227133231,0.0,0.0,0.0,0.0,0.0,0.0,89.9,10.1
20151227133301,0.0,0.0,0.0,0.0,0.0,0.0,64.7,35.3
20151227133331,0.0,0.0,0.0,0.0,0.0,0.0,78.4,21.6
20151227133401,0.0,0.0,0.0,0.0,0.0,0.0,77.3,22.6
20151227133431,0.0,0.0,0.0,0.0,0.0,0.0,96.1,3.9
20151227133501,0.0,0.0,0.0,0.0,0.0,0.0,51.1,48.8
20151227133531,0.0,0.0,0.0,0.0,0.0,0.0,89.2,10.8
20151227133601,0.0,0.0,0.0,0.0,0.0,0.0,90.0,10.0
20151227133631,0.0,0.0,0.0,0.0,0.0,0.0,92.9,7.1
20151227133701,0.0,0.0,0.0,0.0,0.0,0.0,97.4,2.6
20151227133731,0.0,0.0,0.0,0.0,0.0,0.0,93.6,6.4
20151227133801,0.0,0.0,0.0,0.0,0.0,0.0,98.8,1.2
20151227133831,0.0,0.0,0.0,0.0,0.0,0.0,97.9,2.1
20151227133901,0.0,0.0,0.0,0.0,0.0,0.0,98.2,1.8
20151227133931,0.0,0.0,0.0,0.0,0.0,0.0,97.8,2.2
20151227134001,0.0,0.0,0.0,0.0,0.0,0.0,98.9,1.1
20151227134031,0.0,0.0,0.0,0.0,0.0,0.0,99.7,0.3
20151227134101,0.0,0.0,0.0,0.0,0.0,0.0,99.9,0.0
20151227134131,0.0,0.0,0.0,0.0,0.0,0.0,99.6,0.4
20151227134201,0.0,0.0,0.0,0.0,0.0,0.0,99.0,0.9
20151227134231,0.0,0.0,0.0,0.0,0.0,0.0,98.0,2.0
20151227134301,0.0,0.0,0.0,0.0,0.0,0.0,99.8,0.2
20151227134331,0.0,0.0,0.0,0.0,0.0,0.0,99.3,0.7
20151227134401,0.0,0.0,0.0,0.0,0.0,0.0,99.9,0.1
20151227134431,0.0,0.0,0.0,0.0,0.0,0.0,99.8,0.2
20151227134501,0.0,0.0,0.0,0.0,0.0,0.0,97.1,2.9
20151227134531,0.0,0.0,0.0,0.0,0.0,0.0,99.9,0.1
20151227134601,0.0,0.0,0.0,0.0,0.0,0.0,99.5,0.5
20151227134631,0.0,0.0,0.0,0.0,0.0,0.0,99.7,0.3
20151227134701,0.0,0.0,0.0,0.0,0.0,0.0,99.9,0.1
20151227134731,0.0,0.0,0.0,0.0,0.0,0.0,100.0,0.0
20151227134801,0.0,0.0,0.0,0.0,0.0,0.0,99.8,0.2
20151227134831,0.0,0.0,0.0,0.0,0.0,0.0,99.8,0.2
20151227134901,0.0,0.0,0.0,0.0,0.0,0.0,99.9,0.1
20151227134931,0.0,0.0,0.0,0.0,0.0,0.0,100.0,0.0
20151227135001,0.0,0.0,0.0,0.0,0.0,0.0,99.9,0.1
20151227135032,0.0,0.0,0.0,0.0,0.0,0.0,100.0,0.0
20151227135102,0.0,0.0,0.0,0.0,0.0,0.0,99.8,0.2
20151227135132,0.0,0.0,0.0,0.0,0.0,0.0,99.8,0.2
20151227135202,0.0,0.0,0.0,0.0,0.0,0.0,99.9,0.1
20151227135232,0.0,0.0,0.0,0.0,0.0,0.0,99.7,0.3
20151227135302,0.0,0.0,0.0,0.0,0.0,0.0,99.7,0.3
20151227135332,0.0,0.0,0.0,0.0,0.0,0.0,99.5,0.5
20151227135402,0.0,0.0,0.0,0.0,0.0,0.0,99.8,0.2
20151227135432,0.0,0.0,0.0,0.0,0.0,0.0,99.9,0.1
20151227135502,0.0,0.0,0.0,0.0,0.0,0.0,98.9,1.1
20151227135532,0.0,0.0,0.0,0.0,0.0,0.0,99.9,0.1
20151227135602,0.0,0.0,0.0,0.0,0.0,0.0,100.0,0.0
20151227135632,0.0,0.0,0.0,0.0,0.0,0.0,100.0,0.0
20151227135702,0.0,0.0,0.0,0.0,0.0,0.0,100.0,0.0
20151227135732,0.0,0.0,0.0,0.0,0.0,0.0,100.0,0.0
20151227135802,0.0,0.0,0.0,0.0,0.0,0.0,100.0,0.0
20151227135832,0.0,0.0,0.0,0.0,0.0,0.0,100.0,0.0
20151227135902,0.0,0.0,0.0,0.0,0.0,0.0,99.9,0.1
20151227135932,0.0,0.0,0.0,0.0,0.0,0.0,100.0,0.0
20151227140002,0.0,0.0,0.0,0.0,0.0,0.0,99.9,0.1
20151227140032,0.0,0.0,0.0,0.0,0.0,0.0,98.9,1.1
20151227140102,0.0,0.0,0.0,0.0,0.0,0.0,98.6,1.4
20151227140132,0.0,0.0,0.0,0.0,0.0,0.0,97.6,2.4
20151227140202,0.0,0.0,0.0,0.0,0.0,0.0,99.4,0.6
20151227140232,0.0,0.0,0.0,0.0,0.0,0.0,94.7,5.3
20151227140302,0.0,0.0,0.0,0.0,0.0,0.0,87.3,12.7
20151227140332,0.0,0.0,0.0,0.0,0.0,0.0,74.6,25.4
20151227140402,0.0,0.0,0.0,0.0,0.0,0.0,80.9,19.1
20151227140432,0.0,0.0,0.0,0.0,0.0,0.0,92.7,7.3
20151227140502,0.0,0.0,0.0,0.0,0.0,0.0,83.6,16.3
20151227140532,0.0,0.0,0.0,0.0,0.0,0.0,90.9,9.1
20151227140602,0.0,0.0,0.0,0.0,0.0,0.0,96.9,3.1
20151227140632,0.0,0.0,0.0,0.0,0.0,0.0,97.7,2.3
20151227140702,0.0,0.0,0.0,0.0,0.0,0.0,95.4,4.6
20151227140732,0.0,0.0,0.0,0.0,0.0,0.0,99.0,1.0
20151227140802,0.0,0.0,0.0,0.0,0.0,0.0,98.3,1.7
20151227140832,0.0,0.0,0.0,0.0,0.0,0.0,97.2,2.8
20151227140902,0.0,0.0,0.0,0.0,0.0,0.0,96.8,3.2
20151227140932,0.0,0.0,0.0,0.0,0.0,0.0,85.3,14.7
20151227141002,0.0,0.0,0.0,0.0,0.0,0.0,78.4,21.6
20151227141032,0.0,0.0,0.0,0.0,0.0,0.0,89.2,10.8
20151227141102,0.0,0.0,0.0,0.0,0.0,0.0,90.8,9.1
20151227141132,0.0,0.0,0.0,0.0,0.0,0.0,88.2,11.8
20151227141202,0.0,0.0,0.0,0.0,0.0,0.0,95.3,4.7
20151227141232,0.0,0.0,0.0,0.0,0.0,0.0,97.0,3.0
20151227141302,0.0,0.0,0.0,0.0,0.0,0.0,96.8,3.2
20151227141332,0.0,0.0,0.0,0.0,0.0,0.0,95.1,4.9
20151227141402,0.0,0.0,0.0,0.0,0.0,0.0,97.1,2.9
20151227141432,0.0,0.0,0.0,0.0,0.0,0.0,94.2,5.8
20151227141632,0.0,0.0,0.0,0.0,0.0,0.0,99.6,0.4
20151227141702,0.0,0.0,0.0,0.0,0.0,0.0,97.4,2.6
20151227141732,0.0,0.0,0.0,0.0,0.0,0.0,98.1,1.9
20151227141802,0.0,0.0,0.0,0.0,0.0,0.0,95.2,4.8
20151227141832,0.0,0.0,0.0,0.0,0.0,0.0,99.8,0.2
20151227141902,0.0,0.0,0.0,0.0,0.0,0.0,99.0,1.0
20151227141933,0.0,0.0,0.0,0.0,0.0,0.0,97.8,2.2
20151227142003,0.0,0.0,0.0,0.0,0.0,0.0,98.5,1.5
20151227142033,0.0,0.0,0.0,0.0,0.0,0.0,99.5,0.5
20151227142103,0.0,0.0,0.0,0.0,0.0,0.0,99.1,0.9
20151227142133,0.0,0.0,0.0,0.0,0.0,0.0,76.4,23.6
20151227142203,0.0,0.0,0.0,0.0,0.0,0.0,87.0,13.0
20151227142233,0.0,0.0,0.0,0.0,0.0,0.0,83.1,16.9
20151227142303,0.0,0.0,0.0,0.0,0.0,0.0,82.3,17.7
20151227142333,0.0,0.0,0.0,0.0,0.0,0.0,92.3,7.7
20151227142403,0.0,0.0,0.0,0.0,0.0,0.0,96.0,4.0
20151227142433,0.0,0.0,0.0,0.0,0.0,0.0,89.3,10.7
20151227142503,0.0,0.0,0.0,0.0,0.0,0.0,92.2,7.8
20151227142533,0.0,0.0,0.0,0.0,0.0,0.0,63.4,36.6
20151227142603,0.0,0.0,0.0,0.1,0.0,0.0,79.1,20.9
20151227142633,0.0,0.0,0.0,0.0,0.0,0.0,54.2,45.8
20151227142703,0.0,0.0,0.0,0.0,0.0,0.0,30.4,69.6
20151227142733,0.0,0.0,0.0,0.0,0.0,0.0,48.3,51.7
20151227142803,0.0,0.0,0.0,0.0,0.0,0.0,61.9,38.1
20151227142833,0.0,0.0,0.0,0.0,0.0,0.0,88.6,11.4
20151227142903,0.0,0.0,0.0,0.0,0.0,0.0,64.5,35.5
20151227142933,0.0,0.0,0.0,0.0,0.0,0.0,92.7,7.2
20151227143003,0.0,0.0,0.0,0.0,0.0,0.0,46.6,53.4
20151227143033,0.0,0.0,0.0,0.0,0.0,0.0,81.0,19.0
20151227143103,0.0,0.0,0.0,0.0,0.0,0.0,88.0,12.0
20151227143133,0.0,0.0,0.0,0.0,0.0,0.0,64.6,35.4
20151227143203,0.0,0.0,0.0,0.0,0.0,0.0,98.4,1.6
20151227143233,0.0,0.0,0.0,0.0,0.0,0.0,83.4,16.6
20151227143303,0.0,0.0,0.0,0.0,0.0,0.0,16.7,83.3
20151227143333,0.0,0.0,0.0,0.0,0.0,0.0,36.4,63.6
20151227143403,0.0,0.0,0.0,0.0,0.0,0.0,18.7,81.3
20151227143433,0.0,0.0,0.0,0.0,0.0,0.0,10.0,90.0
20151227143503,0.0,0.0,0.0,0.0,0.0,0.0,8.1,91.9
20151227143533,0.0,0.0,0.0,0.0,0.0,0.0,2.6,97.4
20151227143603,0.0,0.0,0.0,0.0,0.0,0.0,0.6,99.4
20151227143633,0.0,0.0,0.0,0.0,0.0,0.0,0.5,99.5
20151227143703,0.0,0.0,0.0,0.0,0.0,0.0,0.0,100.0
20151227143733,0.0,0.0,0.0,0.0,0.0,0.0,0.8,99.2
20151227143803,0.0,0.0,0.0,0.0,0.0,0.0,0.7,99.3
20151227143833,0.0,0.0,0.0,0.0,0.0,0.0,0.6,99.4
20151227143903,0.0,0.0,0.0,0.0,0.0,0.0,1.7,98.3
20151227143933,0.0,0.0,0.0,0.0,0.0,0.0,2.0,98.0
20151227144003,0.0,0.0,0.0,0.0,0.0,0.0,5.7,94.3
20151227144033,0.0,0.0,0.0,0.0,0.0,0.0,7.5,92.5
20151227144103,0.0,0.0,0.0,0.0,0.0,0.0,3.3,96.7
20151227144133,0.0,0.0,0.0,0.0,0.0,0.0,3.7,96.3
20151227144203,0.0,0.0,0.0,0.0,0.0,0.0,20.5,79.5
20151227144233,0.0,0.0,0.0,0.0,0.0,0.0,22.3,77.7
20151227144303,0.0,0.0,0.0,0.0,0.0,0.0,29.3,70.7
20151227144333,0.0,0.0,0.0,0.0,0.0,0.0,18.8,81.2
20151227144403,0.0,0.0,0.0,0.0,0.0,0.0,52.2,47.8
20151227144433,0.0,0.0,0.0,0.0,0.0,0.0,78.1,21.9
20151227144503,0.0,0.0,0.0,0.0,0.0,0.0,67.2,32.8
20151227144533,0.0,0.0,0.0,0.0,0.0,0.0,98.4,1.6
20151227144603,0.0,0.0,0.0,0.0,0.0,0.0,98.2,1.8
20151227144633,0.0,0.0,0.0,0.0,0.0,0.0,99.6,0.4
20151227144703,0.0,0.0,0.0,0.0,0.0,0.0,96.4,3.6
20151227144733,0.0,0.0,0.0,0.0,0.0,0.0,97.7,2.3
20151227144803,0.0,0.0,0.0,0.0,0.0,0.0,99.3,0.7
20151227144833,0.0,0.0,0.0,0.0,0.0,0.0,99.7,0.3
20151227144903,0.0,0.0,0.0,0.0,0.0,0.0,98.8,1.2
20151227144933,0.0,0.0,0.0,0.0,0.0,0.0,99.6,0.4
20151227145003,0.0,0.0,0.0,0.0,0.0,0.0,95.1,4.9
20151227145033,0.0,0.0,0.0,0.0,0.0,0.0,96.2,3.8
20151227145103,0.0,0.0,0.0,0.0,0.0,0.0,99.4,0.6
20151227145133,0.0,0.0,0.0,0.0,0.0,0.0,98.7,1.3
20151227145204,0.0,0.0,0.0,0.1,0.0,0.0,81.9,18.0
20151227145234,0.0,0.0,0.0,0.1,0.0,0.0,68.4,31.6
20151227145304,0.0,0.0,0.0,0.0,0.0,0.0,24.4,75.6
20151227145334,0.0,0.0,0.0,0.0,0.0,0.0,41.0,58.9
20151227145404,0.0,0.0,0.0,0.0,0.0,0.0,32.1,67.8
20151227145434,0.0,0.0,0.0,0.1,0.0,0.0,86.7,13.3
20151227145504,0.0,0.0,0.0,0.0,0.0,0.0,79.0,21.0
20151227145534,0.0,0.0,0.0,0.0,0.0,0.0,94.8,5.2
20151227145604,0.0,0.0,0.0,0.2,0.0,0.0,31.8,68.0
20151227145634,0.0,0.0,0.0,0.1,0.0,0.0,76.8,23.1
20151227145704,0.0,0.0,0.0,0.1,0.0,0.0,72.2,27.7
20151227145734,0.0,0.0,0.0,0.5,0.0,0.0,58.5,41.0
20151227145804,0.0,0.0,0.0,0.0,0.0,0.0,98.4,1.6
20151227145834,0.0,0.0,0.0,0.0,0.0,0.0,7.6,92.3
20151227145904,0.0,0.0,0.0,0.0,0.0,0.0,56.0,44.0
20151227145934,0.0,0.0,0.0,0.0,0.0,0.0,87.7,12.3
20151227150004,0.0,0.0,0.0,0.0,0.0,0.0,19.7,80.3
20151227150034,0.0,0.0,0.0,0.0,0.0,0.0,45.8,54.2
20151227150104,0.0,0.0,0.0,0.0,0.0,0.0,82.3,17.7
20151227150134,0.0,0.0,0.0,0.0,0.0,0.0,98.9,1.1
20151227150204,0.0,0.0,0.0,0.0,0.0,0.0,98.6,1.4
20151227150234,0.0,0.0,0.0,0.0,0.0,0.0,96.4,3.6
20151227150304,0.0,0.0,0.0,0.0,0.0,0.0,94.4,5.6
20151227150334,0.0,0.0,0.0,0.0,0.0,0.0,58.6,41.4
20151227150404,0.0,0.0,0.0,0.0,0.0,0.0,77.8,22.2
20151227150434,0.0,0.0,0.0,0.0,0.0,0.0,87.5,12.4
20151227150504,0.0,0.0,0.0,0.0,0.0,0.0,59.7,40.3
20151227150534,0.0,0.0,0.0,0.0,0.0,0.0,97.8,2.2
20151227150604,0.0,0.0,0.0,0.0,0.0,0.0,99.8,0.2
20151227150634,0.0,0.0,0.0,0.0,0.0,0.0,98.3,1.7
20151227150704,0.0,0.0,0.0,0.0,0.0,0.0,97.3,2.7
20151227150734,0.0,0.0,0.0,0.0,0.0,0.0,98.9,1.1
20151227150804,0.0,0.0,0.0,0.0,0.0,0.0,97.8,2.2
20151227150834,0.0,0.0,0.0,0.0,0.0,0.0,74.8,25.2
20151227150904,0.0,0.0,0.0,0.0,0.0,0.0,48.5,51.5
20151227150934,0.0,0.0,0.0,0.0,0.0,0.0,99.9,0.1
20151227151004,0.0,0.0,0.0,0.0,0.0,0.0,89.3,10.7
20151227151034,0.0,0.0,0.0,0.0,0.0,0.0,99.4,0.6
20151227151104,0.0,0.0,0.0,0.0,0.0,0.0,99.6,0.4
20151227151134,0.0,0.0,0.0,0.0,0.0,0.0,99.9,0.1
20151227151204,0.0,0.0,0.0,0.0,0.0,0.0,87.0,13.0
20151227151234,0.0,0.0,0.0,0.0,0.0,0.0,89.7,10.3
20151227151304,0.0,0.0,0.0,0.0,0.0,0.0,95.9,4.1
20151227151334,0.0,0.0,0.0,0.0,0.0,0.0,87.1,12.9
20151227151404,0.0,0.0,0.0,0.0,0.0,0.0,84.3,15.7
20151227151434,0.0,0.0,0.0,0.0,0.0,0.0,10.5,89.4
20151227151504,0.0,0.0,0.0,0.1,0.0,0.0,78.0,22.0
20151227151534,0.0,0.0,0.0,0.0,0.0,0.0,82.0,18.0
20151227151604,0.0,0.0,0.0,0.0,0.0,0.0,98.4,1.6
20151227151634,0.0,0.0,0.0,0.0,0.0,0.0,78.6,21.4
20151227151704,0.0,0.0,0.0,0.0,0.0,0.0,90.3,9.7
20151227151734,0.0,0.0,0.0,0.0,0.0,0.0,84.8,15.2
20151227151804,0.0,0.0,0.0,0.0,0.0,0.0,59.5,40.4
20151227151834,0.0,0.0,0.0,0.0,0.0,0.0,91.5,8.5
20151227151904,0.0,0.0,0.0,0.0,0.0,0.0,84.4,15.6
20151227151934,0.0,0.0,0.0,0.0,0.0,0.0,75.1,24.9
20151227152004,0.0,0.0,0.0,0.0,0.0,0.0,6.3,93.6
20151227152034,0.0,0.0,0.0,0.0,0.0,0.0,16.5,83.5
20151227152104,0.0,0.0,0.0,0.0,0.0,0.0,92.2,7.8
20151227152134,0.0,0.0,0.0,0.1,0.0,0.0,36.6,63.3
20151227152204,0.0,0.0,0.0,0.0,0.0,0.0,76.4,23.6
20151227152234,0.0,0.0,0.0,0.0,0.0,0.0,2.6,97.4
20151227152304,0.0,0.0,0.0,0.0,0.0,0.0,7.0,93.0
20151227152334,0.0,0.0,0.0,0.0,0.0,0.0,0.6,99.4
20151227152404,0.0,0.0,0.0,0.0,0.0,0.0,6.1,93.9
20151227152434,0.0,0.0,0.0,0.0,0.0,0.0,4.7,95.3
20151227152504,0.0,0.0,0.0,0.0,0.0,0.0,1.3,98.7
20151227152534,0.0,0.0,0.0,0.0,0.0,0.0,14.3,85.6
20151227152605,0.0,0.0,0.0,0.0,0.0,0.0,1.3,98.7
20151227152635,0.0,0.0,0.0,0.0,0.0,0.0,56.0,44.0
20151227152705,0.0,0.0,0.0,0.0,0.0,0.0,6.8,93.2
20151227152735,0.0,0.0,0.0,0.0,0.0,0.0,21.2,78.8
20151227152805,0.0,0.0,0.0,0.0,0.0,0.0,99.1,0.9
20151227152835,0.0,0.0,0.0,0.0,0.0,0.0,57.0,43.0
20151227152905,0.0,0.0,0.0,0.0,0.0,0.0,96.3,3.7
20151227152935,0.0,0.0,0.0,0.0,0.0,0.0,98.5,1.5
20151227153005,0.0,0.0,0.0,0.0,0.0,0.0,73.5,26.5
20151227153035,0.0,0.0,0.0,0.0,0.0,0.0,97.3,2.6
20151227153105,0.0,0.0,0.0,0.1,0.0,0.0,96.9,3.1
20151227153135,0.0,0.0,0.0,0.0,0.0,0.0,57.2,42.8
20151227153205,0.0,0.0,0.0,0.0,0.0,0.0,92.6,7.4
20151227153235,0.0,0.0,0.0,0.0,0.0,0.0,92.7,7.3
20151227153305,0.0,0.0,0.0,0.0,0.0,0.0,94.6,5.4
20151227153335,0.0,0.0,0.0,0.0,0.0,0.0,86.2,13.7
20151227153405,0.0,0.0,0.0,0.0,0.0,0.0,36.4,63.6
20151227153435,0.0,0.0,0.0,0.1,0.0,0.0,28.0,71.8
20151227153505,0.0,0.0,0.0,0.0,0.0,0.0,39.9,60.1
20151227153535,0.0,0.0,0.0,0.1,0.0,0.0,41.6,58.4
20151227153605,0.0,0.0,0.0,0.0,0.0,0.0,54.5,45.5
20151227153635,0.0,0.0,0.0,0.2,0.0,0.0,72.3,27.5
20151227153705,0.0,0.0,0.0,0.0,0.0,0.0,81.7,18.3
20151227153735,0.0,0.0,0.0,0.1,0.0,0.0,58.2,41.7
20151227153805,0.0,0.0,0.0,0.0,0.0,0.0,13.6,86.4
20151227153835,0.0,0.0,0.0,0.0,0.0,0.0,18.1,81.8
20151227153905,0.0,0.0,0.0,0.0,0.0,0.0,33.5,66.5
20151227153935,0.0,0.0,0.0,0.0,0.0,0.0,85.3,14.6
20151227154005,0.0,0.0,0.0,0.0,0.0,0.0,76.5,23.5
20151227154035,0.0,0.0,0.0,0.0,0.0,0.0,98.9,1.1
20151227154105,0.0,0.0,0.0,0.0,0.0,0.0,93.8,6.2
20151227154135,0.0,0.0,0.0,0.0,0.0,0.0,93.1,6.9
20151227154205,0.0,0.0,0.0,0.0,0.0,0.0,93.2,6.8
20151227154235,0.0,0.0,0.0,0.0,0.0,0.0,92.7,7.3
20151227154305,0.0,0.0,0.0,0.0,0.0,0.0,98.9,1.1
20151227154335,0.0,0.0,0.0,0.0,0.0,0.0,94.0,6.0
20151227154405,0.0,0.0,0.0,0.0,0.0,0.0,99.9,0.1
20151227154435,0.0,0.0,0.0,0.0,0.0,0.0,87.7,12.3
20151227154505,0.0,0.0,0.0,0.0,0.0,0.0,95.8,4.2
20151227154535,0.0,0.0,0.0,0.0,0.0,0.0,97.7,2.3
20151227154605,0.0,0.0,0.0,0.0,0.0,0.0,97.6,2.4
20151227154635,0.0,0.0,0.0,0.0,0.0,0.0,99.4,0.6
20151227154705,0.0,0.0,0.0,0.0,0.0,0.0,99.0,1.0
20151227154735,0.0,0.0,0.0,0.0,0.0,0.0,100.0,0.0
20151227154805,0.0,0.0,0.0,0.0,0.0,0.0,99.8,0.2
20151227154835,0.0,0.0,0.0,0.0,0.0,0.0,99.8,0.2
20151227154905,0.0,0.0,0.0,0.0,0.0,0.0,99.9,0.1
20151227154935,0.0,0.0,0.0,0.0,0.0,0.0,95.6,4.4
20151227155005,0.0,0.0,0.0,0.0,0.0,0.0,99.4,0.6
20151227155035,0.0,0.0,0.0,0.0,0.0,0.0,99.2,0.8
20151227155105,0.0,0.0,0.0,0.0,0.0,0.0,99.8,0.2
20151227155135,0.0,0.0,0.0,0.0,0.0,0.0,99.8,0.2
20151227155205,0.0,0.0,0.0,0.0,0.0,0.0,99.9,0.1
20151227155235,0.0,0.0,0.0,0.0,0.0,0.0,99.2,0.8
20151227155305,0.0,0.0,0.0,0.0,0.0,0.0,99.9,0.1
20151227155335,0.0,0.0,0.0,0.0,0.0,0.0,100.0,0.0
20151227155405,0.0,0.0,0.0,0.0,0.0,0.0,100.0,0.0
20151227155435,0.0,0.0,0.0,0.0,0.0,0.0,99.6,0.4
20151227155505,0.0,0.0,0.0,0.0,0.0,0.0,100.0,0.0
20151227155535,0.0,0.0,0.0,0.0,0.0,0.0,100.0,0.0
20151227155605,0.0,0.0,0.0,0.0,0.0,0.0,100.0,0.0
20151227155635,0.0,0.0,0.0,0.0,0.0,0.0,99.9,0.1
20151227155705,0.0,0.0,0.0,0.0,0.0,0.0,99.4,0.6
20151227155735,0.0,0.0,0.0,0.0,0.0,0.0,100.0,0.0
20151227155805,0.0,0.0,0.0,0.0,0.0,0.0,100.0,0.0
20151227155835,0.0,0.0,0.0,0.0,0.0,0.0,100.0,0.0
20151227155905,0.0,0.0,0.0,0.0,0.0,0.0,100.0,0.0
20151227155935,0.0,0.0,0.0,0.0,0.0,0.0,100.0,0.0
20151227160006,0.0,0.0,0.0,0.0,0.0,0.0,99.9,0.1
20151227160036,0.0,0.0,0.0,0.0,0.0,0.0,99.9,0.1
20151227160106,0.0,0.0,0.0,0.0,0.0,0.0,100.0,0.0
20151227160136,0.0,0.0,0.0,0.0,0.0,0.0,99.5,0.5
20151227160206,0.0,0.0,0.0,0.0,0.0,0.0,100.0,0.0
20151227160236,0.0,0.0,0.0,0.0,0.0,0.0,99.7,0.3
20151227160306,0.0,0.0,0.0,0.0,0.0,0.0,99.1,0.9
20151227160336,0.0,0.0,0.0,0.0,0.0,0.0,100.0,0.0
20151227160406,0.0,0.0,0.0,0.0,0.0,0.0,100.0,0.0
20151227160436,0.0,0.0,0.0,0.0,0.0,0.0,99.9,0.1
20151227160506,0.0,0.0,0.0,0.0,0.0,0.0,100.0,0.0
20151227160536,0.0,0.0,0.0,0.0,0.0,0.0,99.9,0.1
20151227160606,0.0,0.0,0.0,0.0,0.0,0.0,99.9,0.1
20151227160636,0.0,0.0,0.0,0.0,0.0,0.0,99.5,0.5
20151227160706,0.0,0.0,0.0,0.0,0.0,0.0,100.0,0.0
20151227160736,0.0,0.0,0.0,0.0,0.0,0.0,100.0,0.0
20151227160806,0.0,0.0,0.0,0.0,0.0,0.0,99.9,0.1
20151227160836,0.0,0.0,0.0,0.0,0.0,0.0,100.0,0.0
20151227160906,0.0,0.0,0.0,0.0,0.0,0.0,100.0,0.0
20151227160936,0.0,0.0,0.0,0.0,0.0,0.0,100.0,0.0
20151227161006,0.0,0.0,0.0,0.0,0.0,0.0,100.0,0.0
20151227161036,0.0,0.0,0.0,0.0,0.0,0.0,100.0,0.0
20151227161106,0.0,0.0,0.0,0.0,0.0,0.0,100.0,0.0
20151227161136,0.0,0.0,0.0,0.0,0.0,0.0,100.0,0.0
20151227161206,0.0,0.0,0.0,0.0,0.0,0.0,100.0,0.0
20151227161236,0.0,0.0,0.0,0.0,0.0,0.0,100.0,0.0
20151227161306,0.0,0.0,0.0,0.0,0.0,0.0,100.0,0.0
20151227161336,0.0,0.0,0.0,0.0,0.0,0.0,100.0,0.0
20151227161406,0.0,0.0,0.0,0.0,0.0,0.0,99.2,0.8
20151227161436,0.0,0.0,0.0,0.0,0.0,0.0,100.0,0.0
20151227161506,0.0,0.0,0.0,0.0,0.0,0.0,100.0,0.0
20151227161536,0.0,0.0,0.0,0.0,0.0,0.0,100.0,0.0
20151227161606,0.0,0.0,0.0,0.0,0.0,0.0,100.0,0.0
20151227161636,0.0,0.0,0.0,0.0,0.0,0.0,99.9,0.1
20151227161706,0.0,0.0,0.0,0.0,0.0,0.0,100.0,0.0
20151227161736,0.0,0.0,0.0,0.0,0.0,0.0,100.0,0.0
20151227161806,0.0,0.0,0.0,0.0,0.0,0.0,100.0,0.0
20151227161836,0.0,0.0,0.0,0.0,0.0,0.0,100.0,0.0
20151227161906,0.0,0.0,0.0,0.0,0.0,0.0,100.0,0.0
20151227161936,0.0,0.0,0.0,0.0,0.0,0.0,100.0,0.0
20151227162006,0.0,0.0,0.0,0.0,0.0,0.0,99.8,0.2
20151227162036,0.0,0.0,0.0,0.0,0.0,0.0,100.0,0.0
20151227162106,0.0,0.0,0.0,0.0,0.0,0.0,100.0,0.0
20151227162136,0.0,0.0,0.0,0.0,0.0,0.0,100.0,0.0
20151227162206,0.0,0.0,0.0,0.0,0.0,0.0,100.0,0.0
20151227162236,0.0,0.0,0.0,0.0,0.0,0.0,100.0,0.0
20151227162306,0.0,0.0,0.0,0.0,0.0,0.0,100.0,0.0
20151227162336,0.0,0.0,0.0,0.0,0.0,0.0,100.0,0.0
20151227162406,0.0,0.0,0.0,0.0,0.0,0.0,100.0,0.0
20151227162436,0.0,0.0,0.0,0.0,0.0,0.0,100.0,0.0
20151227162506,0.0,0.0,0.0,0.0,0.0,0.0,100.0,0.0
20151227162536,0.0,0.0,0.0,0.0,0.0,0.0,100.0,0.0
20151227162606,0.0,0.0,0.0,0.0,0.0,0.0,100.0,0.0
20151227162636,0.0,0.0,0.0,0.0,0.0,0.0,100.0,0.0
20151227162706,0.0,0.0,0.0,0.0,0.0,0.0,100.0,0.0
20151227162737,0.0,0.0,0.0,0.0,0.0,0.0,100.0,0.0
20151227162807,0.0,0.0,0.0,0.0,0.0,0.0,100.0,0.0
20151227162837,0.0,0.0,0.0,0.0,0.0,0.0,99.9,0.1
20151227162907,0.0,0.0,0.0,0.0,0.0,0.0,100.0,0.0
20151227162937,0.0,0.0,0.0,0.0,0.0,0.0,100.0,0.0
20151227163007,0.0,0.0,0.0,0.0,0.0,0.0,99.8,0.2
20151227163037,0.0,0.0,0.0,0.0,0.0,0.0,100.0,0.0
20151227163107,0.0,0.0,0.0,0.0,0.0,0.0,99.9,0.1
20151227163137,0.0,0.0,0.0,0.0,0.0,0.0,100.0,0.0
20151227163207,0.0,0.0,0.0,0.0,0.0,0.0,100.0,0.0
20151227163237,0.0,0.0,0.0,0.0,0.0,0.0,99.8,0.2
20151227163307,0.0,0.0,0.0,0.0,0.0,0.0,99.9,0.1
20151227163337,0.0,0.0,0.0,0.0,0.0,0.0,99.9,0.1
20151227163407,0.0,0.0,0.0,0.0,0.0,0.0,99.9,0.1
20151227163437,0.0,0.0,0.0,0.0,0.0,0.0,100.0,0.0
20151227163507,0.0,0.0,0.0,0.0,0.0,0.0,99.9,0.1
20151227163537,0.0,0.0,0.0,0.0,0.0,0.0,100.0,0.0
20151227163607,0.0,0.0,0.0,0.0,0.0,0.0,100.0,0.0
20151227163637,0.0,0.0,0.0,0.0,0.0,0.0,100.0,0.0
20151227163707,0.0,0.0,0.0,0.0,0.0,0.0,100.0,0.0
20151227163737,0.0,0.0,0.0,0.0,0.0,0.0,99.9,0.1
20151227163807,0.0,0.0,0.0,0.0,0.0,0.0,100.0,0.0
20151227163837,0.0,0.0,0.0,0.0,0.0,0.0,100.0,0.0
20151227163907,0.0,0.0,0.0,0.0,0.0,0.0,100.0,0.0
20151227163937,0.0,0.0,0.0,0.0,0.0,0.0,100.0,0.0
20151227164007,0.0,0.0,0.0,0.0,0.0,0.0,100.0,0.0
20151227164037,0.0,0.0,0.0,0.0,0.0,0.0,99.9,0.1
20151227164107,0.0,0.0,0.0,0.0,0.0,0.0,99.9,0.1
20151227164137,0.0,0.0,0.0,0.0,0.0,0.0,100.0,0.0
20151227164207,0.0,0.0,0.0,0.0,0.0,0.0,99.0,1.0
20151227164237,0.0,0.0,0.0,0.0,0.0,0.0,99.9,0.1
20151227164307,0.0,0.0,0.0,0.0,0.0,0.0,100.0,0.0
20151227164337,0.0,0.0,0.0,0.0,0.0,0.0,99.9,0.1
20151227164407,0.0,0.0,0.0,0.0,0.0,0.0,99.8,0.2
20151227164437,0.0,0.0,0.0,0.0,0.0,0.0,100.0,0.0
20151227164507,0.0,0.0,0.0,0.0,0.0,0.0,100.0,0.0
20151227164537,0.0,0.0,0.0,0.0,0.0,0.0,100.0,0.0
20151227164607,0.0,0.0,0.0,0.0,0.0,0.0,100.0,0.0
20151227164637,0.0,0.0,0.0,0.0,0.0,0.0,100.0,0.0
20151227164707,0.0,0.0,0.0,0.0,0.0,0.0,100.0,0.0
20151227164737,0.0,0.0,0.0,0.0,0.0,0.0,100.0,0.0
20151227164807,0.0,0.0,0.0,0.0,0.0,0.0,97.4,2.6
20151227164837,0.0,0.0,0.0,0.0,0.0,0.0,100.0,0.0
20151227164907,0.0,0.0,0.0,0.0,0.0,0.0,100.0,0.0
20151227164937,0.0,0.0,0.0,0.0,0.0,0.0,81.7,18.3
20151227165007,0.0,0.0,0.0,0.0,0.0,0.0,95.5,4.5
20151227165037,0.0,0.0,0.0,0.0,0.0,0.0,99.5,0.5
20151227165107,0.0,0.0,0.0,0.0,0.0,0.0,99.5,0.5
20151227165137,0.0,0.0,0.0,0.0,0.0,0.0,99.7,0.3
20151227165207,0.0,0.0,0.0,0.0,0.0,0.0,99.6,0.4
20151227165237,0.0,0.0,0.0,0.0,0.0,0.0,100.0,0.0
20151227165307,0.0,0.0,0.0,0.0,0.0,0.0,69.9,30.1
20151227165337,0.0,0.0,0.0,0.0,0.0,0.0,99.9,0.1
20151227165407,0.0,0.0,0.0,0.0,0.0,0.0,99.8,0.2
20151227165437,0.0,0.0,0.0,0.0,0.0,0.0,99.8,0.2
20151227165507,0.0,0.0,0.0,0.0,0.0,0.0,97.8,2.2
20151227165537,0.0,0.0,0.0,0.0,0.0,0.0,51.2,48.8
20151227165607,0.0,0.0,0.0,0.0,0.0,0.0,97.6,2.4
20151227165637,0.0,0.0,0.0,0.0,0.0,0.0,99.7,0.3
20151227165707,0.0,0.0,0.0,0.0,0.0,0.0,99.0,1.0
20151227165737,0.0,0.0,0.0,0.0,0.0,0.0,99.9,0.1
20151227165807,0.0,0.0,0.0,0.0,0.0,0.0,99.0,1.0
20151227165837,0.0,0.0,0.0,0.0,0.0,0.0,99.7,0.3
20151227165907,0.0,0.0,0.0,0.0,0.0,0.0,100.0,0.0
20151227165937,0.0,0.0,0.0,0.0,0.0,0.0,99.7,0.3
20151227170007,0.0,0.0,0.0,0.0,0.0,0.0,100.0,0.0
20151227170037,0.0,0.0,0.0,0.0,0.0,0.0,100.0,0.0
20151227170107,0.0,0.0,0.0,0.0,0.0,0.0,99.1,0.9
20151227170137,0.0,0.0,0.0,0.0,0.0,0.0,99.6,0.4
20151227170208,0.0,0.0,0.0,0.0,0.0,0.0,99.7,0.3
20151227170238,0.0,0.0,0.0,0.0,0.0,0.0,99.8,0.2
20151227170308,0.0,0.0,0.0,0.0,0.0,0.0,99.9,0.1
20151227170338,0.0,0.0,0.0,0.0,0.0,0.0,96.2,3.8
20151227170408,0.0,0.0,0.0,0.0,0.0,0.0,98.0,2.0
20151227170438,0.0,0.0,0.0,0.0,0.0,0.0,99.0,1.0
20151227170508,0.0,0.0,0.0,0.0,0.0,0.0,99.8,0.2
20151227170538,0.0,0.0,0.0,0.0,0.0,0.0,99.9,0.1
20151227170608,0.0,0.0,0.0,0.0,0.0,0.0,99.8,0.2
20151227170638,0.0,0.0,0.0,0.0,0.0,0.0,100.0,0.0
20151227170708,0.0,0.0,0.0,0.0,0.0,0.0,100.0,0.0
20151227170738,0.0,0.0,0.0,0.0,0.0,0.0,99.9,0.1
20151227170808,0.0,0.0,0.0,0.0,0.0,0.0,99.8,0.2
20151227170838,0.0,0.0,0.0,0.0,0.0,0.0,100.0,0.0
20151227170908,0.0,0.0,0.0,0.0,0.0,0.0,100.0,0.0
20151227170938,0.0,0.0,0.0,0.0,0.0,0.0,100.0,0.0
20151227171008,0.0,0.0,0.0,0.0,0.0,0.0,100.0,0.0
20151227171038,0.0,0.0,0.0,0.0,0.0,0.0,100.0,0.0
20151227171108,0.0,0.0,0.0,0.0,0.0,0.0,100.0,0.0
20151227171138,0.0,0.0,0.0,0.0,0.0,0.0,99.8,0.2
20151227171208,0.0,0.0,0.0,0.0,0.0,0.0,100.0,0.0
20151227171238,0.0,0.0,0.0,0.0,0.0,0.0,100.0,0.0
20151227171308,0.0,0.0,0.0,0.0,0.0,0.0,95.9,4.1
20151227171338,0.0,0.0,0.0,0.0,0.0,0.0,98.8,1.2
20151227171408,0.0,0.0,0.0,0.0,0.0,0.0,99.8,0.2
20151227171438,0.0,0.0,0.0,0.0,0.0,0.0,99.9,0.1
20151227171508,0.0,0.0,0.0,0.0,0.0,0.0,100.0,0.0
20151227171538,0.0,0.0,0.0,0.0,0.0,0.0,100.0,0.0
20151227171608,0.0,0.0,0.0,0.0,0.0,0.0,87.4,12.6
20151227171638,0.0,0.0,0.0,0.0,0.0,0.0,99.9,0.1
20151227171708,0.0,0.0,0.0,0.0,0.0,0.0,99.9,0.1
20151227171738,0.0,0.0,0.0,0.0,0.0,0.0,92.2,7.8
20151227171808,0.0,0.0,0.0,0.0,0.0,0.0,100.0,0.0
20151227171838,0.0,0.0,0.0,0.0,0.0,0.0,99.9,0.1
20151227171908,0.0,0.0,0.0,0.0,0.0,0.0,99.8,0.2
20151227171938,0.0,0.0,0.0,0.0,0.0,0.0,50.0,50.0
20151227172008,0.0,0.0,0.0,0.0,0.0,0.0,88.9,11.1
20151227172038,0.0,0.0,0.0,0.0,0.0,0.0,100.0,0.0
20151227172108,0.0,0.0,0.0,0.0,0.0,0.0,100.0,0.0
20151227172138,0.0,0.0,0.0,0.0,0.0,0.0,99.4,0.6
20151227172208,0.0,0.0,0.0,0.0,0.0,0.0,31.8,68.2
20151227172238,0.0,0.0,0.0,0.0,0.0,0.0,95.7,4.3
20151227172308,0.0,0.0,0.0,0.0,0.0,0.0,71.0,28.9
20151227172338,0.0,0.0,0.0,0.0,0.0,0.0,70.8,29.2
20151227172408,0.0,0.0,0.0,0.0,0.0,0.0,93.3,6.7
20151227172438,0.0,0.0,0.0,0.0,0.0,0.0,54.0,46.0
20151227172508,0.0,0.0,0.0,0.0,0.0,0.0,89.9,10.1
20151227172538,0.0,0.0,0.0,0.0,0.0,0.0,53.7,46.3
20151227172608,0.0,0.0,0.0,0.0,0.0,0.0,35.0,65.0
20151227172638,0.0,0.0,0.0,0.0,0.0,0.0,41.6,58.4
20151227172708,0.0,0.0,0.0,0.0,0.0,0.0,27.9,72.1
20151227172738,0.0,0.0,0.0,0.0,0.0,0.0,0.0,100.0
20151227172808,0.0,0.0,0.0,0.0,0.0,0.0,0.1,99.9
20151227172838,0.0,0.0,0.0,0.0,0.0,0.0,1.2,98.8
20151227172908,0.0,0.0,0.0,0.0,0.0,0.0,3.0,97.0
20151227172938,0.0,0.0,0.0,0.0,0.0,0.0,0.0,100.0
20151227173008,0.0,0.0,0.0,0.0,0.0,0.0,0.1,99.9
20151227173038,0.0,0.0,0.0,0.0,0.0,0.0,0.3,99.7
20151227173108,0.0,0.0,0.0,0.0,0.0,0.0,0.0,100.0
20151227173138,0.0,0.0,0.0,0.0,0.0,0.0,0.0,100.0
20151227173208,0.0,0.0,0.0,0.0,0.0,0.0,0.7,99.3
20151227173238,0.0,0.0,0.0,0.0,0.0,0.0,0.1,99.9
20151227173308,0.0,0.0,0.0,0.0,0.0,0.0,0.2,99.8
20151227173338,0.0,0.0,0.0,0.0,0.0,0.0,0.1,99.9
20151227173408,0.0,0.0,0.0,0.0,0.0,0.0,0.0,100.0
20151227173438,0.0,0.0,0.0,0.0,0.0,0.0,0.1,99.9
20151227173508,0.0,0.0,0.0,0.0,0.0,0.0,0.0,100.0
20151227173538,0.0,0.0,0.0,0.0,0.0,0.0,0.8,99.2
20151227173608,0.0,0.0,0.0,0.0,0.0,0.0,0.1,99.9
20151227173639,0.0,0.0,0.0,0.0,0.0,0.0,0.1,99.9
20151227173709,0.0,0.0,0.0,0.0,0.0,0.0,0.0,100.0
20151227173739,0.0,0.0,0.0,0.0,0.0,0.0,2.2,97.8
20151227173809,0.0,0.0,0.0,0.0,0.0,0.0,1.0,99.0
20151227173839,0.0,0.0,0.0,0.0,0.0,0.0,0.5,99.5
20151227173909,0.0,0.0,0.0,0.0,0.0,0.0,0.4,99.6
20151227173939,0.0,0.0,0.0,0.0,0.0,0.0,3.6,96.4
20151227174009,0.0,0.0,0.0,0.0,0.0,0.0,0.1,99.9
20151227174039,0.0,0.0,0.0,0.0,0.0,0.0,0.3,99.7
20151227174109,0.0,0.0,0.0,0.0,0.0,0.0,0.2,99.8
20151227174139,0.0,0.0,0.0,0.0,0.0,0.0,0.8,99.2
20151227174209,0.0,0.0,0.0,0.0,0.0,0.0,0.1,99.9
20151227174239,0.0,0.0,0.0,0.0,0.0,0.0,0.0,100.0
20151227174309,0.0,0.0,0.0,0.0,0.0,0.0,0.1,99.9
20151227174339,0.0,0.0,0.0,0.0,0.0,0.0,0.1,99.9
20151227174409,0.0,0.0,0.0,0.0,0.0,0.0,0.1,99.9
20151227174439,0.0,0.0,0.0,0.0,0.0,0.0,0.0,100.0
20151227174509,0.0,0.0,0.0,0.0,0.0,0.0,0.0,100.0
20151227174539,0.0,0.0,0.0,0.0,0.0,0.0,0.1,99.9
20151227174609,0.0,0.0,0.0,0.0,0.0,0.0,0.1,99.9
20151227174639,0.0,0.0,0.0,0.0,0.0,0.0,0.1,99.9
20151227174709,0.0,0.0,0.0,0.0,0.0,0.0,0.0,100.0
20151227174739,0.0,0.0,0.0,0.0,0.0,0.0,0.3,99.7
20151227174809,0.0,0.0,0.0,0.0,0.0,0.0,0.1,99.9
20151227174839,0.0,0.0,0.0,0.0,0.0,0.0,0.2,99.8
20151227174909,0.0,0.0,0.0,0.0,0.0,0.0,2.2,97.8
20151227174939,0.0,0.0,0.0,0.0,0.0,0.0,0.7,99.3
20151227175009,0.0,0.0,0.0,0.0,0.0,0.0,0.5,99.5
20151227175039,0.0,0.0,0.0,0.0,0.0,0.0,0.2,99.8
20151227175109,0.0,0.0,0.0,0.0,0.0,0.0,3.6,96.4
20151227175139,0.0,0.0,0.0,0.0,0.0,0.0,0.7,99.3
20151227175209,0.0,0.0,0.0,0.0,0.0,0.0,0.1,99.9
20151227175239,0.0,0.0,0.0,0.0,0.0,0.0,0.2,99.8
20151227175309,0.0,0.0,0.0,0.0,0.0,0.0,0.0,100.0
20151227175339,0.0,0.0,0.0,0.0,0.0,0.0,0.0,100.0
20151227175409,0.0,0.0,0.0,0.0,0.0,0.0,0.0,100.0
20151227175439,0.0,0.0,0.0,0.0,0.0,0.0,0.0,100.0
20151227175509,0.0,0.0,0.0,0.0,0.0,0.0,0.0,100.0
20151227175539,0.0,0.0,0.0,0.0,0.0,0.0,0.2,99.8
20151227175609,0.0,0.0,0.0,0.0,0.0,0.0,0.1,99.9
20151227175639,0.0,0.0,0.0,0.0,0.0,0.0,0.0,100.0
20151227175709,0.0,0.0,0.0,0.0,0.0,0.0,0.2,99.8
20151227175739,0.0,0.0,0.0,0.0,0.0,0.0,0.6,99.4
20151227175809,0.0,0.0,0.0,0.0,0.0,0.0,0.4,99.6
20151227175839,0.0,0.0,0.0,0.0,0.0,0.0,1.0,99.0
20151227175909,0.0,0.0,0.0,0.0,0.0,0.0,0.1,99.9
20151227175939,0.0,0.0,0.0,0.0,0.0,0.0,0.6,99.4
20151227180009,0.0,0.0,0.0,0.0,0.0,0.0,0.0,100.0
20151227180039,0.0,0.0,0.0,0.0,0.0,0.0,0.0,100.0
20151227180109,0.0,0.0,0.0,0.0,0.0,0.0,0.0,100.0
20151227180139,0.0,0.0,0.0,0.0,0.0,0.0,0.0,100.0
20151227180209,0.0,0.0,0.0,0.0,0.0,0.0,0.0,100.0
20151227180239,0.0,0.0,0.0,0.0,0.0,0.0,0.2,99.8
20151227180309,0.0,0.0,0.0,0.0,0.0,0.0,0.1,99.9
20151227180340,0.0,0.0,0.0,0.0,0.0,0.0,0.1,99.9
20151227180410,0.0,0.0,0.0,0.0,0.0,0.0,0.8,99.2
20151227180440,0.0,0.0,0.0,0.0,0.0,0.0,3.6,96.4
20151227180510,0.0,0.0,0.0,0.0,0.0,0.0,0.8,99.1
20151227180540,0.0,0.0,0.0,0.1,0.0,0.0,3.0,96.9
20151227180610,0.0,0.0,0.0,0.1,0.0,0.0,3.0,96.9
20151227180640,0.0,0.0,0.0,0.8,0.0,0.0,19.4,79.8
20151227180710,0.0,0.0,0.0,0.3,0.0,0.0,2.3,97.4
20151227180740,0.0,0.0,0.0,0.3,0.0,0.0,5.9,93.7
20151227180810,0.0,0.0,0.0,1.3,0.0,0.0,5.5,93.2
20151227180840,0.0,0.0,0.0,0.1,0.0,0.0,3.3,96.5
20151227180910,0.0,0.0,0.0,0.4,0.0,0.0,3.1,96.5
20151227180940,0.0,0.0,0.0,0.5,0.1,0.0,12.3,87.1
20151227181010,0.0,0.0,0.1,0.7,0.2,0.0,60.0,39.0
20151227181040,0.0,0.0,0.3,0.2,0.6,0.0,30.8,68.0
20151227181110,0.0,0.0,0.1,0.4,0.3,0.0,29.5,69.7
20151227181140,0.0,0.0,0.0,0.4,0.2,0.0,62.4,37.0
20151227181210,0.0,0.0,0.2,1.1,0.1,0.0,71.3,27.2
20151227181240,0.0,0.0,0.1,1.4,0.0,0.0,87.6,10.8
20151227181310,0.0,0.0,0.1,0.8,0.1,0.0,79.2,19.8
20151227181340,0.0,0.0,0.1,0.9,0.0,0.0,87.3,11.7
20151227181410,0.0,0.0,0.2,3.2,0.1,0.0,50.2,46.2
20151227181440,0.0,0.0,0.0,6.8,0.0,0.0,65.8,27.3
20151227181510,0.0,0.0,0.0,0.2,0.0,0.0,83.0,16.8
20151227181540,0.0,0.0,0.0,1.2,0.0,0.0,53.8,45.0
20151227181610,0.0,0.0,0.0,3.8,0.0,0.0,49.9,46.3
20151227181640,0.0,0.0,0.0,1.9,0.0,0.0,18.5,79.6
20151227181710,0.0,0.0,0.0,0.4,0.0,0.0,44.8,54.9
20151227181740,0.0,0.0,0.0,0.0,0.0,0.0,1.2,98.8
20151227181810,0.0,0.0,0.0,0.1,0.0,0.0,2.3,97.7
20151227181840,0.0,0.0,0.0,0.0,0.0,0.0,0.4,99.5
20151227181910,0.0,0.0,0.0,0.1,0.0,0.0,1.7,98.2
20151227181940,0.0,0.0,0.0,0.0,0.0,0.0,0.9,99.1
20151227182010,0.0,0.0,0.0,0.0,0.0,0.0,0.2,99.8
20151227182040,0.0,0.0,0.0,0.0,0.0,0.0,0.3,99.7
20151227182110,0.0,0.0,0.0,0.0,0.0,0.0,6.7,93.3
20151227182140,0.0,0.0,0.0,0.2,0.0,0.0,13.1,86.7
20151227182210,0.0,0.0,0.0,0.0,0.0,0.0,2.2,97.8
20151227182240,0.0,0.0,0.0,0.0,0.0,0.0,19.7,80.3
20151227182310,0.0,0.0,0.0,0.0,0.0,0.0,14.3,85.7
20151227182340,0.0,0.0,0.0,0.0,0.0,0.0,0.2,99.8
20151227182410,0.0,0.0,0.0,0.0,0.0,0.0,0.8,99.2
20151227182440,0.0,0.0,0.0,0.0,0.0,0.0,0.4,99.6
20151227182510,0.0,0.0,0.0,0.0,0.0,0.0,0.1,99.9
20151227182540,0.0,0.0,0.0,0.1,0.0,0.0,35.1,64.9
20151227182610,0.0,0.0,0.0,0.1,0.0,0.0,41.4,58.5
20151227182640,0.0,0.0,0.0,0.1,0.0,0.0,27.0,72.9
20151227182710,0.0,0.0,0.0,0.1,0.0,0.0,21.9,78.0
20151227182740,0.0,0.0,0.0,2.4,0.1,0.0,46.0,51.5
20151227182810,0.0,0.0,0.0,0.8,0.0,0.0,83.4,15.7
20151227182840,0.0,0.0,0.0,1.4,0.0,0.0,48.0,50.5
20151227182910,0.0,0.0,0.0,0.0,0.0,0.0,97.2,2.8
20151227182940,0.0,0.0,0.0,0.0,0.0,0.0,50.9,49.1
20151227183010,0.0,0.0,0.0,0.0,0.0,0.0,7.8,92.2
20151227183040,0.0,0.0,0.0,0.1,0.0,0.0,8.1,91.8
20151227183110,0.0,0.0,0.0,0.0,0.0,0.0,0.1,99.9
20151227183140,0.0,0.0,0.0,0.0,0.0,0.0,0.0,100.0
20151227183210,0.0,0.0,0.0,0.0,0.0,0.0,0.0,100.0
20151227183240,0.0,0.0,0.0,0.0,0.0,0.0,0.0,100.0
20151227183310,0.0,0.0,0.0,0.0,0.0,0.0,0.0,100.0
20151227183340,0.0,0.0,0.0,0.0,0.0,0.0,0.0,100.0
20151227183410,0.0,0.0,0.0,0.0,0.0,0.0,0.0,100.0
20151227183440,0.0,0.0,0.0,0.0,0.0,0.0,0.0,100.0
20151227183510,0.0,0.0,0.0,0.0,0.0,0.0,0.0,100.0
20151227183540,0.0,0.0,0.0,0.0,0.0,0.0,0.0,100.0
20151227183610,0.0,0.0,0.0,0.0,0.0,0.0,0.0,100.0
20151227183640,0.0,0.0,0.0,0.8,0.1,0.0,0.3,98.8
20151227183710,0.0,0.0,0.0,0.0,0.2,0.0,0.2,99.5
20151227183741,0.0,0.0,0.0,0.0,0.0,0.0,1.0,99.0
20151227183811,0.0,0.0,0.0,0.1,0.0,0.0,3.6,96.3
20151227183841,0.0,0.0,0.0,0.1,0.1,0.0,0.4,99.4
20151227183911,0.0,0.0,0.0,0.1,0.0,0.0,1.3,98.6
20151227183941,0.0,0.0,0.0,0.1,0.0,0.0,0.8,99.0
20151227184011,0.0,0.0,0.0,0.1,0.0,0.0,0.5,99.4
20151227184041,0.0,0.0,0.0,0.4,1.4,0.0,2.0,96.2
20151227184111,0.0,0.0,0.0,5.0,3.2,0.0,0.2,91.5
20151227184141,0.0,0.0,0.0,25.8,1.0,0.0,0.9,72.3
20151227184211,0.0,0.0,0.0,3.6,0.1,0.0,1.3,95.0
20151227184241,0.0,0.0,0.0,1.1,0.0,0.0,0.6,98.2
20151227184311,0.0,0.0,0.0,1.1,0.1,0.0,6.8,92.0
20151227184341,0.0,0.0,0.0,0.1,0.0,0.0,8.4,91.5
20151227184411,0.0,0.0,0.0,0.0,0.0,0.0,43.9,56.0
20151227184441,0.0,0.0,0.0,0.0,0.0,0.0,6.9,93.1
20151227184511,0.0,0.0,0.0,0.0,0.0,0.0,1.4,98.6
20151227184541,0.0,0.0,0.0,0.0,0.0,0.0,20.4,79.6
20151227184611,0.0,0.0,0.0,0.0,0.0,0.0,1.7,98.3
20151227184641,0.0,0.0,0.0,0.0,0.0,0.0,14.9,85.1
20151227184711,0.0,0.0,0.0,0.1,0.0,0.0,8.6,91.3
20151227184741,0.0,0.0,0.0,0.3,0.0,0.0,17.4,82.4
20151227184811,0.0,0.0,0.0,0.2,0.0,0.0,23.6,76.2
20151227184841,0.0,0.0,0.0,0.1,0.0,0.0,85.2,14.7
20151227184911,0.0,0.0,0.0,0.0,0.0,0.0,27.9,72.0
20151227184941,0.0,0.0,0.0,0.1,0.0,0.0,81.3,18.7
20151227185011,0.0,0.0,0.0,0.0,0.0,0.0,67.7,32.3
20151227185041,0.0,0.0,0.0,0.1,0.0,0.0,76.0,23.9
20151227185111,0.0,0.0,0.0,0.0,0.0,0.0,52.1,47.8
20151227185141,0.0,0.0,0.0,0.1,0.0,0.0,88.1,11.9
20151227185211,0.0,0.0,0.0,0.3,0.0,0.0,33.6,66.1
20151227185241,0.0,0.0,0.0,0.1,0.0,0.0,45.7,54.2
20151227185311,0.0,0.0,0.0,0.0,0.0,0.0,11.9,88.1
20151227185341,0.0,0.0,0.0,0.0,0.0,0.0,1.9,98.1
20151227185411,0.0,0.0,0.0,0.1,0.0,0.0,1.0,98.9
20151227185441,0.0,0.0,0.0,0.0,0.0,0.0,3.3,96.7
20151227185511,0.0,0.0,0.0,0.0,0.0,0.0,2.6,97.4
20151227185541,0.0,0.0,0.0,0.0,0.0,0.0,10.7,89.3
20151227185611,0.0,0.0,0.0,0.1,0.0,0.0,0.8,99.1
20151227185641,0.0,0.0,0.0,0.0,0.0,0.0,65.8,34.2
20151227185711,0.0,0.0,0.0,0.2,0.0,0.0,39.2,60.6
20151227185741,0.0,0.0,0.0,0.0,0.0,0.0,18.2,81.7
20151227185811,0.0,0.0,0.0,0.0,0.0,0.0,32.2,67.7
20151227185841,0.0,0.0,0.0,0.0,0.0,0.0,60.8,39.2
20151227185911,0.0,0.0,0.0,0.0,0.0,0.0,9.1,90.9
20151227185941,0.0,0.0,0.0,0.1,0.0,0.0,15.2,84.7
20151227190011,0.0,0.0,0.0,0.0,0.0,0.0,5.3,94.7
20151227190041,0.0,0.0,0.0,0.0,0.0,0.0,1.8,98.2
20151227190111,0.0,0.0,0.0,0.0,0.0,0.0,6.1,93.9
20151227190141,0.0,0.0,0.0,0.0,0.0,0.0,1.1,98.9
20151227190211,0.0,0.0,0.0,0.0,0.0,0.0,19.1,80.9
20151227190241,0.0,0.0,0.0,0.0,0.0,0.0,8.1,91.9
20151227190311,0.0,0.0,0.0,0.0,0.0,0.0,1.5,98.4
20151227190341,0.0,0.0,0.0,0.0,0.0,0.0,11.1,88.8
20151227190411,0.0,0.0,0.0,0.0,0.0,0.0,6.6,93.4
20151227190441,0.0,0.0,0.0,0.0,0.0,0.0,1.5,98.5
20151227190511,0.0,0.0,0.0,0.0,0.0,0.0,50.0,50.0
20151227190541,0.0,0.0,0.0,0.0,0.0,0.0,68.0,32.0
20151227190611,0.0,0.0,0.0,0.0,0.0,0.0,18.8,81.2
20151227190641,0.0,0.0,0.0,0.0,0.0,0.0,80.1,19.9
20151227190711,0.0,0.0,0.0,0.0,0.0,0.0,87.5,12.5
20151227190741,0.0,0.0,0.0,0.0,0.0,0.0,68.6,31.4
20151227190811,0.0,0.0,0.0,0.0,0.0,0.0,88.1,11.9
20151227190841,0.0,0.0,0.0,0.0,0.0,0.0,21.8,78.2
20151227190911,0.0,0.0,0.0,0.0,0.0,0.0,72.4,27.6
20151227190941,0.0,0.0,0.0,0.0,0.0,0.0,54.8,45.2
20151227191011,0.0,0.0,0.0,0.0,0.0,0.0,32.1,67.9
20151227191041,0.0,0.0,0.0,0.0,0.0,0.0,49.3,50.7
20151227191111,0.0,0.0,0.0,0.0,0.0,0.0,62.7,37.3
20151227191141,0.0,0.0,0.0,0.0,0.0,0.0,72.0,28.0
20151227191212,0.0,0.0,0.0,0.0,0.0,0.0,44.7,55.3
20151227191242,0.0,0.0,0.0,0.0,0.0,0.0,36.7,63.3
20151227191312,0.0,0.0,0.0,0.0,0.0,0.0,51.9,48.1
20151227191342,0.0,0.0,0.0,0.0,0.0,0.0,16.0,84.0
20151227191412,0.0,0.0,0.0,0.0,0.0,0.0,2.0,98.0
20151227191442,0.0,0.0,0.0,0.0,0.0,0.0,12.6,87.3
20151227191512,0.0,0.0,0.0,0.0,0.0,0.0,7.8,92.2
20151227191542,0.0,0.0,0.0,0.0,0.0,0.0,6.9,93.1
20151227191612,0.0,0.0,0.0,0.0,0.0,0.0,1.7,98.3
20151227191642,0.0,0.0,0.0,0.0,0.0,0.0,8.4,91.6
20151227191712,0.0,0.0,0.0,0.0,0.0,0.0,16.4,83.6
20151227191742,0.0,0.0,0.0,0.0,0.0,0.0,24.2,75.8
20151227191812,0.0,0.0,0.0,0.0,0.0,0.0,6.1,93.9
20151227191842,0.0,0.0,0.0,0.0,0.0,0.0,66.2,33.8
20151227191912,0.0,0.0,0.0,0.0,0.0,0.0,3.2,96.8
20151227191942,0.0,0.0,0.0,0.0,0.0,0.0,6.4,93.6
20151227192012,0.0,0.0,0.0,0.0,0.0,0.0,5.9,94.1
20151227192042,0.0,0.0,0.0,0.0,0.0,0.0,6.5,93.5
20151227192112,0.0,0.0,0.0,0.0,0.0,0.0,5.1,94.9
20151227192142,0.0,0.0,0.0,0.0,0.0,0.0,5.4,94.6
20151227192212,0.0,0.0,0.0,0.0,0.0,0.0,1.5,98.5
20151227192242,0.0,0.0,0.0,0.0,0.0,0.0,1.5,98.4
20151227192312,0.0,0.0,0.0,0.0,0.0,0.0,0.6,99.4
20151227192342,0.0,0.0,0.0,0.0,0.0,0.0,0.5,99.5
20151227192412,0.0,0.0,0.0,0.0,0.0,0.0,9.4,90.6
20151227192442,0.0,0.0,0.0,0.0,0.0,0.0,17.6,82.4
20151227192512,0.0,0.0,0.0,0.0,0.0,0.0,4.8,95.2
20151227192542,0.0,0.0,0.0,0.1,0.0,0.0,1.4,98.5
20151227192612,0.0,0.0,0.0,0.1,0.0,0.0,7.8,92.1
20151227192642,0.0,0.0,0.0,0.0,0.0,0.0,3.3,96.7
20151227192712,0.0,0.0,0.0,0.0,0.0,0.0,1.7,98.3
20151227192742,0.0,0.0,0.0,0.0,0.0,0.0,9.4,90.6
20151227192812,0.0,0.0,0.0,0.0,0.0,0.0,8.5,91.5
20151227192842,0.0,0.0,0.0,0.0,0.0,0.0,5.5,94.5
20151227192912,0.0,0.0,0.0,0.0,0.0,0.0,16.1,83.8
20151227192942,0.0,0.0,0.0,0.0,0.0,0.0,4.5,95.5
20151227193012,0.0,0.0,0.0,0.0,0.0,0.0,6.2,93.8
20151227193042,0.0,0.0,0.0,0.0,0.0,0.0,14.3,85.7
20151227193112,0.0,0.0,0.0,0.0,0.0,0.0,0.3,99.7
20151227193142,0.0,0.0,0.0,0.0,0.0,0.0,0.5,99.5
20151227193212,0.0,0.0,0.0,0.0,0.0,0.0,0.2,99.8
20151227193242,0.0,0.0,0.0,0.0,0.0,0.0,1.1,98.9
20151227193312,0.0,0.0,0.0,0.0,0.0,0.0,0.4,99.6
20151227193342,0.0,0.0,0.0,0.0,0.0,0.0,5.1,94.9
20151227193412,0.0,0.0,0.0,0.0,0.0,0.0,1.0,99.0
20151227193442,0.0,0.0,0.0,0.0,0.0,0.0,0.1,99.9
20151227193512,0.0,0.0,0.0,0.0,0.0,0.0,0.2,99.8
20151227193542,0.0,0.0,0.0,0.0,0.0,0.0,1.0,99.0
20151227193612,0.0,0.0,0.0,0.0,0.0,0.0,0.4,99.6
20151227193642,0.0,0.0,0.0,0.0,0.0,0.0,1.4,98.6
20151227193712,0.0,0.0,0.0,0.0,0.0,0.0,1.2,98.8
20151227193742,0.0,0.0,0.0,0.0,0.0,0.0,0.1,99.9
20151227193812,0.0,0.0,0.0,0.0,0.0,0.0,0.1,99.9
20151227193842,0.0,0.0,0.0,0.0,0.0,0.0,0.4,99.5
20151227193913,0.0,0.0,0.0,0.0,0.0,0.0,0.3,99.7
20151227193943,0.0,0.0,0.0,0.0,0.0,0.0,0.0,100.0
20151227194013,0.0,0.0,0.0,0.0,0.0,0.0,0.0,100.0
20151227194043,0.0,0.0,0.0,0.0,0.0,0.0,0.0,100.0
20151227194113,0.0,0.0,0.0,0.0,0.0,0.0,0.4,99.6
20151227194143,0.0,0.0,0.0,0.0,0.0,0.0,0.5,99.5
20151227194213,0.0,0.0,0.0,0.0,0.0,0.0,6.1,93.9
20151227194243,0.0,0.0,0.0,0.0,0.0,0.0,3.6,96.4
20151227194313,0.0,0.0,0.0,0.0,0.0,0.0,2.6,97.4
20151227194343,0.0,0.0,0.0,0.0,0.0,0.0,2.0,98.0
20151227194413,0.0,0.0,0.0,0.0,0.0,0.0,1.1,98.9
20151227194443,0.0,0.0,0.0,0.0,0.0,0.0,34.0,66.0
20151227194513,0.0,0.0,0.0,0.0,0.0,0.0,36.0,64.0
20151227194543,0.0,0.0,0.0,0.0,0.0,0.0,27.6,72.4
20151227194613,0.0,0.0,0.0,0.0,0.0,0.0,5.3,94.7
20151227194643,0.0,0.0,0.0,0.0,0.0,0.0,2.3,97.7
20151227194713,0.0,0.0,0.0,0.0,0.0,0.0,8.3,91.7
20151227194743,0.0,0.0,0.0,0.0,0.0,0.0,4.9,95.1
20151227194813,0.0,0.0,0.0,0.0,0.0,0.0,8.4,91.6
20151227194843,0.0,0.0,0.0,0.0,0.0,0.0,0.3,99.7
20151227194913,0.0,0.0,0.0,0.0,0.0,0.0,3.3,96.7
20151227194943,0.0,0.0,0.0,0.0,0.0,0.0,0.8,99.2
20151227195013,0.0,0.0,0.0,0.0,0.0,0.0,1.0,99.0
20151227195043,0.0,0.0,0.0,0.0,0.0,0.0,6.4,93.6
20151227195113,0.0,0.0,0.0,0.0,0.0,0.0,3.6,96.4
20151227195143,0.0,0.0,0.0,0.0,0.0,0.0,48.5,51.5
20151227195213,0.0,0.0,0.0,0.0,0.0,0.0,17.0,83.0
20151227195243,0.0,0.0,0.0,0.0,0.0,0.0,47.9,52.1
20151227195313,0.0,0.0,0.0,0.0,0.0,0.0,62.1,37.9
20151227195343,0.0,0.0,0.0,0.0,0.0,0.0,83.8,16.2
20151227195413,0.0,0.0,0.0,0.0,0.0,0.0,37.6,62.4
20151227195443,0.0,0.0,0.0,0.0,0.0,0.0,16.0,84.0
20151227195513,0.0,0.0,0.0,0.0,0.0,0.0,23.5,76.5
20151227195543,0.0,0.0,0.0,0.0,0.0,0.0,4.9,95.1
20151227195613,0.0,0.0,0.0,0.0,0.0,0.0,24.0,76.0
20151227195643,0.0,0.0,0.0,0.0,0.0,0.0,4.7,95.3
20151227195713,0.0,0.0,0.0,0.0,0.0,0.0,6.6,93.4
20151227195743,0.0,0.0,0.0,0.0,0.0,0.0,0.1,99.9
20151227195813,0.0,0.0,0.0,0.0,0.0,0.0,1.5,98.5
20151227195843,0.0,0.0,0.0,0.0,0.0,0.0,0.1,99.9
20151227195913,0.0,0.0,0.0,0.0,0.0,0.0,0.0,100.0
20151227195943,0.0,0.0,0.0,0.0,0.0,0.0,0.6,99.4
20151227200013,0.0,0.0,0.0,0.0,0.0,0.0,0.2,99.8
20151227200043,0.0,0.0,0.0,0.0,0.0,0.0,1.6,98.4
20151227200113,0.0,0.0,0.0,0.0,0.0,0.0,0.9,99.1
20151227200143,0.0,0.0,0.0,0.0,0.0,0.0,0.7,99.3
20151227200213,0.0,0.0,0.0,0.0,0.0,0.0,2.8,97.2
20151227200243,0.0,0.0,0.0,0.0,0.0,0.0,6.1,93.9
20151227200313,0.0,0.0,0.0,0.0,0.0,0.0,2.5,97.5
20151227200343,0.0,0.0,0.0,0.0,0.0,0.0,4.4,95.6
20151227200413,0.0,0.0,0.0,0.0,0.0,0.0,4.7,95.3
20151227200443,0.0,0.0,0.0,0.0,0.0,0.0,7.0,93.0
20151227200513,0.0,0.0,0.0,0.0,0.0,0.0,17.2,82.8
20151227200543,0.0,0.0,0.0,0.0,0.0,0.0,55.5,44.5
20151227200613,0.0,0.0,0.0,0.0,0.0,0.0,77.9,22.1
20151227200643,0.0,0.0,0.0,0.0,0.0,0.0,82.0,18.0
20151227200713,0.0,0.0,0.0,0.0,0.0,0.0,96.5,3.5
20151227200743,0.0,0.0,0.0,0.0,0.0,0.0,30.0,70.0
20151227200813,0.0,0.0,0.0,0.0,0.0,0.0,5.9,94.1
