UT,arc,discrete,diffuse,ac,ab,clear,cloudy,dd
20151030145200,0.0,0.0,0.0,0.0,0.0,0.0,0.6,99.4
20151030145230,0.0,0.0,0.0,0.0,0.0,0.0,0.1,99.9
20151030145300,0.0,0.0,0.0,0.0,0.0,0.0,0.2,99.8
20151030145330,0.0,0.0,0.0,0.0,0.0,0.0,0.0,100.0
20151030145400,0.0,0.0,0.0,0.0,0.0,0.0,0.0,100.0
20151030145430,0.0,0.0,0.0,0.0,0.0,0.0,0.0,100.0
20151030145500,0.0,0.0,0.0,0.0,0.0,0.0,0.0,100.0
20151030145530,0.0,0.0,0.0,0.0,0.0,0.0,0.0,100.0
20151030145600,0.0,0.0,0.0,0.0,0.0,0.0,0.0,100.0
20151030145630,0.0,0.0,0.0,0.0,0.0,0.0,0.0,100.0
20151030145700,0.0,0.0,0.0,0.0,0.0,0.0,0.0,100.0
20151030145730,0.0,0.0,0.0,0.0,0.0,0.0,0.0,100.0
20151030145800,0.0,0.0,0.0,0.0,0.0,0.0,0.0,100.0
20151030145830,0.0,0.0,0.0,0.0,0.0,0.0,0.0,100.0
20151030145900,0.0,0.0,0.0,0.0,0.0,0.0,0.0,100.0
20151030145930,0.0,0.0,0.0,0.0,0.0,0.0,0.0,100.0
20151030150000,0.0,0.0,0.0,0.0,0.0,0.0,0.0,100.0
20151030150030,0.0,0.0,0.0,0.0,0.0,0.0,0.0,100.0
20151030150100,0.0,0.0,0.0,0.0,0.0,0.0,0.0,100.0
20151030150130,0.0,0.0,0.0,0.0,0.0,0.0,0.0,100.0
20151030150200,0.0,0.0,0.0,0.0,0.0,0.0,0.1,99.9
20151030150230,0.0,0.0,0.0,0.0,0.0,0.0,0.3,99.7
20151030150300,0.0,0.0,0.0,0.0,0.0,0.0,0.2,99.8
20151030150330,0.0,0.0,0.0,0.0,0.0,0.0,0.2,99.8
20151030150400,0.0,0.0,0.0,0.0,0.0,0.0,0.1,99.9
20151030150430,0.0,0.0,0.0,0.0,0.0,0.0,0.0,100.0
20151030150500,0.0,0.0,0.0,0.0,0.0,0.0,0.0,100.0
20151030150530,0.0,0.0,0.0,0.0,0.0,0.0,0.0,100.0
20151030150601,0.0,0.0,0.0,0.0,0.0,0.0,0.0,100.0
20151030150631,0.0,0.0,0.0,0.0,0.0,0.0,0.0,100.0
20151030150701,0.0,0.0,0.0,0.0,0.0,0.0,0.0,100.0
20151030150731,0.0,0.0,0.0,0.0,0.0,0.0,0.0,100.0
20151030150801,0.0,0.0,0.0,0.0,0.0,0.0,0.0,100.0
20151030150831,0.0,0.0,0.0,0.0,0.0,0.0,0.0,100.0
20151030150901,0.0,0.0,0.0,0.0,0.0,0.0,0.0,100.0
20151030150931,0.0,0.0,0.0,0.0,0.0,0.0,0.0,100.0
20151030151001,0.0,0.0,0.0,0.0,0.0,0.0,0.0,100.0
20151030151031,0.0,0.0,0.0,0.0,0.0,0.0,0.0,100.0
20151030151101,0.0,0.0,0.0,0.0,0.0,0.0,0.0,100.0
20151030151131,0.0,0.0,0.0,0.0,0.0,0.0,0.0,100.0
20151030151201,0.0,0.0,0.0,0.0,0.0,0.0,0.0,100.0
20151030151231,0.0,0.0,0.0,0.0,0.0,0.0,0.0,100.0
20151030151301,0.0,0.0,0.0,0.0,0.0,0.0,0.0,100.0
20151030151331,0.0,0.0,0.0,0.0,0.0,0.0,0.0,100.0
20151030151401,0.0,0.0,0.0,0.0,0.0,0.0,0.0,100.0
20151030151431,0.0,0.0,0.0,0.0,0.0,0.0,0.0,100.0
20151030151501,0.0,0.0,0.0,0.0,0.0,0.0,0.0,100.0
20151030151531,0.0,0.0,0.0,0.0,0.0,0.0,0.0,100.0
20151030151601,0.0,0.0,0.0,0.0,0.0,0.0,0.0,100.0
20151030151631,0.0,0.0,0.0,0.0,0.0,0.0,0.0,100.0
20151030151701,0.0,0.0,0.0,0.0,0.0,0.0,0.0,100.0
20151030151731,0.0,0.0,0.0,0.0,0.0,0.0,0.0,100.0
20151030151801,0.0,0.0,0.0,0.0,0.0,0.0,0.0,100.0
20151030151831,0.0,0.0,0.0,0.0,0.0,0.0,0.0,100.0
20151030151901,0.0,0.0,0.0,0.0,0.0,0.0,0.0,100.0
20151030151931,0.0,0.0,0.0,0.0,0.0,0.0,0.0,100.0
20151030152001,0.0,0.0,0.0,0.0,0.0,0.0,0.0,100.0
20151030152031,0.0,0.0,0.0,0.0,0.0,0.0,0.0,100.0
20151030152101,0.0,0.0,0.0,0.0,0.0,0.0,0.0,100.0
20151030152131,0.0,0.0,0.0,0.0,0.0,0.0,0.0,100.0
20151030152201,0.0,0.0,0.0,0.0,0.0,0.0,0.0,100.0
20151030152231,0.0,0.0,0.0,0.0,0.0,0.0,0.0,100.0
20151030152301,0.0,0.0,0.0,0.0,0.0,0.0,0.0,100.0
20151030152331,0.0,0.0,0.0,0.0,0.0,0.0,0.0,100.0
20151030152401,0.0,0.0,0.0,0.0,0.0,0.0,0.0,100.0
20151030152431,0.0,0.0,0.0,0.0,0.0,0.0,0.0,100.0
20151030152501,0.0,0.0,0.0,0.0,0.0,0.0,0.0,100.0
20151030152531,0.0,0.0,0.0,0.0,0.0,0.0,0.0,100.0
20151030152601,0.0,0.0,0.0,0.0,0.0,0.0,0.0,100.0
20151030152631,0.0,0.0,0.0,0.0,0.0,0.0,0.0,100.0
20151030152701,0.0,0.0,0.0,0.0,0.0,0.0,0.0,100.0
20151030152731,0.0,0.0,0.0,0.0,0.0,0.0,0.0,100.0
20151030152801,0.0,0.0,0.0,0.0,0.0,0.0,0.0,100.0
20151030152831,0.0,0.0,0.0,0.0,0.0,0.0,0.0,100.0
20151030152901,0.0,0.0,0.0,0.0,0.0,0.0,0.0,100.0
20151030152931,0.0,0.0,0.0,0.0,0.0,0.0,0.0,100.0
20151030153001,0.0,0.0,0.0,0.0,0.0,0.0,0.0,100.0
20151030153031,0.0,0.0,0.0,0.0,0.0,0.0,0.0,100.0
20151030153101,0.0,0.0,0.0,0.0,0.0,0.0,0.0,100.0
20151030153131,0.0,0.0,0.0,0.0,0.0,0.0,0.0,100.0
20151030153201,0.0,0.0,0.0,0.0,0.0,0.0,0.0,100.0
20151030153231,0.0,0.0,0.0,0.0,0.0,0.0,0.0,100.0
20151030153301,0.0,0.0,0.0,0.0,0.0,0.0,0.0,100.0
20151030153331,0.0,0.0,0.0,0.0,0.0,0.0,0.0,100.0
20151030153401,0.0,0.0,0.0,0.0,0.0,0.0,0.0,100.0
20151030153431,0.0,0.0,0.0,0.0,0.0,0.0,0.0,100.0
20151030153501,0.0,0.0,0.0,0.0,0.0,0.0,0.0,100.0
20151030153531,0.0,0.0,0.0,0.0,0.0,0.0,0.0,100.0
20151030153601,0.0,0.0,0.0,0.0,0.0,0.0,0.0,100.0
20151030153631,0.0,0.0,0.0,0.0,0.0,0.0,0.0,100.0
20151030153701,0.0,0.0,0.0,0.0,0.0,0.0,0.0,100.0
20151030153731,0.0,0.0,0.0,0.0,0.0,0.0,0.0,100.0
20151030153801,0.0,0.0,0.0,0.0,0.0,0.0,0.0,100.0
20151030153831,0.0,0.0,0.0,0.0,0.0,0.0,0.0,100.0
20151030153901,0.0,0.0,0.0,0.0,0.0,0.0,0.0,100.0
20151030153931,0.0,0.0,0.0,0.0,0.0,0.0,0.0,100.0
20151030154002,0.0,0.0,0.0,0.0,0.0,0.0,0.0,100.0
20151030154032,0.0,0.0,0.0,0.0,0.0,0.0,0.0,100.0
20151030154102,0.0,0.0,0.0,0.0,0.0,0.0,0.0,100.0
20151030154132,0.0,0.0,0.0,0.0,0.0,0.0,0.0,100.0
20151030154202,0.0,0.0,0.0,0.0,0.0,0.0,0.0,100.0
20151030154232,0.0,0.0,0.0,0.0,0.0,0.0,0.0,100.0
20151030154302,0.0,0.0,0.0,0.0,0.1,0.0,0.0,99.9
20151030154332,0.0,0.0,0.0,0.0,0.0,0.0,0.0,100.0
20151030154402,0.0,0.0,0.0,0.0,0.0,0.0,0.0,100.0
20151030154432,0.0,0.0,0.0,0.0,0.0,0.0,0.0,100.0
20151030154502,0.0,0.0,0.0,0.0,0.0,0.0,0.0,100.0
20151030154532,0.0,0.0,0.0,0.0,0.0,0.0,0.0,100.0
20151030154602,0.0,0.0,0.0,0.0,0.0,0.0,0.0,100.0
20151030154632,0.0,0.0,0.0,0.0,0.0,0.0,0.0,100.0
20151030154702,0.0,0.0,0.0,0.0,0.1,0.0,0.0,99.9
20151030154732,0.0,0.0,0.0,0.0,0.0,0.0,0.0,100.0
20151030154802,0.0,0.0,0.0,0.0,0.0,0.0,0.0,100.0
20151030154832,0.0,0.0,0.0,0.0,0.0,0.0,0.0,100.0
20151030154902,0.0,0.0,0.0,0.0,0.5,0.0,0.0,99.5
20151030154932,0.0,0.0,0.0,0.0,0.2,0.0,0.0,99.8
20151030155002,0.0,0.0,0.0,0.0,0.4,0.0,0.0,99.6
20151030155032,0.0,0.0,0.0,0.0,83.5,0.0,0.0,16.5
20151030155102,0.0,0.0,0.0,0.0,0.6,0.0,0.0,99.4
20151030155132,0.0,0.0,0.0,0.0,7.5,0.0,0.0,92.5
20151030155332,0.0,0.0,0.0,0.0,0.2,0.0,0.0,99.8
20151030155402,0.0,0.0,0.0,0.0,82.8,0.0,0.0,17.2
20151030155432,0.0,0.0,0.0,0.0,100.0,0.0,0.0,0.0
20151030155502,0.0,0.0,0.0,0.0,100.0,0.0,0.0,0.0
20151030155532,0.0,0.0,0.0,0.0,100.0,0.0,0.0,0.0
20151030155602,0.0,0.0,0.0,0.0,100.0,0.0,0.0,0.0
20151030155632,0.0,0.0,0.0,0.0,100.0,0.0,0.0,0.0
20151030155702,0.0,0.0,0.0,0.0,100.0,0.0,0.0,0.0
20151030155732,0.0,0.0,0.0,0.0,100.0,0.0,0.0,0.0
20151030155802,0.0,0.0,0.0,0.0,100.0,0.0,0.0,0.0
20151030155832,0.0,0.0,0.0,0.0,100.0,0.0,0.0,0.0
20151030155902,0.0,0.0,0.0,0.0,100.0,0.0,0.0,0.0
20151030155932,0.0,0.0,0.0,0.0,100.0,0.0,0.0,0.0
20151030160002,0.0,0.0,0.0,0.0,100.0,0.0,0.0,0.0
20151030160032,0.0,0.0,0.0,0.0,100.0,0.0,0.0,0.0
20151030160102,0.0,0.0,0.0,0.0,100.0,0.0,0.0,0.0
20151030160132,0.0,0.0,0.0,0.0,100.0,0.0,0.0,0.0
20151030160202,0.0,0.0,0.0,0.0,100.0,0.0,0.0,0.0
20151030160232,0.0,0.0,0.0,0.0,100.0,0.0,0.0,0.0
20151030160302,0.0,0.0,0.0,0.0,100.0,0.0,0.0,0.0
20151030160332,0.0,0.0,0.0,0.0,100.0,0.0,0.0,0.0
20151030160402,0.0,0.0,0.0,0.0,100.0,0.0,0.0,0.0
20151030160432,0.0,0.0,0.0,0.0,100.0,0.0,0.0,0.0
20151030160502,0.0,0.0,0.0,0.0,100.0,0.0,0.0,0.0
20151030160532,0.0,0.0,0.0,0.0,100.0,0.0,0.0,0.0
20151030160602,0.0,0.0,0.0,0.0,100.0,0.0,0.0,0.0
20151030160632,0.0,0.0,0.0,0.0,100.0,0.0,0.0,0.0
20151030160702,0.0,0.3,0.0,0.0,99.7,0.0,0.0,0.0
20151030160733,0.0,0.0,0.0,0.0,100.0,0.0,0.0,0.0
20151030160803,0.0,12.0,0.0,0.0,88.0,0.0,0.0,0.0
20151030160833,0.0,6.5,0.0,0.0,93.5,0.0,0.0,0.0
20151030160903,0.0,35.9,0.0,0.0,64.1,0.0,0.0,0.0
20151030160933,0.0,0.2,0.0,0.0,99.8,0.0,0.0,0.0
20151030161003,0.0,4.6,0.0,0.0,95.4,0.0,0.0,0.0
20151030161033,0.0,0.0,0.0,0.0,100.0,0.0,0.0,0.0
20151030161103,0.0,12.1,0.0,0.0,87.9,0.0,0.0,0.0
20151030161133,0.0,1.0,0.0,0.0,99.0,0.0,0.0,0.0
20151030161203,0.0,2.1,0.0,0.0,97.9,0.0,0.0,0.0
20151030161233,0.0,0.4,0.0,0.0,99.6,0.0,0.0,0.0
20151030161303,0.0,0.6,0.0,0.0,99.4,0.0,0.0,0.0
20151030161333,0.0,0.3,0.0,0.0,99.6,0.0,0.0,0.0
20151030161403,0.0,0.1,0.0,0.0,99.9,0.0,0.0,0.0
20151030161433,0.0,2.4,0.0,0.0,97.6,0.0,0.0,0.0
20151030161503,0.0,0.9,0.0,0.0,99.1,0.0,0.0,0.0
20151030161533,0.0,2.6,0.0,0.0,97.4,0.0,0.0,0.0
20151030161603,0.0,17.4,0.0,0.0,82.6,0.0,0.0,0.0
20151030161633,0.0,58.4,0.0,0.0,41.6,0.0,0.0,0.0
20151030161703,0.0,52.8,0.0,0.0,47.2,0.0,0.0,0.0
20151030161733,0.0,0.7,0.0,0.0,99.3,0.0,0.0,0.0
20151030161803,0.0,9.9,0.0,0.0,90.1,0.0,0.0,0.0
20151030161833,0.0,90.2,0.0,0.0,9.8,0.0,0.0,0.0
20151030161903,0.0,26.3,0.0,0.0,73.7,0.0,0.0,0.0
20151030161933,0.0,25.9,0.0,0.0,74.1,0.0,0.0,0.0
20151030162003,0.0,73.2,0.0,0.0,26.8,0.0,0.0,0.0
20151030162033,0.0,96.5,0.0,0.0,3.5,0.0,0.0,0.0
20151030162103,0.0,98.7,0.0,0.0,1.3,0.0,0.0,0.0
20151030162133,0.0,99.8,0.0,0.0,0.2,0.0,0.0,0.0
20151030162203,0.0,100.0,0.0,0.0,0.0,0.0,0.0,0.0
20151030162233,0.0,99.9,0.0,0.0,0.1,0.0,0.0,0.0
20151030162303,0.0,99.9,0.0,0.0,0.1,0.0,0.0,0.0
20151030162333,0.0,99.0,0.2,0.0,0.8,0.0,0.0,0.0
20151030162403,0.0,99.3,0.4,0.0,0.3,0.0,0.0,0.0
20151030162433,0.0,18.6,1.8,0.1,79.5,0.0,0.0,0.1
20151030162503,0.2,37.3,3.7,0.0,57.6,0.0,0.0,1.1
20151030162533,0.0,5.2,6.7,0.0,88.1,0.0,0.0,0.0
20151030162603,0.2,1.9,1.2,0.0,96.6,0.0,0.0,0.1
20151030162633,0.0,0.0,0.2,0.0,99.6,0.0,0.0,0.2
20151030162703,0.0,0.0,0.7,0.0,98.7,0.0,0.0,0.5
20151030162733,0.1,0.1,1.4,0.0,78.6,0.0,0.0,19.8
20151030162803,1.0,0.1,0.3,0.0,97.8,0.0,0.0,0.8
20151030162833,5.0,0.3,0.1,0.0,92.0,0.0,0.0,2.5
20151030162903,19.5,0.1,0.2,0.0,77.3,0.1,0.0,2.8
20151030162933,32.0,1.1,0.1,0.0,64.0,0.1,0.0,2.7
20151030163003,5.6,0.1,0.0,0.0,94.1,0.0,0.0,0.2
20151030163033,12.6,1.6,0.0,0.0,85.7,0.0,0.0,0.1
20151030163103,3.4,1.5,0.1,0.1,94.9,0.0,0.0,0.0
20151030163133,5.1,8.1,0.7,1.0,85.0,0.0,0.0,0.0
20151030163203,0.4,2.7,0.9,0.4,95.6,0.0,0.0,0.0
20151030163233,6.5,5.3,12.3,0.8,75.1,0.0,0.0,0.0
20151030163303,13.5,11.7,8.9,0.4,65.4,0.0,0.0,0.1
20151030163333,13.4,34.4,2.2,0.0,49.9,0.0,0.0,0.0
20151030163403,40.9,4.5,0.7,0.1,53.7,0.0,0.0,0.0
20151030163433,55.8,4.9,0.8,0.2,38.0,0.0,0.0,0.2
20151030163503,46.7,1.8,0.1,0.1,51.3,0.0,0.0,0.0
20151030163533,44.4,2.3,0.2,0.2,52.5,0.0,0.0,0.3
20151030163603,16.7,2.1,0.3,0.3,80.6,0.0,0.0,0.0
20151030163633,3.1,1.1,0.5,0.2,95.1,0.0,0.0,0.1
20151030163703,6.5,48.2,8.4,0.0,36.9,0.0,0.0,0.0
20151030163733,4.8,21.7,33.8,0.2,39.5,0.0,0.0,0.0
20151030163803,2.0,52.0,1.1,0.0,44.9,0.0,0.0,0.0
20151030163833,1.7,37.4,1.7,0.2,59.0,0.0,0.0,0.0
20151030163903,3.3,2.9,31.4,0.4,61.7,0.0,0.0,0.2
20151030163933,1.2,1.4,22.8,0.6,73.7,0.0,0.0,0.2
20151030164003,10.6,0.7,13.5,0.8,74.3,0.0,0.0,0.1
20151030164033,40.7,12.5,4.1,0.1,42.7,0.0,0.0,0.0
20151030164103,17.5,3.4,28.5,0.1,50.5,0.0,0.0,0.0
20151030164134,26.0,2.3,2.7,0.2,68.5,0.2,0.0,0.2
20151030164204,14.3,1.2,0.9,0.2,83.2,0.0,0.0,0.2
20151030164234,13.9,5.3,8.5,12.5,57.4,0.6,0.0,1.8
20151030164304,38.7,6.5,0.5,1.4,52.6,0.2,0.0,0.1
20151030164334,49.8,0.3,0.0,0.2,49.7,0.0,0.0,0.0
20151030164404,3.5,0.5,1.4,0.2,94.3,0.1,0.0,0.1
20151030164434,24.6,0.1,3.5,0.1,71.2,0.2,0.0,0.3
20151030164504,27.7,0.1,1.0,0.2,70.7,0.3,0.0,0.1
20151030164534,15.4,0.2,5.3,0.3,77.6,0.7,0.0,0.3
20151030164604,61.5,0.4,11.3,0.7,19.7,5.5,0.0,0.8
20151030164634,10.9,0.4,15.8,0.9,70.4,1.4,0.0,0.3
20151030164704,5.6,0.3,44.9,0.4,47.1,1.2,0.0,0.5
20151030164734,9.1,0.2,65.8,0.4,23.9,0.4,0.0,0.3
20151030164804,1.3,0.1,30.1,3.9,63.8,0.0,0.0,0.8
20151030164834,3.1,0.0,0.8,0.6,95.5,0.0,0.0,0.0
20151030164904,20.4,0.3,43.4,5.9,28.5,0.0,0.0,1.4
20151030164934,4.6,0.9,68.6,17.0,7.8,0.0,0.0,1.0
20151030165004,9.0,0.1,47.2,8.0,35.5,0.0,0.0,0.2
20151030165034,1.1,0.1,56.5,2.7,39.5,0.0,0.0,0.0
20151030165104,3.9,0.0,53.9,8.8,33.3,0.0,0.0,0.1
20151030165134,2.0,0.0,3.8,0.2,93.1,0.0,0.0,0.9
20151030165204,2.2,0.0,11.3,0.2,85.8,0.0,0.0,0.5
20151030165234,1.2,0.1,95.1,0.6,2.9,0.0,0.0,0.2
20151030165304,1.0,0.1,95.3,0.3,3.2,0.0,0.0,0.1
20151030165334,2.3,0.1,91.0,0.3,6.2,0.0,0.0,0.0
20151030165404,14.5,0.1,70.0,10.4,4.8,0.2,0.0,0.0
20151030165434,2.5,0.2,58.7,6.9,13.8,0.2,0.0,17.7
20151030165504,0.2,0.0,4.0,2.2,93.3,0.0,0.0,0.4
20151030165534,1.1,0.1,1.0,1.5,96.1,0.0,0.0,0.1
20151030165604,1.4,0.4,2.0,59.1,37.0,0.0,0.0,0.0
20151030165634,0.6,0.2,6.6,17.6,75.1,0.0,0.0,0.0
20151030165704,1.1,0.7,1.2,21.0,76.0,0.0,0.0,0.0
20151030165734,0.9,1.6,9.4,25.3,62.8,0.0,0.0,0.1
20151030165804,0.2,0.3,35.3,42.9,15.8,0.0,0.0,5.5
20151030165834,0.1,0.2,38.6,1.6,6.7,0.0,0.0,52.8
20151030165904,0.2,1.9,55.9,4.0,36.5,0.0,0.0,1.5
20151030165934,0.0,0.0,91.4,0.2,4.6,0.0,0.0,3.7
20151030170004,1.3,1.1,69.4,16.4,7.8,0.8,0.1,3.1
20151030170034,2.6,0.5,13.5,45.1,5.7,3.7,0.4,28.4
20151030170104,1.4,0.5,3.1,36.4,47.4,0.7,0.1,10.5
20151030170134,0.3,0.4,3.4,88.7,5.9,0.1,0.0,1.1
20151030170204,0.3,0.4,7.7,16.5,9.4,0.4,0.7,64.5
20151030170234,0.0,0.0,1.8,16.9,78.9,0.0,0.0,2.3
20151030170304,0.1,0.2,24.5,39.9,27.7,0.1,0.2,7.3
20151030170334,0.4,1.3,56.0,15.8,18.4,0.3,3.6,4.2
20151030170404,0.1,1.1,10.7,2.4,85.0,0.1,0.1,0.6
20151030170434,0.1,0.1,69.3,1.6,27.1,0.1,0.2,1.6
20151030170504,0.1,0.1,11.8,12.5,38.8,0.3,0.7,35.8
20151030170534,0.5,0.1,19.0,13.2,32.8,0.4,4.2,29.8
20151030170604,0.4,0.5,5.7,5.4,85.4,0.0,0.2,2.3
20151030170634,1.1,0.9,19.8,11.3,53.4,0.1,0.7,12.8
20151030170704,0.1,0.4,8.8,9.9,70.2,0.0,0.1,10.5
20151030170734,0.1,0.4,13.9,52.3,12.9,0.0,0.3,20.1
20151030170804,0.1,1.1,11.9,42.8,30.3,0.0,0.3,13.4
20151030170834,0.0,0.2,1.4,23.6,58.8,0.0,0.2,15.7
20151030170904,0.0,0.0,0.4,27.8,1.3,0.0,1.2,69.2
20151030170934,0.0,0.0,0.8,3.9,1.1,0.0,0.9,93.3
20151030171004,0.0,0.0,0.2,6.9,0.2,0.0,1.9,90.8
20151030171034,0.0,0.1,1.1,1.5,1.0,0.0,0.7,95.6
20151030171104,0.0,0.3,9.2,39.8,1.6,0.0,2.7,46.3
20151030171134,0.0,0.1,3.1,4.9,0.6,0.0,0.8,90.4
20151030171204,0.0,0.0,0.9,4.8,0.6,0.0,0.6,93.1
20151030171234,0.0,0.0,4.7,11.9,0.8,0.0,1.6,81.0
20151030171304,0.0,0.1,40.9,21.7,0.8,0.0,1.1,35.4
20151030171334,0.0,0.1,27.7,61.7,7.7,0.0,0.2,2.6
20151030171404,0.0,0.0,62.1,33.6,3.9,0.0,0.0,0.4
20151030171434,0.0,0.2,78.6,16.0,1.1,0.0,0.0,4.1
20151030171504,0.0,0.1,78.8,19.7,0.7,0.0,0.0,0.6
20151030171534,0.0,0.1,39.8,59.3,0.5,0.0,0.0,0.3
20151030171605,0.0,0.0,0.3,99.5,0.1,0.0,0.0,0.1
20151030171635,0.0,0.0,0.3,99.4,0.0,0.0,0.0,0.2
20151030171705,0.0,0.0,8.9,74.2,0.5,0.0,1.0,15.3
20151030171735,0.0,0.0,6.8,52.8,0.5,0.0,2.0,37.9
20151030171805,0.0,0.1,4.6,47.1,3.8,0.0,1.3,43.1
20151030171835,0.0,0.0,0.5,2.4,0.4,0.0,0.4,96.3
20151030171905,0.0,0.0,0.4,2.8,1.0,0.0,1.0,94.8
20151030171935,0.0,0.1,5.0,23.0,0.4,0.0,0.5,71.0
20151030172005,0.0,0.0,0.7,6.9,0.4,0.0,0.1,92.0
20151030172035,0.0,0.0,2.2,71.3,1.6,0.0,0.3,24.7
20151030172105,0.0,0.1,18.3,70.7,0.4,0.0,0.5,10.0
20151030172135,0.0,0.0,93.7,5.5,0.2,0.0,0.1,0.6
20151030172205,0.0,0.0,2.3,29.3,0.0,0.0,0.0,68.4
20151030172235,0.0,0.0,0.8,92.9,0.2,0.0,0.6,5.5
20151030172305,0.0,0.0,13.7,14.3,0.1,0.0,11.5,60.5
20151030172335,0.0,0.0,13.1,51.7,2.2,0.0,9.4,23.6
20151030172405,0.0,0.1,14.0,64.3,2.8,0.0,5.2,13.5
20151030172435,0.0,0.5,61.0,7.8,1.0,0.0,9.0,20.6
20151030172505,0.0,0.5,21.2,54.9,1.1,0.0,0.7,21.6
20151030172535,0.0,0.5,88.5,8.6,0.2,0.0,0.2,1.9
20151030172605,0.0,0.1,58.0,3.7,0.2,0.0,2.0,35.9
20151030172635,0.0,0.0,23.0,8.6,5.4,0.0,2.1,60.8
20151030172705,0.0,0.0,40.6,1.4,0.3,0.0,1.5,56.2
20151030172735,0.0,0.0,15.3,0.1,0.1,0.0,3.0,81.5
20151030172805,0.0,0.1,67.4,0.6,0.2,0.0,14.2,17.4
20151030172835,0.0,0.2,40.9,1.8,0.1,0.1,45.5,11.3
20151030172905,0.0,0.1,31.4,28.3,0.3,0.0,8.2,31.7
20151030172935,0.0,0.1,5.5,44.6,0.3,0.0,5.1,44.4
20151030173005,0.0,0.0,63.1,30.9,0.1,0.0,0.8,5.1
20151030173035,0.0,0.1,98.9,0.5,0.0,0.0,0.0,0.5
20151030173105,0.0,0.3,58.1,24.8,0.6,0.0,0.4,15.8
20151030173135,0.0,0.0,58.3,0.7,0.1,0.0,0.4,40.6
20151030173205,0.0,1.5,83.0,3.4,0.3,0.0,0.3,11.5
20151030173235,0.0,2.0,69.2,3.6,0.5,0.1,2.1,22.5
20151030173305,0.0,0.3,70.9,3.2,0.4,0.0,0.6,24.6
20151030173335,0.0,0.4,47.4,6.8,0.2,0.0,1.3,43.8
20151030173405,0.0,0.3,86.9,3.5,0.1,0.0,0.7,8.3
20151030173435,0.0,0.3,72.6,3.5,1.0,0.0,0.6,22.0
20151030173505,0.0,0.4,85.1,4.7,0.8,0.0,0.1,8.9
20151030173535,0.0,0.1,56.4,27.1,0.3,0.0,0.1,16.1
20151030173605,0.0,0.5,19.9,14.5,0.3,0.0,0.6,64.2
20151030173635,0.0,0.5,45.4,30.4,0.1,0.0,2.1,21.4
20151030173705,0.0,0.5,36.3,27.6,0.3,0.0,0.3,35.0
20151030173735,0.0,0.5,61.0,26.1,0.1,0.0,0.7,11.6
20151030173805,0.0,0.4,44.3,19.1,0.4,0.0,4.0,31.8
20151030173835,0.0,0.1,18.2,61.5,0.3,0.0,3.9,16.0
20151030173905,0.0,0.3,27.1,46.3,1.6,0.0,3.5,21.1
20151030173935,0.0,0.4,51.6,18.3,0.4,0.0,5.0,24.3
20151030174005,0.0,0.1,1.8,7.0,0.7,0.0,9.9,80.5
20151030174035,0.0,0.1,0.4,2.5,0.3,0.0,47.3,49.5
20151030174105,0.0,0.3,1.2,9.4,0.2,0.0,30.9,58.0
20151030174135,0.0,0.1,1.3,3.5,0.2,0.0,25.3,69.6
20151030174205,0.0,0.1,2.2,19.4,0.2,0.0,3.9,74.1
20151030174235,0.0,0.1,1.1,10.0,0.2,0.0,4.9,83.8
20151030174306,0.0,0.1,1.2,11.9,0.2,0.0,5.5,81.2
20151030174336,0.0,0.0,1.4,8.9,0.1,0.0,9.7,79.9
20151030174406,0.0,0.1,0.2,2.8,0.0,0.0,13.4,83.6
20151030174436,0.0,0.0,0.1,1.4,0.0,0.0,7.1,91.4
20151030174506,0.0,0.2,0.1,8.0,0.1,0.0,18.9,72.7
20151030174536,0.0,0.5,0.2,17.9,0.1,0.0,74.5,6.8
20151030174606,0.0,0.1,0.0,1.3,0.1,0.0,22.0,76.4
20151030174636,0.0,0.4,1.0,23.4,0.1,0.0,41.0,34.1
20151030174706,0.0,0.1,0.1,1.6,0.1,0.0,45.6,52.6
20151030174736,0.0,0.0,0.0,0.9,0.0,0.0,12.7,86.3
20151030174806,0.0,0.1,0.0,0.8,0.0,0.0,5.8,93.2
20151030174836,0.1,0.4,0.1,5.8,0.1,0.1,39.5,54.0
20151030174906,0.0,0.1,0.0,0.3,0.0,0.0,8.0,91.6
20151030174936,0.0,0.1,0.1,0.9,0.0,0.0,12.0,86.9
20151030175006,0.0,0.4,0.1,1.5,0.0,0.0,24.4,73.6
20151030175036,0.0,0.0,0.0,0.1,0.0,0.0,2.9,97.0
20151030175106,0.0,0.1,0.0,0.1,0.0,0.0,15.0,84.7
20151030175136,0.0,0.3,0.1,0.7,0.0,0.0,28.7,70.1
20151030175206,0.0,0.3,0.3,2.0,0.0,0.0,45.6,51.7
20151030175236,0.0,0.0,0.0,0.1,0.0,0.0,2.1,97.8
20151030175306,0.0,0.0,0.0,0.2,0.0,0.0,4.1,95.7
20151030175336,0.0,0.0,0.0,0.1,0.0,0.0,3.9,95.9
20151030175406,0.0,0.1,0.0,0.4,0.0,0.0,2.5,97.0
20151030175436,0.0,0.0,0.0,0.1,0.0,0.0,0.9,99.0
20151030175506,0.0,0.5,0.1,1.4,0.0,0.0,14.5,83.5
20151030175536,0.0,0.6,0.0,1.1,0.0,0.0,16.5,81.7
20151030175606,0.0,0.9,0.1,2.7,0.1,0.1,17.9,78.3
20151030175636,0.0,1.1,0.1,9.1,0.2,0.0,53.3,36.1
20151030175706,0.0,0.2,0.1,4.4,0.1,0.0,24.6,70.6
20151030175736,0.0,0.3,0.2,21.2,0.2,0.0,38.4,39.7
20151030175806,0.0,0.5,0.2,41.1,0.2,0.0,16.5,41.5
20151030175836,0.0,1.2,0.3,12.7,0.3,0.0,17.9,67.6
20151030175906,0.0,1.0,0.6,7.2,0.2,0.0,17.6,73.4
20151030175936,0.0,1.1,0.2,2.4,0.0,0.0,15.2,81.1
20151030180006,0.0,0.0,0.0,1.2,0.0,0.0,6.8,91.9
20151030180036,0.0,0.1,0.0,2.2,0.0,0.0,4.1,93.6
20151030180106,0.0,0.0,0.0,0.7,0.0,0.0,6.4,92.9
20151030180136,0.0,0.0,0.1,1.2,0.0,0.0,5.6,93.1
20151030180206,0.0,0.0,0.0,2.0,0.0,0.0,12.5,85.3
20151030180236,0.0,0.0,0.0,0.2,0.0,0.0,8.4,91.3
20151030180306,0.0,0.0,0.0,0.7,0.0,0.0,9.0,90.3
20151030180336,0.0,1.0,0.0,0.4,0.0,0.0,13.4,85.2
20151030180406,0.0,0.4,0.0,0.1,0.0,0.0,4.2,95.2
20151030180436,0.0,0.4,0.0,0.2,0.0,0.0,6.7,92.6
20151030180506,0.0,0.7,0.0,0.8,0.0,0.1,7.2,91.2
20151030180536,0.0,0.8,0.1,1.2,0.0,0.1,8.8,89.1
20151030180606,0.0,0.6,0.0,0.4,0.0,0.0,8.2,90.8
20151030180636,0.0,0.8,0.1,1.7,0.1,0.0,17.3,80.0
20151030180706,0.0,0.7,0.1,0.7,0.0,0.1,18.5,79.9
20151030180736,0.0,0.6,0.1,0.5,0.0,0.0,36.2,62.5
20151030180806,0.0,0.1,0.1,0.5,0.0,0.0,12.9,86.4
20151030180836,0.0,0.0,0.0,0.3,0.0,0.0,2.0,97.6
20151030180906,0.0,0.3,0.3,3.0,0.0,0.1,21.7,74.4
20151030180936,0.0,0.3,0.2,2.2,0.0,0.2,15.8,81.3
20151030181006,0.0,0.2,0.3,5.5,0.1,0.1,19.1,74.7
20151030181036,0.0,0.1,0.3,2.2,0.0,0.1,3.4,93.8
20151030181106,0.0,0.1,0.1,1.3,0.0,0.0,11.0,87.4
20151030181136,0.0,0.1,0.2,1.6,0.0,0.0,2.9,95.2
20151030181206,0.0,0.0,0.2,6.3,0.0,0.0,43.6,49.8
20151030181236,0.0,0.0,0.1,4.9,0.0,0.0,71.9,23.0
20151030181306,0.0,0.1,0.1,7.2,0.0,0.0,26.4,66.1
20151030181336,0.0,0.2,0.3,5.7,0.0,0.0,43.9,49.8
20151030181406,0.0,0.1,0.3,17.9,0.0,0.0,52.4,29.3
20151030181436,0.0,0.0,0.2,8.5,0.0,0.0,48.5,42.8
20151030181506,0.0,0.0,0.2,6.1,0.0,0.0,29.6,64.2
20151030181536,0.0,0.1,0.3,13.2,0.0,0.0,24.0,62.5
20151030181606,0.0,0.0,0.1,8.2,0.0,0.0,19.1,72.4
20151030181636,0.0,0.0,0.1,0.8,0.0,0.0,1.9,97.1
20151030181707,0.0,0.1,0.3,2.6,0.0,0.0,8.8,88.2
20151030181737,0.0,0.0,0.0,2.0,0.0,0.0,0.2,97.8
20151030181807,0.0,0.0,0.0,3.2,0.0,0.0,0.5,96.2
20151030181837,0.0,0.1,0.2,5.6,0.0,0.0,4.8,89.3
20151030181907,0.0,0.0,0.0,0.6,0.0,0.0,1.5,97.9
20151030181937,0.0,0.0,0.0,0.1,0.0,0.0,1.0,98.9
20151030182007,0.0,0.1,0.0,2.0,0.0,0.0,53.6,44.2
20151030182037,0.0,0.2,0.1,1.6,0.3,0.0,29.0,68.8
20151030182107,0.1,0.3,0.2,12.0,0.3,0.0,59.3,27.8
20151030182137,0.0,0.1,0.1,0.7,0.2,0.0,14.4,84.5
20151030182207,0.0,0.0,0.0,2.7,0.2,0.0,9.0,88.0
20151030182237,0.0,0.1,0.0,18.2,0.2,0.0,11.5,70.0
20151030182307,0.0,0.0,0.1,8.9,0.2,0.0,45.6,45.1
20151030182337,0.0,0.0,0.1,5.7,0.4,0.0,62.6,31.2
20151030182407,0.0,0.0,0.1,2.3,0.1,0.0,87.0,10.5
20151030182437,0.0,0.0,0.1,0.7,0.1,0.0,49.2,50.0
20151030182507,0.0,0.0,0.0,0.6,0.1,0.0,89.2,10.1
20151030182537,0.0,0.0,0.3,2.9,0.1,0.0,78.9,17.8
20151030182607,0.0,0.0,0.3,1.1,0.1,0.0,29.9,68.7
20151030182637,0.0,0.0,0.9,10.0,0.1,0.0,57.3,31.7
20151030182707,0.0,0.1,2.1,13.2,0.0,0.0,66.8,17.9
20151030182737,0.0,0.1,0.4,3.3,0.1,0.0,36.6,59.5
20151030182807,0.0,0.1,1.2,3.4,0.1,0.0,48.3,46.9
20151030182837,0.0,0.1,1.3,2.3,0.1,0.0,11.9,84.4
20151030182907,0.0,0.0,0.1,1.1,0.0,0.0,36.0,62.8
20151030182937,0.0,0.0,0.1,1.2,0.0,0.0,87.4,11.2
20151030183007,0.0,0.0,0.1,3.0,0.0,0.0,79.5,17.3
20151030183037,0.0,0.0,0.3,1.1,0.0,0.0,77.2,21.4
20151030183107,0.0,0.0,0.1,1.4,0.0,0.0,26.2,72.2
20151030183137,0.0,0.1,0.7,1.1,0.0,0.0,67.8,30.3
20151030183207,0.0,0.1,0.4,0.4,0.0,0.0,40.4,58.7
20151030183237,0.0,0.1,0.8,0.3,0.0,0.0,91.2,7.6
20151030183307,0.0,0.0,0.4,0.3,0.0,0.0,86.0,13.2
20151030183337,0.0,0.2,0.5,0.6,0.0,0.0,91.9,6.9
20151030183407,0.0,0.1,1.3,0.6,0.1,0.0,85.3,12.5
20151030183437,0.0,0.2,3.9,5.6,0.1,0.0,72.7,17.5
20151030183507,0.0,0.2,1.7,0.7,0.1,0.0,50.5,46.8
20151030183537,0.0,0.1,1.5,0.5,0.1,0.0,78.8,19.1
20151030183607,0.0,0.5,19.8,10.7,0.2,0.0,56.8,12.0
20151030183637,0.0,0.1,3.6,5.6,0.2,0.0,77.2,13.3
20151030183707,0.1,0.4,11.6,17.6,0.5,0.0,52.7,17.1
20151030183737,0.0,0.1,1.8,1.3,0.1,0.0,5.7,91.1
20151030183807,0.0,0.2,8.5,31.4,1.0,0.0,43.1,15.8
20151030183837,0.0,0.1,5.2,25.2,0.5,0.0,33.7,35.3
20151030183907,0.0,0.1,3.7,5.4,0.2,0.0,48.5,42.1
20151030183937,0.0,0.1,2.1,3.8,0.2,0.0,62.8,30.9
20151030184007,0.0,0.0,0.9,2.8,0.2,0.0,12.2,83.9
20151030184037,0.1,0.2,13.1,23.0,1.2,0.0,30.4,32.0
20151030184107,0.1,0.1,9.0,7.6,0.7,0.0,15.7,66.9
20151030184137,0.0,0.0,0.2,0.3,0.0,0.0,5.6,93.9
20151030184207,0.0,0.0,1.2,0.3,0.1,0.0,10.8,87.6
20151030184237,0.0,0.0,0.6,0.1,0.0,0.0,10.4,88.9
20151030184307,0.0,0.0,1.0,0.5,0.0,0.0,30.9,67.6
20151030184337,0.0,0.0,0.2,0.6,0.0,0.0,95.2,4.1
20151030184407,0.0,0.0,0.7,0.8,0.1,0.0,31.2,67.3
20151030184437,0.0,0.0,1.6,1.2,0.1,0.0,86.5,10.5
20151030184507,0.0,0.0,0.8,0.2,0.0,0.0,47.9,51.1
20151030184537,0.0,0.0,1.9,0.3,0.0,0.0,78.7,19.0
20151030184607,0.0,0.0,5.2,1.4,0.0,0.0,61.6,31.7
20151030184637,0.0,0.1,9.7,0.8,0.1,0.0,54.8,34.5
20151030184707,0.0,0.0,9.4,4.6,0.7,0.0,57.4,27.8
20151030184737,0.0,0.0,2.6,0.3,0.1,0.0,31.0,65.9
20151030184807,0.0,0.0,2.2,0.7,0.2,0.0,52.6,44.3
20151030184837,0.0,0.0,0.3,0.1,0.1,0.0,18.1,81.4
20151030184907,0.0,0.0,0.8,0.4,0.0,0.0,81.3,17.5
20151030184937,0.0,0.0,2.4,0.5,0.2,0.0,60.6,36.2
20151030185007,0.0,0.0,2.3,0.2,0.0,0.0,63.7,33.7
20151030185037,0.0,0.0,0.4,0.3,0.0,0.0,22.9,76.3
20151030185107,0.0,0.0,1.1,0.3,0.0,0.0,27.1,71.5
20151030185138,0.0,0.0,0.6,0.1,0.0,0.0,7.5,91.8
20151030185208,0.0,0.0,1.0,0.3,0.0,0.0,42.2,56.6
20151030185238,0.0,0.0,1.1,0.7,0.0,0.0,17.9,80.2
20151030185308,0.0,0.1,1.6,0.4,0.1,0.0,22.9,74.9
20151030185338,0.0,0.1,1.4,0.0,0.0,0.0,74.4,24.2
20151030185408,0.0,0.0,3.0,0.1,0.0,0.0,86.9,9.9
20151030185438,0.1,0.4,15.1,0.9,0.4,0.0,44.2,38.8
20151030185508,0.0,1.0,4.5,0.2,0.3,0.1,48.8,45.1
20151030185538,0.0,0.0,3.5,0.0,0.0,0.0,32.8,63.6
20151030185608,0.0,0.3,20.0,1.0,0.1,0.1,53.9,24.7
20151030185638,0.0,0.2,14.6,0.2,0.1,0.0,39.6,45.3
20151030185708,0.0,0.1,4.5,0.1,0.0,0.0,81.1,14.2
20151030185738,0.0,0.1,13.8,0.1,0.1,0.0,81.0,4.9
20151030185808,0.0,0.0,7.8,0.1,0.1,0.0,76.9,15.1
20151030185838,0.0,0.0,9.6,0.1,0.5,0.0,48.5,41.3
20151030185908,0.0,0.0,15.1,0.0,0.0,0.0,77.6,7.2
20151030185938,0.0,0.0,3.5,0.0,0.0,0.0,60.4,36.0
20151030190008,0.0,0.0,1.0,0.0,0.0,0.0,46.7,52.2
20151030190038,0.0,0.0,0.5,0.0,0.0,0.1,17.8,81.5
20151030190108,0.0,0.0,0.4,0.0,0.0,0.0,26.2,73.3
20151030190138,0.1,0.1,1.9,0.0,0.0,0.1,28.3,69.5
20151030190208,0.0,0.0,0.4,0.0,0.0,0.0,53.5,46.1
20151030190238,0.0,0.0,1.5,0.0,0.0,0.0,36.6,61.8
20151030190308,0.0,0.0,0.9,0.0,0.0,0.1,9.6,89.4
20151030190338,0.0,0.0,0.2,0.0,0.0,0.0,8.9,90.8
20151030190408,0.0,0.0,4.4,0.3,0.2,0.0,17.2,77.8
20151030190438,0.0,0.0,1.7,0.5,0.5,0.1,10.9,86.3
20151030190508,0.0,0.0,2.6,0.2,0.8,0.0,1.6,94.8
20151030190538,0.0,0.0,3.7,0.6,1.0,0.0,2.5,92.2
20151030190608,0.1,0.0,1.8,0.5,3.3,0.1,1.3,93.0
20151030190638,0.0,0.0,1.7,1.0,4.7,0.0,0.3,92.2
20151030190708,0.1,0.0,7.8,0.5,4.7,0.1,0.9,85.8
20151030190738,0.0,0.0,0.4,0.1,0.5,0.0,1.0,98.0
20151030190808,0.1,0.0,1.4,0.4,2.0,0.0,1.3,94.8
20151030190838,0.0,0.0,0.5,0.1,0.9,0.0,1.9,96.4
20151030190908,0.0,0.0,2.9,0.3,3.3,0.1,2.9,90.4
20151030190938,0.0,0.0,0.8,0.3,2.0,0.0,1.9,95.0
20151030191008,0.2,0.1,2.2,0.6,3.9,0.1,9.0,83.9
20151030191038,0.1,0.0,0.4,0.6,0.8,0.1,10.8,87.2
20151030191108,0.0,0.0,0.1,0.1,0.1,0.0,0.6,99.0
20151030191138,0.0,0.0,0.1,0.1,0.0,0.0,0.6,99.2
20151030191208,0.0,0.0,0.8,0.9,0.2,0.0,2.0,96.0
20151030191238,0.0,0.1,0.2,0.1,0.1,0.0,0.9,98.6
20151030191308,0.0,0.0,0.5,0.1,0.0,0.0,2.4,97.0
20151030191338,0.0,0.1,0.2,0.2,0.3,0.0,1.7,97.5
20151030191408,0.0,0.1,0.3,0.3,0.1,0.0,5.7,93.5
20151030191438,0.0,0.0,0.5,0.1,0.0,0.0,1.6,97.7
20151030191508,0.0,0.0,0.2,0.1,0.0,0.0,1.4,98.3
20151030191538,0.0,0.0,0.1,0.1,0.0,0.0,0.4,99.4
20151030191608,0.0,0.0,0.1,0.2,0.0,0.0,1.9,97.8
20151030191638,0.0,0.0,0.0,0.1,0.0,0.0,0.9,99.0
20151030191708,0.1,0.0,0.1,0.2,0.0,0.0,6.3,93.3
20151030191738,0.1,0.0,0.1,0.9,0.0,0.0,10.1,88.7
20151030191808,0.0,0.3,0.4,1.7,0.3,0.0,20.4,76.8
20151030191838,0.0,0.1,0.1,0.9,0.1,0.0,30.8,68.0
20151030191909,0.1,0.2,0.1,0.8,0.1,0.0,23.2,75.5
20151030191939,0.0,0.1,0.4,0.8,0.1,0.0,35.0,63.6
20151030192009,0.1,0.7,0.6,0.6,0.2,0.0,4.7,93.2
20151030192039,0.0,0.3,0.3,0.2,0.1,0.0,5.1,94.0
20151030192109,0.0,0.4,1.2,1.6,0.2,0.0,6.7,89.8
20151030192139,0.0,0.1,0.5,0.5,0.1,0.0,7.1,91.7
20151030192209,0.0,0.1,0.1,0.2,0.0,0.0,0.5,99.2
20151030192239,0.0,0.1,0.1,0.1,0.0,0.0,7.8,92.0
20151030192309,0.1,0.4,0.9,1.5,0.1,0.0,4.7,92.3
20151030192339,0.1,0.6,1.0,1.6,0.1,0.0,2.4,94.1
20151030192409,0.8,2.6,1.0,8.4,0.5,0.0,7.7,78.9
20151030192439,0.2,0.8,0.5,3.2,0.3,0.0,5.3,89.6
20151030192509,0.2,1.9,1.6,5.1,0.1,0.0,4.5,86.5
20151030192539,1.0,1.3,1.9,4.3,0.5,0.0,20.7,70.3
20151030192609,1.6,8.2,4.6,26.8,0.7,0.1,7.5,50.6
20151030192639,0.3,0.9,1.9,7.3,0.6,0.0,8.9,80.1
20151030192709,0.3,1.1,1.4,5.0,0.3,0.0,11.4,80.5
20151030192739,0.4,0.8,0.9,10.6,0.3,0.0,12.0,75.1
20151030192809,0.2,0.4,0.7,2.4,0.6,0.0,3.5,92.1
20151030192839,0.2,0.1,0.1,1.8,0.2,0.0,0.9,96.6
20151030192909,0.2,0.3,0.2,2.9,0.4,0.0,7.0,88.9
20151030192939,0.2,0.3,0.2,2.9,0.1,0.0,4.1,92.3
20151030193009,0.1,0.0,0.3,0.9,0.0,0.0,2.9,95.8
20151030193039,0.1,0.1,0.2,0.3,0.1,0.0,4.7,94.5
20151030193109,0.0,0.0,0.0,0.1,0.0,0.0,2.6,97.3
20151030193139,0.0,0.0,0.0,0.1,0.0,0.0,7.8,92.0
20151030193209,0.0,0.0,0.1,0.1,0.0,0.0,0.6,99.2
20151030193239,0.0,0.0,0.1,0.1,0.1,0.0,1.7,98.0
20151030193309,0.0,0.0,0.0,0.2,0.1,0.0,1.7,98.0
20151030193339,0.0,0.0,0.0,0.2,0.0,0.0,3.4,96.3
20151030193409,0.0,0.0,0.0,0.0,0.0,0.0,0.3,99.6
20151030193439,0.0,0.0,0.2,0.1,0.0,0.0,6.5,93.2
20151030193509,0.0,0.0,0.0,0.0,0.0,0.0,2.1,97.9
20151030193539,0.0,0.0,0.0,0.0,0.0,0.0,1.2,98.8
20151030193609,0.0,0.0,0.0,0.0,0.0,0.0,2.3,97.6
20151030193639,0.0,0.0,0.0,0.0,0.0,0.0,1.9,98.0
20151030193709,0.0,0.0,0.1,0.5,0.0,0.0,14.4,84.9
20151030193739,0.0,0.0,0.0,0.0,0.0,0.0,0.4,99.6
20151030193809,0.0,0.0,0.0,0.0,0.0,0.0,0.2,99.8
20151030193839,0.0,0.0,0.0,0.1,0.1,0.0,1.8,98.0
20151030193909,0.0,0.1,0.7,1.0,0.2,0.0,1.2,96.7
20151030193939,0.0,0.3,0.9,1.2,0.1,0.0,1.8,95.7
20151030194009,0.0,0.0,0.0,0.0,0.0,0.0,0.6,99.3
20151030194039,0.0,0.0,0.0,0.1,0.0,0.0,0.7,99.2
20151030194109,0.0,0.0,0.3,0.7,0.1,0.0,1.7,97.1
20151030194139,0.0,0.0,0.1,0.1,0.1,0.0,6.5,93.2
20151030194209,0.0,0.0,0.2,0.6,0.1,0.0,11.3,87.8
20151030194239,0.0,0.0,0.1,0.4,0.0,0.0,15.4,84.1
20151030194309,0.0,0.0,0.0,0.2,0.0,0.0,3.2,96.6
20151030194339,0.0,0.0,0.0,0.0,0.0,0.0,6.7,93.2
20151030194409,0.0,0.0,0.2,0.0,0.0,0.0,1.4,98.4
20151030194439,0.0,0.0,0.2,0.4,0.0,0.0,52.4,47.0
20151030194509,0.0,0.0,0.2,0.1,0.0,0.0,4.0,95.8
20151030194539,0.0,0.0,1.2,2.3,0.1,0.0,7.0,89.3
20151030194609,0.0,0.0,0.5,0.7,0.0,0.0,1.8,96.9
20151030194639,0.0,0.0,0.0,0.1,0.0,0.0,0.8,99.1
20151030194709,0.0,0.0,0.1,5.2,0.0,0.0,6.7,88.0
20151030194739,0.0,0.0,0.5,2.6,0.0,0.0,4.4,92.4
20151030194809,0.0,0.0,0.1,2.2,0.0,0.0,18.5,79.1
20151030194839,0.0,0.0,0.1,2.5,0.0,0.0,23.9,73.4
20151030194909,0.0,0.0,0.0,1.8,0.0,0.0,1.3,96.9
20151030194939,0.0,0.0,0.2,2.9,0.0,0.0,1.7,95.1
20151030195009,0.0,0.0,0.2,1.1,0.0,0.0,0.7,98.0
20151030195039,0.0,0.0,0.2,1.0,0.0,0.0,2.9,95.8
20151030195109,0.0,0.0,0.1,4.3,0.0,0.0,8.5,87.0
20151030195139,0.0,0.0,0.0,1.6,0.0,0.0,2.6,95.7
20151030195209,0.0,0.0,0.1,2.1,0.0,0.0,6.7,91.1
20151030195239,0.0,0.0,0.0,0.8,0.0,0.0,1.1,98.0
20151030195309,0.0,0.0,0.2,5.9,0.2,0.0,10.4,83.1
20151030195340,0.0,0.0,3.7,17.1,0.2,0.0,25.3,53.6
20151030195410,0.0,0.0,0.4,0.7,0.1,0.0,36.1,62.7
20151030195440,0.0,0.0,0.2,1.0,0.1,0.0,18.8,79.9
20151030195510,0.0,0.0,0.7,1.8,0.8,0.0,65.7,30.9
20151030195540,0.0,0.0,0.1,0.5,0.0,0.0,73.5,25.8
20151030195610,0.0,0.0,0.6,5.6,0.2,0.0,24.1,69.5
20151030195640,0.0,0.0,6.8,6.0,3.6,0.2,60.4,23.0
20151030195710,0.0,0.0,3.9,3.5,3.4,0.0,37.1,52.1
20151030195740,0.0,0.0,1.2,3.3,3.0,0.0,13.6,78.8
20151030195810,0.0,0.0,1.1,1.7,4.5,0.0,71.6,21.2
20151030195840,0.0,0.0,8.5,7.6,8.0,0.0,61.6,14.3
20151030195910,0.0,0.0,20.8,50.7,15.0,0.0,10.9,2.6
20151030195940,0.0,0.0,17.2,50.1,12.7,0.0,7.9,12.1
20151030200010,0.0,0.0,7.7,43.3,4.6,0.0,30.6,13.7
20151030200040,0.1,0.4,13.1,24.7,47.7,0.0,8.3,5.6
20151030200110,0.0,0.1,40.7,29.5,21.0,0.0,7.1,1.6
20151030200140,0.0,0.0,0.6,0.7,2.0,0.0,92.7,3.9
20151030200210,0.0,0.0,0.4,0.1,0.6,0.0,95.6,3.3
20151030200240,0.0,0.0,0.1,0.3,0.1,0.0,82.8,16.7
20151030200310,0.0,0.0,0.2,0.2,0.0,0.0,95.6,3.9
20151030200340,0.0,0.0,0.1,0.1,0.0,0.0,45.7,54.1
20151030200410,0.0,0.0,0.1,0.0,0.0,0.0,43.0,56.9
20151030200440,0.0,0.0,0.3,0.0,0.0,0.0,58.3,41.4
20151030200510,0.0,0.0,1.4,0.1,0.0,0.0,81.8,16.7
20151030200540,0.0,0.0,1.1,0.3,0.1,0.0,81.6,16.9
20151030200610,0.0,0.0,0.1,0.0,0.0,0.0,32.6,67.3
20151030200640,0.0,0.0,0.3,0.2,0.0,0.0,55.1,44.3
20151030200710,0.0,0.0,1.5,0.4,0.0,0.0,81.3,16.7
20151030200740,0.0,0.0,0.9,0.1,0.0,0.0,54.0,45.0
20151030200810,0.0,0.0,3.0,0.3,0.1,0.0,35.2,61.5
20151030200840,0.0,0.0,2.2,0.4,0.0,0.0,46.3,51.1
20151030200910,0.0,0.0,0.2,0.0,0.0,0.0,40.8,59.0
20151030200940,0.0,0.0,0.3,0.1,0.0,0.0,43.8,55.9
20151030201010,0.0,0.0,0.7,0.1,0.1,0.0,47.8,51.3
20151030201040,0.1,0.0,9.8,1.4,0.1,0.0,6.7,81.9
20151030201110,0.1,0.0,0.3,1.0,0.1,0.0,17.5,81.0
20151030201140,0.0,0.0,0.1,0.3,0.0,0.0,14.4,85.1
20151030201210,0.0,0.0,0.2,0.6,0.1,0.0,19.3,79.8
20151030201240,0.0,0.0,0.4,1.5,0.0,0.0,15.9,82.2
20151030201310,0.1,0.2,2.8,6.3,0.4,0.1,7.7,82.4
20151030201340,0.4,0.1,6.5,39.7,10.5,0.3,13.6,29.0
20151030201410,0.0,0.0,0.8,1.4,0.3,0.1,7.3,90.1
20151030201440,0.0,0.1,3.3,1.0,1.6,0.1,5.2,88.8
20151030201510,0.0,0.1,1.0,1.9,0.9,0.1,8.6,87.5
20151030201540,0.1,0.0,1.0,1.0,0.7,0.2,4.9,92.2
20151030201610,0.0,0.0,0.3,2.7,0.1,0.0,5.3,91.5
20151030201640,0.0,0.0,0.0,0.4,0.1,0.0,2.0,97.5
20151030201710,0.0,0.0,0.0,0.3,0.1,0.0,0.9,98.7
20151030201740,0.0,0.0,0.2,0.9,0.5,0.0,2.4,96.0
20151030201810,0.0,0.0,0.0,0.4,0.7,0.0,0.3,98.5
20151030201840,0.0,0.0,0.0,0.2,3.5,0.0,0.0,96.1
20151030201910,0.0,0.0,0.0,0.1,0.7,0.0,0.0,99.1
20151030201940,0.0,0.0,0.0,0.0,0.0,0.0,0.0,99.9
20151030202010,0.0,0.0,0.0,0.5,0.4,0.0,0.0,99.0
20151030202040,0.5,0.1,0.0,3.6,5.0,0.2,0.2,90.4
20151030202110,0.9,0.1,0.0,1.3,11.6,0.1,0.1,85.8
20151030202140,1.0,0.1,0.0,2.4,13.8,0.3,0.3,82.1
20151030202210,0.4,0.1,0.0,2.8,13.6,0.1,0.2,82.9
20151030202240,0.4,0.1,0.0,0.5,14.3,0.1,0.0,84.6
20151030202310,0.0,0.0,0.0,0.8,33.6,0.0,0.0,65.5
20151030202340,0.6,0.1,0.2,0.8,71.7,0.2,0.2,26.3
20151030202410,0.2,0.1,0.1,0.1,22.1,0.1,0.1,77.1
20151030202440,0.1,0.0,0.0,0.2,1.7,0.1,0.0,97.8
20151030202510,0.0,0.0,0.0,0.0,0.2,0.0,0.0,99.7
20151030202540,0.0,0.1,0.0,0.1,0.3,0.0,0.0,99.4
20151030202610,0.0,0.0,0.1,0.0,0.6,0.0,0.0,99.2
20151030202640,0.1,0.2,0.0,0.1,3.0,0.0,0.0,96.5
20151030202710,0.1,0.1,0.1,1.2,24.2,0.1,0.1,74.1
20151030202741,0.1,0.0,0.0,0.3,20.9,0.0,0.0,78.6
20151030202811,0.0,0.0,0.0,0.3,11.8,0.0,0.0,87.8
20151030202841,0.0,0.0,0.0,0.1,3.9,0.0,0.0,96.0
20151030202911,0.0,0.0,0.0,0.0,4.9,0.0,0.1,95.0
20151030202941,0.0,0.0,0.0,0.0,1.4,0.1,0.3,98.1
20151030203011,0.0,0.0,0.0,0.0,1.3,0.0,0.0,98.6
20151030203041,0.0,0.0,0.0,0.0,0.8,0.0,0.0,99.2
20151030203111,0.0,0.0,0.0,0.0,4.0,0.0,0.0,95.9
20151030203141,0.0,0.0,0.0,0.0,0.2,0.0,0.0,99.8
20151030203211,0.0,0.0,0.0,0.0,0.2,0.0,0.0,99.8
20151030203241,0.0,0.0,0.0,0.0,0.1,0.0,0.0,99.8
20151030203311,0.0,0.0,0.0,0.0,1.1,0.0,0.0,98.9
20151030203341,0.0,0.0,0.0,0.0,0.1,0.0,0.0,99.9
20151030203411,0.0,0.0,0.0,0.0,0.2,0.0,0.0,99.8
20151030203441,0.0,0.0,0.0,0.0,0.4,0.0,0.0,99.6
20151030203511,0.0,0.0,0.0,0.0,1.0,0.0,0.0,99.0
20151030203541,0.0,0.0,0.0,0.0,3.8,0.0,0.0,96.2
20151030203611,0.0,0.0,0.0,0.0,0.5,0.0,0.0,99.5
20151030203641,0.0,0.0,0.0,0.0,9.3,0.0,0.0,90.7
20151030203711,0.0,0.0,0.0,0.0,11.9,0.0,0.0,88.1
20151030203741,0.0,0.0,0.0,0.0,4.8,0.0,0.0,95.1
20151030203811,0.0,0.0,0.0,0.0,1.4,0.0,0.0,98.6
20151030203841,0.0,0.1,0.0,0.0,21.4,0.0,0.0,78.6
20151030203911,0.0,0.0,0.0,0.0,9.1,0.0,0.0,90.9
20151030203941,0.0,0.0,0.0,0.0,66.2,0.0,0.0,33.7
20151030204011,0.0,0.1,0.0,0.0,74.4,0.0,0.0,25.5
20151030204041,0.0,0.1,0.0,0.0,35.8,0.0,0.0,64.1
20151030204111,0.0,0.2,0.0,0.4,91.9,0.0,0.0,7.5
20151030204141,0.0,0.0,0.0,0.0,70.4,0.0,0.0,29.5
20151030204211,0.0,0.0,0.0,0.0,15.3,0.0,0.0,84.7
20151030204241,0.0,0.0,0.0,0.0,12.0,0.0,0.0,88.0
20151030204311,0.0,0.0,0.0,0.0,6.2,0.0,0.0,93.8
20151030204341,0.0,0.0,0.0,0.0,33.2,0.0,0.0,66.7
20151030204411,0.0,0.0,0.0,0.0,5.3,0.0,0.0,94.7
20151030204441,0.0,0.0,0.0,0.0,0.7,0.0,0.0,99.3
20151030204511,0.0,0.0,0.0,0.0,2.5,0.0,0.0,97.5
20151030204541,0.0,0.1,0.0,0.0,14.4,0.0,0.0,85.5
20151030204611,0.0,0.1,0.0,0.0,23.3,0.0,0.0,76.5
20151030204641,0.0,0.0,0.0,0.2,16.4,0.0,0.0,83.4
20151030204711,0.0,0.0,0.0,0.0,98.9,0.0,0.0,1.0
20151030204741,0.0,0.0,0.0,0.0,100.0,0.0,0.0,0.0
20151030204811,0.0,0.0,0.0,0.0,99.2,0.0,0.0,0.7
20151030204841,0.0,0.0,0.0,0.0,92.7,0.0,0.0,7.3
20151030204911,0.0,0.0,0.0,0.0,96.8,0.0,0.0,3.2
20151030204941,0.0,0.0,0.0,0.0,71.7,0.0,0.0,28.3
20151030205011,0.0,0.0,0.0,0.0,60.3,0.0,0.0,39.7
20151030205041,0.0,0.0,0.1,0.0,93.0,0.0,0.0,6.9
20151030205111,0.0,0.0,0.0,0.0,99.0,0.0,0.0,1.0
20151030205141,0.0,0.0,0.0,0.0,100.0,0.0,0.0,0.0
20151030205211,0.0,0.0,0.0,0.0,98.3,0.0,0.0,1.7
20151030205241,0.0,0.0,0.0,0.0,99.9,0.0,0.0,0.1
20151030205311,0.0,0.0,0.0,0.0,100.0,0.0,0.0,0.0
20151030205341,0.0,0.0,0.0,0.0,99.9,0.0,0.0,0.0
20151030205411,0.0,0.0,0.0,0.0,100.0,0.0,0.0,0.0
20151030205441,0.0,0.0,0.0,0.0,99.9,0.0,0.0,0.1
20151030205511,0.0,0.0,0.0,0.0,99.9,0.0,0.0,0.1
20151030205541,0.0,0.0,0.0,0.0,100.0,0.0,0.0,0.0
20151030205611,0.0,0.0,0.0,0.0,100.0,0.0,0.0,0.0
20151030205641,0.0,0.0,0.0,0.0,100.0,0.0,0.0,0.0
20151030205711,0.0,0.0,0.0,0.0,100.0,0.0,0.0,0.0
20151030205741,0.0,0.0,0.0,0.0,100.0,0.0,0.0,0.0
20151030205811,0.0,0.0,0.0,0.0,100.0,0.0,0.0,0.0
20151030205841,0.0,0.0,0.0,0.0,100.0,0.0,0.0,0.0
20151030205911,0.0,0.0,0.0,0.0,99.9,0.0,0.0,0.1
20151030205941,0.0,0.0,0.0,0.0,85.9,0.0,0.0,14.0
20151030210011,0.0,0.0,0.0,0.0,25.5,0.0,0.0,74.5
20151030210042,0.0,0.0,0.0,0.0,98.2,0.0,0.0,1.8
20151030210112,0.0,0.0,0.0,0.0,100.0,0.0,0.0,0.0
20151030210142,0.0,0.0,0.0,0.0,100.0,0.0,0.0,0.0
20151030210212,0.0,0.0,0.0,0.0,100.0,0.0,0.0,0.0
20151030210242,0.0,0.0,0.0,0.0,97.2,0.0,0.0,2.8
20151030210312,0.0,0.0,0.0,0.0,100.0,0.0,0.0,0.0
20151030210342,0.0,0.0,0.0,0.0,100.0,0.0,0.0,0.0
20151030210412,0.0,0.0,0.0,0.0,100.0,0.0,0.0,0.0
20151030210442,0.0,0.0,0.0,0.0,100.0,0.0,0.0,0.0
20151030210512,0.0,0.0,0.0,0.0,100.0,0.0,0.0,0.0
20151030210542,0.0,0.0,0.0,0.0,100.0,0.0,0.0,0.0
20151030210612,0.0,0.0,0.0,0.0,99.9,0.0,0.0,0.1
20151030210642,0.0,0.0,0.0,0.0,100.0,0.0,0.0,0.0
20151030210712,0.0,0.0,0.0,0.0,100.0,0.0,0.0,0.0
20151030210742,0.0,0.0,0.0,0.0,100.0,0.0,0.0,0.0
20151030210812,0.0,0.0,0.0,0.0,100.0,0.0,0.0,0.0
20151030210842,0.0,0.0,0.0,0.0,100.0,0.0,0.0,0.0
20151030210912,0.0,0.0,0.0,0.0,100.0,0.0,0.0,0.0
20151030210942,0.0,0.0,0.0,0.0,99.3,0.0,0.0,0.7
20151030211012,0.0,0.0,0.0,0.0,99.8,0.0,0.0,0.2
20151030211042,0.0,0.0,0.0,0.0,100.0,0.0,0.0,0.0
20151030211112,0.0,0.0,0.0,0.0,100.0,0.0,0.0,0.0
20151030211142,0.0,0.0,0.0,0.0,100.0,0.0,0.0,0.0
20151030211212,0.0,0.0,0.0,0.0,99.9,0.0,0.0,0.0
20151030211242,0.0,0.0,0.0,0.0,99.9,0.0,0.0,0.1
20151030211312,0.0,0.2,0.0,0.0,98.6,0.0,0.0,1.1
20151030211342,0.0,0.0,0.0,0.0,99.8,0.0,0.0,0.2
20151030211412,0.0,93.8,0.0,0.0,5.6,0.0,0.0,0.5
20151030211442,0.0,86.4,0.0,0.1,13.5,0.0,0.0,0.0
20151030211512,0.0,98.1,0.0,0.0,1.9,0.0,0.0,0.0
20151030211542,0.0,12.2,0.0,0.0,87.8,0.0,0.0,0.0
20151030211612,0.0,0.1,0.0,0.0,99.4,0.0,0.0,0.5
20151030211642,0.0,11.3,0.1,3.0,85.3,0.0,0.0,0.3
20151030211712,0.0,0.1,0.0,0.0,99.9,0.0,0.0,0.0
20151030211742,0.0,0.0,0.0,0.0,100.0,0.0,0.0,0.0
20151030211812,0.0,0.0,0.0,0.0,100.0,0.0,0.0,0.0
20151030211842,0.0,0.0,0.0,0.0,100.0,0.0,0.0,0.0
20151030211912,0.0,0.0,0.0,0.0,100.0,0.0,0.0,0.0
20151030211942,0.0,0.0,0.0,0.0,100.0,0.0,0.0,0.0
20151030212012,0.0,0.0,0.0,0.0,100.0,0.0,0.0,0.0
20151030212042,0.0,0.0,0.0,0.0,100.0,0.0,0.0,0.0
20151030212112,0.0,0.3,0.0,0.0,99.6,0.0,0.0,0.0
20151030212142,0.0,1.4,0.0,0.1,98.5,0.0,0.0,0.0
20151030212212,0.0,3.3,0.0,0.0,96.7,0.0,0.0,0.0
20151030212242,0.0,98.5,0.0,0.0,1.4,0.0,0.0,0.0
20151030212312,0.0,82.2,0.0,0.0,17.8,0.0,0.0,0.0
20151030212342,0.0,78.1,0.0,0.0,21.9,0.0,0.0,0.0
20151030212412,0.0,89.3,0.0,0.0,10.7,0.0,0.0,0.0
20151030212442,0.0,99.7,0.0,0.2,0.1,0.0,0.0,0.0
20151030212512,0.0,29.2,0.1,4.0,66.5,0.0,0.0,0.2
20151030212542,0.0,70.4,0.0,1.9,27.6,0.0,0.0,0.0
20151030212612,0.0,98.5,0.0,0.3,1.3,0.0,0.0,0.0
20151030212642,0.0,0.3,0.0,0.0,99.7,0.0,0.0,0.0
20151030212712,0.0,0.0,0.0,0.0,100.0,0.0,0.0,0.0
20151030212742,0.0,0.0,0.1,0.0,99.6,0.0,0.0,0.3
20151030212812,0.0,0.0,0.0,0.0,99.9,0.0,0.0,0.1
20151030212842,0.0,0.0,0.2,0.0,99.8,0.0,0.0,0.0
20151030212912,0.0,2.0,1.8,0.0,96.1,0.0,0.0,0.0
20151030212943,0.0,0.0,0.0,0.0,100.0,0.0,0.0,0.0
20151030213013,0.0,0.0,0.0,0.0,100.0,0.0,0.0,0.0
20151030213043,0.0,0.0,0.0,0.0,100.0,0.0,0.0,0.0
20151030213113,0.0,0.0,0.0,0.0,100.0,0.0,0.0,0.0
20151030213143,0.0,0.0,0.0,0.0,99.9,0.0,0.0,0.0
20151030213213,0.0,0.0,0.0,0.0,100.0,0.0,0.0,0.0
20151030213243,0.0,0.0,0.0,0.0,100.0,0.0,0.0,0.0
20151030213313,0.1,0.0,0.0,0.0,99.8,0.0,0.0,0.0
20151030213343,0.0,0.0,0.0,0.0,100.0,0.0,0.0,0.0
20151030213413,0.0,0.0,0.0,0.0,100.0,0.0,0.0,0.0
20151030213443,0.0,0.0,0.0,0.0,100.0,0.0,0.0,0.0
20151030213513,0.0,0.0,0.0,0.0,100.0,0.0,0.0,0.0
20151030213543,0.0,0.0,0.0,0.0,100.0,0.0,0.0,0.0
20151030213613,0.0,0.0,0.0,0.0,100.0,0.0,0.0,0.0
20151030213643,0.0,0.0,0.0,0.0,100.0,0.0,0.0,0.0
20151030213713,0.0,0.0,0.0,0.0,100.0,0.0,0.0,0.0
20151030213743,0.0,0.0,0.0,0.0,100.0,0.0,0.0,0.0
20151030213813,0.0,0.0,0.0,0.0,100.0,0.0,0.0,0.0
20151030213843,0.0,0.0,0.0,0.0,100.0,0.0,0.0,0.0
20151030213913,0.0,0.0,0.0,0.0,100.0,0.0,0.0,0.0
20151030213943,0.0,0.0,0.0,0.0,100.0,0.0,0.0,0.0
20151030214013,0.0,0.0,0.0,0.0,100.0,0.0,0.0,0.0
20151030214043,0.0,0.0,0.0,0.0,100.0,0.0,0.0,0.0
20151030214113,0.0,0.0,0.0,0.0,100.0,0.0,0.0,0.0
20151030214143,0.0,0.0,0.0,0.0,100.0,0.0,0.0,0.0
20151030214213,0.0,0.0,0.0,0.0,100.0,0.0,0.0,0.0
20151030214243,0.0,0.0,0.0,0.0,100.0,0.0,0.0,0.0
