UT,arc,discrete,diffuse,ac,ab,clear,cloudy,dd
20150930081315,1.2,0.1,0.4,4.3,0.8,7.2,44.8,41.3
20150930165600,0.0,0.0,0.0,0.0,0.0,0.0,0.0,100.0
20150930165630,0.0,0.0,0.0,0.0,0.0,0.0,0.0,100.0
20150930165700,0.0,0.0,0.0,0.0,0.0,0.0,0.0,100.0
20150930165730,0.0,0.0,0.0,0.0,0.0,0.0,0.0,100.0
20150930165800,0.0,0.0,0.0,0.0,0.0,0.0,0.0,100.0
20150930165830,0.0,0.0,0.0,0.0,0.0,0.0,0.0,100.0
20150930165900,0.0,0.0,0.0,0.0,0.0,0.0,0.0,100.0
20150930165930,0.0,0.0,0.0,0.0,0.0,0.0,0.0,100.0
20150930170000,0.0,0.0,0.0,0.0,0.0,0.0,0.0,100.0
20150930170030,0.0,0.0,0.0,0.0,0.0,0.0,0.0,100.0
20150930170100,0.0,0.0,0.0,0.0,0.0,0.0,0.0,100.0
20150930170130,0.0,0.0,0.0,0.0,0.0,0.0,0.0,100.0
20150930170200,0.0,0.0,0.0,0.0,0.0,0.0,0.0,100.0
20150930170230,0.0,0.0,0.0,0.0,0.0,0.0,0.0,100.0
20150930170300,0.0,0.0,0.0,0.0,0.0,0.0,0.0,100.0
20150930170330,0.0,0.0,0.0,0.0,0.0,0.0,0.0,100.0
20150930170400,0.0,0.0,0.0,0.0,0.0,0.0,0.0,100.0
20150930170430,0.0,0.0,0.0,0.0,0.0,0.0,0.0,100.0
20150930170500,0.0,0.0,0.0,0.0,0.0,0.0,0.0,100.0
20150930170530,0.0,0.0,0.0,0.0,0.0,0.0,0.0,100.0
20150930170600,0.0,0.0,0.0,0.0,0.0,0.0,0.0,100.0
20150930170630,0.0,0.0,0.0,0.0,0.0,0.0,0.0,100.0
20150930170700,0.0,0.0,0.0,0.0,0.0,0.0,0.0,100.0
20150930170730,0.0,0.0,0.0,0.0,0.0,0.0,0.0,100.0
20150930170800,0.0,0.0,0.0,0.0,0.0,0.0,0.0,100.0
20150930170830,0.0,0.0,0.0,0.0,0.0,0.0,0.0,100.0
20150930170900,0.0,0.0,0.0,0.0,0.0,0.0,0.0,100.0
20150930170930,0.0,0.0,0.0,0.0,0.0,0.0,0.0,100.0
20150930171000,0.0,0.0,0.0,0.0,0.0,0.0,0.0,100.0
20150930171030,0.0,0.0,0.0,0.0,0.0,0.0,0.0,100.0
20150930171100,0.0,0.0,0.0,0.0,0.0,0.0,0.0,100.0
20150930171130,0.0,0.0,0.0,0.0,0.0,0.0,0.0,100.0
20150930171200,0.0,0.0,0.0,0.0,0.0,0.0,0.0,100.0
20150930171230,0.0,0.0,0.0,0.0,0.0,0.0,0.0,100.0
20150930171300,0.0,0.0,0.0,0.0,0.0,0.0,0.0,100.0
20150930171330,0.0,0.0,0.0,0.0,0.0,0.0,0.0,100.0
20150930171400,0.0,0.0,0.0,0.0,0.0,0.0,0.0,100.0
20150930171430,0.0,0.0,0.0,0.0,0.0,0.0,0.0,100.0
20150930171500,0.0,0.0,0.0,0.0,0.0,0.0,0.0,100.0
20150930171530,0.0,0.0,0.0,0.0,0.0,0.0,0.0,100.0
20150930171600,0.0,0.0,0.0,0.0,0.0,0.0,0.0,100.0
20150930171630,0.0,0.0,0.0,0.0,0.0,0.0,0.0,100.0
20150930171700,0.0,0.0,0.0,0.0,0.0,0.0,0.0,100.0
20150930171730,0.0,0.0,0.0,0.0,0.0,0.0,0.0,100.0
20150930171800,0.0,0.0,0.0,0.0,0.0,0.0,0.0,100.0
20150930171830,0.0,0.0,0.0,0.0,0.0,0.0,0.0,100.0
20150930171901,0.0,0.0,0.0,0.0,0.0,0.0,0.0,100.0
20150930171931,0.0,0.0,0.0,0.0,0.0,0.0,0.0,100.0
20150930172001,0.0,0.0,0.0,0.0,0.0,0.0,0.0,100.0
20150930172031,0.0,0.0,0.0,0.0,0.0,0.0,0.0,100.0
20150930172101,0.0,0.0,0.0,0.0,0.0,0.0,0.0,100.0
20150930172131,0.0,0.0,0.0,0.0,0.0,0.0,0.0,100.0
20150930172201,0.0,0.0,0.0,0.0,0.0,0.0,0.0,100.0
20150930172231,0.0,0.0,0.0,0.0,0.0,0.0,0.0,100.0
20150930172301,0.0,0.0,0.0,0.0,0.0,0.0,0.0,100.0
20150930172331,0.0,0.0,0.0,0.0,0.0,0.0,0.0,100.0
20150930172401,0.0,0.0,0.0,0.0,0.0,0.0,0.0,100.0
20150930172431,0.0,0.0,0.0,0.0,0.0,0.0,0.0,100.0
20150930172501,0.0,0.0,0.0,0.0,0.0,0.0,0.0,100.0
20150930172531,0.0,0.0,0.0,0.0,0.0,0.0,0.0,100.0
20150930172601,0.0,0.0,0.0,0.0,0.0,0.0,0.0,100.0
20150930172631,0.0,0.0,0.0,0.0,0.0,0.0,0.0,100.0
20150930172701,0.0,0.0,0.0,0.0,0.0,0.0,0.0,100.0
20150930172731,0.0,0.0,0.0,0.0,0.0,0.0,0.0,100.0
20150930172801,0.0,0.0,0.0,0.0,0.0,0.0,0.0,100.0
20150930172831,0.0,0.0,0.0,0.0,0.0,0.0,0.0,100.0
20150930172901,0.0,0.0,0.0,0.0,0.0,0.0,0.0,100.0
20150930172931,0.0,0.0,0.0,0.0,0.0,0.0,0.0,100.0
20150930173001,0.0,0.0,0.0,0.0,0.0,0.0,0.0,100.0
20150930173031,0.0,0.0,0.0,0.0,0.0,0.0,0.0,100.0
20150930173101,0.0,0.0,0.0,0.0,0.0,0.0,0.0,100.0
20150930173131,0.0,0.0,0.0,0.0,0.0,0.0,0.0,100.0
20150930173201,0.0,0.0,0.0,0.0,0.0,0.0,0.0,100.0
20150930173231,0.0,0.0,0.0,0.0,0.0,0.0,0.0,100.0
20150930173301,0.0,0.0,0.0,0.0,0.0,0.0,0.0,100.0
20150930173331,0.0,0.0,0.0,0.0,0.0,0.0,0.0,100.0
20150930173401,0.0,0.0,0.0,0.0,0.0,0.0,0.0,100.0
20150930173431,0.0,0.0,0.0,0.0,0.0,0.0,0.0,100.0
20150930173501,0.0,0.0,0.0,0.0,0.0,0.0,0.0,100.0
20150930173531,0.0,0.0,0.0,0.0,0.0,0.0,0.0,100.0
20150930173601,0.0,0.0,0.0,0.0,0.0,0.0,0.0,100.0
20150930173631,0.0,0.0,0.0,0.0,0.0,0.0,0.0,100.0
20150930173701,0.0,0.0,0.0,0.0,0.0,0.0,0.0,100.0
20150930173731,0.0,0.0,0.0,0.0,0.0,0.0,0.0,100.0
20150930173801,0.0,0.0,0.0,0.0,0.0,0.0,0.0,100.0
20150930173831,0.0,0.0,0.0,0.0,0.0,0.0,0.0,100.0
20150930173901,0.0,0.0,0.0,0.0,0.0,0.0,0.0,100.0
20150930173931,0.0,0.0,0.0,0.0,0.0,0.0,0.0,100.0
20150930174001,0.0,0.0,0.0,0.0,0.0,0.0,0.0,100.0
20150930174031,0.0,0.0,0.0,0.0,0.0,0.0,0.0,100.0
20150930174101,0.0,0.0,0.0,0.0,0.0,0.0,0.0,100.0
20150930174131,0.0,0.0,0.0,0.0,0.0,0.0,0.0,100.0
20150930174201,0.0,0.0,0.0,0.0,0.0,0.0,0.0,100.0
20150930174231,0.0,0.0,0.0,0.0,0.0,0.0,0.0,100.0
20150930174301,0.0,0.0,0.0,0.0,0.0,0.0,0.0,100.0
20150930174331,0.0,0.0,0.0,0.0,0.0,0.0,0.0,100.0
20150930174401,0.0,0.0,0.0,0.0,0.0,0.0,0.0,100.0
20150930174431,0.0,0.0,0.0,0.0,0.0,0.0,0.0,100.0
20150930174501,0.0,0.0,0.0,0.0,0.0,0.0,0.0,100.0
20150930174531,0.0,0.0,0.0,0.0,0.0,0.0,0.0,100.0
20150930174601,0.0,0.0,0.0,0.0,0.0,0.0,0.0,100.0
20150930174631,0.0,0.0,0.0,0.0,0.0,0.0,0.0,100.0
20150930174701,0.0,0.0,0.0,0.0,0.0,0.0,0.0,100.0
20150930174731,0.0,0.0,0.0,0.0,0.0,0.0,0.0,100.0
20150930174801,0.0,0.0,0.0,0.0,0.0,0.0,0.0,100.0
20150930174831,0.0,0.0,0.0,0.0,0.0,0.0,0.0,100.0
20150930174901,0.0,0.0,0.0,0.0,0.0,0.0,0.0,100.0
20150930174931,0.0,0.0,0.0,0.0,0.0,0.0,0.0,100.0
20150930175001,0.0,0.0,0.0,0.0,0.0,0.0,0.0,100.0
20150930175031,0.0,0.0,0.0,0.0,0.0,0.0,0.0,100.0
20150930175101,0.0,0.0,0.0,0.0,0.0,0.0,0.0,100.0
20150930175131,0.0,0.0,0.0,0.0,0.0,0.0,0.0,100.0
20150930175201,0.0,0.0,0.0,0.0,0.0,0.0,0.0,100.0
20150930175231,0.0,0.0,0.0,0.0,0.0,0.0,0.0,100.0
20150930175302,0.0,0.0,0.0,0.0,0.0,0.0,0.0,100.0
20150930175332,0.0,0.0,0.0,0.0,0.0,0.0,0.0,100.0
20150930175402,0.0,0.0,0.0,0.0,0.0,0.0,0.0,100.0
20150930175432,0.0,0.0,0.0,0.0,0.0,0.0,0.0,100.0
20150930175502,0.0,0.0,0.0,0.0,0.0,0.0,0.0,100.0
20150930175532,0.0,0.0,0.0,0.0,0.0,0.0,0.0,100.0
20150930175732,0.0,0.0,0.0,0.0,0.0,0.0,0.0,100.0
20150930175802,0.0,0.0,0.0,0.0,0.0,0.0,0.0,100.0
20150930175832,0.0,0.0,0.0,0.0,0.0,0.0,0.0,100.0
20150930175902,0.0,0.0,0.0,0.0,0.0,0.0,0.0,100.0
20150930175932,0.0,0.0,0.0,0.0,0.0,0.0,0.0,100.0
20150930180002,0.0,0.0,0.0,0.0,0.0,0.0,0.0,100.0
20150930180032,0.0,0.0,0.0,0.0,0.0,0.0,0.0,100.0
20150930180102,0.0,0.0,0.0,0.0,0.0,0.0,0.0,100.0
20150930180132,0.0,0.0,0.0,0.0,0.0,0.0,0.0,100.0
20150930180202,0.0,0.0,0.0,0.0,0.0,0.0,0.0,100.0
20150930180232,0.0,0.0,0.0,0.0,0.0,0.0,0.0,100.0
20150930180302,0.0,0.0,0.0,0.0,0.0,0.0,0.0,100.0
20150930180332,0.0,0.0,0.0,0.0,0.0,0.0,0.0,100.0
20150930180402,0.0,0.0,0.0,0.0,0.0,0.0,0.0,100.0
20150930180432,0.0,0.0,0.0,0.0,0.0,0.0,0.0,100.0
20150930180502,0.0,0.0,0.0,0.0,0.0,0.0,0.0,100.0
20150930180532,0.0,0.0,0.0,0.0,0.0,0.0,0.0,100.0
20150930180602,0.0,0.0,0.0,0.0,0.0,0.0,0.0,100.0
20150930180632,0.0,0.0,0.0,0.0,0.0,0.0,0.0,100.0
20150930180702,0.0,0.0,0.0,0.0,0.0,0.0,0.0,100.0
20150930180732,0.0,0.0,0.0,0.0,0.0,0.0,0.0,100.0
20150930180802,0.0,0.0,0.0,0.0,0.0,0.0,0.0,100.0
20150930180832,0.0,0.0,0.0,0.0,0.0,0.0,0.0,100.0
20150930180902,0.0,0.0,0.0,0.0,0.0,0.0,0.0,100.0
20150930180932,0.0,0.0,0.0,0.0,0.0,0.0,0.0,100.0
20150930181002,0.0,0.0,0.0,0.0,0.0,0.0,0.0,100.0
20150930181032,0.0,0.0,0.0,0.0,0.0,0.0,0.0,100.0
20150930181102,0.0,0.0,0.0,0.0,0.0,0.0,0.0,100.0
20150930181132,0.0,0.0,0.0,0.0,0.0,0.0,0.0,100.0
20150930181202,0.0,0.0,0.0,0.0,0.0,0.0,0.0,100.0
20150930181232,0.0,0.0,0.0,0.0,0.0,0.0,0.0,100.0
20150930181302,0.0,0.0,0.0,0.0,0.0,0.0,0.0,100.0
20150930181332,0.0,0.0,0.0,0.0,0.0,0.0,0.0,100.0
20150930181402,0.0,0.0,0.0,0.0,0.0,0.0,0.0,100.0
20150930181432,0.0,0.0,0.0,0.0,0.0,0.0,0.0,100.0
20150930181502,0.0,0.0,0.0,0.0,0.0,0.0,0.0,100.0
20150930181532,0.0,0.0,0.0,0.0,0.0,0.0,0.0,100.0
20150930181602,0.0,0.0,0.0,0.0,0.0,0.0,0.0,100.0
20150930181632,0.0,0.0,0.0,0.0,0.0,0.0,0.0,100.0
20150930181702,0.0,0.0,0.0,0.0,0.0,0.0,0.0,100.0
20150930181732,0.0,0.0,0.0,0.0,0.0,0.0,0.0,100.0
20150930181802,0.0,0.0,0.0,0.0,0.0,0.0,0.0,100.0
20150930181832,0.0,0.0,0.0,0.0,0.0,0.0,0.0,100.0
20150930181902,0.0,0.0,0.0,0.0,0.0,0.0,0.0,100.0
20150930181932,0.0,0.0,0.0,0.0,0.0,0.0,0.0,100.0
20150930182002,0.0,0.0,0.0,0.0,0.0,0.0,0.0,100.0
20150930182032,0.0,0.0,0.0,0.0,0.0,0.0,0.2,99.8
20150930182102,0.0,0.0,0.0,0.0,0.0,0.0,1.0,99.0
20150930182132,0.0,0.0,0.0,0.0,0.0,0.0,1.4,98.6
20150930182202,0.0,0.0,0.0,0.0,0.0,0.0,2.4,97.6
20150930182232,0.0,0.0,0.0,0.0,0.0,0.0,1.0,99.0
20150930182302,0.0,0.0,0.0,0.0,0.0,0.0,2.1,97.9
20150930182332,0.0,0.0,0.0,0.0,0.0,0.0,5.8,94.2
20150930182402,0.0,0.0,0.0,0.0,0.0,0.0,19.5,80.5
20150930182432,0.0,0.0,0.0,0.0,0.0,0.0,7.7,92.3
20150930182502,0.0,0.0,0.0,0.0,0.0,0.0,1.2,98.8
20150930182532,0.0,0.0,0.0,0.0,0.0,0.0,16.6,83.3
20150930182602,0.0,0.0,0.0,0.0,0.0,0.0,18.6,81.4
20150930182632,0.0,0.0,0.0,0.0,0.0,0.0,4.6,95.4
20150930182702,0.0,0.0,0.0,0.0,0.0,0.0,3.9,96.1
20150930182732,0.0,0.0,0.0,0.0,0.0,0.0,2.2,97.8
20150930182803,0.0,0.0,0.0,0.1,0.0,0.0,2.4,97.5
20150930182833,0.0,0.0,0.0,0.0,0.0,0.0,2.1,97.9
20150930182903,0.0,0.0,0.0,0.0,0.0,0.0,1.0,99.0
20150930182933,0.0,0.0,0.0,0.0,0.0,0.0,0.5,99.5
20150930183003,0.0,0.0,0.0,0.0,0.0,0.0,3.3,96.7
20150930183033,0.0,0.0,0.0,0.1,0.0,0.0,13.8,86.1
20150930183103,0.0,0.0,0.0,0.0,0.0,0.0,3.1,96.9
20150930183133,0.0,0.0,0.0,0.1,0.0,0.0,57.4,42.4
20150930183203,0.0,0.0,0.0,0.0,0.0,0.0,3.5,96.5
20150930183233,0.0,0.0,0.0,0.1,0.0,0.0,20.2,79.7
20150930183303,0.0,0.0,0.0,0.1,0.0,0.0,10.6,89.4
20150930183333,0.0,0.0,0.0,0.1,0.0,0.0,18.9,81.1
20150930183403,0.0,0.0,0.0,0.1,0.0,0.0,13.6,86.3
20150930183433,0.0,0.0,0.0,0.2,0.0,0.0,38.1,61.7
20150930183503,0.0,0.0,0.0,0.1,0.0,0.0,11.2,88.6
20150930183533,0.0,0.0,0.0,0.0,0.0,0.0,4.7,95.2
20150930183603,0.0,0.0,0.0,0.5,0.0,0.0,30.8,68.7
20150930183633,0.0,0.0,0.0,0.3,0.0,0.0,89.9,9.8
20150930183703,0.0,0.0,0.0,0.0,0.0,0.0,26.3,73.6
20150930183733,0.0,0.0,0.0,0.1,0.0,0.0,27.2,72.7
20150930183803,0.0,0.0,0.0,0.2,0.0,0.0,29.5,70.2
20150930183833,0.0,0.0,0.0,0.2,0.0,0.0,29.8,70.0
20150930183903,0.0,0.0,0.0,0.1,0.0,0.0,35.7,64.2
20150930183933,0.0,0.0,0.0,0.0,0.0,0.0,40.6,59.4
20150930184003,0.0,0.0,0.0,0.1,0.0,0.0,75.9,24.1
20150930184033,0.0,0.0,0.0,0.0,0.0,0.0,22.5,77.5
20150930184103,0.0,0.0,0.0,0.1,0.0,0.0,25.3,74.6
20150930184133,0.0,0.0,0.0,0.0,0.0,0.0,25.5,74.5
20150930184203,0.0,0.0,0.0,0.0,0.0,0.0,37.7,62.2
20150930184233,0.0,0.0,0.0,0.0,0.0,0.0,42.5,57.5
20150930184303,0.0,0.0,0.0,0.0,0.0,0.0,61.0,39.0
20150930184333,0.0,0.0,0.0,0.0,0.0,0.0,55.5,44.5
20150930184403,0.0,0.0,0.0,0.0,0.0,0.0,96.8,3.1
20150930184433,0.0,0.0,0.0,0.0,0.0,0.0,73.9,26.0
20150930184503,0.0,0.0,0.0,0.1,0.0,0.0,70.5,29.5
20150930184533,0.0,0.0,0.0,0.0,0.0,0.0,37.7,62.2
20150930184603,0.0,0.0,0.0,0.1,0.0,0.0,73.7,26.2
20150930184633,0.0,0.0,0.0,0.0,0.0,0.0,24.6,75.3
20150930184703,0.0,0.0,0.0,0.0,0.0,0.0,31.0,69.0
20150930184733,0.0,0.0,0.0,0.0,0.0,0.0,77.8,22.2
20150930184803,0.0,0.0,0.0,0.0,0.0,0.0,88.3,11.6
20150930184833,0.0,0.0,0.0,0.0,0.0,0.0,75.1,24.9
20150930184903,0.0,0.0,0.0,0.2,0.0,0.0,81.0,18.8
20150930184933,0.0,0.0,0.0,0.0,0.0,0.0,86.7,13.2
20150930185003,0.0,0.0,0.0,0.0,0.0,0.0,70.9,29.0
20150930185033,0.0,0.0,0.0,0.0,0.0,0.0,90.1,9.9
20150930185103,0.0,0.0,0.0,0.0,0.0,0.0,60.2,39.8
20150930185133,0.0,0.0,0.0,0.0,0.0,0.0,49.6,50.4
20150930185203,0.0,0.0,0.0,0.0,0.0,0.0,37.1,62.9
20150930185233,0.0,0.0,0.0,0.0,0.0,0.0,65.5,34.5
20150930185303,0.0,0.0,0.0,0.0,0.0,0.0,90.8,9.2
20150930185333,0.0,0.0,0.0,0.0,0.0,0.0,54.6,45.4
20150930185403,0.0,0.0,0.0,0.1,0.0,0.0,66.3,33.6
20150930185433,0.0,0.0,0.0,0.1,0.0,0.0,86.8,13.2
20150930185504,0.0,0.0,0.0,0.0,0.0,0.0,69.2,30.8
20150930185534,0.0,0.0,0.0,0.0,0.0,0.0,59.6,40.4
20150930185604,0.0,0.0,0.0,0.0,0.0,0.0,37.5,62.5
20150930185634,0.0,0.0,0.0,0.0,0.0,0.0,7.2,92.8
20150930185704,0.0,0.0,0.0,0.0,0.0,0.0,31.9,68.1
20150930185734,0.0,0.0,0.0,0.0,0.0,0.0,59.7,40.3
20150930185804,0.0,0.0,0.0,0.1,0.0,0.0,51.8,48.0
20150930185834,0.0,0.0,0.0,0.1,0.0,0.0,60.2,39.7
20150930185904,0.0,0.0,0.0,0.3,0.0,0.0,31.0,68.7
20150930185934,0.0,0.0,0.0,0.1,0.0,0.0,70.8,29.1
20150930190004,0.0,0.0,0.0,0.1,0.0,0.0,77.4,22.5
20150930190034,0.0,0.0,0.0,0.1,0.0,0.0,44.8,55.1
20150930190104,0.0,0.0,0.0,0.0,0.0,0.0,93.8,6.2
20150930190134,0.0,0.0,0.0,0.1,0.0,0.0,71.6,28.3
20150930190204,0.0,0.0,0.0,0.2,0.0,0.0,82.8,17.1
20150930190234,0.0,0.0,0.0,0.0,0.0,0.0,75.5,24.5
20150930190304,0.0,0.0,0.0,0.0,0.0,0.0,61.5,38.5
20150930190334,0.0,0.0,0.0,0.2,0.0,0.0,93.1,6.7
20150930190404,0.0,0.0,0.0,0.1,0.0,0.0,86.8,13.1
20150930190434,0.0,0.0,0.0,0.5,0.0,0.0,55.0,44.5
20150930190504,0.0,0.0,0.0,0.2,0.0,0.0,72.0,27.8
20150930190534,0.0,0.0,0.0,0.1,0.0,0.0,92.3,7.5
20150930190604,0.0,0.0,0.0,0.1,0.0,0.0,85.7,14.2
20150930190634,0.0,0.0,0.0,0.1,0.0,0.0,64.3,35.6
20150930190704,0.0,0.0,0.0,0.3,0.0,0.0,44.4,55.3
20150930190734,0.0,0.0,0.0,0.2,0.0,0.0,45.1,54.7
20150930190804,0.0,0.0,0.0,0.2,0.0,0.0,64.1,35.7
20150930190834,0.0,0.0,0.0,0.5,0.0,0.0,70.8,28.7
20150930190904,0.0,0.0,0.0,0.3,0.0,0.0,71.7,28.1
20150930190934,0.0,0.0,0.0,0.6,0.0,0.0,92.4,7.1
20150930191004,0.0,0.0,0.0,0.2,0.0,0.0,99.4,0.4
20150930191034,0.0,0.0,0.0,0.3,0.0,0.0,97.8,1.8
20150930191104,0.0,0.0,0.0,0.8,0.0,0.0,94.4,4.8
20150930191134,0.0,0.0,0.0,0.2,0.0,0.0,82.9,16.9
20150930191204,0.0,0.0,0.0,0.0,0.0,0.0,98.3,1.7
20150930191234,0.0,0.0,0.0,0.8,0.0,0.0,89.6,9.6
20150930191304,0.0,0.0,0.0,0.1,0.0,0.0,93.6,6.3
20150930191334,0.0,0.0,0.0,0.2,0.0,0.0,97.8,2.0
20150930191404,0.0,0.0,0.0,0.0,0.0,0.0,99.6,0.3
20150930191434,0.0,0.0,0.0,0.7,0.0,0.0,40.2,59.1
20150930191504,0.0,0.0,0.0,0.0,0.0,0.0,97.3,2.7
20150930191534,0.0,0.0,0.0,0.4,0.0,0.0,93.1,6.5
20150930191604,0.0,0.0,0.0,0.0,0.0,0.0,95.4,4.6
20150930191634,0.0,0.0,0.0,0.1,0.0,0.0,96.3,3.7
20150930191704,0.0,0.0,0.0,0.0,0.0,0.0,96.2,3.8
20150930191734,0.0,0.0,0.0,0.0,0.0,0.0,98.0,2.0
20150930191804,0.0,0.0,0.0,0.0,0.0,0.0,85.0,15.0
20150930191834,0.0,0.0,0.0,0.0,0.0,0.0,95.3,4.6
20150930191904,0.0,0.0,0.0,0.0,0.0,0.0,98.7,1.3
20150930191934,0.0,0.0,0.0,0.1,0.0,0.0,93.0,6.9
20150930192004,0.0,0.0,0.0,0.0,0.0,0.0,87.8,12.2
20150930192034,0.0,0.0,0.0,0.0,0.0,0.0,91.0,9.0
20150930192104,0.0,0.0,0.0,0.0,0.0,0.0,98.7,1.2
20150930192134,0.0,0.0,0.0,0.0,0.0,0.0,99.7,0.3
20150930192204,0.0,0.0,0.0,0.1,0.0,0.0,99.1,0.8
20150930192234,0.0,0.0,0.0,0.5,0.0,0.0,90.4,9.1
20150930192304,0.0,0.0,0.0,2.3,0.0,0.0,83.9,13.8
20150930192334,0.0,0.0,0.0,0.3,0.0,0.0,96.0,3.7
20150930192404,0.0,0.0,0.0,0.4,0.0,0.0,90.7,8.9
20150930192434,0.0,0.0,0.0,0.3,0.0,0.0,96.0,3.6
20150930192504,0.0,0.0,0.0,1.5,0.0,0.0,97.2,1.3
20150930192534,0.0,0.0,0.0,1.7,0.0,0.0,89.9,8.4
20150930192604,0.0,0.0,0.0,2.8,0.0,0.0,95.9,1.3
20150930192634,0.0,0.0,0.0,0.5,0.0,0.0,99.0,0.5
20150930192704,0.0,0.0,0.0,0.1,0.0,0.0,99.4,0.5
20150930192734,0.0,0.0,0.0,0.1,0.0,0.0,99.5,0.4
20150930192804,0.0,0.0,0.0,0.4,0.0,0.0,98.3,1.3
20150930192834,0.0,0.0,0.0,0.2,0.0,0.0,99.6,0.3
20150930192904,0.0,0.0,0.0,0.1,0.0,0.0,99.4,0.4
20150930192935,0.0,0.0,0.0,0.3,0.0,0.0,99.2,0.5
20150930193005,0.0,0.0,0.0,0.2,0.0,0.0,97.1,2.8
20150930193035,0.0,0.0,0.0,0.1,0.0,0.0,98.3,1.6
20150930193105,0.0,0.0,0.0,0.9,0.0,0.0,91.7,7.4
20150930193135,0.0,0.0,0.0,0.3,0.0,0.0,98.1,1.7
20150930193205,0.0,0.0,0.0,0.3,0.0,0.0,98.4,1.2
20150930193235,0.0,0.0,0.0,1.1,0.0,0.0,93.4,5.4
20150930193305,0.0,0.0,0.0,1.5,0.0,0.0,71.7,26.8
20150930193335,0.0,0.0,0.0,0.0,0.0,0.0,99.5,0.5
20150930193405,0.0,0.0,0.0,0.2,0.0,0.0,95.2,4.6
20150930193435,0.0,0.0,0.0,0.2,0.0,0.0,99.3,0.5
20150930193505,0.0,0.0,0.0,0.3,0.0,0.0,99.6,0.2
20150930193535,0.0,0.0,0.0,0.4,0.0,0.0,98.1,1.5
20150930193605,0.0,0.0,0.0,0.1,0.0,0.0,99.3,0.6
20150930193635,0.0,0.0,0.0,0.4,0.0,0.0,99.3,0.3
20150930193705,0.0,0.0,0.0,0.1,0.0,0.0,99.5,0.4
20150930193735,0.0,0.0,0.0,0.1,0.0,0.0,99.5,0.5
20150930193805,0.0,0.0,0.0,0.0,0.0,0.0,99.3,0.7
20150930193835,0.0,0.0,0.0,0.0,0.0,0.0,99.0,1.0
20150930193905,0.0,0.0,0.0,0.0,0.0,0.0,99.1,0.8
20150930193935,0.0,0.0,0.0,0.2,0.0,0.0,98.4,1.5
20150930194005,0.0,0.0,0.0,0.2,0.0,0.0,87.6,12.2
20150930194035,0.0,0.0,0.0,0.0,0.0,0.0,98.8,1.2
20150930194105,0.0,0.0,0.0,0.2,0.0,0.0,98.2,1.6
20150930194135,0.0,0.0,0.0,0.1,0.0,0.0,99.1,0.8
20150930194205,0.0,0.0,0.0,0.2,0.0,0.0,96.8,3.0
20150930194235,0.0,0.0,0.0,0.1,0.0,0.0,94.5,5.3
20150930194305,0.0,0.0,0.0,0.1,0.0,0.0,96.7,3.3
20150930194335,0.0,0.0,0.0,0.0,0.0,0.0,90.4,9.5
20150930194405,0.0,0.0,0.0,0.0,0.0,0.0,99.6,0.4
20150930194435,0.0,0.0,0.0,0.0,0.0,0.0,93.6,6.4
20150930194505,0.0,0.0,0.0,0.0,0.0,0.0,98.3,1.6
20150930194535,0.0,0.0,0.0,0.0,0.0,0.0,99.5,0.5
20150930194605,0.0,0.0,0.0,0.0,0.0,0.0,92.8,7.2
20150930194635,0.0,0.0,0.0,0.0,0.0,0.0,98.2,1.8
20150930194705,0.0,0.0,0.0,0.0,0.0,0.0,96.7,3.3
20150930194735,0.0,0.0,0.0,0.0,0.0,0.0,99.6,0.4
20150930194805,0.0,0.0,0.0,0.5,0.0,0.0,96.5,3.0
20150930194835,0.0,0.0,0.0,0.5,0.0,0.0,94.3,5.2
20150930194905,0.0,0.0,0.0,0.1,0.0,0.0,98.1,1.8
20150930194935,0.0,0.0,0.0,0.1,0.0,0.0,94.2,5.8
20150930195005,0.0,0.0,0.0,0.1,0.0,0.0,97.9,2.0
20150930195035,0.0,0.0,0.0,0.2,0.0,0.0,83.0,16.8
20150930195105,0.0,0.0,0.0,0.0,0.0,0.0,97.4,2.6
20150930195135,0.0,0.0,0.0,0.0,0.0,0.0,86.2,13.8
20150930195205,0.0,0.0,0.0,0.1,0.0,0.0,54.7,45.2
20150930195235,0.0,0.0,0.0,0.3,0.0,0.0,32.9,66.8
20150930195305,0.0,0.0,0.0,0.1,0.0,0.0,97.8,2.1
20150930195335,0.0,0.0,0.0,0.1,0.0,0.0,97.5,2.4
20150930195405,0.0,0.0,0.0,0.8,0.0,0.0,86.4,12.8
20150930195435,0.0,0.0,0.0,0.7,0.0,0.0,89.3,10.0
20150930195505,0.0,0.0,0.0,1.6,0.0,0.0,90.6,7.7
20150930195535,0.0,0.0,0.0,2.5,0.0,0.0,76.1,21.3
20150930195605,0.0,0.0,0.0,1.7,0.0,0.0,63.4,34.8
20150930195635,0.0,0.0,0.0,0.1,0.0,0.0,89.3,10.6
20150930195705,0.0,0.0,0.0,0.3,0.0,0.0,92.7,7.1
20150930195735,0.0,0.0,0.0,0.9,0.0,0.0,94.4,4.8
20150930195805,0.0,0.0,0.0,0.3,0.0,0.0,99.1,0.5
20150930195835,0.0,0.0,0.0,2.5,0.0,0.0,94.3,3.1
20150930195905,0.0,0.0,0.0,0.0,0.0,0.0,98.9,1.1
20150930195935,0.0,0.0,0.0,0.1,0.0,0.0,99.6,0.3
20150930200005,0.0,0.0,0.0,0.0,0.0,0.0,99.7,0.3
20150930200035,0.0,0.0,0.0,0.0,0.0,0.0,99.5,0.5
20150930200105,0.0,0.0,0.0,0.0,0.0,0.0,99.7,0.3
20150930200135,0.0,0.0,0.0,0.1,0.0,0.0,98.0,1.9
20150930200205,0.0,0.0,0.0,0.3,0.0,0.0,96.2,3.6
20150930200235,0.0,0.0,0.0,0.1,0.0,0.0,98.8,1.1
20150930200305,0.0,0.0,0.0,0.1,0.0,0.0,97.7,2.2
20150930200336,0.0,0.0,0.0,0.1,0.0,0.0,90.2,9.7
20150930200406,0.0,0.0,0.0,0.1,0.0,0.0,95.9,4.0
20150930200436,0.0,0.0,0.0,0.1,0.0,0.0,92.2,7.8
20150930200506,0.0,0.0,0.0,0.1,0.0,0.0,95.3,4.6
20150930200536,0.0,0.0,0.0,0.1,0.0,0.0,98.6,1.3
20150930200606,0.0,0.0,0.0,0.0,0.0,0.0,97.7,2.2
20150930200636,0.0,0.0,0.0,0.1,0.0,0.0,94.4,5.5
20150930200706,0.0,0.0,0.0,0.0,0.0,0.0,95.3,4.7
20150930200736,0.0,0.0,0.0,0.6,0.0,0.0,91.7,7.7
20150930200806,0.0,0.0,0.0,0.1,0.0,0.0,83.2,16.7
20150930200836,0.0,0.0,0.0,0.1,0.0,0.0,90.6,9.4
20150930200906,0.0,0.0,0.0,1.2,0.0,0.0,78.1,20.7
20150930200936,0.0,0.0,0.0,1.1,0.0,0.0,81.5,17.4
20150930201006,0.0,0.0,0.0,0.1,0.0,0.0,97.0,2.9
20150930201036,0.0,0.0,0.0,0.0,0.0,0.0,98.8,1.2
20150930201106,0.0,0.0,0.0,0.3,0.0,0.0,86.0,13.6
20150930201136,0.0,0.0,0.0,0.1,0.0,0.0,96.8,3.1
20150930201206,0.0,0.0,0.0,0.7,0.0,0.0,93.3,6.0
20150930201236,0.0,0.0,0.0,0.3,0.0,0.0,80.9,18.8
20150930201306,0.0,0.0,0.0,0.0,0.0,0.0,91.7,8.3
20150930201336,0.0,0.0,0.0,0.2,0.0,0.0,86.3,13.5
20150930201406,0.0,0.0,0.0,0.1,0.0,0.0,93.2,6.7
20150930201436,0.0,0.0,0.0,0.1,0.0,0.0,85.7,14.2
20150930201506,0.0,0.0,0.0,0.3,0.0,0.0,92.7,7.0
20150930201536,0.0,0.0,0.0,0.5,0.0,0.0,97.3,2.2
20150930201606,0.0,0.0,0.0,0.3,0.0,0.0,96.7,3.0
20150930201636,0.0,0.0,0.0,0.5,0.0,0.0,82.6,17.0
20150930201706,0.0,0.0,0.0,0.1,0.0,0.0,97.7,2.2
20150930201736,0.0,0.0,0.0,0.1,0.0,0.0,94.8,5.0
20150930201806,0.0,0.0,0.0,0.0,0.0,0.0,96.8,3.2
20150930201836,0.0,0.0,0.0,0.0,0.0,0.0,97.6,2.4
20150930201906,0.0,0.0,0.0,0.1,0.0,0.0,98.9,1.0
20150930201936,0.0,0.0,0.0,0.2,0.0,0.0,95.4,4.4
20150930202006,0.0,0.0,0.0,0.0,0.0,0.0,96.4,3.6
20150930202036,0.0,0.0,0.0,1.8,0.0,0.0,61.8,36.4
20150930202106,0.0,0.0,0.0,0.0,0.0,0.0,92.0,8.0
20150930202136,0.0,0.0,0.0,0.0,0.0,0.0,68.6,31.3
20150930202206,0.0,0.0,0.0,0.0,0.0,0.0,81.7,18.2
20150930202236,0.0,0.0,0.0,0.1,0.0,0.0,83.2,16.8
20150930202306,0.0,0.0,0.0,3.5,0.0,0.0,88.2,8.3
20150930202336,0.0,0.0,0.0,0.0,0.0,0.0,97.5,2.5
20150930202406,0.0,0.0,0.0,0.4,0.0,0.0,97.1,2.5
20150930202436,0.0,0.0,0.0,0.1,0.0,0.0,91.5,8.4
20150930202506,0.0,0.0,0.0,0.0,0.0,0.0,99.1,0.9
20150930202536,0.0,0.0,0.0,0.1,0.0,0.0,91.2,8.7
20150930202606,0.0,0.0,0.0,0.0,0.0,0.0,99.0,1.0
20150930202636,0.0,0.0,0.0,0.2,0.0,0.0,90.6,9.2
20150930202706,0.0,0.0,0.0,0.2,0.0,0.0,93.4,6.4
20150930202736,0.0,0.0,0.0,0.0,0.0,0.0,93.2,6.8
20150930202806,0.0,0.0,0.0,0.1,0.0,0.0,96.2,3.7
20150930202836,0.0,0.0,0.0,0.2,0.0,0.0,48.4,51.4
20150930202906,0.0,0.0,0.0,0.1,0.0,0.0,90.2,9.7
20150930202936,0.0,0.0,0.0,0.2,0.0,0.0,96.4,3.4
20150930203006,0.0,0.0,0.0,0.1,0.0,0.0,98.0,1.9
20150930203036,0.0,0.0,0.0,0.3,0.0,0.0,95.1,4.6
20150930203106,0.0,0.0,0.0,0.1,0.0,0.0,99.3,0.6
20150930203136,0.0,0.0,0.0,0.1,0.0,0.0,99.2,0.7
20150930203206,0.0,0.0,0.0,0.0,0.0,0.0,99.4,0.5
20150930203236,0.0,0.0,0.0,0.0,0.0,0.0,99.3,0.7
20150930203306,0.0,0.0,0.0,0.0,0.0,0.0,99.7,0.3
20150930203336,0.0,0.0,0.0,0.0,0.0,0.0,98.1,1.8
20150930203406,0.0,0.0,0.0,0.1,0.0,0.0,98.2,1.8
20150930203436,0.0,0.0,0.0,0.7,0.0,0.0,88.0,11.3
20150930203506,0.0,0.0,0.0,0.1,0.0,0.0,98.3,1.6
20150930203536,0.0,0.0,0.0,0.1,0.0,0.0,95.6,4.3
20150930203607,0.0,0.0,0.0,0.0,0.0,0.0,93.3,6.7
20150930203637,0.0,0.0,0.0,0.1,0.0,0.0,98.4,1.5
20150930203707,0.0,0.0,0.0,0.3,0.0,0.0,70.0,29.7
20150930203737,0.0,0.0,0.0,0.1,0.0,0.0,85.7,14.2
20150930203807,0.0,0.0,0.0,0.1,0.0,0.0,89.0,11.0
20150930203837,0.0,0.0,0.0,0.1,0.0,0.0,95.8,4.1
20150930203907,0.0,0.0,0.0,0.2,0.0,0.0,89.6,10.1
20150930203937,0.0,0.0,0.0,0.0,0.0,0.0,99.9,0.1
20150930204007,0.0,0.0,0.0,0.0,0.0,0.0,99.5,0.5
20150930204037,0.0,0.0,0.0,0.0,0.0,0.0,99.9,0.1
20150930204107,0.0,0.0,0.0,0.1,0.0,0.0,99.5,0.3
20150930204137,0.0,0.0,0.0,0.6,0.0,0.0,87.1,12.3
20150930204207,0.0,0.0,0.0,0.0,0.0,0.0,99.4,0.6
20150930204237,0.0,0.0,0.0,0.0,0.0,0.0,99.2,0.8
20150930204307,0.0,0.0,0.0,0.1,0.0,0.0,99.4,0.5
20150930204337,0.0,0.0,0.0,0.0,0.0,0.0,99.8,0.2
20150930204407,0.0,0.0,0.0,0.1,0.0,0.0,99.9,0.0
20150930204437,0.0,0.0,0.0,0.0,0.0,0.0,99.9,0.0
20150930204507,0.0,0.0,0.0,0.2,0.0,0.0,98.7,1.1
20150930204537,0.0,0.0,0.0,0.0,0.0,0.0,99.8,0.2
20150930204607,0.0,0.0,0.0,0.1,0.0,0.0,99.7,0.2
20150930204637,0.0,0.0,0.0,0.0,0.0,0.0,99.9,0.0
20150930204707,0.0,0.0,0.0,0.1,0.0,0.0,99.4,0.5
20150930204737,0.0,0.0,0.0,0.0,0.0,0.0,98.7,1.2
20150930204807,0.0,0.0,0.0,0.2,0.0,0.0,99.4,0.4
20150930204837,0.0,0.0,0.0,0.1,0.0,0.0,99.5,0.5
20150930204907,0.0,0.0,0.0,0.1,0.0,0.0,98.9,1.0
20150930204937,0.0,0.0,0.0,0.0,0.0,0.0,99.6,0.3
20150930205007,0.0,0.0,0.0,0.0,0.0,0.0,99.5,0.5
20150930205037,0.0,0.0,0.0,0.1,0.0,0.0,96.6,3.3
20150930205107,0.0,0.0,0.0,0.1,0.0,0.0,98.0,1.9
20150930205137,0.0,0.0,0.0,0.1,0.0,0.0,97.2,2.7
20150930205207,0.0,0.0,0.0,0.1,0.0,0.0,96.4,3.5
20150930205237,0.0,0.0,0.0,0.2,0.0,0.0,99.0,0.8
20150930205307,0.0,0.0,0.0,0.0,0.0,0.0,98.6,1.4
20150930205337,0.0,0.0,0.0,0.0,0.0,0.0,98.9,1.1
20150930205407,0.0,0.0,0.0,0.1,0.0,0.0,91.8,8.1
20150930205437,0.0,0.0,0.0,0.0,0.0,0.0,99.7,0.3
20150930205507,0.0,0.0,0.0,0.2,0.0,0.0,89.0,10.8
20150930205537,0.0,0.0,0.0,0.0,0.0,0.0,97.2,2.7
20150930205607,0.0,0.0,0.0,0.0,0.0,0.0,98.7,1.3
20150930205637,0.0,0.0,0.0,0.0,0.0,0.0,98.9,1.0
20150930205707,0.0,0.0,0.0,0.3,0.0,0.0,88.9,10.7
20150930205737,0.0,0.0,0.0,0.1,0.0,0.0,98.1,1.8
20150930205807,0.0,0.0,0.0,0.0,0.0,0.0,99.3,0.7
20150930205837,0.0,0.0,0.0,0.0,0.0,0.0,99.2,0.7
20150930205907,0.0,0.0,0.0,0.0,0.0,0.0,98.1,1.8
20150930205937,0.0,0.0,0.0,0.0,0.0,0.0,98.9,1.1
20150930210007,0.0,0.0,0.0,0.0,0.0,0.0,94.8,5.2
20150930210037,0.0,0.0,0.0,0.1,0.0,0.0,95.7,4.2
20150930210107,0.0,0.0,0.0,0.1,0.0,0.0,95.1,4.8
20150930210137,0.0,0.0,0.0,0.1,0.0,0.0,97.2,2.7
20150930210207,0.0,0.0,0.0,0.1,0.0,0.0,96.1,3.8
20150930210237,0.0,0.0,0.1,0.9,0.0,0.0,51.6,47.4
20150930210307,0.0,0.0,0.1,2.1,0.0,0.0,66.4,31.4
20150930210337,0.0,0.0,0.0,0.0,0.0,0.0,96.2,3.7
20150930210407,0.0,0.0,0.0,0.1,0.0,0.0,99.1,0.7
20150930210437,0.0,0.0,0.0,0.3,0.0,0.0,95.9,3.9
20150930210507,0.0,0.0,0.0,0.1,0.0,0.0,98.6,1.3
20150930210538,0.0,0.0,0.0,0.1,0.0,0.0,88.8,11.1
20150930210608,0.0,0.0,0.0,0.0,0.0,0.0,90.1,9.8
20150930210638,0.0,0.0,0.0,0.4,0.0,0.0,93.0,6.6
20150930210708,0.0,0.0,0.0,0.1,0.0,0.0,91.9,7.9
20150930210738,0.0,0.0,0.0,0.1,0.0,0.0,99.8,0.1
20150930210808,0.0,0.0,0.0,0.1,0.0,0.0,99.9,0.0
20150930210838,0.0,0.0,0.0,0.0,0.0,0.0,99.5,0.4
20150930210908,0.0,0.0,0.0,0.4,0.0,0.0,98.2,1.4
20150930210938,0.0,0.0,0.0,0.0,0.0,0.0,98.3,1.7
20150930211008,0.0,0.0,0.0,0.1,0.0,0.0,96.2,3.7
20150930211038,0.0,0.0,0.0,0.1,0.0,0.0,97.8,2.1
20150930211108,0.0,0.0,0.0,0.0,0.0,0.0,94.3,5.6
20150930211138,0.0,0.0,0.0,0.0,0.0,0.0,99.6,0.4
20150930211208,0.0,0.0,0.0,0.0,0.0,0.0,94.3,5.6
20150930211238,0.0,0.0,0.0,0.0,0.0,0.0,98.8,1.2
20150930211308,0.0,0.0,0.0,0.0,0.0,0.0,96.6,3.4
20150930211338,0.0,0.0,0.0,0.1,0.0,0.0,97.9,2.1
20150930211408,0.0,0.0,0.0,0.0,0.0,0.0,93.4,6.6
20150930211438,0.0,0.0,0.0,0.0,0.0,0.0,94.4,5.6
20150930211508,0.0,0.0,0.0,0.1,0.0,0.0,93.9,6.0
20150930211538,0.0,0.0,0.0,0.0,0.0,0.0,96.7,3.3
20150930211608,0.0,0.0,0.0,0.1,0.0,0.0,81.0,18.8
20150930211638,0.0,0.0,0.0,0.0,0.0,0.0,90.1,9.9
20150930211708,0.0,0.0,0.0,0.1,0.0,0.0,97.4,2.5
20150930211738,0.0,0.0,0.0,0.2,0.0,0.0,75.2,24.6
20150930211808,0.0,0.0,0.0,0.0,0.0,0.0,97.1,2.9
20150930211838,0.0,0.0,0.0,0.2,0.0,0.0,94.7,5.0
20150930211908,0.0,0.0,0.0,0.1,0.0,0.0,68.1,31.8
20150930211938,0.0,0.0,0.0,0.0,0.0,0.0,84.0,16.0
20150930212008,0.0,0.0,0.0,0.1,0.0,0.0,97.5,2.4
20150930212038,0.0,0.0,0.0,0.2,0.0,0.0,94.1,5.7
20150930212108,0.0,0.0,0.0,0.2,0.0,0.0,99.2,0.7
20150930212138,0.0,0.0,0.0,0.1,0.0,0.0,97.8,2.0
20150930212208,0.0,0.0,0.0,0.1,0.0,0.0,99.3,0.6
20150930212238,0.0,0.0,0.0,0.0,0.0,0.0,97.3,2.6
20150930212308,0.0,0.0,0.0,0.1,0.0,0.0,96.9,3.0
20150930212338,0.0,0.0,0.0,0.0,0.0,0.0,94.7,5.3
20150930212408,0.0,0.0,0.0,0.0,0.0,0.0,96.1,3.9
20150930212438,0.0,0.0,0.0,0.0,0.0,0.0,92.4,7.6
20150930212508,0.0,0.0,0.0,0.0,0.0,0.0,95.1,4.9
20150930212538,0.0,0.0,0.0,0.1,0.0,0.0,92.1,7.8
20150930212608,0.0,0.0,0.0,0.1,0.0,0.0,97.4,2.4
20150930212638,0.0,0.0,0.0,0.8,0.0,0.0,97.7,1.5
20150930212708,0.0,0.0,0.0,0.2,0.0,0.0,93.4,6.4
20150930212738,0.0,0.0,0.0,0.2,0.0,0.0,97.4,2.4
20150930212808,0.0,0.0,0.0,0.4,0.0,0.0,85.6,14.1
20150930212838,0.0,0.0,0.0,0.1,0.0,0.0,99.3,0.7
20150930212908,0.0,0.0,0.0,0.1,0.0,0.0,76.6,23.4
20150930212938,0.0,0.0,0.0,0.1,0.0,0.0,81.9,18.0
20150930213008,0.0,0.0,0.0,0.1,0.0,0.0,99.6,0.4
20150930213038,0.0,0.0,0.0,0.2,0.0,0.0,66.8,33.0
20150930213108,0.0,0.0,0.0,0.1,0.0,0.0,81.8,18.1
20150930213138,0.0,0.0,0.0,0.2,0.0,0.0,88.0,11.8
20150930213208,0.0,0.0,0.0,0.1,0.0,0.0,80.7,19.2
20150930213238,0.0,0.0,0.0,0.0,0.0,0.0,91.4,8.6
20150930213308,0.0,0.0,0.0,0.1,0.0,0.0,78.5,21.5
20150930213338,0.0,0.0,0.0,0.1,0.0,0.0,79.5,20.4
20150930213408,0.0,0.0,0.0,0.0,0.0,0.0,92.8,7.2
20150930213438,0.0,0.0,0.0,0.0,0.0,0.0,99.0,1.0
20150930213508,0.0,0.0,0.0,0.1,0.0,0.0,95.0,4.9
20150930213538,0.0,0.0,0.0,0.0,0.0,0.0,99.5,0.5
20150930213608,0.0,0.0,0.0,0.3,0.0,0.0,97.9,1.8
20150930213638,0.0,0.0,0.0,0.0,0.0,0.0,99.8,0.2
20150930213708,0.0,0.0,0.0,0.0,0.0,0.0,99.8,0.1
20150930213738,0.0,0.0,0.0,0.1,0.0,0.0,99.8,0.1
20150930213808,0.0,0.0,0.0,0.0,0.0,0.0,99.7,0.3
20150930213838,0.0,0.0,0.0,0.0,0.0,0.0,99.6,0.4
20150930213908,0.0,0.0,0.0,0.1,0.0,0.0,91.8,8.1
20150930213939,0.0,0.0,0.0,0.0,0.0,0.0,99.7,0.3
20150930214009,0.0,0.0,0.0,0.0,0.0,0.0,99.1,0.9
20150930214039,0.0,0.0,0.0,0.0,0.0,0.0,88.0,12.0
20150930214109,0.0,0.0,0.0,0.0,0.0,0.0,99.8,0.2
20150930214139,0.0,0.0,0.0,0.0,0.0,0.0,93.7,6.3
20150930214209,0.0,0.0,0.0,0.0,0.0,0.0,71.2,28.8
20150930214239,0.0,0.0,0.0,0.0,0.0,0.0,99.4,0.6
20150930214309,0.0,0.0,0.0,0.0,0.0,0.0,96.9,3.1
20150930214339,0.0,0.0,0.0,0.0,0.0,0.0,90.6,9.4
20150930214409,0.0,0.0,0.0,0.0,0.0,0.0,88.6,11.4
20150930214439,0.0,0.0,0.0,0.0,0.0,0.0,98.8,1.2
20150930214509,0.0,0.0,0.0,0.0,0.0,0.0,99.1,0.9
20150930214539,0.0,0.0,0.0,0.0,0.0,0.0,98.0,2.0
20150930214609,0.0,0.0,0.0,0.1,0.0,0.0,83.3,16.6
20150930214639,0.0,0.0,0.0,0.2,0.0,0.0,87.4,12.3
20150930214709,0.0,0.0,0.0,0.1,0.0,0.0,86.5,13.4
20150930214739,0.0,0.0,0.0,0.1,0.0,0.0,88.5,11.4
20150930214809,0.0,0.0,0.0,0.0,0.0,0.0,97.1,2.9
20150930214839,0.0,0.0,0.0,0.0,0.0,0.0,98.8,1.1
20150930214909,0.0,0.0,0.0,0.0,0.0,0.0,99.9,0.1
20150930214939,0.0,0.0,0.0,0.0,0.0,0.0,99.7,0.3
20150930215009,0.0,0.0,0.0,0.0,0.0,0.0,99.1,0.8
20150930215039,0.0,0.0,0.0,0.0,0.0,0.0,98.0,2.0
20150930215109,0.0,0.0,0.0,0.0,0.0,0.0,99.1,0.9
20150930215139,0.0,0.0,0.0,0.0,0.0,0.0,99.4,0.6
20150930215209,0.0,0.0,0.0,0.0,0.0,0.0,97.4,2.6
20150930215239,0.0,0.0,0.0,0.0,0.0,0.0,99.8,0.2
20150930215309,0.0,0.0,0.0,0.0,0.0,0.0,99.7,0.2
20150930215339,0.0,0.0,0.0,0.1,0.0,0.0,99.6,0.3
20150930215409,0.0,0.0,0.0,0.5,0.0,0.0,97.5,2.0
20150930215439,0.0,0.0,0.0,0.0,0.0,0.0,99.8,0.1
20150930215509,0.0,0.0,0.0,0.1,0.0,0.0,99.8,0.1
20150930215539,0.0,0.0,0.0,0.0,0.0,0.0,99.9,0.0
20150930215609,0.0,0.0,0.0,0.1,0.0,0.0,99.7,0.2
20150930215639,0.0,0.0,0.0,0.1,0.0,0.0,99.8,0.2
20150930215709,0.0,0.0,0.0,0.0,0.0,0.0,99.8,0.2
20150930215739,0.0,0.0,0.0,0.0,0.0,0.0,99.9,0.0
20150930215809,0.0,0.0,0.0,0.0,0.0,0.0,100.0,0.0
20150930215839,0.0,0.0,0.0,0.0,0.0,0.0,99.8,0.2
20150930215909,0.0,0.0,0.0,0.0,0.0,0.0,99.2,0.8
20150930215939,0.0,0.0,0.0,0.0,0.0,0.0,99.3,0.6
20150930220009,0.0,0.0,0.0,0.0,0.0,0.0,99.6,0.3
20150930220039,0.0,0.0,0.0,0.0,0.0,0.0,98.0,2.0
20150930220109,0.0,0.0,0.0,0.0,0.0,0.0,95.8,4.2
20150930220139,0.0,0.0,0.0,0.2,0.0,0.0,95.1,4.7
20150930220209,0.0,0.0,0.0,0.0,0.0,0.0,99.1,0.9
20150930220239,0.0,0.0,0.0,0.0,0.0,0.0,98.9,1.1
20150930220309,0.0,0.0,0.0,0.0,0.0,0.0,99.1,0.9
20150930220339,0.0,0.0,0.0,0.0,0.0,0.0,98.8,1.2
20150930220409,0.0,0.0,0.0,0.0,0.0,0.0,99.9,0.1
20150930220439,0.0,0.0,0.0,0.0,0.0,0.0,99.1,0.8
20150930220509,0.0,0.0,0.0,0.0,0.0,0.0,99.6,0.4
20150930220539,0.0,0.0,0.0,0.0,0.0,0.0,98.9,1.1
20150930220609,0.0,0.0,0.0,0.0,0.0,0.0,100.0,0.0
20150930220639,0.0,0.0,0.0,0.0,0.0,0.0,99.4,0.6
20150930220709,0.0,0.0,0.0,0.0,0.0,0.0,99.8,0.2
20150930220739,0.0,0.0,0.0,0.0,0.0,0.0,99.8,0.2
20150930220809,0.0,0.0,0.0,0.0,0.0,0.0,99.9,0.1
20150930220839,0.0,0.0,0.0,1.0,0.0,0.0,89.8,9.2
20150930220909,0.0,0.0,0.0,0.1,0.0,0.0,96.3,3.6
20150930220939,0.0,0.0,0.0,0.6,0.0,0.0,93.1,6.3
20150930221009,0.0,0.0,0.0,0.1,0.0,0.0,96.0,3.9
20150930221039,0.0,0.0,0.0,0.1,0.0,0.0,93.9,6.1
20150930221109,0.0,0.0,0.0,0.2,0.0,0.0,98.2,1.6
20150930221139,0.0,0.0,0.0,0.1,0.0,0.0,97.6,2.4
20150930221209,0.0,0.0,0.0,0.0,0.0,0.0,98.0,1.9
20150930221239,0.0,0.0,0.0,0.0,0.0,0.0,99.1,0.9
20150930221309,0.0,0.0,0.0,0.2,0.0,0.0,94.3,5.5
20150930221339,0.0,0.0,0.0,0.1,0.0,0.0,99.1,0.9
20150930221410,0.0,0.0,0.0,0.0,0.0,0.0,99.4,0.6
20150930221440,0.0,0.0,0.0,0.1,0.0,0.0,98.1,1.8
20150930221510,0.0,0.0,0.0,0.1,0.0,0.0,84.5,15.4
20150930221540,0.0,0.0,0.0,0.1,0.0,0.0,48.8,51.0
20150930221610,0.0,0.0,0.0,0.4,0.0,0.0,59.5,40.1
20150930221640,0.0,0.0,0.0,0.4,0.0,0.0,38.8,60.8
20150930221710,0.0,0.0,0.0,0.2,0.0,0.0,86.2,13.7
20150930221740,0.0,0.0,0.0,0.9,0.0,0.0,71.5,27.6
20150930221810,0.0,0.0,0.0,0.2,0.0,0.0,99.0,0.9
20150930221840,0.0,0.0,0.0,0.1,0.0,0.0,98.4,1.5
20150930221910,0.0,0.0,0.0,0.0,0.0,0.0,99.7,0.3
20150930221940,0.0,0.0,0.0,0.0,0.0,0.0,99.6,0.4
20150930222010,0.0,0.0,0.0,0.2,0.0,0.0,97.8,2.0
20150930222040,0.0,0.0,0.0,0.5,0.0,0.0,99.0,0.5
20150930222110,0.0,0.0,0.0,0.0,0.0,0.0,98.6,1.4
20150930222140,0.0,0.0,0.0,0.1,0.0,0.0,98.3,1.6
20150930222210,0.0,0.0,0.0,0.1,0.0,0.0,99.2,0.7
20150930222240,0.0,0.0,0.0,0.1,0.0,0.0,99.1,0.8
20150930222310,0.0,0.0,0.0,0.3,0.0,0.0,98.1,1.6
20150930222340,0.0,0.0,0.0,0.1,0.0,0.0,99.4,0.5
20150930222410,0.0,0.0,0.0,0.1,0.0,0.0,98.8,1.0
20150930222440,0.0,0.0,0.0,0.0,0.0,0.0,99.6,0.4
20150930222510,0.0,0.0,0.0,0.0,0.0,0.0,98.9,1.0
20150930222540,0.0,0.0,0.0,0.0,0.0,0.0,99.2,0.8
20150930222610,0.0,0.0,0.0,0.0,0.0,0.0,99.4,0.6
20150930222640,0.0,0.0,0.0,0.0,0.0,0.0,98.3,1.7
20150930222710,0.0,0.0,0.0,0.0,0.0,0.0,94.5,5.5
20150930222740,0.0,0.0,0.0,0.0,0.0,0.0,96.8,3.2
20150930222810,0.0,0.0,0.0,0.0,0.0,0.0,90.9,9.0
20150930222840,0.0,0.0,0.0,0.0,0.0,0.0,98.2,1.8
20150930222910,0.0,0.0,0.0,0.0,0.0,0.0,53.8,46.2
20150930222940,0.0,0.0,0.0,0.0,0.0,0.0,97.1,2.9
20150930223010,0.0,0.0,0.0,0.0,0.0,0.0,98.5,1.5
20150930223040,0.0,0.0,0.0,0.0,0.0,0.0,63.1,36.9
20150930223110,0.0,0.0,0.0,0.1,0.0,0.0,94.4,5.5
20150930223140,0.0,0.0,0.0,0.0,0.0,0.0,85.9,14.1
20150930223210,0.0,0.0,0.0,0.0,0.0,0.0,98.8,1.2
20150930223240,0.0,0.0,0.0,0.0,0.0,0.0,97.1,2.9
20150930223310,0.0,0.0,0.0,0.0,0.0,0.0,99.6,0.4
20150930223340,0.0,0.0,0.0,0.0,0.0,0.0,99.5,0.4
20150930223410,0.0,0.0,0.0,0.0,0.0,0.0,96.9,3.1
20150930223440,0.0,0.0,0.0,0.0,0.0,0.0,99.3,0.6
20150930223510,0.0,0.0,0.0,0.0,0.0,0.0,97.2,2.8
20150930223540,0.0,0.0,0.0,0.0,0.0,0.0,87.3,12.7
20150930223610,0.0,0.0,0.0,0.0,0.0,0.0,96.1,3.9
20150930223640,0.0,0.0,0.0,0.0,0.0,0.0,98.6,1.4
20150930223710,0.0,0.0,0.0,0.1,0.0,0.0,95.5,4.5
20150930223740,0.0,0.0,0.0,0.0,0.0,0.0,94.7,5.3
20150930223810,0.0,0.0,0.0,0.0,0.0,0.0,94.8,5.2
20150930223840,0.0,0.0,0.0,0.0,0.0,0.0,95.4,4.6
20150930223910,0.0,0.0,0.0,0.0,0.0,0.0,96.3,3.6
20150930223940,0.0,0.0,0.0,0.0,0.0,0.0,78.1,21.9
20150930224010,0.0,0.0,0.0,0.1,0.0,0.0,70.5,29.4
20150930224040,0.0,0.0,0.0,0.1,0.0,0.0,55.0,44.9
20150930224111,0.0,0.0,0.0,0.0,0.0,0.0,98.4,1.6
20150930224141,0.0,0.0,0.0,0.0,0.0,0.0,92.4,7.5
20150930224211,0.0,0.0,0.0,0.0,0.0,0.0,96.5,3.5
20150930224241,0.0,0.0,0.0,0.2,0.0,0.0,95.3,4.6
20150930224311,0.0,0.0,0.0,0.4,0.0,0.0,61.8,37.8
20150930224341,0.0,0.0,0.0,0.0,0.0,0.0,97.3,2.7
20150930224411,0.0,0.0,0.0,0.1,0.0,0.0,97.0,2.9
20150930224441,0.0,0.0,0.0,0.0,0.0,0.0,98.2,1.7
20150930224511,0.0,0.0,0.0,0.1,0.0,0.0,97.6,2.3
20150930224541,0.0,0.0,0.0,0.0,0.0,0.0,83.4,16.6
20150930224611,0.0,0.0,0.0,0.1,0.0,0.0,80.3,19.7
20150930224641,0.0,0.0,0.0,0.1,0.0,0.0,94.9,5.0
20150930224711,0.0,0.0,0.0,0.0,0.0,0.0,92.1,7.8
20150930224741,0.0,0.0,0.0,0.1,0.0,0.0,67.9,32.0
20150930224811,0.0,0.0,0.0,0.0,0.0,0.0,82.0,17.9
20150930224841,0.0,0.0,0.0,0.0,0.0,0.0,96.7,3.3
20150930224911,0.0,0.0,0.0,0.0,0.0,0.0,99.5,0.5
20150930224941,0.0,0.0,0.0,0.0,0.0,0.0,99.6,0.4
20150930225011,0.0,0.0,0.0,0.0,0.0,0.0,97.8,2.2
20150930225041,0.0,0.0,0.0,0.0,0.0,0.0,84.4,15.5
20150930225111,0.0,0.0,0.0,0.0,0.0,0.0,94.4,5.6
20150930225141,0.0,0.0,0.0,0.0,0.0,0.0,99.5,0.5
20150930225211,0.0,0.0,0.0,0.0,0.0,0.0,99.7,0.2
20150930225241,0.0,0.0,0.0,0.0,0.0,0.0,97.5,2.5
20150930225311,0.0,0.0,0.0,0.1,0.0,0.0,97.5,2.4
20150930225341,0.0,0.0,0.0,0.0,0.0,0.0,99.5,0.5
20150930225411,0.0,0.0,0.0,0.0,0.0,0.0,98.9,1.0
20150930225441,0.0,0.0,0.0,0.0,0.0,0.0,94.5,5.5
20150930225511,0.0,0.0,0.0,0.0,0.0,0.0,99.5,0.5
20150930225541,0.0,0.0,0.0,0.0,0.0,0.0,99.0,1.0
20150930225611,0.0,0.0,0.0,0.0,0.0,0.0,99.5,0.5
20150930225641,0.0,0.0,0.0,0.0,0.0,0.0,99.9,0.1
20150930225711,0.0,0.0,0.0,0.1,0.0,0.0,96.2,3.8
20150930225741,0.0,0.0,0.0,0.2,0.0,0.0,98.7,1.1
20150930225811,0.0,0.0,0.0,0.1,0.0,0.0,92.3,7.6
20150930225841,0.0,0.0,0.0,0.1,0.0,0.0,98.9,0.9
20150930225911,0.0,0.0,0.0,0.1,0.0,0.0,99.3,0.6
20150930225941,0.0,0.0,0.0,0.2,0.0,0.0,98.4,1.5
20150930230011,0.0,0.0,0.0,0.3,0.0,0.0,94.5,5.2
20150930230041,0.0,0.0,0.0,0.1,0.0,0.0,93.5,6.3
20150930230111,0.0,0.0,0.0,0.0,0.0,0.0,98.4,1.6
20150930230141,0.0,0.0,0.0,0.0,0.0,0.0,93.5,6.5
20150930230211,0.0,0.0,0.0,0.0,0.0,0.0,95.6,4.4
20150930230241,0.0,0.0,0.0,0.0,0.0,0.0,98.3,1.7
20150930230311,0.0,0.0,0.0,0.1,0.0,0.0,97.4,2.5
20150930230341,0.0,0.0,0.0,0.1,0.0,0.0,99.8,0.2
20150930230411,0.0,0.0,0.0,0.6,0.0,0.0,94.9,4.5
20150930230441,0.0,0.0,0.0,0.0,0.0,0.0,99.8,0.2
20150930230511,0.0,0.0,0.0,0.2,0.0,0.0,99.3,0.6
20150930230541,0.0,0.0,0.0,0.1,0.0,0.0,99.2,0.7
20150930230611,0.0,0.0,0.0,0.2,0.0,0.0,99.7,0.1
20150930230641,0.0,0.0,0.0,0.0,0.0,0.0,100.0,0.0
20150930230711,0.0,0.0,0.0,0.0,0.0,0.0,99.8,0.1
20150930230741,0.0,0.0,0.0,0.1,0.0,0.0,99.6,0.3
20150930230811,0.0,0.0,0.0,0.0,0.0,0.0,99.4,0.6
20150930230841,0.0,0.0,0.0,0.3,0.0,0.0,97.6,2.1
20150930230911,0.0,0.0,0.0,0.1,0.0,0.0,95.1,4.7
20150930230941,0.0,0.0,0.0,0.1,0.0,0.0,98.7,1.3
20150930231011,0.0,0.0,0.0,1.6,0.0,0.0,94.6,3.7
20150930231041,0.0,0.0,0.0,0.5,0.0,0.0,94.4,5.1
20150930231111,0.0,0.0,0.0,0.1,0.0,0.0,94.8,5.1
20150930231141,0.0,0.0,0.0,0.1,0.0,0.0,95.4,4.5
20150930231211,0.0,0.0,0.0,0.1,0.0,0.0,96.6,3.3
20150930231241,0.0,0.0,0.0,0.2,0.0,0.0,97.1,2.7
20150930231311,0.0,0.0,0.0,0.1,0.0,0.0,89.1,10.8
20150930231341,0.0,0.0,0.0,0.1,0.0,0.0,91.2,8.8
20150930231411,0.0,0.0,0.0,0.0,0.0,0.0,99.9,0.1
20150930231441,0.0,0.0,0.0,0.0,0.0,0.0,97.8,2.2
20150930231511,0.0,0.0,0.0,0.1,0.0,0.0,97.8,2.1
20150930231542,0.0,0.0,0.0,0.0,0.0,0.0,99.0,1.0
20150930231612,0.0,0.0,0.0,0.0,0.0,0.0,99.3,0.7
20150930231642,0.0,0.0,0.0,0.0,0.0,0.0,99.6,0.4
20150930231712,0.0,0.0,0.0,0.0,0.0,0.0,98.3,1.7
20150930231742,0.0,0.0,0.0,0.0,0.0,0.0,98.4,1.5
20150930231812,0.0,0.0,0.0,0.0,0.0,0.0,98.7,1.3
20150930231842,0.0,0.0,0.0,0.0,0.0,0.0,97.9,2.1
20150930231912,0.0,0.0,0.0,0.0,0.0,0.0,81.2,18.8
20150930231942,0.0,0.0,0.0,0.0,0.0,0.0,98.8,1.2
20150930232012,0.0,0.0,0.0,0.0,0.0,0.0,98.7,1.3
20150930232042,0.0,0.0,0.0,0.0,0.0,0.0,97.4,2.5
20150930232112,0.0,0.0,0.0,0.1,0.0,0.0,99.1,0.8
20150930232142,0.0,0.0,0.0,0.1,0.0,0.0,99.0,0.9
20150930232212,0.0,0.0,0.0,0.0,0.0,0.0,99.5,0.4
20150930232242,0.0,0.0,0.0,1.0,0.0,0.0,92.9,6.1
20150930232312,0.0,0.0,0.0,0.1,0.0,0.0,97.7,2.2
20150930232342,0.0,0.0,0.0,0.0,0.0,0.0,99.4,0.6
20150930232412,0.0,0.0,0.0,0.1,0.0,0.0,97.9,2.0
20150930232442,0.0,0.0,0.0,0.1,0.0,0.0,88.0,11.9
20150930232512,0.0,0.0,0.0,0.0,0.0,0.0,96.0,4.0
20150930232542,0.0,0.0,0.0,0.2,0.0,0.0,85.4,14.4
20150930232612,0.0,0.0,0.0,0.0,0.0,0.0,99.9,0.1
20150930232642,0.0,0.0,0.0,0.1,0.0,0.0,99.3,0.6
20150930232712,0.0,0.0,0.0,0.1,0.0,0.0,98.4,1.5
20150930232742,0.0,0.0,0.0,0.2,0.0,0.0,95.9,3.9
20150930232812,0.0,0.0,0.0,0.0,0.0,0.0,99.3,0.6
20150930232842,0.0,0.0,0.0,0.0,0.0,0.0,99.0,1.0
20150930232912,0.0,0.0,0.0,0.0,0.0,0.0,92.1,7.9
20150930232942,0.0,0.0,0.0,0.2,0.0,0.0,79.9,20.0
20150930233012,0.0,0.0,0.0,0.1,0.0,0.0,81.6,18.4
20150930233042,0.0,0.0,0.0,0.1,0.0,0.0,96.8,3.1
20150930233112,0.0,0.0,0.0,0.1,0.0,0.0,95.0,4.9
20150930233142,0.0,0.0,0.0,0.0,0.0,0.0,98.6,1.3
20150930233212,0.0,0.0,0.0,0.0,0.0,0.0,99.8,0.2
20150930233242,0.0,0.0,0.0,0.0,0.0,0.0,99.5,0.5
20150930233312,0.0,0.0,0.0,0.2,0.0,0.0,82.3,17.5
20150930233342,0.0,0.0,0.0,0.1,0.0,0.0,96.5,3.4
20150930233412,0.0,0.0,0.0,0.6,0.0,0.0,93.6,5.8
20150930233442,0.0,0.0,0.0,0.7,0.0,0.0,77.8,21.5
20150930233512,0.0,0.0,0.0,1.1,0.0,0.0,97.1,1.8
20150930233542,0.0,0.0,0.0,0.1,0.0,0.0,99.4,0.5
20150930233612,0.0,0.0,0.0,0.0,0.0,0.0,99.8,0.2
20150930233642,0.0,0.0,0.0,0.0,0.0,0.0,99.0,1.0
20150930233712,0.0,0.0,0.0,0.1,0.0,0.0,99.5,0.5
20150930233742,0.0,0.0,0.0,0.1,0.0,0.0,99.8,0.1
20150930233812,0.0,0.0,0.0,0.0,0.0,0.0,100.0,0.0
20150930233842,0.0,0.0,0.0,0.2,0.0,0.0,97.0,2.8
20150930233912,0.0,0.0,0.0,0.7,0.0,0.0,97.9,1.4
20150930233942,0.0,0.0,0.0,0.1,0.0,0.0,99.6,0.3
20150930234012,0.0,0.0,0.0,0.0,0.0,0.0,100.0,0.0
20150930234042,0.0,0.0,0.0,0.3,0.0,0.0,98.7,1.0
20150930234112,0.0,0.0,0.0,1.9,0.0,0.0,89.8,8.3
20150930234142,0.0,0.0,0.0,0.4,0.0,0.0,51.1,48.4
20150930234212,0.0,0.0,0.0,0.0,0.0,0.0,99.0,1.0
20150930234242,0.0,0.0,0.0,0.0,0.0,0.0,99.5,0.5
20150930234312,0.0,0.0,0.0,0.0,0.0,0.0,93.9,6.0
20150930234342,0.0,0.0,0.0,0.0,0.0,0.0,96.8,3.2
20150930234412,0.0,0.0,0.0,0.0,0.0,0.0,99.0,1.0
20150930234442,0.0,0.0,0.0,0.0,0.0,0.0,98.1,1.9
20150930234512,0.0,0.0,0.0,0.0,0.0,0.0,99.9,0.1
20150930234542,0.0,0.0,0.0,0.0,0.0,0.0,96.4,3.6
20150930234612,0.0,0.0,0.0,0.1,0.0,0.0,96.2,3.7
20150930234642,0.0,0.0,0.0,0.0,0.0,0.0,87.6,12.3
20150930234712,0.0,0.0,0.0,0.1,0.0,0.0,32.0,67.9
20150930234742,0.0,0.0,0.0,0.0,0.0,0.0,88.7,11.3
20150930234812,0.0,0.0,0.0,0.0,0.0,0.0,76.5,23.5
20150930234842,0.0,0.0,0.0,0.1,0.0,0.0,81.8,18.1
20150930234912,0.0,0.0,0.0,0.0,0.0,0.0,73.1,26.9
