UT,arc,discrete,diffuse,ac,ab,clear,cloudy,dd
20150302163500,0.0,0.0,0.0,0.0,0.0,0.0,0.0,100.0
20150302163530,0.0,0.0,0.0,0.0,0.0,0.0,0.0,100.0
20150302163600,0.0,0.0,0.0,0.0,0.0,0.0,0.0,100.0
20150302163630,0.0,0.0,0.0,0.0,0.0,0.0,0.0,100.0
20150302163700,0.0,0.0,0.0,0.0,0.0,0.0,0.0,100.0
20150302163730,0.0,0.0,0.0,0.0,0.0,0.0,0.0,100.0
20150302163800,0.0,0.0,0.0,0.0,0.0,0.0,0.0,100.0
20150302163830,0.0,0.0,0.0,0.0,0.0,0.0,0.0,100.0
20150302163900,0.0,0.0,0.0,0.0,0.0,0.0,0.0,100.0
20150302163930,0.0,0.0,0.0,0.0,0.0,0.0,0.0,100.0
20150302164000,0.0,0.0,0.0,0.0,0.0,0.0,0.0,100.0
20150302164030,0.0,0.0,0.0,0.0,0.0,0.0,0.0,100.0
20150302164100,0.0,0.0,0.0,0.0,0.0,0.0,0.0,100.0
20150302164130,0.0,0.0,0.0,0.0,0.0,0.0,0.0,100.0
20150302164200,0.0,0.0,0.0,0.0,0.0,0.0,0.0,100.0
20150302164230,0.0,0.0,0.0,0.0,0.0,0.0,0.0,100.0
20150302164300,0.0,0.0,0.0,0.0,0.0,0.0,0.0,100.0
20150302164330,0.0,0.0,0.0,0.0,0.0,0.0,0.0,100.0
20150302164400,0.0,0.0,0.0,0.0,0.0,0.0,0.0,100.0
20150302164430,0.0,0.0,0.0,0.0,0.0,0.0,0.0,100.0
20150302164500,0.0,0.0,0.0,0.0,0.0,0.0,0.0,100.0
20150302164530,0.0,0.0,0.0,0.0,0.0,0.0,0.0,100.0
20150302164600,0.0,0.0,0.0,0.0,0.0,0.0,0.0,100.0
20150302164630,0.0,0.0,0.0,0.0,0.0,0.0,0.0,100.0
20150302164700,0.0,0.0,0.0,0.0,0.0,0.0,0.0,100.0
20150302164730,0.0,0.0,0.0,0.0,0.0,0.0,0.0,100.0
20150302164800,0.0,0.0,0.0,0.0,0.0,0.0,0.0,100.0
20150302164830,0.0,0.0,0.0,0.0,0.0,0.0,0.0,100.0
20150302164900,0.0,0.0,0.0,0.0,0.0,0.0,0.0,100.0
20150302164930,0.0,0.0,0.0,0.0,0.0,0.0,0.0,100.0
20150302165000,0.0,0.0,0.0,0.0,0.0,0.0,0.0,100.0
20150302165030,0.0,0.0,0.0,0.0,0.0,0.0,0.0,100.0
20150302165100,0.0,0.0,0.0,0.0,0.0,0.0,0.0,100.0
20150302165130,0.0,0.0,0.0,0.0,0.0,0.0,0.0,100.0
20150302165200,0.0,0.0,0.0,0.0,0.0,0.0,0.0,100.0
20150302165230,0.0,0.0,0.0,0.0,0.0,0.0,0.0,100.0
20150302165300,0.0,0.0,0.0,0.0,0.0,0.0,0.0,100.0
20150302165330,0.0,0.0,0.0,0.0,0.0,0.0,0.0,100.0
20150302165400,0.0,0.0,0.0,0.0,0.0,0.0,0.0,100.0
20150302165430,0.0,0.0,0.0,0.0,0.0,0.0,0.0,100.0
20150302165500,0.0,0.0,0.0,0.0,0.0,0.0,0.0,100.0
20150302165530,0.0,0.0,0.0,0.0,0.0,0.0,0.0,100.0
20150302165600,0.0,0.0,0.0,0.0,0.0,0.0,0.0,100.0
20150302165630,0.0,0.0,0.0,0.0,0.0,0.0,0.0,100.0
20150302165700,0.0,0.0,0.0,0.0,0.0,0.0,0.0,100.0
20150302165730,0.0,0.0,0.0,0.0,0.0,0.0,0.0,100.0
20150302165800,0.0,0.0,0.0,0.0,0.0,0.0,0.0,100.0
20150302165830,0.0,0.0,0.0,0.0,0.0,0.0,0.0,100.0
20150302165900,0.0,0.0,0.0,0.0,0.0,0.0,0.0,100.0
20150302165930,0.0,0.0,0.0,0.0,0.0,0.0,0.0,100.0
20150302170000,0.0,0.0,0.0,0.0,0.0,0.0,0.0,100.0
20150302170030,0.0,0.0,0.0,0.0,0.0,0.0,0.0,100.0
20150302170100,0.0,0.0,0.0,0.0,0.0,0.0,0.0,100.0
20150302170130,0.0,0.0,0.0,0.0,0.0,0.0,0.0,100.0
20150302170200,0.0,0.0,0.0,0.0,0.0,0.0,0.0,100.0
20150302170230,0.0,0.0,0.0,0.0,0.0,0.0,0.0,100.0
20150302170300,0.0,0.0,0.0,0.0,0.0,0.0,0.0,100.0
20150302170330,0.0,0.0,0.0,0.0,0.0,0.0,0.0,100.0
20150302170400,0.0,0.0,0.0,0.0,0.0,0.0,0.0,100.0
20150302170430,0.0,0.0,0.0,0.0,0.0,0.0,0.0,100.0
20150302170500,0.0,0.0,0.0,0.0,0.0,0.0,0.0,100.0
20150302170530,0.0,0.0,0.0,0.0,0.0,0.0,0.0,100.0
20150302170600,0.0,0.0,0.0,0.0,0.0,0.0,0.0,100.0
20150302170630,0.0,0.0,0.0,0.0,0.0,0.0,0.0,100.0
20150302170700,0.0,0.0,0.0,0.0,0.0,0.0,0.0,100.0
20150302170731,0.0,0.0,0.0,0.0,0.0,0.0,0.0,100.0
20150302170801,0.0,0.0,0.0,0.0,0.0,0.0,0.0,100.0
20150302170831,0.0,0.0,0.0,0.0,0.0,0.0,0.0,100.0
20150302170901,0.0,0.0,0.0,0.0,0.0,0.0,0.0,100.0
20150302170931,0.0,0.0,0.0,0.0,0.0,0.0,0.0,100.0
20150302171001,0.0,0.0,0.0,0.0,0.0,0.0,0.0,100.0
20150302171031,0.0,0.0,0.0,0.0,0.0,0.0,0.0,100.0
20150302171101,0.0,0.0,0.0,0.0,0.0,0.0,0.0,100.0
20150302171131,0.0,0.0,0.0,0.0,0.0,0.0,0.0,100.0
20150302171201,0.0,0.0,0.0,0.0,0.0,0.0,0.0,100.0
20150302171231,0.0,0.0,0.0,0.0,0.0,0.0,0.0,100.0
20150302171301,0.0,0.0,0.0,0.0,0.0,0.0,0.0,100.0
20150302171331,0.0,0.0,0.0,0.0,0.0,0.0,0.0,100.0
20150302171401,0.0,0.0,0.0,0.0,0.0,0.0,0.0,100.0
20150302171431,0.0,0.0,0.0,0.0,0.0,0.0,0.0,100.0
20150302171501,0.0,0.0,0.0,0.0,0.0,0.0,0.0,100.0
20150302171531,0.0,0.0,0.0,0.0,0.0,0.0,0.0,100.0
20150302171601,0.0,0.0,0.0,0.0,0.0,0.0,0.0,100.0
20150302171631,0.0,0.0,0.0,0.0,0.0,0.0,0.0,100.0
20150302171701,0.0,0.0,0.0,0.0,0.0,0.0,0.0,100.0
20150302171731,0.0,0.0,0.0,0.0,0.0,0.0,0.0,100.0
20150302171801,0.0,0.0,0.0,0.0,0.0,0.0,0.0,100.0
20150302171831,0.0,0.0,0.0,0.0,0.0,0.0,0.0,100.0
20150302171901,0.0,0.0,0.0,0.0,0.0,0.0,0.0,100.0
20150302171931,0.0,0.0,0.0,0.0,0.0,0.0,0.0,100.0
20150302172001,0.0,0.0,0.0,0.0,0.0,0.0,0.0,100.0
20150302172031,0.0,0.0,0.0,0.0,0.0,0.0,0.0,100.0
20150302172101,0.0,0.0,0.0,0.0,0.0,0.0,0.0,100.0
20150302172131,0.0,0.0,0.0,0.0,0.0,0.0,0.0,100.0
20150302172201,0.0,0.0,0.0,0.0,0.0,0.0,0.0,100.0
20150302172231,0.0,0.0,0.0,0.0,0.0,0.0,0.0,100.0
20150302172301,0.0,0.0,0.0,0.0,0.0,0.0,0.0,100.0
20150302172331,0.0,0.0,0.0,0.0,0.0,0.0,0.0,100.0
20150302172401,0.0,0.0,0.0,0.0,0.0,0.0,0.0,100.0
20150302172431,0.0,0.0,0.0,0.0,0.0,0.0,0.0,100.0
20150302172501,0.0,0.0,0.0,0.0,0.0,0.0,0.0,100.0
20150302172531,0.0,0.0,0.0,0.0,0.0,0.0,0.0,100.0
20150302172601,0.0,0.0,0.0,0.0,0.0,0.0,0.0,100.0
20150302172631,0.0,0.0,0.0,0.0,0.0,0.0,0.0,100.0
20150302172701,0.0,0.0,0.0,0.0,0.0,0.0,0.0,100.0
20150302172731,0.0,0.0,0.0,0.0,0.0,0.0,0.0,100.0
20150302172801,0.0,0.0,0.0,0.0,0.0,0.0,0.0,100.0
20150302172831,0.0,0.0,0.0,0.0,0.0,0.0,0.0,100.0
20150302172901,0.0,0.0,0.0,0.0,0.0,0.0,0.0,100.0
20150302172931,0.0,0.0,0.0,0.0,0.0,0.0,0.0,100.0
20150302173001,0.0,0.0,0.0,0.0,0.0,0.0,0.0,100.0
20150302173031,0.0,0.0,0.0,0.0,0.0,0.0,0.0,100.0
20150302173101,0.0,0.0,0.0,0.0,0.0,0.0,0.0,100.0
20150302173131,0.0,0.0,0.0,0.0,0.1,0.0,0.0,99.9
20150302173201,0.0,0.0,0.0,0.0,0.0,0.0,0.0,100.0
20150302173231,0.0,0.0,0.0,0.0,0.0,0.0,0.0,100.0
20150302173301,0.0,0.0,0.0,0.0,0.0,0.0,0.2,99.8
20150302173331,0.0,0.0,0.0,0.0,0.0,0.0,0.0,100.0
20150302173401,0.0,0.0,0.0,0.0,0.0,0.0,0.1,99.9
20150302173432,0.0,0.0,0.0,0.0,0.0,0.0,0.1,99.9
20150302173632,0.0,0.0,0.0,0.0,0.4,0.0,1.4,98.2
20150302173702,0.0,0.0,0.0,0.0,0.2,0.0,0.1,99.7
20150302173732,0.0,0.0,0.0,0.0,0.0,0.0,0.2,99.8
20150302173802,0.0,0.0,0.0,0.0,0.1,0.0,0.0,99.9
20150302173832,0.0,0.0,0.0,0.0,0.1,0.0,0.1,99.8
20150302173902,0.0,0.0,0.0,0.0,0.1,0.0,0.1,99.8
20150302173932,0.0,0.0,0.0,0.0,0.0,0.0,0.0,100.0
20150302174002,0.0,0.0,0.0,0.0,0.0,0.0,0.1,99.9
20150302174032,0.0,0.0,0.0,0.0,0.0,0.0,0.0,100.0
20150302174102,0.0,0.0,0.0,0.0,0.0,0.0,0.1,99.9
20150302174132,0.0,0.0,0.0,0.0,0.0,0.0,0.0,100.0
20150302174202,0.0,0.0,0.0,0.0,0.2,0.0,0.0,99.8
20150302174232,0.0,0.0,0.0,0.0,0.0,0.0,0.1,99.9
20150302174302,0.0,0.0,0.0,0.0,0.4,0.0,0.2,99.4
20150302174332,0.0,0.0,0.0,0.0,0.2,0.0,0.0,99.8
20150302174402,0.0,0.0,0.0,0.0,0.1,0.0,0.0,99.9
20150302174432,0.0,0.0,0.0,0.0,0.3,0.0,0.1,99.6
20150302174502,0.0,0.0,0.0,0.0,0.2,0.0,0.0,99.8
20150302174532,0.0,0.0,0.0,0.0,0.5,0.0,0.1,99.5
20150302174602,0.0,0.0,0.0,0.0,0.4,0.0,0.1,99.4
20150302174632,0.0,0.0,0.0,0.0,1.2,0.0,0.3,98.5
20150302174702,0.0,0.0,0.0,0.0,1.0,0.0,0.1,98.9
20150302174732,0.0,0.0,0.0,0.0,0.1,0.0,0.1,99.8
20150302174802,0.0,0.0,0.0,0.0,0.2,0.0,0.1,99.7
20150302174832,0.0,0.0,0.0,0.0,2.1,0.0,0.4,97.5
20150302174902,0.0,0.0,0.0,0.0,16.0,0.0,4.3,79.7
20150302174932,0.0,0.0,0.0,0.0,6.9,0.0,2.5,90.6
20150302175002,0.0,0.0,0.0,0.0,9.9,0.0,1.0,89.2
20150302175032,0.0,0.0,0.0,0.0,0.5,0.0,0.4,99.1
20150302175102,0.0,0.0,0.0,0.0,1.8,0.0,0.5,97.7
20150302175132,0.0,0.0,0.0,0.0,2.6,0.0,1.3,96.1
20150302175202,0.0,0.0,0.0,0.0,6.4,0.0,1.0,92.6
20150302175232,0.0,0.0,0.0,0.0,8.9,0.0,1.3,89.8
20150302175302,0.0,0.0,0.0,0.0,17.1,0.0,0.6,82.3
20150302175332,0.0,0.0,0.0,0.0,8.8,0.0,4.3,86.9
20150302175402,0.0,0.0,0.0,0.0,6.8,0.0,0.9,92.2
20150302175432,0.0,0.0,0.0,0.0,5.6,0.0,4.2,90.1
20150302175502,0.0,0.0,0.0,0.0,0.4,0.0,1.1,98.5
20150302175532,0.0,0.0,0.0,0.0,0.9,0.0,2.4,96.7
20150302175602,0.0,0.0,0.0,0.0,0.3,0.0,0.3,99.4
20150302175632,0.0,0.0,0.0,0.0,0.5,0.0,1.8,97.8
20150302175702,0.0,0.0,0.0,0.0,0.3,0.0,0.3,99.3
20150302175732,0.0,0.0,0.0,0.0,1.9,0.0,0.4,97.7
20150302175802,0.0,0.0,0.0,0.0,1.8,0.0,1.6,96.6
20150302175832,0.0,0.0,0.0,0.0,0.2,0.0,0.8,98.9
20150302175902,0.0,0.0,0.0,0.0,2.1,0.0,4.7,93.2
20150302175932,0.0,0.0,0.0,0.0,2.7,0.0,4.1,93.2
20150302180002,0.0,0.0,0.0,0.0,8.8,0.0,5.8,85.3
20150302180032,0.0,0.0,0.0,0.0,13.3,0.0,5.3,81.3
20150302180102,0.0,0.0,0.0,0.0,8.0,0.0,31.9,60.2
20150302180132,0.0,0.0,0.0,0.0,20.7,0.0,15.9,63.4
20150302180202,0.0,0.0,0.0,0.0,19.1,0.0,38.1,42.7
20150302180232,0.0,0.0,0.0,0.2,22.4,0.0,21.7,55.7
20150302180302,0.0,0.0,0.0,0.0,20.0,0.0,45.7,34.2
20150302180332,0.0,0.0,0.0,0.0,31.6,0.0,44.5,23.8
20150302180402,0.0,0.0,0.0,0.0,39.3,0.0,40.3,20.4
20150302180432,0.0,0.0,0.0,0.0,6.0,0.0,39.3,54.6
20150302180502,0.0,0.0,0.0,0.0,4.4,0.0,83.2,12.4
20150302180532,0.0,0.0,0.0,0.0,2.2,0.0,81.7,16.1
20150302180602,0.0,0.0,0.0,0.0,3.4,0.0,74.8,21.7
20150302180632,0.0,0.0,0.0,0.0,0.6,0.0,98.9,0.5
20150302180702,0.0,0.0,0.0,0.0,1.3,0.0,98.4,0.3
20150302180732,0.0,0.0,0.0,0.0,0.4,0.0,99.3,0.3
20150302180802,0.0,0.0,0.0,0.0,0.1,0.0,99.7,0.2
20150302180833,0.0,0.0,0.0,0.0,0.1,0.0,98.6,1.3
20150302180903,0.0,0.0,0.0,0.0,0.6,0.0,94.2,5.2
20150302180933,0.0,0.0,0.0,0.0,0.8,0.0,88.3,10.9
20150302181003,0.0,0.0,0.0,0.0,3.4,0.0,90.3,6.3
20150302181033,0.0,0.0,0.0,0.1,12.5,0.0,86.9,0.5
20150302181103,0.0,0.0,0.0,0.1,18.3,0.0,80.8,0.8
20150302181133,0.0,0.0,0.2,1.7,29.8,0.0,64.4,3.8
20150302181203,0.0,0.0,0.0,0.0,3.2,0.0,96.3,0.5
20150302181233,0.0,0.0,0.0,0.1,11.0,0.0,88.5,0.4
20150302181303,0.0,0.0,0.0,0.0,0.2,0.0,99.4,0.4
20150302181333,0.0,0.0,0.0,0.0,1.7,0.0,98.0,0.3
20150302181403,0.0,0.0,0.0,0.0,0.2,0.0,98.7,1.1
20150302181433,0.0,0.0,0.0,0.0,0.7,0.0,96.8,2.4
20150302181503,0.0,0.0,0.0,0.0,0.1,0.0,95.2,4.7
20150302181533,0.0,0.0,0.0,0.0,1.1,0.0,95.2,3.6
20150302181603,0.0,0.0,0.0,0.1,7.5,0.0,91.2,1.2
20150302181633,0.0,0.0,0.0,0.0,2.1,0.0,94.3,3.5
20150302181703,0.0,0.0,0.0,0.0,0.5,0.0,98.0,1.5
20150302181733,0.0,0.0,0.0,0.0,3.5,0.0,96.2,0.3
20150302181803,0.0,0.0,0.0,0.0,2.1,0.0,97.7,0.1
20150302181833,0.0,0.0,0.0,0.1,10.3,0.0,89.3,0.3
20150302181903,0.0,0.0,0.0,0.0,2.5,0.0,97.3,0.2
20150302181933,0.0,0.0,0.0,0.0,4.7,0.0,95.1,0.1
20150302182003,0.0,0.0,0.0,0.1,2.1,0.0,97.7,0.2
20150302182033,0.0,0.0,0.0,0.0,0.1,0.0,99.8,0.0
20150302182103,0.0,0.0,0.0,1.0,1.1,0.0,96.1,1.8
20150302182133,0.0,0.0,0.0,0.1,0.4,0.0,99.3,0.2
20150302182203,0.0,0.0,0.0,0.1,8.8,0.0,90.3,0.8
20150302182233,0.0,0.0,0.0,0.1,0.7,0.0,99.1,0.1
20150302182303,0.0,0.0,0.0,0.0,0.1,0.0,99.8,0.1
20150302182333,0.0,0.0,0.0,0.0,0.1,0.0,99.9,0.1
20150302182403,0.0,0.0,0.0,0.0,0.4,0.0,99.5,0.1
20150302182433,0.0,0.0,0.0,0.1,1.8,0.0,97.9,0.1
20150302182503,0.0,0.0,0.0,0.1,1.1,0.0,98.8,0.1
20150302182533,0.0,0.0,0.0,0.0,0.5,0.0,99.4,0.1
20150302182603,0.0,0.0,0.0,0.0,0.1,0.0,99.9,0.0
20150302182633,0.0,0.0,0.0,0.0,0.1,0.0,99.9,0.0
20150302182703,0.0,0.0,0.0,0.0,0.3,0.0,99.7,0.0
20150302182733,0.0,0.0,0.0,0.0,15.3,0.0,84.6,0.1
20150302182803,0.0,0.0,0.0,0.9,74.3,0.0,24.8,0.1
20150302182833,0.0,0.0,0.0,0.4,23.9,0.0,75.6,0.0
20150302182903,0.0,0.0,0.0,0.0,1.4,0.0,98.5,0.0
20150302182933,0.0,0.0,0.0,0.0,0.2,0.0,99.8,0.0
20150302183003,0.0,0.0,0.0,0.0,0.2,0.0,99.8,0.0
20150302183033,0.0,0.0,0.0,0.0,0.3,0.0,98.5,1.2
20150302183103,0.0,0.0,0.0,0.0,0.1,0.0,90.6,9.3
20150302183133,0.0,0.0,0.0,0.2,0.4,0.0,92.5,6.9
20150302183203,0.0,0.0,0.0,31.0,64.1,0.0,3.7,1.1
20150302183233,0.0,0.0,0.0,23.1,52.8,0.0,16.7,7.3
20150302183303,0.0,0.0,0.0,16.8,44.2,0.0,34.0,4.9
20150302183333,0.0,0.0,0.1,5.2,39.6,0.0,46.4,8.8
20150302183403,0.0,0.0,0.1,31.8,34.7,0.0,22.8,10.7
20150302183433,0.0,0.0,0.2,30.6,32.5,0.0,28.3,8.4
20150302183503,0.0,0.0,0.0,14.6,49.5,0.0,24.7,11.2
20150302183533,0.0,0.0,0.0,8.0,12.3,0.0,37.2,42.4
20150302183603,0.0,0.0,0.1,20.5,41.6,0.0,10.3,27.5
20150302183633,0.0,0.0,0.0,2.7,12.2,0.0,64.2,20.8
20150302183703,0.0,0.0,0.0,1.3,7.7,0.0,84.2,6.8
20150302183733,0.0,0.0,0.0,0.1,7.0,0.0,82.6,10.2
20150302183803,0.0,0.0,0.0,0.3,10.5,0.0,81.7,7.5
20150302183833,0.0,0.0,0.0,0.2,7.5,0.0,66.5,25.7
20150302183903,0.0,0.0,0.0,0.1,1.7,0.0,79.2,19.0
20150302183933,0.0,0.0,0.0,0.0,0.2,0.0,94.2,5.6
20150302184003,0.0,0.0,0.0,0.9,3.6,0.0,19.7,75.8
20150302184033,0.0,0.0,0.1,52.9,24.1,0.0,4.5,18.5
20150302184103,0.0,0.0,0.0,24.3,11.9,0.0,4.9,58.9
20150302184133,0.0,0.0,0.1,7.0,6.3,0.0,8.6,78.1
20150302184203,0.0,0.0,0.0,3.1,3.5,0.0,36.8,56.6
20150302184233,0.0,0.0,0.1,0.2,1.1,0.0,68.0,30.6
20150302184304,0.0,0.0,0.0,0.0,0.3,0.0,91.7,7.9
20150302184334,0.0,0.0,0.0,0.0,0.0,0.0,81.2,18.7
20150302184404,0.0,0.0,0.0,0.0,0.1,0.0,85.7,14.2
20150302184434,0.0,0.0,0.0,0.0,0.1,0.0,90.8,9.2
20150302184504,0.0,0.0,0.0,0.0,0.1,0.0,82.1,17.8
20150302184534,0.0,0.0,0.0,0.0,0.1,0.0,98.9,1.1
20150302184604,0.0,0.0,0.0,0.0,0.0,0.0,99.6,0.4
20150302184634,0.0,0.0,0.0,0.0,0.6,0.0,94.2,5.1
20150302184704,0.0,0.0,0.0,0.0,0.2,0.0,93.9,5.9
20150302184734,0.0,0.0,0.0,0.0,0.0,0.0,98.0,2.0
20150302184804,0.0,0.0,0.0,0.0,0.0,0.0,99.4,0.6
20150302184834,0.0,0.0,0.0,0.0,0.1,0.0,97.5,2.4
20150302184904,0.0,0.0,0.0,0.0,0.0,0.0,99.5,0.5
20150302184934,0.0,0.0,0.0,0.1,0.2,0.0,96.0,3.6
20150302185004,0.0,0.0,0.0,0.0,0.1,0.0,96.3,3.6
20150302185034,0.0,0.0,0.0,0.0,0.0,0.0,96.9,3.1
20150302185104,0.0,0.0,0.0,0.0,0.0,0.0,98.4,1.5
20150302185134,0.0,0.0,0.0,0.0,0.3,0.0,97.3,2.4
20150302185204,0.0,0.0,0.0,0.0,0.2,0.0,89.2,10.6
20150302185234,0.0,0.0,0.0,0.0,0.3,0.0,86.8,12.8
20150302185304,0.0,0.0,0.0,0.0,0.1,0.0,89.4,10.5
20150302185334,0.0,0.0,0.0,0.0,0.1,0.0,92.7,7.2
20150302185404,0.0,0.0,0.0,0.0,0.1,0.0,96.5,3.4
20150302185434,0.0,0.0,0.0,0.0,0.4,0.0,78.2,21.3
20150302185504,0.0,0.0,0.0,0.0,0.4,0.0,92.4,7.2
20150302185534,0.0,0.0,0.0,0.0,0.0,0.0,88.8,11.1
20150302185604,0.0,0.0,0.0,0.0,0.1,0.0,87.4,12.5
20150302185634,0.0,0.0,0.0,0.0,0.5,0.0,86.5,13.0
20150302185704,0.0,0.0,0.0,0.0,0.1,0.0,94.4,5.6
20150302185734,0.0,0.0,0.0,0.1,1.0,0.0,85.3,13.6
20150302185804,0.0,0.0,0.0,0.0,0.4,0.0,83.9,15.6
20150302185834,0.0,0.0,0.0,0.0,0.0,0.0,95.8,4.1
20150302185904,0.0,0.0,0.0,0.1,0.1,0.0,92.0,7.8
20150302185934,0.0,0.0,0.0,0.0,0.0,0.0,88.8,11.1
20150302190004,0.0,0.0,0.0,0.0,0.4,0.0,89.8,9.8
20150302190034,0.0,0.0,0.0,0.0,0.0,0.0,95.7,4.3
20150302190104,0.0,0.0,0.0,0.0,0.1,0.0,97.0,3.0
20150302190134,0.0,0.0,0.0,0.0,0.1,0.0,87.6,12.3
20150302190204,0.0,0.0,0.0,0.0,0.1,0.0,98.4,1.5
20150302190234,0.0,0.0,0.0,0.0,0.2,0.0,94.3,5.4
20150302190304,0.0,0.0,0.0,0.0,0.0,0.0,97.8,2.1
20150302190334,0.0,0.0,0.0,0.1,0.5,0.0,94.6,4.8
20150302190404,0.0,0.0,0.0,0.1,0.1,0.0,85.0,14.8
20150302190434,0.0,0.0,0.1,0.1,0.6,0.0,89.0,10.1
20150302190504,0.0,0.0,0.1,0.1,0.3,0.0,93.2,6.3
20150302190534,0.0,0.0,0.1,0.1,0.1,0.0,95.4,4.4
20150302190604,0.0,0.0,0.1,0.0,0.3,0.0,96.4,3.2
20150302190634,0.0,0.0,0.0,0.0,0.1,0.0,95.6,4.2
20150302190704,0.0,0.0,0.0,0.1,0.2,0.0,91.8,7.9
20150302190734,0.0,0.0,0.0,0.0,0.6,0.0,94.2,5.1
20150302190804,0.0,0.0,0.0,0.1,0.4,0.0,95.3,4.3
20150302190834,0.0,0.0,0.0,0.1,0.3,0.0,96.3,3.3
20150302190904,0.0,0.0,0.0,0.0,0.2,0.0,93.9,5.8
20150302190934,0.0,0.0,0.0,0.0,0.3,0.0,95.0,4.7
20150302191004,0.0,0.0,0.0,0.0,0.3,0.0,84.7,15.0
20150302191035,0.0,0.0,0.0,0.0,0.4,0.0,93.0,6.6
20150302191105,0.0,0.0,0.0,0.0,0.2,0.0,98.6,1.2
20150302191135,0.0,0.0,0.0,0.0,0.2,0.0,98.7,1.1
20150302191205,0.0,0.0,0.0,0.0,0.3,0.0,97.9,1.8
20150302191235,0.0,0.0,0.0,0.0,0.2,0.0,98.7,1.1
20150302191305,0.0,0.0,0.0,0.0,0.1,0.0,99.0,0.9
20150302191335,0.0,0.0,0.0,0.0,0.1,0.0,98.9,0.9
20150302191405,0.0,0.0,0.0,0.0,0.1,0.0,99.1,0.8
20150302191435,0.0,0.0,0.0,0.0,0.1,0.0,98.3,1.6
20150302191505,0.0,0.0,0.0,0.0,0.1,0.0,97.4,2.5
20150302191535,0.0,0.0,0.0,0.0,0.0,0.0,94.2,5.7
20150302191605,0.0,0.0,0.0,0.0,0.0,0.0,96.3,3.6
20150302191635,0.0,0.0,0.0,0.0,0.0,0.0,96.7,3.3
20150302191705,0.0,0.0,0.0,0.0,0.0,0.0,96.2,3.7
20150302191735,0.0,0.0,0.0,0.0,0.0,0.0,97.9,2.0
20150302191805,0.0,0.0,0.0,0.1,0.4,0.0,89.8,9.8
20150302191835,0.0,0.0,0.0,0.1,0.3,0.0,87.8,11.8
20150302191905,0.0,0.0,0.0,0.0,0.1,0.0,82.0,17.9
20150302191935,0.0,0.0,0.0,0.1,0.3,0.0,74.1,25.5
20150302192005,0.0,0.0,0.0,0.0,0.1,0.0,96.0,3.9
20150302192035,0.0,0.0,0.0,0.0,0.4,0.0,85.6,13.9
20150302192105,0.0,0.0,0.0,0.1,0.4,0.0,95.5,4.1
20150302192135,0.0,0.0,0.0,0.0,0.9,0.0,81.0,18.0
20150302192205,0.0,0.0,0.0,0.1,0.2,0.0,95.3,4.4
20150302192235,0.0,0.0,0.0,0.1,0.5,0.0,94.4,5.1
20150302192305,0.0,0.0,0.0,0.0,0.1,0.0,98.8,1.1
20150302192335,0.0,0.0,0.0,0.0,0.2,0.0,97.0,2.8
20150302192405,0.0,0.0,0.0,0.0,0.3,0.0,96.8,3.0
20150302192435,0.0,0.0,0.0,0.0,0.0,0.0,98.8,1.2
20150302192505,0.0,0.0,0.0,0.0,0.1,0.0,98.1,1.9
20150302192535,0.0,0.0,0.0,0.0,0.0,0.0,99.9,0.1
20150302192605,0.0,0.0,0.0,0.0,0.0,0.0,98.3,1.7
20150302192635,0.0,0.0,0.0,0.0,0.1,0.0,94.4,5.6
20150302192705,0.0,0.0,0.0,0.0,0.6,0.0,83.6,15.7
20150302192735,0.0,0.0,0.0,0.2,2.6,0.0,87.6,9.6
20150302192805,0.0,0.0,0.0,0.2,0.3,0.0,92.8,6.7
20150302192835,0.0,0.0,0.0,0.1,0.4,0.0,93.9,5.6
20150302192905,0.0,0.0,0.0,0.0,0.1,0.0,94.8,5.1
20150302192935,0.0,0.0,0.0,0.0,0.1,0.0,95.1,4.8
20150302193005,0.0,0.0,0.0,0.0,0.3,0.0,85.7,13.9
20150302193035,0.0,0.0,0.0,0.0,1.0,0.0,87.4,11.6
20150302193105,0.0,0.0,0.0,0.0,2.0,0.0,90.3,7.7
20150302193135,0.0,0.0,0.0,0.2,6.1,0.0,76.9,16.8
20150302193205,0.0,0.0,0.0,0.0,0.2,0.0,97.2,2.6
20150302193235,0.0,0.0,0.0,0.0,0.2,0.0,95.7,4.1
20150302193305,0.0,0.0,0.0,0.1,0.2,0.0,92.7,7.0
20150302193335,0.0,0.0,0.0,0.0,0.1,0.0,98.4,1.4
20150302193405,0.0,0.0,0.1,0.2,0.2,0.0,97.7,1.8
20150302193435,0.0,0.0,0.1,0.1,0.4,0.0,95.4,4.1
20150302193505,0.0,0.0,0.0,0.2,0.6,0.0,96.8,2.4
20150302193535,0.0,0.0,0.0,0.1,0.9,0.0,97.9,1.1
20150302193605,0.0,0.0,0.0,0.0,0.1,0.0,99.8,0.1
20150302193635,0.0,0.0,0.0,0.0,0.1,0.0,98.2,1.7
20150302193705,0.0,0.0,0.0,0.6,0.6,0.0,96.2,2.6
20150302193735,0.0,0.0,0.0,1.7,2.8,0.0,92.2,3.2
20150302193805,0.0,0.0,0.0,1.3,5.0,0.0,93.2,0.4
20150302193835,0.0,0.0,0.0,0.1,1.0,0.0,98.7,0.2
20150302193905,0.0,0.0,0.0,0.2,0.5,0.0,96.5,2.9
20150302193935,0.0,0.0,0.1,0.2,8.8,0.0,85.8,5.1
20150302194005,0.0,0.0,0.0,0.1,29.9,0.0,65.4,4.5
20150302194035,0.0,0.0,0.0,0.3,25.8,0.0,68.8,5.2
20150302194105,0.0,0.0,0.0,0.0,12.3,0.0,74.3,13.4
20150302194135,0.0,0.0,0.0,0.0,3.4,0.0,76.4,20.1
20150302194205,0.0,0.0,0.0,0.1,6.5,0.0,79.7,13.7
20150302194235,0.0,0.0,0.0,0.0,0.8,0.0,25.4,73.8
20150302194305,0.0,0.1,0.0,0.1,1.2,0.0,66.9,31.8
20150302194335,0.0,0.0,0.0,0.0,0.1,0.0,98.5,1.4
20150302194405,0.0,0.0,0.0,0.1,3.9,0.0,80.8,15.3
20150302194435,0.0,0.0,0.0,0.0,0.3,0.0,80.6,19.1
20150302194506,0.0,0.0,0.0,0.1,0.4,0.0,55.2,44.4
20150302194536,0.0,0.0,0.0,0.2,5.4,0.0,28.7,65.6
20150302194606,0.0,0.0,0.0,0.0,2.7,0.0,42.5,54.7
20150302194636,0.0,0.0,0.0,0.1,0.7,0.0,70.2,28.9
20150302194706,0.0,0.0,0.0,0.0,0.1,0.0,83.6,16.3
20150302194736,0.0,0.0,0.0,0.0,0.7,0.0,86.9,12.4
20150302194806,0.0,0.0,0.0,0.0,1.2,0.0,76.6,22.2
20150302194836,0.0,0.0,0.0,0.0,2.6,0.0,78.0,19.4
20150302194906,0.0,0.0,0.0,0.0,0.6,0.0,91.9,7.5
20150302194936,0.0,0.0,0.0,0.0,1.2,0.0,95.6,3.2
20150302195006,0.0,0.0,0.0,0.1,1.3,0.0,93.7,5.0
20150302195036,0.0,0.0,0.0,0.1,2.5,0.0,93.4,4.0
20150302195106,0.0,0.0,0.0,0.0,0.3,0.0,93.0,6.7
20150302195136,0.0,0.0,0.0,0.0,0.1,0.0,88.4,11.6
20150302195206,0.0,0.0,0.0,0.2,0.8,0.0,86.8,12.3
20150302195236,0.0,0.0,0.0,0.1,0.5,0.0,79.3,20.2
20150302195306,0.0,0.0,0.0,0.1,0.6,0.0,79.0,20.2
20150302195336,0.0,0.0,0.0,0.1,0.4,0.0,86.5,13.1
20150302195406,0.0,0.0,0.0,0.1,0.4,0.0,93.1,6.5
20150302195436,0.0,0.0,0.0,0.0,1.3,0.0,95.8,2.9
20150302195506,0.0,0.0,0.0,0.1,1.6,0.0,94.8,3.5
20150302195536,0.0,0.0,0.0,0.0,0.2,0.0,96.4,3.3
20150302195606,0.0,0.0,0.0,0.0,0.1,0.0,92.5,7.4
20150302195636,0.0,0.0,0.0,0.0,1.4,0.0,86.1,12.5
20150302195706,0.0,0.0,0.0,0.1,4.5,0.0,78.3,17.1
20150302195736,0.0,0.0,0.0,0.1,1.7,0.0,91.3,6.9
20150302195806,0.0,0.0,0.0,0.0,1.3,0.0,96.8,1.8
20150302195836,0.0,0.0,0.0,0.1,0.4,0.0,87.6,11.9
20150302195906,0.0,0.0,0.0,0.1,1.0,0.0,95.5,3.4
20150302195936,0.0,0.0,0.0,0.1,0.8,0.0,95.4,3.7
20150302200006,0.0,0.0,0.0,0.0,0.1,0.0,98.1,1.9
20150302200036,0.0,0.0,0.0,0.0,0.2,0.0,89.1,10.7
20150302200106,0.0,0.0,0.0,0.0,0.4,0.0,68.9,30.6
20150302200136,0.0,0.0,0.0,0.0,0.4,0.0,85.3,14.2
20150302200206,0.0,0.0,0.0,0.1,1.0,0.0,90.5,8.5
20150302200236,0.0,0.0,0.0,0.1,0.6,0.0,91.2,8.1
20150302200306,0.0,0.0,0.0,0.2,0.5,0.0,92.6,6.8
20150302200336,0.0,0.0,0.0,0.0,0.1,0.0,95.8,4.0
20150302200406,0.0,0.0,0.0,0.1,0.3,0.0,92.3,7.3
20150302200436,0.0,0.0,0.0,0.0,0.1,0.0,95.7,4.2
20150302200506,0.0,0.0,0.0,0.0,0.1,0.0,79.2,20.6
20150302200536,0.0,0.0,0.0,0.1,0.5,0.0,73.3,26.1
20150302200606,0.0,0.0,0.0,0.0,0.2,0.0,93.6,6.2
20150302200636,0.0,0.0,0.0,0.0,0.1,0.0,81.2,18.7
20150302200706,0.0,0.0,0.0,0.0,0.0,0.0,80.6,19.3
20150302200736,0.0,0.0,0.0,0.0,0.0,0.0,69.7,30.3
20150302200806,0.0,0.0,0.0,0.0,0.0,0.0,72.6,27.4
20150302200836,0.0,0.0,0.0,0.0,0.1,0.0,84.5,15.4
20150302200906,0.0,0.0,0.0,0.0,0.0,0.0,86.0,13.9
20150302200936,0.0,0.0,0.0,0.0,0.0,0.0,90.0,9.9
20150302201006,0.0,0.0,0.0,0.0,0.0,0.0,91.3,8.6
20150302201036,0.0,0.0,0.0,0.0,0.1,0.0,86.2,13.7
20150302201106,0.0,0.0,0.0,0.0,0.2,0.0,65.1,34.7
20150302201136,0.0,0.0,0.0,0.0,0.1,0.0,69.0,31.0
20150302201206,0.0,0.0,0.0,0.0,0.2,0.0,59.9,39.9
20150302201236,0.0,0.0,0.0,0.2,0.4,0.0,67.8,31.5
20150302201306,0.0,0.0,0.0,0.2,0.2,0.0,65.5,34.1
20150302201336,0.0,0.0,0.0,0.3,0.1,0.0,69.7,29.8
20150302201406,0.0,0.0,0.0,0.4,0.3,0.0,31.8,67.5
20150302201436,0.0,0.0,0.1,0.6,1.0,0.0,67.9,30.4
20150302201506,0.0,0.0,0.0,0.5,1.7,0.0,49.7,48.0
20150302201536,0.0,0.0,0.0,0.8,0.2,0.0,44.8,54.2
20150302201606,0.0,0.0,0.1,2.0,0.2,0.0,38.0,59.6
20150302201636,0.0,0.0,0.0,1.0,0.1,0.0,40.6,58.3
20150302201706,0.0,0.0,0.0,0.2,0.2,0.0,79.4,20.3
20150302201736,0.0,0.0,0.0,0.3,0.2,0.0,83.8,15.7
20150302201806,0.0,0.0,0.0,0.3,0.2,0.0,66.8,32.6
20150302201836,0.0,0.0,0.0,0.3,0.3,0.0,46.9,52.5
20150302201907,0.0,0.0,0.0,0.2,0.1,0.0,55.9,43.8
20150302201937,0.0,0.0,0.0,0.1,0.1,0.0,35.3,64.5
20150302202007,0.0,0.0,0.0,0.9,0.1,0.0,18.2,80.8
20150302202037,0.0,0.0,0.0,0.1,0.1,0.0,44.8,55.0
20150302202107,0.0,0.0,0.0,0.1,0.1,0.0,24.9,75.0
20150302202137,0.0,0.0,0.0,0.0,0.0,0.0,26.3,73.6
20150302202207,0.0,0.0,0.0,0.0,0.0,0.0,13.0,87.0
20150302202237,0.0,0.0,0.0,0.1,0.1,0.0,17.9,82.0
20150302202307,0.0,0.0,0.0,0.3,0.2,0.0,14.9,84.6
20150302202337,0.0,0.0,0.0,0.1,0.1,0.0,42.4,57.5
20150302202407,0.0,0.0,0.0,0.0,0.1,0.0,36.8,63.1
20150302202437,0.0,0.0,0.0,0.2,0.1,0.0,24.1,75.7
20150302202507,0.0,0.0,0.0,0.1,0.0,0.0,89.6,10.3
20150302202537,0.0,0.0,0.0,0.4,0.1,0.0,91.4,8.2
20150302202607,0.0,0.0,0.0,0.1,0.0,0.0,93.7,6.2
20150302202637,0.0,0.0,0.1,0.3,0.0,0.0,84.9,14.8
20150302202707,0.0,0.0,0.0,0.0,0.0,0.0,83.0,16.9
20150302202737,0.0,0.0,0.0,0.1,0.0,0.0,85.7,14.2
20150302202807,0.0,0.0,0.0,0.0,0.0,0.0,87.8,12.1
20150302202837,0.0,0.0,0.0,0.1,0.0,0.0,92.5,7.4
20150302202907,0.0,0.0,0.0,0.0,0.0,0.0,91.5,8.4
20150302202937,0.0,0.0,0.0,0.0,0.0,0.0,90.9,9.0
20150302203007,0.0,0.0,0.0,0.1,0.1,0.0,72.5,27.3
20150302203037,0.0,0.1,0.1,0.2,0.4,0.0,41.3,58.0
20150302203107,0.0,0.0,0.0,0.4,0.4,0.0,49.0,50.2
20150302203137,0.0,0.0,0.0,0.1,0.5,0.0,55.1,44.4
20150302203207,0.0,0.0,0.0,0.0,0.2,0.0,54.1,45.7
20150302203237,0.0,0.0,0.0,0.0,0.0,0.0,79.7,20.3
20150302203307,0.0,0.0,0.0,0.0,0.1,0.0,89.6,10.3
20150302203337,0.0,0.0,0.0,0.0,0.0,0.0,88.3,11.7
20150302203407,0.0,0.0,0.0,0.0,0.1,0.0,69.5,30.3
20150302203437,0.0,0.0,0.0,0.0,0.1,0.0,95.8,4.1
20150302203507,0.0,0.0,0.0,0.0,0.0,0.0,99.1,0.9
20150302203537,0.0,0.0,0.0,0.0,0.0,0.0,98.7,1.3
20150302203607,0.0,0.0,0.0,0.0,0.0,0.0,97.8,2.2
20150302203637,0.0,0.0,0.0,0.0,0.0,0.0,97.2,2.7
20150302203707,0.0,0.0,0.0,0.0,0.1,0.0,97.0,2.8
20150302203737,0.0,0.0,0.0,0.0,0.1,0.0,97.2,2.7
20150302203807,0.0,0.0,0.0,0.0,0.4,0.0,91.7,7.9
20150302203837,0.0,0.0,0.0,0.0,0.1,0.0,97.0,2.8
20150302203907,0.0,0.0,0.0,0.0,0.1,0.0,94.1,5.8
20150302203937,0.0,0.0,0.0,0.0,0.1,0.0,99.5,0.4
20150302204007,0.0,0.0,0.0,0.0,0.0,0.0,99.8,0.2
20150302204037,0.0,0.0,0.0,0.0,0.0,0.0,99.3,0.7
20150302204107,0.0,0.0,0.0,0.0,0.1,0.0,98.9,1.0
20150302204137,0.0,0.0,0.0,0.0,0.0,0.0,99.8,0.2
20150302204207,0.0,0.0,0.0,0.0,0.0,0.0,99.8,0.2
20150302204237,0.0,0.0,0.0,0.0,0.1,0.0,97.6,2.3
20150302204307,0.0,0.0,0.0,0.0,0.2,0.0,97.5,2.2
20150302204337,0.0,0.0,0.0,0.0,0.0,0.0,99.1,0.9
20150302204407,0.0,0.0,0.0,0.0,0.0,0.0,99.4,0.6
20150302204437,0.0,0.0,0.0,0.0,0.0,0.0,99.4,0.6
20150302204507,0.0,0.0,0.0,0.0,0.0,0.0,99.9,0.1
20150302204537,0.0,0.0,0.0,0.0,0.0,0.0,99.8,0.2
20150302204607,0.0,0.0,0.0,0.0,0.0,0.0,99.9,0.1
20150302204637,0.0,0.0,0.0,0.0,0.0,0.0,99.7,0.2
20150302204707,0.0,0.0,0.0,0.0,0.0,0.0,99.8,0.2
20150302204737,0.0,0.0,0.0,2.7,0.1,0.0,84.9,12.3
20150302204807,0.0,0.0,0.0,8.8,1.6,0.0,64.4,25.2
20150302204837,0.0,0.0,0.0,0.1,0.0,0.0,75.0,24.8
20150302204907,0.0,0.0,0.0,0.0,0.0,0.0,92.2,7.8
20150302204937,0.0,0.0,0.0,0.1,0.0,0.0,82.1,17.8
20150302205007,0.0,0.0,0.0,0.0,0.0,0.0,98.1,1.8
20150302205037,0.0,0.0,0.0,0.0,0.0,0.0,99.9,0.1
20150302205107,0.0,0.0,0.0,0.0,0.0,0.0,99.6,0.4
20150302205137,0.0,0.0,0.0,0.0,0.0,0.0,100.0,0.0
20150302205207,0.0,0.0,0.0,0.0,0.0,0.0,99.6,0.4
20150302205238,0.0,0.0,0.0,0.0,0.0,0.0,96.4,3.6
20150302205308,0.0,0.0,0.0,0.0,0.0,0.0,99.5,0.4
20150302205338,0.0,0.0,0.0,0.0,0.0,0.0,98.5,1.4
20150302205408,0.0,0.0,0.0,0.0,0.0,0.0,99.0,1.0
20150302205438,0.0,0.0,0.0,0.0,0.0,0.0,99.5,0.5
20150302205508,0.0,0.0,0.0,0.0,0.2,0.0,97.1,2.7
20150302205538,0.0,0.0,0.0,0.0,0.0,0.0,99.6,0.4
20150302205608,0.0,0.0,0.0,0.2,0.8,0.0,95.5,3.5
20150302205638,0.0,0.0,0.0,0.2,0.3,0.0,79.5,19.9
20150302205708,0.0,0.0,0.0,0.0,0.1,0.0,91.4,8.5
20150302205738,0.0,0.0,0.0,0.0,0.1,0.0,91.6,8.3
20150302205808,0.0,0.0,0.0,0.1,0.8,0.0,84.8,14.3
20150302205838,0.0,0.0,0.0,0.6,0.7,0.0,79.2,19.5
20150302205908,0.0,0.0,0.0,6.0,11.4,0.0,33.8,48.7
20150302205938,0.0,0.0,0.0,4.9,3.7,0.0,57.0,34.4
20150302210008,0.0,0.0,0.0,4.4,3.7,0.0,78.1,13.8
20150302210038,0.0,0.0,0.0,17.9,8.9,0.0,33.6,39.6
20150302210108,0.0,0.0,0.0,26.8,1.6,0.0,22.8,48.7
20150302210138,0.0,0.0,0.0,42.3,32.9,0.0,4.4,20.4
20150302210208,0.0,0.0,0.0,33.2,66.7,0.0,0.0,0.1
20150302210238,0.0,0.0,0.0,60.7,38.5,0.0,0.3,0.6
20150302210308,0.0,0.0,0.0,93.8,3.6,0.0,0.6,2.0
20150302210338,0.0,0.0,0.0,0.5,0.6,0.0,89.5,9.4
20150302210408,0.0,0.0,0.0,13.0,9.5,0.0,74.4,3.1
20150302210438,0.0,0.0,0.0,42.5,17.7,0.0,22.4,17.5
20150302210508,0.0,0.0,0.0,61.7,36.2,0.0,1.0,1.1
20150302210538,0.0,0.0,0.0,38.9,60.0,0.0,0.7,0.4
20150302210608,0.0,0.0,0.0,1.8,3.2,0.0,92.6,2.5
20150302210638,0.0,0.0,0.0,13.0,4.2,0.0,75.1,7.7
20150302210708,0.0,0.0,0.0,0.7,0.7,0.0,97.5,1.1
20150302210738,0.0,0.0,0.0,0.0,0.1,0.0,99.7,0.2
20150302210808,0.0,0.0,0.0,0.0,0.0,0.0,99.9,0.1
20150302210838,0.0,0.0,0.0,0.0,0.5,0.0,99.3,0.2
20150302210908,0.0,0.0,0.0,0.0,0.2,0.0,99.5,0.3
20150302210938,0.0,0.0,0.0,0.2,0.8,0.0,98.9,0.2
20150302211008,0.0,0.0,0.0,0.1,0.1,0.0,99.1,0.7
20150302211038,0.0,0.0,0.0,0.1,0.9,0.0,98.3,0.7
20150302211108,0.0,0.0,0.0,0.0,0.1,0.0,99.9,0.0
20150302211138,0.0,0.0,0.0,0.0,0.0,0.0,100.0,0.0
20150302211208,0.0,0.0,0.0,0.0,0.1,0.0,99.4,0.5
20150302211238,0.0,0.0,0.0,0.0,0.1,0.0,99.8,0.1
20150302211308,0.0,0.0,0.0,0.0,0.0,0.0,99.7,0.2
20150302211338,0.0,0.0,0.0,0.0,0.1,0.0,99.8,0.1
20150302211408,0.0,0.0,0.0,0.0,0.0,0.0,99.9,0.1
20150302211438,0.0,0.0,0.0,0.0,0.0,0.0,100.0,0.0
20150302211508,0.0,0.0,0.0,0.0,0.1,0.0,99.7,0.2
20150302211538,0.0,0.0,0.0,0.0,0.0,0.0,100.0,0.0
20150302211608,0.0,0.0,0.0,0.0,0.0,0.0,100.0,0.0
20150302211638,0.0,0.0,0.0,0.0,0.0,0.0,100.0,0.0
20150302211708,0.0,0.0,0.0,0.0,0.1,0.0,99.4,0.6
20150302211738,0.0,0.0,0.0,0.0,0.0,0.0,99.8,0.2
20150302211808,0.0,0.0,0.0,0.0,0.0,0.0,100.0,0.0
20150302211838,0.0,0.0,0.0,0.0,0.0,0.0,100.0,0.0
20150302211908,0.0,0.0,0.0,0.0,0.0,0.0,100.0,0.0
20150302211938,0.0,0.0,0.0,0.0,0.0,0.0,100.0,0.0
20150302212008,0.0,0.0,0.0,0.0,0.0,0.0,100.0,0.0
20150302212039,0.0,0.0,0.0,0.0,0.0,0.0,100.0,0.0
20150302212109,0.0,0.0,0.0,0.0,0.0,0.0,100.0,0.0
20150302212139,0.0,0.0,0.0,0.0,0.0,0.0,100.0,0.0
20150302212209,0.0,0.0,0.0,0.0,0.0,0.0,100.0,0.0
20150302212239,0.0,0.0,0.0,0.0,0.0,0.0,100.0,0.0
20150302212309,0.0,0.0,0.0,0.0,0.0,0.0,100.0,0.0
20150302212339,0.0,0.0,0.0,0.0,0.0,0.0,100.0,0.0
20150302212409,0.0,0.0,0.0,0.0,0.1,0.0,99.7,0.2
20150302212439,0.0,0.0,0.0,0.0,0.0,0.0,99.4,0.6
20150302212509,0.0,0.0,0.0,0.0,0.0,0.0,99.8,0.2
20150302212539,0.0,0.0,0.0,0.0,0.0,0.0,99.9,0.0
20150302212609,0.0,0.0,0.0,0.0,0.0,0.0,99.9,0.1
20150302212639,0.0,0.0,0.0,0.0,0.0,0.0,99.9,0.1
20150302212709,0.0,0.0,0.0,0.0,0.0,0.0,100.0,0.0
20150302212739,0.0,0.0,0.0,0.0,0.0,0.0,99.7,0.2
20150302212809,0.0,0.0,0.0,0.0,0.0,0.0,99.9,0.1
20150302212839,0.0,0.0,0.0,0.0,0.0,0.0,100.0,0.0
20150302212909,0.0,0.0,0.0,0.0,0.0,0.0,100.0,0.0
20150302212939,0.0,0.0,0.0,0.0,0.0,0.0,100.0,0.0
20150302213009,0.0,0.0,0.0,0.0,0.0,0.0,99.9,0.1
20150302213039,0.0,0.0,0.0,0.0,0.0,0.0,99.9,0.1
20150302213109,0.0,0.0,0.0,0.0,0.0,0.0,99.7,0.3
20150302213139,0.0,0.0,0.0,0.0,0.0,0.0,99.7,0.3
20150302213209,0.0,0.0,0.0,0.0,0.0,0.0,99.8,0.2
20150302213239,0.0,0.0,0.0,0.0,0.0,0.0,99.3,0.7
20150302213309,0.0,0.0,0.0,0.0,0.0,0.0,98.7,1.3
20150302213339,0.0,0.0,0.0,0.0,0.0,0.0,99.4,0.6
20150302213409,0.0,0.0,0.0,0.0,0.0,0.0,89.7,10.3
20150302213439,0.0,0.0,0.0,0.0,0.0,0.0,99.6,0.4
20150302213509,0.0,0.0,0.0,0.0,0.0,0.0,99.7,0.3
20150302213539,0.0,0.0,0.0,0.0,0.0,0.0,99.7,0.3
20150302213609,0.0,0.0,0.0,0.0,0.0,0.0,99.9,0.1
20150302213639,0.0,0.0,0.0,0.0,0.0,0.0,100.0,0.0
20150302213709,0.0,0.0,0.0,0.0,0.0,0.0,99.9,0.1
20150302213739,0.0,0.0,0.0,0.0,0.0,0.0,99.9,0.1
20150302213809,0.0,0.0,0.0,0.0,0.0,0.0,99.2,0.8
20150302213839,0.0,0.0,0.0,0.0,0.0,0.0,96.8,3.1
20150302213909,0.0,0.0,0.0,0.0,0.0,0.0,97.0,3.0
20150302213939,0.0,0.0,0.0,0.0,0.0,0.0,99.2,0.8
20150302214009,0.0,0.0,0.0,0.0,0.0,0.0,99.8,0.2
20150302214039,0.0,0.0,0.0,0.0,0.0,0.0,99.3,0.7
20150302214109,0.0,0.0,0.0,0.0,0.0,0.0,98.9,1.1
20150302214139,0.0,0.0,0.0,0.0,0.0,0.0,99.6,0.4
20150302214209,0.0,0.0,0.0,0.0,0.0,0.0,99.9,0.1
20150302214239,0.0,0.0,0.0,0.0,0.0,0.0,100.0,0.0
20150302214309,0.0,0.0,0.0,0.0,0.0,0.0,99.5,0.4
20150302214339,0.0,0.0,0.0,0.0,0.0,0.0,100.0,0.0
20150302214409,0.0,0.0,0.0,0.0,0.0,0.0,99.6,0.4
20150302214439,0.0,0.0,0.0,0.0,0.0,0.0,99.9,0.1
20150302214509,0.0,0.0,0.0,0.0,0.0,0.0,99.1,0.9
20150302214539,0.0,0.0,0.0,0.0,0.0,0.0,100.0,0.0
20150302214609,0.0,0.0,0.0,0.0,0.0,0.0,99.9,0.1
20150302214639,0.0,0.0,0.0,0.0,0.0,0.0,99.9,0.1
20150302214709,0.0,0.0,0.0,0.0,0.0,0.0,99.1,0.9
20150302214739,0.0,0.0,0.0,0.0,0.0,0.0,99.9,0.1
20150302214809,0.0,0.0,0.0,0.0,0.0,0.0,100.0,0.0
20150302214839,0.0,0.0,0.0,0.0,0.0,0.0,100.0,0.0
20150302214909,0.0,0.0,0.0,0.0,0.0,0.0,99.9,0.1
20150302214939,0.0,0.0,0.0,0.0,0.0,0.0,100.0,0.0
20150302215009,0.0,0.0,0.0,0.0,0.0,0.0,99.4,0.6
20150302215039,0.0,0.0,0.0,0.0,0.0,0.0,100.0,0.0
20150302215109,0.0,0.0,0.0,0.0,0.0,0.0,100.0,0.0
20150302215139,0.0,0.0,0.0,0.0,0.0,0.0,100.0,0.0
20150302215209,0.0,0.0,0.0,0.0,0.0,0.0,100.0,0.0
20150302215239,0.0,0.0,0.0,0.0,0.0,0.0,99.9,0.1
20150302215309,0.0,0.0,0.0,0.0,0.0,0.0,100.0,0.0
20150302215339,0.0,0.0,0.0,0.0,0.0,0.0,99.9,0.0
20150302215409,0.0,0.0,0.0,0.0,0.0,0.0,100.0,0.0
20150302215440,0.0,0.0,0.0,0.0,0.0,0.0,100.0,0.0
20150302215510,0.0,0.0,0.0,0.0,0.1,0.0,99.7,0.2
20150302215540,0.0,0.0,0.0,0.0,0.2,0.0,99.1,0.7
20150302215610,0.0,0.0,0.0,0.0,0.0,0.0,99.9,0.1
20150302215640,0.0,0.0,0.0,0.0,0.0,0.0,99.9,0.1
20150302215710,0.0,0.0,0.0,0.0,0.0,0.0,99.9,0.1
20150302215740,0.0,0.0,0.0,0.0,0.2,0.0,99.7,0.1
20150302215810,0.0,0.0,0.0,0.0,0.1,0.0,99.7,0.1
20150302215840,0.0,0.0,0.0,0.0,0.4,0.0,99.4,0.2
20150302215910,0.0,0.0,0.0,0.0,0.0,0.0,99.9,0.0
20150302215940,0.0,0.0,0.0,0.0,0.0,0.0,99.9,0.1
20150302220010,0.0,0.0,0.0,0.0,0.1,0.0,99.9,0.0
20150302220040,0.0,0.0,0.0,0.0,0.0,0.0,99.9,0.0
20150302220110,0.0,0.0,0.0,0.0,0.0,0.0,100.0,0.0
20150302220140,0.0,0.0,0.0,0.0,0.0,0.0,100.0,0.0
20150302220210,0.0,0.0,0.0,0.0,0.0,0.0,100.0,0.0
20150302220240,0.0,0.0,0.0,0.0,0.0,0.0,100.0,0.0
20150302220310,0.0,0.0,0.0,0.0,0.1,0.0,99.9,0.0
20150302220340,0.0,0.0,0.0,0.0,0.0,0.0,99.9,0.0
20150302220410,0.0,0.0,0.0,0.0,0.0,0.0,99.9,0.0
20150302220440,0.0,0.0,0.0,0.0,0.0,0.0,100.0,0.0
20150302220510,0.0,0.0,0.0,0.0,0.0,0.0,99.9,0.1
20150302220540,0.0,0.0,0.0,0.0,0.0,0.0,99.6,0.3
20150302220610,0.0,0.0,0.0,0.2,0.1,0.0,98.3,1.4
20150302220640,0.0,0.0,0.0,0.0,0.0,0.0,99.8,0.1
20150302220710,0.0,0.0,0.0,0.1,0.1,0.0,99.6,0.2
20150302220740,0.0,0.0,0.0,0.5,3.0,0.0,93.7,2.8
20150302220810,0.0,0.0,0.0,0.0,0.2,0.0,99.4,0.3
20150302220840,0.0,0.0,0.0,0.0,0.2,0.0,99.3,0.5
20150302220910,0.0,0.0,0.0,0.1,0.3,0.0,98.3,1.3
20150302220940,0.0,0.0,0.0,0.0,0.1,0.0,98.2,1.7
20150302221010,0.0,0.0,0.0,0.0,0.0,0.0,99.8,0.2
20150302221040,0.0,0.0,0.0,0.0,0.0,0.0,99.8,0.2
20150302221110,0.0,0.0,0.0,0.0,0.0,0.0,99.5,0.4
20150302221140,0.0,0.0,0.0,0.0,0.0,0.0,99.6,0.4
20150302221210,0.0,0.0,0.0,0.0,0.0,0.0,99.8,0.2
20150302221240,0.0,0.0,0.0,0.0,0.0,0.0,100.0,0.0
20150302221310,0.0,0.0,0.0,0.0,0.0,0.0,99.8,0.2
20150302221340,0.0,0.0,0.0,0.0,0.0,0.0,99.5,0.4
20150302221410,0.0,0.0,0.0,0.1,0.0,0.0,99.7,0.2
20150302221440,0.0,0.0,0.0,0.0,0.0,0.0,100.0,0.0
20150302221510,0.0,0.0,0.0,0.0,0.1,0.0,99.8,0.1
20150302221540,0.0,0.0,0.0,0.0,0.0,0.0,100.0,0.0
20150302221610,0.0,0.0,0.0,0.0,0.0,0.0,99.9,0.0
20150302221640,0.0,0.0,0.0,0.0,0.1,0.0,99.8,0.0
20150302221710,0.0,0.0,0.0,0.0,0.0,0.0,100.0,0.0
20150302221740,0.0,0.0,0.0,0.0,0.0,0.0,99.8,0.1
20150302221810,0.0,0.0,0.0,0.0,0.0,0.0,99.9,0.1
20150302221840,0.0,0.0,0.0,0.0,0.0,0.0,99.9,0.1
20150302221910,0.0,0.0,0.0,0.0,0.0,0.0,100.0,0.0
20150302221940,0.0,0.0,0.0,0.0,0.0,0.0,99.9,0.1
20150302222010,0.0,0.0,0.0,0.0,0.0,0.0,99.8,0.2
20150302222040,0.0,0.0,0.0,0.0,0.2,0.0,99.5,0.3
20150302222110,0.0,0.0,0.0,0.0,0.0,0.0,99.7,0.3
20150302222140,0.0,0.0,0.0,0.0,0.0,0.0,99.8,0.1
20150302222210,0.0,0.0,0.0,0.0,0.0,0.0,99.9,0.1
20150302222240,0.0,0.0,0.0,0.0,0.1,0.0,99.7,0.2
20150302222310,0.0,0.0,0.0,0.0,0.0,0.0,99.8,0.1
20150302222340,0.0,0.0,0.0,0.0,0.0,0.0,99.9,0.1
20150302222410,0.0,0.0,0.0,0.0,0.1,0.0,99.0,0.8
20150302222440,0.0,0.0,0.0,0.0,0.1,0.0,98.9,1.0
20150302222510,0.0,0.0,0.0,0.3,0.2,0.0,98.9,0.6
20150302222540,0.0,0.0,0.0,0.4,0.0,0.0,98.7,0.9
20150302222610,0.0,0.0,0.0,0.1,0.0,0.0,99.3,0.6
20150302222640,0.0,0.0,0.0,0.1,0.2,0.0,99.4,0.3
20150302222710,0.0,0.0,0.0,0.0,0.0,0.0,99.4,0.5
20150302222740,0.0,0.0,0.0,0.0,0.0,0.0,99.7,0.3
20150302222810,0.0,0.0,0.0,0.0,0.0,0.0,99.9,0.1
20150302222840,0.0,0.0,0.0,0.0,0.1,0.0,99.6,0.4
20150302222910,0.0,0.0,0.0,0.0,0.1,0.0,99.6,0.3
20150302222941,0.0,0.0,0.0,0.0,0.0,0.0,99.9,0.1
20150302223011,0.0,0.0,0.0,0.0,0.1,0.0,99.9,0.0
20150302223041,0.0,0.0,0.0,0.0,0.0,0.0,99.9,0.0
20150302223111,0.0,0.0,0.0,0.0,0.1,0.0,98.1,1.8
20150302223141,0.0,0.0,0.0,0.0,0.3,0.0,99.5,0.2
20150302223211,0.0,0.0,0.0,0.1,0.1,0.0,99.7,0.2
20150302223241,0.0,0.0,0.0,0.1,1.6,0.0,96.7,1.6
20150302223311,0.0,0.0,0.0,0.0,0.2,0.0,99.6,0.2
20150302223341,0.0,0.0,0.0,0.0,1.1,0.0,98.5,0.3
20150302223411,0.0,0.0,0.0,0.3,0.8,0.0,97.9,1.0
20150302223441,0.0,0.0,0.0,0.1,2.3,0.0,96.3,1.3
20150302223511,0.0,0.0,0.0,0.0,1.4,0.0,97.1,1.4
20150302223541,0.0,0.0,0.0,0.2,0.9,0.0,98.2,0.7
20150302223611,0.0,0.0,0.0,0.2,0.2,0.0,99.5,0.1
20150302223641,0.0,0.0,0.0,0.0,0.0,0.0,99.8,0.1
20150302223711,0.0,0.0,0.0,0.1,0.4,0.0,99.0,0.5
20150302223741,0.0,0.0,0.0,0.1,0.3,0.0,98.6,1.0
20150302223811,0.0,0.0,0.0,0.0,0.0,0.0,99.5,0.4
20150302223841,0.0,0.0,0.0,0.0,0.0,0.0,98.1,1.8
20150302223911,0.0,0.0,0.0,0.0,0.0,0.0,99.5,0.4
20150302223941,0.0,0.0,0.0,0.1,0.2,0.0,98.8,1.0
20150302224011,0.0,0.0,0.0,0.1,0.1,0.0,96.8,3.0
20150302224041,0.0,0.0,0.0,0.1,0.0,0.0,98.8,1.1
20150302224111,0.0,0.0,0.0,0.1,0.0,0.0,99.5,0.4
20150302224141,0.0,0.0,0.0,0.0,0.0,0.0,99.7,0.2
20150302224211,0.0,0.0,0.0,0.1,0.1,0.0,99.3,0.6
20150302224241,0.0,0.0,0.0,0.1,0.3,0.0,98.3,1.3
20150302224311,0.0,0.0,0.0,0.3,0.2,0.0,98.9,0.6
20150302224341,0.0,0.0,0.0,1.9,2.4,0.0,90.7,5.0
20150302224411,0.0,0.0,0.0,0.8,0.9,0.0,97.3,1.0
20150302224441,0.0,0.0,0.0,0.7,0.5,0.0,97.7,1.1
20150302224511,0.0,0.0,0.0,0.2,0.4,0.0,98.8,0.6
20150302224541,0.0,0.0,0.0,0.3,2.2,0.0,95.1,2.4
20150302224611,0.0,0.0,0.0,0.2,0.2,0.0,98.4,1.2
20150302224641,0.0,0.0,0.0,0.1,0.5,0.0,98.4,1.0
20150302224711,0.0,0.0,0.0,1.1,1.5,0.0,95.6,1.8
20150302224741,0.0,0.0,0.0,0.1,0.0,0.0,99.7,0.2
20150302224811,0.0,0.0,0.0,0.4,0.6,0.0,97.2,1.8
20150302224841,0.0,0.0,0.0,0.1,0.1,0.0,99.1,0.7
20150302224911,0.0,0.0,0.0,0.1,0.0,0.0,99.6,0.2
20150302224941,0.0,0.0,0.0,0.1,0.1,0.0,99.1,0.7
20150302225011,0.0,0.0,0.0,0.1,0.0,0.0,98.5,1.4
20150302225041,0.0,0.0,0.0,0.0,0.0,0.0,99.0,0.9
20150302225111,0.0,0.0,0.0,0.3,0.0,0.0,95.0,4.6
20150302225141,0.0,0.0,0.0,0.6,0.1,0.0,90.0,9.3
20150302225211,0.0,0.0,0.0,0.1,0.0,0.0,98.0,1.9
20150302225241,0.0,0.0,0.0,0.1,0.0,0.0,98.6,1.3
20150302225311,0.0,0.0,0.0,0.0,0.1,0.0,96.0,3.9
20150302225341,0.0,0.0,0.0,0.1,0.1,0.0,44.8,55.1
20150302225411,0.0,0.0,0.0,0.1,0.0,0.0,86.8,13.1
20150302225441,0.0,0.0,0.0,0.3,0.2,0.0,57.8,41.7
20150302225511,0.0,0.0,0.0,0.1,0.0,0.0,62.6,37.3
20150302225541,0.0,0.0,0.0,0.0,0.1,0.0,89.0,10.8
20150302225611,0.0,0.0,0.0,0.0,0.0,0.0,91.0,9.0
20150302225642,0.0,0.0,0.0,0.1,0.1,0.0,93.0,6.8
20150302225712,0.0,0.0,0.0,0.0,0.0,0.0,97.4,2.5
20150302225742,0.0,0.0,0.0,0.1,0.2,0.0,92.0,7.7
20150302225812,0.0,0.0,0.0,0.1,0.1,0.0,93.5,6.3
20150302225842,0.0,0.0,0.0,0.1,0.0,0.0,93.7,6.2
20150302225912,0.0,0.0,0.0,0.2,0.2,0.0,90.2,9.4
20150302225942,0.0,0.0,0.0,0.2,2.4,0.0,81.1,16.2
20150302230012,0.0,0.0,0.0,0.2,0.4,0.0,85.0,14.5
20150302230042,0.0,0.0,0.0,0.0,1.1,0.0,94.9,4.0
20150302230112,0.0,0.0,0.0,0.0,0.1,0.0,96.5,3.3
20150302230142,0.0,0.0,0.0,0.1,0.3,0.0,96.7,2.9
20150302230212,0.0,0.0,0.0,0.0,0.0,0.0,99.3,0.7
20150302230242,0.0,0.0,0.0,0.1,0.9,0.0,97.7,1.3
20150302230312,0.0,0.0,0.0,0.0,0.3,0.0,99.2,0.5
20150302230342,0.0,0.0,0.0,0.0,0.0,0.0,99.9,0.1
20150302230412,0.0,0.0,0.0,0.0,0.0,0.0,99.9,0.1
20150302230442,0.0,0.0,0.0,0.0,0.0,0.0,99.3,0.7
20150302230512,0.0,0.0,0.0,0.0,0.0,0.0,99.9,0.1
20150302230542,0.0,0.0,0.0,0.0,0.0,0.0,99.9,0.0
20150302230612,0.0,0.0,0.0,0.0,0.0,0.0,98.1,1.8
20150302230642,0.0,0.0,0.0,0.0,0.0,0.0,99.0,0.9
20150302230712,0.0,0.0,0.0,0.0,0.0,0.0,98.6,1.4
20150302230742,0.0,0.0,0.0,0.0,0.4,0.0,98.8,0.8
20150302230812,0.0,0.0,0.0,0.0,0.1,0.0,99.4,0.5
20150302230842,0.0,0.0,0.0,0.0,0.0,0.0,99.9,0.1
20150302230912,0.0,0.0,0.0,0.0,0.0,0.0,99.8,0.2
20150302230942,0.0,0.0,0.0,0.0,0.0,0.0,99.9,0.1
20150302231012,0.0,0.0,0.0,0.0,0.0,0.0,99.5,0.4
20150302231042,0.0,0.0,0.0,0.0,0.0,0.0,93.1,6.8
20150302231112,0.0,0.0,0.0,0.0,0.0,0.0,98.9,1.1
20150302231142,0.0,0.0,0.0,0.0,0.0,0.0,74.5,25.5
20150302231212,0.0,0.0,0.0,0.0,0.0,0.0,78.4,21.6
20150302231242,0.0,0.0,0.0,0.0,0.0,0.0,92.6,7.3
20150302231312,0.0,0.0,0.0,0.0,0.0,0.0,99.3,0.7
20150302231342,0.0,0.0,0.0,0.0,0.0,0.0,99.3,0.7
20150302231412,0.0,0.0,0.0,0.0,0.1,0.0,96.6,3.3
20150302231442,0.0,0.0,0.0,0.0,0.0,0.0,99.6,0.4
20150302231512,0.0,0.0,0.0,0.0,0.0,0.0,100.0,0.0
20150302231542,0.0,0.0,0.0,0.0,0.0,0.0,99.9,0.1
20150302231612,0.0,0.0,0.0,0.0,0.0,0.0,96.5,3.5
20150302231642,0.0,0.0,0.0,0.0,0.0,0.0,98.7,1.3
20150302231712,0.0,0.0,0.0,0.0,0.0,0.0,89.5,10.5
20150302231742,0.0,0.0,0.0,0.0,0.0,0.0,99.5,0.5
20150302231812,0.0,0.0,0.0,0.0,0.0,0.0,99.9,0.1
20150302231842,0.0,0.0,0.0,0.0,0.0,0.0,98.1,1.9
20150302231912,0.0,0.0,0.0,0.0,0.0,0.0,98.3,1.7
20150302231942,0.0,0.0,0.0,0.0,0.0,0.0,94.8,5.2
20150302232012,0.0,0.0,0.0,0.1,0.3,0.0,98.7,0.9
20150302232042,0.0,0.0,0.0,0.0,0.1,0.0,95.1,4.7
20150302232112,0.0,0.0,0.0,0.5,0.3,0.0,86.6,12.6
20150302232142,0.0,0.0,0.0,0.1,0.0,0.0,97.3,2.6
20150302232212,0.0,0.0,0.0,0.1,0.0,0.0,82.2,17.7
20150302232242,0.0,0.0,0.0,0.2,0.1,0.0,30.1,69.7
20150302232312,0.0,0.0,0.0,0.1,0.0,0.0,52.2,47.6
20150302232342,0.0,0.0,0.0,0.1,0.1,0.0,61.4,38.3
20150302232412,0.0,0.0,0.0,0.0,0.0,0.0,1.7,98.3
20150302232442,0.0,0.0,0.0,0.0,0.0,0.0,4.7,95.3
20150302232512,0.0,0.0,0.0,0.0,0.0,0.0,8.4,91.6
20150302232542,0.0,0.0,0.0,0.0,0.0,0.0,2.2,97.8
20150302232612,0.0,0.0,0.0,0.0,0.0,0.0,10.4,89.5
20150302232642,0.0,0.0,0.0,0.0,0.0,0.0,10.4,89.6
20150302232712,0.0,0.0,0.0,0.0,0.0,0.0,2.2,97.8
20150302232742,0.0,0.0,0.0,0.0,0.0,0.0,0.5,99.5
20150302232812,0.0,0.0,0.0,0.0,0.0,0.0,4.6,95.3
