UT,arc,discrete,diffuse,ac,ab,clear,cloudy,dd
20151123133900,0.0,0.0,0.0,0.0,0.0,0.0,0.0,100.0
20151123133931,0.0,0.0,0.0,0.0,0.0,0.0,0.0,100.0
20151123134001,0.0,0.0,0.0,0.0,0.0,0.0,0.0,100.0
20151123134031,0.0,0.0,0.0,0.0,0.0,0.0,0.0,100.0
20151123134101,0.0,0.0,0.0,0.0,0.0,0.0,0.0,100.0
20151123134131,0.0,0.0,0.0,0.0,0.0,0.0,0.0,100.0
20151123134201,0.0,0.0,0.0,0.0,0.0,0.0,0.0,100.0
20151123134231,0.0,0.0,0.0,0.0,0.0,0.0,0.0,100.0
20151123134301,0.0,0.0,0.0,0.0,0.0,0.0,0.0,100.0
20151123134331,0.0,0.0,0.0,0.0,0.0,0.0,0.0,100.0
20151123134401,0.0,0.0,0.0,0.0,0.0,0.0,0.0,100.0
20151123134431,0.0,0.0,0.0,0.0,0.0,0.0,0.0,100.0
20151123134501,0.0,0.0,0.0,0.0,0.0,0.0,0.0,100.0
20151123134531,0.0,0.0,0.0,0.0,0.0,0.0,0.0,100.0
20151123134601,0.0,0.0,0.0,0.0,0.0,0.0,0.0,100.0
20151123134631,0.0,0.0,0.0,0.0,0.0,0.0,0.0,100.0
20151123134701,0.0,0.0,0.0,0.0,0.0,0.0,0.0,100.0
20151123134731,0.0,0.0,0.0,0.0,0.0,0.0,0.0,100.0
20151123134801,0.0,0.0,0.0,0.0,0.0,0.0,0.0,100.0
20151123134831,0.0,0.0,0.0,0.0,0.0,0.0,0.0,100.0
20151123134901,0.0,0.0,0.0,0.0,0.0,0.0,0.0,100.0
20151123134931,0.0,0.0,0.0,0.0,0.0,0.0,0.0,100.0
20151123135001,0.0,0.0,0.0,0.0,0.0,0.0,0.0,100.0
20151123135031,0.0,0.0,0.0,0.0,0.0,0.0,0.0,100.0
20151123135101,0.0,0.0,0.0,0.0,0.0,0.0,0.0,100.0
20151123135131,0.0,0.0,0.0,0.0,0.0,0.0,0.0,100.0
20151123135201,0.0,0.0,0.0,0.0,0.0,0.0,0.0,100.0
20151123135231,0.0,0.0,0.0,0.0,0.0,0.0,0.0,100.0
20151123135301,0.0,0.0,0.0,0.0,0.0,0.0,0.0,100.0
20151123135331,0.0,0.0,0.0,0.0,0.0,0.0,0.0,100.0
20151123135401,0.0,0.0,0.0,0.0,0.0,0.0,0.0,100.0
20151123135431,0.0,0.0,0.0,0.0,0.0,0.0,0.0,100.0
20151123135501,0.0,0.0,0.0,0.0,0.0,0.0,0.0,100.0
20151123135531,0.0,0.0,0.0,0.0,0.0,0.0,0.0,100.0
20151123135601,0.0,0.0,0.0,0.0,0.0,0.0,0.0,100.0
20151123135631,0.0,0.0,0.0,0.0,0.0,0.0,0.0,100.0
20151123135701,0.0,0.0,0.0,0.0,0.0,0.0,0.0,100.0
20151123135731,0.0,0.0,0.0,0.0,0.0,0.0,0.0,100.0
20151123135801,0.0,0.0,0.0,0.0,0.0,0.0,0.0,100.0
20151123135831,0.0,0.0,0.0,0.0,0.0,0.0,0.0,100.0
20151123135901,0.0,0.0,0.0,0.0,0.0,0.0,0.0,100.0
20151123135931,0.0,0.0,0.0,0.0,0.0,0.0,0.0,100.0
20151123140001,0.0,0.0,0.0,0.0,0.0,0.0,0.0,100.0
20151123140031,0.0,0.0,0.0,0.0,0.0,0.0,0.0,100.0
20151123140101,0.0,0.0,0.0,0.0,0.0,0.0,0.0,100.0
20151123140131,0.0,0.0,0.0,0.0,0.0,0.0,0.0,100.0
20151123140201,0.0,0.0,0.0,0.0,0.0,0.0,0.0,100.0
20151123140231,0.0,0.0,0.0,0.0,0.0,0.0,0.0,100.0
20151123140301,0.0,0.0,0.0,0.0,0.0,0.0,0.0,100.0
20151123140331,0.0,0.0,0.0,0.0,0.0,0.0,0.0,100.0
20151123140401,0.0,0.0,0.0,0.0,0.0,0.0,0.0,100.0
20151123140431,0.0,0.0,0.0,0.0,0.0,0.0,0.0,100.0
20151123140501,0.0,0.0,0.0,0.0,0.0,0.0,0.0,100.0
20151123140531,0.0,0.0,0.0,0.0,0.0,0.0,0.0,100.0
20151123140601,0.0,0.0,0.0,0.0,0.0,0.0,0.0,100.0
20151123140631,0.0,0.0,0.0,0.0,0.0,0.0,0.0,100.0
20151123140701,0.0,0.0,0.0,0.0,0.0,0.0,0.0,100.0
20151123140731,0.0,0.0,0.0,0.0,0.0,0.0,0.0,100.0
20151123140801,0.0,0.0,0.0,0.0,0.0,0.0,0.0,100.0
20151123140831,0.0,0.0,0.0,0.0,0.0,0.0,0.0,100.0
20151123140901,0.0,0.0,0.0,0.0,0.0,0.0,0.0,100.0
20151123140931,0.0,0.0,0.0,0.0,0.0,0.0,0.0,100.0
20151123141001,0.0,0.0,0.0,0.0,0.0,0.0,0.0,100.0
20151123141031,0.0,0.0,0.0,0.0,0.0,0.0,0.0,100.0
20151123141101,0.0,0.0,0.0,0.0,0.0,0.0,0.0,100.0
20151123141131,0.0,0.0,0.0,0.0,0.0,0.0,0.0,100.0
20151123141201,0.0,0.0,0.0,0.0,0.0,0.0,0.0,100.0
20151123141231,0.0,0.0,0.0,0.0,0.0,0.0,0.0,100.0
20151123141301,0.0,0.0,0.0,0.0,0.0,0.0,0.0,100.0
20151123141332,0.0,0.0,0.0,0.0,0.0,0.0,0.0,100.0
20151123141402,0.0,0.0,0.0,0.0,0.0,0.0,0.0,100.0
20151123141432,0.0,0.0,0.0,0.0,0.0,0.0,0.0,100.0
20151123141502,0.0,0.0,0.0,0.0,0.0,0.0,0.0,100.0
20151123141532,0.0,0.0,0.0,0.0,0.0,0.0,0.0,100.0
20151123141602,0.0,0.0,0.0,0.0,0.0,0.0,0.0,100.0
20151123141632,0.0,0.0,0.0,0.0,0.0,0.0,0.0,100.0
20151123141702,0.0,0.0,0.0,0.0,0.0,0.0,0.0,100.0
20151123141732,0.0,0.0,0.0,0.0,0.0,0.0,0.0,100.0
20151123141802,0.0,0.0,0.0,0.0,0.0,0.0,0.0,100.0
20151123141832,0.0,0.0,0.0,0.0,0.0,0.0,0.0,100.0
20151123141902,0.0,0.0,0.0,0.0,0.0,0.0,0.0,100.0
20151123141932,0.0,0.0,0.0,0.0,0.0,0.0,0.0,100.0
20151123142002,0.0,0.0,0.0,0.0,0.0,0.0,0.0,100.0
20151123142032,0.0,0.0,0.0,0.0,0.0,0.0,0.0,100.0
20151123142102,0.0,0.0,0.0,0.0,0.0,0.0,0.0,100.0
20151123142132,0.0,0.0,0.0,0.0,0.0,0.0,0.0,100.0
20151123142202,0.0,0.0,0.0,0.0,0.0,0.0,0.0,100.0
20151123142232,0.0,0.0,0.0,0.0,0.0,0.0,0.0,100.0
20151123142302,0.0,0.0,0.0,0.0,0.0,0.0,0.0,100.0
20151123142332,0.0,0.0,0.0,0.0,0.0,0.0,0.0,100.0
20151123142402,0.0,0.0,0.0,0.0,0.0,0.0,0.0,100.0
20151123142432,0.0,0.0,0.0,0.0,0.0,0.0,0.0,100.0
20151123142502,0.0,0.0,0.0,0.0,0.0,0.0,0.0,100.0
20151123142532,0.0,0.0,0.0,0.0,0.0,0.0,0.0,100.0
20151123142602,0.0,0.0,0.0,0.0,0.0,0.0,0.0,100.0
20151123142632,0.0,0.0,0.0,0.0,0.0,0.0,0.0,100.0
20151123142702,0.0,0.0,0.0,0.0,0.0,0.0,0.0,100.0
20151123142732,0.0,0.0,0.0,0.0,0.0,0.0,0.0,100.0
20151123142802,0.0,0.0,0.0,0.0,0.0,0.0,0.0,100.0
20151123142832,0.0,0.0,0.0,0.0,0.0,0.0,0.0,100.0
20151123142902,0.0,0.0,0.0,0.0,0.0,0.0,0.0,100.0
20151123142932,0.0,0.0,0.0,0.0,0.0,0.0,0.0,100.0
20151123143002,0.0,0.0,0.0,0.0,0.0,0.0,0.0,100.0
20151123143032,0.0,0.0,0.0,0.0,0.0,0.0,0.0,100.0
20151123143102,0.0,0.0,0.0,0.0,0.0,0.0,0.0,100.0
20151123143132,0.0,0.0,0.0,0.0,0.0,0.0,0.0,100.0
20151123143202,0.0,0.0,0.0,0.0,0.0,0.0,0.0,100.0
20151123143232,0.0,0.0,0.0,0.0,0.0,0.0,0.0,100.0
20151123143302,0.0,0.0,0.0,0.0,0.0,0.0,0.0,100.0
20151123143332,0.0,0.0,0.0,0.0,0.0,0.0,0.1,99.9
20151123143402,0.0,0.0,0.0,0.0,0.0,0.0,0.4,99.6
20151123143432,0.0,0.0,0.0,0.0,0.0,0.0,0.0,100.0
20151123143502,0.0,0.0,0.0,0.0,0.0,0.0,0.2,99.8
20151123143532,0.0,0.0,0.0,0.0,0.0,0.0,0.7,99.3
20151123143602,0.0,0.0,0.0,0.0,0.0,0.0,0.3,99.7
20151123143632,0.0,0.0,0.0,0.0,0.0,0.0,0.7,99.3
20151123143702,0.0,0.0,0.0,0.0,0.0,0.0,13.5,86.4
20151123143732,0.0,0.0,0.0,0.0,0.0,0.0,1.6,98.4
20151123143802,0.0,0.0,0.0,0.0,0.0,0.0,37.6,62.4
20151123143832,0.0,0.0,0.0,0.0,0.0,0.0,49.0,51.0
20151123144032,0.0,0.0,0.0,0.0,0.0,0.0,0.6,99.4
20151123144102,0.0,0.0,0.0,0.0,0.0,0.0,3.5,96.5
20151123144133,0.0,0.0,0.0,0.0,0.0,0.0,2.1,97.9
20151123144203,0.0,0.0,0.0,0.0,0.0,0.0,8.4,91.6
20151123144233,0.0,0.0,0.0,0.0,0.0,0.0,13.1,86.9
20151123144303,0.0,0.0,0.0,0.0,0.0,0.0,12.6,87.4
20151123144333,0.0,0.0,0.0,0.0,0.0,0.0,20.2,79.8
20151123144403,0.0,0.0,0.0,0.0,0.0,0.0,6.8,93.2
20151123144433,0.0,0.0,0.0,0.0,0.0,0.0,38.8,61.2
20151123144503,0.0,0.0,0.0,0.0,0.0,0.0,33.0,67.0
20151123144533,0.0,0.0,0.0,0.0,0.0,0.0,65.9,34.1
20151123144603,0.0,0.0,0.0,0.0,0.0,0.0,18.3,81.7
20151123144633,0.0,0.0,0.0,0.0,0.0,0.0,38.6,61.4
20151123144703,0.0,0.0,0.0,0.0,0.0,0.0,4.1,95.9
20151123144733,0.0,0.0,0.0,0.0,0.0,0.0,2.0,98.0
20151123144803,0.0,0.0,0.0,0.0,0.0,0.0,4.9,95.1
20151123144833,0.0,0.0,0.0,0.0,0.0,0.0,2.5,97.5
20151123144903,0.0,0.0,0.0,0.0,0.0,0.0,4.7,95.3
20151123144933,0.0,0.0,0.0,0.0,0.0,0.0,5.1,94.9
20151123145003,0.0,0.0,0.0,0.0,0.0,0.0,12.2,87.8
20151123145033,0.0,0.0,0.0,0.0,0.0,0.0,20.2,79.8
20151123145103,0.0,0.0,0.0,0.0,0.0,0.0,26.3,73.7
20151123145133,0.0,0.0,0.0,0.0,0.0,0.0,9.0,91.0
20151123145203,0.0,0.0,0.0,0.0,0.0,0.0,23.1,76.9
20151123145233,0.0,0.0,0.0,0.0,0.0,0.0,20.2,79.8
20151123145303,0.0,0.0,0.0,0.0,0.0,0.0,25.5,74.5
20151123145333,0.0,0.0,0.0,0.0,0.0,0.0,15.6,84.4
20151123145403,0.0,0.0,0.0,0.0,0.0,0.0,31.2,68.8
20151123145433,0.0,0.0,0.0,0.0,0.0,0.0,19.6,80.4
20151123145503,0.0,0.0,0.0,0.0,0.0,0.0,26.1,73.9
20151123145533,0.0,0.0,0.0,0.0,0.0,0.0,65.6,34.4
20151123145603,0.0,0.0,0.0,0.0,0.0,0.0,23.8,76.2
20151123145633,0.0,0.0,0.0,0.0,0.0,0.0,20.3,79.7
20151123145703,0.0,0.0,0.0,0.0,0.0,0.0,21.4,78.6
20151123145733,0.0,0.0,0.0,0.0,0.0,0.0,45.1,54.9
20151123145803,0.0,0.0,0.0,0.0,0.0,0.0,27.2,72.8
20151123145833,0.0,0.0,0.0,0.0,0.0,0.0,11.7,88.3
20151123145903,0.0,0.0,0.0,0.0,0.0,0.0,67.5,32.5
20151123145933,0.0,0.0,0.0,0.0,0.0,0.0,66.1,33.9
20151123150003,0.0,0.0,0.0,0.0,0.0,0.0,24.0,75.9
20151123150033,0.0,0.0,0.0,0.0,0.0,0.0,34.3,65.7
20151123150103,0.0,0.0,0.0,0.0,0.0,0.0,61.5,38.5
20151123150133,0.0,0.0,0.0,0.0,0.0,0.0,42.2,57.8
20151123150203,0.0,0.0,0.0,0.0,0.0,0.0,8.8,91.2
20151123150233,0.0,0.0,0.0,0.0,0.0,0.0,72.1,27.9
20151123150303,0.0,0.0,0.0,0.0,0.0,0.0,51.8,48.2
20151123150333,0.0,0.0,0.0,0.0,0.0,0.0,23.4,76.5
20151123150403,0.0,0.0,0.0,0.0,0.0,0.0,16.4,83.6
20151123150433,0.0,0.0,0.0,0.0,0.0,0.0,55.0,45.0
20151123150503,0.0,0.0,0.0,0.0,0.0,0.0,70.1,29.9
20151123150533,0.0,0.0,0.0,0.0,0.0,0.0,89.8,10.2
20151123150603,0.0,0.0,0.0,0.0,0.0,0.0,93.2,6.8
20151123150633,0.0,0.0,0.0,0.0,0.0,0.0,96.1,3.9
20151123150703,0.0,0.0,0.0,0.0,0.0,0.0,95.3,4.6
20151123150733,0.0,0.0,0.0,0.0,0.0,0.0,98.0,2.0
20151123150803,0.0,0.0,0.0,0.0,0.0,0.0,99.9,0.1
20151123150833,0.0,0.0,0.0,0.0,0.0,0.0,99.8,0.2
20151123150903,0.0,0.0,0.0,0.0,0.0,0.0,99.9,0.1
20151123150933,0.0,0.0,0.0,0.0,0.0,0.0,99.8,0.2
20151123151003,0.0,0.0,0.0,0.0,0.0,0.0,99.0,1.0
20151123151033,0.0,0.0,0.0,0.0,0.0,0.0,99.1,0.9
20151123151103,0.0,0.0,0.0,0.0,0.0,0.0,99.1,0.9
20151123151133,0.0,0.0,0.0,0.0,0.0,0.0,90.1,9.9
20151123151203,0.0,0.0,0.0,0.0,0.0,0.0,93.9,6.1
20151123151233,0.0,0.0,0.0,0.0,0.0,0.0,53.8,46.2
20151123151303,0.0,0.0,0.0,0.0,0.0,0.0,94.4,5.5
20151123151333,0.0,0.0,0.0,0.0,0.0,0.0,91.8,8.2
20151123151403,0.0,0.0,0.0,0.0,0.0,0.0,99.8,0.2
20151123151433,0.0,0.0,0.0,0.0,0.0,0.0,74.2,25.8
20151123151503,0.0,0.0,0.0,0.0,0.0,0.0,94.7,5.3
20151123151534,0.0,0.0,0.0,0.0,0.0,0.0,91.6,8.4
20151123151604,0.0,0.0,0.0,0.0,0.0,0.0,99.1,0.9
20151123151634,0.0,0.0,0.0,0.0,0.0,0.0,99.0,1.0
20151123151704,0.0,0.0,0.0,0.0,0.0,0.0,99.3,0.7
20151123151734,0.0,0.0,0.0,0.0,0.0,0.0,99.1,0.9
20151123151804,0.0,0.0,0.0,0.0,0.0,0.0,96.9,3.1
20151123151834,0.0,0.0,0.0,0.0,0.0,0.0,99.4,0.6
20151123151904,0.0,0.0,0.0,0.0,0.0,0.0,99.9,0.1
20151123151934,0.0,0.0,0.0,0.0,0.0,0.0,96.5,3.5
20151123152004,0.0,0.0,0.0,0.0,0.0,0.0,99.9,0.1
20151123152034,0.0,0.0,0.0,0.0,0.0,0.0,99.9,0.1
20151123152104,0.0,0.0,0.0,0.0,0.0,0.0,100.0,0.0
20151123152134,0.0,0.0,0.0,0.0,0.0,0.0,96.3,3.7
20151123152204,0.0,0.0,0.0,0.0,0.0,0.0,100.0,0.0
20151123152234,0.0,0.0,0.0,0.0,0.0,0.0,99.9,0.1
20151123152304,0.0,0.0,0.0,0.0,0.0,0.0,100.0,0.0
20151123152334,0.0,0.0,0.0,0.0,0.0,0.0,100.0,0.0
20151123152404,0.0,0.0,0.0,0.0,0.0,0.0,100.0,0.0
20151123152434,0.0,0.0,0.0,0.0,0.0,0.0,100.0,0.0
20151123152504,0.0,0.0,0.0,0.0,0.0,0.0,100.0,0.0
20151123152534,0.0,0.0,0.0,0.0,0.0,0.0,100.0,0.0
20151123152604,0.0,0.0,0.0,0.0,0.0,0.0,100.0,0.0
20151123152634,0.0,0.0,0.0,0.0,0.0,0.0,100.0,0.0
20151123152704,0.0,0.0,0.0,0.0,0.0,0.0,100.0,0.0
20151123152734,0.0,0.0,0.0,0.0,0.0,0.0,100.0,0.0
20151123152804,0.0,0.0,0.0,0.0,0.0,0.0,99.9,0.1
20151123152834,0.0,0.0,0.0,0.0,0.0,0.0,100.0,0.0
20151123152904,0.0,0.0,0.0,0.0,0.0,0.0,99.9,0.1
20151123152934,0.0,0.0,0.0,0.0,0.0,0.0,100.0,0.0
20151123153004,0.0,0.0,0.0,0.0,0.0,0.0,99.9,0.1
20151123153034,0.0,0.0,0.0,0.0,0.0,0.0,99.8,0.2
20151123153104,0.0,0.0,0.0,0.0,0.0,0.0,100.0,0.0
20151123153134,0.0,0.0,0.0,0.0,0.0,0.0,99.6,0.4
20151123153204,0.0,0.0,0.0,0.0,0.0,0.0,99.7,0.3
20151123153234,0.0,0.0,0.0,0.0,0.0,0.0,99.3,0.7
20151123153304,0.0,0.0,0.0,0.0,0.0,0.0,100.0,0.0
20151123153334,0.0,0.0,0.0,0.0,0.0,0.0,99.9,0.1
20151123153404,0.0,0.0,0.0,0.0,0.0,0.0,99.9,0.1
20151123153434,0.0,0.0,0.0,0.0,0.0,0.0,99.9,0.1
20151123153504,0.0,0.0,0.0,0.0,0.0,0.0,99.9,0.1
20151123153534,0.0,0.0,0.0,0.0,0.0,0.0,100.0,0.0
20151123153604,0.0,0.0,0.0,0.0,0.0,0.0,100.0,0.0
20151123153634,0.0,0.0,0.0,0.0,0.0,0.0,99.9,0.1
20151123153704,0.0,0.0,0.0,0.0,0.0,0.0,99.9,0.1
20151123153734,0.0,0.0,0.0,0.0,0.0,0.0,100.0,0.0
20151123153804,0.0,0.0,0.0,0.0,0.0,0.0,97.2,2.8
20151123153834,0.0,0.0,0.0,0.0,0.0,0.0,99.7,0.3
20151123153904,0.0,0.0,0.0,0.0,0.0,0.0,96.0,4.0
20151123153934,0.0,0.0,0.0,0.0,0.0,0.0,97.8,2.2
20151123154004,0.0,0.0,0.0,0.0,0.0,0.0,99.7,0.3
20151123154034,0.0,0.0,0.0,0.0,0.0,0.0,99.2,0.8
20151123154104,0.0,0.0,0.0,0.0,0.0,0.0,99.8,0.2
20151123154134,0.0,0.0,0.0,0.0,0.0,0.0,98.8,1.2
20151123154204,0.0,0.0,0.0,0.0,0.0,0.0,99.9,0.1
20151123154234,0.0,0.0,0.0,0.0,0.0,0.0,99.5,0.5
20151123154304,0.0,0.0,0.0,0.0,0.0,0.0,99.5,0.5
20151123154334,0.0,0.0,0.0,0.0,0.0,0.0,97.6,2.4
20151123154404,0.0,0.0,0.0,0.0,0.0,0.0,99.4,0.6
20151123154434,0.0,0.0,0.0,0.0,0.0,0.0,96.4,3.6
20151123154504,0.0,0.0,0.0,0.0,0.0,0.0,98.3,1.7
20151123154534,0.0,0.0,0.0,0.0,0.0,0.0,82.9,17.1
20151123154604,0.0,0.0,0.0,0.0,0.0,0.0,91.4,8.6
20151123154634,0.0,0.0,0.0,0.0,0.0,0.0,98.2,1.8
20151123154704,0.0,0.0,0.0,0.0,0.0,0.0,99.7,0.3
20151123154734,0.0,0.0,0.0,0.0,0.0,0.0,78.7,21.3
20151123154804,0.0,0.0,0.0,0.0,0.0,0.0,80.9,19.1
20151123154834,0.0,0.0,0.0,0.0,0.0,0.0,80.7,19.3
20151123154904,0.0,0.0,0.0,0.0,0.0,0.0,78.7,21.3
20151123154934,0.0,0.0,0.0,0.0,0.0,0.0,96.0,4.0
20151123155005,0.0,0.0,0.0,0.0,0.0,0.0,15.4,84.6
20151123155035,0.0,0.0,0.0,0.0,0.0,0.0,7.2,92.8
20151123155105,0.0,0.0,0.0,0.0,0.0,0.0,0.9,99.1
20151123155135,0.0,0.0,0.0,0.0,0.0,0.0,19.1,80.9
20151123155205,0.0,0.0,0.0,0.0,0.0,0.0,65.1,34.9
20151123155235,0.0,0.0,0.0,0.0,0.0,0.0,9.2,90.8
20151123155305,0.0,0.0,0.0,0.0,0.0,0.0,7.5,92.5
20151123155335,0.0,0.0,0.0,0.0,0.0,0.0,3.6,96.4
20151123155405,0.0,0.0,0.0,0.0,0.0,0.0,21.2,78.8
20151123155435,0.0,0.0,0.0,0.0,0.0,0.0,13.3,86.7
20151123155505,0.0,0.0,0.0,0.0,0.0,0.0,3.9,96.1
20151123155535,0.0,0.0,0.0,0.0,0.0,0.0,2.2,97.8
20151123155605,0.0,0.0,0.0,0.0,0.0,0.0,1.0,99.0
20151123155635,0.0,0.0,0.0,0.0,0.0,0.0,0.3,99.7
20151123155705,0.0,0.0,0.0,0.0,0.0,0.0,0.4,99.6
20151123155735,0.0,0.0,0.0,0.0,0.0,0.0,0.2,99.8
20151123155805,0.0,0.0,0.0,0.0,0.0,0.0,0.4,99.6
20151123155835,0.0,0.0,0.0,0.0,0.0,0.0,0.9,99.1
20151123155905,0.0,0.0,0.0,0.0,0.0,0.0,1.0,99.0
20151123155935,0.0,0.0,0.0,0.0,0.0,0.0,0.7,99.3
20151123160005,0.0,0.0,0.0,0.0,0.0,0.0,0.2,99.8
20151123160035,0.0,0.0,0.0,0.0,0.0,0.0,0.4,99.6
20151123160105,0.0,0.0,0.0,0.0,0.0,0.0,0.3,99.7
20151123160135,0.0,0.0,0.0,0.0,0.0,0.0,0.1,99.9
20151123160205,0.0,0.0,0.0,0.0,0.0,0.0,0.8,99.2
20151123160235,0.0,0.0,0.0,0.0,0.0,0.0,0.1,99.9
20151123160305,0.0,0.0,0.0,0.0,0.0,0.0,0.9,99.1
20151123160335,0.0,0.0,0.0,0.0,0.0,0.0,0.0,100.0
20151123160405,0.0,0.0,0.0,0.0,0.0,0.0,1.1,98.9
20151123160435,0.0,0.0,0.0,0.0,0.0,0.0,0.1,99.9
20151123160505,0.0,0.0,0.0,0.0,0.0,0.0,0.2,99.8
20151123160535,0.0,0.0,0.0,0.0,0.0,0.0,0.0,100.0
20151123160605,0.0,0.0,0.0,0.0,0.0,0.0,0.3,99.7
20151123160635,0.0,0.0,0.0,0.0,0.0,0.0,0.2,99.8
20151123160705,0.0,0.0,0.0,0.0,0.0,0.0,0.5,99.5
20151123160735,0.0,0.0,0.0,0.0,0.0,0.0,0.1,99.9
20151123160805,0.0,0.0,0.0,0.0,0.0,0.0,0.2,99.8
20151123160835,0.0,0.0,0.0,0.0,0.0,0.0,1.9,98.1
20151123160905,0.0,0.0,0.0,0.0,0.0,0.0,0.1,99.9
20151123160935,0.0,0.0,0.0,0.0,0.0,0.0,0.1,99.9
20151123161005,0.0,0.0,0.0,0.0,0.0,0.0,0.8,99.2
20151123161035,0.0,0.0,0.0,0.0,0.0,0.0,0.0,100.0
20151123161105,0.0,0.0,0.0,0.0,0.0,0.0,0.2,99.8
20151123161135,0.0,0.0,0.0,0.0,0.0,0.0,0.2,99.8
20151123161205,0.0,0.0,0.0,0.0,0.0,0.0,0.0,100.0
20151123161235,0.0,0.0,0.0,0.0,0.0,0.0,0.0,100.0
20151123161305,0.0,0.0,0.0,0.0,0.0,0.0,0.0,100.0
20151123161335,0.0,0.0,0.0,0.0,0.0,0.0,0.0,100.0
20151123161405,0.0,0.0,0.0,0.0,0.0,0.0,0.0,100.0
20151123161435,0.0,0.0,0.0,0.0,0.0,0.0,0.0,100.0
20151123161505,0.0,0.0,0.0,0.0,0.0,0.0,0.1,99.9
20151123161535,0.0,0.0,0.0,0.0,0.0,0.0,0.8,99.2
20151123161605,0.0,0.0,0.0,0.0,0.0,0.0,0.1,99.9
20151123161635,0.0,0.0,0.0,0.0,0.0,0.0,0.1,99.9
20151123161705,0.0,0.0,0.0,0.0,0.0,0.0,0.0,100.0
20151123161735,0.0,0.0,0.0,0.0,0.0,0.0,0.1,99.9
20151123161805,0.0,0.0,0.0,0.0,0.0,0.0,0.1,99.9
20151123161835,0.0,0.0,0.0,0.0,0.0,0.0,0.7,99.3
20151123161905,0.0,0.0,0.0,0.0,0.0,0.0,0.0,100.0
20151123161935,0.0,0.0,0.0,0.0,0.0,0.0,0.6,99.4
20151123162005,0.0,0.0,0.0,0.0,0.0,0.0,0.6,99.4
20151123162035,0.0,0.0,0.0,0.0,0.0,0.0,0.1,99.9
20151123162105,0.0,0.0,0.0,0.0,0.0,0.0,0.2,99.8
20151123162135,0.0,0.0,0.0,0.0,0.0,0.0,0.0,100.0
20151123162205,0.0,0.0,0.0,0.0,0.0,0.0,0.1,99.9
20151123162235,0.0,0.0,0.0,0.0,0.0,0.0,0.1,99.9
20151123162305,0.0,0.0,0.0,0.0,0.0,0.0,0.0,100.0
20151123162335,0.0,0.0,0.0,0.0,0.0,0.0,0.1,99.9
20151123162406,0.0,0.0,0.0,0.0,0.0,0.0,0.1,99.9
20151123162436,0.0,0.0,0.0,0.0,0.0,0.0,0.0,100.0
20151123162506,0.0,0.0,0.0,0.0,0.0,0.0,0.0,100.0
20151123162536,0.0,0.0,0.0,0.0,0.0,0.0,0.0,100.0
20151123162606,0.0,0.0,0.0,0.0,0.0,0.0,0.2,99.8
20151123162636,0.0,0.0,0.0,0.0,0.0,0.0,0.0,100.0
20151123162706,0.0,0.0,0.0,0.0,0.0,0.0,0.1,99.9
20151123162736,0.0,0.0,0.0,0.0,0.0,0.0,0.0,100.0
20151123162806,0.0,0.0,0.0,0.0,0.0,0.0,0.1,99.9
20151123162836,0.0,0.0,0.0,0.0,0.0,0.0,0.1,99.9
20151123162906,0.0,0.0,0.0,0.0,0.0,0.0,0.0,100.0
20151123162936,0.0,0.0,0.0,0.0,0.0,0.0,0.0,100.0
20151123163006,0.0,0.0,0.0,0.0,0.0,0.0,0.0,100.0
20151123163036,0.0,0.0,0.0,0.0,0.0,0.0,0.0,100.0
20151123163106,0.0,0.0,0.0,0.0,0.0,0.0,0.1,99.9
20151123163136,0.0,0.0,0.0,0.0,0.0,0.0,0.1,99.9
20151123163206,0.0,0.0,0.0,0.0,0.0,0.0,0.1,99.9
20151123163236,0.0,0.0,0.0,0.0,0.0,0.0,0.0,100.0
20151123163306,0.0,0.0,0.0,0.0,0.0,0.0,0.0,100.0
20151123163336,0.0,0.0,0.0,0.0,0.0,0.0,0.2,99.8
20151123163406,0.0,0.0,0.0,0.0,0.0,0.0,0.8,99.2
20151123163436,0.0,0.0,0.0,0.0,0.0,0.0,2.1,97.9
20151123163506,0.0,0.0,0.0,0.0,0.0,0.0,0.4,99.6
20151123163536,0.0,0.0,0.0,0.0,0.0,0.0,0.3,99.7
20151123163606,0.0,0.0,0.0,0.0,0.0,0.0,0.1,99.9
20151123163636,0.0,0.0,0.0,0.0,0.0,0.0,0.0,100.0
20151123163706,0.0,0.0,0.0,0.0,0.0,0.0,0.2,99.8
20151123163736,0.0,0.0,0.0,0.0,0.0,0.0,0.8,99.2
20151123163806,0.0,0.0,0.0,0.0,0.0,0.0,0.1,99.9
20151123163836,0.0,0.0,0.0,0.0,0.0,0.0,0.0,100.0
20151123163906,0.0,0.0,0.0,0.0,0.0,0.0,0.0,100.0
20151123163936,0.0,0.0,0.0,0.0,0.0,0.0,0.1,99.9
20151123164006,0.0,0.0,0.0,0.0,0.0,0.0,0.0,100.0
20151123164036,0.0,0.0,0.0,0.0,0.0,0.0,0.0,100.0
20151123164106,0.0,0.0,0.0,0.0,0.0,0.0,0.0,100.0
20151123164136,0.0,0.0,0.0,0.0,0.0,0.0,0.0,100.0
20151123164206,0.0,0.0,0.0,0.0,0.0,0.0,0.0,100.0
20151123164236,0.0,0.0,0.0,0.0,0.0,0.0,0.0,100.0
20151123164306,0.0,0.0,0.0,0.0,0.0,0.0,0.0,100.0
20151123164336,0.0,0.0,0.0,0.0,0.0,0.0,0.0,100.0
20151123164406,0.0,0.0,0.0,0.0,0.0,0.0,0.0,100.0
20151123164436,0.0,0.0,0.0,0.0,0.0,0.0,0.0,100.0
20151123164506,0.0,0.0,0.0,0.0,0.0,0.0,0.0,100.0
20151123164536,0.0,0.0,0.0,0.0,0.0,0.0,0.0,100.0
20151123164606,0.0,0.0,0.0,0.0,0.0,0.0,0.0,100.0
20151123164636,0.0,0.0,0.0,0.0,0.0,0.0,0.0,100.0
20151123164706,0.0,0.0,0.0,0.0,0.0,0.0,0.0,100.0
20151123164736,0.0,0.0,0.0,0.0,0.0,0.0,0.0,100.0
20151123164806,0.0,0.0,0.0,0.0,0.0,0.0,0.0,100.0
20151123164836,0.0,0.0,0.0,0.0,0.0,0.0,0.0,100.0
20151123164906,0.0,0.0,0.0,0.0,0.0,0.0,0.0,100.0
20151123164936,0.0,0.0,0.0,0.0,0.0,0.0,0.0,100.0
20151123165006,0.0,0.0,0.0,0.0,0.0,0.0,0.0,100.0
20151123165036,0.0,0.0,0.0,0.0,0.0,0.0,0.0,100.0
20151123165107,0.0,0.0,0.0,0.0,0.0,0.0,0.0,100.0
20151123165137,0.0,0.0,0.0,0.0,0.0,0.0,0.0,100.0
20151123165207,0.0,0.0,0.0,0.0,0.0,0.0,0.0,100.0
20151123165237,0.0,0.0,0.0,0.0,0.0,0.0,0.0,100.0
20151123165307,0.0,0.0,0.0,0.0,0.0,0.0,0.0,100.0
20151123165337,0.0,0.0,0.0,0.0,0.0,0.0,0.0,100.0
20151123165407,0.0,0.0,0.0,0.0,0.0,0.0,0.0,100.0
20151123165437,0.0,0.0,0.0,0.0,0.0,0.0,0.0,100.0
20151123165507,0.0,0.0,0.0,0.0,0.0,0.0,0.1,99.9
20151123165537,0.0,0.0,0.0,0.0,0.0,0.0,0.3,99.7
20151123165607,0.0,0.0,0.0,0.0,0.0,0.0,0.1,99.9
20151123165637,0.0,0.0,0.0,0.0,0.0,0.0,0.1,99.9
20151123165707,0.0,0.0,0.0,0.0,0.0,0.0,0.1,99.9
20151123165737,0.0,0.0,0.0,0.0,0.0,0.0,0.2,99.8
20151123165807,0.0,0.0,0.0,0.0,0.0,0.0,0.0,100.0
20151123165837,0.0,0.0,0.0,0.0,0.0,0.0,0.0,100.0
20151123165907,0.0,0.0,0.0,0.0,0.0,0.0,0.0,100.0
20151123165937,0.0,0.0,0.0,0.0,0.0,0.0,0.0,100.0
20151123170007,0.0,0.0,0.0,0.0,0.0,0.0,0.0,100.0
20151123170037,0.0,0.0,0.0,0.0,0.0,0.0,0.0,100.0
20151123170107,0.0,0.0,0.0,0.0,0.0,0.0,0.0,100.0
20151123170137,0.0,0.0,0.0,0.0,0.0,0.0,0.0,100.0
20151123170207,0.0,0.0,0.0,0.0,0.0,0.0,0.0,100.0
20151123170237,0.0,0.0,0.0,0.0,0.0,0.0,0.0,100.0
20151123170307,0.0,0.0,0.0,0.0,0.0,0.0,0.0,100.0
20151123170337,0.0,0.0,0.0,0.0,0.0,0.0,0.0,100.0
20151123170407,0.0,0.0,0.0,0.0,0.0,0.0,0.0,100.0
20151123170437,0.0,0.0,0.0,0.0,0.0,0.0,0.0,100.0
20151123170507,0.0,0.0,0.0,0.0,0.0,0.0,0.0,100.0
20151123170537,0.0,0.0,0.0,0.0,0.0,0.0,0.0,100.0
20151123170607,0.0,0.0,0.0,0.0,0.0,0.0,0.0,99.9
20151123170637,0.0,0.0,0.0,0.0,0.0,0.0,0.0,100.0
20151123170707,0.0,0.0,0.0,0.0,0.0,0.0,0.0,100.0
20151123170737,0.0,0.0,0.0,0.0,0.0,0.0,0.0,100.0
20151123170807,0.0,0.0,0.0,0.0,0.0,0.0,0.0,100.0
20151123170837,0.0,0.0,0.0,0.0,0.0,0.0,0.0,100.0
20151123170907,0.0,0.0,0.0,0.0,0.0,0.0,0.0,100.0
20151123170937,0.0,0.0,0.0,0.0,0.0,0.0,0.0,100.0
20151123171007,0.0,0.0,0.0,0.0,0.0,0.0,0.0,100.0
20151123171037,0.0,0.0,0.0,0.0,0.0,0.0,0.0,100.0
20151123171107,0.0,0.0,0.0,0.0,0.0,0.0,0.0,100.0
20151123171137,0.0,0.0,0.0,0.0,0.0,0.0,0.0,100.0
20151123171207,0.0,0.0,0.0,0.0,0.0,0.0,0.0,100.0
20151123171237,0.0,0.0,0.0,0.0,0.0,0.0,0.0,100.0
20151123171307,0.0,0.0,0.0,0.0,0.0,0.0,0.0,100.0
20151123171337,0.0,0.0,0.0,0.0,0.0,0.0,0.0,100.0
20151123171407,0.0,0.0,0.0,0.0,0.0,0.0,0.0,100.0
20151123171437,0.0,0.0,0.0,0.0,0.0,0.0,0.0,100.0
20151123171507,0.0,0.0,0.0,0.0,0.0,0.0,0.0,100.0
20151123171537,0.0,0.0,0.0,0.0,0.0,0.0,4.4,95.6
20151123171607,0.0,0.0,0.0,0.0,0.0,0.0,2.6,97.4
20151123171637,0.0,0.0,0.0,0.0,0.0,0.0,0.1,99.9
20151123171707,0.0,0.0,0.0,0.0,0.0,0.0,0.0,100.0
20151123171737,0.0,0.0,0.0,0.0,0.0,0.0,2.0,98.0
20151123171807,0.0,0.0,0.0,0.0,0.0,0.0,1.2,98.8
20151123171837,0.0,0.0,0.0,0.0,0.0,0.0,1.5,98.5
20151123171907,0.0,0.0,0.0,0.0,0.0,0.0,1.6,98.4
20151123171937,0.0,0.0,0.0,0.0,0.0,0.0,0.2,99.8
20151123172007,0.0,0.0,0.0,0.0,0.0,0.0,0.0,100.0
20151123172037,0.0,0.0,0.0,0.0,0.0,0.0,0.0,100.0
20151123172107,0.0,0.0,0.0,0.0,0.0,0.0,0.0,100.0
20151123172137,0.0,0.0,0.0,0.0,0.0,0.0,0.0,100.0
20151123172207,0.0,0.0,0.0,0.0,0.0,0.0,0.0,100.0
20151123172237,0.0,0.0,0.0,0.0,0.0,0.0,0.0,100.0
20151123172307,0.0,0.0,0.0,0.0,0.0,0.0,0.0,100.0
20151123172337,0.0,0.0,0.0,0.0,0.0,0.0,0.0,100.0
20151123172407,0.0,0.0,0.0,0.0,0.0,0.0,0.0,100.0
20151123172437,0.0,0.0,0.0,0.0,0.0,0.0,0.0,100.0
20151123172507,0.0,0.0,0.0,0.0,0.0,0.0,0.2,99.8
20151123172538,0.0,0.0,0.0,0.0,0.0,0.0,0.1,99.9
20151123172608,0.0,0.0,0.0,0.0,0.0,0.0,0.3,99.7
20151123172638,0.0,0.0,0.0,0.0,0.0,0.0,2.0,98.0
20151123172708,0.0,0.0,0.0,0.0,0.0,0.0,1.4,98.6
20151123172738,0.0,0.0,0.0,0.0,0.0,0.0,21.2,78.8
20151123172808,0.0,0.0,0.0,0.0,0.0,0.0,1.5,98.5
20151123172838,0.0,0.0,0.0,0.0,0.0,0.0,1.1,98.9
20151123172908,0.0,0.0,0.0,0.0,0.0,0.0,0.4,99.6
20151123172938,0.0,0.0,0.0,0.0,0.0,0.0,0.9,99.0
20151123173008,0.0,0.0,0.0,0.0,0.0,0.0,11.8,88.2
20151123173038,0.0,0.0,0.0,0.0,0.4,0.0,21.3,78.4
20151123173108,0.0,0.0,0.0,0.0,0.0,0.0,30.6,69.4
20151123173138,0.0,0.0,0.0,0.0,0.0,0.0,58.9,41.1
20151123173208,0.0,0.0,0.0,0.0,0.0,0.0,53.6,46.4
20151123173238,0.0,0.0,0.0,0.0,0.0,0.0,18.9,81.1
20151123173308,0.0,0.0,0.0,0.0,0.0,0.0,24.2,75.8
20151123173338,0.0,0.0,0.0,0.1,0.0,0.0,1.1,98.8
20151123173408,0.0,0.0,0.0,0.0,0.0,0.0,0.7,99.3
20151123173438,0.0,0.0,0.0,0.0,0.0,0.0,2.3,97.7
20151123173508,0.0,0.0,0.0,0.1,0.0,0.0,13.3,86.6
20151123173538,0.0,0.0,0.0,0.0,0.7,0.0,14.4,85.0
20151123173608,0.0,0.0,0.0,0.0,0.0,0.0,2.7,97.3
20151123173638,0.0,0.0,0.0,0.0,0.0,0.0,0.4,99.6
20151123173708,0.0,0.0,0.0,0.0,0.0,0.0,0.3,99.7
20151123173738,0.0,0.0,0.0,0.0,0.0,0.0,2.6,97.4
20151123173808,0.0,0.0,0.0,0.0,0.0,0.0,0.3,99.6
20151123173838,0.0,0.0,0.0,0.0,0.0,0.0,0.4,99.6
20151123173908,0.0,0.0,0.0,0.0,0.0,0.0,3.5,96.5
20151123173938,0.0,0.0,0.0,0.0,0.0,0.0,0.7,99.3
20151123174008,0.0,0.0,0.0,0.0,0.1,0.0,0.7,99.2
20151123174038,0.0,0.0,0.0,0.0,0.0,0.0,0.2,99.8
20151123174108,0.0,0.0,0.0,0.0,0.0,0.0,0.1,99.9
20151123174138,0.0,0.0,0.0,0.0,0.0,0.0,0.0,100.0
20151123174208,0.0,0.0,0.0,0.0,0.0,0.0,1.0,99.0
20151123174238,0.0,0.0,0.0,0.0,0.0,0.0,8.6,91.4
20151123174308,0.0,0.0,0.0,0.0,0.0,0.0,8.9,91.1
20151123174338,0.0,0.0,0.0,0.1,4.5,0.0,5.7,89.7
20151123174408,0.0,0.0,0.0,0.0,2.0,0.0,28.7,69.3
20151123174438,0.0,0.0,0.0,0.0,4.6,0.0,15.5,79.8
20151123174508,0.0,0.0,0.0,0.0,1.8,0.0,85.4,12.8
20151123174538,0.0,0.0,0.0,0.0,0.3,0.0,20.0,79.7
20151123174608,0.0,0.0,0.0,0.0,0.4,0.0,41.0,58.6
20151123174638,0.0,0.0,0.0,0.0,3.0,0.0,6.4,90.5
20151123174708,0.0,0.0,0.0,0.0,0.5,0.0,12.5,87.0
20151123174738,0.0,0.0,0.0,0.0,0.0,0.0,0.6,99.3
20151123174808,0.0,0.0,0.0,0.0,1.1,0.0,3.1,95.8
20151123174838,0.0,0.0,0.0,0.0,1.1,0.0,2.1,96.8
20151123174908,0.0,0.0,0.0,0.0,1.1,0.0,10.6,88.3
20151123174938,0.0,0.0,0.0,0.0,1.7,0.0,88.6,9.7
20151123175008,0.0,0.0,0.0,0.0,0.5,0.0,85.4,14.1
20151123175038,0.0,0.0,0.0,0.0,0.4,0.0,83.6,16.0
20151123175108,0.0,0.0,0.0,0.0,6.1,0.0,79.9,14.0
20151123175138,0.0,0.0,0.0,0.0,2.1,0.0,87.8,10.1
20151123175208,0.0,0.0,0.0,0.0,1.9,0.0,98.0,0.1
20151123175238,0.0,0.0,0.0,0.0,3.2,0.0,96.3,0.5
20151123175308,0.0,0.0,0.0,0.0,1.0,0.0,96.9,2.1
20151123175338,0.0,0.0,0.0,0.0,2.1,0.0,97.6,0.3
20151123175408,0.0,0.0,0.0,0.0,0.1,0.0,99.8,0.1
20151123175438,0.0,0.0,0.0,0.0,0.0,0.0,99.9,0.0
20151123175508,0.0,0.0,0.0,0.0,0.2,0.0,99.8,0.0
20151123175538,0.0,0.0,0.0,0.0,0.7,0.0,99.2,0.0
20151123175608,0.0,0.0,0.0,0.0,0.0,0.0,99.9,0.0
20151123175638,0.0,0.0,0.0,0.0,0.1,0.0,99.9,0.0
20151123175708,0.0,0.0,0.0,0.0,0.3,0.0,99.6,0.1
20151123175738,0.0,0.0,0.0,0.0,0.2,0.0,99.7,0.1
20151123175808,0.0,0.0,0.0,0.0,1.4,0.0,98.3,0.3
20151123175838,0.0,0.0,0.0,0.0,0.7,0.0,98.3,1.0
20151123175908,0.0,0.0,0.0,0.0,0.1,0.0,99.8,0.1
20151123175938,0.0,0.0,0.0,0.0,0.0,0.0,100.0,0.0
20151123180009,0.0,0.0,0.0,0.0,0.0,0.0,99.6,0.4
20151123180039,0.0,0.0,0.0,0.0,0.0,0.0,100.0,0.0
20151123180109,0.0,0.0,0.0,0.0,0.1,0.0,97.8,2.1
20151123180139,0.0,0.0,0.0,0.0,0.3,0.0,87.3,12.4
20151123180209,0.0,0.0,0.0,0.0,0.5,0.0,94.4,5.0
20151123180239,0.0,0.0,0.0,0.0,1.1,0.0,91.8,7.1
20151123180309,0.0,0.0,0.0,0.0,0.2,0.0,98.9,0.8
20151123180339,0.0,0.0,0.1,0.2,1.9,0.0,90.2,7.6
20151123180409,0.0,0.0,0.0,0.0,0.1,0.0,98.3,1.6
20151123180439,0.0,0.0,0.0,0.0,0.0,0.0,99.9,0.1
20151123180509,0.0,0.0,0.0,0.0,0.2,0.0,99.0,0.7
20151123180539,0.0,0.0,0.0,0.0,0.1,0.0,99.9,0.0
20151123180609,0.0,0.0,0.0,0.0,0.1,0.0,99.7,0.2
20151123180639,0.0,0.0,0.0,0.0,0.2,0.0,99.6,0.2
20151123180709,0.0,0.0,0.0,0.0,0.2,0.0,99.6,0.2
20151123180739,0.0,0.0,0.0,0.0,0.1,0.0,99.8,0.1
20151123180809,0.0,0.0,0.0,0.0,1.1,0.0,96.5,2.4
20151123180839,0.0,0.0,0.0,0.0,0.3,0.0,96.1,3.6
20151123180909,0.0,0.0,0.0,0.0,0.7,0.0,68.2,31.1
20151123180939,0.0,0.0,0.0,0.0,0.2,0.0,90.4,9.4
20151123181009,0.0,0.0,0.0,0.0,0.9,0.0,77.5,21.5
20151123181039,0.0,0.0,0.0,0.0,0.8,0.0,34.4,64.7
20151123181109,0.0,0.0,0.0,0.0,0.3,0.0,82.7,16.9
20151123181139,0.0,0.0,0.2,0.0,1.3,0.0,88.9,9.5
20151123181209,0.0,0.0,0.1,0.0,0.5,0.0,92.7,6.7
20151123181239,0.0,0.0,0.1,0.0,0.2,0.0,94.8,4.9
20151123181309,0.0,0.0,0.0,0.0,0.0,0.0,96.2,3.7
20151123181339,0.0,0.0,0.0,0.0,0.0,0.0,99.8,0.1
20151123181409,0.0,0.0,0.1,0.0,0.1,0.0,91.8,8.0
20151123181439,0.0,0.0,0.0,0.0,0.1,0.0,94.7,5.2
20151123181509,0.0,0.0,0.0,0.0,0.0,0.0,98.6,1.4
20151123181539,0.0,0.0,0.0,0.0,0.6,0.0,69.7,29.7
20151123181609,0.0,0.0,0.0,0.0,0.2,0.0,95.5,4.3
20151123181639,0.0,0.0,0.0,0.0,2.4,0.0,82.7,14.8
20151123181709,0.0,0.0,0.0,0.0,0.1,0.0,98.0,1.8
20151123181739,0.0,0.0,0.0,0.0,0.1,0.0,99.2,0.7
20151123181809,0.0,0.0,0.1,0.0,0.2,0.0,93.3,6.3
20151123181839,0.0,0.0,0.0,0.0,0.2,0.0,97.3,2.5
20151123181909,0.0,0.0,0.0,0.0,3.0,0.0,88.8,8.1
20151123181939,0.0,0.0,0.0,0.0,0.5,0.0,94.8,4.7
20151123182009,0.0,0.0,0.1,0.0,1.3,0.0,84.1,14.6
20151123182039,0.0,0.0,0.0,0.0,0.5,0.0,98.7,0.7
20151123182109,0.0,0.0,0.0,0.0,0.5,0.0,97.4,2.1
20151123182139,0.0,0.0,0.0,0.0,3.0,0.0,93.2,3.8
20151123182209,0.0,0.0,0.0,0.0,3.0,0.0,96.0,1.0
20151123182239,0.0,0.0,0.0,0.0,10.0,0.0,87.4,2.6
20151123182309,0.0,0.0,0.0,0.0,58.1,0.0,40.6,1.3
20151123182339,0.0,0.0,0.0,0.0,8.0,0.0,90.2,1.8
20151123182409,0.0,0.0,0.0,0.0,6.1,0.0,91.6,2.3
20151123182439,0.0,0.0,0.0,0.0,0.9,0.0,98.8,0.3
20151123182509,0.0,0.0,0.0,0.1,1.9,0.0,96.3,1.7
20151123182539,0.0,0.0,0.0,0.0,0.9,0.0,98.8,0.3
20151123182609,0.0,0.0,0.0,0.0,2.7,0.0,94.8,2.5
20151123182639,0.0,0.0,0.0,0.2,0.4,0.0,96.2,3.1
20151123182709,0.0,0.0,0.0,0.1,3.4,0.0,95.6,0.9
20151123182740,0.0,0.0,0.0,0.0,1.1,0.0,98.7,0.1
20151123182810,0.0,0.0,0.2,0.2,0.8,0.0,98.4,0.4
20151123182840,0.0,0.0,0.5,0.4,10.9,0.0,86.0,2.1
20151123182910,0.0,0.0,0.0,0.0,1.0,0.0,98.6,0.2
20151123182940,0.0,0.0,0.1,0.1,2.6,0.0,92.1,5.0
20151123183010,0.0,0.0,0.0,0.0,1.3,0.0,98.2,0.4
20151123183040,0.0,0.0,0.0,0.0,0.5,0.0,99.2,0.3
20151123183110,0.0,0.0,0.0,0.0,2.2,0.0,97.2,0.5
20151123183140,0.0,0.0,0.0,0.0,0.1,0.0,99.4,0.4
20151123183210,0.0,0.0,0.0,0.0,0.1,0.0,99.8,0.1
20151123183240,0.0,0.0,0.0,0.0,0.1,0.0,99.7,0.2
20151123183310,0.0,0.0,0.0,0.0,0.0,0.0,99.9,0.0
20151123183340,0.0,0.0,0.0,0.0,0.0,0.0,99.8,0.2
20151123183410,0.0,0.0,0.0,0.0,0.1,0.0,99.6,0.3
20151123183440,0.0,0.0,0.0,0.0,0.3,0.0,99.6,0.1
20151123183510,0.0,0.0,0.0,0.0,0.1,0.0,99.9,0.0
20151123183540,0.0,0.0,0.0,0.0,0.0,0.0,99.9,0.0
20151123183610,0.0,0.0,0.0,0.0,0.0,0.0,100.0,0.0
20151123183640,0.0,0.0,0.0,0.0,0.6,0.0,99.2,0.2
20151123183710,0.0,0.0,0.0,0.0,0.2,0.0,99.6,0.1
20151123183740,0.0,0.0,0.0,0.0,0.0,0.0,99.4,0.6
20151123183810,0.0,0.0,0.0,0.0,0.2,0.0,99.6,0.2
20151123183840,0.0,0.0,0.0,0.0,2.4,0.0,96.1,1.4
20151123183910,0.0,0.0,0.0,0.0,1.1,0.0,97.1,1.8
20151123183940,0.0,0.0,0.0,0.0,0.4,0.0,98.8,0.8
20151123184010,0.0,0.0,0.0,0.0,0.0,0.0,99.4,0.5
20151123184040,0.0,0.0,0.0,0.0,0.1,0.0,99.6,0.3
20151123184110,0.0,0.0,0.0,0.0,0.0,0.0,99.8,0.1
20151123184140,0.0,0.0,0.0,0.0,0.0,0.0,99.9,0.1
20151123184210,0.0,0.0,0.0,0.0,0.1,0.0,99.2,0.7
20151123184240,0.0,0.0,0.0,0.0,0.1,0.0,99.3,0.6
20151123184310,0.0,0.0,0.0,0.0,0.4,0.0,96.0,3.6
20151123184340,0.0,0.0,0.0,0.1,5.1,0.0,35.7,59.1
20151123184410,0.0,0.0,0.0,0.0,9.9,0.0,77.8,12.2
20151123184440,0.0,0.0,0.0,0.0,1.1,0.0,60.0,38.9
20151123184510,0.0,0.0,0.0,0.0,0.2,0.0,79.5,20.3
20151123184540,0.0,0.0,0.0,0.0,0.2,0.0,81.8,18.1
20151123184610,0.0,0.0,0.0,0.0,0.1,0.0,75.4,24.5
20151123184640,0.0,0.0,0.0,0.0,0.1,0.0,90.2,9.7
20151123184710,0.0,0.0,0.0,0.0,0.1,0.0,99.2,0.7
20151123184740,0.0,0.0,0.0,0.0,0.2,0.0,96.2,3.5
20151123184810,0.0,0.0,0.0,0.0,0.1,0.0,96.3,3.5
20151123184840,0.0,0.0,0.0,0.0,0.2,0.0,94.0,5.7
20151123184910,0.0,0.0,0.0,0.0,0.0,0.0,99.4,0.6
20151123184940,0.0,0.0,0.0,0.0,0.1,0.0,98.1,1.8
20151123185010,0.0,0.0,0.0,0.0,1.7,0.0,69.0,29.2
20151123185040,0.0,0.0,0.0,0.0,0.1,0.0,99.1,0.9
20151123185110,0.0,0.0,0.0,0.0,0.7,0.0,96.1,3.1
20151123185140,0.0,0.0,0.0,0.0,0.0,0.0,99.5,0.4
20151123185210,0.0,0.0,0.0,0.0,0.0,0.0,98.1,1.9
20151123185240,0.0,0.0,0.1,0.0,0.3,0.0,71.3,28.4
20151123185310,0.0,0.0,0.0,0.0,0.1,0.0,38.7,61.2
20151123185340,0.0,0.0,0.1,0.0,0.1,0.0,55.1,44.7
20151123185410,0.0,0.0,0.0,0.0,0.0,0.0,92.9,7.0
20151123185440,0.0,0.0,0.0,0.0,0.1,0.0,67.9,32.0
20151123185510,0.0,0.0,0.1,0.0,0.1,0.0,81.4,18.4
20151123185540,0.0,0.0,0.0,0.0,0.2,0.0,74.0,25.8
20151123185610,0.0,0.0,0.2,0.1,0.2,0.0,60.6,38.9
20151123185640,0.0,0.0,0.1,0.0,0.0,0.0,91.4,8.5
20151123185710,0.0,0.0,0.1,0.0,0.1,0.0,81.6,18.2
20151123185740,0.0,0.0,0.2,0.0,0.2,0.0,76.1,23.5
20151123185810,0.0,0.0,0.0,0.0,0.1,0.0,97.1,2.7
20151123185840,0.0,0.0,0.0,0.0,0.1,0.0,50.8,49.1
20151123185910,0.0,0.0,0.0,0.0,0.0,0.0,87.5,12.4
20151123185940,0.0,0.0,0.1,0.2,0.2,0.0,82.4,17.1
20151123190010,0.0,0.0,0.0,0.1,0.0,0.0,62.4,37.4
20151123190040,0.0,0.0,0.0,0.1,0.1,0.0,73.3,26.4
20151123190110,0.0,0.0,0.0,0.0,0.0,0.0,91.9,8.0
20151123190141,0.0,0.0,0.0,0.1,0.0,0.0,90.6,9.3
20151123190211,0.0,0.0,0.0,0.1,0.1,0.0,93.2,6.7
20151123190241,0.0,0.0,0.0,0.1,0.1,0.0,19.4,80.3
20151123190311,0.0,0.0,0.0,0.2,0.6,0.0,56.7,42.5
20151123190341,0.0,0.0,0.0,0.1,0.9,0.0,95.4,3.6
20151123190411,0.0,0.0,0.1,0.1,1.4,0.0,52.5,45.8
20151123190441,0.0,0.0,0.0,0.2,1.7,0.0,89.6,8.5
20151123190511,0.0,0.0,0.0,0.1,1.3,0.0,83.8,14.8
20151123190541,0.0,0.0,0.1,0.1,0.5,0.0,68.3,31.0
20151123190611,0.0,0.0,0.1,0.1,1.0,0.0,70.8,28.0
20151123190641,0.0,0.0,0.0,0.0,0.9,0.0,80.9,18.2
20151123190711,0.0,0.0,0.0,0.0,0.1,0.0,90.0,9.9
20151123190741,0.0,0.0,0.0,0.0,0.0,0.0,38.4,61.5
20151123190811,0.0,0.0,0.0,0.0,0.1,0.0,90.3,9.7
20151123190841,0.0,0.0,0.0,0.0,0.0,0.0,94.7,5.3
20151123190911,0.0,0.0,0.0,0.0,0.0,0.0,93.9,6.1
20151123190941,0.0,0.0,0.0,0.0,0.1,0.0,90.8,9.2
20151123191011,0.0,0.0,0.0,0.0,0.0,0.0,97.8,2.2
20151123191041,0.0,0.0,0.0,0.0,0.0,0.0,96.7,3.2
20151123191111,0.0,0.0,0.0,0.0,0.1,0.0,85.7,14.1
20151123191141,0.0,0.0,0.0,0.0,0.1,0.0,98.6,1.3
20151123191211,0.0,0.0,0.0,0.0,0.0,0.0,98.4,1.6
20151123191241,0.0,0.0,0.0,0.0,0.0,0.0,99.3,0.7
20151123191311,0.0,0.0,0.0,0.0,0.0,0.0,99.0,1.0
20151123191341,0.0,0.0,0.0,0.0,0.0,0.0,98.3,1.7
20151123191411,0.0,0.0,0.0,0.0,0.1,0.0,88.2,11.6
20151123191441,0.0,0.0,0.0,0.0,0.1,0.0,95.6,4.3
20151123191511,0.0,0.0,0.0,0.0,0.0,0.0,96.1,3.9
20151123191541,0.0,0.0,0.0,0.0,0.1,0.0,89.0,10.9
20151123191611,0.0,0.0,0.0,0.0,0.1,0.0,40.8,59.2
20151123191641,0.0,0.0,0.0,0.1,0.1,0.0,46.0,53.9
20151123191711,0.0,0.0,0.0,0.1,0.0,0.0,78.9,21.0
20151123191741,0.0,0.0,0.0,0.0,0.0,0.0,73.8,26.1
20151123191811,0.0,0.0,0.0,0.0,0.1,0.0,47.9,52.0
20151123191841,0.0,0.0,0.0,0.1,0.1,0.0,26.6,73.2
20151123191911,0.0,0.0,0.0,0.2,0.2,0.0,37.0,62.7
20151123191941,0.0,0.0,0.0,0.2,0.3,0.0,55.7,43.7
20151123192011,0.0,0.0,0.0,0.3,0.2,0.0,73.3,26.2
20151123192041,0.0,0.0,0.0,0.1,0.2,0.0,77.7,22.1
20151123192111,0.0,0.0,0.0,0.0,0.1,0.0,94.7,5.2
20151123192141,0.0,0.0,0.0,0.0,0.0,0.0,93.9,6.0
20151123192211,0.0,0.0,0.0,0.1,0.1,0.0,93.3,6.5
20151123192241,0.0,0.0,0.0,0.0,0.0,0.0,93.8,6.1
20151123192311,0.0,0.0,0.0,0.0,0.0,0.0,99.1,0.9
20151123192341,0.0,0.0,0.0,0.0,0.0,0.0,98.4,1.6
20151123192411,0.0,0.0,0.0,0.1,0.0,0.0,93.1,6.8
20151123192441,0.0,0.0,0.0,0.0,0.0,0.0,91.2,8.8
20151123192511,0.0,0.0,0.0,0.0,0.0,0.0,95.9,4.0
20151123192541,0.0,0.0,0.0,0.0,0.1,0.0,97.2,2.7
20151123192611,0.0,0.0,0.0,0.1,1.3,0.0,47.0,51.6
20151123192641,0.0,0.0,0.0,0.0,0.5,0.0,63.1,36.4
20151123192711,0.0,0.0,0.0,0.0,0.1,0.0,89.5,10.3
20151123192741,0.0,0.0,0.0,0.0,0.0,0.0,94.7,5.2
20151123192811,0.0,0.0,0.0,0.0,0.0,0.0,84.7,15.3
20151123192841,0.0,0.0,0.0,0.0,0.0,0.0,92.1,7.9
20151123192911,0.0,0.0,0.0,0.0,0.0,0.0,97.8,2.2
20151123192941,0.0,0.0,0.0,0.0,0.0,0.0,98.2,1.8
20151123193011,0.0,0.0,0.0,0.0,0.0,0.0,99.8,0.1
20151123193041,0.0,0.0,0.0,0.0,0.0,0.0,99.0,0.9
20151123193111,0.0,0.0,0.0,0.0,0.0,0.0,99.4,0.6
20151123193141,0.0,0.0,0.0,0.1,0.4,0.0,91.5,8.0
20151123193211,0.0,0.0,0.0,0.0,0.1,0.0,96.0,3.9
20151123193241,0.0,0.0,0.0,0.0,0.0,0.0,99.4,0.5
20151123193311,0.0,0.0,0.0,0.4,0.1,0.0,85.2,14.2
20151123193341,0.0,0.0,0.0,0.1,0.1,0.0,94.1,5.7
20151123193411,0.0,0.0,0.0,0.2,0.1,0.0,78.3,21.5
20151123193441,0.0,0.0,0.0,1.3,0.2,0.0,46.0,52.5
20151123193511,0.0,0.0,0.0,0.0,0.2,0.0,89.9,9.9
20151123193542,0.0,0.0,0.0,0.2,0.4,0.0,84.5,14.9
20151123193612,0.0,0.0,0.0,0.0,0.1,0.0,95.1,4.7
20151123193642,0.0,0.0,0.0,0.2,1.0,0.0,73.6,25.2
20151123193712,0.0,0.0,0.0,0.1,0.3,0.0,91.6,8.0
20151123193742,0.0,0.0,0.0,0.1,0.6,0.0,63.9,35.4
20151123193812,0.0,0.0,0.0,0.0,0.1,0.0,16.9,83.0
20151123193842,0.0,0.0,0.0,0.0,0.0,0.0,70.3,29.7
20151123193912,0.0,0.0,0.0,0.0,0.0,0.0,55.6,44.4
20151123193942,0.0,0.0,0.0,0.1,0.1,0.0,59.0,40.9
20151123194012,0.0,0.0,0.0,0.1,0.1,0.0,55.0,44.8
20151123194042,0.0,0.0,0.0,0.1,0.0,0.0,69.2,30.6
20151123194112,0.0,0.0,0.0,0.1,0.1,0.0,75.3,24.6
20151123194142,0.0,0.0,0.0,0.4,0.5,0.0,40.7,58.4
20151123194212,0.0,0.0,0.0,0.5,0.4,0.0,41.6,57.5
20151123194242,0.0,0.0,0.0,0.1,0.0,0.0,59.1,40.7
20151123194312,0.0,0.0,0.0,0.6,0.1,0.0,61.5,37.9
20151123194342,0.0,0.0,0.0,0.4,0.1,0.0,70.6,28.9
20151123194412,0.0,0.0,0.0,0.8,0.1,0.0,26.6,72.5
20151123194442,0.0,0.0,0.0,0.2,0.1,0.0,30.9,68.9
20151123194512,0.0,0.0,0.0,0.1,0.1,0.0,12.0,87.8
20151123194542,0.0,0.0,0.0,0.2,0.1,0.0,29.5,70.2
20151123194612,0.0,0.0,0.0,0.6,0.1,0.0,12.1,87.2
20151123194642,0.0,0.0,0.0,0.1,0.1,0.0,60.4,39.4
20151123194712,0.0,0.0,0.0,0.4,0.1,0.0,57.8,41.7
20151123194742,0.0,0.0,0.0,0.1,0.5,0.0,80.1,19.3
20151123194812,0.0,0.0,0.0,0.7,1.8,0.0,78.7,18.8
20151123194842,0.0,0.0,0.0,0.1,2.5,0.0,75.8,21.7
20151123194912,0.0,0.0,0.0,0.2,1.2,0.0,55.2,43.4
20151123194942,0.0,0.0,0.0,0.2,6.2,0.0,54.0,39.6
20151123195012,0.0,0.0,0.0,0.2,0.8,0.0,94.4,4.6
20151123195042,0.0,0.0,0.0,0.1,2.3,0.0,86.5,11.0
20151123195112,0.0,0.0,0.0,0.4,5.1,0.0,82.1,12.4
20151123195142,0.0,0.0,0.0,0.7,3.8,0.0,85.3,10.2
20151123195212,0.0,0.0,0.0,0.3,1.8,0.0,84.0,13.9
20151123195242,0.0,0.0,0.0,0.4,4.8,0.0,51.3,43.5
20151123195312,0.0,0.0,0.0,0.3,1.2,0.0,22.0,76.4
20151123195342,0.0,0.0,0.0,0.3,1.2,0.0,39.1,59.4
20151123195412,0.0,0.0,0.1,0.9,4.6,0.0,64.7,29.6
20151123195442,0.0,0.0,0.0,0.1,0.3,0.0,83.8,15.7
20151123195512,0.0,0.0,0.0,0.1,0.5,0.0,86.8,12.6
20151123195542,0.0,0.0,0.0,0.1,1.8,0.0,58.6,39.4
20151123195612,0.0,0.0,0.0,0.2,1.6,0.0,48.9,49.4
20151123195642,0.0,0.0,0.0,0.0,2.0,0.0,31.9,66.1
20151123195712,0.0,0.0,0.0,0.0,3.4,0.0,35.2,61.4
20151123195742,0.0,0.0,0.0,0.1,1.3,0.0,47.8,50.8
20151123195812,0.0,0.0,0.0,0.1,1.2,0.0,45.4,53.3
20151123195842,0.0,0.0,0.0,0.0,0.6,0.0,85.7,13.7
20151123195912,0.0,0.0,0.0,0.0,1.9,0.0,83.8,14.3
20151123195942,0.0,0.0,0.0,0.1,2.0,0.0,85.2,12.7
20151123200012,0.0,0.0,0.0,0.0,2.4,0.0,86.6,11.0
20151123200042,0.0,0.0,0.0,0.1,1.1,0.0,40.3,58.5
20151123200112,0.0,0.0,0.0,0.1,14.1,0.0,45.7,40.0
20151123200142,0.0,0.0,0.0,0.0,1.1,0.0,96.2,2.7
20151123200212,0.0,0.0,0.0,0.0,1.2,0.0,79.9,18.8
20151123200242,0.0,0.0,0.0,0.2,2.2,0.0,40.7,57.0
20151123200313,0.0,0.0,0.0,0.0,3.3,0.0,13.2,83.4
20151123200343,0.0,0.0,0.0,0.0,0.4,0.0,94.8,4.8
20151123200413,0.0,0.0,0.0,0.1,1.7,0.0,19.0,79.2
20151123200443,0.0,0.0,0.0,0.1,10.3,0.0,53.9,35.8
20151123200513,0.0,0.0,0.0,0.1,1.9,0.0,78.5,19.4
20151123200543,0.0,0.0,0.0,0.1,1.7,0.0,81.9,16.3
20151123200613,0.0,0.0,0.0,0.2,1.6,0.0,15.4,82.9
20151123200643,0.0,0.0,0.0,0.1,0.5,0.0,10.9,88.5
20151123200713,0.0,0.0,0.0,0.2,1.4,0.0,42.8,55.7
20151123200743,0.0,0.0,0.0,0.3,1.1,0.0,17.9,80.7
20151123200813,0.0,0.0,0.0,0.1,1.5,0.0,72.6,25.9
20151123200843,0.0,0.0,0.0,0.0,0.6,0.0,22.2,77.1
20151123200913,0.0,0.0,0.0,0.3,2.6,0.0,20.6,76.5
20151123200943,0.0,0.0,0.0,0.1,2.0,0.0,72.9,25.0
20151123201013,0.0,0.0,0.0,0.2,0.4,0.0,88.7,10.6
20151123201043,0.0,0.0,0.0,0.2,0.6,0.0,94.2,5.1
20151123201113,0.0,0.0,0.0,3.3,5.8,0.0,37.9,53.0
20151123201143,0.0,0.0,0.0,0.6,1.6,0.0,8.6,89.2
20151123201213,0.0,0.0,0.0,1.2,2.9,0.0,27.4,68.5
20151123201243,0.0,0.0,0.0,0.2,0.6,0.0,11.5,87.7
20151123201313,0.0,0.0,0.0,0.3,0.5,0.0,14.5,84.7
20151123201343,0.0,0.0,0.0,0.5,0.4,0.0,24.3,74.9
20151123201413,0.0,0.0,0.0,0.4,0.3,0.0,33.0,66.3
20151123201443,0.0,0.0,0.0,1.7,0.5,0.0,55.4,42.4
20151123201513,0.0,0.0,0.0,0.3,0.8,0.0,24.8,74.2
20151123201543,0.0,0.0,0.0,0.2,0.9,0.0,50.6,48.3
20151123201613,0.0,0.0,0.0,0.3,0.7,0.0,8.1,90.9
20151123201643,0.0,0.0,0.0,0.3,1.1,0.0,17.5,81.2
20151123201713,0.0,0.0,0.0,0.1,0.5,0.0,2.2,97.3
20151123201743,0.0,0.0,0.0,0.2,0.5,0.0,19.2,80.1
20151123201813,0.0,0.0,0.0,0.1,1.6,0.0,52.2,46.1
20151123201843,0.0,0.0,0.0,0.1,1.1,0.0,14.6,84.2
20151123201913,0.0,0.0,0.0,0.0,0.1,0.0,28.0,71.8
20151123201943,0.0,0.0,0.0,0.0,0.7,0.0,57.9,41.3
20151123202013,0.0,0.0,0.0,0.1,0.8,0.0,34.9,64.2
20151123202043,0.0,0.0,0.0,0.3,3.4,0.0,35.9,60.4
20151123202113,0.0,0.0,0.0,0.0,0.2,0.0,29.8,70.0
20151123202143,0.0,0.0,0.0,0.1,0.3,0.0,3.5,96.2
20151123202213,0.0,0.0,0.0,0.0,0.8,0.0,1.9,97.3
20151123202243,0.0,0.0,0.0,0.1,1.3,0.0,6.7,91.9
20151123202313,0.0,0.0,0.0,0.0,0.7,0.0,7.0,92.3
20151123202343,0.0,0.0,0.0,0.1,0.3,0.0,5.7,93.9
20151123202413,0.0,0.0,0.0,0.1,0.1,0.0,31.2,68.7
20151123202443,0.0,0.0,0.0,0.2,1.9,0.0,45.2,52.7
20151123202513,0.0,0.0,0.0,0.5,1.5,0.0,27.5,70.4
20151123202543,0.0,0.0,0.0,0.4,1.6,0.0,60.6,37.4
20151123202613,0.0,0.0,0.0,0.6,0.9,0.0,64.9,33.6
20151123202643,0.0,0.0,0.0,0.5,2.0,0.0,42.8,54.6
20151123202713,0.0,0.0,0.0,0.1,0.3,0.0,83.6,16.1
20151123202743,0.0,0.0,0.0,0.3,1.2,0.0,80.3,18.3
20151123202813,0.0,0.0,0.0,0.0,0.2,0.0,83.7,16.1
20151123202843,0.0,0.0,0.0,0.2,1.2,0.0,66.1,32.5
20151123202913,0.0,0.0,0.0,0.1,0.4,0.0,53.0,46.6
20151123202943,0.0,0.0,0.0,0.1,0.5,0.0,76.4,23.0
20151123203013,0.0,0.0,0.0,0.4,0.8,0.0,69.1,29.7
20151123203043,0.0,0.0,0.0,0.7,6.2,0.0,65.6,27.5
20151123203113,0.0,0.0,0.0,0.3,0.8,0.0,19.8,79.0
