UT,arc,discrete,diffuse,ac,ab,clear,cloudy,dd
20151126133300,0.0,0.0,0.0,0.0,0.0,0.0,0.0,100.0
20151126133330,0.0,0.0,0.0,0.0,0.0,0.0,0.0,100.0
20151126133400,0.0,0.0,0.0,0.0,0.0,0.0,0.0,100.0
20151126133430,0.0,0.0,0.0,0.0,0.0,0.0,0.0,100.0
20151126133500,0.0,0.0,0.0,0.0,0.0,0.0,0.0,100.0
20151126133530,0.0,0.0,0.0,0.0,0.0,0.0,0.0,100.0
20151126133600,0.0,0.0,0.0,0.0,0.0,0.0,0.0,100.0
20151126133630,0.0,0.0,0.0,0.0,0.0,0.0,0.0,100.0
20151126133700,0.0,0.0,0.0,0.0,0.0,0.0,0.0,100.0
20151126133731,0.0,0.0,0.0,0.0,0.0,0.0,0.0,100.0
20151126133801,0.0,0.0,0.0,0.0,0.0,0.0,0.0,100.0
20151126133831,0.0,0.0,0.0,0.0,0.0,0.0,0.0,100.0
20151126133901,0.0,0.0,0.0,0.0,0.0,0.0,0.0,100.0
20151126133931,0.0,0.0,0.0,0.0,0.0,0.0,0.0,100.0
20151126134001,0.0,0.0,0.0,0.0,0.0,0.0,0.0,100.0
20151126134031,0.0,0.0,0.0,0.0,0.0,0.0,0.0,100.0
20151126134101,0.0,0.0,0.0,0.0,0.0,0.0,0.0,100.0
20151126134131,0.0,0.0,0.0,0.0,0.0,0.0,0.0,100.0
20151126134201,0.0,0.0,0.0,0.0,0.0,0.0,0.0,100.0
20151126134231,0.0,0.0,0.0,0.0,0.0,0.0,0.0,100.0
20151126134301,0.0,0.0,0.0,0.0,0.0,0.0,0.0,100.0
20151126134331,0.0,0.0,0.0,0.0,0.0,0.0,0.0,100.0
20151126134401,0.0,0.0,0.0,0.0,0.0,0.0,0.0,100.0
20151126134431,0.0,0.0,0.0,0.0,0.0,0.0,0.0,100.0
20151126134501,0.0,0.0,0.0,0.0,0.0,0.0,0.0,100.0
20151126134531,0.0,0.0,0.0,0.0,0.0,0.0,0.0,100.0
20151126134601,0.0,0.0,0.0,0.0,0.0,0.0,0.0,100.0
20151126134631,0.0,0.0,0.0,0.0,0.0,0.0,0.0,100.0
20151126134701,0.0,0.0,0.0,0.0,0.0,0.0,0.0,100.0
20151126134731,0.0,0.0,0.0,0.0,0.0,0.0,0.0,100.0
20151126134801,0.0,0.0,0.0,0.0,0.0,0.0,0.0,100.0
20151126134831,0.0,0.0,0.0,0.0,0.0,0.0,0.0,100.0
20151126134901,0.0,0.0,0.0,0.0,0.0,0.0,0.0,100.0
20151126134931,0.0,0.0,0.0,0.0,0.0,0.0,0.0,100.0
20151126135001,0.0,0.0,0.0,0.0,0.0,0.0,0.0,100.0
20151126135031,0.0,0.0,0.0,0.0,0.0,0.0,0.0,100.0
20151126135101,0.0,0.0,0.0,0.0,0.0,0.0,0.0,100.0
20151126135131,0.0,0.0,0.0,0.0,0.0,0.0,0.0,100.0
20151126135201,0.0,0.0,0.0,0.0,0.0,0.0,0.0,100.0
20151126135231,0.0,0.0,0.0,0.0,0.0,0.0,0.0,100.0
20151126135301,0.0,0.0,0.0,0.0,0.0,0.0,0.0,100.0
20151126135331,0.0,0.0,0.0,0.0,0.0,0.0,0.0,100.0
20151126135401,0.0,0.0,0.0,0.0,0.0,0.0,0.0,100.0
20151126135431,0.0,0.0,0.0,0.0,0.0,0.0,0.0,100.0
20151126135501,0.0,0.0,0.0,0.0,0.0,0.0,0.0,100.0
20151126135531,0.0,0.0,0.0,0.0,0.0,0.0,0.0,100.0
20151126135601,0.0,0.0,0.0,0.0,0.0,0.0,0.0,100.0
20151126135631,0.0,0.0,0.0,0.0,0.0,0.0,0.0,100.0
20151126135701,0.0,0.0,0.0,0.0,0.0,0.0,0.0,100.0
20151126135731,0.0,0.0,0.0,0.0,0.0,0.0,0.0,100.0
20151126135801,0.0,0.0,0.0,0.0,0.0,0.0,0.0,100.0
20151126135831,0.0,0.0,0.0,0.0,0.0,0.0,0.0,100.0
20151126135901,0.0,0.0,0.0,0.0,0.0,0.0,0.0,100.0
20151126135931,0.0,0.0,0.0,0.0,0.0,0.0,0.0,100.0
20151126140001,0.0,0.0,0.0,0.0,0.0,0.0,0.0,100.0
20151126140031,0.0,0.0,0.0,0.0,0.0,0.0,0.0,100.0
20151126140101,0.0,0.0,0.0,0.0,0.0,0.0,0.0,100.0
20151126140131,0.0,0.0,0.0,0.0,0.0,0.0,0.0,100.0
20151126140201,0.0,0.0,0.0,0.0,0.0,0.0,0.0,100.0
20151126140231,0.0,0.0,0.0,0.0,0.0,0.0,0.0,100.0
20151126140301,0.0,0.0,0.0,0.0,0.0,0.0,0.0,100.0
20151126140331,0.0,0.0,0.0,0.0,0.0,0.0,0.0,100.0
20151126140401,0.0,0.0,0.0,0.0,0.0,0.0,0.0,100.0
20151126140431,0.0,0.0,0.0,0.0,0.0,0.0,0.0,100.0
20151126140501,0.0,0.0,0.0,0.0,0.0,0.0,0.0,100.0
20151126140531,0.0,0.0,0.0,0.0,0.0,0.0,0.0,100.0
20151126140601,0.0,0.0,0.0,0.0,0.0,0.0,0.0,100.0
20151126140632,0.0,0.0,0.0,0.0,0.0,0.0,0.0,100.0
20151126140702,0.0,0.0,0.0,0.0,0.0,0.0,0.0,100.0
20151126140732,0.0,0.0,0.0,0.0,0.0,0.0,0.0,100.0
20151126140802,0.0,0.0,0.0,0.0,0.0,0.0,0.0,100.0
20151126140832,0.0,0.0,0.0,0.0,0.0,0.0,0.0,100.0
20151126140902,0.0,0.0,0.0,0.0,0.0,0.0,0.0,100.0
20151126140932,0.0,0.0,0.0,0.0,0.0,0.0,0.0,100.0
20151126141002,0.0,0.0,0.0,0.0,0.0,0.0,0.0,100.0
20151126141032,0.0,0.0,0.0,0.0,0.0,0.0,0.0,100.0
20151126141102,0.0,0.0,0.0,0.0,0.0,0.0,0.0,100.0
20151126141132,0.0,0.0,0.0,0.0,0.0,0.0,0.0,100.0
20151126141202,0.0,0.0,0.0,0.0,0.0,0.0,0.0,100.0
20151126141232,0.0,0.0,0.0,0.0,0.0,0.0,0.0,100.0
20151126141302,0.0,0.0,0.0,0.0,0.0,0.0,0.0,100.0
20151126141332,0.0,0.0,0.0,0.0,0.0,0.0,0.0,100.0
20151126141402,0.0,0.0,0.0,0.0,0.0,0.0,0.0,100.0
20151126141432,0.0,0.0,0.0,0.0,0.0,0.0,0.0,100.0
20151126141502,0.0,0.0,0.0,0.0,0.0,0.0,0.0,100.0
20151126141532,0.0,0.0,0.0,0.0,0.0,0.0,0.0,100.0
20151126141602,0.0,0.0,0.0,0.0,0.0,0.0,0.0,100.0
20151126141632,0.0,0.0,0.0,0.0,0.0,0.0,0.0,100.0
20151126141702,0.0,0.0,0.0,0.0,0.0,0.0,0.0,100.0
20151126141732,0.0,0.0,0.0,0.0,0.0,0.0,0.0,100.0
20151126141802,0.0,0.0,0.0,0.0,0.0,0.0,0.0,100.0
20151126141832,0.0,0.0,0.0,0.0,0.0,0.0,0.0,100.0
20151126141902,0.0,0.0,0.0,0.0,0.0,0.0,0.0,100.0
20151126141932,0.0,0.0,0.0,0.0,0.0,0.0,0.0,100.0
20151126142002,0.0,0.0,0.0,0.0,0.0,0.0,0.0,100.0
20151126142032,0.0,0.0,0.0,0.0,0.0,0.0,0.0,100.0
20151126142102,0.0,0.0,0.0,0.0,0.0,0.0,0.0,100.0
20151126142132,0.0,0.0,0.0,0.0,0.0,0.0,0.0,100.0
20151126142202,0.0,0.0,0.0,0.0,0.0,0.0,0.0,100.0
20151126142232,0.0,0.0,0.0,0.0,0.0,0.0,0.0,100.0
20151126142302,0.0,0.0,0.0,0.0,0.0,0.0,0.0,100.0
20151126142332,0.0,0.0,0.0,0.0,0.0,0.0,0.0,100.0
20151126142402,0.0,0.0,0.0,0.0,0.0,0.0,0.0,100.0
20151126142432,0.0,0.0,0.0,0.0,0.0,0.0,0.0,100.0
20151126142502,0.0,0.0,0.0,0.0,0.0,0.0,0.0,100.0
20151126142532,0.0,0.0,0.0,0.0,0.0,0.0,0.0,100.0
20151126142602,0.0,0.0,0.0,0.0,0.0,0.0,0.0,100.0
20151126142632,0.0,0.0,0.0,0.0,0.0,0.0,0.0,100.0
20151126142702,0.0,0.0,0.0,0.0,0.0,0.0,0.0,100.0
20151126142732,0.0,0.0,0.0,0.0,0.0,0.0,0.0,100.0
20151126142802,0.0,0.0,0.0,0.0,0.0,0.0,0.0,100.0
20151126142832,0.0,0.0,0.0,0.0,0.0,0.0,0.1,99.9
20151126142902,0.0,0.0,0.0,0.0,0.0,0.0,0.2,99.8
20151126142932,0.0,0.0,0.0,0.0,0.0,0.0,0.2,99.8
20151126143002,0.0,0.0,0.0,0.0,0.0,0.0,0.1,99.9
20151126143032,0.0,0.0,0.0,0.0,0.0,0.0,0.1,99.9
20151126143102,0.0,0.0,0.0,0.0,0.0,0.0,0.2,99.8
20151126143132,0.0,0.0,0.0,0.0,0.0,0.0,0.1,99.9
20151126143202,0.0,0.0,0.0,0.0,0.0,0.0,0.0,100.0
20151126143232,0.0,0.0,0.0,0.0,0.0,0.2,0.6,99.3
20151126143432,0.0,0.0,0.0,0.0,0.0,0.0,0.0,100.0
20151126143502,0.0,0.0,0.0,0.0,0.0,0.0,0.0,100.0
20151126143532,0.0,0.0,0.0,0.0,0.0,0.0,0.0,100.0
20151126143602,0.0,0.0,0.0,0.0,0.0,0.0,0.0,100.0
20151126143632,0.0,0.0,0.0,0.0,0.0,0.0,0.0,100.0
20151126143702,0.0,0.0,0.0,0.0,0.0,0.0,0.0,100.0
20151126143732,0.0,0.0,0.0,0.0,0.0,0.0,0.0,100.0
20151126143802,0.0,0.0,0.0,0.0,0.0,0.0,0.0,100.0
20151126143832,0.0,0.0,0.0,0.0,0.0,0.0,0.0,100.0
20151126143902,0.0,0.0,0.0,0.0,0.0,0.0,0.0,100.0
20151126143932,0.0,0.0,0.0,0.0,0.0,0.0,0.0,100.0
20151126144002,0.0,0.0,0.0,0.0,0.0,0.0,0.0,100.0
20151126144033,0.0,0.0,0.0,0.0,0.0,0.0,0.0,100.0
20151126144103,0.0,0.0,0.0,0.0,0.0,0.0,0.0,100.0
20151126144133,0.0,0.0,0.0,0.0,0.0,0.0,0.0,100.0
20151126144203,0.0,0.0,0.0,0.0,0.1,0.0,0.3,99.6
20151126144233,0.0,0.0,0.0,0.0,0.0,0.0,1.6,98.4
20151126144303,0.0,0.0,0.0,0.0,0.0,0.0,0.1,99.9
20151126144333,0.0,0.0,0.0,0.0,0.0,0.0,4.6,95.4
20151126144403,0.0,0.0,0.0,0.0,0.0,0.0,2.5,97.5
20151126144433,0.0,0.0,0.0,0.0,0.0,0.0,0.1,99.9
20151126144503,0.0,0.0,0.0,0.0,0.0,0.0,0.1,99.9
20151126144533,0.0,0.0,0.0,0.0,0.0,0.0,0.0,100.0
20151126144603,0.0,0.0,0.0,0.0,0.0,0.0,0.0,100.0
20151126144633,0.0,0.0,0.0,0.0,0.0,0.0,0.0,100.0
20151126144703,0.0,0.0,0.0,0.0,0.0,0.0,0.0,100.0
20151126144733,0.0,0.0,0.0,0.0,0.0,0.0,0.0,100.0
20151126144803,0.0,0.0,0.0,0.0,0.0,0.0,0.0,100.0
20151126144833,0.0,0.0,0.0,0.0,0.0,0.0,0.0,100.0
20151126144903,0.0,0.0,0.0,0.0,0.0,0.0,0.0,100.0
20151126144933,0.0,0.0,0.0,0.0,0.0,0.0,0.0,100.0
20151126145003,0.0,0.0,0.0,0.0,0.0,0.0,0.0,100.0
20151126145033,0.0,0.0,0.0,0.0,0.0,0.0,0.0,100.0
20151126145103,0.0,0.0,0.0,0.0,0.0,0.0,0.0,100.0
20151126145133,0.0,0.0,0.0,0.0,0.0,0.0,0.0,100.0
20151126145203,0.0,0.0,0.0,0.0,0.0,0.0,0.0,100.0
20151126145233,0.0,0.0,0.0,0.0,0.0,0.0,0.0,100.0
20151126145303,0.0,0.0,0.0,0.0,0.0,0.0,0.0,100.0
20151126145333,0.0,0.0,0.0,0.0,0.0,0.0,0.0,100.0
20151126145403,0.0,0.0,0.0,0.0,0.0,0.0,0.0,100.0
20151126145433,0.0,0.0,0.0,0.0,0.0,0.0,0.0,100.0
20151126145503,0.0,0.0,0.0,0.0,0.0,0.0,0.0,100.0
20151126145533,0.0,0.0,0.0,0.0,0.0,0.0,0.0,100.0
20151126145603,0.0,0.0,0.0,0.0,0.0,0.0,0.0,100.0
20151126145633,0.0,0.0,0.0,0.0,0.0,0.0,0.0,100.0
20151126145703,0.0,0.0,0.0,0.0,0.0,0.0,0.0,100.0
20151126145733,0.0,0.0,0.0,0.0,0.0,0.0,0.0,100.0
20151126145803,0.0,0.0,0.0,0.0,0.0,0.0,0.0,100.0
20151126145833,0.0,0.0,0.0,0.0,0.0,0.0,0.0,100.0
20151126145903,0.0,0.0,0.0,0.0,0.0,0.0,0.0,100.0
20151126145933,0.0,0.0,0.0,0.0,0.0,0.0,0.0,100.0
20151126150003,0.0,0.0,0.0,0.0,0.0,0.0,0.0,100.0
20151126150033,0.0,0.0,0.0,0.0,0.0,0.0,0.0,100.0
20151126150103,0.0,0.0,0.0,0.0,0.0,0.0,0.0,100.0
20151126150133,0.0,0.0,0.0,0.0,0.0,0.0,0.0,100.0
20151126150203,0.0,0.0,0.0,0.0,0.0,0.0,0.0,100.0
20151126150233,0.0,0.0,0.0,0.0,0.0,0.0,0.0,100.0
20151126150303,0.0,0.0,0.0,0.0,0.0,0.0,0.0,100.0
20151126150333,0.0,0.0,0.0,0.0,0.0,0.0,0.0,100.0
20151126150403,0.0,0.0,0.0,0.0,0.0,0.0,0.0,100.0
20151126150433,0.0,0.0,0.0,0.0,0.0,0.0,0.0,100.0
20151126150503,0.0,0.0,0.0,0.0,0.0,0.0,0.1,99.9
20151126150533,0.0,0.0,0.0,0.0,0.0,0.0,0.0,100.0
20151126150603,0.0,0.0,0.0,0.0,0.0,0.0,0.0,100.0
20151126150633,0.0,0.0,0.0,0.0,0.0,0.0,0.0,100.0
20151126150703,0.0,0.0,0.0,0.0,0.0,0.0,0.0,100.0
20151126150733,0.0,0.0,0.0,0.0,0.0,0.0,0.0,100.0
20151126150803,0.0,0.0,0.0,0.0,0.0,0.0,0.1,99.9
20151126150834,0.0,0.0,0.0,0.0,0.0,0.0,0.0,100.0
20151126150904,0.0,0.0,0.0,0.0,0.0,0.0,0.0,100.0
20151126150934,0.0,0.0,0.0,0.0,0.0,0.0,0.0,100.0
20151126151004,0.0,0.0,0.0,0.0,0.0,0.0,0.0,100.0
20151126151034,0.0,0.0,0.0,0.0,0.0,0.0,0.0,100.0
20151126151104,0.0,0.0,0.0,0.0,0.0,0.0,0.0,100.0
20151126151134,0.0,0.0,0.0,0.0,0.0,0.0,0.0,100.0
20151126151204,0.0,0.0,0.0,0.0,0.0,0.0,0.0,100.0
20151126151234,0.0,0.0,0.0,0.0,0.0,0.0,0.0,100.0
20151126151304,0.0,0.0,0.0,0.0,0.0,0.0,1.3,98.7
20151126151334,0.0,0.0,0.0,0.0,0.0,0.0,0.0,100.0
20151126151404,0.0,0.0,0.0,0.0,0.0,0.0,0.0,100.0
20151126151434,0.0,0.0,0.0,0.0,0.0,0.0,0.1,99.9
20151126151504,0.0,0.0,0.0,0.0,0.0,0.0,0.0,100.0
20151126151534,0.0,0.0,0.0,0.0,0.0,0.0,0.0,100.0
20151126151604,0.0,0.0,0.0,0.0,0.0,0.0,0.0,100.0
20151126151634,0.0,0.0,0.0,0.0,0.0,0.0,0.0,100.0
20151126151704,0.0,0.0,0.0,0.0,0.0,0.0,0.0,100.0
20151126151734,0.0,0.0,0.0,0.0,0.0,0.0,0.0,100.0
20151126151804,0.0,0.0,0.0,0.0,0.0,0.0,0.0,100.0
20151126151834,0.0,0.0,0.0,0.0,0.0,0.0,0.0,100.0
20151126151904,0.0,0.0,0.0,0.0,0.0,0.0,0.0,100.0
20151126151934,0.0,0.0,0.0,0.0,0.0,0.0,0.0,100.0
20151126152004,0.0,0.0,0.0,0.0,0.0,0.0,0.0,100.0
20151126152034,0.0,0.0,0.0,0.0,0.0,0.0,0.0,100.0
20151126152104,0.0,0.0,0.0,0.0,0.0,0.0,0.0,100.0
20151126152134,0.0,0.0,0.0,0.0,0.0,0.0,0.0,100.0
20151126152204,0.0,0.0,0.0,0.0,0.0,0.0,0.0,100.0
20151126152234,0.0,0.0,0.0,0.0,0.0,0.0,0.0,100.0
20151126152304,0.0,0.0,0.0,0.0,0.0,0.0,0.0,100.0
20151126152334,0.0,0.0,0.0,0.0,0.0,0.0,0.0,100.0
20151126152404,0.0,0.0,0.0,0.0,0.0,0.0,0.2,99.8
20151126152434,0.0,0.0,0.0,0.0,0.0,0.0,0.0,100.0
20151126152504,0.0,0.0,0.0,0.0,0.0,0.0,0.0,100.0
20151126152534,0.0,0.0,0.0,0.0,0.0,0.0,0.0,100.0
20151126152604,0.0,0.0,0.0,0.0,0.0,0.0,0.0,100.0
20151126152634,0.0,0.0,0.0,0.0,0.0,0.0,0.1,99.9
20151126152704,0.0,0.0,0.0,0.0,0.0,0.0,0.2,99.8
20151126152734,0.0,0.0,0.0,0.0,0.0,0.0,0.8,99.2
20151126152804,0.0,0.0,0.0,0.0,0.0,0.0,0.1,99.9
20151126152834,0.0,0.0,0.0,0.0,0.0,0.0,0.0,100.0
20151126152904,0.0,0.0,0.0,0.0,0.0,0.0,0.0,100.0
20151126152934,0.0,0.0,0.0,0.0,0.0,0.0,0.0,100.0
20151126153004,0.0,0.0,0.0,0.0,0.0,0.0,0.1,99.9
20151126153034,0.0,0.0,0.0,0.0,0.0,0.0,0.0,100.0
20151126153104,0.0,0.0,0.0,0.0,0.0,0.0,0.0,100.0
20151126153134,0.0,0.0,0.0,0.0,0.0,0.0,0.0,100.0
20151126153204,0.0,0.0,0.0,0.0,0.0,0.0,0.0,100.0
20151126153234,0.0,0.0,0.0,0.0,0.0,0.0,0.0,100.0
20151126153304,0.0,0.0,0.0,0.0,0.0,0.0,0.2,99.8
20151126153334,0.0,0.0,0.0,0.0,0.0,0.0,0.2,99.8
20151126153404,0.0,0.0,0.0,0.0,0.0,0.0,0.1,99.9
20151126153434,0.0,0.0,0.0,0.0,0.0,0.0,3.0,96.9
20151126153504,0.0,0.0,0.1,0.1,0.0,0.0,55.6,44.3
20151126153534,0.0,0.0,0.0,0.0,0.0,0.0,8.9,91.1
20151126153604,0.0,0.0,0.0,0.0,0.0,0.0,36.7,63.2
20151126153634,0.0,0.0,0.0,0.0,0.0,0.0,20.6,79.4
20151126153704,0.0,0.0,0.0,0.0,0.0,0.0,54.6,45.4
20151126153734,0.0,0.0,0.0,0.0,0.0,0.0,54.7,45.3
20151126153804,0.0,0.0,0.0,0.0,0.0,0.0,13.2,86.8
20151126153834,0.0,0.0,0.0,0.0,0.0,0.0,0.9,99.1
20151126153904,0.0,0.0,0.0,0.0,0.0,0.0,0.3,99.7
20151126153934,0.0,0.0,0.0,0.0,0.0,0.0,1.7,98.3
20151126154004,0.0,0.0,0.0,0.0,0.0,0.0,5.3,94.7
20151126154034,0.0,0.0,0.0,0.0,0.0,0.0,19.1,80.8
20151126154104,0.0,0.0,0.0,0.0,0.0,0.0,64.2,35.8
20151126154134,0.0,0.0,0.0,0.0,0.0,0.0,32.9,67.1
20151126154205,0.0,0.0,0.0,0.0,0.0,0.0,13.1,86.8
20151126154235,0.0,0.0,0.0,0.0,0.0,0.0,18.9,81.0
20151126154305,0.0,0.0,0.0,0.0,0.0,0.0,0.6,99.4
20151126154335,0.0,0.0,0.0,0.0,0.0,0.0,3.7,96.3
20151126154405,0.0,0.0,0.0,0.0,0.0,0.0,0.9,99.1
20151126154435,0.0,0.0,0.0,0.0,0.0,0.0,0.1,99.9
20151126154505,0.0,0.0,0.0,0.0,0.0,0.0,0.4,99.6
20151126154535,0.0,0.0,0.0,0.0,0.0,0.0,0.5,99.5
20151126154605,0.0,0.0,0.0,0.0,0.0,0.0,0.0,100.0
20151126154635,0.0,0.0,0.0,0.0,0.0,0.0,0.2,99.8
20151126154705,0.0,0.0,0.0,0.0,0.0,0.0,0.2,99.8
20151126154735,0.0,0.0,0.0,0.0,0.0,0.0,0.1,99.9
20151126154805,0.0,0.0,0.0,0.0,0.0,0.0,0.0,100.0
20151126154835,0.0,0.0,0.0,0.0,0.0,0.0,0.1,99.9
20151126154905,0.0,0.0,0.0,0.0,0.0,0.0,2.3,97.7
20151126154935,0.0,0.0,0.0,0.0,0.0,0.0,22.5,77.5
20151126155005,0.0,0.0,0.0,0.0,0.0,0.0,1.8,98.2
20151126155035,0.0,0.0,0.0,0.0,0.0,0.0,6.2,93.8
20151126155105,0.0,0.0,0.0,0.0,0.0,0.0,67.0,33.0
20151126155135,0.0,0.0,0.0,0.1,0.0,0.0,45.1,54.8
20151126155205,0.0,0.0,0.0,0.4,0.0,0.0,60.3,39.3
20151126155235,0.0,0.0,0.0,0.1,0.0,0.0,40.9,59.1
20151126155305,0.0,0.0,0.0,0.0,0.0,0.0,5.1,94.8
20151126155335,0.0,0.0,0.0,0.0,0.0,0.0,41.7,58.3
20151126155405,0.0,0.0,0.0,0.1,0.0,0.0,29.7,70.1
20151126155435,0.0,0.0,0.0,0.0,0.0,0.0,69.3,30.6
20151126155505,0.0,0.0,0.0,0.0,0.0,0.0,28.6,71.4
20151126155535,0.0,0.0,0.0,0.1,0.0,0.0,33.7,66.1
20151126155605,0.0,0.0,0.0,0.1,0.0,0.0,32.0,67.9
20151126155635,0.0,0.0,0.0,0.1,0.0,0.0,64.4,35.5
20151126155705,0.0,0.0,0.0,0.0,0.0,0.0,42.6,57.4
20151126155735,0.0,0.0,0.0,0.1,0.0,0.0,83.8,16.1
20151126155805,0.0,0.0,0.0,0.0,0.0,0.0,94.7,5.3
20151126155835,0.0,0.0,0.0,0.1,0.0,0.0,41.5,58.3
20151126155905,0.0,0.0,0.0,0.1,0.0,0.0,79.1,20.8
20151126155935,0.0,0.0,0.0,0.0,0.0,0.0,53.8,46.2
20151126160005,0.0,0.0,0.0,0.1,0.0,0.0,69.7,30.2
20151126160035,0.0,0.0,0.0,0.0,0.0,0.0,86.8,13.2
20151126160105,0.0,0.0,0.0,0.0,0.0,0.0,99.4,0.6
20151126160135,0.0,0.0,0.0,0.1,0.0,0.0,98.0,1.9
20151126160205,0.0,0.0,0.0,0.0,0.0,0.0,95.9,4.1
20151126160235,0.0,0.0,0.0,0.1,0.0,0.0,98.9,1.1
20151126160305,0.0,0.0,0.0,0.1,0.0,0.0,99.4,0.5
20151126160335,0.0,0.0,0.0,0.4,0.0,0.0,95.9,3.7
20151126160405,0.0,0.0,0.0,0.0,0.0,0.0,99.8,0.2
20151126160435,0.0,0.0,0.0,0.1,0.0,0.0,91.4,8.5
20151126160505,0.0,0.0,0.0,0.1,0.8,0.0,83.5,15.6
20151126160535,0.0,0.0,0.0,0.2,0.0,0.0,87.3,12.4
20151126160605,0.0,0.0,0.0,3.2,0.2,0.0,71.0,25.5
20151126160635,0.0,0.0,0.0,0.3,0.0,0.0,95.5,4.2
20151126160705,0.0,0.0,0.0,0.1,0.0,0.0,97.8,2.1
20151126160735,0.0,0.0,0.0,0.0,0.0,0.0,99.2,0.8
20151126160805,0.0,0.0,0.0,0.0,0.0,0.0,97.3,2.6
20151126160835,0.0,0.0,0.0,0.0,0.0,0.0,98.8,1.2
20151126160905,0.0,0.0,0.0,0.2,0.0,0.0,66.8,32.9
20151126160935,0.0,0.0,0.0,0.1,0.0,0.0,61.2,38.7
20151126161005,0.0,0.0,0.0,0.1,0.0,0.0,14.0,85.9
20151126161035,0.0,0.0,0.0,0.2,0.0,0.0,31.6,68.2
20151126161105,0.0,0.0,0.0,0.3,0.1,0.0,77.9,21.7
20151126161135,0.0,0.0,0.0,0.1,0.0,0.0,62.4,37.6
20151126161205,0.0,0.0,0.0,0.0,0.0,0.0,4.1,95.9
20151126161235,0.0,0.0,0.0,0.0,0.0,0.0,4.2,95.8
20151126161305,0.0,0.0,0.0,0.1,0.0,0.0,24.8,75.1
20151126161335,0.0,0.0,0.0,0.0,0.0,0.0,3.7,96.3
20151126161405,0.0,0.0,0.0,0.0,0.0,0.0,22.1,77.9
20151126161435,0.0,0.0,0.0,0.1,0.1,0.0,17.5,82.4
20151126161505,0.0,0.0,0.0,0.2,1.3,0.0,49.6,48.8
20151126161535,0.0,0.0,0.0,0.1,0.2,0.0,66.4,33.3
20151126161606,0.0,0.0,0.0,0.0,0.1,0.0,11.1,88.8
20151126161636,0.0,0.0,0.0,0.0,0.0,0.0,32.1,67.8
20151126161706,0.0,0.0,0.0,0.0,0.0,0.0,59.5,40.5
20151126161736,0.0,0.0,0.0,0.0,0.0,0.0,70.7,29.2
20151126161806,0.0,0.0,0.0,0.0,0.0,0.0,73.7,26.3
20151126161836,0.0,0.0,0.0,0.0,0.0,0.0,26.4,73.5
20151126161906,0.0,0.0,0.0,0.0,0.0,0.0,12.1,87.7
20151126161936,0.0,0.0,0.0,0.0,0.0,0.0,10.9,89.0
20151126162006,0.0,0.0,0.0,0.0,0.0,0.0,29.9,70.0
20151126162036,0.0,0.0,0.0,0.0,0.0,0.0,35.7,64.3
20151126162106,0.0,0.0,0.0,0.0,0.0,0.0,68.4,31.6
20151126162136,0.0,0.0,0.0,0.0,0.0,0.0,74.3,25.6
20151126162206,0.0,0.0,0.0,0.0,0.0,0.0,78.9,21.1
20151126162236,0.0,0.0,0.0,0.0,0.0,0.0,97.8,2.2
20151126162306,0.0,0.0,0.0,0.0,0.0,0.0,97.6,2.4
20151126162336,0.0,0.0,0.0,0.0,0.0,0.0,84.7,15.3
20151126162406,0.0,0.0,0.0,0.0,0.0,0.0,98.5,1.5
20151126162436,0.0,0.0,0.0,0.0,0.0,0.0,92.3,7.7
20151126162506,0.0,0.0,0.0,0.0,0.0,0.0,98.2,1.8
20151126162536,0.0,0.0,0.0,0.0,0.0,0.0,100.0,0.0
20151126162606,0.0,0.0,0.0,0.0,0.0,0.0,96.7,3.2
20151126162636,0.0,0.0,0.0,0.0,0.0,0.0,86.5,13.5
20151126162706,0.0,0.0,0.0,0.0,0.0,0.0,95.6,4.3
20151126162736,0.0,0.0,0.0,0.0,0.0,0.0,100.0,0.0
20151126162806,0.0,0.0,0.0,0.0,0.0,0.0,87.6,12.4
20151126162836,0.0,0.0,0.0,0.0,0.0,0.0,99.9,0.1
20151126162906,0.0,0.0,0.0,0.0,0.0,0.0,99.0,1.0
20151126162936,0.0,0.0,0.0,0.0,0.0,0.0,92.2,7.8
20151126163006,0.0,0.0,0.0,0.0,0.2,0.0,50.6,49.2
20151126163036,0.0,0.0,0.0,0.0,0.2,0.0,84.0,15.8
20151126163106,0.0,0.0,0.1,0.4,0.4,0.0,95.2,3.9
20151126163136,0.0,0.0,0.0,0.0,0.3,0.0,97.8,1.9
20151126163206,0.0,0.0,0.0,0.0,0.1,0.0,89.5,10.4
20151126163236,0.0,0.0,0.0,0.0,0.0,0.0,1.5,98.5
20151126163306,0.0,0.0,0.0,0.0,0.0,0.0,2.7,97.3
20151126163336,0.0,0.0,0.0,0.0,0.0,0.0,23.2,76.8
20151126163406,0.0,0.0,0.0,0.0,0.0,0.0,2.8,97.2
20151126163436,0.0,0.0,0.0,0.0,0.0,0.0,14.3,85.7
20151126163506,0.0,0.0,0.0,0.0,0.0,0.0,9.2,90.8
20151126163536,0.0,0.0,0.0,0.0,0.1,0.0,11.0,88.9
20151126163606,0.0,0.0,0.0,0.0,0.0,0.0,11.8,88.2
20151126163636,0.0,0.0,0.0,0.0,0.0,0.0,1.4,98.6
20151126163706,0.0,0.0,0.0,0.0,0.0,0.0,0.6,99.4
20151126163736,0.0,0.0,0.0,0.0,0.0,0.0,3.9,96.1
20151126163806,0.0,0.0,0.0,0.0,0.0,0.0,0.5,99.5
20151126163836,0.0,0.0,0.0,0.0,0.0,0.0,0.2,99.7
20151126163906,0.0,0.0,0.0,0.0,0.0,0.0,16.8,83.2
20151126163936,0.0,0.0,0.0,0.0,0.0,0.0,2.1,97.9
20151126164006,0.0,0.0,0.0,0.0,0.0,0.0,1.0,99.0
20151126164036,0.0,0.0,0.0,0.0,0.0,0.0,50.1,49.8
20151126164106,0.0,0.0,0.0,0.0,0.0,0.0,59.0,40.9
20151126164136,0.0,0.0,0.0,0.1,0.0,0.0,21.7,78.2
20151126164206,0.0,0.0,0.0,0.2,0.0,0.0,12.2,87.6
20151126164236,0.0,0.0,0.0,0.4,0.0,0.0,14.6,84.9
20151126164306,0.0,0.0,0.0,0.1,0.0,0.0,67.2,32.6
20151126164336,0.0,0.0,0.0,0.1,0.0,0.0,2.6,97.3
20151126164406,0.0,0.0,0.0,0.0,0.0,0.0,38.3,61.7
20151126164436,0.0,0.0,0.0,0.1,0.0,0.0,37.1,62.8
20151126164506,0.0,0.0,0.0,0.0,0.0,0.0,87.0,13.0
20151126164536,0.0,0.0,0.0,0.1,0.0,0.0,49.9,50.0
20151126164606,0.0,0.0,0.0,0.0,0.0,0.0,60.4,39.6
20151126164636,0.0,0.0,0.0,0.0,0.0,0.0,35.0,64.9
20151126164706,0.0,0.0,0.0,0.0,0.0,0.0,89.4,10.6
20151126164736,0.0,0.0,0.0,0.0,0.0,0.0,57.5,42.4
20151126164806,0.0,0.0,0.0,0.1,0.0,0.0,72.5,27.4
20151126164836,0.0,0.0,0.0,0.0,0.0,0.0,94.7,5.3
20151126164906,0.0,0.0,0.0,0.0,0.0,0.0,99.5,0.5
20151126164936,0.0,0.0,0.0,0.0,0.0,0.0,99.0,1.0
20151126165006,0.0,0.0,0.0,0.0,0.0,0.0,96.3,3.7
20151126165037,0.0,0.0,0.0,0.0,0.0,0.0,97.4,2.5
20151126165107,0.0,0.0,0.0,0.1,0.1,0.0,84.9,14.9
20151126165137,0.0,0.0,0.0,0.0,0.0,0.0,7.3,92.7
20151126165207,0.0,0.0,0.0,0.0,0.0,0.0,61.8,38.2
20151126165237,0.0,0.0,0.0,0.0,0.1,0.0,83.1,16.9
20151126165307,0.0,0.0,0.0,0.0,0.0,0.0,12.6,87.3
20151126165337,0.0,0.0,0.0,0.0,0.0,0.0,2.9,97.1
20151126165407,0.0,0.0,0.0,0.0,0.0,0.0,81.2,18.8
20151126165437,0.0,0.0,0.0,0.0,0.0,0.0,96.2,3.8
20151126165507,0.0,0.0,0.0,0.0,0.0,0.0,85.2,14.8
20151126165537,0.0,0.0,0.0,0.0,0.0,0.0,93.6,6.4
20151126165607,0.0,0.0,0.0,0.0,0.0,0.0,95.1,4.9
20151126165637,0.0,0.0,0.0,0.0,0.0,0.0,83.7,16.2
20151126165707,0.0,0.0,0.0,0.0,0.0,0.0,91.3,8.7
20151126165737,0.0,0.0,0.0,0.0,0.0,0.0,82.8,17.2
20151126165807,0.0,0.0,0.0,0.0,0.0,0.0,95.5,4.4
20151126165837,0.0,0.0,0.0,0.0,0.0,0.0,85.7,14.3
20151126165907,0.0,0.0,0.0,0.0,0.0,0.0,33.0,67.0
20151126165937,0.0,0.0,0.0,0.0,0.0,0.0,99.8,0.2
20151126170007,0.0,0.0,0.0,0.0,0.0,0.0,45.3,54.7
20151126170037,0.0,0.0,0.0,0.0,0.0,0.0,91.9,8.1
20151126170107,0.0,0.0,0.0,0.0,0.0,0.0,98.5,1.5
20151126170137,0.0,0.0,0.0,0.0,0.0,0.0,98.4,1.6
20151126170207,0.0,0.0,0.0,0.0,0.0,0.0,82.9,17.1
20151126170237,0.0,0.0,0.0,0.1,0.0,0.0,86.9,13.0
20151126170307,0.0,0.0,0.0,0.0,0.0,0.0,97.8,2.2
20151126170337,0.0,0.0,0.0,0.0,0.0,0.0,98.7,1.3
20151126170407,0.0,0.0,0.0,0.0,0.0,0.0,83.2,16.8
20151126170437,0.0,0.0,0.0,0.0,0.0,0.0,93.4,6.5
20151126170507,0.0,0.0,0.0,0.0,0.0,0.0,98.5,1.5
20151126170537,0.0,0.0,0.0,0.0,0.0,0.0,99.1,0.9
20151126170607,0.0,0.0,0.0,0.0,0.0,0.0,98.9,1.1
20151126170637,0.0,0.0,0.0,0.1,0.2,0.0,88.7,11.0
20151126170707,0.0,0.0,0.0,0.0,0.0,0.0,99.2,0.8
20151126170737,0.0,0.0,0.0,0.0,0.0,0.0,99.2,0.7
20151126170807,0.0,0.0,0.0,0.0,0.0,0.0,99.4,0.6
20151126170837,0.0,0.0,0.0,0.0,0.0,0.0,98.3,1.6
20151126170907,0.0,0.0,0.0,0.0,0.1,0.0,97.9,2.0
20151126170937,0.0,0.0,0.0,0.0,0.0,0.0,96.9,3.1
20151126171007,0.0,0.0,0.0,0.0,0.0,0.0,99.8,0.2
20151126171037,0.0,0.0,0.0,0.0,0.0,0.0,95.9,4.1
20151126171107,0.0,0.0,0.0,0.0,0.0,0.0,94.9,5.1
20151126171137,0.0,0.0,0.0,0.0,0.0,0.0,94.1,5.9
20151126171207,0.0,0.0,0.0,0.0,0.0,0.0,92.4,7.6
20151126171237,0.0,0.0,0.0,0.0,0.0,0.0,95.4,4.6
20151126171307,0.0,0.0,0.0,0.0,0.0,0.0,99.8,0.2
20151126171337,0.0,0.0,0.0,0.0,0.0,0.0,99.8,0.2
20151126171407,0.0,0.0,0.0,0.0,0.0,0.0,96.4,3.6
20151126171437,0.0,0.0,0.0,0.0,0.0,0.0,90.1,9.9
20151126171507,0.0,0.0,0.0,0.0,0.0,0.0,96.9,3.1
20151126171537,0.0,0.0,0.0,0.0,0.0,0.0,99.7,0.3
20151126171607,0.0,0.0,0.0,0.0,0.1,0.0,67.1,32.8
20151126171637,0.0,0.0,0.0,0.0,0.0,0.0,84.0,16.0
20151126171707,0.0,0.0,0.0,0.0,0.0,0.0,94.7,5.2
20151126171738,0.0,0.0,0.0,0.0,0.0,0.0,74.6,25.4
20151126171808,0.0,0.0,0.0,0.0,0.0,0.0,98.3,1.7
20151126171838,0.0,0.0,0.0,0.1,0.0,0.0,83.9,16.1
20151126171908,0.0,0.0,0.0,0.0,0.0,0.0,93.7,6.3
20151126171938,0.0,0.0,0.0,0.0,0.0,0.0,100.0,0.0
20151126172008,0.0,0.0,0.0,0.0,0.0,0.0,98.8,1.2
20151126172038,0.0,0.0,0.0,0.0,0.0,0.0,92.9,7.1
20151126172108,0.0,0.0,0.0,0.0,0.0,0.0,97.9,2.0
20151126172138,0.0,0.0,0.0,0.0,0.0,0.0,99.0,1.0
20151126172208,0.0,0.0,0.0,0.0,0.0,0.0,98.7,1.3
20151126172238,0.0,0.0,0.0,0.0,0.0,0.0,89.5,10.5
20151126172308,0.0,0.0,0.0,0.0,0.0,0.0,98.8,1.2
20151126172338,0.0,0.0,0.0,0.0,0.0,0.0,97.1,2.9
20151126172408,0.0,0.0,0.0,0.0,0.0,0.0,94.4,5.6
20151126172438,0.0,0.0,0.0,0.0,0.0,0.0,95.4,4.5
20151126172508,0.0,0.0,0.0,0.0,0.0,0.0,95.6,4.3
20151126172538,0.0,0.0,0.0,0.0,0.0,0.0,78.4,21.5
20151126172608,0.0,0.0,0.0,0.0,0.0,0.0,99.8,0.2
20151126172638,0.0,0.0,0.0,0.0,0.0,0.0,97.3,2.7
20151126172708,0.0,0.0,0.0,0.0,0.0,0.0,91.6,8.3
20151126172738,0.0,0.0,0.0,0.0,0.0,0.0,96.4,3.5
20151126172808,0.0,0.0,0.0,0.1,0.0,0.0,54.9,45.0
20151126172838,0.0,0.0,0.0,0.1,0.0,0.0,84.1,15.8
20151126172908,0.0,0.0,0.0,0.0,0.0,0.0,98.6,1.4
20151126172938,0.0,0.0,0.0,0.0,0.0,0.0,94.2,5.8
20151126173008,0.0,0.0,0.0,0.1,0.0,0.0,53.9,46.0
20151126173038,0.0,0.0,0.0,0.1,0.0,0.0,62.8,37.1
20151126173108,0.0,0.0,0.0,0.0,0.0,0.0,93.3,6.7
20151126173138,0.0,0.0,0.0,0.0,0.0,0.0,96.0,4.0
20151126173208,0.0,0.0,0.0,0.0,0.0,0.0,96.1,3.9
20151126173238,0.0,0.0,0.0,0.0,0.0,0.0,94.9,5.1
20151126173308,0.0,0.0,0.0,0.0,0.0,0.0,27.8,72.2
20151126173338,0.0,0.0,0.0,0.0,0.0,0.0,48.2,51.8
20151126173408,0.0,0.0,0.0,0.0,0.0,0.0,45.6,54.4
20151126173438,0.0,0.0,0.0,0.0,0.0,0.0,70.3,29.7
20151126173508,0.0,0.0,0.0,0.0,0.0,0.0,96.3,3.7
20151126173538,0.0,0.0,0.0,0.0,0.0,0.0,83.5,16.5
20151126173608,0.0,0.0,0.0,0.0,0.0,0.0,52.7,47.3
20151126173638,0.0,0.0,0.0,0.0,0.0,0.0,81.5,18.5
20151126173708,0.0,0.0,0.0,0.0,0.0,0.0,99.6,0.4
20151126173738,0.0,0.0,0.0,0.0,0.0,0.0,99.6,0.4
20151126173808,0.0,0.0,0.0,0.0,0.0,0.0,97.5,2.5
20151126173838,0.0,0.0,0.0,0.0,0.0,0.0,93.0,7.0
20151126173908,0.0,0.0,0.0,0.0,0.0,0.0,98.2,1.8
20151126173938,0.0,0.0,0.0,0.0,0.0,0.0,96.6,3.4
20151126174008,0.0,0.0,0.0,0.0,0.0,0.0,37.6,62.4
20151126174038,0.0,0.0,0.0,0.0,0.0,0.0,69.3,30.6
20151126174108,0.0,0.0,0.0,0.0,0.0,0.0,95.2,4.8
20151126174138,0.0,0.0,0.0,0.0,0.0,0.0,77.0,23.0
20151126174208,0.0,0.0,0.0,0.0,0.0,0.0,97.8,2.2
20151126174238,0.0,0.0,0.0,0.0,0.0,0.0,93.6,6.4
20151126174308,0.0,0.0,0.0,0.0,0.0,0.0,80.4,19.6
20151126174338,0.0,0.0,0.0,0.0,0.0,0.0,98.8,1.2
20151126174408,0.0,0.0,0.0,0.0,0.0,0.0,98.6,1.4
20151126174438,0.0,0.0,0.0,0.0,0.0,0.0,81.8,18.2
20151126174508,0.0,0.0,0.0,0.0,0.0,0.0,99.9,0.1
20151126174538,0.0,0.0,0.0,0.0,0.0,0.0,99.9,0.1
20151126174608,0.0,0.0,0.0,0.0,0.0,0.0,99.9,0.1
20151126174638,0.0,0.0,0.0,0.0,0.0,0.0,99.6,0.4
20151126174708,0.0,0.0,0.0,0.0,0.0,0.0,95.7,4.3
20151126174738,0.0,0.0,0.0,0.0,0.0,0.0,17.8,82.2
20151126174808,0.0,0.0,0.0,0.0,0.0,0.0,3.6,96.4
20151126174838,0.0,0.0,0.0,0.0,0.0,0.0,78.6,21.4
20151126174908,0.0,0.0,0.0,0.0,0.0,0.0,18.9,81.1
20151126174938,0.0,0.0,0.0,0.0,0.0,0.0,15.2,84.8
20151126175008,0.0,0.0,0.0,0.0,0.0,0.0,44.1,55.9
20151126175038,0.0,0.0,0.0,0.0,0.0,0.0,1.8,98.2
20151126175108,0.0,0.0,0.0,0.0,0.0,0.0,51.1,48.9
20151126175138,0.0,0.0,0.0,0.0,0.0,0.0,0.6,99.4
20151126175208,0.0,0.0,0.0,0.0,0.0,0.0,0.3,99.7
20151126175239,0.0,0.0,0.0,0.0,0.0,0.0,0.4,99.6
20151126175309,0.0,0.0,0.0,0.0,0.0,0.0,1.8,98.2
20151126175339,0.0,0.0,0.0,0.0,0.0,0.0,2.3,97.7
20151126175409,0.0,0.0,0.0,0.0,0.0,0.0,6.9,93.1
20151126175439,0.0,0.0,0.0,0.0,0.0,0.0,0.7,99.3
20151126175509,0.0,0.0,0.0,0.0,0.0,0.0,3.5,96.5
20151126175539,0.0,0.0,0.0,0.0,0.0,0.0,3.7,96.3
20151126175609,0.0,0.0,0.0,0.0,0.0,0.0,2.1,97.9
20151126175639,0.0,0.0,0.0,0.0,0.0,0.0,1.7,98.3
20151126175709,0.0,0.0,0.0,0.0,0.0,0.0,51.3,48.7
20151126175739,0.0,0.0,0.0,0.0,0.0,0.0,0.4,99.6
20151126175809,0.0,0.0,0.0,0.0,0.0,0.0,1.4,98.6
20151126175839,0.0,0.0,0.0,0.0,0.0,0.0,0.0,100.0
20151126175909,0.0,0.0,0.0,0.0,0.0,0.0,6.1,93.9
20151126175939,0.0,0.0,0.0,0.0,0.0,0.0,0.4,99.6
20151126180009,0.0,0.0,0.0,0.0,0.0,0.0,0.3,99.7
20151126180039,0.0,0.0,0.0,0.0,0.0,0.0,0.1,99.9
20151126180109,0.0,0.0,0.0,0.0,0.0,0.0,1.0,99.0
20151126180139,0.0,0.0,0.0,0.0,0.0,0.0,0.6,99.4
20151126180209,0.0,0.0,0.0,0.0,0.0,0.0,19.3,80.7
20151126180239,0.0,0.0,0.0,0.0,0.0,0.0,45.0,55.0
20151126180309,0.0,0.0,0.0,0.0,0.0,0.0,44.8,55.1
20151126180339,0.0,0.0,0.0,0.0,0.0,0.0,93.3,6.7
20151126180409,0.0,0.0,0.0,0.0,0.0,0.0,85.2,14.8
20151126180439,0.0,0.0,0.0,0.0,0.0,0.0,99.9,0.1
20151126180509,0.0,0.0,0.0,0.0,0.0,0.0,89.7,10.3
20151126180539,0.0,0.0,0.0,0.0,0.0,0.0,99.5,0.5
20151126180609,0.0,0.0,0.0,0.0,0.0,0.0,98.6,1.4
20151126180639,0.0,0.0,0.0,0.0,0.0,0.0,99.6,0.4
20151126180709,0.0,0.0,0.0,0.0,0.0,0.0,95.3,4.7
20151126180739,0.0,0.0,0.0,0.0,0.0,0.0,97.9,2.1
20151126180809,0.0,0.0,0.0,0.0,0.0,0.0,99.8,0.2
20151126180839,0.0,0.0,0.0,0.0,0.0,0.0,96.4,3.6
20151126180909,0.0,0.0,0.0,0.0,0.0,0.0,98.9,1.1
20151126180939,0.0,0.0,0.0,0.0,0.0,0.0,99.5,0.5
20151126181009,0.0,0.0,0.0,0.0,0.0,0.0,98.7,1.3
20151126181039,0.0,0.0,0.0,0.0,0.0,0.0,99.9,0.1
20151126181109,0.0,0.0,0.0,0.0,0.0,0.0,98.9,1.1
20151126181139,0.0,0.0,0.0,0.0,0.0,0.0,98.7,1.3
20151126181209,0.0,0.0,0.0,0.0,0.0,0.0,97.6,2.4
20151126181239,0.0,0.0,0.0,0.0,0.0,0.0,92.6,7.4
20151126181309,0.0,0.0,0.0,0.0,0.0,0.0,99.7,0.3
20151126181339,0.0,0.0,0.0,0.0,0.0,0.0,99.2,0.8
20151126181409,0.0,0.0,0.0,0.0,0.0,0.0,96.4,3.6
20151126181439,0.0,0.0,0.0,0.0,0.0,0.0,77.7,22.3
20151126181509,0.0,0.0,0.0,0.0,0.0,0.0,99.9,0.1
20151126181539,0.0,0.0,0.0,0.0,0.0,0.0,97.3,2.7
20151126181609,0.0,0.0,0.0,0.0,0.0,0.0,98.0,2.0
20151126181639,0.0,0.0,0.0,0.0,0.0,0.0,96.0,4.0
20151126181709,0.0,0.0,0.0,0.0,0.0,0.0,99.7,0.3
20151126181739,0.0,0.0,0.0,0.0,0.0,0.0,99.5,0.5
20151126181809,0.0,0.0,0.0,0.0,0.0,0.0,98.6,1.4
20151126181839,0.0,0.0,0.0,0.0,0.0,0.0,98.9,1.1
20151126181909,0.0,0.0,0.0,0.0,0.0,0.0,98.2,1.8
20151126181939,0.0,0.0,0.0,0.0,0.0,0.0,94.1,5.9
20151126182009,0.0,0.0,0.0,0.0,0.0,0.0,96.4,3.6
20151126182039,0.0,0.0,0.0,0.0,0.0,0.0,98.3,1.7
20151126182109,0.0,0.0,0.0,0.0,0.0,0.0,92.6,7.4
20151126182139,0.0,0.0,0.0,0.0,0.0,0.0,98.1,1.9
20151126182209,0.0,0.0,0.0,0.0,0.0,0.0,99.7,0.3
20151126182239,0.0,0.0,0.0,0.0,0.0,0.0,98.9,1.1
20151126182309,0.0,0.0,0.0,0.0,0.0,0.0,96.9,3.1
20151126182339,0.0,0.0,0.0,0.0,0.0,0.0,96.8,3.2
20151126182409,0.0,0.0,0.0,0.0,0.0,0.0,94.2,5.8
20151126182439,0.0,0.0,0.0,0.0,0.0,0.0,97.7,2.3
20151126182509,0.0,0.0,0.0,0.0,0.0,0.0,76.0,24.0
20151126182539,0.0,0.0,0.0,0.0,0.0,0.0,95.2,4.8
20151126182609,0.0,0.0,0.0,0.0,0.0,0.0,95.9,4.1
20151126182640,0.0,0.0,0.0,0.0,0.0,0.0,98.8,1.2
20151126182710,0.0,0.0,0.0,0.0,0.0,0.0,96.9,3.1
20151126182740,0.0,0.0,0.0,0.0,0.0,0.0,55.9,44.1
20151126182810,0.0,0.0,0.0,0.0,0.0,0.0,82.3,17.7
20151126182840,0.0,0.0,0.0,0.0,0.0,0.0,76.3,23.7
20151126182910,0.0,0.0,0.0,0.0,0.0,0.0,97.9,2.1
20151126182940,0.0,0.0,0.0,0.0,0.0,0.0,99.6,0.4
20151126183010,0.0,0.0,0.0,0.0,0.0,0.0,97.1,2.9
20151126183040,0.0,0.0,0.0,0.0,0.0,0.0,94.0,6.0
20151126183110,0.0,0.0,0.0,0.0,0.0,0.0,97.5,2.5
20151126183140,0.0,0.0,0.0,0.0,0.0,0.0,97.4,2.6
20151126183210,0.0,0.0,0.0,0.0,0.0,0.0,52.7,47.3
20151126183240,0.0,0.0,0.0,0.0,0.0,0.0,57.8,42.1
20151126183310,0.0,0.0,0.0,0.0,0.0,0.0,38.0,62.0
20151126183340,0.0,0.0,0.0,0.0,0.0,0.0,99.8,0.2
20151126183410,0.0,0.0,0.0,0.0,0.0,0.0,12.1,87.9
20151126183440,0.0,0.0,0.0,0.0,0.0,0.0,93.1,6.9
20151126183510,0.0,0.0,0.0,0.0,0.0,0.0,90.2,9.8
20151126183540,0.0,0.0,0.0,0.0,0.0,0.0,96.5,3.5
20151126183610,0.0,0.0,0.0,0.0,0.0,0.0,99.5,0.5
20151126183640,0.0,0.0,0.0,0.0,0.0,0.0,97.6,2.4
20151126183710,0.0,0.0,0.0,0.0,0.0,0.0,99.6,0.4
20151126183740,0.0,0.0,0.0,0.0,0.0,0.0,92.6,7.4
20151126183810,0.0,0.0,0.0,0.0,0.0,0.0,99.6,0.4
20151126183840,0.0,0.0,0.0,0.0,0.0,0.0,99.5,0.5
20151126183910,0.0,0.0,0.0,0.0,0.0,0.0,99.2,0.8
20151126183940,0.0,0.0,0.0,0.0,0.0,0.0,99.6,0.4
20151126184010,0.0,0.0,0.0,0.0,0.0,0.0,99.5,0.5
20151126184040,0.0,0.0,0.0,0.0,0.0,0.0,98.9,1.1
20151126184110,0.0,0.0,0.0,0.0,0.0,0.0,99.9,0.1
20151126184140,0.0,0.0,0.0,0.0,0.0,0.0,81.7,18.3
20151126184210,0.0,0.0,0.0,0.0,0.0,0.0,99.6,0.4
20151126184240,0.0,0.0,0.0,0.0,0.0,0.0,33.8,66.2
20151126184310,0.0,0.0,0.0,0.0,0.0,0.0,86.3,13.7
20151126184340,0.0,0.0,0.0,0.0,0.0,0.0,99.1,0.9
20151126184410,0.0,0.0,0.0,0.0,0.0,0.0,98.5,1.5
20151126184440,0.0,0.0,0.0,0.0,0.0,0.0,41.9,58.1
20151126184510,0.0,0.0,0.0,0.0,0.0,0.0,92.3,7.7
20151126184540,0.0,0.0,0.0,0.0,0.0,0.0,5.0,95.0
20151126184610,0.0,0.0,0.0,0.0,0.0,0.0,2.3,97.7
20151126184640,0.0,0.0,0.0,0.0,0.0,0.0,24.9,75.1
20151126184710,0.0,0.0,0.0,0.0,0.0,0.0,12.5,87.5
20151126184740,0.0,0.0,0.0,0.0,0.0,0.0,11.8,88.2
20151126184810,0.0,0.0,0.0,0.0,0.0,0.0,44.9,55.0
20151126184840,0.0,0.0,0.0,0.0,0.0,0.0,54.4,45.6
20151126184910,0.0,0.0,0.0,0.0,0.0,0.0,4.7,95.3
20151126184940,0.0,0.0,0.0,0.0,0.0,0.0,4.7,95.3
20151126185010,0.0,0.0,0.0,0.0,0.0,0.0,2.1,97.9
20151126185040,0.0,0.0,0.0,0.0,0.0,0.0,8.8,91.2
20151126185110,0.0,0.0,0.0,0.0,0.0,0.0,8.4,91.6
20151126185140,0.0,0.0,0.0,0.0,0.0,0.0,1.3,98.7
20151126185210,0.0,0.0,0.0,0.0,0.0,0.0,21.7,78.3
20151126185240,0.0,0.0,0.0,0.0,0.0,0.0,3.0,97.0
20151126185310,0.0,0.0,0.0,0.0,0.0,0.0,10.9,89.1
20151126185340,0.0,0.0,0.0,0.0,0.0,0.0,5.2,94.8
20151126185411,0.0,0.0,0.0,0.0,0.0,0.0,0.8,99.2
20151126185441,0.0,0.0,0.0,0.0,0.0,0.0,12.5,87.4
20151126185511,0.0,0.0,0.0,0.0,0.0,0.0,3.2,96.8
20151126185541,0.0,0.0,0.0,0.0,0.0,0.0,14.7,85.3
20151126185611,0.0,0.0,0.0,0.0,0.0,0.0,8.0,91.9
20151126185641,0.0,0.0,0.0,0.0,0.0,0.0,4.1,95.9
20151126185711,0.0,0.0,0.0,0.0,0.0,0.0,92.9,7.1
20151126185741,0.0,0.0,0.0,0.0,0.0,0.0,99.8,0.2
20151126185811,0.0,0.0,0.0,0.0,0.0,0.0,99.4,0.6
20151126185841,0.0,0.0,0.0,0.0,0.0,0.0,99.9,0.1
20151126185911,0.0,0.0,0.0,0.0,0.0,0.0,97.5,2.5
20151126185941,0.0,0.0,0.0,0.0,0.0,0.0,99.8,0.2
20151126190011,0.0,0.0,0.0,0.0,0.0,0.0,99.8,0.2
20151126190041,0.0,0.0,0.0,0.0,0.0,0.0,99.5,0.5
20151126190111,0.0,0.0,0.0,0.0,0.0,0.0,67.4,32.6
20151126190141,0.0,0.0,0.0,0.0,0.0,0.0,94.8,5.2
20151126190211,0.0,0.0,0.0,0.0,0.0,0.0,99.6,0.4
20151126190241,0.0,0.0,0.0,0.1,0.0,0.0,96.5,3.4
20151126190311,0.0,0.0,0.0,0.1,0.0,0.0,99.9,0.0
20151126190341,0.0,0.0,0.0,0.2,0.0,0.0,94.9,4.8
20151126190411,0.0,0.0,0.0,0.1,0.0,0.0,99.6,0.3
20151126190441,0.0,0.0,0.0,1.5,0.2,0.0,26.9,71.4
20151126190511,0.0,0.0,0.0,2.6,0.0,0.0,90.7,6.6
20151126190541,0.0,0.0,0.0,0.1,0.0,0.0,99.1,0.8
20151126190611,0.0,0.0,0.0,0.1,0.0,0.0,98.9,1.0
20151126190641,0.0,0.0,0.0,1.6,0.5,0.0,60.3,37.6
20151126190711,0.0,0.0,0.0,0.1,0.1,0.0,91.0,8.7
20151126190741,0.0,0.0,0.0,0.1,0.0,0.0,99.2,0.7
20151126190811,0.0,0.0,0.0,0.0,0.0,0.0,98.9,1.1
20151126190841,0.0,0.0,0.0,0.0,0.0,0.0,98.0,2.0
20151126190911,0.0,0.0,0.0,0.0,0.0,0.0,99.1,0.9
20151126190941,0.0,0.0,0.0,0.1,0.0,0.0,49.3,50.7
20151126191011,0.0,0.0,0.0,0.1,0.0,0.0,98.8,1.1
20151126191041,0.0,0.0,0.0,0.1,0.0,0.0,98.7,1.2
20151126191111,0.0,0.0,0.0,0.0,0.0,0.0,99.7,0.3
20151126191141,0.0,0.0,0.0,0.1,0.0,0.0,98.7,1.2
20151126191211,0.0,0.0,0.0,0.0,0.0,0.0,99.5,0.5
20151126191241,0.0,0.0,0.0,0.0,0.0,0.0,99.8,0.1
20151126191311,0.0,0.0,0.0,0.3,0.1,0.0,92.0,7.7
20151126191341,0.0,0.0,0.0,0.0,0.0,0.0,98.8,1.2
20151126191411,0.0,0.0,0.0,0.0,0.0,0.0,99.5,0.5
20151126191441,0.0,0.0,0.0,0.0,0.0,0.0,99.4,0.6
20151126191511,0.0,0.0,0.0,0.1,0.1,0.0,95.2,4.6
20151126191541,0.0,0.0,0.0,0.2,0.1,0.0,94.7,4.9
20151126191611,0.0,0.0,0.0,0.1,0.2,0.0,92.4,7.3
20151126191641,0.0,0.0,0.0,0.1,0.0,0.0,93.6,6.2
20151126191711,0.0,0.0,0.0,0.0,0.0,0.0,99.7,0.3
20151126191741,0.0,0.0,0.0,0.0,0.0,0.0,99.4,0.5
20151126191811,0.0,0.0,0.0,0.0,0.0,0.0,99.6,0.4
20151126191841,0.0,0.0,0.0,0.0,0.0,0.0,98.6,1.3
20151126191911,0.0,0.0,0.0,0.0,0.0,0.0,99.4,0.6
20151126191941,0.0,0.0,0.0,0.0,0.0,0.0,99.8,0.2
20151126192011,0.0,0.0,0.0,0.0,0.0,0.0,90.7,9.2
20151126192041,0.0,0.0,0.0,0.2,0.1,0.0,97.8,1.9
20151126192111,0.0,0.0,0.0,0.0,0.1,0.0,97.1,2.8
20151126192141,0.0,0.0,0.0,0.0,0.0,0.0,99.5,0.5
20151126192211,0.0,0.0,0.0,0.2,0.0,0.0,95.9,3.9
20151126192241,0.0,0.0,0.0,0.5,0.1,0.0,79.6,19.8
20151126192311,0.0,0.0,0.0,0.2,0.0,0.0,99.3,0.5
20151126192341,0.0,0.0,0.0,0.4,0.2,0.0,99.2,0.2
20151126192411,0.0,0.0,0.0,0.6,0.9,0.0,96.1,2.4
20151126192441,0.0,0.0,0.0,0.6,0.4,0.0,98.6,0.3
20151126192511,0.0,0.0,0.0,2.5,3.0,0.0,89.3,5.2
20151126192541,0.0,0.0,0.0,1.1,0.8,0.0,96.4,1.7
20151126192611,0.0,0.0,0.0,1.4,1.2,0.0,91.2,6.2
20151126192641,0.0,0.0,0.0,3.2,0.4,0.0,86.0,10.4
20151126192711,0.0,0.0,0.0,1.5,0.1,0.0,97.6,0.8
20151126192741,0.0,0.0,0.0,1.4,0.1,0.0,94.3,4.1
20151126192812,0.0,0.0,0.0,0.3,0.0,0.0,98.8,0.9
20151126192842,0.0,0.0,0.0,1.2,0.1,0.0,96.5,2.2
20151126192912,0.0,0.0,0.0,0.5,0.1,0.0,95.8,3.6
20151126192942,0.0,0.0,0.0,0.0,0.0,0.0,99.9,0.0
20151126193012,0.0,0.0,0.0,0.1,0.0,0.0,99.2,0.6
20151126193042,0.0,0.0,0.0,0.2,0.0,0.0,98.6,1.2
20151126193112,0.0,0.0,0.0,0.1,0.0,0.0,99.7,0.2
20151126193142,0.0,0.0,0.0,0.0,0.0,0.0,99.1,0.9
20151126193212,0.0,0.0,0.0,0.2,0.0,0.0,96.6,3.2
20151126193242,0.0,0.0,0.0,0.1,0.0,0.0,97.4,2.5
20151126193312,0.0,0.0,0.0,0.0,0.0,0.0,99.8,0.1
20151126193342,0.0,0.0,0.0,0.0,0.0,0.0,99.5,0.5
20151126193412,0.0,0.0,0.0,0.0,0.0,0.0,99.9,0.1
20151126193442,0.0,0.0,0.0,0.0,0.0,0.0,94.1,5.9
20151126193512,0.0,0.0,0.0,0.0,0.0,0.0,97.8,2.2
20151126193542,0.0,0.0,0.0,0.0,0.0,0.0,99.9,0.1
20151126193612,0.0,0.0,0.0,0.0,0.0,0.0,99.7,0.3
20151126193642,0.0,0.0,0.0,0.0,0.0,0.0,97.9,2.1
20151126193712,0.0,0.0,0.0,0.0,0.0,0.0,99.9,0.1
20151126193742,0.0,0.0,0.0,0.0,0.0,0.0,81.6,18.4
20151126193812,0.0,0.0,0.0,0.0,0.0,0.0,99.9,0.1
20151126193842,0.0,0.0,0.0,0.0,0.0,0.0,99.8,0.2
20151126193912,0.0,0.0,0.0,0.0,0.0,0.0,99.1,0.9
20151126193942,0.0,0.0,0.0,0.0,0.0,0.0,99.3,0.7
20151126194012,0.0,0.0,0.0,0.0,0.0,0.0,91.5,8.5
20151126194042,0.0,0.0,0.0,0.0,0.0,0.0,93.1,6.9
20151126194112,0.0,0.0,0.0,0.0,0.0,0.0,76.0,24.0
20151126194142,0.0,0.0,0.0,0.0,0.0,0.0,91.0,9.0
20151126194212,0.0,0.0,0.0,0.0,0.0,0.0,51.1,48.9
20151126194242,0.0,0.0,0.0,0.0,0.0,0.0,2.6,97.4
20151126194312,0.0,0.0,0.0,0.0,0.0,0.0,27.8,72.2
20151126194342,0.0,0.0,0.0,0.0,0.0,0.0,3.0,97.0
20151126194412,0.0,0.0,0.0,0.0,0.0,0.0,1.0,99.0
20151126194442,0.0,0.0,0.0,0.0,0.0,0.0,0.2,99.8
20151126194512,0.0,0.0,0.0,0.0,0.0,0.0,0.4,99.6
20151126194542,0.0,0.0,0.0,0.0,0.0,0.0,0.2,99.8
20151126194612,0.0,0.0,0.0,0.0,0.0,0.0,0.5,99.5
20151126194642,0.0,0.0,0.0,0.0,0.0,0.0,1.1,98.9
20151126194712,0.0,0.0,0.0,0.0,0.0,0.0,0.1,99.9
20151126194742,0.0,0.0,0.0,0.0,0.0,0.0,0.1,99.9
20151126194812,0.0,0.0,0.0,0.0,0.0,0.0,0.0,100.0
20151126194842,0.0,0.0,0.0,0.0,0.0,0.0,0.0,100.0
20151126194912,0.0,0.0,0.0,0.0,0.0,0.0,0.3,99.7
20151126194942,0.0,0.0,0.0,0.0,0.0,0.0,0.0,100.0
20151126195012,0.0,0.0,0.0,0.0,0.0,0.0,2.0,98.0
20151126195042,0.0,0.0,0.0,0.0,0.0,0.0,1.4,98.6
20151126195112,0.0,0.0,0.0,0.0,0.0,0.0,1.9,98.1
20151126195142,0.0,0.0,0.0,0.0,0.0,0.0,0.1,99.9
20151126195212,0.0,0.0,0.0,0.0,0.0,0.0,4.7,95.3
20151126195242,0.0,0.0,0.0,0.0,0.0,0.0,2.2,97.8
20151126195312,0.0,0.0,0.0,0.0,0.0,0.0,0.4,99.6
20151126195342,0.0,0.0,0.0,0.0,0.0,0.0,1.7,98.3
20151126195412,0.0,0.0,0.0,0.0,0.0,0.0,0.1,99.9
20151126195442,0.0,0.0,0.0,0.0,0.0,0.0,0.2,99.8
20151126195512,0.0,0.0,0.0,0.0,0.0,0.0,0.0,100.0
20151126195542,0.0,0.0,0.0,0.0,0.0,0.0,0.3,99.7
20151126195612,0.0,0.0,0.0,0.0,0.0,0.0,0.4,99.6
20151126195642,0.0,0.0,0.0,0.0,0.0,0.0,0.4,99.6
20151126195712,0.0,0.0,0.0,0.0,0.0,0.0,15.9,84.1
20151126195742,0.0,0.0,0.0,0.0,0.0,0.0,0.8,99.2
20151126195812,0.0,0.0,0.0,0.0,0.0,0.0,0.4,99.6
20151126195842,0.0,0.0,0.0,0.0,0.0,0.0,0.5,99.5
20151126195912,0.0,0.0,0.0,0.0,0.0,0.0,0.0,100.0
20151126195942,0.0,0.0,0.0,0.0,0.0,0.0,0.0,100.0
20151126200012,0.0,0.0,0.0,0.0,0.0,0.0,0.2,99.8
20151126200042,0.0,0.0,0.0,0.0,0.0,0.0,1.5,98.5
20151126200112,0.0,0.0,0.0,0.0,0.0,0.0,0.7,99.3
20151126200142,0.0,0.0,0.0,0.0,0.0,0.0,0.4,99.6
20151126200213,0.0,0.0,0.0,0.0,0.0,0.0,0.1,99.9
20151126200243,0.0,0.0,0.0,0.0,0.0,0.0,1.1,98.9
20151126200313,0.0,0.0,0.0,0.0,0.0,0.0,0.0,100.0
20151126200343,0.0,0.0,0.0,0.0,0.0,0.0,0.0,100.0
20151126200413,0.0,0.0,0.0,0.0,0.0,0.0,2.2,97.8
20151126200443,0.0,0.0,0.0,0.0,0.0,0.0,0.2,99.8
20151126200513,0.0,0.0,0.0,0.0,0.0,0.0,0.4,99.6
20151126200543,0.0,0.0,0.0,0.0,0.0,0.0,0.0,100.0
20151126200613,0.0,0.0,0.0,0.0,0.0,0.0,0.0,100.0
20151126200643,0.0,0.0,0.0,0.0,0.0,0.0,0.0,100.0
20151126200713,0.0,0.0,0.0,0.0,0.0,0.0,0.0,100.0
20151126200743,0.0,0.0,0.0,0.0,0.0,0.0,0.0,100.0
20151126200813,0.0,0.0,0.0,0.0,0.0,0.0,0.0,100.0
20151126200843,0.0,0.0,0.0,0.0,0.0,0.0,0.0,100.0
20151126200913,0.0,0.0,0.0,0.0,0.0,0.0,0.0,100.0
20151126200943,0.0,0.0,0.0,0.0,0.0,0.0,1.2,98.8
20151126201013,0.0,0.0,0.0,0.0,0.0,0.0,0.1,99.9
20151126201043,0.0,0.0,0.0,0.0,0.0,0.0,0.5,99.5
20151126201113,0.0,0.0,0.0,0.0,0.0,0.0,0.0,100.0
20151126201143,0.0,0.0,0.0,0.0,0.0,0.0,0.1,99.9
20151126201213,0.0,0.0,0.0,0.0,0.0,0.0,0.0,100.0
20151126201243,0.0,0.0,0.0,0.0,0.0,0.0,0.5,99.5
20151126201313,0.0,0.0,0.0,0.0,0.0,0.0,0.4,99.6
20151126201343,0.0,0.0,0.0,0.0,0.0,0.0,0.0,100.0
20151126201413,0.0,0.0,0.0,0.0,0.0,0.0,0.4,99.6
20151126201443,0.0,0.0,0.0,0.0,0.0,0.0,0.0,100.0
20151126201513,0.0,0.0,0.0,0.0,0.0,0.0,0.0,100.0
20151126201543,0.0,0.0,0.0,0.0,0.0,0.0,0.4,99.6
20151126201613,0.0,0.0,0.0,0.0,0.0,0.0,0.3,99.7
20151126201643,0.0,0.0,0.0,0.0,0.0,0.0,0.0,100.0
20151126201713,0.0,0.0,0.0,0.0,0.0,0.0,0.5,99.5
20151126201743,0.0,0.0,0.0,0.0,0.0,0.0,0.1,99.9
20151126201813,0.0,0.0,0.0,0.0,0.0,0.0,0.1,99.9
20151126201843,0.0,0.0,0.0,0.0,0.0,0.0,0.1,99.9
20151126201913,0.0,0.0,0.0,0.0,0.0,0.0,0.0,100.0
20151126201943,0.0,0.0,0.0,0.0,0.0,0.0,0.1,99.9
20151126202013,0.0,0.0,0.0,0.0,0.0,0.0,0.0,100.0
20151126202043,0.0,0.0,0.0,0.0,0.0,0.0,0.0,100.0
20151126202113,0.0,0.0,0.0,0.0,0.0,0.0,0.0,100.0
20151126202143,0.0,0.0,0.0,0.0,0.0,0.0,0.0,100.0
20151126202213,0.0,0.0,0.0,0.0,0.0,0.0,0.1,99.9
20151126202243,0.0,0.0,0.0,0.0,0.0,0.0,0.1,99.9
20151126202313,0.0,0.0,0.0,0.0,0.0,0.0,0.2,99.8
20151126202343,0.0,0.0,0.0,0.0,0.0,0.0,0.6,99.4
20151126202413,0.0,0.0,0.0,0.0,0.0,0.0,2.2,97.8
20151126202443,0.0,0.0,0.0,0.0,0.0,0.0,17.2,82.8
20151126202513,0.0,0.0,0.0,0.0,0.0,0.0,94.5,5.5
20151126202543,0.0,0.0,0.0,0.0,0.0,0.0,60.9,39.1
