UT,arc,discrete,diffuse,ac,ab,clear,cloudy,dd
20150128143500,0.0,0.0,0.0,0.0,0.0,0.0,0.0,100.0
20150128143530,0.0,0.0,0.0,0.0,0.0,0.0,0.0,100.0
20150128143600,0.0,0.0,0.0,0.0,0.0,0.0,0.0,100.0
20150128143630,0.0,0.0,0.0,0.0,0.0,0.0,0.0,100.0
20150128143700,0.0,0.0,0.0,0.0,0.0,0.0,0.0,100.0
20150128143730,0.0,0.0,0.0,0.0,0.0,0.0,0.0,100.0
20150128143800,0.0,0.0,0.0,0.0,0.0,0.0,0.0,100.0
20150128143830,0.0,0.0,0.0,0.0,0.0,0.0,0.0,100.0
20150128143900,0.0,0.0,0.0,0.0,0.0,0.0,0.0,100.0
20150128143930,0.0,0.0,0.0,0.0,0.0,0.0,0.0,100.0
20150128144000,0.0,0.0,0.0,0.0,0.0,0.0,0.0,100.0
20150128144030,0.0,0.0,0.0,0.0,0.0,0.0,0.0,100.0
20150128144100,0.0,0.0,0.0,0.0,0.0,0.0,0.0,100.0
20150128144130,0.0,0.0,0.0,0.0,0.0,0.0,0.0,100.0
20150128144200,0.0,0.0,0.0,0.0,0.0,0.0,0.0,100.0
20150128144230,0.0,0.0,0.0,0.0,0.0,0.0,0.0,100.0
20150128144300,0.0,0.0,0.0,0.0,0.0,0.0,0.0,100.0
20150128144330,0.0,0.0,0.0,0.0,0.0,0.0,0.0,100.0
20150128144400,0.0,0.0,0.0,0.0,0.0,0.0,0.0,100.0
20150128144431,0.0,0.0,0.0,0.0,0.0,0.0,0.0,100.0
20150128144501,0.0,0.0,0.0,0.0,0.0,0.0,0.0,100.0
20150128144531,0.0,0.0,0.0,0.0,0.0,0.0,0.0,100.0
20150128144601,0.0,0.0,0.0,0.0,0.0,0.0,0.0,100.0
20150128144631,0.0,0.0,0.0,0.0,0.0,0.0,0.0,100.0
20150128144701,0.0,0.0,0.0,0.0,0.0,0.0,0.0,100.0
20150128144731,0.0,0.0,0.0,0.0,0.0,0.0,0.0,100.0
20150128144801,0.0,0.0,0.0,0.0,0.0,0.0,0.0,100.0
20150128144831,0.0,0.0,0.0,0.0,0.0,0.0,0.0,100.0
20150128144901,0.0,0.0,0.0,0.0,0.0,0.0,0.0,100.0
20150128144931,0.0,0.0,0.0,0.0,0.0,0.0,0.0,100.0
20150128145001,0.0,0.0,0.0,0.0,0.0,0.0,0.0,100.0
20150128145031,0.0,0.0,0.0,0.0,0.0,0.0,0.0,100.0
20150128145101,0.0,0.0,0.0,0.0,0.0,0.0,0.0,100.0
20150128145131,0.0,0.0,0.0,0.0,0.0,0.0,0.0,100.0
20150128145201,0.0,0.0,0.0,0.0,0.0,0.0,0.0,100.0
20150128145231,0.0,0.0,0.0,0.0,0.0,0.0,0.0,100.0
20150128145301,0.0,0.0,0.0,0.0,0.0,0.0,0.0,100.0
20150128145331,0.0,0.0,0.0,0.0,0.0,0.0,0.0,100.0
20150128145401,0.0,0.0,0.0,0.0,0.0,0.0,0.0,100.0
20150128145431,0.0,0.0,0.0,0.0,0.0,0.0,0.0,100.0
20150128145501,0.0,0.0,0.0,0.0,0.0,0.0,0.0,100.0
20150128145531,0.0,0.0,0.0,0.0,0.0,0.0,0.0,100.0
20150128145601,0.0,0.0,0.0,0.0,0.0,0.0,0.0,100.0
20150128145631,0.0,0.0,0.0,0.0,0.0,0.0,0.0,100.0
20150128145701,0.0,0.0,0.0,0.0,0.0,0.0,0.0,100.0
20150128145731,0.0,0.0,0.0,0.0,0.0,0.0,0.0,100.0
20150128145801,0.0,0.0,0.0,0.0,0.0,0.0,0.0,100.0
20150128145831,0.0,0.0,0.0,0.0,0.0,0.0,0.0,100.0
20150128145901,0.0,0.0,0.0,0.0,0.0,0.0,0.0,100.0
20150128145931,0.0,0.0,0.0,0.0,0.0,0.0,0.0,100.0
20150128150001,0.0,0.0,0.0,0.0,0.0,0.0,0.0,100.0
20150128150031,0.0,0.0,0.0,0.0,0.0,0.0,0.0,100.0
20150128150101,0.0,0.0,0.0,0.0,0.0,0.0,0.0,100.0
20150128150131,0.0,0.0,0.0,0.0,0.0,0.0,0.0,100.0
20150128150201,0.0,0.0,0.0,0.0,0.0,0.0,0.0,100.0
20150128150231,0.0,0.0,0.0,0.0,0.0,0.0,0.0,100.0
20150128150301,0.0,0.0,0.0,0.0,0.0,0.0,0.0,100.0
20150128150331,0.0,0.0,0.0,0.0,0.0,0.0,0.0,100.0
20150128150401,0.0,0.0,0.0,0.0,0.0,0.0,0.0,100.0
20150128150431,0.0,0.0,0.0,0.0,0.0,0.0,0.0,100.0
20150128150501,0.0,0.0,0.0,0.0,0.0,0.0,0.0,100.0
20150128150531,0.0,0.0,0.0,0.0,0.0,0.0,0.0,100.0
20150128150601,0.0,0.0,0.0,0.0,0.0,0.0,0.0,100.0
20150128150631,0.0,0.0,0.0,0.0,0.0,0.0,0.0,100.0
20150128150701,0.0,0.0,0.0,0.0,0.0,0.0,0.0,100.0
20150128150731,0.0,0.0,0.0,0.0,0.0,0.0,0.0,100.0
20150128150801,0.0,0.0,0.0,0.0,0.0,0.0,0.0,100.0
20150128150831,0.0,0.0,0.0,0.0,0.0,0.0,0.0,100.0
20150128150901,0.0,0.0,0.0,0.0,0.0,0.0,0.0,100.0
20150128150931,0.0,0.0,0.0,0.0,0.0,0.0,0.0,100.0
20150128151001,0.0,0.0,0.0,0.0,0.0,0.0,0.0,100.0
20150128151031,0.0,0.0,0.0,0.0,0.0,0.0,0.0,100.0
20150128151101,0.0,0.0,0.0,0.0,0.0,0.0,0.0,100.0
20150128151131,0.0,0.0,0.0,0.0,0.0,0.0,0.0,100.0
20150128151201,0.0,0.0,0.0,0.0,0.0,0.0,0.0,100.0
20150128151231,0.0,0.0,0.0,0.0,0.0,0.0,0.0,100.0
20150128151301,0.0,0.0,0.0,0.0,0.0,0.0,0.0,100.0
20150128151331,0.0,0.0,0.0,0.0,0.0,0.0,0.0,100.0
20150128151401,0.0,0.0,0.0,0.0,0.0,0.0,0.0,100.0
20150128151431,0.0,0.0,0.0,0.0,0.0,0.0,0.0,100.0
20150128151501,0.0,0.0,0.0,0.0,0.0,0.0,0.0,100.0
20150128151531,0.0,0.0,0.0,0.0,0.0,0.0,0.0,100.0
20150128151601,0.0,0.0,0.0,0.0,0.0,0.0,0.0,100.0
20150128151631,0.0,0.0,0.0,0.0,0.0,0.0,0.0,100.0
20150128151701,0.0,0.0,0.0,0.0,0.0,0.0,0.0,100.0
20150128151731,0.0,0.0,0.0,0.0,0.0,0.0,0.0,100.0
20150128151801,0.0,0.0,0.0,0.0,0.0,0.0,0.0,100.0
20150128151831,0.0,0.0,0.0,0.0,0.0,0.0,0.0,100.0
20150128151902,0.0,0.0,0.0,0.0,0.0,0.0,0.0,100.0
20150128151932,0.0,0.0,0.0,0.0,0.0,0.0,0.0,100.0
20150128152002,0.0,0.0,0.0,0.0,0.0,0.0,0.0,100.0
20150128152032,0.0,0.0,0.0,0.0,0.0,0.0,0.0,100.0
20150128152102,0.0,0.0,0.0,0.0,0.0,0.0,0.0,100.0
20150128152132,0.0,0.0,0.0,0.0,0.0,0.0,0.0,100.0
20150128152202,0.0,0.0,0.0,0.0,0.0,0.0,0.0,100.0
20150128152232,0.0,0.0,0.0,0.0,0.0,0.0,0.0,100.0
20150128152302,0.0,0.0,0.0,0.0,0.0,0.0,0.0,100.0
20150128152332,0.0,0.0,0.0,0.0,0.0,0.0,0.0,100.0
20150128152402,0.0,0.0,0.0,0.0,0.0,0.0,0.0,100.0
20150128152432,0.0,0.0,0.0,0.0,0.0,0.0,0.0,100.0
20150128152502,0.0,0.0,0.0,0.0,0.0,0.0,0.0,100.0
20150128152532,0.0,0.0,0.0,0.0,0.0,0.0,0.0,100.0
20150128152602,0.0,0.0,0.0,0.0,0.0,0.0,0.0,100.0
20150128152632,0.0,0.0,0.0,0.0,0.0,0.0,0.0,100.0
20150128152702,0.0,0.0,0.0,0.0,0.0,0.0,0.0,100.0
20150128152732,0.0,0.0,0.0,0.0,0.0,0.0,0.0,100.0
20150128152802,0.0,0.0,0.0,0.0,0.0,0.0,0.0,100.0
20150128152832,0.0,0.0,0.0,0.0,0.0,0.0,0.0,100.0
20150128152902,0.0,0.0,0.0,0.0,0.0,0.0,0.0,100.0
20150128152932,0.0,0.0,0.0,0.0,0.0,0.0,0.0,100.0
20150128153002,0.0,0.0,0.0,0.0,0.0,0.0,0.0,100.0
20150128153032,0.0,0.0,0.0,0.0,0.0,0.0,0.0,100.0
20150128153102,0.0,0.0,0.0,0.0,0.0,0.0,0.0,100.0
20150128153132,0.0,0.0,0.0,0.0,0.0,0.0,0.0,100.0
20150128153202,0.0,0.0,0.0,0.0,0.0,0.0,0.0,100.0
20150128153232,0.0,0.0,0.0,0.0,0.0,0.0,0.0,100.0
20150128153302,0.0,0.0,0.0,0.0,0.0,0.0,0.0,100.0
20150128153332,0.0,0.0,0.0,0.0,0.0,0.0,0.0,100.0
20150128153402,0.0,0.0,0.0,0.0,0.0,0.0,0.0,100.0
20150128153432,0.0,0.0,0.0,0.0,0.0,0.0,0.0,100.0
20150128153632,0.0,0.0,0.0,0.0,0.0,0.0,0.0,100.0
20150128153702,0.0,0.0,0.0,0.0,0.0,0.0,0.0,100.0
20150128153732,0.0,0.0,0.0,0.0,0.0,0.0,0.0,100.0
20150128153802,0.0,0.0,0.0,0.0,0.0,0.0,0.0,100.0
20150128153832,0.0,0.0,0.0,0.0,0.0,0.0,0.0,100.0
20150128153902,0.0,0.0,0.0,0.0,0.0,0.0,0.0,100.0
20150128153932,0.0,0.0,0.0,0.0,0.0,0.0,0.0,100.0
20150128154002,0.0,0.0,0.0,0.0,0.0,0.0,0.0,100.0
20150128154032,0.0,0.0,0.0,0.0,0.0,0.0,0.0,100.0
20150128154102,0.0,0.0,0.0,0.0,0.0,0.0,0.0,100.0
20150128154132,0.0,0.0,0.0,0.0,0.0,0.0,0.0,100.0
20150128154202,0.0,0.0,0.0,0.0,0.0,0.0,0.0,100.0
20150128154232,0.0,0.0,0.0,0.0,0.0,0.0,0.0,100.0
20150128154302,0.0,0.0,0.0,0.0,0.0,0.0,0.0,100.0
20150128154332,0.0,0.0,0.0,0.0,0.0,0.0,0.0,100.0
20150128154402,0.0,0.0,0.0,0.0,0.0,0.0,0.0,100.0
20150128154432,0.0,0.0,0.0,0.0,0.0,0.0,0.0,100.0
20150128154502,0.0,0.0,0.0,0.0,0.0,0.0,0.0,100.0
20150128154532,0.0,0.0,0.0,0.0,0.0,0.0,0.0,100.0
20150128154602,0.0,0.0,0.0,0.0,0.0,0.0,0.0,100.0
20150128154632,0.0,0.0,0.0,0.0,0.0,0.0,0.0,100.0
20150128154702,0.0,0.0,0.0,0.0,0.0,0.0,0.0,100.0
20150128154732,0.0,0.0,0.0,0.0,0.0,0.0,0.0,100.0
20150128154802,0.0,0.0,0.0,0.0,0.0,0.0,0.0,100.0
20150128154832,0.0,0.0,0.0,0.0,0.0,0.0,0.0,100.0
20150128154902,0.0,0.0,0.0,0.0,0.0,0.0,0.0,100.0
20150128154932,0.0,0.0,0.0,0.0,0.0,0.0,0.0,100.0
20150128155002,0.0,0.0,0.0,0.0,0.0,0.0,0.0,100.0
20150128155032,0.0,0.0,0.0,0.0,0.0,0.0,0.0,100.0
20150128155102,0.0,0.0,0.0,0.0,0.0,0.0,0.0,100.0
20150128155132,0.0,0.0,0.0,0.0,0.0,0.0,0.0,100.0
20150128155202,0.0,0.0,0.0,0.0,0.0,0.0,0.0,100.0
20150128155232,0.0,0.0,0.0,0.0,0.0,0.0,0.0,100.0
20150128155303,0.0,0.0,0.0,0.0,0.0,0.0,0.0,100.0
20150128155333,0.0,0.0,0.0,0.0,0.0,0.0,0.0,100.0
20150128155403,0.0,0.0,0.0,0.0,0.0,0.0,0.0,100.0
20150128155433,0.0,0.0,0.0,0.0,0.0,0.0,0.0,100.0
20150128155503,0.0,0.0,0.0,0.0,0.0,0.0,0.0,100.0
20150128155533,0.0,0.0,0.0,0.0,0.0,0.0,0.0,100.0
20150128155603,0.0,0.0,0.0,0.0,0.0,0.0,0.0,100.0
20150128155633,0.0,0.0,0.0,0.0,0.0,0.0,0.0,100.0
20150128155703,0.0,0.0,0.0,0.0,0.0,0.0,0.0,100.0
20150128155733,0.0,0.0,0.0,0.0,0.0,0.0,0.0,100.0
20150128155803,0.0,0.0,0.0,0.0,0.0,0.0,0.0,100.0
20150128155833,0.0,0.0,0.0,0.0,0.0,0.0,0.0,100.0
20150128155903,0.0,0.0,0.0,0.0,0.0,0.0,0.0,100.0
20150128155933,0.0,0.0,0.0,0.0,0.0,0.0,0.0,100.0
20150128160003,0.0,0.0,0.0,0.0,0.0,0.0,0.0,100.0
20150128160033,0.0,0.0,0.0,0.0,0.0,0.0,0.0,100.0
20150128160103,0.0,0.0,0.0,0.0,0.0,0.0,0.0,100.0
20150128160133,0.0,0.0,0.0,0.0,0.0,0.0,0.0,100.0
20150128160203,0.0,0.0,0.0,0.0,0.0,0.0,0.0,100.0
20150128160233,0.0,0.0,0.0,0.0,0.0,0.0,0.0,100.0
20150128160303,0.0,0.0,0.0,0.0,0.0,0.0,0.0,100.0
20150128160333,0.0,0.0,0.0,0.0,0.0,0.0,0.0,100.0
20150128160403,0.0,0.0,0.0,0.0,0.0,0.0,0.0,100.0
20150128160433,0.0,0.0,0.0,0.0,0.0,0.0,0.0,100.0
20150128160503,0.0,0.0,0.0,0.0,0.0,0.0,0.0,100.0
20150128160533,0.0,0.0,0.0,0.0,0.0,0.0,0.0,100.0
20150128160603,0.0,0.0,0.0,0.0,0.0,0.0,0.0,100.0
20150128160633,0.0,0.0,0.0,0.0,0.0,0.0,0.0,100.0
20150128160703,0.0,0.0,0.0,0.0,0.0,0.0,0.0,100.0
20150128160733,0.0,0.0,0.0,0.0,0.0,0.0,0.0,100.0
20150128160803,0.0,0.0,0.0,0.0,0.0,0.0,0.0,100.0
20150128160833,0.0,0.0,0.0,0.0,0.0,0.0,0.0,100.0
20150128160903,0.0,0.0,0.0,0.0,0.0,0.0,0.0,100.0
20150128160933,0.0,0.0,0.0,0.0,0.0,0.0,0.0,100.0
20150128161003,0.0,0.0,0.0,0.0,0.0,0.0,0.0,100.0
20150128161033,0.0,0.0,0.0,0.0,0.0,0.0,0.0,100.0
20150128161103,0.0,0.0,0.0,0.0,0.0,0.0,0.0,100.0
20150128161133,0.0,0.0,0.0,0.0,0.0,0.0,0.0,100.0
20150128161203,0.0,0.0,0.0,0.0,0.0,0.0,0.0,100.0
20150128161233,0.0,0.0,0.0,0.0,0.0,0.0,0.0,100.0
20150128161303,0.0,0.0,0.0,0.0,0.0,0.0,0.0,100.0
20150128161333,0.0,0.0,0.0,0.0,0.0,0.0,0.0,100.0
20150128161403,0.0,0.0,0.0,0.0,0.0,0.0,0.0,100.0
20150128161433,0.0,0.0,0.0,0.0,0.0,0.0,0.0,100.0
20150128161503,0.0,0.0,0.0,0.0,0.0,0.0,0.0,100.0
20150128161533,0.0,0.0,0.0,0.0,0.0,0.0,0.0,100.0
20150128161603,0.0,0.0,0.0,0.0,0.0,0.0,0.0,100.0
20150128161633,0.0,0.0,0.0,0.0,0.0,0.0,0.0,100.0
20150128161703,0.0,0.0,0.0,0.0,0.0,0.0,0.0,100.0
20150128161733,0.0,0.0,0.0,0.0,0.0,0.0,0.0,100.0
20150128161803,0.0,0.0,0.0,0.0,0.0,0.0,0.0,100.0
20150128161833,0.0,0.0,0.0,0.0,0.0,0.0,0.0,100.0
20150128161903,0.0,0.0,0.0,0.0,0.0,0.0,0.0,100.0
20150128161933,0.0,0.0,0.0,0.0,0.0,0.0,0.0,100.0
20150128162003,0.0,0.0,0.0,0.0,0.0,0.0,0.0,100.0
20150128162034,0.0,0.0,0.0,0.0,0.0,0.4,0.0,99.6
20150128162104,0.0,0.0,0.0,0.0,0.0,0.2,0.0,99.8
20150128162134,0.0,0.0,0.0,0.0,0.0,0.1,0.0,99.9
20150128162204,0.0,0.0,0.0,0.0,0.0,0.3,0.0,99.7
20150128162234,0.0,0.0,0.0,0.0,0.0,0.0,0.0,100.0
20150128162304,0.0,0.0,0.0,0.0,0.0,0.0,0.0,100.0
20150128162334,0.0,0.0,0.0,0.0,0.0,0.5,0.0,99.5
20150128162404,0.0,0.0,0.0,0.0,0.0,0.0,0.0,100.0
20150128162434,0.0,0.0,0.0,0.0,0.0,0.4,0.0,99.6
20150128162504,0.0,0.0,0.0,0.0,0.0,0.4,0.0,99.6
20150128162534,0.0,0.0,0.0,0.0,0.0,0.4,0.0,99.6
20150128162604,0.0,0.0,0.0,0.0,0.0,0.6,0.0,99.4
20150128162634,0.0,0.0,0.0,0.0,0.0,0.1,0.0,99.9
20150128162704,0.0,0.0,0.0,0.0,0.0,4.4,0.0,95.6
20150128162734,0.0,0.0,0.0,0.0,0.0,0.4,0.0,99.6
20150128162804,0.0,0.0,0.0,0.0,0.0,0.5,0.0,99.5
20150128162834,0.0,0.0,0.0,0.0,0.0,7.0,0.0,93.0
20150128162904,0.0,0.0,0.0,0.0,0.0,0.7,0.0,99.3
20150128162934,0.0,0.0,0.0,0.0,0.0,29.0,0.0,71.0
20150128163004,0.0,0.0,0.0,0.0,0.0,0.4,0.0,99.6
20150128163034,0.0,0.0,0.0,0.0,0.0,2.5,0.0,97.5
20150128163104,0.0,0.0,0.0,0.0,0.0,6.7,0.0,93.3
20150128163134,0.0,0.0,0.0,0.0,0.0,5.5,0.0,94.5
20150128163204,0.0,0.0,0.0,0.0,0.0,2.5,0.0,97.5
20150128163234,0.0,0.0,0.0,0.0,0.0,19.8,0.0,80.2
20150128163304,0.0,0.0,0.0,0.0,0.0,2.6,0.0,97.4
20150128163334,0.0,0.0,0.0,0.0,0.0,11.7,0.0,88.3
20150128163404,0.0,0.0,0.0,0.0,0.0,29.7,0.0,70.3
20150128163434,0.0,0.0,0.0,0.0,0.0,9.1,0.0,90.9
20150128163504,0.0,0.0,0.0,0.0,0.0,4.9,0.0,95.1
20150128163534,0.0,0.0,0.0,0.0,0.0,21.4,0.0,78.6
20150128163604,0.0,0.0,0.0,0.0,0.0,0.4,0.0,99.6
20150128163634,0.0,0.0,0.0,0.0,0.0,3.9,0.0,96.1
20150128163704,0.0,0.0,0.0,0.0,0.0,0.4,0.0,99.6
20150128163734,0.0,0.0,0.0,0.0,0.0,24.7,0.0,75.3
20150128163804,0.0,0.0,0.0,0.0,0.0,4.6,0.0,95.4
20150128163834,0.0,0.0,0.0,0.0,0.0,1.8,0.0,98.2
20150128163904,0.0,0.0,0.0,0.0,0.0,57.0,0.0,43.0
20150128163934,0.0,0.0,0.0,0.0,0.0,21.3,0.0,78.7
20150128164004,0.0,0.0,0.0,0.0,0.0,7.6,0.0,92.4
20150128164034,0.0,0.0,0.0,0.0,0.0,0.3,0.0,99.7
20150128164104,0.0,0.0,0.0,0.0,0.0,1.3,0.0,98.7
20150128164134,0.0,0.0,0.0,0.0,0.0,33.4,0.0,66.6
20150128164204,0.0,0.0,0.0,0.0,0.0,6.6,0.0,93.4
20150128164234,0.0,0.0,0.0,0.0,0.0,33.8,0.0,66.2
20150128164304,0.0,0.0,0.0,0.0,0.0,47.2,0.0,52.8
20150128164334,0.0,0.0,0.0,0.0,0.0,49.6,0.0,50.4
20150128164404,0.0,0.0,0.0,0.0,0.0,52.7,0.0,47.3
20150128164434,0.0,0.0,0.0,0.0,0.0,55.9,0.0,44.1
20150128164504,0.0,0.0,0.0,0.0,0.0,16.4,0.0,83.6
20150128164534,0.0,0.0,0.0,0.0,0.0,59.7,0.0,40.3
20150128164604,0.0,0.0,0.0,0.0,0.0,47.8,0.0,52.2
20150128164634,0.0,0.0,0.0,0.0,0.0,10.0,0.0,90.0
20150128164704,0.0,0.0,0.0,0.0,0.0,29.6,0.0,70.4
20150128164734,0.0,0.0,0.0,0.0,0.0,4.8,0.0,95.2
20150128164804,0.0,0.0,0.0,0.0,0.0,44.3,0.0,55.7
20150128164834,0.0,0.0,0.0,0.0,0.0,2.8,0.0,97.2
20150128164904,0.0,0.0,0.0,0.0,0.0,48.9,0.0,51.1
20150128164934,0.0,0.0,0.0,0.0,0.0,7.9,0.0,92.1
20150128165004,0.0,0.0,0.0,0.0,0.0,65.3,0.0,34.7
20150128165034,0.0,0.0,0.0,0.0,0.0,3.6,0.0,96.4
20150128165104,0.0,0.0,0.0,0.0,0.0,27.3,0.0,72.7
20150128165134,0.0,0.0,0.0,0.0,0.0,51.4,0.0,48.6
20150128165204,0.0,0.0,0.0,0.0,0.0,71.0,0.0,29.0
20150128165234,0.0,0.0,0.0,0.0,0.0,24.7,0.0,75.3
20150128165304,0.0,0.0,0.0,0.0,0.0,0.1,0.0,99.9
20150128165334,0.0,0.0,0.0,0.0,0.0,20.7,0.0,79.3
20150128165404,0.0,0.0,0.0,0.0,0.0,4.8,0.0,95.2
20150128165435,0.0,0.0,0.0,0.0,0.0,37.1,0.0,62.9
20150128165505,0.0,0.0,0.0,0.0,0.0,16.0,0.0,84.0
20150128165535,0.0,0.0,0.0,0.0,0.0,54.0,0.0,46.0
20150128165605,0.0,0.0,0.0,0.0,0.0,65.5,0.0,34.5
20150128165635,0.0,0.0,0.0,0.0,0.0,16.5,0.0,83.5
20150128165705,0.0,0.0,0.0,0.0,0.0,60.6,0.0,39.3
20150128165735,0.0,0.0,0.0,0.0,0.0,19.6,0.0,80.4
20150128165805,0.0,0.0,0.0,0.0,0.0,3.9,0.0,96.0
20150128165835,0.0,0.0,0.0,0.0,0.0,6.8,0.0,93.1
20150128165905,0.0,0.0,0.0,0.0,0.0,50.3,0.0,49.7
20150128165935,0.0,0.0,0.0,0.0,0.0,2.7,0.0,97.2
20150128170005,0.0,0.0,0.0,0.0,0.0,7.8,0.0,92.2
20150128170035,0.0,0.0,0.0,0.0,0.0,22.2,0.0,77.7
20150128170105,0.0,0.0,0.0,0.0,0.0,10.5,0.0,89.5
20150128170135,0.0,0.0,0.0,0.0,0.0,17.1,0.0,82.9
20150128170205,0.0,0.0,0.0,0.0,0.0,11.5,0.0,88.5
20150128170235,0.0,0.0,0.0,0.0,0.0,60.0,0.0,40.0
20150128170305,0.0,0.0,0.0,0.0,0.0,51.6,0.0,48.4
20150128170335,0.0,0.0,0.0,0.0,0.0,13.4,0.0,86.6
20150128170405,0.0,0.0,0.0,0.0,0.0,25.9,0.0,74.0
20150128170435,0.0,0.0,0.0,0.0,0.0,0.1,0.0,99.9
20150128170505,0.0,0.0,0.0,0.0,0.0,14.7,0.0,85.3
20150128170535,0.0,0.0,0.0,0.0,0.0,85.1,0.0,14.9
20150128170605,0.0,0.0,0.0,0.0,0.0,17.3,0.0,82.7
20150128170635,0.0,0.0,0.0,0.0,0.0,91.4,0.0,8.6
20150128170705,0.0,0.0,0.0,0.0,0.0,78.6,0.0,21.4
20150128170735,0.0,0.0,0.0,0.0,0.0,60.6,0.0,39.4
20150128170805,0.0,0.0,0.0,0.0,0.0,11.8,0.0,88.2
20150128170835,0.0,0.0,0.0,0.0,0.0,88.5,0.0,11.5
20150128170905,0.0,0.0,0.0,0.0,0.0,96.6,0.0,3.4
20150128170935,0.0,0.0,0.0,0.0,0.0,13.4,0.0,86.5
20150128171005,0.0,0.0,0.0,0.0,0.0,53.4,0.0,46.5
20150128171035,0.0,0.0,0.0,0.0,0.0,29.4,0.0,70.6
20150128171105,0.0,0.0,0.0,0.0,0.0,48.9,0.0,51.1
20150128171135,0.0,0.0,0.0,0.0,0.0,6.7,0.0,93.2
20150128171205,0.0,0.0,0.0,0.0,0.0,1.5,0.0,98.5
20150128171235,0.0,0.0,0.0,0.0,0.0,7.4,0.0,92.6
20150128171305,0.0,0.0,0.0,0.0,0.0,20.8,0.0,79.1
20150128171335,0.0,0.0,0.0,0.0,0.0,19.5,0.0,80.5
20150128171405,0.0,0.0,0.0,0.0,0.0,4.9,0.0,95.1
20150128171435,0.0,0.0,0.0,0.0,0.0,6.5,0.0,93.5
20150128171505,0.0,0.0,0.0,0.0,0.0,8.2,0.0,91.8
20150128171535,0.0,0.0,0.0,0.0,0.0,6.2,0.0,93.8
20150128171605,0.0,0.0,0.0,0.0,0.0,18.2,0.0,81.8
20150128171635,0.0,0.0,0.0,0.0,0.0,14.0,0.0,86.0
20150128171705,0.0,0.0,0.0,0.0,0.0,29.0,0.0,70.9
20150128171735,0.0,0.0,0.0,0.0,0.0,5.6,0.0,94.4
20150128171805,0.0,0.0,0.0,0.0,0.0,11.0,0.0,89.0
20150128171835,0.0,0.0,0.0,0.0,0.0,6.8,0.0,93.2
20150128171905,0.0,0.0,0.0,0.0,0.0,0.3,0.0,99.7
20150128171935,0.0,0.0,0.0,0.0,0.0,2.3,0.0,97.7
20150128172005,0.0,0.0,0.0,0.0,0.0,30.2,0.0,69.7
20150128172035,0.0,0.0,0.0,0.0,0.0,11.3,0.0,88.7
20150128172105,0.0,0.0,0.0,0.0,0.0,29.8,0.0,70.2
20150128172135,0.0,0.0,0.0,0.0,0.0,2.0,0.0,98.0
20150128172205,0.0,0.0,0.0,0.0,0.0,3.9,0.0,96.1
20150128172235,0.0,0.0,0.0,0.0,0.0,18.3,0.0,81.7
20150128172305,0.0,0.0,0.0,0.0,0.0,3.9,0.0,96.1
20150128172335,0.0,0.0,0.0,0.0,0.0,27.0,0.0,73.0
20150128172405,0.0,0.0,0.0,0.0,0.0,0.8,0.0,99.2
20150128172435,0.0,0.0,0.0,0.0,0.0,6.1,0.0,93.9
20150128172505,0.0,0.0,0.0,0.0,0.0,6.8,0.0,93.2
20150128172535,0.0,0.0,0.0,0.0,0.0,10.9,0.0,89.0
20150128172605,0.0,0.0,0.0,0.0,0.0,16.3,0.0,83.7
20150128172635,0.0,0.0,0.0,0.0,0.0,11.2,0.0,88.8
20150128172705,0.0,0.0,0.0,0.0,0.0,22.5,0.0,77.5
20150128172735,0.0,0.0,0.0,0.0,0.0,3.1,0.0,96.9
20150128172805,0.0,0.0,0.0,0.0,0.0,1.7,0.0,98.3
20150128172835,0.0,0.0,0.0,0.0,0.0,2.3,0.0,97.7
20150128172905,0.0,0.0,0.0,0.0,0.0,1.7,0.0,98.3
20150128172936,0.0,0.0,0.0,0.0,0.0,0.4,0.0,99.6
20150128173006,0.0,0.0,0.0,0.0,0.0,1.1,0.0,98.9
20150128173036,0.0,0.0,0.0,0.0,0.0,1.2,0.0,98.8
20150128173106,0.0,0.0,0.0,0.0,0.0,8.5,0.0,91.5
20150128173136,0.0,0.0,0.0,0.0,0.0,3.2,0.0,96.8
20150128173206,0.0,0.0,0.0,0.0,0.0,4.1,0.0,95.9
20150128173236,0.0,0.0,0.0,0.0,0.0,1.5,0.0,98.5
20150128173306,0.0,0.0,0.0,0.0,0.0,1.4,0.0,98.6
20150128173336,0.0,0.0,0.0,0.0,0.0,0.3,0.0,99.7
20150128173406,0.0,0.0,0.0,0.0,0.0,0.0,0.0,100.0
20150128173436,0.0,0.0,0.0,0.0,0.0,0.1,0.0,99.9
20150128173506,0.0,0.0,0.0,0.0,0.0,2.2,0.0,97.8
20150128173536,0.0,0.0,0.0,0.0,0.0,19.7,0.0,80.3
20150128173606,0.0,0.0,0.0,0.0,0.0,3.8,0.0,96.2
20150128173636,0.0,0.0,0.0,0.0,0.0,0.1,0.0,99.9
20150128173706,0.0,0.0,0.0,0.0,0.0,0.2,0.0,99.8
20150128173736,0.0,0.0,0.0,0.0,0.0,2.5,0.0,97.5
20150128173806,0.0,0.0,0.0,0.0,0.0,0.1,0.0,99.9
20150128173836,0.0,0.0,0.0,0.0,0.0,0.6,0.0,99.4
20150128173906,0.0,0.0,0.0,0.0,0.0,0.6,0.0,99.4
20150128173936,0.0,0.0,0.0,0.0,0.0,0.1,0.0,99.9
20150128174006,0.0,0.0,0.0,0.0,0.0,0.0,0.0,100.0
20150128174036,0.0,0.0,0.0,0.0,0.0,0.2,0.0,99.8
20150128174106,0.0,0.0,0.0,0.0,0.0,0.4,0.0,99.6
20150128174136,0.0,0.0,0.0,0.0,0.0,0.2,0.0,99.8
20150128174206,0.0,0.0,0.0,0.0,0.0,1.7,0.0,98.3
20150128174236,0.0,0.0,0.0,0.0,0.0,0.2,0.0,99.8
20150128174306,0.0,0.0,0.0,0.0,0.0,0.2,0.0,99.8
20150128174336,0.0,0.0,0.0,0.0,0.0,0.1,0.0,99.9
20150128174406,0.0,0.0,0.0,0.0,0.0,1.0,0.0,99.0
20150128174436,0.0,0.0,0.0,0.0,0.0,0.5,0.0,99.5
20150128174506,0.0,0.0,0.0,0.0,0.0,1.6,0.0,98.4
20150128174536,0.0,0.0,0.0,0.0,0.0,0.2,0.0,99.8
20150128174606,0.0,0.0,0.0,0.0,0.0,0.0,0.0,100.0
20150128174636,0.0,0.0,0.0,0.0,0.0,0.0,0.0,100.0
20150128174706,0.0,0.0,0.0,0.0,0.0,0.2,0.0,99.8
20150128174736,0.0,0.0,0.0,0.0,0.0,0.0,0.0,100.0
20150128174806,0.0,0.0,0.0,0.0,0.0,0.1,0.0,99.9
20150128174836,0.0,0.0,0.0,0.0,0.0,0.6,0.0,99.4
20150128174906,0.0,0.0,0.0,0.0,0.0,0.0,0.0,100.0
20150128174936,0.0,0.0,0.0,0.0,0.0,0.5,0.0,99.5
20150128175006,0.0,0.0,0.0,0.0,0.0,0.0,0.0,100.0
20150128175036,0.0,0.0,0.0,0.0,0.0,0.2,0.0,99.8
20150128175106,0.0,0.0,0.0,0.0,0.0,2.5,0.0,97.5
20150128175136,0.0,0.0,0.0,0.0,0.0,0.5,0.0,99.5
20150128175206,0.0,0.0,0.0,0.0,0.0,0.1,0.0,99.9
20150128175236,0.0,0.0,0.0,0.0,0.0,2.0,0.0,98.0
20150128175306,0.0,0.0,0.0,0.0,0.0,1.9,0.0,98.1
20150128175336,0.0,0.0,0.0,0.0,0.0,3.3,0.0,96.6
20150128175406,0.0,0.0,0.0,0.0,0.0,1.7,0.3,97.9
20150128175436,0.0,0.0,0.0,0.0,0.0,0.1,0.0,99.9
20150128175506,0.0,0.0,0.0,0.0,0.0,0.8,0.1,99.1
20150128175536,0.0,0.0,0.0,0.0,0.0,2.8,0.2,97.0
20150128175606,0.0,0.0,0.0,0.0,0.0,0.1,0.0,99.9
20150128175636,0.0,0.0,0.0,0.0,0.0,0.1,0.0,99.9
20150128175706,0.0,0.0,0.0,0.0,0.0,0.1,0.0,99.9
20150128175736,0.0,0.0,0.0,0.0,0.0,8.4,0.1,91.4
20150128175806,0.0,0.0,0.0,0.0,0.0,2.4,0.0,97.5
20150128175836,0.0,0.0,0.0,0.0,0.0,0.3,0.3,99.3
20150128175906,0.0,0.0,0.0,0.0,0.0,0.1,0.0,99.9
20150128175936,0.0,0.0,0.0,0.0,0.3,0.0,0.1,99.7
20150128180006,0.0,0.0,0.0,0.0,0.0,0.0,0.1,99.9
20150128180036,0.0,0.0,0.0,0.0,0.0,0.0,0.0,100.0
20150128180106,0.0,0.0,0.0,0.0,0.8,0.5,0.4,98.3
20150128180136,0.0,0.0,0.0,0.0,0.0,0.2,0.2,99.5
20150128180206,0.0,0.0,0.0,0.0,0.0,0.0,0.0,99.9
20150128180236,0.0,0.0,0.0,0.0,0.0,0.0,0.1,99.9
20150128180306,0.0,0.0,0.0,0.0,0.0,0.0,0.0,100.0
20150128180337,0.0,0.0,0.0,0.0,0.0,0.0,0.0,100.0
20150128180407,0.0,0.0,0.0,0.0,0.0,0.0,0.0,100.0
20150128180437,0.0,0.0,0.0,0.0,0.0,0.0,0.1,99.9
20150128180507,0.0,0.0,0.0,0.0,0.0,0.0,0.0,99.9
20150128180537,0.0,0.0,0.0,0.0,0.0,0.0,0.3,99.7
20150128180607,0.0,0.0,0.0,0.0,0.0,0.0,0.2,99.8
20150128180637,0.0,0.0,0.0,0.0,0.2,0.1,11.9,87.8
20150128180707,0.0,0.0,0.0,0.0,1.3,7.7,11.0,80.0
20150128180737,0.0,0.0,0.0,0.0,30.6,5.3,5.7,58.3
20150128180807,0.0,0.0,0.0,0.0,6.6,3.9,40.1,49.3
20150128180837,0.0,0.0,0.0,0.0,13.4,0.2,1.4,85.0
20150128180907,0.0,0.0,0.0,0.0,0.1,0.3,0.3,99.2
20150128180937,0.0,0.0,0.0,0.0,1.3,5.3,0.1,93.3
20150128181007,0.0,0.0,0.0,0.0,0.2,0.9,0.0,98.9
20150128181037,0.0,0.0,0.0,0.0,0.1,0.7,0.0,99.2
20150128181107,0.0,0.0,0.0,0.0,0.0,0.1,0.0,99.8
20150128181137,0.0,0.0,0.0,0.0,0.0,0.1,0.0,99.9
20150128181207,0.0,0.0,0.0,0.0,0.0,0.1,0.0,99.9
20150128181237,0.0,0.0,0.0,0.0,0.0,0.6,0.0,99.4
20150128181307,0.0,0.0,0.0,0.0,0.0,0.0,0.0,100.0
20150128181337,0.0,0.0,0.0,0.0,0.0,3.5,0.0,96.5
20150128181407,0.0,0.0,0.0,0.0,0.0,5.1,0.0,94.9
20150128181437,0.0,0.0,0.0,0.0,0.0,0.1,0.0,99.9
20150128181507,0.0,0.0,0.0,0.0,0.0,0.2,0.0,99.8
20150128181537,0.0,0.0,0.0,0.0,0.0,0.0,0.0,100.0
20150128181607,0.0,0.0,0.0,0.0,0.0,0.0,0.0,100.0
20150128181637,0.0,0.0,0.0,0.0,0.0,0.4,0.0,99.6
20150128181707,0.0,0.0,0.0,0.0,0.0,0.5,0.0,99.5
20150128181737,0.0,0.0,0.0,0.0,0.0,3.0,0.0,97.0
20150128181807,0.0,0.0,0.0,0.0,0.0,0.0,0.0,100.0
20150128181837,0.0,0.0,0.0,0.0,0.0,0.1,0.0,99.9
20150128181907,0.0,0.0,0.0,0.0,0.0,0.1,0.0,99.9
20150128181937,0.0,0.0,0.0,0.0,0.1,0.3,0.0,99.5
20150128182007,0.0,0.0,0.0,0.0,0.0,0.3,0.0,99.6
20150128182037,0.0,0.0,0.0,0.0,0.5,0.5,0.1,98.9
20150128182107,0.0,0.0,0.0,0.0,0.0,0.1,0.0,99.9
20150128182137,0.0,0.0,0.0,0.0,0.0,0.0,0.0,100.0
20150128182207,0.0,0.0,0.0,0.0,0.0,0.0,0.0,100.0
20150128182237,0.0,0.0,0.0,0.0,0.0,0.0,0.0,100.0
20150128182307,0.0,0.0,0.0,0.0,0.0,0.0,0.1,99.9
20150128182337,0.0,0.0,0.0,0.0,0.5,0.0,0.5,98.9
20150128182407,0.0,0.0,0.0,0.0,0.0,0.0,0.0,100.0
20150128182437,0.0,0.0,0.0,0.0,0.0,0.2,0.0,99.7
20150128182507,0.0,0.0,0.0,0.0,0.0,0.1,0.0,99.8
20150128182537,0.0,0.0,0.0,0.0,0.0,0.0,0.0,99.9
20150128182607,0.0,0.0,0.0,0.0,0.2,0.0,0.1,99.7
20150128182637,0.0,0.0,0.0,0.0,0.0,0.0,0.0,100.0
20150128182707,0.0,0.0,0.0,0.0,0.0,0.0,0.0,100.0
20150128182737,0.0,0.0,0.0,0.0,0.2,0.2,0.0,99.6
20150128182807,0.0,0.0,0.0,0.0,0.5,0.3,0.5,98.7
20150128182837,0.0,0.0,0.0,0.0,0.0,0.0,0.0,100.0
20150128182907,0.0,0.1,0.0,0.0,0.3,0.3,53.7,45.6
20150128182937,0.0,0.0,0.0,0.0,0.1,0.1,22.7,77.1
20150128183007,0.0,0.0,0.0,0.0,2.7,0.1,7.6,89.5
20150128183038,0.0,0.0,0.0,0.0,19.8,5.6,22.7,51.8
20150128183108,0.0,0.0,0.0,0.0,48.7,0.6,13.5,37.2
20150128183138,0.0,0.0,0.0,0.0,1.3,0.2,3.3,95.1
20150128183208,0.0,0.0,0.0,0.0,0.5,0.1,0.0,99.4
20150128183238,0.0,0.0,0.0,0.0,0.1,0.1,0.0,99.7
20150128183308,0.0,0.0,0.0,0.0,0.0,0.1,0.0,99.9
20150128183338,0.0,0.0,0.0,0.0,0.0,0.0,0.0,99.9
20150128183408,0.0,0.0,0.0,0.0,0.0,0.0,0.0,100.0
20150128183438,0.0,0.0,0.0,0.0,0.0,0.1,0.0,99.9
20150128183508,0.0,0.0,0.0,0.0,0.0,1.1,0.0,98.9
20150128183538,0.0,0.0,0.0,0.0,0.1,0.2,0.0,99.7
20150128183608,0.0,0.0,0.0,0.0,0.3,0.2,0.1,99.5
20150128183638,0.0,0.0,0.0,0.0,0.2,0.1,0.0,99.7
20150128183708,0.0,0.0,0.0,0.0,0.7,0.8,0.2,98.3
20150128183738,0.0,0.0,0.0,0.0,3.0,0.0,0.2,96.7
20150128183808,0.0,0.0,0.0,0.0,0.6,0.2,0.2,99.0
20150128183838,0.0,0.0,0.0,0.0,0.2,0.2,0.0,99.5
20150128183908,0.0,0.0,0.0,0.0,0.1,0.0,0.0,99.9
20150128183938,0.0,0.0,0.0,0.0,0.4,0.0,0.0,99.6
20150128184008,0.0,0.0,0.0,0.0,0.0,0.0,0.1,99.9
20150128184038,0.0,0.0,0.0,0.0,0.0,0.1,0.0,99.8
20150128184108,0.0,0.0,0.0,0.0,0.0,0.0,0.0,99.9
20150128184138,0.0,0.0,0.0,0.0,0.2,0.3,0.0,99.5
20150128184208,0.0,0.0,0.0,0.0,0.4,0.0,0.0,99.6
20150128184238,0.0,0.0,0.0,0.0,0.4,0.4,0.1,99.1
20150128184308,0.0,0.0,0.0,0.0,0.0,0.0,0.0,99.9
20150128184338,0.0,0.0,0.0,0.0,0.1,0.1,0.0,99.8
20150128184408,0.0,0.0,0.0,0.0,0.2,0.1,0.1,99.6
20150128184438,0.0,0.1,0.0,0.0,0.5,0.1,4.3,95.2
20150128184508,0.0,0.3,0.0,0.0,3.2,10.3,2.2,84.0
20150128184538,0.0,0.0,0.0,0.0,0.2,0.1,1.0,98.7
20150128184608,0.0,0.0,0.0,0.0,0.6,0.4,0.4,98.5
20150128184638,0.0,0.0,0.0,0.0,0.3,0.3,0.9,98.4
20150128184708,0.0,0.0,0.0,0.0,0.0,0.6,0.2,99.2
20150128184738,0.0,0.0,0.0,0.0,0.0,0.4,0.4,99.2
20150128184808,0.0,0.0,0.0,0.0,0.2,9.7,0.4,89.7
20150128184838,0.0,0.0,0.0,0.0,0.0,0.0,0.0,100.0
20150128184908,0.0,0.0,0.0,0.0,0.0,0.0,0.0,100.0
20150128184938,0.0,0.0,0.0,0.0,0.0,1.3,0.0,98.7
20150128185008,0.0,0.0,0.0,0.0,0.0,3.5,0.0,96.5
20150128185038,0.0,0.0,0.0,0.0,0.0,0.6,0.0,99.4
20150128185108,0.0,0.0,0.0,0.0,0.0,2.7,0.0,97.3
20150128185138,0.0,0.0,0.0,0.0,0.0,0.3,0.0,99.7
20150128185208,0.0,0.0,0.0,0.0,0.0,3.2,0.0,96.8
20150128185238,0.0,0.0,0.0,0.0,0.0,0.5,0.0,99.5
20150128185308,0.0,0.0,0.0,0.0,0.2,13.2,0.3,86.3
20150128185338,0.0,0.0,0.0,0.0,0.3,27.0,0.5,72.2
20150128185408,0.0,0.0,0.0,0.0,0.3,17.9,1.0,80.7
20150128185438,0.0,0.0,0.0,0.0,0.0,86.8,0.7,12.5
20150128185508,0.0,0.0,0.0,0.0,0.1,41.7,0.2,58.0
20150128185538,0.0,0.0,0.0,0.0,0.8,37.3,3.6,58.3
20150128185608,0.0,0.0,0.0,0.0,0.5,67.5,11.2,20.8
20150128185638,0.0,0.0,0.0,0.0,0.1,6.3,0.3,93.3
20150128185708,0.0,0.0,0.0,0.0,0.0,9.1,0.2,90.6
20150128185738,0.0,0.0,0.0,0.0,0.0,0.7,0.0,99.3
20150128185808,0.0,0.0,0.0,0.0,0.1,2.6,0.0,97.3
20150128185838,0.0,0.0,0.0,0.0,0.0,0.4,0.0,99.6
20150128185908,0.0,0.0,0.0,0.0,0.0,0.4,0.1,99.5
20150128185938,0.0,0.0,0.0,0.0,0.0,0.1,0.0,99.9
20150128190008,0.0,0.0,0.0,0.0,0.0,1.1,0.0,98.8
20150128190038,0.0,0.0,0.0,0.0,5.8,20.6,1.8,71.7
20150128190108,0.0,0.0,0.0,0.0,1.2,4.2,6.7,87.9
20150128190138,0.0,0.0,0.0,0.0,6.0,25.2,26.3,42.6
20150128190208,0.0,0.0,0.0,0.0,0.1,68.5,0.2,31.3
20150128190238,0.0,0.0,0.0,0.0,0.1,6.8,0.9,92.3
20150128190308,0.0,0.0,0.0,0.0,0.0,2.6,0.2,97.2
20150128190338,0.0,0.0,0.0,0.0,1.9,64.5,0.2,33.5
20150128190408,0.0,0.0,0.0,0.0,0.0,0.3,0.0,99.7
20150128190438,0.0,0.0,0.0,0.0,0.0,6.3,0.0,93.7
20150128190509,0.0,0.0,0.0,0.0,0.5,16.1,0.5,82.9
20150128190539,0.0,0.0,0.0,0.0,0.2,5.0,0.5,94.3
20150128190609,0.0,0.0,0.0,0.0,0.1,16.2,0.3,83.4
20150128190639,0.0,0.0,0.0,0.0,0.0,1.4,0.0,98.5
20150128190709,0.0,0.0,0.0,0.0,0.1,0.5,0.1,99.2
20150128190739,0.0,0.0,0.0,0.0,0.1,0.5,0.0,99.4
20150128190809,0.0,0.0,0.0,0.0,0.1,1.1,0.1,98.7
20150128190839,0.0,0.0,0.0,0.0,0.6,25.3,1.2,72.9
20150128190909,0.0,0.0,0.0,0.0,2.1,6.7,1.8,89.4
20150128190939,0.0,0.0,0.0,0.0,5.2,2.6,18.5,73.7
20150128191009,0.0,0.0,0.0,0.0,0.0,1.8,0.3,97.8
20150128191039,0.0,0.0,0.0,0.0,0.7,2.0,1.0,96.2
20150128191109,0.0,0.0,0.0,0.0,11.1,0.2,1.0,87.6
20150128191139,0.0,0.0,0.0,0.0,1.5,0.8,2.7,95.0
20150128191209,0.0,0.0,0.0,0.0,0.1,0.1,0.2,99.7
20150128191239,0.0,0.0,0.0,0.0,0.8,0.4,0.3,98.5
20150128191309,0.0,0.0,0.0,0.0,0.7,0.5,0.1,98.6
20150128191339,0.0,0.0,0.0,0.0,0.9,0.3,0.1,98.8
20150128191409,0.0,0.0,0.0,0.0,1.2,0.5,0.3,97.9
20150128191439,0.0,0.0,0.0,0.0,0.6,4.0,1.1,94.3
20150128191509,0.0,0.0,0.0,0.0,2.0,2.0,15.0,81.1
20150128191539,0.0,0.0,0.0,0.0,0.8,0.1,0.7,98.4
20150128191609,0.0,0.0,0.1,0.0,1.8,0.0,0.4,97.7
20150128191639,0.0,0.0,0.0,0.0,0.4,0.3,0.1,99.2
20150128191709,0.0,0.0,0.0,0.0,12.9,28.7,0.4,58.0
20150128191739,0.0,0.0,0.0,0.0,7.9,1.1,0.5,90.4
20150128191809,0.0,0.0,0.0,0.0,1.3,1.7,1.8,95.2
20150128191839,0.0,0.0,0.0,0.0,6.1,0.7,0.2,92.9
20150128191909,0.0,0.0,0.0,0.0,1.1,0.4,0.0,98.4
20150128191939,0.0,0.0,0.1,0.0,14.0,20.8,8.3,56.7
20150128192009,0.0,0.0,0.0,0.0,2.8,2.0,12.5,82.6
20150128192039,0.0,0.0,0.0,0.0,10.0,2.5,21.3,66.2
20150128192109,0.0,0.0,0.0,0.0,1.8,1.7,6.3,90.1
20150128192139,0.0,1.0,0.2,0.0,16.4,8.3,1.2,72.8
20150128192209,0.0,0.2,0.3,0.1,31.0,5.7,29.1,33.6
20150128192239,0.1,0.8,0.3,0.3,78.7,6.5,7.4,6.0
20150128192309,0.0,0.6,1.8,1.8,10.3,1.3,48.0,36.3
20150128192339,0.0,0.0,0.1,0.1,0.2,0.5,2.8,96.3
20150128192409,0.0,0.0,0.0,0.0,2.5,0.5,0.7,96.2
20150128192439,0.0,0.0,0.0,0.0,5.2,13.4,1.1,80.3
20150128192509,0.0,0.0,0.0,0.0,17.0,0.8,3.7,78.5
20150128192539,0.0,0.0,0.1,0.0,3.0,0.8,21.7,74.4
20150128192609,0.0,0.0,0.0,0.0,1.3,2.9,6.7,89.0
20150128192639,0.0,0.0,0.5,0.0,0.9,1.1,14.0,83.5
20150128192709,0.0,0.0,0.0,0.0,0.3,0.1,34.1,65.5
20150128192739,0.0,0.0,0.0,0.0,0.2,1.2,85.7,12.9
20150128192809,0.0,0.0,0.0,0.0,0.1,1.4,89.2,9.3
20150128192839,0.0,0.0,0.0,0.0,1.5,48.0,13.8,36.7
20150128192909,0.0,0.0,0.0,0.0,2.1,6.2,47.9,43.9
20150128192939,0.0,0.0,0.0,0.0,2.3,3.2,78.8,15.6
20150128193009,0.0,0.0,0.1,0.0,1.3,0.9,51.3,46.4
20150128193039,0.0,0.0,0.0,0.0,0.6,0.8,23.8,74.8
20150128193109,0.0,0.0,0.0,0.0,0.2,5.0,77.1,17.6
20150128193139,0.0,0.0,0.0,0.0,3.3,0.9,12.7,83.0
20150128193209,0.0,0.0,0.0,0.0,1.2,0.1,25.9,72.8
20150128193239,0.0,0.0,0.0,0.0,0.1,0.2,5.7,94.0
20150128193309,0.0,0.0,0.0,0.0,0.1,1.5,19.4,78.9
20150128193339,0.0,0.0,0.0,0.0,0.5,5.4,47.8,46.3
20150128193409,0.0,0.0,0.0,0.0,0.3,14.9,75.8,9.0
20150128193439,0.0,0.0,0.0,0.0,1.9,1.7,75.1,21.3
20150128193509,0.0,0.0,0.0,0.0,2.3,5.9,75.2,16.6
20150128193539,0.0,0.0,0.0,0.0,0.2,4.3,19.0,76.5
20150128193609,0.0,0.0,0.0,0.0,0.3,0.8,93.6,5.3
20150128193639,0.0,0.0,0.0,0.0,0.0,0.1,39.0,60.8
20150128193709,0.0,0.0,0.0,0.0,0.0,0.1,28.9,71.0
20150128193739,0.0,0.0,0.0,0.0,0.1,0.1,22.9,76.8
20150128193809,0.0,0.1,0.0,0.0,1.1,0.3,66.7,31.8
20150128193839,0.0,0.1,0.1,0.0,0.1,0.1,29.6,70.0
20150128193910,0.0,0.0,0.0,0.0,0.0,0.1,70.9,29.0
20150128193940,0.0,0.0,0.0,0.0,0.2,0.3,94.5,5.0
20150128194010,0.0,0.0,0.0,0.0,0.0,0.2,90.5,9.3
20150128194040,0.0,0.1,0.0,0.0,0.0,0.2,29.6,70.0
20150128194110,0.0,0.0,0.0,0.0,0.1,0.3,2.6,97.0
20150128194140,0.0,0.0,0.0,0.0,0.0,0.0,63.4,36.5
20150128194210,0.0,0.0,0.0,0.0,0.0,0.0,16.9,83.0
20150128194240,0.0,0.0,0.0,0.0,0.3,0.1,76.8,22.8
20150128194310,0.0,0.0,0.0,0.0,0.0,0.0,88.0,12.0
20150128194340,0.0,0.0,0.0,0.0,0.0,0.0,98.5,1.4
20150128194410,0.0,0.0,0.0,0.0,0.2,0.0,92.4,7.4
20150128194440,0.0,0.0,0.0,0.0,0.0,0.0,99.4,0.5
20150128194510,0.0,0.0,0.0,0.0,0.0,0.0,91.6,8.3
20150128194540,0.0,0.0,0.0,0.0,0.0,0.0,97.4,2.5
20150128194610,0.0,0.0,0.0,0.0,0.1,0.0,95.5,4.3
20150128194640,0.0,0.0,0.0,0.0,0.2,0.0,87.4,12.4
20150128194710,0.0,0.5,0.0,0.1,1.6,0.1,65.1,32.6
20150128194740,0.0,0.0,0.0,0.0,0.0,0.0,72.7,27.2
20150128194810,0.0,1.3,0.0,0.0,0.1,1.2,68.9,28.4
20150128194840,0.0,0.0,0.0,0.0,0.0,0.0,94.2,5.7
20150128194910,0.0,0.0,0.0,0.0,0.1,0.0,3.4,96.6
20150128194940,0.0,0.0,0.0,0.0,0.3,0.3,98.8,0.6
20150128195010,0.0,0.0,0.0,0.0,0.6,0.2,97.9,1.3
20150128195040,0.0,0.0,0.0,0.0,0.1,0.0,33.2,66.7
20150128195110,0.0,0.0,0.0,0.0,0.0,0.0,4.8,95.2
20150128195140,0.0,0.3,0.0,0.0,0.0,0.0,7.9,91.7
20150128195210,0.0,0.2,0.4,0.0,0.6,0.2,69.5,29.1
20150128195240,0.0,0.0,0.0,0.0,0.0,0.0,95.1,4.9
20150128195310,0.0,0.0,0.0,0.0,0.1,0.0,87.5,12.3
20150128195340,0.0,0.0,0.0,0.0,0.0,0.0,99.6,0.4
20150128195410,0.0,0.0,0.0,0.0,0.0,0.0,99.8,0.2
20150128195440,0.0,0.0,0.0,0.0,0.0,0.0,98.6,1.4
20150128195510,0.0,0.0,0.0,0.0,0.0,0.0,97.0,2.9
20150128195540,0.0,0.0,0.0,0.0,0.0,0.0,66.1,33.9
20150128195610,0.0,0.0,0.0,0.0,0.2,0.1,22.4,77.3
20150128195640,0.0,0.0,0.0,0.0,0.0,0.0,75.1,24.9
20150128195710,0.0,0.0,0.0,0.0,0.6,0.0,96.9,2.4
20150128195740,0.0,0.0,0.0,0.0,0.1,0.0,59.4,40.5
20150128195810,0.0,0.0,0.0,0.0,0.0,0.0,98.4,1.6
20150128195840,0.0,1.2,0.8,0.0,0.6,0.0,82.2,15.2
20150128195910,0.0,0.3,0.0,0.0,0.0,0.1,65.0,34.5
20150128195940,0.0,0.0,0.0,0.0,0.0,0.0,90.1,9.8
20150128200010,0.0,0.5,0.5,0.2,3.0,0.3,18.7,76.9
20150128200040,0.0,0.0,0.0,0.0,0.2,1.2,57.4,41.2
20150128200110,0.0,0.1,0.0,0.0,0.6,1.1,79.0,19.1
20150128200140,0.0,0.1,0.0,0.0,0.6,0.5,97.8,1.1
20150128200210,0.0,0.0,0.0,0.0,1.8,0.1,96.6,1.5
20150128200240,0.0,0.0,0.0,0.1,0.5,0.2,96.0,3.2
20150128200310,0.0,0.0,0.1,0.2,17.8,0.6,75.8,5.5
20150128200340,0.0,0.0,0.0,0.0,0.9,0.6,44.1,54.3
20150128200410,0.0,0.0,0.0,0.0,0.0,0.0,97.5,2.5
20150128200440,0.0,0.0,0.0,0.1,0.8,1.3,80.0,17.8
20150128200510,0.0,0.1,0.0,0.1,1.5,0.2,95.9,2.1
20150128200540,0.0,0.0,0.0,0.0,1.7,0.0,91.5,6.7
20150128200610,0.0,0.8,0.1,0.0,4.2,4.6,89.1,1.2
20150128200641,0.0,0.3,4.2,0.0,0.2,1.6,82.3,11.5
20150128200711,0.0,0.0,0.0,0.0,0.4,0.2,14.7,84.7
20150128200741,0.0,0.0,0.0,0.0,0.0,0.0,79.1,20.9
20150128200811,0.0,0.0,0.0,0.0,0.0,0.0,85.6,14.3
20150128200841,0.0,0.0,0.0,0.0,0.0,0.0,97.3,2.7
20150128200911,0.0,0.0,0.0,0.0,0.0,0.0,99.9,0.1
20150128200941,0.0,0.0,0.0,0.0,0.0,0.0,99.9,0.1
20150128201011,0.0,0.0,0.0,0.0,0.0,0.0,99.9,0.1
20150128201041,0.0,0.0,0.0,0.0,0.1,0.0,99.5,0.4
20150128201111,0.0,0.0,0.0,0.0,0.0,0.1,97.2,2.6
20150128201141,0.0,0.0,0.0,0.0,0.0,0.0,98.1,1.8
20150128201211,0.0,0.0,0.1,0.0,1.2,0.2,71.8,26.6
20150128201241,0.0,0.0,0.1,0.2,1.2,0.2,59.8,38.6
20150128201311,0.0,0.1,0.3,2.2,6.0,0.9,42.0,48.6
20150128201341,0.0,0.4,3.2,0.2,0.4,1.0,81.3,13.5
20150128201411,0.0,0.4,0.2,0.4,10.4,0.3,81.6,6.7
20150128201441,0.0,1.6,0.1,76.0,1.5,0.1,18.8,1.7
20150128201511,0.0,0.5,0.1,40.3,0.9,0.1,42.3,15.8
20150128201541,0.1,3.0,7.1,3.4,24.4,0.1,48.3,13.6
20150128201611,0.0,2.9,0.1,1.2,25.5,0.1,64.7,5.4
20150128201641,0.0,0.3,0.8,0.2,4.0,0.0,77.6,17.1
20150128201711,0.0,0.0,0.0,0.0,0.0,0.0,98.5,1.5
20150128201741,0.0,3.6,1.9,1.0,3.9,0.0,85.3,4.2
20150128201811,0.0,2.0,0.6,2.6,29.7,0.1,58.4,6.6
20150128201841,0.0,0.1,0.0,0.4,1.5,0.0,97.1,0.7
20150128201911,0.0,0.1,0.1,0.0,57.9,0.0,41.0,0.9
20150128201941,0.0,0.0,0.2,0.1,1.5,0.1,98.0,0.1
20150128202011,0.0,1.9,25.6,3.0,10.9,0.2,55.2,3.2
20150128202041,0.0,2.3,1.6,0.1,19.4,0.0,45.5,31.1
20150128202111,0.0,0.0,0.0,0.0,0.4,0.0,34.8,64.7
20150128202141,0.0,0.7,4.7,2.6,0.6,0.4,38.7,52.3
20150128202211,0.0,0.2,0.1,0.0,0.3,0.1,84.2,15.1
20150128202241,0.0,0.0,0.0,0.0,0.0,0.0,96.1,3.8
20150128202311,0.0,0.0,0.0,0.0,0.1,0.0,87.6,12.2
20150128202341,0.0,0.0,0.1,0.0,0.1,0.0,98.3,1.4
20150128202411,0.0,0.1,0.1,0.0,0.0,0.0,97.7,2.1
20150128202441,0.0,0.2,0.0,0.6,0.0,0.0,96.0,3.1
20150128202511,0.0,0.4,0.3,1.1,13.7,0.0,14.4,70.1
20150128202541,0.0,1.7,1.5,1.7,1.2,0.0,15.2,78.7
20150128202611,0.0,1.3,0.7,0.2,0.3,0.1,85.2,12.2
20150128202641,0.0,0.3,0.0,0.0,0.1,0.0,77.5,22.1
20150128202711,0.0,15.6,0.3,0.0,2.8,0.1,79.6,1.6
20150128202741,0.1,9.8,0.2,0.0,12.3,0.8,71.9,4.9
20150128202811,0.0,0.0,0.0,0.0,6.1,0.2,91.6,2.0
20150128202841,0.0,0.1,0.5,0.0,35.9,0.4,56.4,6.7
20150128202911,0.0,0.3,1.6,0.0,85.1,0.0,12.8,0.2
20150128202941,0.0,0.2,0.6,0.2,89.8,0.0,9.1,0.2
20150128203011,0.0,0.1,0.3,0.0,99.4,0.0,0.1,0.0
20150128203041,0.0,0.1,0.0,0.1,91.6,0.4,7.7,0.1
20150128203111,0.2,0.1,0.1,0.4,29.4,1.1,66.9,1.8
20150128203141,0.2,0.0,0.2,0.2,76.8,1.2,16.4,5.0
20150128203211,0.0,0.5,0.0,4.6,86.3,2.5,5.8,0.3
20150128203241,0.0,0.0,0.0,2.1,93.3,0.7,0.1,3.8
20150128203311,0.0,0.2,0.0,1.7,38.7,30.1,6.6,22.7
20150128203341,0.0,0.2,0.0,0.1,91.0,1.9,0.5,6.3
20150128203411,0.0,0.0,0.0,0.1,14.0,2.5,80.7,2.6
20150128203441,0.0,0.1,0.2,0.7,10.1,2.1,17.7,69.2
20150128203511,0.1,0.1,0.2,0.2,52.9,1.5,7.4,37.6
20150128203541,0.0,0.1,0.1,0.1,5.2,1.2,82.0,11.3
20150128203611,0.0,0.0,0.0,0.0,67.8,0.2,31.5,0.5
20150128203641,0.0,1.1,0.2,0.1,45.0,1.1,50.5,2.1
20150128203711,0.0,0.2,0.1,0.0,1.6,0.6,92.5,5.0
20150128203741,0.0,0.8,0.1,0.1,56.4,1.6,39.1,1.8
20150128203811,0.0,0.1,0.0,0.0,31.0,1.0,65.9,2.0
20150128203841,0.0,0.1,0.0,0.0,50.7,3.4,45.3,0.4
20150128203911,0.0,0.0,0.0,0.1,95.4,1.1,3.0,0.4
20150128203941,0.0,0.0,0.0,0.0,73.0,24.3,1.6,1.1
20150128204011,0.0,0.0,0.0,0.2,93.8,2.2,0.2,3.7
20150128204042,0.0,0.0,0.0,0.1,5.1,83.9,2.2,8.5
20150128204112,0.0,0.1,0.0,0.1,33.3,8.0,1.1,57.4
20150128204142,0.0,0.1,0.1,0.1,12.9,16.4,1.9,68.6
20150128204212,0.0,0.0,0.0,0.0,10.8,3.9,26.2,59.1
20150128204242,0.0,0.0,0.0,0.0,0.1,1.1,80.9,17.8
20150128204312,0.0,0.0,0.0,0.0,0.7,0.3,98.0,0.9
20150128204342,0.0,0.0,0.0,0.0,2.6,0.9,81.8,14.6
20150128204412,0.0,0.0,0.0,0.0,4.8,6.3,83.8,4.9
20150128204442,0.0,0.0,0.5,0.0,4.4,2.8,91.2,1.0
20150128204512,0.0,0.0,0.1,0.0,0.1,1.2,96.6,2.0
20150128204542,0.0,0.0,0.1,0.0,0.5,0.8,95.3,3.2
20150128204612,0.0,0.0,0.0,0.0,0.6,0.5,98.6,0.3
20150128204642,0.0,0.2,0.3,0.1,50.8,0.6,45.7,2.3
20150128204712,0.0,1.8,0.1,1.9,52.2,0.7,23.0,20.3
20150128204742,0.0,0.1,0.0,0.0,34.6,0.0,62.4,2.8
20150128204812,0.0,0.0,0.0,0.0,23.3,0.0,47.4,29.3
20150128204842,0.0,0.0,0.0,0.0,0.2,0.0,99.3,0.4
20150128204912,0.0,0.0,0.0,0.0,0.6,0.1,98.7,0.5
20150128204942,0.0,0.0,0.0,0.0,0.1,0.1,60.2,39.5
20150128205012,0.0,0.0,0.0,0.0,0.2,0.0,49.5,50.2
20150128205042,0.0,0.1,0.0,0.1,2.0,0.1,47.3,50.5
20150128205112,0.0,0.2,0.0,0.3,5.1,2.1,91.5,0.8
20150128205142,0.0,0.8,0.6,0.9,58.9,0.2,36.6,1.8
20150128205212,0.0,0.1,9.1,0.0,17.2,1.0,71.7,0.8
20150128205242,0.0,0.1,0.1,0.3,23.5,0.3,60.8,15.0
20150128205312,0.0,0.0,0.0,0.0,0.1,0.1,69.8,29.9
20150128205342,0.0,0.0,0.0,0.0,1.0,0.7,45.6,52.6
20150128205412,0.0,0.0,0.0,0.0,0.0,0.0,88.6,11.3
20150128205442,0.0,0.0,0.0,0.0,0.0,0.0,91.0,9.0
20150128205512,0.0,0.0,0.0,0.0,0.0,0.0,99.9,0.1
20150128205542,0.0,0.1,0.1,3.6,54.0,0.1,26.5,15.6
20150128205612,0.0,0.0,0.0,0.0,0.7,0.0,96.0,3.3
20150128205642,0.0,0.0,0.0,0.0,1.3,0.0,84.8,13.8
20150128205712,0.0,5.1,0.0,3.7,89.1,0.0,2.0,0.1
20150128205742,5.3,13.7,0.0,7.1,73.9,0.0,0.0,0.0
20150128205812,0.0,1.3,0.0,1.2,97.4,0.0,0.0,0.0
20150128205842,0.0,1.7,0.0,0.1,98.1,0.0,0.0,0.0
20150128205912,0.0,3.1,0.0,0.9,96.0,0.0,0.0,0.0
20150128205942,0.0,30.3,0.0,0.3,69.2,0.0,0.1,0.0
20150128210012,0.0,6.0,0.0,0.4,93.6,0.0,0.0,0.0
20150128210042,0.0,13.6,0.0,1.8,84.4,0.0,0.0,0.2
20150128210112,0.0,81.8,0.0,0.9,17.3,0.0,0.0,0.0
20150128210142,0.0,2.5,0.0,3.6,93.8,0.0,0.0,0.1
20150128210212,0.0,0.2,0.0,4.2,95.2,0.0,0.3,0.0
20150128210242,0.0,6.4,0.1,31.7,55.0,0.0,2.8,3.9
20150128210312,0.1,6.3,0.2,2.6,90.2,0.0,0.5,0.0
20150128210342,0.0,0.2,0.1,0.0,99.6,0.0,0.0,0.0
20150128210412,0.0,0.2,0.2,0.2,99.4,0.0,0.0,0.0
20150128210442,0.0,0.7,0.1,0.2,99.0,0.0,0.0,0.1
20150128210512,0.0,31.6,0.1,2.4,65.7,0.0,0.0,0.1
20150128210542,0.0,3.4,0.4,83.4,12.6,0.0,0.0,0.2
20150128210612,0.0,3.0,1.4,87.4,2.7,0.0,0.3,5.2
20150128210642,0.0,4.0,0.4,59.8,31.1,0.0,0.1,4.7
20150128210712,0.0,21.0,0.2,10.8,56.9,0.0,3.3,7.7
20150128210742,0.0,9.8,0.1,16.5,72.3,0.0,0.6,0.7
20150128210812,0.0,0.3,0.1,2.5,97.0,0.0,0.0,0.1
20150128210842,0.0,1.9,0.1,34.2,62.4,0.1,1.3,0.1
20150128210912,0.0,0.2,0.1,2.6,95.9,0.0,1.0,0.2
20150128210942,0.0,0.1,0.6,1.6,60.9,0.1,32.5,4.1
20150128211012,0.0,0.1,16.9,2.4,17.6,0.0,52.9,10.0
20150128211042,0.0,0.7,1.5,8.6,57.7,0.1,29.8,1.6
20150128211112,0.0,0.7,1.6,38.2,28.4,0.2,24.1,6.7
20150128211142,0.0,0.0,0.3,2.7,84.0,0.3,10.9,1.7
20150128211212,0.0,0.3,0.1,6.1,87.6,0.2,1.6,4.2
20150128211242,0.0,0.1,0.2,16.4,73.6,0.1,7.8,1.7
20150128211312,0.0,0.1,0.0,0.2,90.2,0.8,6.2,2.4
20150128211342,0.0,0.0,0.0,1.6,61.2,0.0,12.8,24.3
20150128211412,0.0,0.1,0.0,0.4,68.3,0.0,30.1,1.1
20150128211443,0.0,0.0,0.0,1.7,3.0,0.1,92.0,3.1
20150128211513,0.0,0.0,0.0,0.8,2.6,0.0,80.9,15.6
20150128211543,0.0,0.0,0.0,0.1,0.2,0.0,99.3,0.5
20150128211613,0.0,0.0,0.0,0.1,0.9,0.0,98.1,0.8
20150128211643,0.0,0.0,0.0,0.6,0.8,0.0,97.0,1.6
20150128211713,0.0,0.0,4.1,2.3,2.7,0.2,86.7,3.9
20150128211743,0.0,0.0,0.0,0.1,1.4,0.0,98.5,0.0
20150128211813,0.0,0.0,0.5,6.5,79.6,0.5,6.2,6.7
20150128211843,0.0,0.0,0.0,2.0,7.9,0.5,72.0,17.6
20150128211913,0.0,0.0,0.0,0.0,0.4,0.0,98.4,1.2
20150128211943,0.0,0.0,0.0,0.0,0.1,0.0,99.8,0.1
20150128212013,0.0,0.0,0.1,0.5,0.7,0.0,71.9,26.6
20150128212043,0.0,0.0,1.0,0.3,6.3,0.0,89.0,3.4
20150128212113,0.0,0.0,0.1,0.4,69.6,0.0,29.8,0.1
20150128212143,0.0,0.5,0.0,1.0,55.2,0.0,43.3,0.0
20150128212213,0.0,0.0,0.0,1.2,95.5,0.0,3.3,0.0
20150128212243,0.0,0.0,0.0,0.1,35.4,0.0,64.5,0.0
20150128212313,0.0,0.0,0.0,35.9,32.5,0.3,31.3,0.0
20150128212343,0.0,0.0,0.0,3.2,9.7,0.0,87.1,0.0
20150128212413,0.0,0.1,0.3,6.0,66.5,0.0,26.7,0.3
20150128212443,0.0,0.1,1.3,33.3,29.8,0.1,30.7,4.8
20150128212513,0.0,0.0,6.3,15.6,52.3,0.0,23.6,2.2
20150128212543,0.0,0.0,0.6,6.6,49.6,0.0,42.7,0.5
20150128212613,0.0,0.0,0.6,2.7,74.5,0.1,22.0,0.1
20150128212643,0.0,0.0,0.0,9.9,82.8,0.0,7.2,0.0
