UT,arc,discrete,diffuse,ac,ab,clear,cloudy,dd
20151210131200,0.0,0.0,0.0,0.0,0.0,0.0,0.0,100.0
20151210131230,0.0,0.0,0.0,0.0,0.0,0.0,0.0,100.0
20151210131300,0.0,0.0,0.0,0.0,0.0,0.0,0.0,100.0
20151210131331,0.0,0.0,0.0,0.0,0.0,0.0,0.0,100.0
20151210131401,0.0,0.0,0.0,0.0,0.0,0.0,0.0,100.0
20151210131431,0.0,0.0,0.0,0.0,0.0,0.0,0.0,100.0
20151210131501,0.0,0.0,0.0,0.0,0.0,0.0,0.0,100.0
20151210131531,0.0,0.0,0.0,0.0,0.0,0.0,0.0,100.0
20151210131601,0.0,0.0,0.0,0.0,0.0,0.0,0.0,100.0
20151210131631,0.0,0.0,0.0,0.0,0.0,0.0,0.0,100.0
20151210131701,0.0,0.0,0.0,0.0,0.0,0.0,0.0,100.0
20151210131731,0.0,0.0,0.0,0.0,0.0,0.0,0.0,100.0
20151210131801,0.0,0.0,0.0,0.0,0.0,0.0,0.0,100.0
20151210131831,0.0,0.0,0.0,0.0,0.0,0.0,0.0,100.0
20151210131901,0.0,0.0,0.0,0.0,0.0,0.0,0.0,100.0
20151210131931,0.0,0.0,0.0,0.0,0.0,0.0,0.0,100.0
20151210132001,0.0,0.0,0.0,0.0,0.0,0.0,0.0,100.0
20151210132031,0.0,0.0,0.0,0.0,0.0,0.0,0.0,100.0
20151210132101,0.0,0.0,0.0,0.0,0.0,0.0,0.0,100.0
20151210132131,0.0,0.0,0.0,0.0,0.0,0.0,0.0,100.0
20151210132201,0.0,0.0,0.0,0.0,0.0,0.0,0.0,100.0
20151210132231,0.0,0.0,0.0,0.0,0.0,0.0,0.0,100.0
20151210132301,0.0,0.0,0.0,0.0,0.0,0.0,0.0,100.0
20151210132331,0.0,0.0,0.0,0.0,0.0,0.0,0.0,100.0
20151210132401,0.0,0.0,0.0,0.0,0.0,0.0,0.0,100.0
20151210132431,0.0,0.0,0.0,0.0,0.0,0.0,0.0,100.0
20151210132501,0.0,0.0,0.0,0.0,0.0,0.0,0.0,100.0
20151210132531,0.0,0.0,0.0,0.0,0.0,0.0,0.0,100.0
20151210132601,0.0,0.0,0.0,0.0,0.0,0.0,0.0,100.0
20151210132631,0.0,0.0,0.0,0.0,0.0,0.0,0.0,100.0
20151210132701,0.0,0.0,0.0,0.0,0.0,0.0,0.0,100.0
20151210132731,0.0,0.0,0.0,0.0,0.0,0.0,0.0,100.0
20151210132801,0.0,0.0,0.0,0.0,0.0,0.0,0.0,100.0
20151210132831,0.0,0.0,0.0,0.0,0.0,0.0,0.0,100.0
20151210132901,0.0,0.0,0.0,0.0,0.0,0.0,0.0,100.0
20151210132931,0.0,0.0,0.0,0.0,0.0,0.0,0.0,100.0
20151210133001,0.0,0.0,0.0,0.0,0.0,0.0,0.0,100.0
20151210133031,0.0,0.0,0.0,0.0,0.0,0.0,0.0,100.0
20151210133101,0.0,0.0,0.0,0.0,0.0,0.0,0.0,100.0
20151210133131,0.0,0.0,0.0,0.0,0.0,0.0,0.0,100.0
20151210133201,0.0,0.0,0.0,0.0,0.0,0.0,0.0,100.0
20151210133231,0.0,0.0,0.0,0.0,0.0,0.0,0.0,100.0
20151210133301,0.0,0.0,0.0,0.0,0.0,0.0,0.0,100.0
20151210133331,0.0,0.0,0.0,0.0,0.0,0.0,0.0,100.0
20151210133401,0.0,0.0,0.0,0.0,0.0,0.0,0.0,100.0
20151210133431,0.0,0.0,0.0,0.0,0.0,0.0,0.0,100.0
20151210133501,0.0,0.0,0.0,0.0,0.0,0.0,0.0,100.0
20151210133531,0.0,0.0,0.0,0.0,0.0,0.0,0.0,100.0
20151210133601,0.0,0.0,0.0,0.0,0.0,0.0,0.0,100.0
20151210133631,0.0,0.0,0.0,0.0,0.0,0.0,0.0,100.0
20151210133701,0.0,0.0,0.0,0.0,0.0,0.0,0.0,100.0
20151210133731,0.0,0.0,0.0,0.0,0.0,0.0,0.0,100.0
20151210133801,0.0,0.0,0.0,0.0,0.0,0.0,0.0,100.0
20151210133831,0.0,0.0,0.0,0.0,0.0,0.0,0.0,100.0
20151210133901,0.0,0.0,0.0,0.0,0.0,0.0,0.0,100.0
20151210133931,0.0,0.0,0.0,0.0,0.0,0.0,0.0,100.0
20151210134001,0.0,0.0,0.0,0.0,0.0,0.0,0.0,100.0
20151210134031,0.0,0.0,0.0,0.0,0.0,0.0,0.0,100.0
20151210134101,0.0,0.0,0.0,0.0,0.0,0.0,0.0,100.0
20151210134131,0.0,0.0,0.0,0.0,0.0,0.0,0.0,100.0
20151210134201,0.0,0.0,0.0,0.0,0.0,0.0,0.0,100.0
20151210134231,0.0,0.0,0.0,0.0,0.0,0.0,0.0,100.0
20151210134301,0.0,0.0,0.0,0.0,0.0,0.0,0.0,100.0
20151210134331,0.0,0.0,0.0,0.0,0.0,0.0,0.0,100.0
20151210134401,0.0,0.0,0.0,0.0,0.0,0.0,0.0,100.0
20151210134431,0.0,0.0,0.0,0.0,0.0,0.0,0.0,100.0
20151210134501,0.0,0.0,0.0,0.0,0.0,0.0,0.0,100.0
20151210134531,0.0,0.0,0.0,0.0,0.0,0.0,0.0,100.0
20151210134601,0.0,0.0,0.0,0.0,0.0,0.0,0.0,100.0
20151210134631,0.0,0.0,0.0,0.0,0.0,0.0,0.0,100.0
20151210134701,0.0,0.0,0.0,0.0,0.0,0.0,0.0,100.0
20151210134732,0.0,0.0,0.0,0.0,0.0,0.0,0.0,100.0
20151210134802,0.0,0.0,0.0,0.0,0.0,0.0,0.0,100.0
20151210134832,0.0,0.0,0.0,0.0,0.0,0.0,0.0,100.0
20151210134902,0.0,0.0,0.0,0.0,0.0,0.0,0.0,100.0
20151210134932,0.0,0.0,0.0,0.0,0.0,0.0,0.0,100.0
20151210135002,0.0,0.0,0.0,0.0,0.0,0.0,0.0,100.0
20151210135032,0.0,0.0,0.0,0.0,0.0,0.0,0.0,100.0
20151210135102,0.0,0.0,0.0,0.0,0.0,0.0,0.0,100.0
20151210135132,0.0,0.0,0.0,0.0,0.0,0.0,0.0,100.0
20151210135202,0.0,0.0,0.0,0.0,0.0,0.0,0.0,100.0
20151210135232,0.0,0.0,0.0,0.0,0.0,0.0,0.0,100.0
20151210135302,0.0,0.0,0.0,0.0,0.0,0.0,0.0,100.0
20151210135332,0.0,0.0,0.0,0.0,0.0,0.0,0.0,100.0
20151210135402,0.0,0.0,0.0,0.0,0.0,0.0,0.0,100.0
20151210135432,0.0,0.0,0.0,0.0,0.0,0.0,0.0,100.0
20151210135502,0.0,0.0,0.0,0.0,0.0,0.0,0.0,100.0
20151210135532,0.0,0.0,0.0,0.0,0.0,0.0,0.0,100.0
20151210135602,0.0,0.0,0.0,0.0,0.0,0.0,0.0,100.0
20151210135632,0.0,0.0,0.0,0.0,0.0,0.0,0.0,100.0
20151210135702,0.0,0.0,0.0,0.0,0.0,0.0,0.0,100.0
20151210135732,0.0,0.0,0.0,0.0,0.0,0.0,0.0,100.0
20151210135802,0.0,0.0,0.0,0.0,0.0,0.0,0.0,100.0
20151210135832,0.0,0.0,0.0,0.0,0.0,0.0,0.0,100.0
20151210135902,0.0,0.0,0.0,0.0,0.0,0.0,0.0,100.0
20151210135932,0.0,0.0,0.0,0.0,0.0,0.0,0.0,100.0
20151210140002,0.0,0.0,0.0,0.0,0.0,0.0,0.0,100.0
20151210140032,0.0,0.0,0.0,0.0,0.0,0.0,0.0,100.0
20151210140102,0.0,0.0,0.0,0.0,0.0,0.0,0.0,100.0
20151210140132,0.0,0.0,0.0,0.0,0.0,0.0,0.0,100.0
20151210140202,0.0,0.0,0.0,0.0,0.0,0.0,0.0,100.0
20151210140232,0.0,0.0,0.0,0.0,0.0,0.0,0.0,100.0
20151210140302,0.0,0.0,0.0,0.0,0.0,0.0,0.0,100.0
20151210140332,0.0,0.0,0.0,0.0,0.0,0.0,0.0,100.0
20151210140402,0.0,0.0,0.0,0.0,0.0,0.0,0.0,100.0
20151210140432,0.0,0.0,0.0,0.0,0.0,0.0,0.0,100.0
20151210140502,0.0,0.0,0.0,0.0,0.0,0.0,0.0,100.0
20151210140532,0.0,0.0,0.0,0.0,0.0,0.0,0.0,100.0
20151210140602,0.0,0.0,0.0,0.0,0.0,0.0,0.0,100.0
20151210140632,0.0,0.0,0.0,0.0,0.0,0.0,0.0,100.0
20151210140702,0.0,0.0,0.0,0.0,0.0,0.0,0.0,100.0
20151210140732,0.0,0.0,0.0,0.0,0.0,0.0,0.0,100.0
20151210140802,0.0,0.0,0.0,0.0,0.0,0.0,0.0,100.0
20151210140832,0.0,0.0,0.0,0.0,0.0,0.0,0.0,100.0
20151210140902,0.0,0.0,0.0,0.0,0.0,0.0,0.0,100.0
20151210140932,0.0,0.0,0.0,0.0,0.0,0.0,0.0,100.0
20151210141002,0.0,0.0,0.0,0.0,0.0,0.0,0.0,100.0
20151210141032,0.0,0.0,0.0,0.0,0.0,0.0,0.0,100.0
20151210141102,0.0,0.0,0.0,0.0,0.0,0.0,0.0,100.0
20151210141132,0.0,0.0,0.0,0.0,0.0,0.0,0.0,100.0
20151210141332,0.0,0.0,0.0,0.0,0.0,0.0,0.0,100.0
20151210141402,0.0,0.0,0.0,0.0,0.0,0.0,0.0,100.0
20151210141432,0.0,0.0,0.0,0.0,0.0,0.0,0.0,100.0
20151210141502,0.0,0.0,0.0,0.0,0.0,0.0,0.0,100.0
20151210141532,0.0,0.0,0.0,0.0,0.0,0.0,0.0,100.0
20151210141602,0.0,0.0,0.0,0.0,0.0,0.0,0.0,100.0
20151210141632,0.0,0.0,0.0,0.0,0.0,0.0,0.0,100.0
20151210141702,0.0,0.0,0.0,0.0,0.0,0.0,0.0,100.0
20151210141732,0.0,0.0,0.0,0.0,0.0,0.0,0.0,100.0
20151210141802,0.0,0.0,0.0,0.0,0.0,0.0,0.0,100.0
20151210141832,0.0,0.0,0.0,0.0,0.0,0.0,0.0,100.0
20151210141902,0.0,0.0,0.0,0.0,0.0,0.0,0.0,100.0
20151210141932,0.0,0.0,0.0,0.0,0.0,0.0,0.0,100.0
20151210142002,0.0,0.0,0.0,0.0,0.0,0.0,0.0,100.0
20151210142032,0.0,0.0,0.0,0.0,0.0,0.0,0.0,100.0
20151210142102,0.0,0.0,0.0,0.0,0.0,0.0,0.0,100.0
20151210142132,0.0,0.0,0.0,0.0,0.0,0.0,0.0,100.0
20151210142203,0.0,0.0,0.0,0.0,0.0,0.0,0.0,100.0
20151210142233,0.0,0.0,0.0,0.0,0.0,0.0,0.0,100.0
20151210142303,0.0,0.0,0.0,0.0,0.0,0.0,0.0,100.0
20151210142333,0.0,0.0,0.0,0.0,0.0,0.0,0.0,100.0
20151210142403,0.0,0.0,0.0,0.0,0.0,0.0,0.0,100.0
20151210142433,0.0,0.0,0.0,0.0,0.0,0.0,0.0,100.0
20151210142503,0.0,0.0,0.0,0.0,0.0,0.0,0.0,100.0
20151210142533,0.0,0.0,0.0,0.0,0.0,0.0,0.0,100.0
20151210142603,0.0,0.0,0.0,0.0,0.0,0.0,0.0,100.0
20151210142633,0.0,0.0,0.0,0.0,0.0,0.0,0.0,100.0
20151210142703,0.0,0.0,0.0,0.0,0.0,0.0,0.0,100.0
20151210142733,0.0,0.0,0.0,0.0,0.0,0.0,0.0,100.0
20151210142803,0.0,0.0,0.0,0.0,0.0,0.0,0.0,100.0
20151210142833,0.0,0.0,0.0,0.0,0.0,0.0,0.0,100.0
20151210142903,0.0,0.0,0.0,0.0,0.1,0.0,0.0,99.9
20151210142933,0.0,0.0,0.0,0.0,0.1,0.0,0.0,99.9
20151210143003,0.0,0.0,0.0,0.0,0.0,0.0,0.0,100.0
20151210143033,0.0,0.0,0.0,0.0,0.0,0.0,0.0,100.0
20151210143103,0.0,0.0,0.0,0.0,0.0,0.0,0.0,100.0
20151210143133,0.0,0.0,0.0,0.0,0.0,0.0,0.0,100.0
20151210143203,0.0,0.0,0.0,0.0,0.0,0.0,0.0,100.0
20151210143233,0.0,0.0,0.0,0.0,0.0,0.0,0.0,100.0
20151210143303,0.0,0.0,0.0,0.0,0.0,0.0,0.0,100.0
20151210143333,0.0,0.0,0.0,0.0,0.0,0.0,0.0,100.0
20151210143403,0.0,0.0,0.0,0.0,0.0,0.0,0.0,100.0
20151210143433,0.0,0.0,0.0,0.0,0.0,0.0,0.0,100.0
20151210143503,0.0,0.0,0.0,0.0,0.0,0.0,0.0,100.0
20151210143533,0.0,0.0,0.0,0.0,0.0,0.0,0.0,100.0
20151210143603,0.0,0.0,0.0,0.0,0.0,0.0,0.0,100.0
20151210143633,0.0,0.0,0.0,0.0,0.1,0.0,0.0,99.9
20151210143703,0.0,0.0,0.0,0.0,0.2,0.0,0.0,99.8
20151210143733,0.0,0.0,0.0,0.0,0.2,0.0,0.0,99.8
20151210143803,0.0,0.0,0.0,0.0,0.1,0.0,0.0,99.9
20151210143833,0.0,0.0,0.0,0.0,0.2,0.0,0.0,99.8
20151210143903,0.0,0.0,0.0,0.0,0.9,0.0,0.0,99.1
20151210143933,0.0,0.0,0.0,0.0,0.1,0.0,0.0,99.9
20151210144003,0.0,0.0,0.0,0.0,0.6,0.0,0.0,99.3
20151210144033,0.0,0.0,0.0,0.0,0.5,0.0,0.0,99.5
20151210144103,0.0,0.0,0.0,0.0,0.1,0.0,0.0,99.9
20151210144133,0.4,0.0,0.1,0.0,1.0,0.0,0.3,98.2
20151210144203,0.0,0.0,0.1,0.0,0.6,0.0,0.0,99.3
20151210144233,0.1,0.0,0.1,0.0,0.4,0.0,0.2,99.2
20151210144303,0.2,0.0,0.4,0.0,1.2,0.1,0.4,97.7
20151210144333,0.1,0.0,0.1,0.0,0.6,0.0,0.8,98.4
20151210144403,0.2,0.0,0.2,0.0,0.5,0.3,1.4,97.5
20151210144433,0.1,0.0,0.1,0.0,1.1,0.0,0.5,98.1
20151210144503,0.3,0.0,0.3,0.0,1.4,0.1,1.8,96.1
20151210144533,0.6,0.0,0.2,0.0,0.4,0.2,1.2,97.4
20151210144603,0.1,0.0,0.1,0.0,0.2,0.0,1.4,98.2
20151210144633,0.5,0.0,0.4,0.0,1.4,0.1,1.1,96.6
20151210144703,0.6,0.0,0.2,0.1,0.3,0.2,1.7,97.0
20151210144733,0.3,0.0,0.1,0.0,0.0,0.1,0.7,98.7
20151210144803,1.0,0.0,0.5,0.0,0.4,0.1,0.7,97.3
20151210144833,0.4,0.0,0.1,0.0,0.1,0.1,0.9,98.4
20151210144903,0.3,0.0,0.1,0.0,0.0,0.1,1.3,98.2
20151210144933,3.2,0.1,0.4,0.2,1.0,0.2,5.9,88.9
20151210145003,1.0,0.1,0.1,0.1,0.1,0.1,1.5,96.9
20151210145034,1.3,0.2,0.3,0.1,0.2,0.7,0.7,96.6
20151210145104,8.0,0.4,1.6,0.4,0.4,0.6,17.6,71.0
20151210145134,8.5,0.1,1.2,0.3,0.6,1.7,40.1,47.5
20151210145204,5.5,0.1,0.9,0.3,0.3,0.7,22.1,70.1
20151210145234,1.9,0.1,1.1,1.9,0.3,0.6,39.5,54.6
20151210145304,3.7,0.1,5.3,1.4,0.6,1.0,24.9,62.9
20151210145334,1.3,0.1,1.2,0.1,0.3,0.2,48.2,48.5
20151210145404,2.5,0.1,2.3,1.5,0.4,0.3,47.7,45.1
20151210145434,2.2,0.1,1.9,0.6,0.4,0.7,30.8,63.3
20151210145504,3.2,0.1,4.5,1.1,0.3,2.0,40.2,48.7
20151210145534,4.3,0.1,1.1,3.0,0.1,0.8,78.4,12.1
20151210145604,1.4,0.3,1.6,1.2,0.2,1.1,62.0,32.3
20151210145634,2.8,0.1,0.3,1.1,0.0,0.3,29.6,65.9
20151210145704,2.9,0.3,2.1,1.3,0.2,0.9,35.8,56.5
20151210145734,4.7,0.5,2.9,0.6,0.6,8.5,21.0,61.2
20151210145804,13.0,0.2,1.3,1.9,0.3,1.8,22.7,58.7
20151210145834,10.7,1.1,12.4,2.0,2.5,11.5,43.9,15.9
20151210145904,4.2,0.4,3.8,4.1,0.5,2.2,49.9,34.9
20151210145934,1.8,0.4,0.5,0.8,0.1,1.7,52.9,41.9
20151210150004,3.9,0.5,1.1,3.8,0.3,1.0,62.2,27.2
20151210150034,9.2,0.2,1.5,16.1,0.8,0.3,56.1,15.8
20151210150104,13.4,0.1,0.4,26.7,0.4,0.2,51.2,7.7
20151210150134,4.8,0.2,2.5,6.3,0.2,0.3,64.8,21.0
20151210150204,3.9,0.1,0.9,11.5,0.1,0.1,71.0,12.3
20151210150234,16.3,0.4,3.6,20.5,0.3,0.6,23.1,35.2
20151210150304,34.1,1.6,17.2,21.2,0.5,0.2,13.0,12.2
20151210150334,14.7,4.3,8.2,25.6,0.5,0.5,17.9,28.3
20151210150404,14.3,2.9,11.1,11.3,0.1,0.3,16.8,43.2
20151210150434,23.6,3.5,10.1,10.8,0.4,0.9,12.7,37.9
20151210150504,21.5,0.6,10.1,12.5,0.4,7.4,25.9,21.5
20151210150534,26.0,2.7,17.2,7.5,0.7,6.6,13.0,26.2
20151210150604,1.3,0.2,10.2,4.0,0.1,0.6,50.3,33.3
20151210150634,6.6,0.3,8.3,5.4,0.2,0.3,40.4,38.5
20151210150704,1.1,0.2,1.7,2.3,0.1,0.2,52.8,41.6
20151210150734,5.5,1.1,1.8,4.8,0.1,0.9,60.1,25.7
20151210150804,5.2,0.7,8.2,29.0,0.3,0.3,23.8,32.3
20151210150834,1.7,0.7,5.2,4.6,0.2,0.1,82.6,5.0
20151210150904,0.3,0.0,2.7,1.0,0.1,0.0,64.4,31.5
20151210150934,0.9,0.6,3.6,3.2,0.9,0.2,53.2,37.5
20151210151004,1.2,2.7,18.9,5.7,0.6,0.3,55.5,15.2
20151210151034,0.1,0.1,3.6,4.4,0.1,0.0,82.7,8.9
20151210151104,0.1,0.1,5.6,1.3,0.1,0.0,64.6,28.2
20151210151134,0.2,0.1,31.1,0.7,0.1,0.2,39.4,28.2
20151210151204,2.3,0.1,1.4,4.2,0.1,0.0,74.7,17.1
20151210151234,0.4,0.1,2.0,0.7,0.1,0.1,66.3,30.3
20151210151304,3.0,0.9,41.5,2.6,0.3,0.1,28.1,23.4
20151210151334,0.7,0.1,12.5,0.5,0.1,0.2,41.5,44.3
20151210151404,0.4,0.5,4.8,0.9,0.1,0.6,46.7,46.1
20151210151434,0.7,0.1,7.6,1.0,0.2,0.2,33.9,56.3
20151210151504,0.4,0.1,7.7,1.9,0.1,0.7,68.6,20.5
20151210151534,1.9,0.2,5.5,4.1,0.4,1.1,44.0,42.7
20151210151604,0.1,0.0,0.3,35.2,0.0,0.1,59.4,5.0
20151210151634,0.2,0.1,1.2,4.6,0.0,0.8,87.3,5.9
20151210151704,0.3,0.1,6.6,9.0,0.2,0.3,31.7,51.7
20151210151734,0.1,0.1,10.0,8.7,0.2,0.3,28.6,52.0
20151210151804,0.3,0.0,5.7,25.7,0.2,0.2,30.3,37.5
20151210151834,0.3,0.1,5.2,0.8,0.0,0.7,28.5,64.4
20151210151904,0.1,0.1,6.6,3.7,0.1,0.2,31.1,58.0
20151210151934,0.1,0.0,1.4,1.2,0.1,0.3,13.1,83.9
20151210152004,0.0,0.1,0.7,1.7,0.0,0.2,47.9,49.3
20151210152034,0.1,0.1,1.5,1.3,0.1,0.1,65.9,30.9
20151210152104,0.1,0.1,2.5,0.4,0.0,0.1,38.6,58.3
20151210152134,0.0,0.2,1.3,15.6,0.1,0.1,56.0,26.6
20151210152204,0.0,0.0,2.8,2.8,0.0,0.0,87.1,7.2
20151210152234,0.0,0.0,4.7,1.1,0.0,0.0,57.7,36.4
20151210152305,0.0,0.0,5.5,2.9,0.1,0.0,49.3,42.2
20151210152335,0.0,0.0,8.6,1.6,0.2,0.0,43.9,45.5
20151210152405,0.0,0.0,41.2,2.8,0.1,0.0,34.3,21.6
20151210152435,0.0,0.0,9.2,0.7,0.0,0.0,86.4,3.7
20151210152505,0.0,0.0,10.3,0.6,0.1,0.0,72.5,16.4
20151210152535,0.0,0.0,6.4,72.6,0.0,0.0,11.6,9.4
20151210152605,0.0,0.0,2.7,20.5,0.1,0.0,64.3,12.3
20151210152635,0.0,0.0,10.2,20.7,0.1,0.0,36.3,32.7
20151210152705,0.0,0.0,15.8,9.3,0.3,0.1,44.1,30.4
20151210152735,0.0,0.0,5.8,0.4,0.1,0.0,67.9,25.8
20151210152805,0.0,0.0,8.6,0.2,0.1,0.0,60.7,30.3
20151210152835,0.0,0.0,65.1,0.4,1.2,0.0,28.7,4.6
20151210152905,0.0,0.0,41.1,12.3,0.1,0.0,44.3,2.3
20151210152935,0.0,0.0,27.6,1.7,0.7,0.0,11.1,58.9
20151210153005,0.5,0.5,30.8,46.0,0.8,0.0,14.6,6.8
20151210153035,0.1,0.1,32.6,38.6,0.0,0.0,28.4,0.2
20151210153105,0.0,0.0,16.2,3.2,0.1,0.0,71.9,8.6
20151210153135,0.0,0.0,10.6,10.0,0.2,0.0,45.5,33.6
20151210153205,0.0,0.0,11.6,4.4,0.5,0.0,18.7,64.7
20151210153235,0.0,0.0,13.6,55.9,1.0,0.0,3.5,26.0
20151210153305,0.0,0.0,17.0,9.6,0.4,0.0,40.3,32.8
20151210153335,0.0,0.0,37.5,61.7,0.1,0.0,0.6,0.1
20151210153405,0.0,0.0,34.5,50.4,0.1,0.0,11.4,3.5
20151210153435,0.0,0.1,16.0,83.7,0.0,0.0,0.1,0.0
20151210153505,0.0,0.0,6.3,93.7,0.0,0.0,0.1,0.0
20151210153535,0.0,0.0,11.7,86.8,0.1,0.0,1.3,0.1
20151210153605,0.0,0.0,3.7,14.6,0.1,0.1,78.8,2.7
20151210153635,0.0,0.0,3.0,47.0,0.4,0.1,15.1,34.5
20151210153705,0.0,0.0,10.0,62.1,0.4,0.1,22.9,4.3
20151210153735,0.0,0.2,43.0,6.9,0.3,0.0,22.8,26.7
20151210153805,0.0,0.0,88.0,6.9,0.0,0.0,4.0,1.1
20151210153835,0.0,0.0,80.5,16.1,0.1,0.0,1.9,1.5
20151210153905,0.0,0.0,44.5,6.8,0.2,0.1,12.6,35.8
20151210153935,0.0,0.1,66.5,8.9,0.6,0.0,11.0,12.9
20151210154005,0.0,0.1,36.5,15.1,0.1,0.1,10.8,37.4
20151210154035,0.0,0.2,71.7,13.9,0.1,0.0,7.6,6.5
20151210154105,0.0,0.0,50.2,1.0,0.0,0.0,2.8,45.9
20151210154135,0.0,0.2,44.3,19.0,0.1,0.1,28.8,7.5
20151210154205,0.0,0.0,37.2,0.4,0.1,0.0,42.5,19.7
20151210154235,0.0,0.0,17.7,5.0,0.1,0.0,70.2,7.0
20151210154305,0.0,0.0,63.6,23.7,0.1,0.0,12.5,0.1
20151210154335,0.1,0.0,64.4,4.8,0.3,0.0,20.4,10.1
20151210154405,0.0,0.0,19.2,30.4,0.0,0.0,49.6,0.8
20151210154435,0.0,0.0,21.9,64.8,0.0,0.0,13.0,0.2
20151210154505,0.0,0.0,23.2,0.5,0.4,0.0,34.9,41.0
20151210154535,0.1,0.2,42.1,3.3,0.8,0.1,28.7,24.6
20151210154605,0.1,0.3,69.7,12.7,0.8,0.0,10.9,5.5
20151210154635,0.4,0.1,64.1,4.5,0.3,0.0,17.0,13.5
20151210154705,0.4,0.1,52.8,24.3,0.0,0.1,18.4,3.8
20151210154735,0.1,0.0,13.6,0.7,0.2,0.1,43.8,41.5
20151210154805,2.0,0.2,46.8,15.4,0.4,0.0,24.1,11.0
20151210154835,0.7,0.0,13.5,4.2,0.1,0.0,66.1,15.2
20151210154905,0.5,0.0,11.4,12.4,0.2,0.1,44.6,30.9
20151210154935,0.1,0.0,37.3,2.6,0.1,0.0,34.8,25.0
20151210155005,0.1,0.0,39.8,5.7,0.1,0.2,12.9,41.1
20151210155035,1.4,0.0,30.7,6.7,0.3,0.2,30.5,30.3
20151210155105,0.0,0.0,57.3,25.5,1.0,0.1,14.2,1.9
20151210155135,0.1,0.0,39.3,9.9,0.2,0.0,48.3,2.1
20151210155205,0.1,0.1,71.5,25.2,0.2,0.0,1.6,1.3
20151210155235,0.0,0.0,94.5,2.0,0.0,0.0,2.3,1.2
20151210155305,0.0,0.0,52.7,34.8,0.0,0.0,9.2,3.2
20151210155335,0.0,0.7,76.0,9.4,0.0,0.0,12.1,1.8
20151210155405,0.4,0.5,71.1,8.6,1.9,0.2,12.2,5.1
20151210155435,0.0,0.2,64.4,28.8,0.2,0.0,5.9,0.5
20151210155505,0.1,0.6,44.4,43.7,0.6,0.0,8.8,1.7
20151210155535,0.3,0.6,23.9,68.4,1.7,0.2,1.8,2.9
20151210155605,0.1,0.0,1.3,98.3,0.0,0.0,0.3,0.0
20151210155635,0.0,0.1,1.7,97.8,0.0,0.0,0.2,0.0
20151210155705,2.3,8.2,9.1,76.9,2.7,0.0,0.8,0.1
20151210155735,0.5,3.6,4.4,90.1,0.7,0.1,0.6,0.2
20151210155806,4.6,7.2,2.1,80.9,4.5,0.0,0.6,0.0
20151210155836,1.5,4.2,0.4,87.7,4.4,0.0,1.7,0.0
20151210155906,5.5,11.6,0.9,79.6,1.8,0.0,0.6,0.0
20151210155936,3.3,13.0,0.7,76.3,3.3,0.0,3.4,0.0
20151210160006,0.6,40.6,7.2,35.3,10.9,0.0,5.4,0.0
20151210160036,1.4,59.2,11.8,25.9,1.5,0.0,0.2,0.0
20151210160106,0.9,4.1,4.9,79.8,3.4,0.0,6.8,0.0
20151210160136,0.1,0.2,0.4,87.1,0.2,0.0,11.8,0.1
20151210160206,0.0,0.0,0.1,98.0,0.0,0.0,1.6,0.1
20151210160236,0.2,0.0,0.8,96.6,0.1,0.0,2.1,0.1
20151210160306,1.0,0.5,0.6,97.1,0.2,0.0,0.4,0.1
20151210160336,0.4,0.2,0.3,92.8,0.1,0.0,6.1,0.2
20151210160406,0.1,0.0,0.1,97.5,0.0,0.0,2.3,0.1
20151210160436,0.3,0.0,0.2,93.4,0.0,0.0,4.8,1.2
20151210160506,1.1,0.5,0.2,83.5,0.2,0.0,14.3,0.1
20151210160536,0.1,0.0,0.1,99.3,0.0,0.0,0.4,0.0
20151210160606,0.0,0.0,0.0,99.7,0.0,0.0,0.2,0.0
20151210160636,0.0,0.0,0.0,99.4,0.0,0.0,0.5,0.0
20151210160706,0.2,0.0,0.0,99.0,0.0,0.0,0.7,0.1
20151210160736,0.1,0.0,0.0,82.9,0.1,0.0,4.1,12.8
20151210160806,0.0,0.0,0.1,49.1,0.1,0.0,38.7,12.0
20151210160836,0.3,0.1,0.6,61.4,0.1,0.0,35.7,1.8
20151210160906,0.1,0.2,1.8,69.8,0.3,0.0,27.6,0.2
20151210160936,0.1,0.2,1.0,96.4,0.0,0.0,2.1,0.1
20151210161006,0.3,0.2,3.5,90.2,0.1,0.0,4.8,0.9
20151210161036,0.1,0.2,3.5,64.2,0.0,0.0,3.2,28.8
20151210161106,0.2,3.3,21.0,29.0,0.1,0.0,33.9,12.5
20151210161136,0.2,1.4,33.9,38.5,0.1,0.0,24.1,1.9
20151210161206,0.5,6.2,14.4,70.6,0.5,0.0,5.2,2.5
20151210161236,0.2,0.1,1.3,95.3,0.0,0.0,2.8,0.3
20151210161306,0.0,0.0,0.0,99.6,0.0,0.0,0.4,0.0
20151210161336,0.6,0.0,7.6,90.1,0.0,0.0,1.6,0.1
20151210161406,0.7,0.0,0.9,85.6,0.0,0.0,12.6,0.1
20151210161436,0.6,0.0,0.1,99.2,0.0,0.0,0.2,0.0
20151210161506,0.4,0.4,0.4,97.4,0.0,0.0,1.4,0.1
20151210161536,7.3,0.3,10.3,66.8,0.1,0.0,14.3,1.0
20151210161606,2.9,0.1,0.4,84.2,0.0,0.0,12.5,0.0
20151210161636,7.2,2.3,9.1,37.1,0.2,0.0,42.6,1.4
20151210161706,6.1,13.4,8.7,54.1,0.3,0.0,11.2,6.2
20151210161736,3.0,2.0,25.0,44.4,0.2,0.0,24.4,1.0
20151210161806,0.2,0.3,1.3,75.0,0.0,0.0,21.3,1.9
20151210161836,0.2,9.5,18.3,65.5,0.5,0.0,5.1,1.1
20151210161906,0.1,2.4,1.6,89.7,0.5,0.0,5.2,0.5
20151210161936,0.0,0.0,0.5,50.8,0.0,0.0,48.6,0.1
20151210162006,0.0,0.1,1.2,39.3,0.0,0.0,55.4,3.9
20151210162036,0.2,3.5,14.5,36.0,0.3,0.0,35.2,10.2
20151210162106,0.1,3.0,12.2,69.0,0.2,0.0,14.2,1.3
20151210162136,0.0,0.0,1.4,2.0,0.0,0.0,71.0,25.5
20151210162206,0.0,0.2,1.7,23.6,0.3,0.0,69.8,4.5
20151210162236,0.0,0.0,3.9,44.9,0.1,0.0,44.6,6.5
20151210162306,0.0,0.0,2.2,18.2,0.1,0.0,79.1,0.5
20151210162336,0.0,0.1,30.3,61.8,0.2,0.0,6.6,1.1
20151210162406,0.0,0.5,2.4,91.5,0.1,0.0,2.9,2.5
20151210162436,0.0,0.1,10.0,67.8,0.2,0.0,2.7,19.0
20151210162506,0.0,0.2,45.8,49.3,0.0,0.0,1.0,3.6
20151210162536,0.0,0.1,7.1,92.0,0.0,0.0,0.0,0.7
20151210162606,0.0,2.0,11.0,86.9,0.0,0.0,0.0,0.0
20151210162636,0.0,5.5,2.8,91.6,0.0,0.0,0.0,0.0
20151210162706,0.0,1.8,0.3,97.8,0.1,0.0,0.0,0.0
20151210162736,0.0,3.5,2.1,93.7,0.5,0.0,0.0,0.1
20151210162806,0.0,1.2,1.6,97.1,0.1,0.0,0.0,0.0
20151210162836,0.0,0.1,0.3,99.4,0.2,0.0,0.0,0.0
20151210162906,0.0,0.0,0.0,99.9,0.0,0.0,0.0,0.0
20151210162936,0.0,0.0,0.0,100.0,0.0,0.0,0.0,0.0
20151210163006,0.0,0.0,0.0,100.0,0.0,0.0,0.0,0.0
20151210163036,0.0,0.0,0.1,99.4,0.1,0.0,0.0,0.4
20151210163106,0.0,0.0,0.0,99.9,0.1,0.0,0.0,0.0
20151210163136,0.1,1.8,1.2,95.4,0.6,0.0,0.7,0.2
20151210163207,0.4,3.7,4.8,82.1,0.8,0.0,6.5,1.7
20151210163237,0.1,0.2,0.2,99.2,0.1,0.0,0.2,0.0
20151210163307,0.0,0.0,0.0,99.7,0.0,0.0,0.2,0.0
20151210163337,0.2,0.4,0.2,54.5,0.2,0.0,13.0,31.4
20151210163407,2.2,0.2,0.6,74.1,0.0,0.0,6.4,16.5
20151210163437,0.0,0.0,0.1,47.0,0.0,0.0,50.1,2.8
20151210163507,0.5,0.0,0.0,41.1,0.0,0.0,54.9,3.4
20151210163537,1.0,0.0,0.0,59.0,0.0,0.0,36.3,3.7
20151210163607,2.7,0.1,0.1,95.1,0.0,0.0,2.0,0.1
20151210163637,0.7,0.0,0.0,98.7,0.0,0.0,0.5,0.1
20151210163707,5.0,0.1,0.0,94.8,0.0,0.0,0.0,0.0
20151210163737,1.3,0.0,0.0,98.6,0.0,0.0,0.0,0.0
20151210163807,0.8,0.0,0.0,99.1,0.0,0.0,0.1,0.0
20151210163837,0.6,0.0,0.0,99.3,0.0,0.0,0.0,0.0
20151210163907,0.0,0.0,0.0,100.0,0.0,0.0,0.0,0.0
20151210163937,0.0,0.0,0.0,100.0,0.0,0.0,0.0,0.0
20151210164007,0.0,0.0,0.0,100.0,0.0,0.0,0.0,0.0
20151210164037,0.0,0.0,0.0,99.9,0.0,0.0,0.0,0.0
20151210164107,0.0,0.1,0.0,99.9,0.0,0.0,0.0,0.0
20151210164137,0.0,0.0,0.1,99.9,0.0,0.0,0.0,0.0
20151210164207,0.0,0.0,0.0,100.0,0.0,0.0,0.0,0.0
20151210164237,0.0,0.0,0.0,100.0,0.0,0.0,0.0,0.0
20151210164307,0.0,0.0,0.0,99.9,0.1,0.0,0.0,0.0
20151210164337,0.0,0.0,0.0,100.0,0.0,0.0,0.0,0.0
20151210164407,0.0,0.0,0.0,99.7,0.2,0.0,0.0,0.0
20151210164437,0.0,0.0,0.0,100.0,0.0,0.0,0.0,0.0
20151210164507,0.0,0.0,0.0,100.0,0.0,0.0,0.0,0.0
20151210164537,0.0,0.0,0.0,100.0,0.0,0.0,0.0,0.0
20151210164607,0.0,0.1,0.0,99.9,0.0,0.0,0.0,0.0
20151210164637,0.0,0.0,0.0,99.9,0.0,0.0,0.1,0.0
20151210164707,0.0,0.0,0.0,99.9,0.0,0.0,0.1,0.0
20151210164737,0.0,0.0,0.0,99.3,0.0,0.0,0.6,0.1
20151210164807,0.0,0.0,0.0,97.6,0.0,0.0,2.0,0.3
20151210164837,0.0,0.0,0.0,71.9,0.0,0.0,23.7,4.2
20151210164907,0.0,0.0,0.0,92.5,0.0,0.0,7.4,0.1
20151210164937,0.0,0.0,0.0,49.3,0.0,0.0,48.7,2.0
20151210165007,0.0,0.0,0.0,84.7,0.0,0.0,13.8,1.5
20151210165037,0.0,0.0,0.0,98.9,0.0,0.0,0.5,0.6
20151210165107,0.0,0.0,0.0,96.9,0.1,0.0,2.7,0.2
20151210165137,0.0,0.0,0.0,83.8,0.0,0.0,14.5,1.6
20151210165207,0.0,0.0,0.0,58.1,0.0,0.0,37.0,4.8
20151210165237,0.0,0.0,0.0,22.8,0.0,0.0,71.8,5.4
20151210165307,0.0,0.0,0.0,2.7,0.0,0.0,96.0,1.3
20151210165337,0.0,0.0,0.0,4.1,0.0,0.0,82.3,13.6
20151210165407,0.0,0.0,0.0,33.7,0.0,0.0,51.2,15.1
20151210165437,0.0,0.0,0.0,6.3,0.0,0.0,73.5,20.2
20151210165507,0.0,0.0,0.0,18.3,0.0,0.0,78.3,3.3
20151210165537,0.0,0.0,0.0,1.8,0.0,0.0,95.8,2.4
20151210165607,0.0,0.0,0.0,9.1,0.0,0.0,90.2,0.7
20151210165637,0.0,0.0,0.0,8.1,0.0,0.0,83.5,8.4
20151210165707,0.0,0.0,0.0,11.3,0.0,0.0,71.6,17.1
20151210165737,0.0,0.0,0.0,25.2,0.0,0.0,66.8,8.0
20151210165807,0.0,0.0,0.0,22.5,0.0,0.0,75.4,2.1
20151210165837,0.0,0.0,0.0,19.8,0.0,0.0,76.1,4.1
20151210165907,0.0,0.0,0.0,23.0,0.0,0.0,76.0,1.0
20151210165938,0.0,0.0,0.0,1.5,0.0,0.0,97.9,0.5
20151210170008,0.0,0.0,0.0,9.3,0.0,0.0,89.0,1.7
20151210170038,0.0,0.0,0.0,0.7,0.0,0.0,97.5,1.8
20151210170108,0.0,0.0,0.0,7.5,0.0,0.0,88.0,4.5
20151210170138,0.0,0.0,0.0,6.2,0.0,0.0,88.8,5.0
20151210170208,0.0,0.0,0.0,4.8,0.0,0.0,85.3,9.9
20151210170238,0.0,0.0,0.0,1.3,0.0,0.0,86.9,11.9
20151210170308,0.0,0.0,0.0,6.1,0.0,0.0,88.7,5.2
20151210170338,0.0,0.0,0.0,5.6,0.0,0.0,77.4,17.1
20151210170408,0.0,0.0,0.0,10.8,0.0,0.0,87.7,1.5
20151210170438,0.0,0.0,0.0,2.2,0.0,0.0,88.0,9.8
20151210170508,0.0,0.0,0.0,1.9,0.0,0.0,91.9,6.2
20151210170538,0.0,0.0,0.0,1.1,0.0,0.0,94.8,4.1
20151210170608,0.0,0.0,0.0,1.4,0.0,0.0,92.5,6.0
20151210170638,0.0,0.0,0.0,0.8,0.0,0.0,95.8,3.4
20151210170708,0.0,0.0,0.0,0.2,0.0,0.0,95.3,4.5
20151210170738,0.0,0.0,0.0,1.2,0.0,0.0,98.0,0.8
20151210170808,0.0,0.0,0.0,3.1,0.0,0.0,95.0,1.9
20151210170838,0.0,0.0,0.0,0.1,0.0,0.0,99.0,0.9
20151210170908,0.0,0.0,0.0,2.1,0.0,0.0,94.6,3.3
20151210170938,0.0,0.0,0.0,0.7,0.0,0.0,86.5,12.8
20151210171008,0.0,0.0,0.0,3.5,0.0,0.0,94.1,2.4
20151210171038,0.0,0.0,0.0,0.3,0.0,0.0,97.0,2.7
20151210171108,0.0,0.0,0.0,0.3,0.0,0.0,98.1,1.6
20151210171138,0.0,0.0,0.0,2.0,0.0,0.0,97.1,0.9
20151210171208,0.0,0.0,0.0,0.2,0.0,0.0,98.1,1.7
20151210171238,0.0,0.0,0.0,1.8,0.0,0.0,97.4,0.8
20151210171308,0.0,0.0,0.0,0.2,0.0,0.0,99.7,0.1
20151210171338,0.0,0.0,0.0,2.7,0.0,0.0,91.9,5.4
20151210171408,0.0,0.0,0.0,2.6,0.0,0.0,95.9,1.5
20151210171438,0.0,0.0,0.0,0.7,0.0,0.0,99.0,0.2
20151210171508,0.0,0.0,0.0,0.5,0.0,0.0,94.8,4.7
20151210171538,0.0,0.0,0.0,1.0,0.0,0.0,97.2,1.7
20151210171608,0.0,0.0,0.0,0.4,0.0,0.0,97.2,2.4
20151210171638,0.0,0.0,0.0,4.2,0.0,0.0,87.3,8.4
20151210171708,0.0,0.0,0.0,4.6,0.0,0.0,94.8,0.6
20151210171738,0.0,0.0,0.0,7.3,0.0,0.0,89.5,3.2
20151210171808,0.0,0.0,0.0,0.5,0.0,0.0,98.9,0.6
20151210171838,0.0,0.0,0.0,1.8,0.0,0.0,94.8,3.4
20151210171908,0.0,0.0,0.0,20.8,0.0,0.0,76.5,2.7
20151210171938,0.0,0.0,0.0,4.7,0.0,0.0,90.9,4.4
20151210172008,0.0,0.0,0.0,1.6,0.0,0.0,76.1,22.2
20151210172038,0.0,0.0,0.0,0.6,0.0,0.0,95.7,3.7
20151210172108,0.0,0.0,0.0,0.8,0.0,0.0,97.2,2.0
20151210172138,0.0,0.0,0.0,1.8,0.0,0.0,93.0,5.2
20151210172208,0.0,0.0,0.0,73.6,0.0,0.0,24.9,1.5
20151210172238,0.0,0.0,0.0,2.2,0.0,0.0,95.9,1.8
20151210172308,0.0,0.0,0.0,44.0,0.0,0.0,55.5,0.4
20151210172338,0.0,0.0,0.0,5.0,0.0,0.0,94.8,0.2
20151210172408,0.0,0.0,0.0,34.6,0.0,0.0,64.4,0.9
20151210172438,0.0,0.0,0.1,8.4,0.2,0.0,82.8,8.4
20151210172508,0.0,0.0,0.0,4.6,0.0,0.0,94.2,1.1
20151210172538,0.0,0.0,0.0,0.1,0.0,0.0,99.0,0.9
20151210172608,0.0,0.0,0.0,0.3,0.0,0.0,98.9,0.9
20151210172638,0.0,0.0,0.0,0.1,0.0,0.0,99.7,0.3
20151210172708,0.0,0.0,0.0,1.6,0.0,0.0,98.0,0.4
20151210172738,0.0,0.0,0.0,1.0,0.0,0.0,98.8,0.2
20151210172808,0.0,0.0,0.0,1.5,0.0,0.0,97.7,0.7
20151210172838,0.0,0.0,0.0,1.2,0.0,0.0,97.9,0.9
20151210172908,0.0,0.0,0.0,3.1,0.0,0.0,96.8,0.1
20151210172938,0.0,0.0,0.0,0.4,0.0,0.0,99.2,0.4
20151210173008,0.0,0.0,0.0,3.5,0.0,0.0,93.8,2.7
20151210173038,0.0,0.0,0.0,0.2,0.0,0.0,98.8,1.0
20151210173108,0.0,0.0,0.0,0.9,0.0,0.0,97.9,1.1
20151210173138,0.0,0.0,0.0,0.1,0.0,0.0,82.0,17.8
20151210173208,0.0,0.0,0.1,1.2,0.0,0.0,96.9,1.8
20151210173238,0.0,0.0,0.0,0.2,0.0,0.0,84.4,15.4
20151210173308,0.0,0.0,0.0,0.2,0.0,0.0,99.6,0.2
20151210173339,0.0,0.0,0.0,1.2,0.0,0.0,92.8,6.1
20151210173409,0.0,0.0,0.0,0.1,0.0,0.0,74.7,25.3
20151210173439,0.0,0.0,0.0,0.2,0.0,0.0,96.3,3.5
20151210173509,0.0,0.0,0.0,0.2,0.0,0.0,99.0,0.9
20151210173539,0.0,0.0,0.0,0.9,0.0,0.0,97.8,1.2
20151210173609,0.0,0.0,0.0,1.0,0.0,0.0,99.0,0.0
20151210173639,0.0,0.0,0.0,0.0,0.0,0.0,98.6,1.4
20151210173709,0.0,0.0,0.0,0.2,0.0,0.0,99.8,0.0
20151210173739,0.0,0.0,0.0,0.0,0.0,0.0,98.9,1.1
20151210173809,0.0,0.0,0.0,0.9,0.0,0.0,98.6,0.5
20151210173839,0.0,0.0,0.0,0.1,0.0,0.0,88.6,11.3
20151210173909,0.0,0.0,0.0,0.0,0.0,0.0,99.6,0.4
20151210173939,0.0,0.0,0.0,0.0,0.0,0.0,99.8,0.2
20151210174009,0.0,0.0,0.0,0.1,0.0,0.0,99.9,0.0
20151210174039,0.0,0.0,0.0,1.2,0.0,0.0,98.7,0.1
20151210174109,0.0,0.0,0.0,0.1,0.0,0.0,99.6,0.3
20151210174139,0.0,0.0,0.0,0.1,0.0,0.0,99.5,0.5
20151210174209,0.0,0.0,0.0,0.1,0.0,0.0,98.2,1.7
20151210174239,0.0,0.0,0.0,0.1,0.0,0.0,97.6,2.3
20151210174309,0.0,0.0,0.0,0.1,0.0,0.0,99.8,0.1
20151210174339,0.0,0.0,0.0,0.0,0.0,0.0,99.5,0.5
20151210174409,0.0,0.0,0.0,0.1,0.0,0.0,98.2,1.7
20151210174439,0.0,0.0,0.0,0.4,0.0,0.0,99.4,0.1
20151210174509,0.0,0.0,0.0,0.3,0.0,0.0,99.4,0.3
20151210174539,0.0,0.0,0.0,12.6,0.0,0.0,87.2,0.2
20151210174609,0.0,0.0,0.0,0.0,0.0,0.0,99.6,0.4
20151210174639,0.0,0.0,0.0,0.0,0.0,0.0,94.4,5.6
20151210174709,0.0,0.0,0.0,0.0,0.0,0.0,98.9,1.0
20151210174739,0.0,0.0,0.0,0.0,0.0,0.0,98.8,1.2
20151210174809,0.0,0.0,0.0,0.0,0.0,0.0,99.7,0.2
20151210174839,0.0,0.0,0.0,0.0,0.0,0.0,99.2,0.7
20151210174909,0.0,0.0,0.0,0.1,0.0,0.0,96.2,3.7
20151210174939,0.0,0.0,0.0,0.0,0.0,0.0,99.8,0.2
20151210175009,0.0,0.0,0.0,0.0,0.0,0.0,99.8,0.2
20151210175039,0.0,0.0,0.0,0.0,0.0,0.0,98.2,1.8
20151210175109,0.0,0.0,0.0,0.1,0.0,0.0,99.8,0.1
20151210175139,0.0,0.0,0.0,0.0,0.0,0.0,99.6,0.4
20151210175209,0.0,0.0,0.0,0.0,0.0,0.0,98.0,2.0
20151210175239,0.0,0.0,0.0,0.0,0.0,0.0,100.0,0.0
20151210175309,0.0,0.0,0.0,0.0,0.0,0.0,99.9,0.1
20151210175339,0.0,0.0,0.0,0.0,0.0,0.0,99.0,1.0
20151210175409,0.0,0.0,0.0,0.0,0.0,0.0,99.1,0.9
20151210175439,0.0,0.0,0.0,0.0,0.0,0.0,99.8,0.2
20151210175509,0.0,0.0,0.0,0.0,0.0,0.0,100.0,0.0
20151210175539,0.0,0.0,0.0,0.0,0.0,0.0,99.6,0.4
20151210175609,0.0,0.0,0.0,0.1,0.0,0.0,99.9,0.0
20151210175639,0.0,0.0,0.0,0.0,0.0,0.0,99.7,0.3
20151210175709,0.0,0.0,0.0,0.1,0.0,0.0,99.7,0.2
20151210175739,0.0,0.0,0.0,0.0,0.0,0.0,97.6,2.4
20151210175809,0.0,0.0,0.0,0.4,0.0,0.0,99.6,0.0
20151210175839,0.0,0.0,0.0,0.0,0.0,0.0,99.7,0.3
20151210175909,0.0,0.0,0.0,0.0,0.0,0.0,99.9,0.0
20151210175939,0.0,0.0,0.0,0.0,0.0,0.0,98.8,1.2
20151210180009,0.0,0.0,0.0,0.0,0.0,0.0,99.5,0.5
20151210180039,0.0,0.0,0.0,0.1,0.0,0.0,99.2,0.7
20151210180109,0.0,0.0,0.0,0.0,0.0,0.0,96.0,3.9
20151210180139,0.0,0.0,0.0,0.0,0.0,0.0,100.0,0.0
20151210180209,0.0,0.0,0.0,0.0,0.0,0.0,100.0,0.0
20151210180239,0.0,0.0,0.0,0.0,0.0,0.0,100.0,0.0
20151210180309,0.0,0.0,0.0,0.0,0.0,0.0,99.3,0.7
20151210180339,0.0,0.0,0.0,0.0,0.0,0.0,100.0,0.0
20151210180409,0.0,0.0,0.0,0.0,0.0,0.0,99.8,0.2
20151210180439,0.0,0.0,0.0,0.0,0.0,0.0,99.9,0.1
20151210180509,0.0,0.0,0.0,0.0,0.0,0.0,99.9,0.1
20151210180539,0.0,0.0,0.0,0.0,0.0,0.0,99.9,0.0
20151210180609,0.0,0.0,0.0,0.0,0.0,0.0,99.5,0.5
20151210180639,0.0,0.0,0.0,0.0,0.0,0.0,99.6,0.4
20151210180709,0.0,0.0,0.0,0.0,0.0,0.0,100.0,0.0
20151210180739,0.0,0.0,0.0,0.0,0.0,0.0,99.4,0.6
20151210180810,0.0,0.0,0.0,0.0,0.0,0.0,99.3,0.7
20151210180840,0.0,0.0,0.0,0.0,0.0,0.0,99.2,0.8
20151210180910,0.0,0.0,0.0,0.0,0.0,0.0,100.0,0.0
20151210180940,0.0,0.0,0.0,0.0,0.0,0.0,99.6,0.4
20151210181010,0.0,0.0,0.0,0.0,0.0,0.0,99.9,0.1
20151210181040,0.0,0.0,0.0,0.0,0.0,0.0,99.8,0.2
20151210181110,0.0,0.0,0.0,0.0,0.0,0.0,99.9,0.1
20151210181140,0.0,0.0,0.0,0.0,0.0,0.0,97.1,2.9
20151210181210,0.0,0.0,0.0,0.0,0.0,0.0,98.7,1.3
20151210181240,0.0,0.0,0.0,0.0,0.0,0.0,100.0,0.0
20151210181310,0.0,0.0,0.0,0.0,0.0,0.0,99.2,0.8
20151210181340,0.0,0.0,0.0,0.0,0.0,0.0,93.7,6.3
20151210181410,0.0,0.0,0.0,0.0,0.0,0.0,99.9,0.1
20151210181440,0.0,0.0,0.0,0.1,0.0,0.0,99.6,0.3
20151210181510,0.0,0.0,0.0,0.0,0.0,0.0,95.8,4.2
20151210181540,0.0,0.0,0.0,0.0,0.0,0.0,99.6,0.4
20151210181610,0.0,0.0,0.0,0.0,0.0,0.0,100.0,0.0
20151210181640,0.0,0.0,0.0,0.0,0.0,0.0,99.9,0.1
20151210181710,0.0,0.0,0.0,0.0,0.0,0.0,99.1,0.9
20151210181740,0.0,0.0,0.0,0.0,0.0,0.0,99.7,0.3
20151210181810,0.0,0.0,0.0,0.0,0.0,0.0,99.3,0.7
20151210181840,0.0,0.0,0.0,0.0,0.0,0.0,99.9,0.1
20151210181910,0.0,0.0,0.0,0.0,0.0,0.0,99.4,0.6
20151210181940,0.0,0.0,0.0,0.0,0.0,0.0,99.5,0.5
20151210182010,0.0,0.0,0.0,0.0,0.0,0.0,99.7,0.2
20151210182040,0.0,0.0,0.0,0.0,0.0,0.0,100.0,0.0
20151210182110,0.0,0.0,0.0,0.0,0.0,0.0,99.9,0.1
20151210182140,0.0,0.0,0.0,0.0,0.0,0.0,98.7,1.3
20151210182210,0.0,0.0,0.0,0.0,0.0,0.0,99.9,0.0
20151210182240,0.0,0.0,0.0,0.1,0.0,0.0,99.2,0.7
20151210182310,0.0,0.0,0.0,1.3,0.0,0.0,91.4,7.3
20151210182340,0.0,0.0,0.0,0.2,0.0,0.0,99.4,0.4
20151210182410,0.0,0.0,0.0,0.2,0.0,0.0,99.6,0.1
20151210182440,0.0,0.0,0.0,0.3,0.0,0.0,99.6,0.1
20151210182510,0.0,0.0,0.0,0.3,0.0,0.0,99.5,0.2
20151210182540,0.0,0.0,0.0,4.6,0.0,0.0,81.2,14.2
20151210182610,0.0,0.0,0.0,2.6,0.0,0.0,96.6,0.7
20151210182640,0.0,0.0,0.0,0.2,0.0,0.0,99.7,0.1
20151210182710,0.0,0.0,0.0,0.0,0.0,0.0,99.9,0.0
20151210182740,0.0,0.0,0.0,0.0,0.0,0.0,99.8,0.1
20151210182810,0.0,0.0,0.0,0.0,0.0,0.0,100.0,0.0
20151210182840,0.0,0.0,0.0,0.1,0.0,0.0,99.9,0.1
20151210182910,0.0,0.0,0.0,0.1,0.0,0.0,99.9,0.0
20151210182940,0.0,0.0,0.0,0.0,0.0,0.0,99.9,0.0
20151210183010,0.0,0.0,0.0,0.0,0.0,0.0,99.8,0.2
20151210183040,0.0,0.0,0.0,0.2,0.0,0.0,99.1,0.7
20151210183110,0.0,0.0,0.0,0.4,0.0,0.0,99.1,0.4
20151210183140,0.0,0.0,0.0,0.1,0.0,0.0,99.9,0.1
20151210183210,0.0,0.0,0.0,0.4,0.0,0.0,99.6,0.0
20151210183240,0.0,0.0,0.0,0.3,0.0,0.0,84.2,15.6
20151210183310,0.0,0.0,0.0,3.1,0.0,0.0,96.4,0.5
20151210183340,0.0,0.0,0.0,2.9,0.0,0.0,93.7,3.4
20151210183410,0.0,0.0,0.0,0.0,0.0,0.0,99.5,0.5
20151210183440,0.0,0.0,0.0,0.5,0.0,0.0,99.1,0.4
20151210183511,0.0,0.0,0.0,87.1,0.0,0.0,12.7,0.1
20151210183541,0.0,0.0,0.0,98.3,0.1,0.0,1.2,0.4
20151210183611,0.0,0.0,0.0,99.8,0.0,0.0,0.1,0.0
20151210183641,0.0,0.0,0.0,100.0,0.0,0.0,0.0,0.0
20151210183711,0.0,0.0,0.0,99.3,0.0,0.0,0.0,0.6
20151210183741,0.0,0.0,0.0,97.8,2.1,0.0,0.0,0.0
20151210183811,0.0,0.0,0.0,99.9,0.1,0.0,0.0,0.0
20151210183841,0.0,0.0,0.0,92.5,0.1,0.0,7.2,0.3
20151210183911,0.0,0.0,0.0,5.4,0.0,0.0,94.1,0.5
20151210183941,0.0,0.0,0.0,14.0,0.0,0.0,84.4,1.6
20151210184011,0.0,0.0,0.0,5.0,0.0,0.0,93.0,2.0
20151210184041,0.0,0.0,0.0,38.9,0.0,0.0,58.4,2.7
20151210184111,0.0,0.0,0.0,98.5,0.0,0.0,1.4,0.1
20151210184141,0.0,0.0,0.0,99.9,0.0,0.0,0.0,0.0
20151210184211,0.0,0.0,0.0,100.0,0.0,0.0,0.0,0.0
20151210184241,0.0,0.0,0.0,77.5,0.0,0.0,21.8,0.6
20151210184311,0.0,0.0,0.0,87.4,0.3,0.0,6.8,5.5
20151210184341,0.0,0.0,0.0,98.4,0.1,0.0,1.4,0.0
20151210184411,0.0,0.0,0.0,95.0,2.8,0.0,2.1,0.2
20151210184441,0.0,0.0,0.0,88.6,1.9,0.0,8.3,1.2
20151210184511,0.0,0.0,0.0,79.3,0.7,0.0,16.6,3.4
20151210184541,0.0,0.0,0.0,99.2,0.5,0.0,0.2,0.0
20151210184611,0.0,0.0,0.0,3.7,0.0,0.0,95.9,0.4
20151210184641,0.0,0.0,0.0,78.7,0.3,0.0,20.6,0.4
20151210184711,0.0,0.0,0.0,97.7,2.2,0.0,0.1,0.0
20151210184741,0.0,0.0,0.0,95.9,4.0,0.0,0.1,0.0
20151210184811,0.0,0.0,0.0,97.0,2.7,0.0,0.2,0.0
20151210184841,0.0,0.0,0.0,98.6,0.1,0.0,1.1,0.2
20151210184911,0.0,0.0,0.0,28.6,0.0,0.0,70.3,1.2
20151210184941,0.0,0.0,0.0,2.3,0.0,0.0,97.0,0.8
20151210185011,0.0,0.0,0.0,2.9,0.0,0.0,90.1,7.0
20151210185041,0.0,0.0,0.0,10.2,0.1,0.0,81.4,8.3
20151210185111,0.0,0.0,0.0,16.1,0.1,0.0,74.5,9.3
20151210185141,0.0,0.0,0.0,0.3,0.0,0.0,99.1,0.6
20151210185211,0.0,0.0,0.0,0.2,0.0,0.0,98.1,1.7
20151210185241,0.0,0.0,0.0,0.2,0.0,0.0,98.6,1.2
20151210185311,0.0,0.0,0.0,5.7,0.0,0.0,90.7,3.6
20151210185341,0.0,0.0,0.0,0.3,0.0,0.0,98.5,1.2
20151210185411,0.0,0.0,0.0,43.2,0.1,0.0,33.0,23.6
20151210185441,0.0,0.0,0.0,12.9,0.2,0.0,61.0,25.9
20151210185511,0.0,0.0,0.0,0.7,0.0,0.0,97.1,2.2
20151210185541,0.0,0.0,0.0,89.4,1.5,0.0,7.5,1.6
20151210185611,0.0,0.0,0.0,86.3,0.3,0.0,11.9,1.4
20151210185641,0.0,0.0,0.0,0.2,0.0,0.0,95.9,3.9
20151210185711,0.0,0.0,0.0,0.5,0.0,0.0,59.3,40.2
20151210185741,0.0,0.0,0.0,0.0,0.0,0.0,98.9,1.1
20151210185811,0.0,0.0,0.0,0.3,0.0,0.0,79.1,20.6
20151210185841,0.0,0.0,0.0,10.3,0.1,0.0,60.3,29.4
20151210185911,0.0,0.0,0.0,0.2,0.0,0.0,98.5,1.3
20151210185941,0.0,0.0,0.0,0.2,0.0,0.0,46.3,53.5
20151210190011,0.0,0.0,0.0,0.7,0.0,0.0,50.2,49.1
20151210190041,0.0,0.0,0.0,0.8,0.0,0.0,88.5,10.7
20151210190111,0.0,0.0,0.0,2.0,0.0,0.0,92.6,5.3
20151210190141,0.0,0.0,0.0,0.1,0.0,0.0,63.7,36.3
20151210190211,0.0,0.0,0.0,0.3,0.0,0.0,86.8,12.9
20151210190241,0.0,0.0,0.0,0.3,0.0,0.0,98.0,1.6
20151210190311,0.0,0.0,0.0,0.1,0.0,0.0,99.8,0.1
20151210190341,0.0,0.0,0.0,0.0,0.0,0.0,99.8,0.2
20151210190411,0.0,0.0,0.0,0.1,0.0,0.0,99.7,0.2
20151210190441,0.0,0.0,0.0,65.4,0.6,0.0,31.9,2.1
20151210190511,0.0,0.0,0.0,98.3,0.1,0.0,1.5,0.2
20151210190541,0.0,0.0,0.0,99.3,0.0,0.0,0.7,0.0
20151210190611,0.0,0.0,0.0,97.7,0.0,0.0,2.3,0.0
20151210190641,0.0,0.0,0.0,0.4,0.0,0.0,99.1,0.6
20151210190711,0.0,0.0,0.0,0.0,0.0,0.0,98.2,1.7
20151210190741,0.0,0.0,0.0,0.8,0.0,0.0,98.9,0.3
20151210190811,0.0,0.0,0.0,2.1,0.0,0.0,95.3,2.6
20151210190841,0.0,0.0,0.0,0.6,0.0,0.0,99.1,0.3
20151210190912,0.0,0.0,0.0,0.0,0.0,0.0,100.0,0.0
20151210190942,0.0,0.0,0.0,0.0,0.0,0.0,100.0,0.0
20151210191012,0.0,0.0,0.0,0.2,0.0,0.0,99.3,0.5
20151210191042,0.0,0.0,0.0,0.0,0.0,0.0,100.0,0.0
20151210191112,0.0,0.0,0.0,0.2,0.0,0.0,95.2,4.6
20151210191142,0.0,0.0,0.0,2.5,0.0,0.0,97.3,0.1
20151210191212,0.0,0.0,0.0,0.0,0.0,0.0,100.0,0.0
20151210191242,0.0,0.0,0.0,0.1,0.0,0.0,98.8,1.1
20151210191312,0.0,0.0,0.0,7.3,0.1,0.0,90.6,2.0
20151210191342,0.0,0.0,0.0,51.3,3.8,0.0,10.3,34.6
20151210191412,0.0,0.0,0.0,5.2,0.3,0.0,64.1,30.5
20151210191442,0.0,0.0,0.0,0.0,0.0,0.0,93.6,6.3
20151210191512,0.0,0.0,0.0,0.0,0.0,0.0,99.3,0.6
20151210191542,0.0,0.0,0.0,0.0,0.0,0.0,99.3,0.7
20151210191612,0.0,0.0,0.0,0.0,0.0,0.0,99.4,0.6
20151210191642,0.0,0.0,0.0,0.0,0.0,0.0,99.7,0.3
20151210191712,0.0,0.0,0.0,0.0,0.0,0.0,100.0,0.0
20151210191742,0.0,0.0,0.0,0.0,0.0,0.0,97.6,2.4
20151210191812,0.0,0.0,0.0,0.0,0.0,0.0,100.0,0.0
20151210191842,0.0,0.0,0.0,0.0,0.0,0.0,100.0,0.0
20151210191912,0.0,0.0,0.0,0.0,0.0,0.0,99.6,0.4
20151210191942,0.0,0.0,0.0,0.0,0.0,0.0,99.9,0.1
20151210192012,0.0,0.0,0.0,0.0,0.0,0.0,100.0,0.0
20151210192042,0.0,0.0,0.0,0.0,0.0,0.0,99.9,0.1
20151210192112,0.0,0.0,0.0,0.0,0.0,0.0,100.0,0.0
20151210192142,0.0,0.0,0.0,0.0,0.0,0.0,100.0,0.0
20151210192212,0.0,0.0,0.0,0.0,0.0,0.0,99.9,0.1
20151210192242,0.0,0.0,0.0,0.0,0.0,0.0,100.0,0.0
20151210192312,0.0,0.0,0.0,0.0,0.0,0.0,100.0,0.0
20151210192342,0.0,0.0,0.0,0.0,0.0,0.0,95.8,4.2
20151210192412,0.0,0.0,0.0,0.0,0.0,0.0,99.9,0.1
20151210192442,0.0,0.0,0.0,0.0,0.0,0.0,99.5,0.5
20151210192512,0.0,0.0,0.0,0.0,0.0,0.0,99.9,0.1
20151210192542,0.0,0.0,0.0,0.6,0.0,0.0,94.1,5.3
20151210192612,0.0,0.0,0.0,9.9,0.6,0.0,70.6,18.8
20151210192642,0.0,0.0,0.0,23.8,0.4,0.0,52.6,23.3
20151210192712,0.0,0.0,0.0,57.4,0.1,0.0,0.0,42.5
20151210192742,0.0,0.0,0.0,21.3,0.1,0.0,0.0,78.5
20151210192812,0.0,0.0,0.0,6.0,0.7,0.0,19.0,74.3
20151210192842,0.0,0.0,0.0,8.1,0.2,0.0,64.7,27.1
20151210192912,0.0,0.0,0.0,1.4,0.0,0.0,79.1,19.6
20151210192942,0.0,0.0,0.0,0.9,0.0,0.0,95.8,3.2
20151210193012,0.0,0.0,0.0,0.1,0.0,0.0,99.6,0.3
20151210193042,0.0,0.0,0.0,0.2,0.0,0.0,96.5,3.2
20151210193112,0.0,0.0,0.0,0.1,0.0,0.0,99.4,0.5
20151210193142,0.0,0.0,0.0,0.2,0.0,0.0,99.3,0.5
20151210193212,0.0,0.0,0.0,1.2,0.0,0.0,81.1,17.7
20151210193242,0.0,0.0,0.0,0.3,0.0,0.0,89.4,10.2
20151210193312,0.0,0.0,0.0,0.4,0.0,0.0,94.8,4.9
20151210193342,0.0,0.0,0.0,1.8,0.1,0.0,11.9,86.3
20151210193412,0.0,0.0,0.0,0.5,0.1,0.0,6.4,93.0
20151210193442,0.0,0.0,0.0,0.2,0.0,0.0,60.6,39.2
20151210193512,0.0,0.0,0.0,0.0,0.0,0.0,99.0,1.0
20151210193542,0.0,0.0,0.0,0.0,0.0,0.0,74.1,25.9
20151210193612,0.0,0.0,0.0,0.0,0.0,0.0,56.0,43.9
20151210193642,0.0,0.0,0.0,0.0,0.0,0.0,97.6,2.4
20151210193712,0.0,0.0,0.0,0.0,0.0,0.0,78.5,21.4
20151210193742,0.0,0.0,0.0,0.0,0.0,0.0,94.3,5.7
20151210193812,0.0,0.0,0.0,1.3,0.0,0.0,64.2,34.5
20151210193842,0.0,0.0,0.0,1.9,0.4,0.0,16.3,81.5
20151210193912,0.0,0.0,0.0,10.6,0.6,0.0,71.0,17.8
20151210193942,0.0,0.0,0.0,2.1,1.8,0.0,81.6,14.5
20151210194012,0.0,0.0,0.0,1.2,0.5,0.0,46.5,51.8
20151210194042,0.0,0.0,0.0,0.2,0.5,0.0,43.2,56.1
20151210194112,0.0,0.0,0.0,0.1,0.2,0.0,55.3,44.3
20151210194142,0.0,0.0,0.0,0.1,0.0,0.0,97.9,2.0
20151210194212,0.0,0.0,0.0,0.1,0.0,0.0,94.1,5.8
20151210194242,0.0,0.0,0.0,0.0,0.0,0.0,99.4,0.6
20151210194312,0.0,0.0,0.0,0.0,0.0,0.0,99.3,0.7
20151210194343,0.0,0.0,0.0,0.0,0.0,0.0,95.5,4.5
20151210194413,0.0,0.0,0.0,0.0,0.0,0.0,97.4,2.5
20151210194443,0.0,0.0,0.0,0.0,0.0,0.0,99.0,1.0
20151210194513,0.0,0.0,0.0,0.0,0.0,0.0,99.2,0.8
20151210194543,0.0,0.0,0.0,0.0,0.0,0.0,99.9,0.1
20151210194613,0.0,0.0,0.0,0.0,0.0,0.0,99.8,0.1
20151210194643,0.0,0.0,0.0,0.0,0.0,0.0,99.9,0.1
20151210194713,0.0,0.0,0.0,0.0,0.0,0.0,99.9,0.1
20151210194743,0.0,0.0,0.0,0.0,0.0,0.0,99.8,0.2
20151210194813,0.0,0.0,0.0,0.0,0.0,0.0,99.4,0.6
20151210194843,0.0,0.0,0.0,0.0,0.0,0.0,100.0,0.0
20151210194913,0.0,0.0,0.0,0.0,0.0,0.0,95.0,5.0
20151210194943,0.0,0.0,0.0,0.0,0.0,0.0,85.2,14.8
20151210195013,0.0,0.0,0.0,0.0,0.0,0.0,99.7,0.3
20151210195043,0.0,0.0,0.0,0.0,0.0,0.0,94.9,5.1
20151210195113,0.0,0.0,0.0,0.0,0.0,0.0,99.8,0.2
20151210195143,0.0,0.0,0.0,0.0,0.0,0.0,94.6,5.4
20151210195213,0.0,0.0,0.0,0.3,0.2,0.0,88.3,11.1
20151210195243,0.0,0.0,0.0,0.1,0.2,0.0,95.9,3.8
20151210195313,0.0,0.0,0.0,1.1,0.4,0.0,39.7,58.8
20151210195343,0.0,0.0,0.0,0.1,0.4,0.0,18.2,81.3
20151210195413,0.0,0.0,0.0,0.1,0.6,0.0,9.9,89.3
20151210195443,0.0,0.0,0.0,0.3,0.3,0.0,16.8,82.6
20151210195513,0.0,0.0,0.0,0.0,0.2,0.0,9.2,90.6
20151210195543,0.0,0.0,0.0,0.1,0.1,0.0,39.0,60.8
20151210195613,0.0,0.0,0.0,0.0,0.0,0.0,85.7,14.2
20151210195643,0.0,0.0,0.0,0.1,0.0,0.0,98.8,1.1
20151210195713,0.0,0.0,0.0,0.2,0.1,0.0,33.5,66.2
20151210195743,0.0,0.0,0.0,0.0,0.0,0.0,99.9,0.1
20151210195813,0.0,0.0,0.0,0.1,0.0,0.0,97.9,2.0
20151210195843,0.0,0.0,0.0,0.0,0.0,0.0,99.5,0.5
20151210195913,0.0,0.0,0.0,0.0,0.0,0.0,90.0,9.9
20151210195943,0.0,0.0,0.0,0.1,0.1,0.0,99.1,0.8
20151210200013,0.0,0.0,0.0,0.0,0.0,0.0,86.7,13.2
20151210200043,0.0,0.0,0.0,0.0,0.0,0.0,96.7,3.3
20151210200113,0.0,0.0,0.0,0.0,0.1,0.0,99.2,0.7
20151210200143,0.0,0.0,0.0,0.1,0.0,0.0,70.5,29.4
20151210200213,0.0,0.0,0.0,0.0,0.0,0.0,93.2,6.8
20151210200243,0.0,0.0,0.0,0.0,0.0,0.0,100.0,0.0
20151210200313,0.0,0.0,0.0,0.0,0.0,0.0,99.9,0.1
