UT,arc,discrete,diffuse,ac,ab,clear,cloudy,dd
20150116135800,0.0,0.0,0.0,0.0,0.0,0.0,0.0,100.0
20150116135830,0.0,0.0,0.0,0.0,0.0,0.0,0.0,100.0
20150116135900,0.0,0.0,0.0,0.0,0.0,0.0,0.0,100.0
20150116135930,0.0,0.0,0.0,0.0,0.0,0.0,0.0,100.0
20150116140001,0.0,0.0,0.0,0.0,0.0,0.0,0.0,100.0
20150116140031,0.0,0.0,0.0,0.0,0.0,0.0,0.0,100.0
20150116140101,0.0,0.0,0.0,0.0,0.0,0.0,0.0,100.0
20150116140131,0.0,0.0,0.0,0.0,0.0,0.0,0.0,100.0
20150116140201,0.0,0.0,0.0,0.0,0.0,0.0,0.0,100.0
20150116140231,0.0,0.0,0.0,0.0,0.0,0.0,0.0,100.0
20150116140301,0.0,0.0,0.0,0.0,0.0,0.0,0.0,100.0
20150116140331,0.0,0.0,0.0,0.0,0.0,0.0,0.0,100.0
20150116140401,0.0,0.0,0.0,0.0,0.0,0.0,0.0,100.0
20150116140431,0.0,0.0,0.0,0.0,0.0,0.0,0.0,100.0
20150116140501,0.0,0.0,0.0,0.0,0.0,0.0,0.0,100.0
20150116140531,0.0,0.0,0.0,0.0,0.0,0.0,0.0,100.0
20150116140601,0.0,0.0,0.0,0.0,0.0,0.0,0.0,100.0
20150116140631,0.0,0.0,0.0,0.0,0.0,0.0,0.0,100.0
20150116140701,0.0,0.0,0.0,0.0,0.0,0.0,0.0,100.0
20150116140731,0.0,0.0,0.0,0.0,0.0,0.0,0.0,100.0
20150116140801,0.0,0.0,0.0,0.0,0.0,0.0,0.0,100.0
20150116140831,0.0,0.0,0.0,0.0,0.0,0.0,0.0,100.0
20150116140901,0.0,0.0,0.0,0.0,0.0,0.0,0.0,100.0
20150116140931,0.0,0.0,0.0,0.0,0.0,0.0,0.0,100.0
20150116141001,0.0,0.0,0.0,0.0,0.0,0.0,0.0,100.0
20150116141031,0.0,0.0,0.0,0.0,0.0,0.0,0.0,100.0
20150116141101,0.0,0.0,0.0,0.0,0.0,0.0,0.0,100.0
20150116141131,0.0,0.0,0.0,0.0,0.0,0.0,0.0,100.0
20150116141201,0.0,0.0,0.0,0.0,0.0,0.0,0.0,100.0
20150116141231,0.0,0.0,0.0,0.0,0.0,0.0,0.0,100.0
20150116141301,0.0,0.0,0.0,0.0,0.0,0.0,0.0,100.0
20150116141331,0.0,0.0,0.0,0.0,0.0,0.0,0.0,100.0
20150116141401,0.0,0.0,0.0,0.0,0.0,0.0,0.0,100.0
20150116141431,0.0,0.0,0.0,0.0,0.0,0.0,0.0,100.0
20150116141501,0.0,0.0,0.0,0.0,0.0,0.0,0.0,100.0
20150116141531,0.0,0.0,0.0,0.0,0.0,0.0,0.0,100.0
20150116141601,0.0,0.0,0.0,0.0,0.0,0.0,0.0,100.0
20150116141631,0.0,0.0,0.0,0.0,0.0,0.0,0.0,100.0
20150116141701,0.0,0.0,0.0,0.0,0.0,0.0,0.0,100.0
20150116141731,0.0,0.0,0.0,0.0,0.0,0.0,0.0,100.0
20150116141801,0.0,0.0,0.0,0.0,0.0,0.0,0.0,100.0
20150116141831,0.0,0.0,0.0,0.0,0.0,0.0,0.0,100.0
20150116141901,0.0,0.0,0.0,0.0,0.0,0.0,0.0,100.0
20150116141931,0.0,0.0,0.0,0.0,0.0,0.0,0.0,100.0
20150116142001,0.0,0.0,0.0,0.0,0.0,0.0,0.0,100.0
20150116142031,0.0,0.0,0.0,0.0,0.0,0.0,0.0,100.0
20150116142101,0.0,0.0,0.0,0.0,0.0,0.0,0.0,100.0
20150116142131,0.0,0.0,0.0,0.0,0.0,0.0,0.0,100.0
20150116142201,0.0,0.0,0.0,0.0,0.0,0.0,0.0,100.0
20150116142231,0.0,0.0,0.0,0.0,0.0,0.0,0.0,100.0
20150116142301,0.0,0.0,0.0,0.0,0.0,0.0,0.0,100.0
20150116142331,0.0,0.0,0.0,0.0,0.0,0.0,0.0,100.0
20150116142401,0.0,0.0,0.0,0.0,0.0,0.0,0.0,100.0
20150116142431,0.0,0.0,0.0,0.0,0.0,0.0,0.0,100.0
20150116142501,0.0,0.0,0.0,0.0,0.0,0.0,0.0,100.0
20150116142531,0.0,0.0,0.0,0.0,0.0,0.0,0.0,100.0
20150116142601,0.0,0.0,0.0,0.0,0.0,0.0,0.0,100.0
20150116142632,0.0,0.0,0.0,0.0,0.0,0.0,0.0,100.0
20150116142702,0.0,0.0,0.0,0.0,0.0,0.0,0.0,100.0
20150116142732,0.0,0.0,0.0,0.0,0.0,0.0,0.0,100.0
20150116142802,0.0,0.0,0.0,0.0,0.0,0.0,0.0,100.0
20150116142832,0.0,0.0,0.0,0.0,0.0,0.0,0.0,100.0
20150116142902,0.0,0.0,0.0,0.0,0.0,0.0,0.0,100.0
20150116142932,0.0,0.0,0.0,0.0,0.0,0.0,0.0,100.0
20150116143002,0.0,0.0,0.0,0.0,0.0,0.0,0.0,100.0
20150116143032,0.0,0.0,0.0,0.0,0.0,0.0,0.0,100.0
20150116143102,0.0,0.0,0.0,0.0,0.0,0.0,0.0,100.0
20150116143132,0.0,0.0,0.0,0.0,0.0,0.0,0.0,100.0
20150116143202,0.0,0.0,0.0,0.0,0.0,0.0,0.0,100.0
20150116143232,0.0,0.0,0.0,0.0,0.0,0.0,0.0,100.0
20150116143302,0.0,0.0,0.0,0.0,0.0,0.0,0.0,100.0
20150116143332,0.0,0.0,0.0,0.0,0.0,0.0,0.0,100.0
20150116143402,0.0,0.0,0.0,0.0,0.0,0.0,0.0,100.0
20150116143432,0.0,0.0,0.0,0.0,0.0,0.0,0.0,100.0
20150116143502,0.0,0.0,0.0,0.0,0.0,0.0,0.0,100.0
20150116143532,0.0,0.0,0.0,0.0,0.0,0.0,0.0,100.0
20150116143602,0.0,0.0,0.0,0.0,0.0,0.0,0.0,100.0
20150116143632,0.0,0.0,0.0,0.0,0.0,0.0,0.0,100.0
20150116143702,0.0,0.0,0.0,0.0,0.0,0.0,0.0,100.0
20150116143732,0.0,0.0,0.0,0.0,0.0,0.0,0.0,100.0
20150116143802,0.0,0.0,0.0,0.0,0.0,0.0,0.0,100.0
20150116143832,0.0,0.0,0.0,0.0,0.0,0.0,0.0,100.0
20150116143902,0.0,0.0,0.0,0.0,0.0,0.0,0.0,100.0
20150116143932,0.0,0.0,0.0,0.0,0.0,0.0,0.0,100.0
20150116144002,0.0,0.0,0.0,0.0,0.0,0.0,0.0,100.0
20150116144032,0.0,0.0,0.0,0.0,0.0,0.0,0.0,100.0
20150116144102,0.0,0.0,0.0,0.0,0.0,0.0,0.0,100.0
20150116144132,0.0,0.0,0.0,0.0,0.0,0.0,0.0,100.0
20150116144202,0.0,0.0,0.0,0.0,0.0,0.0,0.0,100.0
20150116144232,0.0,0.0,0.0,0.0,0.0,0.0,0.0,100.0
20150116144302,0.0,0.0,0.0,0.0,0.0,0.0,0.0,100.0
20150116144332,0.0,0.0,0.0,0.0,0.0,0.0,0.0,100.0
20150116144402,0.0,0.0,0.0,0.0,0.0,0.0,0.0,100.0
20150116144432,0.0,0.0,0.0,0.0,0.0,0.0,0.0,100.0
20150116144502,0.0,0.0,0.0,0.0,0.0,0.0,0.0,100.0
20150116144532,0.0,0.0,0.0,0.0,0.0,0.0,0.0,100.0
20150116144602,0.0,0.0,0.0,0.0,0.0,0.0,0.0,100.0
20150116144632,0.0,0.0,0.0,0.0,0.0,0.0,0.0,100.0
20150116144702,0.0,0.0,0.0,0.0,0.0,0.0,0.0,100.0
20150116144732,0.0,0.0,0.0,0.0,0.0,0.0,0.0,100.0
20150116144802,0.0,0.0,0.0,0.0,0.0,0.0,0.0,100.0
20150116144832,0.0,0.0,0.0,0.0,0.0,0.0,0.0,100.0
20150116144902,0.0,0.0,0.0,0.0,0.0,0.0,0.0,100.0
20150116144932,0.0,0.0,0.0,0.0,0.0,0.0,0.0,100.0
20150116145002,0.0,0.0,0.0,0.0,0.0,0.0,0.0,100.0
20150116145032,0.0,0.0,0.0,0.0,0.0,0.0,0.0,100.0
20150116145102,0.0,0.0,0.0,0.0,0.0,0.0,0.0,100.0
20150116145132,0.0,0.0,0.0,0.0,0.0,0.0,0.0,100.0
20150116145202,0.0,0.0,0.0,0.0,0.0,0.0,0.0,100.0
20150116145232,0.0,0.0,0.0,0.0,0.0,0.0,0.0,100.0
20150116145302,0.0,0.0,0.0,0.0,0.0,0.0,0.0,100.0
20150116145332,0.0,0.0,0.0,0.0,0.0,0.0,0.0,100.0
20150116145402,0.0,0.0,0.0,0.0,0.0,0.0,0.0,100.0
20150116145432,0.0,0.0,0.0,0.0,0.0,0.0,0.0,100.0
20150116145502,0.0,0.0,0.0,0.0,0.0,0.0,0.0,100.0
20150116145532,0.0,0.0,0.0,0.0,0.0,0.0,0.0,100.0
20150116145602,0.0,0.0,0.0,0.0,0.0,0.0,0.0,100.0
20150116145632,0.0,0.0,0.0,0.0,0.0,0.0,0.0,100.0
20150116145702,0.0,0.0,0.0,0.0,0.0,0.0,0.0,100.0
20150116145732,0.0,0.0,0.0,0.0,0.0,0.0,0.0,100.0
20150116145932,0.0,0.0,0.0,0.0,0.0,0.0,0.0,100.0
20150116150002,0.0,0.0,0.0,0.0,0.0,0.0,0.0,100.0
20150116150032,0.0,0.0,0.0,0.0,0.0,0.0,0.0,100.0
20150116150102,0.0,0.0,0.0,0.0,0.0,0.0,0.0,100.0
20150116150133,0.0,0.0,0.0,0.0,0.0,0.0,0.0,100.0
20150116150203,0.0,0.0,0.0,0.0,0.0,0.0,0.0,100.0
20150116150233,0.0,0.0,0.0,0.0,0.0,0.0,0.0,100.0
20150116150303,0.0,0.0,0.0,0.0,0.0,0.0,0.0,100.0
20150116150333,0.0,0.0,0.0,0.0,0.0,0.0,0.0,100.0
20150116150403,0.0,0.0,0.0,0.0,0.0,0.0,0.0,100.0
20150116150433,0.0,0.0,0.0,0.0,0.0,0.0,0.0,100.0
20150116150503,0.0,0.0,0.0,0.0,0.0,0.0,0.0,100.0
20150116150533,0.0,0.0,0.0,0.0,0.0,0.0,0.0,100.0
20150116150603,0.0,0.0,0.0,0.0,0.0,0.0,0.0,100.0
20150116150633,0.0,0.0,0.0,0.0,0.0,0.0,0.0,100.0
20150116150703,0.0,0.0,0.0,0.0,0.0,0.0,0.0,100.0
20150116150733,0.0,0.0,0.0,0.0,0.0,0.0,0.0,100.0
20150116150803,0.0,0.0,0.0,0.0,0.0,0.0,0.0,100.0
20150116150833,0.0,0.0,0.0,0.0,0.0,0.0,0.0,100.0
20150116150903,0.0,0.0,0.0,0.0,0.0,0.0,0.0,100.0
20150116150933,0.0,0.0,0.0,0.0,0.0,0.0,0.0,100.0
20150116151003,0.0,0.0,0.0,0.0,0.0,0.0,0.0,100.0
20150116151033,0.0,0.0,0.0,0.0,0.0,0.0,0.0,100.0
20150116151103,0.0,0.0,0.0,0.0,0.0,0.0,0.0,100.0
20150116151133,0.0,0.0,0.0,0.0,0.0,0.0,0.0,100.0
20150116151203,0.0,0.0,0.0,0.0,0.0,0.0,0.0,100.0
20150116151233,0.0,0.0,0.0,0.0,0.0,0.0,0.0,100.0
20150116151303,0.0,0.0,0.0,0.0,0.0,0.0,0.0,100.0
20150116151333,0.0,0.0,0.0,0.0,0.0,0.0,0.0,100.0
20150116151403,0.0,0.0,0.0,0.0,0.0,0.0,0.0,100.0
20150116151433,0.0,0.0,0.0,0.0,0.0,0.0,0.0,100.0
20150116151503,0.0,0.0,0.0,0.0,0.0,0.0,0.0,100.0
20150116151533,0.0,0.0,0.0,0.0,0.0,0.0,0.0,100.0
20150116151603,0.0,0.0,0.0,0.0,0.0,0.0,0.0,100.0
20150116151633,0.0,0.0,0.0,0.0,0.0,0.0,0.0,100.0
20150116151703,0.0,0.0,0.0,0.0,0.0,0.0,0.0,100.0
20150116151733,0.0,0.0,0.0,0.0,0.0,0.0,0.0,100.0
20150116151803,0.0,0.0,0.0,0.0,0.0,0.0,0.0,100.0
20150116151833,0.0,0.0,0.0,0.0,0.0,0.0,0.0,100.0
20150116151903,0.0,0.0,0.0,0.0,0.0,0.0,0.0,100.0
20150116151933,0.0,0.0,0.0,0.0,0.0,0.0,0.0,100.0
20150116152003,0.0,0.0,0.0,0.0,0.0,0.0,0.0,100.0
20150116152033,0.0,0.0,0.0,0.0,0.0,0.0,0.0,100.0
20150116152103,0.0,0.0,0.0,0.0,0.0,0.0,0.0,100.0
20150116152133,0.0,0.0,0.0,0.0,0.0,0.0,0.0,100.0
20150116152203,0.0,0.0,0.0,0.0,0.0,0.0,0.0,100.0
20150116152233,0.0,0.0,0.0,0.0,0.0,0.0,0.0,100.0
20150116152303,0.0,0.0,0.0,0.0,0.0,0.0,0.0,100.0
20150116152333,0.0,0.0,0.0,0.0,0.0,0.0,0.0,100.0
20150116152403,0.0,0.0,0.0,0.0,0.0,0.0,0.0,100.0
20150116152433,0.0,0.0,0.0,0.0,0.0,0.0,0.0,100.0
20150116152503,0.0,0.0,0.0,0.0,0.0,0.0,0.0,100.0
20150116152533,0.0,0.0,0.0,0.0,0.0,0.0,0.0,100.0
20150116152603,0.0,0.0,0.0,0.0,0.0,0.0,0.0,100.0
20150116152633,0.0,0.0,0.0,0.0,0.0,0.0,0.0,100.0
20150116152703,0.0,0.0,0.0,0.0,0.0,0.0,0.0,100.0
20150116152733,0.0,0.0,0.0,0.0,0.0,0.0,0.0,100.0
20150116152803,0.0,0.0,0.0,0.0,0.0,0.0,0.0,100.0
20150116152833,0.0,0.0,0.0,0.0,0.0,0.0,0.0,100.0
20150116152903,0.0,0.0,0.0,0.0,0.0,0.0,0.0,100.0
20150116152933,0.0,0.0,0.0,0.0,0.0,0.0,0.0,100.0
20150116153003,0.0,0.0,0.0,0.0,0.0,0.0,0.5,99.4
20150116153033,0.0,0.0,0.0,0.0,0.0,0.0,0.1,99.9
20150116153103,0.0,0.0,0.0,0.1,0.0,0.0,0.1,99.8
20150116153133,0.0,0.0,0.0,0.2,0.0,0.0,3.4,96.4
20150116153203,0.0,0.0,0.0,0.2,0.0,0.0,5.8,93.9
20150116153233,0.0,0.0,0.0,0.0,0.0,0.0,3.3,96.7
20150116153303,0.0,0.0,0.0,0.2,0.0,0.0,3.5,96.4
20150116153333,0.0,0.0,0.0,0.4,0.0,0.0,8.9,90.8
20150116153403,0.0,0.0,0.0,0.8,0.0,0.0,24.2,74.9
20150116153433,0.0,0.0,0.0,2.6,0.0,0.0,20.2,77.2
20150116153503,0.0,0.0,0.0,1.3,0.0,0.0,11.0,87.6
20150116153534,0.0,0.0,0.0,2.3,0.0,0.0,53.6,44.1
20150116153604,0.0,0.0,0.0,8.8,0.0,0.0,44.5,46.8
20150116153634,0.0,0.0,0.0,0.3,0.0,0.0,18.8,80.9
20150116153704,0.0,0.0,0.0,4.2,0.0,0.0,89.3,6.5
20150116153734,0.0,0.0,0.0,1.1,0.0,0.0,82.2,16.6
20150116153804,0.0,0.0,0.0,3.3,0.0,0.0,68.2,28.5
20150116153834,0.0,0.0,0.0,1.7,0.0,0.0,95.3,3.0
20150116153904,0.0,0.0,0.0,1.7,0.0,0.0,97.7,0.6
20150116153934,0.0,0.0,0.0,0.9,0.0,0.0,96.3,2.8
20150116154004,0.0,0.0,0.0,1.5,0.0,0.0,95.7,2.9
20150116154034,0.0,0.0,0.0,1.7,0.0,0.0,97.2,1.1
20150116154104,0.0,0.0,0.0,0.1,0.0,0.0,99.7,0.3
20150116154134,0.0,0.0,0.0,2.1,0.0,0.0,76.8,21.1
20150116154204,0.0,0.0,0.0,0.8,0.0,0.0,92.1,7.1
20150116154234,0.0,0.0,0.0,1.7,0.0,0.0,90.5,7.9
20150116154304,0.0,0.0,0.0,1.7,0.0,0.0,78.4,20.0
20150116154334,0.0,0.0,0.0,0.8,0.0,0.0,98.8,0.4
20150116154404,0.0,0.0,0.0,0.3,0.0,0.0,99.3,0.4
20150116154434,0.0,0.0,0.0,0.5,0.0,0.0,96.5,3.0
20150116154504,0.0,0.0,0.0,0.2,0.0,0.0,99.8,0.0
20150116154534,0.0,0.0,0.0,0.1,0.0,0.0,99.8,0.1
20150116154604,0.0,0.0,0.0,0.0,0.0,0.0,100.0,0.0
20150116154634,0.0,0.0,0.0,0.0,0.0,0.0,99.9,0.0
20150116154704,0.0,0.0,0.0,0.1,0.0,0.0,99.9,0.0
20150116154734,0.0,0.0,0.0,0.1,0.0,0.0,99.9,0.0
20150116154804,0.0,0.0,0.0,0.1,0.0,0.0,99.8,0.0
20150116154834,0.0,0.0,0.0,0.1,0.0,0.0,99.9,0.0
20150116154904,0.0,0.0,0.0,0.0,0.0,0.0,100.0,0.0
20150116154934,0.0,0.0,0.0,0.1,0.0,0.0,99.9,0.0
20150116155004,0.0,0.0,0.0,0.1,0.0,0.0,99.9,0.0
20150116155034,0.0,0.0,0.0,0.0,0.0,0.0,100.0,0.0
20150116155104,0.0,0.0,0.0,0.1,0.0,0.0,99.9,0.0
20150116155134,0.0,0.0,0.0,0.0,0.0,0.0,99.9,0.0
20150116155204,0.0,0.0,0.0,0.4,0.0,0.0,99.6,0.0
20150116155234,0.0,0.0,0.0,1.4,0.0,0.0,98.6,0.0
20150116155304,0.0,0.0,0.0,1.0,0.0,0.0,99.0,0.0
20150116155334,0.0,0.0,0.0,0.0,0.0,0.0,100.0,0.0
20150116155404,0.0,0.0,0.0,0.0,0.0,0.0,100.0,0.0
20150116155434,0.0,0.0,0.0,0.0,0.0,0.0,100.0,0.0
20150116155504,0.0,0.0,0.0,0.0,0.0,0.0,100.0,0.0
20150116155534,0.0,0.0,0.0,0.2,0.0,0.0,99.7,0.0
20150116155604,0.0,0.0,0.0,0.1,0.0,0.0,99.9,0.0
20150116155634,0.0,0.0,0.0,0.5,0.0,0.0,99.5,0.0
20150116155704,0.0,0.0,0.0,0.1,0.0,0.0,99.9,0.0
20150116155734,0.0,0.0,0.0,1.4,0.0,0.0,98.5,0.1
20150116155804,0.0,0.0,0.0,0.4,0.0,0.0,99.5,0.0
20150116155834,0.0,0.0,0.0,0.1,0.0,0.0,99.9,0.0
20150116155904,0.0,0.0,0.0,0.3,0.0,0.0,99.7,0.0
20150116155934,0.0,0.0,0.0,0.1,0.0,0.0,99.8,0.1
20150116160004,0.0,0.0,0.0,0.1,0.0,0.0,99.9,0.0
20150116160034,0.0,0.0,0.0,0.2,0.0,0.0,99.8,0.0
20150116160104,0.0,0.0,0.0,0.1,0.0,0.0,99.9,0.0
20150116160134,0.0,0.0,0.0,0.1,0.0,0.0,99.9,0.0
20150116160204,0.0,0.0,0.0,0.0,0.0,0.0,100.0,0.0
20150116160234,0.0,0.0,0.0,0.0,0.0,0.0,100.0,0.0
20150116160304,0.0,0.0,0.0,0.0,0.0,0.0,100.0,0.0
20150116160334,0.0,0.0,0.0,0.1,0.0,0.0,99.9,0.0
20150116160404,0.0,0.0,0.0,0.3,0.0,0.0,99.7,0.0
20150116160434,0.0,0.0,0.0,0.1,0.0,0.0,99.9,0.0
20150116160504,0.0,0.0,0.0,0.0,0.0,0.0,100.0,0.0
20150116160534,0.0,0.0,0.0,0.1,0.0,0.0,99.9,0.0
20150116160604,0.0,0.0,0.0,0.0,0.0,0.0,100.0,0.0
20150116160634,0.0,0.0,0.0,0.0,0.0,0.0,100.0,0.0
20150116160704,0.0,0.0,0.0,0.0,0.0,0.0,100.0,0.0
20150116160734,0.0,0.0,0.0,0.0,0.0,0.0,100.0,0.0
20150116160804,0.0,0.0,0.0,0.0,0.0,0.0,100.0,0.0
20150116160834,0.0,0.0,0.0,0.0,0.0,0.0,100.0,0.0
20150116160904,0.0,0.0,0.0,0.0,0.0,0.0,100.0,0.0
20150116160934,0.0,0.0,0.0,0.1,0.0,0.0,99.9,0.0
20150116161005,0.0,0.0,0.0,0.0,0.0,0.0,100.0,0.0
20150116161035,0.0,0.0,0.0,0.1,0.0,0.0,99.9,0.0
20150116161105,0.0,0.0,0.0,0.8,0.0,0.0,99.2,0.0
20150116161135,0.0,0.0,0.0,0.0,0.0,0.0,100.0,0.0
20150116161205,0.0,0.0,0.0,0.1,0.0,0.0,99.9,0.0
20150116161235,0.0,0.0,0.0,0.3,0.0,0.0,99.7,0.0
20150116161305,0.0,0.0,0.0,0.1,0.0,0.0,99.9,0.0
20150116161335,0.0,0.0,0.0,0.0,0.0,0.0,100.0,0.0
20150116161405,0.0,0.0,0.0,0.0,0.0,0.0,100.0,0.0
20150116161435,0.0,0.0,0.0,0.0,0.0,0.0,100.0,0.0
20150116161505,0.0,0.0,0.0,0.0,0.0,0.0,100.0,0.0
20150116161535,0.0,0.0,0.0,0.0,0.0,0.0,100.0,0.0
20150116161605,0.0,0.0,0.0,0.0,0.0,0.0,100.0,0.0
20150116161635,0.0,0.0,0.0,0.0,0.0,0.0,100.0,0.0
20150116161705,0.0,0.0,0.0,0.0,0.0,0.0,100.0,0.0
20150116161735,0.0,0.0,0.0,0.0,0.0,0.0,100.0,0.0
20150116161805,0.0,0.0,0.0,0.0,0.0,0.0,100.0,0.0
20150116161835,0.0,0.0,0.0,0.0,0.0,0.0,100.0,0.0
20150116161905,0.0,0.0,0.0,0.0,0.0,0.0,100.0,0.0
20150116161935,0.0,0.0,0.0,0.1,0.0,0.0,99.9,0.0
20150116162005,0.0,0.0,0.0,0.1,0.0,0.0,99.9,0.0
20150116162035,0.0,0.0,0.0,0.2,0.0,0.0,99.8,0.0
20150116162105,0.0,0.0,0.0,0.0,0.0,0.0,100.0,0.0
20150116162135,0.0,0.0,0.0,0.0,0.0,0.0,100.0,0.0
20150116162205,0.0,0.0,0.0,0.0,0.0,0.0,100.0,0.0
20150116162235,0.0,0.0,0.0,0.0,0.0,0.0,100.0,0.0
20150116162305,0.0,0.0,0.0,0.0,0.0,0.0,100.0,0.0
20150116162335,0.0,0.0,0.0,0.0,0.0,0.0,100.0,0.0
20150116162405,0.0,0.0,0.0,0.0,0.0,0.0,100.0,0.0
20150116162435,0.0,0.0,0.0,0.2,0.0,0.0,99.8,0.0
20150116162505,0.0,0.0,0.0,0.0,0.0,0.0,100.0,0.0
20150116162535,0.0,0.0,0.0,0.1,0.0,0.0,99.9,0.0
20150116162605,0.0,0.0,0.0,0.0,0.0,0.0,100.0,0.0
20150116162635,0.0,0.0,0.0,0.0,0.0,0.0,100.0,0.0
20150116162705,0.0,0.0,0.0,0.0,0.0,0.0,100.0,0.0
20150116162735,0.0,0.0,0.0,0.0,0.0,0.0,100.0,0.0
20150116162805,0.0,0.0,0.0,0.0,0.0,0.0,100.0,0.0
20150116162835,0.0,0.0,0.0,0.0,0.0,0.0,100.0,0.0
20150116162905,0.0,0.0,0.0,0.0,0.0,0.0,100.0,0.0
20150116162935,0.0,0.0,0.0,0.0,0.0,0.0,100.0,0.0
20150116163005,0.0,0.0,0.0,0.0,0.0,0.0,100.0,0.0
20150116163035,0.0,0.0,0.0,0.0,0.0,0.0,100.0,0.0
20150116163105,0.0,0.0,0.0,0.0,0.0,0.0,100.0,0.0
20150116163135,0.0,0.0,0.0,0.0,0.0,0.0,100.0,0.0
20150116163205,0.0,0.0,0.0,0.0,0.0,0.0,100.0,0.0
20150116163235,0.0,0.0,0.0,0.0,0.0,0.0,100.0,0.0
20150116163305,0.0,0.0,0.0,0.0,0.0,0.0,100.0,0.0
20150116163335,0.0,0.0,0.0,0.0,0.0,0.0,100.0,0.0
20150116163405,0.0,0.0,0.0,0.0,0.0,0.0,100.0,0.0
20150116163435,0.0,0.0,0.0,0.0,0.0,0.0,100.0,0.0
20150116163505,0.0,0.0,0.0,0.0,0.0,0.0,100.0,0.0
20150116163535,0.0,0.0,0.0,0.0,0.0,0.0,100.0,0.0
20150116163605,0.0,0.0,0.0,0.0,0.0,0.0,100.0,0.0
20150116163635,0.0,0.0,0.0,0.1,0.0,0.0,99.9,0.0
20150116163706,0.0,0.0,0.0,0.0,0.0,0.0,100.0,0.0
20150116163736,0.0,0.0,0.0,0.0,0.0,0.0,100.0,0.0
20150116163806,0.0,0.0,0.0,0.0,0.0,0.0,100.0,0.0
20150116163836,0.0,0.0,0.0,0.0,0.0,0.0,100.0,0.0
20150116163906,0.0,0.0,0.0,0.0,0.0,0.0,100.0,0.0
20150116163936,0.0,0.0,0.0,0.0,0.0,0.0,100.0,0.0
20150116164006,0.0,0.0,0.0,0.0,0.0,0.0,100.0,0.0
20150116164036,0.0,0.0,0.0,0.0,0.0,0.0,100.0,0.0
20150116164106,0.0,0.0,0.0,0.0,0.0,0.0,100.0,0.0
20150116164136,0.0,0.0,0.0,0.0,0.0,0.0,100.0,0.0
20150116164206,0.0,0.0,0.0,0.0,0.0,0.0,100.0,0.0
20150116164236,0.0,0.0,0.0,0.0,0.0,0.0,100.0,0.0
20150116164306,0.0,0.0,0.0,0.0,0.0,0.0,100.0,0.0
20150116164336,0.0,0.0,0.0,0.0,0.0,0.0,100.0,0.0
20150116164406,0.0,0.0,0.0,0.0,0.0,0.0,100.0,0.0
20150116164436,0.0,0.0,0.0,0.0,0.0,0.0,100.0,0.0
20150116164506,0.0,0.0,0.0,0.0,0.0,0.0,100.0,0.0
20150116164536,0.0,0.0,0.0,0.0,0.0,0.0,100.0,0.0
20150116164606,0.0,0.0,0.0,0.0,0.0,0.0,100.0,0.0
20150116164636,0.0,0.0,0.0,0.0,0.0,0.0,100.0,0.0
20150116164706,0.0,0.0,0.0,0.0,0.0,0.0,100.0,0.0
20150116164736,0.0,0.0,0.0,0.0,0.0,0.0,100.0,0.0
20150116164806,0.0,0.0,0.0,0.0,0.0,0.0,100.0,0.0
20150116164836,0.0,0.0,0.0,0.0,0.0,0.0,100.0,0.0
20150116164906,0.0,0.0,0.0,0.0,0.0,0.0,100.0,0.0
20150116164936,0.0,0.0,0.0,0.0,0.0,0.0,100.0,0.0
20150116165006,0.0,0.0,0.0,0.0,0.0,0.0,100.0,0.0
20150116165036,0.0,0.0,0.0,0.0,0.0,0.0,100.0,0.0
20150116165106,0.0,0.0,0.0,0.0,0.0,0.0,100.0,0.0
20150116165136,0.0,0.0,0.0,0.0,0.0,0.0,100.0,0.0
20150116165206,0.0,0.0,0.0,0.0,0.0,0.0,100.0,0.0
20150116165236,0.0,0.0,0.0,0.0,0.0,0.0,100.0,0.0
20150116165306,0.0,0.0,0.0,0.0,0.0,0.0,100.0,0.0
20150116165336,0.0,0.0,0.0,0.0,0.0,0.0,100.0,0.0
20150116165406,0.0,0.0,0.0,0.0,0.0,0.0,100.0,0.0
20150116165436,0.0,0.0,0.0,0.0,0.0,0.0,100.0,0.0
20150116165506,0.0,0.0,0.0,0.0,0.0,0.0,100.0,0.0
20150116165536,0.0,0.0,0.0,0.0,0.0,0.0,100.0,0.0
20150116165606,0.0,0.0,0.0,0.0,0.0,0.0,100.0,0.0
20150116165636,0.0,0.0,0.0,0.0,0.0,0.0,100.0,0.0
20150116165706,0.0,0.0,0.0,0.0,0.0,0.0,100.0,0.0
20150116165736,0.0,0.0,0.0,0.0,0.0,0.0,100.0,0.0
20150116165806,0.0,0.0,0.0,0.0,0.0,0.0,100.0,0.0
20150116165836,0.0,0.0,0.0,0.0,0.0,0.0,100.0,0.0
20150116165906,0.0,0.0,0.0,0.0,0.0,0.0,100.0,0.0
20150116165936,0.0,0.0,0.0,0.0,0.0,0.0,100.0,0.0
20150116170006,0.0,0.0,0.0,0.0,0.0,0.0,100.0,0.0
20150116170036,0.0,0.0,0.0,0.0,0.0,0.0,100.0,0.0
20150116170106,0.0,0.0,0.0,0.0,0.0,0.0,100.0,0.0
20150116170136,0.0,0.0,0.0,0.0,0.0,0.0,100.0,0.0
20150116170206,0.0,0.0,0.0,0.0,0.0,0.0,100.0,0.0
20150116170236,0.0,0.0,0.0,0.0,0.0,0.0,100.0,0.0
20150116170306,0.0,0.0,0.0,0.0,0.0,0.0,100.0,0.0
20150116170336,0.0,0.0,0.0,0.0,0.0,0.0,100.0,0.0
20150116170406,0.0,0.0,0.0,0.0,0.0,0.0,100.0,0.0
20150116170436,0.0,0.0,0.0,0.0,0.0,0.0,100.0,0.0
20150116170506,0.0,0.0,0.0,0.0,0.0,0.0,100.0,0.0
20150116170536,0.0,0.0,0.0,0.0,0.0,0.0,100.0,0.0
20150116170606,0.0,0.0,0.0,0.0,0.0,0.0,100.0,0.0
20150116170636,0.0,0.0,0.0,0.0,0.0,0.0,100.0,0.0
20150116170706,0.0,0.0,0.0,0.0,0.0,0.0,100.0,0.0
20150116170736,0.0,0.0,0.0,0.0,0.0,0.0,100.0,0.0
20150116170806,0.0,0.0,0.0,0.0,0.0,0.0,100.0,0.0
20150116170836,0.0,0.0,0.0,0.0,0.0,0.0,100.0,0.0
20150116170906,0.0,0.0,0.0,0.0,0.0,0.0,100.0,0.0
20150116170936,0.0,0.0,0.0,0.0,0.0,0.0,100.0,0.0
20150116171006,0.0,0.0,0.0,0.0,0.0,0.0,100.0,0.0
20150116171036,0.0,0.0,0.0,0.0,0.0,0.0,100.0,0.0
20150116171107,0.0,0.0,0.0,0.0,0.0,0.0,100.0,0.0
20150116171137,0.0,0.0,0.0,0.0,0.0,0.0,100.0,0.0
20150116171207,0.0,0.0,0.0,0.0,0.0,0.0,100.0,0.0
20150116171237,0.0,0.0,0.0,0.0,0.0,0.0,100.0,0.0
20150116171307,0.0,0.0,0.0,0.0,0.0,0.0,100.0,0.0
20150116171337,0.0,0.0,0.0,0.0,0.0,0.0,100.0,0.0
20150116171407,0.0,0.0,0.0,0.0,0.0,0.0,100.0,0.0
20150116171437,0.0,0.0,0.0,0.0,0.0,0.0,100.0,0.0
20150116171507,0.0,0.0,0.0,0.0,0.0,0.0,100.0,0.0
20150116171537,0.0,0.0,0.0,0.0,0.0,0.0,100.0,0.0
20150116171607,0.0,0.0,0.0,0.0,0.0,0.0,100.0,0.0
20150116171637,0.0,0.0,0.0,0.0,0.0,0.0,100.0,0.0
20150116171707,0.0,0.0,0.0,0.0,0.0,0.0,100.0,0.0
20150116171737,0.0,0.0,0.0,0.0,0.0,0.0,100.0,0.0
20150116171807,0.0,0.0,0.0,0.0,0.0,0.0,100.0,0.0
20150116171837,0.0,0.0,0.0,0.0,0.0,0.0,100.0,0.0
20150116171907,0.0,0.0,0.0,0.0,0.0,0.0,100.0,0.0
20150116171937,0.0,0.0,0.0,0.0,0.0,0.0,100.0,0.0
20150116172007,0.0,0.0,0.0,0.0,0.0,0.0,100.0,0.0
20150116172037,0.0,0.0,0.0,0.0,0.0,0.0,100.0,0.0
20150116172107,0.0,0.0,0.0,0.0,0.0,0.0,100.0,0.0
20150116172137,0.0,0.0,0.0,0.0,0.0,0.0,100.0,0.0
20150116172207,0.0,0.0,0.0,0.0,0.0,0.0,100.0,0.0
20150116172237,0.0,0.0,0.0,0.0,0.0,0.0,100.0,0.0
20150116172307,0.0,0.0,0.0,0.0,0.0,0.0,100.0,0.0
20150116172337,0.0,0.0,0.0,0.0,0.0,0.0,100.0,0.0
20150116172407,0.0,0.0,0.0,0.0,0.0,0.0,100.0,0.0
20150116172437,0.0,0.0,0.0,0.0,0.0,0.0,100.0,0.0
20150116172507,0.0,0.0,0.0,0.0,0.0,0.0,100.0,0.0
20150116172537,0.0,0.0,0.0,0.0,0.0,0.0,100.0,0.0
20150116172607,0.0,0.0,0.0,0.0,0.0,0.0,100.0,0.0
20150116172637,0.0,0.0,0.0,0.0,0.0,0.0,100.0,0.0
20150116172707,0.0,0.0,0.0,0.0,0.0,0.0,100.0,0.0
20150116172737,0.0,0.0,0.0,0.0,0.0,0.0,100.0,0.0
20150116172807,0.0,0.0,0.0,0.0,0.0,0.0,100.0,0.0
20150116172837,0.0,0.0,0.0,0.0,0.0,0.0,100.0,0.0
20150116172907,0.0,0.0,0.0,0.0,0.0,0.0,100.0,0.0
20150116172937,0.0,0.0,0.0,0.0,0.0,0.0,100.0,0.0
20150116173007,0.0,0.0,0.0,0.0,0.0,0.0,100.0,0.0
20150116173037,0.0,0.0,0.0,0.0,0.0,0.0,100.0,0.0
20150116173107,0.0,0.0,0.0,0.0,0.0,0.0,100.0,0.0
20150116173137,0.0,0.0,0.0,0.0,0.0,0.0,100.0,0.0
20150116173207,0.0,0.0,0.0,0.0,0.0,0.0,100.0,0.0
20150116173237,0.0,0.0,0.0,0.0,0.0,0.0,100.0,0.0
20150116173307,0.0,0.0,0.0,0.0,0.0,0.0,100.0,0.0
20150116173337,0.0,0.0,0.0,0.0,0.0,0.0,100.0,0.0
20150116173407,0.0,0.0,0.0,0.0,0.0,0.0,100.0,0.0
20150116173437,0.0,0.0,0.0,0.0,0.0,0.0,100.0,0.0
20150116173507,0.0,0.0,0.0,0.0,0.0,0.0,100.0,0.0
20150116173537,0.0,0.0,0.0,0.0,0.0,0.0,100.0,0.0
20150116173607,0.0,0.0,0.0,0.0,0.0,0.0,100.0,0.0
20150116173637,0.0,0.0,0.0,0.0,0.0,0.0,100.0,0.0
20150116173707,0.0,0.0,0.0,0.0,0.0,0.0,100.0,0.0
20150116173737,0.0,0.0,0.0,0.0,0.0,0.0,100.0,0.0
20150116173807,0.0,0.0,0.0,0.0,0.0,0.0,100.0,0.0
20150116173837,0.0,0.0,0.0,0.0,0.0,0.0,100.0,0.0
20150116173907,0.0,0.0,0.0,0.0,0.0,0.0,100.0,0.0
20150116173937,0.0,0.0,0.0,0.0,0.0,0.0,100.0,0.0
20150116174007,0.0,0.0,0.0,0.0,0.0,0.0,100.0,0.0
20150116174037,0.0,0.0,0.0,0.0,0.0,0.0,100.0,0.0
20150116174107,0.0,0.0,0.0,0.0,0.0,0.0,100.0,0.0
20150116174137,0.0,0.0,0.0,0.0,0.0,0.0,100.0,0.0
20150116174207,0.0,0.0,0.0,0.0,0.0,0.0,100.0,0.0
20150116174237,0.0,0.0,0.0,0.0,0.0,0.0,100.0,0.0
20150116174307,0.0,0.0,0.0,0.0,0.0,0.0,100.0,0.0
20150116174337,0.0,0.0,0.0,0.0,0.0,0.0,100.0,0.0
20150116174407,0.0,0.0,0.0,0.0,0.0,0.0,100.0,0.0
20150116174437,0.0,0.0,0.0,0.0,0.0,0.0,100.0,0.0
20150116174507,0.0,0.0,0.0,0.0,0.0,0.0,100.0,0.0
20150116174538,0.0,0.0,0.0,0.0,0.0,0.0,100.0,0.0
20150116174608,0.0,0.0,0.0,0.0,0.0,0.0,100.0,0.0
20150116174638,0.0,0.0,0.0,0.0,0.0,0.0,100.0,0.0
20150116174708,0.0,0.0,0.0,0.0,0.0,0.0,100.0,0.0
20150116174738,0.0,0.0,0.0,0.0,0.0,0.0,100.0,0.0
20150116174808,0.0,0.0,0.0,0.0,0.0,0.0,100.0,0.0
20150116174838,0.0,0.0,0.0,0.0,0.0,0.0,100.0,0.0
20150116174908,0.0,0.0,0.0,0.0,0.0,0.0,100.0,0.0
20150116174938,0.0,0.0,0.0,0.0,0.0,0.0,100.0,0.0
20150116175008,0.0,0.0,0.0,0.0,0.0,0.0,100.0,0.0
20150116175038,0.0,0.0,0.0,0.0,0.0,0.0,100.0,0.0
20150116175108,0.0,0.0,0.0,0.0,0.0,0.0,100.0,0.0
20150116175138,0.0,0.0,0.0,0.0,0.0,0.0,100.0,0.0
20150116175208,0.0,0.0,0.0,0.0,0.0,0.0,100.0,0.0
20150116175238,0.0,0.0,0.0,0.0,0.0,0.0,100.0,0.0
20150116175308,0.0,0.0,0.0,0.0,0.0,0.0,100.0,0.0
20150116175338,0.0,0.0,0.0,0.0,0.0,0.0,100.0,0.0
20150116175408,0.0,0.0,0.0,0.0,0.0,0.0,100.0,0.0
20150116175438,0.0,0.0,0.0,0.0,0.0,0.0,100.0,0.0
20150116175508,0.0,0.0,0.0,0.0,0.0,0.0,100.0,0.0
20150116175538,0.0,0.0,0.0,0.0,0.0,0.0,100.0,0.0
20150116175608,0.0,0.0,0.0,0.0,0.0,0.0,100.0,0.0
20150116175638,0.0,0.0,0.0,0.0,0.0,0.0,100.0,0.0
20150116175708,0.0,0.0,0.0,0.0,0.0,0.0,100.0,0.0
20150116175738,0.0,0.0,0.0,0.0,0.0,0.0,100.0,0.0
20150116175808,0.0,0.0,0.0,0.0,0.0,0.0,100.0,0.0
20150116175838,0.0,0.0,0.0,0.0,0.0,0.0,100.0,0.0
20150116175908,0.0,0.0,0.0,0.0,0.0,0.0,100.0,0.0
20150116175938,0.0,0.0,0.0,0.0,0.0,0.0,100.0,0.0
20150116180008,0.0,0.0,0.0,0.0,0.0,0.0,100.0,0.0
20150116180038,0.0,0.0,0.0,0.0,0.0,0.0,100.0,0.0
20150116180108,0.0,0.0,0.0,0.0,0.0,0.0,100.0,0.0
20150116180138,0.0,0.0,0.0,0.0,0.0,0.0,100.0,0.0
20150116180208,0.0,0.0,0.0,0.0,0.0,0.0,100.0,0.0
20150116180238,0.0,0.0,0.0,0.0,0.0,0.0,100.0,0.0
20150116180308,0.0,0.0,0.0,0.0,0.0,0.0,100.0,0.0
20150116180338,0.0,0.0,0.0,0.0,0.0,0.0,100.0,0.0
20150116180408,0.0,0.0,0.0,0.0,0.0,0.0,100.0,0.0
20150116180438,0.0,0.0,0.0,0.0,0.0,0.0,100.0,0.0
20150116180508,0.0,0.0,0.0,0.0,0.0,0.0,100.0,0.0
20150116180538,0.0,0.0,0.0,0.0,0.0,0.0,100.0,0.0
20150116180608,0.0,0.0,0.0,0.0,0.0,0.0,100.0,0.0
20150116180638,0.0,0.0,0.0,0.0,0.0,0.0,100.0,0.0
20150116180708,0.0,0.0,0.0,0.0,0.0,0.0,100.0,0.0
20150116180738,0.0,0.0,0.0,0.0,0.0,0.0,100.0,0.0
20150116180808,0.0,0.0,0.0,0.0,0.0,0.0,100.0,0.0
20150116180838,0.0,0.0,0.0,0.0,0.0,0.0,100.0,0.0
20150116180908,0.0,0.0,0.0,0.0,0.0,0.0,100.0,0.0
20150116180938,0.0,0.0,0.0,0.0,0.0,0.0,100.0,0.0
20150116181008,0.0,0.0,0.0,0.0,0.0,0.0,100.0,0.0
20150116181038,0.0,0.0,0.0,0.0,0.0,0.0,100.0,0.0
20150116181108,0.0,0.0,0.0,0.0,0.0,0.0,100.0,0.0
20150116181138,0.0,0.0,0.0,0.0,0.0,0.0,100.0,0.0
20150116181208,0.0,0.0,0.0,0.0,0.0,0.0,100.0,0.0
20150116181239,0.0,0.0,0.0,0.0,0.0,0.0,100.0,0.0
20150116181309,0.0,0.0,0.0,0.0,0.0,0.0,100.0,0.0
20150116181339,0.0,0.0,0.0,0.0,0.0,0.0,100.0,0.0
20150116181409,0.0,0.0,0.0,0.0,0.0,0.0,100.0,0.0
20150116181439,0.0,0.0,0.0,0.0,0.0,0.0,100.0,0.0
20150116181509,0.0,0.0,0.0,0.0,0.0,0.0,100.0,0.0
20150116181539,0.0,0.0,0.0,0.0,0.0,0.0,100.0,0.0
20150116181609,0.0,0.0,0.0,0.0,0.0,0.0,100.0,0.0
20150116181639,0.0,0.0,0.0,0.0,0.0,0.0,100.0,0.0
20150116181709,0.0,0.0,0.0,0.0,0.0,0.0,100.0,0.0
20150116181739,0.0,0.0,0.0,0.0,0.0,0.0,100.0,0.0
20150116181809,0.0,0.0,0.0,0.0,0.0,0.0,100.0,0.0
20150116181839,0.0,0.0,0.0,0.0,0.0,0.0,100.0,0.0
20150116181909,0.0,0.0,0.0,0.1,0.0,0.0,99.9,0.0
20150116181939,0.0,0.0,0.0,0.0,0.0,0.0,100.0,0.0
20150116182009,0.0,0.0,0.0,0.0,0.0,0.0,100.0,0.0
20150116182039,0.0,0.0,0.0,0.0,0.0,0.0,100.0,0.0
20150116182109,0.0,0.0,0.0,0.0,0.0,0.0,100.0,0.0
20150116182139,0.0,0.0,0.0,0.0,0.0,0.0,100.0,0.0
20150116182209,0.0,0.0,0.0,0.0,0.0,0.0,100.0,0.0
20150116182239,0.0,0.0,0.0,0.0,0.0,0.0,100.0,0.0
20150116182309,0.0,0.0,0.0,0.0,0.0,0.0,100.0,0.0
20150116182339,0.0,0.0,0.0,0.0,0.0,0.0,100.0,0.0
20150116182409,0.0,0.0,0.0,0.0,0.0,0.0,100.0,0.0
20150116182439,0.0,0.0,0.0,0.0,0.0,0.0,100.0,0.0
20150116182509,0.0,0.0,0.0,0.0,0.0,0.0,100.0,0.0
20150116182539,0.0,0.0,0.0,0.0,0.0,0.0,100.0,0.0
20150116182609,0.0,0.0,0.0,0.0,0.0,0.0,100.0,0.0
20150116182639,0.0,0.0,0.0,0.0,0.0,0.0,100.0,0.0
20150116182709,0.0,0.0,0.0,0.0,0.0,0.0,100.0,0.0
20150116182739,0.0,0.0,0.0,0.0,0.0,0.0,100.0,0.0
20150116182809,0.0,0.0,0.0,0.0,0.0,0.0,100.0,0.0
20150116182839,0.0,0.0,0.0,0.0,0.0,0.0,100.0,0.0
20150116182909,0.0,0.0,0.0,0.0,0.0,0.0,100.0,0.0
20150116182939,0.0,0.0,0.0,0.0,0.0,0.0,100.0,0.0
20150116183009,0.0,0.0,0.0,0.0,0.0,0.0,100.0,0.0
20150116183039,0.0,0.0,0.0,0.0,0.0,0.0,100.0,0.0
20150116183109,0.0,0.0,0.0,0.0,0.0,0.0,100.0,0.0
20150116183139,0.0,0.0,0.0,0.0,0.0,0.0,100.0,0.0
20150116183209,0.0,0.0,0.0,0.0,0.0,0.0,100.0,0.0
20150116183239,0.0,0.0,0.0,0.0,0.0,0.0,100.0,0.0
20150116183309,0.0,0.0,0.0,0.0,0.0,0.0,100.0,0.0
20150116183339,0.0,0.0,0.0,0.0,0.0,0.0,100.0,0.0
20150116183409,0.0,0.0,0.0,0.0,0.0,0.0,100.0,0.0
20150116183439,0.0,0.0,0.0,0.0,0.0,0.0,100.0,0.0
20150116183509,0.0,0.0,0.0,0.0,0.0,0.0,100.0,0.0
20150116183539,0.0,0.0,0.0,0.0,0.0,0.0,100.0,0.0
20150116183609,0.0,0.0,0.0,0.0,0.0,0.0,100.0,0.0
20150116183639,0.0,0.0,0.0,0.0,0.0,0.0,100.0,0.0
20150116183709,0.0,0.0,0.0,0.0,0.0,0.0,100.0,0.0
20150116183739,0.0,0.0,0.0,0.0,0.0,0.0,100.0,0.0
20150116183809,0.0,0.0,0.0,0.0,0.0,0.0,100.0,0.0
20150116183839,0.0,0.0,0.0,0.0,0.0,0.0,100.0,0.0
20150116183909,0.0,0.0,0.0,0.0,0.0,0.0,100.0,0.0
20150116183939,0.0,0.0,0.0,0.0,0.0,0.0,100.0,0.0
20150116184009,0.0,0.0,0.0,0.0,0.0,0.0,100.0,0.0
20150116184039,0.0,0.0,0.0,0.0,0.0,0.0,100.0,0.0
20150116184109,0.0,0.0,0.0,0.0,0.0,0.0,100.0,0.0
20150116184139,0.0,0.0,0.0,0.0,0.0,0.0,100.0,0.0
20150116184209,0.0,0.0,0.0,0.0,0.0,0.0,100.0,0.0
20150116184239,0.0,0.0,0.0,0.0,0.0,0.0,100.0,0.0
20150116184309,0.0,0.0,0.0,0.0,0.0,0.0,100.0,0.0
20150116184339,0.0,0.0,0.0,0.0,0.0,0.0,100.0,0.0
20150116184409,0.0,0.0,0.0,0.0,0.0,0.0,100.0,0.0
20150116184439,0.0,0.0,0.0,0.0,0.0,0.0,100.0,0.0
20150116184509,0.0,0.0,0.0,0.0,0.0,0.0,100.0,0.0
20150116184539,0.0,0.0,0.0,0.0,0.0,0.0,100.0,0.0
20150116184609,0.0,0.0,0.0,0.0,0.0,0.0,100.0,0.0
20150116184639,0.0,0.0,0.0,0.0,0.0,0.0,100.0,0.0
20150116184710,0.0,0.0,0.0,0.0,0.0,0.0,100.0,0.0
20150116184740,0.0,0.0,0.0,0.0,0.0,0.0,100.0,0.0
20150116184810,0.0,0.0,0.0,0.0,0.0,0.0,100.0,0.0
20150116184840,0.0,0.0,0.0,0.0,0.0,0.0,100.0,0.0
20150116184910,0.0,0.0,0.0,0.0,0.0,0.0,100.0,0.0
20150116184940,0.0,0.0,0.0,0.0,0.0,0.0,100.0,0.0
20150116185010,0.0,0.0,0.0,0.0,0.0,0.0,100.0,0.0
20150116185040,0.0,0.0,0.0,0.0,0.0,0.0,100.0,0.0
20150116185110,0.0,0.0,0.0,0.0,0.0,0.0,100.0,0.0
20150116185140,0.0,0.0,0.0,0.0,0.0,0.0,100.0,0.0
20150116185210,0.0,0.0,0.0,0.0,0.0,0.0,100.0,0.0
20150116185240,0.0,0.0,0.0,0.0,0.0,0.0,100.0,0.0
20150116185310,0.0,0.0,0.0,0.0,0.0,0.0,100.0,0.0
20150116185340,0.0,0.0,0.0,0.0,0.0,0.0,100.0,0.0
20150116185410,0.0,0.0,0.0,0.0,0.0,0.0,100.0,0.0
20150116185440,0.0,0.0,0.0,0.0,0.0,0.0,100.0,0.0
20150116185510,0.0,0.0,0.0,0.0,0.0,0.0,100.0,0.0
20150116185540,0.0,0.0,0.0,0.0,0.0,0.0,100.0,0.0
20150116185610,0.0,0.0,0.0,0.0,0.0,0.0,100.0,0.0
20150116185640,0.0,0.0,0.0,0.0,0.0,0.0,100.0,0.0
20150116185710,0.0,0.0,0.0,0.0,0.0,0.0,100.0,0.0
20150116185740,0.0,0.0,0.0,0.0,0.0,0.0,100.0,0.0
20150116185810,0.0,0.0,0.0,0.0,0.0,0.0,100.0,0.0
20150116185840,0.0,0.0,0.0,0.0,0.0,0.0,100.0,0.0
20150116185910,0.0,0.0,0.0,0.0,0.0,0.0,100.0,0.0
20150116185940,0.0,0.0,0.0,0.4,0.0,0.0,99.6,0.0
20150116190010,0.0,0.0,0.0,0.0,0.0,0.0,100.0,0.0
20150116190040,0.0,0.0,0.0,0.0,0.0,0.0,100.0,0.0
20150116190110,0.0,0.0,0.0,0.0,0.0,0.0,100.0,0.0
20150116190140,0.0,0.0,0.0,0.1,0.0,0.0,99.9,0.0
20150116190210,0.0,0.0,0.0,1.1,0.0,0.0,98.4,0.4
20150116190240,0.0,0.0,0.0,1.5,0.0,0.0,98.5,0.0
20150116190310,0.0,0.0,0.0,0.0,0.0,0.0,100.0,0.0
20150116190340,0.0,0.0,0.0,3.9,0.0,0.0,96.1,0.0
20150116190410,0.0,0.0,0.0,2.7,0.0,0.0,97.3,0.0
20150116190440,0.0,0.0,0.0,1.1,0.0,0.0,98.9,0.0
20150116190510,0.0,0.0,0.0,0.6,0.0,0.0,99.4,0.0
20150116190540,0.0,0.0,0.0,2.6,0.0,0.0,97.2,0.3
20150116190610,0.0,0.0,0.0,3.3,0.0,0.0,96.6,0.1
20150116190640,0.0,0.0,0.0,2.5,0.0,0.0,97.4,0.2
20150116190710,0.0,0.0,0.0,11.3,0.0,0.0,88.5,0.2
20150116190740,0.0,0.0,0.0,14.6,0.0,0.0,84.5,0.9
20150116190810,0.0,0.0,0.0,3.8,0.0,0.0,95.8,0.4
20150116190840,0.0,0.0,0.0,49.1,0.0,0.0,50.4,0.4
20150116190910,0.0,0.0,0.0,91.5,0.0,0.0,8.0,0.5
20150116190940,0.0,0.0,0.0,91.6,0.0,0.0,8.3,0.1
20150116191010,0.0,0.0,0.0,88.6,0.0,0.0,11.2,0.2
20150116191040,0.0,0.0,0.0,98.1,0.0,0.0,1.9,0.1
20150116191110,0.0,0.0,0.0,86.6,0.0,0.0,13.3,0.1
20150116191140,0.0,0.0,0.0,99.7,0.0,0.0,0.3,0.0
20150116191210,0.0,0.0,0.1,99.1,0.0,0.0,0.8,0.0
20150116191240,0.0,0.0,0.1,99.3,0.0,0.0,0.5,0.0
20150116191310,0.0,0.0,0.0,97.4,0.0,0.0,2.6,0.0
20150116191340,0.0,0.0,0.0,93.6,0.0,0.0,6.4,0.0
20150116191410,0.0,0.0,0.0,97.9,0.0,0.0,2.0,0.0
20150116191440,0.0,0.0,0.0,99.3,0.0,0.0,0.6,0.0
20150116191510,0.0,0.0,0.0,99.9,0.0,0.0,0.1,0.0
20150116191540,0.0,0.0,0.0,99.8,0.0,0.0,0.2,0.0
20150116191610,0.0,0.0,0.1,97.7,0.0,0.0,2.2,0.0
20150116191640,0.0,0.0,0.1,96.4,0.0,0.0,3.5,0.0
20150116191710,0.0,0.0,0.2,98.6,0.0,0.0,1.1,0.1
20150116191740,0.0,0.0,0.1,99.4,0.0,0.0,0.4,0.0
20150116191810,0.0,0.0,0.3,98.9,0.0,0.0,0.7,0.1
20150116191840,0.0,0.0,0.3,98.7,0.0,0.0,0.8,0.3
20150116191910,0.0,0.0,1.2,83.5,0.0,0.0,15.2,0.1
20150116191940,0.0,0.0,1.1,57.4,0.0,0.0,37.9,3.5
20150116192010,0.0,0.0,0.9,28.1,0.0,0.0,70.9,0.0
20150116192040,0.0,0.0,0.3,92.2,0.0,0.0,7.5,0.0
20150116192110,0.0,0.0,0.2,80.9,0.0,0.0,18.9,0.0
20150116192141,0.0,0.0,0.1,94.2,0.0,0.0,5.7,0.0
20150116192211,0.0,0.0,2.0,84.4,0.0,0.0,13.4,0.1
20150116192241,0.0,0.0,0.0,99.1,0.0,0.0,0.2,0.7
20150116192311,0.0,0.0,0.0,99.8,0.0,0.0,0.1,0.1
20150116192341,0.0,0.0,0.0,99.9,0.0,0.0,0.0,0.1
20150116192411,0.0,0.0,0.0,98.2,0.0,0.0,1.7,0.1
20150116192441,0.0,0.0,0.0,99.6,0.0,0.0,0.3,0.1
20150116192511,0.0,0.0,0.0,65.2,0.0,0.0,34.4,0.4
20150116192541,0.0,0.0,0.0,79.9,0.0,0.0,20.1,0.0
20150116192611,0.0,0.0,0.0,99.7,0.0,0.0,0.3,0.0
20150116192641,0.0,0.0,0.0,100.0,0.0,0.0,0.0,0.0
20150116192711,0.0,0.0,0.0,100.0,0.0,0.0,0.0,0.0
20150116192741,0.0,0.0,0.0,100.0,0.0,0.0,0.0,0.0
20150116192811,0.0,0.0,0.0,100.0,0.0,0.0,0.0,0.0
20150116192841,0.0,0.0,0.0,100.0,0.0,0.0,0.0,0.0
20150116192911,0.0,0.0,0.0,100.0,0.0,0.0,0.0,0.0
20150116192941,0.0,0.0,0.0,100.0,0.0,0.0,0.0,0.0
20150116193011,0.0,0.0,0.0,100.0,0.0,0.0,0.0,0.0
20150116193041,0.0,0.0,0.0,100.0,0.0,0.0,0.0,0.0
20150116193111,0.0,0.0,0.0,99.9,0.0,0.0,0.0,0.0
20150116193141,0.0,0.2,0.0,99.8,0.0,0.0,0.0,0.0
20150116193211,0.0,0.1,0.0,99.9,0.0,0.0,0.0,0.0
20150116193241,0.0,0.0,0.0,100.0,0.0,0.0,0.0,0.0
20150116193311,0.0,0.1,0.0,99.9,0.0,0.0,0.0,0.0
20150116193341,0.0,0.0,0.0,100.0,0.0,0.0,0.0,0.0
20150116193411,0.0,0.0,0.0,100.0,0.0,0.0,0.0,0.0
20150116193441,0.0,0.0,0.0,100.0,0.0,0.0,0.0,0.0
20150116193511,0.0,0.0,0.0,100.0,0.0,0.0,0.0,0.0
20150116193541,0.0,1.0,0.0,98.8,0.2,0.0,0.0,0.0
20150116193611,0.0,0.8,0.0,98.9,0.3,0.0,0.0,0.0
20150116193641,0.0,0.3,0.0,99.1,0.6,0.0,0.0,0.0
20150116193711,0.0,11.4,0.0,83.5,5.0,0.0,0.0,0.0
20150116193741,0.0,3.9,0.0,62.7,33.5,0.0,0.0,0.0
20150116193811,0.0,4.1,0.0,45.3,50.7,0.0,0.0,0.0
20150116193841,0.0,2.3,0.0,91.5,6.2,0.0,0.0,0.0
20150116193911,0.0,0.1,0.0,98.6,1.2,0.0,0.0,0.0
20150116193941,0.0,0.3,0.0,99.4,0.3,0.0,0.0,0.0
20150116194011,0.0,0.5,0.0,99.4,0.1,0.0,0.0,0.0
20150116194041,0.0,3.0,0.0,96.6,0.4,0.0,0.0,0.0
20150116194111,0.0,0.9,0.0,98.9,0.1,0.0,0.0,0.0
20150116194141,0.1,0.7,0.0,99.3,0.0,0.0,0.0,0.0
20150116194211,0.0,0.6,0.0,99.4,0.0,0.0,0.0,0.0
20150116194241,0.0,0.2,0.0,99.7,0.1,0.0,0.0,0.0
20150116194311,0.1,0.8,0.0,98.8,0.3,0.0,0.0,0.0
20150116194341,0.3,2.3,0.0,96.1,1.3,0.0,0.0,0.0
20150116194411,0.1,1.4,0.2,98.1,0.2,0.0,0.0,0.0
20150116194441,0.0,1.7,0.0,98.1,0.2,0.0,0.0,0.0
20150116194511,0.0,0.2,0.0,99.6,0.1,0.0,0.0,0.0
20150116194541,0.0,0.1,0.0,99.8,0.1,0.0,0.0,0.0
20150116194611,0.0,0.0,0.0,100.0,0.0,0.0,0.0,0.0
20150116194641,0.0,0.0,0.0,100.0,0.0,0.0,0.0,0.0
20150116194711,0.0,0.0,0.0,100.0,0.0,0.0,0.0,0.0
20150116194741,0.0,0.0,0.0,100.0,0.0,0.0,0.0,0.0
20150116194811,0.0,0.0,0.0,100.0,0.0,0.0,0.0,0.0
20150116194841,0.0,0.1,0.0,99.9,0.0,0.0,0.0,0.0
20150116194912,0.0,0.1,0.0,99.9,0.0,0.0,0.0,0.0
20150116194942,0.0,0.0,0.0,100.0,0.0,0.0,0.0,0.0
20150116195012,0.0,0.0,0.0,99.9,0.0,0.0,0.0,0.0
20150116195042,0.0,0.3,0.1,99.5,0.1,0.0,0.0,0.0
20150116195112,0.0,0.0,0.0,99.9,0.0,0.0,0.0,0.0
20150116195142,0.0,0.0,0.0,99.9,0.0,0.0,0.0,0.0
20150116195212,0.0,0.0,0.0,100.0,0.0,0.0,0.0,0.0
20150116195242,0.0,0.0,0.0,100.0,0.0,0.0,0.0,0.0
20150116195312,0.0,0.0,0.0,100.0,0.0,0.0,0.0,0.0
20150116195342,0.0,0.0,0.0,100.0,0.0,0.0,0.0,0.0
20150116195412,0.0,0.0,0.0,100.0,0.0,0.0,0.0,0.0
20150116195442,0.0,0.0,0.0,99.9,0.0,0.0,0.0,0.0
20150116195512,0.0,0.0,0.0,99.9,0.0,0.0,0.1,0.0
20150116195542,0.0,0.0,0.3,99.3,0.0,0.0,0.3,0.1
20150116195612,0.0,0.2,0.2,99.3,0.0,0.0,0.1,0.2
20150116195642,0.0,0.0,0.1,65.6,0.0,0.0,24.6,9.7
20150116195712,0.0,0.0,0.0,1.7,0.0,0.0,98.2,0.1
20150116195742,0.0,0.0,0.0,0.5,0.0,0.0,99.5,0.0
20150116195812,0.0,0.0,0.0,0.8,0.0,0.0,99.1,0.0
20150116195842,0.0,0.0,0.0,2.2,0.0,0.0,97.8,0.0
20150116195912,0.0,0.0,0.1,19.7,0.0,0.0,80.2,0.0
20150116195942,0.0,0.0,0.1,26.4,0.0,0.0,73.4,0.2
20150116200012,0.0,0.0,0.3,1.8,0.0,0.0,97.8,0.1
20150116200042,0.0,0.0,0.2,77.9,0.0,0.0,21.8,0.1
20150116200112,0.0,0.0,0.1,29.5,0.0,0.0,70.1,0.3
20150116200142,0.0,0.0,0.1,3.7,0.0,0.0,96.2,0.0
20150116200212,0.0,0.0,0.0,2.9,0.0,0.0,97.0,0.0
20150116200242,0.0,0.0,0.0,78.6,0.0,0.0,21.3,0.0
20150116200312,0.0,0.0,0.0,32.6,0.0,0.0,67.3,0.1
20150116200342,0.0,0.0,0.1,84.7,0.0,0.0,15.2,0.0
20150116200412,0.2,0.0,0.7,67.0,0.1,0.0,31.9,0.1
20150116200442,0.0,0.0,0.0,95.2,0.0,0.0,4.7,0.0
20150116200512,0.0,0.0,0.0,97.2,0.0,0.0,2.8,0.0
20150116200542,0.0,0.0,0.0,99.4,0.0,0.0,0.5,0.0
20150116200612,0.0,0.0,0.0,86.5,0.0,0.0,13.4,0.1
20150116200642,0.0,0.0,0.1,92.0,0.0,0.0,6.4,1.5
20150116200712,0.0,0.0,0.0,98.9,0.0,0.0,1.1,0.0
20150116200742,0.0,0.0,0.0,99.2,0.0,0.0,0.8,0.0
20150116200812,0.0,0.0,0.0,99.6,0.0,0.0,0.3,0.0
20150116200842,0.0,0.0,0.0,99.8,0.0,0.0,0.1,0.0
20150116200912,0.0,0.0,0.1,99.4,0.0,0.0,0.5,0.0
20150116200942,0.0,0.0,0.0,99.7,0.0,0.0,0.3,0.0
20150116201012,0.0,0.0,0.0,99.9,0.0,0.0,0.1,0.0
20150116201042,0.0,0.0,0.1,99.7,0.0,0.0,0.2,0.0
20150116201112,0.0,0.0,0.1,99.6,0.0,0.0,0.2,0.0
20150116201142,0.2,0.0,1.0,98.0,0.1,0.0,0.6,0.0
20150116201212,0.4,0.0,0.0,99.0,0.1,0.0,0.5,0.0
20150116201242,0.1,0.0,0.0,99.1,0.0,0.0,0.8,0.0
20150116201312,0.8,0.0,0.2,98.2,0.0,0.0,0.7,0.0
20150116201342,0.1,0.0,0.2,99.6,0.0,0.0,0.1,0.0
20150116201412,0.5,0.0,0.1,98.5,0.0,0.0,0.8,0.0
20150116201442,0.7,0.0,0.6,96.2,0.0,0.0,2.4,0.0
20150116201512,1.1,0.0,0.2,98.0,0.0,0.0,0.6,0.0
20150116201542,1.1,0.0,0.1,98.6,0.0,0.0,0.3,0.0
20150116201612,0.5,0.0,0.0,99.3,0.0,0.0,0.2,0.0
20150116201642,0.2,0.0,0.2,99.3,0.0,0.0,0.3,0.0
20150116201712,0.2,0.0,0.7,98.3,0.1,0.0,0.7,0.1
20150116201742,3.3,0.0,0.4,92.7,0.0,0.0,3.5,0.0
20150116201812,1.2,0.0,2.0,93.8,0.0,0.0,2.9,0.0
20150116201842,0.3,0.0,0.7,92.8,0.0,0.0,6.2,0.0
20150116201912,0.2,0.0,1.0,70.2,0.0,0.0,28.6,0.0
20150116201942,0.0,0.0,0.5,78.5,0.0,0.0,21.0,0.0
20150116202012,0.0,0.0,0.0,99.2,0.0,0.0,0.8,0.0
20150116202042,0.0,0.0,0.5,84.3,0.0,0.0,15.2,0.0
20150116202112,0.0,0.0,0.5,67.9,0.0,0.0,31.6,0.0
20150116202142,0.0,0.0,0.2,84.5,0.0,0.0,15.2,0.1
20150116202212,0.0,0.0,0.8,96.3,0.0,0.0,2.9,0.0
20150116202242,0.0,0.0,1.9,97.5,0.0,0.0,0.6,0.0
20150116202313,0.1,0.0,2.8,96.2,0.0,0.0,1.0,0.0
20150116202343,0.0,0.0,3.2,96.7,0.0,0.0,0.0,0.0
20150116202413,0.0,0.0,0.2,99.7,0.0,0.0,0.0,0.0
20150116202443,0.0,0.0,0.5,98.3,0.0,0.0,1.1,0.0
20150116202513,0.0,0.0,0.3,75.7,0.0,0.0,23.9,0.1
20150116202543,0.0,0.0,0.7,44.5,0.0,0.0,54.8,0.1
20150116202613,0.0,0.0,0.9,82.2,0.0,0.0,16.7,0.1
20150116202643,0.0,0.0,0.9,82.3,0.0,0.0,16.7,0.1
20150116202713,0.0,0.0,1.1,93.3,0.0,0.0,5.5,0.1
20150116202743,0.0,0.0,0.2,98.7,0.0,0.0,1.0,0.1
20150116202813,0.0,0.0,0.0,99.4,0.0,0.0,0.6,0.0
20150116202843,0.0,0.0,0.0,100.0,0.0,0.0,0.0,0.0
20150116202913,0.0,0.0,0.1,97.1,0.0,0.0,2.8,0.0
20150116202943,0.0,0.0,0.0,99.0,0.0,0.0,0.9,0.1
20150116203013,0.0,0.0,0.1,97.5,0.0,0.0,2.4,0.1
20150116203043,0.0,0.0,0.5,93.7,0.0,0.0,5.6,0.2
20150116203113,0.0,0.0,0.8,59.0,0.0,0.0,40.1,0.1
20150116203143,0.0,0.0,0.6,37.1,0.0,0.0,61.8,0.5
20150116203213,0.0,0.0,0.6,2.0,0.0,0.0,96.9,0.5
20150116203243,0.0,0.0,0.0,0.1,0.0,0.0,99.7,0.2
20150116203313,0.0,0.0,0.1,1.3,0.0,0.0,98.2,0.3
20150116203343,0.0,0.0,0.3,1.9,0.0,0.0,97.7,0.1
20150116203413,0.0,0.0,1.0,1.2,0.0,0.0,97.7,0.0
20150116203443,0.0,0.0,0.1,0.0,0.0,0.0,99.9,0.0
20150116203513,0.0,0.0,0.1,0.0,0.0,0.0,99.9,0.1
20150116203543,0.0,0.0,0.0,0.0,0.0,0.0,99.9,0.0
20150116203613,0.0,0.0,0.0,0.0,0.0,0.0,99.9,0.0
20150116203643,0.0,0.0,0.0,0.1,0.0,0.0,99.8,0.1
20150116203713,0.0,0.0,0.0,0.1,0.0,0.0,99.8,0.0
20150116203743,0.0,0.0,0.1,0.0,0.0,0.0,99.9,0.0
20150116203813,0.0,0.0,0.1,0.1,0.0,0.0,99.8,0.1
20150116203843,0.0,0.0,0.2,0.1,0.0,0.0,99.7,0.0
20150116203913,0.0,0.0,0.2,0.1,0.0,0.0,99.7,0.1
20150116203943,0.0,0.0,0.1,0.1,0.0,0.0,99.8,0.0
20150116204013,0.0,0.0,0.1,0.4,0.0,0.0,99.5,0.0
20150116204043,0.0,0.0,0.0,0.1,0.0,0.0,99.9,0.0
20150116204113,0.0,0.0,0.2,0.4,0.0,0.0,99.4,0.0
20150116204143,0.0,0.0,0.1,1.5,0.0,0.0,98.4,0.0
20150116204213,0.0,0.0,0.0,0.1,0.0,0.0,99.9,0.0
20150116204243,0.0,0.0,0.0,0.1,0.0,0.0,99.8,0.1
20150116204313,0.0,0.0,0.0,0.0,0.0,0.0,100.0,0.0
20150116204343,0.0,0.0,0.0,0.0,0.0,0.0,100.0,0.0
20150116204413,0.0,0.0,0.0,0.0,0.0,0.0,100.0,0.0
20150116204443,0.0,0.0,0.0,0.0,0.0,0.0,100.0,0.0
20150116204513,0.0,0.0,0.0,0.0,0.0,0.0,100.0,0.0
20150116204543,0.0,0.0,0.0,0.0,0.0,0.0,99.9,0.0
20150116204613,0.0,0.0,0.0,0.0,0.0,0.0,100.0,0.0
20150116204643,0.0,0.0,0.0,0.0,0.0,0.0,100.0,0.0
20150116204713,0.0,0.0,0.0,0.0,0.0,0.0,100.0,0.0
20150116204743,0.0,0.0,0.0,0.0,0.0,0.0,99.9,0.0
20150116204813,0.0,0.0,0.0,0.0,0.0,0.0,100.0,0.0
20150116204843,0.0,0.0,0.0,0.1,0.0,0.0,99.9,0.0
20150116204913,0.0,0.0,0.0,0.1,0.0,0.0,99.9,0.0
20150116204943,0.0,0.0,0.0,0.1,0.0,0.0,99.8,0.0
20150116205013,0.0,0.0,0.0,0.1,0.0,0.0,99.8,0.0
20150116205043,0.0,0.0,0.0,0.0,0.0,0.0,100.0,0.0
20150116205113,0.0,0.0,0.0,0.1,0.0,0.0,99.9,0.0
20150116205143,0.0,0.0,0.0,0.4,0.0,0.0,99.6,0.0
20150116205213,0.0,0.0,0.0,0.5,0.0,0.0,99.5,0.0
20150116205243,0.0,0.0,0.2,0.8,0.0,0.0,99.0,0.1
20150116205313,0.0,0.0,0.1,2.3,0.0,0.0,97.3,0.2
20150116205343,0.0,0.0,0.0,0.2,0.0,0.0,99.8,0.0
20150116205413,0.0,0.0,0.0,0.9,0.0,0.0,99.1,0.0
20150116205443,0.0,0.0,0.0,0.0,0.0,0.0,99.9,0.0
20150116205513,0.0,0.0,0.0,0.0,0.0,0.0,100.0,0.0
20150116205543,0.0,0.0,0.0,0.2,0.0,0.0,99.8,0.0
20150116205613,0.0,0.0,0.0,0.0,0.0,0.0,100.0,0.0
20150116205643,0.0,0.0,0.0,0.1,0.0,0.0,99.9,0.0
20150116205714,0.0,0.0,0.0,0.1,0.0,0.0,99.9,0.0
20150116205744,0.0,0.0,0.0,0.0,0.0,0.0,100.0,0.0
20150116205814,0.0,0.0,0.0,0.0,0.0,0.0,100.0,0.0
20150116205844,0.0,0.0,0.0,0.1,0.0,0.0,99.9,0.0
20150116205914,0.0,0.0,0.0,0.1,0.0,0.0,99.8,0.0
20150116205944,0.0,0.0,0.0,0.2,0.0,0.0,99.8,0.0
20150116210014,0.0,0.0,0.0,0.0,0.0,0.0,100.0,0.0
20150116210044,0.0,0.0,0.0,1.0,0.0,0.0,99.0,0.0
20150116210114,0.0,0.0,0.0,0.0,0.0,0.0,99.9,0.0
20150116210144,0.0,0.0,0.0,0.0,0.0,0.0,100.0,0.0
20150116210214,0.0,0.0,0.0,0.1,0.0,0.0,99.9,0.0
20150116210244,0.0,0.0,0.0,0.1,0.0,0.0,99.9,0.0
20150116210314,0.0,0.0,0.0,0.0,0.0,0.0,100.0,0.0
20150116210344,0.0,0.0,0.0,0.0,0.0,0.0,100.0,0.0
20150116210414,0.0,0.0,0.0,0.0,0.0,0.0,100.0,0.0
20150116210444,0.0,0.0,0.0,0.1,0.0,0.0,99.9,0.0
20150116210514,0.0,0.0,0.0,0.2,0.0,0.0,99.7,0.0
20150116210544,0.0,0.0,0.0,0.0,0.0,0.0,100.0,0.0
20150116210614,0.0,0.0,0.0,0.0,0.0,0.0,100.0,0.0
20150116210644,0.0,0.0,0.0,0.0,0.0,0.0,100.0,0.0
20150116210714,0.0,0.0,0.0,0.0,0.0,0.0,100.0,0.0
20150116210744,0.0,0.0,0.0,0.0,0.0,0.0,100.0,0.0
20150116210814,0.0,0.0,0.0,0.0,0.0,0.0,100.0,0.0
20150116210844,0.0,0.0,0.0,0.0,0.0,0.0,100.0,0.0
20150116210914,0.0,0.0,0.0,0.0,0.0,0.0,100.0,0.0
20150116210944,0.0,0.0,0.0,0.0,0.0,0.0,100.0,0.0
20150116211014,0.0,0.0,0.0,0.0,0.0,0.0,100.0,0.0
20150116211044,0.0,0.0,0.0,0.0,0.0,0.0,100.0,0.0
20150116211114,0.0,0.0,0.0,0.0,0.0,0.0,100.0,0.0
20150116211144,0.0,0.0,0.0,0.0,0.0,0.0,100.0,0.0
20150116211214,0.0,0.0,0.0,0.0,0.0,0.0,100.0,0.0
20150116211244,0.0,0.0,0.0,0.0,0.0,0.0,100.0,0.0
20150116211314,0.0,0.0,0.0,0.0,0.0,0.0,100.0,0.0
20150116211344,0.0,0.0,0.0,0.0,0.0,0.0,100.0,0.0
20150116211414,0.0,0.0,0.0,0.0,0.0,0.0,100.0,0.0
20150116211444,0.0,0.0,0.0,0.0,0.0,0.0,100.0,0.0
20150116211514,0.0,0.0,0.0,0.0,0.0,0.0,100.0,0.0
20150116211544,0.0,0.0,0.0,0.0,0.0,0.0,100.0,0.0
20150116211614,0.0,0.0,0.0,0.0,0.0,0.0,100.0,0.0
20150116211644,0.0,0.0,0.0,0.0,0.0,0.0,100.0,0.0
20150116211714,0.0,0.0,0.0,0.0,0.0,0.0,100.0,0.0
20150116211744,0.0,0.0,0.0,0.0,0.0,0.0,100.0,0.0
20150116211814,0.0,0.0,0.0,0.0,0.0,0.0,100.0,0.0
20150116211844,0.0,0.0,0.0,0.0,0.0,0.0,100.0,0.0
20150116211914,0.0,0.0,0.0,0.0,0.0,0.0,99.9,0.1
20150116211944,0.0,0.0,0.0,0.6,0.0,0.0,99.4,0.0
20150116212014,0.0,0.0,0.0,0.1,0.0,0.0,99.8,0.0
20150116212044,0.0,0.0,0.0,0.4,0.0,0.0,99.5,0.0
20150116212114,0.0,0.0,0.0,0.3,0.0,0.0,99.7,0.0
20150116212144,0.0,0.0,0.0,0.7,0.0,0.0,99.3,0.0
20150116212214,0.0,0.0,0.1,6.2,0.0,0.0,93.7,0.0
20150116212244,0.0,0.0,0.0,10.2,0.0,0.0,89.8,0.0
20150116212314,0.0,0.0,0.0,6.6,0.0,0.0,93.4,0.0
20150116212344,0.0,0.0,0.0,0.2,0.0,0.0,99.8,0.0
20150116212414,0.0,0.0,0.0,0.4,0.0,0.0,99.6,0.0
20150116212444,0.0,0.0,0.1,0.6,0.0,0.0,99.3,0.0
20150116212514,0.0,0.0,0.0,0.8,0.0,0.0,99.2,0.0
20150116212544,0.0,0.0,0.0,0.2,0.0,0.0,99.7,0.0
20150116212614,0.0,0.0,0.0,0.0,0.0,0.0,100.0,0.0
20150116212644,0.0,0.0,0.0,0.0,0.0,0.0,100.0,0.0
20150116212714,0.0,0.0,0.0,0.0,0.0,0.0,99.9,0.0
20150116212744,0.0,0.0,0.0,0.0,0.0,0.0,100.0,0.0
20150116212814,0.0,0.0,0.0,0.0,0.0,0.0,100.0,0.0
20150116212844,0.0,0.0,0.0,0.0,0.0,0.0,100.0,0.0
20150116212914,0.0,0.0,0.0,0.0,0.0,0.0,100.0,0.0
20150116212944,0.0,0.0,0.0,0.0,0.0,0.0,100.0,0.0
20150116213014,0.0,0.0,0.0,0.0,0.0,0.0,100.0,0.0
20150116213044,0.0,0.0,0.0,0.0,0.0,0.0,99.9,0.0
20150116213114,0.0,0.0,0.0,0.0,0.0,0.0,100.0,0.0
20150116213145,0.0,0.0,0.0,0.0,0.0,0.0,100.0,0.0
20150116213215,0.0,0.0,0.0,0.0,0.0,0.0,100.0,0.0
20150116213245,0.0,0.0,0.0,0.0,0.0,0.0,99.9,0.0
20150116213315,0.0,0.0,0.1,0.1,0.0,0.0,99.9,0.0
20150116213345,0.0,0.0,0.0,0.0,0.0,0.0,100.0,0.0
20150116213415,0.0,0.0,0.0,0.0,0.0,0.0,100.0,0.0
20150116213445,0.0,0.0,0.0,0.2,0.0,0.0,99.8,0.0
20150116213515,0.0,0.0,0.4,5.5,0.0,0.0,94.0,0.0
20150116213545,0.0,0.0,0.0,0.1,0.0,0.0,99.9,0.0
20150116213615,0.0,0.0,0.0,0.1,0.0,0.0,99.9,0.0
20150116213645,0.0,0.0,0.0,0.0,0.0,0.0,100.0,0.0
20150116213715,0.0,0.0,0.0,0.0,0.0,0.0,100.0,0.0
20150116213745,0.0,0.0,0.0,0.0,0.0,0.0,100.0,0.0
20150116213815,0.0,0.0,0.1,0.0,0.0,0.0,99.9,0.0
20150116213845,0.0,0.0,0.0,0.0,0.0,0.0,100.0,0.0
20150116213915,0.0,0.0,0.0,0.0,0.0,0.0,99.9,0.0
20150116213945,0.0,0.0,0.1,0.1,0.0,0.0,99.9,0.0
20150116214015,0.0,0.0,0.0,0.0,0.0,0.0,100.0,0.0
20150116214045,0.0,0.0,0.0,0.0,0.0,0.0,100.0,0.0
20150116214115,0.0,0.0,0.0,0.0,0.0,0.0,100.0,0.0
20150116214145,0.0,0.0,0.0,0.0,0.0,0.0,99.9,0.0
20150116214215,0.0,0.0,0.0,0.0,0.0,0.0,100.0,0.0
20150116214245,0.0,0.0,1.0,0.2,0.0,0.0,98.8,0.0
20150116214315,0.0,0.0,0.0,0.0,0.0,0.0,100.0,0.0
20150116214345,0.0,0.0,0.2,0.4,0.0,0.0,99.4,0.0
20150116214415,0.0,0.0,0.0,0.1,0.0,0.0,99.9,0.0
20150116214445,0.1,0.0,9.6,7.1,0.0,0.0,83.2,0.0
20150116214515,0.0,0.0,0.2,0.9,0.0,0.0,98.8,0.0
20150116214545,0.0,0.0,0.0,0.1,0.0,0.0,99.9,0.0
20150116214615,0.0,0.0,0.2,15.2,0.0,0.0,84.6,0.0
20150116214645,0.0,0.0,0.2,1.0,0.0,0.0,98.7,0.0
20150116214715,0.0,0.0,0.1,1.6,0.0,0.0,98.3,0.0
20150116214745,0.0,0.0,0.2,5.1,0.0,0.0,94.7,0.0
20150116214815,0.0,0.0,0.0,0.6,0.0,0.0,99.4,0.0
20150116214845,0.0,0.0,0.1,2.9,0.0,0.0,97.0,0.0
20150116214915,0.0,0.0,1.2,1.0,0.0,0.0,97.8,0.0
20150116214945,0.2,0.0,0.5,0.9,0.0,0.0,98.4,0.0
20150116215015,0.4,0.0,0.4,5.0,0.0,0.0,94.1,0.0
20150116215045,0.1,0.0,0.1,2.3,0.0,0.0,97.4,0.0
20150116215115,1.0,0.0,2.0,30.4,0.0,0.0,66.5,0.0
20150116215145,0.3,0.0,2.0,20.6,0.1,0.0,77.0,0.1
20150116215215,0.5,0.0,7.2,21.0,0.2,0.0,71.0,0.1
20150116215245,0.5,0.0,4.3,27.8,0.2,0.0,67.2,0.1
20150116215315,0.1,0.0,0.9,4.1,0.0,0.0,94.8,0.0
20150116215345,0.1,0.0,0.9,1.2,0.0,0.0,97.7,0.1
20150116215415,0.0,0.0,0.1,0.8,0.0,0.0,99.1,0.0
20150116215445,0.0,0.0,0.3,0.6,0.0,0.0,99.1,0.0
20150116215515,0.0,0.0,0.2,0.1,0.0,0.0,99.7,0.0
20150116215545,0.0,0.0,0.3,0.1,0.0,0.0,99.5,0.0
20150116215615,0.0,0.0,0.1,0.1,0.0,0.0,99.7,0.0
20150116215645,0.0,0.0,0.0,0.0,0.0,0.0,99.9,0.0
20150116215715,0.0,0.0,0.0,0.0,0.0,0.0,100.0,0.0
20150116215745,0.0,0.0,0.0,0.0,0.0,0.0,100.0,0.0
20150116215815,0.0,0.0,0.0,0.0,0.0,0.0,100.0,0.0
20150116215845,0.0,0.0,0.0,0.0,0.0,0.0,100.0,0.0
20150116215916,0.0,0.0,0.0,0.0,0.0,0.0,100.0,0.0
20150116215946,0.0,0.0,0.0,0.0,0.0,0.0,100.0,0.0
20150116220016,0.0,0.0,0.0,0.0,0.0,0.0,100.0,0.0
20150116220046,0.0,0.0,0.0,0.0,0.0,0.0,100.0,0.0
20150116220116,0.0,0.0,0.0,0.0,0.0,0.0,100.0,0.0
20150116220146,0.0,0.0,0.0,0.0,0.0,0.0,100.0,0.0
20150116220216,0.0,0.0,0.0,0.0,0.0,0.0,100.0,0.0
20150116220246,0.0,0.0,0.0,0.0,0.0,0.0,100.0,0.0
20150116220316,0.0,0.0,0.0,0.0,0.0,0.0,100.0,0.0
20150116220346,0.0,0.0,0.0,0.0,0.0,0.0,100.0,0.0
20150116220416,0.0,0.0,0.0,0.0,0.0,0.0,100.0,0.0
20150116220446,0.0,0.0,1.3,0.2,0.0,0.0,98.5,0.0
20150116220516,0.0,0.0,0.0,0.0,0.0,0.0,100.0,0.0
20150116220546,0.0,0.0,0.0,0.0,0.0,0.0,100.0,0.0
20150116220616,0.0,0.0,0.0,0.0,0.0,0.0,100.0,0.0
20150116220646,0.0,0.0,0.0,0.0,0.0,0.0,100.0,0.0
20150116220716,0.0,0.0,0.0,0.0,0.0,0.0,100.0,0.0
20150116220746,0.0,0.0,0.0,0.0,0.0,0.0,100.0,0.0
20150116220816,0.0,0.0,0.0,0.0,0.0,0.0,100.0,0.0
20150116220846,0.0,0.0,0.0,0.0,0.0,0.0,100.0,0.0
20150116220916,0.0,0.0,0.0,0.0,0.0,0.0,100.0,0.0
20150116220946,0.0,0.0,0.0,0.0,0.0,0.0,100.0,0.0
20150116221016,0.0,0.0,0.0,0.0,0.0,0.0,100.0,0.0
20150116221046,0.0,0.0,0.0,0.0,0.0,0.0,100.0,0.0
20150116221116,0.0,0.0,0.0,0.0,0.0,0.0,100.0,0.0
20150116221146,0.0,0.0,0.0,0.0,0.0,0.0,100.0,0.0
20150116221216,0.0,0.0,0.0,0.0,0.0,0.0,100.0,0.0
20150116221246,0.0,0.0,0.0,0.0,0.0,0.0,100.0,0.0
20150116221316,0.0,0.0,0.0,0.0,0.0,0.0,100.0,0.0
20150116221346,0.0,0.0,0.0,0.0,0.0,0.0,100.0,0.0
20150116221416,0.0,0.0,0.0,0.0,0.0,0.0,100.0,0.0
20150116221446,0.0,0.0,0.0,0.0,0.0,0.0,100.0,0.0
20150116221516,0.0,0.0,0.0,0.0,0.0,0.0,100.0,0.0
20150116221546,0.0,0.0,0.0,0.0,0.0,0.0,100.0,0.0
20150116221616,0.0,0.0,0.0,0.0,0.0,0.0,100.0,0.0
20150116221646,0.0,0.0,0.0,0.0,0.0,0.0,100.0,0.0
20150116221716,0.0,0.0,0.0,0.0,0.0,0.0,100.0,0.0
20150116221746,0.0,0.0,0.0,0.0,0.0,0.0,100.0,0.0
20150116221816,0.0,0.0,0.0,0.0,0.0,0.0,100.0,0.0
20150116221846,0.0,0.0,0.0,0.0,0.0,0.0,100.0,0.0
20150116221916,0.0,0.0,0.0,0.0,0.0,0.0,100.0,0.0
20150116221946,0.0,0.0,0.0,0.0,0.0,0.0,100.0,0.0
20150116222016,0.0,0.0,0.0,0.0,0.0,0.0,100.0,0.0
20150116222046,0.0,0.0,0.0,0.0,0.0,0.0,100.0,0.0
20150116222116,0.0,0.0,0.0,0.0,0.0,0.0,100.0,0.0
20150116222146,0.0,0.0,0.0,0.0,0.0,0.0,100.0,0.0
20150116222216,0.0,0.0,0.0,0.0,0.0,0.0,100.0,0.0
20150116222246,0.0,0.0,0.0,0.0,0.0,0.0,100.0,0.0
20150116222316,0.0,0.0,0.0,0.0,0.0,0.0,100.0,0.0
20150116222346,0.0,0.0,0.0,0.0,0.0,0.0,100.0,0.0
20150116222416,0.0,0.0,0.0,0.0,0.0,0.0,100.0,0.0
20150116222446,0.0,0.0,0.0,0.0,0.0,0.0,100.0,0.0
20150116222516,0.0,0.0,0.0,0.0,0.0,0.0,100.0,0.0
20150116222546,0.0,0.0,0.0,0.0,0.0,0.0,100.0,0.0
20150116222616,0.0,0.0,0.0,0.0,0.0,0.0,100.0,0.0
20150116222646,0.0,0.0,0.0,0.0,0.0,0.0,100.0,0.0
20150116222716,0.0,0.0,0.0,0.0,0.0,0.0,100.0,0.0
20150116222746,0.0,0.0,0.0,0.0,0.0,0.0,100.0,0.0
20150116222816,0.0,0.0,0.0,0.0,0.0,0.0,100.0,0.0
20150116222846,0.0,0.0,0.0,0.0,0.0,0.0,100.0,0.0
20150116222916,0.0,0.0,0.0,0.0,0.0,0.0,100.0,0.0
20150116222946,0.0,0.0,0.0,0.0,0.0,0.0,100.0,0.0
20150116223016,0.0,0.0,0.0,0.0,0.0,0.0,100.0,0.0
20150116223046,0.0,0.0,0.0,0.0,0.0,0.0,100.0,0.0
20150116223116,0.0,0.0,0.0,0.0,0.0,0.0,100.0,0.0
20150116223146,0.0,0.0,0.0,0.0,0.0,0.0,100.0,0.0
20150116223216,0.0,0.0,0.0,0.0,0.0,0.0,100.0,0.0
20150116223246,0.0,0.0,0.0,0.0,0.0,0.0,100.0,0.0
20150116223316,0.0,0.0,0.0,0.0,0.0,0.0,100.0,0.0
20150116223347,0.0,0.0,0.0,0.0,0.0,0.0,100.0,0.0
20150116223417,0.0,0.0,0.0,0.0,0.0,0.0,100.0,0.0
20150116223447,0.0,0.0,0.0,0.0,0.0,0.0,100.0,0.0
20150116223517,0.0,0.0,0.0,0.0,0.0,0.0,100.0,0.0
20150116223547,0.0,0.0,0.0,0.0,0.0,0.0,100.0,0.0
20150116223617,0.0,0.0,0.0,0.0,0.0,0.0,100.0,0.0
20150116223647,0.0,0.0,0.0,0.0,0.0,0.0,100.0,0.0
20150116223717,0.0,0.0,0.0,0.0,0.0,0.0,100.0,0.0
20150116223747,0.0,0.0,0.0,0.0,0.0,0.0,100.0,0.0
20150116223817,0.0,0.0,0.0,0.0,0.0,0.0,100.0,0.0
20150116223847,0.0,0.0,0.0,0.0,0.0,0.0,100.0,0.0
20150116223917,0.0,0.0,0.0,0.0,0.0,0.0,100.0,0.0
20150116223947,0.0,0.0,0.0,0.0,0.0,0.0,100.0,0.0
20150116224017,0.0,0.0,0.0,0.0,0.0,0.0,100.0,0.0
20150116224047,0.0,0.0,0.0,0.0,0.0,0.0,100.0,0.0
20150116224117,0.0,0.0,0.0,0.0,0.0,0.0,100.0,0.0
20150116224147,0.0,0.0,0.0,0.0,0.0,0.0,100.0,0.0
20150116224217,0.0,0.0,0.0,0.0,0.0,0.0,100.0,0.0
20150116224247,0.0,0.0,0.0,0.0,0.0,0.0,100.0,0.0
20150116224317,0.0,0.0,0.0,0.0,0.0,0.0,100.0,0.0
20150116224347,0.0,0.0,0.0,0.0,0.0,0.0,100.0,0.0
20150116224417,0.0,0.0,0.0,0.0,0.0,0.0,100.0,0.0
20150116224447,0.0,0.0,0.0,0.0,0.0,0.0,100.0,0.0
20150116224517,0.0,0.0,0.0,0.0,0.0,0.0,100.0,0.0
20150116224547,0.0,0.0,0.0,0.0,0.0,0.0,100.0,0.0
20150116224617,0.0,0.0,0.0,0.0,0.0,0.0,100.0,0.0
20150116224647,0.0,0.0,0.0,0.0,0.0,0.0,100.0,0.0
20150116224717,0.0,0.0,0.0,0.0,0.0,0.0,100.0,0.0
20150116224747,0.0,0.0,0.2,0.0,0.0,0.0,99.8,0.0
20150116224817,0.0,0.0,0.0,0.0,0.0,0.0,99.9,0.0
20150116224847,0.0,0.0,0.0,0.0,0.0,0.0,100.0,0.0
20150116224917,0.0,0.0,0.0,0.0,0.0,0.0,100.0,0.0
20150116224947,0.0,0.0,0.0,0.0,0.0,0.0,100.0,0.0
20150116225017,0.0,0.0,0.0,0.0,0.0,0.0,100.0,0.0
20150116225047,0.0,0.0,0.0,0.0,0.0,0.0,100.0,0.0
20150116225117,0.0,0.0,0.0,0.0,0.0,0.0,100.0,0.0
20150116225147,0.0,0.0,0.0,0.0,0.0,0.0,100.0,0.0
20150116225217,0.0,0.0,0.0,0.0,0.0,0.0,100.0,0.0
20150116225247,0.0,0.0,0.0,0.0,0.0,0.0,100.0,0.0
20150116225317,0.0,0.0,0.0,0.0,0.0,0.0,100.0,0.0
20150116225347,0.0,0.0,0.0,0.0,0.0,0.0,100.0,0.0
20150116225417,0.0,0.0,0.0,0.0,0.0,0.0,100.0,0.0
20150116225447,0.0,0.0,0.0,0.0,0.0,0.0,100.0,0.0
20150116225517,0.0,0.0,0.0,0.0,0.0,0.0,100.0,0.0
20150116225547,0.0,0.0,0.1,0.0,0.0,0.0,99.9,0.0
20150116225617,0.0,0.0,0.0,0.0,0.0,0.0,100.0,0.0
20150116225647,0.0,0.0,0.0,0.0,0.0,0.0,100.0,0.0
20150116225717,0.0,0.0,0.0,0.0,0.0,0.0,100.0,0.0
20150116225747,0.0,0.0,0.0,0.0,0.0,0.0,100.0,0.0
20150116225817,0.0,0.0,0.0,0.0,0.0,0.0,100.0,0.0
20150116225847,0.0,0.0,0.0,0.0,0.0,0.0,100.0,0.0
20150116225917,0.0,0.0,0.0,0.0,0.0,0.0,100.0,0.0
20150116225947,0.0,0.0,0.0,0.0,0.0,0.0,100.0,0.0
20150116230017,0.0,0.0,0.0,0.0,0.0,0.0,100.0,0.0
20150116230047,0.0,0.0,0.0,0.0,0.0,0.0,100.0,0.0
20150116230117,0.0,0.0,0.0,0.0,0.0,0.0,100.0,0.0
20150116230147,0.0,0.0,0.0,0.0,0.0,0.0,100.0,0.0
20150116230217,0.0,0.0,0.0,0.0,0.0,0.0,100.0,0.0
20150116230247,0.0,0.0,0.0,0.0,0.0,0.0,100.0,0.0
20150116230317,0.0,0.0,0.0,0.0,0.0,0.0,100.0,0.0
20150116230347,0.0,0.0,0.0,0.0,0.0,0.0,100.0,0.0
20150116230417,0.0,0.0,0.0,0.0,0.0,0.0,100.0,0.0
20150116230447,0.0,0.0,0.0,0.0,0.0,0.0,100.0,0.0
20150116230517,0.0,0.0,0.0,0.0,0.0,0.0,100.0,0.0
20150116230547,0.0,0.0,0.0,0.0,0.0,0.0,100.0,0.0
20150116230617,0.0,0.0,0.0,0.0,0.0,0.0,100.0,0.0
20150116230647,0.0,0.0,0.0,0.0,0.0,0.0,100.0,0.0
20150116230717,0.0,0.0,0.0,0.0,0.0,0.0,100.0,0.0
20150116230748,0.0,0.0,0.0,0.0,0.0,0.0,100.0,0.0
20150116230818,0.0,0.0,0.0,0.0,0.0,0.0,100.0,0.0
20150116230848,0.0,0.0,0.0,0.0,0.0,0.0,100.0,0.0
20150116230918,0.0,0.0,0.0,0.0,0.0,0.0,100.0,0.0
20150116230948,0.0,0.0,0.0,0.0,0.0,0.0,100.0,0.0
20150116231018,0.0,0.0,0.0,0.0,0.0,0.0,100.0,0.0
20150116231048,0.0,0.0,0.0,0.0,0.0,0.0,100.0,0.0
20150116231118,0.0,0.0,0.0,0.0,0.0,0.0,100.0,0.0
20150116231148,0.0,0.0,0.0,0.0,0.0,0.0,100.0,0.0
20150116231218,0.0,0.0,0.0,0.0,0.0,0.0,100.0,0.0
20150116231248,0.0,0.0,0.0,0.0,0.0,0.0,100.0,0.0
20150116231318,0.0,0.0,0.0,0.0,0.0,0.0,100.0,0.0
20150116231348,0.0,0.0,0.0,0.0,0.0,0.0,100.0,0.0
20150116231418,0.0,0.0,0.0,0.0,0.0,0.0,100.0,0.0
20150116231448,0.0,0.0,0.0,0.0,0.0,0.0,100.0,0.0
20150116231518,0.0,0.0,0.0,0.0,0.0,0.0,100.0,0.0
20150116231548,0.0,0.0,0.0,0.0,0.0,0.0,100.0,0.0
20150116231618,0.0,0.0,0.0,0.0,0.0,0.0,100.0,0.0
20150116231648,0.0,0.0,0.0,0.0,0.0,0.0,100.0,0.0
20150116231718,0.0,0.0,0.0,0.0,0.0,0.0,100.0,0.0
20150116231748,0.0,0.0,0.0,0.0,0.0,0.0,100.0,0.0
20150116231818,0.0,0.0,0.0,0.0,0.0,0.0,100.0,0.0
20150116231848,0.0,0.0,0.0,0.0,0.0,0.0,100.0,0.0
20150116231918,0.0,0.0,0.0,0.0,0.0,0.0,100.0,0.0
20150116231948,0.0,0.0,0.0,0.0,0.0,0.0,100.0,0.0
20150116232018,0.0,0.0,0.0,0.0,0.0,0.0,100.0,0.0
20150116232048,0.0,0.0,0.0,0.0,0.0,0.0,100.0,0.0
20150116232118,0.0,0.0,0.0,0.0,0.0,0.0,100.0,0.0
20150116232148,0.0,0.0,0.0,0.0,0.0,0.0,100.0,0.0
20150116232218,0.0,0.0,0.0,0.0,0.0,0.0,100.0,0.0
20150116232248,0.0,0.0,0.0,0.0,0.0,0.0,100.0,0.0
20150116232318,0.0,0.0,0.0,0.0,0.0,0.0,100.0,0.0
20150116232348,0.0,0.0,0.0,0.0,0.0,0.0,100.0,0.0
20150116232418,0.0,0.0,0.0,0.0,0.0,0.0,100.0,0.0
20150116232448,0.0,0.0,0.0,0.0,0.0,0.0,100.0,0.0
20150116232518,0.0,0.0,0.0,0.0,0.0,0.0,100.0,0.0
20150116232548,0.0,0.0,0.0,0.0,0.0,0.0,100.0,0.0
20150116232618,0.0,0.0,0.0,0.0,0.0,0.0,100.0,0.0
20150116232648,0.0,0.0,0.0,0.0,0.0,0.0,100.0,0.0
20150116232718,0.0,0.0,0.0,0.0,0.0,0.0,100.0,0.0
20150116232748,0.0,0.0,0.0,0.0,0.0,0.0,100.0,0.0
20150116232818,0.0,0.0,0.0,0.0,0.0,0.0,100.0,0.0
20150116232848,0.0,0.0,0.0,0.0,0.0,0.0,100.0,0.0
20150116232918,0.0,0.0,0.0,0.0,0.0,0.0,100.0,0.0
20150116232948,0.0,0.0,0.0,0.0,0.0,0.0,100.0,0.0
20150116233018,0.0,0.0,0.0,0.0,0.0,0.0,100.0,0.0
20150116233048,0.0,0.0,0.0,0.0,0.0,0.0,100.0,0.0
20150116233118,0.0,0.0,0.0,0.0,0.0,0.0,100.0,0.0
20150116233148,0.0,0.0,0.0,0.0,0.0,0.0,100.0,0.0
20150116233218,0.0,0.0,0.0,0.0,0.0,0.0,100.0,0.0
20150116233248,0.0,0.0,0.0,0.0,0.0,0.0,100.0,0.0
20150116233318,0.0,0.0,0.0,0.0,0.0,0.0,100.0,0.0
20150116233348,0.0,0.0,0.0,0.0,0.0,0.0,100.0,0.0
20150116233418,0.0,0.0,0.0,0.0,0.0,0.0,100.0,0.0
20150116233448,0.0,0.0,0.0,0.0,0.0,0.0,100.0,0.0
20150116233519,0.0,0.0,0.0,0.0,0.0,0.0,100.0,0.0
20150116233549,0.0,0.0,0.0,0.0,0.0,0.0,100.0,0.0
20150116233619,0.0,0.0,0.0,0.0,0.0,0.0,100.0,0.0
20150116233649,0.0,0.0,0.0,0.0,0.0,0.0,100.0,0.0
20150116233719,0.0,0.0,0.0,0.0,0.0,0.0,100.0,0.0
20150116233749,0.0,0.0,0.0,0.0,0.0,0.0,100.0,0.0
20150116233819,0.0,0.0,0.0,0.0,0.0,0.0,100.0,0.0
20150116233849,0.0,0.0,0.0,0.0,0.0,0.0,100.0,0.0
20150116233919,0.0,0.0,0.0,0.0,0.0,0.0,100.0,0.0
20150116233949,0.0,0.0,0.0,0.0,0.0,0.0,100.0,0.0
20150116234019,0.0,0.0,0.0,0.0,0.0,0.0,100.0,0.0
20150116234049,0.0,0.0,0.0,0.0,0.0,0.0,100.0,0.0
20150116234119,0.0,0.0,0.0,0.0,0.0,0.0,100.0,0.0
20150116234149,0.0,0.0,0.0,0.0,0.0,0.0,100.0,0.0
20150116234219,0.0,0.0,0.0,0.0,0.0,0.0,100.0,0.0
20150116234249,0.0,0.0,0.0,0.0,0.0,0.0,100.0,0.0
20150116234319,0.0,0.0,0.0,0.0,0.0,0.0,100.0,0.0
20150116234349,0.0,0.0,0.0,0.0,0.0,0.0,100.0,0.0
20150116234419,0.0,0.0,0.0,0.0,0.0,0.0,100.0,0.0
20150116234449,0.0,0.0,0.0,0.0,0.0,0.0,100.0,0.0
20150116234519,0.0,0.0,0.0,0.0,0.0,0.0,100.0,0.0
20150116234549,0.0,0.0,0.0,0.0,0.0,0.0,100.0,0.0
20150116234619,0.0,0.0,0.0,0.0,0.0,0.0,100.0,0.0
20150116234649,0.0,0.0,0.0,0.0,0.0,0.0,100.0,0.0
20150116234719,0.0,0.0,0.0,0.0,0.0,0.0,100.0,0.0
20150116234749,0.0,0.0,0.0,0.0,0.0,0.0,100.0,0.0
20150116234819,0.0,0.0,0.0,0.0,0.0,0.0,100.0,0.0
20150116234849,0.0,0.0,0.0,0.0,0.0,0.0,100.0,0.0
20150116234919,0.0,0.0,0.0,0.0,0.0,0.0,100.0,0.0
20150116234949,0.0,0.0,0.0,0.0,0.0,0.0,100.0,0.0
20150116235019,0.0,0.0,0.0,0.0,0.0,0.0,100.0,0.0
20150116235049,0.0,0.0,0.0,0.0,0.0,0.0,100.0,0.0
20150116235119,0.0,0.0,0.0,0.0,0.0,0.0,100.0,0.0
20150116235149,0.0,0.0,0.0,0.0,0.0,0.0,100.0,0.0
20150116235219,0.0,0.0,0.0,0.0,0.0,0.0,100.0,0.0
20150116235249,0.0,0.0,0.0,0.0,0.0,0.0,100.0,0.0
20150116235319,0.0,0.0,0.0,0.0,0.0,0.0,100.0,0.0
20150116235349,0.0,0.0,0.0,0.0,0.0,0.0,100.0,0.0
20150116235419,0.0,0.0,0.0,0.0,0.0,0.0,100.0,0.0
20150116235449,0.0,0.0,0.0,0.0,0.0,0.0,100.0,0.0
20150116235519,0.0,0.0,0.0,0.0,0.0,0.0,100.0,0.0
20150116235549,0.0,0.0,0.0,0.0,0.0,0.0,100.0,0.0
20150116235619,0.0,0.0,0.0,0.0,0.0,0.0,100.0,0.0
20150116235649,0.0,0.0,0.0,0.0,0.0,0.0,100.0,0.0
20150116235719,0.0,0.0,0.0,0.0,0.0,0.0,100.0,0.0
20150116235749,0.0,0.0,0.0,0.0,0.0,0.0,100.0,0.0
20150116235819,0.0,0.0,0.0,0.0,0.0,0.0,100.0,0.0
20150116235849,0.0,0.0,0.0,0.0,0.0,0.0,100.0,0.0
20150116235919,0.0,0.0,0.0,0.0,0.0,0.0,100.0,0.0
20150116235949,0.0,0.0,0.0,0.0,0.0,0.0,100.0,0.0
20150117000019,0.0,0.0,0.0,0.0,0.0,0.0,100.0,0.0
20150117000049,0.0,0.0,0.0,0.0,0.0,0.0,100.0,0.0
20150117000119,0.0,0.0,0.0,0.0,0.0,0.0,100.0,0.0
20150117000149,0.0,0.0,0.0,0.0,0.0,0.1,99.9,0.0
20150117000219,0.0,0.0,0.0,0.0,0.0,0.0,100.0,0.0
20150117000249,0.0,0.0,0.1,0.0,0.0,0.0,99.9,0.0
20150117000319,0.0,0.0,0.0,0.0,0.0,0.0,100.0,0.0
20150117000349,0.0,0.0,0.0,0.0,0.0,0.0,100.0,0.0
20150117000419,0.0,0.0,0.0,0.0,0.0,0.0,100.0,0.0
20150117000449,0.0,0.0,0.0,0.0,0.0,0.0,100.0,0.0
20150117000519,0.0,0.0,0.0,0.0,0.0,0.0,100.0,0.0
20150117000549,0.0,0.0,0.0,0.0,0.0,0.0,100.0,0.0
20150117000619,0.0,0.0,0.0,0.0,0.0,0.0,100.0,0.0
20150117000649,0.0,0.0,0.0,0.0,0.0,0.0,100.0,0.0
20150117000719,0.0,0.0,0.0,0.0,0.0,0.0,100.0,0.0
20150117000749,0.0,0.0,0.0,0.0,0.0,0.0,100.0,0.0
20150117000819,0.0,0.0,0.0,0.0,0.0,0.0,100.0,0.0
20150117000849,0.0,0.0,0.0,0.0,0.0,0.0,100.0,0.0
20150117000920,0.0,0.0,0.0,0.0,0.0,0.0,100.0,0.0
20150117000950,0.0,0.0,0.0,0.0,0.0,0.0,100.0,0.0
20150117001020,0.0,0.0,0.0,0.0,0.0,0.0,100.0,0.0
20150117001050,0.0,0.0,0.0,0.0,0.0,0.0,100.0,0.0
20150117001120,0.0,0.0,0.0,0.0,0.0,0.0,100.0,0.0
20150117001150,0.0,0.0,0.0,0.0,0.0,0.0,100.0,0.0
20150117001220,0.0,0.0,0.0,0.0,0.0,0.0,100.0,0.0
20150117001250,0.0,0.0,0.0,0.0,0.0,0.0,100.0,0.0
20150117001320,0.0,0.0,0.4,0.0,0.0,0.0,99.6,0.0
20150117001350,0.0,0.0,0.0,0.0,0.0,0.0,100.0,0.0
20150117001420,0.0,0.0,0.0,0.0,0.0,0.0,100.0,0.0
20150117001450,0.0,0.0,0.0,0.0,0.0,0.0,99.9,0.0
20150117001520,0.0,0.0,0.3,0.0,0.0,0.0,99.7,0.0
20150117001550,0.0,0.0,0.0,0.0,0.0,0.0,100.0,0.0
20150117001620,0.0,0.0,0.0,0.0,0.0,0.0,100.0,0.0
20150117001650,0.0,0.0,0.0,0.0,0.0,0.0,100.0,0.0
20150117001720,0.0,0.0,0.0,0.0,0.0,0.0,100.0,0.0
20150117001750,0.0,0.0,0.0,0.0,0.0,0.0,100.0,0.0
20150117001820,0.0,0.0,0.0,0.0,0.0,0.0,100.0,0.0
20150117001850,0.0,0.0,0.0,0.0,0.0,0.0,100.0,0.0
20150117001920,0.0,0.0,0.6,0.0,0.0,0.0,99.3,0.0
20150117001950,0.0,0.0,0.4,0.0,0.0,0.0,99.6,0.0
20150117002020,0.0,0.0,0.0,0.0,0.0,0.0,99.9,0.0
20150117002050,0.0,0.0,0.3,0.0,0.0,0.0,99.7,0.0
20150117002120,0.0,0.0,0.0,0.0,0.0,0.0,100.0,0.0
20150117002150,0.0,0.0,0.0,0.0,0.0,0.0,100.0,0.0
20150117002220,0.0,0.0,0.0,0.0,0.0,0.0,100.0,0.0
20150117002250,0.0,0.0,0.0,0.0,0.0,0.0,100.0,0.0
20150117002320,0.0,0.0,0.0,0.0,0.0,0.0,100.0,0.0
20150117002350,0.0,0.0,0.0,0.0,0.0,0.0,100.0,0.0
20150117002420,0.0,0.0,0.0,0.0,0.0,0.0,100.0,0.0
20150117002450,0.0,0.0,0.0,0.0,0.0,0.0,100.0,0.0
20150117002520,0.0,0.0,0.1,0.0,0.0,0.0,99.9,0.0
20150117002550,0.0,0.0,0.0,0.0,0.0,0.0,100.0,0.0
20150117002620,0.0,0.0,0.0,0.0,0.0,0.0,100.0,0.0
20150117002650,0.0,0.0,0.4,0.1,0.0,0.0,99.5,0.0
20150117002720,0.0,0.0,0.0,0.0,0.0,0.0,99.9,0.0
20150117002750,0.0,0.0,0.0,0.0,0.0,0.0,100.0,0.0
20150117002820,0.0,0.0,0.3,0.1,0.0,0.0,99.5,0.0
20150117002850,0.0,0.0,0.0,0.0,0.0,0.0,100.0,0.0
20150117002920,0.0,0.0,0.7,0.2,0.0,0.1,99.1,0.0
20150117002950,0.0,0.0,0.2,0.2,0.0,0.0,99.6,0.0
20150117003020,0.0,0.0,0.0,0.0,0.0,0.0,100.0,0.0
20150117003050,0.0,0.0,0.2,0.2,0.0,0.0,99.5,0.0
20150117003120,0.0,0.0,0.3,0.8,0.0,0.0,98.9,0.0
20150117003150,0.0,0.0,0.5,0.2,0.0,0.0,99.3,0.0
20150117003220,0.0,0.0,0.0,0.1,0.0,0.0,99.9,0.0
20150117003250,0.0,0.0,0.2,0.3,0.0,0.0,99.5,0.0
20150117003320,0.0,0.0,0.0,0.0,0.0,0.0,100.0,0.0
20150117003350,0.0,0.0,0.0,0.0,0.0,0.0,100.0,0.0
20150117003420,0.0,0.0,0.4,0.1,0.0,0.0,99.5,0.0
20150117003450,0.0,0.0,0.5,0.0,0.0,0.0,99.4,0.0
20150117003520,0.0,0.0,0.6,0.1,0.0,0.0,99.3,0.0
20150117003550,0.0,0.0,0.3,0.0,0.0,0.0,99.7,0.0
20150117003620,0.0,0.0,0.4,0.0,0.0,0.0,99.6,0.0
20150117003650,0.0,0.0,0.1,0.1,0.0,0.0,99.8,0.0
20150117003720,0.0,0.0,0.1,0.0,0.0,0.0,99.9,0.0
20150117003750,0.0,0.0,0.7,0.1,0.0,0.0,99.2,0.0
20150117003820,0.0,0.0,1.3,0.1,0.0,0.0,98.5,0.0
20150117003850,0.0,0.0,0.4,0.0,0.0,0.0,99.6,0.0
20150117003920,0.0,0.0,0.4,0.2,0.0,0.0,99.4,0.0
20150117003950,0.0,0.0,0.4,0.1,0.0,0.0,99.5,0.0
20150117004020,0.0,0.0,0.1,0.0,0.0,0.0,99.8,0.0
20150117004050,0.0,0.0,0.1,0.1,0.0,0.0,99.7,0.0
20150117004120,0.0,0.0,0.0,0.0,0.0,0.0,100.0,0.0
20150117004150,0.0,0.0,0.1,0.4,0.0,0.0,99.5,0.1
20150117004220,0.0,0.0,0.0,0.1,0.0,0.0,99.9,0.0
20150117004250,0.0,0.0,0.0,0.1,0.0,0.0,99.8,0.0
20150117004321,0.0,0.0,0.0,0.0,0.0,0.0,100.0,0.0
20150117004351,0.0,0.0,0.0,0.0,0.0,0.0,99.9,0.0
20150117004421,0.0,0.0,0.1,0.1,0.0,0.0,99.8,0.0
20150117004451,0.0,0.0,0.0,0.0,0.0,0.0,100.0,0.0
20150117004521,0.0,0.0,0.0,0.0,0.0,0.0,100.0,0.0
20150117004551,0.0,0.0,0.3,0.0,0.0,0.0,99.7,0.0
20150117004621,0.0,0.0,0.0,0.0,0.0,0.0,100.0,0.0
20150117004651,0.0,0.0,0.0,0.0,0.0,0.0,100.0,0.0
20150117004721,0.0,0.0,0.1,0.8,0.0,0.0,99.1,0.0
20150117004751,0.0,0.0,0.0,0.0,0.0,0.0,100.0,0.0
20150117004821,0.0,0.0,0.0,0.0,0.0,0.0,100.0,0.0
20150117004851,0.0,0.0,0.1,0.0,0.0,0.0,99.9,0.0
20150117004921,0.0,0.0,0.1,0.4,0.0,0.0,99.6,0.0
20150117004951,0.0,0.0,0.0,0.0,0.0,0.0,99.9,0.0
20150117005021,0.0,0.0,0.0,0.0,0.0,0.0,100.0,0.0
20150117005051,0.0,0.0,0.0,0.0,0.0,0.0,100.0,0.0
20150117005121,0.0,0.0,0.0,0.0,0.0,0.0,99.9,0.0
20150117005151,0.0,0.0,0.0,0.0,0.0,0.0,100.0,0.0
20150117005221,0.0,0.0,0.0,0.2,0.0,0.0,99.8,0.0
20150117005251,0.0,0.0,0.0,0.0,0.0,0.0,100.0,0.0
20150117005321,0.0,0.0,0.0,0.0,0.0,0.0,100.0,0.0
20150117005351,0.0,0.0,0.0,0.0,0.0,0.0,100.0,0.0
20150117005421,0.0,0.0,0.0,0.0,0.0,0.0,100.0,0.0
20150117005451,0.0,0.0,0.0,0.1,0.0,0.0,99.9,0.0
20150117005521,0.0,0.0,0.0,0.0,0.0,0.0,99.9,0.0
20150117005551,0.0,0.0,0.2,0.2,0.0,0.0,99.6,0.0
20150117005621,0.0,0.0,0.1,0.0,0.0,0.0,99.9,0.0
20150117005651,0.0,0.0,0.0,0.0,0.0,0.0,100.0,0.0
20150117005721,0.0,0.0,0.0,0.0,0.0,0.0,100.0,0.0
20150117005751,0.0,0.0,0.0,0.0,0.0,0.0,100.0,0.0
20150117005821,0.0,0.0,0.1,0.0,0.0,0.0,99.9,0.0
20150117005851,0.0,0.0,0.1,0.0,0.0,0.0,99.8,0.0
20150117005921,0.0,0.0,0.1,0.0,0.0,0.0,99.9,0.0
20150117005951,0.0,0.0,0.2,0.0,0.0,0.0,99.8,0.0
20150117010021,0.0,0.0,0.1,0.0,0.0,0.0,99.9,0.0
20150117010051,0.0,0.0,0.0,0.0,0.0,0.0,99.9,0.0
20150117010121,0.0,0.0,0.1,0.0,0.0,0.0,99.9,0.0
20150117010151,0.0,0.0,0.0,0.0,0.0,0.0,100.0,0.0
20150117010221,0.0,0.0,0.8,0.1,0.0,0.0,99.1,0.0
20150117010251,0.0,0.0,0.1,0.0,0.0,0.0,99.9,0.0
20150117010321,0.0,0.0,0.1,0.2,0.0,0.0,99.6,0.0
20150117010351,0.0,0.0,0.0,0.0,0.0,0.0,99.9,0.0
20150117010421,0.0,0.0,0.1,0.1,0.0,0.0,99.9,0.0
20150117010451,0.0,0.0,0.1,0.0,0.0,0.0,99.9,0.0
20150117010521,0.0,0.0,0.0,0.1,0.0,0.0,99.9,0.0
20150117010551,0.0,0.0,0.1,0.3,0.0,0.0,99.6,0.0
20150117010621,0.0,0.0,0.0,0.1,0.0,0.0,99.8,0.0
20150117010651,0.0,0.0,0.3,0.1,0.0,0.0,99.6,0.0
20150117010721,0.0,0.0,0.0,0.1,0.0,0.0,99.9,0.0
20150117010751,0.0,0.0,0.0,0.0,0.0,0.0,99.9,0.0
20150117010821,0.0,0.0,0.2,0.1,0.0,0.0,99.7,0.0
20150117010851,0.0,0.0,0.1,0.1,0.0,0.0,99.8,0.0
20150117010921,0.0,0.0,0.2,0.3,0.0,0.0,99.5,0.0
20150117010951,0.0,0.0,0.3,0.1,0.0,0.0,99.6,0.0
20150117011021,0.0,0.0,0.1,0.0,0.0,0.0,99.8,0.0
20150117011051,0.0,0.0,0.1,0.0,0.0,0.0,99.8,0.0
20150117011121,0.0,0.0,0.2,0.1,0.0,0.0,99.7,0.0
20150117011151,0.0,0.0,0.2,0.1,0.0,0.0,99.8,0.0
20150117011221,0.0,0.0,0.0,0.0,0.0,0.0,100.0,0.0
20150117011251,0.0,0.0,0.1,0.0,0.0,0.0,99.9,0.0
20150117011322,0.0,0.0,0.2,0.1,0.0,0.0,99.6,0.0
20150117011352,0.0,0.0,0.2,0.1,0.0,0.0,99.7,0.0
20150117011422,0.0,0.0,0.1,0.0,0.0,0.0,99.9,0.0
20150117011452,0.0,0.0,0.2,0.0,0.0,0.0,99.7,0.0
20150117011522,0.0,0.0,0.3,0.0,0.0,0.0,99.7,0.0
20150117011552,0.0,0.0,0.3,0.0,0.0,0.0,99.7,0.0
20150117011622,0.0,0.0,0.0,0.0,0.0,0.0,99.9,0.0
20150117011652,0.0,0.0,0.3,0.0,0.0,0.0,99.6,0.0
20150117011722,0.0,0.0,0.3,0.0,0.0,0.0,99.6,0.0
20150117011752,0.0,0.0,0.1,0.0,0.0,0.0,99.9,0.0
20150117011822,0.0,0.0,0.0,0.0,0.0,0.0,100.0,0.0
20150117011852,0.0,0.0,0.0,0.0,0.0,0.0,99.9,0.0
20150117011922,0.0,0.0,0.0,0.0,0.0,0.0,100.0,0.0
20150117011952,0.0,0.0,0.1,0.0,0.0,0.0,99.9,0.0
20150117012022,0.0,0.0,0.0,0.0,0.0,0.0,100.0,0.0
20150117012052,0.0,0.0,0.0,0.0,0.0,0.0,100.0,0.0
20150117012122,0.0,0.0,0.0,0.0,0.0,0.0,100.0,0.0
20150117012152,0.0,0.0,0.3,0.1,0.0,0.0,99.7,0.0
20150117012222,0.0,0.0,0.1,0.0,0.0,0.0,99.9,0.0
20150117012252,0.0,0.0,0.1,0.0,0.0,0.0,99.9,0.0
20150117012322,0.0,0.0,0.1,0.0,0.0,0.0,99.9,0.0
20150117012352,0.0,0.0,0.0,0.0,0.0,0.0,100.0,0.0
20150117012422,0.0,0.0,0.3,0.1,0.0,0.0,99.5,0.0
20150117012452,0.0,0.0,0.1,0.0,0.0,0.0,99.9,0.0
20150117012522,0.0,0.0,0.1,0.1,0.0,0.0,99.8,0.0
20150117012552,0.0,0.0,0.3,0.4,0.0,0.0,99.4,0.0
20150117012622,0.0,0.0,0.1,0.1,0.0,0.0,99.8,0.0
20150117012652,0.0,0.0,0.1,0.0,0.0,0.0,99.9,0.0
20150117012722,0.0,0.0,0.0,0.0,0.0,0.0,100.0,0.0
20150117012752,0.0,0.0,0.1,0.0,0.0,0.0,99.8,0.0
20150117012822,0.0,0.0,0.1,0.0,0.0,0.0,99.9,0.0
20150117012852,0.0,0.0,0.0,0.0,0.0,0.0,100.0,0.0
20150117012922,0.0,0.0,0.0,0.0,0.0,0.0,100.0,0.0
20150117012952,0.0,0.0,0.1,0.0,0.0,0.0,99.8,0.0
20150117013022,0.0,0.0,0.0,0.0,0.0,0.0,100.0,0.0
20150117013052,0.0,0.0,0.0,0.0,0.0,0.0,100.0,0.0
20150117013122,0.0,0.0,0.0,0.0,0.0,0.0,100.0,0.0
20150117013152,0.0,0.0,0.0,0.0,0.0,0.0,100.0,0.0
20150117013222,0.0,0.0,0.0,0.0,0.0,0.0,100.0,0.0
20150117013252,0.0,0.0,0.0,0.0,0.0,0.0,100.0,0.0
20150117013322,0.0,0.0,0.0,0.4,0.0,0.0,99.6,0.0
20150117013352,0.0,0.0,0.0,0.0,0.0,0.0,100.0,0.0
20150117013422,0.0,0.0,0.0,0.0,0.0,0.0,100.0,0.0
20150117013452,0.0,0.0,0.0,0.0,0.0,0.0,100.0,0.0
20150117013522,0.0,0.0,0.0,0.0,0.0,0.0,100.0,0.0
20150117013552,0.0,0.0,0.1,0.1,0.0,0.0,99.9,0.0
20150117013622,0.0,0.0,0.0,0.0,0.0,0.0,100.0,0.0
20150117013652,0.0,0.0,0.0,0.0,0.0,0.0,100.0,0.0
20150117013722,0.0,0.0,0.0,0.0,0.0,0.0,99.9,0.0
20150117013752,0.0,0.0,0.2,0.1,0.0,0.0,99.7,0.0
20150117013822,0.0,0.0,0.3,0.3,0.0,0.0,99.4,0.0
20150117013852,0.0,0.0,0.1,0.9,0.0,0.0,99.0,0.0
20150117013922,0.0,0.0,0.1,0.0,0.0,0.0,99.9,0.0
20150117013952,0.0,0.0,1.8,0.2,0.0,0.0,98.0,0.0
20150117014022,0.0,0.0,2.5,0.4,0.0,0.0,97.1,0.0
20150117014052,0.0,0.0,0.1,0.0,0.0,0.0,99.9,0.0
20150117014122,0.0,0.0,0.1,0.0,0.0,0.0,99.9,0.0
20150117014152,0.0,0.0,0.4,0.0,0.0,0.0,99.6,0.0
20150117014222,0.0,0.0,0.1,0.0,0.0,0.0,99.9,0.0
20150117014252,0.0,0.0,0.1,0.0,0.0,0.0,99.9,0.0
20150117014322,0.0,0.0,0.1,0.0,0.0,0.0,99.9,0.0
20150117014352,0.0,0.0,0.0,0.0,0.0,0.0,100.0,0.0
20150117014422,0.0,0.0,0.0,0.0,0.0,0.0,100.0,0.0
20150117014453,0.0,0.0,0.0,0.0,0.0,0.0,100.0,0.0
20150117014523,0.0,0.0,0.0,0.0,0.0,0.0,100.0,0.0
20150117014553,0.0,0.0,0.0,0.0,0.0,0.0,100.0,0.0
20150117014623,0.0,0.0,0.0,0.0,0.0,0.0,100.0,0.0
20150117014653,0.0,0.0,0.0,0.0,0.0,0.0,100.0,0.0
20150117014723,0.0,0.0,0.0,0.0,0.0,0.0,99.9,0.0
20150117014753,0.0,0.0,0.0,0.0,0.0,0.0,100.0,0.0
20150117014823,0.0,0.0,0.0,0.0,0.0,0.0,100.0,0.0
20150117014853,0.0,0.0,0.0,0.0,0.0,0.0,100.0,0.0
20150117014923,0.0,0.0,0.0,0.0,0.0,0.0,99.9,0.0
20150117014953,0.0,0.0,0.0,0.0,0.0,0.0,99.9,0.0
20150117015023,0.0,0.0,0.2,0.0,0.0,0.0,99.7,0.0
20150117015053,0.0,0.0,0.0,0.0,0.0,0.0,100.0,0.0
20150117015123,0.0,0.0,0.0,0.0,0.0,0.0,100.0,0.0
20150117015153,0.0,0.0,0.0,0.0,0.0,0.0,100.0,0.0
20150117015223,0.0,0.0,0.0,0.0,0.0,0.0,100.0,0.0
20150117015253,0.0,0.0,1.2,0.1,0.0,0.0,98.7,0.0
20150117015323,0.0,0.0,0.1,0.0,0.0,0.0,99.9,0.0
20150117015353,0.0,0.0,0.1,0.0,0.0,0.0,99.9,0.0
20150117015423,0.0,0.0,0.5,0.0,0.0,0.0,99.5,0.0
20150117015453,0.0,0.0,0.2,0.0,0.0,0.0,99.7,0.0
20150117015523,0.0,0.0,0.1,0.0,0.0,0.0,99.9,0.0
20150117015553,0.0,0.0,0.1,0.0,0.0,0.0,99.9,0.0
20150117015623,0.0,0.0,0.4,0.0,0.0,0.0,99.6,0.0
20150117015653,0.0,0.0,0.0,0.0,0.0,0.0,100.0,0.0
20150117015723,0.0,0.0,0.0,0.0,0.0,0.0,100.0,0.0
20150117015753,0.0,0.0,0.0,0.0,0.0,0.0,100.0,0.0
20150117015823,0.0,0.0,0.0,0.0,0.0,0.0,100.0,0.0
20150117015853,0.0,0.0,0.0,0.0,0.0,0.0,100.0,0.0
20150117015923,0.0,0.0,0.0,0.0,0.0,0.0,100.0,0.0
20150117015953,0.0,0.0,0.0,0.0,0.0,0.0,100.0,0.0
20150117020023,0.0,0.0,0.0,0.0,0.0,0.0,100.0,0.0
20150117020053,0.0,0.0,0.0,0.0,0.0,0.0,100.0,0.0
20150117020123,0.0,0.0,0.0,0.0,0.0,0.0,100.0,0.0
20150117020153,0.0,0.0,0.0,0.0,0.0,0.0,100.0,0.0
20150117020223,0.0,0.0,0.0,0.0,0.0,0.0,100.0,0.0
20150117020253,0.0,0.0,0.0,0.0,0.0,0.0,100.0,0.0
20150117020323,0.0,0.0,0.0,0.0,0.0,0.0,100.0,0.0
20150117020353,0.0,0.0,0.0,0.0,0.0,0.0,100.0,0.0
20150117020423,0.0,0.0,0.0,0.0,0.0,0.0,100.0,0.0
20150117020453,0.0,0.0,0.1,0.0,0.0,0.0,99.9,0.0
20150117020523,0.0,0.0,0.0,0.0,0.0,0.0,100.0,0.0
20150117020553,0.0,0.0,0.0,0.0,0.0,0.0,100.0,0.0
20150117020623,0.0,0.0,0.0,0.0,0.0,0.0,100.0,0.0
20150117020653,0.0,0.0,0.0,0.0,0.0,0.0,100.0,0.0
20150117020723,0.0,0.0,0.0,0.0,0.0,0.0,100.0,0.0
20150117020753,0.0,0.0,0.8,0.0,0.0,0.0,99.1,0.0
20150117020823,0.0,0.0,0.3,0.0,0.0,0.0,99.7,0.0
20150117020853,0.0,0.0,0.0,0.0,0.0,0.0,100.0,0.0
20150117020923,0.0,0.0,0.0,0.0,0.0,0.0,99.9,0.0
20150117020953,0.0,0.0,0.0,0.0,0.0,0.0,100.0,0.0
20150117021023,0.0,0.0,0.0,0.0,0.0,0.0,100.0,0.0
20150117021053,0.0,0.0,0.1,0.0,0.0,0.0,99.9,0.0
20150117021123,0.0,0.0,0.0,0.0,0.0,0.0,100.0,0.0
20150117021153,0.0,0.0,0.0,0.0,0.0,0.0,100.0,0.0
20150117021223,0.0,0.0,0.0,0.0,0.0,0.0,100.0,0.0
20150117021253,0.0,0.0,0.0,0.0,0.0,0.0,100.0,0.0
20150117021323,0.0,0.0,0.0,0.0,0.0,0.0,100.0,0.0
20150117021353,0.0,0.0,0.0,0.0,0.0,0.0,100.0,0.0
20150117021423,0.0,0.0,0.0,0.0,0.0,0.0,100.0,0.0
20150117021453,0.0,0.0,0.0,0.0,0.0,0.0,100.0,0.0
20150117021523,0.0,0.0,0.0,0.0,0.0,0.0,100.0,0.0
20150117021553,0.0,0.0,0.0,0.0,0.0,0.0,100.0,0.0
20150117021623,0.0,0.0,0.0,0.0,0.0,0.0,100.0,0.0
20150117021653,0.0,0.0,0.0,0.0,0.0,0.0,100.0,0.0
20150117021723,0.0,0.0,0.0,0.0,0.0,0.0,100.0,0.0
20150117021753,0.0,0.0,0.0,0.0,0.0,0.0,100.0,0.0
20150117021823,0.0,0.0,0.0,0.0,0.0,0.0,100.0,0.0
20150117021853,0.0,0.0,0.0,0.0,0.0,0.0,100.0,0.0
20150117021923,0.0,0.0,0.0,0.0,0.0,0.0,100.0,0.0
20150117021954,0.0,0.0,0.0,0.0,0.0,0.0,100.0,0.0
20150117022024,0.0,0.0,0.0,0.0,0.0,0.0,100.0,0.0
20150117022054,0.0,0.0,0.0,0.0,0.0,0.0,100.0,0.0
20150117022124,0.0,0.0,0.0,0.0,0.0,0.0,100.0,0.0
20150117022154,0.0,0.0,0.0,0.0,0.0,0.0,100.0,0.0
20150117022224,0.0,0.0,0.0,0.0,0.0,0.0,100.0,0.0
20150117022254,0.0,0.0,0.0,0.0,0.0,0.0,100.0,0.0
20150117022324,0.0,0.0,0.0,0.0,0.0,0.0,100.0,0.0
20150117022354,0.0,0.0,0.1,0.0,0.0,0.0,99.9,0.0
20150117022424,0.0,0.0,0.0,0.0,0.0,0.0,100.0,0.0
20150117022454,0.0,0.0,0.0,0.0,0.0,0.0,100.0,0.0
20150117022524,0.0,0.0,0.0,0.0,0.0,0.0,100.0,0.0
20150117022554,0.0,0.0,0.0,0.0,0.0,0.0,100.0,0.0
20150117022624,0.0,0.0,0.1,0.0,0.0,0.0,99.9,0.0
20150117022654,0.0,0.0,0.0,0.0,0.0,0.0,100.0,0.0
20150117022724,0.0,0.0,0.0,0.0,0.0,0.0,100.0,0.0
20150117022754,0.0,0.0,0.0,0.0,0.0,0.0,100.0,0.0
20150117022824,0.0,0.0,0.0,0.0,0.0,0.0,100.0,0.0
20150117022854,0.0,0.0,0.0,0.0,0.0,0.0,100.0,0.0
20150117022924,0.0,0.0,0.0,0.0,0.0,0.0,100.0,0.0
20150117022954,0.0,0.0,0.0,0.0,0.0,0.0,100.0,0.0
20150117023024,0.0,0.0,0.0,0.0,0.0,0.0,100.0,0.0
20150117023054,0.0,0.0,0.0,0.0,0.0,0.0,100.0,0.0
20150117023124,0.0,0.0,0.0,0.0,0.0,0.0,100.0,0.0
20150117023154,0.0,0.0,0.0,0.0,0.0,0.0,100.0,0.0
20150117023224,0.0,0.0,0.0,0.0,0.0,0.0,100.0,0.0
20150117023254,0.0,0.0,0.0,0.0,0.0,0.0,100.0,0.0
20150117023324,0.0,0.0,0.0,0.0,0.0,0.0,100.0,0.0
20150117023354,0.0,0.0,0.0,0.0,0.0,0.0,100.0,0.0
20150117023424,0.0,0.0,0.0,0.0,0.0,0.0,100.0,0.0
20150117023454,0.0,0.0,0.4,0.0,0.0,0.0,99.6,0.0
20150117023524,0.0,0.0,0.0,0.0,0.0,0.0,100.0,0.0
20150117023554,0.0,0.0,0.1,0.0,0.0,0.0,99.9,0.0
20150117023624,0.0,0.0,0.0,0.0,0.0,0.0,99.9,0.0
20150117023654,0.0,0.0,0.5,0.0,0.0,0.0,99.5,0.0
20150117023724,0.0,0.0,0.5,0.2,0.0,0.0,99.3,0.0
20150117023754,0.0,0.0,0.2,0.0,0.0,0.0,99.8,0.0
20150117023824,0.0,0.0,0.0,0.0,0.0,0.0,100.0,0.0
20150117023854,0.0,0.0,0.1,0.0,0.0,0.0,99.9,0.0
20150117023924,0.0,0.0,0.0,0.0,0.0,0.0,100.0,0.0
20150117023954,0.0,0.0,0.0,0.0,0.0,0.0,100.0,0.0
20150117024024,0.0,0.0,0.0,0.0,0.0,0.0,100.0,0.0
20150117024054,0.0,0.0,0.0,0.0,0.0,0.0,100.0,0.0
20150117024124,0.0,0.0,0.0,0.0,0.0,0.0,100.0,0.0
20150117024154,0.0,0.0,0.0,0.0,0.0,0.0,100.0,0.0
20150117024224,0.0,0.0,0.0,0.0,0.0,0.0,100.0,0.0
20150117024254,0.0,0.0,0.0,0.0,0.0,0.0,100.0,0.0
20150117024324,0.0,0.0,0.0,0.0,0.0,0.0,100.0,0.0
20150117024354,0.0,0.0,0.0,0.0,0.0,0.0,100.0,0.0
20150117024424,0.0,0.0,0.0,0.0,0.0,0.0,100.0,0.0
20150117024454,0.0,0.0,0.0,0.0,0.0,0.0,100.0,0.0
20150117024524,0.0,0.0,0.0,0.0,0.0,0.0,100.0,0.0
20150117024554,0.0,0.0,0.0,0.0,0.0,0.0,100.0,0.0
20150117024624,0.0,0.0,0.0,0.0,0.0,0.0,99.9,0.0
20150117024654,0.0,0.0,0.1,0.0,0.0,0.0,99.9,0.0
20150117024724,0.0,0.0,0.3,0.0,0.0,0.0,99.7,0.0
20150117024754,0.0,0.0,0.3,0.0,0.0,0.0,99.7,0.0
20150117024824,0.0,0.0,1.9,0.1,0.0,0.0,98.0,0.0
20150117024854,0.0,0.0,0.2,0.0,0.0,0.0,99.8,0.0
20150117024924,0.0,0.0,0.1,0.0,0.0,0.0,99.9,0.0
20150117024954,0.0,0.0,0.3,0.0,0.0,0.0,99.7,0.0
20150117025024,0.0,0.0,0.1,0.0,0.0,0.0,99.9,0.0
20150117025054,0.0,0.0,0.0,0.0,0.0,0.0,100.0,0.0
20150117025124,0.0,0.0,0.0,0.0,0.0,0.0,100.0,0.0
20150117025154,0.0,0.0,0.0,0.0,0.0,0.0,100.0,0.0
20150117025224,0.0,0.0,0.0,0.0,0.0,0.0,100.0,0.0
20150117025254,0.0,0.0,0.0,0.0,0.0,0.0,100.0,0.0
20150117025324,0.0,0.0,0.0,0.0,0.0,0.0,100.0,0.0
20150117025355,0.0,0.0,0.0,0.0,0.0,0.0,100.0,0.0
20150117025425,0.0,0.0,0.1,0.0,0.0,0.0,99.9,0.0
20150117025455,0.0,0.0,0.0,0.0,0.0,0.0,100.0,0.0
20150117025525,0.0,0.0,0.0,0.0,0.0,0.0,100.0,0.0
20150117025555,0.0,0.0,0.0,0.0,0.0,0.0,100.0,0.0
20150117025625,0.0,0.0,0.0,0.0,0.0,0.0,99.9,0.0
20150117025655,0.0,0.0,0.0,0.0,0.0,0.0,100.0,0.0
20150117025725,0.0,0.0,0.0,0.0,0.0,0.0,100.0,0.0
20150117025755,0.0,0.0,0.0,0.0,0.0,0.0,100.0,0.0
20150117025825,0.0,0.0,0.4,0.0,0.0,0.0,99.6,0.0
20150117025855,0.0,0.0,0.0,0.0,0.0,0.0,100.0,0.0
20150117025925,0.0,0.0,0.8,0.0,0.0,0.0,99.2,0.0
20150117025955,0.0,0.0,0.0,0.0,0.0,0.0,100.0,0.0
20150117030025,0.0,0.0,0.0,0.0,0.0,0.0,100.0,0.0
20150117030055,0.0,0.0,0.2,0.0,0.0,0.0,99.8,0.0
20150117030125,0.0,0.0,0.1,0.0,0.0,0.0,99.9,0.0
20150117030155,0.0,0.0,0.9,0.0,0.0,0.0,99.1,0.0
20150117030225,0.0,0.0,0.3,0.0,0.0,0.0,99.7,0.0
20150117030255,0.0,0.0,0.1,0.0,0.0,0.0,99.9,0.0
20150117030325,0.0,0.0,0.0,0.0,0.0,0.0,100.0,0.0
20150117030355,0.0,0.0,0.2,0.0,0.0,0.0,99.8,0.0
20150117030425,0.0,0.0,0.0,0.0,0.0,0.0,100.0,0.0
20150117030455,0.0,0.0,0.0,0.0,0.0,0.0,100.0,0.0
20150117030525,0.0,0.0,0.1,0.0,0.0,0.0,99.8,0.0
20150117030555,0.0,0.0,0.1,0.0,0.0,0.0,99.9,0.0
20150117030625,0.0,0.0,0.1,0.0,0.0,0.0,99.9,0.0
20150117030655,0.0,0.0,0.3,0.0,0.0,0.0,99.7,0.0
20150117030725,0.0,0.0,0.2,0.0,0.0,0.0,99.8,0.0
20150117030755,0.0,0.0,14.2,0.6,0.0,0.0,85.2,0.1
20150117030825,0.0,0.0,0.2,0.0,0.0,0.0,99.7,0.0
20150117030855,0.0,0.0,0.4,0.0,0.0,0.0,99.6,0.0
20150117030925,0.0,0.0,0.3,0.0,0.0,0.0,99.7,0.0
20150117030955,0.0,0.0,0.1,0.0,0.0,0.0,99.9,0.0
20150117031025,0.0,0.0,0.0,0.0,0.0,0.0,100.0,0.0
20150117031055,0.0,0.0,0.1,0.0,0.0,0.0,99.8,0.0
20150117031125,0.0,0.0,0.4,0.0,0.0,0.0,99.6,0.0
20150117031155,0.0,0.0,0.0,0.0,0.0,0.0,100.0,0.0
20150117031225,0.0,0.0,0.0,0.0,0.0,0.0,99.9,0.0
20150117031255,0.0,0.0,0.0,0.0,0.0,0.0,100.0,0.0
20150117031325,0.0,0.0,0.1,0.0,0.0,0.0,99.9,0.0
20150117031355,0.0,0.0,0.0,0.0,0.0,0.0,100.0,0.0
20150117031425,0.0,0.0,0.0,0.0,0.0,0.0,100.0,0.0
20150117031455,0.0,0.0,0.0,0.0,0.0,0.0,100.0,0.0
20150117031525,0.0,0.0,0.1,0.0,0.0,0.0,99.9,0.0
20150117031555,0.0,0.0,0.2,0.1,0.0,0.0,99.7,0.0
20150117031625,0.0,0.0,3.4,0.2,0.0,0.0,96.4,0.0
20150117031655,0.0,0.0,0.6,0.0,0.0,0.0,99.4,0.0
20150117031725,0.0,0.0,0.4,0.0,0.0,0.0,99.6,0.0
20150117031755,0.0,0.0,0.1,0.0,0.0,0.0,99.9,0.0
20150117031825,0.0,0.0,0.1,0.0,0.0,0.0,99.9,0.0
20150117031855,0.0,0.0,0.1,0.0,0.0,0.0,99.8,0.0
20150117031925,0.0,0.0,0.2,0.0,0.0,0.0,99.7,0.0
20150117031955,0.0,0.0,0.5,0.0,0.0,0.0,99.5,0.0
20150117032025,0.0,0.0,0.0,0.0,0.0,0.0,100.0,0.0
20150117032055,0.0,0.0,0.0,0.0,0.0,0.0,100.0,0.0
20150117032126,0.0,0.0,0.0,0.0,0.0,0.0,100.0,0.0
20150117032156,0.0,0.0,0.0,0.0,0.0,0.0,100.0,0.0
20150117032226,0.0,0.0,0.0,0.0,0.0,0.0,100.0,0.0
20150117032256,0.0,0.0,0.0,0.0,0.0,0.0,100.0,0.0
20150117032326,0.0,0.0,0.0,0.0,0.0,0.0,100.0,0.0
20150117032356,0.0,0.0,0.0,0.0,0.0,0.0,100.0,0.0
20150117032426,0.0,0.0,0.0,0.0,0.0,0.0,100.0,0.0
20150117032456,0.0,0.0,0.0,0.0,0.0,0.0,100.0,0.0
20150117032526,0.0,0.0,0.0,0.0,0.0,0.0,100.0,0.0
20150117032556,0.0,0.0,0.0,0.0,0.0,0.0,100.0,0.0
20150117032626,0.0,0.0,0.0,0.0,0.0,0.0,100.0,0.0
20150117032656,0.0,0.0,0.0,0.0,0.0,0.0,100.0,0.0
20150117032726,0.0,0.0,0.0,0.0,0.0,0.0,100.0,0.0
20150117032756,0.0,0.0,0.0,0.0,0.0,0.0,100.0,0.0
20150117032826,0.0,0.0,0.0,0.0,0.0,0.0,100.0,0.0
20150117032856,0.0,0.0,0.0,0.0,0.0,0.0,100.0,0.0
20150117032926,0.0,0.0,0.0,0.0,0.0,0.0,100.0,0.0
20150117032956,0.0,0.0,0.0,0.0,0.0,0.0,100.0,0.0
20150117033026,0.0,0.0,0.0,0.1,0.0,0.0,99.8,0.0
20150117033056,0.0,0.0,0.1,0.9,0.0,0.0,99.0,0.0
20150117033126,0.0,0.0,0.0,0.0,0.0,0.0,99.9,0.0
20150117033156,0.0,0.0,0.0,0.0,0.0,0.0,100.0,0.0
20150117033226,0.0,0.0,0.0,0.0,0.0,0.0,100.0,0.0
20150117033256,0.0,0.0,0.0,0.0,0.0,0.0,100.0,0.0
20150117033326,0.0,0.0,0.0,0.0,0.0,0.0,99.9,0.0
20150117033356,0.0,0.0,0.0,0.0,0.0,0.0,100.0,0.0
20150117033426,0.0,0.0,0.5,0.1,0.0,0.0,99.4,0.0
20150117033456,0.0,0.0,0.0,0.0,0.0,0.0,99.9,0.0
20150117033526,0.0,0.0,0.0,0.0,0.0,0.0,100.0,0.0
20150117033556,0.0,0.0,0.0,0.0,0.0,0.0,100.0,0.0
20150117033626,0.0,0.0,0.3,0.0,0.0,0.0,99.7,0.0
20150117033656,0.0,0.0,0.8,0.0,0.0,0.0,99.2,0.0
20150117033726,0.0,0.0,1.4,0.1,0.0,0.0,98.4,0.1
20150117033756,0.0,0.0,1.5,0.0,0.0,0.0,98.4,0.0
20150117033826,0.0,0.0,0.2,0.0,0.0,0.0,99.8,0.0
20150117033856,0.0,0.0,0.0,0.0,0.0,0.0,99.8,0.1
20150117033926,0.0,0.0,1.2,0.0,0.0,0.0,98.8,0.0
20150117033956,0.0,0.0,2.2,0.2,0.0,0.0,97.6,0.0
20150117034026,0.0,0.0,1.2,0.2,0.0,0.0,98.6,0.0
20150117034056,0.0,0.0,3.0,0.1,0.0,0.0,96.9,0.0
20150117034126,0.0,0.0,4.1,0.1,0.0,0.0,95.7,0.0
20150117034156,0.0,0.0,21.6,0.2,0.0,0.0,78.2,0.0
20150117034226,0.0,0.0,33.6,0.2,0.0,0.0,66.1,0.0
20150117034256,0.0,0.0,4.9,0.0,0.0,0.0,95.1,0.0
20150117034326,0.0,0.0,4.4,0.1,0.0,0.0,95.5,0.1
20150117034356,0.0,0.0,3.5,0.0,0.0,0.0,96.3,0.2
20150117034426,0.0,0.0,20.3,0.3,0.0,0.0,79.3,0.1
20150117034456,0.0,0.0,59.3,0.1,0.0,0.0,40.5,0.1
20150117034526,0.0,0.0,27.7,0.8,0.0,0.0,71.4,0.2
20150117034556,0.0,0.0,28.9,0.8,0.0,0.0,70.2,0.1
20150117034626,0.0,0.0,33.9,4.4,0.0,0.0,61.6,0.1
20150117034656,0.0,0.0,72.5,4.8,0.0,0.0,21.9,0.8
20150117034726,0.0,0.0,64.9,12.8,0.0,0.0,22.0,0.2
20150117034756,0.0,0.0,47.2,2.6,0.0,0.0,50.2,0.1
20150117034826,0.0,0.0,17.3,44.2,0.0,0.0,38.3,0.3
20150117034856,0.0,0.0,9.9,34.6,0.0,0.0,55.4,0.1
20150117034926,0.0,0.0,20.8,16.9,0.0,0.0,61.5,0.9
20150117034956,0.0,0.0,3.9,3.3,0.0,0.0,92.7,0.1
20150117035026,0.0,0.0,0.8,18.3,0.0,0.0,80.8,0.2
20150117035056,0.0,0.0,2.9,6.7,0.0,0.0,90.2,0.1
20150117035126,0.0,0.0,1.7,3.7,0.0,0.0,94.6,0.0
20150117035156,0.0,0.0,0.2,0.0,0.0,0.0,99.8,0.0
20150117035226,0.0,0.0,0.1,0.0,0.0,0.0,99.9,0.0
20150117035256,0.0,0.0,25.3,5.7,0.0,0.0,69.0,0.1
20150117035326,0.0,0.0,1.5,3.8,0.0,0.0,94.4,0.2
20150117035356,0.0,0.0,0.4,0.0,0.0,0.0,99.5,0.0
20150117035426,0.0,0.0,0.2,0.0,0.0,0.0,99.8,0.0
20150117035456,0.0,0.0,7.4,1.6,0.0,0.0,90.9,0.1
20150117035527,0.0,0.0,0.2,0.0,0.0,0.0,99.8,0.0
20150117035557,0.0,0.0,8.8,2.3,0.0,0.0,88.6,0.4
20150117035627,0.0,0.0,0.3,0.1,0.0,0.0,99.5,0.0
20150117035657,0.0,0.0,1.0,1.2,0.0,0.0,97.6,0.1
20150117035727,0.0,0.0,0.9,0.5,0.0,0.0,98.6,0.0
20150117035757,0.0,0.0,8.1,0.9,0.0,0.0,91.0,0.0
20150117035827,0.0,0.0,11.0,2.3,0.0,0.0,86.7,0.1
20150117035857,0.0,0.0,0.5,0.5,0.0,0.0,99.0,0.0
20150117035927,0.0,0.0,4.3,13.3,0.0,0.0,81.7,0.7
20150117035957,0.0,0.0,0.4,1.0,0.0,0.0,98.5,0.0
20150117040027,0.0,0.0,0.0,0.0,0.0,0.0,99.9,0.0
20150117040057,0.0,0.0,0.3,0.1,0.0,0.0,99.6,0.0
20150117040127,0.0,0.0,0.1,0.0,0.0,0.0,99.8,0.0
20150117040157,0.0,0.0,0.1,0.0,0.0,0.0,99.9,0.0
20150117040227,0.0,0.0,0.3,0.0,0.0,0.0,99.7,0.0
20150117040257,0.0,0.0,1.5,0.0,0.0,0.0,98.5,0.0
20150117040327,0.0,0.0,0.0,0.0,0.0,0.0,100.0,0.0
20150117040357,0.0,0.0,0.1,0.0,0.0,0.0,99.9,0.0
20150117040427,0.0,0.0,0.0,0.0,0.0,0.0,100.0,0.0
20150117040457,0.0,0.0,0.2,0.0,0.0,0.0,99.7,0.0
20150117040527,0.0,0.0,0.1,0.0,0.0,0.0,99.9,0.0
20150117040557,0.0,0.0,0.1,0.0,0.0,0.0,99.9,0.0
20150117040627,0.0,0.0,0.4,0.1,0.0,0.0,99.4,0.0
20150117040657,0.0,0.0,1.1,0.3,0.0,0.0,98.6,0.0
20150117040727,0.0,0.0,0.2,1.6,0.0,0.0,98.2,0.0
20150117040757,0.0,0.0,2.7,1.2,0.0,0.0,96.1,0.0
20150117040827,0.0,0.0,0.1,0.2,0.0,0.0,99.6,0.0
20150117040857,0.0,0.0,0.0,0.0,0.0,0.0,99.9,0.0
20150117040927,0.0,0.0,0.0,0.1,0.0,0.0,99.8,0.0
20150117040957,0.0,0.0,0.1,0.8,0.0,0.0,99.0,0.0
20150117041027,0.0,0.0,0.2,0.4,0.0,0.0,99.4,0.0
20150117041057,0.0,0.0,0.1,0.1,0.0,0.0,99.8,0.0
20150117041127,0.0,0.0,0.1,0.1,0.0,0.0,99.8,0.0
20150117041157,0.0,0.0,0.2,0.2,0.0,0.0,99.6,0.0
20150117041227,0.0,0.0,0.0,0.0,0.0,0.0,100.0,0.0
20150117041257,0.0,0.0,0.2,0.2,0.0,0.0,99.6,0.0
20150117041327,0.0,0.0,0.7,0.1,0.0,0.0,99.1,0.0
20150117041357,0.0,0.0,0.0,0.0,0.0,0.0,99.9,0.0
20150117041427,0.0,0.0,0.1,0.1,0.0,0.0,99.7,0.0
20150117041457,0.0,0.0,0.3,0.0,0.0,0.0,99.6,0.0
20150117041527,0.0,0.0,0.1,0.0,0.0,0.0,99.9,0.0
20150117041557,0.0,0.0,0.1,0.1,0.0,0.0,99.8,0.0
20150117041627,0.0,0.0,0.0,0.0,0.0,0.0,100.0,0.0
20150117041657,0.0,0.0,0.4,1.4,0.0,0.0,98.2,0.0
20150117041727,0.0,0.0,1.2,3.9,0.0,0.0,94.8,0.1
20150117041757,0.0,0.0,0.0,0.2,0.0,0.0,99.7,0.0
20150117041827,0.0,0.0,0.0,0.0,0.0,0.0,100.0,0.0
20150117041857,0.0,0.0,0.0,0.1,0.0,0.0,99.9,0.0
20150117041927,0.0,0.0,0.0,0.0,0.0,0.0,100.0,0.0
20150117041957,0.0,0.0,0.0,0.0,0.0,0.0,100.0,0.0
20150117042027,0.0,0.0,0.0,0.0,0.0,0.0,100.0,0.0
20150117042057,0.0,0.0,0.0,0.0,0.0,0.0,99.9,0.0
20150117042127,0.0,0.0,0.0,0.0,0.0,0.0,100.0,0.0
20150117042157,0.0,0.0,0.0,0.0,0.0,0.0,100.0,0.0
20150117042227,0.0,0.0,0.0,0.0,0.0,0.0,100.0,0.0
20150117042257,0.0,0.0,0.0,0.0,0.0,0.0,100.0,0.0
20150117042327,0.0,0.0,0.0,0.0,0.0,0.0,100.0,0.0
20150117042357,0.0,0.0,0.0,0.0,0.0,0.0,100.0,0.0
20150117042427,0.0,0.0,0.0,0.0,0.0,0.0,100.0,0.0
20150117042457,0.0,0.0,0.0,0.0,0.0,0.0,100.0,0.0
20150117042527,0.0,0.0,0.0,0.0,0.0,0.0,100.0,0.0
20150117042557,0.0,0.0,0.0,0.0,0.0,0.0,100.0,0.0
20150117042627,0.0,0.0,0.0,0.0,0.0,0.0,100.0,0.0
20150117042657,0.0,0.0,0.0,0.0,0.0,0.0,100.0,0.0
20150117042727,0.0,0.0,0.0,0.0,0.0,0.0,100.0,0.0
20150117042757,0.0,0.0,0.0,0.0,0.0,0.0,100.0,0.0
20150117042827,0.0,0.0,0.0,0.0,0.0,0.0,100.0,0.0
20150117042857,0.0,0.0,0.0,0.0,0.0,0.0,100.0,0.0
20150117042928,0.0,0.0,0.0,0.0,0.0,0.0,100.0,0.0
20150117042958,0.0,0.0,0.0,0.0,0.0,0.0,100.0,0.0
20150117043028,0.0,0.0,0.0,0.0,0.0,0.0,100.0,0.0
20150117043058,0.0,0.0,0.0,0.0,0.0,0.0,100.0,0.0
20150117043128,0.0,0.0,0.0,0.0,0.0,0.0,100.0,0.0
20150117043158,0.0,0.0,0.0,0.0,0.0,0.0,100.0,0.0
20150117043228,0.0,0.0,0.0,0.0,0.0,0.0,100.0,0.0
20150117043258,0.0,0.0,0.0,0.0,0.0,0.0,100.0,0.0
20150117043328,0.0,0.0,0.0,0.0,0.0,0.0,100.0,0.0
20150117043358,0.0,0.0,0.0,0.0,0.0,0.0,100.0,0.0
20150117043428,0.0,0.0,0.0,0.0,0.0,0.0,100.0,0.0
20150117043458,0.0,0.0,0.0,0.0,0.0,0.0,100.0,0.0
20150117043528,0.0,0.0,0.0,0.0,0.0,0.0,100.0,0.0
20150117043558,0.0,0.0,0.1,0.0,0.0,0.0,99.9,0.0
20150117043628,0.0,0.0,0.1,0.0,0.0,0.0,99.8,0.0
20150117043658,0.0,0.0,0.0,0.0,0.0,0.0,100.0,0.0
20150117043728,0.0,0.0,0.1,0.0,0.0,0.0,99.9,0.0
20150117043758,0.0,0.0,0.0,0.0,0.0,0.0,100.0,0.0
20150117043828,0.0,0.0,0.1,0.1,0.0,0.0,99.8,0.0
20150117043858,0.0,0.0,0.0,0.0,0.0,0.0,100.0,0.0
20150117043928,0.0,0.0,0.0,0.1,0.0,0.0,99.9,0.0
20150117043958,0.0,0.0,0.0,0.0,0.0,0.0,100.0,0.0
20150117044028,0.0,0.0,0.0,0.0,0.0,0.0,100.0,0.0
20150117044058,0.0,0.0,0.0,0.0,0.0,0.0,100.0,0.0
20150117044128,0.0,0.0,0.0,0.0,0.0,0.0,100.0,0.0
20150117044158,0.0,0.0,0.0,0.0,0.0,0.0,100.0,0.0
20150117044228,0.0,0.0,0.0,0.0,0.0,0.0,100.0,0.0
20150117044258,0.0,0.0,0.1,0.2,0.0,0.0,99.8,0.0
20150117044328,0.0,0.0,0.0,0.0,0.0,0.0,100.0,0.0
20150117044358,0.0,0.0,0.0,0.0,0.0,0.0,100.0,0.0
20150117044428,0.0,0.0,0.0,0.0,0.0,0.0,100.0,0.0
20150117044458,0.0,0.0,0.0,0.0,0.0,0.0,100.0,0.0
20150117044528,0.0,0.0,0.0,0.0,0.0,0.0,100.0,0.0
20150117044558,0.0,0.0,0.0,0.0,0.0,0.0,100.0,0.0
20150117044628,0.0,0.0,0.0,0.0,0.0,0.0,100.0,0.0
20150117044658,0.0,0.0,0.0,0.0,0.0,0.0,100.0,0.0
20150117044728,0.0,0.0,0.0,0.0,0.0,0.0,100.0,0.0
20150117044758,0.0,0.0,0.0,0.0,0.0,0.0,100.0,0.0
20150117044828,0.0,0.0,0.0,0.0,0.0,0.0,100.0,0.0
20150117044858,0.0,0.0,0.1,0.1,0.0,0.0,99.8,0.0
20150117044928,0.0,0.0,0.1,0.1,0.0,0.0,99.8,0.0
20150117044958,0.0,0.0,0.0,0.0,0.0,0.0,100.0,0.0
20150117045028,0.0,0.0,0.0,0.1,0.0,0.0,99.9,0.0
20150117045058,0.0,0.0,0.0,0.0,0.0,0.0,99.9,0.0
20150117045128,0.0,0.0,0.3,0.5,0.0,0.0,99.3,0.0
20150117045158,0.0,0.0,0.1,0.0,0.0,0.0,99.9,0.0
20150117045228,0.0,0.0,0.1,0.1,0.0,0.0,99.8,0.0
20150117045258,0.0,0.0,0.0,0.0,0.0,0.0,100.0,0.0
20150117045328,0.0,0.0,0.0,0.0,0.0,0.0,100.0,0.0
20150117045358,0.0,0.0,0.0,0.0,0.0,0.0,99.9,0.0
20150117045428,0.0,0.0,0.0,0.0,0.0,0.0,100.0,0.0
20150117045458,0.0,0.0,0.0,0.0,0.0,0.0,100.0,0.0
20150117045528,0.0,0.0,0.2,0.0,0.0,0.0,99.8,0.0
20150117045558,0.0,0.0,0.0,0.0,0.0,0.0,100.0,0.0
20150117045628,0.0,0.0,0.0,0.0,0.0,0.0,100.0,0.0
20150117045659,0.0,0.0,0.0,0.0,0.0,0.0,100.0,0.0
20150117045729,0.0,0.0,0.0,0.0,0.0,0.0,100.0,0.0
20150117045759,0.0,0.0,0.0,0.0,0.0,0.0,100.0,0.0
20150117045829,0.0,0.0,0.0,0.0,0.0,0.0,100.0,0.0
20150117045859,0.0,0.0,0.0,0.0,0.0,0.0,100.0,0.0
20150117045929,0.0,0.0,0.0,0.0,0.0,0.0,100.0,0.0
20150117045959,0.0,0.0,0.1,0.1,0.0,0.0,99.7,0.1
20150117050029,0.0,0.0,0.0,0.0,0.0,0.0,100.0,0.0
20150117050059,0.0,0.0,0.0,0.0,0.0,0.0,100.0,0.0
20150117050129,0.0,0.0,0.0,0.0,0.0,0.0,100.0,0.0
20150117050159,0.0,0.0,0.0,0.0,0.0,0.0,100.0,0.0
20150117050229,0.0,0.0,0.0,0.0,0.0,0.0,100.0,0.0
20150117050259,0.0,0.0,0.0,0.0,0.0,0.0,100.0,0.0
20150117050329,0.0,0.0,0.0,0.0,0.0,0.0,100.0,0.0
20150117050359,0.0,0.0,0.0,0.0,0.0,0.0,100.0,0.0
20150117050429,0.0,0.0,0.0,0.0,0.0,0.0,100.0,0.0
20150117050459,0.0,0.0,0.0,0.0,0.0,0.0,100.0,0.0
20150117050529,0.0,0.0,0.0,0.1,0.0,0.0,99.9,0.0
20150117050559,0.0,0.0,0.0,0.0,0.0,0.0,100.0,0.0
20150117050629,0.0,0.0,0.0,0.1,0.0,0.0,99.9,0.0
20150117050659,0.0,0.0,0.0,0.0,0.0,0.0,100.0,0.0
20150117050729,0.0,0.0,0.0,0.0,0.0,0.0,100.0,0.0
20150117050759,0.0,0.0,0.0,0.0,0.0,0.0,100.0,0.0
20150117050829,0.0,0.0,0.0,0.0,0.0,0.0,100.0,0.0
20150117050859,0.0,0.0,0.0,0.0,0.0,0.0,99.9,0.0
20150117050929,0.0,0.0,0.0,0.0,0.0,0.0,100.0,0.0
20150117050959,0.0,0.0,0.1,0.0,0.0,0.0,99.9,0.0
20150117051029,0.0,0.0,0.1,0.1,0.0,0.0,99.8,0.0
20150117051059,0.0,0.0,0.0,0.0,0.0,0.0,99.9,0.0
20150117051129,0.0,0.0,0.0,0.0,0.0,0.0,99.9,0.0
20150117051159,0.0,0.0,0.0,0.0,0.0,0.0,100.0,0.0
20150117051229,0.0,0.0,0.2,0.1,0.0,0.0,99.7,0.0
20150117051259,0.0,0.0,0.8,0.3,0.0,0.0,98.9,0.0
20150117051329,0.0,0.0,0.3,0.1,0.0,0.0,99.5,0.0
20150117051359,0.0,0.0,5.7,1.1,0.0,0.0,93.0,0.2
20150117051429,0.0,0.0,0.2,0.0,0.0,0.0,99.7,0.0
20150117051459,0.0,0.0,0.1,0.6,0.0,0.0,99.3,0.0
20150117051529,0.0,0.0,0.3,0.5,0.0,0.0,99.1,0.1
20150117051559,0.0,0.0,0.9,0.8,0.0,0.0,97.9,0.4
20150117051629,0.0,0.0,0.4,0.2,0.0,0.0,99.4,0.0
20150117051659,0.0,0.0,0.0,0.0,0.0,0.0,100.0,0.0
20150117051729,0.0,0.0,0.1,0.0,0.0,0.0,99.9,0.0
20150117051759,0.0,0.0,0.2,0.2,0.0,0.0,99.5,0.0
20150117051829,0.0,0.0,0.1,0.0,0.0,0.0,99.9,0.0
20150117051859,0.0,0.0,0.0,0.0,0.0,0.0,99.9,0.0
20150117051929,0.0,0.0,0.0,0.0,0.0,0.0,99.9,0.0
20150117051959,0.0,0.0,0.0,0.1,0.0,0.0,99.9,0.0
20150117052029,0.0,0.0,0.0,0.0,0.0,0.0,100.0,0.0
20150117052059,0.0,0.0,0.0,0.0,0.0,0.0,100.0,0.0
20150117052129,0.0,0.0,0.0,0.0,0.0,0.0,100.0,0.0
20150117052159,0.0,0.0,0.0,0.0,0.0,0.0,100.0,0.0
20150117052229,0.0,0.0,0.0,0.0,0.0,0.0,100.0,0.0
20150117052259,0.0,0.0,0.0,0.0,0.0,0.0,100.0,0.0
20150117052329,0.0,0.0,0.0,0.0,0.0,0.0,100.0,0.0
20150117052359,0.0,0.0,0.0,0.0,0.0,0.0,100.0,0.0
20150117052429,0.0,0.0,0.0,0.0,0.0,0.0,100.0,0.0
20150117052459,0.0,0.0,0.0,0.0,0.0,0.0,100.0,0.0
20150117052529,0.0,0.0,0.0,0.0,0.0,0.0,100.0,0.0
20150117052559,0.0,0.0,0.0,0.0,0.0,0.0,100.0,0.0
20150117052629,0.0,0.0,2.1,0.1,0.0,0.0,97.8,0.1
20150117052659,0.0,0.0,0.1,0.0,0.0,0.0,99.9,0.0
20150117052729,0.0,0.0,0.4,0.0,0.0,0.0,99.6,0.0
20150117052759,0.0,0.0,0.0,0.0,0.0,0.0,100.0,0.0
20150117052829,0.0,0.0,0.0,0.0,0.0,0.0,100.0,0.0
20150117052859,0.0,0.0,0.0,0.0,0.0,0.0,100.0,0.0
20150117052929,0.0,0.0,0.0,0.0,0.0,0.0,100.0,0.0
20150117052959,0.0,0.0,0.0,0.0,0.0,0.0,99.9,0.0
20150117053029,0.0,0.0,0.0,0.0,0.0,0.0,100.0,0.0
20150117053100,0.0,0.0,0.0,0.0,0.0,0.0,100.0,0.0
20150117053130,0.0,0.0,0.0,0.0,0.0,0.0,99.9,0.1
20150117053200,0.0,0.0,0.1,0.0,0.0,0.0,99.9,0.0
20150117053230,0.0,0.0,0.1,0.0,0.0,0.0,99.8,0.0
20150117053300,0.0,0.0,0.0,0.0,0.0,0.0,100.0,0.0
20150117053330,0.0,0.0,0.0,0.0,0.0,0.0,100.0,0.0
20150117053400,0.0,0.0,0.0,0.0,0.0,0.0,100.0,0.0
20150117053430,0.0,0.0,0.0,0.0,0.0,0.0,100.0,0.0
20150117053500,0.0,0.0,0.0,0.0,0.0,0.0,100.0,0.0
20150117053530,0.0,0.0,0.1,0.0,0.0,0.0,99.9,0.0
20150117053600,0.0,0.0,0.1,0.0,0.0,0.0,99.9,0.0
20150117053630,0.0,0.0,0.1,0.0,0.0,0.0,99.9,0.0
20150117053700,0.0,0.0,0.0,0.0,0.0,0.0,100.0,0.0
20150117053730,0.0,0.0,0.0,0.0,0.0,0.0,99.9,0.0
20150117053800,0.0,0.0,0.1,0.0,0.0,0.0,99.8,0.1
20150117053830,0.0,0.0,0.0,0.0,0.0,0.0,100.0,0.0
20150117053900,0.0,0.0,0.0,0.0,0.0,0.0,100.0,0.0
20150117053930,0.0,0.0,0.0,0.1,0.0,0.0,99.9,0.0
20150117054000,0.0,0.0,0.9,0.4,0.0,0.0,98.5,0.2
20150117054030,0.0,0.0,0.0,0.0,0.0,0.0,100.0,0.0
20150117054100,0.0,0.0,0.0,0.0,0.0,0.0,100.0,0.0
20150117054130,0.0,0.0,0.0,0.0,0.0,0.0,99.9,0.0
20150117054200,0.0,0.0,0.0,0.0,0.0,0.0,99.7,0.2
20150117054230,0.0,0.0,0.0,0.0,0.0,0.0,100.0,0.0
20150117054300,0.0,0.0,0.0,0.0,0.0,0.0,100.0,0.0
20150117054330,0.0,0.0,0.1,0.0,0.0,0.0,99.8,0.1
20150117054400,0.0,0.0,0.1,0.0,0.0,0.0,99.9,0.0
20150117054430,0.0,0.0,0.1,0.0,0.0,0.0,99.5,0.3
20150117054500,0.0,0.0,0.0,0.0,0.0,0.0,99.8,0.2
20150117054530,0.0,0.0,0.0,0.0,0.0,0.0,99.9,0.0
20150117054600,0.0,0.0,0.0,0.1,0.0,0.0,99.9,0.0
20150117054630,0.0,0.0,0.0,1.6,0.0,0.0,98.1,0.3
20150117054700,0.0,0.0,0.0,0.2,0.0,0.0,99.4,0.4
20150117054730,0.0,0.0,0.0,0.9,0.0,0.0,98.7,0.4
20150117054800,0.0,0.0,0.0,0.1,0.0,0.0,99.8,0.1
20150117054830,0.0,0.0,0.0,0.0,0.0,0.0,99.6,0.4
20150117054900,0.0,0.0,0.0,0.0,0.0,0.0,99.9,0.1
20150117054930,0.0,0.0,0.0,0.0,0.0,0.0,99.8,0.1
20150117055000,0.0,0.0,0.0,0.0,0.0,0.0,99.6,0.4
20150117055030,0.0,0.0,0.0,0.0,0.0,0.0,99.3,0.7
20150117055100,0.0,0.0,0.0,0.0,0.0,0.0,95.1,4.9
20150117055130,0.0,0.0,0.0,0.0,0.0,0.0,96.9,3.1
20150117055200,0.0,0.0,0.0,0.0,0.0,0.0,92.9,7.1
20150117055230,0.0,0.0,0.0,0.0,0.0,0.0,99.8,0.2
20150117055300,0.0,0.0,0.0,0.0,0.0,0.0,99.9,0.1
20150117055330,0.0,0.0,0.0,0.0,0.0,0.0,98.5,1.4
20150117055400,0.0,0.0,0.0,0.0,0.0,0.0,99.9,0.1
20150117055430,0.0,0.0,0.0,0.0,0.0,0.0,99.5,0.4
20150117055500,0.0,0.0,0.0,0.0,0.0,0.0,99.9,0.1
20150117055530,0.0,0.0,0.0,0.0,0.0,0.0,99.9,0.1
20150117055600,0.0,0.0,0.0,0.0,0.0,0.0,99.8,0.2
20150117055630,0.0,0.0,0.0,0.0,0.0,0.0,99.9,0.1
20150117055700,0.0,0.0,0.0,0.0,0.0,0.0,99.7,0.3
20150117055730,0.0,0.0,0.0,0.0,0.0,0.0,99.8,0.2
20150117055800,0.0,0.0,0.0,0.0,0.0,0.0,99.3,0.7
20150117055830,0.0,0.0,0.0,0.0,0.0,0.0,99.2,0.8
20150117055900,0.0,0.0,0.0,0.0,0.0,0.0,99.4,0.6
20150117055930,0.0,0.0,0.0,0.0,0.0,0.0,98.0,2.0
20150117060000,0.0,0.0,0.0,0.0,0.0,0.0,99.2,0.8
20150117060030,0.0,0.0,0.0,0.0,0.0,0.0,99.7,0.3
20150117060100,0.0,0.0,0.0,0.0,0.0,0.0,98.0,1.9
20150117060130,0.0,0.0,0.0,0.1,0.0,0.0,71.2,28.7
20150117060200,0.0,0.0,0.0,5.0,0.6,0.0,63.0,31.3
20150117060231,0.0,0.0,0.0,0.1,0.0,0.0,98.4,1.5
20150117060300,0.0,0.0,0.0,0.7,0.0,0.0,71.4,27.9
20150117060330,0.0,0.0,0.0,0.1,0.0,0.0,61.0,38.9
20150117060400,0.0,0.0,0.0,1.3,0.0,0.0,85.9,12.8
20150117060431,0.0,0.0,0.0,0.1,0.0,0.0,91.9,8.0
20150117060501,0.0,0.0,0.0,0.0,0.0,0.0,92.0,8.0
20150117060531,0.0,0.0,0.0,0.5,0.0,0.0,63.4,36.0
20150117060601,0.0,0.0,0.0,1.0,0.1,0.0,48.9,50.0
20150117060631,0.0,0.0,0.0,0.0,0.0,0.0,1.6,98.4
20150117060701,0.0,0.0,0.0,0.0,0.0,0.0,0.4,99.5
20150117060731,0.0,0.0,0.0,0.0,0.0,0.0,0.2,99.8
20150117060801,0.0,0.0,0.0,0.0,0.0,0.0,0.1,99.9
20150117060831,0.0,0.0,0.0,0.0,0.0,0.0,0.6,99.4
20150117060901,0.0,0.0,0.0,0.0,0.0,0.0,0.1,99.9
20150117060931,0.0,0.0,0.0,0.0,0.0,0.0,0.0,100.0
20150117061001,0.0,0.0,0.0,0.0,0.0,0.0,0.0,100.0
20150117061031,0.0,0.0,0.0,0.0,0.0,0.0,0.0,100.0
20150117061101,0.0,0.0,0.0,0.0,0.0,0.0,0.0,100.0
20150117061131,0.0,0.0,0.0,0.0,0.0,0.0,0.0,100.0
20150117061201,0.0,0.0,0.0,0.0,0.0,0.0,0.0,100.0
20150117061231,0.0,0.0,0.0,0.0,0.0,0.0,0.0,100.0
20150117061301,0.0,0.0,0.0,0.0,0.0,0.0,0.0,100.0
20150117061331,0.0,0.0,0.0,0.0,0.0,0.0,0.0,100.0
20150117061401,0.0,0.0,0.0,0.0,0.0,0.0,0.0,100.0
20150117061431,0.0,0.0,0.0,0.0,0.0,0.0,0.0,100.0
20150117061501,0.0,0.0,0.0,0.0,0.0,0.0,0.0,100.0
20150117061531,0.0,0.0,0.0,0.0,0.0,0.0,0.0,100.0
20150117061601,0.0,0.0,0.0,0.0,0.0,0.0,0.0,100.0
20150117061631,0.0,0.0,0.0,0.0,0.0,0.0,0.0,100.0
20150117061701,0.0,0.0,0.0,0.0,0.0,0.0,0.0,100.0
20150117061731,0.0,0.0,0.0,0.0,0.0,0.0,0.0,100.0
20150117061801,0.0,0.0,0.0,0.0,0.0,0.0,0.0,100.0
20150117061831,0.0,0.0,0.0,0.0,0.0,0.0,0.0,100.0
20150117061901,0.0,0.0,0.0,0.0,0.0,0.0,0.0,100.0
20150117061931,0.0,0.0,0.0,0.0,0.0,0.0,0.0,100.0
20150117062001,0.0,0.0,0.0,0.0,0.0,0.0,0.0,100.0
20150117062031,0.0,0.0,0.0,0.0,0.1,0.0,0.0,99.9
20150117062101,0.0,0.0,0.0,0.0,0.0,0.0,0.0,100.0
20150117062131,0.0,0.0,0.0,0.0,0.0,0.0,0.0,100.0
20150117062201,0.0,0.0,0.0,0.0,0.0,0.0,0.0,100.0
20150117062231,0.0,0.0,0.0,0.0,0.0,0.0,0.0,100.0
20150117062301,0.0,0.0,0.0,0.0,0.0,0.0,0.0,100.0
20150117062331,0.0,0.0,0.0,0.0,0.0,0.0,0.0,100.0
20150117062401,0.0,0.0,0.0,0.0,0.0,0.0,0.0,100.0
20150117062431,0.0,0.0,0.0,0.0,0.0,0.0,0.0,100.0
20150117062501,0.0,0.0,0.0,0.0,0.0,0.0,0.0,100.0
20150117062531,0.0,0.0,0.0,0.0,0.0,0.0,0.0,100.0
20150117062601,0.0,0.0,0.0,0.0,0.0,0.0,0.0,100.0
20150117062631,0.0,0.0,0.0,0.0,0.0,0.0,0.0,100.0
20150117062701,0.0,0.0,0.0,0.0,0.0,0.0,0.0,100.0
20150117062731,0.0,0.0,0.0,0.0,0.0,0.0,0.0,100.0
20150117062801,0.0,0.0,0.0,0.0,0.0,0.0,0.0,100.0
20150117062831,0.0,0.0,0.0,0.0,0.0,0.0,0.0,100.0
20150117062901,0.0,0.0,0.0,0.0,0.0,0.0,0.0,100.0
20150117062931,0.0,0.0,0.0,0.0,0.0,0.0,0.0,100.0
20150117063001,0.0,0.0,0.0,0.0,0.0,0.0,0.0,100.0
20150117063031,0.0,0.0,0.0,0.0,0.0,0.0,0.0,100.0
20150117063101,0.0,0.0,0.0,0.0,0.0,0.0,0.0,100.0
20150117063131,0.0,0.0,0.0,0.0,0.0,0.0,0.0,100.0
20150117063201,0.0,0.0,0.0,0.0,0.0,0.0,0.0,100.0
20150117063231,0.0,0.0,0.0,0.0,0.0,0.0,0.0,100.0
20150117063301,0.0,0.0,0.0,0.0,0.0,0.0,0.0,100.0
20150117063331,0.0,0.0,0.0,0.0,0.0,0.0,0.0,100.0
20150117063401,0.0,0.0,0.0,0.0,0.0,0.0,0.0,100.0
20150117063431,0.0,0.0,0.0,0.0,0.0,0.0,0.0,100.0
20150117063501,0.0,0.0,0.0,0.0,0.0,0.0,0.0,100.0
20150117063531,0.0,0.0,0.0,0.0,0.0,0.0,0.0,100.0
20150117063601,0.0,0.0,0.0,0.0,0.0,0.0,0.0,100.0
20150117063631,0.0,0.0,0.0,0.0,0.0,0.0,0.0,100.0
20150117063701,0.0,0.0,0.0,0.0,0.0,0.0,0.0,100.0
20150117063731,0.0,0.0,0.0,0.0,0.0,0.0,0.0,100.0
20150117063801,0.0,0.0,0.0,0.0,0.0,0.0,0.0,100.0
20150117063831,0.0,0.0,0.0,0.0,0.0,0.0,0.0,100.0
20150117063901,0.0,0.0,0.0,0.0,0.0,0.0,0.0,100.0
20150117063932,0.0,0.0,0.0,0.0,0.0,0.0,0.0,100.0
20150117064002,0.0,0.0,0.0,0.0,0.0,0.0,0.0,100.0
20150117064032,0.0,0.0,0.0,0.0,0.0,0.0,0.0,100.0
20150117064102,0.0,0.0,0.0,0.0,0.0,0.0,0.0,100.0
20150117064132,0.0,0.0,0.0,0.0,0.0,0.0,0.0,100.0
20150117064202,0.0,0.0,0.0,0.0,0.0,0.0,0.0,100.0
20150117064232,0.0,0.0,0.0,0.0,0.0,0.0,0.0,100.0
20150117064302,0.0,0.0,0.0,0.0,0.0,0.0,0.0,100.0
20150117064332,0.0,0.0,0.0,0.0,0.0,0.0,0.0,100.0
20150117064402,0.0,0.0,0.0,0.0,0.0,0.0,0.0,100.0
20150117064432,0.0,0.0,0.0,0.0,0.0,0.0,0.0,100.0
20150117064502,0.0,0.0,0.0,0.0,0.0,0.0,0.0,100.0
20150117064532,0.0,0.0,0.0,0.0,0.0,0.0,0.0,100.0
20150117064602,0.0,0.0,0.0,0.0,0.0,0.0,0.0,100.0
20150117064632,0.0,0.0,0.0,0.0,0.0,0.0,0.0,100.0
20150117064702,0.0,0.0,0.0,0.0,0.0,0.0,0.0,100.0
20150117064732,0.0,0.0,0.0,0.0,0.0,0.0,0.0,100.0
20150117064932,0.0,0.0,0.0,0.0,0.0,0.0,0.0,100.0
20150117065002,0.0,0.0,0.0,0.0,0.0,0.0,0.0,100.0
20150117065032,0.0,0.0,0.0,0.0,0.0,0.0,0.0,100.0
20150117065102,0.0,0.0,0.0,0.0,0.0,0.0,0.0,100.0
20150117065132,0.0,0.0,0.0,0.0,0.0,0.0,0.0,100.0
20150117065202,0.0,0.0,0.0,0.0,0.0,0.0,0.0,100.0
20150117065232,0.0,0.0,0.0,0.0,0.0,0.0,0.0,100.0
20150117065302,0.0,0.0,0.0,0.0,0.0,0.0,0.0,100.0
20150117065332,0.0,0.0,0.0,0.0,0.0,0.0,0.0,100.0
20150117065402,0.0,0.0,0.0,0.0,0.0,0.0,0.0,100.0
20150117065432,0.0,0.0,0.0,0.0,0.0,0.0,0.0,100.0
20150117065502,0.0,0.0,0.0,0.0,0.0,0.0,0.0,100.0
20150117065532,0.0,0.0,0.0,0.0,0.0,0.0,0.0,100.0
20150117065602,0.0,0.0,0.0,0.0,0.0,0.0,0.0,100.0
20150117065632,0.0,0.0,0.0,0.0,0.0,0.0,0.0,100.0
20150117065702,0.0,0.0,0.0,0.0,0.0,0.0,0.0,100.0
20150117065732,0.0,0.0,0.0,0.0,0.0,0.0,0.0,100.0
20150117065802,0.0,0.0,0.0,0.0,0.0,0.0,0.0,100.0
20150117065832,0.0,0.0,0.0,0.0,0.0,0.0,0.0,100.0
20150117065902,0.0,0.0,0.0,0.0,0.0,0.0,0.0,100.0
20150117065932,0.0,0.0,0.0,0.0,0.0,0.0,0.0,100.0
20150117070002,0.0,0.0,0.0,0.0,0.0,0.0,0.0,100.0
20150117070032,0.0,0.0,0.0,0.0,0.0,0.0,0.0,100.0
20150117070102,0.0,0.0,0.0,0.0,0.0,0.0,0.0,100.0
20150117070132,0.0,0.0,0.0,0.0,0.0,0.0,0.0,100.0
20150117070202,0.0,0.0,0.0,0.0,0.0,0.0,0.0,100.0
20150117070232,0.0,0.0,0.0,0.0,0.0,0.0,0.0,100.0
20150117070302,0.0,0.0,0.0,0.0,0.0,0.0,0.0,100.0
20150117070332,0.0,0.0,0.0,0.0,0.0,0.0,0.0,100.0
20150117070402,0.0,0.0,0.0,0.0,0.0,0.0,0.0,100.0
20150117070432,0.0,0.0,0.0,0.0,0.0,0.0,0.0,100.0
20150117070502,0.0,0.0,0.0,0.0,0.0,0.0,0.0,100.0
20150117070532,0.0,0.0,0.0,0.0,0.0,0.0,0.0,100.0
20150117070602,0.0,0.0,0.0,0.0,0.0,0.0,0.0,100.0
20150117070633,0.0,0.0,0.0,0.0,0.0,0.0,0.0,100.0
20150117070703,0.0,0.0,0.0,0.0,0.0,0.0,0.0,100.0
20150117070733,0.0,0.0,0.0,0.0,0.0,0.0,0.0,100.0
20150117070803,0.0,0.0,0.0,0.0,0.0,0.0,0.0,100.0
20150117070833,0.0,0.0,0.0,0.0,0.0,0.0,0.0,100.0
20150117070903,0.0,0.0,0.0,0.0,0.0,0.0,0.0,100.0
20150117070933,0.0,0.0,0.0,0.0,0.0,0.0,0.0,100.0
20150117071003,0.0,0.0,0.0,0.0,0.0,0.0,0.0,100.0
20150117071033,0.0,0.0,0.0,0.0,0.0,0.0,0.0,100.0
20150117071103,0.0,0.0,0.0,0.0,0.0,0.0,0.0,100.0
20150117071133,0.0,0.0,0.0,0.0,0.0,0.0,0.0,100.0
20150117071203,0.0,0.0,0.0,0.0,0.0,0.0,0.0,100.0
20150117071233,0.0,0.0,0.0,0.0,0.0,0.0,0.0,100.0
20150117071303,0.0,0.0,0.0,0.0,0.0,0.0,0.0,100.0
20150117071333,0.0,0.0,0.0,0.0,0.0,0.0,0.0,100.0
20150117071403,0.0,0.0,0.0,0.0,0.0,0.0,0.0,100.0
20150117071433,0.0,0.0,0.0,0.0,0.0,0.0,0.0,100.0
20150117071503,0.0,0.0,0.0,0.0,0.0,0.0,0.0,100.0
20150117071533,0.0,0.0,0.0,0.0,0.0,0.0,0.0,100.0
20150117071603,0.0,0.0,0.0,0.0,0.0,0.0,0.0,100.0
20150117071633,0.0,0.0,0.0,0.0,0.0,0.0,0.0,100.0
20150117071703,0.0,0.0,0.0,0.0,0.0,0.0,0.0,100.0
20150117071733,0.0,0.0,0.0,0.0,0.0,0.0,0.0,100.0
20150117071803,0.0,0.0,0.0,0.0,0.0,0.0,0.0,100.0
20150117071833,0.0,0.0,0.0,0.0,0.0,0.0,0.0,100.0
20150117071903,0.0,0.0,0.0,0.0,0.0,0.0,0.0,100.0
20150117071933,0.0,0.0,0.0,0.0,0.0,0.0,0.0,100.0
20150117072003,0.0,0.0,0.0,0.0,0.0,0.0,0.0,100.0
20150117072033,0.0,0.0,0.0,0.0,0.0,0.0,0.0,100.0
20150117072103,0.0,0.0,0.0,0.0,0.0,0.0,0.0,100.0
20150117072133,0.0,0.0,0.0,0.0,0.0,0.0,0.0,100.0
20150117072203,0.0,0.0,0.0,0.0,0.0,0.0,0.0,100.0
20150117072233,0.0,0.0,0.0,0.0,0.0,0.0,0.0,100.0
20150117072303,0.0,0.0,0.0,0.0,0.0,0.0,0.0,100.0
20150117072333,0.0,0.0,0.0,0.0,0.0,0.0,0.0,100.0
20150117072403,0.0,0.0,0.0,0.0,0.0,0.0,0.0,100.0
20150117072433,0.0,0.0,0.0,0.0,0.0,0.0,0.0,100.0
20150117072503,0.0,0.0,0.0,0.0,0.0,0.0,0.0,100.0
20150117072533,0.0,0.0,0.0,0.0,0.0,0.0,0.0,100.0
20150117072603,0.0,0.0,0.0,0.0,0.0,0.0,0.0,100.0
20150117072633,0.0,0.0,0.0,0.0,0.0,0.0,0.0,100.0
20150117072703,0.0,0.0,0.0,0.0,0.0,0.0,0.0,100.0
20150117072733,0.0,0.0,0.0,0.0,0.0,0.0,0.0,100.0
20150117072803,0.0,0.0,0.0,0.0,0.0,0.0,0.0,100.0
20150117072833,0.0,0.0,0.0,0.0,0.0,0.0,0.0,100.0
20150117072903,0.0,0.0,0.0,0.0,0.0,0.0,0.0,100.0
20150117072933,0.0,0.0,0.0,0.0,0.0,0.0,0.0,100.0
20150117073003,0.0,0.0,0.0,0.0,0.0,0.0,0.0,100.0
20150117073033,0.0,0.0,0.0,0.0,0.0,0.0,0.0,100.0
20150117073103,0.0,0.0,0.0,0.0,0.0,0.0,0.0,100.0
20150117073133,0.0,0.0,0.0,0.0,0.0,0.0,0.0,100.0
20150117073203,0.0,0.0,0.0,0.0,0.0,0.0,0.0,100.0
20150117073233,0.0,0.0,0.0,0.0,0.0,0.0,0.0,100.0
20150117073303,0.0,0.0,0.0,0.0,0.0,0.0,0.0,100.0
20150117073333,0.0,0.0,0.0,0.0,0.0,0.0,0.0,100.0
20150117073403,0.0,0.0,0.0,0.0,0.0,0.0,0.0,100.0
20150117073433,0.0,0.0,0.0,0.0,0.0,0.0,0.0,100.0
20150117073503,0.0,0.0,0.0,0.0,0.0,0.0,0.0,100.0
20150117073533,0.0,0.0,0.0,0.0,0.0,0.0,0.0,100.0
20150117073603,0.0,0.0,0.0,0.0,0.0,0.0,0.0,100.0
20150117073633,0.0,0.0,0.0,0.0,0.0,0.0,0.0,100.0
20150117073703,0.0,0.0,0.0,0.0,0.0,0.0,0.0,100.0
20150117073733,0.0,0.0,0.0,0.0,0.0,0.0,0.0,100.0
20150117073803,0.0,0.0,0.0,0.0,0.0,0.0,0.0,100.0
20150117073833,0.0,0.0,0.0,0.0,0.0,0.0,0.0,100.0
20150117073903,0.0,0.0,0.0,0.0,0.0,0.0,0.0,100.0
20150117073933,0.0,0.0,0.0,0.0,0.0,0.0,0.0,100.0
20150117074003,0.0,0.0,0.0,0.0,0.0,0.0,0.0,100.0
20150117074033,0.0,0.0,0.0,0.0,0.0,0.0,0.0,100.0
20150117074104,0.0,0.0,0.0,0.0,0.0,0.0,0.0,100.0
20150117074134,0.0,0.0,0.0,0.0,0.0,0.0,0.0,100.0
20150117074204,0.0,0.0,0.0,0.0,0.0,0.0,0.0,100.0
20150117074234,0.0,0.0,0.0,0.0,0.0,0.0,0.0,100.0
20150117074304,0.0,0.0,0.0,0.0,0.0,0.0,0.0,100.0
20150117074334,0.0,0.0,0.0,0.0,0.0,0.0,0.0,100.0
20150117074404,0.0,0.0,0.0,0.0,0.0,0.0,0.0,100.0
20150117074434,0.0,0.0,0.0,0.0,0.0,0.0,0.0,100.0
20150117074504,0.0,0.0,0.0,0.0,0.0,0.0,0.0,100.0
20150117074534,0.0,0.0,0.0,0.0,0.0,0.0,0.0,100.0
20150117074604,0.0,0.0,0.0,0.0,0.0,0.0,0.0,100.0
20150117074634,0.0,0.0,0.0,0.0,0.0,0.0,0.0,100.0
20150117074704,0.0,0.0,0.0,0.0,0.0,0.0,0.0,100.0
20150117074734,0.0,0.0,0.0,0.0,0.0,0.0,0.0,100.0
