UT,arc,discrete,diffuse,ac,ab,clear,cloudy,dd
20151007162500,0.0,0.0,0.0,0.0,0.0,0.0,0.7,99.3
20151007162530,0.0,0.0,0.0,0.0,0.0,0.0,1.0,99.0
20151007162600,0.0,0.0,0.0,0.0,0.0,0.0,0.8,99.2
20151007162630,0.0,0.0,0.0,0.0,0.0,0.0,0.8,99.2
20151007162700,0.0,0.0,0.0,0.0,0.0,0.0,0.7,99.3
20151007162730,0.0,0.0,0.0,0.0,0.0,0.0,2.5,97.5
20151007162800,0.0,0.0,0.0,0.0,0.0,0.0,1.0,99.0
20151007162830,0.0,0.0,0.0,0.0,0.0,0.0,1.0,99.0
20151007162900,0.0,0.0,0.0,0.0,0.0,0.0,1.4,98.6
20151007162930,0.0,0.0,0.0,0.0,0.0,0.0,1.1,98.9
20151007163000,0.0,0.0,0.0,0.0,0.0,0.0,0.9,99.1
20151007163030,0.0,0.0,0.0,0.0,0.0,0.0,0.3,99.7
20151007163100,0.0,0.0,0.0,0.0,0.0,0.0,0.5,99.5
20151007163130,0.0,0.0,0.0,0.0,0.0,0.0,0.2,99.8
20151007163200,0.0,0.0,0.0,0.0,0.0,0.0,1.2,98.8
20151007163230,0.0,0.0,0.0,0.0,0.0,0.0,0.2,99.8
20151007163300,0.0,0.0,0.0,0.0,0.0,0.0,0.4,99.6
20151007163330,0.0,0.0,0.0,0.0,0.0,0.0,0.6,99.4
20151007163400,0.0,0.0,0.0,0.0,0.0,0.0,0.1,99.9
20151007163430,0.0,0.0,0.0,0.0,0.0,0.0,0.1,99.9
20151007163500,0.0,0.0,0.0,0.0,0.0,0.0,0.1,99.9
20151007163530,0.0,0.0,0.0,0.0,0.0,0.0,0.0,100.0
20151007163600,0.0,0.0,0.0,0.0,0.0,0.0,0.0,100.0
20151007163630,0.0,0.0,0.0,0.0,0.0,0.0,0.0,100.0
20151007163700,0.0,0.0,0.0,0.0,0.0,0.0,0.0,100.0
20151007163730,0.0,0.0,0.0,0.0,0.0,0.0,0.0,100.0
20151007163800,0.0,0.0,0.0,0.0,0.0,0.0,0.0,100.0
20151007163830,0.0,0.0,0.0,0.0,0.0,0.0,0.0,100.0
20151007163900,0.0,0.0,0.0,0.0,0.0,0.0,0.0,100.0
20151007163930,0.0,0.0,0.0,0.0,0.0,0.0,0.0,100.0
20151007164000,0.0,0.0,0.0,0.0,0.0,0.0,0.0,100.0
20151007164030,0.0,0.0,0.0,0.0,0.0,0.0,0.0,100.0
20151007164100,0.0,0.0,0.0,0.0,0.0,0.0,0.0,100.0
20151007164130,0.0,0.0,0.0,0.0,0.0,0.0,0.0,100.0
20151007164200,0.0,0.0,0.0,0.0,0.0,0.0,0.0,100.0
20151007164230,0.0,0.0,0.0,0.0,0.0,0.0,0.0,100.0
20151007164300,0.0,0.0,0.0,0.0,0.0,0.0,0.0,100.0
20151007164330,0.0,0.0,0.0,0.0,0.0,0.0,0.0,100.0
20151007164400,0.0,0.0,0.0,0.0,0.0,0.0,0.0,100.0
20151007164430,0.0,0.0,0.0,0.0,0.0,0.0,0.0,100.0
20151007164500,0.0,0.0,0.0,0.0,0.0,0.0,0.0,100.0
20151007164530,0.0,0.0,0.0,0.0,0.0,0.0,0.0,100.0
20151007164600,0.0,0.0,0.0,0.0,0.0,0.0,0.0,100.0
20151007164630,0.0,0.0,0.0,0.0,0.0,0.0,0.0,100.0
20151007164700,0.0,0.0,0.0,0.0,0.0,0.0,0.0,100.0
20151007164730,0.0,0.0,0.0,0.0,0.0,0.0,0.0,100.0
20151007164800,0.0,0.0,0.0,0.0,0.0,0.0,0.0,100.0
20151007164830,0.0,0.0,0.0,0.0,0.0,0.0,0.0,100.0
20151007164900,0.0,0.0,0.0,0.0,0.0,0.0,0.0,100.0
20151007164930,0.0,0.0,0.0,0.0,0.0,0.0,0.0,100.0
20151007165000,0.0,0.0,0.0,0.0,0.0,0.0,0.0,100.0
20151007165030,0.0,0.0,0.0,0.0,0.0,0.0,0.0,100.0
20151007165100,0.0,0.0,0.0,0.0,0.0,0.0,0.0,100.0
20151007165130,0.0,0.0,0.0,0.0,0.0,0.0,0.0,100.0
20151007165200,0.0,0.0,0.0,0.0,0.0,0.0,0.0,100.0
20151007165230,0.0,0.0,0.0,0.0,0.0,0.0,0.0,100.0
20151007165300,0.0,0.0,0.0,0.0,0.0,0.0,0.0,100.0
20151007165330,0.0,0.0,0.0,0.0,0.0,0.0,0.0,100.0
20151007165400,0.0,0.0,0.0,0.0,0.0,0.0,0.0,100.0
20151007165430,0.0,0.0,0.0,0.0,0.0,0.0,0.0,100.0
20151007165500,0.0,0.0,0.0,0.0,0.0,0.0,0.0,100.0
20151007165530,0.0,0.0,0.0,0.0,0.0,0.0,0.0,100.0
20151007165600,0.0,0.0,0.0,0.0,0.0,0.0,0.0,100.0
20151007165630,0.0,0.0,0.0,0.0,0.0,0.0,0.0,100.0
20151007165700,0.0,0.0,0.0,0.0,0.0,0.0,0.0,100.0
20151007165730,0.0,0.0,0.0,0.0,0.0,0.0,0.0,100.0
20151007165800,0.0,0.0,0.0,0.0,0.0,0.0,0.0,100.0
20151007165831,0.0,0.0,0.0,0.0,0.0,0.0,0.0,100.0
20151007165901,0.0,0.0,0.0,0.0,0.0,0.0,0.0,100.0
20151007165931,0.0,0.0,0.0,0.0,0.0,0.0,0.0,100.0
20151007170001,0.0,0.0,0.0,0.0,0.0,0.0,0.0,100.0
20151007170031,0.0,0.0,0.0,0.0,0.0,0.0,0.0,100.0
20151007170101,0.0,0.0,0.0,0.0,0.0,0.0,0.0,100.0
20151007170131,0.0,0.0,0.0,0.0,0.0,0.0,0.0,100.0
20151007170201,0.0,0.0,0.0,0.0,0.0,0.0,0.0,100.0
20151007170231,0.0,0.0,0.0,0.0,0.0,0.0,0.0,100.0
20151007170301,0.0,0.0,0.0,0.0,0.0,0.0,0.0,100.0
20151007170331,0.0,0.0,0.0,0.0,0.0,0.0,0.0,100.0
20151007170401,0.0,0.0,0.0,0.0,0.0,0.0,0.0,100.0
20151007170431,0.0,0.0,0.0,0.0,0.0,0.0,0.0,100.0
20151007170501,0.0,0.0,0.0,0.0,0.0,0.0,0.0,100.0
20151007170531,0.0,0.0,0.0,0.0,0.0,0.0,0.0,100.0
20151007170601,0.0,0.0,0.0,0.0,0.0,0.0,0.0,100.0
20151007170631,0.0,0.0,0.0,0.0,0.0,0.0,0.0,100.0
20151007170701,0.0,0.0,0.0,0.0,0.0,0.0,0.0,100.0
20151007170731,0.0,0.0,0.0,0.0,0.0,0.0,0.0,100.0
20151007170801,0.0,0.0,0.0,0.0,0.0,0.0,0.0,100.0
20151007170831,0.0,0.0,0.0,0.0,0.0,0.0,0.0,100.0
20151007170901,0.0,0.0,0.0,0.0,0.0,0.0,0.0,100.0
20151007170931,0.0,0.0,0.0,0.0,0.0,0.0,0.0,100.0
20151007171001,0.0,0.0,0.0,0.0,0.0,0.0,0.0,100.0
20151007171031,0.0,0.0,0.0,0.0,0.0,0.0,0.0,100.0
20151007171101,0.0,0.0,0.0,0.0,0.0,0.0,0.0,100.0
20151007171131,0.0,0.0,0.0,0.0,0.0,0.0,0.0,100.0
20151007171201,0.0,0.0,0.0,0.0,0.0,0.0,0.0,100.0
20151007171231,0.0,0.0,0.0,0.0,0.0,0.0,0.0,100.0
20151007171301,0.0,0.0,0.0,0.0,0.0,0.0,0.0,100.0
20151007171331,0.0,0.0,0.0,0.0,0.0,0.0,0.0,100.0
20151007171401,0.0,0.0,0.0,0.0,0.0,0.0,0.0,100.0
20151007171431,0.0,0.0,0.0,0.0,0.0,0.0,0.0,100.0
20151007171501,0.0,0.0,0.0,0.0,0.0,0.0,0.0,100.0
20151007171531,0.0,0.0,0.0,0.0,0.0,0.0,0.0,100.0
20151007171601,0.0,0.0,0.0,0.0,0.0,0.0,0.0,100.0
20151007171631,0.0,0.0,0.0,0.0,0.0,0.0,0.0,100.0
20151007171701,0.0,0.0,0.0,0.0,0.0,0.0,0.0,100.0
20151007171731,0.0,0.0,0.0,0.0,0.0,0.0,0.0,100.0
20151007171801,0.0,0.0,0.0,0.0,0.0,0.0,0.0,100.0
20151007171831,0.0,0.0,0.0,0.0,0.0,0.0,0.0,100.0
20151007171901,0.0,0.0,0.0,0.0,0.0,0.0,0.0,100.0
20151007171931,0.0,0.0,0.0,0.0,0.0,0.0,0.0,100.0
20151007172001,0.0,0.0,0.0,0.0,0.0,0.0,0.0,100.0
20151007172031,0.0,0.0,0.0,0.0,0.0,0.0,0.0,100.0
20151007172101,0.0,0.0,0.0,0.0,0.0,0.0,0.0,100.0
20151007172131,0.0,0.0,0.0,0.0,0.0,0.0,0.0,100.0
20151007172201,0.0,0.0,0.0,0.0,0.0,0.0,0.0,100.0
20151007172231,0.0,0.0,0.0,0.0,0.0,0.0,0.0,100.0
20151007172301,0.0,0.0,0.0,0.0,0.2,0.0,0.0,99.8
20151007172331,0.0,0.0,0.0,0.0,4.0,0.0,0.0,96.0
20151007172401,0.0,0.0,0.0,0.0,9.6,0.0,0.0,90.4
20151007172431,0.0,0.0,0.0,0.0,98.9,0.0,0.0,1.1
20151007172631,0.0,0.0,0.0,0.0,92.8,0.0,0.0,7.2
20151007172701,0.0,0.0,0.0,0.0,95.8,0.0,0.0,4.2
20151007172731,0.0,0.0,0.0,0.0,99.9,0.0,0.0,0.1
20151007172801,0.0,0.0,0.0,0.0,99.7,0.0,0.0,0.3
20151007172831,0.0,0.0,0.0,0.0,80.0,0.0,0.0,20.0
20151007172901,0.0,0.0,0.0,0.0,100.0,0.0,0.0,0.0
20151007172931,0.0,0.0,0.0,0.0,100.0,0.0,0.0,0.0
20151007173001,0.0,0.0,0.0,0.0,5.0,0.0,0.0,95.0
20151007173031,0.0,0.0,0.0,0.0,2.4,0.0,0.0,97.6
20151007173101,0.0,0.0,0.0,0.0,64.0,0.0,0.0,36.0
20151007173131,0.0,0.0,0.0,0.0,99.8,0.0,0.0,0.2
20151007173201,0.0,0.0,0.0,0.0,95.8,0.0,0.0,4.2
20151007173232,0.0,0.0,0.0,0.0,77.1,0.0,0.0,22.9
20151007173302,0.0,0.0,0.0,0.0,100.0,0.0,0.0,0.0
20151007173332,0.0,0.0,0.0,0.0,100.0,0.0,0.0,0.0
20151007173402,0.0,0.0,0.0,0.0,100.0,0.0,0.0,0.0
20151007173432,0.0,0.0,0.0,0.0,99.4,0.0,0.0,0.6
20151007173502,0.0,0.0,0.0,0.0,68.9,0.0,0.0,31.1
20151007173532,0.0,0.0,0.0,0.0,74.2,0.0,0.0,25.8
20151007173602,0.0,0.0,0.0,0.0,99.7,0.0,0.0,0.3
20151007173632,0.0,0.0,0.0,0.0,99.8,0.0,0.0,0.2
20151007173702,0.0,0.0,0.0,0.0,99.1,0.0,0.0,0.9
20151007173732,0.0,0.0,0.0,0.0,99.6,0.0,0.0,0.4
20151007173802,0.0,0.0,0.0,0.0,100.0,0.0,0.0,0.0
20151007173832,0.0,0.0,0.0,0.0,100.0,0.0,0.0,0.0
20151007173902,0.0,0.0,0.0,0.0,99.5,0.0,0.0,0.5
20151007173932,0.0,0.0,0.0,0.0,99.9,0.0,0.0,0.1
20151007174002,0.0,0.0,0.0,0.0,100.0,0.0,0.0,0.0
20151007174032,0.0,0.0,0.0,0.0,100.0,0.0,0.0,0.0
20151007174102,0.0,0.0,0.0,0.0,100.0,0.0,0.0,0.0
20151007174132,0.0,0.0,0.0,0.0,99.9,0.0,0.0,0.1
20151007174202,0.0,0.0,0.0,0.0,98.9,0.0,0.0,1.1
20151007174232,0.0,0.0,0.0,0.0,86.7,0.0,0.0,13.3
20151007174302,0.0,0.0,0.0,0.0,82.6,0.0,0.0,17.4
20151007174332,0.0,0.0,0.0,0.0,100.0,0.0,0.0,0.0
20151007174402,0.0,0.0,0.0,0.0,100.0,0.0,0.0,0.0
20151007174432,0.0,0.0,0.0,0.0,100.0,0.0,0.0,0.0
20151007174502,0.0,0.0,0.0,0.0,100.0,0.0,0.0,0.0
20151007174532,0.0,0.0,0.0,0.0,100.0,0.0,0.0,0.0
20151007174602,0.0,0.0,0.0,0.0,99.8,0.0,0.0,0.2
20151007174632,0.0,0.0,0.0,0.0,99.7,0.0,0.0,0.3
20151007174702,0.0,0.0,0.0,0.0,94.1,0.0,0.0,5.9
20151007174732,0.0,0.0,0.0,0.0,93.5,0.0,0.0,6.5
20151007174802,0.0,0.0,0.0,0.0,60.9,0.0,0.0,39.1
20151007174832,0.0,0.0,0.0,0.0,85.5,0.0,0.0,14.5
20151007174902,0.0,0.0,0.0,0.0,19.8,0.0,0.0,80.2
20151007174932,0.0,0.0,0.0,0.0,13.3,0.0,0.0,86.7
20151007175002,0.0,0.0,0.0,0.0,89.6,0.0,0.0,10.4
20151007175032,0.0,0.0,0.0,0.0,16.2,0.0,0.0,83.8
20151007175102,0.0,0.0,0.0,0.0,19.5,0.0,0.0,80.5
20151007175132,0.0,0.0,0.0,0.0,98.8,0.0,0.0,1.2
20151007175202,0.0,0.0,0.0,0.0,93.4,0.0,0.0,6.6
20151007175232,0.3,0.0,0.0,0.0,85.6,0.0,0.0,14.0
20151007175302,0.0,0.0,0.0,0.0,25.2,0.0,0.0,74.8
20151007175332,0.0,0.0,0.0,0.0,5.4,0.0,0.0,94.6
20151007175402,0.1,0.0,0.0,0.0,4.1,0.0,0.0,95.7
20151007175432,0.0,0.0,0.0,0.0,46.0,0.0,0.0,54.0
20151007175502,0.0,0.0,0.0,0.0,48.5,0.0,0.0,51.5
20151007175532,0.1,0.0,0.0,0.0,13.0,0.0,0.0,86.8
20151007175602,3.2,0.0,0.0,0.0,31.0,0.0,0.0,65.8
20151007175632,0.3,0.0,0.0,0.0,19.4,0.0,0.0,80.3
20151007175702,0.0,0.0,0.0,0.0,46.5,0.0,0.0,53.5
20151007175732,0.0,0.0,0.0,0.0,98.7,0.0,0.0,1.3
20151007175802,0.0,0.0,0.0,0.0,89.3,0.0,0.0,10.7
20151007175832,0.0,0.0,0.0,0.0,55.2,0.0,0.0,44.8
20151007175902,0.3,1.7,0.0,0.0,96.5,0.0,0.0,1.4
20151007175932,0.0,0.0,0.0,0.0,98.5,0.0,0.0,1.4
20151007180003,0.0,0.0,0.0,0.0,99.8,0.0,0.0,0.1
20151007180033,0.0,0.1,0.0,0.0,99.9,0.0,0.0,0.0
20151007180103,0.0,0.0,0.0,0.0,100.0,0.0,0.0,0.0
20151007180133,0.0,0.0,0.0,0.0,100.0,0.0,0.0,0.0
20151007180203,0.0,0.0,0.0,0.0,99.8,0.0,0.0,0.2
20151007180233,0.0,0.0,0.0,0.0,99.9,0.0,0.0,0.1
20151007180303,0.3,1.0,0.0,0.0,98.2,0.0,0.0,0.5
20151007180333,0.1,1.4,0.0,0.0,98.5,0.0,0.0,0.1
20151007180403,3.4,1.8,0.0,0.0,94.8,0.0,0.0,0.1
20151007180433,0.8,0.8,0.0,0.0,98.3,0.0,0.0,0.1
20151007180503,1.3,0.8,0.0,0.0,97.9,0.0,0.0,0.0
20151007180533,3.8,0.5,0.0,0.0,95.4,0.0,0.0,0.2
20151007180603,0.2,1.4,0.1,0.0,97.9,0.0,0.0,0.5
20151007180633,0.1,1.6,0.1,0.0,90.9,0.0,0.0,7.3
20151007180703,0.1,0.2,0.0,0.0,98.8,0.0,0.0,0.9
20151007180733,0.5,2.4,0.2,0.0,86.0,0.0,0.0,10.9
20151007180803,0.2,8.9,0.0,0.0,90.0,0.0,0.0,1.0
20151007180833,1.8,44.2,0.2,0.0,53.2,0.0,0.0,0.6
20151007180903,7.9,6.8,0.2,0.0,81.4,0.3,0.1,3.2
20151007180933,7.0,4.9,1.2,0.0,50.2,3.8,0.1,32.7
20151007181003,0.8,2.5,0.1,0.0,41.2,0.7,0.0,54.6
20151007181033,2.0,4.6,0.2,0.0,88.8,0.6,0.0,3.8
20151007181103,0.8,10.4,3.7,0.2,55.2,0.4,0.1,29.3
20151007181133,0.1,0.3,0.4,0.0,7.1,0.1,0.0,92.0
20151007181203,0.7,1.3,0.1,0.0,5.0,1.1,0.1,91.7
20151007181233,0.8,4.9,0.6,0.0,40.2,0.4,0.5,52.6
20151007181303,0.3,3.9,0.7,0.1,66.3,0.1,0.1,28.5
20151007181333,1.5,2.0,3.2,0.1,31.4,0.4,0.1,61.3
20151007181403,1.6,5.1,7.0,0.1,24.7,0.6,0.3,60.5
20151007181433,1.1,20.4,4.5,0.2,41.9,1.1,0.0,30.7
20151007181503,1.7,9.6,2.3,0.2,84.1,0.1,0.0,2.1
20151007181533,18.3,9.0,44.5,0.9,25.2,0.5,0.0,1.5
20151007181603,0.8,10.3,44.6,0.8,39.6,0.2,0.0,3.6
20151007181633,15.7,27.1,13.2,0.3,40.9,0.2,0.0,2.6
20151007181703,3.3,32.9,35.0,1.6,19.5,0.5,0.0,7.2
20151007181733,15.7,67.8,3.6,4.4,6.9,0.1,0.0,1.6
20151007181803,2.3,71.1,4.7,2.1,10.6,0.2,0.0,8.9
20151007181833,0.3,99.2,0.0,0.0,0.5,0.0,0.0,0.0
20151007181903,0.2,99.6,0.0,0.0,0.2,0.0,0.0,0.0
20151007181933,0.3,98.5,0.5,0.0,0.7,0.0,0.0,0.0
20151007182003,14.8,43.7,39.5,0.7,1.2,0.1,0.0,0.0
20151007182033,2.0,39.7,53.2,0.3,4.6,0.1,0.1,0.1
20151007182103,0.7,16.5,71.6,4.0,6.9,0.1,0.0,0.3
20151007182133,1.0,9.9,37.9,44.2,6.9,0.1,0.0,0.1
20151007182203,0.2,89.7,5.1,2.8,2.2,0.0,0.0,0.0
20151007182233,0.1,79.1,14.5,5.8,0.6,0.0,0.0,0.0
20151007182303,0.1,98.4,0.0,1.1,0.4,0.0,0.0,0.0
20151007182333,0.0,95.9,1.2,0.7,2.1,0.0,0.0,0.0
20151007182403,8.2,28.1,51.8,0.9,0.9,2.2,7.7,0.2
20151007182433,1.0,85.5,6.0,1.1,2.1,3.5,0.6,0.2
20151007182503,0.5,43.7,48.0,1.4,3.1,1.8,0.2,1.2
20151007182533,0.3,4.9,5.1,2.4,1.5,82.2,0.3,3.4
20151007182603,0.5,0.6,25.6,0.0,0.1,72.8,0.0,0.3
20151007182633,0.2,49.1,18.3,1.4,3.6,26.5,0.1,0.9
20151007182703,0.0,1.7,11.1,0.0,0.1,86.8,0.2,0.1
20151007182733,0.0,0.5,6.5,0.0,0.0,92.8,0.1,0.1
20151007182803,0.1,29.7,58.8,0.2,1.2,9.9,0.0,0.0
20151007182833,0.0,2.1,82.5,0.0,0.1,15.1,0.0,0.0
20151007182903,3.7,43.9,5.3,0.0,1.5,30.1,11.5,4.0
20151007182933,0.4,8.8,2.1,0.0,0.1,82.2,6.0,0.2
20151007183003,0.2,0.3,0.0,0.0,0.0,99.0,0.5,0.0
20151007183033,0.0,0.0,0.0,0.0,0.0,99.9,0.1,0.1
20151007183103,0.7,0.6,0.0,0.0,0.0,98.6,0.1,0.0
20151007183133,0.2,0.0,0.0,0.0,0.0,99.7,0.1,0.0
20151007183203,0.1,0.0,0.0,0.0,0.0,99.7,0.2,0.0
20151007183233,0.2,0.1,0.2,0.0,0.0,97.8,0.5,1.2
20151007183303,0.0,0.0,0.0,0.0,0.0,99.9,0.0,0.0
20151007183333,0.1,0.1,0.0,0.0,0.0,99.4,0.0,0.3
20151007183404,0.1,0.2,0.0,0.0,0.0,99.7,0.0,0.1
20151007183434,0.0,0.1,0.0,0.0,0.0,99.9,0.0,0.0
20151007183504,0.1,0.0,0.0,0.0,0.0,99.8,0.0,0.0
20151007183534,6.3,0.1,0.0,0.0,0.0,93.6,0.0,0.0
20151007183604,3.2,0.0,0.0,0.0,0.0,96.8,0.0,0.0
20151007183634,0.2,0.4,0.0,0.0,0.0,99.4,0.0,0.0
20151007183704,0.4,0.1,0.0,0.0,0.0,99.5,0.0,0.0
20151007183734,1.9,0.5,0.0,0.0,0.0,96.9,0.0,0.8
20151007183804,0.3,0.1,0.0,0.0,0.0,99.6,0.0,0.0
20151007183834,0.0,0.0,0.0,0.0,0.0,99.9,0.0,0.0
20151007183904,0.0,0.0,0.0,0.0,0.0,100.0,0.0,0.0
20151007183934,0.1,0.1,0.0,0.0,0.0,99.7,0.0,0.0
20151007184004,0.1,0.1,0.0,0.0,0.0,99.7,0.0,0.0
20151007184034,3.0,2.4,0.0,0.0,0.0,94.5,0.0,0.0
20151007184104,1.1,0.2,0.0,0.0,0.0,98.7,0.0,0.0
20151007184134,33.6,0.1,0.0,0.0,0.0,66.3,0.0,0.0
20151007184204,5.4,0.8,0.0,0.0,0.0,91.8,0.0,1.9
20151007184234,18.4,2.4,0.0,0.0,0.0,76.1,0.0,3.1
20151007184304,90.7,0.9,0.0,0.0,0.0,8.0,0.0,0.3
20151007184334,98.0,0.1,0.0,0.0,0.0,0.1,0.0,1.8
20151007184404,81.6,0.3,0.0,0.0,0.0,0.3,0.0,17.8
20151007184434,15.8,29.6,0.0,0.0,0.1,0.0,0.0,54.5
20151007184504,0.1,95.6,0.0,0.0,0.2,0.0,0.0,4.0
20151007184534,0.0,98.1,0.2,0.4,1.0,0.0,0.0,0.2
20151007184604,0.0,99.8,0.0,0.0,0.1,0.0,0.0,0.0
20151007184634,0.0,100.0,0.0,0.0,0.0,0.0,0.0,0.0
20151007184704,0.0,100.0,0.0,0.0,0.0,0.0,0.0,0.0
20151007184734,0.0,100.0,0.0,0.0,0.0,0.0,0.0,0.0
20151007184804,0.0,99.4,0.4,0.1,0.0,0.0,0.0,0.0
20151007184834,0.0,100.0,0.0,0.0,0.0,0.0,0.0,0.0
20151007184904,0.0,100.0,0.0,0.0,0.0,0.0,0.0,0.0
20151007184934,0.0,100.0,0.0,0.0,0.0,0.0,0.0,0.0
20151007185004,0.0,100.0,0.0,0.0,0.0,0.0,0.0,0.0
20151007185034,0.0,100.0,0.0,0.0,0.0,0.0,0.0,0.0
20151007185104,0.0,100.0,0.0,0.0,0.0,0.0,0.0,0.0
20151007185134,0.0,100.0,0.0,0.0,0.0,0.0,0.0,0.0
20151007185204,0.0,100.0,0.0,0.0,0.0,0.0,0.0,0.0
20151007185234,0.0,100.0,0.0,0.0,0.0,0.0,0.0,0.0
20151007185304,0.0,100.0,0.0,0.0,0.0,0.0,0.0,0.0
20151007185334,0.0,100.0,0.0,0.0,0.0,0.0,0.0,0.0
20151007185404,0.0,100.0,0.0,0.0,0.0,0.0,0.0,0.0
20151007185434,0.0,99.9,0.0,0.0,0.1,0.0,0.0,0.0
20151007185504,0.0,100.0,0.0,0.0,0.0,0.0,0.0,0.0
20151007185534,0.0,100.0,0.0,0.0,0.0,0.0,0.0,0.0
20151007185604,0.0,100.0,0.0,0.0,0.0,0.0,0.0,0.0
20151007185634,0.0,100.0,0.0,0.0,0.0,0.0,0.0,0.0
20151007185704,0.0,99.9,0.0,0.0,0.1,0.0,0.0,0.0
20151007185734,0.2,99.8,0.0,0.0,0.0,0.0,0.0,0.0
20151007185804,0.0,100.0,0.0,0.0,0.0,0.0,0.0,0.0
20151007185834,0.0,100.0,0.0,0.0,0.0,0.0,0.0,0.0
20151007185904,0.0,99.9,0.0,0.0,0.1,0.0,0.0,0.0
20151007185934,0.0,100.0,0.0,0.0,0.0,0.0,0.0,0.0
20151007190004,0.0,100.0,0.0,0.0,0.0,0.0,0.0,0.0
20151007190034,0.0,100.0,0.0,0.0,0.0,0.0,0.0,0.0
20151007190104,0.0,100.0,0.0,0.0,0.0,0.0,0.0,0.0
20151007190134,0.0,100.0,0.0,0.0,0.0,0.0,0.0,0.0
20151007190204,0.0,99.9,0.1,0.0,0.0,0.0,0.0,0.0
20151007190234,0.0,100.0,0.0,0.0,0.0,0.0,0.0,0.0
20151007190304,0.0,100.0,0.0,0.0,0.0,0.0,0.0,0.0
20151007190334,0.0,100.0,0.0,0.0,0.0,0.0,0.0,0.0
20151007190404,0.0,100.0,0.0,0.0,0.0,0.0,0.0,0.0
20151007190434,0.0,100.0,0.0,0.0,0.0,0.0,0.0,0.0
20151007190504,0.0,100.0,0.0,0.0,0.0,0.0,0.0,0.0
20151007190534,0.0,100.0,0.0,0.0,0.0,0.0,0.0,0.0
20151007190604,0.0,98.8,1.2,0.0,0.0,0.0,0.0,0.0
20151007190634,0.0,99.8,0.2,0.0,0.0,0.0,0.0,0.0
20151007190704,0.0,100.0,0.0,0.0,0.0,0.0,0.0,0.0
20151007190734,0.0,99.9,0.0,0.0,0.0,0.0,0.0,0.0
20151007190805,0.0,100.0,0.0,0.0,0.0,0.0,0.0,0.0
20151007190835,0.0,100.0,0.0,0.0,0.0,0.0,0.0,0.0
20151007190905,0.0,100.0,0.0,0.0,0.0,0.0,0.0,0.0
20151007190935,0.0,100.0,0.0,0.0,0.0,0.0,0.0,0.0
20151007191005,0.0,100.0,0.0,0.0,0.0,0.0,0.0,0.0
20151007191035,0.0,100.0,0.0,0.0,0.0,0.0,0.0,0.0
20151007191105,0.0,100.0,0.0,0.0,0.0,0.0,0.0,0.0
20151007191135,0.0,100.0,0.0,0.0,0.0,0.0,0.0,0.0
20151007191205,0.0,100.0,0.0,0.0,0.0,0.0,0.0,0.0
20151007191235,0.0,100.0,0.0,0.0,0.0,0.0,0.0,0.0
20151007191305,0.0,100.0,0.0,0.0,0.0,0.0,0.0,0.0
20151007191335,0.0,100.0,0.0,0.0,0.0,0.0,0.0,0.0
20151007191405,0.0,100.0,0.0,0.0,0.0,0.0,0.0,0.0
20151007191435,0.0,100.0,0.0,0.0,0.0,0.0,0.0,0.0
20151007191505,0.0,99.9,0.0,0.0,0.1,0.0,0.0,0.0
20151007191535,0.0,100.0,0.0,0.0,0.0,0.0,0.0,0.0
20151007191605,0.0,100.0,0.0,0.0,0.0,0.0,0.0,0.0
20151007191635,0.0,99.9,0.0,0.0,0.1,0.0,0.0,0.0
20151007191705,0.0,99.5,0.1,0.0,0.4,0.0,0.0,0.0
20151007191735,0.0,99.8,0.1,0.0,0.1,0.0,0.0,0.0
20151007191805,0.0,100.0,0.0,0.0,0.0,0.0,0.0,0.0
20151007191835,0.0,100.0,0.0,0.0,0.0,0.0,0.0,0.0
20151007191905,0.0,100.0,0.0,0.0,0.0,0.0,0.0,0.0
20151007191935,0.0,100.0,0.0,0.0,0.0,0.0,0.0,0.0
20151007192005,0.0,99.8,0.1,0.0,0.1,0.0,0.0,0.0
20151007192035,0.0,95.9,4.1,0.0,0.1,0.0,0.0,0.0
20151007192105,0.0,3.3,96.5,0.0,0.2,0.0,0.0,0.0
20151007192135,0.0,11.6,75.5,0.0,12.8,0.0,0.0,0.0
20151007192205,0.1,13.8,74.4,0.0,11.7,0.0,0.0,0.0
20151007192235,0.0,21.8,32.7,0.0,45.5,0.0,0.0,0.0
20151007192305,0.0,43.2,41.2,0.0,15.6,0.0,0.0,0.0
20151007192335,0.0,97.2,2.7,0.0,0.1,0.0,0.0,0.0
20151007192405,0.0,96.3,3.5,0.0,0.3,0.0,0.0,0.0
20151007192435,0.0,99.8,0.1,0.0,0.0,0.0,0.0,0.0
20151007192505,0.0,100.0,0.0,0.0,0.0,0.0,0.0,0.0
20151007192535,0.0,100.0,0.0,0.0,0.0,0.0,0.0,0.0
20151007192605,0.3,99.4,0.2,0.0,0.0,0.0,0.0,0.0
20151007192635,0.9,97.5,1.3,0.0,0.2,0.0,0.0,0.0
20151007192705,0.9,97.7,0.2,0.1,1.0,0.0,0.0,0.0
20151007192735,0.6,99.4,0.0,0.0,0.0,0.0,0.0,0.0
20151007192805,2.1,97.3,0.0,0.2,0.4,0.0,0.0,0.0
20151007192835,0.0,100.0,0.0,0.0,0.0,0.0,0.0,0.0
20151007192905,0.0,100.0,0.0,0.0,0.0,0.0,0.0,0.0
20151007192935,0.0,100.0,0.0,0.0,0.0,0.0,0.0,0.0
20151007193005,0.0,100.0,0.0,0.0,0.0,0.0,0.0,0.0
20151007193035,0.0,100.0,0.0,0.0,0.0,0.0,0.0,0.0
20151007193105,0.0,100.0,0.0,0.0,0.0,0.0,0.0,0.0
20151007193135,0.0,100.0,0.0,0.0,0.0,0.0,0.0,0.0
20151007193205,0.0,100.0,0.0,0.0,0.0,0.0,0.0,0.0
20151007193235,0.0,100.0,0.0,0.0,0.0,0.0,0.0,0.0
20151007193305,0.0,99.7,0.2,0.0,0.1,0.0,0.0,0.0
20151007193335,0.0,99.9,0.0,0.0,0.1,0.0,0.0,0.0
20151007193405,0.0,100.0,0.0,0.0,0.0,0.0,0.0,0.0
20151007193435,0.0,98.4,0.0,0.0,1.6,0.0,0.0,0.0
20151007193505,0.0,100.0,0.0,0.0,0.0,0.0,0.0,0.0
20151007193536,0.0,100.0,0.0,0.0,0.0,0.0,0.0,0.0
20151007193606,0.0,100.0,0.0,0.0,0.0,0.0,0.0,0.0
20151007193636,0.0,100.0,0.0,0.0,0.0,0.0,0.0,0.0
20151007193706,0.0,100.0,0.0,0.0,0.0,0.0,0.0,0.0
20151007193736,0.0,100.0,0.0,0.0,0.0,0.0,0.0,0.0
20151007193806,0.0,100.0,0.0,0.0,0.0,0.0,0.0,0.0
20151007193836,0.0,100.0,0.0,0.0,0.0,0.0,0.0,0.0
20151007193906,0.0,100.0,0.0,0.0,0.0,0.0,0.0,0.0
20151007193936,0.0,99.8,0.1,0.0,0.1,0.0,0.0,0.0
20151007194006,0.0,100.0,0.0,0.0,0.0,0.0,0.0,0.0
20151007194036,0.2,99.1,0.2,0.0,0.5,0.0,0.0,0.0
20151007194106,0.0,99.9,0.0,0.0,0.1,0.0,0.0,0.0
20151007194136,0.0,99.8,0.1,0.0,0.1,0.0,0.0,0.0
20151007194206,0.0,99.8,0.0,0.0,0.1,0.0,0.0,0.0
20151007194236,2.1,97.4,0.0,0.0,0.3,0.2,0.0,0.0
20151007194306,2.4,95.0,1.6,0.0,1.0,0.0,0.0,0.0
20151007194336,0.0,99.9,0.0,0.0,0.0,0.0,0.0,0.0
20151007194406,0.3,99.4,0.2,0.0,0.1,0.0,0.0,0.0
20151007194436,0.1,71.9,27.6,0.0,0.3,0.1,0.0,0.0
20151007194506,0.2,30.7,68.0,0.0,1.1,0.1,0.0,0.0
20151007194536,0.3,12.8,80.2,0.1,6.0,0.5,0.0,0.1
20151007194606,1.9,58.4,36.5,0.7,2.3,0.3,0.0,0.0
20151007194636,0.2,22.6,76.1,0.2,0.7,0.3,0.0,0.0
20151007194706,3.0,40.3,45.0,0.0,7.2,3.7,0.0,0.6
20151007194736,0.4,55.9,1.6,0.0,40.3,1.7,0.0,0.0
20151007194806,0.6,96.3,2.2,0.0,0.5,0.4,0.0,0.0
20151007194836,0.8,97.0,0.3,0.0,0.9,1.0,0.0,0.0
20151007194906,0.1,88.9,7.9,0.2,2.9,0.1,0.0,0.0
20151007194936,1.5,31.7,33.0,1.5,16.4,14.4,1.4,0.0
20151007195006,0.9,50.0,8.5,0.5,27.2,2.8,0.9,9.2
20151007195036,0.2,35.4,55.5,0.3,6.7,1.1,0.6,0.3
20151007195106,0.2,11.3,83.4,0.3,3.0,1.3,0.2,0.3
20151007195136,0.1,3.6,94.0,0.1,0.8,1.2,0.1,0.1
20151007195206,0.0,1.1,95.0,1.7,0.2,1.7,0.0,0.1
20151007195236,0.6,12.4,74.1,7.7,2.7,2.2,0.0,0.4
20151007195306,0.7,2.4,80.9,12.6,1.5,0.5,0.4,1.2
20151007195336,0.7,1.9,77.7,16.5,1.2,1.3,0.5,0.2
20151007195406,0.3,3.3,85.3,0.1,0.3,8.6,2.0,0.2
20151007195436,0.3,8.6,66.8,1.0,2.3,7.2,11.1,2.7
20151007195506,19.0,28.5,39.5,1.6,1.6,4.5,3.3,2.1
20151007195536,52.7,35.0,4.3,0.1,4.9,2.2,0.0,0.8
20151007195606,22.1,75.4,0.7,0.0,1.5,0.2,0.0,0.0
20151007195636,75.5,19.8,0.3,0.0,4.2,0.1,0.0,0.0
20151007195706,90.1,9.5,0.1,0.1,0.2,0.0,0.0,0.0
20151007195736,23.0,73.4,0.0,0.0,3.5,0.0,0.0,0.0
20151007195806,1.4,98.5,0.0,0.0,0.0,0.0,0.0,0.0
20151007195836,0.6,99.0,0.0,0.0,0.4,0.0,0.0,0.0
20151007195906,95.5,4.0,0.0,0.0,0.4,0.0,0.0,0.0
20151007195936,93.7,6.1,0.0,0.1,0.2,0.0,0.0,0.0
20151007200006,0.0,99.8,0.0,0.0,0.2,0.0,0.0,0.0
20151007200036,0.7,98.9,0.0,0.0,0.3,0.0,0.0,0.0
20151007200106,0.0,99.7,0.0,0.0,0.2,0.0,0.0,0.0
20151007200136,0.2,87.1,12.2,0.3,0.2,0.0,0.0,0.0
20151007200206,19.9,79.7,0.4,0.0,0.0,0.0,0.0,0.0
20151007200236,0.5,95.5,2.8,0.4,0.7,0.0,0.0,0.0
20151007200306,0.6,22.2,73.2,0.1,0.3,2.2,0.7,0.6
20151007200336,0.3,13.6,84.8,0.0,0.7,0.4,0.0,0.0
20151007200406,0.0,1.5,98.3,0.0,0.0,0.1,0.0,0.0
20151007200436,0.1,18.0,76.3,0.0,0.7,4.4,0.2,0.2
20151007200506,0.0,0.1,95.3,0.0,0.0,4.6,0.0,0.0
20151007200536,0.0,4.0,81.5,0.0,0.7,12.4,1.2,0.1
20151007200606,0.6,0.4,93.5,0.0,0.1,5.3,0.0,0.0
20151007200636,1.7,9.4,81.0,0.4,0.5,7.0,0.0,0.0
20151007200706,0.3,63.4,15.5,0.2,0.4,20.1,0.1,0.0
20151007200736,0.3,36.3,56.4,1.6,0.3,5.1,0.1,0.0
20151007200806,0.5,62.8,20.5,14.6,0.6,1.0,0.0,0.0
20151007200836,0.2,8.4,86.2,2.2,2.9,0.0,0.0,0.0
20151007200906,0.0,100.0,0.0,0.0,0.0,0.0,0.0,0.0
20151007200937,0.0,100.0,0.0,0.0,0.0,0.0,0.0,0.0
20151007201007,0.0,99.9,0.0,0.0,0.1,0.0,0.0,0.0
20151007201037,0.0,100.0,0.0,0.0,0.0,0.0,0.0,0.0
20151007201107,0.1,98.7,0.9,0.0,0.1,0.0,0.0,0.0
20151007201137,0.4,97.7,1.3,0.2,0.4,0.0,0.0,0.0
20151007201207,0.8,95.0,3.0,0.4,0.6,0.2,0.0,0.0
20151007201237,0.0,98.6,0.6,0.0,0.8,0.0,0.0,0.0
20151007201307,0.2,90.2,8.5,0.0,1.0,0.1,0.0,0.0
20151007201337,0.1,95.5,0.4,0.0,2.2,1.7,0.0,0.0
20151007201407,0.0,99.3,0.0,0.0,0.0,0.6,0.0,0.0
20151007201437,0.0,99.8,0.2,0.0,0.0,0.0,0.0,0.0
20151007201507,0.0,99.6,0.4,0.0,0.0,0.0,0.0,0.0
20151007201537,0.0,100.0,0.0,0.0,0.0,0.0,0.0,0.0
20151007201607,0.1,99.8,0.0,0.0,0.0,0.0,0.0,0.0
20151007201637,0.2,99.7,0.0,0.0,0.0,0.1,0.0,0.0
20151007201707,2.9,96.4,0.0,0.0,0.0,0.7,0.0,0.0
20151007201737,4.6,93.5,0.0,0.0,0.0,1.8,0.0,0.0
20151007201807,4.8,9.7,1.3,0.0,0.0,84.0,0.1,0.1
20151007201837,31.9,1.0,4.4,0.0,0.0,62.4,0.3,0.1
20151007201907,93.8,0.4,0.2,0.0,0.0,5.7,0.0,0.0
20151007201937,74.7,7.1,0.1,0.0,0.0,18.0,0.0,0.0
20151007202007,62.0,1.4,0.3,0.0,0.0,36.2,0.0,0.0
20151007202037,82.8,0.5,0.0,0.0,0.0,16.7,0.0,0.0
20151007202107,87.2,1.4,0.0,0.0,0.0,11.4,0.0,0.0
20151007202137,99.9,0.1,0.0,0.0,0.0,0.0,0.0,0.0
20151007202207,98.8,1.0,0.0,0.0,0.0,0.3,0.0,0.0
20151007202237,98.7,0.3,0.0,0.0,0.0,1.0,0.0,0.0
20151007202307,99.7,0.2,0.0,0.0,0.0,0.1,0.0,0.0
20151007202337,95.4,3.5,0.0,0.0,0.0,1.1,0.0,0.0
20151007202407,49.8,41.2,0.0,0.0,0.0,8.8,0.0,0.1
20151007202437,19.9,76.5,0.0,0.0,0.0,3.5,0.0,0.1
20151007202507,18.6,28.3,0.0,0.0,0.1,29.3,0.3,23.4
20151007202537,9.0,7.1,0.0,0.0,0.0,66.4,0.1,17.3
20151007202607,0.1,0.2,0.0,0.0,0.0,55.6,0.0,44.1
20151007202637,1.9,15.9,0.0,0.0,0.0,58.8,0.2,23.1
20151007202707,33.5,0.9,0.0,0.0,0.0,60.7,0.0,4.8
20151007202737,1.7,0.3,0.0,0.0,0.0,86.2,0.1,11.7
20151007202807,14.2,0.5,0.0,0.0,0.0,41.3,0.0,44.0
20151007202837,4.9,3.3,0.0,0.0,0.0,74.1,0.0,17.8
20151007202907,0.3,0.1,0.0,0.0,0.0,98.2,0.0,1.3
20151007202937,0.0,0.2,0.0,0.0,0.0,98.7,0.1,1.0
20151007203007,0.1,0.2,0.0,0.0,0.0,95.4,0.1,4.2
20151007203037,0.0,0.1,0.0,0.0,0.0,95.2,0.4,4.2
20151007203107,0.0,0.2,0.0,0.0,0.0,97.4,0.2,2.1
20151007203137,0.4,3.1,0.1,0.0,0.4,70.6,2.1,23.4
20151007203207,0.1,2.8,0.0,0.0,0.2,95.1,0.5,1.3
20151007203237,0.3,6.7,0.0,0.0,0.1,59.4,0.5,32.9
20151007203307,1.2,33.3,0.0,0.0,0.2,64.4,0.1,0.8
20151007203337,2.2,31.0,0.0,0.0,0.3,61.0,0.2,5.3
20151007203407,2.2,9.8,0.2,0.0,0.6,59.4,1.2,26.6
20151007203437,16.9,24.8,0.0,0.0,0.1,48.5,0.0,9.7
20151007203507,0.3,0.1,0.0,0.0,0.0,99.4,0.0,0.2
20151007203537,0.5,0.6,0.0,0.0,0.0,93.8,0.1,5.0
20151007203607,2.8,1.8,0.0,0.0,0.0,94.2,0.0,1.2
20151007203637,0.4,0.1,0.0,0.0,0.0,99.6,0.0,0.0
20151007203707,1.5,0.4,0.0,0.0,0.0,97.3,0.0,0.8
20151007203737,49.9,0.8,0.0,0.0,0.3,45.7,0.0,3.3
20151007203807,68.5,5.1,0.0,0.0,2.8,10.8,0.0,12.8
20151007203837,88.1,2.3,0.0,0.0,0.2,1.0,0.0,8.4
20151007203907,81.2,18.1,0.0,0.0,0.0,0.4,0.0,0.3
20151007203937,3.8,93.6,0.0,0.0,2.3,0.1,0.0,0.2
20151007204007,0.0,99.9,0.0,0.0,0.1,0.0,0.0,0.0
20151007204037,0.0,99.6,0.0,0.0,0.4,0.0,0.0,0.0
20151007204107,0.1,99.1,0.8,0.0,0.0,0.0,0.0,0.0
20151007204137,0.0,93.1,6.1,0.0,0.8,0.0,0.0,0.0
20151007204207,0.0,99.9,0.0,0.0,0.1,0.0,0.0,0.0
20151007204237,0.0,99.8,0.0,0.0,0.2,0.0,0.0,0.0
20151007204307,0.0,94.3,2.9,0.0,2.7,0.0,0.0,0.0
20151007204337,0.0,96.9,0.0,0.0,3.1,0.0,0.0,0.0
20151007204407,0.0,99.8,0.0,0.0,0.2,0.0,0.0,0.0
20151007204438,0.0,100.0,0.0,0.0,0.0,0.0,0.0,0.0
20151007204508,0.0,99.8,0.1,0.0,0.1,0.0,0.0,0.0
20151007204538,0.0,99.7,0.1,0.1,0.0,0.0,0.0,0.0
20151007204608,0.0,98.2,1.3,0.0,0.5,0.0,0.0,0.0
20151007204638,0.0,93.6,6.1,0.2,0.1,0.0,0.0,0.0
20151007204708,0.0,99.6,0.2,0.0,0.1,0.0,0.0,0.0
20151007204738,0.0,5.4,94.2,0.3,0.1,0.0,0.0,0.0
20151007204808,0.0,99.6,0.0,0.0,0.4,0.0,0.0,0.0
20151007204838,0.0,99.9,0.0,0.0,0.1,0.0,0.0,0.0
20151007204908,0.0,85.0,0.4,1.9,12.3,0.0,0.3,0.0
20151007204938,0.0,98.2,0.0,0.2,1.6,0.0,0.0,0.0
20151007205008,0.0,94.5,0.0,0.1,5.4,0.0,0.0,0.0
20151007205038,0.0,15.5,43.0,5.7,35.6,0.0,0.2,0.0
20151007205108,0.0,6.3,82.9,10.3,0.5,0.0,0.0,0.0
20151007205138,0.0,6.9,80.8,11.2,1.1,0.0,0.0,0.0
20151007205208,0.0,0.7,99.1,0.1,0.0,0.0,0.0,0.0
20151007205238,0.0,53.4,45.0,0.5,0.5,0.1,0.4,0.0
20151007205308,0.0,49.3,42.1,4.9,3.3,0.0,0.3,0.1
20151007205338,0.0,98.9,0.6,0.1,0.3,0.0,0.1,0.0
20151007205408,0.0,73.0,17.2,3.4,5.9,0.0,0.4,0.0
20151007205438,0.1,32.6,48.6,3.7,10.4,2.2,2.3,0.1
20151007205508,0.0,14.9,80.3,2.7,1.7,0.2,0.1,0.0
20151007205538,0.0,90.8,8.1,0.1,0.9,0.0,0.1,0.0
20151007205608,0.0,73.4,24.0,0.0,2.6,0.0,0.0,0.0
20151007205638,0.0,44.4,22.4,0.2,32.6,0.1,0.3,0.0
20151007205708,0.0,46.4,52.5,0.0,0.8,0.1,0.2,0.0
20151007205738,0.0,44.3,45.3,0.1,10.4,0.0,0.0,0.0
20151007205808,0.0,93.9,0.6,0.0,5.5,0.0,0.0,0.0
20151007205838,0.0,95.7,3.0,0.1,1.2,0.0,0.0,0.0
20151007205908,0.0,93.9,0.3,0.1,5.6,0.0,0.0,0.0
20151007205938,0.0,98.8,0.5,0.1,0.6,0.0,0.0,0.0
20151007210008,0.0,100.0,0.0,0.0,0.0,0.0,0.0,0.0
20151007210038,0.0,99.8,0.0,0.0,0.2,0.0,0.0,0.0
20151007210108,0.0,98.9,0.0,0.0,1.1,0.0,0.0,0.0
20151007210138,0.0,99.7,0.0,0.0,0.3,0.0,0.0,0.0
20151007210208,0.0,96.9,0.5,0.0,2.6,0.0,0.0,0.0
20151007210238,0.0,99.3,0.0,0.0,0.7,0.0,0.0,0.0
20151007210308,0.0,92.6,0.1,0.0,7.3,0.0,0.0,0.0
20151007210338,0.0,99.5,0.5,0.0,0.0,0.0,0.0,0.0
20151007210408,0.0,99.9,0.0,0.0,0.1,0.0,0.0,0.0
20151007210438,0.0,96.8,0.8,0.0,2.4,0.0,0.0,0.0
20151007210508,0.0,99.6,0.0,0.0,0.3,0.0,0.0,0.0
20151007210538,0.0,97.3,0.1,0.0,2.6,0.0,0.0,0.0
20151007210608,0.0,98.8,0.2,0.0,1.0,0.0,0.0,0.0
20151007210638,0.0,99.3,0.4,0.0,0.3,0.0,0.0,0.0
20151007210708,0.0,98.7,1.0,0.0,0.3,0.0,0.0,0.0
20151007210738,0.0,99.8,0.0,0.0,0.2,0.0,0.0,0.0
20151007210808,0.0,98.5,0.8,0.1,0.6,0.0,0.0,0.0
20151007210838,0.0,99.2,0.2,0.0,0.6,0.0,0.0,0.0
20151007210908,0.0,98.9,0.9,0.0,0.2,0.0,0.0,0.0
20151007210938,0.0,88.0,10.7,0.0,1.3,0.0,0.0,0.0
20151007211008,0.0,95.3,3.6,0.0,1.0,0.0,0.0,0.0
20151007211038,0.0,99.8,0.0,0.0,0.2,0.0,0.0,0.0
20151007211108,0.0,97.9,0.9,0.0,0.6,0.5,0.0,0.0
20151007211139,0.0,90.8,7.3,0.0,1.6,0.2,0.0,0.1
20151007211209,0.0,66.9,26.7,0.0,0.6,3.5,2.0,0.4
20151007211239,0.4,7.9,6.4,0.0,0.9,31.6,43.3,9.5
20151007211309,0.2,62.4,0.4,0.1,0.1,22.0,14.7,0.1
20151007211339,0.1,6.5,0.1,0.0,0.0,46.4,46.8,0.0
20151007211409,0.3,70.1,8.2,0.0,0.9,16.1,3.8,0.8
20151007211439,0.1,87.5,1.0,0.0,0.0,7.9,3.5,0.0
20151007211509,0.3,8.1,2.6,0.0,0.1,69.5,17.0,2.3
20151007211539,0.0,7.0,3.4,0.0,0.0,84.8,4.3,0.4
20151007211609,0.3,8.3,2.8,0.0,0.2,77.4,9.7,1.3
20151007211639,0.0,2.7,0.8,0.0,0.0,95.8,0.5,0.1
20151007211709,0.1,1.4,0.2,0.0,0.0,96.9,1.1,0.3
20151007211739,0.1,1.9,0.0,0.0,0.0,91.4,6.6,0.0
20151007211809,0.0,39.8,0.2,0.0,0.0,59.7,0.2,0.0
20151007211839,0.0,77.4,0.2,0.0,0.0,19.0,3.3,0.1
20151007211909,0.1,1.0,0.3,0.0,0.0,98.3,0.4,0.0
20151007211939,0.1,5.3,1.9,0.0,0.0,92.0,0.7,0.0
20151007212009,0.0,0.1,0.0,0.0,0.0,95.2,4.7,0.0
20151007212039,0.0,0.1,0.0,0.0,0.0,98.7,1.0,0.1
20151007212109,0.0,0.2,0.0,0.0,0.0,99.2,0.3,0.3
20151007212139,0.0,0.0,0.0,0.0,0.0,99.8,0.2,0.0
20151007212209,0.0,0.0,0.0,0.0,0.0,99.9,0.1,0.0
20151007212239,0.0,0.4,0.0,0.0,0.0,99.1,0.2,0.2
20151007212309,0.4,0.7,0.0,0.0,0.0,95.1,2.1,1.7
20151007212339,0.0,0.0,0.0,0.0,0.0,99.3,0.5,0.1
20151007212409,0.0,0.0,0.0,0.0,0.0,97.5,2.3,0.2
20151007212439,0.0,0.3,0.0,0.0,0.0,94.4,5.2,0.0
20151007212509,0.0,0.3,0.8,0.0,0.0,97.1,1.9,0.0
20151007212539,0.0,1.2,0.0,0.0,0.0,98.7,0.1,0.0
20151007212609,0.0,1.3,0.1,0.0,0.0,98.0,0.5,0.0
20151007212639,0.0,0.2,0.0,0.0,0.0,99.8,0.0,0.0
20151007212709,0.0,77.9,0.1,0.0,0.1,21.8,0.1,0.0
20151007212739,0.0,56.9,1.4,0.0,0.1,41.3,0.3,0.0
20151007212809,0.1,79.3,0.3,0.0,0.1,20.1,0.1,0.0
20151007212839,0.1,46.4,44.6,0.0,5.4,3.3,0.2,0.0
20151007212909,0.0,98.0,0.3,0.0,0.7,1.1,0.0,0.0
20151007212939,0.0,10.6,0.1,0.0,0.0,89.2,0.1,0.0
20151007213009,0.1,19.9,0.6,0.0,0.0,79.3,0.0,0.0
20151007213039,0.1,10.8,0.0,0.0,0.0,89.0,0.0,0.0
20151007213109,0.0,99.8,0.0,0.0,0.0,0.1,0.0,0.0
20151007213139,0.0,99.6,0.1,0.0,0.1,0.2,0.0,0.0
20151007213209,0.0,99.2,0.0,0.0,0.0,0.7,0.0,0.0
20151007213239,0.7,99.2,0.0,0.0,0.0,0.1,0.0,0.0
20151007213309,0.0,99.8,0.0,0.0,0.0,0.2,0.0,0.0
20151007213339,0.0,99.9,0.0,0.0,0.1,0.0,0.0,0.0
20151007213409,0.0,100.0,0.0,0.0,0.0,0.0,0.0,0.0
20151007213439,0.0,100.0,0.0,0.0,0.0,0.0,0.0,0.0
20151007213509,0.0,99.7,0.0,0.0,0.3,0.0,0.0,0.0
20151007213539,0.0,100.0,0.0,0.0,0.0,0.0,0.0,0.0
20151007213609,0.0,100.0,0.0,0.0,0.0,0.0,0.0,0.0
20151007213639,0.0,100.0,0.0,0.0,0.0,0.0,0.0,0.0
20151007213709,0.0,100.0,0.0,0.0,0.0,0.0,0.0,0.0
20151007213739,0.0,100.0,0.0,0.0,0.0,0.0,0.0,0.0
20151007213809,0.0,100.0,0.0,0.0,0.0,0.0,0.0,0.0
20151007213839,0.0,100.0,0.0,0.0,0.0,0.0,0.0,0.0
20151007213909,0.0,100.0,0.0,0.0,0.0,0.0,0.0,0.0
20151007213939,0.0,100.0,0.0,0.0,0.0,0.0,0.0,0.0
20151007214009,0.0,99.9,0.1,0.0,0.0,0.0,0.0,0.0
20151007214039,0.0,100.0,0.0,0.0,0.0,0.0,0.0,0.0
20151007214109,0.0,91.0,0.0,0.0,8.9,0.0,0.0,0.0
20151007214139,0.0,99.9,0.0,0.0,0.0,0.0,0.0,0.0
20151007214209,0.0,100.0,0.0,0.0,0.0,0.0,0.0,0.0
20151007214239,0.0,99.4,0.0,0.0,0.6,0.0,0.0,0.0
20151007214309,0.0,100.0,0.0,0.0,0.0,0.0,0.0,0.0
20151007214339,0.0,99.4,0.2,0.0,0.4,0.0,0.0,0.0
20151007214409,0.0,99.0,0.1,0.0,0.9,0.0,0.0,0.0
20151007214439,0.0,99.6,0.2,0.0,0.2,0.0,0.0,0.0
20151007214509,0.0,99.8,0.0,0.0,0.1,0.0,0.0,0.0
20151007214539,0.0,100.0,0.0,0.0,0.0,0.0,0.0,0.0
20151007214610,0.0,100.0,0.0,0.0,0.0,0.0,0.0,0.0
20151007214640,0.0,100.0,0.0,0.0,0.0,0.0,0.0,0.0
20151007214710,0.0,100.0,0.0,0.0,0.0,0.0,0.0,0.0
20151007214740,0.0,100.0,0.0,0.0,0.0,0.0,0.0,0.0
20151007214810,0.0,100.0,0.0,0.0,0.0,0.0,0.0,0.0
20151007214840,0.1,98.9,0.5,0.3,0.3,0.0,0.0,0.0
20151007214910,0.0,77.6,22.4,0.0,0.0,0.0,0.0,0.0
20151007214940,0.0,91.4,8.3,0.0,0.2,0.0,0.0,0.0
20151007215010,0.0,99.9,0.1,0.0,0.0,0.0,0.0,0.0
20151007215040,0.0,98.1,1.3,0.0,0.6,0.0,0.0,0.0
20151007215110,0.0,99.7,0.3,0.0,0.0,0.0,0.0,0.0
20151007215140,0.0,80.8,18.6,0.0,0.6,0.0,0.0,0.0
20151007215210,0.0,93.4,3.5,0.0,3.1,0.0,0.0,0.0
20151007215240,0.0,34.6,61.3,0.9,3.2,0.0,0.0,0.0
20151007215310,0.0,61.1,38.8,0.1,0.0,0.0,0.0,0.0
20151007215340,0.0,89.8,9.9,0.0,0.3,0.0,0.0,0.0
20151007215410,0.0,99.5,0.4,0.0,0.0,0.0,0.0,0.0
20151007215440,0.0,99.9,0.1,0.0,0.0,0.0,0.0,0.0
20151007215510,0.0,78.7,8.6,0.0,12.7,0.0,0.0,0.0
20151007215540,0.0,75.5,0.4,0.1,24.0,0.0,0.0,0.0
20151007215610,0.0,68.8,18.2,0.5,12.5,0.0,0.0,0.0
20151007215640,0.0,34.2,65.1,0.0,0.7,0.0,0.0,0.0
20151007215710,0.0,20.7,35.5,1.2,42.6,0.0,0.0,0.0
20151007215740,0.0,54.6,38.9,0.8,5.7,0.0,0.0,0.0
20151007215810,0.0,97.4,2.0,0.0,0.6,0.0,0.0,0.0
20151007215840,0.0,98.1,0.3,0.0,1.6,0.0,0.0,0.0
20151007215910,0.0,56.5,0.6,0.0,42.8,0.0,0.0,0.0
20151007215940,0.0,38.4,5.1,0.8,55.6,0.0,0.0,0.0
20151007220010,0.0,29.4,0.5,0.0,70.1,0.0,0.0,0.0
20151007220040,0.0,36.6,0.8,0.0,62.7,0.0,0.0,0.0
20151007220110,0.0,61.2,0.8,0.0,38.0,0.0,0.0,0.0
20151007220140,0.0,45.7,0.3,0.0,53.9,0.0,0.0,0.1
20151007220210,0.0,82.7,0.1,0.0,17.2,0.0,0.0,0.0
20151007220240,0.4,32.5,0.7,0.0,66.1,0.0,0.0,0.4
20151007220310,0.4,20.3,0.4,0.0,78.4,0.1,0.0,0.5
20151007220340,3.2,41.0,1.8,0.0,53.7,0.0,0.0,0.3
20151007220410,60.2,31.5,0.1,0.0,8.0,0.1,0.0,0.2
20151007220440,5.2,87.7,0.5,0.0,5.0,0.4,0.0,1.2
20151007220510,61.5,29.4,0.1,0.0,8.7,0.1,0.0,0.3
20151007220540,68.5,29.3,0.2,0.0,1.4,0.7,0.0,0.1
20151007220610,40.0,45.2,0.1,0.0,14.0,0.7,0.0,0.0
20151007220640,14.0,79.6,0.1,0.0,1.4,4.9,0.0,0.0
20151007220710,4.1,90.5,0.3,0.0,4.8,0.3,0.0,0.0
20151007220740,11.1,80.6,0.1,0.0,2.3,5.9,0.0,0.1
20151007220810,24.0,67.1,1.4,0.0,4.9,2.3,0.0,0.2
20151007220840,47.0,36.0,0.6,0.0,13.8,2.1,0.0,0.4
20151007220910,75.6,13.5,0.6,0.0,2.6,7.7,0.0,0.0
20151007220940,80.6,10.9,0.1,0.0,5.6,2.2,0.0,0.7
20151007221010,88.6,8.8,0.0,0.0,1.1,1.3,0.0,0.1
20151007221040,95.7,1.2,0.0,0.0,1.3,1.4,0.0,0.3
20151007221110,44.6,1.8,0.0,0.0,0.7,43.2,0.3,9.4
20151007221140,64.9,12.3,0.1,0.0,0.2,21.4,0.3,0.8
20151007221210,19.8,4.5,0.0,0.0,0.3,72.3,0.4,2.7
20151007221240,5.5,0.3,0.0,0.0,0.1,93.7,0.0,0.5
20151007221310,9.7,0.4,0.0,0.0,0.1,88.4,0.0,1.4
20151007221340,1.3,0.2,0.0,0.0,0.0,98.1,0.0,0.3
20151007221410,1.6,2.1,0.0,0.0,0.2,93.2,0.0,2.8
20151007221440,0.2,0.2,0.0,0.0,0.0,99.5,0.0,0.1
20151007221510,0.7,0.3,0.0,0.0,0.1,97.2,0.2,1.5
20151007221540,5.0,0.8,0.0,0.0,0.1,89.6,0.5,4.0
20151007221610,2.6,11.5,0.0,0.0,0.3,84.9,0.4,0.3
20151007221640,6.1,9.4,0.4,0.0,1.6,73.0,4.0,5.5
20151007221710,1.8,62.2,0.1,0.0,0.8,27.0,5.8,2.2
20151007221740,2.5,35.2,0.9,0.0,1.4,48.0,2.8,9.2
20151007221810,2.7,11.7,0.4,0.0,2.2,62.9,5.6,14.5
20151007221840,2.6,24.5,1.0,0.0,1.0,32.8,30.8,7.3
20151007221910,0.2,6.9,2.8,0.0,0.3,83.6,4.8,1.4
20151007221940,0.2,0.6,0.2,0.0,0.0,84.4,10.9,3.6
20151007222011,0.1,0.8,0.1,0.0,0.1,94.2,2.2,2.5
20151007222041,0.9,0.4,0.5,0.0,0.5,84.8,1.2,11.6
20151007222111,0.9,1.4,0.4,0.0,0.4,93.2,1.0,2.6
20151007222141,0.2,0.0,0.1,0.0,0.0,99.5,0.0,0.2
20151007222211,0.1,0.2,0.2,0.0,0.0,99.4,0.0,0.1
20151007222241,0.8,0.4,3.1,0.0,0.5,92.8,0.3,2.1
20151007222311,0.2,2.5,3.4,0.0,0.3,73.3,5.8,14.5
20151007222341,0.1,0.1,0.6,0.0,0.1,90.2,0.2,8.7
20151007222411,0.1,0.0,0.4,0.0,0.0,94.6,0.3,4.4
20151007222441,0.0,0.0,0.2,0.0,0.0,95.6,0.1,4.1
20151007222511,0.0,0.0,0.5,0.0,0.0,98.4,0.3,0.8
20151007222541,0.0,0.0,0.1,0.0,0.0,98.9,0.0,0.9
20151007222611,0.0,0.1,0.2,0.0,0.0,99.4,0.1,0.2
20151007222641,0.1,0.1,0.1,0.0,0.3,97.7,0.2,1.6
20151007222711,0.1,0.1,0.8,0.0,0.3,97.2,0.3,1.3
20151007222741,0.1,1.8,8.6,0.0,0.6,81.8,5.1,2.0
20151007222811,0.1,2.6,21.6,0.0,5.0,59.6,5.4,5.8
20151007222841,0.0,6.1,62.3,0.0,5.0,25.8,0.4,0.3
20151007222911,0.1,7.2,21.8,0.0,0.8,25.5,43.4,1.2
20151007222941,0.1,15.4,78.5,0.1,3.6,1.8,0.5,0.1
20151007223011,0.0,1.9,90.6,0.0,1.2,4.5,1.7,0.0
20151007223041,0.0,12.2,20.6,0.0,0.2,66.1,0.9,0.1
20151007223111,0.0,22.4,41.6,0.0,0.2,35.7,0.1,0.0
20151007223141,0.0,50.1,39.9,0.1,0.3,9.4,0.1,0.0
20151007223211,0.0,5.2,94.0,0.0,0.0,0.7,0.0,0.0
20151007223241,0.1,10.4,84.8,0.3,1.5,2.4,0.3,0.1
20151007223311,0.0,1.4,94.1,0.3,1.6,2.5,0.0,0.0
20151007223341,0.0,2.5,89.2,0.2,0.9,7.2,0.0,0.0
20151007223411,0.0,9.6,81.4,0.1,2.6,6.2,0.0,0.0
20151007223441,0.0,33.9,56.2,0.6,1.3,7.7,0.0,0.2
20151007223511,0.0,85.9,12.4,0.1,0.6,1.1,0.0,0.0
20151007223541,0.0,68.6,23.9,0.9,6.3,0.2,0.0,0.0
20151007223611,0.0,97.7,2.1,0.0,0.1,0.0,0.0,0.0
20151007223641,0.0,98.3,1.2,0.1,0.2,0.3,0.0,0.0
20151007223711,0.0,92.0,0.7,0.1,6.9,0.2,0.0,0.0
20151007223741,0.0,98.8,0.2,0.0,0.9,0.0,0.0,0.0
20151007223811,0.0,100.0,0.0,0.0,0.0,0.0,0.0,0.0
20151007223841,0.0,95.1,3.0,0.5,1.4,0.1,0.0,0.0
20151007223911,0.0,62.7,36.5,0.3,0.2,0.2,0.0,0.0
20151007223941,0.0,45.2,47.2,1.6,5.5,0.4,0.0,0.0
20151007224011,0.0,5.6,87.7,1.2,3.9,1.2,0.0,0.3
20151007224041,0.0,0.5,97.7,0.1,0.1,0.0,0.0,1.6
20151007224111,0.0,0.6,97.9,0.1,0.1,0.1,0.0,1.2
20151007224141,0.0,0.4,98.6,0.1,0.2,0.3,0.0,0.4
20151007224211,0.0,0.3,98.4,0.4,0.2,0.1,0.1,0.5
20151007224241,0.0,0.2,99.4,0.1,0.1,0.0,0.0,0.2
20151007224311,0.0,0.4,98.5,0.0,0.2,0.0,0.3,0.7
20151007224341,0.2,5.8,81.9,0.2,0.4,0.4,2.0,9.2
20151007224411,0.3,16.9,68.3,0.3,1.2,1.2,6.2,5.7
20151007224441,0.1,21.0,63.7,0.2,1.7,0.1,5.8,7.4
20151007224511,0.3,17.5,36.0,0.2,4.2,2.8,9.8,29.3
20151007224541,1.9,4.7,44.1,0.6,4.6,24.1,1.2,18.8
20151007224611,1.9,23.3,37.4,0.4,2.3,12.8,3.5,18.4
20151007224641,0.3,66.3,1.1,0.0,4.4,0.5,0.1,27.4
20151007224711,0.1,76.9,18.1,0.1,2.3,0.2,0.0,2.4
20151007224741,0.1,50.7,35.7,0.1,9.8,0.2,0.0,3.3
20151007224811,0.2,81.7,15.3,1.0,1.2,0.1,0.0,0.5
20151007224841,0.1,98.8,0.5,0.0,0.5,0.0,0.0,0.0
20151007224911,0.0,83.6,14.2,0.4,1.1,0.0,0.1,0.5
20151007224941,0.6,51.9,26.6,0.1,19.7,0.0,0.0,0.9
20151007225011,0.0,45.4,53.2,0.0,1.4,0.0,0.0,0.0
20151007225041,0.7,65.1,5.2,0.0,27.5,0.1,0.1,1.4
20151007225111,2.9,11.9,4.6,0.0,1.9,65.5,1.8,11.5
20151007225141,7.8,68.3,5.2,0.0,0.3,17.3,0.1,1.0
20151007225212,1.0,0.7,4.2,0.0,2.1,6.8,1.4,83.8
20151007225242,0.4,4.4,1.1,0.0,1.3,4.6,0.3,87.9
20151007225312,14.6,8.1,36.7,0.0,9.5,12.3,0.3,18.4
20151007225342,2.2,45.6,21.3,0.1,3.4,23.5,0.2,3.8
20151007225412,6.3,16.0,51.8,0.1,10.2,7.7,0.4,7.4
20151007225442,0.1,64.9,25.9,0.0,1.6,6.3,0.2,1.0
20151007225512,0.8,56.0,33.5,0.0,1.5,3.7,0.3,4.2
20151007225542,0.3,7.1,67.8,0.0,0.3,22.5,1.5,0.5
20151007225612,0.0,3.0,25.8,0.0,0.1,70.7,0.3,0.2
20151007225642,1.0,9.0,33.9,0.0,0.3,55.6,0.1,0.1
20151007225712,4.0,3.7,33.3,0.0,1.2,56.9,0.6,0.3
20151007225742,19.0,4.6,16.5,0.0,0.5,56.8,1.6,1.1
20151007225812,0.6,0.2,3.0,0.0,0.0,96.1,0.0,0.0
20151007225842,0.1,0.2,2.7,0.0,0.0,96.6,0.1,0.3
20151007225912,1.1,0.7,0.6,0.0,0.0,97.1,0.0,0.4
20151007225942,0.3,1.1,2.2,0.0,0.5,94.8,0.0,1.1
20151007230012,0.2,0.7,4.4,0.0,0.1,93.8,0.1,0.7
20151007230042,11.7,11.2,3.5,0.0,3.3,53.9,0.2,16.2
20151007230112,0.3,3.2,0.7,0.0,0.4,95.0,0.0,0.4
20151007230142,0.1,42.5,2.5,0.0,0.5,53.3,0.1,1.0
20151007230212,0.3,26.2,0.4,0.0,2.7,67.1,0.3,3.1
20151007230242,0.0,3.6,1.3,0.0,1.2,88.4,0.2,5.0
20151007230312,0.2,44.8,3.8,0.0,0.7,46.0,0.1,4.4
20151007230342,0.0,25.2,69.1,0.0,0.2,4.5,0.0,1.0
20151007230412,0.1,5.8,93.2,0.1,0.3,0.2,0.0,0.4
20151007230442,0.1,1.7,97.0,0.0,0.5,0.6,0.0,0.1
20151007230512,1.4,36.5,56.6,0.0,3.4,2.1,0.0,0.0
20151007230542,12.9,2.1,62.3,0.0,1.2,21.3,0.0,0.2
20151007230612,43.6,1.4,25.6,0.0,1.2,28.2,0.0,0.0
20151007230642,36.0,7.2,24.8,0.2,1.8,29.8,0.0,0.1
20151007230712,11.7,3.5,38.6,0.1,6.7,39.2,0.0,0.1
20151007230742,18.9,4.1,9.9,0.2,3.0,63.8,0.0,0.1
20151007230812,7.4,3.7,47.7,0.4,3.7,34.1,0.0,2.9
20151007230842,5.3,0.6,51.7,0.0,0.3,41.1,0.1,0.9
20151007230912,2.7,0.0,4.8,0.0,0.1,92.2,0.1,0.1
20151007230942,0.3,0.2,14.5,0.0,0.1,84.6,0.1,0.3
20151007231012,0.3,0.3,46.1,0.0,0.8,49.9,0.2,2.4
20151007231042,0.0,0.0,1.5,0.0,0.0,98.2,0.2,0.0
20151007231112,0.0,0.0,0.0,0.0,0.0,99.8,0.1,0.0
20151007231142,0.0,0.0,0.1,0.0,0.0,99.7,0.1,0.0
20151007231212,0.1,0.0,1.0,0.0,0.0,89.6,0.9,8.4
20151007231242,0.3,0.1,1.0,0.0,0.0,96.5,1.0,1.1
20151007231312,0.1,0.0,0.0,0.0,0.0,98.8,0.7,0.4
20151007231342,0.0,0.0,1.3,0.0,0.0,98.5,0.1,0.0
20151007231412,0.0,0.0,0.6,0.0,0.0,98.3,0.1,0.8
20151007231442,0.1,0.0,1.0,0.0,0.0,92.0,2.9,4.1
20151007231512,0.0,0.0,0.2,0.0,0.0,97.5,0.4,1.8
20151007231542,0.0,0.0,2.1,0.0,0.0,93.8,2.3,1.7
20151007231612,0.1,0.0,1.3,0.0,0.1,94.7,1.5,2.3
20151007231642,0.0,0.0,2.2,0.0,0.0,96.8,0.8,0.1
