UT,arc,discrete,diffuse,ac,ab,clear,cloudy,dd
20151025151100,0.0,0.0,0.0,0.0,0.0,0.0,0.0,100.0
20151025151130,0.0,0.0,0.0,0.0,0.0,0.0,0.0,100.0
20151025151200,0.0,0.0,0.0,0.0,0.0,0.0,0.0,100.0
20151025151230,0.0,0.0,0.0,0.0,0.0,0.0,0.0,100.0
20151025151300,0.0,0.0,0.0,0.0,0.0,0.0,0.0,100.0
20151025151330,0.0,0.0,0.0,0.0,0.0,0.0,0.0,100.0
20151025151400,0.0,0.0,0.0,0.0,0.0,0.0,0.0,100.0
20151025151430,0.0,0.0,0.0,0.0,0.0,0.0,0.0,100.0
20151025151500,0.0,0.0,0.0,0.0,0.0,0.0,0.0,100.0
20151025151530,0.0,0.0,0.0,0.0,0.0,0.0,0.0,100.0
20151025151600,0.0,0.0,0.0,0.0,0.0,0.0,0.0,100.0
20151025151630,0.0,0.0,0.0,0.0,0.0,0.0,0.0,100.0
20151025151700,0.0,0.0,0.0,0.0,0.0,0.0,0.0,100.0
20151025151730,0.0,0.0,0.0,0.0,0.0,0.0,0.0,100.0
20151025151800,0.0,0.0,0.0,0.0,0.0,0.0,0.0,100.0
20151025151830,0.0,0.0,0.0,0.0,0.0,0.0,0.0,100.0
20151025151900,0.0,0.0,0.0,0.0,0.0,0.0,0.0,100.0
20151025151930,0.0,0.0,0.0,0.0,0.0,0.0,0.0,100.0
20151025152000,0.0,0.0,0.0,0.0,0.0,0.0,0.0,100.0
20151025152030,0.0,0.0,0.0,0.0,0.0,0.0,0.0,100.0
20151025152100,0.0,0.0,0.0,0.0,0.0,0.0,0.0,100.0
20151025152130,0.0,0.0,0.0,0.0,0.0,0.0,0.0,100.0
20151025152200,0.0,0.0,0.0,0.0,0.0,0.0,0.0,100.0
20151025152230,0.0,0.0,0.0,0.0,0.0,0.0,0.0,100.0
20151025152300,0.0,0.0,0.0,0.0,0.0,0.0,0.0,100.0
20151025152330,0.0,0.0,0.0,0.0,0.0,0.0,0.0,100.0
20151025152400,0.0,0.0,0.0,0.0,0.0,0.0,0.0,100.0
20151025152430,0.0,0.0,0.0,0.0,0.0,0.0,0.0,100.0
20151025152500,0.0,0.0,0.0,0.0,0.0,0.0,0.0,100.0
20151025152530,0.0,0.0,0.0,0.0,0.0,0.0,0.0,100.0
20151025152600,0.0,0.0,0.0,0.0,0.0,0.0,0.0,100.0
20151025152630,0.0,0.0,0.0,0.0,0.0,0.0,0.0,100.0
20151025152700,0.0,0.0,0.0,0.0,0.0,0.0,0.0,100.0
20151025152730,0.0,0.0,0.0,0.0,0.0,0.0,0.0,100.0
20151025152800,0.0,0.0,0.0,0.0,0.0,0.0,0.0,100.0
20151025152831,0.0,0.0,0.0,0.0,0.0,0.0,0.0,100.0
20151025152901,0.0,0.0,0.0,0.0,0.0,0.0,0.0,100.0
20151025152931,0.0,0.0,0.0,0.0,0.0,0.0,0.0,100.0
20151025153001,0.0,0.0,0.0,0.0,0.0,0.0,0.0,100.0
20151025153031,0.0,0.0,0.0,0.0,0.0,0.0,0.0,100.0
20151025153101,0.0,0.0,0.0,0.0,0.0,0.0,0.0,100.0
20151025153131,0.0,0.0,0.0,0.0,0.0,0.0,0.0,100.0
20151025153201,0.0,0.0,0.0,0.0,0.0,0.0,0.0,100.0
20151025153231,0.0,0.0,0.0,0.0,0.0,0.0,0.0,100.0
20151025153301,0.0,0.0,0.0,0.0,0.0,0.0,0.0,100.0
20151025153331,0.0,0.0,0.0,0.0,0.0,0.0,0.0,100.0
20151025153401,0.0,0.0,0.0,0.0,0.0,0.0,0.0,100.0
20151025153431,0.0,0.0,0.0,0.0,0.0,0.0,0.0,100.0
20151025153501,0.0,0.0,0.0,0.0,0.0,0.0,0.0,100.0
20151025153531,0.0,0.0,0.0,0.0,0.0,0.0,0.0,100.0
20151025153601,0.0,0.0,0.0,0.0,0.0,0.0,0.0,100.0
20151025153631,0.0,0.0,0.0,0.0,0.0,0.0,0.0,100.0
20151025153701,0.0,0.0,0.0,0.0,0.0,0.0,0.0,100.0
20151025153731,0.0,0.0,0.0,0.0,0.0,0.0,0.0,100.0
20151025153801,0.0,0.0,0.0,0.0,0.0,0.0,0.0,100.0
20151025153831,0.0,0.0,0.0,0.0,0.0,0.0,0.0,100.0
20151025153901,0.0,0.0,0.0,0.0,0.0,0.0,0.0,100.0
20151025153931,0.0,0.0,0.0,0.0,0.0,0.0,0.0,100.0
20151025154001,0.0,0.0,0.0,0.0,0.0,0.0,0.0,100.0
20151025154031,0.0,0.0,0.0,0.0,0.0,0.0,0.0,100.0
20151025154101,0.0,0.0,0.0,0.0,0.0,0.0,0.0,100.0
20151025154131,0.0,0.0,0.0,0.0,0.0,0.0,0.0,100.0
20151025154201,0.0,0.0,0.0,0.0,0.0,0.0,0.0,100.0
20151025154231,0.0,0.0,0.0,0.0,0.0,0.0,0.0,100.0
20151025154301,0.0,0.0,0.0,0.0,0.0,0.0,0.0,100.0
20151025154331,0.0,0.0,0.0,0.0,0.0,0.0,0.0,100.0
20151025154401,0.0,0.0,0.0,0.0,0.0,0.0,0.0,100.0
20151025154431,0.0,0.0,0.0,0.0,0.0,0.0,0.0,100.0
20151025154501,0.0,0.0,0.0,0.0,0.0,0.0,0.0,100.0
20151025154531,0.0,0.0,0.0,0.0,0.0,0.0,0.0,100.0
20151025154601,0.0,0.0,0.0,0.0,0.0,0.0,0.0,100.0
20151025154631,0.0,0.0,0.0,0.0,0.0,0.0,0.0,100.0
20151025154701,0.0,0.0,0.0,0.0,0.0,0.0,0.0,100.0
20151025154731,0.0,0.0,0.0,0.0,0.0,0.0,0.0,100.0
20151025154801,0.0,0.0,0.0,0.0,0.0,0.0,0.0,100.0
20151025154831,0.0,0.0,0.0,0.0,0.0,0.0,0.0,100.0
20151025154901,0.0,0.0,0.0,0.0,0.0,0.0,0.0,100.0
20151025154931,0.0,0.0,0.0,0.0,0.0,0.0,0.0,100.0
20151025155001,0.0,0.0,0.0,0.0,0.0,0.0,0.0,100.0
20151025155031,0.0,0.0,0.0,0.0,0.0,0.0,0.0,100.0
20151025155101,0.0,0.0,0.0,0.0,0.0,0.0,0.0,100.0
20151025155131,0.0,0.0,0.0,0.0,0.0,0.0,0.0,100.0
20151025155201,0.0,0.0,0.0,0.0,0.0,0.0,0.0,100.0
20151025155231,0.0,0.0,0.0,0.0,0.0,0.0,0.0,100.0
20151025155301,0.0,0.0,0.0,0.0,0.0,0.0,0.0,100.0
20151025155331,0.0,0.0,0.0,0.0,0.0,0.0,0.0,100.0
20151025155401,0.0,0.0,0.0,0.0,0.0,0.0,0.0,100.0
20151025155431,0.0,0.0,0.0,0.0,0.0,0.0,0.0,100.0
20151025155501,0.0,0.0,0.0,0.0,0.0,0.0,0.0,100.0
20151025155531,0.0,0.0,0.0,0.0,0.0,0.0,0.0,100.0
20151025155601,0.0,0.0,0.0,0.0,0.0,0.0,0.0,100.0
20151025155631,0.0,0.0,0.0,0.0,0.0,0.0,0.0,100.0
20151025155701,0.0,0.0,0.0,0.0,0.0,0.0,0.0,100.0
20151025155731,0.0,0.0,0.0,0.0,0.0,0.0,0.0,100.0
20151025155801,0.0,0.0,0.0,0.0,0.0,0.0,0.0,100.0
20151025155831,0.0,0.0,0.0,0.0,0.0,0.0,0.0,100.0
20151025155901,0.0,0.0,0.0,0.0,0.0,0.0,0.0,100.0
20151025155931,0.0,0.0,0.0,0.0,0.0,0.0,0.0,100.0
20151025160001,0.0,0.0,0.0,0.0,0.0,0.0,0.0,100.0
20151025160031,0.0,0.0,0.0,0.0,0.0,0.0,0.0,100.0
20151025160101,0.0,0.0,0.0,0.0,0.0,0.0,0.0,100.0
20151025160131,0.0,0.0,0.0,0.0,0.0,0.0,0.0,100.0
20151025160201,0.0,0.0,0.0,0.0,0.0,0.0,0.0,100.0
20151025160232,0.0,0.0,0.0,0.0,0.0,0.0,0.0,100.0
20151025160302,0.0,0.0,0.0,0.0,0.0,0.0,0.0,100.0
20151025160332,0.0,0.0,0.0,0.0,0.0,0.0,0.1,99.9
20151025160402,0.0,0.0,0.0,0.0,0.0,0.0,0.1,99.9
20151025160432,0.0,0.0,0.0,0.0,0.0,0.0,0.2,99.8
20151025160502,0.0,0.0,0.0,0.0,0.0,0.0,0.6,99.4
20151025160532,0.0,0.0,0.0,0.0,0.0,0.1,0.4,99.6
20151025160602,0.0,0.0,0.0,0.0,0.0,0.1,0.3,99.6
20151025160632,0.0,0.0,0.0,0.0,0.0,0.1,0.5,99.4
20151025160702,0.0,0.0,0.0,0.0,0.0,0.0,0.2,99.8
20151025160732,0.0,0.0,0.0,0.0,0.0,0.0,0.5,99.5
20151025160802,0.0,0.0,0.0,0.0,0.0,0.0,0.3,99.7
20151025160832,0.0,0.0,0.0,0.0,0.0,0.2,1.1,98.8
20151025160902,0.0,0.0,0.0,0.0,0.0,0.1,3.2,96.7
20151025160932,0.0,0.0,0.0,0.0,0.0,0.6,6.6,92.8
20151025161002,0.0,0.0,0.0,0.0,0.0,1.7,14.2,84.1
20151025161032,0.0,0.0,0.0,0.0,0.0,0.1,6.1,93.8
20151025161232,0.0,0.0,0.0,0.0,0.0,0.0,0.0,100.0
20151025161302,0.0,0.0,0.0,0.0,0.0,0.0,0.1,99.9
20151025161332,0.0,0.0,0.0,0.0,0.0,0.0,0.3,99.7
20151025161402,0.0,0.0,0.0,0.0,0.0,0.0,1.0,99.0
20151025161432,0.0,0.0,0.0,0.0,0.0,0.0,0.2,99.8
20151025161502,0.0,0.0,0.0,0.0,0.0,0.0,0.1,99.9
20151025161532,0.0,0.0,0.0,0.0,0.0,0.0,0.1,99.9
20151025161602,0.0,0.0,0.0,0.0,0.0,0.0,0.1,99.9
20151025161632,0.0,0.0,0.0,0.0,0.0,0.0,2.7,97.3
20151025161702,0.0,0.0,0.0,0.0,0.0,0.0,0.3,99.7
20151025161732,0.0,0.0,0.0,0.0,0.0,0.0,2.4,97.5
20151025161802,0.0,0.0,0.0,0.2,0.0,0.0,4.2,95.7
20151025161832,0.0,0.0,0.0,0.3,0.0,0.0,6.5,93.2
20151025161902,0.0,0.0,0.0,0.1,0.0,0.0,7.6,92.3
20151025161932,0.0,0.0,0.0,0.0,0.0,0.0,1.9,98.1
20151025162002,0.0,0.0,0.0,0.1,0.0,0.0,7.1,92.8
20151025162032,0.0,0.0,0.0,0.2,0.0,0.0,10.4,89.4
20151025162102,0.0,0.0,0.0,0.2,0.0,0.0,45.2,54.6
20151025162132,0.0,0.0,0.0,0.1,0.0,0.0,39.0,60.9
20151025162202,0.0,0.0,0.0,0.0,0.0,0.0,26.8,73.1
20151025162232,0.0,0.0,0.0,0.1,0.0,0.0,91.3,8.6
20151025162302,0.0,0.0,0.0,0.0,0.0,0.0,79.2,20.8
20151025162332,0.0,0.0,0.0,0.0,0.0,0.0,93.7,6.3
20151025162402,0.0,0.0,0.0,0.1,0.0,0.0,81.0,18.9
20151025162432,0.0,0.0,0.0,0.0,0.0,0.0,95.1,4.9
20151025162502,0.0,0.0,0.0,0.0,0.0,0.0,98.3,1.6
20151025162532,0.0,0.0,0.0,0.0,0.0,0.0,98.0,2.0
20151025162602,0.0,0.0,0.0,0.0,0.0,0.0,95.2,4.8
20151025162632,0.0,0.0,0.0,0.0,0.0,0.0,98.4,1.6
20151025162702,0.0,0.0,0.0,0.0,0.0,0.0,92.3,7.7
20151025162732,0.0,0.0,0.0,0.0,0.0,0.0,96.8,3.2
20151025162802,0.0,0.0,0.0,0.0,0.0,0.0,99.0,1.0
20151025162832,0.0,0.0,0.0,0.0,0.0,0.0,94.2,5.8
20151025162902,0.0,0.0,0.0,0.0,0.0,0.0,99.4,0.6
20151025162932,0.0,0.0,0.0,0.0,0.0,0.0,99.8,0.2
20151025163003,0.0,0.0,0.0,0.0,0.0,0.0,84.5,15.5
20151025163033,0.0,0.0,0.0,0.0,0.0,0.0,98.9,1.1
20151025163103,0.0,0.0,0.0,0.0,0.0,0.0,97.8,2.1
20151025163133,0.0,0.0,0.0,0.0,0.0,0.0,96.9,3.1
20151025163203,0.0,0.0,0.0,0.1,0.0,0.0,99.0,0.9
20151025163233,0.0,0.0,0.0,0.0,0.0,0.0,100.0,0.0
20151025163303,0.0,0.0,0.0,0.1,0.0,0.0,98.6,1.3
20151025163333,0.0,0.0,0.0,0.1,0.0,0.0,97.9,2.1
20151025163403,0.0,0.0,0.0,0.1,0.0,0.0,89.7,10.2
20151025163433,0.0,0.0,0.0,0.1,0.0,0.0,98.3,1.6
20151025163503,0.0,0.0,0.0,0.7,0.0,0.0,97.6,1.7
20151025163533,0.0,0.0,0.0,2.2,0.0,0.0,40.3,57.4
20151025163603,0.0,0.0,0.0,2.0,0.0,0.0,46.5,51.4
20151025163633,0.0,0.0,0.0,1.8,0.0,0.0,73.3,24.9
20151025163703,0.0,0.0,0.0,0.5,0.0,0.0,69.1,30.4
20151025163733,0.0,0.0,0.0,2.5,0.0,0.0,74.7,22.8
20151025163803,0.0,0.0,0.0,0.4,0.0,0.0,62.5,37.0
20151025163833,0.0,0.0,0.0,0.1,0.0,0.0,41.0,58.9
20151025163903,0.0,0.0,0.0,1.3,0.0,0.0,84.2,14.5
20151025163933,0.0,0.0,0.0,0.5,0.0,0.0,17.9,81.5
20151025164003,0.0,0.0,0.0,3.8,0.0,0.0,72.0,24.2
20151025164033,0.0,0.0,0.0,0.3,0.0,0.0,44.4,55.3
20151025164103,0.0,0.0,0.0,0.1,0.0,0.0,8.9,91.0
20151025164133,0.0,0.0,0.0,0.1,0.0,0.0,28.8,71.1
20151025164203,0.0,0.0,0.0,0.1,0.0,0.0,94.6,5.3
20151025164233,0.0,0.0,0.0,0.1,0.0,0.0,86.1,13.8
20151025164303,0.0,0.0,0.0,1.2,0.0,0.0,91.3,7.5
20151025164333,0.0,0.0,0.0,6.9,0.0,0.0,91.4,1.6
20151025164403,0.0,0.0,0.0,4.6,0.0,0.0,89.3,6.1
20151025164433,0.0,0.0,0.0,1.6,0.0,0.0,84.8,13.5
20151025164503,0.0,0.0,0.0,0.0,0.0,0.0,99.9,0.1
20151025164533,0.0,0.0,0.0,0.1,0.0,0.0,99.2,0.8
20151025164603,0.0,0.0,0.0,0.0,0.0,0.0,24.0,76.0
20151025164633,0.0,0.0,0.0,0.0,0.0,0.0,1.0,99.0
20151025164703,0.0,0.0,0.0,0.0,0.0,0.0,0.2,99.8
20151025164733,0.0,0.0,0.0,0.0,0.0,0.0,0.2,99.8
20151025164803,0.0,0.0,0.0,0.0,0.0,0.0,0.0,100.0
20151025164833,0.0,0.0,0.0,0.0,0.0,0.0,0.0,100.0
20151025164903,0.0,0.0,0.0,0.0,0.0,0.0,0.0,100.0
20151025164933,0.0,0.0,0.0,0.0,0.0,0.0,0.0,100.0
20151025165003,0.0,0.0,0.0,0.0,0.0,0.0,0.0,100.0
20151025165033,0.0,0.0,0.0,0.0,0.0,0.0,0.0,100.0
20151025165103,0.0,0.0,0.0,0.0,0.0,0.0,0.0,100.0
20151025165133,0.0,0.0,0.0,0.0,0.0,0.0,0.0,100.0
20151025165203,0.0,0.0,0.0,0.0,0.0,0.0,0.0,100.0
20151025165233,0.0,0.0,0.0,0.0,0.0,0.0,0.0,100.0
20151025165303,0.0,0.0,0.0,0.0,0.0,0.0,0.0,100.0
20151025165333,0.0,0.0,0.0,0.0,0.0,0.0,0.0,100.0
20151025165403,0.0,0.0,0.0,0.0,0.0,0.0,0.0,100.0
20151025165433,0.0,0.0,0.0,0.0,0.0,0.0,0.0,100.0
20151025165503,0.0,0.0,0.0,0.0,0.0,0.0,0.0,100.0
20151025165533,0.0,0.0,0.0,0.0,0.0,0.0,0.0,100.0
20151025165603,0.0,0.0,0.0,0.0,0.0,0.0,0.0,100.0
20151025165633,0.0,0.0,0.0,0.0,0.0,0.0,0.0,100.0
20151025165703,0.0,0.0,0.0,0.0,0.0,0.0,0.0,100.0
20151025165733,0.0,0.0,0.0,0.0,0.0,0.0,0.0,100.0
20151025165803,0.0,0.0,0.0,0.0,0.0,0.0,0.0,100.0
20151025165833,0.0,0.0,0.0,0.0,0.0,0.0,0.0,100.0
20151025165903,0.0,0.0,0.0,0.0,0.0,0.0,0.0,100.0
20151025165933,0.0,0.0,0.0,0.0,0.0,0.0,0.0,100.0
20151025170003,0.0,0.0,0.0,0.0,0.0,0.0,0.0,100.0
20151025170033,0.0,0.0,0.0,0.0,0.0,0.0,0.0,100.0
20151025170103,0.0,0.0,0.0,0.0,0.0,0.0,0.0,100.0
20151025170133,0.0,0.0,0.0,0.0,0.0,0.0,0.0,100.0
20151025170203,0.0,0.0,0.0,0.0,0.0,0.0,0.0,100.0
20151025170233,0.0,0.0,0.0,0.0,0.0,0.0,0.0,100.0
20151025170303,0.0,0.0,0.0,0.0,0.0,0.0,0.0,100.0
20151025170333,0.0,0.0,0.0,0.0,0.0,0.0,0.2,99.8
20151025170404,0.0,0.0,0.0,0.0,0.0,0.0,24.0,76.0
20151025170434,0.0,0.0,0.0,0.0,0.0,0.0,99.1,0.9
20151025170504,0.0,0.0,0.0,0.0,0.0,0.0,97.1,2.9
20151025170534,0.0,0.0,0.0,0.1,0.0,0.0,97.9,2.0
20151025170604,0.0,0.0,0.0,0.4,0.0,0.0,83.6,16.0
20151025170634,0.0,0.0,0.0,0.4,0.0,0.0,92.2,7.4
20151025170704,0.0,0.0,0.0,0.1,0.0,0.0,94.7,5.2
20151025170734,0.0,0.0,0.0,0.3,0.0,0.0,93.0,6.7
20151025170804,0.0,0.0,0.0,0.5,0.0,0.0,83.6,15.9
20151025170834,0.0,0.0,0.0,0.0,0.0,0.0,98.8,1.1
20151025170904,0.0,0.0,0.0,0.1,0.0,0.0,94.3,5.6
20151025170934,0.0,0.0,0.0,0.0,0.0,0.0,98.8,1.1
20151025171004,0.0,0.0,0.0,0.0,0.0,0.0,99.8,0.1
20151025171034,0.0,0.0,0.0,0.2,0.0,0.0,99.1,0.7
20151025171104,0.0,0.0,0.0,0.0,0.0,0.0,99.9,0.1
20151025171134,0.0,0.0,0.0,0.1,0.0,0.0,98.9,1.0
20151025171204,0.0,0.0,0.0,0.0,0.0,0.0,98.2,1.8
20151025171234,0.0,0.0,0.0,0.0,0.0,0.0,97.5,2.5
20151025171304,0.0,0.0,0.0,0.0,0.0,0.0,98.9,1.1
20151025171334,0.0,0.0,0.0,0.0,0.0,0.0,98.1,1.8
20151025171404,0.0,0.0,0.0,0.0,0.0,0.0,99.5,0.5
20151025171434,0.0,0.0,0.0,0.0,0.0,0.0,99.2,0.8
20151025171504,0.0,0.0,0.0,0.0,0.0,0.0,98.6,1.4
20151025171534,0.0,0.0,0.0,0.1,0.0,0.0,98.6,1.3
20151025171604,0.0,0.0,0.0,0.0,0.0,0.0,98.8,1.2
20151025171634,0.0,0.0,0.0,0.0,0.0,0.0,99.8,0.2
20151025171704,0.0,0.0,0.0,0.1,0.0,0.0,94.6,5.3
20151025171734,0.0,0.0,0.0,0.0,0.0,0.0,99.3,0.7
20151025171804,0.0,0.0,0.0,0.0,0.0,0.0,98.4,1.6
20151025171834,0.0,0.0,0.0,0.5,0.0,0.0,89.6,9.9
20151025171904,0.0,0.0,0.0,0.1,0.0,0.0,98.7,1.2
20151025171934,0.0,0.0,0.0,0.7,0.0,0.0,95.9,3.5
20151025172004,0.0,0.0,0.0,0.0,0.0,0.0,99.8,0.2
20151025172034,0.0,0.0,0.0,0.4,0.0,0.0,98.2,1.4
20151025172104,0.0,0.0,0.0,0.3,0.0,0.0,78.6,21.0
20151025172134,0.0,0.0,0.0,0.1,0.0,0.0,99.2,0.7
20151025172204,0.0,0.0,0.0,0.1,0.0,0.0,99.2,0.8
20151025172234,0.0,0.0,0.0,0.0,0.0,0.0,99.8,0.2
20151025172304,0.0,0.0,0.0,0.5,0.0,0.0,97.6,1.9
20151025172334,0.0,0.0,0.0,0.4,0.0,0.0,96.2,3.4
20151025172404,0.0,0.0,0.0,0.1,0.0,0.0,96.2,3.7
20151025172434,0.0,0.0,0.0,0.0,0.0,0.0,99.6,0.4
20151025172504,0.0,0.0,0.0,0.4,0.0,0.0,95.8,3.7
20151025172534,0.0,0.0,0.0,0.0,0.0,0.0,99.9,0.1
20151025172604,0.0,0.0,0.0,0.3,0.0,0.0,84.3,15.4
20151025172634,0.0,0.0,0.0,0.1,0.0,0.0,92.5,7.3
20151025172704,0.0,0.0,0.0,0.0,0.0,0.0,96.4,3.5
20151025172734,0.0,0.0,0.0,0.2,0.0,0.0,98.3,1.6
20151025172804,0.0,0.0,0.0,0.4,0.0,0.0,83.3,16.2
20151025172834,0.0,0.0,0.0,0.2,0.0,0.0,73.4,26.4
20151025172904,0.0,0.0,0.0,0.0,0.0,0.0,87.9,12.1
20151025172934,0.0,0.0,0.0,0.1,0.0,0.0,94.8,5.1
20151025173004,0.0,0.0,0.0,0.1,0.0,0.0,88.5,11.4
20151025173034,0.0,0.0,0.0,0.4,0.0,0.0,94.3,5.3
20151025173104,0.0,0.0,0.0,0.1,0.0,0.0,94.5,5.4
20151025173134,0.0,0.0,0.0,0.2,0.0,0.0,94.4,5.4
20151025173204,0.0,0.0,0.0,0.2,0.0,0.0,83.1,16.7
20151025173234,0.0,0.0,0.0,0.2,0.0,0.0,97.8,2.0
20151025173304,0.0,0.0,0.0,0.1,0.0,0.0,96.2,3.7
20151025173334,0.0,0.0,0.0,0.1,0.0,0.0,96.6,3.3
20151025173404,0.0,0.0,0.0,0.1,0.0,0.0,90.5,9.4
20151025173434,0.0,0.0,0.0,0.0,0.0,0.0,99.7,0.3
20151025173504,0.0,0.0,0.0,0.1,0.0,0.0,90.2,9.6
20151025173534,0.0,0.0,0.0,0.0,0.0,0.0,98.1,1.9
20151025173604,0.0,0.0,0.0,0.2,0.0,0.0,96.7,3.1
20151025173634,0.0,0.0,0.0,0.1,0.0,0.0,98.1,1.8
20151025173704,0.0,0.0,0.0,0.0,0.0,0.0,94.7,5.3
20151025173734,0.0,0.0,0.0,0.0,0.0,0.0,91.8,8.1
20151025173804,0.0,0.0,0.0,0.2,0.0,0.0,96.7,3.1
20151025173835,0.0,0.0,0.0,0.3,0.0,0.0,88.6,11.1
20151025173905,0.0,0.0,0.0,0.1,0.0,0.0,99.3,0.6
20151025173935,0.0,0.0,0.0,0.1,0.0,0.0,93.3,6.6
20151025174005,0.0,0.0,0.0,0.0,0.0,0.0,96.8,3.1
20151025174035,0.0,0.0,0.0,0.0,0.0,0.0,93.0,7.0
20151025174105,0.0,0.0,0.0,0.1,0.0,0.0,80.4,19.5
20151025174135,0.0,0.0,0.0,0.2,0.0,0.0,91.7,8.1
20151025174205,0.0,0.0,0.0,0.0,0.0,0.0,98.1,1.8
20151025174235,0.0,0.0,0.0,0.1,0.0,0.0,98.4,1.5
20151025174305,0.0,0.0,0.0,0.1,0.0,0.0,93.5,6.3
20151025174335,0.0,0.0,0.0,0.1,0.0,0.0,99.4,0.5
20151025174405,0.0,0.0,0.0,0.0,0.0,0.0,99.8,0.1
20151025174435,0.0,0.0,0.0,0.1,0.0,0.0,99.4,0.5
20151025174505,0.0,0.0,0.0,0.4,0.0,0.0,96.3,3.3
20151025174535,0.0,0.0,0.0,0.1,0.0,0.0,99.5,0.4
20151025174605,0.0,0.0,0.0,0.1,0.0,0.0,99.6,0.4
20151025174635,0.0,0.0,0.0,0.1,0.0,0.0,88.5,11.4
20151025174705,0.0,0.0,0.0,0.1,0.0,0.0,94.1,5.8
20151025174735,0.0,0.0,0.0,0.2,0.0,0.0,97.0,2.8
20151025174805,0.0,0.0,0.0,0.0,0.0,0.0,95.9,4.0
20151025174835,0.0,0.0,0.0,0.1,0.0,0.0,97.9,2.0
20151025174905,0.0,0.0,0.0,0.1,0.0,0.0,99.3,0.6
20151025174935,0.0,0.0,0.0,0.1,0.0,0.0,98.5,1.4
20151025175005,0.0,0.0,0.0,0.0,0.0,0.0,94.7,5.3
20151025175035,0.0,0.0,0.0,0.1,0.0,0.0,97.9,2.1
20151025175105,0.0,0.0,0.0,0.0,0.0,0.0,99.1,0.9
20151025175135,0.0,0.0,0.0,0.0,0.0,0.0,99.1,0.9
20151025175205,0.0,0.0,0.0,0.0,0.0,0.0,99.3,0.6
20151025175235,0.0,0.0,0.0,0.0,0.0,0.0,99.9,0.1
20151025175305,0.0,0.0,0.0,0.1,0.0,0.0,99.8,0.1
20151025175335,0.0,0.0,0.0,0.2,0.0,0.0,99.5,0.3
20151025175405,0.0,0.0,0.0,0.1,0.0,0.0,99.6,0.3
20151025175435,0.0,0.0,0.0,0.0,0.0,0.0,98.9,1.1
20151025175505,0.0,0.0,0.0,0.0,0.0,0.0,99.8,0.2
20151025175535,0.0,0.0,0.0,0.0,0.0,0.0,99.6,0.4
20151025175605,0.0,0.0,0.0,0.0,0.0,0.0,99.6,0.4
20151025175635,0.0,0.0,0.0,0.0,0.0,0.0,99.9,0.1
20151025175705,0.0,0.0,0.0,0.0,0.0,0.0,99.6,0.4
20151025175735,0.0,0.0,0.0,0.1,0.0,0.0,99.3,0.6
20151025175805,0.0,0.0,0.0,0.1,0.0,0.0,99.8,0.2
20151025175835,0.0,0.0,0.0,0.0,0.0,0.0,99.9,0.1
20151025175905,0.0,0.0,0.0,0.1,0.0,0.0,99.8,0.1
20151025175935,0.0,0.0,0.0,0.1,0.0,0.0,99.7,0.2
20151025180005,0.0,0.0,0.0,0.0,0.0,0.0,99.9,0.1
20151025180035,0.0,0.0,0.0,0.1,0.0,0.0,99.9,0.0
20151025180105,0.0,0.0,0.0,0.3,0.0,0.0,99.6,0.2
20151025180135,0.0,0.0,0.0,0.1,0.0,0.0,99.7,0.2
20151025180205,0.0,0.0,0.0,0.4,0.0,0.0,99.5,0.1
20151025180235,0.0,0.0,0.0,0.3,0.0,0.0,99.4,0.3
20151025180305,0.0,0.0,0.0,0.1,0.0,0.0,99.5,0.4
20151025180335,0.0,0.0,0.0,0.1,0.0,0.0,99.9,0.1
20151025180405,0.0,0.0,0.0,0.1,0.0,0.0,99.5,0.3
20151025180435,0.0,0.0,0.0,0.1,0.0,0.0,99.6,0.3
20151025180505,0.0,0.0,0.0,0.5,0.0,0.0,98.8,0.7
20151025180536,0.0,0.0,0.0,0.2,0.0,0.0,97.4,2.4
20151025180606,0.0,0.0,0.0,0.2,0.0,0.0,98.9,0.9
20151025180636,0.0,0.0,0.0,0.5,0.0,0.0,98.4,1.2
20151025180706,0.0,0.0,0.0,0.7,0.0,0.0,97.4,1.9
20151025180736,0.0,0.0,0.0,0.3,0.0,0.0,99.0,0.6
20151025180806,0.0,0.0,0.0,0.9,0.0,0.0,90.4,8.7
20151025180836,0.0,0.0,0.0,0.0,0.0,0.0,99.6,0.4
20151025180906,0.0,0.0,0.0,0.2,0.0,0.0,99.6,0.2
20151025180936,0.0,0.0,0.0,0.7,0.0,0.0,99.0,0.3
20151025181006,0.0,0.0,0.0,0.1,0.0,0.0,99.6,0.3
20151025181036,0.0,0.0,0.0,0.2,0.0,0.0,99.0,0.7
20151025181106,0.0,0.0,0.0,0.0,0.0,0.0,99.7,0.3
20151025181136,0.0,0.0,0.0,0.1,0.0,0.0,99.3,0.6
20151025181206,0.0,0.0,0.0,0.1,0.0,0.0,98.5,1.4
20151025181236,0.0,0.0,0.0,0.2,0.0,0.0,98.1,1.7
20151025181306,0.0,0.0,0.0,0.1,0.0,0.0,99.7,0.2
20151025181336,0.0,0.0,0.0,0.2,0.0,0.0,99.4,0.5
20151025181406,0.0,0.0,0.0,0.1,0.0,0.0,97.6,2.4
20151025181436,0.0,0.0,0.0,0.1,0.0,0.0,98.5,1.4
20151025181506,0.0,0.0,0.0,0.2,0.0,0.0,99.8,0.1
20151025181536,0.0,0.0,0.0,0.1,0.0,0.0,99.7,0.1
20151025181606,0.0,0.0,0.0,0.1,0.0,0.0,99.8,0.1
20151025181636,0.0,0.0,0.0,1.1,0.0,0.0,98.9,0.0
20151025181706,0.0,0.0,0.0,0.8,0.0,0.0,99.0,0.2
20151025181736,0.0,0.0,0.0,0.7,0.0,0.0,99.1,0.2
20151025181806,0.0,0.0,0.0,0.4,0.0,0.0,99.3,0.4
20151025181836,0.0,0.0,0.0,0.1,0.0,0.0,99.6,0.3
20151025181906,0.0,0.0,0.0,0.1,0.0,0.0,99.8,0.1
20151025181936,0.0,0.0,0.0,0.3,0.0,0.0,99.3,0.4
20151025182006,0.0,0.0,0.0,1.7,0.0,0.0,96.4,1.9
20151025182036,0.0,0.0,0.0,0.5,0.0,0.0,98.3,1.2
20151025182106,0.0,0.0,0.0,0.3,0.0,0.0,99.4,0.3
20151025182136,0.0,0.0,0.0,0.0,0.0,0.0,99.9,0.1
20151025182206,0.0,0.0,0.0,0.6,0.0,0.0,99.0,0.3
20151025182236,0.0,0.0,0.0,0.8,0.0,0.0,99.1,0.1
20151025182306,0.0,0.0,0.0,1.6,0.0,0.0,97.8,0.5
20151025182336,0.0,0.0,0.0,0.4,0.0,0.0,99.1,0.5
20151025182406,0.0,0.0,0.0,0.5,0.0,0.0,97.1,2.4
20151025182436,0.0,0.0,0.0,0.5,0.0,0.0,97.3,2.1
20151025182506,0.0,0.0,0.0,0.1,0.0,0.0,96.9,2.9
20151025182536,0.0,0.0,0.0,0.0,0.0,0.0,99.2,0.8
20151025182606,0.0,0.0,0.0,0.1,0.0,0.0,98.9,1.0
20151025182636,0.0,0.0,0.0,0.2,0.0,0.0,92.6,7.2
20151025182706,0.0,0.0,0.0,0.1,0.0,0.0,94.4,5.5
20151025182736,0.0,0.0,0.0,0.3,0.0,0.0,98.3,1.4
20151025182806,0.0,0.0,0.1,2.2,0.1,0.0,64.3,33.3
20151025182836,0.0,0.0,0.0,1.1,0.0,0.0,94.6,4.3
20151025182906,0.0,0.0,0.0,0.7,0.0,0.0,96.9,2.4
20151025182936,0.0,0.0,0.1,1.6,0.0,0.0,83.2,15.1
20151025183006,0.0,0.0,0.0,0.8,0.0,0.0,94.8,4.4
20151025183036,0.0,0.0,0.0,1.1,0.0,0.0,98.6,0.3
20151025183106,0.0,0.0,0.0,0.4,0.0,0.0,98.7,1.0
20151025183136,0.0,0.0,0.0,0.2,0.0,0.0,99.6,0.2
20151025183206,0.0,0.0,0.0,0.3,0.0,0.0,99.6,0.0
20151025183236,0.0,0.0,0.0,0.5,0.0,0.0,98.7,0.8
20151025183306,0.0,0.0,0.0,6.4,0.0,0.0,85.7,7.8
20151025183336,0.0,0.0,0.0,0.9,0.0,0.0,91.6,7.5
20151025183406,0.0,0.0,0.0,4.9,0.0,0.0,94.5,0.6
20151025183436,0.0,0.0,0.0,0.1,0.0,0.0,99.8,0.1
20151025183506,0.0,0.0,0.0,0.2,0.0,0.0,99.4,0.3
20151025183536,0.0,0.0,0.0,0.1,0.0,0.0,99.8,0.1
20151025183606,0.0,0.0,0.0,0.1,0.0,0.0,99.8,0.0
20151025183636,0.0,0.0,0.0,0.0,0.0,0.0,100.0,0.0
20151025183706,0.0,0.0,0.0,0.1,0.0,0.0,99.9,0.0
20151025183736,0.0,0.0,0.0,0.1,0.0,0.0,99.9,0.1
20151025183806,0.0,0.0,0.0,0.4,0.0,0.0,99.5,0.1
20151025183836,0.0,0.0,0.0,0.0,0.0,0.0,99.8,0.1
20151025183906,0.0,0.0,0.0,0.0,0.0,0.0,99.9,0.1
20151025183937,0.0,0.0,0.0,0.6,0.0,0.0,97.9,1.5
20151025184007,0.0,0.0,0.0,0.9,0.0,0.0,95.7,3.4
20151025184037,0.0,0.0,0.0,0.7,0.0,0.0,98.2,1.1
20151025184107,0.0,0.0,0.0,1.7,0.0,0.0,97.0,1.3
20151025184137,0.0,0.0,0.0,0.2,0.0,0.0,98.7,1.1
20151025184207,0.0,0.0,0.0,0.4,0.0,0.0,97.6,1.9
20151025184237,0.0,0.0,0.0,0.1,0.0,0.0,97.5,2.4
20151025184307,0.0,0.0,0.0,0.2,0.0,0.0,99.7,0.1
20151025184337,0.0,0.0,0.0,0.1,0.0,0.0,99.0,0.9
20151025184407,0.0,0.0,0.0,0.2,0.0,0.0,99.3,0.4
20151025184437,0.0,0.0,0.0,0.5,0.0,0.0,98.7,0.9
20151025184507,0.0,0.0,0.0,0.3,0.0,0.0,98.8,0.9
20151025184537,0.0,0.0,0.0,0.6,0.0,0.0,99.1,0.4
20151025184607,0.0,0.0,0.0,0.1,0.0,0.0,99.5,0.3
20151025184637,0.0,0.0,0.0,0.8,0.0,0.0,99.0,0.2
20151025184707,0.0,0.0,0.0,0.8,0.0,0.0,99.0,0.2
20151025184737,0.0,0.0,0.0,0.6,0.0,0.0,98.9,0.5
20151025184807,0.0,0.0,0.1,8.9,0.0,0.0,82.0,8.9
20151025184837,0.0,0.0,0.0,0.4,0.0,0.0,99.1,0.5
20151025184907,0.0,0.0,0.0,0.3,0.0,0.0,99.5,0.2
20151025184937,0.0,0.0,0.0,0.5,0.0,0.0,97.0,2.5
20151025185007,0.0,0.0,0.0,0.3,0.0,0.0,99.7,0.1
20151025185037,0.0,0.0,0.0,0.4,0.0,0.0,99.4,0.2
20151025185107,0.0,0.0,0.0,1.3,0.0,0.0,90.5,8.2
20151025185137,0.0,0.0,0.0,0.4,0.0,0.0,93.5,6.0
20151025185207,0.0,0.0,0.0,1.3,0.0,0.0,92.8,5.8
20151025185237,0.0,0.0,0.0,1.2,0.0,0.0,96.4,2.4
20151025185307,0.0,0.0,0.0,0.1,0.0,0.0,99.3,0.7
20151025185337,0.0,0.0,0.0,0.6,0.0,0.0,98.8,0.6
20151025185407,0.0,0.0,0.0,2.3,0.0,0.0,97.7,0.0
20151025185437,0.0,0.0,0.0,0.1,0.0,0.0,99.8,0.1
20151025185507,0.0,0.0,0.0,0.0,0.0,0.0,99.9,0.1
20151025185537,0.0,0.0,0.0,0.0,0.0,0.0,100.0,0.0
20151025185607,0.0,0.0,0.0,0.0,0.0,0.0,100.0,0.0
20151025185637,0.0,0.0,0.0,0.0,0.0,0.0,100.0,0.0
20151025185707,0.0,0.0,0.0,0.0,0.0,0.0,99.6,0.4
20151025185737,0.0,0.0,0.0,0.0,0.0,0.0,99.9,0.1
20151025185807,0.0,0.0,0.0,0.0,0.0,0.0,99.5,0.5
20151025185837,0.0,0.0,0.0,0.0,0.0,0.0,98.6,1.4
20151025185907,0.0,0.0,0.0,0.1,0.0,0.0,99.8,0.1
20151025185937,0.0,0.0,0.0,0.0,0.0,0.0,99.1,0.9
20151025190007,0.0,0.0,0.0,0.0,0.0,0.0,100.0,0.0
20151025190037,0.0,0.0,0.0,0.0,0.0,0.0,100.0,0.0
20151025190107,0.0,0.0,0.0,0.0,0.0,0.0,99.9,0.1
20151025190137,0.0,0.0,0.0,0.0,0.0,0.0,99.9,0.1
20151025190207,0.0,0.0,0.0,0.0,0.0,0.0,99.9,0.1
20151025190237,0.0,0.0,0.0,0.0,0.0,0.0,99.6,0.3
20151025190307,0.0,0.0,0.0,0.1,0.0,0.0,99.8,0.1
20151025190337,0.0,0.0,0.0,0.0,0.0,0.0,98.2,1.7
20151025190407,0.0,0.0,0.0,0.1,0.0,0.0,99.6,0.3
20151025190437,0.0,0.0,0.0,0.0,0.0,0.0,99.8,0.2
20151025190507,0.0,0.0,0.0,0.1,0.0,0.0,99.7,0.2
20151025190537,0.0,0.0,0.0,0.0,0.0,0.0,99.5,0.4
20151025190607,0.0,0.0,0.0,0.0,0.0,0.0,99.3,0.6
20151025190637,0.0,0.0,0.0,0.0,0.0,0.0,99.5,0.5
20151025190707,0.0,0.0,0.0,0.0,0.0,0.0,100.0,0.0
20151025190737,0.0,0.0,0.0,0.0,0.0,0.0,99.7,0.3
20151025190807,0.0,0.0,0.0,0.0,0.1,0.0,98.6,1.3
20151025190837,0.0,0.0,0.0,0.0,0.5,0.0,98.2,1.3
20151025190907,0.0,0.0,0.0,0.0,0.4,0.0,86.5,13.1
20151025190937,0.0,0.0,0.1,0.0,0.1,0.0,85.1,14.7
20151025191007,0.0,0.0,0.0,0.0,0.1,0.0,72.2,27.7
20151025191037,0.0,0.0,0.0,0.0,0.4,0.0,40.2,59.4
20151025191107,0.0,0.0,0.0,0.0,0.0,0.0,99.2,0.8
20151025191137,0.0,0.0,0.0,0.0,0.0,0.0,99.1,0.9
20151025191207,0.0,0.0,0.0,0.0,0.0,0.0,99.5,0.5
20151025191237,0.0,0.0,0.0,0.0,0.0,0.0,98.9,1.1
20151025191307,0.0,0.0,0.0,0.0,0.0,0.0,99.9,0.1
20151025191337,0.0,0.0,0.0,0.1,0.0,0.0,97.8,2.0
20151025191408,0.0,0.0,0.0,0.0,0.0,0.0,99.7,0.3
20151025191438,0.0,0.0,0.0,0.0,0.0,0.0,99.4,0.6
20151025191508,0.0,0.0,0.0,0.0,0.0,0.0,99.9,0.1
20151025191538,0.0,0.0,0.0,0.0,0.0,0.0,99.4,0.6
20151025191608,0.0,0.0,0.0,0.2,0.0,0.0,99.5,0.3
20151025191638,0.0,0.0,0.0,0.0,0.2,0.0,98.6,1.2
20151025191708,0.0,0.0,0.0,0.0,0.1,0.0,86.2,13.7
20151025191738,0.0,0.0,0.0,0.0,0.0,0.0,99.7,0.3
20151025191808,0.0,0.0,0.0,0.0,0.0,0.0,94.6,5.4
20151025191838,0.0,0.0,0.0,0.0,0.0,0.0,99.9,0.1
20151025191908,0.0,0.0,0.0,0.0,0.0,0.0,99.9,0.1
20151025191938,0.0,0.0,0.0,0.0,0.0,0.0,99.7,0.3
20151025192008,0.0,0.0,0.0,0.0,0.0,0.0,100.0,0.0
20151025192038,0.0,0.0,0.0,0.0,0.0,0.0,100.0,0.0
20151025192108,0.0,0.0,0.0,0.0,0.0,0.0,100.0,0.0
20151025192138,0.0,0.0,0.0,0.0,0.0,0.0,100.0,0.0
20151025192208,0.0,0.0,0.0,0.0,0.0,0.0,100.0,0.0
20151025192238,0.0,0.0,0.0,0.0,0.0,0.0,100.0,0.0
20151025192308,0.0,0.0,0.0,0.0,0.0,0.0,99.9,0.1
20151025192338,0.0,0.0,0.0,0.0,0.0,0.0,100.0,0.0
20151025192408,0.0,0.0,0.0,0.0,0.0,0.0,100.0,0.0
20151025192438,0.0,0.0,0.0,0.0,0.0,0.0,100.0,0.0
20151025192508,0.0,0.0,0.0,0.0,0.0,0.0,99.4,0.6
20151025192538,0.0,0.0,0.0,0.0,0.0,0.0,98.5,1.5
20151025192608,0.0,0.0,0.0,0.0,0.0,0.0,98.9,1.1
20151025192638,0.0,0.0,0.0,0.0,0.0,0.0,95.4,4.6
20151025192708,0.0,0.0,0.0,0.0,0.0,0.0,99.7,0.3
20151025192738,0.0,0.0,0.0,0.0,0.0,0.0,100.0,0.0
20151025192808,0.0,0.0,0.0,0.0,0.0,0.0,100.0,0.0
20151025192838,0.0,0.0,0.0,0.0,0.0,0.0,99.9,0.1
20151025192908,0.0,0.0,0.0,0.0,0.0,0.0,99.9,0.1
20151025192938,0.0,0.0,0.0,0.0,0.0,0.0,100.0,0.0
20151025193008,0.0,0.0,0.0,0.0,0.0,0.0,98.2,1.8
20151025193038,0.0,0.0,0.0,0.0,0.0,0.0,98.7,1.3
20151025193108,0.0,0.0,0.0,0.0,0.0,0.0,55.2,44.8
20151025193138,0.0,0.0,0.0,0.0,0.0,0.0,79.6,20.4
20151025193208,0.0,0.0,0.0,0.1,0.1,0.0,66.3,33.5
20151025193238,0.0,0.0,0.0,0.0,0.0,0.0,99.3,0.7
20151025193308,0.0,0.0,0.0,0.0,0.0,0.0,99.1,0.9
20151025193338,0.0,0.0,0.0,0.0,0.0,0.0,99.6,0.4
20151025193408,0.0,0.0,0.0,0.0,0.0,0.0,99.7,0.3
20151025193438,0.0,0.0,0.0,0.0,0.0,0.0,98.5,1.5
20151025193508,0.0,0.0,0.0,0.0,0.1,0.0,97.1,2.8
20151025193538,0.0,0.0,0.0,0.0,0.0,0.0,98.3,1.7
20151025193608,0.0,0.0,0.0,0.0,0.0,0.0,99.8,0.2
20151025193638,0.0,0.0,0.0,0.0,0.0,0.0,99.9,0.1
20151025193708,0.0,0.0,0.0,0.0,0.0,0.0,85.1,14.9
20151025193738,0.0,0.0,0.0,0.0,0.0,0.0,77.9,22.1
20151025193808,0.0,0.0,0.0,0.0,0.0,0.0,59.7,40.2
20151025193838,0.0,0.0,0.0,0.0,0.0,0.0,89.1,10.8
20151025193908,0.0,0.0,0.0,0.0,0.0,0.0,90.5,9.5
20151025193938,0.0,0.0,0.0,0.1,0.0,0.0,96.5,3.5
20151025194008,0.0,0.0,0.0,0.0,0.0,0.0,48.0,52.0
20151025194038,0.0,0.0,0.0,0.0,0.0,0.0,95.9,4.1
20151025194108,0.0,0.0,0.0,0.0,0.0,0.0,92.1,7.9
20151025194138,0.0,0.0,0.0,0.0,0.0,0.0,29.5,70.4
20151025194208,0.0,0.0,0.0,0.0,0.0,0.0,20.7,79.3
20151025194238,0.0,0.0,0.0,0.0,0.0,0.0,5.5,94.5
20151025194308,0.0,0.0,0.0,0.0,0.0,0.0,4.9,95.1
20151025194338,0.0,0.0,0.0,0.0,0.0,0.0,0.8,99.2
20151025194408,0.0,0.0,0.0,0.0,0.0,0.0,3.8,96.2
20151025194438,0.0,0.0,0.0,0.0,0.0,0.0,1.7,98.3
20151025194508,0.0,0.0,0.0,0.0,0.0,0.0,10.9,89.0
20151025194538,0.0,0.0,0.0,0.0,0.0,0.0,9.6,90.3
20151025194608,0.0,0.0,0.0,0.0,0.0,0.0,2.9,97.1
20151025194638,0.0,0.0,0.0,0.0,0.0,0.0,13.0,87.0
20151025194708,0.0,0.0,0.0,0.0,0.0,0.0,76.2,23.8
20151025194738,0.0,0.0,0.0,0.0,0.0,0.0,86.9,13.1
20151025194809,0.0,0.0,0.0,0.0,0.0,0.0,90.7,9.3
20151025194839,0.0,0.0,0.0,0.0,0.0,0.0,94.8,5.2
20151025194909,0.0,0.0,0.0,0.6,0.0,0.0,90.1,9.3
20151025194939,0.0,0.0,0.0,0.1,0.0,0.0,99.5,0.4
20151025195009,0.0,0.0,0.0,0.2,0.0,0.0,95.6,4.1
20151025195039,0.0,0.0,0.0,0.2,0.0,0.0,99.0,0.8
20151025195109,0.0,0.0,0.0,0.4,0.0,0.0,95.3,4.2
20151025195139,0.0,0.0,0.0,0.1,0.0,0.0,98.5,1.4
20151025195209,0.0,0.0,0.0,0.3,0.0,0.0,99.1,0.7
20151025195239,0.0,0.0,0.0,0.1,0.0,0.0,99.3,0.6
20151025195309,0.0,0.0,0.0,0.1,0.0,0.0,97.2,2.7
20151025195339,0.0,0.0,0.0,0.6,0.0,0.0,91.2,8.2
20151025195409,0.0,0.0,0.0,0.2,0.0,0.0,88.4,11.4
20151025195439,0.0,0.0,0.0,0.3,0.0,0.0,90.7,9.0
20151025195509,0.0,0.0,0.0,0.2,0.0,0.0,89.6,10.2
20151025195539,0.0,0.0,0.0,0.3,0.3,0.0,83.1,16.4
20151025195609,0.0,0.0,0.0,0.2,0.0,0.0,98.2,1.6
20151025195639,0.0,0.0,0.0,0.0,0.0,0.0,98.5,1.5
20151025195709,0.0,0.0,0.0,0.2,0.0,0.0,97.8,2.0
20151025195739,0.0,0.0,0.0,0.3,0.0,0.0,96.3,3.5
20151025195809,0.0,0.0,0.0,0.5,0.0,0.0,97.7,1.8
20151025195839,0.0,0.0,0.0,0.0,0.0,0.0,99.3,0.7
20151025195909,0.0,0.0,0.0,0.0,0.0,0.0,99.9,0.1
20151025195939,0.0,0.0,0.0,0.0,0.0,0.0,100.0,0.0
20151025200009,0.0,0.0,0.0,0.1,0.0,0.0,98.7,1.2
20151025200039,0.0,0.0,0.0,0.1,0.0,0.0,97.0,2.9
20151025200109,0.0,0.0,0.0,0.0,0.0,0.0,99.9,0.1
20151025200139,0.0,0.0,0.0,0.0,0.0,0.0,33.2,66.8
20151025200209,0.0,0.0,0.0,0.0,0.0,0.0,17.6,82.4
20151025200239,0.0,0.0,0.0,0.0,0.0,0.0,10.8,89.1
20151025200309,0.0,0.0,0.0,0.5,0.0,0.0,8.5,91.0
20151025200339,0.0,0.0,0.0,0.1,0.4,0.0,37.2,62.3
20151025200409,0.0,0.0,0.0,1.5,5.5,0.0,50.1,42.9
20151025200439,0.0,0.0,0.0,0.7,0.4,0.0,49.7,49.2
20151025200509,0.0,0.0,0.0,0.0,0.0,0.0,76.9,23.1
20151025200539,0.0,0.0,0.0,0.0,0.0,0.0,91.5,8.5
20151025200609,0.0,0.0,0.0,0.0,0.0,0.0,95.8,4.2
20151025200639,0.0,0.0,0.0,0.0,0.2,0.0,92.0,7.8
20151025200709,0.0,0.0,0.0,0.0,0.2,0.0,88.5,11.3
20151025200739,0.0,0.0,0.0,0.0,0.0,0.0,99.0,1.0
20151025200809,0.0,0.0,0.0,0.0,0.0,0.0,97.0,3.0
20151025200839,0.0,0.0,0.0,0.0,0.0,0.0,98.9,1.1
20151025200909,0.0,0.0,0.0,0.0,0.0,0.0,99.2,0.8
20151025200939,0.0,0.0,0.0,0.0,0.0,0.0,74.8,25.2
20151025201009,0.0,0.0,0.0,0.0,0.0,0.0,48.6,51.4
20151025201039,0.0,0.0,0.0,0.0,0.0,0.0,94.8,5.2
20151025201109,0.0,0.0,0.0,0.0,0.0,0.0,98.3,1.7
20151025201139,0.0,0.0,0.0,0.0,0.0,0.0,98.6,1.4
20151025201209,0.0,0.0,0.0,0.0,0.0,0.0,70.4,29.6
20151025201239,0.0,0.0,0.0,0.0,0.0,0.0,99.8,0.2
20151025201309,0.0,0.0,0.0,0.0,0.0,0.0,99.8,0.2
20151025201339,0.0,0.0,0.0,0.0,0.3,0.0,49.9,49.8
20151025201409,0.0,0.0,0.0,0.0,0.0,0.0,11.0,89.0
20151025201439,0.0,0.0,0.0,0.0,0.2,0.0,7.7,92.0
20151025201509,0.0,0.0,0.0,0.0,0.0,0.0,49.4,50.6
20151025201540,0.0,0.0,0.0,0.0,0.0,0.0,16.6,83.4
20151025201610,0.0,0.0,0.0,0.0,0.1,0.0,84.4,15.5
20151025201640,0.0,0.0,0.0,0.0,0.0,0.0,98.5,1.5
20151025201710,0.0,0.0,0.0,0.0,0.1,0.0,66.5,33.4
20151025201740,0.0,0.0,0.0,0.0,0.0,0.0,93.5,6.5
20151025201810,0.0,0.0,0.0,0.0,0.0,0.0,97.3,2.7
20151025201840,0.0,0.0,0.0,0.0,0.1,0.0,31.5,68.4
20151025201910,0.0,0.0,0.0,0.0,0.0,0.0,85.5,14.4
20151025201940,0.0,0.0,0.0,0.0,0.0,0.0,99.5,0.5
20151025202010,0.0,0.0,0.0,0.0,0.0,0.0,99.6,0.4
20151025202040,0.0,0.0,0.0,0.0,0.0,0.0,88.5,11.5
20151025202110,0.0,0.0,0.0,0.0,0.0,0.0,82.9,17.1
20151025202140,0.0,0.0,0.0,0.1,0.0,0.0,58.7,41.2
20151025202210,0.0,0.0,0.0,0.0,0.0,0.0,87.9,12.1
20151025202240,0.0,0.0,0.0,0.1,0.1,0.0,65.5,34.3
20151025202310,0.0,0.0,0.0,0.0,0.0,0.0,96.2,3.7
20151025202340,0.0,0.0,0.0,0.0,0.0,0.0,97.0,2.9
20151025202410,0.0,0.0,0.0,0.0,0.0,0.0,95.0,5.0
20151025202440,0.0,0.0,0.0,0.0,0.0,0.0,90.5,9.4
20151025202510,0.0,0.0,0.0,0.0,0.0,0.0,99.8,0.2
20151025202540,0.0,0.0,0.0,0.0,0.0,0.0,99.3,0.7
20151025202610,0.0,0.0,0.0,0.0,0.0,0.0,97.3,2.7
20151025202640,0.0,0.0,0.0,0.0,0.0,0.0,31.8,68.2
20151025202710,0.0,0.0,0.0,0.0,0.0,0.0,81.6,18.4
20151025202740,0.0,0.0,0.0,0.0,0.0,0.0,94.1,5.9
20151025202810,0.0,0.0,0.0,0.0,0.0,0.0,66.0,33.9
20151025202840,0.0,0.0,0.0,0.0,0.0,0.0,93.0,7.0
20151025202910,0.0,0.0,0.0,0.0,0.0,0.0,79.3,20.6
20151025202940,0.0,0.0,0.0,0.0,0.0,0.0,78.6,21.3
20151025203010,0.0,0.0,0.0,0.0,0.0,0.0,58.7,41.3
20151025203040,0.0,0.0,0.0,0.0,0.0,0.0,78.4,21.6
20151025203110,0.0,0.0,0.0,0.0,0.0,0.0,94.4,5.5
20151025203140,0.0,0.0,0.0,0.1,0.2,0.0,82.2,17.5
20151025203210,0.0,0.0,0.0,0.1,0.0,0.0,84.4,15.6
20151025203240,0.0,0.0,0.0,0.1,0.0,0.0,79.9,20.0
20151025203310,0.0,0.0,0.0,0.2,0.0,0.0,48.6,51.2
20151025203340,0.0,0.0,0.0,0.1,0.0,0.0,91.6,8.3
20151025203410,0.0,0.0,0.0,0.3,0.0,0.0,91.6,8.1
20151025203440,0.0,0.0,0.0,0.1,0.0,0.0,96.3,3.7
20151025203510,0.0,0.0,0.0,0.0,0.0,0.0,99.9,0.0
20151025203540,0.0,0.0,0.0,0.1,0.0,0.0,98.9,1.0
20151025203610,0.0,0.0,0.0,0.1,0.0,0.0,99.8,0.1
20151025203640,0.0,0.0,0.0,0.1,0.0,0.0,99.1,0.7
20151025203710,0.0,0.0,0.0,6.6,0.0,0.0,62.2,31.1
20151025203740,0.0,0.0,0.0,0.2,0.0,0.0,54.6,45.2
20151025203810,0.0,0.0,0.0,0.0,0.0,0.0,57.0,43.0
20151025203840,0.0,0.0,0.0,0.0,0.0,0.0,85.8,14.2
20151025203910,0.0,0.0,0.0,0.0,0.0,0.0,99.0,1.0
20151025203940,0.0,0.0,0.0,0.0,0.0,0.0,99.2,0.8
20151025204010,0.0,0.0,0.0,0.0,0.0,0.0,99.9,0.1
20151025204040,0.0,0.0,0.0,0.1,0.0,0.0,99.7,0.2
20151025204110,0.0,0.0,0.0,0.0,0.0,0.0,99.2,0.8
20151025204140,0.0,0.0,0.0,0.0,0.0,0.0,99.9,0.1
20151025204210,0.0,0.0,0.0,0.0,0.0,0.0,98.1,1.8
20151025204240,0.0,0.0,0.0,0.0,0.0,0.0,95.6,4.4
20151025204310,0.0,0.0,0.0,0.0,0.0,0.0,94.3,5.7
20151025204340,0.0,0.0,0.0,0.0,0.0,0.0,99.5,0.5
20151025204410,0.0,0.0,0.0,0.0,0.0,0.0,98.6,1.4
20151025204440,0.0,0.0,0.0,0.0,0.0,0.0,99.9,0.1
20151025204510,0.0,0.0,0.0,0.0,0.0,0.0,99.6,0.4
20151025204540,0.0,0.0,0.0,0.0,0.0,0.0,100.0,0.0
20151025204610,0.0,0.0,0.0,0.0,0.0,0.0,100.0,0.0
20151025204640,0.0,0.0,0.0,0.0,0.0,0.0,99.9,0.1
20151025204710,0.0,0.0,0.0,0.0,0.0,0.0,100.0,0.0
20151025204740,0.0,0.0,0.0,0.0,0.0,0.0,100.0,0.0
20151025204810,0.0,0.0,0.0,0.0,0.0,0.0,100.0,0.0
20151025204840,0.0,0.0,0.0,0.0,0.0,0.0,100.0,0.0
20151025204910,0.0,0.0,0.0,0.0,0.0,0.0,100.0,0.0
20151025204941,0.0,0.0,0.0,0.0,0.0,0.0,100.0,0.0
20151025205011,0.0,0.0,0.0,0.0,0.0,0.0,99.9,0.0
20151025205041,0.0,0.0,0.0,0.0,0.0,0.0,100.0,0.0
20151025205111,0.0,0.0,0.0,0.0,0.0,0.0,99.9,0.0
20151025205141,0.0,0.0,0.0,0.0,0.0,0.0,100.0,0.0
20151025205211,0.0,0.0,0.0,1.6,0.0,0.0,98.4,0.0
20151025205241,0.0,0.0,0.0,2.1,0.0,0.0,97.8,0.1
20151025205311,0.0,0.0,0.0,3.8,0.0,0.0,96.2,0.0
20151025205341,0.0,0.0,0.0,7.1,0.0,0.0,92.7,0.1
20151025205411,0.0,0.0,0.0,4.2,0.0,0.0,95.7,0.0
20151025205441,0.0,0.0,0.0,1.3,0.0,0.0,98.6,0.1
20151025205511,0.0,0.0,0.0,4.5,0.0,0.0,95.3,0.2
20151025205541,0.0,0.0,0.0,2.8,0.0,0.0,95.4,1.7
20151025205611,0.0,0.0,0.0,7.2,0.1,0.0,80.1,12.6
20151025205641,0.0,0.0,0.0,11.1,0.0,0.0,81.2,7.6
20151025205711,0.0,0.0,0.0,1.4,0.0,0.0,87.3,11.3
20151025205741,0.0,0.0,0.0,0.1,0.0,0.0,94.5,5.4
20151025205811,0.0,0.0,0.0,0.3,0.0,0.0,96.9,2.9
20151025205841,0.0,0.0,0.0,0.0,0.0,0.0,91.4,8.6
20151025205911,0.0,0.0,0.0,1.2,0.0,0.0,96.9,1.9
20151025205941,0.0,0.0,0.0,0.1,0.0,0.0,84.4,15.5
20151025210011,0.0,0.0,0.0,0.2,0.0,0.0,55.1,44.7
20151025210041,0.0,0.0,0.0,0.3,0.0,0.0,67.5,32.2
20151025210111,0.0,0.0,0.0,0.2,0.0,0.0,85.8,14.0
20151025210141,0.0,0.0,0.0,1.0,0.0,0.0,83.5,15.4
20151025210211,0.0,0.0,0.0,0.1,0.0,0.0,99.1,0.8
20151025210241,0.0,0.0,0.0,0.0,0.0,0.0,97.9,2.0
20151025210311,0.0,0.0,0.0,0.0,0.0,0.0,97.5,2.5
20151025210341,0.0,0.0,0.0,0.0,0.0,0.0,98.2,1.8
20151025210411,0.0,0.0,0.0,0.0,0.0,0.0,99.8,0.2
20151025210441,0.0,0.0,0.0,0.0,0.0,0.0,99.8,0.2
20151025210511,0.0,0.0,0.0,0.0,0.0,0.0,99.9,0.1
20151025210541,0.0,0.0,0.0,0.1,0.0,0.0,99.4,0.6
20151025210611,0.0,0.0,0.0,0.0,0.0,0.0,100.0,0.0
20151025210641,0.0,0.0,0.0,0.0,0.0,0.0,100.0,0.0
20151025210711,0.0,0.0,0.0,0.0,0.0,0.0,99.2,0.8
20151025210741,0.0,0.0,0.0,0.0,0.0,0.0,99.8,0.2
20151025210811,0.0,0.0,0.0,0.0,0.0,0.0,99.9,0.1
20151025210841,0.0,0.0,0.0,0.0,0.0,0.0,99.2,0.8
20151025210911,0.0,0.0,0.0,0.0,0.0,0.0,99.0,1.0
20151025210941,0.0,0.0,0.0,0.0,0.0,0.0,98.4,1.6
20151025211011,0.0,0.0,0.0,0.0,0.0,0.0,99.0,1.0
20151025211041,0.0,0.0,0.0,0.1,0.0,0.0,95.0,4.9
20151025211111,0.0,0.0,0.0,0.1,0.0,0.0,86.3,13.6
20151025211141,0.0,0.0,0.0,0.0,0.0,0.0,89.2,10.8
20151025211211,0.0,0.0,0.0,0.1,0.0,0.0,87.1,12.8
20151025211241,0.0,0.0,0.0,0.0,0.0,0.0,98.5,1.5
20151025211311,0.0,0.0,0.0,0.0,0.0,0.0,99.4,0.5
20151025211341,0.0,0.0,0.0,0.0,0.0,0.0,95.4,4.6
20151025211411,0.0,0.0,0.0,0.1,0.0,0.0,97.8,2.2
20151025211441,0.0,0.0,0.0,0.2,0.0,0.0,93.0,6.8
20151025211511,0.0,0.0,0.0,0.1,0.0,0.0,95.8,4.1
20151025211541,0.0,0.0,0.0,0.2,0.0,0.0,98.2,1.5
20151025211611,0.0,0.0,0.0,0.6,0.0,0.0,81.8,17.6
20151025211641,0.0,0.0,0.0,0.0,0.0,0.0,84.9,15.0
20151025211711,0.0,0.0,0.0,0.2,0.0,0.0,95.2,4.6
20151025211741,0.0,0.0,0.0,0.0,0.0,0.0,99.5,0.5
20151025211811,0.0,0.0,0.0,0.1,0.0,0.0,97.4,2.5
20151025211841,0.0,0.0,0.0,0.1,0.0,0.0,91.8,8.1
20151025211911,0.0,0.0,0.0,0.0,0.0,0.0,99.5,0.5
20151025211941,0.0,0.0,0.0,0.1,0.0,0.0,94.4,5.5
20151025212011,0.0,0.0,0.0,0.2,0.0,0.0,87.7,12.1
20151025212041,0.0,0.0,0.0,0.1,0.0,0.0,98.9,1.1
20151025212111,0.0,0.0,0.0,0.0,0.0,0.0,99.7,0.3
20151025212141,0.0,0.0,0.0,0.0,0.0,0.0,98.4,1.6
20151025212211,0.0,0.0,0.0,0.0,0.0,0.0,99.8,0.2
20151025212241,0.0,0.0,0.0,0.0,0.0,0.0,99.3,0.7
20151025212311,0.0,0.0,0.0,0.0,0.0,0.0,99.8,0.2
20151025212341,0.0,0.0,0.0,0.1,0.0,0.0,98.9,1.0
20151025212412,0.0,0.0,0.0,0.2,0.0,0.0,98.7,1.1
20151025212442,0.0,0.0,0.0,0.4,0.0,0.0,98.1,1.4
20151025212512,0.0,0.0,0.0,0.1,0.0,0.0,94.8,5.1
20151025212542,0.0,0.0,0.0,0.1,0.0,0.0,97.2,2.6
20151025212612,0.0,0.0,0.0,0.1,0.0,0.0,95.8,4.1
20151025212642,0.0,0.0,0.0,0.3,0.0,0.0,83.6,16.2
20151025212712,0.0,0.0,0.0,0.0,0.0,0.0,69.5,30.4
20151025212742,0.0,0.0,0.0,0.1,0.0,0.0,79.0,20.9
20151025212812,0.0,0.0,0.0,0.1,0.0,0.0,94.9,5.0
20151025212842,0.0,0.0,0.0,0.0,0.0,0.0,92.7,7.2
20151025212912,0.0,0.0,0.0,0.1,0.0,0.0,97.3,2.6
20151025212942,0.0,0.0,0.0,0.7,0.0,0.0,85.5,13.8
20151025213012,0.0,0.0,0.0,0.1,0.0,0.0,27.8,72.0
20151025213042,0.0,0.0,0.0,0.2,0.0,0.0,84.3,15.6
20151025213112,0.0,0.0,0.0,0.1,0.0,0.0,90.0,10.0
20151025213142,0.0,0.0,0.0,0.1,0.0,0.0,27.5,72.4
20151025213212,0.0,0.0,0.0,0.3,0.0,0.0,40.2,59.5
20151025213242,0.0,0.0,0.0,0.0,0.0,0.0,98.7,1.2
20151025213312,0.0,0.0,0.0,0.1,0.0,0.0,41.0,58.9
20151025213342,0.0,0.0,0.0,0.0,0.0,0.0,31.0,68.9
20151025213412,0.0,0.0,0.0,0.1,0.0,0.0,59.3,40.6
20151025213442,0.0,0.0,0.0,0.0,0.0,0.0,57.1,42.9
20151025213512,0.0,0.0,0.0,0.3,0.0,0.0,85.5,14.2
20151025213542,0.0,0.0,0.0,0.1,0.0,0.0,46.2,53.7
20151025213612,0.0,0.0,0.0,0.3,0.0,0.0,29.2,70.5
20151025213642,0.0,0.0,0.0,0.1,0.0,0.0,39.7,60.1
20151025213712,0.0,0.0,0.0,0.1,0.0,0.0,53.8,46.0
20151025213742,0.0,0.0,0.0,2.5,0.0,0.1,68.8,28.6
20151025213812,0.0,0.0,0.0,0.0,0.0,0.0,43.4,56.6
20151025213842,0.0,0.0,0.0,0.2,0.0,0.0,37.8,62.0
20151025213912,0.0,0.0,0.0,0.2,0.0,0.0,95.2,4.6
20151025213942,0.0,0.0,0.0,0.0,0.0,0.0,34.4,65.5
20151025214012,0.0,0.0,0.0,0.1,0.0,0.0,84.7,15.2
20151025214042,0.0,0.0,0.0,0.6,0.0,0.0,87.1,12.2
20151025214112,0.0,0.0,0.0,0.1,0.0,0.0,78.7,21.2
20151025214142,0.0,0.0,0.0,0.1,0.0,0.0,64.6,35.3
20151025214212,0.0,0.0,0.0,0.1,0.0,0.0,53.8,46.0
20151025214242,0.0,0.0,0.0,0.1,0.0,0.0,21.1,78.8
20151025214312,0.0,0.0,0.0,0.1,0.0,0.0,75.6,24.3
20151025214342,0.0,0.0,0.0,0.1,0.0,0.0,34.1,65.8
20151025214412,0.0,0.0,0.0,0.3,0.0,0.0,58.9,40.7
20151025214442,0.0,0.0,0.0,0.0,0.0,0.0,17.3,82.7
20151025214512,0.0,0.0,0.0,0.4,0.0,0.0,70.3,29.4
20151025214542,0.0,0.0,0.0,0.2,0.0,0.0,91.6,8.1
20151025214612,0.0,0.0,0.0,0.1,0.0,0.0,86.3,13.6
20151025214642,0.0,0.0,0.0,0.2,0.0,0.0,64.1,35.8
20151025214712,0.0,0.0,0.0,0.4,0.0,0.0,59.8,39.8
20151025214742,0.0,0.0,0.0,0.1,0.0,0.0,98.9,1.0
20151025214812,0.0,0.0,0.0,0.7,0.0,0.0,91.6,7.7
20151025214842,0.0,0.0,0.0,0.1,0.0,0.0,96.2,3.8
20151025214912,0.0,0.0,0.0,0.1,0.0,0.0,99.7,0.2
20151025214942,0.0,0.0,0.0,0.2,0.0,0.0,98.6,1.2
20151025215012,0.0,0.0,0.0,0.0,0.0,0.0,94.1,5.9
20151025215042,0.0,0.0,0.0,0.3,0.0,0.0,96.0,3.7
20151025215112,0.0,0.0,0.0,0.0,0.0,0.0,98.9,1.0
20151025215143,0.0,0.0,0.0,0.2,0.0,0.0,92.3,7.4
20151025215213,0.0,0.0,0.0,0.0,0.0,0.0,99.4,0.6
20151025215243,0.0,0.0,0.0,0.0,0.0,0.0,98.0,2.0
20151025215313,0.0,0.0,0.0,0.0,0.0,0.0,96.4,3.5
20151025215343,0.0,0.0,0.0,0.1,0.0,0.0,87.0,13.0
20151025215413,0.0,0.0,0.0,0.0,0.0,0.0,96.1,3.9
20151025215443,0.0,0.0,0.0,0.0,0.0,0.0,96.8,3.1
20151025215513,0.0,0.0,0.0,0.2,0.0,0.0,96.3,3.5
20151025215543,0.0,0.0,0.0,0.0,0.0,0.0,99.9,0.1
20151025215613,0.0,0.0,0.0,0.0,0.0,0.0,90.9,9.0
20151025215643,0.0,0.0,0.0,0.1,0.0,0.0,97.1,2.9
20151025215713,0.0,0.0,0.0,0.3,0.0,0.0,93.9,5.8
20151025215743,0.0,0.0,0.0,0.0,0.0,0.0,99.7,0.3
20151025215813,0.0,0.0,0.0,0.2,0.0,0.0,97.9,1.9
20151025215843,0.0,0.0,0.0,0.0,0.0,0.0,99.6,0.4
20151025215913,0.0,0.0,0.0,0.1,0.0,0.0,98.4,1.5
20151025215943,0.0,0.0,0.0,0.0,0.0,0.0,96.8,3.2
20151025220013,0.0,0.0,0.0,0.0,0.0,0.0,96.5,3.4
20151025220043,0.0,0.0,0.0,0.0,0.0,0.0,100.0,0.0
20151025220113,0.0,0.0,0.0,0.1,0.0,0.0,97.7,2.2
20151025220143,0.0,0.0,0.0,0.0,0.0,0.0,99.9,0.1
20151025220213,0.0,0.0,0.0,0.0,0.0,0.0,99.9,0.1
20151025220243,0.0,0.0,0.0,0.0,0.0,0.0,100.0,0.0
20151025220313,0.0,0.0,0.0,0.0,0.0,0.0,100.0,0.0
20151025220343,0.0,0.0,0.0,0.0,0.0,0.0,100.0,0.0
20151025220413,0.0,0.0,0.0,0.0,0.0,0.0,100.0,0.0
20151025220443,0.0,0.0,0.0,0.1,0.0,0.0,99.8,0.0
