UT,arc,discrete,diffuse,ac,ab,clear,cloudy,dd
20151002164700,0.0,0.0,0.0,0.0,0.0,0.0,0.0,100.0
20151002164730,0.0,0.0,0.0,0.0,0.0,0.0,0.0,100.0
20151002164800,0.0,0.0,0.0,0.0,0.0,0.0,0.0,100.0
20151002164830,0.0,0.0,0.0,0.0,0.0,0.0,0.0,100.0
20151002164900,0.0,0.0,0.0,0.0,0.0,0.0,0.0,100.0
20151002164930,0.0,0.0,0.0,0.0,0.0,0.0,0.0,100.0
20151002165000,0.0,0.0,0.0,0.0,0.0,0.0,0.0,100.0
20151002165030,0.0,0.0,0.0,0.0,0.0,0.0,0.0,100.0
20151002165100,0.0,0.0,0.0,0.0,0.0,0.0,0.0,100.0
20151002165130,0.0,0.0,0.0,0.0,0.0,0.0,0.0,100.0
20151002165200,0.0,0.0,0.0,0.0,0.0,0.0,0.0,100.0
20151002165230,0.0,0.0,0.0,0.0,0.0,0.0,0.0,100.0
20151002165300,0.0,0.0,0.0,0.0,0.0,0.0,0.0,100.0
20151002165330,0.0,0.0,0.0,0.0,0.0,0.0,0.0,100.0
20151002165400,0.0,0.0,0.0,0.0,0.0,0.0,0.0,100.0
20151002165430,0.0,0.0,0.0,0.0,0.0,0.0,0.0,100.0
20151002165500,0.0,0.0,0.0,0.0,0.0,0.0,0.0,100.0
20151002165530,0.0,0.0,0.0,0.0,0.0,0.0,0.0,100.0
20151002165600,0.0,0.0,0.0,0.0,0.0,0.0,0.0,100.0
20151002165630,0.0,0.0,0.0,0.0,0.0,0.0,0.0,100.0
20151002165700,0.0,0.0,0.0,0.0,0.0,0.0,0.0,100.0
20151002165730,0.0,0.0,0.0,0.0,0.0,0.0,0.0,100.0
20151002165800,0.0,0.0,0.0,0.0,0.0,0.0,0.0,100.0
20151002165830,0.0,0.0,0.0,0.0,0.0,0.0,0.0,100.0
20151002165900,0.0,0.0,0.0,0.0,0.0,0.0,0.0,100.0
20151002165930,0.0,0.0,0.0,0.0,0.0,0.0,0.0,100.0
20151002170000,0.0,0.0,0.0,0.0,0.0,0.0,0.0,100.0
20151002170030,0.0,0.0,0.0,0.0,0.0,0.0,0.0,100.0
20151002170100,0.0,0.0,0.0,0.0,0.0,0.0,0.0,100.0
20151002170130,0.0,0.0,0.0,0.0,0.0,0.0,0.0,100.0
20151002170200,0.0,0.0,0.0,0.0,0.0,0.0,0.0,100.0
20151002170230,0.0,0.0,0.0,0.0,0.0,0.0,0.0,100.0
20151002170301,0.0,0.0,0.0,0.0,0.0,0.0,0.0,100.0
20151002170331,0.0,0.0,0.0,0.0,0.0,0.0,0.1,99.9
20151002170401,0.0,0.0,0.0,0.0,0.0,0.0,0.0,100.0
20151002170431,0.0,0.0,0.0,0.0,0.0,0.0,0.0,100.0
20151002170501,0.0,0.0,0.0,0.0,0.0,0.0,0.0,100.0
20151002170531,0.0,0.0,0.0,0.0,0.0,0.0,0.0,100.0
20151002170601,0.0,0.0,0.0,0.0,0.0,0.0,0.0,100.0
20151002170631,0.0,0.0,0.0,0.0,0.0,0.0,0.0,100.0
20151002170701,0.0,0.0,0.0,0.0,0.0,0.0,0.0,100.0
20151002170731,0.0,0.0,0.0,0.0,0.0,0.0,0.0,100.0
20151002170801,0.0,0.0,0.0,0.0,0.0,0.0,0.0,100.0
20151002170831,0.0,0.0,0.0,0.0,0.0,0.0,0.0,100.0
20151002170901,0.0,0.0,0.0,0.0,0.0,0.0,0.0,100.0
20151002170931,0.0,0.0,0.0,0.0,0.0,0.0,0.0,100.0
20151002171001,0.0,0.0,0.0,0.0,0.0,0.0,0.0,100.0
20151002171031,0.0,0.0,0.0,0.0,0.0,0.0,0.0,100.0
20151002171101,0.0,0.0,0.0,0.0,0.0,0.0,0.0,100.0
20151002171131,0.0,0.0,0.0,0.0,0.0,0.0,0.0,100.0
20151002171201,0.0,0.0,0.0,0.0,0.0,0.0,0.0,100.0
20151002171231,0.0,0.0,0.0,0.0,0.0,0.0,0.0,100.0
20151002171301,0.0,0.0,0.0,0.0,0.0,0.0,0.0,100.0
20151002171331,0.0,0.0,0.0,0.0,0.0,0.0,0.0,100.0
20151002171401,0.0,0.0,0.0,0.0,0.0,0.0,0.0,100.0
20151002171431,0.0,0.0,0.0,0.0,0.0,0.0,0.0,100.0
20151002171501,0.0,0.0,0.0,0.0,0.0,0.0,0.0,100.0
20151002171531,0.0,0.0,0.0,0.0,0.0,0.0,0.0,100.0
20151002171601,0.0,0.0,0.0,0.0,0.0,0.0,0.0,100.0
20151002171631,0.0,0.0,0.0,0.0,0.0,0.0,0.0,100.0
20151002171701,0.0,0.0,0.0,0.0,0.0,0.0,0.0,100.0
20151002171731,0.0,0.0,0.0,0.0,0.0,0.0,0.0,100.0
20151002171801,0.0,0.0,0.0,0.0,0.0,0.0,0.0,100.0
20151002171831,0.0,0.0,0.0,0.0,0.0,0.0,0.0,100.0
20151002171901,0.0,0.0,0.0,0.0,0.0,0.0,0.0,100.0
20151002171931,0.0,0.0,0.0,0.0,0.0,0.0,0.0,100.0
20151002172001,0.0,0.0,0.0,0.0,0.0,0.0,0.0,100.0
20151002172031,0.0,0.0,0.0,0.0,0.0,0.0,0.0,100.0
20151002172101,0.0,0.0,0.0,0.0,0.0,0.0,0.0,100.0
20151002172131,0.0,0.0,0.0,0.0,0.0,0.0,0.0,100.0
20151002172201,0.0,0.0,0.0,0.0,0.0,0.0,0.0,100.0
20151002172231,0.0,0.0,0.0,0.0,0.0,0.0,0.0,100.0
20151002172301,0.0,0.0,0.0,0.0,0.0,0.0,0.0,100.0
20151002172331,0.0,0.0,0.0,0.0,0.0,0.0,0.0,100.0
20151002172401,0.0,0.0,0.0,0.0,0.0,0.0,0.0,100.0
20151002172431,0.0,0.0,0.0,0.0,0.0,0.0,0.0,100.0
20151002172501,0.0,0.0,0.0,0.0,0.0,0.0,0.0,100.0
20151002172531,0.0,0.0,0.0,0.0,0.0,0.0,0.0,100.0
20151002172601,0.0,0.0,0.0,0.0,0.0,0.0,0.0,100.0
20151002172631,0.0,0.0,0.0,0.0,0.0,0.0,0.0,100.0
20151002172701,0.0,0.0,0.0,0.0,0.0,0.0,0.0,100.0
20151002172731,0.0,0.0,0.0,0.0,0.0,0.0,0.0,100.0
20151002172801,0.0,0.0,0.0,0.0,0.0,0.0,0.0,100.0
20151002172831,0.0,0.0,0.0,0.0,0.0,0.0,0.0,100.0
20151002172901,0.0,0.0,0.0,0.0,0.0,0.0,0.0,100.0
20151002172931,0.0,0.0,0.0,0.0,0.0,0.0,0.0,100.0
20151002173001,0.0,0.0,0.0,0.0,0.0,0.0,0.0,100.0
20151002173031,0.0,0.0,0.0,0.0,0.0,0.0,0.0,100.0
20151002173101,0.0,0.0,0.0,0.0,0.0,0.0,0.0,100.0
20151002173131,0.0,0.0,0.0,0.0,0.0,0.0,0.0,100.0
20151002173201,0.0,0.0,0.0,0.0,0.0,0.0,0.0,100.0
20151002173231,0.0,0.0,0.0,0.0,0.0,0.0,0.0,100.0
20151002173301,0.0,0.0,0.0,0.0,0.0,0.0,0.0,100.0
20151002173331,0.0,0.0,0.0,0.0,0.0,0.0,0.0,100.0
20151002173401,0.0,0.0,0.0,0.0,0.0,0.0,0.0,100.0
20151002173431,0.0,0.0,0.0,0.0,0.0,0.0,0.0,100.0
20151002173501,0.0,0.0,0.0,0.0,0.0,0.0,0.0,100.0
20151002173531,0.0,0.0,0.0,0.0,0.0,0.0,0.0,100.0
20151002173601,0.0,0.0,0.0,0.0,0.0,0.0,0.0,100.0
20151002173631,0.0,0.0,0.0,0.0,0.0,0.0,0.0,100.0
20151002173702,0.0,0.0,0.0,0.0,0.0,0.0,0.0,100.0
20151002173732,0.0,0.0,0.0,0.0,0.0,0.0,0.0,100.0
20151002173802,0.0,0.0,0.0,0.0,0.0,0.0,0.0,100.0
20151002173832,0.0,0.0,0.0,0.0,0.0,0.0,0.0,100.0
20151002173902,0.0,0.0,0.0,0.0,0.0,0.0,0.0,100.0
20151002173932,0.0,0.0,0.0,0.0,0.0,0.0,0.0,100.0
20151002174002,0.0,0.0,0.0,0.0,0.0,0.0,0.0,100.0
20151002174032,0.0,0.0,0.0,0.0,0.0,0.0,0.0,100.0
20151002174102,0.0,0.0,0.0,0.0,0.0,0.0,0.0,100.0
20151002174132,0.0,0.0,0.0,0.0,0.0,0.0,0.0,100.0
20151002174202,0.0,0.0,0.0,0.0,0.0,0.0,0.0,100.0
20151002174232,0.0,0.0,0.0,0.0,0.0,0.0,0.0,100.0
20151002174302,0.0,0.0,0.0,0.0,0.0,0.0,0.0,100.0
20151002174332,0.0,0.0,0.0,0.0,0.0,0.0,0.0,100.0
20151002174402,0.0,0.0,0.0,0.0,0.0,0.0,0.0,100.0
20151002174432,0.0,0.0,0.0,0.0,0.0,0.0,0.0,100.0
20151002174502,0.0,0.0,0.0,0.0,0.0,0.0,0.0,100.0
20151002174532,0.0,0.0,0.0,0.0,0.0,0.0,0.0,100.0
20151002174602,0.0,0.0,0.0,0.0,0.0,0.0,0.0,100.0
20151002174632,0.0,0.0,0.0,0.0,0.0,0.0,0.0,100.0
20151002174832,0.0,0.0,0.0,0.0,0.0,0.0,0.0,100.0
20151002174902,0.0,0.0,0.0,0.0,0.0,0.0,0.0,100.0
20151002174932,0.0,0.0,0.0,0.0,0.0,0.0,0.0,100.0
20151002175002,0.0,0.0,0.0,0.0,0.0,0.0,0.0,100.0
20151002175032,0.0,0.0,0.0,0.0,0.0,0.0,0.0,100.0
20151002175102,0.0,0.0,0.0,0.0,0.0,0.0,0.0,100.0
20151002175132,0.0,0.0,0.0,0.0,0.0,0.0,0.0,100.0
20151002175202,0.0,0.0,0.0,0.0,0.0,0.0,0.0,100.0
20151002175232,0.0,0.0,0.0,0.0,0.1,0.0,0.0,99.9
20151002175302,0.0,0.0,0.0,0.0,0.0,0.0,0.0,100.0
20151002175332,0.0,0.0,0.0,0.0,0.0,0.0,0.0,100.0
20151002175402,0.0,0.0,0.0,0.0,0.0,0.0,0.0,100.0
20151002175432,0.0,0.0,0.0,0.0,0.0,0.0,0.0,100.0
20151002175502,0.0,0.0,0.0,0.0,0.0,0.0,0.0,100.0
20151002175532,0.0,0.0,0.0,0.0,0.0,0.0,0.0,100.0
20151002175602,0.0,0.0,0.0,0.0,0.0,0.0,0.0,100.0
20151002175632,0.0,0.0,0.0,0.0,0.0,0.0,0.0,100.0
20151002175702,0.0,0.0,0.0,0.0,0.0,0.0,0.0,100.0
20151002175732,0.0,0.0,0.0,0.0,0.0,0.0,0.0,100.0
20151002175802,0.0,0.0,0.0,0.0,0.0,0.0,0.0,100.0
20151002175832,0.0,0.0,0.0,0.0,0.0,0.0,0.1,99.9
20151002175902,0.0,0.0,0.0,0.0,0.0,0.0,0.2,99.8
20151002175932,0.0,0.0,0.0,0.0,0.0,0.0,0.2,99.8
20151002180002,0.0,0.0,0.0,0.0,0.0,0.0,0.4,99.6
20151002180032,0.0,0.0,0.0,0.0,0.0,0.0,0.4,99.6
20151002180102,0.0,0.0,0.0,0.0,0.0,0.0,0.1,99.9
20151002180132,0.0,0.0,0.0,0.0,0.0,0.0,2.5,97.5
20151002180202,0.0,0.0,0.0,0.0,0.0,0.0,1.2,98.8
20151002180232,0.0,0.0,0.0,0.0,0.0,0.0,2.2,97.8
20151002180302,0.0,0.0,0.0,0.0,0.0,0.0,0.1,99.9
20151002180332,0.0,0.0,0.0,0.0,0.0,0.0,0.1,99.9
20151002180402,0.0,0.0,0.0,0.0,0.0,0.0,0.0,100.0
20151002180432,0.0,0.0,0.0,0.0,0.0,0.0,0.0,100.0
20151002180502,0.0,0.0,0.0,0.0,0.0,0.0,0.0,100.0
20151002180532,0.0,0.0,0.0,0.0,0.0,0.0,0.1,99.9
20151002180602,0.0,0.0,0.0,0.0,0.0,0.0,0.3,99.7
20151002180632,0.0,0.0,0.0,0.0,0.0,0.0,0.0,100.0
20151002180702,0.0,0.0,0.0,0.0,0.0,0.0,0.1,99.9
20151002180732,0.0,0.0,0.0,0.0,0.0,0.0,0.3,99.7
20151002180802,0.0,0.0,0.0,0.0,0.0,0.0,0.4,99.6
20151002180832,0.0,0.0,0.0,0.0,0.0,0.0,0.1,99.9
20151002180902,0.0,0.0,0.0,0.0,0.0,0.0,0.1,99.9
20151002180932,0.0,0.0,0.0,0.0,0.0,0.0,0.1,99.9
20151002181002,0.0,0.0,0.0,0.0,0.0,0.0,0.3,99.7
20151002181032,0.0,0.0,0.0,0.0,0.0,0.0,0.9,99.1
20151002181102,0.0,0.0,0.0,0.0,0.0,0.0,5.1,94.9
20151002181133,0.0,0.0,0.0,0.0,0.0,0.0,15.7,84.3
20151002181203,0.0,0.0,0.0,0.0,0.0,0.0,11.3,88.7
20151002181233,0.0,0.0,0.0,0.0,0.0,0.0,11.7,88.3
20151002181303,0.0,0.0,0.0,0.0,0.0,0.0,13.6,86.4
20151002181333,0.0,0.0,0.0,0.0,0.0,0.0,6.8,93.2
20151002181403,0.0,0.0,0.0,0.0,0.0,0.0,27.7,72.3
20151002181433,0.0,0.0,0.0,0.0,0.0,0.0,61.5,38.5
20151002181503,0.0,0.0,0.0,0.0,0.0,0.0,31.3,68.6
20151002181533,0.0,0.0,0.0,0.0,0.0,0.0,53.1,46.9
20151002181603,0.0,0.0,0.0,0.0,0.0,0.0,12.5,87.5
20151002181633,0.0,0.0,0.0,0.0,0.0,0.0,80.1,19.9
20151002181703,0.0,0.0,0.0,0.0,0.0,0.0,23.3,76.7
20151002181733,0.0,0.0,0.0,0.0,0.0,0.0,66.8,33.2
20151002181803,0.0,0.0,0.0,0.0,0.0,0.0,82.9,17.1
20151002181833,0.0,0.0,0.0,0.0,0.0,0.0,89.9,10.1
20151002181903,0.0,0.0,0.0,0.0,0.0,0.0,99.7,0.3
20151002181933,0.0,0.0,0.0,0.0,0.0,0.0,97.3,2.6
20151002182003,0.0,0.0,0.0,0.2,0.0,0.0,99.2,0.6
20151002182033,0.0,0.1,0.0,0.0,0.0,0.0,97.8,2.1
20151002182103,0.0,0.7,0.1,54.0,0.0,0.0,42.0,3.2
20151002182133,0.0,0.6,0.2,9.2,0.0,0.0,58.1,31.9
20151002182203,0.0,0.1,0.0,1.4,0.0,0.0,91.4,7.0
20151002182233,0.0,0.1,0.0,0.2,0.0,0.0,97.6,2.1
20151002182303,0.0,0.0,0.0,0.1,0.0,0.0,98.9,0.9
20151002182333,0.0,0.1,0.0,0.5,0.0,0.0,97.1,2.3
20151002182403,0.0,0.5,0.3,4.9,0.1,0.0,75.0,19.3
20151002182433,0.0,0.0,0.0,0.5,0.0,0.0,97.3,2.2
20151002182503,0.0,0.0,0.0,0.2,0.0,0.0,98.5,1.2
20151002182533,0.0,0.0,0.0,0.1,0.0,0.0,98.3,1.6
20151002182603,0.0,0.0,0.0,0.0,0.0,0.0,99.7,0.2
20151002182633,0.0,0.1,0.1,1.5,0.0,0.0,97.7,0.5
20151002182703,0.0,0.0,0.0,0.1,0.0,0.0,99.3,0.5
20151002182733,0.0,0.0,0.1,0.6,0.0,0.0,99.2,0.2
20151002182803,0.0,0.0,0.1,0.7,0.0,0.0,98.6,0.5
20151002182833,0.0,0.0,0.0,0.2,0.0,0.0,96.9,2.8
20151002182903,0.0,0.0,0.1,0.1,0.0,0.0,98.2,1.6
20151002182933,0.0,0.0,0.1,0.1,0.0,0.0,94.8,5.0
20151002183003,0.0,0.0,0.1,0.1,0.0,0.0,96.1,3.8
20151002183033,0.0,0.0,0.1,0.1,0.0,0.0,99.1,0.6
20151002183103,0.0,0.0,0.3,0.1,0.0,0.0,85.6,13.9
20151002183133,0.0,0.0,0.2,0.1,0.0,0.0,98.9,0.7
20151002183203,0.0,0.1,0.2,0.1,0.0,0.0,85.6,13.9
20151002183233,0.0,0.2,0.1,0.2,0.0,0.0,95.7,3.7
20151002183303,0.0,0.2,0.7,0.6,0.0,0.0,91.2,7.3
20151002183333,0.0,0.0,0.1,0.1,0.0,0.0,94.8,4.9
20151002183403,0.0,0.1,0.3,0.1,0.0,0.0,88.7,10.8
20151002183433,0.0,0.0,0.0,0.2,0.0,0.0,92.2,7.6
20151002183503,0.0,0.0,0.0,0.4,0.0,0.0,96.8,2.7
20151002183533,0.0,0.0,0.2,0.1,0.0,0.0,69.9,29.8
20151002183603,0.0,0.0,0.0,0.0,0.0,0.0,92.1,7.8
20151002183633,0.0,0.0,0.0,0.0,0.0,0.0,84.1,15.8
20151002183703,0.0,0.0,0.0,0.2,0.0,0.0,97.0,2.8
20151002183733,0.0,0.0,0.0,0.1,0.0,0.0,93.3,6.6
20151002183803,0.0,0.0,0.0,0.1,0.0,0.0,94.7,5.2
20151002183833,0.0,0.0,0.2,0.1,0.0,0.0,88.9,10.9
20151002183904,0.0,0.0,0.1,0.1,0.0,0.0,94.2,5.6
20151002183934,0.0,0.0,0.1,0.1,0.0,0.0,98.0,1.8
20151002184004,0.0,0.0,0.6,0.6,0.0,0.0,96.7,2.0
20151002184034,0.0,0.0,0.4,1.4,0.0,0.0,97.3,0.9
20151002184104,0.0,0.0,0.5,0.2,0.0,0.0,98.4,0.8
20151002184134,0.0,0.0,0.1,0.2,0.0,0.0,97.8,1.9
20151002184204,0.0,0.0,0.1,0.0,0.0,0.0,99.1,0.7
20151002184234,0.0,0.0,0.0,0.0,0.0,0.0,97.1,2.8
20151002184304,0.0,0.0,0.1,0.0,0.0,0.0,99.4,0.5
20151002184334,0.0,0.0,0.4,0.1,0.0,0.0,97.4,2.1
20151002184404,0.0,0.0,0.1,0.1,0.0,0.0,99.3,0.5
20151002184434,0.0,0.0,0.0,0.1,0.0,0.0,98.2,1.6
20151002184504,0.0,0.0,0.1,0.1,0.0,0.0,99.4,0.4
20151002184534,0.0,0.0,0.1,0.4,0.0,0.0,98.6,0.9
20151002184604,0.0,0.0,0.3,0.1,0.0,0.0,95.7,3.9
20151002184634,0.0,0.0,0.0,0.2,0.0,0.0,99.7,0.1
20151002184704,0.0,0.0,0.1,0.4,0.0,0.0,99.3,0.2
20151002184734,0.0,0.0,0.3,0.1,0.0,0.0,99.4,0.2
20151002184804,0.0,0.0,1.6,0.2,0.0,0.0,96.0,2.2
20151002184834,0.0,0.0,0.9,0.6,0.0,0.0,98.2,0.2
20151002184904,0.0,0.0,2.5,2.3,0.0,0.0,94.9,0.3
20151002184934,0.0,0.0,0.5,0.1,0.0,0.0,98.8,0.6
20151002185004,0.0,0.0,0.1,0.4,0.0,0.0,98.9,0.6
20151002185034,0.0,0.0,0.1,0.2,0.0,0.0,99.2,0.5
20151002185104,0.0,0.0,0.0,0.1,0.0,0.0,98.8,1.1
20151002185134,0.0,0.0,0.0,0.1,0.0,0.0,99.4,0.4
20151002185204,0.0,0.0,0.0,0.0,0.0,0.0,99.8,0.1
20151002185234,0.0,0.0,0.0,0.2,0.0,0.0,99.8,0.1
20151002185304,0.0,0.0,0.0,0.1,0.0,0.0,99.8,0.1
20151002185334,0.0,0.0,0.0,0.0,0.0,0.0,99.9,0.0
20151002185404,0.0,0.0,0.0,0.0,0.0,0.0,99.8,0.1
20151002185434,0.0,0.0,0.1,0.2,0.0,0.0,99.6,0.1
20151002185504,0.0,0.0,0.2,0.1,0.0,0.0,99.6,0.1
20151002185534,0.0,0.0,0.0,0.6,0.0,0.0,99.3,0.1
20151002185604,0.0,0.0,0.1,0.4,0.0,0.0,99.5,0.1
20151002185634,0.0,0.0,0.1,1.3,0.0,0.0,98.3,0.2
20151002185704,0.0,0.0,0.1,0.3,0.0,0.0,99.0,0.6
20151002185734,0.0,0.0,0.8,1.8,0.0,0.0,96.7,0.7
20151002185804,0.0,0.0,0.4,1.2,0.0,0.0,97.9,0.4
20151002185834,0.0,0.0,0.1,2.3,0.0,0.0,97.5,0.0
20151002185904,0.1,0.1,0.1,11.1,0.0,0.0,88.5,0.1
20151002185934,1.9,6.1,2.5,23.4,0.0,0.0,65.8,0.2
20151002190004,6.0,4.5,5.3,63.7,0.0,0.0,20.3,0.1
20151002190034,0.4,0.8,0.2,17.1,0.0,0.0,81.4,0.1
20151002190104,0.6,0.6,0.4,53.4,0.0,0.0,44.6,0.5
20151002190134,0.1,0.1,0.2,5.3,0.0,0.0,93.4,0.8
20151002190204,0.0,0.0,0.0,2.8,0.0,0.0,97.1,0.0
20151002190234,0.0,0.0,0.0,0.2,0.0,0.0,99.7,0.1
20151002190304,0.0,0.0,0.0,0.0,0.0,0.0,99.9,0.0
20151002190334,0.0,0.0,0.0,0.3,0.0,0.0,98.5,1.1
20151002190404,0.0,0.0,0.0,0.4,0.0,0.0,98.9,0.6
20151002190434,0.0,0.0,0.1,0.9,0.0,0.0,93.6,5.4
20151002190504,0.0,0.0,0.0,0.2,0.0,0.0,99.3,0.5
20151002190534,0.0,0.0,0.0,0.0,0.0,0.0,97.3,2.6
20151002190604,0.0,0.0,0.0,0.0,0.0,0.0,99.2,0.8
20151002190634,0.0,0.0,0.0,0.0,0.0,0.0,98.6,1.4
20151002190704,0.0,0.0,0.0,0.3,0.0,0.0,99.6,0.2
20151002190734,0.0,0.0,0.0,0.1,0.0,0.0,98.9,1.0
20151002190804,0.0,0.0,0.3,0.6,0.0,0.0,92.1,6.9
20151002190834,0.0,0.0,0.0,0.1,0.0,0.0,99.5,0.4
20151002190904,0.0,0.0,0.0,0.0,0.0,0.0,99.3,0.7
20151002190934,0.0,0.0,0.0,0.7,0.0,0.0,99.2,0.1
20151002191004,0.0,0.0,0.0,0.3,0.0,0.0,99.7,0.1
20151002191034,0.0,0.0,0.1,0.6,0.0,0.0,99.2,0.1
20151002191104,0.0,0.0,0.1,0.9,0.0,0.0,97.8,1.1
20151002191134,0.0,0.0,0.1,9.1,0.0,0.0,90.5,0.3
20151002191204,0.0,0.2,0.6,8.7,0.0,0.0,90.3,0.1
20151002191234,0.0,0.7,1.0,12.1,0.0,0.0,85.3,0.8
20151002191305,0.0,0.4,0.6,55.1,0.0,0.0,43.8,0.1
20151002191335,0.1,0.5,0.9,30.7,0.0,0.1,66.8,0.9
20151002191405,0.0,0.1,1.7,17.4,0.0,0.0,80.1,0.5
20151002191435,0.0,0.0,0.0,0.3,0.0,0.0,99.6,0.0
20151002191505,0.0,0.0,0.0,0.1,0.0,0.0,96.2,3.6
20151002191535,0.0,0.1,0.6,1.0,0.0,0.0,92.3,5.9
20151002191605,0.0,0.1,0.4,43.3,0.0,0.0,53.6,2.4
20151002191635,0.0,0.5,0.2,13.3,0.2,0.0,74.0,11.8
20151002191705,0.0,0.5,0.2,4.1,0.1,0.0,50.3,44.8
20151002191735,0.0,0.0,0.0,16.4,0.0,0.0,75.6,7.9
20151002191805,0.0,0.0,0.0,13.5,0.0,0.0,81.1,5.3
20151002191835,0.0,0.0,0.0,1.7,0.0,0.0,91.4,6.9
20151002191905,0.0,0.0,0.0,0.6,0.0,0.0,98.8,0.5
20151002191935,0.0,0.0,0.1,0.2,0.0,0.0,94.6,5.1
20151002192005,0.0,0.0,0.0,0.8,0.0,0.0,92.0,7.2
20151002192035,0.0,0.0,0.0,0.4,0.0,0.0,99.0,0.6
20151002192105,0.0,0.0,0.0,0.7,0.0,0.0,98.2,1.0
20151002192135,0.0,0.0,0.0,0.1,0.0,0.0,97.2,2.7
20151002192205,0.0,0.0,0.0,0.2,0.0,0.0,99.5,0.3
20151002192235,0.0,0.0,0.0,0.2,0.0,0.0,99.1,0.7
20151002192305,0.0,0.0,0.0,0.0,0.0,0.0,99.2,0.8
20151002192335,0.0,0.0,0.0,0.1,0.0,0.0,98.0,1.9
20151002192405,0.0,0.0,0.0,0.1,0.0,0.0,99.1,0.8
20151002192435,0.0,0.0,0.0,0.0,0.0,0.0,99.1,0.8
20151002192505,0.0,0.0,0.0,0.0,0.0,0.0,99.8,0.1
20151002192535,0.0,0.0,0.0,0.1,0.0,0.0,98.4,1.5
20151002192605,0.0,0.0,0.0,1.2,0.0,0.0,97.2,1.6
20151002192635,0.0,0.0,0.0,0.4,0.0,0.0,98.2,1.4
20151002192705,0.0,0.0,0.0,0.1,0.0,0.0,98.4,1.5
20151002192735,0.0,0.0,0.0,0.1,0.0,0.0,99.8,0.1
20151002192805,0.0,0.0,0.0,0.2,0.0,0.0,99.7,0.1
20151002192835,0.0,0.0,0.0,0.0,0.0,0.0,97.5,2.5
20151002192905,0.0,0.0,0.0,0.1,0.0,0.0,99.4,0.5
20151002192935,0.0,0.0,0.0,0.2,0.0,0.0,97.8,2.1
20151002193005,0.0,0.0,0.0,0.5,0.0,0.0,97.4,2.1
20151002193035,0.0,0.0,0.1,1.1,0.0,0.0,95.4,3.5
20151002193105,0.0,0.0,0.0,0.3,0.0,0.0,96.9,2.8
20151002193135,0.0,0.0,0.1,0.2,0.0,0.0,94.7,5.1
20151002193205,0.0,0.0,0.0,1.4,0.0,0.0,92.6,5.9
20151002193235,0.0,0.0,0.1,0.2,0.0,0.0,85.0,14.7
20151002193305,0.0,0.0,0.0,0.2,0.0,0.0,93.9,5.9
20151002193335,0.0,0.0,0.0,0.1,0.0,0.0,98.9,1.0
20151002193405,0.0,0.0,0.0,0.1,0.0,0.0,96.6,3.3
20151002193435,0.0,0.0,0.0,0.1,0.0,0.0,97.6,2.2
20151002193505,0.0,0.0,0.0,0.0,0.0,0.0,99.0,0.9
20151002193535,0.0,0.0,0.0,0.1,0.0,0.0,99.8,0.1
20151002193605,0.0,0.0,0.1,0.3,0.0,0.0,97.7,1.9
20151002193635,0.0,0.0,0.2,1.3,0.0,0.0,98.1,0.5
20151002193705,0.0,0.0,0.0,0.3,0.0,0.0,97.3,2.4
20151002193735,0.0,0.0,0.0,8.7,0.0,0.0,90.0,1.3
20151002193805,0.0,0.0,0.1,77.6,0.0,0.0,21.6,0.7
20151002193835,0.0,0.0,0.1,96.8,0.0,0.0,3.0,0.0
20151002193905,0.0,0.0,0.0,13.2,0.0,0.0,86.3,0.4
20151002193935,0.0,0.0,0.1,78.6,0.0,0.0,21.1,0.1
20151002194005,0.0,0.0,0.0,94.9,0.0,0.0,5.1,0.0
20151002194035,0.0,0.0,0.0,42.2,0.0,0.0,55.9,1.9
20151002194105,0.0,0.0,0.1,21.5,0.0,0.0,74.6,3.8
20151002194135,0.0,0.0,0.0,1.2,0.0,0.0,98.4,0.4
20151002194205,0.0,0.0,0.0,0.0,0.0,0.0,91.5,8.4
20151002194235,0.0,0.0,0.0,0.0,0.0,0.0,98.1,1.9
20151002194305,0.0,0.0,0.0,0.0,0.0,0.0,98.5,1.4
20151002194335,0.0,0.0,0.0,0.0,0.0,0.0,98.3,1.7
20151002194405,0.0,0.0,0.1,0.5,0.0,0.0,97.8,1.6
20151002194435,0.0,0.0,0.0,0.9,0.0,0.0,98.5,0.6
20151002194505,0.0,0.0,0.1,11.6,0.0,0.0,87.6,0.7
20151002194535,0.0,0.0,0.0,95.6,0.0,0.0,4.4,0.0
20151002194605,0.0,0.0,0.0,51.3,0.0,0.0,48.6,0.1
20151002194635,0.0,0.0,0.2,57.5,0.0,0.0,42.3,0.0
20151002194705,0.0,0.0,0.3,40.4,0.0,0.0,58.0,1.3
20151002194736,0.0,0.1,5.2,86.7,0.0,0.0,7.5,0.6
20151002194806,0.0,0.0,0.2,66.6,0.0,0.0,32.4,0.8
20151002194836,0.0,0.0,1.3,90.3,0.0,0.0,8.3,0.1
20151002194906,0.0,0.0,0.2,90.6,0.0,0.0,9.1,0.1
20151002194936,0.0,0.0,0.0,0.5,0.0,0.0,99.5,0.0
20151002195006,0.0,0.0,0.0,5.0,0.0,0.0,94.8,0.2
20151002195036,0.0,0.0,0.0,0.7,0.0,0.0,99.2,0.1
20151002195106,0.0,0.0,0.2,4.3,0.0,0.0,94.9,0.7
20151002195136,0.0,0.0,0.3,3.3,0.0,0.0,89.4,7.1
20151002195206,0.0,0.0,0.0,0.2,0.0,0.0,98.6,1.2
20151002195236,0.0,0.0,0.0,4.0,0.0,0.0,94.1,1.9
20151002195306,0.0,0.0,0.2,99.7,0.0,0.0,0.0,0.1
20151002195336,0.0,0.0,2.0,97.3,0.0,0.0,0.1,0.6
20151002195406,0.0,0.0,2.4,95.0,0.0,0.0,1.5,1.1
20151002195436,0.0,0.0,0.1,17.6,0.0,0.0,81.7,0.6
20151002195506,0.0,0.0,0.4,51.2,0.0,0.0,44.7,3.7
20151002195536,0.0,0.0,2.0,63.0,0.0,0.0,33.0,1.9
20151002195606,0.0,0.0,0.3,32.3,0.0,0.0,66.3,1.1
20151002195636,0.0,0.0,0.0,1.0,0.0,0.0,98.7,0.3
20151002195706,0.0,0.0,0.0,1.7,0.0,0.0,97.1,1.2
20151002195736,0.0,0.0,0.0,1.1,0.0,0.0,98.3,0.6
20151002195806,0.0,0.0,0.0,0.8,0.0,0.0,98.5,0.7
20151002195836,0.0,0.0,0.0,0.0,0.0,0.0,99.9,0.0
20151002195906,0.0,0.0,0.0,0.0,0.0,0.0,99.7,0.3
20151002195936,0.0,0.0,0.0,0.0,0.0,0.0,99.9,0.1
20151002200006,0.0,0.0,0.0,0.0,0.0,0.0,99.9,0.1
20151002200036,0.0,0.0,0.0,0.0,0.0,0.0,98.9,1.1
20151002200106,0.0,0.0,0.0,0.0,0.0,0.0,99.9,0.1
20151002200136,0.0,0.0,0.0,0.0,0.0,0.0,99.8,0.2
20151002200206,0.0,0.0,0.0,0.0,0.0,0.0,97.7,2.3
20151002200236,0.0,0.0,0.0,0.0,0.0,0.0,99.9,0.1
20151002200306,0.0,0.0,0.0,0.0,0.0,0.0,99.9,0.0
20151002200336,0.0,0.0,0.0,1.3,0.0,0.0,98.7,0.1
20151002200406,0.0,0.0,0.0,0.0,0.0,0.0,99.9,0.0
20151002200436,0.0,0.0,0.0,0.0,0.0,0.0,99.8,0.2
20151002200506,0.0,0.0,0.0,0.4,0.0,0.0,99.6,0.1
20151002200536,0.0,0.0,0.0,0.4,0.0,0.0,99.2,0.4
20151002200606,0.0,0.0,0.0,0.1,0.0,0.0,99.7,0.2
20151002200636,0.0,0.0,0.0,0.1,0.0,0.0,98.6,1.3
20151002200706,0.0,0.0,0.0,0.2,0.0,0.0,96.7,3.1
20151002200736,0.0,0.0,0.0,0.9,0.0,0.0,95.9,3.2
20151002200806,0.0,0.0,0.0,0.1,0.0,0.0,99.1,0.7
20151002200836,0.0,0.0,0.0,0.2,0.0,0.0,98.9,0.9
20151002200906,0.0,0.0,0.0,0.3,0.0,0.0,99.2,0.5
20151002200936,0.0,0.0,0.0,2.0,0.0,0.0,91.7,6.3
20151002201006,0.0,0.0,0.0,1.1,0.0,0.0,93.8,5.1
20151002201036,0.0,0.0,0.0,0.8,0.0,0.0,66.6,32.5
20151002201106,0.0,0.0,0.1,1.1,0.0,0.0,57.0,41.8
20151002201136,0.0,0.0,0.0,0.4,0.0,0.0,85.5,14.0
20151002201206,0.0,0.0,0.0,0.3,0.0,0.0,98.1,1.6
20151002201236,0.0,0.0,0.0,0.1,0.0,0.0,98.3,1.6
20151002201306,0.0,0.0,0.0,1.5,0.0,0.3,83.5,14.7
20151002201336,0.0,0.0,0.0,0.2,0.0,0.0,75.3,24.5
20151002201406,0.0,0.0,0.0,0.6,0.0,0.0,98.9,0.5
20151002201437,0.0,0.0,0.1,4.6,0.0,0.0,91.6,3.7
20151002201507,0.0,0.0,0.0,32.0,0.0,0.0,65.6,2.3
20151002201537,0.0,0.0,0.0,1.0,0.0,0.0,97.1,1.9
20151002201607,0.0,0.0,0.0,7.1,0.0,0.0,92.2,0.7
20151002201637,0.0,0.0,0.0,1.3,0.0,0.0,98.1,0.6
20151002201707,0.0,0.0,0.0,1.2,0.0,0.0,97.6,1.1
20151002201737,0.0,0.0,0.0,4.2,0.0,0.0,95.7,0.1
20151002201807,0.0,0.0,0.0,0.8,0.0,0.0,99.2,0.1
20151002201837,0.0,0.0,0.0,13.5,0.0,0.0,85.8,0.8
20151002201907,0.0,0.0,0.0,13.5,0.0,0.0,86.3,0.2
20151002201937,0.0,0.0,0.0,100.0,0.0,0.0,0.0,0.0
20151002202007,0.0,0.0,0.0,99.8,0.0,0.0,0.2,0.0
20151002202037,0.0,0.0,0.0,77.5,0.0,0.0,22.4,0.1
20151002202107,0.0,0.0,0.0,78.2,0.0,0.0,21.7,0.0
20151002202137,0.0,0.0,0.0,12.2,0.0,0.0,87.7,0.1
20151002202207,0.0,0.0,0.0,6.0,0.0,0.0,93.8,0.2
20151002202237,0.0,0.0,0.0,2.7,0.0,0.0,97.1,0.2
20151002202307,0.0,0.0,0.0,0.0,0.0,0.0,99.7,0.3
20151002202337,0.0,0.0,0.0,0.1,0.0,0.0,99.8,0.2
20151002202407,0.0,0.0,0.0,0.5,0.0,0.0,99.1,0.4
20151002202437,0.0,0.0,0.0,2.1,0.0,0.0,97.7,0.2
20151002202507,0.0,0.0,0.0,2.0,0.0,0.0,97.9,0.1
20151002202537,0.0,0.0,0.0,0.7,0.0,0.0,99.1,0.2
20151002202607,0.0,0.0,0.0,5.3,0.0,0.0,94.4,0.3
20151002202637,0.0,0.0,0.0,2.7,0.0,0.0,97.0,0.3
20151002202707,0.0,0.0,0.0,2.3,0.0,0.0,97.5,0.2
20151002202737,0.0,0.0,0.0,0.8,0.0,0.0,98.9,0.3
20151002202807,0.0,0.0,0.0,2.6,0.0,0.0,97.3,0.1
20151002202837,0.0,0.0,0.0,0.5,0.0,0.0,99.5,0.0
20151002202907,0.0,0.0,0.0,0.3,0.0,0.0,99.6,0.0
20151002202937,0.0,0.0,0.0,0.4,0.0,0.0,99.4,0.1
20151002203007,0.0,0.0,0.0,0.7,0.0,0.0,99.3,0.0
20151002203037,0.0,0.0,0.0,0.2,0.0,0.0,99.7,0.1
20151002203107,0.0,0.0,0.0,1.0,0.0,0.0,98.8,0.2
20151002203137,0.0,0.0,0.2,15.4,0.0,0.0,83.7,0.6
20151002203207,0.0,0.0,0.1,1.4,0.0,0.0,98.5,0.0
20151002203237,0.0,0.0,0.4,6.2,0.2,0.0,92.7,0.5
20151002203307,0.0,0.0,0.3,2.0,0.0,0.0,97.6,0.1
20151002203337,0.0,0.0,0.0,1.5,0.0,0.0,98.5,0.0
20151002203407,0.0,0.0,0.1,22.7,0.0,0.0,77.2,0.0
20151002203437,0.0,0.0,0.0,1.3,0.0,0.0,98.7,0.0
20151002203507,0.0,0.0,0.1,3.9,0.0,0.0,95.7,0.2
20151002203537,0.0,0.0,0.0,1.1,0.0,0.0,98.3,0.5
20151002203607,0.0,0.0,0.0,1.1,0.0,0.0,98.7,0.2
20151002203637,0.0,0.0,0.0,0.2,0.0,0.0,99.7,0.0
20151002203707,0.0,0.0,0.0,1.8,0.0,0.0,98.1,0.1
20151002203737,0.0,0.0,0.0,1.3,0.0,0.0,98.7,0.1
20151002203807,0.0,0.0,0.0,0.1,0.0,0.0,99.9,0.0
20151002203837,0.0,0.0,0.0,0.0,0.0,0.0,99.9,0.0
20151002203907,0.0,0.0,0.0,0.1,0.0,0.0,99.4,0.5
20151002203937,0.0,0.0,0.0,0.1,0.0,0.0,99.7,0.2
20151002204007,0.0,0.0,0.0,0.1,0.0,0.0,99.7,0.2
20151002204037,0.0,0.0,0.0,0.4,0.0,0.0,98.7,0.9
20151002204107,0.0,0.0,0.0,0.7,0.0,0.0,98.4,0.9
20151002204137,0.0,0.0,0.0,1.3,0.0,0.0,96.8,1.9
20151002204207,0.0,0.0,0.0,1.2,0.0,0.0,97.9,0.9
20151002204237,0.0,0.0,0.0,1.3,0.0,0.0,93.6,5.1
20151002204307,0.0,0.0,0.0,2.8,0.0,0.0,94.3,3.0
20151002204337,0.0,0.0,0.0,2.3,0.0,0.0,97.4,0.3
20151002204407,0.0,0.0,0.0,1.0,0.0,0.0,98.7,0.3
20151002204437,0.0,0.0,0.0,1.7,0.0,0.0,98.1,0.2
20151002204507,0.0,0.0,0.0,0.1,0.0,0.0,99.9,0.0
20151002204537,0.0,0.0,0.0,0.3,0.0,0.0,96.3,3.3
20151002204607,0.0,0.0,0.0,1.7,0.0,0.0,97.2,1.1
20151002204637,0.0,0.0,0.0,0.7,0.0,0.0,96.3,2.9
20151002204707,0.0,0.0,0.0,0.6,0.0,0.0,99.2,0.2
20151002204737,0.0,0.0,0.0,0.6,0.0,0.0,99.3,0.1
20151002204807,0.0,0.0,0.0,6.1,0.0,0.0,93.3,0.6
20151002204837,0.0,0.0,0.0,0.8,0.0,0.0,98.2,0.9
20151002204908,0.0,0.0,0.0,1.6,0.0,0.0,97.7,0.7
20151002204938,0.0,0.0,0.0,4.0,0.0,0.0,95.8,0.2
20151002205008,0.0,0.0,0.6,2.9,0.1,0.0,80.5,15.8
20151002205038,0.1,0.0,1.0,9.9,0.1,0.0,78.3,10.5
20151002205108,0.0,0.0,0.1,2.9,0.0,0.0,96.2,0.7
20151002205138,0.0,0.0,0.1,2.8,0.0,0.0,93.8,3.2
20151002205208,0.0,0.0,0.0,2.4,0.0,0.0,96.9,0.7
20151002205238,0.0,0.0,0.0,0.5,0.0,0.0,92.8,6.7
20151002205308,0.0,0.0,0.0,0.5,0.0,0.0,96.8,2.7
20151002205338,0.0,0.0,0.0,0.5,0.0,0.0,97.1,2.4
20151002205408,0.0,0.0,0.0,0.0,0.0,0.0,98.3,1.7
20151002205438,0.0,0.0,0.0,0.2,0.0,0.0,96.9,2.9
20151002205508,0.0,0.0,0.0,0.2,0.0,0.0,99.6,0.3
20151002205538,0.0,0.0,0.0,0.7,0.0,0.0,97.5,1.8
20151002205608,0.0,0.0,0.0,0.0,0.0,0.0,97.3,2.6
20151002205638,0.0,0.0,0.0,0.0,0.0,0.0,97.6,2.4
20151002205708,0.0,0.0,0.0,0.1,0.0,0.0,93.3,6.6
20151002205738,0.0,0.0,0.0,0.3,0.0,0.0,78.8,20.9
20151002205808,0.0,0.0,0.0,0.2,0.0,0.0,96.0,3.9
20151002205838,0.0,0.0,0.0,0.0,0.0,0.0,93.4,6.6
20151002205908,0.0,0.0,0.0,0.0,0.0,0.0,75.8,24.2
20151002205938,0.0,0.0,0.0,0.0,0.0,0.0,74.9,25.1
20151002210008,0.0,0.0,0.0,0.0,0.0,0.0,26.5,73.5
20151002210038,0.0,0.0,0.0,0.0,0.0,0.0,59.7,40.3
20151002210108,0.0,0.0,0.0,0.0,0.0,0.0,63.4,36.6
20151002210138,0.0,0.0,0.0,0.0,0.0,0.0,62.8,37.1
20151002210208,0.0,0.0,0.0,0.0,0.0,0.0,20.5,79.5
20151002210238,0.0,0.0,0.0,0.1,0.0,0.0,85.2,14.7
20151002210308,0.0,0.0,0.0,0.0,0.0,0.0,26.3,73.7
20151002210338,0.0,0.0,0.0,0.2,0.0,0.0,65.3,34.5
20151002210408,0.0,0.0,0.0,0.0,0.0,0.0,9.9,90.1
20151002210438,0.0,0.0,0.0,0.0,0.0,0.0,13.4,86.6
20151002210508,0.0,0.0,0.0,0.2,0.0,0.0,21.0,78.8
20151002210538,0.0,0.0,0.0,0.0,0.0,0.0,19.7,80.3
20151002210608,0.0,0.0,0.0,0.5,0.0,0.0,52.2,47.3
20151002210638,0.0,0.0,0.0,0.2,0.0,0.0,12.7,87.1
20151002210708,0.0,0.0,0.0,0.0,0.0,0.0,12.6,87.4
20151002210738,0.0,0.0,0.0,0.1,0.0,0.0,29.4,70.5
20151002210808,0.0,0.0,0.0,0.0,0.0,0.0,25.3,74.7
20151002210838,0.0,0.0,0.0,0.0,0.0,0.0,13.5,86.5
20151002210908,0.0,0.0,0.0,0.0,0.0,0.0,11.9,88.0
20151002210938,0.0,0.0,0.0,0.0,0.0,0.0,5.6,94.4
20151002211008,0.0,0.0,0.0,0.0,0.0,0.0,1.5,98.5
20151002211038,0.0,0.0,0.0,0.0,0.0,0.0,1.8,98.2
20151002211108,0.0,0.0,0.0,0.0,0.0,0.0,6.0,94.0
20151002211138,0.0,0.0,0.0,0.1,0.0,0.0,13.5,86.4
20151002211208,0.0,0.0,0.0,0.4,0.0,0.0,1.7,97.9
20151002211238,0.0,0.0,0.0,0.0,0.0,0.0,3.6,96.4
20151002211308,0.0,0.0,0.0,0.0,0.0,0.0,16.1,83.9
20151002211338,0.0,0.0,0.0,0.0,0.0,0.0,15.1,84.9
20151002211408,0.0,0.0,0.0,0.0,0.0,0.0,35.8,64.2
20151002211438,0.0,0.0,0.0,0.0,0.0,0.0,5.1,94.8
20151002211508,0.0,0.0,0.0,0.0,0.0,0.0,4.7,95.3
20151002211538,0.0,0.0,0.0,0.0,0.0,0.0,2.4,97.5
20151002211608,0.0,0.0,0.0,0.0,0.0,0.0,28.2,71.8
20151002211638,0.0,0.0,0.0,0.1,0.0,0.0,34.3,65.6
20151002211708,0.0,0.0,0.0,0.0,0.0,0.0,5.8,94.2
20151002211738,0.0,0.0,0.0,0.1,0.0,0.0,21.7,78.2
20151002211808,0.0,0.0,0.0,0.1,0.0,0.0,14.5,85.5
20151002211838,0.0,0.0,0.0,0.0,0.0,0.0,20.0,80.0
20151002211908,0.0,0.0,0.0,0.0,0.0,0.0,21.9,78.1
20151002211938,0.0,0.0,0.0,0.0,0.0,0.0,59.0,41.0
20151002212008,0.0,0.0,0.0,0.0,0.0,0.0,5.4,94.6
20151002212038,0.0,0.0,0.0,0.0,0.0,0.0,15.9,84.0
20151002212108,0.0,0.0,0.0,0.0,0.0,0.0,10.9,89.1
20151002212138,0.0,0.0,0.0,0.1,0.0,0.0,58.4,41.5
20151002212208,0.0,0.0,0.0,0.1,0.0,0.0,95.4,4.5
20151002212238,0.0,0.0,0.0,0.0,0.0,0.0,99.7,0.2
20151002212308,0.0,0.0,0.0,0.2,0.0,0.0,99.6,0.2
20151002212339,0.0,0.0,0.0,0.0,0.0,0.0,99.8,0.2
20151002212409,0.0,0.0,0.0,0.0,0.0,0.0,99.9,0.1
20151002212439,0.0,0.0,0.0,0.0,0.0,0.0,99.6,0.4
20151002212509,0.0,0.0,0.0,0.0,0.0,0.0,99.7,0.3
20151002212539,0.0,0.0,0.0,0.1,0.0,0.0,99.7,0.2
20151002212609,0.0,0.0,0.0,0.2,0.0,0.0,99.7,0.1
20151002212639,0.0,0.0,0.0,0.7,0.0,0.0,99.1,0.1
20151002212709,0.0,0.0,0.0,0.4,0.0,0.0,99.5,0.2
20151002212739,0.0,0.0,0.0,0.1,0.0,0.0,99.8,0.1
20151002212809,0.0,0.0,0.0,0.0,0.0,0.0,99.7,0.2
20151002212839,0.0,0.0,0.0,0.1,0.0,0.0,99.8,0.0
20151002212909,0.0,0.0,0.0,0.9,0.0,0.0,98.2,0.9
20151002212939,0.0,0.0,0.0,0.0,0.0,0.0,96.1,3.9
20151002213009,0.0,0.0,0.0,0.0,0.0,0.0,98.6,1.3
20151002213039,0.0,0.0,0.0,0.0,0.0,0.0,99.4,0.6
20151002213109,0.0,0.0,0.0,0.1,0.0,0.0,96.6,3.4
20151002213139,0.0,0.0,0.0,0.0,0.0,0.0,96.8,3.2
20151002213209,0.0,0.0,0.0,0.0,0.0,0.0,99.1,0.9
20151002213239,0.0,0.0,0.0,0.0,0.0,0.0,99.7,0.3
20151002213309,0.0,0.0,0.0,0.0,0.0,0.0,99.6,0.4
20151002213339,0.0,0.0,0.0,0.1,0.0,0.0,97.7,2.2
20151002213409,0.0,0.0,0.0,0.0,0.0,0.0,99.5,0.5
20151002213439,0.0,0.0,0.0,0.0,0.0,0.0,99.5,0.5
20151002213509,0.0,0.0,0.0,0.0,0.0,0.0,99.5,0.4
20151002213539,0.0,0.0,0.0,0.0,0.0,0.0,99.6,0.4
20151002213609,0.0,0.0,0.0,0.0,0.0,0.0,99.6,0.3
20151002213639,0.0,0.0,0.0,0.0,0.0,0.0,99.7,0.3
20151002213709,0.0,0.0,0.0,0.1,0.0,0.0,98.5,1.3
20151002213739,0.0,0.0,0.0,0.0,0.0,0.0,99.8,0.1
20151002213809,0.0,0.0,0.0,0.0,0.0,0.0,99.7,0.3
20151002213839,0.0,0.0,0.0,0.0,0.0,0.0,99.9,0.1
20151002213909,0.0,0.0,0.0,0.0,0.0,0.0,99.7,0.2
20151002213939,0.0,0.0,0.0,0.0,0.0,0.0,99.5,0.5
20151002214009,0.0,0.0,0.0,0.0,0.0,0.0,99.9,0.1
20151002214039,0.0,0.0,0.0,0.0,0.0,0.0,99.9,0.1
20151002214109,0.0,0.0,0.0,0.0,0.0,0.0,99.4,0.5
20151002214139,0.0,0.0,0.0,0.0,0.0,0.0,99.9,0.1
20151002214209,0.0,0.0,0.0,0.0,0.0,0.0,99.8,0.2
20151002214239,0.0,0.0,0.0,0.0,0.0,0.0,99.9,0.0
20151002214309,0.0,0.0,0.0,0.0,0.0,0.0,99.9,0.1
20151002214339,0.0,0.0,0.0,0.0,0.0,0.0,99.9,0.0
20151002214409,0.0,0.0,0.0,0.0,0.0,0.0,99.9,0.1
20151002214439,0.0,0.0,0.0,0.0,0.0,0.0,99.5,0.5
20151002214509,0.0,0.0,0.0,0.0,0.0,0.0,99.9,0.1
20151002214539,0.0,0.0,0.0,0.0,0.0,0.0,98.4,1.5
20151002214609,0.0,0.0,0.0,0.0,0.0,0.0,99.8,0.1
20151002214639,0.0,0.0,0.0,0.0,0.0,0.0,99.4,0.5
20151002214709,0.0,0.0,0.0,0.1,0.0,0.0,99.8,0.1
20151002214739,0.0,0.0,0.0,0.1,0.0,0.0,99.3,0.6
20151002214809,0.0,0.0,0.0,0.1,0.0,0.0,99.1,0.8
20151002214839,0.0,0.0,0.0,0.1,0.0,0.0,95.8,4.0
20151002214909,0.0,0.0,0.0,0.0,0.0,0.0,99.6,0.4
20151002214939,0.0,0.0,0.0,0.0,0.0,0.0,99.6,0.4
20151002215009,0.0,0.0,0.0,0.0,0.0,0.0,99.7,0.3
20151002215039,0.0,0.0,0.0,0.0,0.0,0.0,98.9,1.1
20151002215109,0.0,0.0,0.0,0.0,0.0,0.0,99.2,0.8
20151002215140,0.0,0.0,0.0,0.0,0.0,0.0,99.0,1.0
20151002215210,0.0,0.0,0.0,0.0,0.0,0.0,96.8,3.2
20151002215240,0.0,0.0,0.0,0.0,0.0,0.0,97.0,3.0
20151002215310,0.0,0.0,0.0,0.0,0.0,0.0,99.0,1.0
20151002215340,0.0,0.0,0.0,0.0,0.0,0.0,91.8,8.2
20151002215410,0.0,0.0,0.0,0.1,0.0,0.0,91.9,8.0
20151002215440,0.0,0.0,0.0,0.0,0.0,0.0,98.1,1.9
20151002215510,0.0,0.0,0.0,0.0,0.0,0.0,96.9,3.1
20151002215540,0.0,0.0,0.0,0.0,0.0,0.0,97.2,2.8
20151002215610,0.0,0.0,0.0,0.0,0.0,0.0,97.5,2.5
20151002215640,0.0,0.0,0.0,0.0,0.0,0.0,94.0,6.0
20151002215710,0.0,0.0,0.0,0.0,0.0,0.0,91.1,8.9
20151002215740,0.0,0.0,0.0,0.1,0.0,0.0,92.4,7.4
20151002215810,0.0,0.0,0.0,0.1,0.0,0.0,99.7,0.3
20151002215840,0.0,0.0,0.0,0.0,0.0,0.0,97.9,2.1
20151002215910,0.0,0.0,0.0,0.1,0.0,0.0,88.3,11.5
20151002215940,0.0,0.0,0.0,0.0,0.0,0.0,99.0,0.9
20151002220010,0.0,0.0,0.0,0.0,0.0,0.0,97.9,2.0
20151002220040,0.0,0.0,0.0,0.0,0.0,0.0,89.5,10.5
20151002220110,0.0,0.0,0.0,0.0,0.0,0.0,96.4,3.6
20151002220140,0.0,0.0,0.0,0.0,0.0,0.0,92.2,7.8
20151002220210,0.0,0.0,0.0,0.0,0.0,0.0,99.3,0.7
20151002220240,0.0,0.0,0.0,0.0,0.0,0.0,96.2,3.8
20151002220310,0.0,0.0,0.0,0.0,0.0,0.0,89.7,10.3
20151002220340,0.0,0.0,0.0,0.0,0.0,0.0,93.3,6.6
20151002220410,0.0,0.0,0.0,0.1,0.0,0.0,84.7,15.2
20151002220440,0.0,0.0,0.0,0.2,0.0,0.0,98.1,1.7
20151002220510,0.0,0.0,0.0,0.0,0.0,0.0,97.3,2.6
20151002220540,0.0,0.0,0.0,0.1,0.0,0.0,93.7,6.2
20151002220610,0.0,0.0,0.0,0.2,0.0,0.0,90.7,9.1
20151002220640,0.0,0.0,0.0,0.1,0.0,0.0,96.6,3.2
20151002220710,0.0,0.0,0.0,0.2,0.0,0.0,92.6,7.2
20151002220740,0.0,0.0,0.0,0.0,0.0,0.0,99.2,0.8
20151002220810,0.0,0.0,0.0,0.1,0.0,0.0,90.6,9.3
20151002220840,0.0,0.0,0.0,0.2,0.0,0.0,98.1,1.6
20151002220910,0.0,0.0,0.0,0.1,0.0,0.0,98.8,1.1
20151002220940,0.0,0.0,0.0,0.1,0.0,0.0,95.9,4.0
20151002221010,0.0,0.0,0.0,0.1,0.0,0.0,97.9,2.0
20151002221040,0.0,0.0,0.0,0.1,0.0,0.0,94.8,5.1
20151002221110,0.0,0.0,0.0,0.0,0.0,0.0,97.2,2.8
20151002221140,0.0,0.0,0.0,0.0,0.0,0.0,99.8,0.2
20151002221210,0.0,0.0,0.0,0.0,0.0,0.0,97.2,2.8
20151002221240,0.0,0.0,0.0,0.0,0.0,0.0,86.1,13.8
20151002221310,0.0,0.0,0.0,0.0,0.0,0.0,92.2,7.7
20151002221340,0.0,0.0,0.0,0.0,0.0,0.0,96.0,4.0
20151002221410,0.0,0.0,0.0,0.2,0.0,0.0,79.4,20.4
20151002221440,0.0,0.0,0.0,0.1,0.0,0.0,87.7,12.2
20151002221510,0.0,0.0,0.0,0.1,0.0,0.0,57.4,42.5
20151002221540,0.0,0.0,0.0,0.1,0.0,0.0,89.6,10.2
20151002221610,0.0,0.0,0.0,0.0,0.0,0.0,95.6,4.4
20151002221640,0.0,0.0,0.0,0.4,0.0,0.0,76.2,23.4
20151002221710,0.0,0.0,0.0,0.0,0.0,0.0,75.1,24.8
20151002221740,0.0,0.0,0.0,0.1,0.0,0.0,47.7,52.2
20151002221810,0.0,0.0,0.0,0.1,0.0,0.0,90.1,9.8
20151002221840,0.0,0.0,0.0,0.1,0.0,0.0,90.2,9.7
20151002221910,0.0,0.0,0.0,0.2,0.0,0.0,92.7,7.1
20151002221940,0.0,0.0,0.0,0.1,0.0,0.0,79.8,20.1
20151002222010,0.0,0.0,0.0,0.1,0.0,0.0,79.7,20.2
20151002222040,0.0,0.0,0.0,0.1,0.0,0.0,94.8,5.1
20151002222110,0.0,0.0,0.0,0.1,0.0,0.0,88.0,11.9
20151002222140,0.0,0.0,0.0,1.3,0.0,0.0,88.3,10.3
20151002222210,0.0,0.0,0.0,0.3,0.0,0.0,67.3,32.4
20151002222240,0.0,0.0,0.0,2.1,0.0,0.0,88.4,9.5
20151002222310,0.0,0.0,0.0,0.1,0.0,0.0,96.7,3.2
20151002222340,0.0,0.0,0.0,4.8,0.0,0.0,91.0,4.2
20151002222410,0.0,0.0,0.0,2.1,0.0,0.0,94.1,3.7
20151002222440,0.0,0.0,0.0,1.1,0.0,0.0,95.1,3.9
20151002222511,0.0,0.0,0.0,0.8,0.0,0.0,96.6,2.6
20151002222541,0.0,0.0,0.0,1.9,0.0,0.0,91.4,6.7
20151002222611,0.0,0.0,0.0,0.4,0.0,0.0,87.3,12.3
20151002222641,0.0,0.0,0.0,1.3,0.0,0.0,91.9,6.7
20151002222711,0.0,0.0,0.0,0.6,0.0,0.0,95.9,3.5
20151002222741,0.0,0.0,0.0,1.8,0.0,0.0,94.0,4.3
20151002222811,0.0,0.0,0.0,1.3,0.0,0.0,88.3,10.4
20151002222841,0.0,0.0,0.0,0.1,0.0,0.0,37.6,62.3
20151002222911,0.0,0.0,0.0,0.1,0.0,0.0,56.0,43.9
20151002222941,0.0,0.0,0.0,0.1,0.0,0.0,55.3,44.5
20151002223011,0.0,0.0,0.0,3.1,0.0,0.1,77.5,19.3
20151002223041,0.0,0.0,0.0,0.2,0.0,0.1,72.2,27.6
20151002223111,0.0,0.0,0.0,0.1,0.0,0.0,93.3,6.5
20151002223141,0.0,0.0,0.0,0.5,0.0,0.0,96.3,3.2
20151002223211,0.0,0.0,0.0,0.0,0.0,0.2,96.5,3.3
20151002223241,0.0,0.0,0.0,0.0,0.0,0.1,98.9,1.0
20151002223311,0.0,0.0,0.0,0.0,0.0,0.0,99.0,0.9
20151002223341,0.0,0.0,0.0,0.0,0.0,0.0,91.0,8.9
20151002223411,0.0,0.0,0.0,0.0,0.0,0.0,96.5,3.4
20151002223441,0.0,0.0,0.0,0.0,0.0,0.0,99.5,0.5
20151002223511,0.0,0.0,0.0,0.1,0.0,0.1,99.3,0.6
20151002223541,0.0,0.0,0.0,0.0,0.0,0.0,99.8,0.1
20151002223611,0.0,0.0,0.0,0.0,0.0,0.0,99.1,0.9
20151002223641,0.0,0.0,0.0,0.0,0.0,0.0,99.6,0.3
20151002223711,0.0,0.0,0.0,0.1,0.0,0.3,93.9,5.7
20151002223741,0.0,0.0,0.0,0.0,0.0,0.1,87.7,12.2
20151002223811,0.0,0.0,0.0,0.1,0.0,0.1,98.7,1.1
20151002223841,0.0,0.0,0.0,0.2,0.0,0.1,94.3,5.5
20151002223911,0.0,0.0,0.0,0.1,0.0,0.7,89.4,9.8
20151002223941,0.0,0.0,0.0,0.3,0.0,0.2,85.1,14.3
20151002224011,0.0,0.0,0.0,0.0,0.0,0.3,88.2,11.5
20151002224041,0.0,0.0,0.0,0.2,0.0,0.3,96.4,3.0
20151002224111,0.0,0.0,0.0,0.1,0.0,0.4,83.8,15.7
20151002224141,0.0,0.0,0.0,0.0,0.0,0.3,73.7,26.0
20151002224211,0.0,0.0,0.0,0.1,0.0,0.4,96.5,3.1
20151002224241,0.0,0.0,0.0,0.0,0.0,0.1,89.8,10.1
20151002224311,0.0,0.0,0.0,0.2,0.0,0.4,90.7,8.8
20151002224341,0.0,0.0,0.0,0.1,0.0,0.2,90.8,8.9
20151002224411,0.0,0.0,0.0,0.4,0.0,0.7,78.6,20.3
20151002224441,0.0,0.0,0.0,0.2,0.0,0.6,73.5,25.6
20151002224511,0.0,0.0,0.0,0.1,0.0,0.4,98.2,1.3
20151002224541,0.0,0.0,0.0,0.1,0.0,2.0,72.6,25.3
20151002224611,0.0,0.0,0.0,0.2,0.0,1.3,89.8,8.8
20151002224641,0.0,0.0,0.0,0.2,0.0,0.8,95.3,3.7
20151002224711,0.0,0.0,0.0,0.1,0.0,0.7,44.1,55.1
20151002224741,0.0,0.0,0.0,0.1,0.0,0.3,98.3,1.3
20151002224811,0.0,0.0,0.0,0.1,0.0,0.2,93.1,6.6
20151002224841,0.0,0.0,0.0,0.2,0.0,0.5,80.9,18.3
20151002224911,0.0,0.0,0.0,0.2,0.0,1.3,92.1,6.4
20151002224941,0.0,0.0,0.0,0.0,0.0,0.2,56.7,43.1
20151002225011,0.0,0.0,0.0,0.0,0.0,0.2,83.6,16.1
20151002225041,0.0,0.0,0.0,0.1,0.0,0.8,50.9,48.2
20151002225111,0.0,0.0,0.0,0.3,0.0,0.2,73.8,25.7
20151002225141,0.0,0.0,0.0,0.0,0.0,0.1,4.9,95.0
20151002225211,0.0,0.0,0.0,0.5,0.0,0.5,27.8,71.2
20151002225241,0.0,0.0,0.0,0.2,0.0,0.0,20.3,79.5
20151002225311,0.0,0.0,0.0,0.1,0.0,0.1,5.6,94.1
20151002225341,0.0,0.0,0.0,0.3,0.0,0.3,17.0,82.4
20151002225411,0.0,0.0,0.0,0.2,0.0,0.1,3.2,96.5
20151002225441,0.0,0.0,0.0,0.2,0.0,0.2,6.0,93.7
20151002225511,0.0,0.0,0.0,2.0,0.0,0.1,32.5,65.4
20151002225541,0.0,0.0,0.0,0.2,0.0,0.2,25.8,73.9
20151002225611,0.0,0.0,0.0,0.1,0.0,0.1,31.7,68.1
20151002225641,0.0,0.0,0.0,0.1,0.0,0.0,8.3,91.6
20151002225711,0.0,0.0,0.0,0.5,0.0,0.1,64.4,35.0
20151002225741,0.0,0.0,0.0,0.4,0.0,0.0,59.7,39.9
20151002225811,0.0,0.0,0.0,0.2,0.0,0.0,22.1,77.6
20151002225841,0.0,0.0,0.0,0.1,0.0,0.0,37.0,62.9
20151002225912,0.0,0.0,0.0,0.5,0.0,0.0,15.2,84.3
20151002225942,0.0,0.0,0.0,0.3,0.0,0.0,47.9,51.8
20151002230012,0.0,0.0,0.0,1.1,0.0,0.0,14.4,84.5
20151002230042,0.0,0.0,0.0,0.4,0.0,0.0,39.8,59.8
20151002230112,0.0,0.0,0.0,0.1,0.0,0.0,33.4,66.5
20151002230142,0.0,0.0,0.0,0.7,0.0,0.0,32.5,66.8
20151002230212,0.0,0.0,0.0,0.8,0.0,0.0,33.9,65.3
20151002230242,0.0,0.0,0.0,2.5,0.0,0.0,68.7,28.8
20151002230312,0.0,0.0,0.0,0.2,0.0,0.0,51.3,48.5
20151002230342,0.0,0.0,0.0,0.3,0.0,0.0,96.5,3.1
20151002230412,0.0,0.0,0.0,0.3,0.0,0.0,78.4,21.3
20151002230442,0.0,0.0,0.0,0.4,0.0,0.0,76.8,22.8
20151002230512,0.0,0.0,0.0,1.2,0.0,0.0,86.7,12.1
20151002230542,0.0,0.0,0.0,0.1,0.0,0.0,95.0,4.9
20151002230612,0.0,0.0,0.0,0.0,0.0,0.0,56.8,43.2
20151002230642,0.0,0.0,0.0,0.1,0.0,0.0,89.2,10.7
20151002230712,0.0,0.0,0.0,0.7,0.0,0.0,92.9,6.4
20151002230742,0.0,0.0,0.0,0.3,0.0,0.0,94.7,5.0
20151002230812,0.0,0.0,0.0,0.1,0.0,0.0,99.3,0.6
20151002230842,0.0,0.0,0.0,0.1,0.0,0.0,99.4,0.5
20151002230912,0.0,0.0,0.0,0.3,0.0,0.0,99.3,0.4
20151002230942,0.0,0.0,0.0,0.1,0.0,0.0,99.3,0.6
20151002231012,0.0,0.0,0.0,0.2,0.0,0.0,98.3,1.6
20151002231042,0.0,0.0,0.0,0.1,0.0,0.0,97.6,2.3
20151002231112,0.0,0.0,0.0,0.2,0.0,0.0,98.5,1.3
20151002231142,0.0,0.0,0.0,0.0,0.0,0.0,92.7,7.2
20151002231212,0.0,0.0,0.0,0.2,0.0,0.0,94.8,5.1
20151002231242,0.0,0.0,0.0,0.1,0.0,0.0,89.4,10.5
20151002231312,0.0,0.0,0.0,0.1,0.0,0.0,77.6,22.3
20151002231342,0.0,0.0,0.0,0.1,0.0,0.0,94.3,5.6
20151002231412,0.0,0.0,0.0,0.0,0.0,0.0,82.8,17.2
20151002231442,0.0,0.0,0.0,0.2,0.0,0.0,96.7,3.1
20151002231512,0.0,0.0,0.0,0.1,0.0,0.0,86.4,13.5
20151002231542,0.0,0.0,0.0,0.2,0.0,0.0,88.6,11.3
20151002231612,0.0,0.0,0.0,0.2,0.0,0.0,93.4,6.4
20151002231642,0.0,0.0,0.0,0.1,0.0,0.0,94.8,5.2
20151002231712,0.0,0.0,0.0,0.0,0.0,0.0,93.9,6.0
20151002231742,0.0,0.0,0.0,0.0,0.0,0.0,97.0,3.0
20151002231812,0.0,0.0,0.0,0.1,0.0,0.0,97.4,2.5
20151002231842,0.0,0.0,0.0,0.1,0.0,0.0,99.3,0.7
20151002231912,0.0,0.0,0.0,0.0,0.0,0.0,98.4,1.6
20151002231942,0.0,0.0,0.0,0.1,0.0,0.0,99.4,0.5
20151002232012,0.0,0.0,0.0,0.4,0.0,0.0,93.1,6.5
20151002232042,0.0,0.0,0.0,0.1,0.0,0.0,90.9,9.0
20151002232112,0.0,0.0,0.0,0.3,0.0,0.0,71.9,27.7
20151002232142,0.0,0.0,0.0,0.1,0.0,0.0,70.8,29.1
20151002232212,0.0,0.0,0.0,0.2,0.0,0.0,93.5,6.2
20151002232242,0.0,0.0,0.0,0.1,0.0,0.0,25.5,74.3
20151002232312,0.0,0.0,0.0,0.4,0.0,0.0,27.1,72.5
20151002232342,0.0,0.0,0.0,0.6,0.0,0.0,71.8,27.6
20151002232412,0.0,0.0,0.0,0.0,0.0,0.0,1.6,98.3
20151002232442,0.0,0.0,0.0,0.0,0.0,0.0,0.9,99.1
20151002232512,0.0,0.0,0.0,0.0,0.0,0.0,1.0,99.0
20151002232542,0.0,0.0,0.0,0.7,0.0,0.0,20.1,79.2
20151002232612,0.0,0.0,0.0,0.2,0.0,0.0,12.0,87.8
20151002232642,0.0,0.0,0.0,0.3,0.0,0.3,32.9,66.5
20151002232712,0.0,0.0,0.0,0.5,0.0,0.0,25.0,74.5
20151002232742,0.0,0.0,0.0,0.3,0.0,0.1,47.3,52.3
20151002232812,0.0,0.0,0.0,0.1,0.0,0.0,37.1,62.7
20151002232842,0.0,0.0,0.0,0.1,0.0,0.3,65.9,33.7
20151002232912,0.0,0.0,0.0,0.1,0.0,0.1,63.1,36.7
20151002232942,0.0,0.0,0.0,0.4,0.0,0.1,96.4,3.1
20151002233012,0.0,0.0,0.0,0.5,0.0,0.1,73.1,26.3
20151002233042,0.0,0.0,0.0,0.0,0.0,0.0,20.2,79.7
20151002233112,0.0,0.0,0.0,0.7,0.0,0.4,66.0,32.9
20151002233142,0.0,0.0,0.0,0.4,0.0,0.1,33.7,65.8
20151002233212,0.0,0.0,0.0,0.1,0.0,0.3,40.8,58.8
20151002233242,0.0,0.0,0.0,0.5,0.0,0.4,36.5,62.7
20151002233312,0.0,0.0,0.0,0.1,0.0,0.3,6.7,92.9
20151002233343,0.0,0.0,0.0,0.0,0.0,0.1,2.6,97.4
20151002233413,0.0,0.0,0.0,0.1,0.0,0.1,88.6,11.2
20151002233443,0.0,0.0,0.0,0.4,0.0,0.1,61.8,37.8
20151002233513,0.0,0.0,0.0,0.1,0.0,0.2,27.7,71.9
20151002233543,0.0,0.0,0.0,0.7,0.0,0.1,51.6,47.7
20151002233613,0.0,0.0,0.0,0.2,0.0,0.1,55.3,44.4
20151002233643,0.0,0.0,0.0,5.1,0.0,0.3,55.9,38.6
20151002233713,0.0,0.0,0.0,0.1,0.0,0.0,51.4,48.5
20151002233743,0.0,0.0,0.0,0.1,0.0,0.1,90.8,9.1
20151002233813,0.0,0.0,0.0,0.1,0.0,0.0,90.7,9.2
20151002233843,0.0,0.0,0.0,0.1,0.0,0.0,59.0,40.9
20151002233913,0.0,0.0,0.0,0.1,0.0,0.0,96.1,3.8
20151002233943,0.0,0.0,0.0,0.1,0.0,0.0,98.6,1.4
20151002234013,0.0,0.0,0.0,0.1,0.0,0.0,96.5,3.3
20151002234043,0.0,0.0,0.0,0.4,0.0,0.0,96.9,2.7
