UT,arc,discrete,diffuse,ac,ab,clear,cloudy,dd
20151117135500,0.0,0.0,0.0,0.0,0.0,0.0,0.0,100.0
20151117135530,0.0,0.0,0.0,0.0,0.0,0.0,0.0,100.0
20151117135600,0.0,0.0,0.0,0.0,0.0,0.0,0.0,100.0
20151117135630,0.0,0.0,0.0,0.0,0.0,0.0,0.0,100.0
20151117135700,0.0,0.0,0.0,0.0,0.0,0.0,0.0,100.0
20151117135730,0.0,0.0,0.0,0.0,0.0,0.0,0.0,100.0
20151117135800,0.0,0.0,0.0,0.0,0.0,0.0,0.0,100.0
20151117135830,0.0,0.0,0.0,0.0,0.0,0.0,0.0,100.0
20151117135900,0.0,0.0,0.0,0.0,0.0,0.0,0.0,100.0
20151117135930,0.0,0.0,0.0,0.0,0.0,0.0,0.0,100.0
20151117140000,0.0,0.0,0.0,0.0,0.0,0.0,0.0,100.0
20151117140030,0.0,0.0,0.0,0.0,0.0,0.0,0.0,100.0
20151117140100,0.0,0.0,0.0,0.0,0.0,0.0,0.0,100.0
20151117140130,0.0,0.0,0.0,0.0,0.0,0.0,0.0,100.0
20151117140200,0.0,0.0,0.0,0.0,0.0,0.0,0.0,100.0
20151117140230,0.0,0.0,0.0,0.0,0.0,0.0,0.0,100.0
20151117140300,0.0,0.0,0.0,0.0,0.0,0.0,0.0,100.0
20151117140330,0.0,0.0,0.0,0.0,0.0,0.0,0.0,100.0
20151117140400,0.0,0.0,0.0,0.0,0.0,0.0,0.0,100.0
20151117140430,0.0,0.0,0.0,0.0,0.0,0.0,0.0,100.0
20151117140500,0.0,0.0,0.0,0.0,0.0,0.0,0.0,100.0
20151117140530,0.0,0.0,0.0,0.0,0.0,0.0,0.0,100.0
20151117140600,0.0,0.0,0.0,0.0,0.0,0.0,0.0,100.0
20151117140630,0.0,0.0,0.0,0.0,0.0,0.0,0.0,100.0
20151117140700,0.0,0.0,0.0,0.0,0.0,0.0,0.0,100.0
20151117140730,0.0,0.0,0.0,0.0,0.0,0.0,0.0,100.0
20151117140800,0.0,0.0,0.0,0.0,0.0,0.0,0.0,100.0
20151117140830,0.0,0.0,0.0,0.0,0.0,0.0,0.0,100.0
20151117140900,0.0,0.0,0.0,0.0,0.0,0.0,0.0,100.0
20151117140930,0.0,0.0,0.0,0.0,0.0,0.0,0.0,100.0
20151117141000,0.0,0.0,0.0,0.0,0.0,0.0,0.0,100.0
20151117141030,0.0,0.0,0.0,0.0,0.0,0.0,0.0,100.0
20151117141100,0.0,0.0,0.0,0.0,0.0,0.0,0.0,100.0
20151117141130,0.0,0.0,0.0,0.0,0.0,0.0,0.0,100.0
20151117141200,0.0,0.0,0.0,0.0,0.0,0.0,0.0,100.0
20151117141230,0.0,0.0,0.0,0.0,0.0,0.0,0.0,100.0
20151117141300,0.0,0.0,0.0,0.0,0.0,0.0,0.0,100.0
20151117141330,0.0,0.0,0.0,0.0,0.0,0.0,0.0,100.0
20151117141400,0.0,0.0,0.0,0.0,0.0,0.0,0.0,100.0
20151117141430,0.0,0.0,0.0,0.0,0.0,0.0,0.0,100.0
20151117141501,0.0,0.0,0.0,0.0,0.0,0.0,0.0,100.0
20151117141531,0.0,0.0,0.0,0.0,0.0,0.0,0.0,100.0
20151117141601,0.0,0.0,0.0,0.0,0.0,0.0,0.0,100.0
20151117141631,0.0,0.0,0.0,0.0,0.0,0.0,0.0,100.0
20151117141701,0.0,0.0,0.0,0.0,0.0,0.0,0.0,100.0
20151117141731,0.0,0.0,0.0,0.0,0.0,0.0,0.0,100.0
20151117141801,0.0,0.0,0.0,0.0,0.0,0.0,0.0,100.0
20151117141831,0.0,0.0,0.0,0.0,0.0,0.0,0.0,100.0
20151117141901,0.0,0.0,0.0,0.0,0.0,0.0,0.0,100.0
20151117141931,0.0,0.0,0.0,0.0,0.0,0.0,0.0,100.0
20151117142001,0.0,0.0,0.0,0.0,0.0,0.0,0.0,100.0
20151117142031,0.0,0.0,0.0,0.0,0.0,0.0,0.0,100.0
20151117142101,0.0,0.0,0.0,0.0,0.0,0.0,0.0,100.0
20151117142131,0.0,0.0,0.0,0.0,0.0,0.0,0.0,100.0
20151117142201,0.0,0.0,0.0,0.0,0.0,0.0,0.0,100.0
20151117142231,0.0,0.0,0.0,0.0,0.0,0.0,0.0,100.0
20151117142301,0.0,0.0,0.0,0.0,0.0,0.0,0.0,100.0
20151117142331,0.0,0.0,0.0,0.0,0.0,0.0,0.0,100.0
20151117142401,0.0,0.0,0.0,0.0,0.0,0.0,0.0,100.0
20151117142431,0.0,0.0,0.0,0.0,0.0,0.0,0.0,100.0
20151117142501,0.0,0.0,0.0,0.0,0.0,0.0,0.0,100.0
20151117142531,0.0,0.0,0.0,0.0,0.0,0.0,0.0,100.0
20151117142601,0.0,0.0,0.0,0.0,0.0,0.0,0.0,100.0
20151117142631,0.0,0.0,0.0,0.0,0.0,0.0,0.0,100.0
20151117142701,0.0,0.0,0.0,0.0,0.0,0.0,0.0,100.0
20151117142731,0.0,0.0,0.0,0.0,0.0,0.0,0.0,100.0
20151117142801,0.0,0.0,0.0,0.0,0.0,0.0,0.0,100.0
20151117142831,0.0,0.0,0.0,0.0,0.0,0.0,0.0,100.0
20151117142901,0.0,0.0,0.0,0.0,0.0,0.0,0.0,100.0
20151117142931,0.0,0.0,0.0,0.0,0.0,0.0,0.0,100.0
20151117143001,0.0,0.0,0.0,0.0,0.0,0.0,0.0,100.0
20151117143031,0.0,0.0,0.0,0.0,0.0,0.0,0.0,100.0
20151117143101,0.0,0.0,0.0,0.0,0.0,0.0,0.0,100.0
20151117143131,0.0,0.0,0.0,0.0,0.0,0.0,0.0,100.0
20151117143201,0.0,0.0,0.0,0.0,0.0,0.0,0.0,100.0
20151117143231,0.0,0.0,0.0,0.0,0.0,0.0,0.0,100.0
20151117143301,0.0,0.0,0.0,0.0,0.0,0.0,0.0,100.0
20151117143331,0.0,0.0,0.0,0.0,0.0,0.0,0.0,100.0
20151117143401,0.0,0.0,0.0,0.0,0.0,0.0,0.0,100.0
20151117143431,0.0,0.0,0.0,0.0,0.0,0.0,0.0,100.0
20151117143501,0.0,0.0,0.0,0.0,0.0,0.0,0.0,100.0
20151117143531,0.0,0.0,0.0,0.0,0.0,0.0,0.0,100.0
20151117143601,0.0,0.0,0.0,0.0,0.0,0.0,0.0,100.0
20151117143631,0.0,0.0,0.0,0.0,0.0,0.0,0.0,100.0
20151117143701,0.0,0.0,0.0,0.0,0.0,0.0,0.0,100.0
20151117143731,0.0,0.0,0.0,0.0,0.0,0.0,0.0,100.0
20151117143801,0.0,0.0,0.0,0.0,0.0,0.0,0.0,100.0
20151117143831,0.0,0.0,0.0,0.0,0.0,0.0,0.0,100.0
20151117143901,0.0,0.0,0.0,0.0,0.0,0.0,0.0,100.0
20151117143931,0.0,0.0,0.0,0.0,0.0,0.0,0.0,100.0
20151117144001,0.0,0.0,0.0,0.0,0.0,0.0,0.0,100.0
20151117144031,0.0,0.0,0.0,0.0,0.0,0.0,0.0,100.0
20151117144101,0.0,0.0,0.0,0.0,0.0,0.0,0.0,100.0
20151117144131,0.0,0.0,0.0,0.0,0.0,0.0,0.0,100.0
20151117144202,0.0,0.0,0.0,0.0,0.0,0.0,0.0,100.0
20151117144232,0.0,0.0,0.0,0.0,0.0,0.0,0.0,100.0
20151117144302,0.0,0.0,0.0,0.0,0.0,0.0,0.0,100.0
20151117144332,0.0,0.0,0.0,0.0,0.0,0.0,0.0,100.0
20151117144402,0.0,0.0,0.0,0.0,0.0,0.0,0.0,100.0
20151117144432,0.0,0.0,0.0,0.0,0.0,0.0,0.0,100.0
20151117144502,0.0,0.0,0.0,0.0,0.0,0.0,0.0,100.0
20151117144532,0.0,0.0,0.0,0.0,0.0,0.0,0.0,100.0
20151117144602,0.0,0.0,0.0,0.0,0.0,0.0,0.0,100.0
20151117144632,0.0,0.0,0.0,0.0,0.0,0.0,0.0,100.0
20151117144702,0.0,0.0,0.0,0.0,0.0,0.0,0.0,100.0
20151117144732,0.0,0.0,0.0,0.0,0.0,0.0,0.0,100.0
20151117144802,0.0,0.0,0.0,0.0,0.0,0.0,0.0,100.0
20151117144832,0.0,0.0,0.0,0.0,0.0,0.0,0.0,100.0
20151117144902,0.0,0.0,0.0,0.0,0.0,0.0,0.0,100.0
20151117144932,0.0,0.0,0.0,0.0,0.0,0.0,0.0,100.0
20151117145002,0.0,0.0,0.0,0.0,0.0,0.0,0.0,100.0
20151117145032,0.0,0.0,0.0,0.0,0.0,0.0,0.0,100.0
20151117145102,0.0,0.0,0.0,0.0,0.0,0.0,0.0,100.0
20151117145132,0.0,0.0,0.0,0.0,0.0,0.0,0.0,100.0
20151117145202,0.0,0.0,0.0,0.0,0.0,0.1,0.0,99.9
20151117145232,0.0,0.0,0.0,0.0,0.0,0.0,0.0,100.0
20151117145302,0.0,0.0,0.0,0.0,0.0,0.0,0.0,100.0
20151117145332,0.0,0.0,0.0,0.0,0.0,0.0,0.0,99.9
20151117145402,0.0,0.0,0.0,0.0,0.0,0.0,0.0,100.0
20151117145432,0.0,0.0,0.0,0.0,0.0,0.0,0.0,100.0
20151117145632,0.0,0.0,0.0,0.0,0.0,0.0,0.0,100.0
20151117145702,0.0,0.0,0.0,0.0,0.0,0.0,0.0,100.0
20151117145732,0.0,0.0,0.0,0.0,0.0,0.0,0.0,100.0
20151117145802,0.0,0.0,0.0,0.0,0.0,0.0,0.0,100.0
20151117145832,0.0,0.0,0.0,0.0,0.0,0.0,0.0,100.0
20151117145902,0.0,0.0,0.0,0.0,0.0,0.0,0.0,100.0
20151117145932,0.0,0.0,0.0,0.0,0.0,0.0,0.0,100.0
20151117150002,0.0,0.0,0.0,0.0,0.0,0.0,0.0,100.0
20151117150032,0.0,0.0,0.0,0.0,0.0,0.0,0.0,100.0
20151117150102,0.0,0.0,0.0,0.0,0.0,0.0,0.0,100.0
20151117150132,0.0,0.0,0.0,0.0,0.0,0.0,0.0,100.0
20151117150202,0.0,0.0,0.0,0.0,0.0,0.0,0.0,100.0
20151117150232,0.0,0.0,0.0,0.0,0.0,0.0,0.0,100.0
20151117150302,0.0,0.0,0.0,0.0,0.0,0.0,0.0,100.0
20151117150332,0.0,2.1,0.2,0.0,25.7,0.0,0.0,71.9
20151117150402,0.0,0.0,0.0,0.0,0.0,0.0,0.0,100.0
20151117150432,0.0,0.0,0.0,0.0,0.0,0.0,0.0,100.0
20151117150502,0.0,0.0,0.0,0.0,0.0,0.0,0.0,100.0
20151117150532,0.0,0.0,0.0,0.0,0.0,0.0,0.0,100.0
20151117150602,0.0,0.0,0.0,0.0,0.0,0.0,0.0,100.0
20151117150632,0.0,0.0,0.0,0.0,0.0,0.0,0.0,100.0
20151117150702,0.0,0.0,0.0,0.0,0.0,0.0,0.0,100.0
20151117150732,0.0,0.0,0.0,0.0,0.0,0.0,0.0,100.0
20151117150802,0.0,0.0,0.0,0.0,0.0,0.0,0.0,100.0
20151117150832,0.0,0.0,0.0,0.0,0.0,0.0,0.0,100.0
20151117150902,0.0,0.0,0.0,0.0,0.0,0.0,0.0,100.0
20151117150932,0.0,0.0,0.0,0.0,0.0,0.0,0.0,100.0
20151117151002,0.0,0.0,0.0,0.0,0.0,0.0,0.1,99.9
20151117151032,0.0,0.0,0.0,0.0,0.0,0.0,0.0,100.0
20151117151102,0.0,0.0,0.0,0.0,0.0,0.0,0.1,99.9
20151117151132,0.0,0.0,0.0,0.0,0.0,0.0,0.0,100.0
20151117151202,0.0,0.0,0.0,0.0,0.0,0.0,1.4,98.6
20151117151232,0.0,0.0,0.0,0.0,0.0,0.0,0.1,99.9
20151117151302,0.0,0.0,0.0,0.0,0.0,0.0,0.1,99.9
20151117151332,0.0,0.0,0.0,0.0,0.0,0.0,0.1,99.9
20151117151402,0.0,0.0,0.0,0.0,0.0,0.0,0.0,100.0
20151117151432,0.0,0.0,0.0,0.0,0.0,0.0,0.6,99.4
20151117151502,0.0,0.0,0.0,0.0,0.0,0.0,1.0,99.0
20151117151532,0.0,0.0,0.0,0.0,0.0,0.0,2.5,97.5
20151117151602,0.0,0.0,0.0,0.0,0.0,0.0,5.0,94.9
20151117151633,0.0,0.0,0.0,0.0,0.0,0.0,19.8,80.2
20151117151703,0.0,0.0,0.0,0.0,0.0,0.0,0.4,99.6
20151117151733,0.0,0.0,0.0,0.0,0.0,0.1,21.8,78.1
20151117151803,0.0,0.0,0.0,0.0,0.0,0.0,21.2,78.8
20151117151833,0.0,0.0,0.0,0.0,0.0,0.0,29.4,70.6
20151117151903,0.0,0.0,0.0,0.0,0.0,0.0,7.3,92.7
20151117151933,0.0,0.0,0.0,0.0,0.0,0.0,18.6,81.4
20151117152003,0.0,0.0,0.0,0.0,0.0,0.0,50.1,49.8
20151117152033,0.0,0.0,0.0,0.0,0.0,0.0,89.3,10.7
20151117152103,0.0,0.0,0.0,0.0,0.0,0.1,84.7,15.2
20151117152133,0.0,0.0,0.0,0.0,0.0,0.0,87.5,12.4
20151117152203,0.0,0.0,0.0,0.0,0.0,0.0,95.0,5.0
20151117152233,0.0,0.0,0.0,0.0,0.0,0.0,98.7,1.3
20151117152303,0.0,0.0,0.0,0.0,0.0,0.0,97.6,2.4
20151117152333,0.0,0.0,0.0,0.0,0.0,0.0,89.4,10.5
20151117152403,0.0,0.0,0.0,0.0,0.0,0.0,97.7,2.3
20151117152433,0.0,0.0,0.0,0.0,0.0,0.0,98.4,1.6
20151117152503,0.0,0.0,0.0,0.0,0.0,0.0,98.3,1.7
20151117152533,0.0,0.0,0.0,0.0,0.0,0.0,95.7,4.3
20151117152603,0.0,0.0,0.0,0.0,0.0,0.0,97.5,2.5
20151117152633,0.0,0.0,0.0,0.0,0.0,0.0,90.1,9.8
20151117152703,0.0,0.0,0.0,0.0,0.0,0.0,96.7,3.3
20151117152733,0.0,0.0,0.0,0.0,0.0,0.0,99.8,0.2
20151117152803,0.0,0.0,0.0,0.0,0.0,0.0,98.8,1.1
20151117152833,0.0,0.0,0.0,0.0,0.0,0.0,99.5,0.5
20151117152903,0.0,0.0,0.0,0.0,0.0,0.0,98.5,1.5
20151117152933,0.0,0.0,0.0,0.0,0.0,0.0,96.5,3.5
20151117153003,0.0,0.0,0.0,0.0,0.0,0.0,98.7,1.3
20151117153033,0.0,0.0,0.0,0.0,0.0,0.0,99.1,0.9
20151117153103,0.0,0.0,0.0,0.0,0.0,0.0,99.8,0.2
20151117153133,0.0,0.0,0.0,0.0,0.0,0.0,99.4,0.6
20151117153203,0.0,0.0,0.0,0.0,0.0,0.0,99.8,0.2
20151117153233,0.0,0.0,0.0,0.0,0.0,0.0,99.9,0.1
20151117153303,0.0,0.0,0.0,0.0,0.0,0.0,100.0,0.0
20151117153333,0.0,0.0,0.0,0.0,0.0,0.0,99.9,0.0
20151117153403,0.0,0.0,0.0,0.0,0.0,0.0,100.0,0.0
20151117153433,0.0,0.0,0.0,0.0,0.0,0.0,100.0,0.0
20151117153503,0.0,0.0,0.0,0.0,0.0,0.0,100.0,0.0
20151117153533,0.0,0.0,0.0,0.0,0.0,0.0,99.9,0.1
20151117153603,0.0,0.0,0.0,0.0,0.0,0.0,99.9,0.0
20151117153633,0.0,0.0,0.0,0.0,0.0,0.0,99.6,0.3
20151117153703,0.0,0.0,0.1,0.0,0.0,0.0,99.7,0.1
20151117153733,0.0,0.0,0.2,0.0,0.0,0.3,98.1,1.4
20151117153803,0.0,0.0,0.3,0.0,0.0,0.1,98.2,1.3
20151117153833,0.0,0.0,0.1,0.0,0.0,0.1,95.7,4.2
20151117153903,0.0,0.0,0.3,0.0,0.0,0.3,84.4,15.0
20151117153933,0.0,0.0,0.1,0.0,0.0,0.0,87.9,12.0
20151117154003,0.0,0.0,0.3,0.0,0.0,0.2,36.6,62.9
20151117154033,0.0,0.0,0.0,0.0,0.0,0.3,7.8,91.8
20151117154103,0.0,0.0,0.1,0.0,0.0,0.1,14.9,84.9
20151117154133,0.0,0.0,0.1,0.0,0.0,0.1,7.9,92.0
20151117154203,0.0,0.0,0.2,0.0,0.0,0.2,8.3,91.3
20151117154233,0.0,0.0,0.1,0.0,0.0,0.1,8.9,90.9
20151117154303,0.0,0.0,0.2,0.0,0.0,0.2,11.8,87.8
20151117154333,0.0,0.0,0.1,0.0,0.0,0.1,10.4,89.4
20151117154403,0.0,0.0,0.0,0.0,0.0,0.0,4.9,95.0
20151117154433,0.0,0.0,0.0,0.0,0.0,0.1,6.2,93.7
20151117154503,0.0,0.0,0.0,0.0,0.0,0.0,2.4,97.5
20151117154533,0.0,0.0,0.1,0.0,0.0,0.5,14.6,84.8
20151117154603,0.0,0.0,0.0,0.0,0.0,0.1,22.7,77.1
20151117154633,0.0,0.0,0.1,0.0,0.0,1.8,51.2,46.9
20151117154703,0.0,0.0,0.2,0.0,0.0,2.0,79.8,17.8
20151117154733,0.0,0.0,0.4,0.0,0.0,1.0,90.4,8.2
20151117154803,0.0,0.0,0.5,0.1,0.0,1.5,93.7,4.2
20151117154833,0.0,0.0,0.3,0.0,0.0,1.1,94.8,3.7
20151117154903,0.0,0.0,0.4,0.0,0.0,0.4,96.7,2.4
20151117154933,0.0,0.0,0.8,0.1,0.0,0.3,98.3,0.5
20151117155003,0.0,0.0,1.6,0.2,0.0,0.3,95.0,2.8
20151117155034,0.0,0.0,0.2,0.0,0.0,0.0,99.8,0.0
20151117155104,0.0,0.0,3.5,0.5,0.0,0.6,95.2,0.1
20151117155134,0.1,0.0,1.3,0.6,0.1,6.8,88.3,2.8
20151117155204,0.1,0.0,6.8,0.5,0.0,3.4,86.5,2.7
20151117155234,0.0,0.0,9.8,0.5,0.0,1.6,85.8,2.3
20151117155304,0.0,0.0,2.9,0.3,0.0,0.6,94.0,2.1
20151117155334,0.0,0.0,5.8,0.1,0.0,0.8,80.0,13.3
20151117155404,0.0,0.0,3.1,0.0,0.0,1.4,69.5,26.0
20151117155434,0.0,0.0,2.7,0.0,0.0,0.6,25.3,71.4
20151117155504,0.0,0.0,0.7,0.0,0.1,0.6,56.4,42.1
20151117155534,0.0,0.0,1.7,0.1,0.0,1.0,46.0,51.3
20151117155604,0.0,0.0,1.2,0.0,0.0,0.1,18.9,79.8
20151117155634,0.0,0.0,1.4,0.0,0.0,0.3,76.5,21.7
20151117155704,0.0,0.0,2.1,0.0,0.0,0.3,12.2,85.4
20151117155734,0.0,0.0,0.8,0.0,0.0,1.6,11.0,86.5
20151117155804,0.0,0.0,0.3,0.0,0.0,0.1,9.2,90.4
20151117155834,0.0,0.0,0.8,0.0,0.0,0.3,14.5,84.4
20151117155904,0.0,0.0,0.4,0.0,0.0,0.2,4.7,94.7
20151117155934,0.0,0.0,5.8,0.0,0.0,1.0,9.0,84.2
20151117160004,0.0,0.0,0.7,0.0,0.0,0.1,6.5,92.7
20151117160034,0.0,0.0,3.2,0.0,0.0,0.9,6.1,89.9
20151117160104,0.0,0.0,7.5,0.0,0.0,0.6,1.6,90.3
20151117160134,0.0,0.0,3.2,0.0,0.0,3.0,3.0,90.8
20151117160204,0.0,0.0,29.4,0.0,0.0,1.0,12.6,57.0
20151117160234,0.0,0.0,18.0,0.0,0.0,15.1,8.3,58.5
20151117160304,0.0,0.0,7.6,0.0,0.0,12.9,10.6,68.9
20151117160334,0.0,0.0,4.2,0.0,0.0,0.5,2.1,93.2
20151117160404,0.0,0.0,1.9,0.0,0.0,10.8,2.4,84.9
20151117160434,0.0,0.0,5.7,0.0,0.0,2.6,13.5,78.2
20151117160504,0.0,0.0,27.7,0.0,0.0,2.6,30.6,39.1
20151117160534,0.0,0.0,11.2,0.0,0.0,7.9,14.4,66.5
20151117160604,0.0,0.0,12.0,0.0,0.1,0.8,8.0,79.1
20151117160634,0.0,0.0,5.9,0.0,0.0,0.7,2.2,91.2
20151117160704,0.0,0.0,4.6,0.0,0.0,0.9,23.4,71.1
20151117160734,0.0,0.0,27.7,0.0,0.1,1.6,9.6,60.9
20151117160804,0.0,0.0,36.8,0.0,0.2,0.8,3.8,58.4
20151117160834,0.0,0.0,29.7,0.0,0.1,0.7,5.5,64.0
20151117160904,0.0,0.1,70.3,0.1,0.6,1.2,1.9,25.8
20151117160934,0.0,0.0,6.7,0.2,0.1,2.7,61.6,28.6
20151117161004,0.1,0.4,35.7,0.9,0.3,2.3,10.2,50.0
20151117161034,0.0,0.0,20.9,0.0,0.1,1.0,5.0,73.0
20151117161104,0.0,0.0,21.0,0.1,0.0,0.9,29.8,48.1
20151117161134,0.0,0.1,22.8,0.1,0.1,0.7,39.0,37.1
20151117161204,0.0,0.1,11.6,0.1,0.1,1.4,59.7,27.0
20151117161234,0.0,0.0,7.4,0.1,0.0,0.1,16.1,76.2
20151117161304,0.0,0.1,39.6,0.9,0.5,0.8,49.3,8.8
20151117161334,0.0,0.0,76.2,2.1,0.1,0.1,17.7,3.8
20151117161404,0.0,0.0,14.1,0.4,0.0,0.3,80.1,5.0
20151117161434,0.1,0.1,55.3,2.1,0.2,3.5,37.3,1.4
20151117161504,0.0,0.1,58.1,0.3,0.1,3.2,26.5,11.8
20151117161534,0.0,0.1,43.9,0.1,0.1,3.0,42.7,10.2
20151117161604,0.0,0.0,18.3,0.2,0.0,0.9,80.2,0.4
20151117161634,0.0,0.0,73.3,0.2,0.1,0.6,24.6,1.2
20151117161704,0.0,0.2,30.3,0.3,0.7,1.0,29.2,38.4
20151117161734,0.0,0.0,74.7,0.1,0.1,0.2,18.6,6.3
20151117161805,0.0,0.0,48.2,1.0,0.0,0.1,40.4,10.4
20151117161835,0.0,0.0,24.9,0.5,0.1,0.4,14.5,59.6
20151117161905,0.0,0.1,11.3,0.2,0.2,0.2,8.9,79.1
20151117161935,0.0,0.0,68.5,0.2,0.2,0.1,21.8,9.1
20151117162005,0.0,0.0,2.4,0.1,0.0,0.1,9.4,88.0
20151117162035,0.0,0.0,7.0,0.0,0.1,0.1,6.1,86.8
20151117162105,0.1,0.0,33.8,0.2,0.2,0.4,22.9,42.4
20151117162135,0.0,0.0,9.6,0.0,0.1,0.1,25.1,65.0
20151117162205,0.0,0.0,54.1,0.2,0.1,0.1,23.3,22.2
20151117162235,0.0,0.0,82.6,0.2,0.2,0.0,15.2,1.9
20151117162305,0.0,0.0,60.0,0.8,0.1,0.1,14.7,24.3
20151117162335,0.0,0.0,58.8,0.3,0.2,0.0,29.5,11.2
20151117162405,0.0,0.0,75.8,1.1,0.0,0.0,20.4,2.5
20151117162435,0.0,0.0,56.6,0.6,0.0,0.2,38.9,3.6
20151117162505,0.1,0.0,51.9,1.0,0.2,0.1,12.7,34.0
20151117162535,0.0,0.0,63.3,10.0,0.3,0.1,17.2,9.1
20151117162605,0.1,0.1,68.0,2.8,0.3,0.2,14.6,14.0
20151117162635,0.0,0.0,67.1,15.8,0.3,0.0,13.0,3.8
20151117162705,0.1,0.1,22.3,1.1,1.0,0.1,43.4,31.9
20151117162735,0.2,0.0,30.0,2.0,0.7,0.0,59.8,7.3
20151117162805,0.2,0.1,76.4,1.9,2.8,0.1,13.9,4.6
20151117162835,0.0,0.0,79.9,1.7,0.2,0.0,11.2,6.9
20151117162905,0.2,0.1,62.0,4.1,0.4,0.1,27.0,6.1
20151117162935,0.4,0.1,30.9,4.5,0.8,0.1,41.4,21.7
20151117163005,0.3,0.1,43.2,19.6,0.2,0.0,33.4,3.1
20151117163035,0.3,0.2,64.6,4.9,0.5,0.0,19.4,10.0
20151117163105,0.2,0.1,68.4,23.9,0.8,0.0,5.0,1.7
20151117163135,1.0,0.7,27.4,6.6,1.3,0.1,56.4,6.5
20151117163205,0.1,0.1,59.8,18.7,0.2,0.0,19.9,1.2
20151117163235,0.1,0.1,78.8,6.8,0.3,0.0,11.3,2.5
20151117163305,0.1,0.1,39.9,53.5,0.6,0.0,5.4,0.4
20151117163335,0.3,0.3,42.1,6.4,0.6,0.1,42.5,7.6
20151117163405,0.3,0.1,16.0,5.3,0.8,0.0,73.3,4.1
20151117163435,0.1,0.1,50.5,2.4,0.6,0.0,40.4,5.8
20151117163505,0.1,0.1,30.5,7.2,0.9,0.2,56.0,5.0
20151117163535,0.1,0.0,49.6,22.0,0.6,0.0,23.8,3.8
20151117163605,0.0,0.0,83.7,4.9,0.2,0.1,8.7,2.3
20151117163635,0.2,0.1,51.9,6.3,1.0,0.1,33.2,7.1
20151117163705,0.1,0.1,69.9,5.5,0.6,0.0,21.9,1.8
20151117163735,0.1,0.1,92.9,4.6,0.1,0.1,2.0,0.2
20151117163805,0.0,0.0,90.3,6.2,0.3,0.0,2.9,0.2
20151117163835,0.1,0.0,75.7,13.5,0.4,0.1,9.2,0.9
20151117163905,0.1,0.0,73.8,14.8,0.5,0.0,9.7,1.0
20151117163935,0.1,0.0,80.3,1.4,0.1,0.0,17.5,0.5
20151117164005,0.1,0.0,31.7,11.9,0.4,0.0,51.7,4.1
20151117164035,0.1,0.0,51.2,8.2,0.4,0.1,36.5,3.4
20151117164105,0.7,0.0,18.5,10.6,0.7,0.1,59.6,9.9
20151117164135,0.2,0.0,25.1,2.7,0.5,0.0,60.9,10.5
20151117164205,0.3,0.0,29.9,6.7,0.6,0.1,50.4,12.0
20151117164235,0.0,0.0,7.6,3.5,0.1,0.0,87.1,1.6
20151117164305,0.3,0.0,30.4,7.9,0.3,0.2,57.3,3.6
20151117164335,0.3,0.0,18.2,15.5,0.7,0.1,60.8,4.3
20151117164405,0.4,0.0,46.4,2.8,0.5,0.0,46.1,3.6
20151117164435,0.4,0.0,41.9,9.5,0.5,0.0,46.6,1.0
20151117164505,0.2,0.0,57.8,8.7,0.6,0.0,29.3,3.2
20151117164535,0.2,0.1,41.5,47.0,0.2,0.0,10.7,0.3
20151117164605,0.2,0.1,71.3,4.6,0.5,0.0,22.8,0.7
20151117164635,0.2,0.3,53.1,37.5,2.0,0.0,5.1,1.8
20151117164705,0.1,0.1,86.3,2.3,0.8,0.0,8.1,2.3
20151117164735,3.4,1.9,57.0,17.6,5.0,0.0,5.9,9.2
20151117164805,0.8,0.4,41.9,55.5,0.8,0.0,0.5,0.1
20151117164835,41.3,2.6,31.2,23.6,1.1,0.0,0.1,0.0
20151117164905,41.4,2.2,4.0,52.0,0.5,0.0,0.0,0.0
20151117164935,11.6,0.6,1.5,86.2,0.1,0.0,0.0,0.0
20151117165005,43.1,1.2,1.4,53.5,0.8,0.0,0.0,0.0
20151117165035,36.2,1.0,0.5,60.1,2.2,0.0,0.0,0.0
20151117165105,84.5,0.2,0.2,14.8,0.2,0.0,0.0,0.0
20151117165135,60.9,0.4,1.2,37.2,0.3,0.0,0.0,0.0
20151117165206,44.3,3.6,0.9,50.7,0.4,0.0,0.0,0.0
20151117165236,44.9,17.8,3.9,32.2,0.2,0.0,0.9,0.0
20151117165306,11.0,8.5,9.9,66.9,0.4,0.0,2.8,0.4
20151117165336,12.8,1.0,3.2,81.9,0.1,0.0,0.9,0.1
20151117165406,30.6,1.6,8.6,55.4,0.4,0.0,3.2,0.1
20151117165436,61.6,1.2,4.0,27.2,0.2,0.0,5.6,0.2
20151117165506,56.1,0.9,2.4,38.2,0.1,0.0,2.3,0.1
20151117165536,14.9,1.4,2.7,78.2,0.2,0.0,2.4,0.2
20151117165606,10.1,0.6,1.4,86.7,0.1,0.0,1.2,0.0
20151117165636,16.5,0.8,2.5,76.1,0.2,0.0,3.7,0.2
20151117165706,7.3,0.9,0.6,87.4,0.1,0.0,3.5,0.3
20151117165736,17.5,0.7,1.0,70.8,0.1,0.0,9.8,0.1
20151117165806,4.4,1.3,1.3,90.9,0.2,0.0,1.6,0.3
20151117165836,25.4,5.7,1.3,64.2,0.3,0.0,2.7,0.3
20151117165906,31.6,2.0,4.7,38.8,0.7,0.0,21.9,0.2
20151117165936,15.7,0.8,2.0,74.1,0.2,0.0,7.2,0.1
20151117170006,17.6,4.3,2.6,62.6,1.0,0.0,11.7,0.2
20151117170036,2.6,0.1,0.4,95.5,0.0,0.0,1.3,0.0
20151117170106,19.0,0.7,1.1,60.6,0.2,0.0,18.3,0.2
20151117170136,14.5,0.4,3.4,71.5,0.2,0.0,9.8,0.1
20151117170206,2.6,0.2,2.4,89.3,0.4,0.0,4.9,0.2
20151117170236,12.8,1.6,11.4,59.8,0.2,0.0,13.8,0.3
20151117170306,18.9,0.9,11.1,45.9,0.3,0.0,22.4,0.3
20151117170336,6.9,0.2,1.0,91.2,0.1,0.0,0.7,0.0
20151117170406,6.6,0.6,10.1,72.2,0.5,0.0,10.0,0.1
20151117170436,1.7,0.3,28.1,38.6,0.2,0.0,29.6,1.5
20151117170506,2.1,0.6,24.2,14.8,0.3,0.1,55.3,2.6
20151117170536,0.3,0.1,17.2,21.6,0.2,0.1,55.1,5.4
20151117170606,0.3,0.2,40.8,12.3,0.4,0.1,45.2,0.7
20151117170636,0.5,0.1,21.4,53.7,0.1,0.0,23.6,0.4
20151117170706,0.2,0.1,7.7,7.9,0.1,0.0,82.4,1.6
20151117170736,0.1,0.0,2.4,3.1,0.1,0.0,94.0,0.3
20151117170806,0.0,0.0,0.5,0.7,0.0,0.0,98.8,0.0
20151117170836,0.6,0.2,12.3,40.1,0.1,0.0,46.7,0.1
20151117170906,0.6,0.1,37.3,6.8,0.1,0.0,54.7,0.3
20151117170936,8.1,0.3,27.9,40.6,0.2,0.0,22.9,0.0
20151117171006,6.2,0.3,48.0,43.1,0.1,0.0,2.3,0.0
20151117171036,8.2,0.1,21.0,44.7,0.1,0.0,25.9,0.0
20151117171106,5.7,0.1,74.7,14.6,0.3,0.0,4.5,0.1
20151117171136,13.8,0.1,78.9,5.9,0.1,0.0,1.2,0.0
20151117171206,1.8,0.0,93.9,1.0,0.0,0.0,3.3,0.0
20151117171236,1.7,0.0,97.5,0.1,0.0,0.0,0.5,0.1
20151117171306,4.4,0.1,86.1,0.3,0.1,0.0,9.0,0.0
20151117171336,0.7,0.0,76.0,0.4,0.0,0.0,22.9,0.0
20151117171406,0.1,0.0,4.1,0.3,0.0,0.0,95.4,0.1
20151117171436,0.0,0.0,25.2,0.1,0.0,0.1,74.4,0.2
20151117171506,0.0,0.0,6.6,0.1,0.0,0.0,92.3,1.0
20151117171536,0.0,0.0,65.2,0.4,0.0,0.0,34.3,0.1
20151117171606,0.1,0.0,97.7,0.4,0.0,0.0,1.7,0.0
20151117171636,0.2,0.1,97.2,0.0,0.1,0.0,1.6,0.7
20151117171706,0.1,0.0,31.7,3.8,0.0,0.0,64.3,0.0
20151117171736,0.3,0.1,93.4,0.0,0.3,0.4,0.1,5.4
20151117171806,0.0,0.1,99.0,0.1,0.1,0.0,0.7,0.1
20151117171836,0.0,0.0,99.7,0.0,0.0,0.0,0.3,0.0
20151117171906,0.1,0.1,96.8,0.1,0.2,0.0,2.6,0.0
20151117171936,0.1,0.0,85.7,0.7,0.7,0.2,12.3,0.2
20151117172006,0.1,0.0,96.6,0.1,0.1,0.0,3.1,0.0
20151117172036,0.1,0.0,98.9,0.1,0.1,0.0,0.8,0.0
20151117172106,0.2,0.0,97.5,0.2,0.1,0.0,2.1,0.0
20151117172136,0.7,0.1,81.9,2.0,0.1,0.1,15.2,0.0
20151117172206,0.2,0.0,99.5,0.0,0.2,0.0,0.1,0.0
20151117172236,0.4,0.0,98.6,0.0,0.7,0.0,0.2,0.1
20151117172306,0.1,0.0,99.6,0.0,0.2,0.0,0.1,0.0
20151117172336,0.0,0.0,99.7,0.0,0.0,0.0,0.2,0.0
20151117172406,0.0,0.0,99.1,0.2,0.5,0.0,0.2,0.0
20151117172436,0.0,0.0,99.1,0.6,0.2,0.0,0.0,0.0
20151117172506,0.0,0.1,98.5,0.8,0.4,0.0,0.1,0.0
20151117172536,0.0,0.0,87.5,4.5,0.2,0.0,7.6,0.1
20151117172606,0.1,0.0,87.5,8.1,0.4,0.0,3.8,0.0
20151117172637,0.1,0.3,91.3,3.3,2.3,0.1,2.5,0.1
20151117172707,13.1,0.7,22.6,56.6,6.9,0.0,0.0,0.0
20151117172737,15.1,0.1,4.5,79.6,0.7,0.0,0.0,0.0
20151117172807,21.9,0.5,36.5,24.4,16.7,0.0,0.0,0.0
20151117172837,15.6,0.1,1.3,82.4,0.6,0.0,0.0,0.0
20151117172907,11.5,0.0,0.7,86.0,1.7,0.0,0.0,0.0
20151117172937,83.9,0.2,0.7,13.2,2.1,0.0,0.0,0.0
20151117173007,88.2,0.5,0.5,5.6,5.2,0.0,0.0,0.0
20151117173037,2.4,0.1,8.9,82.9,5.7,0.0,0.0,0.0
20151117173107,42.6,0.3,1.8,48.8,6.6,0.0,0.0,0.0
20151117173137,24.8,0.2,2.7,63.9,8.4,0.0,0.0,0.0
20151117173207,0.6,0.2,21.9,63.6,13.6,0.0,0.0,0.0
20151117173237,1.9,0.5,60.8,33.8,2.6,0.0,0.3,0.0
20151117173307,1.9,1.4,83.3,5.9,7.6,0.0,0.0,0.0
20151117173337,4.0,0.2,73.4,14.5,7.9,0.0,0.0,0.0
20151117173407,72.6,0.9,10.0,8.6,8.0,0.0,0.0,0.0
20151117173437,32.5,5.7,35.8,20.2,5.7,0.0,0.0,0.0
20151117173507,39.0,0.8,39.0,18.9,2.3,0.0,0.0,0.0
20151117173537,56.0,0.4,4.6,38.7,0.2,0.0,0.0,0.0
20151117173607,12.1,2.1,74.9,10.4,0.5,0.0,0.0,0.0
20151117173637,0.2,0.3,97.3,1.4,0.6,0.0,0.2,0.0
20151117173707,0.1,1.9,91.1,5.0,1.9,0.0,0.0,0.0
20151117173737,3.3,6.0,44.6,20.0,25.5,0.4,0.1,0.0
20151117173807,0.2,1.4,85.0,2.4,11.0,0.0,0.0,0.0
20151117173837,1.7,0.7,69.9,23.4,4.3,0.0,0.0,0.0
20151117173907,54.9,4.4,6.7,24.4,9.6,0.0,0.0,0.0
20151117173937,96.8,1.0,0.3,0.8,1.1,0.0,0.0,0.0
20151117174007,85.5,5.3,4.4,4.1,0.7,0.0,0.0,0.0
20151117174037,13.0,1.6,54.0,15.1,16.3,0.0,0.0,0.0
20151117174107,27.2,25.5,29.1,15.9,2.2,0.0,0.0,0.0
20151117174137,88.8,6.8,3.6,0.5,0.2,0.0,0.0,0.0
20151117174207,57.0,35.4,1.8,5.2,0.7,0.0,0.0,0.0
20151117174237,47.5,30.0,9.4,12.1,1.0,0.0,0.0,0.0
20151117174307,9.2,21.3,2.2,66.8,0.5,0.0,0.0,0.0
20151117174337,46.9,35.0,0.1,18.0,0.1,0.0,0.0,0.0
20151117174407,68.9,27.2,0.1,3.6,0.1,0.0,0.0,0.0
20151117174437,68.0,19.6,0.0,12.3,0.1,0.0,0.0,0.0
20151117174507,2.2,87.2,0.2,10.0,0.5,0.0,0.0,0.0
20151117174537,60.8,18.7,0.2,20.0,0.3,0.0,0.0,0.0
20151117174607,36.1,62.3,0.1,1.3,0.1,0.0,0.0,0.0
20151117174637,73.1,22.1,0.0,4.6,0.2,0.0,0.0,0.0
20151117174707,62.7,22.9,0.0,14.1,0.2,0.0,0.0,0.0
20151117174737,36.3,25.9,0.8,26.1,10.8,0.0,0.0,0.0
20151117174807,0.7,92.3,0.3,6.5,0.2,0.0,0.0,0.0
20151117174837,5.1,59.7,0.1,34.8,0.3,0.0,0.0,0.0
20151117174907,1.6,38.6,26.0,19.8,13.9,0.0,0.0,0.0
20151117174937,6.1,61.4,9.8,15.7,7.0,0.0,0.0,0.0
20151117175007,3.9,87.7,0.0,6.0,2.4,0.0,0.0,0.0
20151117175037,9.6,90.0,0.0,0.1,0.3,0.0,0.0,0.0
20151117175107,6.4,93.5,0.0,0.0,0.1,0.0,0.0,0.0
20151117175137,0.5,96.1,0.0,0.1,3.3,0.0,0.0,0.0
20151117175207,14.6,85.3,0.0,0.1,0.0,0.0,0.0,0.0
20151117175237,1.5,89.7,0.0,0.6,8.2,0.0,0.0,0.0
20151117175307,1.7,75.7,0.0,0.2,22.4,0.0,0.0,0.0
20151117175337,0.0,99.7,0.0,0.1,0.2,0.0,0.0,0.0
20151117175407,0.0,96.6,0.0,3.2,0.2,0.0,0.0,0.0
20151117175437,7.1,41.1,1.2,0.7,49.8,0.0,0.0,0.0
20151117175507,0.0,98.8,1.0,0.2,0.1,0.0,0.0,0.0
20151117175537,0.0,99.9,0.0,0.1,0.0,0.0,0.0,0.0
20151117175607,0.8,97.5,0.0,1.5,0.2,0.0,0.0,0.0
20151117175637,0.1,99.8,0.0,0.0,0.1,0.0,0.0,0.0
20151117175707,0.0,100.0,0.0,0.0,0.0,0.0,0.0,0.0
20151117175737,0.0,100.0,0.0,0.0,0.0,0.0,0.0,0.0
20151117175807,0.0,100.0,0.0,0.0,0.0,0.0,0.0,0.0
20151117175837,0.0,100.0,0.0,0.0,0.0,0.0,0.0,0.0
20151117175907,0.0,100.0,0.0,0.0,0.0,0.0,0.0,0.0
20151117175937,0.0,100.0,0.0,0.0,0.0,0.0,0.0,0.0
20151117180007,0.0,100.0,0.0,0.0,0.0,0.0,0.0,0.0
20151117180037,0.0,100.0,0.0,0.0,0.0,0.0,0.0,0.0
20151117180108,0.0,100.0,0.0,0.0,0.0,0.0,0.0,0.0
20151117180138,0.0,100.0,0.0,0.0,0.0,0.0,0.0,0.0
20151117180208,0.0,100.0,0.0,0.0,0.0,0.0,0.0,0.0
20151117180238,0.0,99.8,0.0,0.0,0.2,0.0,0.0,0.0
20151117180308,0.0,98.5,0.0,0.0,1.4,0.0,0.0,0.0
20151117180338,0.0,100.0,0.0,0.0,0.0,0.0,0.0,0.0
20151117180408,0.0,99.7,0.0,0.1,0.2,0.0,0.0,0.0
20151117180438,0.8,86.1,1.4,8.5,3.2,0.0,0.0,0.0
20151117180508,0.0,97.6,1.2,0.1,1.1,0.0,0.0,0.0
20151117180538,72.7,26.7,0.0,0.5,0.1,0.0,0.0,0.0
20151117180608,99.9,0.0,0.0,0.0,0.0,0.0,0.0,0.0
20151117180638,97.6,0.8,0.0,1.6,0.0,0.0,0.0,0.0
20151117180708,96.1,3.8,0.0,0.1,0.0,0.0,0.0,0.0
20151117180738,93.0,5.7,0.0,1.3,0.0,0.0,0.0,0.0
20151117180808,18.5,80.6,0.0,0.5,0.3,0.0,0.0,0.0
20151117180838,0.4,99.5,0.0,0.0,0.1,0.0,0.0,0.0
20151117180908,86.3,8.9,0.0,4.2,0.5,0.0,0.0,0.0
20151117180938,77.3,22.5,0.0,0.2,0.0,0.0,0.0,0.0
20151117181008,47.6,49.8,0.0,2.4,0.2,0.0,0.0,0.0
20151117181038,9.6,85.7,0.3,4.2,0.3,0.0,0.0,0.0
20151117181108,76.8,22.1,0.5,0.2,0.3,0.0,0.0,0.0
20151117181138,98.6,1.3,0.0,0.1,0.0,0.0,0.0,0.0
20151117181208,83.8,16.1,0.0,0.1,0.0,0.0,0.0,0.0
20151117181238,94.0,5.5,0.0,0.6,0.0,0.0,0.0,0.0
20151117181308,76.1,21.3,0.0,2.6,0.1,0.0,0.0,0.0
20151117181338,96.4,3.4,0.0,0.1,0.0,0.0,0.0,0.0
20151117181408,98.7,1.1,0.0,0.1,0.0,0.0,0.0,0.0
20151117181438,99.4,0.3,0.0,0.2,0.0,0.0,0.0,0.0
20151117181508,96.6,2.8,0.0,0.6,0.0,0.0,0.0,0.0
20151117181538,94.5,4.3,0.0,1.2,0.0,0.0,0.0,0.0
20151117181608,97.8,0.6,0.0,1.6,0.0,0.0,0.0,0.0
20151117181638,91.0,6.7,0.0,1.8,0.5,0.0,0.0,0.0
20151117181708,7.7,73.9,0.0,5.0,13.3,0.0,0.0,0.0
20151117181738,1.6,83.1,0.0,14.7,0.6,0.0,0.0,0.0
20151117181808,1.2,98.7,0.0,0.1,0.0,0.0,0.0,0.0
20151117181838,4.6,95.4,0.0,0.1,0.0,0.0,0.0,0.0
20151117181908,75.2,24.1,0.0,0.4,0.4,0.0,0.0,0.0
20151117181938,65.2,20.5,0.0,13.9,0.4,0.0,0.0,0.0
20151117182008,50.4,38.3,0.0,11.1,0.3,0.0,0.0,0.0
20151117182038,0.2,97.3,0.0,2.4,0.0,0.0,0.0,0.0
20151117182108,0.1,90.6,0.0,9.2,0.1,0.0,0.0,0.0
20151117182138,0.0,99.9,0.0,0.0,0.0,0.0,0.0,0.0
20151117182208,35.0,62.1,0.2,2.5,0.2,0.0,0.0,0.0
20151117182238,26.8,62.1,0.0,10.5,0.5,0.0,0.0,0.0
20151117182308,11.1,87.8,0.0,0.9,0.2,0.0,0.0,0.0
20151117182338,68.9,26.0,0.0,4.7,0.4,0.0,0.0,0.0
20151117182408,63.3,30.0,0.0,6.2,0.5,0.0,0.0,0.0
20151117182438,27.7,71.2,0.0,0.9,0.2,0.0,0.0,0.0
20151117182508,21.2,66.7,0.0,11.6,0.4,0.0,0.0,0.0
20151117182538,5.7,82.4,0.0,11.5,0.4,0.0,0.0,0.0
20151117182608,6.7,85.9,0.1,7.2,0.1,0.0,0.0,0.0
20151117182638,1.3,94.3,0.4,3.5,0.5,0.0,0.0,0.0
20151117182708,0.9,97.7,0.5,0.9,0.0,0.0,0.0,0.0
20151117182738,8.1,66.1,6.0,19.7,0.1,0.0,0.0,0.0
20151117182809,6.4,64.4,16.2,12.1,1.0,0.0,0.0,0.0
20151117182839,0.9,46.1,40.8,11.3,0.9,0.0,0.0,0.0
20151117182909,26.0,59.2,8.3,4.8,1.7,0.0,0.0,0.0
20151117182939,16.0,77.5,0.8,4.2,1.5,0.0,0.0,0.0
20151117183009,3.3,70.4,1.4,23.4,1.5,0.0,0.0,0.0
20151117183039,27.4,50.2,2.6,10.3,9.5,0.0,0.0,0.0
20151117183109,25.4,34.8,3.3,27.8,8.8,0.0,0.0,0.0
20151117183139,0.3,77.6,0.7,11.7,9.7,0.0,0.0,0.0
20151117183209,1.0,62.8,1.4,13.1,21.7,0.0,0.0,0.0
20151117183239,4.2,39.7,7.2,9.8,39.1,0.0,0.0,0.0
20151117183309,30.3,53.3,5.5,3.9,7.1,0.0,0.0,0.0
20151117183339,51.6,13.9,1.2,28.0,5.2,0.0,0.0,0.0
20151117183409,67.8,15.6,1.0,12.5,3.1,0.0,0.0,0.0
20151117183439,65.0,19.8,4.2,9.1,1.8,0.0,0.0,0.0
20151117183509,19.1,5.3,3.6,70.8,1.1,0.0,0.0,0.0
20151117183539,11.9,16.4,1.0,68.2,2.5,0.0,0.0,0.0
20151117183609,29.9,37.8,27.2,4.2,0.9,0.0,0.0,0.0
20151117183639,91.7,4.7,2.9,0.5,0.2,0.0,0.0,0.0
20151117183709,96.9,1.7,0.2,1.1,0.0,0.0,0.0,0.0
20151117183739,66.4,15.1,0.2,15.9,2.3,0.0,0.0,0.0
20151117183809,78.3,19.7,0.3,0.5,1.2,0.0,0.0,0.0
20151117183839,75.0,24.1,0.1,0.5,0.3,0.0,0.0,0.0
20151117183909,29.6,67.7,1.0,0.4,1.3,0.0,0.0,0.0
20151117183939,81.0,17.1,0.8,0.2,0.9,0.0,0.0,0.0
20151117184009,72.9,15.9,0.3,0.2,10.8,0.0,0.0,0.0
20151117184039,97.8,1.3,0.1,0.1,0.7,0.0,0.0,0.0
20151117184109,98.9,0.5,0.1,0.1,0.5,0.0,0.0,0.0
20151117184139,73.6,7.9,3.3,8.2,6.9,0.0,0.0,0.0
20151117184209,9.6,86.9,0.1,1.1,2.2,0.0,0.0,0.0
20151117184239,0.5,99.2,0.0,0.0,0.3,0.0,0.0,0.0
20151117184309,0.0,100.0,0.0,0.0,0.0,0.0,0.0,0.0
20151117184339,0.0,100.0,0.0,0.0,0.0,0.0,0.0,0.0
20151117184409,0.0,100.0,0.0,0.0,0.0,0.0,0.0,0.0
20151117184439,0.0,100.0,0.0,0.0,0.0,0.0,0.0,0.0
20151117184509,1.2,97.1,0.4,0.2,1.0,0.0,0.0,0.0
20151117184539,0.9,98.4,0.4,0.1,0.2,0.0,0.0,0.0
20151117184609,0.8,47.1,44.8,4.6,2.7,0.0,0.0,0.0
20151117184639,0.1,96.8,0.6,1.8,0.8,0.0,0.0,0.0
20151117184709,0.0,48.9,50.6,0.2,0.3,0.0,0.0,0.0
20151117184739,0.1,1.0,41.7,56.1,1.1,0.0,0.0,0.0
20151117184809,0.2,5.2,80.3,7.1,7.2,0.0,0.0,0.0
20151117184839,0.0,0.2,90.0,9.3,0.5,0.0,0.0,0.0
20151117184909,0.0,0.1,52.4,46.8,0.7,0.0,0.0,0.0
20151117184939,0.2,3.8,90.1,2.9,3.0,0.0,0.0,0.0
20151117185009,8.2,7.1,34.2,32.9,17.6,0.0,0.0,0.0
20151117185039,16.2,0.7,15.1,60.5,7.5,0.0,0.0,0.0
20151117185109,0.5,0.3,71.9,24.2,3.1,0.0,0.0,0.0
20151117185139,9.7,8.4,19.4,49.0,13.5,0.0,0.0,0.0
20151117185209,6.0,7.9,23.2,50.8,12.1,0.0,0.0,0.0
20151117185239,0.1,16.5,25.3,43.7,14.4,0.0,0.0,0.0
20151117185309,9.1,1.6,50.1,35.3,3.8,0.0,0.0,0.0
20151117185339,4.5,1.1,45.7,46.6,2.0,0.0,0.0,0.0
20151117185409,4.4,0.3,50.2,42.9,2.0,0.0,0.2,0.0
20151117185439,1.4,0.8,62.0,16.1,19.6,0.0,0.0,0.0
20151117185509,0.7,0.1,49.7,47.6,1.8,0.0,0.1,0.0
20151117185539,0.0,0.2,34.5,64.7,0.4,0.0,0.1,0.0
20151117185609,0.0,0.1,9.8,89.9,0.1,0.0,0.1,0.0
20151117185639,0.0,0.1,16.6,82.9,0.3,0.0,0.1,0.0
20151117185709,0.0,0.1,31.2,67.8,0.4,0.0,0.4,0.1
20151117185739,0.1,1.0,75.6,22.4,0.5,0.0,0.2,0.1
20151117185809,0.6,0.7,60.0,37.0,1.4,0.0,0.2,0.0
20151117185839,0.3,0.1,87.2,12.0,0.5,0.0,0.0,0.0
20151117185909,1.1,0.8,76.5,11.2,8.6,0.0,0.5,1.3
20151117185939,0.6,0.3,86.0,7.1,5.1,0.0,0.4,0.3
20151117190009,1.2,0.2,27.4,63.7,4.6,0.0,2.8,0.1
20151117190039,0.6,0.6,40.6,39.0,4.0,0.0,7.3,7.7
20151117190109,0.1,0.1,61.1,32.9,1.2,0.0,3.8,0.8
20151117190139,0.0,0.0,92.5,7.2,0.1,0.0,0.1,0.0
20151117190209,0.1,0.2,84.0,12.3,0.6,0.0,1.3,1.6
20151117190240,0.0,0.0,51.7,38.6,0.3,0.0,7.5,1.8
20151117190310,0.1,0.1,82.4,7.5,0.2,0.0,8.8,0.9
20151117190340,0.0,0.0,98.0,1.7,0.0,0.0,0.2,0.0
20151117190410,0.0,0.0,70.2,21.8,0.1,0.0,7.7,0.2
20151117190440,0.0,0.0,91.2,3.6,0.1,0.0,3.7,1.4
20151117190510,0.0,0.0,86.8,8.0,0.1,0.0,4.8,0.1
20151117190540,0.0,0.0,65.6,24.9,0.4,0.0,8.5,0.6
20151117190610,0.0,0.1,82.6,1.2,0.3,0.8,6.9,8.0
20151117190640,0.0,0.0,48.1,7.9,0.1,0.1,41.8,1.9
20151117190710,0.0,0.0,36.0,6.3,0.9,0.3,45.5,11.0
20151117190740,0.0,0.0,33.9,8.7,0.1,0.2,55.1,2.1
20151117190810,0.0,0.0,39.5,6.8,0.3,0.1,52.5,0.7
20151117190840,0.0,0.0,95.4,1.6,0.1,0.0,2.5,0.3
20151117190910,0.0,0.0,88.7,2.0,0.3,0.0,7.0,1.9
20151117190940,0.0,0.0,84.1,8.7,0.2,0.0,6.9,0.0
20151117191010,0.0,0.0,97.8,1.8,0.0,0.0,0.3,0.0
20151117191040,0.0,0.0,96.9,0.6,0.2,0.0,2.0,0.3
20151117191110,0.0,0.0,91.2,4.3,0.2,0.0,3.9,0.3
20151117191140,0.0,0.0,96.4,1.0,0.1,0.0,2.1,0.3
20151117191210,0.0,0.0,96.3,0.3,0.0,0.1,2.2,1.0
20151117191240,0.0,0.0,97.7,1.3,0.1,0.0,0.6,0.3
20151117191310,0.0,0.0,79.5,2.1,0.4,0.0,14.4,3.6
20151117191340,0.0,0.0,84.2,1.7,0.0,0.0,13.9,0.1
20151117191410,0.0,0.0,97.6,0.8,0.0,0.0,1.4,0.1
20151117191440,0.0,0.0,78.8,2.2,0.0,0.1,17.0,1.8
20151117191510,0.0,0.0,89.0,0.9,0.0,0.0,9.9,0.1
20151117191540,0.0,0.0,96.4,1.0,0.0,0.0,2.4,0.1
20151117191610,0.0,0.0,99.6,0.4,0.0,0.0,0.0,0.0
20151117191640,0.0,0.0,98.4,0.5,0.0,0.0,1.0,0.1
20151117191710,0.0,0.0,98.3,0.3,0.0,0.0,1.2,0.2
20151117191740,0.0,0.0,97.6,0.9,0.1,0.1,1.2,0.1
20151117191810,0.0,0.0,97.9,1.2,0.1,0.0,0.6,0.2
20151117191840,0.0,0.0,98.7,0.2,0.0,0.0,0.4,0.6
20151117191910,0.0,0.0,98.9,0.2,0.0,0.0,0.6,0.2
20151117191940,0.0,0.1,98.6,0.6,0.1,0.0,0.1,0.5
20151117192010,0.0,0.0,99.5,0.2,0.0,0.0,0.2,0.1
20151117192040,0.0,0.0,98.3,0.6,0.1,0.0,0.4,0.5
20151117192110,0.0,0.0,97.7,1.4,0.2,0.0,0.6,0.2
20151117192140,0.0,0.0,94.0,0.3,0.1,0.1,4.9,0.6
20151117192210,0.0,0.0,97.7,1.0,0.1,0.0,1.1,0.1
20151117192240,0.0,0.1,97.2,1.5,0.2,0.2,0.3,0.4
20151117192310,0.0,0.0,46.3,53.3,0.3,0.0,0.0,0.0
20151117192340,0.2,0.0,33.4,62.1,4.2,0.0,0.1,0.1
20151117192410,0.0,0.7,18.8,77.4,2.9,0.0,0.2,0.0
20151117192440,0.0,0.0,2.3,97.7,0.1,0.0,0.0,0.0
20151117192510,0.0,0.1,75.3,24.4,0.1,0.0,0.0,0.0
20151117192540,0.0,0.0,68.2,31.2,0.2,0.0,0.4,0.0
20151117192610,0.2,0.2,94.2,4.7,0.5,0.0,0.2,0.1
20151117192640,0.3,0.4,68.7,28.1,0.4,0.1,1.8,0.2
20151117192710,0.1,0.2,96.8,1.0,0.4,0.1,0.9,0.5
20151117192740,0.1,0.1,98.6,0.4,0.4,0.0,0.2,0.2
20151117192810,0.3,0.4,62.9,14.6,2.9,0.4,18.0,0.5
20151117192840,0.1,0.2,96.4,0.2,1.2,0.1,1.0,0.8
20151117192910,0.0,0.0,99.1,0.1,0.1,0.0,0.2,0.4
20151117192940,0.1,0.2,70.4,1.1,0.4,0.2,13.1,14.4
20151117193010,0.2,0.6,50.1,2.9,0.5,0.5,36.4,8.8
20151117193040,0.0,0.2,58.0,8.4,2.6,0.2,27.6,2.8
20151117193110,0.1,0.1,85.6,4.1,2.2,0.1,5.7,2.0
20151117193140,0.0,0.1,49.8,15.9,0.4,0.0,33.1,0.6
20151117193210,0.0,0.1,18.3,11.2,0.5,0.0,69.2,0.7
20151117193240,0.1,1.3,68.0,8.8,0.9,0.0,20.1,0.8
20151117193310,0.1,0.1,85.1,8.7,0.7,0.0,4.5,0.9
20151117193340,0.0,0.1,23.8,37.0,0.7,0.0,37.7,0.7
20151117193410,0.0,0.0,7.0,11.5,0.7,0.0,79.7,1.1
20151117193440,0.1,0.2,51.7,39.4,1.8,0.0,5.5,1.3
20151117193510,0.1,0.3,46.4,27.2,5.0,0.0,15.0,5.9
20151117193540,0.0,0.1,6.3,51.9,0.7,0.0,38.3,2.6
20151117193610,0.0,0.0,8.9,30.4,1.3,0.0,58.4,1.0
20151117193641,0.1,0.1,19.2,40.3,3.2,0.2,26.6,10.2
20151117193711,0.1,0.5,25.4,27.9,3.7,0.0,37.3,5.0
20151117193741,0.1,0.1,24.9,14.8,1.4,0.1,52.8,5.8
20151117193811,0.0,0.0,4.3,22.6,0.1,0.0,72.7,0.3
20151117193841,0.1,0.0,23.8,14.4,0.6,0.0,60.9,0.2
20151117193911,0.0,0.0,14.2,10.0,0.9,0.0,72.5,2.3
20151117193941,0.3,0.1,79.5,6.0,1.4,0.3,11.2,1.3
20151117194011,0.1,0.3,29.7,2.6,0.7,0.0,66.1,0.4
20151117194041,0.7,0.4,88.2,4.6,0.8,0.2,4.9,0.3
20151117194111,0.6,0.1,43.3,25.9,2.1,0.1,27.5,0.4
20151117194141,0.1,0.0,90.0,7.1,0.5,0.0,2.0,0.3
20151117194211,0.1,0.1,62.2,11.8,4.2,0.1,20.3,1.1
20151117194241,0.0,0.0,2.7,7.7,0.0,0.0,89.4,0.1
20151117194311,0.0,0.0,72.6,7.9,0.2,0.1,18.8,0.5
20151117194341,0.1,0.1,70.8,2.5,0.1,0.1,26.3,0.2
20151117194411,0.1,0.0,98.3,0.5,0.1,0.1,0.6,0.3
20151117194441,0.1,0.0,37.8,8.8,0.1,0.0,53.2,0.0
20151117194511,0.1,0.0,96.9,0.8,0.1,0.0,1.8,0.2
20151117194541,0.1,0.2,95.4,0.3,0.3,0.1,1.9,1.8
20151117194611,0.0,0.1,96.4,2.2,0.1,0.0,0.8,0.4
20151117194641,0.1,0.1,96.7,1.2,0.3,0.0,0.6,1.1
20151117194711,0.1,0.2,88.2,7.9,0.1,0.0,3.4,0.1
20151117194741,0.1,0.1,91.2,1.0,0.1,0.0,7.3,0.3
20151117194811,0.1,0.0,98.0,0.2,0.2,0.1,0.9,0.5
20151117194841,0.0,0.0,97.9,0.3,0.0,0.0,1.1,0.6
20151117194911,0.0,0.0,37.1,1.1,0.0,0.0,61.7,0.1
20151117194941,0.0,0.1,95.3,1.3,0.1,0.0,3.2,0.0
20151117195011,0.0,0.0,98.5,0.4,0.0,0.0,1.0,0.0
20151117195041,0.0,0.0,97.8,0.5,0.0,0.0,1.7,0.0
20151117195111,0.0,0.0,99.0,0.7,0.0,0.0,0.1,0.1
20151117195141,0.0,0.0,98.7,0.9,0.0,0.0,0.3,0.0
20151117195211,0.0,0.0,93.1,6.8,0.0,0.0,0.1,0.0
20151117195241,0.0,0.0,99.7,0.3,0.0,0.0,0.0,0.0
20151117195311,0.0,0.0,99.6,0.2,0.0,0.0,0.2,0.0
20151117195341,0.0,0.0,93.4,1.4,0.0,0.0,4.3,0.9
20151117195411,0.0,0.0,99.0,0.4,0.0,0.0,0.5,0.1
20151117195441,0.0,0.0,99.7,0.2,0.0,0.0,0.1,0.0
20151117195511,0.0,0.0,91.7,0.5,0.0,0.0,7.7,0.1
20151117195541,0.0,0.0,95.1,3.1,0.1,0.0,1.5,0.2
20151117195611,0.0,0.0,94.1,4.4,0.0,0.0,1.3,0.2
20151117195641,0.0,0.0,99.7,0.1,0.0,0.0,0.1,0.0
20151117195711,0.0,0.0,98.8,0.6,0.0,0.0,0.5,0.1
20151117195741,0.0,0.0,99.5,0.4,0.1,0.0,0.0,0.0
20151117195811,0.0,0.0,94.7,5.3,0.0,0.0,0.0,0.0
20151117195841,0.0,0.0,99.8,0.2,0.0,0.0,0.0,0.0
20151117195911,0.0,0.0,99.9,0.1,0.0,0.0,0.0,0.0
20151117195941,0.0,0.0,99.6,0.3,0.0,0.0,0.0,0.0
20151117200011,0.0,0.0,98.0,0.6,0.0,0.0,1.2,0.1
20151117200041,0.0,0.0,70.9,28.3,0.0,0.0,0.7,0.0
20151117200111,0.0,0.0,71.4,25.4,0.0,0.0,3.2,0.0
20151117200141,0.0,0.0,82.7,17.0,0.0,0.0,0.2,0.0
20151117200211,0.0,0.0,94.4,4.1,0.2,0.0,1.1,0.1
20151117200241,0.0,0.0,98.7,1.1,0.0,0.0,0.1,0.0
20151117200311,0.0,0.0,94.7,3.9,0.0,0.0,1.2,0.1
20151117200341,0.0,0.0,92.5,7.2,0.1,0.0,0.2,0.0
20151117200412,0.0,0.0,99.7,0.2,0.0,0.0,0.0,0.0
20151117200442,0.0,0.0,96.1,3.7,0.0,0.0,0.2,0.0
20151117200512,0.0,0.0,99.7,0.2,0.0,0.0,0.0,0.0
20151117200542,0.0,0.0,99.8,0.2,0.0,0.0,0.0,0.0
20151117200612,0.0,0.0,99.1,0.4,0.0,0.0,0.2,0.3
20151117200642,0.0,0.0,96.8,2.6,0.0,0.0,0.5,0.0
20151117200712,0.0,0.0,95.6,2.0,0.0,0.0,2.2,0.2
20151117200742,0.0,0.0,94.9,1.7,0.0,0.0,3.4,0.0
20151117200812,0.0,0.0,90.0,0.3,0.1,0.0,9.4,0.1
20151117200842,0.0,0.0,98.3,0.5,0.1,0.0,1.0,0.1
20151117200912,0.0,0.0,99.0,0.2,0.0,0.0,0.7,0.1
20151117200942,0.0,0.1,95.3,0.4,0.1,0.1,2.1,1.9
20151117201012,0.0,0.0,99.0,0.4,0.0,0.0,0.5,0.1
20151117201042,0.0,0.0,91.5,1.9,0.0,0.0,6.4,0.1
20151117201112,0.0,0.0,95.6,0.4,0.0,0.2,2.9,0.9
20151117201142,0.0,0.0,96.3,0.4,0.0,0.5,2.3,0.4
20151117201212,0.0,0.0,88.5,0.9,0.0,1.2,8.1,1.2
20151117201242,0.0,0.0,99.0,0.1,0.0,0.0,0.9,0.0
20151117201312,0.0,0.0,97.7,1.0,0.0,0.0,1.3,0.0
20151117201342,0.0,0.0,81.3,7.4,0.1,0.0,11.1,0.2
20151117201412,0.0,0.0,53.0,46.2,0.0,0.0,0.8,0.0
20151117201442,0.0,0.0,87.0,11.3,0.0,0.0,1.7,0.0
20151117201512,0.0,0.0,72.9,15.9,0.1,0.0,10.9,0.1
20151117201542,0.0,0.0,96.5,3.1,0.0,0.0,0.4,0.0
20151117201612,0.0,0.0,73.7,21.0,0.1,0.0,5.1,0.1
20151117201642,0.0,0.0,50.7,29.8,0.0,0.0,19.5,0.1
20151117201712,0.0,0.0,23.0,20.0,0.0,0.0,56.8,0.1
20151117201742,0.0,0.0,33.4,6.7,0.0,0.0,59.8,0.0
20151117201812,0.0,0.0,86.4,10.4,0.0,0.0,3.0,0.1
20151117201842,0.0,0.0,85.8,3.3,0.0,0.0,10.8,0.1
20151117201912,0.0,0.0,37.5,25.3,0.0,0.0,37.1,0.0
20151117201942,0.0,0.0,39.0,0.9,0.0,0.0,60.0,0.0
20151117202012,0.0,0.1,95.5,1.4,0.1,0.0,2.6,0.2
20151117202042,0.0,0.0,98.8,0.9,0.0,0.0,0.2,0.0
20151117202112,0.0,0.0,68.9,8.8,0.1,0.0,22.1,0.0
20151117202142,0.0,0.0,96.1,1.3,0.0,0.0,2.5,0.0
20151117202212,0.0,0.0,79.6,12.0,0.0,0.0,8.3,0.0
20151117202242,0.0,0.0,70.0,4.5,0.1,0.0,25.2,0.2
20151117202312,0.1,0.0,85.4,4.8,0.1,0.0,9.5,0.1
20151117202342,0.0,0.0,51.9,16.3,0.0,0.0,31.7,0.0
20151117202412,0.0,0.0,77.7,13.0,0.0,0.0,9.3,0.0
20151117202442,0.0,0.0,5.8,93.3,0.1,0.0,0.9,0.0
20151117202512,0.0,0.0,55.5,43.6,0.1,0.0,0.8,0.0
20151117202542,0.0,0.0,97.3,2.6,0.0,0.0,0.0,0.0
20151117202612,0.0,0.0,8.1,91.8,0.1,0.0,0.0,0.0
20151117202642,0.0,0.0,1.6,98.2,0.1,0.0,0.0,0.0
20151117202712,0.0,0.0,2.5,97.4,0.0,0.0,0.0,0.0
20151117202742,0.0,0.0,19.9,77.9,0.4,0.0,1.5,0.2
20151117202812,0.0,0.0,18.9,80.2,0.0,0.0,0.9,0.0
20151117202842,0.0,0.0,97.3,1.5,0.1,0.0,1.1,0.1
20151117202912,0.0,0.0,88.8,7.9,0.1,0.0,3.1,0.0
20151117202942,0.0,0.0,7.9,18.0,0.0,0.0,74.0,0.1
20151117203012,0.0,0.0,27.9,45.4,0.1,0.0,26.6,0.0
20151117203042,0.0,0.0,62.3,22.2,0.0,0.0,15.4,0.0
20151117203112,0.0,0.0,87.3,11.5,0.0,0.0,1.1,0.0
20151117203142,0.0,0.0,95.9,3.8,0.0,0.0,0.2,0.0
20151117203212,0.0,0.0,99.5,0.2,0.0,0.0,0.1,0.2
20151117203242,0.0,0.0,99.8,0.1,0.0,0.0,0.1,0.0
20151117203312,0.0,0.0,98.6,0.3,0.0,0.0,1.0,0.0
20151117203342,0.0,0.0,97.6,0.3,0.0,0.0,2.1,0.1
20151117203412,0.0,0.0,99.8,0.1,0.0,0.0,0.1,0.0
20151117203442,0.0,0.0,99.1,0.8,0.0,0.0,0.1,0.0
20151117203512,0.0,0.0,99.6,0.4,0.0,0.0,0.0,0.0
20151117203542,0.0,0.0,99.6,0.4,0.0,0.0,0.0,0.0
20151117203612,0.0,0.0,97.4,1.3,0.0,0.0,1.3,0.0
20151117203642,0.0,0.0,98.6,1.3,0.0,0.0,0.0,0.0
20151117203712,0.0,0.0,97.1,2.7,0.0,0.0,0.2,0.0
20151117203742,0.0,0.0,97.3,2.4,0.0,0.0,0.2,0.0
20151117203812,0.0,0.0,98.5,1.5,0.0,0.0,0.0,0.0
20151117203843,0.0,0.0,95.8,3.9,0.0,0.0,0.2,0.0
20151117203913,0.0,0.0,51.3,48.3,0.1,0.0,0.3,0.0
20151117203943,0.0,0.0,61.0,32.4,0.1,0.0,6.4,0.1
20151117204013,0.0,0.0,35.2,57.7,0.0,0.0,7.1,0.0
20151117204043,0.0,0.0,87.0,10.7,0.0,0.0,2.3,0.0
20151117204113,0.0,0.0,87.6,8.0,0.0,0.0,4.4,0.0
20151117204143,0.0,0.0,89.3,1.4,0.0,0.0,9.2,0.0
20151117204213,0.0,0.0,98.7,1.2,0.0,0.0,0.1,0.0
20151117204243,0.0,0.0,97.1,1.9,0.0,0.0,1.0,0.0
20151117204313,0.0,0.0,91.0,0.6,0.0,0.0,8.4,0.0
20151117204343,0.0,0.0,92.8,1.9,0.0,0.0,5.2,0.1
20151117204413,0.0,0.0,91.2,0.2,0.0,0.0,8.6,0.0
20151117204443,0.0,0.0,83.5,1.5,0.4,0.0,14.5,0.0
20151117204513,0.0,0.0,99.9,0.0,0.1,0.0,0.0,0.0
20151117204543,0.0,0.0,98.7,0.5,0.3,0.0,0.4,0.0
