UT,arc,discrete,diffuse,ac,ab,clear,cloudy,dd
20151221131000,0.0,0.0,0.0,0.0,0.0,0.0,0.0,100.0
20151221131030,0.0,0.0,0.0,0.0,0.0,0.0,0.0,100.0
20151221131100,0.0,0.0,0.0,0.0,0.0,0.0,0.0,100.0
20151221131130,0.0,0.0,0.0,0.0,0.0,0.0,0.0,100.0
20151221131200,0.0,0.0,0.0,0.0,0.0,0.0,0.0,100.0
20151221131230,0.0,0.0,0.0,0.0,0.0,0.0,0.0,100.0
20151221131300,0.0,0.0,0.0,0.0,0.0,0.0,0.0,100.0
20151221131330,0.0,0.0,0.0,0.0,0.0,0.0,0.0,100.0
20151221131400,0.0,0.0,0.0,0.0,0.0,0.0,0.0,100.0
20151221131430,0.0,0.0,0.0,0.0,0.0,0.0,0.0,100.0
20151221131500,0.0,0.0,0.0,0.0,0.0,0.0,0.0,100.0
20151221131530,0.0,0.0,0.0,0.0,0.0,0.0,0.0,100.0
20151221131600,0.0,0.0,0.0,0.0,0.0,0.0,0.0,100.0
20151221131630,0.0,0.0,0.0,0.0,0.0,0.0,0.0,100.0
20151221131700,0.0,0.0,0.0,0.0,0.0,0.0,0.0,100.0
20151221131730,0.0,0.0,0.0,0.0,0.0,0.0,0.0,100.0
20151221131800,0.0,0.0,0.0,0.0,0.0,0.0,0.0,100.0
20151221131830,0.0,0.0,0.0,0.0,0.0,0.0,0.0,100.0
20151221131900,0.0,0.0,0.0,0.0,0.0,0.0,0.0,100.0
20151221131930,0.0,0.0,0.0,0.0,0.0,0.0,0.0,100.0
20151221132000,0.0,0.0,0.0,0.0,0.0,0.0,0.0,100.0
20151221132030,0.0,0.0,0.0,0.0,0.0,0.0,0.0,100.0
20151221132100,0.0,0.0,0.0,0.0,0.0,0.0,0.0,100.0
20151221132130,0.0,0.0,0.0,0.0,0.0,0.0,0.0,100.0
20151221132200,0.0,0.0,0.0,0.0,0.0,0.0,0.0,100.0
20151221132230,0.0,0.0,0.0,0.0,0.0,0.0,0.0,100.0
20151221132300,0.0,0.0,0.0,0.0,0.0,0.0,0.0,100.0
20151221132330,0.0,0.0,0.0,0.0,0.0,0.0,0.0,100.0
20151221132400,0.0,0.0,0.0,0.0,0.0,0.0,0.0,100.0
20151221132430,0.0,0.0,0.0,0.0,0.0,0.0,0.0,100.0
20151221132500,0.0,0.0,0.0,0.0,0.0,0.0,0.0,100.0
20151221132530,0.0,0.0,0.0,0.0,0.0,0.0,0.0,100.0
20151221132600,0.0,0.0,0.0,0.0,0.0,0.0,0.0,100.0
20151221132630,0.0,0.0,0.0,0.0,0.0,0.0,0.0,100.0
20151221132700,0.0,0.0,0.0,0.0,0.0,0.0,0.0,100.0
20151221132730,0.0,0.0,0.0,0.0,0.0,0.0,0.0,100.0
20151221132800,0.0,0.0,0.0,0.0,0.0,0.0,0.0,100.0
20151221132830,0.0,0.0,0.0,0.0,0.0,0.0,0.0,100.0
20151221132900,0.0,0.0,0.0,0.0,0.0,0.0,0.0,100.0
20151221132930,0.0,0.0,0.0,0.0,0.0,0.0,0.0,100.0
20151221133000,0.0,0.0,0.0,0.0,0.0,0.0,0.0,100.0
20151221133030,0.0,0.0,0.0,0.0,0.0,0.0,0.0,100.0
20151221133100,0.0,0.0,0.0,0.0,0.0,0.0,0.0,100.0
20151221133130,0.0,0.0,0.0,0.0,0.0,0.0,0.0,100.0
20151221133200,0.0,0.0,0.0,0.0,0.0,0.0,0.0,100.0
20151221133230,0.0,0.0,0.0,0.0,0.0,0.0,0.0,100.0
20151221133300,0.0,0.0,0.0,0.0,0.0,0.0,0.0,100.0
20151221133330,0.0,0.0,0.0,0.0,0.0,0.0,0.0,100.0
20151221133400,0.0,0.0,0.0,0.0,0.0,0.0,0.0,100.0
20151221133430,0.0,0.0,0.0,0.0,0.0,0.0,0.0,100.0
20151221133500,0.0,0.0,0.0,0.0,0.0,0.0,0.0,100.0
20151221133530,0.0,0.0,0.0,0.0,0.0,0.0,0.0,100.0
20151221133600,0.0,0.0,0.0,0.0,0.0,0.0,0.0,100.0
20151221133630,0.0,0.0,0.0,0.0,0.0,0.0,0.0,100.0
20151221133700,0.0,0.0,0.0,0.0,0.0,0.0,0.0,100.0
20151221133730,0.0,0.0,0.0,0.0,0.0,0.0,0.0,100.0
20151221133800,0.0,0.0,0.0,0.0,0.0,0.0,0.0,100.0
20151221133830,0.0,0.0,0.0,0.0,0.0,0.0,0.0,100.0
20151221133900,0.0,0.0,0.0,0.0,0.0,0.0,0.0,100.0
20151221133930,0.0,0.0,0.0,0.0,0.0,0.0,0.0,100.0
20151221134000,0.0,0.0,0.0,0.0,0.0,0.0,0.0,100.0
20151221134030,0.0,0.0,0.0,0.0,0.0,0.0,0.0,100.0
20151221134100,0.0,0.0,0.0,0.0,0.0,0.0,0.0,100.0
20151221134130,0.0,0.0,0.0,0.0,0.0,0.0,0.0,100.0
20151221134200,0.0,0.0,0.0,0.0,0.0,0.0,0.0,100.0
20151221134230,0.0,0.0,0.0,0.0,0.0,0.0,0.0,100.0
20151221134301,0.0,0.0,0.0,0.0,0.0,0.0,0.0,100.0
20151221134331,0.0,0.0,0.0,0.0,0.0,0.0,0.0,100.0
20151221134401,0.0,0.0,0.0,0.0,0.0,0.0,0.0,100.0
20151221134431,0.0,0.0,0.0,0.0,0.0,0.0,0.0,100.0
20151221134501,0.0,0.0,0.0,0.0,0.0,0.0,0.0,100.0
20151221134531,0.0,0.0,0.0,0.0,0.0,0.0,0.0,100.0
20151221134601,0.0,0.0,0.0,0.0,0.0,0.0,0.0,100.0
20151221134631,0.0,0.0,0.0,0.0,0.0,0.0,0.0,100.0
20151221134701,0.0,0.0,0.0,0.0,0.0,0.0,0.0,100.0
20151221134731,0.0,0.0,0.0,0.0,0.0,0.0,0.0,100.0
20151221134801,0.0,0.0,0.0,0.0,0.0,0.0,0.0,100.0
20151221134831,0.0,0.0,0.0,0.0,0.0,0.0,0.0,100.0
20151221134901,0.0,0.0,0.0,0.0,0.0,0.0,0.0,100.0
20151221134931,0.0,0.0,0.0,0.0,0.0,0.0,0.0,100.0
20151221135001,0.0,0.0,0.0,0.0,0.0,0.0,0.0,100.0
20151221135031,0.0,0.0,0.0,0.0,0.0,0.0,0.0,100.0
20151221135101,0.0,0.0,0.0,0.0,0.0,0.0,0.0,100.0
20151221135131,0.0,0.0,0.0,0.0,0.0,0.0,0.0,100.0
20151221135201,0.0,0.0,0.0,0.0,0.0,0.0,0.0,100.0
20151221135231,0.0,0.0,0.0,0.0,0.0,0.0,0.0,100.0
20151221135301,0.0,0.0,0.0,0.0,0.0,0.0,0.0,100.0
20151221135331,0.0,0.0,0.0,0.0,0.0,0.0,0.0,100.0
20151221135401,0.0,0.0,0.0,0.0,0.0,0.0,0.0,100.0
20151221135431,0.0,0.0,0.0,0.0,0.0,0.0,0.0,100.0
20151221135501,0.0,0.0,0.0,0.0,0.0,0.0,0.0,100.0
20151221135531,0.0,0.0,0.0,0.0,0.0,0.0,0.0,100.0
20151221135601,0.0,0.0,0.0,0.0,0.0,0.0,0.0,100.0
20151221135631,0.0,0.0,0.0,0.0,0.0,0.0,0.0,100.0
20151221135701,0.0,0.0,0.0,0.0,0.0,0.0,0.0,100.0
20151221135731,0.0,0.0,0.0,0.0,0.0,0.0,0.0,100.0
20151221135801,0.0,0.0,0.0,0.0,0.0,0.0,0.0,100.0
20151221135831,0.0,0.0,0.0,0.0,0.0,0.0,0.0,100.0
20151221135901,0.0,0.0,0.0,0.0,0.0,0.0,0.0,100.0
20151221135931,0.0,0.0,0.0,0.0,0.0,0.0,0.0,100.0
20151221140001,0.0,0.0,0.0,0.0,0.0,0.0,0.0,100.0
20151221140031,0.0,0.0,0.0,0.0,0.0,0.0,0.0,100.0
20151221140101,0.0,0.0,0.0,0.0,0.0,0.0,0.0,100.0
20151221140131,0.0,0.0,0.0,0.0,0.0,0.0,0.0,100.0
20151221140201,0.0,0.0,0.0,0.0,0.0,0.0,0.0,100.0
20151221140231,0.0,0.0,0.0,0.0,0.0,0.0,0.0,100.0
20151221140301,0.0,0.0,0.0,0.0,0.0,0.0,0.1,99.9
20151221140331,0.0,0.0,0.0,0.0,0.0,0.0,0.0,100.0
20151221140401,0.0,0.0,0.0,0.0,0.0,0.0,0.3,99.7
20151221140431,0.0,0.0,0.0,0.0,0.0,0.0,0.7,99.3
20151221140501,0.0,0.0,0.0,0.0,0.0,0.0,0.9,99.1
20151221140531,0.0,0.0,0.0,0.0,0.0,0.0,0.9,99.1
20151221140601,0.0,0.0,0.0,0.0,0.0,0.0,0.2,99.8
20151221140631,0.0,0.0,0.0,0.0,0.0,0.0,1.9,98.0
20151221140701,0.0,0.0,0.0,0.0,0.0,0.0,5.7,94.2
20151221140731,0.0,0.0,0.0,0.0,0.0,0.1,0.6,99.3
20151221140801,0.0,0.0,0.0,0.0,0.0,0.0,0.2,99.8
20151221140831,0.0,0.0,0.0,0.0,0.0,0.0,5.6,94.4
20151221140901,0.0,0.0,0.0,0.0,0.0,0.0,0.2,99.8
20151221140931,0.0,0.0,0.0,0.0,0.0,0.0,3.2,96.8
20151221141131,0.0,0.0,0.0,0.0,0.0,0.0,0.4,99.6
20151221141201,0.0,0.0,0.0,0.0,0.0,0.0,0.9,99.1
20151221141231,0.0,0.0,0.0,0.0,0.0,0.0,0.1,99.9
20151221141301,0.0,0.0,0.0,0.0,0.0,0.0,0.0,100.0
20151221141331,0.0,0.0,0.0,0.0,0.0,0.0,0.2,99.8
20151221141401,0.0,0.0,0.0,0.0,0.0,0.0,0.1,99.9
20151221141431,0.0,0.0,0.0,0.0,0.0,0.0,0.6,99.4
20151221141501,0.0,0.0,0.0,0.0,0.0,0.0,0.5,99.5
20151221141531,0.0,0.0,0.0,0.0,0.0,0.0,0.6,99.4
20151221141601,0.0,0.0,0.0,0.0,0.0,0.0,2.9,97.1
20151221141631,0.0,0.0,0.0,0.0,0.0,0.0,1.3,98.7
20151221141701,0.0,0.0,0.0,0.0,0.0,0.0,1.3,98.7
20151221141731,0.0,0.0,0.0,0.0,0.0,0.0,1.0,98.9
20151221141802,0.0,0.0,0.0,0.0,0.0,0.0,2.4,97.6
20151221141832,0.0,0.0,0.0,0.0,0.0,0.0,1.0,99.0
20151221141902,0.0,0.0,0.0,0.0,0.0,0.0,1.0,99.0
20151221141932,0.0,0.0,0.0,0.0,0.0,0.0,0.6,99.3
20151221142002,0.0,0.0,0.0,0.0,0.0,0.0,3.8,96.2
20151221142032,0.0,0.0,0.0,0.0,0.0,0.0,7.1,92.8
20151221142102,0.0,0.0,0.0,0.0,0.0,0.0,0.9,99.1
20151221142132,0.0,0.0,0.0,0.0,0.0,0.0,0.2,99.7
20151221142202,0.0,0.0,0.0,0.0,0.0,0.0,0.5,99.5
20151221142232,0.0,0.0,0.0,0.0,0.0,0.0,1.2,98.8
20151221142302,0.0,0.0,0.0,0.0,0.0,0.0,4.4,95.6
20151221142332,0.0,0.0,0.0,0.0,0.0,0.0,14.1,85.9
20151221142402,0.0,0.0,0.0,0.0,0.0,0.0,1.1,98.9
20151221142432,0.0,0.0,0.0,0.0,0.0,0.0,1.2,98.8
20151221142502,0.0,0.0,0.0,0.1,0.0,0.0,10.7,89.2
20151221142532,0.0,0.0,0.0,0.0,0.0,0.0,4.6,95.3
20151221142602,0.0,0.0,0.0,0.0,0.0,0.0,4.9,95.1
20151221142632,0.0,0.0,0.0,0.2,0.0,0.0,24.6,75.2
20151221142702,0.0,0.0,0.0,0.1,0.0,0.0,4.1,95.9
20151221142732,0.0,0.0,0.0,0.2,0.0,0.0,37.0,62.8
20151221142802,0.0,0.0,0.0,0.7,0.0,0.0,15.3,84.0
20151221142832,0.0,0.0,0.0,0.2,0.0,0.0,5.2,94.5
20151221142902,0.0,0.0,0.0,0.1,0.0,0.0,24.9,75.0
20151221142932,0.0,0.0,0.0,0.0,0.0,0.0,26.2,73.8
20151221143002,0.0,0.0,0.0,0.0,0.0,0.0,43.2,56.8
20151221143032,0.0,0.0,0.0,0.0,0.0,0.0,80.1,19.9
20151221143102,0.0,0.0,0.0,0.1,0.0,0.0,38.1,61.8
20151221143132,0.0,0.0,0.0,0.0,0.0,0.0,48.8,51.2
20151221143202,0.0,0.0,0.0,0.0,0.0,0.0,49.6,50.4
20151221143232,0.0,0.0,0.0,0.0,0.0,0.0,30.4,69.6
20151221143302,0.0,0.0,0.0,0.0,0.0,0.0,65.9,34.1
20151221143332,0.0,0.0,0.0,0.0,0.0,0.0,49.0,51.0
20151221143402,0.0,0.0,0.0,0.0,0.0,0.0,59.6,40.4
20151221143432,0.0,0.0,0.0,0.0,0.0,0.0,49.1,50.9
20151221143502,0.0,0.0,0.0,0.0,0.0,0.0,37.3,62.7
20151221143532,0.0,0.0,0.0,0.0,0.0,0.0,36.6,63.3
20151221143602,0.0,0.0,0.0,0.0,0.0,0.0,21.3,78.7
20151221143632,0.0,0.0,0.0,0.1,0.0,0.0,33.5,66.4
20151221143702,0.0,0.0,0.0,0.0,0.0,0.0,5.7,94.3
20151221143732,0.0,0.0,0.0,0.0,0.0,0.0,7.6,92.4
20151221143802,0.0,0.0,0.0,0.0,0.0,0.0,5.1,94.8
20151221143832,0.0,0.0,0.0,0.1,0.0,0.0,44.7,55.1
20151221143902,0.0,0.0,0.0,0.0,0.0,0.0,31.1,68.9
20151221143932,0.0,0.0,0.0,0.0,0.0,0.0,41.4,58.5
20151221144002,0.0,0.0,0.0,0.0,0.0,0.0,57.1,42.9
20151221144032,0.0,0.0,0.0,0.0,0.0,0.0,55.3,44.7
20151221144102,0.0,0.0,0.0,0.0,0.0,0.0,81.4,18.6
20151221144132,0.0,0.0,0.0,0.0,0.0,0.0,76.7,23.3
20151221144202,0.0,0.0,0.0,0.0,0.0,0.0,73.2,26.8
20151221144232,0.0,0.0,0.0,0.0,0.0,0.0,77.2,22.8
20151221144302,0.0,0.0,0.0,0.0,0.0,0.0,90.8,9.2
20151221144332,0.0,0.0,0.0,0.0,0.0,0.0,97.4,2.6
20151221144402,0.0,0.0,0.0,0.1,0.0,0.0,75.8,24.1
20151221144432,0.0,0.0,0.0,0.0,0.0,0.0,91.5,8.5
20151221144502,0.0,0.0,0.0,0.0,0.0,0.0,92.2,7.8
20151221144532,0.0,0.0,0.0,0.0,0.0,0.0,94.6,5.3
20151221144602,0.0,0.0,0.0,0.0,0.0,0.0,99.0,1.0
20151221144632,0.0,0.0,0.0,0.0,0.0,0.0,99.1,0.9
20151221144702,0.0,0.0,0.0,0.0,0.0,0.0,83.5,16.4
20151221144732,0.0,0.0,0.0,0.1,0.0,0.0,82.2,17.7
20151221144802,0.0,0.0,0.0,0.2,0.0,0.0,74.9,24.9
20151221144832,0.0,0.0,0.0,0.0,0.0,0.0,96.3,3.7
20151221144902,0.0,0.0,0.0,0.0,0.0,0.0,97.9,2.1
20151221144932,0.0,0.0,0.0,0.0,0.0,0.0,88.2,11.8
20151221145003,0.0,0.0,0.1,0.1,0.0,0.0,77.4,22.4
20151221145033,0.0,0.0,0.0,0.0,0.0,0.0,86.7,13.3
20151221145103,0.0,0.0,0.0,0.0,0.0,0.0,95.0,4.9
20151221145133,0.0,0.0,0.0,0.1,0.0,0.0,72.4,27.4
20151221145203,0.0,0.0,0.0,0.0,0.0,0.0,88.8,11.2
20151221145233,0.0,0.0,0.0,0.1,0.0,0.0,81.7,18.2
20151221145303,0.0,0.0,0.0,0.1,0.0,0.0,91.1,8.7
20151221145333,0.0,0.0,0.0,0.2,0.0,0.0,61.3,38.5
20151221145403,0.0,0.0,0.0,0.1,0.0,0.0,89.5,10.4
20151221145433,0.0,0.0,0.0,0.0,0.0,0.0,87.0,12.9
20151221145503,0.0,0.0,0.0,0.0,0.0,0.0,93.5,6.5
20151221145533,0.0,0.0,0.0,0.0,0.0,0.0,92.2,7.7
20151221145603,0.0,0.0,0.0,0.1,0.0,0.0,52.2,47.7
20151221145633,0.0,0.0,0.0,0.0,0.0,0.0,34.1,65.9
20151221145703,0.0,0.0,0.0,0.0,0.0,0.0,88.0,12.0
20151221145733,0.0,0.0,0.0,0.0,0.0,0.0,70.8,29.1
20151221145803,0.0,0.0,0.0,0.0,0.0,0.0,85.2,14.8
20151221145833,0.0,0.0,0.0,0.0,0.0,0.0,89.6,10.4
20151221145903,0.0,0.0,0.0,0.0,0.0,0.0,77.5,22.5
20151221145933,0.0,0.0,0.0,0.0,0.0,0.0,76.1,23.9
20151221150003,0.0,0.0,0.0,0.0,0.0,0.0,46.9,53.1
20151221150033,0.0,0.0,0.0,0.2,0.0,0.0,78.1,21.7
20151221150103,0.0,0.0,0.0,0.1,0.0,0.0,60.4,39.5
20151221150133,0.0,0.0,0.0,0.0,0.0,0.0,62.7,37.2
20151221150203,0.0,0.0,0.0,0.1,0.0,0.0,44.7,55.1
20151221150233,0.0,0.0,0.0,0.1,0.0,0.0,93.9,6.1
20151221150303,0.0,0.0,0.0,0.1,0.0,0.0,92.2,7.7
20151221150333,0.0,0.0,0.0,0.0,0.0,0.0,98.2,1.8
20151221150403,0.0,0.0,0.0,0.0,0.0,0.0,95.9,4.0
20151221150433,0.0,0.0,0.0,0.0,0.0,0.0,94.8,5.2
20151221150503,0.0,0.0,0.0,0.0,0.0,0.0,97.5,2.5
20151221150533,0.0,0.0,0.0,0.0,0.0,0.0,99.5,0.5
20151221150603,0.0,0.0,0.0,0.0,0.0,0.0,97.2,2.8
20151221150633,0.0,0.0,0.0,0.0,0.0,0.0,97.6,2.4
20151221150703,0.0,0.0,0.0,0.0,0.0,0.0,98.6,1.4
20151221150733,0.0,0.0,0.0,0.0,0.0,0.0,95.3,4.6
20151221150803,0.0,0.0,0.0,0.0,0.0,0.0,98.0,1.9
20151221150833,0.0,0.0,0.0,0.0,0.0,0.0,99.3,0.7
20151221150903,0.0,0.0,0.0,0.1,0.0,0.0,94.2,5.6
20151221150933,0.0,0.0,0.0,0.0,0.0,0.0,97.9,2.1
20151221151003,0.0,0.0,0.0,0.0,0.0,0.0,98.4,1.5
20151221151033,0.0,0.0,0.0,0.0,0.0,0.0,99.2,0.7
20151221151103,0.0,0.0,0.0,0.0,0.0,0.0,99.2,0.7
20151221151133,0.0,0.0,0.0,0.0,0.0,0.0,97.5,2.4
20151221151203,0.0,0.0,0.0,0.0,0.0,0.0,99.1,0.9
20151221151233,0.0,0.0,0.0,0.0,0.0,0.0,98.2,1.8
20151221151303,0.0,0.0,0.0,0.0,0.0,0.0,99.4,0.6
20151221151333,0.0,0.0,0.0,0.0,0.0,0.0,99.4,0.5
20151221151403,0.0,0.0,0.0,0.1,0.1,0.0,87.3,12.5
20151221151433,0.0,0.0,0.0,0.0,0.0,0.0,99.0,1.0
20151221151503,0.0,0.0,0.0,0.0,0.0,0.0,98.9,1.1
20151221151533,0.0,0.0,0.0,0.0,0.0,0.0,98.9,1.0
20151221151603,0.0,0.0,0.0,0.0,0.0,0.0,98.9,1.1
20151221151633,0.0,0.0,0.0,0.0,0.0,0.0,99.3,0.7
20151221151703,0.0,0.0,0.0,0.0,0.0,0.0,99.5,0.5
20151221151733,0.0,0.0,0.0,0.1,0.0,0.0,99.1,0.8
20151221151803,0.0,0.0,0.0,0.1,0.1,0.0,89.4,10.4
20151221151833,0.0,0.0,0.1,0.1,0.1,0.0,88.1,11.6
20151221151903,0.0,0.0,0.1,0.1,0.1,0.0,94.2,5.4
20151221151934,0.0,0.0,0.2,0.1,0.1,0.0,86.2,13.5
20151221152004,0.0,0.0,0.0,0.1,0.0,0.0,97.0,2.9
20151221152034,0.0,0.0,0.0,0.0,0.0,0.0,97.5,2.4
20151221152104,0.0,0.0,0.1,0.2,0.0,0.0,96.8,2.9
20151221152134,0.0,0.0,0.0,0.1,0.1,0.0,98.2,1.6
20151221152204,0.0,0.0,0.1,0.4,0.3,0.0,93.4,5.8
20151221152234,0.0,0.0,0.1,0.3,0.1,0.0,85.2,14.3
20151221152304,0.0,0.0,0.1,0.2,0.1,0.0,97.9,1.8
20151221152334,0.0,0.0,0.1,0.2,0.4,0.0,93.1,6.1
20151221152404,0.0,0.0,0.0,0.1,0.1,0.0,96.2,3.5
20151221152434,0.0,0.0,0.0,0.1,0.1,0.0,96.1,3.7
20151221152504,0.0,0.0,0.1,0.4,0.2,0.0,89.7,9.5
20151221152534,0.0,0.0,0.0,0.1,0.1,0.0,98.4,1.5
20151221152604,0.0,0.0,0.1,0.3,0.2,0.0,96.5,2.9
20151221152634,0.0,0.0,0.0,0.2,0.1,0.0,93.0,6.7
20151221152704,0.0,0.0,0.1,0.5,0.3,0.0,85.4,13.7
20151221152734,0.0,0.0,0.0,0.1,0.1,0.0,95.6,4.2
20151221152804,0.0,0.0,0.1,0.1,0.1,0.0,97.9,1.8
20151221152834,0.0,0.0,0.0,0.0,0.0,0.0,99.1,0.9
20151221152904,0.0,0.0,0.0,0.1,0.0,0.0,90.5,9.4
20151221152934,0.0,0.0,0.0,0.0,0.0,0.0,99.1,0.9
20151221153004,0.0,0.0,0.0,0.0,0.0,0.0,95.6,4.4
20151221153034,0.0,0.0,0.0,0.1,0.0,0.0,88.6,11.3
20151221153104,0.0,0.0,0.0,0.0,0.0,0.0,98.8,1.2
20151221153134,0.0,0.0,0.0,0.0,0.0,0.0,95.4,4.5
20151221153204,0.0,0.0,0.0,0.0,0.0,0.0,97.8,2.2
20151221153234,0.0,0.0,0.0,0.0,0.0,0.0,97.4,2.6
20151221153304,0.0,0.0,0.0,0.0,0.0,0.0,95.8,4.2
20151221153334,0.0,0.0,0.0,0.0,0.0,0.0,96.7,3.3
20151221153404,0.0,0.0,0.0,0.0,0.0,0.0,82.3,17.7
20151221153434,0.0,0.0,0.0,0.0,0.0,0.0,96.4,3.6
20151221153504,0.0,0.0,0.0,0.0,0.0,0.0,97.1,2.9
20151221153534,0.0,0.0,0.0,0.0,0.0,0.0,96.5,3.4
20151221153604,0.0,0.0,0.0,0.0,0.0,0.0,84.0,15.9
20151221153634,0.0,0.0,0.0,0.0,0.0,0.0,90.6,9.3
20151221153704,0.0,0.0,0.0,0.1,0.0,0.0,95.0,4.8
20151221153734,0.0,0.0,0.0,0.1,0.0,0.0,97.5,2.4
20151221153804,0.0,0.0,0.0,0.0,0.0,0.0,98.4,1.6
20151221153834,0.0,0.0,0.2,0.4,0.2,0.0,80.7,18.5
20151221153904,0.0,0.0,0.0,0.1,0.0,0.0,90.7,9.2
20151221153934,0.0,0.0,0.2,0.2,0.1,0.0,96.7,2.8
20151221154004,0.0,0.0,0.0,0.0,0.0,0.0,94.8,5.1
20151221154034,0.0,0.0,0.1,0.1,0.0,0.0,73.9,25.9
20151221154104,0.0,0.0,0.0,0.1,0.1,0.0,94.4,5.4
20151221154134,0.0,0.0,0.0,0.4,0.1,0.0,65.8,33.6
20151221154204,0.0,0.0,0.1,0.4,0.1,0.0,87.1,12.4
20151221154234,0.0,0.0,0.2,0.4,0.4,0.0,84.3,14.7
20151221154304,0.0,0.0,0.1,0.9,0.1,0.0,83.7,15.2
20151221154334,0.0,0.0,0.1,0.1,0.1,0.0,93.0,6.8
20151221154404,0.0,0.0,0.1,0.7,0.1,0.0,84.5,14.5
20151221154434,0.0,0.0,0.1,0.4,0.3,0.0,69.4,29.8
20151221154504,0.0,0.0,0.1,0.2,0.1,0.0,97.7,1.9
20151221154534,0.0,0.0,0.1,0.2,0.0,0.0,98.1,1.5
20151221154604,0.0,0.0,0.8,0.5,0.2,0.0,88.7,9.7
20151221154634,0.0,0.0,0.1,1.7,0.2,0.0,88.6,9.4
20151221154704,0.0,0.0,0.0,0.1,0.0,0.0,94.3,5.5
20151221154734,0.0,0.0,0.0,0.1,0.0,0.0,98.3,1.7
20151221154804,0.0,0.0,0.0,0.1,0.0,0.0,99.2,0.7
20151221154834,0.0,0.0,0.0,0.0,0.0,0.0,98.5,1.4
20151221154904,0.0,0.0,0.0,0.0,0.0,0.0,95.9,4.1
20151221154934,0.0,0.0,0.0,0.0,0.0,0.0,98.4,1.5
20151221155004,0.0,0.0,0.0,0.0,0.0,0.0,99.3,0.7
20151221155034,0.0,0.0,0.0,0.1,0.0,0.0,98.7,1.2
20151221155104,0.0,0.0,0.0,0.1,0.0,0.0,97.5,2.3
20151221155134,0.0,0.0,0.1,0.1,0.0,0.0,96.8,3.0
20151221155204,0.0,0.0,0.0,0.0,0.0,0.0,99.1,0.9
20151221155234,0.0,0.0,0.0,0.1,0.1,0.0,84.3,15.6
20151221155304,0.0,0.0,0.0,0.1,0.0,0.0,96.1,3.8
20151221155335,0.0,0.0,0.0,0.0,0.0,0.0,99.2,0.7
20151221155405,0.0,0.0,0.1,0.4,0.1,0.0,88.0,11.4
20151221155435,0.0,0.0,0.0,0.3,0.0,0.0,69.9,29.7
20151221155505,0.0,0.0,0.0,0.6,0.1,0.0,83.3,16.0
20151221155535,0.0,0.0,0.0,0.8,0.0,0.0,92.4,6.8
20151221155605,0.0,0.0,0.1,5.9,0.4,0.0,63.9,29.6
20151221155635,0.0,0.0,0.0,2.9,0.1,0.0,87.2,9.6
20151221155705,0.0,0.0,0.1,3.4,0.2,0.0,61.5,34.7
20151221155735,0.0,0.0,0.1,4.3,0.7,0.0,49.1,45.8
20151221155805,0.0,0.0,0.1,8.4,0.3,0.0,62.8,28.4
20151221155835,0.0,0.0,0.1,0.7,0.1,0.0,96.9,2.3
20151221155905,0.0,0.0,0.4,2.0,0.3,0.0,87.5,9.7
20151221155935,0.0,0.0,0.1,0.3,0.2,0.0,83.9,15.5
20151221160005,0.0,0.0,0.1,0.3,0.1,0.0,84.5,15.0
20151221160035,0.0,0.0,0.0,0.3,0.2,0.0,24.2,75.3
20151221160105,0.0,0.0,0.0,0.1,0.1,0.0,84.2,15.6
20151221160135,0.0,0.0,0.0,0.2,0.0,0.0,79.6,20.1
20151221160205,0.0,0.0,0.1,0.4,0.2,0.0,83.4,15.9
20151221160235,0.0,0.0,0.0,0.1,0.1,0.0,86.5,13.3
20151221160305,0.0,0.0,0.0,0.1,0.1,0.0,83.8,16.0
20151221160335,0.0,0.0,0.1,0.4,0.4,0.0,72.0,27.1
20151221160405,0.0,0.0,0.0,0.6,0.4,0.0,63.3,35.7
20151221160435,0.0,0.0,0.1,0.4,0.2,0.0,71.8,27.4
20151221160505,0.0,0.0,0.0,0.1,0.1,0.0,87.2,12.6
20151221160535,0.0,0.0,0.2,0.6,0.3,0.0,56.5,42.3
20151221160605,0.0,0.0,0.2,2.3,0.5,0.0,49.3,47.6
20151221160635,0.0,0.0,0.0,1.3,0.1,0.0,74.6,24.0
20151221160705,0.0,0.0,0.0,1.0,0.1,0.0,75.8,23.0
20151221160735,0.0,0.0,0.1,1.4,0.1,0.0,82.2,16.3
20151221160805,0.0,0.0,0.0,0.5,0.0,0.0,98.0,1.4
20151221160835,0.0,0.0,0.0,0.3,0.0,0.0,95.1,4.5
20151221160905,0.0,0.0,0.0,0.5,0.0,0.0,97.7,1.8
20151221160935,0.0,0.0,0.3,1.0,0.4,0.0,89.3,9.0
20151221161005,0.0,0.0,0.3,1.5,0.3,0.0,94.1,3.8
20151221161035,0.0,0.0,0.4,2.6,0.4,0.0,80.0,16.6
20151221161105,0.0,0.1,0.4,2.0,0.7,0.0,75.8,20.9
20151221161135,0.0,0.0,0.3,1.1,0.3,0.0,77.9,20.4
20151221161205,0.0,0.0,0.0,0.0,0.0,0.0,93.2,6.8
20151221161235,0.0,0.0,0.1,0.2,0.1,0.0,94.0,5.5
20151221161305,0.0,0.0,0.0,0.5,0.1,0.0,95.6,3.8
20151221161335,0.0,0.0,0.0,0.4,0.1,0.0,91.9,7.5
20151221161405,0.0,0.0,0.1,1.4,0.4,0.0,93.5,4.4
20151221161435,0.0,0.0,0.0,2.8,0.2,0.0,76.5,20.5
20151221161505,0.0,0.0,0.0,0.2,0.0,0.0,94.3,5.5
20151221161535,0.0,0.0,0.0,0.1,0.0,0.0,98.9,1.0
20151221161605,0.0,0.0,0.0,0.0,0.1,0.0,94.6,5.3
20151221161635,0.0,0.0,0.0,0.0,0.0,0.0,95.5,4.5
20151221161705,0.0,0.0,0.0,0.1,0.0,0.0,97.4,2.4
20151221161735,0.0,0.0,0.0,0.3,0.0,0.0,98.6,1.1
20151221161805,0.0,0.0,0.0,0.3,0.1,0.0,95.8,3.8
20151221161835,0.0,0.0,0.1,0.3,0.1,0.0,94.0,5.6
20151221161905,0.0,0.0,0.1,0.2,0.1,0.0,94.7,4.9
20151221161935,0.0,0.0,0.0,0.4,0.1,0.0,96.1,3.4
20151221162005,0.0,0.0,0.0,0.1,0.2,0.0,96.7,2.9
20151221162035,0.0,0.0,0.0,0.4,0.0,0.0,92.6,6.9
20151221162105,0.0,0.0,0.1,0.4,0.1,0.0,87.3,12.2
20151221162135,0.0,0.0,0.1,1.0,0.5,0.0,89.3,9.1
20151221162205,0.0,0.0,0.0,0.3,0.1,0.0,77.5,22.0
20151221162235,0.0,0.0,0.3,0.4,0.2,0.0,80.2,18.9
20151221162305,0.0,0.0,0.7,0.7,1.5,0.0,42.9,54.2
20151221162335,0.0,0.0,0.4,1.9,2.1,0.0,76.2,19.4
20151221162405,0.0,0.0,0.2,0.6,0.2,0.0,81.3,17.7
20151221162435,0.0,0.0,0.2,1.2,0.3,0.0,73.9,24.4
20151221162505,0.0,0.0,0.3,1.6,0.7,0.0,55.4,41.9
20151221162535,0.0,0.0,0.1,1.2,0.4,0.0,88.8,9.5
20151221162605,0.0,0.0,1.9,22.2,1.6,0.0,48.9,25.5
20151221162635,0.0,0.0,1.8,10.3,6.8,0.0,11.5,69.6
20151221162705,0.0,0.0,0.8,5.0,1.3,0.0,25.7,67.1
20151221162736,0.0,0.0,0.2,1.7,2.4,0.0,18.3,77.4
20151221162806,0.0,0.0,0.0,0.1,0.4,0.0,47.9,51.6
20151221162836,0.0,0.0,0.1,0.3,0.5,0.0,38.3,60.8
20151221162906,0.0,0.0,0.0,0.2,0.1,0.0,88.3,11.4
20151221162936,0.0,0.0,0.0,0.1,0.1,0.0,79.3,20.5
20151221163006,0.0,0.0,0.0,0.1,0.0,0.0,92.1,7.8
20151221163036,0.0,0.0,0.1,1.3,0.6,0.0,48.5,49.5
20151221163106,0.0,0.0,0.2,1.0,0.3,0.0,85.2,13.3
20151221163136,0.0,0.0,0.1,0.7,0.2,0.0,37.9,61.1
20151221163206,0.0,0.0,0.0,0.5,0.3,0.0,68.5,30.7
20151221163236,0.0,0.0,0.2,0.8,0.8,0.0,57.2,41.1
20151221163306,0.0,0.0,0.2,0.6,0.4,0.0,26.5,72.4
20151221163336,0.0,0.0,0.1,0.3,0.2,0.0,69.4,30.1
20151221163406,0.0,0.0,0.0,0.3,0.2,0.0,52.0,47.4
20151221163436,0.0,0.0,0.0,0.2,0.1,0.0,49.4,50.3
20151221163506,0.0,0.0,0.0,0.1,0.1,0.0,29.7,70.1
20151221163536,0.0,0.0,0.0,0.2,0.0,0.0,73.9,25.8
20151221163606,0.0,0.0,0.5,0.8,0.4,0.0,41.9,56.4
20151221163636,0.0,0.0,0.1,0.8,0.2,0.0,27.7,71.3
20151221163706,0.0,0.0,0.0,0.0,0.0,0.0,4.4,95.5
20151221163736,0.0,0.0,0.0,0.0,0.0,0.0,20.6,79.3
20151221163806,0.0,0.0,0.0,0.3,0.2,0.0,32.5,67.0
20151221163836,0.0,0.0,0.0,0.1,0.1,0.0,3.2,96.6
20151221163906,0.0,0.0,0.0,0.0,0.0,0.0,1.9,98.1
20151221163936,0.0,0.0,0.0,0.0,0.0,0.0,11.1,88.9
20151221164006,0.0,0.0,0.0,0.1,0.0,0.0,43.5,56.4
20151221164036,0.0,0.0,0.0,0.0,0.0,0.0,9.8,90.1
20151221164106,0.0,0.0,0.0,0.0,0.0,0.0,14.0,86.0
20151221164136,0.0,0.0,0.1,0.1,0.0,0.0,47.4,52.5
20151221164206,0.0,0.0,0.0,0.0,0.0,0.0,1.6,98.4
20151221164236,0.0,0.0,0.0,0.0,0.0,0.0,12.9,87.1
20151221164306,0.0,0.0,0.0,0.0,0.0,0.0,5.2,94.7
20151221164336,0.0,0.0,0.0,0.1,0.0,0.0,13.0,86.8
20151221164406,0.0,0.0,0.0,0.0,0.0,0.0,13.3,86.6
20151221164436,0.0,0.0,0.0,0.0,0.0,0.0,8.6,91.4
20151221164506,0.0,0.0,0.0,0.0,0.0,0.0,82.6,17.4
20151221164536,0.0,0.0,0.0,0.1,0.0,0.0,22.9,77.0
20151221164606,0.0,0.0,0.0,0.1,0.0,0.0,92.4,7.5
20151221164636,0.0,0.0,0.0,0.0,0.0,0.0,96.4,3.6
20151221164706,0.0,0.0,0.0,0.0,0.0,0.0,69.1,30.9
20151221164736,0.0,0.0,0.0,0.0,0.0,0.0,70.1,29.9
20151221164806,0.0,0.0,0.0,0.0,0.0,0.0,18.1,81.9
20151221164836,0.0,0.0,0.0,0.0,0.0,0.0,5.4,94.6
20151221164906,0.0,0.0,0.0,0.0,0.0,0.0,0.4,99.6
20151221164936,0.0,0.0,0.0,0.0,0.0,0.0,0.0,100.0
20151221165006,0.0,0.0,0.0,0.0,0.0,0.0,0.0,100.0
20151221165036,0.0,0.0,0.0,0.2,0.1,0.0,0.0,99.7
20151221165106,0.0,0.0,0.0,0.0,0.0,0.0,0.0,100.0
20151221165136,0.0,0.0,0.0,0.0,0.0,0.0,0.1,99.9
20151221165206,0.0,0.0,0.0,0.0,0.0,0.0,1.3,98.7
20151221165236,0.0,0.0,0.0,0.0,0.0,0.0,0.4,99.6
20151221165306,0.0,0.0,0.0,0.0,0.0,0.0,0.9,99.1
20151221165336,0.0,0.0,0.0,0.0,0.0,0.0,0.2,99.8
20151221165406,0.0,0.0,0.0,0.0,0.0,0.0,0.2,99.8
20151221165436,0.0,0.0,0.0,0.0,0.0,0.0,0.3,99.7
20151221165507,0.0,0.0,0.0,0.0,0.0,0.0,0.1,99.9
20151221165537,0.0,0.0,0.0,0.0,0.0,0.0,0.7,99.3
20151221165607,0.0,0.0,0.0,0.0,0.0,0.0,0.1,99.9
20151221165637,0.0,0.0,0.0,0.0,0.0,0.0,0.2,99.8
20151221165707,0.0,0.0,0.0,0.0,0.0,0.0,2.3,97.7
20151221165737,0.0,0.0,0.0,0.0,0.0,0.0,0.0,100.0
20151221165807,0.0,0.0,0.0,0.0,0.0,0.0,0.2,99.8
20151221165837,0.0,0.0,0.0,0.0,0.0,0.0,0.0,100.0
20151221165907,0.0,0.0,0.0,0.0,0.0,0.0,0.0,100.0
20151221165937,0.0,0.0,0.0,0.0,0.0,0.0,0.0,100.0
20151221170007,0.0,0.0,0.0,0.0,0.0,0.0,0.1,99.9
20151221170037,0.0,0.0,0.0,0.0,0.0,0.0,0.0,100.0
20151221170107,0.0,0.0,0.0,0.0,0.0,0.0,0.0,100.0
20151221170137,0.0,0.0,0.0,0.0,0.0,0.0,0.0,100.0
20151221170207,0.0,0.0,0.0,0.0,0.0,0.0,0.0,100.0
20151221170237,0.0,0.0,0.0,0.0,0.0,0.0,0.0,100.0
20151221170307,0.0,0.0,0.0,0.0,0.0,0.0,0.0,100.0
20151221170337,0.0,0.0,0.0,0.0,0.0,0.0,0.0,100.0
20151221170407,0.0,0.0,0.0,0.0,0.0,0.0,0.0,100.0
20151221170437,0.0,0.0,0.0,0.0,0.0,0.0,0.0,100.0
20151221170507,0.0,0.0,0.0,0.0,0.0,0.0,0.0,100.0
20151221170537,0.0,0.0,0.0,0.0,0.0,0.0,0.0,100.0
20151221170607,0.0,0.0,0.0,0.0,0.0,0.0,0.0,100.0
20151221170637,0.0,0.0,0.0,0.0,0.0,0.0,0.1,99.9
20151221170707,0.0,0.0,0.0,0.0,0.0,0.0,0.6,99.4
20151221170737,0.0,0.0,0.0,0.0,0.0,0.0,0.3,99.7
20151221170807,0.0,0.0,0.0,0.0,0.0,0.0,0.1,99.9
20151221170837,0.0,0.0,0.0,0.0,0.0,0.0,1.1,98.9
20151221170907,0.0,0.0,0.0,0.0,0.0,0.0,0.9,99.1
20151221170937,0.0,0.0,0.0,0.0,0.0,0.0,1.8,98.2
20151221171007,0.0,0.0,0.0,0.0,0.0,0.0,0.8,99.2
20151221171037,0.0,0.0,0.0,0.0,0.0,0.0,0.5,99.5
20151221171107,0.0,0.0,0.0,0.0,0.0,0.0,0.2,99.8
20151221171137,0.0,0.0,0.0,0.0,0.0,0.0,0.4,99.5
20151221171207,0.0,0.0,0.0,0.0,0.0,0.0,0.1,99.9
20151221171237,0.0,0.0,0.0,0.0,0.0,0.0,0.1,99.9
20151221171307,0.0,0.0,0.0,0.0,0.0,0.0,0.5,99.5
20151221171337,0.0,0.0,0.0,0.0,0.0,0.0,2.5,97.5
20151221171407,0.0,0.0,0.0,0.0,0.0,0.0,1.2,98.8
20151221171437,0.0,0.0,0.0,0.0,0.0,0.0,0.2,99.8
20151221171507,0.0,0.0,0.0,0.0,0.0,0.0,0.4,99.6
20151221171537,0.0,0.0,0.0,0.0,0.0,0.0,0.5,99.5
20151221171607,0.0,0.0,0.0,0.0,0.0,0.0,0.6,99.4
20151221171637,0.0,0.0,0.0,0.0,0.0,0.0,0.3,99.7
20151221171707,0.0,0.0,0.0,0.0,0.0,0.0,0.1,99.9
20151221171737,0.0,0.0,0.0,0.0,0.0,0.0,1.2,98.8
20151221171807,0.0,0.0,0.0,0.0,0.0,0.0,7.8,92.1
20151221171837,0.0,0.0,0.0,0.0,0.0,0.0,0.4,99.6
20151221171907,0.0,0.0,0.0,0.0,0.0,0.0,0.1,99.9
20151221171937,0.0,0.0,0.0,0.0,0.0,0.0,0.2,99.8
20151221172007,0.0,0.0,0.0,0.0,0.0,0.0,0.8,99.2
20151221172037,0.0,0.0,0.0,0.0,0.0,0.0,0.1,99.9
20151221172107,0.0,0.0,0.0,0.0,0.0,0.0,11.2,88.8
20151221172137,0.0,0.0,0.0,0.0,0.0,0.0,0.1,99.9
20151221172207,0.0,0.0,0.0,0.0,0.0,0.0,0.0,100.0
20151221172237,0.0,0.0,0.0,0.0,0.0,0.0,0.3,99.7
20151221172307,0.0,0.0,0.0,0.0,0.0,0.0,0.1,99.9
20151221172337,0.0,0.0,0.0,0.0,0.0,0.0,0.1,99.9
20151221172407,0.0,0.0,0.0,0.0,0.0,0.0,0.0,100.0
20151221172437,0.0,0.0,0.0,0.0,0.0,0.0,0.5,99.5
20151221172507,0.0,0.0,0.0,0.0,0.0,0.0,0.3,99.7
20151221172537,0.0,0.0,0.0,0.0,0.0,0.0,0.1,99.9
20151221172607,0.0,0.0,0.0,0.0,0.0,0.0,0.0,100.0
20151221172637,0.0,0.0,0.0,0.0,0.0,0.0,0.1,99.9
20151221172707,0.0,0.0,0.0,0.0,0.0,0.0,0.0,100.0
20151221172737,0.0,0.0,0.0,0.0,0.0,0.0,0.0,100.0
20151221172807,0.0,0.0,0.0,0.0,0.0,0.0,0.0,100.0
20151221172837,0.0,0.0,0.0,0.0,0.0,0.0,0.0,100.0
20151221172908,0.0,0.0,0.0,0.0,0.0,0.0,0.5,99.5
20151221172938,0.0,0.0,0.0,0.0,0.0,0.0,0.0,100.0
20151221173008,0.0,0.0,0.0,0.0,0.0,0.0,0.1,99.9
20151221173038,0.0,0.0,0.0,0.0,0.0,0.0,5.4,94.6
20151221173108,0.0,0.0,0.0,0.0,0.0,0.0,1.1,98.9
20151221173138,0.0,0.0,0.0,0.0,0.0,0.0,0.7,99.3
20151221173208,0.0,0.0,0.0,0.0,0.0,0.0,0.5,99.5
20151221173238,0.0,0.0,0.0,0.0,0.0,0.0,0.2,99.8
20151221173308,0.0,0.0,0.0,0.0,0.0,0.0,0.2,99.8
20151221173338,0.0,0.0,0.0,0.0,0.0,0.0,0.1,99.9
20151221173408,0.0,0.0,0.0,0.0,0.0,0.0,0.0,100.0
20151221173438,0.0,0.0,0.0,0.0,0.0,0.0,0.2,99.8
20151221173508,0.0,0.0,0.0,0.0,0.0,0.0,0.7,99.3
20151221173538,0.0,0.0,0.0,0.0,0.0,0.0,6.0,94.0
20151221173608,0.0,0.0,0.0,0.0,0.0,0.0,0.5,99.5
20151221173638,0.0,0.0,0.0,0.0,0.0,0.0,0.8,99.2
20151221173708,0.0,0.0,0.0,0.0,0.0,0.0,0.3,99.7
20151221173738,0.0,0.0,0.0,0.0,0.0,0.0,0.2,99.8
20151221173808,0.0,0.0,0.0,0.0,0.0,0.0,0.0,100.0
20151221173838,0.0,0.0,0.0,0.0,0.0,0.0,0.2,99.8
20151221173908,0.0,0.0,0.0,0.0,0.0,0.0,0.7,99.3
20151221173938,0.0,0.0,0.0,0.0,0.0,0.0,6.0,94.0
20151221174008,0.0,0.0,0.0,0.0,0.0,0.0,1.2,98.8
20151221174038,0.0,0.0,0.0,0.0,0.0,0.0,0.9,99.1
20151221174108,0.0,0.0,0.0,0.0,0.0,0.0,0.3,99.7
20151221174138,0.0,0.0,0.0,0.0,0.0,0.0,3.7,96.3
20151221174208,0.0,0.0,0.0,0.0,0.0,0.0,1.3,98.7
20151221174238,0.0,0.0,0.0,0.0,0.0,0.0,1.4,98.6
20151221174308,0.0,0.0,0.0,0.0,0.0,0.0,0.2,99.8
20151221174338,0.0,0.0,0.0,0.0,0.0,0.0,0.0,100.0
20151221174408,0.0,0.0,0.0,0.0,0.0,0.0,0.1,99.9
20151221174438,0.0,0.0,0.0,0.0,0.0,0.0,4.2,95.8
20151221174508,0.0,0.0,0.0,0.0,0.0,0.0,13.8,86.2
20151221174538,0.0,0.0,0.0,0.0,0.0,0.0,4.7,95.3
20151221174608,0.0,0.0,0.0,0.0,0.0,0.0,8.5,91.5
20151221174638,0.0,0.0,0.0,0.0,0.0,0.0,0.1,99.9
20151221174708,0.0,0.0,0.0,0.0,0.0,0.0,0.1,99.9
20151221174738,0.0,0.0,0.0,0.0,0.0,0.0,0.1,99.9
20151221174808,0.0,0.0,0.0,0.0,0.0,0.0,1.2,98.8
20151221174838,0.0,0.0,0.0,0.0,0.0,0.0,0.6,99.4
20151221174908,0.0,0.0,0.0,0.0,0.0,0.0,0.3,99.7
20151221174938,0.0,0.0,0.0,0.0,0.0,0.0,5.6,94.4
20151221175008,0.0,0.0,0.0,0.0,0.0,0.0,1.7,98.3
20151221175038,0.0,0.0,0.0,0.0,0.0,0.0,0.4,99.6
20151221175108,0.0,0.0,0.0,0.0,0.0,0.0,0.4,99.6
20151221175138,0.0,0.0,0.0,0.0,0.0,0.0,1.2,98.8
20151221175208,0.0,0.0,0.0,0.0,0.0,0.0,0.1,99.9
20151221175238,0.0,0.0,0.0,0.0,0.0,0.0,0.0,100.0
20151221175308,0.0,0.0,0.0,0.0,0.0,0.0,0.6,99.4
20151221175338,0.0,0.0,0.0,0.0,0.0,0.0,0.1,99.9
20151221175408,0.0,0.0,0.0,0.0,0.0,0.0,0.6,99.4
20151221175438,0.0,0.0,0.0,0.0,0.0,0.0,0.0,100.0
20151221175508,0.0,0.0,0.0,0.0,0.0,0.0,0.9,99.1
20151221175538,0.0,0.0,0.0,0.0,0.0,0.0,0.2,99.8
20151221175608,0.0,0.0,0.0,0.0,0.0,0.0,1.0,99.0
20151221175638,0.0,0.0,0.0,0.0,0.0,0.0,0.2,99.8
20151221175708,0.0,0.0,0.0,0.0,0.0,0.0,0.1,99.9
20151221175738,0.0,0.0,0.0,0.0,0.0,0.0,0.9,99.1
20151221175808,0.0,0.0,0.0,0.0,0.0,0.0,0.8,99.2
20151221175838,0.0,0.0,0.0,0.0,0.0,0.0,0.7,99.3
20151221175908,0.0,0.0,0.0,0.0,0.0,0.0,17.5,82.5
20151221175938,0.0,0.0,0.0,0.0,0.0,0.0,5.5,94.5
20151221180008,0.0,0.0,0.0,0.0,0.0,0.0,3.7,96.3
20151221180038,0.0,0.0,0.0,0.0,0.0,0.0,0.3,99.7
20151221180108,0.0,0.0,0.0,0.0,0.0,0.0,0.5,99.5
20151221180138,0.0,0.0,0.0,0.0,0.0,0.0,0.1,99.9
20151221180208,0.0,0.0,0.0,0.0,0.0,0.0,0.2,99.8
20151221180238,0.0,0.0,0.0,0.0,0.0,0.0,0.4,99.6
20151221180308,0.0,0.0,0.0,0.0,0.0,0.0,1.2,98.8
20151221180338,0.0,0.0,0.0,0.0,0.0,0.0,0.5,99.5
20151221180409,0.0,0.0,0.0,0.0,0.0,0.0,0.2,99.8
20151221180439,0.0,0.0,0.0,0.0,0.0,0.0,0.8,99.2
20151221180509,0.0,0.0,0.0,0.0,0.0,0.0,3.4,96.6
20151221180539,0.0,0.0,0.0,0.0,0.0,0.0,3.7,96.3
20151221180609,0.0,0.0,0.0,0.0,0.0,0.0,1.0,99.0
20151221180639,0.0,0.0,0.0,0.0,0.0,0.0,2.8,97.2
20151221180709,0.0,0.0,0.0,0.0,0.0,0.0,1.3,98.7
20151221180739,0.0,0.0,0.0,0.0,0.0,0.0,0.4,99.6
20151221180809,0.0,0.0,0.0,0.0,0.0,0.0,0.3,99.7
20151221180839,0.0,0.0,0.0,0.0,0.0,0.0,1.8,98.2
20151221180909,0.0,0.0,0.0,0.0,0.0,0.0,1.5,98.5
20151221180939,0.0,0.0,0.0,0.0,0.0,0.0,0.3,99.7
20151221181009,0.0,0.0,0.0,0.0,0.0,0.0,7.5,92.5
20151221181039,0.0,0.0,0.0,0.0,0.0,0.0,0.7,99.3
20151221181109,0.0,0.0,0.0,0.0,0.0,0.0,5.5,94.5
20151221181139,0.0,0.0,0.0,0.0,0.0,0.0,12.6,87.4
20151221181209,0.0,0.0,0.0,0.0,0.0,0.0,15.0,85.0
20151221181239,0.0,0.0,0.0,0.0,0.0,0.0,4.4,95.6
20151221181309,0.0,0.0,0.0,0.0,0.0,0.0,0.4,99.6
20151221181339,0.0,0.0,0.0,0.0,0.0,0.0,0.4,99.6
20151221181409,0.0,0.0,0.0,0.0,0.0,0.0,0.4,99.6
20151221181439,0.0,0.0,0.0,0.0,0.0,0.0,0.3,99.7
20151221181509,0.0,0.0,0.0,0.0,0.0,0.0,0.9,99.1
20151221181539,0.0,0.0,0.0,0.0,0.0,0.0,7.4,92.6
20151221181609,0.0,0.0,0.0,0.0,0.0,0.0,2.5,97.5
20151221181639,0.0,0.0,0.0,0.0,0.0,0.0,0.2,99.8
20151221181709,0.0,0.0,0.0,0.0,0.0,0.0,0.8,99.2
20151221181739,0.0,0.0,0.0,0.0,0.0,0.0,1.3,98.7
20151221181809,0.0,0.0,0.0,0.0,0.0,0.0,2.1,97.9
20151221181839,0.0,0.0,0.0,0.0,0.0,0.0,0.8,99.2
20151221181909,0.0,0.0,0.0,0.0,0.0,0.0,2.2,97.8
20151221181939,0.0,0.0,0.0,0.0,0.0,0.0,0.3,99.7
20151221182009,0.0,0.0,0.0,0.0,0.0,0.0,0.6,99.4
20151221182039,0.0,0.0,0.0,0.0,0.0,0.0,0.7,99.3
20151221182109,0.0,0.0,0.0,0.0,0.0,0.0,0.3,99.7
20151221182139,0.0,0.0,0.0,0.0,0.0,0.0,0.0,100.0
20151221182209,0.0,0.0,0.0,0.0,0.0,0.0,0.2,99.8
20151221182239,0.0,0.0,0.0,0.0,0.0,0.0,0.7,99.3
20151221182309,0.0,0.0,0.0,0.0,0.0,0.0,0.3,99.7
20151221182339,0.0,0.0,0.0,0.0,0.0,0.0,44.5,55.5
20151221182409,0.0,0.0,0.0,0.0,0.0,0.0,6.7,93.3
20151221182439,0.0,0.0,0.0,0.0,0.0,0.0,1.2,98.8
20151221182509,0.0,0.0,0.0,0.0,0.0,0.0,1.5,98.5
20151221182539,0.0,0.0,0.0,0.0,0.0,0.0,1.0,99.0
20151221182609,0.0,0.0,0.0,0.0,0.0,0.0,11.8,88.2
20151221182639,0.0,0.0,0.0,0.1,0.0,0.0,4.2,95.7
20151221182709,0.0,0.0,0.0,0.0,0.0,0.0,3.8,96.2
20151221182739,0.0,0.0,0.0,0.0,0.0,0.0,1.9,98.1
20151221182809,0.0,0.0,0.0,0.0,0.0,0.0,1.0,99.0
20151221182839,0.0,0.0,0.0,0.0,0.0,0.0,0.5,99.5
20151221182909,0.0,0.0,0.0,0.0,0.0,0.0,0.4,99.6
20151221182939,0.0,0.0,0.0,0.0,0.0,0.0,1.0,99.0
20151221183009,0.0,0.0,0.0,0.0,0.0,0.0,0.0,100.0
20151221183040,0.0,0.0,0.0,0.0,0.0,0.0,0.2,99.8
20151221183110,0.0,0.0,0.0,0.0,0.0,0.0,0.1,99.9
20151221183140,0.0,0.0,0.0,0.0,0.0,0.0,0.4,99.6
20151221183210,0.0,0.0,0.0,0.0,0.0,0.0,0.3,99.7
20151221183240,0.0,0.0,0.0,0.0,0.0,0.0,0.0,100.0
20151221183310,0.0,0.0,0.0,0.0,0.0,0.0,0.0,100.0
20151221183340,0.0,0.0,0.0,0.0,0.0,0.0,0.0,100.0
20151221183410,0.0,0.0,0.0,0.0,0.0,0.0,0.1,99.9
20151221183440,0.0,0.0,0.0,0.0,0.0,0.0,0.0,100.0
20151221183510,0.0,0.0,0.0,0.0,0.0,0.0,0.0,100.0
20151221183540,0.0,0.0,0.0,0.0,0.0,0.0,0.3,99.7
20151221183610,0.0,0.0,0.0,0.0,0.0,0.0,0.0,100.0
20151221183640,0.0,0.0,0.0,0.0,0.0,0.0,0.0,100.0
20151221183710,0.0,0.0,0.0,0.0,0.0,0.0,0.1,99.9
20151221183740,0.0,0.0,0.0,0.0,0.0,0.0,0.1,99.9
20151221183810,0.0,0.0,0.0,0.0,0.0,0.0,0.1,99.9
20151221183840,0.0,0.0,0.0,0.0,0.0,0.0,0.0,100.0
20151221183910,0.0,0.0,0.0,0.0,0.0,0.0,0.1,99.9
20151221183940,0.0,0.0,0.0,0.0,0.0,0.0,0.1,99.9
20151221184010,0.0,0.0,0.0,0.0,0.0,0.0,0.2,99.8
20151221184040,0.0,0.0,0.0,0.0,0.0,0.0,0.1,99.9
20151221184110,0.0,0.0,0.0,0.0,0.0,0.0,0.4,99.6
20151221184140,0.0,0.0,0.0,0.0,0.0,0.0,0.1,99.9
20151221184210,0.0,0.0,0.0,0.0,0.0,0.0,0.2,99.8
20151221184240,0.0,0.0,0.0,0.0,0.0,0.0,0.0,100.0
20151221184310,0.0,0.0,0.0,0.0,0.0,0.0,0.0,100.0
20151221184340,0.0,0.0,0.0,0.0,0.0,0.0,1.9,98.1
20151221184410,0.0,0.0,0.0,0.0,0.0,0.0,0.4,99.6
20151221184440,0.0,0.0,0.0,0.0,0.0,0.0,0.4,99.6
20151221184510,0.0,0.0,0.0,0.0,0.0,0.0,0.6,99.4
20151221184540,0.0,0.0,0.0,0.0,0.0,0.0,0.6,99.4
20151221184610,0.0,0.0,0.0,0.0,0.0,0.0,0.4,99.6
20151221184640,0.0,0.0,0.0,0.0,0.0,0.0,1.3,98.7
20151221184710,0.0,0.0,0.0,0.0,0.0,0.0,0.6,99.4
20151221184740,0.0,0.0,0.0,0.0,0.0,0.0,0.1,99.9
20151221184810,0.0,0.0,0.0,0.0,0.0,0.0,0.6,99.4
20151221184840,0.0,0.0,0.0,0.0,0.0,0.0,0.2,99.8
20151221184910,0.0,0.0,0.0,0.0,0.0,0.0,0.3,99.7
20151221184940,0.0,0.0,0.0,0.0,0.0,0.0,1.8,98.2
20151221185010,0.0,0.0,0.0,0.0,0.0,0.0,0.0,100.0
20151221185040,0.0,0.0,0.0,0.0,0.0,0.0,3.1,96.9
20151221185110,0.0,0.0,0.0,0.0,0.0,0.0,0.5,99.5
20151221185140,0.0,0.0,0.0,0.0,0.0,0.0,0.4,99.6
20151221185210,0.0,0.0,0.0,0.0,0.0,0.0,0.0,100.0
20151221185240,0.0,0.0,0.0,0.0,0.0,0.0,0.3,99.7
20151221185310,0.0,0.0,0.0,0.0,0.0,0.0,0.4,99.6
20151221185340,0.0,0.0,0.0,0.0,0.0,0.0,0.2,99.8
20151221185410,0.0,0.0,0.0,0.0,0.0,0.0,1.3,98.7
20151221185440,0.0,0.0,0.0,0.0,0.0,0.0,0.1,99.9
20151221185510,0.0,0.0,0.0,0.0,0.0,0.0,0.3,99.7
20151221185540,0.0,0.0,0.0,0.0,0.0,0.0,0.0,100.0
20151221185610,0.0,0.0,0.0,0.0,0.0,0.0,0.1,99.9
20151221185640,0.0,0.0,0.0,0.0,0.0,0.0,0.4,99.6
20151221185710,0.0,0.0,0.0,0.0,0.0,0.0,0.7,99.3
20151221185740,0.0,0.0,0.0,0.0,0.0,0.0,0.0,100.0
20151221185810,0.0,0.0,0.0,0.0,0.0,0.0,0.0,100.0
20151221185840,0.0,0.0,0.0,0.0,0.0,0.0,0.1,99.9
20151221185910,0.0,0.0,0.0,0.0,0.0,0.0,0.5,99.5
20151221185940,0.0,0.0,0.0,0.0,0.0,0.0,0.2,99.8
20151221190010,0.0,0.0,0.0,0.0,0.0,0.0,0.4,99.6
20151221190040,0.0,0.0,0.0,0.0,0.0,0.0,0.3,99.7
20151221190110,0.0,0.0,0.0,0.0,0.0,0.0,0.0,100.0
20151221190140,0.0,0.0,0.0,0.0,0.0,0.0,0.2,99.8
20151221190210,0.0,0.0,0.0,0.0,0.0,0.0,1.0,99.0
20151221190240,0.0,0.0,0.0,0.0,0.0,0.0,0.3,99.7
20151221190310,0.0,0.0,0.0,0.0,0.0,0.0,0.6,99.4
20151221190340,0.0,0.0,0.0,0.0,0.0,0.0,0.2,99.8
20151221190410,0.0,0.0,0.0,0.0,0.0,0.0,2.6,97.4
20151221190440,0.0,0.0,0.0,0.0,0.0,0.0,1.9,98.1
20151221190510,0.0,0.0,0.0,0.0,0.0,0.0,0.3,99.7
20151221190541,0.0,0.0,0.0,0.0,0.0,0.0,0.0,100.0
20151221190611,0.0,0.0,0.0,0.0,0.0,0.0,0.0,100.0
20151221190641,0.0,0.0,0.0,0.0,0.0,0.0,0.0,100.0
20151221190711,0.0,0.0,0.0,0.0,0.0,0.0,0.0,100.0
20151221190741,0.0,0.0,0.0,0.0,0.0,0.0,0.0,100.0
20151221190811,0.0,0.0,0.0,0.0,0.0,0.0,0.0,100.0
20151221190841,0.0,0.0,0.0,0.0,0.0,0.0,0.0,100.0
20151221190911,0.0,0.0,0.0,0.0,0.0,0.0,0.0,100.0
20151221190941,0.0,0.0,0.0,0.0,0.0,0.0,0.0,100.0
20151221191011,0.0,0.0,0.0,0.0,0.0,0.0,0.0,100.0
20151221191041,0.0,0.0,0.0,0.0,0.0,0.0,0.0,100.0
20151221191111,0.0,0.0,0.0,0.0,0.0,0.0,0.0,100.0
20151221191141,0.0,0.0,0.0,0.0,0.0,0.0,0.0,100.0
20151221191211,0.0,0.0,0.0,0.0,0.0,0.0,0.0,100.0
20151221191241,0.0,0.0,0.0,0.0,0.0,0.0,0.0,100.0
20151221191311,0.0,0.0,0.0,0.0,0.0,0.0,0.0,100.0
20151221191341,0.0,0.0,0.0,0.0,0.0,0.0,0.0,100.0
20151221191411,0.0,0.0,0.0,0.0,0.0,0.0,0.0,100.0
20151221191441,0.0,0.0,0.0,0.0,0.0,0.0,0.0,100.0
20151221191511,0.0,0.0,0.0,0.0,0.0,0.0,0.0,100.0
20151221191541,0.0,0.0,0.0,0.0,0.0,0.0,0.0,100.0
20151221191611,0.0,0.0,0.0,0.0,0.0,0.0,0.0,100.0
20151221191641,0.0,0.0,0.0,0.0,0.1,0.0,0.0,99.9
20151221191711,0.0,0.0,0.0,0.0,0.0,0.0,0.0,100.0
20151221191741,0.0,0.0,0.0,0.0,0.0,0.0,0.0,100.0
20151221191811,0.0,0.0,0.0,0.0,0.0,0.0,0.0,100.0
20151221191841,0.0,0.0,0.0,0.0,0.0,0.0,0.0,100.0
20151221191911,0.0,0.0,0.0,0.0,0.0,0.0,0.0,100.0
20151221191941,0.0,0.0,0.0,0.0,0.0,0.0,0.0,100.0
20151221192011,0.0,0.0,0.0,0.0,0.0,0.0,0.0,100.0
20151221192041,0.0,0.0,0.0,0.0,0.0,0.0,0.0,100.0
20151221192111,0.0,0.0,0.0,0.0,0.0,0.0,0.0,99.9
20151221192141,0.0,0.0,0.0,0.0,0.0,0.0,0.2,99.8
20151221192211,0.0,0.0,0.0,0.0,0.2,0.0,0.0,99.8
20151221192241,0.0,0.0,0.0,0.0,2.8,0.0,0.1,97.1
20151221192311,0.0,0.0,0.0,0.0,0.0,0.0,0.0,100.0
20151221192341,0.0,0.0,0.0,0.0,3.9,0.0,0.1,96.0
20151221192411,0.0,0.0,0.0,0.0,3.5,0.0,1.1,95.4
20151221192441,0.0,0.0,0.0,0.0,0.0,0.0,0.0,100.0
20151221192511,0.0,0.0,0.0,0.0,0.0,0.0,0.0,100.0
20151221192541,0.0,0.0,0.0,0.0,0.0,0.0,0.0,100.0
20151221192611,0.0,0.0,0.0,0.0,0.0,0.0,0.0,100.0
20151221192641,0.0,0.0,0.0,0.0,0.1,0.0,0.0,99.9
20151221192711,0.0,0.0,0.0,0.0,0.0,0.0,0.0,100.0
20151221192741,0.0,0.0,0.0,0.0,0.0,0.0,0.0,100.0
20151221192811,0.0,0.0,0.0,0.0,0.0,0.0,0.0,100.0
20151221192841,0.0,0.0,0.0,0.0,0.0,0.0,0.0,100.0
20151221192911,0.0,0.0,0.0,0.0,0.0,0.0,0.0,100.0
20151221192941,0.0,0.0,0.0,0.0,0.0,0.0,0.0,100.0
20151221193011,0.0,0.0,0.0,0.0,0.0,0.0,0.0,100.0
20151221193041,0.0,0.0,0.0,0.0,0.0,0.0,0.0,100.0
20151221193111,0.0,0.0,0.0,0.0,0.0,0.0,0.0,100.0
20151221193141,0.0,0.0,0.0,0.0,0.0,0.0,0.1,99.9
20151221193211,0.0,0.0,0.0,0.0,0.0,0.0,0.2,99.8
20151221193241,0.0,0.0,0.0,0.0,0.0,0.0,0.9,99.1
20151221193311,0.0,0.0,0.0,0.0,0.0,0.0,1.2,98.8
20151221193341,0.0,0.0,0.0,0.0,0.1,0.0,5.7,94.2
20151221193411,0.0,0.0,0.0,0.0,0.2,0.0,7.8,92.0
20151221193441,0.0,0.0,0.0,0.0,3.0,0.0,7.3,89.6
20151221193511,0.0,0.0,0.0,0.0,0.5,0.0,3.9,95.6
20151221193541,0.0,0.0,0.0,0.0,5.0,0.0,37.9,57.2
20151221193611,0.0,0.0,0.0,0.0,2.4,0.0,37.8,59.7
20151221193641,0.0,0.0,0.0,0.0,0.8,0.0,2.2,97.0
20151221193711,0.0,0.0,0.0,0.0,0.6,0.0,3.7,95.7
20151221193741,0.0,0.0,0.0,0.0,1.7,0.0,18.0,80.2
20151221193811,0.0,0.0,0.0,0.1,3.4,0.0,66.4,30.1
20151221193841,0.0,0.0,0.0,0.0,0.3,0.0,9.0,90.6
20151221193911,0.0,0.0,0.0,0.0,11.7,0.0,27.0,61.2
20151221193942,0.0,0.0,0.0,0.1,17.1,0.0,52.0,30.8
20151221194012,0.0,0.0,0.0,0.3,14.3,0.0,57.7,27.7
20151221194042,0.0,0.0,0.0,1.2,4.7,0.0,56.3,37.8
20151221194112,0.0,0.0,0.0,1.5,32.0,0.0,49.4,17.1
20151221194142,0.0,0.0,0.0,0.2,15.1,0.0,64.5,20.2
20151221194212,0.0,0.0,0.0,0.1,2.7,0.0,86.9,10.3
20151221194242,0.0,0.0,0.0,0.2,7.9,0.0,84.7,7.3
20151221194312,0.0,0.0,0.0,0.0,4.7,0.0,78.0,17.3
20151221194342,0.0,0.0,0.0,0.0,29.2,0.0,10.1,60.7
20151221194412,0.0,0.0,0.0,0.0,4.8,0.0,69.3,25.9
20151221194442,0.0,0.0,0.0,0.0,4.0,0.0,76.8,19.2
20151221194512,0.0,0.0,0.0,0.2,26.9,0.0,53.1,19.9
20151221194542,0.0,0.0,0.0,0.2,78.6,0.0,18.6,2.6
20151221194612,0.0,0.0,0.0,0.0,39.7,0.0,39.7,20.6
20151221194642,0.0,0.0,0.0,0.0,19.4,0.0,70.7,9.8
20151221194712,0.0,0.0,0.0,0.1,9.2,0.0,87.7,3.1
20151221194742,0.0,0.0,0.0,0.2,9.5,0.0,74.1,16.2
20151221194812,0.0,0.0,0.0,0.0,1.3,0.0,95.7,3.1
20151221194842,0.0,0.0,0.0,0.2,12.7,0.0,76.2,10.9
20151221194912,0.0,0.0,0.0,0.5,97.5,0.0,1.1,0.9
20151221194942,0.0,0.0,0.0,0.2,99.0,0.0,0.3,0.5
20151221195012,0.0,0.0,0.0,0.1,99.7,0.0,0.1,0.1
20151221195042,0.0,0.0,0.0,0.3,99.7,0.0,0.0,0.0
20151221195112,0.0,0.0,0.0,1.1,98.8,0.0,0.1,0.0
20151221195142,0.0,0.0,0.0,2.4,97.4,0.0,0.2,0.1
20151221195212,0.0,0.0,0.0,9.7,90.3,0.0,0.0,0.0
20151221195242,0.0,0.0,0.0,1.6,96.9,0.0,0.4,1.1
20151221195312,0.0,0.0,0.0,15.2,74.1,0.0,8.7,2.0
20151221195342,0.0,0.0,0.0,1.9,71.9,0.0,25.4,0.8
20151221195412,0.0,0.0,0.0,1.1,60.2,0.0,37.9,0.8
20151221195442,0.0,0.0,0.0,1.6,27.5,0.0,66.3,4.6
20151221195512,0.0,0.0,0.0,1.0,37.3,0.0,36.6,25.1
20151221195542,0.0,0.0,0.0,0.1,3.6,0.0,94.1,2.2
20151221195612,0.0,0.0,0.0,0.1,2.1,0.0,94.8,3.1
20151221195642,0.0,0.0,0.0,0.0,0.6,0.0,98.2,1.2
20151221195712,0.0,0.0,0.0,0.0,2.0,0.0,95.0,3.0
20151221195742,0.0,0.0,0.0,0.0,9.5,0.0,82.3,8.2
20151221195812,0.0,0.0,0.0,0.0,1.2,0.0,94.7,4.1
20151221195842,0.0,0.0,0.0,0.0,2.5,0.0,95.0,2.5
20151221195912,0.0,0.0,0.0,0.1,43.3,0.0,45.8,10.8
20151221195942,0.0,0.0,0.0,0.3,83.2,0.0,12.3,4.2
20151221200012,0.0,0.0,0.0,0.3,91.5,0.0,7.7,0.5
20151221200042,0.0,0.0,0.0,1.2,92.4,0.0,5.7,0.7
20151221200112,0.0,0.0,0.0,3.5,94.0,0.0,2.3,0.1
20151221200142,0.0,0.0,0.1,2.3,95.7,0.0,1.8,0.0
20151221200212,0.0,0.0,0.0,1.0,92.5,0.0,5.1,1.3
20151221200242,0.0,0.0,0.0,3.0,95.4,0.0,1.1,0.5
20151221200312,0.0,0.0,0.0,3.7,90.2,0.0,4.2,1.8
