UT,arc,discrete,diffuse,ac,ab,clear,cloudy,dd
20151103143800,0.0,0.0,0.0,0.0,0.0,0.0,0.0,100.0
20151103143830,0.0,0.0,0.0,0.0,0.0,0.0,0.0,100.0
20151103143900,0.0,0.0,0.0,0.0,0.0,0.0,0.0,100.0
20151103143930,0.0,0.0,0.0,0.0,0.0,0.0,0.0,100.0
20151103144000,0.0,0.0,0.0,0.0,0.0,0.0,0.0,100.0
20151103144030,0.0,0.0,0.0,0.0,0.0,0.0,0.0,100.0
20151103144100,0.0,0.0,0.0,0.0,0.0,0.0,0.0,100.0
20151103144130,0.0,0.0,0.0,0.0,0.0,0.0,0.0,100.0
20151103144200,0.0,0.0,0.0,0.0,0.0,0.0,0.0,100.0
20151103144230,0.0,0.0,0.0,0.0,0.0,0.0,0.0,100.0
20151103144300,0.0,0.0,0.0,0.0,0.0,0.0,0.0,100.0
20151103144330,0.0,0.0,0.0,0.0,0.0,0.0,0.0,100.0
20151103144400,0.0,0.0,0.0,0.0,0.0,0.0,0.0,100.0
20151103144430,0.0,0.0,0.0,0.0,0.0,0.0,0.0,100.0
20151103144500,0.0,0.0,0.0,0.0,0.0,0.0,0.0,100.0
20151103144530,0.0,0.0,0.0,0.0,0.0,0.0,0.0,100.0
20151103144600,0.0,0.0,0.0,0.0,0.0,0.0,0.0,100.0
20151103144630,0.0,0.0,0.0,0.0,0.0,0.0,0.0,100.0
20151103144700,0.0,0.0,0.0,0.0,0.0,0.0,0.0,100.0
20151103144730,0.0,0.0,0.0,0.0,0.0,0.0,0.0,100.0
20151103144800,0.0,0.0,0.0,0.0,0.0,0.0,0.0,100.0
20151103144830,0.0,0.0,0.0,0.0,0.0,0.0,0.0,100.0
20151103144900,0.0,0.0,0.0,0.0,0.0,0.0,0.0,100.0
20151103144930,0.0,0.0,0.0,0.0,0.0,0.0,0.0,100.0
20151103145000,0.0,0.0,0.0,0.0,0.0,0.0,0.0,100.0
20151103145030,0.0,0.0,0.0,0.0,0.0,0.0,0.0,100.0
20151103145100,0.0,0.0,0.0,0.0,0.0,0.0,0.1,99.9
20151103145130,0.0,0.0,0.0,0.0,0.0,0.0,0.0,100.0
20151103145200,0.0,0.0,0.0,0.0,0.0,0.0,0.0,100.0
20151103145230,0.0,0.0,0.0,0.0,0.0,0.0,0.0,100.0
20151103145300,0.0,0.0,0.0,0.0,0.0,0.0,0.0,100.0
20151103145330,0.0,0.0,0.0,0.0,0.0,0.0,0.0,100.0
20151103145400,0.0,0.0,0.0,0.0,0.0,0.0,0.0,100.0
20151103145430,0.0,0.0,0.0,0.0,0.0,0.0,0.0,100.0
20151103145500,0.0,0.0,0.0,0.0,0.0,0.0,0.0,100.0
20151103145530,0.0,0.0,0.0,0.0,0.0,0.0,0.0,100.0
20151103145600,0.0,0.0,0.0,0.0,0.0,0.0,0.0,100.0
20151103145630,0.0,0.0,0.0,0.0,0.0,0.0,0.0,100.0
20151103145700,0.0,0.0,0.0,0.0,0.0,0.0,0.0,100.0
20151103145730,0.0,0.0,0.0,0.0,0.0,0.0,0.0,100.0
20151103145800,0.0,0.0,0.0,0.0,0.0,0.0,0.0,100.0
20151103145830,0.0,0.0,0.0,0.0,0.0,0.0,0.0,100.0
20151103145900,0.0,0.0,0.0,0.0,0.0,0.0,0.0,100.0
20151103145930,0.0,0.0,0.0,0.0,0.0,0.0,0.0,100.0
20151103150000,0.0,0.0,0.0,0.0,0.0,0.0,0.0,100.0
20151103150030,0.0,0.0,0.0,0.0,0.0,0.0,0.0,100.0
20151103150100,0.0,0.0,0.0,0.0,0.0,0.0,0.0,100.0
20151103150130,0.0,0.0,0.0,0.0,0.0,0.0,0.0,100.0
20151103150200,0.0,0.0,0.0,0.0,0.0,0.0,0.0,100.0
20151103150230,0.0,0.0,0.0,0.0,0.0,0.0,0.0,100.0
20151103150300,0.0,0.0,0.0,0.0,0.0,0.0,0.0,100.0
20151103150330,0.0,0.0,0.0,0.0,0.0,0.0,0.0,100.0
20151103150401,0.0,0.0,0.0,0.0,0.0,0.0,0.0,100.0
20151103150431,0.0,0.0,0.0,0.0,0.0,0.0,0.0,100.0
20151103150501,0.0,0.0,0.0,0.0,0.0,0.0,0.0,100.0
20151103150531,0.0,0.0,0.0,0.0,0.0,0.0,0.0,100.0
20151103150601,0.0,0.0,0.0,0.0,0.0,0.0,0.0,100.0
20151103150631,0.0,0.0,0.0,0.0,0.0,0.0,0.0,100.0
20151103150701,0.0,0.0,0.0,0.0,0.0,0.0,0.0,100.0
20151103150731,0.0,0.0,0.0,0.0,0.0,0.0,0.0,100.0
20151103150801,0.0,0.0,0.0,0.0,0.0,0.0,0.0,100.0
20151103150831,0.0,0.0,0.0,0.0,0.0,0.0,0.0,100.0
20151103150901,0.0,0.0,0.0,0.0,0.0,0.0,0.0,100.0
20151103150931,0.0,0.0,0.0,0.0,0.0,0.0,0.0,100.0
20151103151001,0.0,0.0,0.0,0.0,0.0,0.0,0.0,100.0
20151103151031,0.0,0.0,0.0,0.0,0.0,0.0,0.0,100.0
20151103151101,0.0,0.0,0.0,0.0,0.0,0.0,0.0,100.0
20151103151131,0.0,0.0,0.0,0.0,0.0,0.0,0.0,100.0
20151103151201,0.0,0.0,0.0,0.0,0.0,0.0,0.0,100.0
20151103151231,0.0,0.0,0.0,0.0,0.0,0.0,0.0,100.0
20151103151301,0.0,0.0,0.0,0.0,0.0,0.0,0.0,100.0
20151103151331,0.0,0.0,0.0,0.0,0.0,0.0,0.0,100.0
20151103151401,0.0,0.0,0.0,0.0,0.0,0.0,0.0,100.0
20151103151431,0.0,0.0,0.0,0.0,0.0,0.0,0.0,100.0
20151103151501,0.0,0.0,0.0,0.0,0.0,0.0,0.0,100.0
20151103151531,0.0,0.0,0.0,0.0,0.0,0.0,0.0,100.0
20151103151601,0.0,0.0,0.0,0.0,0.0,0.0,0.0,100.0
20151103151631,0.0,0.0,0.0,0.0,0.0,0.0,0.0,100.0
20151103151701,0.0,0.0,0.0,0.0,0.0,0.0,0.0,100.0
20151103151731,0.0,0.0,0.0,0.0,0.0,0.0,0.0,100.0
20151103151801,0.0,0.0,0.0,0.0,0.0,0.0,0.0,100.0
20151103151831,0.0,0.0,0.0,0.0,0.0,0.0,0.0,100.0
20151103151901,0.0,0.0,0.0,0.0,0.0,0.0,0.0,100.0
20151103151931,0.0,0.0,0.0,0.0,0.0,0.0,0.0,100.0
20151103152001,0.0,0.0,0.0,0.0,0.0,0.0,0.0,100.0
20151103152031,0.0,0.0,0.0,0.0,0.0,0.0,0.0,100.0
20151103152101,0.0,0.0,0.0,0.0,0.0,0.0,0.0,100.0
20151103152131,0.0,0.0,0.0,0.0,0.0,0.0,0.0,100.0
20151103152201,0.0,0.0,0.0,0.0,0.0,0.0,0.0,100.0
20151103152231,0.0,0.0,0.0,0.0,0.0,0.0,0.0,100.0
20151103152301,0.0,0.0,0.0,0.0,0.0,0.0,0.0,100.0
20151103152331,0.0,0.0,0.0,0.0,0.0,0.0,0.0,100.0
20151103152401,0.0,0.0,0.0,0.0,0.0,0.0,0.0,100.0
20151103152431,0.0,0.0,0.0,0.0,0.0,0.0,0.0,100.0
20151103152501,0.0,0.0,0.0,0.0,0.0,0.0,0.0,100.0
20151103152531,0.0,0.0,0.0,0.0,0.0,0.0,0.0,100.0
20151103152601,0.0,0.0,0.0,0.0,0.0,0.0,0.0,100.0
20151103152631,0.0,0.0,0.0,0.0,0.0,0.0,0.0,100.0
20151103152701,0.0,0.0,0.0,0.0,0.0,0.0,0.0,100.0
20151103152731,0.0,0.0,0.0,0.0,0.0,0.0,0.0,100.0
20151103152801,0.0,0.0,0.0,0.0,0.0,0.0,0.0,100.0
20151103152831,0.0,0.0,0.0,0.0,0.0,0.0,0.0,100.0
20151103152901,0.0,0.0,0.0,0.0,0.0,0.0,0.0,100.0
20151103152931,0.0,0.0,0.0,0.0,0.0,0.0,0.0,100.0
20151103153001,0.0,0.0,0.0,0.0,0.0,0.0,0.0,100.0
20151103153031,0.0,0.0,0.0,0.0,0.0,0.0,0.0,100.0
20151103153101,0.0,0.0,0.0,0.0,0.0,0.0,0.0,100.0
20151103153131,0.0,0.0,0.0,0.0,0.0,0.0,0.0,100.0
20151103153201,0.0,0.0,0.0,0.0,0.0,0.0,0.0,100.0
20151103153231,0.0,0.0,0.0,0.0,0.0,0.0,0.0,100.0
20151103153301,0.0,0.0,0.0,0.0,0.0,0.0,0.0,100.0
20151103153331,0.0,0.0,0.0,0.0,0.0,0.0,0.0,100.0
20151103153401,0.0,0.0,0.0,0.0,0.0,0.0,0.0,100.0
20151103153431,0.0,0.0,0.0,0.0,0.0,0.0,0.0,100.0
20151103153501,0.0,0.0,0.0,0.0,0.0,0.0,0.0,100.0
20151103153531,0.0,0.0,0.0,0.0,0.0,0.0,0.0,100.0
20151103153601,0.0,0.0,0.0,0.0,0.0,0.0,0.0,100.0
20151103153631,0.0,0.0,0.0,0.0,0.0,0.0,0.0,100.0
20151103153701,0.0,0.0,0.0,0.0,0.0,0.0,0.1,99.9
20151103153731,0.0,0.0,0.0,0.0,0.0,0.0,0.0,100.0
20151103153932,0.0,0.0,0.0,0.0,0.0,0.0,0.0,100.0
20151103154002,0.0,0.0,0.0,0.0,0.0,0.0,0.0,100.0
20151103154032,0.0,0.0,0.0,0.0,0.0,0.0,0.0,100.0
20151103154102,0.0,0.0,0.0,0.0,0.0,0.0,0.0,100.0
20151103154132,0.0,0.0,0.0,0.0,0.0,0.0,0.0,100.0
20151103154202,0.0,0.0,0.0,0.0,0.0,0.0,0.0,100.0
20151103154232,0.0,0.0,0.0,0.0,0.0,0.0,0.0,100.0
20151103154302,0.0,0.0,0.0,0.0,0.0,0.0,0.0,100.0
20151103154332,0.0,0.0,0.0,0.0,0.0,0.0,0.0,100.0
20151103154402,0.0,0.0,0.0,0.0,0.0,0.0,0.0,100.0
20151103154432,0.0,0.0,0.0,0.0,0.0,0.0,0.0,100.0
20151103154502,0.0,0.0,0.0,0.0,0.0,0.0,0.0,100.0
20151103154532,0.0,0.0,0.0,0.0,0.0,0.0,0.0,100.0
20151103154602,0.0,0.0,0.0,0.0,0.0,0.0,0.0,100.0
20151103154632,0.0,0.0,0.0,0.0,0.0,0.0,0.0,100.0
20151103154702,0.0,0.0,0.0,0.0,0.0,0.0,0.0,100.0
20151103154732,0.0,0.0,0.0,0.0,0.0,0.0,0.0,100.0
20151103154802,0.0,0.0,0.0,0.0,0.0,0.0,0.0,100.0
20151103154832,0.0,0.0,0.0,0.0,0.0,0.0,0.0,100.0
20151103154902,0.0,0.0,0.0,0.0,0.0,0.0,0.0,100.0
20151103154932,0.0,0.0,0.0,0.0,0.0,0.0,0.0,100.0
20151103155002,0.0,0.0,0.0,0.0,0.0,0.0,0.0,100.0
20151103155032,0.0,0.0,0.0,0.0,0.0,0.0,0.0,100.0
20151103155102,0.0,0.0,0.0,0.0,0.0,0.0,0.1,99.9
20151103155132,0.0,0.0,0.0,0.0,0.0,0.0,0.2,99.8
20151103155202,0.0,0.0,0.0,0.0,0.0,0.0,0.0,100.0
20151103155232,0.0,0.0,0.0,0.0,0.0,0.0,0.0,100.0
20151103155302,0.0,0.0,0.0,0.0,0.0,0.0,0.0,100.0
20151103155332,0.0,0.0,0.0,0.0,0.0,0.0,0.0,100.0
20151103155402,0.0,0.0,0.0,0.0,0.0,0.0,0.0,100.0
20151103155432,0.0,0.0,0.0,0.0,0.0,0.0,0.0,100.0
20151103155502,0.0,0.0,0.0,0.0,0.0,0.0,0.0,100.0
20151103155532,0.0,0.0,0.0,0.0,0.0,0.0,0.0,100.0
20151103155602,0.0,0.0,0.0,0.1,0.0,0.0,0.0,99.9
20151103155632,0.0,0.0,0.0,0.0,0.0,0.0,0.0,100.0
20151103155702,0.0,0.0,0.0,0.0,0.0,0.0,0.0,100.0
20151103155732,0.0,0.0,0.0,0.0,0.0,0.0,0.0,100.0
20151103155802,0.0,0.0,0.0,0.0,0.0,0.0,0.1,99.9
20151103155832,0.0,0.0,0.0,0.0,0.0,0.0,0.0,100.0
20151103155902,0.0,0.0,0.0,0.0,0.0,0.0,0.1,99.9
20151103155932,0.0,0.0,0.0,0.0,0.0,0.0,0.1,99.9
20151103160002,0.0,0.0,0.0,0.0,0.0,0.0,0.0,100.0
20151103160032,0.0,0.0,0.0,1.0,0.0,0.0,0.2,98.9
20151103160102,0.0,0.0,0.0,0.2,0.0,0.0,0.3,99.4
20151103160132,0.0,0.0,0.0,0.0,0.0,0.0,0.2,99.8
20151103160202,0.0,0.0,0.0,0.8,0.0,0.0,0.7,98.5
20151103160232,0.0,0.0,0.0,0.1,0.0,0.0,1.1,98.8
20151103160302,0.0,0.0,0.0,23.9,0.0,0.0,2.7,73.4
20151103160332,0.0,0.0,0.0,3.1,0.0,0.0,4.5,92.3
20151103160402,0.0,0.0,0.1,2.9,0.0,0.0,32.9,64.1
20151103160432,0.0,0.0,0.0,0.4,0.0,0.0,70.4,29.2
20151103160502,0.0,0.0,0.0,0.5,0.0,0.0,38.7,60.7
20151103160532,0.0,0.0,0.8,3.4,0.0,0.0,50.0,45.8
20151103160603,0.0,0.0,1.0,1.2,0.0,0.0,47.2,50.5
20151103160633,0.0,0.0,0.1,1.5,0.0,0.0,71.6,26.9
20151103160703,0.0,0.0,0.0,1.0,0.0,0.0,7.5,91.6
20151103160733,0.0,0.0,0.1,2.0,0.0,0.0,47.5,50.3
20151103160803,0.0,0.0,0.0,7.6,0.0,0.0,31.2,61.1
20151103160833,0.0,0.0,0.2,1.0,0.0,0.0,47.9,50.9
20151103160903,0.0,0.0,0.0,0.3,0.0,0.0,5.4,94.3
20151103160933,0.0,0.0,0.3,14.8,0.0,0.0,33.7,51.3
20151103161003,0.0,0.0,0.7,2.6,0.0,0.0,51.1,45.5
20151103161033,0.0,0.0,0.1,2.9,0.0,0.0,28.5,68.5
20151103161103,0.0,0.0,0.3,3.4,0.0,0.0,19.7,76.6
20151103161133,0.0,0.0,0.3,78.0,0.0,0.0,17.5,4.1
20151103161203,0.0,0.0,0.1,38.9,0.0,0.0,57.8,3.1
20151103161233,0.0,0.0,0.0,3.4,0.0,0.0,90.1,6.5
20151103161303,0.0,0.0,0.1,39.9,0.0,0.0,47.0,13.0
20151103161333,0.0,0.0,0.0,77.2,0.0,0.0,16.7,6.0
20151103161403,0.0,0.0,0.4,11.8,0.0,0.0,48.6,39.2
20151103161433,0.0,0.0,0.3,25.8,0.0,0.0,35.6,38.3
20151103161503,0.0,0.0,0.2,2.9,0.0,0.0,66.6,30.3
20151103161533,0.0,0.0,0.2,54.0,0.0,0.0,35.7,10.1
20151103161603,0.0,0.0,0.1,16.0,0.0,0.0,64.0,19.9
20151103161633,0.0,0.0,0.1,2.6,0.0,0.0,71.7,25.6
20151103161703,0.0,0.0,0.1,1.1,0.0,0.0,89.8,9.1
20151103161733,0.0,0.0,0.0,2.7,0.0,0.0,86.9,10.4
20151103161803,0.0,0.0,0.1,1.0,0.0,0.0,84.7,14.2
20151103161833,0.0,0.0,0.1,4.3,0.0,0.0,81.0,14.6
20151103161903,0.0,0.0,0.0,2.8,0.0,0.0,87.0,10.2
20151103161933,0.0,0.0,0.0,6.3,0.0,0.0,79.6,14.0
20151103162003,0.0,0.0,0.0,12.1,0.0,0.0,63.2,24.6
20151103162033,0.0,0.0,0.0,2.7,0.0,0.0,85.0,12.3
20151103162103,0.0,0.0,0.0,0.8,0.0,0.0,97.2,2.0
20151103162133,0.0,0.0,0.0,2.3,0.0,0.0,94.0,3.7
20151103162203,0.0,0.0,0.1,2.3,0.0,0.0,81.8,15.8
20151103162233,0.0,0.0,0.0,1.9,0.0,0.0,92.5,5.6
20151103162303,0.0,0.0,0.0,1.2,0.0,0.0,94.2,4.6
20151103162333,0.0,0.0,0.0,1.3,0.0,0.0,95.7,3.0
20151103162403,0.0,0.0,0.0,0.3,0.0,0.0,97.2,2.5
20151103162433,0.0,0.0,0.0,0.2,0.0,0.0,82.0,17.8
20151103162503,0.0,0.0,0.0,0.1,0.0,0.0,97.3,2.6
20151103162533,0.0,0.0,0.0,0.5,0.0,0.0,95.4,4.1
20151103162603,0.0,0.0,0.0,0.5,0.0,0.0,94.3,5.2
20151103162633,0.0,0.0,0.0,0.4,0.0,0.0,93.6,6.0
20151103162703,0.0,0.0,0.0,1.2,0.0,0.0,95.2,3.6
20151103162733,0.0,0.0,0.1,0.5,0.0,0.0,88.5,10.9
20151103162803,0.0,0.0,0.0,2.3,0.0,0.0,92.1,5.6
20151103162833,0.0,0.0,0.0,1.2,0.0,0.0,88.8,9.9
20151103162903,0.0,0.0,0.0,1.0,0.0,0.0,89.5,9.4
20151103162933,0.0,0.0,0.0,3.6,0.0,0.0,72.9,23.5
20151103163003,0.0,0.0,0.0,0.4,0.0,0.0,92.4,7.2
20151103163033,0.0,0.0,0.0,0.1,0.0,0.0,95.2,4.8
20151103163103,0.0,0.0,0.0,0.1,0.0,0.0,97.2,2.7
20151103163133,0.0,0.0,0.0,0.0,0.0,0.0,98.7,1.2
20151103163203,0.0,0.0,0.0,0.3,0.0,0.0,87.3,12.4
20151103163233,0.0,0.0,0.0,0.2,0.0,0.0,95.0,4.9
20151103163303,0.0,0.0,0.0,0.1,0.0,0.0,91.1,8.7
20151103163333,0.0,0.0,0.0,1.7,0.0,0.0,93.5,4.9
20151103163403,0.0,0.0,0.0,0.4,0.0,0.0,98.6,1.0
20151103163433,0.0,0.0,0.0,0.1,0.0,0.0,97.5,2.3
20151103163503,0.0,0.0,0.0,0.3,0.0,0.0,80.3,19.4
20151103163533,0.0,0.0,0.0,0.2,0.0,0.0,95.7,4.1
20151103163603,0.0,0.0,0.0,0.2,0.0,0.0,96.7,3.1
20151103163633,0.0,0.0,0.0,0.6,0.0,0.0,91.8,7.6
20151103163703,0.0,0.0,0.0,0.3,0.0,0.0,97.3,2.4
20151103163733,0.0,0.0,0.0,0.4,0.0,0.0,91.6,8.0
20151103163803,0.0,0.0,0.1,3.1,0.0,0.0,86.1,10.6
20151103163833,0.0,0.0,0.1,3.0,0.0,0.0,94.2,2.7
20151103163903,0.0,0.0,0.0,1.5,0.0,0.0,93.6,4.9
20151103163933,0.0,0.0,0.0,0.6,0.0,0.0,95.5,3.8
20151103164004,0.0,0.0,0.0,5.6,0.0,0.0,83.8,10.6
20151103164034,0.0,0.0,0.0,4.4,0.0,0.0,93.2,2.3
20151103164104,0.0,0.0,0.1,2.7,0.0,0.0,90.4,6.8
20151103164134,0.0,0.0,0.1,20.8,0.0,0.1,67.6,11.5
20151103164204,0.0,0.0,0.1,43.2,0.0,0.0,35.6,21.0
20151103164234,0.0,0.0,0.0,82.9,0.0,0.0,11.8,5.3
20151103164304,0.0,0.0,0.0,47.2,0.0,0.0,35.2,17.5
20151103164334,0.0,0.0,0.0,26.4,0.0,0.0,50.9,22.7
20151103164404,0.0,0.0,0.1,53.8,0.0,0.0,42.8,3.3
20151103164434,0.0,0.0,0.0,7.2,0.0,0.0,90.5,2.2
20151103164504,0.0,0.0,0.2,30.1,0.0,0.0,67.1,2.6
20151103164534,0.0,0.0,0.1,1.7,0.0,0.0,96.8,1.4
20151103164604,0.0,0.0,0.0,2.4,0.0,0.0,95.4,2.1
20151103164634,0.0,0.0,0.1,4.0,0.0,0.0,93.5,2.3
20151103164704,0.0,0.0,0.1,7.1,0.0,0.0,87.6,5.2
20151103164734,0.0,0.0,0.0,2.3,0.0,0.0,97.1,0.6
20151103164804,0.0,0.0,0.0,0.2,0.0,0.0,99.4,0.4
20151103164834,0.0,0.0,0.0,9.6,0.0,0.0,89.6,0.8
20151103164904,0.0,0.0,0.0,0.3,0.0,0.0,99.5,0.1
20151103164934,0.0,0.0,0.0,0.2,0.0,0.0,99.6,0.1
20151103165004,0.0,0.0,0.0,1.3,0.0,0.0,98.0,0.7
20151103165034,0.0,0.0,0.0,4.8,0.0,0.0,94.9,0.3
20151103165104,0.0,0.0,0.0,2.3,0.0,0.0,97.4,0.3
20151103165134,0.0,0.0,0.0,3.8,0.0,0.0,95.1,1.1
20151103165204,0.0,0.0,0.1,16.0,0.0,0.0,70.7,13.1
20151103165234,0.0,0.0,0.1,14.7,0.0,0.0,80.0,5.2
20151103165304,0.0,0.0,0.1,6.0,0.0,0.0,87.8,6.0
20151103165334,0.0,0.0,0.1,6.0,0.0,0.0,92.1,1.8
20151103165404,0.0,0.0,0.0,1.3,0.0,0.0,97.6,1.0
20151103165434,0.0,0.0,0.0,5.1,0.0,0.0,94.7,0.1
20151103165504,0.0,0.0,0.3,16.6,0.0,0.0,81.0,2.1
20151103165534,0.0,0.0,0.0,1.9,0.0,0.0,97.1,1.1
20151103165604,0.0,0.0,0.2,4.9,0.0,0.0,91.7,3.2
20151103165634,0.0,0.0,0.1,1.8,0.0,0.0,97.6,0.5
20151103165704,0.0,0.0,0.0,82.9,0.0,0.0,16.6,0.4
20151103165734,0.0,0.0,0.0,92.7,0.0,0.0,6.2,1.0
20151103165804,0.0,0.0,0.0,97.1,0.0,0.0,2.8,0.2
20151103165834,0.0,0.0,0.1,93.1,0.0,0.0,4.4,2.4
20151103165904,0.0,0.0,0.0,99.8,0.0,0.0,0.1,0.1
20151103165934,0.0,0.0,0.0,99.7,0.0,0.0,0.2,0.1
20151103170004,0.0,0.0,0.0,98.6,0.0,0.0,0.1,1.3
20151103170034,0.0,0.0,0.0,95.2,0.0,0.0,0.0,4.8
20151103170104,0.0,0.0,0.0,99.6,0.0,0.0,0.0,0.4
20151103170134,0.0,0.0,0.0,99.0,0.0,0.0,0.0,1.0
20151103170204,0.0,0.0,0.0,98.5,0.0,0.0,0.2,1.3
20151103170234,0.0,0.0,0.0,95.1,0.0,0.0,2.2,2.6
20151103170304,0.0,0.0,0.0,49.9,0.0,0.0,3.5,46.6
20151103170334,0.0,0.0,0.0,70.4,0.0,0.0,25.7,3.8
20151103170404,0.0,0.0,0.0,13.5,0.0,0.0,55.2,31.2
20151103170434,0.0,0.0,0.0,11.6,0.0,0.0,44.9,43.5
20151103170504,0.0,0.0,0.0,59.3,0.0,0.0,37.8,3.0
20151103170534,0.0,0.0,0.0,91.8,0.0,0.0,2.4,5.8
20151103170604,0.0,0.0,0.0,99.8,0.0,0.0,0.1,0.1
20151103170634,0.0,0.0,0.0,96.0,0.0,0.0,1.6,2.4
20151103170704,0.0,0.0,0.0,98.4,0.0,0.0,1.3,0.2
20151103170734,0.0,0.0,0.0,98.2,0.0,0.0,0.6,1.2
20151103170804,0.0,0.0,0.0,100.0,0.0,0.0,0.0,0.0
20151103170834,0.0,0.0,0.0,100.0,0.0,0.0,0.0,0.0
20151103170904,0.0,0.0,0.0,100.0,0.0,0.0,0.0,0.0
20151103170934,0.0,0.0,0.0,100.0,0.0,0.0,0.0,0.0
20151103171004,0.0,0.0,0.0,100.0,0.0,0.0,0.0,0.0
20151103171034,0.0,0.0,0.0,100.0,0.0,0.0,0.0,0.0
20151103171104,0.0,0.0,0.0,100.0,0.0,0.0,0.0,0.0
20151103171134,0.0,0.0,0.0,100.0,0.0,0.0,0.0,0.0
20151103171204,0.0,0.0,0.0,100.0,0.0,0.0,0.0,0.0
20151103171234,0.0,0.0,0.0,100.0,0.0,0.0,0.0,0.0
20151103171304,0.0,0.0,0.0,100.0,0.0,0.0,0.0,0.0
20151103171334,0.0,0.0,0.0,100.0,0.0,0.0,0.0,0.0
20151103171405,0.0,0.0,0.0,100.0,0.0,0.0,0.0,0.0
20151103171435,0.0,0.0,0.0,99.4,0.0,0.0,0.0,0.6
20151103171505,0.0,0.0,0.0,99.9,0.0,0.0,0.0,0.1
20151103171535,0.0,0.0,0.0,100.0,0.0,0.0,0.0,0.0
20151103171605,0.0,0.0,0.0,99.2,0.0,0.0,0.0,0.8
20151103171635,0.0,0.0,0.0,99.6,0.0,0.0,0.0,0.4
20151103171705,0.0,0.0,0.0,97.2,0.0,0.0,0.0,2.8
20151103171735,0.0,0.0,0.0,98.3,0.0,0.0,0.0,1.7
20151103171805,0.0,0.0,0.0,99.5,0.0,0.0,0.0,0.5
20151103171835,0.0,0.0,0.0,99.9,0.0,0.0,0.0,0.1
20151103171905,0.0,0.0,0.0,98.6,0.0,0.0,0.0,1.4
20151103171935,0.0,0.0,0.0,98.1,0.0,0.0,0.0,1.9
20151103172005,0.0,0.0,0.0,99.2,0.0,0.0,0.0,0.7
20151103172035,0.0,0.0,0.0,99.9,0.0,0.0,0.0,0.1
20151103172105,0.0,0.0,0.0,99.9,0.0,0.0,0.0,0.1
20151103172135,0.0,0.0,0.0,98.5,0.0,0.0,0.2,1.3
20151103172205,0.0,0.0,0.0,98.7,0.0,0.0,1.2,0.1
20151103172235,0.0,0.0,0.0,100.0,0.0,0.0,0.0,0.0
20151103172305,0.0,0.0,0.0,98.7,0.0,0.0,1.1,0.2
20151103172335,0.0,0.0,0.0,99.5,0.0,0.0,0.2,0.3
20151103172405,0.0,0.0,0.0,85.2,0.0,0.0,0.3,14.5
20151103172435,0.0,0.0,0.0,95.2,0.0,0.0,2.1,2.7
20151103172505,0.0,0.0,0.0,91.9,0.0,0.0,3.7,4.4
20151103172535,0.0,0.0,0.0,18.2,0.0,0.0,16.5,65.3
20151103172605,0.0,0.0,0.0,27.9,0.0,0.0,4.8,67.3
20151103172635,0.0,0.0,0.0,55.1,0.0,0.0,9.5,35.5
20151103172705,0.0,0.0,0.0,25.0,0.0,0.0,36.0,39.0
20151103172735,0.0,0.0,0.0,75.8,0.0,0.0,21.7,2.5
20151103172805,0.0,0.0,0.0,61.8,0.0,0.0,37.5,0.7
20151103172835,0.0,0.0,0.0,31.7,0.0,0.0,66.5,1.8
20151103172905,0.0,0.0,0.0,32.4,0.0,0.0,66.4,1.2
20151103172935,0.0,0.0,0.0,78.6,0.0,0.0,9.1,12.3
20151103173005,0.0,0.0,0.0,35.5,0.0,0.0,35.7,28.8
20151103173035,0.0,0.0,0.0,78.6,0.0,0.0,20.1,1.3
20151103173105,0.0,0.0,0.0,48.7,0.0,0.0,33.0,18.3
20151103173135,0.0,0.0,0.0,13.2,0.0,0.0,60.8,25.9
20151103173205,0.0,0.0,0.0,18.0,0.0,0.0,29.2,52.8
20151103173235,0.0,0.0,0.0,7.0,0.0,0.0,26.8,66.1
20151103173305,0.0,0.0,0.0,7.5,0.0,0.0,82.6,9.9
20151103173335,0.0,0.0,0.0,40.5,0.0,0.0,56.8,2.6
20151103173405,0.0,0.0,0.0,41.7,0.0,0.0,57.0,1.3
20151103173435,0.0,0.0,0.0,3.0,0.0,0.0,93.2,3.8
20151103173505,0.0,0.0,0.0,4.0,0.0,0.0,60.2,35.8
20151103173535,0.0,0.0,0.0,18.5,0.0,0.0,19.8,61.7
20151103173605,0.0,0.0,0.0,7.2,0.0,0.0,45.3,47.4
20151103173635,0.0,0.0,0.0,53.2,0.0,0.0,18.3,28.4
20151103173705,0.0,0.0,0.0,18.5,0.0,0.0,69.9,11.6
20151103173735,0.0,0.0,0.0,67.0,0.0,0.0,31.1,1.9
20151103173805,0.0,0.0,0.0,67.4,0.0,0.0,18.8,13.8
20151103173835,0.0,0.0,0.0,44.7,0.0,0.0,51.4,3.9
20151103173905,0.0,0.0,0.0,14.2,0.0,0.0,84.8,0.9
20151103173935,0.0,0.0,0.0,53.4,0.0,0.0,18.5,28.1
20151103174005,0.0,0.0,0.0,7.5,0.0,0.0,30.8,61.8
20151103174035,0.0,0.0,0.0,89.3,0.0,0.0,10.1,0.6
20151103174105,0.0,0.0,0.0,73.7,0.0,0.0,11.0,15.3
20151103174136,0.0,0.0,0.0,65.5,0.0,0.0,20.5,14.0
20151103174206,0.0,0.0,0.0,8.4,0.0,0.0,52.0,39.6
20151103174236,0.0,0.0,0.0,33.1,0.0,0.0,65.0,1.9
20151103174306,0.0,0.0,0.0,20.5,0.0,0.0,70.8,8.6
20151103174336,0.0,0.0,0.0,6.9,0.0,0.0,91.3,1.8
20151103174406,0.0,0.0,0.0,19.8,0.0,0.0,71.9,8.3
20151103174436,0.0,0.0,0.0,0.7,0.0,0.0,98.5,0.8
20151103174506,0.0,0.0,0.0,2.2,0.0,0.0,87.4,10.4
20151103174536,0.0,0.0,0.0,12.1,0.0,0.0,63.5,24.3
20151103174606,0.0,0.0,0.0,19.6,0.0,0.0,50.8,29.5
20151103174636,0.0,0.0,0.0,37.5,0.0,0.0,48.4,14.2
20151103174706,0.0,0.0,0.0,63.2,0.0,0.0,22.2,14.5
20151103174736,0.0,0.0,0.0,75.4,0.0,0.0,22.5,2.1
20151103174806,0.0,0.0,0.0,18.4,0.0,0.0,57.5,24.1
20151103174836,0.0,0.0,0.0,64.6,0.0,0.0,35.0,0.4
20151103174906,0.0,0.0,0.0,10.4,0.0,0.0,80.2,9.4
20151103174936,0.0,0.0,0.0,44.0,0.0,0.0,54.6,1.4
20151103175006,0.0,0.0,0.0,63.2,0.0,0.0,29.2,7.6
20151103175036,0.0,0.0,0.0,3.0,0.0,0.0,94.9,2.2
20151103175106,0.0,0.0,0.0,7.7,0.0,0.0,89.7,2.6
20151103175136,0.0,0.0,0.0,7.5,0.0,0.0,87.8,4.7
20151103175206,0.0,0.0,0.0,1.8,0.0,0.0,69.4,28.8
20151103175236,0.0,0.0,0.0,53.1,0.0,0.0,18.2,28.7
20151103175306,0.0,0.0,0.0,94.1,0.0,0.0,2.6,3.3
20151103175336,0.0,0.0,0.0,70.7,0.0,0.0,0.1,29.1
20151103175406,0.0,0.0,0.0,79.3,0.0,0.0,16.2,4.4
20151103175436,0.0,0.0,0.0,91.0,0.0,0.0,3.4,5.5
20151103175506,0.0,0.0,0.0,54.8,0.0,0.0,23.7,21.5
20151103175536,0.0,0.0,0.0,25.9,0.0,0.0,54.5,19.5
20151103175606,0.0,0.0,0.0,93.5,0.0,0.0,5.3,1.2
20151103175636,0.0,0.0,0.0,25.8,0.0,0.0,59.5,14.6
20151103175706,0.0,0.0,0.0,7.1,0.0,0.0,81.2,11.7
20151103175736,0.0,0.0,0.0,1.2,0.0,0.0,93.3,5.5
20151103175806,0.0,0.0,0.0,0.6,0.0,0.0,90.8,8.6
20151103175836,0.0,0.0,0.0,0.6,0.0,0.0,98.5,0.9
20151103175906,0.0,0.0,0.0,2.1,0.0,0.0,91.9,5.9
20151103175936,0.0,0.0,0.0,0.2,0.0,0.0,99.1,0.8
20151103180006,0.0,0.0,0.0,0.1,0.0,0.0,99.3,0.6
20151103180036,0.0,0.0,0.0,1.3,0.0,0.0,97.7,1.0
20151103180106,0.0,0.0,0.0,0.2,0.0,0.0,99.5,0.3
20151103180136,0.0,0.0,0.0,0.1,0.0,0.0,99.8,0.1
20151103180206,0.0,0.0,0.0,0.2,0.0,0.0,99.7,0.2
20151103180236,0.0,0.0,0.0,0.4,0.0,0.0,99.5,0.1
20151103180306,0.0,0.0,0.0,0.2,0.0,0.0,99.2,0.6
20151103180336,0.0,0.0,0.0,0.3,0.0,0.0,99.6,0.0
20151103180406,0.0,0.0,0.0,0.1,0.0,0.0,99.8,0.1
20151103180436,0.0,0.0,0.0,0.4,0.0,0.0,99.4,0.2
20151103180506,0.0,0.0,0.0,0.4,0.0,0.0,99.3,0.2
20151103180536,0.0,0.0,0.0,0.1,0.0,0.0,99.3,0.6
20151103180606,0.0,0.0,0.0,0.3,0.0,0.0,98.6,1.1
20151103180636,0.0,0.0,0.0,0.5,0.0,0.0,99.4,0.1
20151103180706,0.0,0.0,0.0,0.1,0.0,0.0,99.3,0.6
20151103180736,0.0,0.0,0.0,0.5,0.0,0.0,99.3,0.2
20151103180806,0.0,0.0,0.0,0.4,0.0,0.0,99.6,0.0
20151103180836,0.0,0.0,0.0,0.1,0.0,0.0,99.9,0.0
20151103180906,0.0,0.0,0.0,0.7,0.0,0.0,98.9,0.4
20151103180936,0.0,0.0,0.0,2.7,0.0,0.0,97.1,0.2
20151103181006,0.0,0.0,0.0,1.7,0.0,0.0,98.2,0.1
20151103181036,0.0,0.0,0.0,2.9,0.0,0.0,96.9,0.1
20151103181106,0.0,0.0,0.0,9.3,0.0,0.0,78.5,12.2
20151103181136,0.0,0.0,0.0,12.8,0.0,0.0,85.9,1.3
20151103181206,0.0,0.0,0.0,80.2,0.0,0.0,18.6,1.1
20151103181236,0.0,0.0,0.0,22.7,0.0,0.0,75.8,1.5
20151103181306,0.0,0.0,0.0,65.5,0.0,0.0,26.2,8.3
20151103181336,0.0,0.0,0.0,94.4,0.0,0.0,5.2,0.5
20151103181406,0.0,0.0,0.0,28.1,0.0,0.0,49.1,22.8
20151103181436,0.0,0.0,0.0,10.0,0.0,0.0,88.3,1.7
20151103181506,0.0,0.0,0.0,34.7,0.0,0.0,44.0,21.3
20151103181537,0.0,0.0,0.0,67.8,0.0,0.0,31.6,0.6
20151103181607,0.0,0.0,0.0,3.1,0.0,0.0,90.3,6.5
20151103181637,0.0,0.0,0.0,5.4,0.0,0.0,90.3,4.3
20151103181707,0.0,0.0,0.0,1.9,0.0,0.0,94.9,3.2
20151103181737,0.0,0.0,0.0,0.5,0.0,0.0,95.8,3.7
20151103181807,0.0,0.0,0.0,4.9,0.0,0.0,81.6,13.4
20151103181837,0.0,0.0,0.0,0.3,0.0,0.0,96.0,3.7
20151103181907,0.0,0.0,0.0,3.7,0.0,0.0,91.4,4.8
20151103181937,0.0,0.0,0.0,0.6,0.0,0.0,98.2,1.2
20151103182007,0.0,0.0,0.0,1.4,0.0,0.0,96.4,2.2
20151103182037,0.0,0.0,0.0,1.0,0.0,0.0,96.8,2.2
20151103182107,0.0,0.0,0.0,14.7,0.0,0.0,83.6,1.8
20151103182137,0.0,0.0,0.0,2.5,0.0,0.0,92.0,5.5
20151103182207,0.0,0.0,0.0,13.5,0.0,0.0,85.6,0.9
20151103182237,0.0,0.0,0.0,12.1,0.0,0.0,87.1,0.8
20151103182307,0.0,0.0,0.0,4.5,0.0,0.0,87.7,7.8
20151103182337,0.0,0.0,0.0,2.9,0.0,0.0,96.8,0.4
20151103182407,0.0,0.0,0.0,2.0,0.0,0.0,97.6,0.4
20151103182437,0.0,0.0,0.0,11.5,0.0,0.0,87.4,1.1
20151103182507,0.0,0.0,0.0,12.1,0.0,0.0,86.4,1.5
20151103182537,0.0,0.0,0.0,52.1,0.0,0.0,28.7,19.2
20151103182607,0.0,0.0,0.0,84.1,0.0,0.0,13.8,2.2
20151103182637,0.0,0.0,0.0,9.7,0.0,0.0,61.4,28.9
20151103182707,0.0,0.0,0.0,53.6,0.0,0.0,33.5,12.9
20151103182737,0.0,0.0,0.0,88.6,0.0,0.0,4.4,6.9
20151103182807,0.0,0.0,0.0,99.5,0.0,0.0,0.3,0.2
20151103182837,0.0,0.0,0.0,100.0,0.0,0.0,0.0,0.0
20151103182907,0.0,0.0,0.0,97.8,0.0,0.0,0.5,1.7
20151103182937,0.0,0.0,0.0,99.3,0.0,0.0,0.1,0.6
20151103183007,0.0,0.0,0.0,99.8,0.0,0.0,0.0,0.2
20151103183037,0.0,0.0,0.0,94.5,0.0,0.0,0.2,5.4
20151103183107,0.0,0.0,0.0,99.7,0.0,0.0,0.0,0.3
20151103183137,0.0,0.0,0.0,99.3,0.0,0.0,0.0,0.7
20151103183207,0.0,0.0,0.0,100.0,0.0,0.0,0.0,0.0
20151103183237,0.0,0.0,0.0,100.0,0.0,0.0,0.0,0.0
20151103183307,0.0,0.0,0.0,99.4,0.0,0.0,0.0,0.6
20151103183337,0.0,0.0,0.0,99.7,0.0,0.0,0.2,0.0
20151103183407,0.0,0.0,0.0,96.3,0.0,0.0,2.0,1.7
20151103183437,0.0,0.0,0.0,87.7,0.0,0.0,5.5,6.8
20151103183507,0.0,0.0,0.0,97.4,0.0,0.0,0.9,1.7
20151103183537,0.0,0.0,0.0,99.1,0.0,0.0,0.6,0.3
20151103183607,0.0,0.0,0.0,99.8,0.0,0.0,0.1,0.2
20151103183637,0.0,0.0,0.0,96.7,0.0,0.0,1.0,2.3
20151103183707,0.0,0.0,0.0,97.5,0.0,0.0,0.5,2.0
20151103183737,0.0,0.0,0.0,97.4,0.0,0.0,1.0,1.6
20151103183807,0.0,0.0,0.0,93.9,0.0,0.0,4.5,1.6
20151103183837,0.0,0.0,0.0,19.8,0.0,0.0,28.8,51.4
20151103183907,0.0,0.0,0.0,76.5,0.0,0.0,16.2,7.3
20151103183937,0.0,0.0,0.0,60.1,0.0,0.0,30.3,9.7
20151103184007,0.0,0.0,0.0,28.4,0.0,0.0,68.5,3.1
20151103184037,0.0,0.0,0.0,8.3,0.0,0.0,64.1,27.6
20151103184107,0.0,0.0,0.0,15.2,0.0,0.0,67.3,17.4
20151103184137,0.0,0.0,0.0,57.7,0.0,0.0,19.2,23.1
20151103184207,0.0,0.0,0.0,74.7,0.0,0.0,13.5,11.7
20151103184237,0.0,0.0,0.0,16.0,0.0,0.0,75.1,8.9
20151103184307,0.0,0.0,0.0,14.7,0.0,0.0,40.6,44.7
20151103184337,0.0,0.0,0.0,61.1,0.0,0.0,14.2,24.7
20151103184407,0.0,0.0,0.0,17.5,0.0,0.0,1.2,81.3
20151103184437,0.0,0.0,0.0,41.6,0.0,0.0,13.8,44.5
20151103184507,0.0,0.0,0.0,54.7,0.0,0.0,39.6,5.7
20151103184537,0.0,0.0,0.0,4.1,0.0,0.0,61.3,34.6
20151103184607,0.0,0.0,0.0,82.6,0.0,0.0,13.9,3.5
20151103184637,0.0,0.0,0.0,67.3,0.0,0.0,12.6,20.1
20151103184707,0.0,0.0,0.0,18.0,0.0,0.0,42.6,39.4
20151103184737,0.0,0.0,0.0,59.1,0.0,0.0,39.2,1.7
20151103184807,0.0,0.0,0.0,3.3,0.0,0.0,76.6,20.1
20151103184837,0.0,0.0,0.0,18.5,0.0,0.0,60.6,20.8
20151103184907,0.0,0.0,0.0,13.7,0.0,0.0,82.1,4.2
20151103184937,0.0,0.0,0.0,1.9,0.0,0.0,80.4,17.7
20151103185008,0.0,0.0,0.0,2.7,0.0,0.0,96.2,1.0
20151103185038,0.0,0.0,0.0,7.8,0.0,0.0,90.9,1.3
20151103185108,0.0,0.0,0.0,38.2,0.0,0.0,58.6,3.2
20151103185138,0.0,0.0,0.0,19.8,0.0,0.0,45.5,34.7
20151103185208,0.0,0.0,0.0,90.9,0.0,0.0,7.4,1.7
20151103185238,0.0,0.0,0.0,44.2,0.0,0.0,23.1,32.6
20151103185308,0.0,0.0,0.0,69.7,0.0,0.0,11.3,19.0
20151103185338,0.0,0.0,0.0,50.3,0.0,0.0,24.5,25.2
20151103185408,0.0,0.0,0.0,32.8,0.0,0.0,46.0,21.1
20151103185438,0.0,0.0,0.0,8.5,0.0,0.0,70.6,20.8
20151103185508,0.0,0.0,0.0,11.9,0.0,0.0,83.4,4.7
20151103185538,0.0,0.0,0.0,95.1,0.0,0.0,3.5,1.4
20151103185608,0.0,0.0,0.0,93.2,0.0,0.0,6.4,0.4
20151103185638,0.0,0.0,0.0,93.4,0.0,0.0,6.5,0.1
20151103185708,0.0,0.0,0.0,62.0,0.0,0.0,34.9,3.1
20151103185738,0.0,0.0,0.0,96.6,0.0,0.0,3.3,0.1
20151103185808,0.0,0.0,0.0,65.0,0.0,0.0,14.1,20.9
20151103185838,0.0,0.0,0.0,88.8,0.0,0.0,7.8,3.4
20151103185908,0.0,0.0,0.0,66.7,0.0,0.0,6.4,26.9
20151103185938,0.0,0.0,0.0,46.5,0.0,0.0,5.2,48.3
20151103190008,0.0,0.0,0.0,83.6,0.1,0.0,14.0,2.3
20151103190038,0.0,0.0,0.0,94.1,0.0,0.0,5.6,0.2
20151103190108,0.0,0.0,0.0,2.6,0.0,0.0,95.6,1.8
20151103190138,0.0,0.0,0.1,81.6,0.0,0.0,17.3,1.0
20151103190208,0.0,0.0,0.1,58.8,0.1,0.0,31.8,9.2
20151103190238,0.0,0.0,0.0,89.7,0.0,0.0,8.8,1.5
20151103190308,0.0,0.0,0.0,80.9,0.0,0.0,18.4,0.6
20151103190338,0.0,0.0,0.0,19.7,0.0,0.0,78.0,2.3
20151103190408,0.0,0.0,0.0,92.0,0.0,0.0,7.6,0.5
20151103190438,0.0,0.0,0.0,45.1,0.0,0.0,47.9,7.0
20151103190508,0.0,0.0,0.0,56.6,0.0,0.0,32.4,11.1
20151103190538,0.0,0.0,0.0,74.5,0.0,0.0,5.3,20.2
20151103190608,0.0,0.0,0.0,85.0,0.0,0.0,9.3,5.6
20151103190638,0.0,0.0,0.0,49.6,0.0,0.0,15.8,34.6
20151103190708,0.0,0.0,0.0,82.6,0.0,0.0,4.3,13.1
20151103190738,0.0,0.0,0.0,89.0,0.0,0.0,2.5,8.5
20151103190808,0.0,0.0,0.0,67.5,0.0,0.0,10.3,22.2
20151103190838,0.0,0.0,0.0,78.9,0.0,0.0,2.4,18.7
20151103190908,0.0,0.0,0.0,66.6,0.0,0.0,8.3,25.1
20151103190938,0.0,0.0,0.0,77.3,0.0,0.0,6.2,16.5
20151103191008,0.0,0.0,0.0,93.9,0.0,0.0,5.8,0.3
20151103191038,0.0,0.0,0.0,87.8,0.0,0.0,9.2,2.9
20151103191108,0.0,0.0,0.0,38.3,0.0,0.0,44.6,17.0
20151103191138,0.0,0.0,0.0,73.4,0.0,0.0,19.1,7.4
20151103191208,0.0,0.0,0.0,22.8,0.0,0.0,70.8,6.4
20151103191238,0.0,0.0,0.0,19.9,0.0,0.0,74.7,5.4
20151103191308,0.0,0.0,0.0,59.6,0.0,0.0,32.4,7.9
20151103191338,0.0,0.0,0.0,65.4,0.0,0.0,30.9,3.6
20151103191408,0.0,0.0,0.0,22.2,0.0,0.0,74.2,3.6
20151103191438,0.0,0.0,0.0,50.5,0.0,0.0,47.4,2.1
20151103191508,0.0,0.0,0.0,3.6,0.0,0.0,93.1,3.3
20151103191538,0.0,0.0,0.0,7.1,0.0,0.0,43.5,49.3
20151103191608,0.0,0.0,0.0,20.8,0.0,0.0,67.1,12.1
20151103191638,0.0,0.0,0.0,4.6,0.0,0.0,85.4,10.0
20151103191708,0.0,0.0,0.0,0.8,0.0,0.0,90.9,8.3
20151103191739,0.0,0.0,0.0,7.6,0.0,0.0,87.2,5.2
20151103191809,0.0,0.0,0.0,5.2,0.0,0.0,93.8,1.0
20151103191839,0.0,0.0,0.0,2.5,0.0,0.0,94.7,2.8
20151103191909,0.0,0.0,0.0,2.4,0.0,0.0,91.1,6.5
20151103191939,0.0,0.0,0.0,3.6,0.0,0.0,93.4,2.9
20151103192009,0.0,0.0,0.0,6.6,0.0,0.0,70.3,23.1
20151103192039,0.0,0.0,0.0,1.5,0.0,0.0,80.4,18.1
20151103192109,0.0,0.0,0.0,1.3,0.0,0.0,86.5,12.2
20151103192139,0.0,0.0,0.0,1.0,0.0,0.0,80.5,18.5
20151103192209,0.0,0.0,0.0,4.3,0.0,0.0,88.9,6.8
20151103192239,0.0,0.0,0.0,2.0,0.0,0.0,92.4,5.6
20151103192309,0.0,0.0,0.0,0.3,0.0,0.0,98.3,1.4
20151103192339,0.0,0.0,0.0,21.2,0.0,0.0,75.9,2.8
20151103192409,0.0,0.0,0.0,0.9,0.0,0.0,97.1,2.1
20151103192439,0.0,0.0,0.0,0.7,0.0,0.0,99.0,0.3
20151103192509,0.0,0.0,0.0,0.1,0.0,0.0,99.9,0.0
20151103192539,0.0,0.0,0.0,0.7,0.0,0.0,99.2,0.1
20151103192609,0.0,0.0,0.0,0.2,0.0,0.0,99.7,0.1
20151103192639,0.0,0.0,0.0,0.2,0.0,0.0,99.0,0.7
20151103192709,0.0,0.0,0.0,0.0,0.0,0.0,99.9,0.1
20151103192739,0.0,0.0,0.0,0.0,0.0,0.0,100.0,0.0
20151103192809,0.0,0.0,0.0,0.1,0.0,0.0,99.8,0.1
20151103192839,0.0,0.0,0.0,0.1,0.0,0.0,99.8,0.1
20151103192909,0.0,0.0,0.0,0.1,0.0,0.0,99.5,0.4
20151103192939,0.0,0.0,0.0,0.0,0.0,0.0,99.8,0.1
20151103193009,0.0,0.0,0.0,0.0,0.0,0.0,100.0,0.0
20151103193039,0.0,0.0,0.0,0.0,0.0,0.0,99.8,0.2
20151103193109,0.0,0.0,0.0,0.0,0.0,0.0,99.9,0.0
20151103193139,0.0,0.0,0.0,0.0,0.0,0.0,99.9,0.1
20151103193209,0.0,0.0,0.0,0.0,0.0,0.0,99.9,0.0
20151103193239,0.0,0.0,0.0,0.0,0.0,0.0,100.0,0.0
20151103193309,0.0,0.0,0.0,0.0,0.0,0.0,99.9,0.0
20151103193339,0.0,0.0,0.0,0.0,0.0,0.0,100.0,0.0
20151103193409,0.0,0.0,0.0,0.0,0.0,0.0,100.0,0.0
20151103193439,0.0,0.0,0.0,0.0,0.0,0.0,100.0,0.0
20151103193509,0.0,0.0,0.0,0.0,0.0,0.0,100.0,0.0
20151103193539,0.0,0.0,0.0,0.0,0.0,0.0,99.9,0.1
20151103193609,0.0,0.0,0.0,0.2,0.0,0.0,99.6,0.2
20151103193639,0.0,0.0,0.0,0.0,0.0,0.0,99.8,0.2
20151103193709,0.0,0.0,0.0,0.0,0.0,0.0,100.0,0.0
20151103193739,0.0,0.0,0.0,0.0,0.0,0.0,100.0,0.0
20151103193809,0.0,0.0,0.0,0.0,0.0,0.0,100.0,0.0
20151103193839,0.0,0.0,0.0,0.0,0.0,0.0,99.9,0.0
20151103193909,0.0,0.0,0.0,0.0,0.0,0.0,99.9,0.1
20151103193939,0.0,0.0,0.0,0.1,0.0,0.0,99.8,0.1
20151103194009,0.0,0.0,0.0,0.0,0.0,0.0,99.9,0.0
20151103194039,0.0,0.0,0.0,0.0,0.0,0.0,100.0,0.0
20151103194109,0.0,0.0,0.0,0.1,0.0,0.0,99.9,0.0
20151103194139,0.0,0.0,0.0,0.0,0.0,0.0,100.0,0.0
20151103194209,0.0,0.0,0.0,0.0,0.0,0.0,99.9,0.1
20151103194239,0.0,0.0,0.0,0.0,0.0,0.0,99.9,0.1
20151103194309,0.0,0.0,0.0,0.1,0.0,0.0,99.4,0.5
20151103194339,0.0,0.0,0.0,0.2,0.0,0.0,99.2,0.6
20151103194409,0.0,0.0,0.0,0.2,0.0,0.0,99.1,0.7
20151103194439,0.0,0.0,0.0,0.0,0.0,0.0,99.9,0.0
20151103194509,0.0,0.0,0.0,0.1,0.0,0.0,99.9,0.0
20151103194539,0.0,0.0,0.0,0.1,0.0,0.0,99.5,0.4
20151103194609,0.0,0.0,0.0,0.3,0.0,0.0,99.7,0.0
20151103194639,0.0,0.0,0.0,0.0,0.0,0.0,99.9,0.1
20151103194709,0.0,0.0,0.0,0.1,0.0,0.0,99.6,0.3
20151103194739,0.0,0.0,0.0,0.1,0.0,0.0,99.7,0.2
20151103194809,0.0,0.0,0.0,0.0,0.0,0.0,99.9,0.0
20151103194839,0.0,0.0,0.0,0.0,0.0,0.0,100.0,0.0
20151103194909,0.0,0.0,0.0,0.0,0.0,0.0,100.0,0.0
20151103194939,0.0,0.0,0.0,0.0,0.0,0.0,100.0,0.0
20151103195009,0.0,0.0,0.0,0.0,0.0,0.0,100.0,0.0
20151103195039,0.0,0.0,0.0,0.0,0.0,0.0,100.0,0.0
20151103195109,0.0,0.0,0.0,0.0,0.0,0.0,100.0,0.0
20151103195139,0.0,0.0,0.0,0.0,0.0,0.0,99.9,0.1
20151103195210,0.0,0.0,0.0,0.0,0.0,0.0,100.0,0.0
20151103195240,0.0,0.0,0.0,0.0,0.0,0.0,100.0,0.0
20151103195310,0.0,0.0,0.0,0.0,0.0,0.0,100.0,0.0
20151103195340,0.0,0.0,0.0,0.0,0.0,0.0,100.0,0.0
20151103195410,0.0,0.0,0.0,0.0,0.0,0.0,100.0,0.0
20151103195440,0.0,0.0,0.0,0.0,0.0,0.0,100.0,0.0
20151103195510,0.0,0.0,0.0,0.0,0.0,0.0,100.0,0.0
20151103195540,0.0,0.0,0.0,0.0,0.0,0.0,100.0,0.0
20151103195610,0.0,0.0,0.0,0.0,0.0,0.0,100.0,0.0
20151103195640,0.0,0.0,0.0,0.0,0.0,0.0,100.0,0.0
20151103195710,0.0,0.0,0.0,0.0,0.0,0.0,100.0,0.0
20151103195740,0.0,0.0,0.0,0.0,0.0,0.0,100.0,0.0
20151103195810,0.0,0.0,0.0,0.0,0.0,0.0,100.0,0.0
20151103195840,0.0,0.0,0.0,0.0,0.0,0.0,100.0,0.0
20151103195910,0.0,0.0,0.0,0.0,0.0,0.0,100.0,0.0
20151103195940,0.0,0.0,0.0,0.0,0.0,0.0,100.0,0.0
20151103200010,0.0,0.0,0.0,0.0,0.0,0.0,100.0,0.0
20151103200040,0.0,0.0,0.0,0.0,0.0,0.0,100.0,0.0
20151103200110,0.0,0.0,0.0,0.0,0.0,0.0,100.0,0.0
20151103200140,0.0,0.0,0.0,0.0,0.0,0.0,100.0,0.0
20151103200210,0.0,0.0,0.0,0.0,0.0,0.0,100.0,0.0
20151103200240,0.0,0.0,0.0,0.0,0.0,0.0,100.0,0.0
20151103200310,0.0,0.0,0.0,0.0,0.0,0.0,100.0,0.0
20151103200340,0.0,0.0,0.0,0.0,0.0,0.0,100.0,0.0
20151103200410,0.0,0.0,0.0,0.0,0.0,0.0,100.0,0.0
20151103200440,0.0,0.0,0.0,0.0,0.0,0.0,100.0,0.0
20151103200510,0.0,0.0,0.0,0.0,0.0,0.0,100.0,0.0
20151103200540,0.0,0.0,0.0,0.0,0.0,0.0,100.0,0.0
20151103200610,0.0,0.0,0.0,0.0,0.0,0.0,99.9,0.1
20151103200640,0.0,0.0,0.0,0.0,0.0,0.0,100.0,0.0
20151103200710,0.0,0.0,0.0,0.1,0.0,0.0,99.9,0.0
20151103200740,0.0,0.0,0.0,0.0,0.0,0.0,99.9,0.0
20151103200810,0.0,0.0,0.0,0.1,0.0,0.0,99.8,0.1
20151103200840,0.0,0.0,0.0,0.1,0.0,0.0,99.9,0.0
20151103200910,0.0,0.0,0.0,0.3,0.0,0.0,99.3,0.4
20151103200940,0.0,0.1,0.1,22.6,0.0,0.0,69.8,7.5
20151103201010,0.0,0.0,0.0,1.3,0.0,0.0,97.1,1.6
20151103201040,0.0,0.0,0.0,26.2,0.0,0.0,73.5,0.2
20151103201110,0.0,0.0,0.0,92.9,0.0,0.0,6.1,1.0
20151103201140,0.0,0.0,0.0,99.4,0.0,0.0,0.1,0.5
20151103201210,0.0,0.0,0.0,99.6,0.0,0.0,0.0,0.4
20151103201240,0.0,0.0,0.0,99.9,0.0,0.0,0.0,0.1
20151103201310,0.0,0.0,0.0,99.6,0.0,0.0,0.0,0.4
20151103201340,0.0,0.0,0.0,98.5,0.0,0.0,0.0,1.4
20151103201410,0.0,0.0,0.0,99.8,0.0,0.0,0.0,0.2
20151103201440,0.0,0.0,0.0,99.2,0.0,0.0,0.0,0.7
20151103201510,0.0,0.0,0.0,99.9,0.0,0.0,0.0,0.1
20151103201540,0.0,0.0,0.0,100.0,0.0,0.0,0.0,0.0
20151103201610,0.0,0.0,0.0,99.8,0.0,0.0,0.0,0.1
20151103201640,0.0,0.0,0.0,100.0,0.0,0.0,0.0,0.0
20151103201710,0.0,0.0,0.0,97.5,0.0,0.0,0.0,2.5
20151103201740,0.0,0.0,0.0,99.8,0.0,0.0,0.0,0.2
20151103201810,0.0,0.0,0.0,99.9,0.0,0.0,0.0,0.1
20151103201840,0.0,0.0,0.0,97.4,0.0,0.0,0.0,2.6
20151103201910,0.0,0.0,0.0,97.8,0.0,0.0,0.0,2.2
20151103201940,0.0,0.0,0.0,98.1,0.0,0.0,0.0,1.8
20151103202010,0.0,0.0,0.0,95.0,0.0,0.0,0.0,5.0
20151103202040,0.0,0.0,0.0,83.0,0.0,0.0,0.1,16.9
20151103202110,0.0,0.0,0.0,85.8,0.0,0.0,0.0,14.1
20151103202140,0.0,0.0,0.1,90.8,0.0,0.0,0.1,8.9
20151103202210,0.0,0.0,0.0,93.7,0.0,0.0,0.2,6.1
20151103202240,0.0,0.0,0.1,96.7,0.0,0.0,0.0,3.2
20151103202310,0.0,0.0,0.0,91.1,0.0,0.0,0.1,8.8
20151103202340,0.0,0.0,0.0,96.3,0.0,0.0,0.9,2.8
20151103202410,0.0,0.0,0.0,96.5,0.0,0.0,3.1,0.4
20151103202440,0.0,0.0,0.0,2.8,0.0,0.0,89.6,7.6
20151103202510,0.0,0.0,0.0,0.1,0.0,0.0,77.8,22.2
20151103202540,0.0,0.0,0.0,0.0,0.0,0.0,99.3,0.6
20151103202611,0.0,0.0,0.0,0.0,0.0,0.0,99.9,0.1
20151103202641,0.0,0.0,0.0,0.0,0.0,0.0,100.0,0.0
20151103202711,0.0,0.0,0.0,0.0,0.0,0.0,100.0,0.0
20151103202741,0.0,0.0,0.0,0.0,0.0,0.0,100.0,0.0
20151103202811,0.0,0.0,0.0,0.0,0.0,0.0,100.0,0.0
20151103202841,0.0,0.0,0.0,0.0,0.0,0.0,100.0,0.0
20151103202911,0.0,0.0,0.0,0.0,0.0,0.0,99.9,0.0
20151103202941,0.0,0.0,0.0,0.7,0.0,0.0,99.0,0.3
20151103203011,0.0,0.0,0.0,9.4,0.0,0.0,90.2,0.4
20151103203041,0.0,0.0,0.0,80.9,0.0,0.0,7.9,11.2
20151103203111,0.0,0.0,0.0,90.6,0.0,0.0,7.5,1.8
20151103203141,0.0,0.0,0.0,91.2,0.0,0.0,1.9,6.9
20151103203211,0.0,0.0,0.0,63.2,0.0,0.0,24.9,11.9
20151103203241,0.0,0.0,0.0,66.8,0.0,0.0,32.0,1.2
20151103203311,0.0,0.0,0.0,68.2,0.0,0.0,11.7,20.0
20151103203341,0.0,0.0,0.0,96.2,0.0,0.0,2.3,1.6
20151103203411,0.0,0.0,0.0,65.5,0.0,0.0,23.4,11.1
20151103203441,0.0,0.0,0.0,75.0,0.0,0.0,19.8,5.2
20151103203511,0.0,0.0,0.0,74.1,0.0,0.0,17.2,8.7
20151103203541,0.0,0.0,0.1,62.7,0.0,0.0,17.9,19.3
20151103203611,0.0,0.0,0.1,12.2,0.0,0.0,58.4,29.2
20151103203641,0.0,0.0,0.0,2.8,0.0,0.0,51.2,46.0
20151103203711,0.0,0.0,0.0,8.9,0.0,0.0,77.9,13.1
20151103203741,0.0,0.0,0.0,7.3,0.0,0.0,87.5,5.2
20151103203811,0.0,0.0,0.0,2.5,0.0,0.0,96.5,1.0
20151103203841,0.0,0.0,0.0,3.6,0.0,0.0,93.0,3.3
20151103203911,0.0,0.0,0.0,5.2,0.0,0.0,93.9,0.9
20151103203941,0.0,0.0,0.0,2.1,0.0,0.0,96.4,1.4
20151103204011,0.0,0.0,0.0,0.9,0.0,0.0,96.0,3.0
20151103204041,0.0,0.0,0.0,0.5,0.0,0.0,99.2,0.3
20151103204111,0.0,0.0,0.0,0.4,0.0,0.0,98.3,1.3
20151103204141,0.0,0.0,0.1,1.0,0.0,0.0,97.2,1.8
20151103204211,0.0,0.0,0.1,4.5,0.0,0.0,92.5,2.8
20151103204241,0.0,0.0,0.0,2.5,0.0,0.0,96.1,1.3
20151103204311,0.0,0.0,0.0,0.6,0.0,0.0,98.9,0.4
20151103204341,0.0,0.0,0.0,1.9,0.0,0.0,97.5,0.6
20151103204411,0.0,0.0,0.0,0.2,0.0,0.0,99.8,0.1
20151103204441,0.0,0.0,0.0,0.0,0.0,0.0,99.9,0.0
20151103204511,0.0,0.0,0.0,0.0,0.0,0.0,99.9,0.0
20151103204541,0.0,0.0,0.0,0.0,0.0,0.0,99.9,0.1
20151103204611,0.0,0.0,0.0,0.0,0.0,0.0,99.9,0.0
20151103204641,0.0,0.0,0.0,0.0,0.0,0.0,100.0,0.0
20151103204711,0.0,0.0,0.0,0.0,0.0,0.0,100.0,0.0
20151103204741,0.0,0.0,0.0,0.0,0.0,0.0,100.0,0.0
20151103204811,0.0,0.0,0.0,0.0,0.0,0.0,100.0,0.0
20151103204841,0.0,0.0,0.0,0.0,0.0,0.0,100.0,0.0
20151103204911,0.0,0.0,0.0,0.0,0.0,0.0,100.0,0.0
20151103204941,0.0,0.0,0.0,0.1,0.0,0.0,99.9,0.1
20151103205011,0.0,0.0,0.0,0.1,0.0,0.0,99.8,0.1
20151103205041,0.0,0.0,0.0,0.2,0.0,0.0,99.5,0.3
20151103205111,0.0,0.0,0.0,0.3,0.0,0.0,99.5,0.2
20151103205141,0.0,0.0,0.0,0.2,0.0,0.0,99.8,0.0
20151103205211,0.0,0.0,0.0,0.1,0.0,0.0,99.9,0.0
20151103205241,0.0,0.0,0.0,0.1,0.0,0.0,99.9,0.0
20151103205311,0.0,0.0,0.0,0.2,0.0,0.0,99.7,0.0
20151103205341,0.0,0.0,0.0,0.0,0.0,0.0,99.9,0.0
20151103205411,0.0,0.0,0.0,0.0,0.0,0.0,99.9,0.1
20151103205441,0.0,0.0,0.0,0.1,0.0,0.0,99.7,0.2
20151103205511,0.0,0.0,0.0,0.3,0.0,0.0,98.6,1.1
20151103205541,0.0,0.0,0.0,0.1,0.0,0.0,99.5,0.3
20151103205611,0.0,0.0,0.0,0.1,0.0,0.0,99.8,0.0
20151103205641,0.0,0.0,0.0,0.5,0.0,0.0,99.4,0.1
20151103205711,0.0,0.0,0.0,1.6,0.0,0.0,98.0,0.3
20151103205741,0.0,0.0,0.1,8.2,0.1,0.0,89.7,2.0
20151103205811,0.0,0.0,0.0,16.1,0.0,0.0,83.6,0.3
20151103205841,0.0,0.0,0.0,11.1,0.0,0.0,88.0,0.9
20151103205911,0.0,0.0,0.0,28.3,0.0,0.0,70.7,1.0
20151103205941,0.0,0.0,0.0,14.6,0.0,0.0,84.6,0.7
20151103210012,0.0,0.0,0.2,14.6,0.2,0.0,83.3,1.7
20151103210042,0.0,0.0,0.0,3.8,0.0,0.0,96.2,0.0
20151103210112,0.0,0.0,0.0,33.4,0.0,0.0,64.6,2.0
20151103210142,0.0,0.0,0.0,79.6,0.0,0.0,19.4,0.9
20151103210212,0.0,0.0,0.0,83.7,0.0,0.0,12.3,4.0
20151103210242,0.0,0.0,0.0,44.9,0.0,0.0,18.4,36.7
20151103210312,0.0,0.0,0.0,29.1,0.0,0.0,46.1,24.8
20151103210342,0.0,0.0,0.0,18.8,0.0,0.0,65.3,15.9
20151103210412,0.0,0.0,0.0,22.9,0.0,0.0,64.2,12.9
20151103210442,0.0,0.0,0.0,4.8,0.0,0.0,70.8,24.4
20151103210512,0.0,0.0,0.0,8.4,0.0,0.1,72.9,18.5
20151103210542,0.0,0.0,0.1,2.4,0.0,0.1,85.7,11.7
20151103210612,0.0,0.0,0.0,0.7,0.0,0.0,98.4,0.9
20151103210642,0.0,0.0,0.0,0.4,0.0,0.0,97.5,2.0
20151103210712,0.0,0.0,0.0,0.3,0.0,0.0,98.9,0.8
20151103210742,0.0,0.0,0.0,0.2,0.0,0.0,98.2,1.6
20151103210812,0.0,0.0,0.0,0.7,0.0,0.0,98.5,0.7
20151103210842,0.0,0.0,0.0,0.1,0.0,0.0,97.2,2.7
20151103210912,0.0,0.0,0.0,0.4,0.0,0.0,96.5,3.1
20151103210942,0.0,0.0,0.0,0.1,0.0,0.0,99.4,0.5
20151103211012,0.0,0.0,0.0,0.2,0.0,0.0,98.9,0.9
20151103211042,0.0,0.0,0.1,0.3,0.0,0.0,98.3,1.3
20151103211112,0.0,0.0,0.0,0.3,0.0,0.0,96.0,3.6
20151103211142,0.0,0.0,0.0,3.9,0.0,0.0,95.7,0.4
20151103211212,0.0,0.0,0.1,1.7,0.0,0.0,97.7,0.5
20151103211242,0.0,0.0,0.0,1.2,0.0,0.0,97.9,0.9
20151103211312,0.0,0.0,0.0,0.9,0.0,0.0,98.9,0.1
20151103211342,0.0,0.0,0.0,0.0,0.0,0.0,99.7,0.3
20151103211412,0.0,0.0,0.0,0.4,0.0,0.0,99.0,0.5
20151103211442,0.0,0.0,0.0,0.0,0.0,0.0,99.4,0.5
20151103211512,0.0,0.0,0.0,0.0,0.0,0.0,99.6,0.4
20151103211542,0.0,0.0,0.0,0.1,0.0,0.0,99.8,0.1
20151103211612,0.0,0.0,0.0,0.1,0.0,0.0,99.8,0.1
20151103211642,0.0,0.0,0.0,0.1,0.0,0.0,99.8,0.1
20151103211712,0.0,0.0,0.0,0.0,0.0,0.0,99.9,0.0
20151103211742,0.0,0.0,0.0,0.1,0.0,0.0,99.9,0.0
20151103211812,0.0,0.0,0.0,0.4,0.0,0.0,99.4,0.2
20151103211842,0.0,0.0,0.0,0.1,0.0,0.0,99.8,0.0
20151103211912,0.0,0.0,0.0,0.3,0.0,0.0,99.7,0.0
20151103211942,0.0,0.0,0.0,0.5,0.0,0.0,99.1,0.3
20151103212012,0.0,0.0,0.0,0.1,0.0,0.0,99.7,0.2
20151103212042,0.0,0.0,0.0,0.1,0.0,0.0,99.6,0.2
20151103212112,0.0,0.0,0.0,0.1,0.0,0.0,99.6,0.2
20151103212142,0.0,0.0,0.0,0.4,0.0,0.0,99.5,0.1
20151103212212,0.0,0.0,0.0,0.3,0.0,0.0,99.3,0.4
20151103212242,0.0,0.0,0.0,0.2,0.0,0.0,97.6,2.2
20151103212312,0.0,0.0,0.0,0.4,0.0,0.0,99.4,0.2
20151103212342,0.0,0.0,0.0,0.1,0.0,0.0,99.6,0.2
20151103212412,0.0,0.0,0.0,0.0,0.0,0.0,97.1,2.9
20151103212442,0.0,0.0,0.0,0.1,0.0,0.0,99.7,0.2
20151103212512,0.0,0.0,0.0,0.0,0.0,0.0,99.9,0.1
20151103212542,0.0,0.0,0.0,0.5,0.0,0.0,99.4,0.1
20151103212612,0.0,0.0,0.0,0.3,0.0,0.0,99.5,0.2
20151103212642,0.0,0.0,0.0,0.1,0.0,0.0,99.8,0.1
20151103212712,0.0,0.0,0.0,0.3,0.0,0.0,99.1,0.6
20151103212743,0.0,0.0,0.0,1.3,0.0,0.0,98.1,0.6
20151103212813,0.0,0.0,0.0,0.1,0.0,0.0,99.8,0.2
20151103212843,0.0,0.0,0.0,0.1,0.0,0.0,99.7,0.2
20151103212913,0.0,0.0,0.0,0.2,0.0,0.0,99.7,0.1
20151103212943,0.0,0.0,0.0,0.3,0.0,0.0,98.9,0.7
