UT,arc,discrete,diffuse,ac,ab,clear,cloudy,dd
20151118135200,0.0,0.0,0.0,0.0,0.0,0.0,0.0,100.0
20151118135230,0.0,0.0,0.0,0.0,0.0,0.0,0.0,100.0
20151118135300,0.0,0.0,0.0,0.0,0.0,0.0,0.0,100.0
20151118135330,0.0,0.0,0.0,0.0,0.0,0.0,0.0,100.0
20151118135400,0.0,0.0,0.0,0.0,0.0,0.0,0.1,99.9
20151118135430,0.0,0.0,0.0,0.0,0.0,0.0,0.0,100.0
20151118135500,0.0,0.0,0.0,0.0,0.0,0.0,0.0,100.0
20151118135530,0.0,0.0,0.0,0.0,0.0,0.0,0.0,100.0
20151118135600,0.0,0.0,0.0,0.0,0.0,0.0,0.0,100.0
20151118135630,0.0,0.0,0.0,0.0,0.0,0.0,0.0,100.0
20151118135700,0.0,0.0,0.0,0.0,0.0,0.0,0.0,100.0
20151118135730,0.0,0.0,0.0,0.0,0.0,0.0,0.0,100.0
20151118135800,0.0,0.0,0.0,0.0,0.0,0.0,0.0,100.0
20151118135830,0.0,0.0,0.0,0.0,0.0,0.0,0.0,100.0
20151118135900,0.0,0.0,0.0,0.0,0.0,0.0,0.0,100.0
20151118135930,0.0,0.0,0.0,0.0,0.0,0.0,0.0,100.0
20151118140000,0.0,0.0,0.0,0.0,0.0,0.0,0.0,100.0
20151118140030,0.0,0.0,0.0,0.0,0.0,0.0,0.0,100.0
20151118140100,0.0,0.0,0.0,0.0,0.0,0.0,0.0,100.0
20151118140130,0.0,0.0,0.0,0.0,0.0,0.0,0.0,100.0
20151118140200,0.0,0.0,0.0,0.0,0.0,0.0,0.0,100.0
20151118140230,0.0,0.0,0.0,0.0,0.0,0.0,0.0,100.0
20151118140300,0.0,0.0,0.0,0.0,0.0,0.0,0.0,100.0
20151118140330,0.0,0.0,0.0,0.0,0.0,0.0,0.0,100.0
20151118140400,0.0,0.0,0.0,0.0,0.0,0.0,0.0,100.0
20151118140430,0.0,0.0,0.0,0.0,0.0,0.0,0.0,100.0
20151118140500,0.0,0.0,0.0,0.0,0.0,0.0,0.0,100.0
20151118140530,0.0,0.0,0.0,0.0,0.0,0.0,0.0,100.0
20151118140600,0.0,0.0,0.0,0.0,0.0,0.0,0.0,100.0
20151118140630,0.0,0.0,0.0,0.0,0.0,0.0,0.0,100.0
20151118140700,0.0,0.0,0.0,0.0,0.0,0.0,0.0,100.0
20151118140730,0.0,0.0,0.0,0.0,0.0,0.0,0.0,100.0
20151118140800,0.0,0.0,0.0,0.0,0.0,0.0,0.0,100.0
20151118140830,0.0,0.0,0.0,0.0,0.0,0.0,0.0,100.0
20151118140900,0.0,0.0,0.0,0.0,0.0,0.0,0.0,100.0
20151118140930,0.0,0.0,0.0,0.0,0.0,0.0,0.0,100.0
20151118141000,0.0,0.0,0.0,0.0,0.0,0.0,0.0,100.0
20151118141030,0.0,0.0,0.0,0.0,0.0,0.0,0.0,100.0
20151118141100,0.0,0.0,0.0,0.0,0.0,0.0,0.0,100.0
20151118141130,0.0,0.0,0.0,0.0,0.0,0.0,0.0,100.0
20151118141200,0.0,0.0,0.0,0.0,0.0,0.0,0.0,100.0
20151118141230,0.0,0.0,0.0,0.0,0.0,0.0,0.0,100.0
20151118141300,0.0,0.0,0.0,0.0,0.0,0.0,0.0,100.0
20151118141330,0.0,0.0,0.0,0.0,0.0,0.0,0.0,100.0
20151118141400,0.0,0.0,0.0,0.0,0.0,0.0,0.0,100.0
20151118141430,0.0,0.0,0.0,0.0,0.0,0.0,0.0,100.0
20151118141500,0.0,0.0,0.0,0.0,0.0,0.0,0.0,100.0
20151118141530,0.0,0.0,0.0,0.0,0.0,0.0,0.0,100.0
20151118141600,0.0,0.0,0.0,0.0,0.0,0.0,0.0,100.0
20151118141630,0.0,0.0,0.0,0.0,0.0,0.0,0.0,100.0
20151118141700,0.0,0.0,0.0,0.0,0.0,0.0,0.0,100.0
20151118141730,0.0,0.0,0.0,0.0,0.0,0.0,0.0,100.0
20151118141800,0.0,0.0,0.0,0.0,0.0,0.0,0.0,100.0
20151118141830,0.0,0.0,0.0,0.0,0.0,0.0,0.0,100.0
20151118141900,0.0,0.0,0.0,0.0,0.0,0.0,0.0,100.0
20151118141930,0.0,0.0,0.0,0.0,0.0,0.0,0.0,100.0
20151118142000,0.0,0.0,0.0,0.0,0.0,0.0,0.0,100.0
20151118142030,0.0,0.0,0.0,0.0,0.0,0.0,0.0,100.0
20151118142100,0.0,0.0,0.0,0.0,0.0,0.0,0.0,100.0
20151118142130,0.0,0.0,0.0,0.0,0.0,0.0,0.0,100.0
20151118142200,0.0,0.0,0.0,0.0,0.0,0.0,0.0,100.0
20151118142230,0.0,0.0,0.0,0.0,0.0,0.0,0.0,100.0
20151118142301,0.0,0.0,0.0,0.0,0.0,0.0,0.0,100.0
20151118142331,0.0,0.0,0.0,0.0,0.0,0.0,0.0,100.0
20151118142401,0.0,0.0,0.0,0.0,0.0,0.0,0.0,100.0
20151118142431,0.0,0.0,0.0,0.0,0.0,0.0,0.0,100.0
20151118142501,0.0,0.0,0.0,0.0,0.0,0.0,0.0,100.0
20151118142531,0.0,0.0,0.0,0.0,0.0,0.0,0.0,100.0
20151118142601,0.0,0.0,0.0,0.0,0.0,0.0,0.0,100.0
20151118142631,0.0,0.0,0.0,0.0,0.0,0.0,0.0,100.0
20151118142701,0.0,0.0,0.0,0.0,0.0,0.0,0.0,100.0
20151118142731,0.0,0.0,0.0,0.0,0.0,0.0,0.0,100.0
20151118142801,0.0,0.0,0.0,0.0,0.0,0.0,0.0,100.0
20151118142831,0.0,0.0,0.0,0.0,0.0,0.0,0.0,100.0
20151118142901,0.0,0.0,0.0,0.0,0.0,0.0,0.0,100.0
20151118142931,0.0,0.0,0.0,0.0,0.0,0.0,0.0,100.0
20151118143001,0.0,0.0,0.0,0.0,0.0,0.0,0.0,100.0
20151118143031,0.0,0.0,0.0,0.0,0.0,0.0,0.0,100.0
20151118143101,0.0,0.0,0.0,0.0,0.0,0.0,0.0,100.0
20151118143131,0.0,0.0,0.0,0.0,0.0,0.0,0.0,100.0
20151118143201,0.0,0.0,0.0,0.0,0.0,0.0,0.0,100.0
20151118143231,0.0,0.0,0.0,0.0,0.0,0.0,0.0,100.0
20151118143301,0.0,0.0,0.0,0.0,0.0,0.0,0.0,100.0
20151118143331,0.0,0.0,0.0,0.0,0.0,0.0,0.0,100.0
20151118143401,0.0,0.0,0.0,0.0,0.0,0.0,0.0,100.0
20151118143431,0.0,0.0,0.0,0.0,0.0,0.0,0.0,100.0
20151118143501,0.0,0.0,0.0,0.0,0.0,0.0,0.0,100.0
20151118143531,0.0,0.0,0.0,0.0,0.0,0.0,0.0,100.0
20151118143601,0.0,0.0,0.0,0.0,0.0,0.0,0.0,100.0
20151118143631,0.0,0.0,0.0,0.0,0.0,0.0,0.0,100.0
20151118143701,0.0,0.0,0.0,0.0,0.0,0.0,0.0,100.0
20151118143731,0.0,0.0,0.0,0.0,0.0,0.0,0.0,100.0
20151118143801,0.0,0.0,0.0,0.0,0.0,0.0,0.0,100.0
20151118143831,0.0,0.0,0.0,0.0,0.0,0.0,0.0,100.0
20151118143901,0.0,0.0,0.0,0.0,0.0,0.0,0.0,100.0
20151118143931,0.0,0.0,0.0,0.0,0.0,0.0,0.0,100.0
20151118144001,0.0,0.0,0.0,0.0,0.0,0.0,0.0,100.0
20151118144031,0.0,0.0,0.0,0.0,0.0,0.0,0.0,100.0
20151118144101,0.0,0.0,0.0,0.0,0.0,0.0,0.0,100.0
20151118144131,0.0,0.0,0.0,0.0,0.0,0.0,0.0,100.0
20151118144201,0.0,0.0,0.0,0.0,0.0,0.0,0.0,100.0
20151118144231,0.0,0.0,0.0,0.0,0.0,0.0,0.0,100.0
20151118144301,0.0,0.0,0.0,0.0,0.0,0.0,0.0,100.0
20151118144331,0.0,0.0,0.0,0.0,0.0,0.0,0.0,100.0
20151118144401,0.0,0.0,0.0,0.0,0.0,0.0,0.0,100.0
20151118144431,0.0,0.0,0.0,0.0,0.0,0.0,0.0,100.0
20151118144501,0.0,0.0,0.0,0.0,0.0,0.0,0.0,100.0
20151118144531,0.0,0.0,0.0,0.0,0.0,0.0,0.1,99.9
20151118144601,0.0,0.0,0.0,0.0,0.0,0.0,0.0,100.0
20151118144631,0.0,0.0,0.0,0.0,0.0,0.0,0.1,99.9
20151118144701,0.0,0.0,0.0,0.0,0.0,0.0,0.1,99.9
20151118144731,0.0,0.0,0.0,0.0,0.0,0.0,0.1,99.9
20151118144801,0.0,0.0,0.0,0.0,0.0,0.0,0.1,99.9
20151118144831,0.0,0.0,0.0,0.0,0.0,0.0,0.1,99.9
20151118144901,0.0,0.0,0.0,0.0,0.0,0.0,0.3,99.7
20151118144931,0.0,0.0,0.0,0.0,0.0,0.0,0.9,99.1
20151118145001,0.0,0.0,0.0,0.0,0.0,0.0,0.6,99.4
20151118145031,0.0,0.0,0.0,0.0,0.0,0.0,1.4,98.6
20151118145101,0.0,0.0,0.0,0.0,0.0,0.0,0.5,99.5
20151118145131,0.0,0.0,0.0,0.0,0.0,0.0,1.5,98.5
20151118145331,0.0,0.0,0.0,0.0,0.0,0.0,0.0,100.0
20151118145401,0.0,0.0,0.0,0.0,0.0,0.0,0.0,100.0
20151118145431,0.0,0.0,0.0,0.0,0.0,0.0,0.0,100.0
20151118145501,0.0,0.0,0.0,0.0,0.0,0.0,0.0,100.0
20151118145531,0.0,0.0,0.0,0.0,0.0,0.0,0.0,100.0
20151118145601,0.0,0.0,0.0,0.0,0.0,0.0,0.0,100.0
20151118145631,0.0,0.0,0.0,0.0,0.0,0.0,0.0,100.0
20151118145702,0.0,0.0,0.0,0.0,0.0,0.0,0.1,99.9
20151118145732,0.0,0.0,0.0,0.0,0.0,0.0,0.1,99.9
20151118145802,0.0,0.0,0.0,0.0,0.0,0.0,0.0,100.0
20151118145832,0.0,0.0,0.0,0.0,0.0,0.0,0.3,99.7
20151118145902,0.0,0.0,0.0,0.0,0.0,0.0,0.8,99.2
20151118145932,0.0,0.0,0.0,0.0,0.0,0.0,1.8,98.2
20151118150002,0.0,0.0,0.0,0.0,0.0,0.0,0.2,99.8
20151118150032,0.0,0.0,0.0,0.0,0.0,0.0,0.8,99.2
20151118150102,0.0,0.0,0.0,0.0,0.0,0.0,0.5,99.5
20151118150132,0.0,0.0,0.0,0.0,0.0,0.0,0.3,99.7
20151118150202,0.0,0.0,0.0,0.0,0.0,0.0,0.4,99.6
20151118150232,0.0,0.0,0.0,0.0,0.0,0.0,1.8,98.2
20151118150302,0.0,0.0,0.0,0.0,0.0,0.0,0.2,99.8
20151118150332,0.0,0.0,0.0,0.0,0.0,0.0,1.3,98.7
20151118150402,0.0,0.0,0.0,0.0,0.0,0.0,1.4,98.6
20151118150432,0.0,0.0,0.0,0.0,0.0,0.0,5.2,94.8
20151118150502,0.0,0.0,0.0,0.0,0.0,0.0,1.2,98.8
20151118150532,0.0,0.0,0.0,0.0,0.0,0.0,2.6,97.4
20151118150602,0.0,0.0,0.0,0.0,0.0,0.0,9.3,90.7
20151118150632,0.0,0.0,0.0,0.0,0.0,0.0,7.0,93.0
20151118150702,0.0,0.0,0.0,0.0,0.0,0.0,6.6,93.4
20151118150732,0.0,0.0,0.0,0.0,0.0,0.0,3.6,96.4
20151118150802,0.0,0.0,0.0,0.0,0.0,0.0,0.7,99.3
20151118150832,0.0,0.0,0.0,0.0,0.0,0.0,6.1,93.9
20151118150902,0.0,0.0,0.0,0.0,0.0,0.0,6.7,93.3
20151118150932,0.0,0.0,0.0,0.0,0.0,0.0,55.4,44.6
20151118151002,0.0,0.0,0.0,0.0,0.0,0.0,14.7,85.3
20151118151032,0.0,0.0,0.0,0.0,0.0,0.0,59.0,41.0
20151118151102,0.0,0.0,0.0,0.0,0.0,0.0,17.7,82.3
20151118151132,0.0,0.0,0.0,0.0,0.0,0.0,37.1,62.9
20151118151202,0.0,0.0,0.0,0.0,0.0,0.0,4.8,95.2
20151118151232,0.0,0.0,0.0,0.0,0.0,0.0,26.5,73.5
20151118151302,0.0,0.0,0.0,0.0,0.0,0.0,88.0,12.0
20151118151332,0.0,0.0,0.0,0.0,0.0,0.0,25.0,75.0
20151118151402,0.0,0.0,0.0,0.0,0.0,0.0,33.1,66.9
20151118151432,0.0,0.0,0.0,0.0,0.0,0.0,7.4,92.6
20151118151502,0.0,0.0,0.0,0.0,0.0,0.0,10.2,89.8
20151118151532,0.0,0.0,0.0,0.0,0.0,0.0,0.7,99.3
20151118151602,0.0,0.0,0.0,0.0,0.0,0.0,0.0,100.0
20151118151632,0.0,0.0,0.0,0.0,0.0,0.0,0.2,99.8
20151118151702,0.0,0.0,0.0,0.0,0.0,0.0,0.1,99.9
20151118151732,0.0,0.0,0.0,0.0,0.0,0.0,0.0,100.0
20151118151802,0.0,0.0,0.0,0.0,0.0,0.0,0.0,100.0
20151118151832,0.0,0.0,0.0,0.0,0.0,0.0,0.1,99.9
20151118151902,0.0,0.0,0.0,0.0,0.0,0.0,0.0,100.0
20151118151932,0.0,0.0,0.0,0.0,0.0,0.0,0.0,100.0
20151118152002,0.0,0.0,0.0,0.0,0.0,0.0,0.0,100.0
20151118152032,0.0,0.0,0.0,0.0,0.0,0.0,0.0,100.0
20151118152102,0.0,0.0,0.0,0.0,0.0,0.0,0.0,100.0
20151118152132,0.0,0.0,0.0,0.0,0.0,0.0,0.0,100.0
20151118152202,0.0,0.0,0.0,0.0,0.0,0.0,0.0,100.0
20151118152232,0.0,0.0,0.0,0.0,0.0,0.0,0.0,100.0
20151118152302,0.0,0.0,0.0,0.0,0.0,0.0,0.0,100.0
20151118152332,0.0,0.0,0.0,0.0,0.0,0.0,0.0,100.0
20151118152402,0.0,0.0,0.0,0.0,0.0,0.0,0.0,100.0
20151118152433,0.0,0.0,0.0,0.0,0.0,0.0,0.1,99.9
20151118152503,0.0,0.0,0.0,0.0,0.0,0.0,0.1,99.9
20151118152533,0.0,0.0,0.0,0.0,0.0,0.0,0.0,100.0
20151118152603,0.0,0.0,0.0,0.0,0.0,0.0,0.0,100.0
20151118152633,0.0,0.0,0.0,0.0,0.0,0.0,0.1,99.9
20151118152703,0.0,0.0,0.0,0.0,0.0,0.0,10.4,89.6
20151118152733,0.0,0.0,0.0,0.0,0.0,0.0,0.8,99.2
20151118152803,0.0,0.0,0.0,0.0,0.0,0.0,0.2,99.8
20151118152833,0.0,0.0,0.0,0.0,0.0,0.0,6.7,93.3
20151118152903,0.0,0.0,0.0,0.0,0.0,0.0,20.6,79.4
20151118152933,0.0,0.0,0.0,0.0,0.0,0.0,4.2,95.8
20151118153003,0.0,0.0,0.0,0.0,0.0,0.0,0.1,99.9
20151118153033,0.0,0.0,0.0,0.0,0.0,0.0,1.2,98.8
20151118153103,0.0,0.0,0.0,0.0,0.0,0.0,0.1,99.9
20151118153133,0.0,0.0,0.0,0.0,0.0,0.0,1.2,98.8
20151118153203,0.0,0.0,0.0,0.0,0.0,0.0,1.0,99.0
20151118153233,0.0,0.0,0.0,0.0,0.0,0.0,7.6,92.4
20151118153303,0.0,0.0,0.0,0.0,0.0,0.0,6.8,93.2
20151118153333,0.0,0.0,0.0,0.0,0.0,0.0,13.0,87.0
20151118153403,0.0,0.0,0.0,0.0,0.0,0.0,2.7,97.3
20151118153433,0.0,0.0,0.0,0.0,0.0,0.0,21.3,78.7
20151118153503,0.0,0.0,0.0,0.0,0.0,0.0,15.7,84.3
20151118153533,0.0,0.0,0.0,0.0,0.0,0.0,30.0,70.0
20151118153603,0.0,0.0,0.0,0.0,0.0,0.0,22.2,77.8
20151118153633,0.0,0.0,0.0,0.0,0.0,0.0,13.2,86.8
20151118153703,0.0,0.0,0.0,0.0,0.0,0.0,31.6,68.4
20151118153733,0.0,0.0,0.0,0.0,0.0,0.0,27.8,72.2
20151118153803,0.0,0.0,0.0,0.0,0.0,0.0,26.7,73.3
20151118153833,0.0,0.0,0.0,0.0,0.0,0.0,31.6,68.3
20151118153903,0.0,0.0,0.0,0.0,0.0,0.0,36.9,63.0
20151118153933,0.0,0.0,0.0,0.0,0.0,0.0,11.3,88.7
20151118154003,0.0,0.0,0.0,0.0,0.0,0.0,65.2,34.7
20151118154033,0.0,0.0,0.0,0.0,0.0,0.0,51.4,48.6
20151118154103,0.0,0.0,0.0,0.0,0.0,0.0,60.8,39.2
20151118154133,0.0,0.0,0.0,0.0,0.0,0.0,22.0,78.0
20151118154203,0.0,0.0,0.0,0.0,0.0,0.0,70.3,29.7
20151118154233,0.0,0.0,0.0,0.0,0.0,0.0,89.1,10.9
20151118154303,0.0,0.0,0.0,0.0,0.0,0.0,74.3,25.7
20151118154333,0.0,0.0,0.0,0.0,0.0,0.0,76.6,23.4
20151118154403,0.0,0.0,0.0,0.0,0.0,0.0,38.2,61.8
20151118154433,0.0,0.0,0.0,0.0,0.0,0.0,85.1,14.8
20151118154503,0.0,0.0,0.0,0.0,0.0,0.0,98.8,1.2
20151118154533,0.0,0.0,0.0,0.0,0.0,0.0,68.2,31.8
20151118154603,0.0,0.0,0.0,0.0,0.0,0.0,85.7,14.3
20151118154633,0.0,0.0,0.0,0.0,0.0,0.0,98.3,1.7
20151118154703,0.0,0.0,0.0,0.0,0.0,0.0,86.9,13.1
20151118154733,0.0,0.0,0.0,0.0,0.0,0.0,88.4,11.6
20151118154803,0.0,0.0,0.0,0.0,0.0,0.0,98.8,1.2
20151118154833,0.0,0.0,0.0,0.0,0.0,0.0,99.2,0.8
20151118154903,0.0,0.0,0.0,0.0,0.0,0.0,98.9,1.1
20151118154933,0.0,0.0,0.0,0.0,0.0,0.0,81.3,18.7
20151118155003,0.0,0.0,0.0,0.0,0.0,0.0,74.5,25.5
20151118155033,0.0,0.0,0.0,0.1,0.0,0.0,85.0,14.9
20151118155103,0.0,0.0,0.0,0.0,0.0,0.0,88.0,11.9
20151118155133,0.0,0.0,0.0,0.0,0.0,0.0,57.7,42.3
20151118155203,0.0,0.0,0.0,0.1,0.0,0.0,24.8,75.1
20151118155233,0.0,0.0,0.1,0.2,0.0,0.0,53.4,46.3
20151118155303,0.0,0.0,0.0,0.1,0.0,0.0,68.0,31.9
20151118155333,0.0,0.0,0.0,0.0,0.0,0.0,28.5,71.5
20151118155403,0.0,0.0,0.1,0.1,0.0,0.0,45.2,54.5
20151118155433,0.0,0.0,0.4,8.1,0.1,0.1,44.3,47.1
20151118155503,0.0,0.0,0.0,0.3,0.0,0.0,2.0,97.6
20151118155533,0.0,0.0,0.0,0.5,0.1,0.0,25.3,74.0
20151118155603,0.0,0.0,0.1,4.1,0.1,0.1,41.3,54.3
20151118155633,0.0,0.0,0.2,17.6,0.2,0.0,58.0,24.0
20151118155703,0.0,0.0,0.4,67.2,0.8,0.0,21.0,10.6
20151118155733,0.0,0.0,0.4,73.1,0.2,0.0,24.6,1.7
20151118155803,0.0,0.0,0.2,90.4,0.4,0.0,7.0,2.0
20151118155834,0.0,0.0,0.1,5.7,0.1,0.0,72.8,21.3
20151118155904,0.0,0.0,0.3,38.8,0.2,0.0,51.9,8.7
20151118155934,0.0,0.0,0.1,3.3,0.2,0.0,55.9,40.5
20151118160004,0.0,0.0,0.1,1.4,0.1,0.0,43.6,54.8
20151118160034,0.0,0.0,0.1,1.0,0.1,0.0,53.7,45.1
20151118160104,0.0,0.0,0.1,0.9,0.2,0.0,54.9,43.9
20151118160134,0.0,0.0,1.6,2.2,0.2,0.0,70.2,25.7
20151118160204,0.0,0.0,0.1,9.8,0.2,0.0,74.7,15.2
20151118160234,0.0,0.0,0.2,11.0,0.1,0.0,86.1,2.6
20151118160304,0.0,0.0,0.0,0.1,0.0,0.0,98.5,1.4
20151118160334,0.0,0.0,0.1,0.5,0.0,0.1,89.1,10.2
20151118160404,0.0,0.0,0.1,1.2,0.0,0.0,71.0,27.7
20151118160434,0.0,0.0,0.0,0.2,0.0,0.0,89.7,10.0
20151118160504,0.0,0.0,0.0,0.3,0.0,0.0,91.8,7.9
20151118160534,0.0,0.0,0.0,0.5,0.0,0.0,89.8,9.6
20151118160604,0.0,0.0,0.1,0.6,0.0,0.0,94.9,4.4
20151118160634,0.0,0.0,0.1,0.2,0.0,0.0,78.0,21.7
20151118160704,0.0,0.0,0.3,0.8,0.0,0.0,74.3,24.6
20151118160734,0.0,0.0,0.1,4.8,0.2,0.0,18.8,76.1
20151118160804,0.0,0.0,0.3,83.1,0.2,0.0,8.1,8.4
20151118160834,0.0,0.0,1.1,54.9,0.1,0.0,26.1,17.7
20151118160904,0.0,0.0,0.1,83.0,0.3,0.0,7.2,9.4
20151118160934,0.0,0.0,0.0,99.7,0.3,0.0,0.0,0.0
20151118161004,0.0,0.0,0.0,99.8,0.0,0.0,0.1,0.0
20151118161034,0.0,0.0,0.1,93.9,0.3,0.0,5.1,0.5
20151118161104,0.0,0.0,0.0,96.2,0.7,0.0,3.0,0.1
20151118161134,0.0,0.0,0.0,96.4,0.1,0.0,1.6,1.8
20151118161204,0.0,0.0,0.8,61.2,1.3,0.0,34.6,2.0
20151118161234,0.0,0.0,0.2,94.3,0.4,0.0,4.2,0.8
20151118161304,0.0,0.0,0.1,94.3,0.5,0.0,5.0,0.1
20151118161334,0.0,0.0,0.1,99.2,0.1,0.0,0.6,0.0
20151118161404,0.0,0.0,0.2,99.0,0.2,0.0,0.6,0.1
20151118161434,0.0,0.0,0.8,84.4,0.9,0.0,12.5,1.3
20151118161504,0.0,0.0,0.2,18.9,0.1,0.0,78.3,2.5
20151118161534,0.0,0.0,0.2,59.6,0.0,0.0,40.1,0.1
20151118161604,0.0,0.0,0.0,95.0,0.0,0.0,4.9,0.0
20151118161634,0.0,0.0,0.0,97.9,0.0,0.0,2.1,0.0
20151118161704,0.0,0.0,0.1,85.3,0.1,0.0,13.7,0.8
20151118161734,0.0,0.0,0.3,42.9,0.0,0.0,56.1,0.6
20151118161804,0.0,0.0,0.5,75.9,0.1,0.0,22.9,0.6
20151118161834,0.0,0.0,0.0,100.0,0.0,0.0,0.0,0.0
20151118161904,0.0,0.0,0.0,99.8,0.2,0.0,0.0,0.0
20151118161934,0.0,0.0,0.0,99.8,0.1,0.0,0.0,0.0
20151118162004,0.0,0.0,0.0,100.0,0.0,0.0,0.0,0.0
20151118162034,0.0,0.0,0.0,100.0,0.0,0.0,0.0,0.0
20151118162104,0.0,0.0,0.0,100.0,0.0,0.0,0.0,0.0
20151118162134,0.0,0.0,0.0,100.0,0.0,0.0,0.0,0.0
20151118162204,0.0,0.0,0.0,100.0,0.0,0.0,0.0,0.0
20151118162234,0.0,0.0,0.0,100.0,0.0,0.0,0.0,0.0
20151118162304,0.0,0.0,0.0,100.0,0.0,0.0,0.0,0.0
20151118162334,0.0,0.0,0.0,100.0,0.0,0.0,0.0,0.0
20151118162404,0.0,0.0,0.0,100.0,0.0,0.0,0.0,0.0
20151118162434,0.0,0.0,0.0,100.0,0.0,0.0,0.0,0.0
20151118162504,0.0,0.0,0.0,100.0,0.0,0.0,0.0,0.0
20151118162534,0.0,0.0,0.0,96.2,0.0,0.0,3.6,0.1
20151118162604,0.0,0.0,0.0,11.9,0.0,0.0,88.0,0.1
20151118162634,0.0,0.0,0.0,7.0,0.0,0.0,89.6,3.4
20151118162704,0.0,0.0,0.0,1.0,0.0,0.0,98.1,0.9
20151118162734,0.0,0.0,0.0,0.1,0.0,0.0,99.6,0.2
20151118162804,0.0,0.0,0.0,0.1,0.0,0.0,99.9,0.0
20151118162834,0.0,0.0,0.0,1.8,0.0,0.0,97.9,0.2
20151118162904,0.0,0.0,0.0,99.8,0.0,0.0,0.1,0.0
20151118162934,0.0,0.0,0.0,100.0,0.0,0.0,0.0,0.0
20151118163004,0.0,0.0,0.0,99.9,0.0,0.0,0.1,0.0
20151118163034,0.0,0.0,0.0,100.0,0.0,0.0,0.0,0.0
20151118163104,0.0,0.0,0.0,99.9,0.0,0.0,0.1,0.0
20151118163134,0.0,0.0,0.0,99.8,0.0,0.0,0.1,0.0
20151118163204,0.0,0.0,0.0,100.0,0.0,0.0,0.0,0.0
20151118163234,0.0,0.0,0.0,100.0,0.0,0.0,0.0,0.0
20151118163305,0.0,0.0,0.0,98.6,0.0,0.0,1.3,0.0
20151118163335,0.0,0.0,0.7,86.8,0.3,0.0,11.9,0.2
20151118163405,0.0,0.0,0.2,88.2,0.1,0.0,11.4,0.1
20151118163435,0.0,0.0,0.2,63.4,0.2,0.0,36.2,0.1
20151118163505,0.0,0.0,0.1,4.6,0.0,0.0,92.0,3.3
20151118163535,0.0,0.0,0.0,0.1,0.0,0.0,94.9,4.9
20151118163605,0.0,0.0,0.3,1.7,0.0,0.0,95.1,2.7
20151118163635,0.0,0.0,0.0,0.0,0.0,0.0,99.1,0.9
20151118163705,0.0,0.0,0.0,0.0,0.0,0.0,99.9,0.1
20151118163735,0.0,0.0,0.0,0.0,0.0,0.0,98.2,1.7
20151118163805,0.0,0.0,0.0,0.1,0.0,0.0,99.5,0.5
20151118163835,0.0,0.0,0.0,0.0,0.0,0.0,97.5,2.5
20151118163905,0.0,0.0,0.0,0.0,0.0,0.0,93.6,6.3
20151118163935,0.0,0.0,0.0,0.0,0.0,0.0,96.6,3.3
20151118164005,0.0,0.0,0.0,0.0,0.0,0.0,99.6,0.3
20151118164035,0.0,0.0,0.0,0.0,0.0,0.0,98.5,1.5
20151118164105,0.0,0.0,0.0,0.0,0.0,0.0,98.7,1.3
20151118164135,0.0,0.0,0.0,0.0,0.0,0.0,82.5,17.4
20151118164205,0.0,0.0,0.0,0.0,0.0,0.0,92.1,7.8
20151118164235,0.0,0.0,0.0,0.0,0.0,0.0,78.7,21.2
20151118164305,0.0,0.0,0.0,0.0,0.0,0.0,99.6,0.4
20151118164335,0.0,0.0,0.0,0.0,0.0,0.0,94.6,5.4
20151118164405,0.0,0.0,0.0,0.0,0.0,0.0,99.2,0.8
20151118164435,0.0,0.0,0.0,0.0,0.0,0.0,92.0,7.9
20151118164505,0.0,0.0,0.0,0.0,0.0,0.0,83.7,16.2
20151118164535,0.0,0.0,0.1,0.0,0.0,0.0,97.9,2.0
20151118164605,0.0,0.0,0.1,0.0,0.0,0.0,92.4,7.5
20151118164635,0.0,0.0,0.3,0.0,0.0,0.0,93.3,6.3
20151118164705,0.0,0.0,0.0,0.0,0.0,0.0,99.5,0.5
20151118164735,0.0,0.0,0.0,0.0,0.0,0.0,82.0,18.0
20151118164805,0.0,0.0,0.1,0.0,0.0,0.0,90.6,9.3
20151118164835,0.0,0.0,0.0,0.0,0.0,0.0,99.8,0.2
20151118164905,0.0,0.0,0.0,0.0,0.0,0.0,99.8,0.2
20151118164935,0.0,0.0,0.0,0.0,0.0,0.0,99.5,0.5
20151118165005,0.0,0.0,0.0,0.0,0.0,0.0,99.9,0.1
20151118165035,0.0,0.0,0.0,0.0,0.0,0.0,94.3,5.7
20151118165105,0.0,0.0,0.0,0.0,0.0,0.0,94.4,5.6
20151118165135,0.0,0.0,0.0,0.0,0.0,0.0,98.9,1.1
20151118165205,0.0,0.0,0.0,0.0,0.0,0.0,89.1,10.8
20151118165235,0.0,0.0,0.0,0.0,0.0,0.0,99.6,0.4
20151118165305,0.0,0.0,0.0,0.0,0.0,0.0,99.6,0.4
20151118165335,0.0,0.0,0.0,0.0,0.0,0.0,87.5,12.5
20151118165405,0.0,0.0,0.0,0.0,0.0,0.0,99.8,0.2
20151118165435,0.0,0.0,0.0,0.0,0.0,0.0,99.4,0.5
20151118165505,0.0,0.0,0.0,0.0,0.0,0.0,98.3,1.6
20151118165535,0.0,0.0,0.0,0.0,0.0,0.0,98.9,1.0
20151118165605,0.0,0.0,0.1,0.0,0.0,0.0,97.9,2.0
20151118165635,0.0,0.0,0.0,0.0,0.0,0.0,92.9,7.1
20151118165705,0.0,0.0,0.0,0.0,0.0,0.0,97.5,2.5
20151118165735,0.0,0.0,0.0,0.0,0.0,0.0,100.0,0.0
20151118165805,0.0,0.0,0.0,0.0,0.0,0.0,96.5,3.5
20151118165835,0.0,0.0,0.0,0.0,0.0,0.0,99.7,0.3
20151118165905,0.0,0.0,0.0,0.0,0.0,0.0,100.0,0.0
20151118165935,0.0,0.0,0.0,0.0,0.0,0.0,99.9,0.1
20151118170005,0.0,0.0,0.0,0.0,0.0,0.0,96.7,3.2
20151118170035,0.0,0.0,0.0,0.0,0.0,0.0,99.5,0.5
20151118170105,0.0,0.0,0.0,0.0,0.0,0.0,99.9,0.1
20151118170135,0.0,0.0,0.0,0.0,0.0,0.0,99.9,0.1
20151118170205,0.0,0.0,0.0,0.0,0.0,0.0,100.0,0.0
20151118170235,0.0,0.0,0.0,0.0,0.0,0.0,98.9,1.1
20151118170305,0.0,0.0,0.0,0.0,0.0,0.0,99.6,0.4
20151118170335,0.0,0.0,0.0,0.0,0.0,0.0,99.9,0.1
20151118170405,0.0,0.0,0.0,0.0,0.0,0.0,95.8,4.2
20151118170435,0.0,0.0,0.0,0.0,0.0,0.0,97.7,2.3
20151118170505,0.0,0.0,0.0,0.0,0.0,0.0,100.0,0.0
20151118170536,0.0,0.0,0.0,0.0,0.0,0.0,100.0,0.0
20151118170606,0.0,0.0,0.0,0.0,0.0,0.0,99.9,0.1
20151118170636,0.0,0.0,0.0,0.0,0.0,0.0,100.0,0.0
20151118170706,0.0,0.0,0.0,0.0,0.0,0.0,99.9,0.0
20151118170736,0.0,0.0,0.0,0.0,0.0,0.0,99.8,0.2
20151118170806,0.0,0.0,0.0,0.0,0.0,0.0,100.0,0.0
20151118170836,0.0,0.0,0.0,0.0,0.0,0.0,99.9,0.1
20151118170906,0.0,0.0,0.0,0.0,0.0,0.0,99.5,0.5
20151118170936,0.0,0.0,0.0,0.0,0.0,0.0,100.0,0.0
20151118171006,0.0,0.0,0.0,0.0,0.0,0.0,100.0,0.0
20151118171036,0.0,0.0,0.0,0.0,0.0,0.0,99.8,0.2
20151118171106,0.0,0.0,0.0,0.0,0.0,0.0,100.0,0.0
20151118171136,0.0,0.0,0.0,0.0,0.0,0.0,100.0,0.0
20151118171206,0.0,0.0,0.0,0.0,0.0,0.0,100.0,0.0
20151118171236,0.0,0.0,0.0,0.0,0.0,0.0,100.0,0.0
20151118171306,0.0,0.0,0.0,0.0,0.0,0.0,100.0,0.0
20151118171336,0.0,0.0,0.0,0.0,0.0,0.0,100.0,0.0
20151118171406,0.0,0.0,0.0,0.0,0.0,0.0,100.0,0.0
20151118171436,0.0,0.0,0.0,0.0,0.0,0.0,100.0,0.0
20151118171506,0.0,0.0,0.0,0.0,0.0,0.0,100.0,0.0
20151118171536,0.0,0.0,0.0,0.0,0.0,0.0,100.0,0.0
20151118171606,0.0,0.0,0.0,0.0,0.0,0.0,100.0,0.0
20151118171636,0.0,0.0,0.0,0.0,0.0,0.0,100.0,0.0
20151118171706,0.0,0.0,0.0,0.0,0.0,0.0,100.0,0.0
20151118171736,0.0,0.0,0.0,0.0,0.0,0.0,99.8,0.2
20151118171806,0.0,0.0,0.0,0.0,0.0,0.0,100.0,0.0
20151118171836,0.0,0.0,0.0,0.0,0.0,0.0,100.0,0.0
20151118171906,0.0,0.0,0.0,0.0,0.0,0.0,99.9,0.1
20151118171936,0.0,0.0,0.0,0.0,0.0,0.0,100.0,0.0
20151118172006,0.0,0.0,0.0,0.0,0.0,0.0,100.0,0.0
20151118172036,0.0,0.0,0.0,0.0,0.0,0.0,99.8,0.2
20151118172106,0.0,0.0,0.0,0.0,0.0,0.0,99.4,0.6
20151118172136,0.0,0.0,0.0,0.0,0.0,0.0,100.0,0.0
20151118172206,0.0,0.0,0.0,0.0,0.0,0.0,99.9,0.1
20151118172236,0.0,0.0,0.0,0.0,0.0,0.0,99.6,0.4
20151118172306,0.0,0.0,0.0,0.0,0.0,0.0,99.9,0.1
20151118172336,0.0,0.0,0.0,0.0,0.0,0.0,99.7,0.3
20151118172406,0.0,0.0,0.0,0.2,0.0,0.0,99.1,0.7
20151118172436,0.0,0.0,0.0,0.2,0.0,0.0,99.6,0.1
20151118172506,0.0,0.0,0.0,0.0,0.0,0.0,99.9,0.1
20151118172536,0.0,0.0,0.0,0.0,0.0,0.0,98.8,1.1
20151118172606,0.0,0.0,0.0,0.0,0.0,0.0,99.9,0.1
20151118172636,0.0,0.0,0.0,0.1,0.0,0.0,99.6,0.3
20151118172706,0.0,0.0,0.0,0.0,0.0,0.0,99.9,0.1
20151118172736,0.0,0.0,0.0,0.1,0.0,0.0,99.8,0.1
20151118172806,0.0,0.0,0.0,0.0,0.0,0.0,100.0,0.0
20151118172836,0.0,0.0,0.0,0.0,0.0,0.0,99.9,0.1
20151118172906,0.0,0.0,0.0,0.0,0.0,0.0,99.9,0.1
20151118172936,0.0,0.0,0.0,0.0,0.0,0.0,99.8,0.1
20151118173006,0.0,0.0,0.0,0.0,0.0,0.0,100.0,0.0
20151118173036,0.0,0.0,0.0,0.0,0.0,0.0,99.9,0.1
20151118173106,0.0,0.0,0.0,0.0,0.0,0.0,100.0,0.0
20151118173136,0.0,0.0,0.0,0.0,0.0,0.0,99.8,0.2
20151118173206,0.0,0.0,0.0,0.0,0.0,0.0,100.0,0.0
20151118173236,0.0,0.0,0.0,0.0,0.0,0.0,99.9,0.1
20151118173306,0.0,0.0,0.0,0.0,0.0,0.0,100.0,0.0
20151118173336,0.0,0.0,0.0,0.0,0.0,0.0,99.8,0.2
20151118173406,0.0,0.0,0.0,0.0,0.0,0.0,100.0,0.0
20151118173436,0.0,0.0,0.0,0.0,0.0,0.0,100.0,0.0
20151118173507,0.0,0.0,0.0,0.0,0.0,0.0,100.0,0.0
20151118173537,0.0,0.0,0.0,0.0,0.0,0.0,99.8,0.2
20151118173607,0.0,0.0,0.0,0.0,0.0,0.0,100.0,0.0
20151118173637,0.0,0.0,0.0,0.0,0.0,0.0,100.0,0.0
20151118173707,0.0,0.0,0.0,0.0,0.0,0.0,100.0,0.0
20151118173737,0.0,0.0,0.0,0.0,0.0,0.0,99.9,0.1
20151118173807,0.0,0.0,0.0,0.0,0.0,0.0,100.0,0.0
20151118173837,0.0,0.0,0.0,0.0,0.0,0.0,100.0,0.0
20151118173907,0.0,0.0,0.0,0.0,0.0,0.0,99.9,0.1
20151118173937,0.0,0.0,0.0,0.0,0.0,0.0,100.0,0.0
20151118174007,0.0,0.0,0.0,0.0,0.0,0.0,99.4,0.6
20151118174037,0.0,0.0,0.0,0.0,0.0,0.0,99.6,0.3
20151118174107,0.0,0.0,0.0,0.0,0.0,0.0,99.9,0.1
20151118174137,0.0,0.0,0.0,0.0,0.0,0.0,98.4,1.5
20151118174207,0.0,0.0,0.0,0.0,0.0,0.0,99.6,0.4
20151118174237,0.0,0.0,0.0,0.0,0.0,0.0,100.0,0.0
20151118174307,0.0,0.0,0.0,0.0,0.0,0.0,99.6,0.4
20151118174337,0.0,0.0,0.0,0.0,0.0,0.0,99.5,0.5
20151118174407,0.0,0.0,0.0,0.0,0.0,0.0,100.0,0.0
20151118174437,0.0,0.0,0.0,0.0,0.0,0.0,99.7,0.3
20151118174507,0.0,0.0,0.0,0.0,0.0,0.0,99.9,0.1
20151118174537,0.0,0.0,0.0,0.0,0.0,0.0,99.5,0.5
20151118174607,0.0,0.0,0.0,0.0,0.0,0.0,99.9,0.1
20151118174637,0.0,0.0,0.0,0.0,0.0,0.0,99.9,0.1
20151118174707,0.0,0.0,0.0,0.0,0.0,0.0,100.0,0.0
20151118174737,0.0,0.0,0.0,0.0,0.0,0.0,99.9,0.1
20151118174807,0.0,0.0,0.0,0.0,0.0,0.0,99.7,0.3
20151118174837,0.0,0.0,0.0,0.0,0.0,0.0,99.9,0.1
20151118174907,0.0,0.0,0.0,0.0,0.0,0.0,100.0,0.0
20151118174937,0.0,0.0,0.0,0.0,0.0,0.0,100.0,0.0
20151118175007,0.0,0.0,0.0,0.0,0.0,0.0,100.0,0.0
20151118175037,0.0,0.0,0.0,0.0,0.0,0.0,100.0,0.0
20151118175107,0.0,0.0,0.0,0.0,0.0,0.0,99.5,0.5
20151118175137,0.0,0.0,0.0,0.0,0.0,0.0,100.0,0.0
20151118175207,0.0,0.0,0.0,0.0,0.0,0.0,99.9,0.1
20151118175237,0.0,0.0,0.0,0.0,0.0,0.0,100.0,0.0
20151118175307,0.0,0.0,0.0,0.0,0.0,0.0,99.9,0.1
20151118175337,0.0,0.0,0.0,0.0,0.0,0.0,99.7,0.3
20151118175407,0.0,0.0,0.0,0.0,0.0,0.0,99.3,0.7
20151118175437,0.0,0.0,0.0,0.0,0.0,0.0,99.9,0.1
20151118175507,0.0,0.0,0.0,0.0,0.0,0.0,100.0,0.0
20151118175537,0.0,0.0,0.0,0.0,0.0,0.0,100.0,0.0
20151118175607,0.0,0.0,0.0,0.0,0.0,0.0,100.0,0.0
20151118175637,0.0,0.0,0.0,0.0,0.0,0.0,100.0,0.0
20151118175707,0.0,0.0,0.0,0.0,0.0,0.0,100.0,0.0
20151118175737,0.0,0.0,0.0,0.0,0.0,0.0,100.0,0.0
20151118175807,0.0,0.0,0.0,0.0,0.0,0.0,99.8,0.2
20151118175837,0.0,0.0,0.0,0.0,0.0,0.0,100.0,0.0
20151118175907,0.0,0.0,0.0,0.0,0.0,0.0,100.0,0.0
20151118175937,0.0,0.0,0.0,0.0,0.0,0.0,99.8,0.2
20151118180007,0.0,0.0,0.0,0.0,0.0,0.0,100.0,0.0
20151118180037,0.0,0.0,0.0,0.0,0.0,0.0,99.9,0.1
20151118180107,0.0,0.0,0.0,0.0,0.0,0.0,100.0,0.0
20151118180137,0.0,0.0,0.0,0.0,0.0,0.0,100.0,0.0
20151118180207,0.0,0.0,0.0,0.0,0.0,0.0,100.0,0.0
20151118180237,0.0,0.0,0.0,0.0,0.0,0.0,100.0,0.0
20151118180307,0.0,0.0,0.0,0.0,0.0,0.0,100.0,0.0
20151118180337,0.0,0.0,0.0,0.0,0.0,0.0,100.0,0.0
20151118180407,0.0,0.0,0.0,0.0,0.0,0.0,100.0,0.0
20151118180437,0.0,0.0,0.0,0.0,0.0,0.0,100.0,0.0
20151118180507,0.0,0.0,0.0,0.0,0.0,0.0,100.0,0.0
20151118180537,0.0,0.0,0.0,0.0,0.0,0.0,100.0,0.0
20151118180607,0.0,0.0,0.0,0.0,0.0,0.0,99.6,0.4
20151118180637,0.0,0.0,0.0,0.0,0.0,0.0,99.4,0.6
20151118180707,0.0,0.0,0.0,0.0,0.0,0.0,99.8,0.2
20151118180737,0.0,0.0,0.0,0.0,0.0,0.0,96.6,3.4
20151118180807,0.0,0.0,0.0,0.0,0.0,0.0,99.5,0.4
20151118180837,0.0,0.0,0.0,0.0,0.0,0.0,99.3,0.7
20151118180908,0.0,0.0,0.0,0.0,0.0,0.0,99.9,0.1
20151118180938,0.0,0.0,0.0,0.1,0.0,0.0,99.6,0.3
20151118181008,0.0,0.0,0.0,0.0,0.0,0.0,99.8,0.2
20151118181038,0.0,0.0,0.0,0.2,0.0,0.0,99.3,0.5
20151118181108,0.0,0.0,0.0,0.1,0.0,0.0,99.6,0.3
20151118181138,0.0,0.0,0.0,0.1,0.0,0.0,99.1,0.7
20151118181208,0.0,0.0,0.1,0.2,0.0,0.0,99.4,0.3
20151118181238,0.0,0.0,0.0,0.2,0.0,0.0,99.4,0.3
20151118181308,0.0,0.0,0.3,21.4,0.1,0.0,77.6,0.7
20151118181338,0.0,0.0,0.1,10.5,0.1,0.0,83.7,5.6
20151118181408,0.0,0.0,0.4,10.1,0.0,0.0,88.1,1.4
20151118181438,0.0,0.0,0.2,49.3,0.0,0.0,48.0,2.4
20151118181508,0.0,0.0,0.1,15.5,0.0,0.0,84.2,0.2
20151118181538,0.0,0.0,0.0,1.8,0.0,0.0,97.3,0.8
20151118181608,0.0,0.0,0.3,10.3,0.1,0.0,86.9,2.4
20151118181638,0.0,0.0,0.0,0.4,0.0,0.0,96.0,3.6
20151118181708,0.0,0.0,0.1,0.7,0.0,0.0,98.5,0.8
20151118181738,0.0,0.0,0.3,95.1,0.1,0.0,3.5,0.9
20151118181808,0.0,0.0,1.4,93.6,0.0,0.0,5.0,0.0
20151118181838,0.0,0.0,0.1,99.4,0.4,0.0,0.1,0.0
20151118181908,0.0,0.0,0.4,96.5,2.6,0.0,0.2,0.2
20151118181938,0.0,0.0,0.1,98.7,1.0,0.0,0.2,0.0
20151118182008,0.0,0.0,0.2,98.6,0.9,0.0,0.2,0.0
20151118182038,0.0,0.1,1.2,93.4,4.3,0.0,0.8,0.2
20151118182108,0.0,0.0,0.5,98.2,0.7,0.0,0.5,0.0
20151118182138,0.1,0.0,0.1,97.6,1.0,0.0,1.0,0.1
20151118182208,0.2,0.1,1.5,91.6,3.0,0.0,3.3,0.2
20151118182238,0.1,0.0,0.5,36.7,5.2,0.0,56.7,0.6
20151118182308,0.0,0.0,0.3,88.9,0.3,0.0,10.3,0.2
20151118182338,0.0,0.0,1.4,93.3,3.8,0.0,1.2,0.2
20151118182408,0.1,0.0,0.3,97.4,0.7,0.0,1.4,0.1
20151118182438,0.0,0.0,0.3,97.6,1.8,0.0,0.1,0.0
20151118182508,0.0,0.0,0.1,96.2,3.5,0.0,0.1,0.1
20151118182538,0.0,0.0,0.1,94.4,5.5,0.0,0.0,0.0
20151118182608,0.0,0.1,0.3,94.5,5.1,0.0,0.0,0.0
20151118182638,0.0,0.0,0.0,94.1,5.9,0.0,0.0,0.0
20151118182708,0.0,0.0,0.0,99.9,0.1,0.0,0.0,0.0
20151118182738,0.0,0.0,0.0,99.7,0.3,0.0,0.0,0.0
20151118182808,0.0,0.0,0.1,99.7,0.2,0.0,0.0,0.0
20151118182838,0.0,0.0,0.0,99.3,0.7,0.0,0.0,0.0
20151118182908,0.0,0.1,0.0,97.9,2.0,0.0,0.0,0.0
20151118182938,0.0,0.0,0.9,93.0,6.0,0.0,0.0,0.0
20151118183008,0.0,0.0,0.8,97.5,1.3,0.0,0.0,0.3
20151118183038,0.0,0.0,0.4,97.9,1.7,0.0,0.0,0.0
20151118183108,0.0,0.0,0.2,99.6,0.2,0.0,0.0,0.0
20151118183138,0.0,0.0,0.5,98.8,0.7,0.0,0.0,0.0
20151118183208,0.0,0.0,0.3,98.0,1.7,0.0,0.0,0.0
20151118183238,0.0,0.0,0.1,98.2,1.6,0.0,0.0,0.0
20151118183308,0.0,0.0,0.0,99.9,0.1,0.0,0.0,0.0
20151118183338,0.0,0.0,0.0,99.7,0.3,0.0,0.0,0.0
20151118183408,0.0,0.0,0.0,99.2,0.7,0.0,0.0,0.0
20151118183438,0.0,0.0,0.0,99.5,0.5,0.0,0.0,0.0
20151118183508,0.0,0.0,0.1,99.8,0.1,0.0,0.0,0.0
20151118183538,0.0,0.0,1.1,98.2,0.7,0.0,0.0,0.0
20151118183608,0.0,0.0,0.0,99.1,0.9,0.0,0.0,0.0
20151118183638,0.0,1.2,0.8,97.0,0.9,0.0,0.0,0.0
20151118183708,0.0,0.2,4.2,90.9,4.7,0.0,0.0,0.0
20151118183738,0.0,0.0,0.2,99.1,0.6,0.0,0.0,0.0
20151118183808,0.0,0.2,5.4,92.8,1.6,0.0,0.0,0.0
20151118183838,0.0,0.1,0.4,99.2,0.3,0.0,0.0,0.0
20151118183908,0.0,0.2,0.9,97.8,1.0,0.0,0.0,0.0
20151118183938,0.0,0.4,0.9,98.7,0.0,0.0,0.0,0.0
20151118184008,0.0,0.1,0.0,99.9,0.0,0.0,0.0,0.0
20151118184038,0.0,2.9,0.0,97.0,0.0,0.0,0.0,0.0
20151118184108,0.0,18.5,0.4,80.8,0.4,0.0,0.0,0.0
20151118184138,0.0,99.9,0.0,0.1,0.0,0.0,0.0,0.0
20151118184208,0.0,100.0,0.0,0.0,0.0,0.0,0.0,0.0
20151118184238,0.0,84.0,0.1,15.6,0.2,0.0,0.0,0.0
20151118184309,0.0,92.8,0.0,5.9,1.3,0.0,0.0,0.0
20151118184339,0.0,94.4,0.0,5.6,0.0,0.0,0.0,0.0
20151118184409,0.0,34.8,0.0,65.1,0.0,0.0,0.0,0.0
20151118184439,0.0,0.3,0.0,99.6,0.0,0.0,0.0,0.0
20151118184509,0.0,1.5,0.0,98.5,0.0,0.0,0.0,0.0
20151118184539,0.0,1.4,0.0,98.4,0.1,0.0,0.0,0.0
20151118184609,0.3,0.1,0.0,99.5,0.1,0.0,0.0,0.0
20151118184639,0.4,10.9,0.2,87.6,0.8,0.0,0.0,0.0
20151118184709,0.2,7.5,2.2,88.9,1.3,0.0,0.0,0.0
20151118184739,0.1,0.3,0.0,96.3,3.3,0.0,0.0,0.0
20151118184809,0.0,1.0,1.9,97.0,0.1,0.0,0.0,0.0
20151118184839,0.0,0.2,0.1,99.4,0.3,0.0,0.0,0.0
20151118184909,0.0,1.5,0.6,97.7,0.2,0.0,0.0,0.0
20151118184939,0.0,0.0,0.0,99.9,0.0,0.0,0.0,0.0
20151118185009,0.0,0.2,0.5,99.3,0.0,0.0,0.0,0.0
20151118185039,0.0,0.1,1.3,98.4,0.2,0.0,0.0,0.0
20151118185109,0.0,0.0,0.4,99.5,0.0,0.0,0.0,0.0
20151118185139,0.0,0.0,0.3,99.2,0.0,0.0,0.2,0.2
20151118185209,0.0,0.0,5.8,54.4,0.2,0.0,31.1,8.5
20151118185239,0.0,0.0,1.2,25.3,0.2,0.0,61.6,11.7
20151118185309,0.0,0.0,5.5,5.9,0.2,0.0,74.1,14.2
20151118185339,0.0,0.0,0.8,2.1,0.0,0.0,96.0,1.0
20151118185409,0.0,0.0,2.8,8.2,0.3,0.0,58.3,30.4
20151118185439,0.0,0.0,0.4,10.9,0.1,0.0,87.5,1.2
20151118185509,0.0,0.0,0.9,78.3,0.0,0.0,20.7,0.1
20151118185539,0.0,0.0,0.1,99.5,0.0,0.0,0.3,0.0
20151118185609,0.0,0.0,0.7,98.5,0.0,0.0,0.8,0.0
20151118185639,0.0,0.0,0.3,98.6,0.0,0.0,0.9,0.1
20151118185709,0.0,0.0,0.1,99.7,0.2,0.0,0.0,0.0
20151118185739,0.0,0.0,0.1,99.7,0.0,0.0,0.2,0.0
20151118185809,0.0,0.0,0.0,100.0,0.0,0.0,0.0,0.0
20151118185839,0.0,0.0,0.1,9.2,0.3,0.0,55.5,34.9
20151118185909,0.0,0.0,0.1,53.6,0.4,0.0,33.1,12.9
20151118185939,0.0,0.0,0.0,34.2,0.0,0.0,64.9,0.8
20151118190009,0.0,0.0,0.0,99.9,0.0,0.0,0.1,0.0
20151118190039,0.0,0.0,0.0,100.0,0.0,0.0,0.0,0.0
20151118190109,0.0,0.0,0.0,100.0,0.0,0.0,0.0,0.0
20151118190139,0.0,0.0,0.0,100.0,0.0,0.0,0.0,0.0
20151118190209,0.0,0.0,0.0,100.0,0.0,0.0,0.0,0.0
20151118190239,0.0,0.0,0.0,98.9,0.0,0.0,0.7,0.4
20151118190309,0.0,0.0,0.0,99.7,0.0,0.0,0.2,0.1
20151118190339,0.0,0.0,0.0,98.3,0.0,0.0,0.3,1.4
20151118190409,0.0,0.0,0.0,99.6,0.0,0.0,0.3,0.0
20151118190439,0.0,0.0,0.0,38.2,0.0,0.0,53.7,8.1
20151118190509,0.0,0.0,0.0,13.4,0.0,0.0,83.8,2.9
20151118190539,0.0,0.0,0.0,78.2,0.0,0.0,21.7,0.1
20151118190609,0.0,0.0,0.0,34.8,0.0,0.0,64.9,0.3
20151118190639,0.0,0.0,0.0,2.0,0.0,0.0,97.7,0.3
20151118190709,0.0,0.0,0.0,3.8,0.0,0.0,95.6,0.6
20151118190739,0.0,0.0,0.0,53.4,0.0,0.0,46.3,0.3
20151118190809,0.0,0.0,0.0,21.2,0.0,0.0,77.0,1.8
20151118190839,0.0,0.0,0.0,62.3,0.0,0.0,37.3,0.3
20151118190909,0.0,0.0,0.0,72.0,0.0,0.0,27.7,0.3
20151118190939,0.0,0.0,0.0,31.1,0.0,0.0,67.1,1.8
20151118191009,0.0,0.0,0.0,28.2,0.0,0.0,66.4,5.4
20151118191040,0.0,0.0,0.0,14.4,0.0,0.0,82.1,3.5
20151118191110,0.0,0.0,0.0,8.5,0.0,0.0,85.3,6.2
20151118191140,0.0,0.0,0.0,20.3,0.0,0.0,66.1,13.6
20151118191210,0.0,0.0,0.0,4.6,0.0,0.0,91.5,3.9
20151118191240,0.0,0.0,0.0,2.4,0.0,0.0,96.9,0.7
20151118191310,0.0,0.0,0.0,0.9,0.0,0.0,96.4,2.7
20151118191340,0.0,0.0,0.0,3.1,0.0,0.0,96.2,0.7
20151118191410,0.0,0.0,0.0,5.1,0.0,0.0,91.8,3.1
20151118191440,0.0,0.0,0.0,65.4,0.0,0.0,32.4,2.1
20151118191510,0.0,0.0,0.0,3.7,0.0,0.0,68.1,28.2
20151118191540,0.0,0.0,0.0,0.4,0.0,0.0,93.2,6.3
20151118191610,0.0,0.0,0.0,2.0,0.0,0.0,93.9,4.1
20151118191640,0.0,0.0,0.0,4.3,0.0,0.0,94.1,1.6
20151118191710,0.0,0.0,0.0,4.1,0.0,0.0,94.6,1.4
20151118191740,0.0,0.0,0.0,1.8,0.0,0.0,81.0,17.2
20151118191810,0.0,0.0,0.1,6.3,0.1,0.0,77.6,15.9
20151118191840,0.0,0.0,0.0,2.1,0.0,0.0,81.9,16.0
20151118191910,0.0,0.0,0.0,1.0,0.0,0.0,87.9,11.0
20151118191940,0.0,0.0,0.0,0.2,0.0,0.0,88.0,11.8
20151118192010,0.0,0.0,0.0,0.1,0.0,0.0,99.5,0.5
20151118192040,0.0,0.0,0.0,0.3,0.0,0.0,96.4,3.3
20151118192110,0.0,0.0,0.0,0.0,0.0,0.0,99.4,0.5
20151118192140,0.0,0.0,0.0,0.0,0.0,0.0,90.7,9.3
20151118192210,0.0,0.0,0.0,0.2,0.0,0.0,91.3,8.5
20151118192240,0.0,0.0,0.0,0.6,0.0,0.0,70.6,28.8
20151118192310,0.0,0.0,0.0,0.5,0.0,0.0,87.9,11.6
20151118192340,0.0,0.0,0.0,2.3,0.0,0.0,65.2,32.6
20151118192410,0.0,0.0,0.0,2.2,0.0,0.0,47.3,50.5
20151118192440,0.0,0.0,0.0,0.1,0.0,0.0,88.4,11.4
20151118192510,0.0,0.0,0.0,0.0,0.0,0.0,95.9,4.1
20151118192540,0.0,0.0,0.0,0.0,0.0,0.0,87.3,12.7
20151118192610,0.0,0.0,0.0,0.0,0.0,0.0,48.9,51.0
20151118192640,0.0,0.0,0.0,0.0,0.0,0.0,25.3,74.7
20151118192710,0.0,0.0,0.0,0.0,0.0,0.0,74.8,25.1
20151118192740,0.0,0.0,0.0,0.6,0.0,0.0,6.0,93.3
20151118192810,0.0,0.0,0.0,0.1,0.0,0.0,0.5,99.4
20151118192840,0.0,0.0,0.0,1.0,0.0,0.0,93.4,5.6
20151118192910,0.0,0.0,0.0,3.9,0.0,0.0,68.7,27.4
20151118192940,0.0,0.0,0.0,52.2,0.0,0.0,46.6,1.2
20151118193010,0.0,0.0,0.0,78.7,0.0,0.0,20.8,0.5
20151118193040,0.0,0.0,0.0,89.3,0.0,0.0,10.7,0.0
20151118193110,0.0,0.0,0.0,82.1,0.0,0.0,17.8,0.1
20151118193140,0.0,0.0,0.0,79.8,0.0,0.0,20.1,0.1
20151118193210,0.0,0.0,0.0,0.0,0.0,0.0,99.9,0.1
20151118193240,0.0,0.0,0.0,0.5,0.0,0.0,99.3,0.2
20151118193310,0.0,0.0,0.0,1.4,0.0,0.0,97.7,0.9
20151118193340,0.0,0.0,0.0,10.7,0.0,0.0,89.0,0.3
20151118193410,0.0,0.0,0.1,3.2,0.0,0.0,95.3,1.4
20151118193440,0.0,0.0,0.1,2.6,0.0,0.0,95.9,1.5
20151118193510,0.0,0.0,0.3,3.6,0.0,0.0,91.0,5.1
20151118193540,0.0,0.1,0.3,25.7,0.1,0.0,69.4,4.4
20151118193610,0.0,0.0,0.1,22.8,0.2,0.0,73.5,3.3
20151118193640,0.0,0.0,0.1,16.8,0.0,0.0,76.6,6.4
20151118193710,0.0,0.0,0.0,11.9,0.0,0.0,86.9,1.1
20151118193740,0.0,0.0,0.0,10.2,0.0,0.0,89.5,0.2
20151118193810,0.0,0.0,0.0,19.3,0.0,0.0,79.5,1.2
20151118193840,0.0,0.0,0.2,32.8,0.0,0.0,62.9,4.0
20151118193910,0.0,0.0,0.1,32.6,0.0,0.0,55.1,12.2
20151118193940,0.0,0.0,0.1,4.0,0.0,0.0,87.9,7.9
20151118194010,0.0,0.0,0.2,35.8,0.0,0.0,54.3,9.6
20151118194040,0.0,0.0,1.0,18.1,0.1,0.0,61.1,19.6
20151118194110,0.0,0.0,0.2,92.2,0.0,0.0,6.6,1.1
20151118194140,0.0,0.0,0.5,96.1,0.0,0.0,1.7,1.7
20151118194210,0.0,0.0,0.7,99.0,0.0,0.0,0.0,0.3
20151118194240,0.0,0.0,0.0,99.6,0.0,0.0,0.0,0.4
20151118194310,0.0,0.0,0.2,99.5,0.0,0.0,0.0,0.3
20151118194340,0.0,0.2,1.8,97.0,0.1,0.0,0.0,0.9
20151118194410,0.0,0.9,20.6,75.2,0.4,0.0,0.0,2.8
20151118194441,0.0,0.0,1.9,96.6,1.5,0.0,0.0,0.0
20151118194511,0.0,0.0,14.0,85.6,0.2,0.0,0.1,0.1
20151118194541,0.0,0.0,51.0,47.8,0.2,0.0,0.1,0.9
20151118194611,0.0,0.2,54.3,42.4,0.3,0.0,0.8,1.9
20151118194641,0.0,0.0,26.7,58.1,0.1,0.0,1.2,13.7
20151118194711,0.0,0.0,4.4,91.8,0.0,0.0,0.4,3.4
20151118194741,0.0,0.0,0.2,98.7,0.0,0.0,0.9,0.3
20151118194811,0.0,0.0,0.5,73.7,0.0,0.0,23.2,2.5
20151118194841,0.0,0.0,0.0,99.7,0.0,0.0,0.1,0.2
20151118194911,0.0,0.0,0.0,98.8,0.1,0.0,0.0,1.1
20151118194941,0.0,0.0,0.0,99.8,0.0,0.0,0.0,0.2
20151118195011,0.0,0.0,0.7,99.0,0.1,0.0,0.0,0.1
20151118195041,0.0,0.0,1.3,98.6,0.0,0.0,0.0,0.1
20151118195111,0.0,0.0,0.3,95.4,0.0,0.0,2.9,1.3
20151118195141,0.0,0.1,3.4,23.3,0.1,0.0,28.3,44.7
20151118195211,0.0,0.0,0.2,98.6,0.0,0.0,0.3,0.9
20151118195241,0.0,0.0,1.2,58.8,0.1,0.0,13.5,26.4
20151118195311,0.0,0.0,0.5,15.5,0.0,0.0,68.8,15.2
20151118195341,0.0,0.0,0.0,1.6,0.0,0.0,96.8,1.6
20151118195411,0.0,0.0,0.1,20.2,0.0,0.0,75.6,4.1
20151118195441,0.0,0.0,0.0,20.6,0.0,0.0,79.1,0.3
20151118195511,0.0,0.0,0.4,31.0,0.0,0.0,67.7,0.9
20151118195541,0.0,0.0,0.2,95.4,0.0,0.0,3.8,0.5
20151118195611,0.0,0.0,0.1,97.0,0.1,0.0,2.3,0.5
20151118195641,0.0,0.0,0.3,44.1,0.0,0.0,54.2,1.3
20151118195711,0.0,0.0,0.2,4.6,0.0,0.0,93.5,1.7
20151118195741,0.0,0.0,0.9,8.0,0.0,0.0,82.8,8.2
20151118195811,0.0,0.0,2.7,20.4,0.1,0.0,68.5,8.3
20151118195841,0.0,0.0,0.8,12.0,0.0,0.0,84.2,3.0
20151118195911,0.0,0.0,1.0,1.9,0.0,0.0,81.5,15.6
20151118195941,0.0,0.0,4.0,4.9,0.0,0.0,87.9,3.2
20151118200011,0.0,0.0,8.9,12.4,0.1,0.0,60.1,18.6
20151118200041,0.0,0.0,3.4,45.9,0.0,0.0,45.4,5.3
20151118200111,0.0,0.0,2.7,20.2,0.1,0.0,67.7,9.3
20151118200141,0.0,0.0,0.2,90.9,0.0,0.0,6.8,2.0
20151118200211,0.0,0.0,0.2,93.6,0.2,0.0,4.8,1.2
20151118200241,0.0,0.0,0.0,91.9,0.0,0.0,5.7,2.3
20151118200311,0.0,0.0,0.0,60.5,0.0,0.0,31.9,7.5
20151118200341,0.0,0.0,0.0,37.9,0.0,0.0,51.8,10.3
20151118200411,0.0,0.0,0.0,85.9,0.1,0.0,5.8,8.2
20151118200441,0.0,0.0,0.0,25.7,0.0,0.0,57.4,16.8
20151118200511,0.0,0.0,0.0,16.6,0.0,0.0,66.1,17.3
20151118200541,0.0,0.0,0.0,33.0,0.0,0.0,47.4,19.6
20151118200611,0.0,0.0,0.0,12.2,0.0,0.0,31.3,56.5
20151118200641,0.0,0.0,0.0,60.3,0.0,0.0,27.3,12.3
20151118200711,0.0,0.0,0.1,18.7,0.0,0.0,52.9,28.3
20151118200741,0.0,0.0,0.0,100.0,0.0,0.0,0.0,0.0
20151118200811,0.0,0.0,0.0,100.0,0.0,0.0,0.0,0.0
20151118200841,0.0,0.0,0.0,100.0,0.0,0.0,0.0,0.0
20151118200911,0.0,0.0,0.0,99.9,0.0,0.0,0.0,0.0
20151118200941,0.0,0.0,0.0,99.8,0.0,0.0,0.1,0.0
20151118201011,0.0,0.0,0.0,99.2,0.0,0.0,0.7,0.1
20151118201041,0.0,0.0,0.0,62.1,0.0,0.0,29.0,8.8
20151118201111,0.0,0.0,0.0,98.8,0.0,0.0,1.2,0.0
20151118201141,0.0,0.0,0.0,21.8,0.0,0.0,74.3,3.9
20151118201211,0.0,0.0,0.2,92.7,0.0,0.0,6.2,0.9
20151118201241,0.0,0.0,0.2,76.0,0.0,0.0,23.0,0.7
20151118201311,0.0,0.0,0.1,65.5,0.0,0.0,34.1,0.3
20151118201341,0.0,0.0,0.0,93.7,0.0,0.0,5.9,0.3
20151118201411,0.0,0.0,0.0,99.8,0.0,0.0,0.1,0.0
20151118201441,0.0,0.0,0.0,96.5,0.0,0.0,1.6,1.8
20151118201511,0.0,0.0,0.0,98.5,0.0,0.0,0.8,0.7
20151118201541,0.0,0.0,0.1,74.7,0.0,0.0,19.5,5.6
20151118201611,0.0,0.0,0.0,2.6,0.0,0.0,93.5,3.9
20151118201641,0.0,0.0,0.2,28.2,0.1,0.0,21.9,49.6
20151118201711,0.0,0.0,0.2,41.7,0.0,0.0,35.7,22.4
20151118201741,0.0,0.0,0.4,85.3,0.0,0.0,10.7,3.6
20151118201811,0.0,0.0,0.4,84.9,0.1,0.0,0.9,13.7
20151118201841,0.0,0.0,0.0,95.9,0.0,0.0,3.2,0.9
20151118201912,0.0,0.0,0.0,74.2,0.0,0.0,20.0,5.8
20151118201942,0.0,0.0,0.0,47.3,0.0,0.0,49.0,3.6
20151118202012,0.0,0.0,0.0,94.0,0.0,0.0,1.5,4.5
20151118202042,0.0,0.0,0.1,97.5,0.0,0.0,0.7,1.7
20151118202112,0.0,0.0,0.0,83.5,0.0,0.0,3.4,13.0
20151118202142,0.0,0.0,0.0,24.4,0.0,0.0,67.6,8.0
20151118202212,0.0,0.0,0.0,93.0,0.0,0.0,5.0,1.9
20151118202242,0.0,0.0,0.0,66.2,0.0,0.0,33.5,0.3
20151118202312,0.0,0.0,0.0,42.3,0.0,0.0,54.1,3.6
20151118202342,0.0,0.0,0.0,62.1,0.0,0.0,21.9,16.0
20151118202412,0.0,0.0,0.0,79.5,0.0,0.0,14.2,6.3
20151118202442,0.0,0.0,0.0,98.7,0.0,0.0,1.2,0.2
20151118202512,0.0,0.0,0.0,95.6,0.0,0.0,3.6,0.8
20151118202542,0.0,0.0,0.0,84.3,0.0,0.0,12.9,2.8
20151118202612,0.0,0.0,0.0,32.0,0.0,0.0,66.8,1.2
20151118202642,0.0,0.0,0.0,29.7,0.0,0.0,60.5,9.7
20151118202712,0.0,0.0,0.1,33.7,0.0,0.0,63.0,3.3
20151118202742,0.0,0.0,0.0,69.7,0.0,0.0,29.5,0.8
20151118202812,0.0,0.0,0.0,23.2,0.0,0.0,69.4,7.4
20151118202842,0.0,0.0,0.0,2.9,0.0,0.0,94.3,2.9
20151118202912,0.0,0.0,0.0,20.7,0.1,0.0,54.6,24.7
20151118202942,0.0,0.0,0.0,0.5,0.0,0.0,97.5,2.0
20151118203012,0.0,0.0,0.0,0.1,0.0,0.0,99.8,0.1
20151118203042,0.0,0.0,0.0,0.5,0.0,0.0,98.5,1.0
20151118203112,0.0,0.0,0.0,0.0,0.0,0.0,99.3,0.7
20151118203142,0.0,0.0,0.0,1.4,0.0,0.0,98.5,0.0
20151118203212,0.0,0.0,0.0,0.2,0.0,0.0,99.8,0.0
20151118203242,0.0,0.0,0.0,1.6,0.0,0.0,98.3,0.1
20151118203312,0.0,0.0,0.0,1.7,0.0,0.0,98.3,0.0
20151118203342,0.0,0.0,0.0,1.8,0.0,0.0,98.2,0.0
20151118203412,0.0,0.0,0.1,0.3,0.0,0.0,96.4,3.1
20151118203442,0.0,0.0,0.0,0.0,0.0,0.0,99.9,0.1
20151118203512,0.0,0.0,0.0,0.2,0.0,0.0,99.8,0.0
20151118203542,0.0,0.0,0.0,0.2,0.0,0.0,98.7,1.1
20151118203612,0.0,0.0,0.0,0.2,0.0,0.0,98.5,1.3
20151118203642,0.0,0.0,0.0,0.4,0.0,0.0,99.0,0.6
20151118203712,0.0,0.0,0.0,0.8,0.0,0.0,98.8,0.5
20151118203742,0.0,0.0,0.0,9.4,0.0,0.0,88.5,2.0
20151118203812,0.0,0.0,0.0,0.8,0.0,0.0,99.1,0.0
20151118203842,0.0,0.0,0.0,0.2,0.0,0.0,99.8,0.1
20151118203912,0.0,0.0,0.0,4.4,0.0,0.0,95.2,0.4
20151118203942,0.0,0.0,0.0,0.5,0.0,0.0,95.9,3.6
20151118204012,0.0,0.0,0.0,0.6,0.0,0.0,98.7,0.7
20151118204042,0.0,0.0,0.0,5.0,0.0,0.0,90.0,4.9
20151118204112,0.0,0.0,0.0,0.4,0.0,0.0,98.3,1.3
20151118204142,0.0,0.0,0.0,0.7,0.0,0.0,95.5,3.8
20151118204212,0.0,0.0,0.0,0.4,0.0,0.0,98.5,1.1
20151118204242,0.0,0.0,0.0,0.4,0.0,0.0,99.6,0.1
20151118204312,0.0,0.0,0.0,0.0,0.0,0.0,100.0,0.0
20151118204342,0.0,0.0,0.0,0.1,0.0,0.0,99.9,0.0
20151118204412,0.0,0.0,0.0,0.6,0.0,0.0,99.4,0.0
