UT,arc,discrete,diffuse,ac,ab,clear,cloudy,dd
20151207131500,0.0,0.0,0.0,0.0,0.0,0.0,0.0,100.0
20151207131530,0.0,0.0,0.0,0.0,0.0,0.0,0.0,100.0
20151207131600,0.0,0.0,0.0,0.0,0.0,0.0,0.0,100.0
20151207131630,0.0,0.0,0.0,0.0,0.0,0.0,0.0,100.0
20151207131700,0.0,0.0,0.0,0.0,0.0,0.0,0.0,100.0
20151207131730,0.0,0.0,0.0,0.0,0.0,0.0,0.0,100.0
20151207131800,0.0,0.0,0.0,0.0,0.0,0.0,0.0,100.0
20151207131830,0.0,0.0,0.0,0.0,0.0,0.0,0.0,100.0
20151207131900,0.0,0.0,0.0,0.0,0.0,0.0,0.0,100.0
20151207131930,0.0,0.0,0.0,0.0,0.0,0.0,0.0,100.0
20151207132001,0.0,0.0,0.0,0.0,0.0,0.0,0.0,100.0
20151207132031,0.0,0.0,0.0,0.0,0.0,0.0,0.0,100.0
20151207132101,0.0,0.0,0.0,0.0,0.0,0.0,0.0,100.0
20151207132131,0.0,0.0,0.0,0.0,0.0,0.0,0.0,100.0
20151207132201,0.0,0.0,0.0,0.0,0.0,0.0,0.0,100.0
20151207132231,0.0,0.0,0.0,0.0,0.0,0.0,0.0,100.0
20151207132301,0.0,0.0,0.0,0.0,0.0,0.0,0.0,100.0
20151207132331,0.0,0.0,0.0,0.0,0.0,0.0,0.0,100.0
20151207132401,0.0,0.0,0.0,0.0,0.0,0.0,0.0,100.0
20151207132431,0.0,0.0,0.0,0.0,0.0,0.0,0.0,100.0
20151207132501,0.0,0.0,0.0,0.0,0.0,0.0,0.0,100.0
20151207132531,0.0,0.0,0.0,0.0,0.0,0.0,0.0,100.0
20151207132601,0.0,0.0,0.0,0.0,0.0,0.0,0.0,100.0
20151207132631,0.0,0.0,0.0,0.0,0.0,0.0,0.0,100.0
20151207132701,0.0,0.0,0.0,0.0,0.0,0.0,0.0,100.0
20151207132731,0.0,0.0,0.0,0.0,0.0,0.0,0.0,100.0
20151207132801,0.0,0.0,0.0,0.0,0.0,0.0,0.0,100.0
20151207132831,0.0,0.0,0.0,0.0,0.0,0.0,0.0,100.0
20151207132901,0.0,0.0,0.0,0.0,0.0,0.0,0.0,100.0
20151207132931,0.0,0.0,0.0,0.0,0.0,0.0,0.0,100.0
20151207133001,0.0,0.0,0.0,0.0,0.0,0.0,0.0,100.0
20151207133031,0.0,0.0,0.0,0.0,0.0,0.0,0.0,100.0
20151207133101,0.0,0.0,0.0,0.0,0.0,0.0,0.0,100.0
20151207133131,0.0,0.0,0.0,0.0,0.0,0.0,0.0,100.0
20151207133201,0.0,0.0,0.0,0.0,0.0,0.0,0.0,100.0
20151207133231,0.0,0.0,0.0,0.0,0.0,0.0,0.0,100.0
20151207133301,0.0,0.0,0.0,0.0,0.0,0.0,0.0,100.0
20151207133331,0.0,0.0,0.0,0.0,0.0,0.0,0.0,100.0
20151207133401,0.0,0.0,0.0,0.0,0.0,0.0,0.0,100.0
20151207133431,0.0,0.0,0.0,0.0,0.0,0.0,0.0,100.0
20151207133501,0.0,0.0,0.0,0.0,0.0,0.0,0.0,100.0
20151207133531,0.0,0.0,0.0,0.0,0.0,0.0,0.0,100.0
20151207133601,0.0,0.0,0.0,0.0,0.0,0.0,0.0,100.0
20151207133631,0.0,0.0,0.0,0.0,0.0,0.0,0.0,100.0
20151207133701,0.0,0.0,0.0,0.0,0.0,0.0,0.0,100.0
20151207133731,0.0,0.0,0.0,0.0,0.0,0.0,0.0,100.0
20151207133801,0.0,0.0,0.0,0.0,0.0,0.0,0.0,100.0
20151207133831,0.0,0.0,0.0,0.0,0.0,0.0,0.0,100.0
20151207133901,0.0,0.0,0.0,0.0,0.0,0.0,0.0,100.0
20151207133931,0.0,0.0,0.0,0.0,0.0,0.0,0.0,100.0
20151207134001,0.0,0.0,0.0,0.0,0.0,0.0,0.0,100.0
20151207134031,0.0,0.0,0.0,0.0,0.0,0.0,0.0,100.0
20151207134101,0.0,0.0,0.0,0.0,0.0,0.0,0.0,100.0
20151207134131,0.0,0.0,0.0,0.0,0.0,0.0,0.0,100.0
20151207134201,0.0,0.0,0.0,0.0,0.0,0.0,0.0,100.0
20151207134231,0.0,0.0,0.0,0.0,0.0,0.0,0.0,100.0
20151207134301,0.0,0.0,0.0,0.0,0.0,0.0,0.0,100.0
20151207134331,0.0,0.0,0.0,0.0,0.0,0.0,0.0,100.0
20151207134401,0.0,0.0,0.0,0.0,0.0,0.0,0.0,100.0
20151207134431,0.0,0.0,0.0,0.0,0.0,0.0,0.0,100.0
20151207134501,0.0,0.0,0.0,0.0,0.0,0.0,0.0,100.0
20151207134531,0.0,0.0,0.0,0.0,0.0,0.0,0.0,100.0
20151207134601,0.0,0.0,0.0,0.0,0.0,0.0,0.0,100.0
20151207134631,0.0,0.0,0.0,0.0,0.0,0.0,0.0,100.0
20151207134701,0.0,0.0,0.0,0.0,0.0,0.0,0.0,100.0
20151207134731,0.0,0.0,0.0,0.0,0.0,0.0,0.0,100.0
20151207134801,0.0,0.0,0.0,0.0,0.0,0.0,0.0,100.0
20151207134831,0.0,0.0,0.0,0.0,0.0,0.0,0.0,100.0
20151207134901,0.0,0.0,0.0,0.0,0.0,0.0,0.0,100.0
20151207134931,0.0,0.0,0.0,0.0,0.0,0.0,0.0,100.0
20151207135001,0.0,0.0,0.0,0.0,0.0,0.0,0.0,100.0
20151207135031,0.0,0.0,0.0,0.0,0.0,0.0,0.0,100.0
20151207135101,0.0,0.0,0.0,0.0,0.0,0.0,0.0,100.0
20151207135131,0.0,0.0,0.0,0.0,0.0,0.0,0.0,100.0
20151207135201,0.0,0.0,0.0,0.0,0.0,0.0,0.0,100.0
20151207135231,0.0,0.0,0.0,0.0,0.0,0.0,0.0,100.0
20151207135301,0.0,0.0,0.0,0.0,0.0,0.0,0.0,100.0
20151207135331,0.0,0.0,0.0,0.0,0.0,0.0,0.0,100.0
20151207135401,0.0,0.0,0.0,0.0,0.0,0.0,0.0,100.0
20151207135432,0.0,0.0,0.0,0.0,0.0,0.0,0.0,100.0
20151207135502,0.0,0.0,0.0,0.0,0.0,0.0,0.0,100.0
20151207135532,0.0,0.0,0.0,0.0,0.0,0.0,0.0,100.0
20151207135602,0.0,0.0,0.0,0.0,0.0,0.0,0.0,100.0
20151207135632,0.0,0.0,0.0,0.0,0.0,0.0,0.0,100.0
20151207135702,0.0,0.0,0.0,0.0,0.0,0.0,0.0,100.0
20151207135732,0.0,0.0,0.0,0.0,0.0,0.0,0.0,100.0
20151207135802,0.0,0.0,0.0,0.0,0.0,0.0,0.0,100.0
20151207135832,0.0,0.0,0.0,0.0,0.0,0.0,0.0,100.0
20151207135902,0.0,0.0,0.0,0.0,0.0,0.0,0.0,100.0
20151207135932,0.0,0.0,0.0,0.0,0.0,0.0,0.0,100.0
20151207140002,0.0,0.0,0.0,0.0,0.0,0.0,0.0,100.0
20151207140032,0.0,0.0,0.0,0.0,0.0,0.0,0.0,100.0
20151207140102,0.0,0.0,0.0,0.0,0.0,0.0,0.0,100.0
20151207140132,0.0,0.0,0.0,0.0,0.0,0.0,0.0,100.0
20151207140202,0.0,0.0,0.0,0.0,0.0,0.0,0.0,100.0
20151207140232,0.0,0.0,0.0,0.0,0.0,0.0,0.0,100.0
20151207140302,0.0,0.0,0.0,0.0,0.0,0.0,0.0,100.0
20151207140332,0.0,0.0,0.0,0.0,0.0,0.0,0.0,100.0
20151207140402,0.0,0.0,0.0,0.0,0.0,0.0,0.0,100.0
20151207140432,0.0,0.0,0.0,0.0,0.0,0.0,0.0,100.0
20151207140502,0.0,0.0,0.0,0.0,0.0,0.0,0.0,100.0
20151207140532,0.0,0.0,0.0,0.0,0.0,0.0,0.0,100.0
20151207140602,0.0,0.0,0.0,0.0,0.0,0.0,0.0,100.0
20151207140632,0.0,0.0,0.0,0.0,0.0,0.0,0.0,100.0
20151207140702,0.0,0.0,0.0,0.0,0.0,0.0,0.0,100.0
20151207140732,0.0,0.0,0.0,0.0,0.0,0.0,0.0,100.0
20151207140802,0.0,0.0,0.0,0.0,0.0,0.0,0.0,100.0
20151207140832,0.0,0.0,0.0,0.0,0.0,0.0,0.0,100.0
20151207140902,0.0,0.0,0.0,0.0,0.0,0.0,0.1,99.9
20151207140932,0.0,0.0,0.0,0.0,0.0,0.0,17.0,82.9
20151207141002,0.0,0.0,0.0,0.0,0.0,0.0,6.9,93.1
20151207141032,0.0,0.0,0.0,0.1,0.0,0.0,13.7,86.3
20151207141102,0.0,0.0,0.0,0.5,0.0,0.0,59.9,39.6
20151207141132,0.0,0.0,0.0,0.2,0.0,0.0,54.9,44.9
20151207141202,0.0,0.0,0.0,0.2,0.0,0.0,89.0,10.8
20151207141232,0.0,0.0,0.0,0.0,0.0,0.0,95.9,4.0
20151207141302,0.0,0.0,0.0,0.0,0.0,0.0,98.3,1.7
20151207141332,0.0,0.0,0.0,0.0,0.0,0.0,99.6,0.4
20151207141402,0.0,0.0,0.0,0.0,0.0,0.0,99.9,0.1
20151207141432,0.0,0.0,0.0,0.0,0.0,0.0,99.8,0.2
20151207141632,0.0,0.0,0.0,0.0,0.0,0.0,0.0,100.0
20151207141702,0.0,0.0,0.0,0.0,0.0,0.0,0.0,100.0
20151207141732,0.0,0.0,0.0,0.0,0.0,0.0,0.0,100.0
20151207141802,0.0,0.0,0.0,0.0,0.0,0.0,16.6,83.4
20151207141832,0.0,0.0,0.0,0.0,0.0,0.0,5.8,94.1
20151207141902,0.0,0.0,0.0,0.0,0.0,0.0,0.7,99.3
20151207141932,0.0,0.0,0.0,0.0,0.0,0.0,12.6,87.4
20151207142002,0.0,0.0,0.0,0.0,0.0,0.0,0.8,99.2
20151207142032,0.0,0.0,0.0,0.0,0.0,0.0,26.7,73.3
20151207142102,0.0,0.0,0.0,0.0,0.0,0.0,0.0,100.0
20151207142133,0.0,0.0,0.0,0.0,0.0,0.0,0.3,99.7
20151207142203,0.0,0.0,0.0,0.0,0.0,0.0,0.4,99.6
20151207142233,0.0,0.0,0.0,0.0,0.0,0.0,0.2,99.8
20151207142303,0.0,0.0,0.0,0.0,0.0,0.0,0.5,99.5
20151207142333,0.0,0.0,0.0,0.0,0.0,0.0,0.1,99.9
20151207142403,0.0,0.0,0.0,0.0,0.0,0.0,0.0,100.0
20151207142433,0.0,0.0,0.0,0.0,0.0,0.0,0.0,100.0
20151207142503,0.0,0.0,0.0,0.0,0.0,0.0,0.0,100.0
20151207142533,0.0,0.0,0.0,0.0,0.0,0.0,0.0,100.0
20151207142603,0.0,0.0,0.0,0.0,0.0,0.0,0.0,100.0
20151207142633,0.0,0.0,0.0,0.0,0.0,0.0,0.0,100.0
20151207142703,0.0,0.0,0.0,0.0,0.0,0.0,0.0,100.0
20151207142733,0.0,0.0,0.0,0.0,0.0,0.0,0.0,100.0
20151207142803,0.0,0.0,0.0,0.0,0.0,0.0,0.0,100.0
20151207142833,0.0,0.0,0.0,0.0,0.0,0.0,0.0,100.0
20151207142903,0.0,0.0,0.0,0.0,0.0,0.0,0.0,100.0
20151207142933,0.0,0.0,0.0,0.0,0.0,0.0,0.0,100.0
20151207143003,0.0,0.0,0.0,0.0,0.0,0.0,0.0,100.0
20151207143033,0.0,0.0,0.0,0.0,0.0,0.0,0.0,100.0
20151207143103,0.0,0.0,0.0,0.0,0.0,0.0,0.0,100.0
20151207143133,0.0,0.0,0.0,0.0,0.0,0.0,0.0,100.0
20151207143203,0.0,0.0,0.0,0.0,0.0,0.0,0.0,100.0
20151207143233,0.0,0.0,0.0,0.0,0.0,0.0,0.0,100.0
20151207143303,0.0,0.0,0.0,0.0,0.0,0.0,0.0,100.0
20151207143333,0.0,0.0,0.0,0.0,0.0,0.0,0.0,100.0
20151207143403,0.0,0.0,0.0,0.0,0.0,0.0,0.0,100.0
20151207143433,0.0,0.0,0.0,0.0,0.0,0.0,0.0,100.0
20151207143503,0.0,0.0,0.0,0.0,0.0,0.0,0.0,100.0
20151207143533,0.0,0.0,0.0,0.0,0.0,0.0,0.0,100.0
20151207143603,0.0,0.0,0.0,0.0,0.0,0.0,0.0,100.0
20151207143633,0.0,0.0,0.0,0.0,0.0,0.0,0.0,100.0
20151207143703,0.0,0.0,0.0,0.0,0.0,0.0,0.0,100.0
20151207143733,0.0,0.0,0.0,0.0,0.0,0.0,0.0,100.0
20151207143803,0.0,0.0,0.0,0.0,0.0,0.0,0.0,100.0
20151207143833,0.0,0.0,0.0,0.0,0.0,0.0,0.0,100.0
20151207143903,0.0,0.0,0.0,0.0,0.0,0.0,0.3,99.7
20151207143933,0.0,0.0,0.0,0.0,0.0,0.0,0.1,99.9
20151207144003,0.0,0.0,0.0,0.0,0.0,0.0,0.6,99.4
20151207144033,0.0,0.0,0.0,0.0,0.0,0.0,0.5,99.5
20151207144103,0.0,0.0,0.0,0.0,0.0,0.0,1.4,98.6
20151207144133,0.0,0.0,0.0,0.0,0.0,0.0,1.5,98.5
20151207144203,0.0,0.0,0.0,0.0,0.0,0.0,12.0,88.0
20151207144233,0.0,0.0,0.0,0.0,0.0,0.0,5.8,94.2
20151207144303,0.0,0.0,0.0,0.0,0.0,0.0,27.5,72.4
20151207144333,0.0,0.0,0.0,0.0,0.0,0.0,41.1,58.9
20151207144403,0.0,0.0,0.0,0.0,0.0,0.0,26.5,73.5
20151207144433,0.0,0.0,0.0,0.0,0.0,0.0,77.3,22.7
20151207144503,0.0,0.0,0.0,0.0,0.0,0.0,49.8,50.2
20151207144533,0.0,0.0,0.0,0.0,0.0,0.0,88.5,11.5
20151207144603,0.0,0.0,0.0,0.0,0.0,0.0,97.6,2.4
20151207144633,0.0,0.0,0.0,0.0,0.0,0.0,95.5,4.5
20151207144703,0.0,0.0,0.0,0.0,0.0,0.0,98.7,1.3
20151207144733,0.0,0.0,0.0,0.0,0.0,0.0,99.9,0.1
20151207144803,0.0,0.0,0.0,0.0,0.0,0.0,99.8,0.2
20151207144833,0.0,0.0,0.0,0.0,0.0,0.0,99.5,0.5
20151207144903,0.0,0.0,0.0,0.0,0.0,0.0,99.9,0.1
20151207144933,0.0,0.0,0.0,0.0,0.0,0.0,100.0,0.0
20151207145003,0.0,0.0,0.0,0.0,0.0,0.0,99.8,0.2
20151207145033,0.0,0.0,0.0,0.0,0.0,0.0,100.0,0.0
20151207145103,0.0,0.0,0.0,0.0,0.0,0.0,99.9,0.1
20151207145133,0.0,0.0,0.0,0.0,0.0,0.0,99.8,0.2
20151207145203,0.0,0.0,0.0,0.0,0.0,0.0,100.0,0.0
20151207145233,0.0,0.0,0.0,0.0,0.0,0.0,100.0,0.0
20151207145303,0.0,0.0,0.0,0.0,0.0,0.0,100.0,0.0
20151207145333,0.0,0.0,0.0,0.0,0.0,0.0,100.0,0.0
20151207145403,0.0,0.0,0.0,0.0,0.0,0.0,100.0,0.0
20151207145433,0.0,0.0,0.0,0.0,0.0,0.0,100.0,0.0
20151207145503,0.0,0.0,0.0,0.0,0.0,0.0,100.0,0.0
20151207145534,0.0,0.0,0.0,0.0,0.0,0.0,100.0,0.0
20151207145604,0.0,0.0,0.0,0.0,0.0,0.0,100.0,0.0
20151207145634,0.0,0.0,0.0,0.0,0.0,0.0,100.0,0.0
20151207145704,0.0,0.0,0.0,0.0,0.0,0.0,100.0,0.0
20151207145734,0.0,0.0,0.0,0.0,0.0,0.0,100.0,0.0
20151207145804,0.0,0.0,0.0,0.0,0.0,0.0,100.0,0.0
20151207145834,0.0,0.0,0.0,0.0,0.0,0.0,100.0,0.0
20151207145904,0.0,0.0,0.0,0.0,0.0,0.0,100.0,0.0
20151207145934,0.0,0.0,0.0,0.0,0.0,0.0,100.0,0.0
20151207150004,0.0,0.0,0.0,0.0,0.0,0.0,100.0,0.0
20151207150034,0.0,0.0,0.0,0.0,0.0,0.0,100.0,0.0
20151207150104,0.0,0.0,0.0,0.0,0.0,0.0,100.0,0.0
20151207150134,0.0,0.0,0.0,0.0,0.0,0.0,100.0,0.0
20151207150204,0.0,0.0,0.0,0.0,0.0,0.0,100.0,0.0
20151207150234,0.0,0.0,0.0,0.0,0.0,0.0,100.0,0.0
20151207150304,0.0,0.0,0.0,0.0,0.0,0.0,100.0,0.0
20151207150334,0.0,0.0,0.0,0.0,0.0,0.0,100.0,0.0
20151207150404,0.0,0.0,0.0,0.0,0.0,0.0,100.0,0.0
20151207150434,0.0,0.0,0.0,0.0,0.0,0.0,100.0,0.0
20151207150504,0.0,0.0,0.0,0.0,0.0,0.0,100.0,0.0
20151207150534,0.0,0.0,0.0,0.0,0.0,0.0,100.0,0.0
20151207150604,0.0,0.0,0.0,0.0,0.0,0.0,100.0,0.0
20151207150634,0.0,0.0,0.0,0.0,0.0,0.0,100.0,0.0
20151207150704,0.0,0.0,0.0,0.0,0.0,0.0,100.0,0.0
20151207150734,0.0,0.0,0.0,0.0,0.0,0.0,100.0,0.0
20151207150804,0.0,0.0,0.0,0.0,0.0,0.0,100.0,0.0
20151207150834,0.0,0.0,0.0,0.0,0.0,0.0,100.0,0.0
20151207150904,0.0,0.0,0.0,0.0,0.0,0.0,100.0,0.0
20151207150934,0.0,0.0,0.0,0.0,0.0,0.0,100.0,0.0
20151207151004,0.0,0.0,0.0,0.0,0.0,0.0,100.0,0.0
20151207151034,0.0,0.0,0.0,0.0,0.0,0.0,100.0,0.0
20151207151104,0.0,0.0,0.0,0.0,0.0,0.0,100.0,0.0
20151207151134,0.0,0.0,0.0,0.0,0.0,0.0,100.0,0.0
20151207151204,0.0,0.0,0.0,0.0,0.0,0.0,100.0,0.0
20151207151234,0.0,0.0,0.0,0.0,0.0,0.0,100.0,0.0
20151207151304,0.0,0.0,0.0,0.0,0.0,0.0,99.9,0.0
20151207151334,0.0,0.0,0.0,0.0,0.0,0.0,99.9,0.0
20151207151404,0.0,0.0,0.0,0.0,0.0,0.0,100.0,0.0
20151207151434,0.0,0.0,0.0,0.0,0.0,0.0,100.0,0.0
20151207151504,0.0,0.0,0.0,0.0,0.0,0.0,99.9,0.1
20151207151534,0.0,0.0,0.0,0.0,0.0,0.0,100.0,0.0
20151207151604,0.0,0.0,0.0,0.0,0.0,0.0,100.0,0.0
20151207151634,0.0,0.0,0.0,0.0,0.0,0.0,100.0,0.0
20151207151704,0.0,0.0,0.0,0.0,0.0,0.0,100.0,0.0
20151207151734,0.0,0.0,0.0,0.0,0.0,0.0,100.0,0.0
20151207151804,0.0,0.0,0.0,0.0,0.0,0.0,100.0,0.0
20151207151834,0.0,0.0,0.0,0.0,0.0,0.0,100.0,0.0
20151207151904,0.0,0.0,0.0,0.0,0.0,0.0,100.0,0.0
20151207151934,0.0,0.0,0.0,0.0,0.0,0.0,100.0,0.0
20151207152004,0.0,0.0,0.0,0.0,0.0,0.0,100.0,0.0
20151207152034,0.0,0.0,0.0,0.0,0.0,0.0,100.0,0.0
20151207152104,0.0,0.0,0.0,0.0,0.0,0.0,100.0,0.0
20151207152134,0.0,0.0,0.0,0.0,0.0,0.0,100.0,0.0
20151207152204,0.0,0.0,0.0,0.0,0.0,0.0,100.0,0.0
20151207152234,0.0,0.0,0.0,0.0,0.0,0.0,100.0,0.0
20151207152304,0.0,0.0,0.0,0.0,0.0,0.0,100.0,0.0
20151207152334,0.0,0.0,0.0,0.0,0.0,0.0,100.0,0.0
20151207152404,0.0,0.0,0.0,0.0,0.0,0.0,100.0,0.0
20151207152434,0.0,0.0,0.0,0.0,0.0,0.0,100.0,0.0
20151207152504,0.0,0.0,0.0,0.0,0.0,0.0,100.0,0.0
20151207152534,0.0,0.0,0.0,0.0,0.0,0.0,100.0,0.0
20151207152604,0.0,0.0,0.0,0.0,0.0,0.0,100.0,0.0
20151207152634,0.0,0.0,0.0,0.0,0.0,0.0,100.0,0.0
20151207152704,0.0,0.0,0.0,0.0,0.0,0.0,100.0,0.0
20151207152734,0.0,0.0,0.0,0.0,0.0,0.0,100.0,0.0
20151207152804,0.0,0.0,0.0,0.0,0.0,0.0,100.0,0.0
20151207152834,0.0,0.0,0.0,0.0,0.0,0.0,100.0,0.0
20151207152904,0.0,0.0,0.0,0.0,0.0,0.0,100.0,0.0
20151207152934,0.0,0.0,0.0,0.0,0.0,0.0,100.0,0.0
20151207153005,0.0,0.0,0.0,0.0,0.0,0.0,100.0,0.0
20151207153035,0.0,0.0,0.0,0.0,0.0,0.0,100.0,0.0
20151207153105,0.0,0.0,0.0,0.0,0.0,0.0,100.0,0.0
20151207153135,0.0,0.0,0.0,0.0,0.0,0.0,100.0,0.0
20151207153205,0.0,0.0,0.0,0.0,0.0,0.0,100.0,0.0
20151207153235,0.0,0.0,0.0,0.0,0.0,0.0,100.0,0.0
20151207153305,0.0,0.0,0.0,0.0,0.0,0.0,100.0,0.0
20151207153335,0.0,0.0,0.0,0.0,0.0,0.0,100.0,0.0
20151207153405,0.0,0.0,0.0,0.0,0.0,0.0,100.0,0.0
20151207153435,0.0,0.0,0.0,0.0,0.0,0.0,100.0,0.0
20151207153505,0.0,0.0,0.0,0.0,0.0,0.0,100.0,0.0
20151207153535,0.0,0.0,0.0,0.0,0.0,0.0,100.0,0.0
20151207153605,0.0,0.0,0.0,0.0,0.0,0.0,100.0,0.0
20151207153635,0.0,0.0,0.0,0.0,0.0,0.0,100.0,0.0
20151207153705,0.0,0.0,0.0,0.0,0.0,0.0,100.0,0.0
20151207153735,0.0,0.0,0.0,0.0,0.0,0.0,100.0,0.0
20151207153805,0.0,0.0,0.0,0.0,0.0,0.0,100.0,0.0
20151207153835,0.0,0.0,0.0,0.0,0.0,0.0,100.0,0.0
20151207153905,0.0,0.0,0.0,0.0,0.0,0.0,100.0,0.0
20151207153935,0.0,0.0,0.0,0.0,0.0,0.0,100.0,0.0
20151207154005,0.0,0.0,0.0,0.0,0.0,0.0,100.0,0.0
20151207154035,0.0,0.0,0.0,0.0,0.0,0.0,100.0,0.0
20151207154105,0.0,0.0,0.0,0.0,0.0,0.0,99.9,0.1
20151207154135,0.0,0.0,0.0,0.0,0.0,0.0,100.0,0.0
20151207154205,0.0,0.0,0.0,0.1,0.0,0.0,99.9,0.1
20151207154235,0.0,0.0,0.0,0.0,0.0,0.0,100.0,0.0
20151207154305,0.0,0.0,0.0,0.0,0.0,0.0,99.9,0.0
20151207154335,0.0,0.0,0.0,0.0,0.0,0.0,100.0,0.0
20151207154405,0.0,0.0,0.0,0.0,0.0,0.0,100.0,0.0
20151207154435,0.0,0.0,0.0,0.0,0.0,0.0,99.9,0.1
20151207154505,0.0,0.0,0.0,0.0,0.0,0.0,100.0,0.0
20151207154535,0.0,0.0,0.0,0.0,0.0,0.0,99.9,0.1
20151207154605,0.0,0.0,0.0,0.4,0.0,0.0,99.6,0.1
20151207154635,0.0,0.0,0.0,0.0,0.0,0.0,99.9,0.1
20151207154705,0.0,0.0,0.0,0.0,0.0,0.0,99.9,0.0
20151207154735,0.0,0.0,0.0,0.0,0.0,0.0,100.0,0.0
20151207154805,0.0,0.0,0.0,0.0,0.0,0.0,100.0,0.0
20151207154835,0.0,0.0,0.0,0.1,0.0,0.0,99.9,0.0
20151207154905,0.0,0.0,0.0,0.0,0.0,0.0,100.0,0.0
20151207154935,0.0,0.0,0.0,0.1,0.0,0.0,99.8,0.0
20151207155005,0.0,0.0,0.0,0.6,0.0,0.0,99.3,0.1
20151207155035,0.0,0.0,0.0,0.5,0.0,0.0,99.3,0.2
20151207155105,0.0,0.0,0.0,1.4,0.0,0.0,98.1,0.5
20151207155135,0.0,0.0,0.0,0.3,0.0,0.0,99.4,0.4
20151207155205,0.0,0.0,0.0,0.1,0.0,0.0,99.9,0.0
20151207155235,0.0,0.0,0.0,0.0,0.0,0.0,100.0,0.0
20151207155305,0.0,0.0,0.0,0.1,0.0,0.0,99.9,0.0
20151207155335,0.0,0.0,0.0,0.1,0.0,0.0,99.9,0.0
20151207155405,0.0,0.0,0.0,0.1,0.0,0.0,99.8,0.1
20151207155435,0.0,0.0,0.0,0.1,0.0,0.0,99.9,0.0
20151207155505,0.0,0.0,0.0,0.0,0.0,0.0,99.9,0.1
20151207155535,0.0,0.0,0.0,0.1,0.0,0.0,99.7,0.1
20151207155605,0.0,0.0,0.0,0.0,0.0,0.0,100.0,0.0
20151207155635,0.0,0.0,0.0,0.0,0.0,0.0,100.0,0.0
20151207155705,0.0,0.0,0.0,0.0,0.0,0.0,100.0,0.0
20151207155735,0.0,0.0,0.0,0.0,0.0,0.0,100.0,0.0
20151207155805,0.0,0.0,0.0,0.0,0.0,0.0,100.0,0.0
20151207155835,0.0,0.0,0.0,0.0,0.0,0.0,100.0,0.0
20151207155905,0.0,0.0,0.0,0.0,0.0,0.0,100.0,0.0
20151207155935,0.0,0.0,0.0,0.0,0.0,0.0,100.0,0.0
20151207160005,0.0,0.0,0.0,0.0,0.0,0.0,100.0,0.0
20151207160035,0.0,0.0,0.0,0.0,0.0,0.0,100.0,0.0
20151207160105,0.0,0.0,0.0,0.0,0.0,0.0,100.0,0.0
20151207160135,0.0,0.0,0.0,0.0,0.0,0.0,100.0,0.0
20151207160206,0.0,0.0,0.0,0.0,0.0,0.0,100.0,0.0
20151207160236,0.0,0.0,0.0,0.0,0.0,0.0,100.0,0.0
20151207160306,0.0,0.0,0.0,0.0,0.0,0.0,100.0,0.0
20151207160336,0.0,0.0,0.0,0.0,0.0,0.0,100.0,0.0
20151207160406,0.0,0.0,0.0,0.0,0.0,0.0,100.0,0.0
20151207160436,0.0,0.0,0.0,0.0,0.0,0.0,100.0,0.0
20151207160506,0.0,0.0,0.0,0.0,0.0,0.0,100.0,0.0
20151207160536,0.0,0.0,0.0,0.0,0.0,0.0,100.0,0.0
20151207160606,0.0,0.0,0.0,0.0,0.0,0.0,100.0,0.0
20151207160636,0.0,0.0,0.0,0.0,0.0,0.0,100.0,0.0
20151207160706,0.0,0.0,0.0,0.0,0.0,0.0,100.0,0.0
20151207160736,0.0,0.0,0.0,0.0,0.0,0.0,100.0,0.0
20151207160806,0.0,0.0,0.0,0.0,0.0,0.0,100.0,0.0
20151207160836,0.0,0.0,0.0,0.0,0.0,0.0,100.0,0.0
20151207160906,0.0,0.0,0.0,0.0,0.0,0.0,100.0,0.0
20151207160936,0.0,0.0,0.0,0.0,0.0,0.0,100.0,0.0
20151207161006,0.0,0.0,0.0,0.0,0.0,0.0,100.0,0.0
20151207161036,0.0,0.0,0.0,0.0,0.0,0.0,100.0,0.0
20151207161106,0.0,0.0,0.0,0.0,0.0,0.0,100.0,0.0
20151207161136,0.0,0.0,0.0,0.0,0.0,0.0,100.0,0.0
20151207161206,0.0,0.0,0.0,0.0,0.0,0.0,99.7,0.3
20151207161236,0.0,0.0,0.0,0.0,0.0,0.0,100.0,0.0
20151207161306,0.0,0.0,0.0,0.0,0.0,0.0,100.0,0.0
20151207161336,0.0,0.0,0.0,0.1,0.0,0.0,99.8,0.0
20151207161406,0.0,0.0,0.0,0.2,0.0,0.0,99.7,0.0
20151207161436,0.0,0.0,0.0,0.3,0.0,0.0,99.7,0.0
20151207161506,0.0,0.0,0.0,0.3,0.0,0.0,99.6,0.1
20151207161536,0.0,0.0,0.0,1.6,0.0,0.0,98.1,0.3
20151207161606,0.0,0.0,0.0,0.2,0.0,0.0,99.8,0.0
20151207161636,0.0,0.0,0.0,0.5,0.0,0.0,99.2,0.3
20151207161706,0.0,0.0,0.0,0.4,0.0,0.0,99.4,0.2
20151207161736,0.0,0.0,0.0,0.0,0.0,0.0,99.8,0.1
20151207161806,0.0,0.0,0.0,0.0,0.0,0.0,99.9,0.0
20151207161836,0.0,0.0,0.0,0.0,0.0,0.0,99.9,0.1
20151207161906,0.0,0.0,0.0,0.0,0.0,0.0,100.0,0.0
20151207161936,0.0,0.0,0.0,0.0,0.0,0.0,99.9,0.0
20151207162006,0.0,0.0,0.0,0.0,0.0,0.0,100.0,0.0
20151207162036,0.0,0.0,0.0,0.0,0.0,0.0,100.0,0.0
20151207162106,0.0,0.0,0.0,0.1,0.0,0.0,99.9,0.0
20151207162136,0.0,0.0,0.0,0.0,0.0,0.0,100.0,0.0
20151207162206,0.0,0.0,0.0,0.1,0.0,0.0,99.9,0.0
20151207162236,0.0,0.0,0.0,0.1,0.0,0.0,99.9,0.0
20151207162306,0.0,0.0,0.0,0.1,0.0,0.0,99.9,0.0
20151207162336,0.0,0.0,0.0,0.1,0.0,0.0,99.9,0.0
20151207162406,0.0,0.0,0.0,0.0,0.0,0.0,99.9,0.0
20151207162436,0.0,0.0,0.0,0.1,0.0,0.0,99.9,0.0
20151207162506,0.0,0.0,0.0,0.0,0.0,0.0,99.9,0.0
20151207162536,0.0,0.0,0.0,0.0,0.0,0.0,100.0,0.0
20151207162606,0.0,0.0,0.0,0.0,0.0,0.0,100.0,0.0
20151207162636,0.0,0.0,0.0,0.0,0.0,0.0,100.0,0.0
20151207162706,0.0,0.0,0.0,0.1,0.0,0.0,99.9,0.0
20151207162736,0.0,0.0,0.0,0.0,0.0,0.0,100.0,0.0
20151207162806,0.0,0.0,0.0,0.0,0.0,0.0,100.0,0.0
20151207162836,0.0,0.0,0.0,0.0,0.0,0.0,100.0,0.0
20151207162906,0.0,0.0,0.0,0.0,0.0,0.0,100.0,0.0
20151207162936,0.0,0.0,0.0,0.0,0.0,0.0,100.0,0.0
20151207163006,0.0,0.0,0.0,0.0,0.0,0.0,100.0,0.0
20151207163036,0.0,0.0,0.0,0.0,0.0,0.0,100.0,0.0
20151207163106,0.0,0.0,0.0,0.0,0.0,0.0,100.0,0.0
20151207163137,0.0,0.0,0.0,0.0,0.0,0.0,100.0,0.0
20151207163207,0.0,0.0,0.0,0.0,0.0,0.0,100.0,0.0
20151207163237,0.0,0.0,0.0,0.0,0.0,0.0,100.0,0.0
20151207163307,0.0,0.0,0.0,0.0,0.0,0.0,100.0,0.0
20151207163337,0.0,0.0,0.0,0.0,0.0,0.0,100.0,0.0
20151207163407,0.0,0.0,0.0,0.0,0.0,0.0,100.0,0.0
20151207163437,0.0,0.0,0.0,0.0,0.0,0.0,100.0,0.0
20151207163507,0.0,0.0,0.0,0.0,0.0,0.0,100.0,0.0
20151207163537,0.0,0.0,0.0,0.0,0.0,0.0,100.0,0.0
20151207163607,0.0,0.0,0.0,0.0,0.0,0.0,100.0,0.0
20151207163637,0.0,0.0,0.0,0.0,0.0,0.0,100.0,0.0
20151207163707,0.0,0.0,0.0,0.0,0.0,0.0,100.0,0.0
20151207163737,0.0,0.0,0.0,0.0,0.0,0.0,100.0,0.0
20151207163807,0.0,0.0,0.0,0.0,0.0,0.0,100.0,0.0
20151207163837,0.0,0.0,0.0,0.0,0.0,0.0,100.0,0.0
20151207163907,0.0,0.0,0.0,0.0,0.0,0.0,100.0,0.0
20151207163937,0.0,0.0,0.0,0.0,0.0,0.0,100.0,0.0
20151207164007,0.0,0.0,0.0,0.0,0.0,0.0,100.0,0.0
20151207164037,0.0,0.0,0.0,0.0,0.0,0.0,100.0,0.0
20151207164107,0.0,0.0,0.0,0.0,0.0,0.0,100.0,0.0
20151207164137,0.0,0.0,0.0,0.0,0.0,0.0,100.0,0.0
20151207164207,0.0,0.0,0.0,0.0,0.0,0.0,100.0,0.0
20151207164237,0.0,0.0,0.0,0.0,0.0,0.0,100.0,0.0
20151207164307,0.0,0.0,0.0,0.0,0.0,0.0,100.0,0.0
20151207164337,0.0,0.0,0.0,0.0,0.0,0.0,100.0,0.0
20151207164407,0.0,0.0,0.0,0.0,0.0,0.0,100.0,0.0
20151207164437,0.0,0.0,0.0,0.0,0.0,0.0,100.0,0.0
20151207164507,0.0,0.0,0.0,0.0,0.0,0.0,100.0,0.0
20151207164537,0.0,0.0,0.0,0.0,0.0,0.0,100.0,0.0
20151207164607,0.0,0.0,0.0,0.0,0.0,0.0,100.0,0.0
20151207164637,0.0,0.0,0.0,0.0,0.0,0.0,100.0,0.0
20151207164707,0.0,0.0,0.0,0.0,0.0,0.0,100.0,0.0
20151207164737,0.0,0.0,0.0,0.0,0.0,0.0,100.0,0.0
20151207164807,0.0,0.0,0.0,0.1,0.0,0.0,99.9,0.0
20151207164837,0.0,0.0,0.0,0.0,0.0,0.0,100.0,0.0
20151207164907,0.0,0.0,0.0,0.0,0.0,0.0,100.0,0.0
20151207164937,0.0,0.0,0.0,0.0,0.0,0.0,100.0,0.0
20151207165007,0.0,0.0,0.0,0.0,0.0,0.0,100.0,0.0
20151207165037,0.0,0.0,0.0,0.0,0.0,0.0,100.0,0.0
20151207165107,0.0,0.0,0.0,0.0,0.0,0.0,100.0,0.0
20151207165137,0.0,0.0,0.0,0.0,0.0,0.0,100.0,0.0
20151207165207,0.0,0.0,0.0,0.0,0.0,0.0,0.0,100.0
20151207165237,0.0,0.0,0.0,0.0,0.0,0.0,100.0,0.0
20151207165307,0.0,0.0,0.0,0.0,0.0,0.0,100.0,0.0
20151207165337,0.0,0.0,0.0,0.0,0.0,0.0,100.0,0.0
20151207165407,0.0,0.0,0.0,0.0,0.0,0.0,100.0,0.0
20151207165437,0.0,0.0,0.0,0.0,0.0,0.0,100.0,0.0
20151207165507,0.0,0.0,0.0,0.0,0.0,0.0,100.0,0.0
20151207165537,0.0,0.0,0.0,0.0,0.0,0.0,100.0,0.0
20151207165607,0.0,0.0,0.0,0.0,0.0,0.0,100.0,0.0
20151207165637,0.0,0.0,0.0,0.0,0.0,0.0,100.0,0.0
20151207165707,0.0,0.0,0.0,0.0,0.0,0.0,99.4,0.6
20151207165737,0.0,0.0,0.0,0.0,0.0,0.0,100.0,0.0
20151207165807,0.0,0.0,0.0,0.0,0.0,0.0,100.0,0.0
20151207165837,0.0,0.0,0.0,0.0,0.0,0.0,99.9,0.1
20151207165907,0.0,0.0,0.0,0.0,0.0,0.0,100.0,0.0
20151207165937,0.0,0.0,0.0,0.0,0.0,0.0,100.0,0.0
20151207170007,0.0,0.0,0.0,0.0,0.0,0.0,100.0,0.0
20151207170037,0.0,0.0,0.0,0.0,0.0,0.0,100.0,0.0
20151207170107,0.0,0.0,0.0,0.0,0.0,0.0,100.0,0.0
20151207170137,0.0,0.0,0.0,0.0,0.0,0.0,100.0,0.0
20151207170207,0.0,0.0,0.0,0.0,0.0,0.0,100.0,0.0
20151207170237,0.0,0.0,0.0,0.0,0.0,0.0,100.0,0.0
20151207170307,0.0,0.0,0.0,0.0,0.0,0.0,100.0,0.0
20151207170337,0.0,0.0,0.0,0.0,0.0,0.0,100.0,0.0
20151207170407,0.0,0.0,0.0,0.0,0.0,0.0,100.0,0.0
20151207170437,0.0,0.0,0.0,0.0,0.0,0.0,100.0,0.0
20151207170507,0.0,0.0,0.0,0.0,0.0,0.0,100.0,0.0
20151207170538,0.0,0.0,0.0,0.0,0.0,0.0,100.0,0.0
20151207170608,0.0,0.0,0.0,0.0,0.0,0.0,100.0,0.0
20151207170638,0.0,0.0,0.0,0.0,0.0,0.0,100.0,0.0
20151207170708,0.0,0.0,0.0,0.0,0.0,0.0,100.0,0.0
20151207170738,0.0,0.0,0.0,0.0,0.0,0.0,100.0,0.0
20151207170808,0.0,0.0,0.0,0.0,0.0,0.0,100.0,0.0
20151207170838,0.0,0.0,0.0,0.0,0.0,0.0,100.0,0.0
20151207170908,0.0,0.0,0.0,0.0,0.0,0.0,100.0,0.0
20151207170938,0.0,0.0,0.0,0.0,0.0,0.0,100.0,0.0
20151207171008,0.0,0.0,0.0,0.0,0.0,0.0,100.0,0.0
20151207171038,0.0,0.0,0.0,0.0,0.0,0.0,100.0,0.0
20151207171108,0.0,0.0,0.0,0.0,0.0,0.0,100.0,0.0
20151207171138,0.0,0.0,0.0,0.0,0.0,0.0,100.0,0.0
20151207171208,0.0,0.0,0.0,0.0,0.0,0.0,100.0,0.0
20151207171238,0.0,0.0,0.0,0.0,0.0,0.0,100.0,0.0
20151207171308,0.0,0.0,0.0,0.0,0.0,0.0,100.0,0.0
20151207171338,0.0,0.0,0.0,0.0,0.0,0.0,100.0,0.0
20151207171408,0.0,0.0,0.0,0.0,0.0,0.0,99.8,0.2
20151207171438,0.0,0.0,0.0,0.0,0.0,0.0,99.8,0.2
20151207171508,0.0,0.0,0.0,0.3,0.0,0.0,99.7,0.0
20151207171538,0.0,0.0,0.0,65.1,0.0,0.0,20.1,14.8
20151207171608,0.0,0.0,0.0,8.3,0.0,0.0,90.5,1.2
20151207171638,0.0,0.0,0.0,11.9,0.0,0.0,86.5,1.6
20151207171708,0.0,0.0,0.0,5.9,0.0,0.0,89.8,4.3
20151207171738,0.0,0.0,0.0,45.9,0.0,0.0,53.0,1.1
20151207171808,0.0,0.0,0.0,11.3,0.0,0.0,87.9,0.8
20151207171838,0.0,0.0,0.0,93.1,0.0,0.0,6.8,0.1
20151207171908,0.0,0.0,0.0,69.4,0.0,0.0,30.4,0.2
20151207171938,0.0,0.0,0.0,96.7,0.0,0.0,3.3,0.0
20151207172008,0.0,0.0,0.0,99.0,0.0,0.0,0.9,0.0
20151207172038,0.0,0.0,0.0,49.9,0.0,0.0,49.4,0.7
20151207172108,0.0,0.0,0.0,0.0,0.0,0.0,0.0,100.0
20151207172138,0.0,0.0,0.0,79.8,0.0,0.0,19.0,1.2
20151207172208,0.0,0.0,0.0,99.8,0.0,0.0,0.1,0.1
20151207172238,0.0,0.0,0.0,86.2,0.0,0.0,13.5,0.3
20151207172308,0.0,0.0,0.0,17.0,0.0,0.0,82.2,0.9
20151207172338,0.0,0.0,0.0,1.1,0.0,0.0,98.9,0.0
20151207172408,0.0,0.0,0.0,95.7,0.0,0.0,3.6,0.6
20151207172438,0.0,0.0,0.0,95.6,0.0,0.0,4.3,0.1
20151207172508,0.0,0.0,0.0,69.3,0.0,0.0,29.0,1.7
20151207172538,0.0,0.0,0.0,3.4,0.0,0.0,95.4,1.2
20151207172608,0.0,0.0,0.0,17.7,0.0,0.0,77.6,4.8
20151207172638,0.0,0.0,0.0,6.7,0.0,0.0,90.6,2.7
20151207172708,0.0,0.0,0.0,10.5,0.0,0.0,86.0,3.5
20151207172738,0.0,0.0,0.0,7.7,0.0,0.0,85.0,7.3
20151207172808,0.0,0.0,0.0,63.1,0.0,0.0,28.5,8.3
20151207172838,0.0,0.0,0.0,90.1,0.0,0.0,2.5,7.3
20151207172908,0.0,0.0,0.0,0.5,0.0,0.0,96.7,2.8
20151207172938,0.0,0.0,0.0,0.0,0.0,0.0,99.8,0.1
20151207173008,0.0,0.0,0.0,0.0,0.0,0.0,97.7,2.3
20151207173038,0.0,0.0,0.0,0.0,0.0,0.0,99.5,0.5
20151207173108,0.0,0.0,0.0,0.0,0.0,0.0,89.2,10.8
20151207173138,0.0,0.0,0.0,0.0,0.0,0.0,100.0,0.0
20151207173208,0.0,0.0,0.0,0.0,0.0,0.0,99.8,0.2
20151207173238,0.0,0.0,0.0,0.0,0.0,0.0,94.0,6.0
20151207173308,0.0,0.0,0.0,0.0,0.0,0.0,97.8,2.2
20151207173338,0.0,0.0,0.0,0.0,0.0,0.0,99.9,0.1
20151207173408,0.0,0.0,0.0,0.0,0.0,0.0,100.0,0.0
20151207173438,0.0,0.0,0.0,0.0,0.0,0.0,100.0,0.0
20151207173508,0.0,0.0,0.0,0.0,0.0,0.0,100.0,0.0
20151207173538,0.0,0.0,0.0,0.0,0.0,0.0,100.0,0.0
20151207173608,0.0,0.0,0.0,0.0,0.0,0.0,100.0,0.0
20151207173638,0.0,0.0,0.0,0.0,0.0,0.0,100.0,0.0
20151207173708,0.0,0.0,0.0,0.0,0.0,0.0,100.0,0.0
20151207173738,0.0,0.0,0.0,0.0,0.0,0.0,100.0,0.0
20151207173808,0.0,0.0,0.0,0.0,0.0,0.0,100.0,0.0
20151207173838,0.0,0.0,0.0,0.0,0.0,0.0,100.0,0.0
20151207173908,0.0,0.0,0.0,0.0,0.0,0.0,100.0,0.0
20151207173938,0.0,0.0,0.0,0.0,0.0,0.0,100.0,0.0
20151207174009,0.0,0.0,0.0,0.0,0.0,0.0,99.9,0.1
20151207174039,0.0,0.0,0.0,0.0,0.0,0.0,100.0,0.0
20151207174109,0.0,0.0,0.0,0.0,0.0,0.0,99.0,1.0
20151207174139,0.0,0.0,0.0,0.0,0.0,0.0,99.9,0.1
20151207174209,0.0,0.0,0.0,0.0,0.0,0.0,100.0,0.0
20151207174239,0.0,0.0,0.0,0.0,0.0,0.0,99.9,0.1
20151207174309,0.0,0.0,0.0,0.0,0.0,0.0,100.0,0.0
20151207174339,0.0,0.0,0.0,0.0,0.0,0.0,100.0,0.0
20151207174409,0.0,0.0,0.0,0.0,0.0,0.0,100.0,0.0
20151207174439,0.0,0.0,0.0,0.0,0.0,0.0,100.0,0.0
20151207174509,0.0,0.0,0.0,0.0,0.0,0.0,100.0,0.0
20151207174539,0.0,0.0,0.0,0.0,0.0,0.0,100.0,0.0
20151207174609,0.0,0.0,0.0,0.0,0.0,0.0,99.6,0.4
20151207174639,0.0,0.0,0.0,0.0,0.0,0.0,100.0,0.0
20151207174709,0.0,0.0,0.0,0.0,0.0,0.0,98.5,1.5
20151207174739,0.0,0.0,0.0,0.0,0.0,0.0,100.0,0.0
20151207174809,0.0,0.0,0.0,0.0,0.0,0.0,99.5,0.5
20151207174839,0.0,0.0,0.0,0.0,0.0,0.0,96.8,3.2
20151207174909,0.0,0.0,0.0,0.0,0.0,0.0,99.0,1.0
20151207174939,0.0,0.0,0.0,0.0,0.0,0.0,99.2,0.8
20151207175009,0.0,0.0,0.0,0.0,0.0,0.0,98.9,1.1
20151207175039,0.0,0.0,0.0,0.0,0.0,0.0,99.9,0.1
20151207175109,0.0,0.0,0.0,0.0,0.0,0.0,100.0,0.0
20151207175139,0.0,0.0,0.0,0.0,0.0,0.0,99.9,0.1
20151207175209,0.0,0.0,0.0,0.0,0.0,0.0,99.9,0.1
20151207175239,0.0,0.0,0.0,0.0,0.0,0.0,100.0,0.0
20151207175309,0.0,0.0,0.0,0.0,0.0,0.0,100.0,0.0
20151207175339,0.0,0.0,0.0,0.0,0.0,0.0,99.9,0.1
20151207175409,0.0,0.0,0.0,0.0,0.0,0.0,100.0,0.0
20151207175439,0.0,0.0,0.0,0.0,0.0,0.0,100.0,0.0
20151207175509,0.0,0.0,0.0,0.0,0.0,0.0,100.0,0.0
20151207175539,0.0,0.0,0.0,0.0,0.0,0.0,100.0,0.0
20151207175609,0.0,0.0,0.0,0.0,0.0,0.0,100.0,0.0
20151207175639,0.0,0.0,0.0,0.0,0.0,0.0,100.0,0.0
20151207175709,0.0,0.0,0.0,0.0,0.0,0.0,100.0,0.0
20151207175739,0.0,0.0,0.0,0.0,0.0,0.0,100.0,0.0
20151207175809,0.0,0.0,0.0,0.0,0.0,0.0,100.0,0.0
20151207175839,0.0,0.0,0.0,0.0,0.0,0.0,100.0,0.0
20151207175909,0.0,0.0,0.0,0.0,0.0,0.0,100.0,0.0
20151207175939,0.0,0.0,0.0,0.0,0.0,0.0,100.0,0.0
20151207180009,0.0,0.0,0.0,0.0,0.0,0.0,100.0,0.0
20151207180039,0.0,0.0,0.0,0.0,0.0,0.0,100.0,0.0
20151207180109,0.0,0.0,0.0,0.0,0.0,0.0,100.0,0.0
20151207180139,0.0,0.0,0.0,0.0,0.0,0.0,100.0,0.0
20151207180209,0.0,0.0,0.0,0.0,0.0,0.0,100.0,0.0
20151207180239,0.0,0.0,0.0,0.0,0.0,0.0,100.0,0.0
20151207180309,0.0,0.0,0.0,0.0,0.0,0.0,100.0,0.0
20151207180339,0.0,0.0,0.0,0.0,0.0,0.0,100.0,0.0
20151207180409,0.0,0.0,0.0,0.0,0.0,0.0,100.0,0.0
20151207180439,0.0,0.0,0.0,0.0,0.0,0.0,100.0,0.0
20151207180509,0.0,0.0,0.0,0.0,0.0,0.0,100.0,0.0
20151207180539,0.0,0.0,0.0,0.0,0.0,0.0,100.0,0.0
20151207180609,0.0,0.0,0.0,0.0,0.0,0.0,100.0,0.0
20151207180639,0.0,0.0,0.0,0.0,0.0,0.0,100.0,0.0
20151207180710,0.0,0.0,0.0,0.0,0.0,0.0,100.0,0.0
20151207180740,0.0,0.0,0.0,0.0,0.0,0.0,100.0,0.0
20151207180810,0.0,0.0,0.0,0.0,0.0,0.0,100.0,0.0
20151207180840,0.0,0.0,0.0,0.0,0.0,0.0,99.9,0.1
20151207180910,0.0,0.0,0.0,0.0,0.0,0.0,99.5,0.5
20151207180940,0.0,0.0,0.0,0.0,0.0,0.0,100.0,0.0
20151207181010,0.0,0.0,0.0,0.0,0.0,0.0,100.0,0.0
20151207181040,0.0,0.0,0.0,0.0,0.0,0.0,100.0,0.0
20151207181110,0.0,0.0,0.0,0.0,0.0,0.0,100.0,0.0
20151207181140,0.0,0.0,0.0,0.0,0.0,0.0,100.0,0.0
20151207181210,0.0,0.0,0.0,0.0,0.0,0.0,100.0,0.0
20151207181240,0.0,0.0,0.0,0.0,0.0,0.0,100.0,0.0
20151207181310,0.0,0.0,0.0,0.0,0.0,0.0,100.0,0.0
20151207181340,0.0,0.0,0.0,0.0,0.0,0.0,100.0,0.0
20151207181410,0.0,0.0,0.0,0.0,0.0,0.0,100.0,0.0
20151207181440,0.0,0.0,0.0,0.0,0.0,0.0,100.0,0.0
20151207181510,0.0,0.0,0.0,0.0,0.0,0.0,100.0,0.0
20151207181540,0.0,0.0,0.0,0.0,0.0,0.0,100.0,0.0
20151207181610,0.0,0.0,0.0,0.0,0.0,0.0,100.0,0.0
20151207181640,0.0,0.0,0.0,0.0,0.0,0.0,100.0,0.0
20151207181710,0.0,0.0,0.0,0.0,0.0,0.0,100.0,0.0
20151207181740,0.0,0.0,0.0,0.0,0.0,0.0,100.0,0.0
20151207181810,0.0,0.0,0.0,0.0,0.0,0.0,100.0,0.0
20151207181840,0.0,0.0,0.0,0.0,0.0,0.0,100.0,0.0
20151207181910,0.0,0.0,0.0,0.0,0.0,0.0,100.0,0.0
20151207181940,0.0,0.0,0.0,0.0,0.0,0.0,100.0,0.0
20151207182010,0.0,0.0,0.0,0.0,0.0,0.0,100.0,0.0
20151207182040,0.0,0.0,0.0,0.0,0.0,0.0,100.0,0.0
20151207182110,0.0,0.0,0.0,0.0,0.0,0.0,99.7,0.3
20151207182140,0.0,0.0,0.0,0.0,0.0,0.0,99.9,0.1
20151207182210,0.0,0.0,0.0,0.0,0.0,0.0,99.3,0.7
20151207182240,0.0,0.0,0.0,0.0,0.0,0.0,100.0,0.0
20151207182310,0.0,0.0,0.0,0.0,0.0,0.0,100.0,0.0
20151207182340,0.0,0.0,0.0,0.0,0.0,0.0,100.0,0.0
20151207182410,0.0,0.0,0.0,0.0,0.0,0.0,100.0,0.0
20151207182440,0.0,0.0,0.0,0.0,0.0,0.0,100.0,0.0
20151207182510,0.0,0.0,0.0,0.0,0.0,0.0,99.9,0.1
20151207182540,0.0,0.0,0.0,0.0,0.0,0.0,99.9,0.1
20151207182610,0.0,0.0,0.0,0.0,0.0,0.0,100.0,0.0
20151207182640,0.0,0.0,0.0,0.0,0.0,0.0,100.0,0.0
20151207182710,0.0,0.0,0.0,0.0,0.0,0.0,100.0,0.0
20151207182740,0.0,0.0,0.0,0.0,0.0,0.0,100.0,0.0
20151207182810,0.0,0.0,0.0,0.0,0.0,0.0,100.0,0.0
20151207182840,0.0,0.0,0.0,0.0,0.0,0.0,99.9,0.1
20151207182910,0.0,0.0,0.0,0.0,0.0,0.0,100.0,0.0
20151207182940,0.0,0.0,0.0,0.0,0.0,0.0,100.0,0.0
20151207183010,0.0,0.0,0.0,0.0,0.0,0.0,100.0,0.0
20151207183040,0.0,0.0,0.0,0.0,0.0,0.0,100.0,0.0
20151207183110,0.0,0.0,0.0,0.0,0.0,0.0,100.0,0.0
20151207183140,0.0,0.0,0.0,0.0,0.0,0.0,100.0,0.0
20151207183210,0.0,0.0,0.0,0.0,0.0,0.0,100.0,0.0
20151207183240,0.0,0.0,0.0,0.0,0.0,0.0,100.0,0.0
20151207183310,0.0,0.0,0.0,0.0,0.0,0.0,100.0,0.0
20151207183340,0.0,0.0,0.0,0.0,0.0,0.0,100.0,0.0
20151207183410,0.0,0.0,0.0,0.0,0.0,0.0,100.0,0.0
20151207183440,0.0,0.0,0.0,0.0,0.0,0.0,100.0,0.0
20151207183510,0.0,0.0,0.0,0.0,0.0,0.0,100.0,0.0
20151207183540,0.0,0.0,0.0,0.0,0.0,0.0,100.0,0.0
20151207183610,0.0,0.0,0.0,0.0,0.0,0.0,100.0,0.0
20151207183640,0.0,0.0,0.0,0.0,0.0,0.0,99.9,0.1
20151207183710,0.0,0.0,0.0,0.0,0.0,0.0,99.9,0.1
20151207183740,0.0,0.0,0.0,0.0,0.0,0.0,99.5,0.5
20151207183810,0.0,0.0,0.0,0.0,0.0,0.0,100.0,0.0
20151207183840,0.0,0.0,0.0,0.0,0.0,0.0,100.0,0.0
20151207183910,0.0,0.0,0.0,0.0,0.0,0.0,100.0,0.0
20151207183940,0.0,0.0,0.0,0.0,0.0,0.0,100.0,0.0
20151207184010,0.0,0.0,0.0,0.0,0.0,0.0,100.0,0.0
20151207184040,0.0,0.0,0.0,0.0,0.0,0.0,100.0,0.0
20151207184111,0.0,0.0,0.0,0.1,0.0,0.0,99.9,0.0
20151207184141,0.0,0.0,0.0,0.0,0.0,0.0,100.0,0.0
20151207184211,0.0,0.0,0.0,0.0,0.0,0.0,100.0,0.0
20151207184241,0.0,0.0,0.0,0.0,0.0,0.0,100.0,0.0
20151207184311,0.0,0.0,0.0,0.0,0.0,0.0,100.0,0.0
20151207184341,0.0,0.0,0.0,0.0,0.0,0.0,100.0,0.0
20151207184411,0.0,0.0,0.0,0.0,0.0,0.0,100.0,0.0
20151207184441,0.0,0.0,0.0,0.0,0.0,0.0,100.0,0.0
20151207184511,0.0,0.0,0.0,0.0,0.0,0.0,100.0,0.0
20151207184541,0.0,0.0,0.0,0.0,0.0,0.0,100.0,0.0
20151207184611,0.0,0.0,0.0,0.0,0.0,0.0,100.0,0.0
20151207184641,0.0,0.0,0.0,0.0,0.0,0.0,100.0,0.0
20151207184711,0.0,0.0,0.0,0.0,0.0,0.0,100.0,0.0
20151207184741,0.0,0.0,0.0,0.0,0.0,0.0,100.0,0.0
20151207184811,0.0,0.0,0.0,0.0,0.0,0.0,100.0,0.0
20151207184841,0.0,0.0,0.0,0.0,0.0,0.0,100.0,0.0
20151207184911,0.0,0.0,0.0,0.0,0.0,0.0,100.0,0.0
20151207184941,0.0,0.0,0.0,0.0,0.0,0.0,100.0,0.0
20151207185011,0.0,0.0,0.0,0.0,0.0,0.0,100.0,0.0
20151207185041,0.0,0.0,0.0,0.0,0.0,0.0,100.0,0.0
20151207185111,0.0,0.0,0.0,0.0,0.0,0.0,100.0,0.0
20151207185141,0.0,0.0,0.0,0.0,0.0,0.0,100.0,0.0
20151207185211,0.0,0.0,0.0,0.0,0.0,0.0,100.0,0.0
20151207185241,0.0,0.0,0.0,0.0,0.0,0.0,100.0,0.0
20151207185311,0.0,0.0,0.0,0.0,0.0,0.0,100.0,0.0
20151207185341,0.0,0.0,0.0,0.0,0.0,0.0,100.0,0.0
20151207185411,0.0,0.0,0.0,0.0,0.0,0.0,100.0,0.0
20151207185441,0.0,0.0,0.0,0.0,0.0,0.0,100.0,0.0
20151207185511,0.0,0.0,0.0,0.0,0.0,0.0,100.0,0.0
20151207185541,0.0,0.0,0.0,0.0,0.0,0.0,100.0,0.0
20151207185611,0.0,0.0,0.0,0.0,0.0,0.0,100.0,0.0
20151207185641,0.0,0.0,0.0,0.0,0.0,0.0,100.0,0.0
20151207185711,0.0,0.0,0.0,0.0,0.0,0.0,100.0,0.0
20151207185741,0.0,0.0,0.0,0.0,0.0,0.0,100.0,0.0
20151207185811,0.0,0.0,0.0,0.0,0.0,0.0,100.0,0.0
20151207185841,0.0,0.0,0.0,0.0,0.0,0.0,100.0,0.0
20151207185911,0.0,0.0,0.0,0.0,0.0,0.0,100.0,0.0
20151207185941,0.0,0.0,0.0,0.0,0.0,0.0,100.0,0.0
20151207190011,0.0,0.0,0.0,0.0,0.0,0.0,100.0,0.0
20151207190041,0.0,0.0,0.0,0.0,0.0,0.0,100.0,0.0
20151207190111,0.0,0.0,0.0,0.0,0.0,0.0,100.0,0.0
20151207190141,0.0,0.0,0.0,0.0,0.0,0.0,100.0,0.0
20151207190211,0.0,0.0,0.0,0.0,0.0,0.0,100.0,0.0
20151207190241,0.0,0.0,0.0,0.0,0.0,0.0,100.0,0.0
20151207190311,0.0,0.0,0.0,0.0,0.0,0.0,100.0,0.0
20151207190341,0.0,0.0,0.0,0.0,0.0,0.0,100.0,0.0
20151207190411,0.0,0.0,0.0,0.0,0.0,0.0,100.0,0.0
20151207190441,0.0,0.0,0.0,0.0,0.0,0.0,100.0,0.0
20151207190511,0.0,0.0,0.0,0.0,0.0,0.0,100.0,0.0
20151207190541,0.0,0.0,0.0,0.0,0.0,0.0,100.0,0.0
20151207190611,0.0,0.0,0.0,0.0,0.0,0.0,100.0,0.0
20151207190641,0.0,0.0,0.0,0.0,0.0,0.0,100.0,0.0
20151207190711,0.0,0.0,0.0,0.0,0.0,0.0,100.0,0.0
20151207190741,0.0,0.0,0.0,0.0,0.0,0.0,100.0,0.0
20151207190811,0.0,0.0,0.0,0.0,0.0,0.0,100.0,0.0
20151207190841,0.0,0.0,0.0,0.0,0.0,0.0,100.0,0.0
20151207190911,0.0,0.0,0.0,0.0,0.0,0.0,100.0,0.0
20151207190941,0.0,0.0,0.0,0.0,0.0,0.0,100.0,0.0
20151207191011,0.0,0.0,0.0,0.0,0.0,0.0,100.0,0.0
20151207191041,0.0,0.0,0.0,0.0,0.0,0.0,100.0,0.0
20151207191111,0.0,0.0,0.0,0.0,0.0,0.0,94.9,5.1
20151207191141,0.0,0.0,0.0,0.0,0.0,0.0,100.0,0.0
20151207191211,0.0,0.0,0.0,0.0,0.0,0.0,100.0,0.0
20151207191241,0.0,0.0,0.0,0.0,0.0,0.0,100.0,0.0
20151207191311,0.0,0.0,0.0,0.0,0.0,0.0,100.0,0.0
20151207191341,0.0,0.0,0.0,0.0,0.0,0.0,100.0,0.0
20151207191411,0.0,0.0,0.0,0.0,0.0,0.0,100.0,0.0
20151207191441,0.0,0.0,0.0,0.0,0.0,0.0,100.0,0.0
20151207191511,0.0,0.0,0.0,0.0,0.0,0.0,100.0,0.0
20151207191541,0.0,0.0,0.0,0.0,0.0,0.0,100.0,0.0
20151207191612,0.0,0.0,0.0,0.0,0.0,0.0,100.0,0.0
20151207191642,0.0,0.0,0.0,0.0,0.0,0.0,100.0,0.0
20151207191712,0.0,0.0,0.0,0.0,0.0,0.0,100.0,0.0
20151207191742,0.0,0.0,0.0,0.0,0.0,0.0,100.0,0.0
20151207191812,0.0,0.0,0.0,0.0,0.0,0.0,100.0,0.0
20151207191842,0.0,0.0,0.0,0.0,0.0,0.0,100.0,0.0
20151207191912,0.0,0.0,0.0,0.0,0.0,0.0,100.0,0.0
20151207191942,0.0,0.0,0.0,0.0,0.0,0.0,100.0,0.0
20151207192012,0.0,0.0,0.0,0.0,0.0,0.0,100.0,0.0
20151207192042,0.0,0.0,0.0,0.0,0.0,0.0,100.0,0.0
20151207192112,0.0,0.0,0.0,0.0,0.0,0.0,100.0,0.0
20151207192142,0.0,0.0,0.0,0.7,0.0,0.0,99.3,0.0
20151207192212,0.0,0.0,0.0,0.0,0.0,0.0,100.0,0.0
20151207192242,0.0,0.0,0.0,0.0,0.0,0.0,100.0,0.0
20151207192312,0.0,0.0,0.0,0.1,0.0,0.0,99.9,0.0
20151207192342,0.0,0.0,0.0,0.0,0.0,0.0,100.0,0.0
20151207192412,0.0,0.0,0.0,0.0,0.0,0.0,100.0,0.0
20151207192442,0.0,0.0,0.0,0.0,0.0,0.0,100.0,0.0
20151207192512,0.0,0.0,0.0,0.0,0.0,0.0,100.0,0.0
20151207192542,0.0,0.0,0.0,0.0,0.0,0.0,100.0,0.0
20151207192612,0.0,0.0,0.0,0.0,0.0,0.0,100.0,0.0
20151207192642,0.0,0.0,0.0,0.0,0.0,0.0,100.0,0.0
20151207192712,0.0,0.0,0.0,0.0,0.0,0.0,100.0,0.0
20151207192742,0.0,0.0,0.0,0.0,0.0,0.0,100.0,0.0
20151207192812,0.0,0.0,0.0,0.0,0.0,0.0,100.0,0.0
20151207192842,0.0,0.0,0.0,0.0,0.0,0.0,99.0,0.9
20151207192912,0.0,0.0,0.0,0.0,0.0,0.0,98.2,1.8
20151207192942,0.0,0.0,0.0,0.0,0.0,0.0,99.7,0.3
20151207193012,0.0,0.0,0.0,0.0,0.0,0.0,99.9,0.1
20151207193042,0.0,0.0,0.0,0.0,0.0,0.0,99.8,0.2
20151207193112,0.0,0.0,0.0,0.0,0.0,0.0,100.0,0.0
20151207193142,0.0,0.0,0.0,0.0,0.0,0.0,100.0,0.0
20151207193212,0.0,0.0,0.0,0.0,0.0,0.0,99.9,0.1
20151207193242,0.0,0.0,0.0,0.0,0.0,0.0,100.0,0.0
20151207193312,0.0,0.0,0.0,0.0,0.0,0.0,100.0,0.0
20151207193342,0.0,0.0,0.0,0.0,0.0,0.0,100.0,0.0
20151207193412,0.0,0.0,0.0,0.0,0.0,0.0,100.0,0.0
20151207193442,0.0,0.0,0.0,0.0,0.0,0.0,100.0,0.0
20151207193512,0.0,0.0,0.0,0.0,0.0,0.0,100.0,0.0
20151207193542,0.0,0.0,0.0,0.0,0.0,0.0,100.0,0.0
20151207193612,0.0,0.0,0.0,0.0,0.0,0.0,100.0,0.0
20151207193642,0.0,0.0,0.0,0.0,0.0,0.0,100.0,0.0
20151207193712,0.0,0.0,0.0,0.0,0.0,0.0,100.0,0.0
20151207193742,0.0,0.0,0.0,0.0,0.0,0.0,100.0,0.0
20151207193812,0.0,0.0,0.0,0.0,0.0,0.0,100.0,0.0
20151207193842,0.0,0.0,0.0,0.0,0.0,0.0,100.0,0.0
20151207193912,0.0,0.0,0.0,0.0,0.0,0.0,100.0,0.0
20151207193942,0.0,0.0,0.0,0.0,0.0,0.0,100.0,0.0
20151207194012,0.0,0.0,0.0,0.0,0.0,0.0,100.0,0.0
20151207194042,0.0,0.0,0.0,0.0,0.0,0.0,100.0,0.0
20151207194112,0.0,0.0,0.0,0.0,0.0,0.0,100.0,0.0
20151207194142,0.0,0.0,0.0,0.0,0.0,0.0,100.0,0.0
20151207194212,0.0,0.0,0.0,0.0,0.0,0.0,100.0,0.0
20151207194242,0.0,0.0,0.0,0.0,0.0,0.0,100.0,0.0
20151207194313,0.0,0.0,0.0,0.0,0.0,0.0,100.0,0.0
20151207194343,0.0,0.0,0.0,0.0,0.0,0.0,100.0,0.0
20151207194413,0.0,0.0,0.0,0.0,0.0,0.0,99.7,0.3
20151207194443,0.0,0.0,0.0,0.0,0.0,0.0,100.0,0.0
20151207194513,0.0,0.0,0.0,0.0,0.0,0.0,100.0,0.0
20151207194543,0.0,0.0,0.0,0.0,0.0,0.0,100.0,0.0
20151207194613,0.0,0.0,0.0,0.0,0.0,0.0,100.0,0.0
20151207194643,0.0,0.0,0.0,0.0,0.0,0.0,99.9,0.1
20151207194713,0.0,0.0,0.0,0.0,0.0,0.0,100.0,0.0
20151207194743,0.0,0.0,0.0,0.0,0.0,0.0,100.0,0.0
20151207194813,0.0,0.0,0.0,0.0,0.0,0.0,100.0,0.0
20151207194843,0.0,0.0,0.0,0.0,0.0,0.0,99.8,0.1
20151207194913,0.0,0.0,0.0,0.0,0.0,0.0,99.9,0.1
20151207194943,0.0,0.0,0.0,0.0,0.0,0.0,100.0,0.0
20151207195013,0.0,0.0,0.0,0.0,0.0,0.0,100.0,0.0
20151207195043,0.0,0.0,0.0,0.0,0.0,0.0,100.0,0.0
20151207195113,0.0,0.0,0.0,0.0,0.0,0.0,99.7,0.3
20151207195143,0.0,0.0,0.0,0.0,0.0,0.0,100.0,0.0
20151207195213,0.0,0.0,0.0,0.0,0.0,0.0,100.0,0.0
20151207195243,0.0,0.0,0.0,0.1,0.0,0.0,56.7,43.2
20151207195313,0.0,0.0,0.0,0.2,0.0,0.0,99.6,0.3
20151207195343,0.0,0.0,0.0,0.3,0.0,0.0,99.7,0.0
20151207195413,0.0,0.0,0.0,0.1,0.0,0.0,99.9,0.0
20151207195443,0.0,0.0,0.0,16.1,0.0,0.0,78.7,5.1
20151207195513,0.0,0.0,0.0,1.1,0.0,0.0,98.8,0.1
20151207195543,0.0,0.0,0.0,6.1,0.2,0.0,80.0,13.7
20151207195613,0.0,0.0,0.0,0.9,0.0,0.0,97.1,2.0
20151207195643,0.0,0.0,0.0,0.2,0.0,0.0,99.6,0.2
20151207195713,0.0,0.0,0.0,0.0,0.0,0.0,99.8,0.2
20151207195743,0.0,0.0,0.0,0.3,0.0,0.0,99.5,0.2
20151207195813,0.0,0.0,0.0,0.1,0.0,0.0,99.6,0.3
20151207195843,0.0,0.0,0.0,0.0,0.0,0.0,100.0,0.0
20151207195913,0.0,0.0,0.0,0.0,0.0,0.0,100.0,0.0
20151207195943,0.0,0.0,0.0,0.0,0.0,0.0,100.0,0.0
20151207200013,0.0,0.0,0.0,0.0,0.0,0.0,100.0,0.0
20151207200043,0.0,0.0,0.0,0.0,0.0,0.0,100.0,0.0
20151207200113,0.0,0.0,0.0,0.0,0.0,0.0,100.0,0.0
20151207200143,0.0,0.0,0.0,0.0,0.0,0.0,100.0,0.0
20151207200213,0.0,0.0,0.0,0.0,0.0,0.0,100.0,0.0
20151207200243,0.0,0.0,0.0,0.0,0.0,0.0,100.0,0.0
20151207200313,0.0,0.0,0.0,0.0,0.0,0.0,100.0,0.0
20151207200343,0.0,0.0,0.0,0.0,0.0,0.0,100.0,0.0
20151207200413,0.0,0.0,0.0,0.0,0.0,0.0,100.0,0.0
20151207200443,0.0,0.0,0.0,0.0,0.0,0.0,100.0,0.0
20151207200513,0.0,0.0,0.0,0.0,0.0,0.0,100.0,0.0
20151207200543,0.0,0.0,0.0,0.0,0.0,0.0,100.0,0.0
20151207200613,0.0,0.0,0.0,0.0,0.0,0.0,100.0,0.0
20151207200643,0.0,0.0,0.0,0.0,0.0,0.0,100.0,0.0
20151207200713,0.0,0.0,0.0,0.0,0.0,0.0,100.0,0.0
20151207200743,0.0,0.0,0.0,0.0,0.0,0.0,100.0,0.0
20151207200813,0.0,0.0,0.0,0.0,0.0,0.0,100.0,0.0
20151207200843,0.0,0.0,0.0,0.0,0.0,0.0,100.0,0.0
20151207200913,0.0,0.0,0.0,0.0,0.0,0.0,100.0,0.0
20151207200943,0.0,0.0,0.0,0.0,0.0,0.0,100.0,0.0
20151207201013,0.0,0.0,0.0,0.0,0.0,0.0,100.0,0.0
20151207201043,0.0,0.0,0.0,0.0,0.0,0.0,100.0,0.0
20151207201113,0.0,0.0,0.0,0.0,0.0,0.0,100.0,0.0
20151207201143,0.0,0.0,0.0,0.0,0.0,0.0,99.9,0.1
20151207201213,0.0,0.0,0.0,0.0,0.0,0.0,99.6,0.4
20151207201243,0.0,0.0,0.0,0.0,0.0,0.0,100.0,0.0
20151207201313,0.0,0.0,0.0,0.0,0.0,0.0,99.9,0.1
20151207201343,0.0,0.0,0.0,0.0,0.0,0.0,100.0,0.0
20151207201413,0.0,0.0,0.0,0.0,0.0,0.0,100.0,0.0
20151207201443,0.0,0.0,0.0,0.0,0.0,0.0,99.8,0.2
20151207201513,0.0,0.0,0.0,0.0,0.0,0.0,100.0,0.0
20151207201543,0.0,0.0,0.0,0.0,0.0,0.0,99.9,0.1
20151207201613,0.0,0.0,0.0,0.0,0.0,0.0,100.0,0.0
20151207201643,0.0,0.0,0.0,0.0,0.0,0.0,100.0,0.0
20151207201713,0.0,0.0,0.0,0.0,0.0,0.0,100.0,0.0
20151207201744,0.0,0.0,0.0,0.1,0.0,0.0,99.8,0.1
20151207201814,0.0,0.0,0.0,0.1,0.0,0.0,93.5,6.5
20151207201844,0.0,0.0,0.0,0.0,0.0,0.0,58.4,41.5
20151207201914,0.0,0.0,0.0,1.8,0.0,0.0,53.5,44.6
20151207201944,0.0,0.0,0.0,8.4,0.0,0.0,88.6,2.9
20151207202014,0.0,0.0,0.0,3.1,0.0,0.0,58.1,38.7
20151207202044,0.0,0.0,0.0,2.2,0.0,0.0,87.2,10.5
20151207202114,0.0,0.0,0.0,0.1,0.0,0.0,99.2,0.7
20151207202144,0.0,0.0,0.0,0.2,0.0,0.0,76.0,23.8
20151207202214,0.0,0.0,0.0,9.1,0.0,0.0,86.4,4.5
20151207202244,0.0,0.0,0.0,44.3,0.0,0.0,47.1,8.5
20151207202314,0.0,0.0,0.0,3.4,0.0,0.0,89.7,6.9
20151207202344,0.0,0.0,0.0,5.0,0.0,0.0,93.2,1.7
20151207202414,0.0,0.0,0.0,86.3,0.0,0.0,11.2,2.4
20151207202444,0.0,0.0,0.0,37.2,0.0,0.0,62.3,0.4
20151207202514,0.0,0.1,0.0,53.9,0.3,0.0,37.2,8.5
20151207202544,0.0,0.0,0.0,75.7,0.0,0.0,24.1,0.2
20151207202614,0.0,0.0,0.0,14.2,0.0,0.0,84.1,1.6
20151207202644,0.0,0.0,0.0,12.1,0.0,0.0,87.8,0.1
20151207202714,0.0,0.0,0.0,0.1,0.0,0.0,99.9,0.0
20151207202744,0.0,0.0,0.0,0.6,0.0,0.0,99.4,0.0
20151207202814,0.0,0.0,0.0,0.5,0.0,0.0,99.5,0.0
20151207202844,0.0,0.0,0.0,0.0,0.0,0.0,100.0,0.0
20151207202914,0.0,0.0,0.0,0.0,0.0,0.0,100.0,0.0
20151207202944,0.0,0.0,0.0,0.0,0.0,0.0,100.0,0.0
20151207203014,0.0,0.0,0.0,0.0,0.0,0.0,100.0,0.0
20151207203044,0.0,0.0,0.0,0.0,0.0,0.0,100.0,0.0
20151207203114,0.0,0.0,0.0,0.0,0.0,0.0,100.0,0.0
20151207203144,0.0,0.0,0.0,0.0,0.0,0.0,100.0,0.0
20151207203214,0.0,0.0,0.0,0.0,0.0,0.0,100.0,0.0
20151207203244,0.0,0.0,0.0,0.0,0.0,0.0,100.0,0.0
20151207203314,0.0,0.0,0.0,0.0,0.0,0.0,100.0,0.0
20151207203344,0.0,0.0,0.0,0.0,0.0,0.0,100.0,0.0
20151207203414,0.0,0.0,0.0,0.0,0.0,0.0,100.0,0.0
20151207203444,0.0,0.0,0.0,0.0,0.0,0.0,100.0,0.0
20151207203514,0.0,0.0,0.0,0.0,0.0,0.0,100.0,0.0
20151207203544,0.0,0.0,0.0,0.0,0.0,0.0,100.0,0.0
20151207203614,0.0,0.0,0.0,0.0,0.0,0.0,100.0,0.0
20151207203644,0.0,0.0,0.0,0.0,0.0,0.0,100.0,0.0
20151207203714,0.0,0.0,0.0,0.0,0.0,0.0,100.0,0.0
20151207203744,0.0,0.0,0.0,0.0,0.0,0.0,100.0,0.0
20151207203814,0.0,0.0,0.0,0.0,0.0,0.0,100.0,0.0
20151207203844,0.0,0.0,0.0,0.0,0.0,0.0,100.0,0.0
20151207203914,0.0,0.0,0.0,0.0,0.0,0.0,100.0,0.0
20151207203944,0.0,0.0,0.0,0.0,0.0,0.0,100.0,0.0
20151207204014,0.0,0.0,0.0,0.0,0.0,0.0,100.0,0.0
20151207204044,0.0,0.0,0.0,0.0,0.0,0.0,100.0,0.0
20151207204114,0.0,0.0,0.0,0.0,0.0,0.0,100.0,0.0
20151207204144,0.0,0.0,0.0,0.0,0.0,0.0,100.0,0.0
20151207204214,0.0,0.0,0.0,0.0,0.0,0.0,100.0,0.0
20151207204244,0.0,0.0,0.0,0.0,0.0,0.0,100.0,0.0
20151207204314,0.0,0.0,0.0,0.0,0.0,0.0,100.0,0.0
20151207204344,0.0,0.0,0.0,0.0,0.0,0.0,100.0,0.0
20151207204414,0.0,0.0,0.0,0.0,0.0,0.0,100.0,0.0
20151207204444,0.0,0.0,0.0,0.0,0.0,0.0,100.0,0.0
20151207204514,0.0,0.0,0.0,0.0,0.0,0.0,100.0,0.0
20151207204544,0.0,0.0,0.0,0.0,0.0,0.0,100.0,0.0
20151207204614,0.0,0.0,0.0,0.0,0.0,0.0,100.0,0.0
20151207204644,0.0,0.0,0.0,0.0,0.0,0.0,100.0,0.0
20151207204714,0.0,0.0,0.0,0.0,0.0,0.0,100.0,0.0
20151207204744,0.0,0.0,0.0,0.0,0.0,0.0,100.0,0.0
20151207204814,0.0,0.0,0.0,0.0,0.0,0.0,100.0,0.0
20151207204844,0.0,0.0,0.0,0.0,0.0,0.0,100.0,0.0
20151207204914,0.0,0.0,0.0,0.0,0.0,0.0,100.0,0.0
20151207204944,0.0,0.0,0.0,0.0,0.0,0.0,100.0,0.0
20151207205014,0.0,0.0,0.0,0.0,0.0,0.0,100.0,0.0
20151207205044,0.0,0.0,0.0,0.0,0.0,0.0,100.0,0.0
20151207205114,0.0,0.0,0.0,0.0,0.0,0.0,100.0,0.0
20151207205145,0.0,0.0,0.0,0.0,0.0,0.0,100.0,0.0
20151207205215,0.0,0.0,0.0,0.0,0.0,0.0,100.0,0.0
20151207205245,0.0,0.0,0.0,0.0,0.0,0.0,100.0,0.0
20151207205315,0.0,0.0,0.0,0.0,0.0,0.0,100.0,0.0
20151207205345,0.0,0.0,0.0,0.0,0.0,0.0,100.0,0.0
20151207205415,0.0,0.0,0.0,0.0,0.0,0.0,100.0,0.0
20151207205445,0.0,0.0,0.0,0.0,0.0,0.0,100.0,0.0
20151207205515,0.0,0.0,0.0,0.0,0.0,0.0,100.0,0.0
20151207205545,0.0,0.0,0.0,0.0,0.0,0.0,100.0,0.0
20151207205615,0.0,0.0,0.0,0.0,0.0,0.0,100.0,0.0
20151207205645,0.0,0.0,0.0,0.0,0.0,0.0,100.0,0.0
20151207205715,0.0,0.0,0.0,0.0,0.0,0.0,100.0,0.0
20151207205745,0.0,0.0,0.0,0.0,0.0,0.0,100.0,0.0
20151207205815,0.0,0.0,0.0,0.0,0.0,0.0,100.0,0.0
20151207205845,0.0,0.0,0.0,0.0,0.0,0.0,100.0,0.0
20151207205915,0.0,0.0,0.0,0.0,0.0,0.0,100.0,0.0
20151207205945,0.0,0.0,0.0,0.0,0.0,0.0,100.0,0.0
20151207210015,0.0,0.0,0.0,0.0,0.0,0.0,100.0,0.0
20151207210045,0.0,0.0,0.0,0.0,0.0,0.0,100.0,0.0
20151207210115,0.0,0.0,0.0,0.0,0.0,0.0,100.0,0.0
20151207210145,0.0,0.0,0.0,0.0,0.0,0.0,100.0,0.0
20151207210215,0.0,0.0,0.0,0.0,0.0,0.0,100.0,0.0
20151207210245,0.0,0.0,0.0,0.0,0.0,0.0,100.0,0.0
20151207210315,0.0,0.0,0.0,0.0,0.0,0.0,100.0,0.0
20151207210345,0.0,0.0,0.0,0.0,0.0,0.0,100.0,0.0
20151207210415,0.0,0.0,0.0,0.0,0.0,0.0,100.0,0.0
20151207210445,0.0,0.0,0.0,0.0,0.0,0.0,100.0,0.0
20151207210515,0.0,0.0,0.0,0.0,0.0,0.0,100.0,0.0
20151207210545,0.0,0.0,0.0,0.0,0.0,0.0,99.9,0.1
20151207210615,0.0,0.0,0.0,0.0,0.0,0.0,100.0,0.0
20151207210645,0.0,0.0,0.0,0.0,0.0,0.0,100.0,0.0
20151207210715,0.0,0.0,0.0,0.0,0.0,0.0,100.0,0.0
20151207210745,0.0,0.0,0.0,0.0,0.0,0.0,100.0,0.0
20151207210815,0.0,0.0,0.0,0.0,0.0,0.0,100.0,0.0
20151207210845,0.0,0.0,0.0,0.0,0.0,0.0,99.1,0.9
20151207210915,0.0,0.0,0.0,0.0,0.0,0.0,99.9,0.1
20151207210945,0.0,0.0,0.0,0.0,0.0,0.0,99.9,0.1
20151207211015,0.0,0.0,0.0,0.0,0.0,0.0,100.0,0.0
20151207211045,0.0,0.0,0.0,0.0,0.0,0.0,99.9,0.1
20151207211115,0.0,0.0,0.0,0.0,0.0,0.0,100.0,0.0
20151207211145,0.0,0.0,0.0,0.0,0.0,0.0,100.0,0.0
20151207211215,0.0,0.0,0.0,0.0,0.0,0.0,100.0,0.0
20151207211245,0.0,0.0,0.0,0.0,0.0,0.0,100.0,0.0
20151207211315,0.0,0.0,0.0,0.0,0.0,0.0,100.0,0.0
20151207211345,0.0,0.0,0.0,0.0,0.0,0.0,100.0,0.0
20151207211415,0.0,0.0,0.0,0.0,0.0,0.0,100.0,0.0
20151207211445,0.0,0.0,0.0,0.0,0.0,0.0,100.0,0.0
20151207211515,0.0,0.0,0.0,0.0,0.0,0.0,100.0,0.0
20151207211545,0.0,0.0,0.0,0.0,0.0,0.0,99.9,0.1
20151207211615,0.0,0.0,0.0,0.0,0.0,0.0,100.0,0.0
20151207211645,0.0,0.0,0.0,0.0,0.0,0.0,100.0,0.0
20151207211715,0.0,0.0,0.0,0.0,0.0,0.0,100.0,0.0
20151207211745,0.0,0.0,0.0,0.0,0.0,0.0,100.0,0.0
20151207211815,0.0,0.0,0.0,0.0,0.0,0.0,100.0,0.0
20151207211845,0.0,0.0,0.0,0.0,0.0,0.0,100.0,0.0
20151207211915,0.0,0.0,0.0,0.0,0.0,0.0,100.0,0.0
20151207211945,0.0,0.0,0.0,0.0,0.0,0.0,100.0,0.0
20151207212015,0.0,0.0,0.0,0.0,0.0,0.0,100.0,0.0
20151207212045,0.0,0.0,0.0,0.0,0.0,0.0,100.0,0.0
20151207212116,0.0,0.0,0.0,0.0,0.0,0.0,100.0,0.0
20151207212146,0.0,0.0,0.0,0.0,0.0,0.0,100.0,0.0
20151207212216,0.0,0.0,0.0,0.0,0.0,0.0,100.0,0.0
20151207212246,0.0,0.0,0.0,0.0,0.0,0.0,100.0,0.0
20151207212316,0.0,0.0,0.0,0.0,0.0,0.0,100.0,0.0
20151207212346,0.0,0.0,0.0,0.0,0.0,0.0,98.9,1.1
20151207212416,0.0,0.0,0.0,0.0,0.0,0.0,100.0,0.0
20151207212446,0.0,0.0,0.0,0.0,0.0,0.0,99.9,0.1
20151207212516,0.0,0.0,0.0,0.0,0.0,0.0,99.8,0.2
20151207212546,0.0,0.0,0.0,0.0,0.0,0.0,99.8,0.2
20151207212616,0.0,0.0,0.0,0.0,0.0,0.0,99.6,0.4
20151207212646,0.0,0.0,0.0,0.0,0.0,0.0,99.3,0.7
20151207212716,0.0,0.0,0.0,0.0,0.0,0.0,98.2,1.8
20151207212746,0.0,0.0,0.0,0.0,0.0,0.0,99.6,0.4
20151207212816,0.0,0.0,0.0,0.0,0.0,0.0,99.9,0.1
20151207212846,0.0,0.0,0.0,0.0,0.0,0.0,98.4,1.6
20151207212916,0.0,0.0,0.0,0.0,0.0,0.0,94.9,5.1
20151207212946,0.0,0.0,0.0,0.0,0.0,0.0,99.1,0.9
20151207213016,0.0,0.0,0.0,0.0,0.0,0.0,99.9,0.1
20151207213046,0.0,0.0,0.0,0.0,0.0,0.0,100.0,0.0
20151207213116,0.0,0.0,0.0,0.0,0.0,0.0,99.9,0.1
20151207213146,0.0,0.0,0.0,0.0,0.0,0.0,99.4,0.6
20151207213216,0.0,0.0,0.0,0.0,0.0,0.0,89.7,10.2
20151207213246,0.0,0.0,0.0,0.0,0.0,0.0,98.6,1.4
20151207213316,0.0,0.0,0.0,0.0,0.0,0.0,99.7,0.3
20151207213346,0.0,0.0,0.0,0.0,0.0,0.0,97.2,2.8
20151207213416,0.0,0.0,0.0,0.0,0.0,0.0,99.9,0.1
20151207213446,0.0,0.0,0.0,0.0,0.0,0.0,98.9,1.1
20151207213516,0.0,0.0,0.0,0.0,0.0,0.0,99.9,0.1
20151207213546,0.0,0.0,0.0,0.0,0.0,0.0,100.0,0.0
20151207213616,0.0,0.0,0.0,0.0,0.0,0.0,99.5,0.5
20151207213646,0.0,0.0,0.0,0.0,0.0,0.0,100.0,0.0
20151207213716,0.0,0.0,0.0,0.0,0.0,0.0,98.2,1.8
20151207213746,0.0,0.0,0.0,0.0,0.0,0.0,100.0,0.0
20151207213816,0.0,0.0,0.0,0.0,0.0,0.0,100.0,0.0
20151207213846,0.0,0.0,0.0,0.0,0.0,0.0,98.7,1.3
20151207213916,0.0,0.0,0.0,0.0,0.0,0.0,100.0,0.0
20151207213946,0.0,0.0,0.0,0.0,0.0,0.0,99.8,0.2
20151207214016,0.0,0.0,0.0,0.0,0.0,0.0,99.9,0.1
20151207214046,0.0,0.0,0.0,0.0,0.0,0.0,99.6,0.3
20151207214116,0.0,0.0,0.0,0.0,0.0,0.0,99.7,0.3
20151207214146,0.0,0.0,0.0,0.0,0.0,0.0,100.0,0.0
20151207214216,0.0,0.0,0.0,0.0,0.0,0.0,99.5,0.5
20151207214246,0.0,0.0,0.2,0.0,0.0,0.0,93.0,6.7
20151207214316,0.0,0.0,0.0,0.0,0.0,0.0,99.5,0.4
20151207214346,0.0,0.0,0.0,0.0,0.0,0.0,99.4,0.6
20151207214416,0.0,0.0,0.0,0.0,0.0,0.0,99.9,0.1
20151207214446,0.0,0.0,0.0,0.0,0.0,0.0,87.6,12.3
20151207214516,0.0,0.0,0.1,0.0,0.0,0.0,84.2,15.7
20151207214546,0.0,0.0,0.1,0.0,0.0,0.0,96.4,3.4
20151207214616,0.0,0.0,0.0,0.0,0.0,0.0,99.2,0.8
20151207214646,0.0,0.0,0.1,0.0,0.0,0.0,99.9,0.0
20151207214716,0.0,0.0,0.0,0.0,0.0,0.0,99.9,0.1
20151207214746,0.0,0.0,0.0,0.0,0.0,0.0,99.8,0.2
20151207214816,0.0,0.0,0.0,0.0,0.0,0.0,100.0,0.0
20151207214846,0.0,0.0,0.0,0.0,0.0,0.0,99.9,0.1
20151207214916,0.0,0.0,0.0,0.0,0.0,0.0,99.6,0.3
20151207214946,0.0,0.0,0.0,0.0,0.0,0.0,99.2,0.8
20151207215016,0.0,0.0,0.0,0.0,0.0,0.0,99.9,0.1
20151207215046,0.0,0.0,0.0,0.0,0.0,0.0,99.9,0.1
20151207215116,0.0,0.0,0.0,0.0,0.0,0.0,97.6,2.4
20151207215146,0.0,0.0,0.0,0.0,0.0,0.0,99.9,0.1
20151207215216,0.0,0.0,0.0,0.0,0.0,0.0,99.8,0.2
20151207215246,0.0,0.0,0.0,0.0,0.0,0.0,100.0,0.0
20151207215317,0.0,0.0,0.0,0.0,0.0,0.0,100.0,0.0
20151207215347,0.0,0.0,0.0,0.0,0.0,0.0,99.9,0.1
20151207215417,0.0,0.0,0.0,0.0,0.0,0.0,100.0,0.0
20151207215447,0.0,0.0,0.0,0.0,0.0,0.0,99.8,0.2
20151207215517,0.0,0.0,0.0,0.0,0.0,0.0,100.0,0.0
20151207215547,0.0,0.0,0.0,0.0,0.0,0.0,100.0,0.0
20151207215617,0.0,0.0,0.0,0.0,0.0,0.0,100.0,0.0
20151207215647,0.0,0.0,0.0,0.0,0.0,0.0,100.0,0.0
20151207215717,0.0,0.0,0.0,0.0,0.0,0.0,99.9,0.1
20151207215747,0.0,0.0,0.0,0.0,0.0,0.0,99.9,0.1
20151207215817,0.0,0.0,0.0,0.0,0.0,0.0,100.0,0.0
20151207215847,0.0,0.0,0.0,0.0,0.0,0.0,100.0,0.0
20151207215917,0.0,0.0,0.0,0.0,0.0,0.0,100.0,0.0
20151207215947,0.0,0.0,0.0,0.0,0.0,0.0,100.0,0.0
20151207220017,0.0,0.0,0.0,0.0,0.0,0.0,100.0,0.0
20151207220047,0.0,0.0,0.0,0.0,0.0,0.0,100.0,0.0
20151207220117,0.0,0.0,0.0,0.0,0.0,0.0,99.8,0.2
20151207220147,0.0,0.0,0.0,0.0,0.0,0.0,99.9,0.1
20151207220217,0.0,0.0,0.0,0.0,0.0,0.0,100.0,0.0
20151207220247,0.0,0.0,0.0,0.0,0.0,0.0,100.0,0.0
20151207220317,0.0,0.0,0.0,0.0,0.0,0.0,100.0,0.0
20151207220347,0.0,0.0,0.0,0.0,0.0,0.0,100.0,0.0
20151207220417,0.0,0.0,0.0,0.0,0.0,0.0,99.7,0.3
20151207220447,0.0,0.0,0.0,0.0,0.0,0.0,99.9,0.1
20151207220517,0.0,0.0,0.0,0.0,0.0,0.0,100.0,0.0
20151207220547,0.0,0.0,0.0,0.0,0.0,0.0,100.0,0.0
20151207220617,0.0,0.0,0.0,0.0,0.0,0.0,100.0,0.0
20151207220647,0.0,0.0,0.0,0.0,0.0,0.0,100.0,0.0
20151207220717,0.0,0.0,0.0,0.0,0.0,0.0,100.0,0.0
20151207220747,0.0,0.0,0.0,0.0,0.0,0.0,100.0,0.0
20151207220817,0.0,0.0,0.0,0.0,0.0,0.0,100.0,0.0
20151207220847,0.0,0.0,0.0,0.0,0.0,0.0,100.0,0.0
20151207220917,0.0,0.0,0.0,0.0,0.0,0.0,100.0,0.0
20151207220947,0.0,0.0,0.0,0.0,0.0,0.0,100.0,0.0
20151207221017,0.0,0.0,0.0,0.0,0.0,0.0,100.0,0.0
20151207221047,0.0,0.0,0.0,0.0,0.0,0.0,100.0,0.0
20151207221117,0.0,0.0,0.0,0.0,0.0,0.0,100.0,0.0
20151207221147,0.0,0.0,0.0,0.0,0.0,0.0,100.0,0.0
20151207221217,0.0,0.0,0.0,0.0,0.0,0.0,100.0,0.0
20151207221247,0.0,0.0,0.0,0.0,0.0,0.0,100.0,0.0
20151207221317,0.0,0.0,0.0,0.0,0.0,0.0,100.0,0.0
20151207221347,0.0,0.0,0.0,0.0,0.0,0.0,100.0,0.0
20151207221417,0.0,0.0,0.0,0.0,0.0,0.0,100.0,0.0
20151207221447,0.0,0.0,0.0,0.0,0.0,0.0,100.0,0.0
20151207221517,0.0,0.0,0.0,0.0,0.0,0.0,100.0,0.0
20151207221547,0.0,0.0,0.0,0.0,0.0,0.0,100.0,0.0
20151207221617,0.0,0.0,0.0,0.0,0.0,0.0,100.0,0.0
20151207221647,0.0,0.0,0.0,0.0,0.0,0.0,100.0,0.0
20151207221717,0.0,0.0,0.0,0.0,0.0,0.0,100.0,0.0
20151207221747,0.0,0.0,0.0,0.0,0.0,0.0,100.0,0.0
20151207221817,0.0,0.0,0.0,0.0,0.0,0.0,100.0,0.0
20151207221847,0.0,0.0,0.0,0.0,0.0,0.0,100.0,0.0
20151207221917,0.0,0.0,0.0,0.0,0.0,0.0,100.0,0.0
20151207221947,0.0,0.0,0.0,0.0,0.0,0.0,100.0,0.0
20151207222017,0.0,0.0,0.0,0.0,0.0,0.0,100.0,0.0
20151207222047,0.0,0.0,0.0,0.0,0.0,0.0,100.0,0.0
20151207222117,0.0,0.0,0.0,0.0,0.0,0.0,100.0,0.0
20151207222147,0.0,0.0,0.0,0.0,0.0,0.0,100.0,0.0
20151207222217,0.0,0.0,0.0,0.0,0.0,0.0,100.0,0.0
20151207222247,0.0,0.0,0.0,0.0,0.0,0.0,100.0,0.0
20151207222317,0.0,0.0,0.0,0.0,0.0,0.0,100.0,0.0
20151207222347,0.0,0.0,0.0,0.0,0.0,0.0,100.0,0.0
20151207222417,0.0,0.0,0.0,0.0,0.0,0.0,100.0,0.0
20151207222447,0.0,0.0,0.0,0.0,0.0,0.0,100.0,0.0
20151207222517,0.0,0.0,0.0,0.0,0.0,0.0,100.0,0.0
20151207222547,0.0,0.0,0.0,0.0,0.0,0.0,100.0,0.0
20151207222617,0.0,0.0,0.0,0.0,0.0,0.0,100.0,0.0
20151207222647,0.0,0.0,0.0,0.0,0.0,0.0,100.0,0.0
20151207222718,0.0,0.0,0.0,0.0,0.0,0.0,100.0,0.0
20151207222748,0.0,0.0,0.0,0.0,0.0,0.0,100.0,0.0
20151207222818,0.0,0.0,0.0,0.0,0.0,0.0,100.0,0.0
20151207222848,0.0,0.0,0.0,0.0,0.0,0.0,100.0,0.0
20151207222918,0.0,0.0,0.0,0.0,0.0,0.0,100.0,0.0
20151207222948,0.0,0.0,0.0,0.0,0.0,0.0,100.0,0.0
20151207223018,0.0,0.0,0.0,0.0,0.0,0.0,100.0,0.0
20151207223048,0.0,0.0,0.0,0.0,0.0,0.0,100.0,0.0
20151207223118,0.0,0.0,0.0,0.0,0.0,0.0,100.0,0.0
20151207223148,0.0,0.0,0.0,0.0,0.0,0.0,100.0,0.0
20151207223218,0.0,0.0,0.0,0.0,0.0,0.0,100.0,0.0
20151207223248,0.0,0.0,0.0,0.0,0.0,0.0,100.0,0.0
20151207223318,0.0,0.0,0.0,0.0,0.0,0.0,100.0,0.0
20151207223348,0.0,0.0,0.0,0.0,0.0,0.0,100.0,0.0
20151207223418,0.0,0.0,0.0,0.0,0.0,0.0,100.0,0.0
20151207223448,0.0,0.0,0.0,0.0,0.0,0.0,100.0,0.0
20151207223518,0.0,0.0,0.0,0.0,0.0,0.0,100.0,0.0
20151207223548,0.0,0.0,0.0,0.0,0.0,0.0,100.0,0.0
20151207223618,0.0,0.0,0.0,0.0,0.0,0.0,100.0,0.0
20151207223648,0.0,0.0,0.0,0.0,0.0,0.0,100.0,0.0
20151207223718,0.0,0.0,0.0,0.0,0.0,0.0,100.0,0.0
20151207223748,0.0,0.0,0.0,0.0,0.0,0.0,100.0,0.0
20151207223818,0.0,0.0,0.0,0.0,0.0,0.0,100.0,0.0
20151207223848,0.0,0.0,0.0,0.0,0.0,0.0,100.0,0.0
20151207223918,0.0,0.0,0.0,0.0,0.0,0.0,99.9,0.1
20151207223948,0.0,0.0,0.0,0.0,0.0,0.0,100.0,0.0
20151207224018,0.0,0.0,0.0,0.0,0.0,0.0,100.0,0.0
20151207224048,0.0,0.0,0.0,0.0,0.0,0.0,99.8,0.2
20151207224118,0.0,0.0,0.0,0.0,0.0,0.0,100.0,0.0
20151207224148,0.0,0.0,0.0,0.0,0.0,0.0,100.0,0.0
20151207224218,0.0,0.0,0.0,0.0,0.0,0.0,100.0,0.0
20151207224248,0.0,0.0,0.0,0.0,0.0,0.0,100.0,0.0
20151207224318,0.0,0.0,0.0,0.0,0.0,0.0,99.7,0.3
20151207224348,0.0,0.0,0.0,0.0,0.0,0.0,100.0,0.0
20151207224418,0.0,0.0,0.0,0.1,0.0,0.0,99.7,0.2
20151207224448,0.0,0.0,0.0,0.1,0.0,0.0,99.8,0.1
20151207224518,0.0,0.0,0.0,0.1,0.0,0.0,99.8,0.1
20151207224548,0.0,0.0,0.0,0.1,0.0,0.0,99.9,0.1
20151207224618,0.0,0.0,0.0,0.1,0.0,0.0,99.8,0.1
20151207224648,0.0,0.0,0.0,0.0,0.0,0.0,99.9,0.0
20151207224718,0.0,0.0,0.0,0.0,0.0,0.0,100.0,0.0
20151207224748,0.0,0.0,0.0,0.0,0.0,0.0,100.0,0.0
20151207224818,0.0,0.0,0.0,0.0,0.0,0.0,100.0,0.0
20151207224848,0.0,0.0,0.0,0.0,0.0,0.0,100.0,0.0
20151207224918,0.0,0.0,0.0,0.0,0.0,0.0,99.9,0.1
20151207224948,0.0,0.0,0.0,0.0,0.0,0.0,100.0,0.0
20151207225018,0.0,0.0,0.0,0.0,0.0,0.0,100.0,0.0
20151207225048,0.0,0.0,0.0,0.0,0.0,0.0,99.9,0.1
20151207225118,0.0,0.0,0.0,0.0,0.0,0.0,99.9,0.1
20151207225148,0.0,0.0,0.0,0.0,0.0,0.0,100.0,0.0
20151207225218,0.0,0.0,0.0,0.0,0.0,0.0,100.0,0.0
20151207225248,0.0,0.0,0.0,0.0,0.0,0.0,100.0,0.0
20151207225318,0.0,0.0,0.0,0.0,0.0,0.0,100.0,0.0
20151207225348,0.0,0.0,0.0,0.0,0.0,0.0,100.0,0.0
20151207225418,0.0,0.0,0.0,0.0,0.0,0.0,100.0,0.0
20151207225448,0.0,0.0,0.0,0.0,0.0,0.0,100.0,0.0
20151207225518,0.0,0.0,0.0,0.0,0.0,0.0,100.0,0.0
20151207225548,0.0,0.0,0.0,0.0,0.0,0.0,100.0,0.0
20151207225618,0.0,0.0,0.0,0.0,0.0,0.0,100.0,0.0
20151207225648,0.0,0.0,0.0,0.0,0.0,0.0,100.0,0.0
20151207225718,0.0,0.0,0.0,0.0,0.0,0.0,100.0,0.0
20151207225748,0.0,0.0,0.0,0.0,0.0,0.0,100.0,0.0
20151207225818,0.0,0.0,0.0,0.0,0.0,0.0,100.0,0.0
20151207225848,0.0,0.0,0.0,0.0,0.0,0.0,100.0,0.0
20151207225918,0.0,0.0,0.0,0.0,0.0,0.0,100.0,0.0
20151207225948,0.0,0.0,0.0,0.0,0.0,0.0,100.0,0.0
20151207230018,0.0,0.0,0.0,0.0,0.0,0.0,100.0,0.0
20151207230048,0.0,0.0,0.0,0.0,0.0,0.0,100.0,0.0
20151207230118,0.0,0.0,0.0,0.0,0.0,0.0,100.0,0.0
20151207230149,0.0,0.0,0.0,0.0,0.0,0.0,100.0,0.0
20151207230219,0.0,0.0,0.0,0.0,0.0,0.0,100.0,0.0
20151207230249,0.0,0.0,0.0,0.0,0.0,0.0,100.0,0.0
20151207230319,0.0,0.0,0.0,0.0,0.0,0.0,100.0,0.0
20151207230349,0.0,0.0,0.0,0.0,0.0,0.0,100.0,0.0
20151207230419,0.0,0.0,0.0,0.0,0.0,0.0,100.0,0.0
20151207230449,0.0,0.0,0.0,0.0,0.0,0.0,100.0,0.0
20151207230519,0.0,0.0,0.0,0.0,0.0,0.0,100.0,0.0
20151207230549,0.0,0.0,0.0,0.0,0.0,0.0,100.0,0.0
20151207230619,0.0,0.0,0.0,0.0,0.0,0.0,100.0,0.0
20151207230649,0.0,0.0,0.0,0.0,0.0,0.0,100.0,0.0
20151207230719,0.0,0.0,0.0,0.0,0.0,0.0,100.0,0.0
20151207230749,0.0,0.0,0.0,0.0,0.0,0.0,100.0,0.0
20151207230819,0.0,0.0,0.0,0.0,0.0,0.0,100.0,0.0
20151207230849,0.0,0.0,0.0,0.0,0.0,0.0,100.0,0.0
20151207230919,0.0,0.0,0.0,0.0,0.0,0.0,100.0,0.0
20151207230949,0.0,0.0,0.0,0.0,0.0,0.0,100.0,0.0
20151207231019,0.0,0.0,0.0,0.0,0.0,0.0,100.0,0.0
20151207231049,0.0,0.0,0.0,0.0,0.0,0.0,100.0,0.0
20151207231119,0.0,0.0,0.0,0.0,0.0,0.0,100.0,0.0
20151207231149,0.0,0.0,0.0,0.0,0.0,0.0,100.0,0.0
20151207231219,0.0,0.0,0.0,0.0,0.0,0.0,100.0,0.0
20151207231249,0.0,0.0,0.0,0.0,0.0,0.0,100.0,0.0
20151207231319,0.0,0.0,0.0,0.0,0.0,0.0,100.0,0.0
20151207231349,0.0,0.0,0.0,0.0,0.0,0.0,100.0,0.0
20151207231419,0.0,0.0,0.0,0.0,0.0,0.0,100.0,0.0
20151207231449,0.0,0.0,0.0,0.0,0.0,0.0,100.0,0.0
20151207231519,0.0,0.0,0.0,0.0,0.0,0.0,100.0,0.0
20151207231549,0.0,0.0,0.0,0.0,0.0,0.0,100.0,0.0
20151207231619,0.0,0.0,0.0,0.0,0.0,0.0,100.0,0.0
20151207231649,0.0,0.0,0.0,0.0,0.0,0.0,100.0,0.0
20151207231719,0.0,0.0,0.0,0.0,0.0,0.0,100.0,0.0
20151207231749,0.0,0.0,0.0,0.0,0.0,0.0,100.0,0.0
20151207231819,0.0,0.0,0.0,0.0,0.0,0.0,100.0,0.0
20151207231849,0.0,0.0,0.0,0.0,0.0,0.0,100.0,0.0
20151207231919,0.0,0.0,0.0,0.0,0.0,0.0,100.0,0.0
20151207231949,0.0,0.0,0.0,0.0,0.0,0.0,100.0,0.0
20151207232019,0.0,0.0,0.0,0.0,0.0,0.0,100.0,0.0
20151207232049,0.0,0.0,0.0,0.0,0.0,0.0,100.0,0.0
20151207232119,0.0,0.0,0.0,0.0,0.0,0.0,100.0,0.0
20151207232149,0.0,0.0,0.0,0.0,0.0,0.0,100.0,0.0
20151207232219,0.0,0.0,0.0,0.0,0.0,0.0,100.0,0.0
20151207232249,0.0,0.0,0.0,0.0,0.0,0.0,100.0,0.0
20151207232319,0.0,0.0,0.0,0.0,0.0,0.0,100.0,0.0
20151207232349,0.0,0.0,0.0,0.0,0.0,0.0,100.0,0.0
20151207232419,0.0,0.0,0.0,0.0,0.0,0.0,100.0,0.0
20151207232449,0.0,0.0,0.0,0.0,0.0,0.0,100.0,0.0
20151207232519,0.0,0.0,0.0,0.0,0.0,0.0,100.0,0.0
20151207232549,0.0,0.0,0.0,0.0,0.0,0.0,100.0,0.0
20151207232619,0.0,0.0,0.0,0.0,0.0,0.0,100.0,0.0
20151207232649,0.0,0.0,0.0,0.0,0.0,0.0,100.0,0.0
20151207232719,0.0,0.0,0.0,0.0,0.0,0.0,100.0,0.0
20151207232749,0.0,0.0,0.0,0.0,0.0,0.0,100.0,0.0
20151207232819,0.0,0.0,0.0,0.0,0.0,0.0,100.0,0.0
20151207232850,0.0,0.0,0.0,0.0,0.0,0.0,100.0,0.0
20151207232920,0.0,0.0,0.0,0.0,0.0,0.0,100.0,0.0
20151207232950,0.0,0.0,0.0,0.0,0.0,0.0,100.0,0.0
20151207233020,0.0,0.0,0.0,0.0,0.0,0.0,100.0,0.0
20151207233050,0.0,0.0,0.0,0.0,0.0,0.0,100.0,0.0
20151207233120,0.0,0.0,0.0,0.0,0.0,0.0,100.0,0.0
20151207233150,0.0,0.0,0.0,0.0,0.0,0.0,100.0,0.0
20151207233220,0.0,0.0,0.0,0.0,0.0,0.0,100.0,0.0
20151207233250,0.0,0.0,0.0,0.0,0.0,0.0,100.0,0.0
20151207233320,0.0,0.0,0.0,0.0,0.0,0.0,100.0,0.0
20151207233350,0.0,0.0,0.0,0.0,0.0,0.0,100.0,0.0
20151207233420,0.0,0.0,0.0,0.0,0.0,0.0,100.0,0.0
20151207233450,0.0,0.0,0.0,0.0,0.0,0.0,100.0,0.0
20151207233520,0.0,0.0,0.0,0.0,0.0,0.0,100.0,0.0
20151207233550,0.0,0.0,0.0,0.0,0.0,0.0,100.0,0.0
20151207233620,0.0,0.0,0.0,0.0,0.0,0.0,100.0,0.0
20151207233650,0.0,0.0,0.0,0.0,0.0,0.0,100.0,0.0
20151207233720,0.0,0.0,0.0,0.0,0.0,0.0,100.0,0.0
20151207233750,0.0,0.0,0.0,0.0,0.0,0.0,100.0,0.0
20151207233820,0.0,0.0,0.0,0.0,0.0,0.0,100.0,0.0
20151207233850,0.0,0.0,0.0,0.0,0.0,0.0,100.0,0.0
20151207233920,0.0,0.0,0.0,0.0,0.0,0.0,100.0,0.0
20151207233950,0.0,0.0,0.0,0.0,0.0,0.0,100.0,0.0
20151207234020,0.0,0.0,0.0,0.0,0.0,0.0,100.0,0.0
20151207234050,0.0,0.0,0.0,0.0,0.0,0.0,100.0,0.0
20151207234120,0.0,0.0,0.0,0.0,0.0,0.0,100.0,0.0
20151207234150,0.0,0.0,0.0,0.0,0.0,0.0,100.0,0.0
20151207234220,0.0,0.0,0.0,0.0,0.0,0.0,100.0,0.0
20151207234250,0.0,0.0,0.0,0.0,0.0,0.0,100.0,0.0
20151207234320,0.0,0.0,0.0,0.0,0.0,0.0,100.0,0.0
20151207234350,0.0,0.0,0.0,0.0,0.0,0.0,100.0,0.0
20151207234420,0.0,0.0,0.0,0.0,0.0,0.0,100.0,0.0
20151207234450,0.0,0.0,0.0,0.0,0.0,0.0,100.0,0.0
20151207234520,0.0,0.0,0.0,0.0,0.0,0.0,100.0,0.0
20151207234550,0.0,0.0,0.0,0.0,0.0,0.0,100.0,0.0
20151207234620,0.0,0.0,0.0,0.0,0.0,0.0,100.0,0.0
20151207234650,0.0,0.0,0.0,0.0,0.0,0.0,100.0,0.0
20151207234720,0.0,0.0,0.0,0.0,0.0,0.0,100.0,0.0
20151207234750,0.0,0.0,0.0,0.0,0.0,0.0,100.0,0.0
20151207234820,0.0,0.0,0.0,0.0,0.0,0.0,100.0,0.0
20151207234850,0.0,0.0,0.0,0.0,0.0,0.0,100.0,0.0
20151207234920,0.0,0.0,0.0,0.0,0.0,0.0,100.0,0.0
20151207234950,0.0,0.0,0.0,0.0,0.0,0.0,100.0,0.0
20151207235020,0.0,0.0,0.0,0.0,0.0,0.0,100.0,0.0
20151207235050,0.0,0.0,0.0,0.0,0.0,0.0,100.0,0.0
20151207235120,0.0,0.0,0.0,0.0,0.0,0.0,100.0,0.0
20151207235150,0.0,0.0,0.0,0.0,0.0,0.0,100.0,0.0
20151207235220,0.0,0.0,0.0,0.0,0.0,0.0,100.0,0.0
20151207235250,0.0,0.0,0.0,0.0,0.0,0.0,100.0,0.0
20151207235320,0.0,0.0,0.0,0.0,0.0,0.0,100.0,0.0
20151207235350,0.0,0.0,0.0,0.0,0.0,0.0,100.0,0.0
20151207235420,0.0,0.0,0.0,0.0,0.0,0.0,100.0,0.0
20151207235450,0.0,0.0,0.0,0.0,0.0,0.0,100.0,0.0
20151207235520,0.0,0.0,0.0,0.0,0.0,0.0,100.0,0.0
20151207235550,0.0,0.0,0.0,0.0,0.0,0.0,100.0,0.0
20151207235620,0.0,0.0,0.0,0.0,0.0,0.0,100.0,0.0
20151207235650,0.0,0.0,0.0,0.0,0.0,0.0,100.0,0.0
20151207235720,0.0,0.0,0.0,0.0,0.0,0.0,100.0,0.0
20151207235750,0.0,0.0,0.0,0.2,0.0,0.0,99.8,0.0
20151207235820,0.0,0.0,0.0,0.0,0.0,0.0,100.0,0.0
20151207235850,0.0,0.0,0.0,0.0,0.0,0.0,100.0,0.0
20151207235920,0.0,0.0,0.0,0.0,0.0,0.0,100.0,0.0
20151207235950,0.0,0.0,0.0,0.0,0.0,0.0,100.0,0.0
20151208000020,0.0,0.0,0.0,0.0,0.0,0.0,100.0,0.0
20151208000050,0.0,0.0,0.0,0.0,0.0,0.0,100.0,0.0
20151208000120,0.0,0.0,0.0,0.0,0.0,0.0,100.0,0.0
20151208000150,0.0,0.0,0.0,0.0,0.0,0.0,100.0,0.0
20151208000220,0.0,0.0,0.0,0.0,0.0,0.0,100.0,0.0
20151208000250,0.0,0.0,0.0,0.0,0.0,0.0,100.0,0.0
20151208000321,0.0,0.0,0.0,0.0,0.0,0.0,100.0,0.0
20151208000351,0.0,0.0,0.0,0.0,0.0,0.0,100.0,0.0
20151208000421,0.0,0.0,0.0,0.0,0.0,0.0,100.0,0.0
20151208000451,0.0,0.0,0.0,0.0,0.0,0.0,100.0,0.0
20151208000521,0.0,0.0,0.0,0.0,0.0,0.0,100.0,0.0
20151208000551,0.0,0.0,0.0,0.0,0.0,0.0,100.0,0.0
20151208000621,0.0,0.0,0.0,0.0,0.0,0.0,100.0,0.0
20151208000651,0.0,0.0,0.0,0.0,0.0,0.0,100.0,0.0
20151208000721,0.0,0.0,0.0,0.0,0.0,0.0,100.0,0.0
20151208000751,0.0,0.0,0.0,0.0,0.0,0.0,100.0,0.0
20151208000821,0.0,0.0,0.0,0.0,0.0,0.0,100.0,0.0
20151208000851,0.0,0.0,0.0,0.0,0.0,0.0,100.0,0.0
20151208000921,0.0,0.0,0.0,0.0,0.0,0.0,100.0,0.0
20151208000951,0.0,0.0,0.0,0.0,0.0,0.0,100.0,0.0
20151208001021,0.0,0.0,0.0,0.0,0.0,0.0,100.0,0.0
20151208001051,0.0,0.0,0.0,0.1,0.0,0.0,99.4,0.5
20151208001121,0.0,0.0,0.0,0.5,0.0,0.0,95.7,3.8
20151208001151,0.0,0.0,0.0,0.2,0.0,0.0,97.4,2.4
20151208001221,0.0,0.0,0.0,65.2,0.0,0.0,10.7,24.1
20151208001251,0.0,0.0,0.0,42.8,0.0,0.0,8.0,49.1
20151208001321,0.0,0.0,0.0,0.5,0.0,0.0,95.7,3.9
20151208001351,0.0,0.0,0.0,0.0,0.0,0.0,97.7,2.2
20151208001421,0.0,0.0,0.0,0.1,0.0,0.0,99.4,0.5
20151208001451,0.0,0.0,0.0,0.1,0.0,0.0,94.4,5.5
20151208001521,0.0,0.0,0.0,1.9,0.0,0.0,62.6,35.6
20151208001551,0.0,0.0,0.0,4.2,0.0,0.0,83.1,12.7
20151208001621,0.0,0.0,0.0,0.3,0.0,0.0,98.5,1.1
20151208001651,0.0,0.0,0.0,0.1,0.0,0.0,97.4,2.5
20151208001721,0.0,0.0,0.0,78.1,0.0,0.0,16.6,5.4
20151208001751,0.0,0.0,0.0,99.8,0.0,0.0,0.1,0.1
20151208001821,0.0,0.0,0.0,73.1,0.0,0.0,9.6,17.2
20151208001851,0.0,0.0,0.0,68.9,0.0,0.0,6.9,24.1
20151208001921,0.0,0.0,0.0,12.8,0.0,0.0,19.8,67.4
20151208001951,0.0,0.0,0.0,18.6,0.0,0.0,44.0,37.3
20151208002021,0.0,0.0,0.0,25.6,0.0,0.0,48.4,25.9
20151208002051,0.0,0.0,0.0,40.7,0.1,0.0,2.1,57.0
20151208002121,0.0,0.0,0.2,74.8,0.1,0.0,20.9,4.1
20151208002151,0.0,0.0,0.0,62.0,0.0,0.0,30.6,7.3
20151208002221,0.0,0.0,0.0,0.8,0.0,0.0,95.5,3.8
20151208002251,0.0,0.0,0.0,0.7,0.0,0.0,87.7,11.6
20151208002321,0.0,0.0,0.0,4.7,0.0,0.0,90.3,5.0
20151208002351,0.0,0.0,0.0,97.4,0.0,0.0,2.4,0.2
20151208002421,0.0,0.0,0.0,63.1,0.0,0.0,24.5,12.4
20151208002451,0.0,0.0,0.0,98.7,0.0,0.0,0.8,0.5
20151208002521,0.0,0.0,0.0,83.3,0.0,0.0,7.8,8.8
20151208002551,0.0,0.0,0.0,100.0,0.0,0.0,0.0,0.0
20151208002621,0.0,0.0,0.0,99.6,0.0,0.0,0.0,0.3
20151208002651,0.0,0.0,0.0,92.3,0.0,0.0,6.3,1.4
20151208002721,0.0,0.0,0.0,88.6,0.0,0.0,8.4,3.0
20151208002751,0.0,0.0,0.0,75.1,0.0,0.0,21.3,3.7
20151208002821,0.0,0.0,0.0,69.6,0.0,0.0,21.0,9.3
20151208002851,0.0,0.0,0.0,33.3,0.0,0.0,63.4,3.3
20151208002921,0.0,0.0,0.0,31.6,0.0,0.0,63.6,4.8
20151208002951,0.0,0.0,0.0,8.1,0.0,0.0,77.6,14.3
20151208003021,0.0,0.0,0.0,40.1,0.0,0.0,31.5,28.4
20151208003051,0.0,0.0,0.0,4.1,0.0,0.0,2.5,93.4
20151208003121,0.0,0.0,0.0,27.3,0.0,0.0,16.9,55.8
20151208003151,0.0,0.0,0.0,36.8,0.0,0.0,9.7,53.5
20151208003221,0.0,0.0,0.0,28.6,0.0,0.0,17.1,54.2
20151208003251,0.0,0.0,0.0,7.9,0.0,0.0,52.5,39.7
20151208003321,0.0,0.0,0.0,8.6,0.0,0.0,55.6,35.8
20151208003351,0.0,0.0,0.0,37.0,0.0,0.0,2.5,60.5
20151208003421,0.0,0.0,0.0,51.2,0.1,0.0,0.2,48.4
20151208003451,0.0,0.0,0.0,96.8,0.3,0.0,0.6,2.3
20151208003521,0.0,0.0,0.1,96.3,0.1,0.0,0.6,2.9
20151208003551,0.0,0.0,0.0,70.2,0.0,0.0,3.2,26.5
20151208003621,0.0,0.0,0.0,8.8,0.0,0.0,28.8,62.3
20151208003651,0.0,0.0,0.0,31.4,0.2,0.0,15.3,53.1
20151208003722,0.0,0.0,0.0,5.4,0.0,0.0,85.3,9.3
20151208003752,0.0,0.0,0.0,73.7,0.1,0.0,22.2,4.1
20151208003822,0.0,0.0,0.0,10.7,0.0,0.0,39.8,49.4
20151208003852,0.0,0.0,0.0,79.3,0.2,0.0,0.4,20.0
20151208003922,0.0,0.1,0.0,67.4,0.3,0.0,27.6,4.6
20151208003952,0.0,0.0,0.0,50.3,0.2,0.0,26.7,22.7
20151208004022,0.0,0.0,0.0,57.6,0.1,0.0,40.3,2.0
20151208004052,0.0,0.0,0.0,0.6,0.0,0.0,97.8,1.6
20151208004122,0.0,0.0,0.0,8.1,0.0,0.0,91.2,0.7
20151208004152,0.0,0.0,0.0,3.7,0.0,0.0,95.4,0.9
20151208004222,0.0,0.0,0.0,1.3,0.0,0.0,77.7,21.0
20151208004252,0.0,0.0,0.0,16.3,0.0,0.0,17.1,66.6
20151208004322,0.0,0.0,0.0,5.9,0.0,0.0,86.8,7.3
20151208004352,0.0,0.0,0.0,27.9,0.0,0.0,66.3,5.8
20151208004422,0.0,0.0,0.0,9.7,0.0,0.0,87.7,2.5
20151208004452,0.0,0.0,0.0,3.0,0.0,0.0,76.2,20.7
20151208004522,0.0,0.0,0.0,0.0,0.0,0.0,34.4,65.5
20151208004552,0.0,0.0,0.0,0.3,0.0,0.0,98.5,1.3
20151208004622,0.0,0.0,0.0,0.6,0.0,0.0,97.0,2.4
20151208004652,0.0,0.0,0.0,0.0,0.0,0.0,89.6,10.4
20151208004722,0.0,0.0,0.0,0.1,0.0,0.0,98.7,1.2
20151208004752,0.0,0.0,0.0,0.1,0.0,0.0,50.0,49.9
20151208004822,0.0,0.0,0.0,0.2,0.0,0.0,92.6,7.1
20151208004852,0.0,0.0,0.0,0.8,0.0,0.0,85.2,14.0
20151208004922,0.0,0.0,0.0,0.1,0.0,0.0,94.5,5.4
20151208004952,0.0,0.0,0.0,0.4,0.0,0.0,94.1,5.4
20151208005022,0.0,0.0,0.0,0.2,0.0,0.0,98.9,0.9
20151208005052,0.0,0.0,0.0,0.0,0.0,0.0,92.3,7.7
20151208005122,0.0,0.0,0.0,0.0,0.0,0.0,99.9,0.1
20151208005152,0.0,0.0,0.0,0.0,0.0,0.0,100.0,0.0
20151208005222,0.0,0.0,0.0,0.0,0.0,0.0,99.8,0.2
20151208005252,0.0,0.0,0.0,0.1,0.0,0.0,99.7,0.2
20151208005322,0.0,0.0,0.0,0.0,0.0,0.0,99.6,0.4
20151208005352,0.0,0.0,0.0,0.0,0.0,0.0,92.3,7.7
20151208005422,0.0,0.0,0.0,0.0,0.0,0.0,100.0,0.0
20151208005452,0.0,0.0,0.0,0.0,0.0,0.0,99.4,0.6
20151208005522,0.0,0.0,0.0,0.0,0.0,0.0,99.5,0.5
20151208005552,0.0,0.0,0.0,0.0,0.0,0.0,95.9,4.1
20151208005622,0.0,0.0,0.0,0.0,0.0,0.0,99.7,0.3
20151208005652,0.0,0.0,0.0,0.0,0.0,0.0,99.1,0.9
20151208005722,0.0,0.0,0.0,0.0,0.0,0.0,98.9,1.1
20151208005752,0.0,0.0,0.0,0.0,0.0,0.0,97.9,2.1
20151208005822,0.0,0.0,0.0,0.0,0.0,0.0,99.3,0.7
20151208005852,0.0,0.0,0.0,0.0,0.0,0.0,99.8,0.2
20151208005922,0.0,0.0,0.0,0.0,0.0,0.0,84.0,16.0
20151208005952,0.0,0.0,0.0,0.0,0.0,0.0,99.8,0.2
20151208010022,0.0,0.0,0.0,0.0,0.0,0.0,99.6,0.4
20151208010052,0.0,0.0,0.0,0.0,0.0,0.0,97.7,2.3
20151208010122,0.0,0.0,0.0,0.0,0.0,0.0,97.3,2.7
20151208010152,0.0,0.0,0.0,1.4,0.0,0.0,96.1,2.5
20151208010222,0.0,0.0,0.0,0.4,0.0,0.0,99.3,0.4
20151208010252,0.0,0.0,0.0,88.1,0.3,0.0,8.9,2.7
20151208010322,0.0,0.0,0.0,99.9,0.0,0.0,0.0,0.0
20151208010352,0.0,0.0,0.0,91.4,5.2,0.0,0.3,3.1
20151208010422,0.0,0.0,0.0,92.9,1.0,0.0,1.6,4.4
20151208010453,0.0,0.0,0.0,92.3,0.7,0.0,1.0,6.0
20151208010523,0.0,0.0,0.0,99.7,0.0,0.0,0.2,0.1
20151208010553,0.0,0.0,0.0,99.6,0.1,0.0,0.0,0.2
20151208010623,0.0,0.0,0.0,87.8,0.0,0.0,9.7,2.4
20151208010653,0.0,0.0,0.1,92.4,1.2,0.0,0.5,5.6
20151208010723,0.0,0.0,0.0,90.5,0.1,0.0,4.7,4.7
20151208010753,0.0,0.0,0.0,84.7,0.1,0.0,4.4,10.7
20151208010823,0.0,0.0,0.2,56.1,0.7,0.0,18.2,24.8
20151208010853,0.0,0.0,0.0,74.1,0.0,0.0,1.2,24.7
20151208010923,0.0,0.0,0.0,49.0,0.1,0.0,2.2,48.7
20151208010953,0.0,0.0,0.0,27.8,0.0,0.0,0.5,71.6
20151208011023,0.0,0.0,0.8,46.6,0.3,0.0,25.4,26.9
20151208011053,0.0,0.0,0.0,92.4,0.0,0.0,6.7,1.0
20151208011123,0.0,0.0,0.0,90.3,0.0,0.0,4.3,5.3
20151208011153,0.0,0.0,0.1,95.9,0.0,0.0,0.1,3.8
20151208011223,0.0,0.0,0.8,44.6,0.3,0.0,2.9,51.3
20151208011253,0.0,0.0,0.0,99.6,0.0,0.0,0.1,0.3
20151208011323,0.0,0.0,0.0,98.7,0.0,0.0,0.1,1.1
20151208011353,0.0,0.0,0.1,93.1,0.0,0.0,0.9,5.9
20151208011423,0.0,0.0,0.0,83.4,0.1,0.0,0.0,16.4
20151208011453,0.0,0.0,0.0,26.6,0.2,0.0,0.2,72.9
20151208011523,0.0,0.0,0.8,86.1,0.1,0.0,0.9,12.1
20151208011553,0.0,0.0,0.0,98.6,0.5,0.0,0.0,0.9
20151208011623,0.0,0.0,0.0,100.0,0.0,0.0,0.0,0.0
20151208011653,0.0,0.1,0.7,98.3,0.1,0.0,0.0,0.8
20151208011723,0.0,0.0,1.2,95.9,0.3,0.0,0.9,1.7
20151208011753,0.0,0.0,2.1,62.9,0.4,0.0,12.2,22.3
20151208011823,0.0,0.1,1.1,76.6,1.4,0.0,10.7,10.1
20151208011853,0.0,0.0,0.0,90.3,0.0,0.0,5.0,4.6
20151208011923,0.0,0.0,0.0,94.6,0.0,0.0,4.1,1.3
20151208011953,0.0,0.0,0.0,85.5,0.1,0.0,5.7,8.7
20151208012023,0.0,0.0,0.0,29.5,0.0,0.0,58.3,12.2
20151208012053,0.0,0.0,0.0,9.0,0.0,0.0,74.0,17.0
20151208012123,0.0,0.0,0.0,1.0,0.0,0.0,13.0,86.0
20151208012153,0.0,0.0,0.0,0.3,0.0,0.0,98.2,1.6
20151208012223,0.0,0.0,0.0,6.9,0.0,0.0,88.6,4.5
20151208012253,0.0,0.0,0.0,7.6,0.0,0.0,91.9,0.5
20151208012323,0.0,0.0,0.0,21.2,0.0,0.0,78.1,0.6
20151208012353,0.0,0.0,0.0,3.1,0.0,0.0,96.4,0.5
20151208012423,0.0,0.0,0.0,38.6,0.0,0.0,61.3,0.2
20151208012453,0.0,0.0,0.0,83.2,0.0,0.0,16.3,0.4
20151208012523,0.0,0.0,0.0,3.6,0.0,0.0,93.2,3.2
20151208012553,0.0,0.0,0.0,28.6,0.0,0.0,59.0,12.4
20151208012623,0.0,0.0,0.0,0.3,0.0,0.0,99.4,0.4
20151208012653,0.0,0.0,0.0,45.3,0.0,0.0,46.7,8.0
20151208012723,0.0,0.0,0.0,17.3,0.0,0.0,66.3,16.4
20151208012753,0.0,0.0,0.0,2.9,0.0,0.0,82.9,14.3
20151208012823,0.0,0.0,0.0,4.1,0.0,0.0,39.0,56.9
20151208012853,0.0,0.0,0.0,1.5,0.1,0.0,34.3,64.1
20151208012923,0.0,0.0,0.0,1.1,0.0,0.0,83.1,15.9
20151208012953,0.0,0.0,0.0,2.4,0.0,0.0,49.1,48.5
20151208013023,0.0,0.0,0.0,0.1,0.0,0.0,98.3,1.6
20151208013053,0.0,0.0,0.0,0.0,0.0,0.0,99.8,0.1
20151208013123,0.0,0.0,0.0,0.0,0.0,0.0,98.9,1.1
20151208013153,0.0,0.0,0.0,0.1,0.0,0.0,99.7,0.2
20151208013223,0.0,0.0,0.0,0.3,0.0,0.0,97.6,2.1
20151208013253,0.0,0.0,0.0,0.1,0.0,0.0,99.8,0.1
20151208013323,0.0,0.0,0.0,0.0,0.0,0.0,99.9,0.1
20151208013353,0.0,0.0,0.0,0.0,0.0,0.0,99.7,0.3
20151208013423,0.0,0.0,0.0,0.0,0.0,0.0,99.7,0.3
20151208013453,0.0,0.0,0.0,0.0,0.0,0.0,99.7,0.3
20151208013523,0.0,0.0,0.0,0.0,0.0,0.0,99.5,0.5
20151208013553,0.0,0.0,0.0,0.0,0.0,0.0,99.4,0.6
20151208013623,0.0,0.0,0.0,0.0,0.0,0.0,100.0,0.0
20151208013653,0.0,0.0,0.0,0.0,0.0,0.0,99.9,0.1
20151208013723,0.0,0.0,0.0,0.0,0.0,0.0,99.9,0.1
20151208013753,0.0,0.0,0.0,0.0,0.0,0.0,99.4,0.6
20151208013823,0.0,0.0,0.0,0.0,0.0,0.0,99.9,0.1
20151208013854,0.0,0.0,0.0,0.0,0.0,0.0,100.0,0.0
20151208013924,0.0,0.0,0.0,0.0,0.0,0.0,100.0,0.0
20151208013954,0.0,0.0,0.0,0.0,0.0,0.0,98.9,1.1
20151208014024,0.0,0.0,0.0,0.0,0.0,0.0,99.8,0.2
20151208014054,0.0,0.0,0.0,0.0,0.0,0.0,99.3,0.7
20151208014124,0.0,0.0,0.0,0.0,0.0,0.0,99.8,0.2
20151208014154,0.0,0.0,0.0,0.0,0.0,0.0,97.5,2.5
20151208014224,0.0,0.0,0.0,0.0,0.0,0.0,99.9,0.1
20151208014254,0.0,0.0,0.0,0.0,0.0,0.0,99.9,0.1
20151208014324,0.0,0.0,0.0,0.0,0.0,0.0,100.0,0.0
20151208014354,0.0,0.0,0.0,0.0,0.0,0.0,100.0,0.0
20151208014424,0.0,0.0,0.0,0.0,0.0,0.0,100.0,0.0
20151208014454,0.0,0.0,0.0,0.0,0.0,0.0,100.0,0.0
20151208014524,0.0,0.0,0.0,0.0,0.0,0.0,100.0,0.0
20151208014554,0.0,0.0,0.0,0.0,0.0,0.0,100.0,0.0
20151208014624,0.0,0.0,0.0,0.0,0.0,0.0,100.0,0.0
20151208014654,0.0,0.0,0.0,0.0,0.0,0.0,100.0,0.0
20151208014724,0.0,0.0,0.0,0.0,0.0,0.0,100.0,0.0
20151208014754,0.0,0.0,0.0,0.0,0.0,0.0,100.0,0.0
20151208014824,0.0,0.0,0.0,0.0,0.0,0.0,100.0,0.0
20151208014854,0.0,0.0,0.0,0.0,0.0,0.0,100.0,0.0
20151208014924,0.0,0.0,0.0,0.0,0.0,0.0,100.0,0.0
20151208014954,0.0,0.0,0.0,0.0,0.0,0.0,100.0,0.0
20151208015024,0.0,0.0,0.0,0.0,0.0,0.0,100.0,0.0
20151208015054,0.0,0.0,0.0,0.0,0.0,0.0,100.0,0.0
20151208015124,0.0,0.0,0.0,0.0,0.0,0.0,100.0,0.0
20151208015154,0.0,0.0,0.0,0.0,0.0,0.0,100.0,0.0
20151208015224,0.0,0.0,0.0,0.0,0.0,0.0,100.0,0.0
20151208015254,0.0,0.0,0.0,0.0,0.0,0.0,100.0,0.0
20151208015324,0.0,0.0,0.0,0.0,0.0,0.0,100.0,0.0
20151208015354,0.0,0.0,0.0,0.0,0.0,0.0,100.0,0.0
20151208015424,0.0,0.0,0.0,0.0,0.0,0.0,100.0,0.0
20151208015454,0.0,0.0,0.0,0.0,0.0,0.0,100.0,0.0
20151208015524,0.0,0.0,0.0,0.0,0.0,0.0,100.0,0.0
20151208015554,0.0,0.0,0.0,0.0,0.0,0.0,100.0,0.0
20151208015624,0.0,0.0,0.0,0.0,0.0,0.0,100.0,0.0
20151208015654,0.0,0.0,0.0,0.0,0.0,0.0,100.0,0.0
20151208015724,0.0,0.0,0.0,0.0,0.0,0.0,100.0,0.0
20151208015754,0.0,0.0,0.0,0.0,0.0,0.0,100.0,0.0
20151208015824,0.0,0.0,0.0,0.0,0.0,0.0,100.0,0.0
20151208015854,0.0,0.0,0.0,0.0,0.0,0.0,100.0,0.0
20151208015924,0.0,0.0,0.0,0.0,0.0,0.0,100.0,0.0
20151208015954,0.0,0.0,0.0,0.0,0.0,0.0,100.0,0.0
20151208020024,0.0,0.0,0.0,0.0,0.0,0.0,100.0,0.0
20151208020054,0.0,0.0,0.0,0.0,0.0,0.0,100.0,0.0
20151208020124,0.0,0.0,0.0,0.0,0.0,0.0,100.0,0.0
20151208020154,0.0,0.0,0.0,0.0,0.0,0.0,100.0,0.0
20151208020224,0.0,0.0,0.0,0.0,0.0,0.0,100.0,0.0
20151208020254,0.0,0.0,0.0,0.0,0.0,0.0,100.0,0.0
20151208020324,0.0,0.0,0.0,0.0,0.0,0.0,100.0,0.0
20151208020354,0.0,0.0,0.0,0.0,0.0,0.0,100.0,0.0
20151208020424,0.0,0.0,0.0,0.0,0.0,0.0,100.0,0.0
20151208020454,0.0,0.0,0.0,0.0,0.0,0.0,100.0,0.0
20151208020524,0.0,0.0,0.0,0.0,0.0,0.0,100.0,0.0
20151208020554,0.0,0.0,0.0,0.0,0.0,0.0,100.0,0.0
20151208020624,0.0,0.0,0.0,0.0,0.0,0.0,100.0,0.0
20151208020654,0.0,0.0,0.0,0.0,0.0,0.0,100.0,0.0
20151208020724,0.0,0.0,0.0,0.0,0.0,0.0,100.0,0.0
20151208020754,0.0,0.0,0.0,0.0,0.0,0.0,100.0,0.0
20151208020824,0.0,0.0,0.0,0.0,0.0,0.0,100.0,0.0
20151208020854,0.0,0.0,0.0,0.0,0.0,0.0,100.0,0.0
20151208020924,0.0,0.0,0.0,0.0,0.0,0.0,100.0,0.0
20151208020954,0.0,0.0,0.0,0.0,0.0,0.0,100.0,0.0
20151208021024,0.0,0.0,0.0,0.0,0.0,0.0,100.0,0.0
20151208021054,0.0,0.0,0.0,0.0,0.0,0.0,100.0,0.0
20151208021124,0.0,0.0,0.0,0.0,0.0,0.0,100.0,0.0
20151208021154,0.0,0.0,0.0,0.0,0.0,0.0,100.0,0.0
20151208021224,0.0,0.0,0.0,0.0,0.0,0.0,100.0,0.0
20151208021254,0.0,0.0,0.0,0.0,0.0,0.0,100.0,0.0
20151208021325,0.0,0.0,0.0,0.0,0.0,0.0,100.0,0.0
20151208021355,0.0,0.0,0.0,0.0,0.0,0.0,100.0,0.0
20151208021425,0.0,0.0,0.0,0.0,0.0,0.0,100.0,0.0
20151208021455,0.0,0.0,0.0,0.0,0.0,0.0,100.0,0.0
20151208021525,0.0,0.0,0.0,0.0,0.0,0.0,100.0,0.0
20151208021555,0.0,0.0,0.0,0.0,0.0,0.0,100.0,0.0
20151208021625,0.0,0.0,0.0,0.0,0.0,0.0,100.0,0.0
20151208021655,0.0,0.0,0.0,0.0,0.0,0.0,100.0,0.0
20151208021725,0.0,0.0,0.0,0.0,0.0,0.0,100.0,0.0
20151208021755,0.0,0.0,0.0,0.0,0.0,0.0,100.0,0.0
20151208021825,0.0,0.0,0.0,0.0,0.0,0.0,100.0,0.0
20151208021855,0.0,0.0,0.0,0.0,0.0,0.0,100.0,0.0
20151208021925,0.0,0.0,0.0,0.0,0.0,0.0,99.9,0.1
20151208021955,0.0,0.0,0.0,0.0,0.0,0.0,99.5,0.5
20151208022025,0.0,0.0,0.0,0.2,0.0,0.0,39.1,60.7
20151208022055,0.0,0.0,0.0,0.0,0.0,0.0,8.4,91.6
20151208022125,0.0,0.0,0.0,0.0,0.0,0.0,36.3,63.7
20151208022155,0.0,0.0,0.0,0.2,0.0,0.0,53.9,45.9
20151208022225,0.0,0.0,0.0,0.1,0.0,0.0,40.0,59.9
20151208022255,0.0,0.0,0.0,0.0,0.0,0.0,85.9,14.1
20151208022325,0.0,0.0,0.0,0.0,0.0,0.0,94.1,5.9
20151208022355,0.0,0.0,0.0,0.1,0.0,0.0,99.2,0.7
20151208022425,0.0,0.0,0.0,0.1,0.0,0.0,89.2,10.7
20151208022455,0.0,0.0,0.0,0.2,0.0,0.0,86.2,13.6
20151208022525,0.0,0.0,0.0,0.0,0.0,0.0,96.6,3.3
20151208022555,0.0,0.0,0.0,0.1,0.0,0.0,97.3,2.6
20151208022625,0.0,0.0,0.0,0.1,0.0,0.0,96.4,3.5
20151208022655,0.0,0.0,0.0,0.1,0.0,0.0,3.4,96.5
20151208022725,0.0,0.0,0.0,2.3,0.0,0.0,26.3,71.5
20151208022755,0.0,0.0,0.0,0.0,0.0,0.0,98.8,1.2
20151208022825,0.0,0.0,0.0,0.0,0.0,0.0,82.9,17.1
20151208022855,0.0,0.0,0.0,0.5,0.0,0.0,63.7,35.8
20151208022925,0.0,0.0,0.0,0.8,0.0,0.0,44.7,54.6
20151208022955,0.0,0.0,0.0,8.6,0.0,0.0,37.8,53.6
20151208023025,0.0,0.0,0.0,91.6,0.0,0.0,4.6,3.8
20151208023055,0.0,0.0,0.0,67.6,0.0,0.0,7.2,25.2
20151208023125,0.0,0.0,0.0,32.7,0.0,0.0,51.1,16.2
20151208023155,0.0,0.0,0.0,14.9,0.0,0.0,67.6,17.4
20151208023225,0.0,0.0,0.0,1.1,0.0,0.0,43.2,55.7
20151208023255,0.0,0.0,0.0,2.9,0.0,0.0,89.3,7.8
20151208023325,0.0,0.0,0.0,80.4,0.0,0.0,9.9,9.7
20151208023355,0.0,0.0,0.0,54.4,0.0,0.0,29.7,15.8
20151208023425,0.0,0.0,0.1,45.1,0.1,0.0,36.1,18.6
20151208023455,0.1,0.2,0.3,22.6,0.1,0.0,58.7,18.1
20151208023525,0.0,0.1,0.4,32.4,0.2,0.0,17.7,49.1
20151208023555,0.0,0.0,0.0,95.6,0.0,0.0,0.9,3.5
20151208023625,0.0,0.0,0.4,13.1,0.0,0.0,17.4,69.1
20151208023655,0.1,0.0,0.8,21.7,0.1,0.0,28.1,49.1
20151208023725,0.0,0.0,0.1,70.2,0.0,0.0,21.4,8.3
20151208023755,0.0,0.0,0.0,82.3,0.0,0.0,10.6,7.1
20151208023825,0.0,0.0,0.1,6.4,0.0,0.0,40.1,53.4
20151208023855,0.0,0.0,0.1,60.2,0.0,0.0,15.4,24.2
20151208023925,0.0,0.0,0.0,16.0,0.0,0.0,68.3,15.7
20151208023955,0.0,0.0,0.0,1.7,0.0,0.0,47.8,50.5
20151208024025,0.0,0.0,0.0,8.7,0.0,0.0,47.6,43.7
20151208024056,0.0,0.0,0.0,3.2,0.0,0.0,31.1,65.6
20151208024126,0.0,0.0,0.0,74.0,1.3,0.0,8.2,16.5
20151208024156,0.0,0.0,0.0,94.3,0.0,0.0,1.3,4.3
20151208024226,0.0,0.0,0.0,42.7,0.0,0.0,32.2,25.1
20151208024256,0.0,0.0,0.0,89.5,0.0,0.0,5.6,4.8
20151208024326,0.0,0.0,0.0,24.7,0.0,0.0,64.5,10.8
20151208024356,0.0,0.0,0.0,0.9,0.0,0.0,81.8,17.3
20151208024426,0.0,0.0,0.0,0.5,0.0,0.0,88.1,11.4
20151208024456,0.0,0.0,0.0,0.2,0.0,0.0,99.4,0.4
20151208024526,0.0,0.0,0.0,0.0,0.0,0.0,99.9,0.1
20151208024556,0.0,0.0,0.0,0.0,0.0,0.0,100.0,0.0
20151208024626,0.0,0.0,0.0,0.0,0.0,0.0,99.9,0.1
20151208024656,0.0,0.0,0.0,0.0,0.0,0.0,99.8,0.2
20151208024726,0.0,0.0,0.0,0.0,0.0,0.0,100.0,0.0
20151208024756,0.0,0.0,0.0,0.0,0.0,0.0,100.0,0.0
20151208024826,0.0,0.0,0.0,0.0,0.0,0.0,100.0,0.0
20151208024856,0.0,0.0,0.0,0.0,0.0,0.0,100.0,0.0
20151208024926,0.0,0.0,0.0,0.0,0.0,0.0,99.9,0.1
20151208024956,0.0,0.0,0.0,0.0,0.0,0.0,100.0,0.0
20151208025026,0.0,0.0,0.0,0.0,0.0,0.0,100.0,0.0
20151208025056,0.0,0.0,0.0,0.0,0.0,0.0,100.0,0.0
20151208025126,0.0,0.0,0.0,0.0,0.0,0.0,100.0,0.0
20151208025156,0.0,0.0,0.0,0.0,0.0,0.0,100.0,0.0
20151208025226,0.0,0.0,0.0,0.0,0.0,0.0,100.0,0.0
20151208025256,0.0,0.0,0.0,0.0,0.0,0.0,100.0,0.0
20151208025326,0.0,0.0,0.0,0.0,0.0,0.0,100.0,0.0
20151208025356,0.0,0.0,0.0,0.0,0.0,0.0,100.0,0.0
20151208025426,0.0,0.0,0.0,0.0,0.0,0.0,100.0,0.0
20151208025456,0.0,0.0,0.0,0.0,0.0,0.0,100.0,0.0
20151208025526,0.0,0.0,0.0,0.0,0.0,0.0,100.0,0.0
20151208025556,0.0,0.0,0.0,0.0,0.0,0.0,100.0,0.0
20151208025626,0.0,0.0,0.0,0.0,0.0,0.0,100.0,0.0
20151208025656,0.0,0.0,0.0,0.0,0.0,0.0,100.0,0.0
20151208025726,0.0,0.0,0.0,0.0,0.0,0.0,100.0,0.0
20151208025756,0.0,0.0,0.0,0.0,0.0,0.0,100.0,0.0
20151208025826,0.0,0.0,0.0,0.0,0.0,0.0,100.0,0.0
20151208025856,0.0,0.0,0.0,0.0,0.0,0.0,100.0,0.0
20151208025926,0.0,0.0,0.0,0.0,0.0,0.0,100.0,0.0
20151208025956,0.0,0.0,0.0,0.0,0.0,0.0,100.0,0.0
20151208030026,0.0,0.0,0.0,0.0,0.0,0.0,100.0,0.0
20151208030056,0.0,0.0,0.0,0.0,0.0,0.0,100.0,0.0
20151208030126,0.0,0.0,0.0,0.0,0.0,0.0,100.0,0.0
20151208030156,0.0,0.0,0.0,0.0,0.0,0.0,100.0,0.0
20151208030226,0.0,0.0,0.0,0.0,0.0,0.0,100.0,0.0
20151208030256,0.0,0.0,0.0,0.0,0.0,0.0,100.0,0.0
20151208030326,0.0,0.0,0.0,0.0,0.0,0.0,100.0,0.0
20151208030356,0.0,0.0,0.0,0.0,0.0,0.0,100.0,0.0
20151208030426,0.0,0.0,0.0,0.0,0.0,0.0,100.0,0.0
20151208030456,0.0,0.0,0.0,0.0,0.0,0.0,100.0,0.0
20151208030526,0.0,0.0,0.0,0.0,0.0,0.0,100.0,0.0
20151208030556,0.0,0.0,0.0,0.0,0.0,0.0,100.0,0.0
20151208030626,0.0,0.0,0.0,0.0,0.0,0.0,100.0,0.0
20151208030656,0.0,0.0,0.0,0.0,0.0,0.0,100.0,0.0
20151208030726,0.0,0.0,0.0,0.0,0.0,0.0,100.0,0.0
20151208030756,0.0,0.0,0.0,0.0,0.0,0.0,100.0,0.0
20151208030826,0.0,0.0,0.0,0.0,0.0,0.0,100.0,0.0
20151208030856,0.0,0.0,0.0,0.0,0.0,0.0,100.0,0.0
20151208030926,0.0,0.0,0.0,0.0,0.0,0.0,100.0,0.0
20151208030956,0.0,0.0,0.0,0.0,0.0,0.0,100.0,0.0
20151208031026,0.0,0.0,0.0,0.0,0.0,0.0,100.0,0.0
20151208031056,0.0,0.0,0.0,0.0,0.0,0.0,100.0,0.0
20151208031126,0.0,0.0,0.0,0.0,0.0,0.0,100.0,0.0
20151208031156,0.0,0.0,0.0,0.0,0.0,0.0,100.0,0.0
20151208031226,0.0,0.0,0.0,0.0,0.0,0.0,100.0,0.0
20151208031256,0.0,0.0,0.0,0.0,0.0,0.0,100.0,0.0
20151208031326,0.0,0.0,0.0,0.0,0.0,0.0,100.0,0.0
20151208031356,0.0,0.0,0.0,0.0,0.0,0.0,100.0,0.0
20151208031426,0.0,0.0,0.0,0.0,0.0,0.0,100.0,0.0
20151208031457,0.0,0.0,0.0,0.0,0.0,0.0,100.0,0.0
20151208031527,0.0,0.0,0.0,0.0,0.0,0.0,100.0,0.0
20151208031557,0.0,0.0,0.0,0.0,0.0,0.0,100.0,0.0
20151208031627,0.0,0.0,0.0,0.0,0.0,0.0,100.0,0.0
20151208031657,0.0,0.0,0.0,0.0,0.0,0.0,100.0,0.0
20151208031727,0.0,0.0,0.0,0.0,0.0,0.0,100.0,0.0
20151208031757,0.0,0.0,0.0,0.0,0.0,0.0,100.0,0.0
20151208031827,0.0,0.0,0.0,0.0,0.0,0.0,100.0,0.0
20151208031857,0.0,0.0,0.0,0.0,0.0,0.0,100.0,0.0
20151208031927,0.0,0.0,0.0,0.0,0.0,0.0,100.0,0.0
20151208031957,0.0,0.0,0.0,0.0,0.0,0.0,100.0,0.0
20151208032027,0.0,0.0,0.0,0.0,0.0,0.0,100.0,0.0
20151208032057,0.0,0.0,0.0,0.0,0.0,0.0,100.0,0.0
20151208032127,0.0,0.0,0.0,0.0,0.0,0.0,100.0,0.0
20151208032157,0.0,0.0,0.0,0.0,0.0,0.0,100.0,0.0
20151208032227,0.0,0.0,0.0,0.0,0.0,0.0,100.0,0.0
20151208032257,0.0,0.0,0.0,0.0,0.0,0.0,100.0,0.0
20151208032327,0.0,0.0,0.0,0.0,0.0,0.0,100.0,0.0
20151208032357,0.0,0.0,0.0,0.0,0.0,0.0,100.0,0.0
20151208032427,0.0,0.0,0.0,0.0,0.0,0.0,100.0,0.0
20151208032457,0.0,0.0,0.0,0.0,0.0,0.0,100.0,0.0
20151208032527,0.0,0.0,0.0,0.0,0.0,0.0,100.0,0.0
20151208032557,0.0,0.0,0.0,0.0,0.0,0.0,100.0,0.0
20151208032627,0.0,0.0,0.0,0.0,0.0,0.0,100.0,0.0
20151208032657,0.0,0.0,0.0,0.0,0.0,0.0,100.0,0.0
20151208032727,0.0,0.0,0.0,0.0,0.0,0.0,100.0,0.0
20151208032757,0.0,0.0,0.0,0.0,0.0,0.0,100.0,0.0
20151208032827,0.0,0.0,0.0,0.0,0.0,0.0,100.0,0.0
20151208032857,0.0,0.0,0.0,0.0,0.0,0.0,100.0,0.0
20151208032927,0.0,0.0,0.0,0.0,0.0,0.0,100.0,0.0
20151208032957,0.0,0.0,0.0,0.0,0.0,0.0,100.0,0.0
20151208033027,0.0,0.0,0.0,0.0,0.0,0.0,100.0,0.0
20151208033057,0.0,0.0,0.0,0.0,0.0,0.0,100.0,0.0
20151208033127,0.0,0.0,0.0,0.0,0.0,0.0,100.0,0.0
20151208033157,0.0,0.0,0.0,0.0,0.0,0.0,100.0,0.0
20151208033227,0.0,0.0,0.0,0.0,0.0,0.0,100.0,0.0
20151208033257,0.0,0.0,0.0,0.0,0.0,0.0,100.0,0.0
20151208033327,0.0,0.0,0.0,0.0,0.0,0.0,100.0,0.0
20151208033357,0.0,0.0,0.0,0.0,0.0,0.0,100.0,0.0
20151208033427,0.0,0.0,0.0,0.0,0.0,0.0,100.0,0.0
20151208033457,0.0,0.0,0.0,0.0,0.0,0.0,100.0,0.0
20151208033527,0.0,0.0,0.0,0.0,0.0,0.0,100.0,0.0
20151208033557,0.0,0.0,0.0,0.0,0.0,0.0,100.0,0.0
20151208033627,0.0,0.0,0.0,0.0,0.0,0.0,100.0,0.0
20151208033657,0.0,0.0,0.0,0.0,0.0,0.0,100.0,0.0
20151208033727,0.0,0.0,0.0,0.0,0.0,0.0,100.0,0.0
20151208033757,0.0,0.0,0.0,0.0,0.0,0.0,100.0,0.0
20151208033827,0.0,0.0,0.0,0.0,0.0,0.0,100.0,0.0
20151208033857,0.0,0.0,0.0,0.0,0.0,0.0,100.0,0.0
20151208033927,0.0,0.0,0.0,0.0,0.0,0.0,100.0,0.0
20151208033957,0.0,0.0,0.0,0.0,0.0,0.0,100.0,0.0
20151208034027,0.0,0.0,0.0,0.0,0.0,0.0,100.0,0.0
20151208034057,0.0,0.0,0.0,0.0,0.0,0.0,100.0,0.0
20151208034127,0.0,0.0,0.0,0.0,0.0,0.0,100.0,0.0
20151208034157,0.0,0.0,0.0,0.0,0.0,0.0,100.0,0.0
20151208034227,0.0,0.0,0.0,0.0,0.0,0.0,100.0,0.0
20151208034257,0.0,0.0,0.0,0.0,0.0,0.0,100.0,0.0
20151208034327,0.0,0.0,0.0,0.0,0.0,0.0,100.0,0.0
20151208034357,0.0,0.0,0.0,0.0,0.0,0.0,100.0,0.0
20151208034427,0.0,0.0,0.0,0.0,0.0,0.0,100.0,0.0
20151208034457,0.0,0.0,0.0,0.0,0.0,0.0,100.0,0.0
20151208034527,0.0,0.0,0.0,0.0,0.0,0.0,100.0,0.0
20151208034557,0.0,0.0,0.0,0.0,0.0,0.0,100.0,0.0
20151208034627,0.0,0.0,0.0,0.0,0.0,0.0,100.0,0.0
20151208034657,0.0,0.0,0.0,0.0,0.0,0.0,100.0,0.0
20151208034727,0.0,0.0,0.0,0.0,0.0,0.0,99.9,0.1
20151208034757,0.0,0.0,0.0,0.0,0.0,0.0,100.0,0.0
20151208034827,0.0,0.0,0.0,0.0,0.0,0.0,100.0,0.0
20151208034857,0.0,0.0,0.0,0.0,0.0,0.0,100.0,0.0
20151208034928,0.0,0.0,0.0,0.0,0.0,0.0,100.0,0.0
20151208034958,0.0,0.0,0.0,0.0,0.0,0.0,100.0,0.0
20151208035028,0.0,0.0,0.0,0.0,0.0,0.0,100.0,0.0
20151208035058,0.0,0.0,0.0,0.0,0.0,0.0,100.0,0.0
20151208035128,0.0,0.0,0.0,0.0,0.0,0.0,100.0,0.0
20151208035158,0.0,0.0,0.0,0.0,0.0,0.0,100.0,0.0
20151208035228,0.0,0.0,0.0,0.0,0.0,0.0,100.0,0.0
20151208035258,0.0,0.0,0.0,0.0,0.0,0.0,100.0,0.0
20151208035328,0.0,0.0,0.0,0.0,0.0,0.0,100.0,0.0
20151208035358,0.0,0.0,0.0,0.0,0.0,0.0,100.0,0.0
20151208035428,0.0,0.0,0.0,0.0,0.0,0.0,100.0,0.0
20151208035458,0.0,0.0,0.0,0.0,0.0,0.0,100.0,0.0
20151208035528,0.0,0.0,0.0,0.0,0.0,0.0,100.0,0.0
20151208035558,0.0,0.0,0.0,0.0,0.0,0.0,100.0,0.0
20151208035628,0.0,0.0,0.0,0.0,0.0,0.0,100.0,0.0
20151208035658,0.0,0.0,0.0,0.0,0.0,0.0,100.0,0.0
20151208035728,0.0,0.0,0.0,0.0,0.0,0.0,100.0,0.0
20151208035758,0.0,0.0,0.0,0.0,0.0,0.0,100.0,0.0
20151208035828,0.0,0.0,0.0,0.0,0.0,0.0,100.0,0.0
20151208035858,0.0,0.0,0.0,0.0,0.0,0.0,100.0,0.0
20151208035928,0.0,0.0,0.0,0.0,0.0,0.0,100.0,0.0
20151208035958,0.0,0.0,0.0,0.0,0.0,0.0,100.0,0.0
20151208040028,0.0,0.0,0.0,0.0,0.0,0.0,100.0,0.0
20151208040058,0.0,0.0,0.0,0.0,0.0,0.0,100.0,0.0
20151208040128,0.0,0.0,0.0,0.0,0.0,0.0,100.0,0.0
20151208040158,0.0,0.0,0.0,0.0,0.0,0.0,100.0,0.0
20151208040228,0.0,0.0,0.0,0.0,0.0,0.0,100.0,0.0
20151208040258,0.0,0.0,0.0,0.0,0.0,0.0,100.0,0.0
20151208040328,0.0,0.0,0.0,0.1,0.0,0.0,99.9,0.0
20151208040358,0.0,0.0,0.0,0.1,0.0,0.0,99.9,0.0
20151208040428,0.0,0.0,0.0,0.0,0.0,0.0,100.0,0.0
20151208040458,0.0,0.0,0.0,0.0,0.0,0.0,100.0,0.0
20151208040528,0.0,0.0,0.0,0.0,0.0,0.0,100.0,0.0
20151208040558,0.0,0.0,0.0,0.0,0.0,0.0,100.0,0.0
20151208040628,0.0,0.0,0.0,0.0,0.0,0.0,100.0,0.0
20151208040658,0.0,0.0,0.0,0.0,0.0,0.0,100.0,0.0
20151208040728,0.0,0.0,0.0,0.0,0.0,0.0,100.0,0.0
20151208040758,0.0,0.0,0.0,0.0,0.0,0.0,100.0,0.0
20151208040828,0.0,0.0,0.0,0.0,0.0,0.0,100.0,0.0
20151208040858,0.0,0.0,0.0,0.0,0.0,0.0,100.0,0.0
20151208040928,0.0,0.0,0.0,0.0,0.0,0.0,100.0,0.0
20151208040958,0.0,0.0,0.0,0.0,0.0,0.0,100.0,0.0
20151208041028,0.0,0.0,0.0,0.0,0.0,0.0,100.0,0.0
20151208041058,0.0,0.0,0.0,0.0,0.0,0.0,100.0,0.0
20151208041128,0.0,0.0,0.0,0.0,0.0,0.0,100.0,0.0
20151208041158,0.0,0.0,0.0,0.0,0.0,0.0,100.0,0.0
20151208041228,0.0,0.0,0.0,0.0,0.0,0.0,100.0,0.0
20151208041258,0.0,0.0,0.0,0.0,0.0,0.0,100.0,0.0
20151208041328,0.0,0.0,0.0,0.0,0.0,0.0,100.0,0.0
20151208041358,0.0,0.0,0.0,0.0,0.0,0.0,100.0,0.0
20151208041428,0.0,0.0,0.0,0.0,0.0,0.0,100.0,0.0
20151208041458,0.0,0.0,0.0,0.0,0.0,0.0,100.0,0.0
20151208041528,0.0,0.0,0.0,0.0,0.0,0.0,100.0,0.0
20151208041558,0.0,0.0,0.0,0.0,0.0,0.0,100.0,0.0
20151208041628,0.0,0.0,0.0,0.0,0.0,0.0,100.0,0.0
20151208041658,0.0,0.0,0.0,0.0,0.0,0.0,100.0,0.0
20151208041728,0.0,0.0,0.0,0.0,0.0,0.0,100.0,0.0
20151208041758,0.0,0.0,0.0,0.0,0.0,0.0,100.0,0.0
20151208041828,0.0,0.0,0.0,0.0,0.0,0.0,100.0,0.0
20151208041858,0.0,0.0,0.0,0.0,0.0,0.0,100.0,0.0
20151208041928,0.0,0.0,0.0,0.0,0.0,0.0,100.0,0.0
20151208041958,0.0,0.0,0.0,0.0,0.0,0.0,100.0,0.0
20151208042028,0.0,0.0,0.0,0.0,0.0,0.0,100.0,0.0
20151208042058,0.0,0.0,0.0,0.0,0.0,0.0,100.0,0.0
20151208042128,0.0,0.0,0.0,0.0,0.0,0.0,100.0,0.0
20151208042158,0.0,0.0,0.0,0.0,0.0,0.0,100.0,0.0
20151208042228,0.0,0.0,0.0,0.0,0.0,0.0,100.0,0.0
20151208042258,0.0,0.0,0.0,0.0,0.0,0.0,100.0,0.0
20151208042329,0.0,0.0,0.0,0.0,0.0,0.0,100.0,0.0
20151208042359,0.0,0.0,0.0,0.0,0.0,0.0,100.0,0.0
20151208042429,0.0,0.0,0.0,0.0,0.0,0.0,100.0,0.0
20151208042459,0.0,0.0,0.0,0.0,0.0,0.0,100.0,0.0
20151208042529,0.0,0.0,0.0,0.0,0.0,0.0,100.0,0.0
20151208042559,0.0,0.0,0.0,0.0,0.0,0.0,100.0,0.0
20151208042629,0.0,0.0,0.0,0.0,0.0,0.0,100.0,0.0
20151208042659,0.0,0.0,0.0,0.0,0.0,0.0,100.0,0.0
20151208042729,0.0,0.0,0.0,0.0,0.0,0.0,100.0,0.0
20151208042759,0.0,0.0,0.0,0.0,0.0,0.0,100.0,0.0
20151208042829,0.0,0.0,0.0,0.0,0.0,0.0,100.0,0.0
20151208042859,0.0,0.0,0.0,0.0,0.0,0.0,100.0,0.0
20151208042929,0.0,0.0,0.0,0.0,0.0,0.0,100.0,0.0
20151208042959,0.0,0.0,0.0,0.0,0.0,0.0,100.0,0.0
20151208043029,0.0,0.0,0.0,0.0,0.0,0.0,100.0,0.0
20151208043059,0.0,0.0,0.0,0.0,0.0,0.0,100.0,0.0
20151208043129,0.0,0.0,0.0,0.0,0.0,0.0,100.0,0.0
20151208043159,0.0,0.0,0.0,0.0,0.0,0.0,100.0,0.0
20151208043229,0.0,0.0,0.0,0.0,0.0,0.0,100.0,0.0
20151208043259,0.0,0.0,0.0,0.0,0.0,0.0,100.0,0.0
20151208043329,0.0,0.0,0.0,0.0,0.0,0.0,99.9,0.1
20151208043359,0.0,0.0,0.0,0.0,0.0,0.0,100.0,0.0
20151208043429,0.0,0.0,0.0,0.0,0.0,0.0,100.0,0.0
20151208043459,0.0,0.0,0.0,0.0,0.0,0.0,100.0,0.0
20151208043529,0.0,0.0,0.0,0.0,0.0,0.0,100.0,0.0
20151208043559,0.0,0.0,0.0,0.0,0.0,0.0,100.0,0.0
20151208043629,0.0,0.0,0.0,0.0,0.0,0.0,100.0,0.0
20151208043659,0.0,0.0,0.0,0.0,0.0,0.0,99.9,0.1
20151208043729,0.0,0.0,0.0,0.0,0.0,0.0,99.8,0.2
20151208043759,0.0,0.0,0.0,0.0,0.0,0.0,98.4,1.6
20151208043829,0.0,0.0,0.0,0.0,0.0,0.0,99.2,0.8
20151208043859,0.0,0.0,0.0,0.0,0.0,0.0,99.8,0.2
20151208043929,0.0,0.0,0.0,0.0,0.0,0.0,100.0,0.0
20151208043959,0.0,0.0,0.0,0.0,0.0,0.0,99.9,0.1
20151208044029,0.0,0.0,0.0,0.0,0.0,0.0,100.0,0.0
20151208044059,0.0,0.0,0.0,0.0,0.0,0.0,100.0,0.0
20151208044129,0.0,0.0,0.0,0.0,0.0,0.0,100.0,0.0
20151208044159,0.0,0.0,0.0,0.0,0.0,0.0,100.0,0.0
20151208044229,0.0,0.0,0.0,0.0,0.0,0.0,100.0,0.0
20151208044259,0.0,0.0,0.0,0.0,0.0,0.0,100.0,0.0
20151208044329,0.0,0.0,0.0,0.0,0.0,0.0,100.0,0.0
20151208044359,0.0,0.0,0.0,0.0,0.0,0.0,100.0,0.0
20151208044429,0.0,0.0,0.0,0.0,0.0,0.0,100.0,0.0
20151208044459,0.0,0.0,0.0,0.0,0.0,0.0,100.0,0.0
20151208044529,0.0,0.0,0.0,0.0,0.0,0.0,100.0,0.0
20151208044559,0.0,0.0,0.0,0.0,0.0,0.0,100.0,0.0
20151208044629,0.0,0.0,0.0,0.0,0.0,0.0,100.0,0.0
20151208044659,0.0,0.0,0.0,0.0,0.0,0.0,100.0,0.0
20151208044729,0.0,0.0,0.0,0.0,0.0,0.0,100.0,0.0
20151208044759,0.0,0.0,0.0,0.0,0.0,0.0,100.0,0.0
20151208044829,0.0,0.0,0.0,0.0,0.0,0.0,100.0,0.0
20151208044859,0.0,0.0,0.0,0.0,0.0,0.0,100.0,0.0
20151208044929,0.0,0.0,0.0,0.0,0.0,0.0,99.9,0.1
20151208044959,0.0,0.0,0.0,0.0,0.0,0.0,100.0,0.0
20151208045029,0.0,0.0,0.0,0.0,0.0,0.0,100.0,0.0
20151208045100,0.0,0.0,0.0,0.0,0.0,0.0,100.0,0.0
20151208045130,0.0,0.0,0.0,0.0,0.0,0.0,100.0,0.0
20151208045200,0.0,0.0,0.0,0.0,0.0,0.0,100.0,0.0
20151208045230,0.0,0.0,0.0,0.0,0.0,0.0,100.0,0.0
20151208045300,0.0,0.0,0.0,0.0,0.0,0.0,100.0,0.0
20151208045330,0.0,0.0,0.0,0.0,0.0,0.0,100.0,0.0
20151208045400,0.0,0.0,0.0,0.0,0.0,0.0,100.0,0.0
20151208045430,0.0,0.0,0.0,0.0,0.0,0.0,100.0,0.0
20151208045500,0.0,0.0,0.0,0.0,0.0,0.0,100.0,0.0
20151208045530,0.0,0.0,0.0,0.0,0.0,0.0,100.0,0.0
20151208045600,0.0,0.0,0.0,0.0,0.0,0.0,100.0,0.0
20151208045630,0.0,0.0,0.0,0.0,0.0,0.0,100.0,0.0
20151208045700,0.0,0.0,0.0,0.1,0.0,0.0,99.9,0.0
20151208045730,0.0,0.0,0.0,0.0,0.0,0.0,100.0,0.0
20151208045800,0.0,0.0,0.0,0.0,0.0,0.0,100.0,0.0
20151208045830,0.0,0.0,0.0,0.0,0.0,0.0,100.0,0.0
20151208045900,0.0,0.0,0.0,0.0,0.0,0.0,100.0,0.0
20151208045930,0.0,0.0,0.0,0.0,0.0,0.0,100.0,0.0
20151208050000,0.0,0.0,0.0,0.0,0.0,0.0,100.0,0.0
20151208050030,0.0,0.0,0.0,0.0,0.0,0.0,100.0,0.0
20151208050100,0.0,0.0,0.0,0.0,0.0,0.0,100.0,0.0
20151208050130,0.0,0.0,0.0,0.0,0.0,0.0,100.0,0.0
20151208050200,0.0,0.0,0.0,0.0,0.0,0.0,100.0,0.0
20151208050230,0.0,0.0,0.0,0.0,0.0,0.0,100.0,0.0
20151208050300,0.0,0.0,0.0,0.0,0.0,0.0,100.0,0.0
20151208050330,0.0,0.0,0.0,0.0,0.0,0.0,100.0,0.0
20151208050400,0.0,0.0,0.0,0.0,0.0,0.0,100.0,0.0
20151208050430,0.0,0.0,0.0,0.0,0.0,0.0,100.0,0.0
20151208050500,0.0,0.0,0.0,0.0,0.0,0.0,100.0,0.0
20151208050530,0.0,0.0,0.0,0.0,0.0,0.0,100.0,0.0
20151208050600,0.0,0.0,0.0,0.0,0.0,0.0,100.0,0.0
20151208050630,0.0,0.0,0.0,0.0,0.0,0.0,100.0,0.0
20151208050700,0.0,0.0,0.0,0.9,0.0,0.0,99.1,0.0
20151208050730,0.0,0.0,0.0,0.0,0.0,0.0,100.0,0.0
20151208050800,0.0,0.0,0.0,0.0,0.0,0.0,100.0,0.0
20151208050830,0.0,0.0,0.0,0.0,0.0,0.0,100.0,0.0
20151208050900,0.0,0.0,0.0,0.0,0.0,0.0,100.0,0.0
20151208050930,0.0,0.0,0.0,0.0,0.0,0.0,100.0,0.0
20151208051000,0.0,0.0,0.0,0.0,0.0,0.0,100.0,0.0
20151208051030,0.0,0.0,0.0,0.0,0.0,0.0,100.0,0.0
20151208051100,0.0,0.0,0.0,0.0,0.0,0.0,100.0,0.0
20151208051130,0.0,0.0,0.0,0.0,0.0,0.0,100.0,0.0
20151208051200,0.0,0.0,0.0,0.0,0.0,0.0,100.0,0.0
20151208051230,0.0,0.0,0.0,0.0,0.0,0.0,100.0,0.0
20151208051300,0.0,0.0,0.0,0.0,0.0,0.0,100.0,0.0
20151208051330,0.0,0.0,0.0,0.1,0.0,0.0,99.9,0.0
20151208051400,0.0,0.0,0.0,0.0,0.0,0.0,100.0,0.0
20151208051430,0.0,0.0,0.0,0.0,0.0,0.0,100.0,0.0
20151208051500,0.0,0.0,0.0,0.0,0.0,0.0,100.0,0.0
20151208051530,0.0,0.0,0.0,0.0,0.0,0.0,100.0,0.0
20151208051600,0.0,0.0,0.0,0.0,0.0,0.0,100.0,0.0
20151208051630,0.0,0.0,0.0,0.0,0.0,0.0,100.0,0.0
20151208051700,0.0,0.0,0.0,0.0,0.0,0.0,100.0,0.0
20151208051730,0.0,0.0,0.0,0.0,0.0,0.0,100.0,0.0
20151208051800,0.0,0.0,0.0,0.0,0.0,0.0,99.9,0.1
20151208051830,0.0,0.0,0.0,0.0,0.0,0.0,100.0,0.0
20151208051900,0.0,0.0,0.0,0.0,0.0,0.0,100.0,0.0
20151208051930,0.0,0.0,0.0,0.0,0.0,0.0,100.0,0.0
20151208052000,0.0,0.0,0.0,0.0,0.0,0.0,100.0,0.0
20151208052030,0.0,0.0,0.0,0.0,0.0,0.0,100.0,0.0
20151208052100,0.0,0.0,0.0,0.0,0.0,0.0,100.0,0.0
20151208052130,0.0,0.0,0.0,0.0,0.0,0.0,100.0,0.0
20151208052200,0.0,0.0,0.0,0.0,0.0,0.0,100.0,0.0
20151208052230,0.0,0.0,0.0,0.0,0.0,0.0,100.0,0.0
20151208052300,0.0,0.0,0.0,0.0,0.0,0.0,100.0,0.0
20151208052330,0.0,0.0,0.0,0.0,0.0,0.0,100.0,0.0
20151208052400,0.0,0.0,0.0,0.0,0.0,0.0,100.0,0.0
20151208052430,0.0,0.0,0.0,14.0,0.0,0.0,85.8,0.2
20151208052501,0.0,0.0,0.0,0.5,0.0,0.0,99.4,0.0
20151208052531,0.0,0.0,0.0,59.9,0.1,0.0,27.9,12.1
20151208052601,0.0,0.0,0.0,5.3,0.0,0.0,18.0,76.8
20151208052631,0.0,0.0,0.0,8.8,0.0,0.0,15.8,75.4
20151208052701,0.0,0.0,0.1,7.1,0.0,0.0,63.9,28.8
20151208052731,0.0,0.0,0.0,0.0,0.0,0.0,89.9,10.1
20151208052801,0.0,0.0,0.0,0.4,0.0,0.0,53.1,46.5
20151208052831,0.0,0.0,0.0,0.6,0.0,0.0,76.9,22.5
20151208052901,0.0,0.0,0.0,1.4,0.0,0.0,95.6,3.0
20151208052931,0.0,0.0,0.1,7.3,0.1,0.0,82.5,10.1
20151208053001,0.0,0.0,0.0,0.0,0.0,0.0,94.4,5.6
20151208053031,0.0,0.0,0.0,0.4,0.0,0.0,84.8,14.8
20151208053101,0.0,0.0,0.0,1.6,0.0,0.0,95.4,3.0
20151208053131,0.0,0.0,0.0,0.0,0.0,0.0,96.6,3.3
20151208053201,0.0,0.0,0.0,0.3,0.0,0.0,31.0,68.7
20151208053231,0.0,0.0,0.0,0.0,0.0,0.0,18.2,81.7
20151208053301,0.0,0.0,0.2,1.0,0.0,0.0,33.8,64.9
20151208053331,0.0,0.0,0.0,0.9,0.0,0.0,8.5,90.6
20151208053401,0.0,0.0,0.0,9.8,0.0,0.0,6.6,83.5
20151208053431,0.0,0.0,0.6,2.7,0.4,0.0,2.6,93.7
20151208053501,0.0,0.0,0.2,3.8,0.1,0.0,13.4,82.5
20151208053531,0.0,0.0,0.1,96.7,0.0,0.0,2.2,1.0
20151208053601,0.0,0.0,0.0,4.2,0.0,0.0,93.2,2.6
20151208053631,0.0,0.0,0.0,4.0,0.0,0.0,88.0,8.0
20151208053701,0.0,0.0,0.1,1.9,0.0,0.0,87.9,10.2
20151208053731,0.0,0.0,0.7,5.2,0.1,0.0,62.9,31.1
20151208053801,0.0,0.0,0.0,0.2,0.0,0.0,94.6,5.2
20151208053831,0.0,0.0,0.0,9.8,0.1,0.0,15.2,74.8
20151208053901,0.0,0.0,0.0,0.9,0.0,0.1,57.0,41.9
20151208053931,0.0,0.0,0.0,0.4,0.1,0.0,87.5,11.9
20151208054001,0.0,0.0,0.0,2.7,0.0,0.0,3.9,93.4
20151208054031,0.0,0.0,0.0,0.7,0.0,0.1,87.8,11.5
20151208054101,0.0,0.0,0.1,2.9,0.4,0.3,57.3,39.1
20151208054131,0.0,0.0,0.0,0.0,0.0,0.4,95.7,3.8
20151208054201,0.0,0.0,0.0,0.0,0.0,0.0,99.7,0.3
20151208054231,0.0,0.0,0.0,0.3,0.0,0.2,62.3,37.2
20151208054301,0.1,0.0,0.0,2.2,1.7,0.1,47.0,48.9
20151208054331,0.1,0.0,0.0,0.4,0.3,0.6,29.1,69.5
20151208054401,0.0,0.0,0.0,1.8,0.0,0.0,54.1,44.0
20151208054431,0.0,0.0,0.0,2.9,0.3,0.0,3.9,92.9
20151208054501,0.0,0.0,0.0,35.9,9.6,0.0,3.1,51.3
20151208054531,0.0,0.0,0.0,21.4,6.4,0.0,38.9,33.3
20151208054601,0.0,0.0,0.0,3.1,1.5,0.0,8.2,87.1
20151208054631,0.0,0.0,0.0,0.7,0.2,0.0,6.0,93.0
20151208054701,0.0,0.0,0.0,2.3,0.1,0.0,2.9,94.7
20151208054731,0.0,0.0,0.0,37.1,0.2,0.0,49.6,13.1
20151208054801,0.0,0.0,1.3,75.9,0.6,0.0,5.0,17.2
20151208054831,0.0,0.0,0.9,76.4,0.3,0.0,6.9,15.5
20151208054901,0.0,0.0,0.2,87.1,0.1,0.0,9.3,3.4
20151208054931,0.0,0.0,0.3,92.8,0.2,0.0,6.0,0.7
20151208055001,0.0,0.0,0.1,95.1,0.1,0.0,3.3,1.4
20151208055031,0.0,0.0,0.2,74.8,0.2,0.0,21.7,3.0
20151208055101,0.0,0.0,0.1,48.7,0.7,0.0,5.9,44.6
20151208055131,0.0,0.0,0.0,75.1,0.3,0.0,4.4,20.1
20151208055201,0.0,0.0,0.0,5.0,0.0,0.0,9.9,85.0
20151208055231,0.0,0.0,0.0,1.9,0.0,0.0,9.8,88.3
20151208055301,0.0,0.0,0.0,8.6,0.0,0.0,28.3,63.1
20151208055331,0.0,0.0,0.0,8.0,0.0,0.0,40.7,51.2
20151208055401,0.0,0.0,0.3,16.7,0.9,0.0,53.6,28.4
20151208055431,0.0,0.0,0.2,78.0,4.2,0.0,13.6,3.9
20151208055501,0.0,0.0,0.0,5.5,0.3,0.0,92.7,1.5
20151208055531,0.0,0.0,0.0,0.2,0.1,0.0,57.2,42.4
20151208055601,0.0,0.0,0.0,1.5,0.1,0.0,90.8,7.6
20151208055631,0.0,0.0,0.0,1.3,0.0,0.0,55.0,43.7
20151208055701,0.0,0.0,0.0,0.0,0.0,0.0,98.6,1.4
20151208055732,0.0,0.0,0.0,0.0,0.0,0.0,100.0,0.0
20151208055801,0.0,0.0,0.0,0.0,0.0,0.0,100.0,0.0
20151208055831,0.0,0.0,0.0,0.0,0.0,0.0,100.0,0.0
20151208061952,0.0,0.0,0.0,0.0,0.0,0.0,100.0,0.0
20151208062022,0.0,0.0,0.0,0.1,0.0,0.0,99.8,0.1
20151208062052,0.0,0.0,0.0,0.5,0.0,0.0,97.9,1.5
20151208062122,0.0,0.0,0.0,0.3,0.0,0.0,99.3,0.3
20151208062152,0.0,0.0,0.0,0.0,0.0,0.0,100.0,0.0
20151208062222,0.0,0.0,0.0,0.1,0.0,0.0,99.9,0.0
20151208062252,0.0,0.0,0.0,0.0,0.0,0.0,99.9,0.0
20151208062322,0.0,0.0,0.0,0.0,0.0,0.0,100.0,0.0
20151208062352,0.0,0.0,0.0,0.1,0.0,0.0,99.9,0.0
20151208062422,0.0,0.0,0.0,0.0,0.0,0.0,100.0,0.0
20151208062452,0.0,0.0,0.0,0.0,0.0,0.0,100.0,0.0
20151208062522,0.0,0.0,0.0,0.0,0.0,0.0,100.0,0.0
20151208062552,0.0,0.0,0.0,0.0,0.0,0.0,100.0,0.0
20151208062622,0.0,0.0,0.0,0.0,0.0,0.0,100.0,0.0
20151208062652,0.0,0.0,0.0,0.0,0.0,0.0,100.0,0.0
20151208062722,0.0,0.0,0.0,0.0,0.0,0.0,100.0,0.0
20151208062752,0.0,0.0,0.0,0.0,0.0,0.0,100.0,0.0
20151208062822,0.0,0.0,0.0,0.0,0.0,0.0,100.0,0.0
20151208062852,0.0,0.0,0.0,0.0,0.0,0.0,100.0,0.0
20151208062922,0.0,0.0,0.0,0.0,0.0,0.0,99.9,0.1
20151208062952,0.0,0.0,0.0,0.0,0.0,0.0,100.0,0.0
20151208063022,0.0,0.0,0.0,0.0,0.0,0.0,98.3,1.7
20151208063052,0.0,0.0,0.0,0.0,0.0,0.0,97.4,2.6
20151208063123,0.0,0.0,0.0,0.0,0.0,0.0,0.7,99.3
20151208063153,0.0,0.0,0.0,0.0,0.0,0.0,0.1,99.9
20151208063223,0.0,0.0,0.0,0.0,0.0,0.0,0.0,100.0
20151208063253,0.0,0.0,0.0,0.0,0.0,0.0,0.1,99.9
20151208063323,0.0,0.0,0.0,0.0,0.0,0.0,0.0,100.0
20151208063353,0.0,0.0,0.0,0.0,0.0,0.0,0.0,100.0
20151208063423,0.0,0.0,0.0,0.0,0.0,0.0,0.0,100.0
20151208063453,0.0,0.0,0.0,0.0,0.0,0.0,0.0,100.0
20151208063523,0.0,0.0,0.0,0.0,0.0,0.0,0.0,100.0
20151208063553,0.0,0.0,0.0,0.0,0.0,0.0,19.5,80.5
20151208063623,0.0,0.0,0.0,0.0,0.0,0.0,13.0,87.0
20151208063653,0.0,0.0,0.0,0.0,0.0,0.0,65.1,34.9
20151208063723,0.0,0.0,0.0,0.0,0.0,0.0,53.6,46.4
20151208063753,0.0,0.0,0.0,0.0,0.0,0.0,99.2,0.8
20151208063823,0.0,0.0,0.0,0.1,0.0,0.0,99.9,0.0
20151208063853,0.0,0.0,0.0,0.0,0.0,0.0,100.0,0.0
20151208063923,0.0,0.0,0.0,0.0,0.0,0.0,100.0,0.0
20151208063953,0.0,0.0,0.0,0.0,0.0,0.0,100.0,0.0
20151208064023,0.0,0.0,0.0,0.0,0.0,0.0,100.0,0.0
20151208064053,0.0,0.0,0.0,0.0,0.0,0.0,100.0,0.0
20151208064123,0.0,0.0,0.0,0.0,0.0,0.0,99.8,0.2
20151208064153,0.0,0.0,0.0,0.0,0.0,0.0,98.5,1.5
20151208064223,0.0,0.0,0.0,0.0,0.0,0.0,99.4,0.6
20151208064253,0.0,0.0,0.0,0.0,0.0,0.0,99.7,0.3
20151208064323,0.0,0.0,0.0,0.0,0.0,0.0,100.0,0.0
20151208064353,0.0,0.0,0.0,0.0,0.0,0.0,100.0,0.0
20151208064423,0.0,0.0,0.0,0.0,0.0,0.0,99.3,0.7
20151208064453,0.0,0.0,0.0,0.0,0.0,0.0,99.5,0.5
20151208064523,0.0,0.0,0.0,0.0,0.0,0.0,97.8,2.2
20151208064553,0.0,0.0,0.0,0.1,0.0,0.0,77.8,22.1
20151208064623,0.0,0.0,0.0,0.1,0.0,0.0,85.5,14.4
20151208064653,0.0,0.0,0.0,0.0,0.0,0.0,89.7,10.3
20151208064723,0.0,0.0,0.0,0.0,0.0,0.0,93.0,7.0
20151208064753,0.0,0.0,0.0,0.0,0.0,0.0,78.7,21.3
20151208064823,0.0,0.0,0.0,0.0,0.0,0.0,96.5,3.5
20151208064853,0.0,0.0,0.0,0.0,0.0,0.0,97.0,3.0
20151208064923,0.0,0.0,0.0,0.1,0.0,0.0,85.3,14.7
20151208064953,0.0,0.0,0.0,0.0,0.0,0.0,14.9,85.1
20151208065023,0.0,0.0,0.0,0.0,0.0,0.0,1.9,98.1
20151208065053,0.0,0.0,0.0,0.0,0.0,0.0,0.0,100.0
20151208065123,0.0,0.0,0.0,0.0,0.0,0.0,0.0,100.0
20151208065153,0.0,0.0,0.0,0.0,0.0,0.0,0.0,100.0
20151208065223,0.0,0.0,0.0,0.0,0.0,0.0,0.0,100.0
20151208065253,0.0,0.0,0.0,0.0,0.0,0.0,0.0,100.0
20151208065323,0.0,0.0,0.0,0.0,0.0,0.0,0.0,100.0
20151208065353,0.0,0.0,0.0,0.0,0.0,0.0,0.1,99.9
20151208065423,0.0,0.0,0.0,0.0,0.0,0.0,74.6,25.4
20151208065453,0.0,0.0,0.0,0.0,0.0,0.0,75.2,24.8
20151208065523,0.0,0.0,0.0,0.0,0.0,0.0,40.1,59.9
20151208065553,0.0,0.0,0.0,0.0,0.0,0.0,92.8,7.2
20151208065623,0.0,0.0,0.0,0.0,0.0,0.0,50.4,49.6
20151208065823,0.0,0.0,0.0,0.0,0.0,0.0,95.6,4.3
20151208065853,0.1,0.0,0.1,0.2,0.0,5.4,93.8,0.4
20151208065923,0.3,0.0,0.1,0.1,0.0,0.5,97.9,1.0
20151208065953,0.1,0.0,0.1,0.1,0.0,5.9,93.2,0.6
20151208070023,0.3,0.0,0.3,1.0,0.0,23.1,72.7,2.6
20151208070053,0.5,0.0,0.1,0.2,0.0,11.4,83.6,4.1
20151208070123,0.6,0.0,0.1,0.2,0.0,2.1,79.8,17.2
20151208070153,0.3,0.0,0.1,0.1,0.0,3.2,91.6,4.7
20151208070223,0.0,0.0,0.1,0.1,0.0,2.9,74.5,22.4
20151208070253,0.2,0.0,0.4,0.5,0.0,15.6,52.0,31.2
20151208070323,0.0,0.0,0.0,0.0,0.0,0.1,16.1,83.8
20151208070353,0.0,0.0,0.0,0.0,0.0,0.0,2.6,97.4
20151208070423,0.0,0.0,0.0,0.0,0.0,0.0,0.5,99.5
20151208070453,0.0,0.0,0.0,0.0,0.0,0.0,0.2,99.8
20151208070523,0.0,0.0,0.0,0.0,0.0,0.0,0.0,100.0
20151208070554,0.0,0.0,0.0,0.0,0.0,0.0,0.0,100.0
20151208070624,0.0,0.0,0.0,0.0,0.0,0.0,0.0,100.0
20151208070654,0.0,0.0,0.0,0.0,0.0,0.0,0.0,100.0
20151208070724,0.0,0.0,0.0,0.0,0.0,0.0,0.0,100.0
20151208070754,0.0,0.0,0.0,0.0,0.0,0.0,0.0,100.0
20151208070824,0.0,0.0,0.0,0.0,0.0,0.0,0.0,100.0
20151208070854,0.0,0.0,0.0,0.0,0.0,0.0,0.0,100.0
20151208070924,0.0,0.0,0.0,0.0,0.0,0.0,0.0,100.0
20151208070954,0.0,0.0,0.0,0.0,0.0,0.0,0.0,100.0
20151208071024,0.0,0.0,0.0,0.0,0.0,0.0,0.0,100.0
20151208071054,0.0,0.0,0.0,0.0,0.0,0.0,0.1,99.9
20151208071124,0.0,0.0,0.0,0.0,0.0,0.0,0.0,100.0
20151208071154,0.0,0.0,0.0,0.0,0.0,0.0,0.1,99.9
20151208071224,0.0,0.0,0.0,0.0,0.0,0.0,0.0,100.0
20151208071254,0.0,0.0,0.0,0.0,0.0,0.0,0.0,100.0
20151208071324,0.0,0.0,0.0,0.0,0.0,0.0,0.1,99.9
20151208071354,0.0,0.0,0.0,0.0,0.0,0.0,0.0,100.0
20151208071424,0.0,0.0,0.0,0.0,0.0,0.0,5.3,94.6
20151208071454,0.0,0.0,0.0,0.0,0.0,0.1,8.4,91.5
20151208071524,0.0,0.0,0.0,0.1,0.0,0.0,18.9,80.9
20151208071554,0.0,0.0,0.0,0.0,0.0,0.1,2.2,97.7
20151208071624,0.0,0.0,0.0,0.0,0.0,0.0,0.9,99.1
20151208071654,0.0,0.0,0.0,0.0,0.0,0.0,0.0,100.0
20151208071724,0.0,0.0,0.0,0.0,0.0,0.0,0.1,99.9
20151208071754,0.0,0.0,0.0,0.0,0.0,0.0,0.0,100.0
20151208071824,0.0,0.0,0.0,0.0,0.0,0.0,0.0,100.0
20151208071854,0.0,0.0,0.0,0.0,0.0,0.0,0.0,100.0
20151208071924,0.0,0.0,0.0,0.0,0.0,0.0,0.0,100.0
20151208071954,0.0,0.0,0.0,0.0,0.0,0.0,0.0,100.0
20151208072024,0.0,0.0,0.0,0.0,0.0,0.0,0.0,100.0
20151208072054,0.0,0.0,0.0,0.0,0.0,0.0,0.0,100.0
20151208072124,0.0,0.0,0.0,0.0,0.0,0.0,0.0,100.0
20151208072154,0.0,0.0,0.0,0.0,0.0,0.0,0.0,100.0
20151208072224,0.0,0.0,0.0,0.0,0.0,0.0,0.0,100.0
20151208072254,0.0,0.0,0.0,0.0,0.0,0.0,0.0,100.0
20151208072324,0.0,0.0,0.0,0.0,0.0,0.0,0.1,99.9
20151208072354,0.0,0.0,0.0,0.0,0.0,0.0,0.0,100.0
20151208072424,0.0,0.0,0.0,0.0,0.0,0.0,0.1,99.9
20151208072454,0.0,0.0,0.0,0.0,0.0,0.0,0.0,100.0
20151208072524,0.0,0.0,0.0,0.0,0.0,0.0,0.0,100.0
20151208072554,0.0,0.0,0.0,0.0,0.0,0.0,0.0,100.0
20151208072624,0.0,0.0,0.0,0.0,0.0,0.0,0.0,100.0
20151208072654,0.0,0.0,0.0,0.0,0.0,0.0,0.0,100.0
20151208072724,0.0,0.0,0.0,0.0,0.0,0.0,0.0,100.0
20151208072754,0.0,0.0,0.0,0.0,0.0,0.0,0.0,100.0
20151208072824,0.0,0.0,0.0,0.0,0.0,0.0,0.0,100.0
20151208072854,0.0,0.0,0.0,0.0,0.0,0.0,0.0,100.0
20151208072924,0.0,0.0,0.0,0.0,0.0,0.0,0.0,100.0
20151208072954,0.0,0.0,0.0,0.0,0.0,0.0,0.0,100.0
20151208073024,0.0,0.0,0.0,0.0,0.0,0.0,0.0,100.0
20151208073054,0.0,0.0,0.0,0.0,0.0,0.0,0.0,100.0
20151208073124,0.0,0.0,0.0,0.0,0.0,0.0,0.0,100.0
20151208073154,0.0,0.0,0.0,0.0,0.0,0.0,0.0,100.0
20151208073224,0.0,0.0,0.0,0.0,0.0,0.0,0.0,100.0
20151208073254,0.0,0.0,0.0,0.0,0.0,0.0,0.0,100.0
20151208073324,0.0,0.0,0.0,0.0,0.0,0.0,0.0,100.0
20151208073354,0.0,0.0,0.0,0.0,0.0,0.0,0.0,100.0
20151208073424,0.0,0.0,0.0,0.0,0.0,0.0,0.0,100.0
20151208073454,0.0,0.0,0.0,0.0,0.0,0.0,0.0,100.0
20151208073524,0.0,0.0,0.0,0.0,0.0,0.0,0.0,100.0
20151208073554,0.0,0.0,0.0,0.0,0.0,0.0,0.0,100.0
20151208073624,0.0,0.0,0.0,0.0,0.0,0.0,0.0,100.0
20151208073654,0.0,0.0,0.0,0.0,0.0,0.0,0.0,100.0
20151208073724,0.0,0.0,0.0,0.0,0.0,0.0,0.0,100.0
20151208073754,0.0,0.0,0.0,0.0,0.0,0.0,0.0,100.0
20151208073824,0.0,0.0,0.0,0.0,0.0,0.0,0.0,100.0
20151208073854,0.0,0.0,0.0,0.0,0.0,0.0,0.0,100.0
20151208073924,0.0,0.0,0.0,0.0,0.0,0.0,0.0,100.0
20151208073955,0.0,0.0,0.0,0.0,0.0,0.0,0.0,100.0
20151208074025,0.0,0.0,0.0,0.0,0.0,0.0,0.0,100.0
20151208074055,0.0,0.0,0.0,0.0,0.0,0.0,0.0,100.0
20151208074125,0.0,0.0,0.0,0.0,0.0,0.0,0.0,100.0
20151208074155,0.0,0.0,0.0,0.0,0.0,0.0,0.0,100.0
20151208074225,0.0,0.0,0.0,0.0,0.0,0.0,0.0,100.0
20151208074255,0.0,0.0,0.0,0.0,0.0,0.0,0.0,100.0
20151208074325,0.0,0.0,0.0,0.0,0.0,0.0,0.0,100.0
20151208074355,0.0,0.0,0.0,0.0,0.0,0.0,0.0,100.0
20151208074425,0.0,0.0,0.0,0.0,0.0,0.0,0.0,100.0
20151208074455,0.0,0.0,0.0,0.0,0.0,0.0,0.0,100.0
20151208074525,0.0,0.0,0.0,0.0,0.0,0.0,0.0,100.0
20151208074555,0.0,0.0,0.0,0.0,0.0,0.0,0.0,100.0
20151208074625,0.0,0.0,0.0,0.0,0.0,0.0,0.0,100.0
20151208074655,0.0,0.0,0.0,0.0,0.0,0.0,0.0,100.0
20151208074725,0.0,0.0,0.0,0.0,0.0,0.0,0.0,100.0
20151208074755,0.0,0.0,0.0,0.0,0.0,0.0,0.0,100.0
20151208074825,0.0,0.0,0.0,0.0,0.0,0.0,0.0,100.0
20151208074855,0.0,0.0,0.0,0.0,0.0,0.0,0.0,100.0
20151208074925,0.0,0.0,0.0,0.0,0.0,0.0,0.0,100.0
20151208074955,0.0,0.0,0.0,0.0,0.0,0.0,0.0,100.0
20151208075025,0.0,0.0,0.0,0.0,0.0,0.0,0.0,100.0
20151208075055,0.0,0.0,0.0,0.0,0.0,0.0,0.0,100.0
20151208075125,0.0,0.0,0.0,0.0,0.0,0.0,0.0,100.0
20151208075155,0.0,0.0,0.0,0.0,0.0,0.0,0.0,100.0
20151208075225,0.0,0.0,0.0,0.0,0.0,0.0,0.0,100.0
20151208075255,0.0,0.0,0.0,0.0,0.0,0.0,0.0,100.0
20151208075325,0.0,0.0,0.0,0.0,0.0,0.0,0.0,100.0
20151208075355,0.0,0.0,0.0,0.0,0.0,0.0,0.0,100.0
20151208075425,0.0,0.0,0.0,0.0,0.0,0.0,0.0,100.0
20151208075455,0.0,0.0,0.0,0.0,0.0,0.0,0.0,100.0
20151208075525,0.0,0.0,0.0,0.0,0.0,0.0,0.0,100.0
20151208075555,0.0,0.0,0.0,0.0,0.0,0.0,0.0,100.0
20151208075625,0.0,0.0,0.0,0.0,0.0,0.0,0.0,100.0
20151208075655,0.0,0.0,0.0,0.0,0.0,0.0,0.0,100.0
