UT,arc,discrete,diffuse,ac,ab,clear,cloudy,dd
20220317173700,0.0,0.0,0.0,0.0,0.0,0.0,0.0,100.0
20220317173730,0.0,0.0,0.0,0.0,0.0,0.0,0.0,100.0
20220317173800,0.0,0.0,0.0,0.0,0.0,0.0,0.0,100.0
20220317173830,0.0,0.0,0.0,0.0,0.0,0.0,0.0,100.0
20220317173900,0.0,0.0,0.0,0.0,0.0,0.0,0.0,100.0
20220317173930,0.0,0.0,0.0,0.0,0.0,0.0,0.0,100.0
20220317174000,0.0,0.0,0.0,0.0,0.0,0.0,0.0,100.0
20220317174030,0.0,0.0,0.0,0.0,0.0,0.0,0.0,100.0
20220317174100,0.0,0.0,0.0,0.0,0.0,0.0,0.0,100.0
20220317174130,0.0,0.0,0.0,0.0,0.0,0.0,0.0,100.0
20220317174200,0.0,0.0,0.0,0.0,0.0,0.0,0.0,100.0
20220317174230,0.0,0.0,0.0,0.0,0.0,0.0,0.0,100.0
20220317174300,0.0,0.0,0.0,0.0,0.0,0.0,0.0,100.0
20220317174330,0.0,0.0,0.0,0.0,0.0,0.0,0.0,100.0
20220317174400,0.0,0.0,0.0,0.0,0.0,0.0,0.0,100.0
20220317174430,0.0,0.0,0.0,0.0,0.0,0.0,0.0,100.0
20220317174500,0.0,0.0,0.0,0.0,0.0,0.0,0.0,100.0
20220317174530,0.0,0.0,0.0,0.0,0.0,0.0,0.0,100.0
20220317174600,0.0,0.0,0.0,0.0,0.0,0.0,0.0,100.0
20220317174630,0.0,0.0,0.0,0.0,0.0,0.0,0.0,100.0
20220317174700,0.0,0.0,0.0,0.0,0.0,0.0,0.0,100.0
20220317174730,0.0,0.0,0.0,0.0,0.0,0.0,0.0,100.0
20220317174800,0.0,0.0,0.0,0.0,0.0,0.0,0.0,100.0
20220317174831,0.0,0.0,0.0,0.0,0.0,0.0,0.0,100.0
20220317174901,0.0,0.0,0.0,0.0,0.0,0.0,0.0,100.0
20220317174931,0.0,0.0,0.0,0.0,0.0,0.0,0.0,100.0
20220317175001,0.0,0.0,0.0,0.0,0.0,0.0,0.0,100.0
20220317175031,0.0,0.0,0.0,0.0,0.0,0.0,0.0,100.0
20220317175101,0.0,0.0,0.0,0.0,0.0,0.0,0.0,100.0
20220317175131,0.0,0.0,0.0,0.0,0.0,0.0,0.0,100.0
20220317175201,0.0,0.0,0.0,0.0,0.0,0.0,0.0,100.0
20220317175231,0.0,0.0,0.0,0.0,0.0,0.0,0.0,100.0
20220317175301,0.0,0.0,0.0,0.0,0.0,0.0,0.0,100.0
20220317175331,0.0,0.0,0.0,0.0,0.0,0.0,0.0,100.0
20220317175401,0.0,0.0,0.0,0.0,0.0,0.0,0.0,100.0
20220317175431,0.0,0.0,0.0,0.0,0.0,0.0,0.0,100.0
20220317175501,0.0,0.0,0.0,0.0,0.0,0.0,0.0,100.0
20220317175531,0.0,0.0,0.0,0.0,0.0,0.0,0.0,100.0
20220317175601,0.0,0.0,0.0,0.0,0.0,0.0,0.0,100.0
20220317175631,0.0,0.0,0.0,0.0,0.0,0.0,0.0,100.0
20220317175701,0.0,0.0,0.0,0.0,0.0,0.0,0.0,100.0
20220317175731,0.0,0.0,0.0,0.0,0.0,0.0,0.0,100.0
20220317175801,0.0,0.0,0.0,0.0,0.0,0.0,0.0,100.0
20220317175831,0.0,0.0,0.0,0.0,0.0,0.0,0.0,100.0
20220317175901,0.0,0.0,0.0,0.0,0.0,0.0,0.0,100.0
20220317175931,0.0,0.0,0.0,0.0,0.0,0.0,0.0,100.0
20220317180001,0.0,0.0,0.0,0.0,0.0,0.0,0.0,100.0
20220317180031,0.0,0.0,0.0,0.0,0.0,0.0,0.0,100.0
20220317180101,0.0,0.0,0.0,0.0,0.0,0.0,0.0,100.0
20220317180131,0.0,0.0,0.0,0.0,0.0,0.0,0.0,100.0
20220317180201,0.0,0.0,0.0,0.0,0.0,0.0,0.0,100.0
20220317180231,0.0,0.0,0.0,0.0,0.0,0.0,0.0,100.0
20220317180301,0.0,0.0,0.0,0.0,0.0,0.0,0.0,100.0
20220317180331,0.0,0.0,0.0,0.0,0.0,0.0,0.0,100.0
20220317180401,0.0,0.0,0.0,0.0,0.0,0.0,0.0,100.0
20220317180431,0.0,0.0,0.0,0.0,0.0,0.0,0.0,100.0
20220317180501,0.0,0.0,0.0,0.0,0.0,0.0,0.0,100.0
20220317180531,0.0,0.0,0.0,0.0,0.0,0.0,0.0,100.0
20220317180601,0.0,0.0,0.0,0.0,0.0,0.0,0.0,100.0
20220317180631,0.0,0.0,0.0,0.0,0.0,0.0,0.0,100.0
20220317180701,0.0,0.0,0.0,0.0,0.0,0.0,0.0,100.0
20220317180731,0.0,0.0,0.0,0.0,0.0,0.0,0.0,100.0
20220317180801,0.0,0.0,0.0,0.0,0.0,0.0,0.0,100.0
20220317180831,0.0,0.0,0.0,0.0,0.0,0.0,0.0,100.0
20220317180901,0.0,0.0,0.0,0.0,0.0,0.0,0.0,100.0
20220317180931,0.0,0.0,0.0,0.0,0.0,0.0,0.0,100.0
20220317181001,0.0,0.0,0.0,0.0,0.0,0.0,0.0,100.0
20220317181031,0.0,0.0,0.0,0.0,0.0,0.0,0.0,100.0
20220317181101,0.0,0.0,0.0,0.0,0.0,0.0,0.0,100.0
20220317181131,0.0,0.0,0.0,0.0,0.0,0.0,0.0,100.0
20220317181201,0.0,0.0,0.0,0.0,0.0,0.0,0.0,100.0
20220317181231,0.0,0.0,0.0,0.0,0.0,0.0,0.0,100.0
20220317181301,0.0,0.0,0.0,0.0,0.0,0.0,0.0,100.0
20220317181331,0.0,0.0,0.0,0.0,0.0,0.0,0.0,100.0
20220317181401,0.0,0.0,0.0,0.0,0.0,0.0,0.0,100.0
20220317181431,0.0,0.0,0.0,0.0,0.0,0.0,0.0,100.0
20220317181501,0.0,0.0,0.0,0.0,0.0,0.0,0.0,100.0
20220317181531,0.0,0.0,0.0,0.0,0.0,0.0,0.0,100.0
20220317181601,0.0,0.0,0.0,0.0,0.0,0.0,0.0,100.0
20220317181631,0.0,0.0,0.0,0.0,0.0,0.0,0.0,100.0
20220317181701,0.0,0.0,0.0,0.0,0.0,0.0,0.0,100.0
20220317181731,0.0,0.0,0.0,0.0,0.0,0.0,0.0,100.0
20220317181801,0.0,0.0,0.0,0.0,0.0,0.0,0.0,100.0
20220317181831,0.0,0.0,0.0,0.0,0.0,0.0,0.0,100.0
20220317181901,0.0,0.0,0.0,0.0,0.0,0.0,0.0,100.0
20220317181931,0.0,0.0,0.0,0.0,0.0,0.0,0.0,100.0
20220317182001,0.0,0.0,0.0,0.0,0.0,0.0,0.0,100.0
20220317182031,0.0,0.0,0.0,0.0,0.0,0.0,0.0,100.0
20220317182101,0.0,0.0,0.0,0.0,0.0,0.0,0.0,100.0
20220317182131,0.0,0.0,0.0,0.0,0.0,0.0,0.0,100.0
20220317182201,0.0,0.0,0.0,0.0,0.0,0.0,0.0,100.0
20220317182231,0.0,0.0,0.0,0.0,0.0,0.0,0.0,100.0
20220317182302,0.0,0.0,0.0,0.0,0.0,0.0,0.0,100.0
20220317182332,0.0,0.0,0.0,0.0,0.0,0.0,0.0,100.0
20220317182402,0.0,0.0,0.0,0.0,0.0,0.0,0.0,100.0
20220317182432,0.0,0.0,0.0,0.0,0.0,0.0,0.0,100.0
20220317182502,0.0,0.0,0.0,0.0,0.0,0.0,0.0,100.0
20220317182532,0.0,0.0,0.0,0.0,0.0,0.0,0.0,100.0
20220317182602,0.0,0.0,0.0,0.0,0.0,0.0,0.0,100.0
20220317182632,0.0,0.0,0.0,0.0,0.0,0.0,0.0,100.0
20220317182702,0.0,0.0,0.0,0.0,0.0,0.0,0.0,100.0
20220317182732,0.0,0.0,0.0,0.0,0.0,0.0,0.0,100.0
20220317182802,0.0,0.0,0.0,0.0,0.0,0.0,0.0,100.0
20220317182832,0.0,0.0,0.0,0.0,0.0,0.0,0.0,100.0
20220317182902,0.0,0.0,0.0,0.0,0.0,0.0,0.0,100.0
20220317182932,0.0,0.0,0.0,0.0,0.0,0.0,0.0,100.0
20220317183002,0.0,0.0,0.0,0.0,0.0,0.0,0.0,100.0
20220317183032,0.0,0.0,0.0,0.0,0.0,0.0,0.0,99.9
20220317183102,0.0,0.0,0.0,0.0,0.0,0.0,0.1,99.9
20220317183132,0.0,0.0,0.0,0.0,0.0,0.0,0.1,99.8
20220317183202,0.0,0.0,0.0,0.0,0.0,0.0,0.1,99.8
20220317183232,0.0,0.0,0.0,0.1,0.0,0.1,0.2,99.6
20220317183302,0.0,0.0,0.0,0.2,0.0,0.1,0.4,99.2
20220317183332,0.1,0.0,0.1,0.5,0.1,0.3,3.6,95.4
20220317183402,0.0,0.0,0.1,1.0,0.0,0.2,3.0,95.6
20220317183432,0.1,0.0,0.1,2.6,0.0,0.4,5.8,91.0
20220317183502,0.1,0.0,0.1,9.1,0.1,1.4,16.7,72.5
20220317183532,0.1,0.0,0.0,4.6,0.0,0.6,55.3,39.3
20220317183602,0.1,0.0,0.0,3.7,0.0,0.8,79.2,16.2
20220317183632,0.0,0.0,0.0,2.8,0.0,0.3,94.2,2.7
20220317183832,0.0,0.0,0.0,0.0,0.2,0.0,18.0,81.9
20220317183902,0.0,0.0,0.0,0.0,0.1,0.0,23.4,76.4
20220317183932,0.0,0.0,0.0,0.1,0.2,0.0,49.2,50.5
20220317184002,0.0,0.0,0.0,0.0,0.2,0.0,37.8,62.0
20220317184032,0.0,0.0,0.0,0.0,0.1,0.0,70.9,29.0
20220317184102,0.0,0.0,0.0,0.1,0.3,0.0,64.7,34.9
20220317184132,0.0,0.0,0.0,0.1,0.1,0.0,69.6,30.2
20220317184202,0.0,0.0,0.0,0.2,0.1,0.0,81.1,18.7
20220317184232,0.0,0.0,0.0,0.1,0.1,0.0,81.2,18.5
20220317184302,0.0,0.0,0.0,0.1,0.0,0.0,74.4,25.5
20220317184332,0.0,0.0,0.0,0.1,0.0,0.0,84.2,15.7
20220317184402,0.0,0.0,0.0,0.1,0.0,0.0,85.3,14.6
20220317184432,0.0,0.0,0.0,0.0,0.0,0.0,97.9,2.1
20220317184502,0.0,0.0,0.0,0.0,0.0,0.0,98.3,1.7
20220317184532,0.0,0.0,0.0,0.0,0.0,0.0,95.7,4.2
20220317184602,0.0,0.0,0.0,0.0,0.0,0.0,97.9,2.1
20220317184632,0.0,0.0,0.0,0.0,0.0,0.0,94.7,5.3
20220317184702,0.0,0.0,0.0,0.0,0.0,0.0,98.4,1.6
20220317184732,0.0,0.0,0.0,0.0,0.0,0.0,99.4,0.6
20220317184802,0.0,0.0,0.0,0.0,0.0,0.0,99.7,0.3
20220317184832,0.0,0.0,0.0,0.0,0.0,0.0,99.5,0.5
20220317184902,0.0,0.0,0.0,0.0,0.0,0.0,99.4,0.6
20220317184932,0.0,0.0,0.0,0.0,0.0,0.0,98.2,1.8
20220317185002,0.0,0.0,0.0,0.0,0.0,0.0,99.3,0.7
20220317185033,0.0,0.0,0.0,0.0,0.0,0.0,99.0,0.9
20220317185103,0.0,0.0,0.0,0.0,0.0,0.0,99.6,0.4
20220317185133,0.0,0.0,0.0,0.1,0.0,0.0,96.0,3.8
20220317185203,0.0,0.0,0.0,0.0,0.0,0.0,98.9,1.1
20220317185233,0.0,0.0,0.0,0.0,0.0,0.0,99.4,0.6
20220317185303,0.0,0.0,0.0,0.0,0.0,0.0,99.6,0.3
20220317185333,0.0,0.0,0.0,0.0,0.0,0.0,99.4,0.6
20220317185403,0.0,0.0,0.0,0.0,0.0,0.0,99.5,0.5
20220317185433,0.0,0.0,0.0,0.0,0.0,0.0,99.3,0.7
20220317185503,0.0,0.0,0.0,0.0,0.0,0.0,99.2,0.8
20220317185533,0.0,0.0,0.0,0.0,0.0,0.0,99.7,0.3
20220317185603,0.0,0.0,0.0,0.0,0.0,0.0,100.0,0.0
20220317185633,0.0,0.0,0.0,0.0,0.0,0.0,99.9,0.1
20220317185703,0.0,0.0,0.0,0.0,0.0,0.0,99.9,0.1
20220317185733,0.0,0.0,0.0,0.0,0.0,0.0,100.0,0.0
20220317185803,0.0,0.0,0.0,0.0,0.0,0.0,100.0,0.0
20220317185833,0.0,0.0,0.0,0.0,0.0,0.0,100.0,0.0
20220317185903,0.0,0.0,0.0,0.0,0.0,0.0,100.0,0.0
20220317185933,0.0,0.0,0.0,0.0,0.0,0.0,100.0,0.0
20220317190003,0.0,0.0,0.0,0.0,0.0,0.0,100.0,0.0
20220317190033,0.0,0.0,0.0,0.0,0.0,0.0,100.0,0.0
20220317190103,0.0,0.0,0.0,0.0,0.0,0.0,100.0,0.0
20220317190133,0.0,0.0,0.0,0.0,0.0,0.0,99.9,0.1
20220317190203,0.0,0.0,0.0,0.0,0.0,0.0,99.9,0.1
20220317190233,0.0,0.0,0.0,0.0,0.0,0.0,100.0,0.0
20220317190303,0.0,0.0,0.0,0.0,0.0,0.0,99.9,0.1
20220317190333,0.0,0.0,0.0,0.0,0.0,0.0,99.9,0.0
20220317190403,0.0,0.0,0.0,0.0,0.0,0.0,99.9,0.1
20220317190433,0.0,0.0,0.0,0.0,0.0,0.0,99.9,0.1
20220317190503,0.0,0.0,0.0,0.0,0.0,0.0,99.9,0.1
20220317190533,0.0,0.0,0.0,0.0,0.0,0.0,99.9,0.1
20220317190603,0.0,0.0,0.0,0.0,0.0,0.0,99.5,0.5
20220317190633,0.0,0.0,0.0,0.0,0.0,0.0,99.9,0.1
20220317190703,0.0,0.0,0.0,0.0,0.0,0.0,99.6,0.4
20220317190733,0.0,0.0,0.0,0.0,0.0,0.0,99.0,1.0
20220317190803,0.0,0.0,0.0,0.0,0.0,0.0,99.6,0.4
20220317190833,0.0,0.0,0.0,0.0,0.0,0.0,99.4,0.6
20220317190903,0.0,0.0,0.0,0.0,0.0,0.0,99.7,0.3
20220317190933,0.0,0.0,0.0,0.0,0.0,0.0,99.8,0.2
20220317191003,0.0,0.0,0.0,0.0,0.0,0.0,99.7,0.3
20220317191033,0.0,0.0,0.0,0.0,0.0,0.0,99.4,0.6
20220317191103,0.0,0.0,0.0,0.0,0.0,0.0,99.6,0.4
20220317191133,0.0,0.0,0.0,0.0,0.0,0.0,99.5,0.5
20220317191203,0.0,0.0,0.0,0.0,0.0,0.0,99.8,0.2
20220317191233,0.0,0.0,0.0,0.0,0.0,0.0,99.9,0.1
20220317191303,0.0,0.0,0.0,0.0,0.0,0.0,99.8,0.2
20220317191333,0.0,0.0,0.0,0.0,0.0,0.0,99.9,0.1
20220317191403,0.0,0.0,0.0,0.0,0.0,0.0,99.9,0.1
20220317191433,0.0,0.0,0.0,0.0,0.0,0.0,99.8,0.2
20220317191503,0.0,0.0,0.0,0.0,0.0,0.0,99.7,0.3
20220317191533,0.0,0.0,0.0,0.0,0.0,0.0,99.8,0.2
20220317191603,0.0,0.0,0.0,0.0,0.0,0.0,99.9,0.1
20220317191633,0.0,0.0,0.0,0.0,0.0,0.0,99.9,0.1
20220317191703,0.0,0.0,0.0,0.0,0.0,0.0,99.9,0.1
20220317191733,0.0,0.0,0.0,0.0,0.0,0.0,99.9,0.1
20220317191803,0.0,0.0,0.0,0.0,0.0,0.0,99.9,0.1
20220317191833,0.0,0.0,0.0,0.0,0.0,0.0,100.0,0.0
20220317191903,0.0,0.0,0.0,0.0,0.0,0.0,99.8,0.2
20220317191933,0.0,0.0,0.0,0.0,0.0,0.0,99.9,0.1
20220317192003,0.0,0.0,0.0,0.0,0.0,0.0,100.0,0.0
20220317192033,0.0,0.0,0.0,0.0,0.0,0.0,100.0,0.0
20220317192103,0.0,0.0,0.0,0.0,0.0,0.0,100.0,0.0
20220317192133,0.0,0.0,0.0,0.0,0.0,0.0,100.0,0.0
20220317192203,0.0,0.0,0.0,0.0,0.0,0.0,100.0,0.0
20220317192233,0.0,0.0,0.0,0.0,0.0,0.0,100.0,0.0
20220317192303,0.0,0.0,0.0,0.0,0.0,0.0,100.0,0.0
20220317192333,0.0,0.0,0.0,0.0,0.0,0.0,100.0,0.0
20220317192403,0.0,0.0,0.0,0.0,0.0,0.0,100.0,0.0
20220317192434,0.0,0.0,0.0,0.0,0.0,0.0,100.0,0.0
20220317192504,0.0,0.0,0.0,0.0,0.0,0.0,100.0,0.0
20220317192534,0.0,0.0,0.0,0.0,0.0,0.0,100.0,0.0
20220317192604,0.0,0.0,0.0,0.0,0.0,0.0,100.0,0.0
20220317192634,0.0,0.0,0.0,0.0,0.0,0.0,99.9,0.1
20220317192704,0.0,0.0,0.0,0.0,0.0,0.0,100.0,0.0
20220317192734,0.0,0.0,0.0,0.0,0.0,0.0,100.0,0.0
20220317192804,0.0,0.0,0.0,0.0,0.0,0.0,100.0,0.0
20220317192834,0.0,0.0,0.0,0.0,0.0,0.0,100.0,0.0
20220317192904,0.0,0.0,0.0,0.0,0.0,0.0,100.0,0.0
20220317192934,0.0,0.0,0.0,0.0,0.0,0.0,100.0,0.0
20220317193004,0.0,0.0,0.0,0.0,0.0,0.0,100.0,0.0
20220317193034,0.0,0.0,0.0,0.0,0.0,0.0,100.0,0.0
20220317193104,0.0,0.0,0.0,0.0,0.0,0.0,100.0,0.0
20220317193134,0.0,0.0,0.0,0.0,0.0,0.0,100.0,0.0
20220317193204,0.0,0.0,0.0,0.0,0.0,0.0,100.0,0.0
20220317193234,0.0,0.0,0.0,0.0,0.0,0.0,100.0,0.0
20220317193304,0.0,0.0,0.0,0.0,0.0,0.0,100.0,0.0
20220317193334,0.0,0.0,0.0,0.0,0.0,0.0,100.0,0.0
20220317193404,0.0,0.0,0.0,0.0,0.0,0.0,100.0,0.0
20220317193434,0.0,0.0,0.0,0.0,0.0,0.0,100.0,0.0
20220317193504,0.0,0.0,0.0,0.0,0.0,0.0,100.0,0.0
20220317193534,0.0,0.0,0.0,0.0,0.0,0.0,100.0,0.0
20220317193604,0.0,0.0,0.0,0.0,0.0,0.0,100.0,0.0
20220317193634,0.0,0.0,0.0,0.0,0.0,0.0,100.0,0.0
20220317193704,0.0,0.0,0.0,0.0,0.0,0.0,99.9,0.1
20220317193734,0.0,0.0,0.0,0.0,0.0,0.0,100.0,0.0
20220317193804,0.0,0.0,0.0,0.0,0.0,0.0,99.9,0.1
20220317193834,0.0,0.0,0.0,0.0,0.0,0.0,100.0,0.0
20220317193904,0.0,0.0,0.0,0.0,0.0,0.0,100.0,0.0
20220317193934,0.0,0.0,0.0,0.0,0.0,0.0,100.0,0.0
20220317194004,0.0,0.0,0.0,0.0,0.0,0.0,100.0,0.0
20220317194034,0.0,0.0,0.0,0.0,0.0,0.0,100.0,0.0
20220317194104,0.0,0.0,0.0,0.0,0.0,0.0,100.0,0.0
20220317194134,0.0,0.0,0.0,0.0,0.0,0.0,100.0,0.0
20220317194204,0.0,0.0,0.0,0.0,0.0,0.0,100.0,0.0
20220317194234,0.0,0.0,0.0,0.0,0.0,0.0,100.0,0.0
20220317194304,0.0,0.0,0.0,0.0,0.0,0.0,100.0,0.0
20220317194334,0.0,0.0,0.0,0.0,0.0,0.0,100.0,0.0
20220317194404,0.0,0.0,0.0,0.0,0.0,0.0,100.0,0.0
20220317194434,0.0,0.0,0.0,0.0,0.0,0.0,100.0,0.0
20220317194504,0.0,0.0,0.0,0.0,0.0,0.0,100.0,0.0
20220317194534,0.0,0.0,0.0,0.0,0.0,0.0,100.0,0.0
20220317194604,0.0,0.0,0.0,0.0,0.0,0.0,100.0,0.0
20220317194634,0.0,0.0,0.0,0.0,0.0,0.0,100.0,0.0
20220317194704,0.0,0.0,0.0,0.0,0.0,0.0,100.0,0.0
20220317194734,0.0,0.0,0.0,0.0,0.0,0.0,100.0,0.0
20220317194804,0.0,0.0,0.0,0.0,0.0,0.0,100.0,0.0
20220317194834,0.0,0.0,0.0,0.0,0.0,0.0,100.0,0.0
20220317194904,0.0,0.0,0.0,0.0,0.0,0.0,100.0,0.0
20220317194934,0.0,0.0,0.0,0.0,0.0,0.0,100.0,0.0
20220317195004,0.0,0.0,0.0,0.0,0.0,0.0,100.0,0.0
20220317195034,0.0,0.0,0.0,0.0,0.0,0.0,100.0,0.0
20220317195104,0.0,0.0,0.0,0.0,0.0,0.0,100.0,0.0
20220317195134,0.0,0.0,0.0,0.0,0.0,0.0,100.0,0.0
20220317195204,0.0,0.0,0.0,0.0,0.0,0.0,100.0,0.0
20220317195234,0.0,0.0,0.0,0.0,0.0,0.0,100.0,0.0
20220317195304,0.0,0.0,0.0,0.0,0.0,0.0,100.0,0.0
20220317195334,0.0,0.0,0.0,0.0,0.0,0.0,100.0,0.0
20220317195404,0.0,0.0,0.0,0.0,0.0,0.0,100.0,0.0
20220317195434,0.0,0.0,0.0,0.0,0.0,0.0,100.0,0.0
20220317195504,0.0,0.0,0.0,0.0,0.0,0.0,100.0,0.0
20220317195534,0.0,0.0,0.0,0.0,0.0,0.0,100.0,0.0
20220317195604,0.0,0.0,0.0,0.0,0.0,0.0,100.0,0.0
20220317195634,0.0,0.0,0.0,0.0,0.0,0.0,100.0,0.0
20220317195704,0.0,0.0,0.0,0.0,0.0,0.0,100.0,0.0
20220317195734,0.0,0.0,0.0,0.0,0.0,0.0,100.0,0.0
20220317195804,0.0,0.0,0.0,0.0,0.0,0.0,100.0,0.0
20220317195834,0.0,0.0,0.0,0.0,0.0,0.0,100.0,0.0
20220317195905,0.0,0.0,0.0,0.0,0.0,0.0,100.0,0.0
20220317195935,0.0,0.0,0.0,0.0,0.0,0.0,100.0,0.0
20220317200005,0.0,0.0,0.0,0.0,0.0,0.0,100.0,0.0
20220317200035,0.0,0.0,0.0,0.0,0.0,0.0,100.0,0.0
20220317200105,0.0,0.0,0.0,0.0,0.0,0.0,100.0,0.0
20220317200135,0.0,0.0,0.0,0.0,0.0,0.0,100.0,0.0
20220317200205,0.0,0.0,0.0,0.0,0.0,0.0,100.0,0.0
20220317200235,0.0,0.0,0.0,0.0,0.0,0.0,100.0,0.0
20220317200305,0.0,0.0,0.0,0.0,0.0,0.0,100.0,0.0
20220317200335,0.0,0.0,0.0,0.0,0.0,0.0,100.0,0.0
20220317200405,0.0,0.0,0.0,0.0,0.0,0.0,100.0,0.0
20220317200435,0.0,0.0,0.0,0.0,0.0,0.0,100.0,0.0
20220317200505,0.0,0.0,0.0,0.0,0.0,0.0,100.0,0.0
20220317200535,0.0,0.0,0.0,0.0,0.0,0.0,100.0,0.0
20220317200605,0.0,0.0,0.0,0.0,0.0,0.0,100.0,0.0
20220317200635,0.0,0.0,0.0,0.0,0.0,0.0,100.0,0.0
20220317200705,0.0,0.0,0.0,0.0,0.0,0.0,100.0,0.0
20220317200735,0.0,0.0,0.0,0.0,0.0,0.0,100.0,0.0
20220317200805,0.0,0.0,0.0,0.0,0.0,0.0,100.0,0.0
20220317200835,0.0,0.0,0.0,0.0,0.0,0.0,100.0,0.0
20220317200905,0.0,0.0,0.0,0.0,0.0,0.0,100.0,0.0
20220317200935,0.0,0.0,0.0,0.0,0.0,0.0,100.0,0.0
20220317201005,0.0,0.0,0.0,0.0,0.0,0.0,100.0,0.0
20220317201035,0.0,0.0,0.0,0.0,0.0,0.0,100.0,0.0
20220317201105,0.0,0.0,0.0,0.0,0.0,0.0,100.0,0.0
20220317201135,0.0,0.0,0.0,0.0,0.0,0.0,100.0,0.0
20220317201205,0.0,0.0,0.0,0.0,0.0,0.0,100.0,0.0
20220317201235,0.0,0.0,0.0,0.0,0.0,0.0,100.0,0.0
20220317201305,0.0,0.0,0.0,0.0,0.0,0.0,100.0,0.0
20220317201335,0.0,0.0,0.0,0.0,0.0,0.0,100.0,0.0
20220317201405,0.0,0.0,0.0,0.0,0.0,0.0,100.0,0.0
20220317201435,0.0,0.0,0.0,0.0,0.0,0.0,100.0,0.0
20220317201505,0.0,0.0,0.0,0.0,0.0,0.0,100.0,0.0
20220317201535,0.0,0.0,0.0,0.0,0.0,0.0,100.0,0.0
20220317201605,0.0,0.0,0.0,0.0,0.0,0.0,100.0,0.0
20220317201635,0.0,0.0,0.0,0.0,0.0,0.0,100.0,0.0
20220317201705,0.0,0.0,0.0,0.0,0.0,0.0,100.0,0.0
20220317201735,0.0,0.0,0.0,0.0,0.0,0.0,100.0,0.0
20220317201805,0.0,0.0,0.0,0.0,0.0,0.0,100.0,0.0
20220317201835,0.0,0.0,0.0,0.0,0.0,0.0,100.0,0.0
20220317201905,0.0,0.0,0.0,0.0,0.0,0.0,100.0,0.0
20220317201935,0.0,0.0,0.0,0.0,0.0,0.0,100.0,0.0
20220317202005,0.0,0.0,0.0,0.0,0.0,0.0,100.0,0.0
20220317202035,0.0,0.0,0.0,0.0,0.0,0.0,100.0,0.0
20220317202105,0.0,0.0,0.0,0.0,0.0,0.0,100.0,0.0
20220317202135,0.0,0.0,0.0,0.0,0.0,0.0,100.0,0.0
20220317202205,0.0,0.0,0.0,0.0,0.0,0.0,99.5,0.5
20220317202235,0.0,0.0,0.0,0.0,0.0,0.0,97.1,2.8
20220317202305,0.0,0.0,0.0,0.0,0.0,0.0,87.3,12.7
20220317202335,0.0,0.0,0.0,0.0,0.0,0.0,99.6,0.4
20220317202405,0.0,0.0,0.0,0.0,0.0,0.0,99.5,0.5
20220317202435,0.0,0.0,0.0,0.0,0.0,0.0,100.0,0.0
20220317202505,0.0,0.0,0.0,0.0,0.0,0.0,99.7,0.3
20220317202535,0.0,0.0,0.0,0.0,0.0,0.0,99.0,1.0
20220317202605,0.0,0.0,0.0,0.0,0.0,0.0,97.2,2.7
20220317202636,0.0,0.0,0.0,0.0,0.0,0.0,61.7,38.3
20220317202706,0.0,0.0,0.0,0.0,0.0,0.0,79.4,20.6
20220317202736,0.0,0.0,0.0,0.0,0.0,0.0,60.7,39.2
20220317202806,0.0,0.0,0.0,0.0,0.0,0.0,21.3,78.6
20220317202836,0.0,0.0,0.0,0.0,0.0,0.0,20.1,79.9
20220317202906,0.0,0.0,0.0,0.0,0.0,0.0,20.1,79.9
20220317202936,0.0,0.0,0.0,0.0,0.0,0.0,4.6,95.3
20220317203006,0.0,0.0,0.0,0.0,0.0,0.0,9.3,90.6
20220317203036,0.0,0.0,0.0,0.0,0.0,0.0,4.2,95.8
20220317203106,0.0,0.0,0.0,0.0,0.0,0.0,8.5,91.5
20220317203136,0.0,0.0,0.0,0.0,0.0,0.0,6.6,93.4
20220317203206,0.0,0.0,0.0,0.0,0.0,0.0,14.0,85.9
20220317203236,0.0,0.0,0.0,0.0,0.0,0.0,5.8,94.2
20220317203306,0.0,0.0,0.0,0.0,0.0,0.0,5.0,95.0
20220317203336,0.0,0.0,0.0,0.0,0.0,0.0,16.7,83.3
20220317203406,0.0,0.0,0.0,0.0,0.0,0.0,11.6,88.4
20220317203436,0.0,0.0,0.0,0.0,0.0,0.0,9.2,90.8
20220317203506,0.0,0.0,0.0,0.0,0.0,0.0,10.3,89.6
20220317203536,0.0,0.0,0.0,0.0,0.0,0.0,8.5,91.5
20220317203606,0.0,0.0,0.0,0.0,0.0,0.0,6.1,93.9
20220317203636,0.0,0.0,0.0,0.0,0.0,0.0,8.8,91.2
20220317203706,0.0,0.0,0.0,0.0,0.0,0.0,16.0,84.0
20220317203736,0.0,0.0,0.0,0.0,0.0,0.0,1.9,98.1
20220317203806,0.0,0.0,0.0,0.0,0.0,0.0,2.1,97.9
20220317203836,0.0,0.0,0.0,0.0,0.0,0.0,15.5,84.4
20220317203906,0.0,0.0,0.0,0.0,0.0,0.0,3.7,96.3
20220317203936,0.0,0.0,0.0,0.0,0.0,0.0,10.7,89.3
20220317204006,0.0,0.0,0.0,0.0,0.1,0.0,12.2,87.7
20220317204036,0.0,0.0,0.0,0.0,0.0,0.0,3.9,96.1
20220317204106,0.0,0.0,0.0,0.0,0.0,0.0,8.9,91.1
20220317204136,0.0,0.0,0.0,0.0,0.0,0.0,3.6,96.4
20220317204206,0.0,0.0,0.0,0.0,0.0,0.0,2.7,97.2
20220317204236,0.0,0.0,0.0,0.0,0.0,0.0,1.4,98.6
20220317204306,0.0,0.0,0.0,0.0,0.0,0.0,7.4,92.6
20220317204336,0.0,0.0,0.0,0.0,0.0,0.0,7.1,92.9
20220317204406,0.0,0.0,0.0,0.0,0.0,0.0,1.8,98.1
20220317204436,0.0,0.0,0.0,0.0,0.0,0.0,1.8,98.2
20220317204506,0.0,0.0,0.0,0.0,0.0,0.0,5.5,94.5
20220317204536,0.0,0.0,0.0,0.0,0.0,0.0,4.9,95.0
20220317204606,0.0,0.0,0.0,0.0,0.0,0.0,3.3,96.6
20220317204636,0.0,0.0,0.0,0.0,0.0,0.0,1.0,99.0
20220317204706,0.0,0.0,0.0,0.0,0.0,0.0,3.4,96.5
20220317204736,0.0,0.0,0.0,0.0,0.0,0.0,1.8,98.2
20220317204806,0.0,0.0,0.0,0.0,0.0,0.0,2.0,98.0
20220317204836,0.0,0.0,0.0,0.0,0.0,0.0,4.3,95.7
20220317204906,0.0,0.0,0.0,0.0,0.0,0.0,4.7,95.3
20220317204936,0.0,0.0,0.0,0.0,0.0,0.0,5.8,94.2
20220317205006,0.0,0.0,0.0,0.0,0.0,0.0,16.1,83.8
20220317205036,0.0,0.0,0.0,0.0,0.0,0.0,16.2,83.8
20220317205106,0.0,0.0,0.0,0.0,0.0,0.0,12.0,88.0
20220317205136,0.0,0.0,0.0,0.0,0.0,0.0,10.0,90.0
20220317205206,0.0,0.0,0.0,0.0,0.0,0.0,4.3,95.7
20220317205236,0.0,0.0,0.0,0.0,0.0,0.0,6.1,93.9
20220317205306,0.0,0.0,0.0,0.0,0.0,0.0,12.7,87.3
20220317205336,0.0,0.0,0.0,0.0,0.0,0.0,7.8,92.1
20220317205406,0.0,0.0,0.0,0.0,0.0,0.0,13.8,86.2
20220317205436,0.0,0.0,0.0,0.0,0.0,0.0,17.9,82.1
20220317205506,0.0,0.0,0.0,0.0,0.0,0.0,2.5,97.5
20220317205536,0.0,0.0,0.0,0.0,0.0,0.0,12.8,87.2
20220317205606,0.0,0.0,0.0,0.0,0.0,0.0,24.7,75.2
20220317205636,0.0,0.0,0.0,0.0,0.0,0.0,28.7,71.3
20220317205706,0.0,0.0,0.0,0.0,0.0,0.0,36.6,63.4
20220317205736,0.0,0.0,0.0,0.0,0.0,0.0,32.4,67.5
20220317205806,0.0,0.0,0.0,0.0,0.0,0.0,25.2,74.8
20220317205836,0.0,0.0,0.0,0.0,0.0,0.0,24.5,75.4
20220317205906,0.0,0.0,0.0,0.0,0.0,0.0,43.3,56.7
20220317205936,0.0,0.0,0.0,0.0,0.0,0.0,12.1,87.8
20220317210006,0.0,0.0,0.0,0.0,0.0,0.0,65.7,34.2
20220317210036,0.0,0.0,0.0,0.0,0.0,0.0,41.2,58.8
20220317210106,0.0,0.0,0.0,0.0,0.1,0.0,50.8,49.1
20220317210137,0.0,0.0,0.0,0.0,0.1,0.0,36.2,63.7
20220317210207,0.0,0.0,0.0,0.0,0.0,0.0,59.6,40.3
20220317210237,0.0,0.0,0.0,0.0,0.0,0.0,45.3,54.7
20220317210307,0.0,0.0,0.0,0.0,0.0,0.0,65.0,34.9
20220317210337,0.0,0.0,0.0,0.0,0.0,0.0,87.5,12.5
20220317210407,0.0,0.0,0.0,0.0,0.0,0.0,96.3,3.7
20220317210437,0.0,0.0,0.0,0.0,0.0,0.0,76.0,24.0
20220317210507,0.0,0.0,0.0,0.0,0.0,0.0,94.1,5.9
20220317210537,0.0,0.0,0.0,0.0,0.0,0.0,84.5,15.5
20220317210607,0.0,0.0,0.0,0.0,0.0,0.0,93.7,6.3
20220317210637,0.0,0.0,0.0,0.0,0.0,0.0,85.1,14.9
20220317210707,0.0,0.0,0.0,0.0,0.0,0.0,96.0,4.0
20220317210737,0.0,0.0,0.0,0.0,0.0,0.0,94.0,6.0
20220317210807,0.0,0.0,0.0,0.0,0.0,0.0,88.7,11.3
20220317210837,0.0,0.0,0.0,0.0,0.0,0.0,90.7,9.3
20220317210907,0.0,0.0,0.0,0.0,0.0,0.0,80.3,19.6
20220317210937,0.0,0.0,0.0,0.0,0.0,0.0,95.4,4.6
20220317211007,0.0,0.0,0.0,0.0,0.0,0.0,97.4,2.6
20220317211037,0.0,0.0,0.0,0.0,0.0,0.0,97.8,2.1
20220317211107,0.0,0.0,0.0,0.0,0.0,0.0,96.0,4.0
20220317211137,0.0,0.0,0.0,0.0,0.0,0.0,93.3,6.7
20220317211207,0.0,0.0,0.0,0.0,0.0,0.0,92.7,7.3
20220317211237,0.0,0.0,0.0,0.0,0.0,0.0,96.5,3.5
20220317211307,0.0,0.0,0.0,0.0,0.0,0.0,90.5,9.4
20220317211337,0.0,0.0,0.0,0.0,0.0,0.0,90.7,9.3
20220317211407,0.0,0.0,0.0,0.0,0.0,0.0,96.9,3.0
20220317211437,0.0,0.0,0.0,0.0,0.0,0.0,98.3,1.7
20220317211507,0.0,0.0,0.0,0.0,0.0,0.0,93.0,6.9
20220317211537,0.0,0.0,0.0,0.0,0.0,0.0,97.9,2.1
20220317211607,0.0,0.0,0.0,0.0,0.0,0.0,97.4,2.6
20220317211637,0.0,0.0,0.0,0.0,0.0,0.0,94.7,5.3
20220317211707,0.0,0.0,0.0,0.0,0.0,0.0,95.5,4.5
20220317211737,0.0,0.0,0.0,0.0,0.0,0.0,97.4,2.6
20220317211807,0.0,0.0,0.0,0.0,0.0,0.0,92.9,7.0
20220317211837,0.0,0.0,0.0,0.0,0.0,0.0,98.0,2.0
20220317211907,0.0,0.0,0.0,0.0,0.0,0.0,95.1,4.9
20220317211937,0.0,0.0,0.0,0.0,0.0,0.0,91.9,8.1
20220317212007,0.0,0.0,0.0,0.0,0.0,0.0,92.3,7.7
20220317212037,0.0,0.0,0.0,0.0,0.0,0.0,95.7,4.3
20220317212107,0.0,0.0,0.0,0.0,0.0,0.0,92.4,7.6
20220317212137,0.0,0.0,0.0,0.0,0.0,0.0,88.3,11.7
20220317212207,0.0,0.0,0.0,0.0,0.0,0.0,98.3,1.7
20220317212237,0.0,0.0,0.0,0.0,0.0,0.0,91.0,9.0
20220317212307,0.0,0.0,0.0,0.0,0.0,0.0,89.2,10.8
20220317212337,0.0,0.0,0.0,0.0,0.0,0.0,91.5,8.4
20220317212407,0.0,0.0,0.0,0.0,0.0,0.0,94.4,5.5
20220317212437,0.0,0.0,0.0,0.0,0.0,0.0,94.7,5.3
20220317212507,0.0,0.0,0.0,0.0,0.0,0.0,95.2,4.8
20220317212537,0.0,0.0,0.0,0.0,0.0,0.0,92.1,7.9
20220317212607,0.0,0.0,0.0,0.0,0.0,0.0,89.7,10.3
20220317212637,0.0,0.0,0.0,0.0,0.0,0.0,79.8,20.1
20220317212707,0.0,0.0,0.0,0.0,0.0,0.0,92.7,7.2
20220317212737,0.0,0.0,0.0,0.0,0.0,0.0,79.2,20.8
20220317212807,0.0,0.0,0.0,0.0,0.0,0.0,85.3,14.7
20220317212837,0.0,0.0,0.0,0.0,0.0,0.0,62.1,37.9
20220317212907,0.0,0.0,0.0,0.0,0.0,0.0,79.7,20.2
20220317212937,0.0,0.0,0.0,0.0,0.0,0.0,82.1,17.9
20220317213007,0.0,0.0,0.0,0.0,0.0,0.0,66.1,33.8
20220317213037,0.0,0.0,0.0,0.0,0.0,0.0,58.1,41.9
20220317213107,0.0,0.0,0.0,0.0,0.0,0.0,81.4,18.6
20220317213137,0.0,0.0,0.0,0.0,0.0,0.0,73.9,26.0
20220317213207,0.0,0.0,0.0,0.0,0.0,0.0,59.1,40.9
20220317213237,0.0,0.0,0.0,0.0,0.0,0.0,89.6,10.4
20220317213307,0.0,0.0,0.0,0.0,0.0,0.0,72.0,28.0
20220317213337,0.0,0.0,0.0,0.0,0.0,0.0,71.9,28.1
20220317213407,0.0,0.0,0.0,0.0,0.0,0.0,75.4,24.5
20220317213437,0.0,0.0,0.0,0.0,0.0,0.0,57.0,42.9
20220317213507,0.0,0.0,0.0,0.0,0.0,0.0,96.1,3.9
20220317213538,0.0,0.0,0.0,0.0,0.0,0.0,74.4,25.6
20220317213608,0.0,0.0,0.0,0.0,0.0,0.0,66.7,33.3
20220317213638,0.0,0.0,0.0,0.0,0.0,0.0,84.1,15.9
20220317213708,0.0,0.0,0.0,0.0,0.0,0.0,77.5,22.5
20220317213738,0.0,0.0,0.0,0.0,0.0,0.0,95.9,4.1
20220317213808,0.0,0.0,0.0,0.0,0.0,0.0,83.7,16.3
20220317213838,0.0,0.0,0.0,0.0,0.0,0.0,79.8,20.2
20220317213908,0.0,0.0,0.0,0.0,0.0,0.0,94.6,5.4
20220317213938,0.0,0.0,0.0,0.0,0.0,0.0,70.7,29.3
20220317214008,0.0,0.0,0.0,0.0,0.0,0.0,72.0,28.0
20220317214038,0.0,0.0,0.0,0.0,0.0,0.0,83.7,16.3
20220317214108,0.0,0.0,0.0,0.0,0.0,0.0,76.6,23.4
20220317214138,0.0,0.0,0.0,0.0,0.0,0.0,81.8,18.2
20220317214208,0.0,0.0,0.0,0.0,0.0,0.0,67.1,32.9
20220317214238,0.0,0.0,0.0,0.0,0.0,0.0,55.4,44.5
20220317214308,0.0,0.0,0.0,0.0,0.0,0.0,72.7,27.3
20220317214338,0.0,0.0,0.0,0.0,0.0,0.0,85.3,14.7
20220317214408,0.0,0.0,0.0,0.0,0.0,0.0,35.7,64.2
20220317214438,0.0,0.0,0.0,0.0,0.0,0.0,74.1,25.9
20220317214508,0.0,0.0,0.0,0.0,0.0,0.0,66.2,33.8
20220317214538,0.0,0.0,0.0,0.0,0.0,0.0,29.0,71.0
20220317214608,0.0,0.0,0.0,0.0,0.0,0.0,88.3,11.7
20220317214638,0.0,0.0,0.0,0.0,0.0,0.0,54.1,45.8
20220317214708,0.0,0.0,0.0,0.0,0.0,0.0,38.6,61.4
20220317214738,0.0,0.0,0.0,0.0,0.0,0.0,77.1,22.9
20220317214808,0.0,0.0,0.0,0.0,0.0,0.0,46.1,53.9
20220317214838,0.0,0.0,0.0,0.0,0.0,0.0,63.7,36.3
20220317214908,0.0,0.0,0.0,0.0,0.0,0.0,84.5,15.5
20220317214938,0.0,0.0,0.0,0.0,0.0,0.0,78.6,21.4
20220317215008,0.0,0.0,0.0,0.0,0.0,0.0,84.2,15.8
20220317215038,0.0,0.0,0.0,0.0,0.0,0.0,74.2,25.7
20220317215108,0.0,0.0,0.0,0.0,0.0,0.0,78.6,21.4
20220317215138,0.0,0.0,0.0,0.0,0.0,0.0,60.8,39.2
20220317215208,0.0,0.0,0.0,0.0,0.0,0.0,83.4,16.6
20220317215238,0.0,0.0,0.0,0.0,0.0,0.0,84.3,15.7
20220317215308,0.0,0.0,0.0,0.0,0.0,0.0,91.6,8.3
20220317215338,0.0,0.0,0.0,0.0,0.0,0.0,87.0,12.9
20220317215408,0.0,0.0,0.0,0.0,0.0,0.0,85.2,14.8
20220317215438,0.0,0.0,0.0,0.0,0.0,0.0,85.3,14.7
20220317215508,0.0,0.0,0.0,0.0,0.0,0.0,84.6,15.4
20220317215538,0.0,0.0,0.0,0.0,0.0,0.0,91.4,8.6
20220317215608,0.0,0.0,0.0,0.0,0.0,0.0,94.2,5.8
20220317215638,0.0,0.0,0.0,0.0,0.0,0.0,78.8,21.1
20220317215708,0.0,0.0,0.0,0.0,0.0,0.0,87.4,12.6
20220317215738,0.0,0.0,0.0,0.0,0.0,0.0,92.2,7.8
20220317215808,0.0,0.0,0.0,0.0,0.0,0.0,76.1,23.9
20220317215838,0.0,0.0,0.0,0.0,0.0,0.0,76.2,23.8
20220317215908,0.0,0.0,0.0,0.0,0.0,0.0,80.8,19.1
20220317215938,0.0,0.0,0.0,0.0,0.0,0.0,43.3,56.7
20220317220008,0.0,0.0,0.0,0.0,0.0,0.0,72.3,27.7
20220317220038,0.0,0.0,0.0,0.0,0.0,0.0,78.6,21.4
20220317220108,0.0,0.0,0.0,0.0,0.0,0.0,87.7,12.2
20220317220138,0.0,0.0,0.0,0.0,0.0,0.0,58.0,42.0
20220317220208,0.0,0.0,0.0,0.0,0.0,0.0,54.2,45.8
20220317220238,0.0,0.0,0.0,0.0,0.0,0.0,52.1,47.9
20220317220309,0.0,0.0,0.0,0.0,0.0,0.0,67.1,32.9
20220317220339,0.0,0.0,0.0,0.0,0.0,0.0,81.6,18.4
20220317220409,0.0,0.0,0.0,0.0,0.0,0.0,54.0,46.0
20220317220439,0.0,0.0,0.0,0.0,0.0,0.0,83.6,16.4
20220317220509,0.0,0.0,0.0,0.0,0.0,0.0,76.6,23.4
20220317220539,0.0,0.0,0.0,0.0,0.0,0.0,58.0,42.0
20220317220609,0.0,0.0,0.0,0.0,0.0,0.0,77.3,22.7
20220317220639,0.0,0.0,0.0,0.0,0.0,0.0,89.1,10.9
20220317220709,0.0,0.0,0.0,0.0,0.0,0.0,87.9,12.1
20220317220739,0.0,0.0,0.0,0.0,0.0,0.0,84.8,15.2
20220317220809,0.0,0.0,0.0,0.0,0.0,0.0,73.6,26.3
20220317220839,0.0,0.0,0.0,0.0,0.0,0.0,87.5,12.5
20220317220909,0.0,0.0,0.0,0.0,0.0,0.0,70.0,30.0
20220317220939,0.0,0.0,0.0,0.0,0.0,0.0,73.8,26.2
20220317221009,0.0,0.0,0.0,0.0,0.0,0.0,52.0,48.0
20220317221039,0.0,0.0,0.0,0.0,0.0,0.0,79.1,20.9
20220317221109,0.0,0.0,0.0,0.0,0.0,0.0,88.3,11.7
20220317221139,0.0,0.0,0.0,0.0,0.0,0.0,65.5,34.5
20220317221209,0.0,0.0,0.0,0.0,0.0,0.0,72.5,27.4
20220317221239,0.0,0.0,0.0,0.0,0.0,0.0,74.1,25.9
20220317221309,0.0,0.0,0.0,0.0,0.0,0.0,85.2,14.8
20220317221339,0.0,0.0,0.0,0.0,0.0,0.0,91.8,8.2
20220317221409,0.0,0.0,0.0,0.0,0.0,0.0,80.9,19.1
20220317221439,0.0,0.0,0.0,0.0,0.0,0.0,63.5,36.5
20220317221509,0.0,0.0,0.0,0.0,0.0,0.0,48.0,52.0
20220317221539,0.0,0.0,0.0,0.0,0.0,0.0,69.8,30.2
20220317221609,0.0,0.0,0.0,0.0,0.0,0.0,41.9,58.1
20220317221639,0.0,0.0,0.0,0.0,0.0,0.0,14.8,85.1
20220317221709,0.0,0.0,0.0,0.0,0.0,0.0,52.4,47.6
20220317221739,0.0,0.0,0.0,0.0,0.0,0.0,52.7,47.2
20220317221809,0.0,0.0,0.0,0.0,0.0,0.0,64.8,35.2
20220317221839,0.0,0.0,0.0,0.0,0.0,0.0,42.2,57.8
20220317221909,0.0,0.0,0.0,0.0,0.0,0.0,83.5,16.5
20220317221939,0.0,0.0,0.0,0.0,0.0,0.0,73.5,26.5
20220317222009,0.0,0.0,0.0,0.0,0.0,0.0,29.7,70.3
20220317222039,0.0,0.0,0.0,0.0,0.0,0.0,38.9,61.1
20220317222109,0.0,0.0,0.0,0.0,0.0,0.0,46.0,54.0
20220317222139,0.0,0.0,0.0,0.0,0.0,0.0,72.2,27.8
20220317222209,0.0,0.0,0.0,0.0,0.0,0.0,82.0,18.0
20220317222239,0.0,0.0,0.0,0.0,0.0,0.0,67.9,32.1
20220317222309,0.0,0.0,0.0,0.0,0.0,0.0,87.7,12.3
20220317222339,0.0,0.0,0.0,0.0,0.0,0.0,45.5,54.5
20220317222409,0.0,0.0,0.0,0.0,0.0,0.0,62.3,37.7
20220317222439,0.0,0.0,0.0,0.0,0.0,0.0,88.1,11.9
20220317222509,0.0,0.0,0.0,0.0,0.0,0.0,75.5,24.5
20220317222539,0.0,0.0,0.0,0.0,0.0,0.0,72.8,27.2
20220317222609,0.0,0.0,0.0,0.0,0.0,0.0,77.4,22.6
20220317222639,0.0,0.0,0.0,0.0,0.0,0.0,61.8,38.2
20220317222709,0.0,0.0,0.0,0.0,0.0,0.0,93.3,6.7
20220317222739,0.0,0.0,0.0,0.0,0.0,0.0,97.8,2.2
20220317222809,0.0,0.0,0.0,0.0,0.0,0.0,77.0,23.0
20220317222839,0.0,0.0,0.0,0.0,0.0,0.0,96.9,3.1
20220317222909,0.0,0.0,0.0,0.0,0.0,0.0,92.3,7.7
20220317222939,0.0,0.0,0.0,0.0,0.0,0.0,85.7,14.3
20220317223009,0.0,0.0,0.0,0.0,0.0,0.0,85.3,14.7
20220317223039,0.0,0.0,0.0,0.0,0.0,0.0,85.5,14.4
20220317223109,0.0,0.0,0.0,0.0,0.0,0.0,92.9,7.1
20220317223139,0.0,0.0,0.0,0.0,0.0,0.0,84.8,15.2
20220317223209,0.0,0.0,0.0,0.0,0.0,0.0,87.5,12.5
20220317223239,0.0,0.0,0.0,0.0,0.0,0.0,85.0,14.9
20220317223309,0.0,0.0,0.0,0.0,0.0,0.0,93.3,6.7
20220317223339,0.0,0.0,0.0,0.0,0.0,0.0,95.3,4.7
20220317223409,0.0,0.0,0.0,0.0,0.0,0.0,92.8,7.2
20220317223439,0.0,0.0,0.0,0.0,0.0,0.0,88.3,11.7
20220317223509,0.0,0.0,0.0,0.0,0.0,0.0,94.6,5.4
20220317223539,0.0,0.0,0.0,0.0,0.0,0.0,79.7,20.3
20220317223609,0.0,0.0,0.0,0.0,0.0,0.0,88.2,11.8
20220317223639,0.0,0.0,0.0,0.0,0.0,0.0,92.9,7.1
20220317223710,0.0,0.0,0.0,0.0,0.0,0.0,81.9,18.1
20220317223740,0.0,0.0,0.0,0.0,0.0,0.0,95.2,4.8
20220317223810,0.0,0.0,0.0,0.0,0.0,0.0,86.3,13.7
20220317223840,0.0,0.0,0.0,0.0,0.0,0.0,96.6,3.4
20220317223910,0.0,0.0,0.0,0.0,0.0,0.0,72.2,27.8
20220317223940,0.0,0.0,0.0,0.0,0.0,0.0,83.9,16.1
20220317224010,0.0,0.0,0.0,0.0,0.0,0.0,86.5,13.5
20220317224040,0.0,0.0,0.0,0.0,0.0,0.0,92.4,7.6
20220317224110,0.0,0.0,0.0,0.0,0.0,0.0,93.4,6.6
20220317224140,0.0,0.0,0.0,0.0,0.0,0.0,80.3,19.7
20220317224210,0.0,0.0,0.0,0.0,0.0,0.0,94.8,5.2
20220317224240,0.0,0.0,0.0,0.0,0.0,0.0,72.6,27.4
20220317224310,0.0,0.0,0.0,0.0,0.0,0.0,80.8,19.1
20220317224340,0.0,0.0,0.0,0.0,0.0,0.0,89.9,10.1
20220317224410,0.0,0.0,0.0,0.0,0.0,0.0,90.3,9.7
20220317224440,0.0,0.0,0.0,0.0,0.0,0.0,88.9,11.1
20220317224510,0.0,0.0,0.0,0.0,0.0,0.0,96.1,3.9
20220317224540,0.0,0.0,0.0,0.0,0.0,0.0,89.6,10.3
20220317224610,0.0,0.0,0.0,0.0,0.0,0.0,94.3,5.7
20220317224640,0.0,0.0,0.0,0.0,0.0,0.0,93.1,6.9
20220317224710,0.0,0.0,0.0,0.0,0.0,0.0,94.0,6.0
20220317224740,0.0,0.0,0.0,0.0,0.0,0.0,91.9,8.0
20220317224810,0.0,0.0,0.0,0.0,0.0,0.0,94.6,5.3
20220317224840,0.0,0.0,0.0,0.0,0.0,0.0,94.5,5.5
20220317224910,0.0,0.0,0.0,0.0,0.0,0.0,93.1,6.9
20220317224940,0.0,0.0,0.0,0.0,0.0,0.0,96.1,3.9
20220317225010,0.0,0.0,0.0,0.0,0.0,0.0,97.2,2.8
20220317225040,0.0,0.0,0.0,0.0,0.0,0.0,97.1,2.9
20220317225110,0.0,0.0,0.0,0.0,0.0,0.0,82.7,17.3
20220317225140,0.0,0.0,0.0,0.0,0.0,0.0,96.4,3.6
20220317225210,0.0,0.0,0.0,0.0,0.0,0.0,93.8,6.2
20220317225240,0.0,0.0,0.0,0.0,0.0,0.0,95.0,5.0
20220317225310,0.0,0.0,0.0,0.0,0.0,0.0,98.8,1.2
20220317225340,0.0,0.0,0.0,0.0,0.0,0.0,93.1,6.9
20220317225410,0.0,0.0,0.0,0.0,0.0,0.0,88.5,11.5
20220317225440,0.0,0.0,0.0,0.0,0.0,0.0,96.5,3.4
20220317225510,0.0,0.0,0.0,0.0,0.0,0.0,95.5,4.5
20220317225540,0.0,0.0,0.0,0.0,0.0,0.0,87.6,12.4
20220317225610,0.0,0.0,0.0,0.0,0.0,0.0,97.4,2.6
20220317225640,0.0,0.0,0.0,0.0,0.0,0.0,90.3,9.7
20220317225710,0.0,0.0,0.0,0.0,0.0,0.0,97.7,2.2
20220317225740,0.0,0.0,0.0,0.0,0.0,0.0,98.6,1.4
20220317225810,0.0,0.0,0.0,0.0,0.0,0.0,95.5,4.5
20220317225840,0.0,0.0,0.0,0.0,0.0,0.0,99.3,0.7
20220317225910,0.0,0.0,0.0,0.0,0.0,0.0,96.0,4.0
20220317225940,0.0,0.0,0.0,0.0,0.0,0.0,89.4,10.6
20220317230010,0.0,0.0,0.0,0.0,0.0,0.0,97.2,2.8
20220317230040,0.0,0.0,0.0,0.0,0.0,0.0,92.9,7.1
20220317230110,0.0,0.0,0.0,0.0,0.0,0.0,85.2,14.7
20220317230140,0.0,0.0,0.0,0.0,0.0,0.0,90.6,9.4
20220317230210,0.0,0.0,0.0,0.0,0.0,0.0,87.7,12.3
20220317230240,0.0,0.0,0.0,0.0,0.0,0.0,91.9,8.1
20220317230310,0.0,0.0,0.0,0.0,0.0,0.0,98.3,1.7
20220317230340,0.0,0.0,0.0,0.0,0.0,0.0,98.5,1.5
20220317230410,0.0,0.0,0.0,0.0,0.0,0.0,91.4,8.6
20220317230440,0.0,0.0,0.0,0.0,0.0,0.0,82.0,18.0
20220317230510,0.0,0.0,0.0,0.0,0.0,0.0,87.4,12.6
20220317230540,0.0,0.0,0.0,0.0,0.0,0.0,95.6,4.4
20220317230610,0.0,0.0,0.0,0.0,0.0,0.0,85.5,14.5
20220317230640,0.0,0.0,0.0,0.0,0.0,0.0,95.3,4.7
20220317230710,0.0,0.0,0.0,0.0,0.0,0.0,96.8,3.2
20220317230740,0.0,0.0,0.0,0.0,0.0,0.0,92.9,7.1
20220317230810,0.0,0.0,0.0,0.0,0.0,0.0,66.1,33.8
20220317230840,0.0,0.0,0.0,0.0,0.0,0.0,94.0,6.0
20220317230910,0.0,0.0,0.0,0.0,0.0,0.0,82.2,17.8
20220317230940,0.0,0.0,0.0,0.0,0.0,0.0,91.9,8.1
20220317231010,0.0,0.0,0.0,0.0,0.0,0.0,91.7,8.3
20220317231040,0.0,0.0,0.0,0.0,0.0,0.0,74.5,25.5
20220317231111,0.0,0.0,0.0,0.0,0.0,0.0,96.3,3.7
20220317231141,0.0,0.0,0.0,0.0,0.0,0.0,94.0,6.0
20220317231211,0.0,0.0,0.0,0.0,0.0,0.0,89.6,10.4
20220317231241,0.0,0.0,0.0,0.0,0.0,0.0,92.7,7.3
20220317231311,0.0,0.0,0.0,0.0,0.0,0.0,86.9,13.1
20220317231341,0.0,0.0,0.0,0.0,0.0,0.0,83.2,16.8
20220317231411,0.0,0.0,0.0,0.0,0.0,0.0,94.8,5.2
20220317231441,0.0,0.0,0.0,0.0,0.0,0.0,96.7,3.3
20220317231511,0.0,0.0,0.0,0.0,0.0,0.0,86.3,13.7
20220317231541,0.0,0.0,0.0,0.0,0.0,0.0,80.1,19.9
20220317231611,0.0,0.0,0.0,0.0,0.0,0.0,94.8,5.1
20220317231641,0.0,0.0,0.0,0.0,0.0,0.0,90.7,9.3
20220317231711,0.0,0.0,0.0,0.0,0.0,0.0,80.9,19.1
20220317231741,0.0,0.0,0.0,0.0,0.0,0.0,93.6,6.4
20220317231811,0.0,0.0,0.0,0.0,0.0,0.0,98.9,1.1
20220317231841,0.0,0.0,0.0,0.0,0.0,0.0,91.4,8.6
20220317231911,0.0,0.0,0.0,0.0,0.0,0.0,91.0,9.0
20220317231941,0.0,0.0,0.0,0.0,0.0,0.0,80.2,19.8
20220317232011,0.0,0.0,0.0,0.0,0.0,0.0,80.4,19.6
20220317232041,0.0,0.0,0.0,0.0,0.0,0.0,72.2,27.8
20220317232111,0.0,0.0,0.0,0.0,0.0,0.0,73.1,26.9
20220317232141,0.0,0.0,0.0,0.0,0.0,0.0,76.7,23.3
20220317232211,0.0,0.0,0.0,0.0,0.0,0.0,72.6,27.4
20220317232241,0.0,0.0,0.0,0.0,0.0,0.0,56.6,43.4
20220317232311,0.0,0.0,0.0,0.0,0.0,0.0,96.1,3.9
20220317232341,0.0,0.0,0.0,0.0,0.0,0.0,61.5,38.4
20220317232411,0.0,0.0,0.0,0.0,0.0,0.0,83.3,16.7
20220317232441,0.0,0.0,0.0,0.0,0.0,0.0,92.5,7.5
20220317232511,0.0,0.0,0.0,0.0,0.0,0.0,75.6,24.3
20220317232541,0.0,0.0,0.0,0.0,0.0,0.0,86.6,13.4
20220317232611,0.0,0.0,0.0,0.0,0.0,0.0,89.8,10.2
20220317232641,0.0,0.0,0.0,0.0,0.0,0.0,71.1,28.9
20220317232711,0.0,0.0,0.0,0.0,0.0,0.0,70.4,29.5
20220317232741,0.0,0.0,0.0,0.0,0.0,0.0,87.5,12.5
20220317232811,0.0,0.0,0.0,0.0,0.0,0.0,54.5,45.5
20220317232841,0.0,0.0,0.0,0.0,0.0,0.0,65.4,34.6
20220317232911,0.0,0.0,0.0,0.0,0.0,0.0,74.6,25.4
20220317232941,0.0,0.0,0.0,0.0,0.0,0.0,57.8,42.1
20220317233011,0.0,0.0,0.0,0.0,0.0,0.0,66.1,33.9
20220317233041,0.0,0.0,0.0,0.0,0.0,0.0,53.0,47.0
20220317233111,0.0,0.0,0.0,0.0,0.0,0.0,59.0,41.0
20220317233141,0.0,0.0,0.0,0.0,0.0,0.0,90.5,9.5
20220317233211,0.0,0.0,0.0,0.0,0.0,0.0,67.1,32.9
20220317233241,0.0,0.0,0.0,0.0,0.0,0.0,82.5,17.5
20220317233311,0.0,0.0,0.0,0.0,0.0,0.0,29.1,70.9
20220317233341,0.0,0.0,0.0,0.0,0.0,0.0,47.3,52.7
20220317233411,0.0,0.0,0.0,0.0,0.0,0.0,23.5,76.5
20220317233441,0.0,0.0,0.0,0.0,0.0,0.0,33.4,66.6
20220317233511,0.0,0.0,0.0,0.0,0.0,0.0,14.0,85.9
20220317233541,0.0,0.0,0.0,0.0,0.0,0.0,48.9,51.1
20220317233611,0.0,0.0,0.0,0.0,0.0,0.0,49.4,50.6
20220317233641,0.0,0.0,0.0,0.0,0.0,0.0,16.7,83.3
20220317233711,0.0,0.0,0.0,0.0,0.0,0.0,38.2,61.8
20220317233741,0.0,0.0,0.0,0.0,0.0,0.0,25.4,74.6
20220317233811,0.0,0.0,0.0,0.0,0.0,0.0,24.7,75.3
20220317233842,0.0,0.0,0.0,0.0,0.0,0.0,72.7,27.2
20220317233912,0.0,0.0,0.0,0.0,0.0,0.0,10.0,90.0
20220317233942,0.0,0.0,0.0,0.0,0.0,0.0,25.5,74.5
20220317234012,0.0,0.0,0.0,0.0,0.0,0.0,49.9,50.1
20220317234042,0.0,0.0,0.0,0.0,0.0,0.0,35.0,65.0
20220317234112,0.0,0.0,0.0,0.0,0.0,0.0,9.9,90.1
20220317234142,0.0,0.0,0.0,0.0,0.0,0.0,32.7,67.3
20220317234212,0.0,0.0,0.0,0.0,0.0,0.0,5.2,94.8
20220317234242,0.0,0.0,0.0,0.0,0.0,0.0,9.9,90.1
20220317234312,0.0,0.0,0.0,0.0,0.0,0.0,19.8,80.1
20220317234342,0.0,0.0,0.0,0.0,0.0,0.0,40.3,59.7
20220317234412,0.0,0.0,0.0,0.0,0.0,0.0,17.8,82.2
20220317234442,0.0,0.0,0.0,0.0,0.0,0.0,16.3,83.7
20220317234512,0.0,0.0,0.0,0.0,0.0,0.0,30.0,70.0
20220317234542,0.0,0.0,0.0,0.0,0.0,0.0,12.4,87.6
20220317234612,0.0,0.0,0.0,0.0,0.0,0.0,17.3,82.7
20220317234642,0.0,0.0,0.0,0.0,0.0,0.0,9.6,90.4
20220317234712,0.0,0.0,0.0,0.0,0.0,0.0,39.5,60.5
20220317234742,0.0,0.0,0.0,0.0,0.0,0.0,4.3,95.7
20220317234812,0.0,0.0,0.0,0.0,0.0,0.0,5.7,94.2
20220317234842,0.0,0.0,0.0,0.0,0.0,0.0,7.3,92.7
20220317234912,0.0,0.0,0.0,0.0,0.0,0.0,6.3,93.7
20220317234942,0.0,0.0,0.0,0.0,0.0,0.0,5.0,94.9
20220317235012,0.0,0.0,0.0,0.0,0.0,0.0,59.4,40.6
20220317235042,0.0,0.0,0.0,0.0,0.0,0.0,11.0,89.0
20220317235112,0.0,0.0,0.0,0.0,0.0,0.0,18.5,81.5
20220317235142,0.0,0.0,0.0,0.0,0.0,0.0,50.9,49.1
20220317235212,0.0,0.0,0.0,0.0,0.0,0.0,45.0,55.0
20220317235242,0.0,0.0,0.0,0.0,0.0,0.0,48.3,51.6
20220317235312,0.0,0.0,0.0,0.0,0.0,0.0,13.8,86.2
20220317235342,0.0,0.0,0.0,0.0,0.0,0.0,44.3,55.7
20220317235412,0.0,0.0,0.0,0.0,0.0,0.0,10.9,89.1
20220317235442,0.0,0.0,0.0,0.0,0.0,0.0,13.2,86.8
20220317235512,0.0,0.0,0.0,0.0,0.0,0.0,20.4,79.6
20220317235542,0.0,0.0,0.0,0.0,0.0,0.0,31.3,68.7
20220317235612,0.0,0.0,0.0,0.0,0.0,0.0,34.8,65.2
20220317235642,0.0,0.0,0.0,0.0,0.0,0.0,48.1,51.9
20220317235712,0.0,0.0,0.0,0.0,0.0,0.0,28.7,71.2
20220317235742,0.0,0.0,0.0,0.0,0.0,0.0,47.8,52.2
20220317235812,0.0,0.0,0.0,0.0,0.0,0.0,21.2,78.8
20220317235842,0.0,0.0,0.0,0.0,0.0,0.0,18.0,81.9
20220317235912,0.0,0.0,0.0,0.0,0.0,0.0,39.1,60.9
20220317235942,0.0,0.0,0.0,0.0,0.0,0.0,23.7,76.3
20220318000012,0.0,0.0,0.0,0.0,0.0,0.0,12.8,87.2
20220318000042,0.0,0.0,0.0,0.0,0.0,0.0,16.0,84.0
20220318000112,0.0,0.0,0.0,0.0,0.0,0.0,7.8,92.2
20220318000142,0.0,0.0,0.0,0.0,0.0,0.0,10.0,90.0
20220318000212,0.0,0.0,0.0,0.0,0.0,0.0,15.8,84.2
20220318000242,0.0,0.0,0.0,0.0,0.0,0.0,44.0,56.0
20220318000312,0.0,0.0,0.0,0.0,0.0,0.0,8.7,91.3
20220318000342,0.0,0.0,0.0,0.0,0.0,0.0,8.3,91.7
20220318000412,0.0,0.0,0.0,0.0,0.0,0.0,2.7,97.3
20220318000442,0.0,0.0,0.0,0.0,0.0,0.0,5.7,94.3
20220318000512,0.0,0.0,0.0,0.0,0.0,0.0,12.6,87.4
20220318000542,0.0,0.0,0.0,0.0,0.0,0.0,7.0,93.0
20220318000612,0.0,0.0,0.0,0.0,0.0,0.0,10.1,89.9
20220318000642,0.0,0.0,0.0,0.0,0.0,0.0,9.1,90.9
20220318000712,0.0,0.0,0.0,0.0,0.0,0.0,8.3,91.7
20220318000742,0.0,0.0,0.0,0.0,0.0,0.0,8.7,91.3
20220318000812,0.0,0.0,0.0,0.0,0.0,0.0,11.8,88.1
20220318000842,0.0,0.0,0.0,0.0,0.0,0.0,20.1,79.9
20220318000912,0.0,0.0,0.0,0.0,0.0,0.0,24.7,75.3
20220318000942,0.0,0.0,0.0,0.0,0.0,0.0,29.6,70.3
20220318001012,0.0,0.0,0.0,0.0,0.0,0.0,8.3,91.7
20220318001042,0.0,0.0,0.0,0.0,0.0,0.0,11.9,88.1
20220318001112,0.0,0.0,0.0,0.0,0.0,0.0,29.3,70.7
20220318001142,0.0,0.0,0.0,0.0,0.0,0.0,15.7,84.3
20220318001212,0.0,0.0,0.0,0.0,0.0,0.0,19.2,80.8
20220318001243,0.0,0.0,0.0,0.0,0.0,0.0,49.7,50.3
20220318001313,0.0,0.0,0.0,0.0,0.0,0.0,11.4,88.6
20220318001343,0.0,0.0,0.0,0.0,0.0,0.0,11.4,88.6
20220318001413,0.0,0.0,0.0,0.0,0.0,0.0,10.7,89.2
20220318001443,0.0,0.0,0.0,0.0,0.0,0.0,8.4,91.6
20220318001513,0.0,0.0,0.0,0.0,0.0,0.0,60.6,39.4
20220318001543,0.0,0.0,0.0,0.0,0.0,0.0,20.5,79.5
20220318001613,0.0,0.0,0.0,0.0,0.0,0.0,4.3,95.7
20220318001643,0.0,0.0,0.0,0.0,0.0,0.0,13.1,86.9
20220318001713,0.0,0.0,0.0,0.0,0.0,0.0,8.6,91.3
20220318001743,0.0,0.0,0.0,0.0,0.0,0.0,16.9,83.1
20220318001813,0.0,0.0,0.0,0.0,0.0,0.0,7.9,92.1
20220318001843,0.0,0.0,0.0,0.0,0.0,0.0,30.6,69.4
20220318001913,0.0,0.0,0.0,0.0,0.0,0.0,38.6,61.4
20220318001943,0.0,0.0,0.0,0.0,0.0,0.0,20.6,79.4
20220318002013,0.0,0.0,0.0,0.0,0.0,0.0,43.1,56.9
20220318002043,0.0,0.0,0.0,0.0,0.0,0.0,27.9,72.1
20220318002113,0.0,0.0,0.0,0.0,0.0,0.0,23.1,76.9
20220318002143,0.0,0.0,0.0,0.0,0.0,0.0,15.9,84.1
20220318002213,0.0,0.0,0.0,0.0,0.0,0.0,15.7,84.3
20220318002243,0.0,0.0,0.0,0.0,0.0,0.0,41.7,58.3
20220318002313,0.0,0.0,0.0,0.0,0.0,0.0,23.1,76.9
20220318002343,0.0,0.0,0.0,0.0,0.0,0.0,15.4,84.6
20220318002413,0.0,0.0,0.0,0.0,0.0,0.0,37.1,62.9
20220318002443,0.0,0.0,0.0,0.0,0.0,0.0,50.6,49.4
20220318002513,0.0,0.0,0.0,0.0,0.0,0.0,55.5,44.5
20220318002543,0.0,0.0,0.0,0.0,0.0,0.0,42.7,57.3
20220318002613,0.0,0.0,0.0,0.0,0.0,0.0,55.5,44.5
20220318002643,0.0,0.0,0.0,0.0,0.0,0.0,48.2,51.7
20220318002713,0.0,0.0,0.0,0.0,0.0,0.0,50.5,49.5
20220318002743,0.0,0.0,0.0,0.0,0.0,0.0,60.1,39.9
20220318002813,0.0,0.0,0.0,0.0,0.0,0.0,74.8,25.2
