UT,arc,discrete,diffuse,ac,ab,clear,cloudy,dd
20221230131900,0.0,0.0,0.0,0.0,0.0,0.0,0.0,100.0
20221230131930,0.0,0.0,0.0,0.0,0.0,0.0,0.0,100.0
20221230132000,0.0,0.0,0.0,0.0,0.0,0.0,0.0,100.0
20221230132030,0.0,0.0,0.0,0.0,0.0,0.0,0.0,100.0
20221230132100,0.0,0.0,0.0,0.0,0.0,0.0,0.0,100.0
20221230132130,0.0,0.0,0.0,0.0,0.0,0.0,0.0,100.0
20221230132200,0.0,0.0,0.0,0.0,0.0,0.0,0.0,100.0
20221230132230,0.0,0.0,0.0,0.0,0.0,0.0,0.0,100.0
20221230132300,0.0,0.0,0.0,0.0,0.0,0.0,0.0,100.0
20221230132330,0.0,0.0,0.0,0.0,0.0,0.0,0.0,100.0
20221230132400,0.0,0.0,0.0,0.0,0.0,0.0,0.0,100.0
20221230132430,0.0,0.0,0.0,0.0,0.0,0.0,0.0,100.0
20221230132500,0.0,0.0,0.0,0.0,0.0,0.0,0.0,100.0
20221230132530,0.0,0.0,0.0,0.0,0.0,0.0,0.0,100.0
20221230132600,0.0,0.0,0.0,0.0,0.0,0.0,0.0,100.0
20221230132630,0.0,0.0,0.0,0.0,0.0,0.0,0.0,100.0
20221230132700,0.0,0.0,0.0,0.0,0.0,0.0,0.0,100.0
20221230132730,0.0,0.0,0.0,0.0,0.0,0.0,0.0,100.0
20221230132800,0.0,0.0,0.0,0.0,0.0,0.0,0.0,100.0
20221230132830,0.0,0.0,0.0,0.0,0.0,0.0,0.0,100.0
20221230132900,0.0,0.0,0.0,0.0,0.0,0.0,0.0,100.0
20221230132930,0.0,0.0,0.0,0.0,0.0,0.0,0.0,100.0
20221230133000,0.0,0.0,0.0,0.0,0.0,0.0,0.0,100.0
20221230133030,0.0,0.0,0.0,0.0,0.0,0.0,0.0,100.0
20221230133100,0.0,0.0,0.0,0.0,0.0,0.0,0.0,100.0
20221230133130,0.0,0.0,0.0,0.0,0.0,0.0,0.0,100.0
20221230133200,0.0,0.0,0.0,0.0,0.0,0.0,0.0,100.0
20221230133230,0.0,0.0,0.0,0.0,0.0,0.0,0.0,100.0
20221230133300,0.0,0.0,0.0,0.0,0.0,0.0,0.0,100.0
20221230133330,0.0,0.0,0.0,0.0,0.0,0.0,0.0,100.0
20221230133400,0.0,0.0,0.0,0.0,0.0,0.0,0.0,100.0
20221230133430,0.0,0.0,0.0,0.0,0.0,0.0,0.0,100.0
20221230133500,0.0,0.0,0.0,0.0,0.0,0.0,0.0,100.0
20221230133530,0.0,0.0,0.0,0.0,0.0,0.0,0.0,100.0
20221230133600,0.0,0.0,0.0,0.0,0.0,0.0,0.0,100.0
20221230133630,0.0,0.0,0.0,0.0,0.0,0.0,0.0,100.0
20221230133700,0.0,0.0,0.0,0.0,0.0,0.0,0.0,100.0
20221230133730,0.0,0.0,0.0,0.0,0.0,0.0,0.0,100.0
20221230133800,0.0,0.0,0.0,0.0,0.0,0.0,0.0,100.0
20221230133830,0.0,0.0,0.0,0.0,0.0,0.0,0.0,100.0
20221230133900,0.0,0.0,0.0,0.0,0.0,0.0,0.0,100.0
20221230133930,0.0,0.0,0.0,0.0,0.0,0.0,0.0,100.0
20221230134000,0.0,0.0,0.0,0.0,0.0,0.0,0.0,100.0
20221230134030,0.0,0.0,0.0,0.0,0.0,0.0,0.0,100.0
20221230134100,0.0,0.0,0.0,0.0,0.0,0.0,0.0,100.0
20221230134130,0.0,0.0,0.0,0.0,0.0,0.0,0.0,100.0
20221230134200,0.0,0.0,0.0,0.0,0.0,0.0,0.0,100.0
20221230134230,0.0,0.0,0.0,0.0,0.0,0.0,0.0,100.0
20221230134300,0.0,0.0,0.0,0.0,0.0,0.0,0.0,100.0
20221230134330,0.0,0.0,0.0,0.0,0.0,0.0,0.0,100.0
20221230134400,0.0,0.0,0.0,0.0,0.0,0.0,0.0,100.0
20221230134430,0.0,0.0,0.0,0.0,0.0,0.0,0.0,100.0
20221230134500,0.0,0.0,0.0,0.0,0.0,0.0,0.0,100.0
20221230134530,0.0,0.0,0.0,0.0,0.0,0.0,0.0,100.0
20221230134600,0.0,0.0,0.0,0.0,0.0,0.0,0.0,100.0
20221230134630,0.0,0.0,0.0,0.0,0.0,0.0,0.0,100.0
20221230134700,0.0,0.0,0.0,0.0,0.0,0.0,0.0,100.0
20221230134730,0.0,0.0,0.0,0.0,0.0,0.0,0.0,100.0
20221230134800,0.0,0.0,0.0,0.0,0.0,0.0,0.0,100.0
20221230134830,0.0,0.0,0.0,0.0,0.0,0.0,0.0,100.0
20221230134900,0.0,0.0,0.0,0.0,0.0,0.0,0.0,100.0
20221230134930,0.0,0.0,0.0,0.0,0.0,0.0,0.0,100.0
20221230135000,0.0,0.0,0.0,0.0,0.0,0.0,0.0,100.0
20221230135030,0.0,0.0,0.0,0.0,0.0,0.0,0.0,100.0
20221230135100,0.0,0.0,0.0,0.0,0.0,0.0,0.0,100.0
20221230135130,0.0,0.0,0.0,0.0,0.0,0.0,0.0,100.0
20221230135200,0.0,0.0,0.0,0.0,0.0,0.0,0.0,100.0
20221230135231,0.0,0.0,0.0,0.0,0.0,0.0,0.0,100.0
20221230135301,0.0,0.0,0.0,0.0,0.0,0.0,0.0,100.0
20221230135331,0.0,0.0,0.0,0.0,0.0,0.0,0.0,100.0
20221230135401,0.0,0.0,0.0,0.0,0.0,0.0,0.0,100.0
20221230135431,0.0,0.0,0.0,0.0,0.0,0.0,0.0,100.0
20221230135501,0.0,0.0,0.0,0.0,0.0,0.0,0.0,100.0
20221230135531,0.0,0.0,0.0,0.0,0.0,0.0,0.0,100.0
20221230135601,0.0,0.0,0.0,0.0,0.0,0.0,0.0,100.0
20221230135631,0.0,0.0,0.0,0.0,0.0,0.0,0.0,100.0
20221230135701,0.0,0.0,0.0,0.0,0.0,0.0,0.0,100.0
20221230135731,0.0,0.0,0.0,0.0,0.0,0.0,0.0,100.0
20221230135801,0.0,0.0,0.0,0.0,0.0,0.0,0.0,100.0
20221230135831,0.0,0.0,0.0,0.0,0.0,0.0,0.0,100.0
20221230135901,0.0,0.0,0.0,0.0,0.0,0.0,0.0,100.0
20221230135931,0.0,0.0,0.0,0.0,0.0,0.0,0.0,100.0
20221230140001,0.0,0.0,0.0,0.0,0.0,0.0,0.0,100.0
20221230140031,0.0,0.0,0.0,0.0,0.0,0.0,0.0,100.0
20221230140101,0.0,0.0,0.0,0.0,0.0,0.0,0.0,100.0
20221230140131,0.0,0.0,0.0,0.0,0.0,0.0,0.0,100.0
20221230140201,0.0,0.0,0.0,0.0,0.0,0.0,0.0,100.0
20221230140231,0.0,0.0,0.0,0.0,0.0,0.0,0.0,100.0
20221230140301,0.0,0.0,0.0,0.0,0.0,0.0,0.0,100.0
20221230140331,0.0,0.0,0.0,0.0,0.0,0.0,0.0,100.0
20221230140401,0.0,0.0,0.0,0.0,0.0,0.0,0.0,100.0
20221230140431,0.0,0.0,0.0,0.0,0.0,0.0,0.0,100.0
20221230140501,0.0,0.0,0.0,0.0,0.0,0.0,0.0,100.0
20221230140531,0.0,0.0,0.0,0.0,0.0,0.0,0.0,100.0
20221230140601,0.0,0.0,0.0,0.0,0.0,0.0,0.0,100.0
20221230140631,0.0,0.0,0.0,0.0,0.0,0.0,0.0,100.0
20221230140701,0.0,0.0,0.0,0.0,0.0,0.0,0.0,100.0
20221230140731,0.0,0.0,0.0,0.0,0.0,0.0,0.0,100.0
20221230140801,0.0,0.0,0.0,0.0,0.0,0.0,0.0,100.0
20221230140831,0.0,0.0,0.0,0.0,0.0,0.0,0.0,100.0
20221230140901,0.0,0.0,0.0,0.0,0.0,0.0,0.0,100.0
20221230140931,0.0,0.0,0.0,0.0,0.0,0.0,0.0,100.0
20221230141001,0.0,0.0,0.0,0.0,0.0,0.0,0.0,100.0
20221230141031,0.0,0.0,0.0,0.0,0.0,0.0,0.0,100.0
20221230141101,0.0,0.0,0.0,0.0,0.0,0.0,0.0,100.0
20221230141131,0.0,0.0,0.0,0.0,0.0,0.0,0.0,100.0
20221230141201,0.0,0.0,0.0,0.0,0.0,0.0,0.0,100.0
20221230141231,0.0,0.0,0.0,0.0,0.0,0.0,0.0,100.0
20221230141301,0.0,0.0,0.0,0.0,0.0,0.0,0.0,100.0
20221230141331,0.0,0.0,0.0,0.0,0.0,0.0,0.0,100.0
20221230141401,0.0,0.0,0.0,0.0,0.0,0.0,0.0,100.0
20221230141431,0.0,0.0,0.0,0.0,0.0,0.0,0.0,100.0
20221230141501,0.0,0.0,0.0,0.0,0.0,0.0,0.0,100.0
20221230141531,0.0,0.0,0.0,0.0,0.0,0.0,0.0,100.0
20221230141601,0.0,0.0,0.0,0.0,0.0,0.0,0.0,100.0
20221230141631,0.0,0.0,0.0,0.0,0.0,0.0,0.0,100.0
20221230141701,0.0,0.0,0.0,0.0,0.0,0.0,0.0,100.0
20221230141731,0.0,0.0,0.0,0.0,0.0,0.0,0.0,100.0
20221230141801,0.0,0.0,0.0,0.0,0.0,0.0,0.0,100.0
20221230141831,0.0,0.0,0.0,0.0,0.0,0.0,0.0,99.9
20221230142031,0.0,0.0,0.0,0.0,0.0,0.0,0.0,100.0
20221230142102,0.0,0.0,0.0,0.0,0.0,0.0,0.0,100.0
20221230142132,0.0,0.0,0.0,0.0,0.0,0.0,0.0,100.0
20221230142202,0.0,0.0,0.0,0.0,0.0,0.0,0.0,100.0
20221230142232,0.0,0.0,0.0,0.0,0.0,0.0,0.0,100.0
20221230142302,0.0,0.0,0.0,0.0,0.0,0.0,0.0,100.0
20221230142332,0.0,0.0,0.0,0.0,0.0,0.0,0.0,100.0
20221230142402,0.0,0.0,0.0,0.0,0.0,0.0,0.0,100.0
20221230142432,0.0,0.0,0.0,0.0,0.0,0.0,0.0,100.0
20221230142502,0.0,0.0,0.0,0.0,0.0,0.0,0.0,100.0
20221230142532,0.0,0.0,0.0,0.0,0.0,0.0,0.0,100.0
20221230142602,0.0,0.0,0.0,0.0,0.0,0.0,0.0,100.0
20221230142632,0.0,0.0,0.0,0.0,0.0,0.0,0.0,100.0
20221230142702,0.0,0.0,0.0,0.0,0.0,0.0,0.0,100.0
20221230142732,0.0,0.0,0.0,0.0,0.0,0.0,0.0,100.0
20221230142802,0.0,0.0,0.0,0.0,0.0,0.0,0.0,100.0
20221230142832,0.0,0.0,0.0,0.0,0.0,0.0,0.1,99.9
20221230142902,0.0,0.0,0.0,0.0,0.0,0.0,0.2,99.8
20221230142932,0.0,0.0,0.0,0.0,0.0,0.0,0.6,99.4
20221230143002,0.0,0.0,0.0,0.0,0.0,0.0,2.7,97.3
20221230143032,0.0,0.0,0.0,0.0,0.0,0.0,6.2,93.7
20221230143102,0.0,0.0,0.0,0.0,0.1,0.0,2.1,97.8
20221230143132,0.0,0.0,0.0,0.0,0.1,0.0,21.7,78.2
20221230143202,0.0,0.0,0.0,0.0,0.1,0.0,33.7,66.2
20221230143232,0.0,0.0,0.0,0.0,0.2,0.0,28.3,71.5
20221230143302,0.0,0.0,0.0,0.1,0.4,0.0,27.2,72.3
20221230143332,0.0,0.0,0.0,0.0,0.0,0.0,80.0,19.9
20221230143402,0.0,0.0,0.0,0.0,0.1,0.0,58.3,41.6
20221230143432,0.0,0.0,0.0,0.0,0.0,0.0,3.0,97.0
20221230143502,0.0,0.0,0.0,0.0,0.0,0.0,0.3,99.7
20221230143532,0.0,0.0,0.0,0.0,0.0,0.0,21.7,78.3
20221230143602,0.0,0.0,0.0,0.0,0.0,0.0,62.5,37.5
20221230143632,0.0,0.0,0.0,0.0,0.2,0.0,73.4,26.4
20221230143702,0.0,0.0,0.0,0.0,0.0,0.0,0.0,100.0
20221230143732,0.0,0.0,0.0,0.0,0.0,0.0,4.2,95.8
20221230143802,0.0,0.0,0.0,0.0,0.4,0.0,36.5,63.1
20221230143832,0.0,0.0,0.0,0.0,0.2,0.0,33.5,66.3
20221230143902,0.0,0.0,0.0,0.1,0.5,0.0,41.7,57.8
20221230143932,0.0,0.0,0.0,0.0,0.1,0.0,94.4,5.5
20221230144002,0.0,0.0,0.0,0.0,0.3,0.0,85.2,14.4
20221230144032,0.0,0.0,0.0,0.0,0.7,0.0,0.1,99.1
20221230144102,0.0,0.0,0.0,0.0,2.8,0.0,5.4,91.8
20221230144132,0.0,0.0,0.0,0.0,3.4,0.0,43.6,53.0
20221230144202,0.0,0.0,0.0,0.0,10.2,0.0,54.2,35.6
20221230144232,0.0,0.0,0.0,0.0,1.2,0.0,96.0,2.8
20221230144302,0.0,0.0,0.0,0.0,0.3,0.0,99.5,0.2
20221230144332,0.0,0.0,0.0,0.0,0.1,0.0,99.8,0.2
20221230144402,0.0,0.0,0.0,0.0,0.1,0.0,99.8,0.1
20221230144432,0.0,0.0,0.0,0.0,0.5,0.0,94.6,4.9
20221230144502,0.0,0.0,0.0,0.0,0.1,0.0,99.8,0.1
20221230144532,0.0,0.0,0.0,0.0,0.0,0.0,100.0,0.0
20221230144602,0.0,0.0,0.0,0.0,0.0,0.0,99.4,0.5
20221230144632,0.0,0.0,0.0,0.0,0.1,0.0,11.0,88.9
20221230144702,0.0,0.0,0.0,0.0,0.0,0.0,0.5,99.5
20221230144732,0.0,0.0,0.0,0.0,0.0,0.0,0.5,99.5
20221230144802,0.0,0.0,0.0,0.0,0.0,0.0,0.5,99.5
20221230144832,0.0,0.0,0.0,0.0,0.0,0.0,0.4,99.6
20221230144902,0.0,0.0,0.0,0.0,0.0,0.0,0.8,99.2
20221230144932,0.0,0.0,0.0,0.0,0.0,0.0,0.3,99.7
20221230145002,0.0,0.0,0.0,0.0,0.0,0.0,0.0,100.0
20221230145032,0.0,0.0,0.0,0.0,0.0,0.0,0.0,100.0
20221230145102,0.0,0.0,0.0,0.0,0.0,0.0,0.0,100.0
20221230145132,0.0,0.0,0.0,0.0,0.0,0.0,0.0,100.0
20221230145202,0.0,0.0,0.0,0.0,0.0,0.0,0.0,100.0
20221230145232,0.0,0.0,0.0,0.0,0.0,0.0,0.0,100.0
20221230145302,0.0,0.0,0.0,0.0,0.0,0.0,0.1,99.9
20221230145332,0.0,0.0,0.0,0.0,0.0,0.0,2.5,97.5
20221230145402,0.0,0.0,0.0,0.0,0.0,0.0,0.7,99.3
20221230145433,0.0,0.0,0.0,0.0,0.0,0.0,4.3,95.7
20221230145503,0.0,0.0,0.0,0.0,0.0,0.0,0.2,99.8
20221230145533,0.0,0.0,0.0,0.0,0.0,0.0,0.4,99.6
20221230145603,0.0,0.0,0.0,0.0,0.0,0.0,1.6,98.4
20221230145633,0.0,0.0,0.0,0.0,0.0,0.0,17.6,82.4
20221230145703,0.0,0.0,0.0,0.0,0.0,0.0,0.1,99.9
20221230145733,0.0,0.0,0.0,0.0,0.0,0.0,0.3,99.7
20221230145803,0.0,0.0,0.0,0.0,0.0,0.0,3.5,96.5
20221230145833,0.0,0.0,0.0,0.0,0.0,0.0,3.9,96.1
20221230145903,0.0,0.0,0.0,0.0,0.0,0.0,1.5,98.5
20221230145933,0.0,0.0,0.0,0.0,0.0,0.0,0.0,100.0
20221230150003,0.0,0.0,0.0,0.0,0.0,0.0,0.1,99.9
20221230150033,0.0,0.0,0.0,0.0,0.0,0.0,0.1,99.9
20221230150103,0.0,0.0,0.0,0.0,0.0,0.0,10.6,89.4
20221230150133,0.0,0.0,0.0,0.0,0.0,0.0,1.6,98.4
20221230150203,0.0,0.0,0.0,0.0,0.0,0.0,2.1,97.9
20221230150233,0.0,0.0,0.0,0.0,0.0,0.0,96.8,3.2
20221230150303,0.0,0.0,0.0,0.0,0.0,0.0,99.9,0.1
20221230150333,0.0,0.0,0.0,0.0,0.0,0.0,100.0,0.0
20221230150403,0.0,0.0,0.0,0.0,0.0,0.0,100.0,0.0
20221230150433,0.0,0.0,0.0,0.0,0.0,0.0,100.0,0.0
20221230150503,0.0,0.0,0.0,0.0,0.0,0.0,100.0,0.0
20221230150533,0.0,0.0,0.0,0.0,0.0,0.0,100.0,0.0
20221230150603,0.0,0.0,0.0,0.0,0.0,0.0,100.0,0.0
20221230150633,0.0,0.0,0.0,0.0,0.0,0.0,100.0,0.0
20221230150703,0.0,0.0,0.0,0.0,0.0,0.0,100.0,0.0
20221230150733,0.0,0.0,0.0,0.0,0.0,0.0,100.0,0.0
20221230150803,0.0,0.0,0.0,0.0,0.0,0.0,100.0,0.0
20221230150833,0.0,0.0,0.0,0.0,0.0,0.0,100.0,0.0
20221230150903,0.0,0.0,0.0,0.0,0.0,0.0,100.0,0.0
20221230150933,0.0,0.0,0.0,0.0,0.0,0.0,100.0,0.0
20221230151003,0.0,0.0,0.0,0.0,0.0,0.0,100.0,0.0
20221230151033,0.0,0.0,0.0,0.0,0.2,0.0,99.8,0.0
20221230151103,0.0,0.0,0.0,0.0,0.3,0.0,99.7,0.0
20221230151133,0.0,0.0,0.0,0.0,0.0,0.0,100.0,0.0
20221230151203,0.0,0.0,0.0,0.0,0.1,0.0,99.9,0.0
20221230151233,0.0,0.0,0.0,0.1,0.3,0.0,99.6,0.0
20221230151303,0.0,0.0,0.0,0.1,1.3,0.0,98.5,0.1
20221230151333,0.0,0.0,0.0,0.1,1.8,0.0,98.0,0.1
20221230151403,0.0,0.0,0.0,0.2,1.0,0.0,98.7,0.0
20221230151433,0.0,0.0,0.0,0.3,1.0,0.0,98.7,0.0
20221230151503,0.0,0.0,0.0,0.1,0.2,0.0,99.7,0.0
20221230151533,0.0,0.0,0.0,0.2,0.6,0.0,99.2,0.0
20221230151603,0.0,0.0,0.0,0.2,0.5,0.0,99.2,0.0
20221230151633,0.0,0.0,0.0,0.1,0.1,0.0,99.8,0.0
20221230151703,0.0,0.0,0.0,0.3,0.3,0.0,99.4,0.0
20221230151733,0.0,0.0,0.0,2.6,2.4,0.0,94.9,0.1
20221230151803,0.0,0.0,0.0,2.3,7.1,0.0,90.4,0.2
20221230151833,0.0,0.0,0.0,0.2,0.3,0.0,99.4,0.0
20221230151903,0.0,0.0,0.0,0.4,0.1,0.0,99.5,0.0
20221230151933,0.0,0.0,0.0,0.1,0.1,0.0,99.8,0.0
20221230152003,0.0,0.0,0.0,0.8,1.5,0.0,97.6,0.1
20221230152033,0.0,0.0,0.0,0.6,1.2,0.0,97.4,0.9
20221230152103,0.0,0.0,0.0,0.5,0.7,0.0,98.6,0.2
20221230152133,0.0,0.0,0.0,1.3,1.1,0.0,97.0,0.6
20221230152203,0.0,0.0,0.0,2.0,8.0,0.0,89.3,0.6
20221230152233,0.0,0.0,0.0,0.4,3.2,0.0,95.9,0.5
20221230152303,0.0,0.0,0.0,1.4,3.3,0.0,94.5,0.8
20221230152333,0.0,0.0,0.0,2.5,4.6,0.0,91.9,1.0
20221230152403,0.0,0.0,0.0,2.3,14.5,0.0,82.0,1.3
20221230152433,0.0,0.0,0.0,1.9,8.2,0.0,89.2,0.7
20221230152503,0.0,0.0,0.0,0.4,1.5,0.0,98.0,0.2
20221230152533,0.0,0.0,0.0,0.1,6.5,0.0,93.1,0.3
20221230152603,0.0,0.0,0.0,0.5,16.6,0.0,81.4,1.5
20221230152633,0.0,0.0,0.0,1.4,7.7,0.0,90.0,1.0
20221230152703,0.0,0.0,0.0,0.5,6.7,0.0,92.3,0.5
20221230152733,0.0,0.0,0.0,3.1,16.5,0.0,78.7,1.7
20221230152803,0.0,0.0,0.0,0.9,18.5,0.0,78.7,1.9
20221230152833,0.0,0.0,0.0,0.6,3.1,0.0,96.2,0.1
20221230152904,0.0,0.0,0.0,0.5,5.0,0.0,94.4,0.1
20221230152934,0.0,0.0,0.0,0.3,25.2,0.0,74.3,0.2
20221230153004,0.0,0.0,0.0,1.3,28.1,0.0,70.3,0.3
20221230153034,0.0,0.0,0.0,0.5,20.6,0.0,78.9,0.1
20221230153104,0.0,0.0,0.0,0.4,69.6,0.0,29.8,0.1
20221230153134,0.0,0.0,0.0,1.4,24.4,0.0,74.0,0.1
20221230153204,0.0,0.0,0.0,0.2,6.6,0.0,93.2,0.0
20221230153234,0.0,0.0,0.0,1.0,1.5,0.0,97.5,0.0
20221230153304,0.0,0.0,0.0,0.0,3.1,0.0,96.7,0.1
20221230153334,0.0,0.0,0.0,0.1,2.4,0.0,97.5,0.1
20221230153404,0.0,0.0,0.0,0.1,8.6,0.0,90.7,0.5
20221230153434,0.0,0.0,0.0,0.1,5.7,0.0,94.0,0.2
20221230153504,0.0,0.0,0.0,0.1,11.2,0.0,88.5,0.1
20221230153534,0.0,0.0,0.0,0.0,13.3,0.0,86.6,0.1
20221230153604,0.0,0.0,0.0,0.0,3.6,0.0,96.3,0.0
20221230153634,0.0,0.0,0.0,0.1,14.3,0.0,85.5,0.1
20221230153704,0.0,0.0,0.0,0.0,4.7,0.0,95.3,0.0
20221230153734,0.0,0.0,0.0,0.0,16.5,0.0,83.4,0.0
20221230153804,0.0,0.0,0.0,0.0,6.8,0.0,93.2,0.0
20221230153834,0.0,0.0,0.0,0.0,2.7,0.0,97.3,0.0
20221230153904,0.0,0.0,0.0,0.0,2.6,0.0,97.3,0.0
20221230153934,0.0,0.0,0.0,0.0,0.6,0.0,99.3,0.0
20221230154004,0.0,0.0,0.0,0.1,3.1,0.0,96.8,0.0
20221230154034,0.0,0.0,0.0,0.0,1.0,0.0,99.0,0.0
20221230154104,0.0,0.0,0.0,0.0,0.1,0.0,99.8,0.0
20221230154134,0.0,0.0,0.0,0.0,0.1,0.0,99.9,0.0
20221230154204,0.0,0.0,0.0,0.0,0.0,0.0,99.9,0.0
20221230154234,0.0,0.0,0.0,0.1,0.1,0.0,99.8,0.0
20221230154304,0.0,0.0,0.0,0.0,0.1,0.0,99.8,0.0
20221230154334,0.0,0.0,0.0,0.0,0.0,0.0,100.0,0.0
20221230154404,0.0,0.0,0.0,0.0,0.0,0.0,100.0,0.0
20221230154434,0.0,0.0,0.0,0.0,0.0,0.0,100.0,0.0
20221230154504,0.0,0.0,0.0,0.0,0.0,0.0,100.0,0.0
20221230154534,0.0,0.0,0.0,0.0,0.0,0.0,100.0,0.0
20221230154604,0.0,0.0,0.0,0.0,0.0,0.0,100.0,0.0
20221230154634,0.0,0.0,0.0,0.0,0.0,0.0,100.0,0.0
20221230154704,0.0,0.0,0.0,0.0,0.0,0.0,100.0,0.0
20221230154734,0.0,0.0,0.0,0.0,0.0,0.0,100.0,0.0
20221230154804,0.0,0.0,0.0,0.0,0.0,0.0,100.0,0.0
20221230154834,0.0,0.0,0.0,0.0,0.0,0.0,100.0,0.0
20221230154904,0.0,0.0,0.0,0.0,0.0,0.0,100.0,0.0
20221230154934,0.0,0.0,0.0,0.0,0.0,0.0,100.0,0.0
20221230155004,0.0,0.0,0.0,0.0,0.0,0.0,100.0,0.0
20221230155034,0.0,0.0,0.0,0.0,0.0,0.0,100.0,0.0
20221230155104,0.0,0.0,0.0,0.0,0.0,0.0,100.0,0.0
20221230155134,0.0,0.0,0.0,0.0,0.0,0.0,100.0,0.0
20221230155204,0.0,0.0,0.0,0.0,0.0,0.0,100.0,0.0
20221230155234,0.0,0.0,0.0,0.0,0.0,0.0,100.0,0.0
20221230155304,0.0,0.0,0.0,0.0,0.0,0.0,100.0,0.0
20221230155334,0.0,0.0,0.0,0.0,0.0,0.0,100.0,0.0
20221230155404,0.0,0.0,0.0,0.0,0.0,0.0,100.0,0.0
20221230155434,0.0,0.0,0.0,0.0,0.0,0.0,100.0,0.0
20221230155504,0.0,0.0,0.0,0.0,0.0,0.0,100.0,0.0
20221230155534,0.0,0.0,0.0,0.0,0.0,0.0,100.0,0.0
20221230155604,0.0,0.0,0.0,0.0,0.0,0.0,100.0,0.0
20221230155634,0.0,0.0,0.0,0.0,0.0,0.0,100.0,0.0
20221230155704,0.0,0.0,0.0,0.0,0.0,0.0,100.0,0.0
20221230155734,0.0,0.0,0.0,0.0,0.0,0.0,100.0,0.0
20221230155804,0.0,0.0,0.0,0.0,0.2,0.0,98.5,1.3
20221230155834,0.0,0.0,0.0,0.0,0.2,0.0,98.4,1.3
20221230155904,0.0,0.0,0.0,0.0,0.0,0.0,81.1,18.9
20221230155934,0.0,0.0,0.0,0.0,0.0,0.0,92.6,7.3
20221230160004,0.0,0.0,0.0,0.0,0.0,0.0,83.0,17.0
20221230160034,0.0,0.0,0.0,0.0,0.0,0.0,93.8,6.2
20221230160104,0.0,0.0,0.0,0.0,0.0,0.0,93.5,6.5
20221230160134,0.0,0.0,0.0,0.0,0.1,0.0,78.0,21.9
20221230160205,0.0,0.0,0.0,0.0,0.0,0.0,89.0,10.9
20221230160235,0.0,0.0,0.0,0.0,0.0,0.0,77.6,22.4
20221230160305,0.0,0.0,0.0,0.0,0.0,0.0,61.0,39.0
20221230160335,0.0,0.0,0.0,0.0,0.0,0.0,86.2,13.8
20221230160405,0.0,0.0,0.0,0.0,0.1,0.0,70.6,29.4
20221230160435,0.0,0.0,0.0,0.0,0.0,0.0,60.1,39.9
20221230160505,0.0,0.0,0.0,0.0,0.0,0.0,65.6,34.4
20221230160535,0.0,0.0,0.0,0.0,0.0,0.0,79.1,20.8
20221230160605,0.0,0.0,0.0,0.0,0.0,0.0,13.9,86.1
20221230160635,0.0,0.0,0.0,0.0,0.0,0.0,10.4,89.6
20221230160705,0.0,0.0,0.0,0.0,0.0,0.0,19.2,80.8
20221230160735,0.0,0.0,0.0,0.0,0.1,0.0,25.2,74.6
20221230160805,0.0,0.0,0.0,0.0,0.0,0.0,1.8,98.2
20221230160835,0.0,0.0,0.0,0.0,0.1,0.0,1.9,98.1
20221230160905,0.0,0.0,0.0,0.0,0.0,0.0,14.2,85.8
20221230160935,0.0,0.0,0.0,0.0,0.0,0.0,1.7,98.3
20221230161005,0.0,0.0,0.0,0.0,0.0,0.0,0.9,99.0
20221230161035,0.0,0.0,0.0,0.0,0.0,0.0,2.8,97.2
20221230161105,0.0,0.0,0.0,0.0,0.0,0.0,4.6,95.4
20221230161135,0.0,0.0,0.0,0.0,0.0,0.0,1.5,98.5
20221230161205,0.0,0.0,0.0,0.0,0.0,0.0,0.6,99.4
20221230161235,0.0,0.0,0.0,0.0,0.0,0.0,2.9,97.1
20221230161305,0.0,0.0,0.0,0.0,0.0,0.0,1.9,98.1
20221230161335,0.0,0.0,0.0,0.0,0.0,0.0,4.5,95.5
20221230161405,0.0,0.0,0.0,0.0,0.0,0.0,6.8,93.2
20221230161435,0.0,0.0,0.0,0.0,0.0,0.0,2.9,97.1
20221230161505,0.0,0.0,0.0,0.0,0.5,0.0,74.0,25.5
20221230161535,0.0,0.0,0.0,0.0,0.0,0.0,39.5,60.4
20221230161605,0.0,0.0,0.0,0.0,0.1,0.0,20.7,79.2
20221230161635,0.0,0.0,0.0,0.0,0.1,0.0,13.9,86.0
20221230161705,0.0,0.0,0.0,0.0,0.0,0.0,7.3,92.7
20221230161735,0.0,0.0,0.0,0.0,0.0,0.0,6.7,93.3
20221230161805,0.0,0.0,0.0,0.0,0.0,0.0,3.5,96.5
20221230161835,0.0,0.0,0.0,0.0,0.0,0.0,8.0,92.0
20221230161905,0.0,0.0,0.0,0.0,0.0,0.0,7.6,92.4
20221230161935,0.0,0.0,0.0,0.0,0.0,0.0,23.6,76.4
20221230162005,0.0,0.0,0.0,0.0,0.0,0.0,92.4,7.5
20221230162035,0.0,0.0,0.0,0.0,0.0,0.0,99.3,0.7
20221230162105,0.0,0.0,0.0,0.0,0.0,0.0,97.6,2.4
20221230162135,0.0,0.0,0.0,0.0,0.0,0.0,89.0,11.0
20221230162205,0.0,0.0,0.0,0.0,0.0,0.0,78.5,21.5
20221230162235,0.0,0.0,0.0,0.0,0.0,0.0,54.0,46.0
20221230162305,0.0,0.0,0.0,0.0,0.0,0.0,44.1,55.9
20221230162335,0.0,0.0,0.0,0.0,0.0,0.0,8.4,91.6
20221230162405,0.0,0.0,0.0,0.0,0.0,0.0,31.4,68.6
20221230162435,0.0,0.0,0.0,0.0,0.0,0.0,3.3,96.7
20221230162505,0.0,0.0,0.0,0.0,0.0,0.0,8.4,91.6
20221230162535,0.0,0.0,0.0,0.0,0.1,0.0,10.8,89.1
20221230162605,0.0,0.0,0.0,0.0,0.0,0.0,1.2,98.8
20221230162635,0.0,0.0,0.0,0.0,0.0,0.0,9.5,90.4
20221230162705,0.0,0.0,0.0,0.0,0.0,0.0,22.3,77.7
20221230162735,0.0,0.0,0.0,0.0,0.0,0.0,99.5,0.5
20221230162805,0.0,0.0,0.0,0.0,0.0,0.0,95.9,4.1
20221230162835,0.0,0.0,0.0,0.0,0.0,0.0,99.9,0.0
20221230162905,0.0,0.0,0.0,0.0,0.1,0.0,99.7,0.2
20221230162935,0.0,0.0,0.0,0.0,0.1,0.0,97.3,2.6
20221230163005,0.0,0.0,0.0,0.0,0.1,0.0,82.1,17.8
20221230163036,0.0,0.0,0.0,0.0,0.1,0.0,49.8,50.1
20221230163106,0.0,0.0,0.0,0.0,0.0,0.0,78.0,22.0
20221230163136,0.0,0.0,0.0,0.0,0.0,0.0,47.5,52.4
20221230163206,0.0,0.0,0.0,0.0,0.0,0.0,11.3,88.7
20221230163236,0.0,0.0,0.0,0.0,0.0,0.0,6.4,93.6
20221230163306,0.0,0.0,0.0,0.0,0.0,0.0,8.0,92.0
20221230163336,0.0,0.0,0.0,0.0,0.0,0.0,5.4,94.5
20221230163406,0.0,0.0,0.0,0.0,0.0,0.0,18.6,81.4
20221230163436,0.0,0.0,0.0,0.0,0.0,0.0,6.3,93.7
20221230163506,0.0,0.0,0.0,0.0,0.0,0.0,3.0,97.0
20221230163536,0.0,0.0,0.0,0.0,0.0,0.0,19.2,80.7
20221230163606,0.0,0.0,0.0,0.0,0.0,0.0,11.6,88.4
20221230163636,0.0,0.0,0.0,0.0,0.0,0.0,14.3,85.7
20221230163706,0.0,0.0,0.0,0.0,0.0,0.0,6.2,93.8
20221230163736,0.0,0.0,0.0,0.0,0.0,0.0,2.2,97.7
20221230163806,0.0,0.0,0.0,0.0,0.0,0.0,3.3,96.7
20221230163836,0.0,0.0,0.0,0.0,0.0,0.0,10.8,89.2
20221230163906,0.0,0.0,0.0,0.0,0.0,0.0,6.4,93.6
20221230163936,0.0,0.0,0.0,0.0,0.0,0.0,7.8,92.2
20221230164006,0.0,0.0,0.0,0.0,0.0,0.0,85.5,14.5
20221230164036,0.0,0.0,0.0,0.0,0.0,0.0,24.6,75.4
20221230164106,0.0,0.0,0.0,0.0,0.0,0.0,7.5,92.5
20221230164136,0.0,0.0,0.0,0.0,0.0,0.0,23.5,76.5
20221230164206,0.0,0.0,0.0,0.0,0.0,0.0,46.5,53.5
20221230164236,0.0,0.0,0.0,0.0,0.0,0.0,28.6,71.4
20221230164306,0.0,0.0,0.0,0.0,0.0,0.0,79.5,20.5
20221230164336,0.0,0.0,0.0,0.0,0.0,0.0,80.8,19.2
20221230164406,0.0,0.0,0.0,0.0,0.0,0.0,91.4,8.6
20221230164436,0.0,0.0,0.0,0.0,0.0,0.0,67.8,32.2
20221230164506,0.0,0.0,0.0,0.0,0.0,0.0,82.8,17.1
20221230164536,0.0,0.0,0.0,0.0,0.0,0.0,92.3,7.7
20221230164606,0.0,0.0,0.0,0.0,0.0,0.0,41.5,58.5
20221230164636,0.0,0.0,0.0,0.0,0.0,0.0,91.2,8.8
20221230164706,0.0,0.0,0.0,0.0,0.0,0.0,76.9,23.1
20221230164736,0.0,0.0,0.0,0.0,0.0,0.0,52.9,47.1
20221230164806,0.0,0.0,0.0,0.0,0.0,0.0,52.5,47.5
20221230164836,0.0,0.0,0.0,0.0,0.0,0.0,95.6,4.3
20221230164906,0.0,0.0,0.0,0.0,0.0,0.0,61.5,38.4
20221230164936,0.0,0.0,0.0,0.0,0.0,0.0,80.5,19.4
20221230165006,0.0,0.0,0.0,0.0,0.1,0.0,75.9,24.0
20221230165036,0.0,0.0,0.0,0.0,0.0,0.0,81.4,18.6
20221230165106,0.0,0.0,0.0,0.0,0.0,0.0,85.8,14.2
20221230165136,0.0,0.0,0.0,0.0,0.0,0.0,81.8,18.1
20221230165206,0.0,0.0,0.0,0.0,0.0,0.0,25.6,74.4
20221230165236,0.0,0.0,0.0,0.0,0.0,0.0,15.4,84.6
20221230165306,0.0,0.0,0.0,0.0,0.0,0.0,10.7,89.3
20221230165336,0.0,0.0,0.0,0.0,0.0,0.0,11.4,88.6
20221230165406,0.0,0.0,0.0,0.0,0.0,0.0,0.3,99.7
20221230165436,0.0,0.0,0.0,0.0,0.0,0.0,0.1,99.9
20221230165506,0.0,0.0,0.0,0.0,0.0,0.0,0.4,99.5
20221230165536,0.0,0.0,0.0,0.0,0.1,0.0,0.3,99.6
20221230165606,0.0,0.0,0.0,0.0,0.4,0.0,1.0,98.6
20221230165636,0.0,0.0,0.0,0.0,0.0,0.0,0.9,99.1
20221230165706,0.0,0.0,0.0,0.0,0.0,0.0,0.0,100.0
20221230165736,0.0,0.0,0.0,0.0,0.5,0.0,0.1,99.4
20221230165806,0.0,0.0,0.0,0.0,0.0,0.0,0.0,100.0
20221230165836,0.0,0.0,0.0,0.0,0.0,0.0,0.0,100.0
20221230165906,0.0,0.0,0.0,0.0,0.1,0.0,0.0,99.9
20221230165936,0.0,0.0,0.0,0.0,0.0,0.0,0.1,99.9
20221230170006,0.0,0.0,0.0,0.0,0.1,0.0,0.0,99.9
20221230170036,0.0,0.0,0.0,0.0,0.1,0.0,0.1,99.7
20221230170106,0.0,0.0,0.0,0.0,0.1,0.0,0.0,99.9
20221230170136,0.0,0.0,0.0,0.0,0.1,0.0,0.0,99.9
20221230170206,0.0,0.0,0.0,0.0,0.1,0.0,0.0,99.9
20221230170236,0.0,0.0,0.0,0.0,0.0,0.0,0.4,99.5
20221230170306,0.0,0.0,0.0,0.0,0.0,0.0,0.3,99.7
20221230170336,0.0,0.0,0.0,0.0,0.0,0.0,1.6,98.4
20221230170406,0.0,0.0,0.0,0.0,0.0,0.0,0.1,99.9
20221230170436,0.0,0.0,0.0,0.0,0.1,0.0,2.9,97.0
20221230170507,0.0,0.0,0.0,0.0,0.4,0.0,4.6,95.0
20221230170537,0.0,0.0,0.0,0.0,0.2,0.0,62.2,37.6
20221230170607,0.0,0.0,0.0,0.0,1.0,0.0,25.4,73.7
20221230170637,0.0,0.0,0.0,0.0,0.1,0.0,14.1,85.7
20221230170707,0.0,0.0,0.0,0.0,0.0,0.0,22.2,77.7
20221230170737,0.0,0.0,0.0,0.0,0.0,0.0,24.3,75.6
20221230170807,0.0,0.0,0.0,0.0,0.0,0.0,21.7,78.3
20221230170837,0.0,0.0,0.0,0.0,0.0,0.0,1.6,98.4
20221230170907,0.0,0.0,0.0,0.0,0.1,0.0,30.2,69.7
20221230170937,0.0,0.0,0.0,0.0,0.2,0.0,96.0,3.8
20221230171007,0.0,0.0,0.0,0.0,0.0,0.0,78.8,21.2
20221230171037,0.0,0.0,0.0,0.0,0.0,0.0,55.7,44.3
20221230171107,0.0,0.0,0.0,0.0,0.0,0.0,52.0,48.0
20221230171137,0.0,0.0,0.0,0.0,0.0,0.0,5.0,95.0
20221230171207,0.0,0.0,0.0,0.0,0.0,0.0,14.3,85.7
20221230171237,0.0,0.0,0.0,0.0,0.0,0.0,3.4,96.6
20221230171307,0.0,0.0,0.0,0.0,0.3,0.0,2.7,97.0
20221230171337,0.0,0.2,0.0,0.5,2.6,0.0,37.3,59.4
20221230171407,0.0,0.3,0.0,2.7,4.8,0.0,56.6,35.5
20221230171437,0.0,1.2,0.0,47.6,42.6,0.0,5.7,2.9
20221230171507,0.0,0.1,0.0,91.1,8.7,0.0,0.1,0.0
20221230171537,0.0,0.1,0.0,72.4,25.7,0.0,1.7,0.0
20221230171607,0.0,0.1,0.0,88.7,10.1,0.0,1.1,0.1
20221230171637,0.0,0.1,0.0,97.3,2.1,0.0,0.5,0.0
20221230171707,0.0,0.0,0.0,95.0,4.7,0.0,0.2,0.0
20221230171737,0.0,0.0,0.0,92.4,6.0,0.0,1.5,0.0
20221230171807,0.0,0.0,0.0,96.1,3.0,0.0,0.9,0.0
20221230171837,0.0,0.0,0.0,74.7,7.4,0.0,17.8,0.1
20221230171907,0.0,0.0,0.0,2.4,0.7,0.0,96.8,0.1
20221230171937,0.0,0.0,0.0,0.7,0.2,0.0,99.1,0.1
20221230172007,0.0,0.0,0.0,0.6,1.0,0.0,97.8,0.7
20221230172037,0.0,0.0,0.0,9.2,16.1,0.0,71.1,3.6
20221230172107,0.0,0.0,0.0,92.4,5.7,0.0,1.7,0.2
20221230172137,0.0,0.0,0.0,95.9,3.8,0.0,0.3,0.0
20221230172207,0.0,0.0,0.0,97.8,2.1,0.0,0.1,0.0
20221230172237,0.0,0.0,0.0,95.7,3.8,0.0,0.5,0.0
20221230172307,0.0,3.0,0.0,88.5,8.5,0.0,0.0,0.0
20221230172337,0.0,1.1,0.0,82.2,16.7,0.0,0.0,0.0
20221230172407,0.0,0.2,0.0,93.9,5.9,0.0,0.0,0.0
20221230172437,0.0,0.5,0.0,98.6,0.9,0.0,0.0,0.0
20221230172507,0.0,0.3,0.0,93.3,6.4,0.0,0.0,0.0
20221230172537,0.0,0.5,0.0,98.0,1.5,0.0,0.0,0.0
20221230172607,0.0,0.7,0.0,98.8,0.6,0.0,0.0,0.0
20221230172637,0.0,1.9,0.0,80.0,18.1,0.0,0.0,0.0
20221230172707,0.0,2.5,0.0,90.3,7.3,0.0,0.0,0.0
20221230172737,0.0,0.5,0.0,90.1,9.3,0.0,0.0,0.0
20221230172807,0.0,45.7,0.0,32.8,21.5,0.0,0.0,0.0
20221230172837,0.0,38.6,0.0,50.3,11.1,0.0,0.0,0.0
20221230172907,0.0,64.3,0.0,1.8,34.0,0.0,0.0,0.0
20221230172937,0.0,10.7,0.0,25.6,63.7,0.0,0.0,0.0
20221230173007,0.0,11.5,0.0,31.3,57.2,0.0,0.0,0.0
20221230173037,0.0,11.3,0.0,41.0,47.7,0.0,0.0,0.0
20221230173107,0.0,17.6,0.0,62.9,19.5,0.0,0.0,0.0
20221230173137,0.0,1.8,0.0,93.2,5.0,0.0,0.0,0.0
20221230173207,0.0,14.6,0.0,82.6,2.8,0.0,0.0,0.0
20221230173237,0.0,75.3,0.0,22.7,2.0,0.0,0.0,0.0
20221230173307,0.0,14.3,0.0,81.8,3.9,0.0,0.0,0.0
20221230173337,0.0,11.6,0.0,79.4,9.0,0.0,0.0,0.0
20221230173407,0.0,48.8,0.0,12.2,38.9,0.0,0.0,0.0
20221230173437,0.0,21.0,0.0,77.7,1.3,0.0,0.0,0.0
20221230173507,0.0,37.9,0.0,47.8,14.0,0.0,0.4,0.0
20221230173537,0.0,15.9,0.0,68.1,16.0,0.0,0.1,0.0
20221230173607,0.0,36.1,0.0,1.8,62.0,0.0,0.1,0.0
20221230173637,0.0,31.4,0.0,19.4,49.2,0.0,0.1,0.0
20221230173707,0.0,21.1,0.0,74.5,4.5,0.0,0.0,0.0
20221230173737,0.0,11.4,0.0,83.8,4.7,0.0,0.1,0.0
20221230173807,0.0,0.8,0.0,11.5,87.6,0.0,0.0,0.0
20221230173837,0.0,3.4,0.0,46.7,49.9,0.0,0.0,0.0
20221230173908,0.0,0.7,0.0,8.7,90.6,0.0,0.0,0.0
20221230173938,0.0,1.3,0.0,11.8,86.9,0.0,0.0,0.0
20221230174008,0.0,0.8,0.0,69.5,29.6,0.0,0.0,0.0
20221230174038,0.0,1.0,0.0,69.3,29.6,0.0,0.1,0.0
20221230174108,0.0,0.9,0.0,68.3,30.8,0.0,0.0,0.0
20221230174138,0.0,0.5,0.0,63.5,35.8,0.0,0.2,0.0
20221230174208,0.0,0.5,0.0,28.9,70.6,0.0,0.0,0.0
20221230174238,0.0,0.1,0.0,82.2,17.7,0.0,0.0,0.0
20221230174308,0.0,0.2,0.0,91.4,8.4,0.0,0.0,0.0
20221230174338,0.0,9.5,0.0,65.1,25.4,0.0,0.0,0.0
20221230174408,0.0,18.9,0.0,2.1,79.0,0.0,0.0,0.0
20221230174438,0.0,70.5,0.0,0.7,28.9,0.0,0.0,0.0
20221230174508,0.0,31.7,0.0,65.5,2.8,0.0,0.0,0.0
20221230174538,0.0,26.1,0.0,53.2,20.7,0.0,0.0,0.0
20221230174608,0.0,33.0,0.0,49.4,17.6,0.0,0.0,0.0
20221230174638,0.0,3.0,0.0,47.1,49.9,0.0,0.0,0.0
20221230174708,0.0,18.2,0.0,9.4,72.3,0.0,0.0,0.0
20221230174738,0.0,43.3,0.0,14.2,42.5,0.0,0.0,0.0
20221230174808,0.0,4.5,0.0,49.8,45.7,0.0,0.0,0.0
20221230174838,0.0,6.0,0.0,60.1,33.8,0.0,0.1,0.0
20221230174908,0.0,15.4,0.0,53.4,30.9,0.0,0.3,0.0
20221230174938,0.0,0.3,0.0,45.5,54.3,0.0,0.0,0.0
20221230175008,0.0,0.8,0.0,79.2,20.0,0.0,0.0,0.0
20221230175038,0.0,0.2,0.0,82.9,16.9,0.0,0.1,0.0
20221230175108,0.0,0.0,0.0,73.2,26.7,0.0,0.0,0.0
20221230175138,0.0,0.0,0.0,96.1,3.4,0.0,0.5,0.0
20221230175208,0.0,0.0,0.0,95.7,4.3,0.0,0.0,0.0
20221230175238,0.0,0.2,0.0,97.4,2.3,0.0,0.0,0.0
20221230175308,0.0,0.1,0.0,86.8,11.2,0.0,1.9,0.0
20221230175338,0.0,0.1,0.0,98.5,1.4,0.0,0.0,0.0
20221230175408,0.0,1.4,0.0,96.0,2.4,0.0,0.1,0.0
20221230175438,0.0,0.2,0.0,99.6,0.2,0.0,0.0,0.0
20221230175508,0.0,0.1,0.0,98.6,1.1,0.0,0.2,0.0
20221230175538,0.0,0.3,0.0,95.8,3.1,0.0,0.9,0.0
20221230175608,0.0,0.0,0.0,93.8,1.4,0.0,4.7,0.0
20221230175638,0.0,0.0,0.0,42.8,4.8,0.0,52.1,0.2
20221230175708,0.0,0.0,0.0,68.7,0.9,0.0,30.3,0.0
20221230175738,0.0,0.1,0.0,54.5,1.4,0.0,43.8,0.2
20221230175808,0.0,0.1,0.0,62.7,9.2,0.0,28.0,0.0
20221230175838,0.0,0.0,0.0,99.8,0.2,0.0,0.0,0.0
20221230175908,0.0,0.2,0.0,99.5,0.3,0.0,0.0,0.0
20221230175938,0.0,0.2,0.0,86.8,13.0,0.0,0.0,0.0
20221230180008,0.0,0.3,0.0,94.1,5.6,0.0,0.0,0.0
20221230180038,0.0,16.8,0.0,69.5,13.7,0.0,0.0,0.0
20221230180108,0.0,3.2,0.0,90.6,6.0,0.0,0.2,0.0
20221230180138,0.0,0.1,0.0,98.2,1.3,0.0,0.5,0.0
20221230180208,0.0,0.0,0.0,95.7,2.4,0.0,1.8,0.0
20221230180238,0.0,0.0,0.0,14.2,9.1,0.0,76.0,0.7
20221230180308,0.0,0.0,0.0,2.9,0.7,0.0,95.9,0.5
20221230180338,0.0,0.1,0.0,59.1,8.5,0.0,29.3,3.0
20221230180408,0.0,0.1,0.1,45.2,10.1,0.0,39.4,5.2
20221230180438,0.0,0.0,0.0,0.3,0.1,0.0,99.3,0.3
20221230180508,0.0,0.0,0.0,0.1,0.0,0.0,99.8,0.0
20221230180538,0.0,0.0,0.0,0.1,0.1,0.0,99.7,0.0
20221230180608,0.0,0.1,0.1,14.4,2.6,0.0,82.7,0.2
20221230180639,0.0,2.9,0.0,89.5,7.6,0.0,0.0,0.0
20221230180709,0.0,0.5,0.0,95.9,3.0,0.0,0.6,0.0
20221230180739,0.0,0.4,0.0,95.1,0.6,0.0,3.9,0.0
20221230180809,0.0,0.1,0.0,56.8,2.7,0.0,40.1,0.3
20221230180839,0.0,0.0,0.0,0.1,0.0,0.0,99.9,0.0
20221230180909,0.0,0.0,0.0,0.0,0.0,0.0,100.0,0.0
20221230180939,0.0,0.0,0.0,0.0,0.0,0.0,100.0,0.0
20221230181009,0.0,0.0,0.0,0.0,0.0,0.0,100.0,0.0
20221230181039,0.0,0.0,0.0,0.1,0.0,0.0,99.9,0.0
20221230181109,0.0,0.0,0.0,0.0,0.0,0.0,100.0,0.0
20221230181139,0.0,0.0,0.0,0.0,0.0,0.0,100.0,0.0
20221230181209,0.0,0.0,0.0,0.0,0.0,0.0,100.0,0.0
20221230181239,0.0,0.0,0.0,0.0,0.0,0.0,100.0,0.0
20221230181309,0.0,0.0,0.0,0.0,0.0,0.0,100.0,0.0
20221230181339,0.0,0.0,0.0,0.0,0.0,0.0,100.0,0.0
20221230181409,0.0,0.0,0.0,0.0,0.0,0.0,100.0,0.0
20221230181439,0.0,0.0,0.0,0.0,0.0,0.0,100.0,0.0
20221230181509,0.0,0.0,0.0,0.0,0.0,0.0,100.0,0.0
20221230181539,0.0,0.0,0.0,0.0,0.0,0.0,100.0,0.0
20221230181609,0.0,0.0,0.0,0.0,0.0,0.0,100.0,0.0
20221230181639,0.0,0.0,0.0,0.0,0.0,0.0,100.0,0.0
20221230181709,0.0,0.0,0.0,0.0,0.0,0.0,100.0,0.0
20221230181739,0.0,0.0,0.0,0.0,0.0,0.0,99.9,0.1
20221230181809,0.0,0.0,0.0,0.0,0.0,0.0,100.0,0.0
20221230181839,0.0,0.0,0.0,0.1,0.0,0.0,99.8,0.1
20221230181909,0.0,0.0,0.0,0.0,0.0,0.0,100.0,0.0
20221230181939,0.0,0.0,0.0,0.0,0.0,0.0,99.9,0.0
20221230182009,0.0,0.0,0.0,0.0,0.0,0.0,99.9,0.1
20221230182039,0.0,0.0,0.0,0.0,0.0,0.0,99.4,0.5
20221230182109,0.0,0.0,0.0,0.1,0.1,0.0,99.0,0.9
20221230182139,0.0,0.0,0.0,1.2,0.4,0.0,96.4,2.1
20221230182209,0.0,0.0,0.0,0.2,0.1,0.0,99.4,0.3
20221230182239,0.0,0.0,0.0,0.8,0.1,0.0,98.4,0.6
20221230182309,0.0,0.0,0.0,2.0,0.1,0.0,97.2,0.6
20221230182339,0.0,0.0,0.0,0.1,0.1,0.0,99.7,0.1
20221230182409,0.0,0.0,0.0,0.1,0.2,0.0,99.7,0.0
20221230182439,0.0,0.0,0.0,0.2,0.2,0.0,99.6,0.0
20221230182509,0.0,0.0,0.0,0.3,1.7,0.0,98.0,0.1
20221230182539,0.0,0.0,0.0,0.3,0.4,0.0,99.2,0.1
20221230182609,0.0,0.0,0.0,0.1,0.1,0.0,99.7,0.0
20221230182639,0.0,0.0,0.0,0.5,0.1,0.0,99.3,0.1
20221230182709,0.0,0.0,0.0,0.1,0.0,0.0,99.9,0.0
20221230182739,0.0,0.0,0.0,0.0,0.0,0.0,100.0,0.0
20221230182809,0.0,0.0,0.0,0.0,0.0,0.0,99.9,0.0
20221230182839,0.0,0.0,0.0,0.0,0.1,0.0,99.7,0.1
20221230182909,0.0,0.0,0.0,0.0,0.0,0.0,100.0,0.0
20221230182939,0.0,0.0,0.0,0.0,0.0,0.0,100.0,0.0
20221230183009,0.0,0.0,0.0,0.2,0.0,0.0,99.8,0.0
20221230183039,0.0,0.0,0.0,0.3,0.1,0.0,99.6,0.0
20221230183109,0.0,0.0,0.0,0.2,0.1,0.0,99.7,0.0
20221230183139,0.0,0.0,0.0,0.1,0.1,0.0,99.8,0.0
20221230183209,0.0,0.0,0.0,0.1,0.3,0.0,99.6,0.0
20221230183239,0.0,0.0,0.0,0.1,0.1,0.0,99.9,0.0
20221230183309,0.0,0.0,0.0,0.0,0.0,0.0,99.9,0.0
20221230183339,0.0,0.0,0.0,0.1,0.3,0.0,99.5,0.0
20221230183409,0.0,0.0,0.0,0.2,0.3,0.0,99.5,0.0
20221230183439,0.0,0.0,0.0,0.3,0.2,0.0,99.5,0.0
20221230183509,0.0,0.0,0.0,0.7,0.1,0.0,99.1,0.1
20221230183539,0.0,0.0,0.0,0.6,0.1,0.0,99.2,0.1
20221230183609,0.0,0.0,0.0,0.2,0.1,0.0,99.7,0.0
20221230183639,0.0,0.0,0.0,0.3,0.1,0.0,99.6,0.1
20221230183709,0.0,0.0,0.0,0.2,0.1,0.0,99.7,0.1
20221230183739,0.0,0.0,0.0,0.1,0.0,0.0,99.9,0.0
20221230183809,0.0,0.0,0.0,0.1,0.1,0.0,99.8,0.0
20221230183839,0.0,0.0,0.0,0.0,0.0,0.0,100.0,0.0
20221230183909,0.0,0.0,0.0,0.1,0.0,0.0,99.9,0.0
20221230183939,0.0,0.0,0.0,0.0,0.1,0.0,99.8,0.0
20221230184009,0.0,0.0,0.0,0.0,0.1,0.0,99.8,0.1
20221230184040,0.0,0.0,0.0,0.1,0.3,0.0,99.3,0.3
20221230184110,0.0,0.0,0.0,0.3,0.1,0.0,99.5,0.1
20221230184140,0.0,0.0,0.0,0.6,0.3,0.0,99.0,0.1
20221230184210,0.0,0.0,0.0,4.1,3.1,0.0,92.4,0.4
20221230184240,0.0,0.0,0.0,1.2,0.5,0.0,97.5,0.7
20221230184310,0.0,0.0,0.0,0.9,0.0,0.0,98.5,0.5
20221230184340,0.0,0.0,0.0,13.0,0.2,0.0,86.3,0.4
20221230184410,0.0,0.0,0.0,21.8,0.5,0.0,77.2,0.5
20221230184440,0.0,0.0,0.0,6.1,0.1,0.0,93.3,0.4
20221230184510,0.0,0.0,0.0,9.9,0.8,0.0,88.6,0.6
20221230184540,0.0,0.0,0.0,0.7,0.1,0.0,99.1,0.1
20221230184610,0.0,0.0,0.0,0.4,0.0,0.0,99.6,0.0
20221230184640,0.0,0.0,0.0,0.8,0.0,0.0,99.1,0.1
20221230184710,0.0,0.0,0.0,0.3,0.0,0.0,99.7,0.0
20221230184740,0.0,0.0,0.0,0.2,0.0,0.0,99.8,0.0
20221230184810,0.0,0.0,0.0,0.2,0.0,0.0,99.8,0.0
20221230184840,0.0,0.0,0.0,0.1,0.0,0.0,99.8,0.0
20221230184910,0.0,0.0,0.0,0.4,0.1,0.0,99.5,0.0
20221230184940,0.0,0.0,0.0,0.2,0.0,0.0,99.7,0.0
20221230185010,0.0,0.0,0.0,0.3,0.0,0.0,99.6,0.0
20221230185040,0.0,0.0,0.0,2.9,0.8,0.0,96.3,0.0
20221230185110,0.0,0.0,0.0,2.3,0.2,0.0,97.5,0.0
20221230185140,0.0,0.0,0.0,1.8,0.5,0.0,97.6,0.1
20221230185210,0.0,0.0,0.0,0.3,0.6,0.0,99.1,0.0
20221230185240,0.0,0.0,0.0,2.1,3.5,0.0,93.6,0.7
20221230185310,0.0,0.0,0.0,3.0,2.1,0.0,94.6,0.3
20221230185340,0.0,0.0,0.0,1.1,1.4,0.0,97.0,0.5
20221230185410,0.0,0.0,0.0,0.9,1.9,0.0,96.9,0.3
20221230185440,0.0,0.0,0.0,0.4,1.0,0.0,98.5,0.1
20221230185510,0.0,0.0,0.0,0.2,0.8,0.0,98.9,0.1
20221230185540,0.0,0.0,0.0,0.2,4.6,0.0,95.2,0.1
20221230185610,0.0,0.0,0.0,0.2,8.6,0.0,91.0,0.2
20221230185640,0.0,0.0,0.0,0.1,5.1,0.0,94.8,0.1
20221230185710,0.0,0.0,0.0,0.3,34.0,0.0,65.2,0.5
20221230185740,0.0,0.0,0.0,0.2,36.3,0.0,63.2,0.3
20221230185810,0.0,0.0,0.0,0.2,58.6,0.0,40.6,0.6
20221230185840,0.0,0.0,0.0,0.1,35.0,0.0,64.4,0.5
20221230185910,0.0,0.0,0.0,0.1,7.3,0.0,92.3,0.2
20221230185940,0.0,0.0,0.0,0.3,2.9,0.0,96.8,0.0
20221230190010,0.0,0.0,0.0,0.1,1.9,0.0,98.0,0.0
20221230190040,0.0,0.0,0.0,0.0,0.2,0.0,99.7,0.0
20221230190110,0.0,0.0,0.0,0.1,1.0,0.0,98.7,0.1
20221230190140,0.0,0.0,0.0,0.8,0.9,0.0,97.1,1.2
20221230190210,0.0,0.0,0.0,0.6,0.3,0.0,98.4,0.6
20221230190240,0.0,0.0,0.0,1.5,0.9,0.0,94.5,3.1
20221230190310,0.0,0.0,0.0,3.2,0.9,0.0,94.4,1.5
20221230190340,0.0,0.0,0.0,0.3,0.1,0.0,99.5,0.1
20221230190410,0.0,0.0,0.0,1.0,0.1,0.0,98.8,0.1
20221230190440,0.0,0.0,0.0,0.5,0.1,0.0,99.1,0.3
20221230190510,0.0,0.0,0.0,0.7,0.1,0.0,99.2,0.1
20221230190540,0.0,0.0,0.0,2.9,0.0,0.0,96.7,0.3
20221230190610,0.0,0.0,0.0,2.3,0.1,0.0,97.4,0.2
20221230190640,0.0,0.0,0.0,0.8,0.0,0.0,99.0,0.1
20221230190710,0.0,0.0,0.0,0.3,0.0,0.0,99.6,0.0
20221230190740,0.0,0.0,0.0,0.4,0.0,0.0,99.6,0.0
20221230190810,0.0,0.0,0.0,1.1,0.0,0.0,98.7,0.1
20221230190840,0.0,0.0,0.0,4.2,0.2,0.0,95.5,0.1
20221230190910,0.0,0.0,0.0,1.9,0.1,0.0,97.9,0.1
20221230190940,0.0,0.0,0.0,1.1,0.0,0.0,98.7,0.1
20221230191010,0.0,0.0,0.0,3.9,0.1,0.0,95.8,0.1
20221230191040,0.0,0.0,0.0,1.6,0.1,0.0,98.2,0.0
20221230191110,0.0,0.0,0.0,10.9,3.4,0.5,84.9,0.2
20221230191140,0.0,0.0,0.0,2.9,6.8,0.8,88.3,1.2
20221230191210,0.0,0.0,0.0,3.2,3.0,0.1,93.5,0.1
20221230191240,0.0,0.0,0.0,4.9,2.7,0.1,91.8,0.5
20221230191310,0.0,0.0,0.0,1.9,0.2,0.1,97.7,0.1
20221230191340,0.0,0.0,0.0,8.9,0.5,0.1,90.3,0.2
20221230191410,0.0,0.0,0.0,7.8,0.2,0.1,91.6,0.3
20221230191440,0.0,0.0,0.0,20.3,1.8,0.1,76.6,1.2
20221230191511,0.0,0.0,0.0,10.3,2.2,0.1,86.0,1.4
20221230191541,0.0,0.0,0.0,6.4,0.7,0.1,92.0,0.8
20221230191611,0.0,0.0,0.0,4.9,3.5,0.1,88.5,3.0
20221230191641,0.0,0.0,0.0,1.1,0.2,0.0,98.5,0.2
20221230191711,0.0,0.0,0.0,2.4,0.5,0.1,96.6,0.4
20221230191741,0.0,0.0,0.1,4.6,4.1,0.3,90.1,0.7
20221230191811,0.0,0.0,0.0,0.2,0.7,0.0,99.0,0.1
20221230191841,0.0,0.0,0.0,0.8,2.9,0.0,96.1,0.2
20221230191911,0.0,0.0,0.0,1.4,0.9,0.0,97.6,0.2
20221230191941,0.0,0.0,0.0,2.2,1.7,0.0,95.8,0.1
20221230192011,0.0,0.0,0.0,3.6,1.6,0.0,94.7,0.1
20221230192041,0.0,0.0,0.0,0.1,0.1,0.0,99.8,0.0
20221230192111,0.0,0.0,0.0,0.1,0.1,0.0,99.8,0.0
20221230192141,0.0,0.0,0.0,0.1,0.0,0.0,99.9,0.0
20221230192211,0.0,0.0,0.0,1.5,1.5,0.0,96.9,0.1
20221230192241,0.0,0.0,0.0,1.2,0.2,0.0,98.6,0.0
20221230192311,0.0,0.0,0.0,1.2,0.1,0.0,98.6,0.0
20221230192341,0.0,0.0,0.0,0.3,0.0,0.0,99.7,0.0
20221230192411,0.0,0.0,0.0,0.1,0.0,0.0,99.9,0.0
20221230192441,0.0,0.0,0.0,0.1,0.0,0.0,99.8,0.0
20221230192511,0.0,0.0,0.0,0.9,0.3,0.0,98.6,0.2
20221230192541,0.0,0.0,0.0,0.5,0.3,0.0,99.1,0.1
20221230192611,0.0,0.0,0.0,0.4,0.2,0.0,99.1,0.1
20221230192641,0.0,0.0,0.0,1.6,0.5,0.0,97.8,0.2
20221230192711,0.0,0.0,0.0,0.4,0.1,0.0,99.4,0.1
20221230192741,0.0,0.0,0.0,0.7,0.1,0.0,99.1,0.1
20221230192811,0.0,0.0,0.0,0.6,0.1,0.0,99.2,0.1
20221230192841,0.0,0.0,0.0,0.8,0.3,0.0,98.1,0.8
20221230192911,0.0,0.0,0.0,0.5,0.1,0.0,99.3,0.1
20221230192941,0.0,0.0,0.0,1.4,0.2,0.0,97.9,0.5
20221230193011,0.0,0.0,0.0,8.7,0.6,0.0,90.5,0.2
20221230193041,0.0,0.0,0.0,20.4,6.7,0.0,71.8,1.1
20221230193111,0.0,0.0,0.0,1.6,1.5,0.0,96.6,0.3
20221230193141,0.0,0.0,0.0,3.0,7.9,0.0,87.8,1.3
20221230193211,0.0,0.0,0.0,2.1,0.8,0.0,96.9,0.2
20221230193241,0.0,0.0,0.0,0.6,0.6,0.0,94.0,4.7
20221230193311,0.0,0.0,0.0,0.0,0.0,0.0,61.7,38.3
20221230193341,0.0,0.0,0.0,0.0,0.0,0.0,31.7,68.3
20221230193411,0.0,0.0,0.0,0.0,0.0,0.0,0.6,99.4
20221230193441,0.0,0.0,0.0,0.0,0.0,0.0,3.6,96.4
20221230193511,0.0,0.0,0.0,0.0,0.0,0.0,0.5,99.5
20221230193541,0.0,0.0,0.0,0.0,0.0,0.0,0.1,99.9
20221230193611,0.0,0.0,0.0,0.0,0.0,0.0,0.3,99.7
20221230193641,0.0,0.0,0.0,0.0,0.0,0.0,0.3,99.7
20221230193711,0.0,0.0,0.0,0.0,0.0,0.0,0.1,99.9
20221230193741,0.0,0.0,0.0,0.0,0.0,0.0,0.0,100.0
20221230193811,0.0,0.0,0.0,0.0,0.0,0.0,0.0,100.0
20221230193841,0.0,0.0,0.0,0.0,0.0,0.0,0.0,100.0
20221230193911,0.0,0.0,0.0,0.0,0.0,0.0,0.0,100.0
20221230193941,0.0,0.0,0.0,0.0,0.1,0.0,0.3,99.7
20221230194011,0.0,0.0,0.0,0.0,0.2,0.0,69.5,30.2
20221230194041,0.0,0.0,0.0,0.6,0.1,0.1,97.5,1.7
20221230194111,0.0,0.0,0.0,1.5,0.3,0.6,97.1,0.4
20221230194141,0.0,0.0,0.0,2.0,0.8,0.3,96.3,0.6
20221230194211,0.0,0.0,0.0,6.2,1.7,1.3,90.5,0.3
20221230194242,0.0,0.0,0.1,3.6,5.0,10.4,62.2,18.8
20221230194312,0.0,0.0,0.0,5.3,4.9,49.8,39.0,1.0
20221230194342,0.0,0.0,0.1,1.3,1.9,25.2,70.4,1.1
20221230194412,0.0,0.0,0.1,0.6,2.1,8.0,89.1,0.1
20221230194442,0.0,0.0,0.0,0.7,0.9,4.0,94.2,0.2
20221230194512,0.0,0.0,0.2,2.7,2.8,15.9,76.1,2.2
20221230194542,0.0,0.0,0.0,0.8,0.8,2.3,95.4,0.6
20221230194612,0.0,0.0,0.1,6.1,2.3,1.7,89.5,0.3
20221230194642,0.0,0.0,0.0,1.2,1.8,1.2,95.5,0.3
20221230194712,0.0,0.0,0.0,2.0,3.5,0.3,94.0,0.2
20221230194742,0.0,0.0,0.0,11.0,28.5,1.5,56.8,2.2
20221230194812,0.0,0.0,0.0,11.8,3.3,1.7,80.9,2.2
20221230194842,0.0,0.0,0.0,4.4,2.3,8.4,83.5,1.3
20221230194912,0.0,0.0,0.0,8.8,24.0,6.5,53.9,6.8
20221230194942,0.0,0.0,0.0,5.0,25.2,17.2,43.8,8.8
20221230195012,0.1,0.0,0.0,2.8,3.1,53.8,36.8,3.4
20221230195042,0.1,0.0,0.0,2.5,1.0,64.1,28.1,4.3
20221230195112,0.1,0.0,0.6,5.6,2.8,35.2,48.3,7.5
20221230195142,0.4,0.0,0.5,8.2,18.9,22.7,43.6,5.8
20221230195212,0.1,0.0,0.1,11.5,7.9,59.2,15.1,6.1
20221230195242,0.2,0.0,0.1,12.8,5.5,49.0,26.7,5.5
20221230195312,0.1,0.0,0.2,5.1,4.8,41.6,46.1,2.2
20221230195342,0.1,0.0,0.1,1.1,12.1,43.5,39.6,3.5
20221230195412,0.0,0.0,0.0,1.9,0.7,21.6,72.3,3.6
20221230195442,0.1,0.0,0.0,1.2,8.5,23.1,66.1,1.0
20221230195512,0.0,0.0,0.0,0.4,0.6,67.3,31.3,0.3
20221230195542,0.0,0.0,0.0,0.7,1.2,59.3,37.6,1.2
20221230195612,0.1,0.0,0.1,2.5,8.3,47.4,39.7,2.0
20221230195642,0.1,0.0,0.9,13.8,31.2,19.6,31.8,2.5
20221230195712,0.1,0.0,0.1,8.8,19.6,21.5,44.1,5.9
20221230195742,0.0,0.0,0.0,5.0,13.8,4.0,76.4,0.8
20221230195812,0.0,0.0,0.0,4.2,0.9,0.6,94.1,0.2
20221230195842,0.0,0.0,0.0,1.7,9.6,1.0,87.2,0.5
20221230195912,0.0,0.0,0.0,3.4,9.7,4.2,82.4,0.3
20221230195942,0.0,0.0,0.0,1.3,8.8,9.0,80.3,0.5
20221230200012,0.0,0.0,0.0,0.5,2.0,0.5,96.8,0.1
20221230200042,0.0,0.0,0.0,0.3,0.4,0.3,98.8,0.2
20221230200112,0.0,0.0,0.0,0.1,1.5,1.0,97.3,0.1
20221230200142,0.0,0.0,0.0,0.1,9.2,3.3,86.7,0.6
20221230200212,0.0,0.0,0.0,0.1,15.0,1.6,81.3,1.9
20221230200242,0.0,0.0,0.0,0.1,8.0,9.9,81.8,0.1
20221230200312,0.0,0.0,0.0,0.0,1.5,1.3,97.1,0.1
20221230200342,0.0,0.0,0.0,0.1,2.9,4.9,91.6,0.4
20221230200412,0.0,0.0,0.0,0.2,6.7,4.4,88.6,0.1
20221230200442,0.0,0.0,0.0,0.0,7.1,9.8,82.9,0.1
20221230200512,0.0,0.0,0.0,0.0,3.3,40.1,56.5,0.0
20221230200542,0.0,0.0,0.0,0.0,1.6,24.2,74.1,0.0
20221230200612,0.0,0.0,0.0,0.0,0.4,23.6,76.0,0.0
20221230200642,0.2,0.0,0.0,0.0,2.3,65.9,31.6,0.0
20221230200712,0.1,0.0,0.0,0.0,1.5,36.2,62.2,0.0
20221230200742,0.1,0.0,0.0,0.0,4.0,86.1,9.7,0.0
20221230200812,0.0,0.0,0.0,0.0,0.6,94.2,5.2,0.0
20221230200842,0.0,0.0,0.0,0.0,0.9,92.5,6.5,0.0
20221230200912,0.0,0.0,0.0,0.0,0.5,98.0,1.5,0.0
20221230200942,0.0,0.0,0.0,0.0,1.4,95.2,3.3,0.0
20221230201012,0.0,0.0,0.0,0.0,0.8,93.1,6.0,0.0
20221230201042,0.0,0.0,0.0,0.0,0.7,39.8,59.4,0.0
20221230201112,0.0,0.0,0.0,0.0,0.6,68.3,31.0,0.0
