UT,arc,discrete,diffuse,ac,ab,clear,cloudy,dd
20221203132000,0.0,0.0,0.0,0.0,0.0,0.0,0.0,100.0
20221203132030,0.0,0.0,0.0,0.0,0.0,0.0,0.0,100.0
20221203132100,0.0,0.0,0.0,0.0,0.0,0.0,0.0,100.0
20221203132130,0.0,0.0,0.0,0.0,0.0,0.0,0.0,100.0
20221203132200,0.0,0.0,0.0,0.0,0.0,0.0,0.0,100.0
20221203132230,0.0,0.0,0.0,0.0,0.0,0.0,0.0,100.0
20221203132300,0.0,0.0,0.0,0.0,0.0,0.0,0.0,100.0
20221203132330,0.0,0.0,0.0,0.0,0.0,0.0,0.0,100.0
20221203132400,0.0,0.0,0.0,0.0,0.0,0.0,0.0,100.0
20221203132430,0.0,0.0,0.0,0.0,0.0,0.0,0.0,100.0
20221203132500,0.0,0.0,0.0,0.0,0.0,0.0,0.0,100.0
20221203132530,0.0,0.0,0.0,0.0,0.0,0.0,0.0,100.0
20221203132600,0.0,0.0,0.0,0.0,0.0,0.0,0.0,100.0
20221203132630,0.0,0.0,0.0,0.0,0.0,0.0,0.0,100.0
20221203132700,0.0,0.0,0.0,0.0,0.0,0.0,0.0,100.0
20221203132730,0.0,0.0,0.0,0.0,0.0,0.0,0.0,100.0
20221203132800,0.0,0.0,0.0,0.0,0.0,0.0,0.0,100.0
20221203132830,0.0,0.0,0.0,0.0,0.0,0.0,0.0,100.0
20221203132900,0.0,0.0,0.0,0.0,0.0,0.0,0.0,100.0
20221203132930,0.0,0.0,0.0,0.0,0.0,0.0,0.0,100.0
20221203133000,0.0,0.0,0.0,0.0,0.0,0.0,0.0,100.0
20221203133030,0.0,0.0,0.0,0.0,0.0,0.0,0.0,100.0
20221203133100,0.0,0.0,0.0,0.0,0.0,0.0,0.0,100.0
20221203133130,0.0,0.0,0.0,0.0,0.0,0.0,0.0,100.0
20221203133200,0.0,0.0,0.0,0.0,0.0,0.0,0.0,100.0
20221203133230,0.0,0.0,0.0,0.0,0.0,0.0,0.0,100.0
20221203133300,0.0,0.0,0.0,0.0,0.0,0.0,0.0,100.0
20221203133330,0.0,0.0,0.0,0.0,0.0,0.0,0.0,100.0
20221203133400,0.0,0.0,0.0,0.0,0.0,0.0,0.0,100.0
20221203133430,0.0,0.0,0.0,0.0,0.0,0.0,0.0,100.0
20221203133500,0.0,0.0,0.0,0.0,0.0,0.0,0.0,100.0
20221203133530,0.0,0.0,0.0,0.0,0.0,0.0,0.0,100.0
20221203133600,0.0,0.0,0.0,0.0,0.0,0.0,0.0,100.0
20221203133630,0.0,0.0,0.0,0.0,0.0,0.0,0.0,100.0
20221203133700,0.0,0.0,0.0,0.0,0.0,0.0,0.0,100.0
20221203133730,0.0,0.0,0.0,0.0,0.0,0.0,0.0,100.0
20221203133800,0.0,0.0,0.0,0.0,0.0,0.0,0.0,100.0
20221203133830,0.0,0.0,0.0,0.0,0.0,0.0,0.0,100.0
20221203133900,0.0,0.0,0.0,0.0,0.0,0.0,0.0,100.0
20221203133930,0.0,0.0,0.0,0.0,0.0,0.0,0.0,100.0
20221203134000,0.0,0.0,0.0,0.0,0.0,0.0,0.0,100.0
20221203134030,0.0,0.0,0.0,0.0,0.0,0.0,0.0,100.0
20221203134100,0.0,0.0,0.0,0.0,0.0,0.0,0.0,100.0
20221203134130,0.0,0.0,0.0,0.0,0.0,0.0,0.0,100.0
20221203134200,0.0,0.0,0.0,0.0,0.0,0.0,0.0,100.0
20221203134230,0.0,0.0,0.0,0.0,0.0,0.0,0.0,100.0
20221203134300,0.0,0.0,0.0,0.0,0.0,0.0,0.0,100.0
20221203134330,0.0,0.0,0.0,0.0,0.0,0.0,0.0,100.0
20221203134400,0.0,0.0,0.0,0.0,0.0,0.0,0.0,100.0
20221203134430,0.0,0.0,0.0,0.0,0.0,0.0,0.0,100.0
20221203134500,0.0,0.0,0.0,0.0,0.0,0.0,0.0,100.0
20221203134530,0.0,0.0,0.0,0.0,0.0,0.0,0.0,100.0
20221203134600,0.0,0.0,0.0,0.0,0.0,0.0,0.0,100.0
20221203134630,0.0,0.0,0.0,0.0,0.0,0.0,0.0,100.0
20221203134700,0.0,0.0,0.0,0.0,0.0,0.0,0.0,100.0
20221203134730,0.0,0.0,0.0,0.0,0.0,0.0,0.0,100.0
20221203134800,0.0,0.0,0.0,0.0,0.0,0.0,0.0,100.0
20221203134830,0.0,0.0,0.0,0.0,0.0,0.0,0.0,100.0
20221203134900,0.0,0.0,0.0,0.0,0.0,0.0,0.0,100.0
20221203134930,0.0,0.0,0.0,0.0,0.0,0.0,0.0,100.0
20221203135000,0.0,0.0,0.0,0.0,0.0,0.0,0.0,100.0
20221203135030,0.0,0.0,0.0,0.0,0.0,0.0,0.0,100.0
20221203135100,0.0,0.0,0.0,0.0,0.0,0.0,0.0,100.0
20221203135130,0.0,0.0,0.0,0.0,0.0,0.0,0.0,100.0
20221203135200,0.0,0.0,0.0,0.0,0.0,0.0,0.0,100.0
20221203135230,0.0,0.0,0.0,0.0,0.0,0.0,0.0,100.0
20221203135301,0.0,0.0,0.0,0.0,0.0,0.0,0.0,100.0
20221203135331,0.0,0.0,0.0,0.0,0.0,0.0,0.0,100.0
20221203135401,0.0,0.0,0.0,0.0,0.0,0.0,0.0,100.0
20221203135431,0.0,0.0,0.0,0.0,0.0,0.0,0.0,100.0
20221203135501,0.0,0.0,0.0,0.0,0.0,0.0,0.0,100.0
20221203135531,0.0,0.0,0.0,0.0,0.0,0.0,0.0,100.0
20221203135601,0.0,0.0,0.0,0.0,0.0,0.0,0.0,100.0
20221203135631,0.0,0.0,0.0,0.0,0.0,0.0,0.0,100.0
20221203135701,0.0,0.0,0.0,0.0,0.0,0.0,0.0,100.0
20221203135731,0.0,0.0,0.0,0.0,0.0,0.0,0.0,100.0
20221203135801,0.0,0.0,0.0,0.0,0.0,0.0,0.0,100.0
20221203135831,0.0,0.0,0.0,0.0,0.0,0.0,0.0,100.0
20221203135901,0.0,0.0,0.0,0.0,0.0,0.0,0.0,100.0
20221203135931,0.0,0.0,0.0,0.0,0.0,0.0,0.0,100.0
20221203140001,0.0,0.0,0.0,0.0,0.0,0.0,0.0,100.0
20221203140031,0.0,0.0,0.0,0.0,0.0,0.0,0.0,100.0
20221203140101,0.0,0.0,0.0,0.0,0.0,0.0,0.0,100.0
20221203140131,0.0,0.0,0.0,0.0,0.0,0.0,0.0,100.0
20221203140201,0.0,0.0,0.0,0.0,0.0,0.0,0.0,100.0
20221203140231,0.0,0.0,0.0,0.0,0.0,0.0,0.0,100.0
20221203140301,0.0,0.0,0.0,0.0,0.0,0.0,0.0,100.0
20221203140331,0.0,0.0,0.0,0.0,0.0,0.0,0.0,100.0
20221203140401,0.0,0.0,0.0,0.0,0.0,0.0,0.0,100.0
20221203140431,0.0,0.0,0.0,0.0,0.0,0.0,0.0,100.0
20221203140501,0.0,0.0,0.0,0.0,0.0,0.0,0.0,100.0
20221203140531,0.0,0.0,0.0,0.0,0.0,0.0,0.0,100.0
20221203140601,0.0,0.0,0.0,0.0,0.0,0.0,0.0,100.0
20221203140631,0.0,0.0,0.0,0.0,0.0,0.0,0.0,100.0
20221203140701,0.0,0.0,0.0,0.0,0.0,0.0,0.0,100.0
20221203140731,0.0,0.0,0.0,0.0,0.0,0.0,0.0,100.0
20221203140801,0.0,0.0,0.0,0.0,0.0,0.0,0.0,100.0
20221203140831,0.0,0.0,0.0,0.0,0.0,0.0,0.0,100.0
20221203140901,0.0,0.0,0.0,0.0,0.0,0.0,0.0,100.0
20221203140931,0.0,0.0,0.0,0.0,0.0,0.0,0.0,100.0
20221203141001,0.0,0.0,0.0,0.0,0.0,0.0,0.0,100.0
20221203141031,0.0,0.0,0.0,0.0,0.0,0.0,0.0,100.0
20221203141101,0.0,0.0,0.0,0.0,0.0,0.0,0.0,100.0
20221203141131,0.0,0.0,0.0,0.0,0.0,0.0,0.0,100.0
20221203141201,0.0,0.0,0.0,0.0,0.0,0.0,0.0,100.0
20221203141231,0.0,0.0,0.0,0.0,0.0,0.0,0.0,100.0
20221203141301,0.0,0.0,0.0,0.0,0.0,0.0,0.0,100.0
20221203141331,0.0,0.0,0.0,0.0,0.0,0.0,0.0,100.0
20221203141401,0.0,0.0,0.0,0.0,0.0,0.0,0.0,100.0
20221203141431,0.0,0.0,0.0,0.0,0.0,0.0,0.0,100.0
20221203141501,0.0,0.0,0.0,0.0,0.0,0.0,0.0,100.0
20221203141531,0.0,0.0,0.0,0.0,0.0,0.0,0.0,100.0
20221203141601,0.0,0.0,0.0,0.0,0.0,0.0,0.0,100.0
20221203141631,0.0,0.0,0.0,0.0,0.0,0.0,0.0,100.0
20221203141701,0.0,0.0,0.0,0.0,0.0,0.0,0.0,100.0
20221203141731,0.0,0.0,0.0,0.0,0.0,0.0,0.0,100.0
20221203141801,0.0,0.0,0.0,0.0,0.0,0.0,0.0,100.0
20221203141831,0.0,0.0,0.0,0.0,0.0,0.0,0.0,100.0
20221203141901,0.0,0.0,0.0,0.0,0.0,0.0,0.0,100.0
20221203141931,0.0,0.0,0.0,0.0,0.0,0.0,0.0,100.0
20221203142131,0.0,0.0,0.0,0.0,0.0,0.0,0.0,100.0
20221203142201,0.0,0.0,0.0,0.0,0.0,0.0,0.0,100.0
20221203142231,0.0,0.0,0.0,0.0,0.0,0.0,0.0,100.0
20221203142301,0.0,0.0,0.0,0.0,0.0,0.0,0.0,100.0
20221203142331,0.0,0.0,0.0,0.0,0.0,0.0,0.0,100.0
20221203142401,0.0,0.0,0.0,0.0,0.0,0.0,0.0,100.0
20221203142431,0.0,0.0,0.0,0.0,0.0,0.0,0.0,100.0
20221203142501,0.0,0.0,0.0,0.0,0.0,0.0,0.0,100.0
20221203142531,0.0,0.0,0.0,0.0,0.0,0.0,0.0,100.0
20221203142601,0.0,0.0,0.0,0.0,0.0,0.0,0.0,100.0
20221203142631,0.0,0.0,0.0,0.0,0.0,0.0,0.0,100.0
20221203142701,0.0,0.0,0.0,0.0,0.0,0.0,0.0,100.0
20221203142732,0.0,0.0,0.0,0.0,0.0,0.0,0.0,100.0
20221203142802,0.0,0.0,0.0,0.0,0.0,0.0,0.0,100.0
20221203142832,0.0,0.0,0.0,0.0,0.0,0.0,0.0,100.0
20221203142902,0.0,0.0,0.0,0.0,0.0,0.0,0.0,100.0
20221203142932,0.0,0.0,0.0,0.0,0.0,0.0,0.0,100.0
20221203143002,0.0,0.0,0.0,0.0,0.0,0.0,0.0,100.0
20221203143032,0.0,0.0,0.0,0.0,0.0,0.0,0.0,100.0
20221203143102,0.0,0.0,0.0,0.0,0.0,0.0,0.0,100.0
20221203143132,0.0,0.0,0.0,0.0,0.0,0.0,0.0,100.0
20221203143202,0.0,0.0,0.0,0.0,0.0,0.0,0.0,100.0
20221203143232,0.0,0.0,0.0,0.0,0.0,0.0,0.0,100.0
20221203143302,0.0,0.0,0.0,0.0,0.0,0.0,0.0,100.0
20221203143332,0.0,0.0,0.0,0.0,0.0,0.0,0.0,100.0
20221203143402,0.0,0.0,0.0,0.0,0.0,0.0,0.0,100.0
20221203143432,0.0,0.0,0.0,0.0,0.0,0.0,0.0,100.0
20221203143502,0.0,0.0,0.0,0.0,0.0,0.0,0.0,100.0
20221203143532,0.0,0.0,0.0,0.0,0.0,0.0,0.0,100.0
20221203143602,0.0,0.0,0.0,0.0,0.0,0.0,0.0,100.0
20221203143632,0.0,0.0,0.0,0.0,0.0,0.0,0.0,100.0
20221203143702,0.0,0.0,0.0,0.0,0.0,0.0,0.0,100.0
20221203143732,0.0,0.0,0.0,0.0,0.0,0.0,0.0,100.0
20221203143802,0.0,0.0,0.0,0.0,0.0,0.0,0.0,100.0
20221203143832,0.0,0.0,0.0,0.0,0.0,0.0,0.0,100.0
20221203143902,0.0,0.0,0.0,0.0,0.0,0.0,0.0,100.0
20221203143932,0.0,0.0,0.0,0.0,0.0,0.0,0.0,100.0
20221203144002,0.0,0.0,0.0,0.0,0.0,0.0,0.0,100.0
20221203144032,0.0,0.0,0.0,0.0,0.0,0.0,0.0,100.0
20221203144102,0.0,0.0,0.0,0.0,0.0,0.0,0.0,100.0
20221203144132,0.0,0.0,0.0,0.0,0.0,0.0,0.0,100.0
20221203144202,0.0,0.0,0.0,0.0,0.0,0.0,0.0,100.0
20221203144232,0.0,0.0,0.0,0.0,0.0,0.0,0.0,100.0
20221203144302,0.0,0.0,0.0,0.0,0.0,0.0,0.0,100.0
20221203144332,0.0,0.0,0.0,0.0,0.0,0.0,0.0,100.0
20221203144402,0.0,0.0,0.0,0.0,0.0,0.0,0.0,100.0
20221203144432,0.0,0.0,0.0,0.0,0.0,0.0,0.0,100.0
20221203144502,0.0,0.0,0.0,0.0,0.0,0.0,0.0,100.0
20221203144532,0.0,0.0,0.0,0.0,0.0,0.0,0.0,100.0
20221203144602,0.0,0.0,0.0,0.0,0.0,0.0,0.0,100.0
20221203144632,0.0,0.0,0.0,0.0,0.0,0.0,0.0,100.0
20221203144702,0.0,0.0,0.0,0.0,0.0,0.0,0.0,100.0
20221203144732,0.0,0.0,0.0,0.0,0.0,0.0,0.0,100.0
20221203144802,0.0,0.0,0.0,0.0,0.0,0.0,0.0,100.0
20221203144832,0.0,0.0,0.0,0.0,0.0,0.0,0.0,100.0
20221203144902,0.0,0.0,0.0,0.0,0.0,0.0,0.0,100.0
20221203144932,0.0,0.0,0.0,0.0,0.0,0.0,0.0,100.0
20221203145002,0.0,0.0,0.0,0.0,0.0,0.0,0.0,100.0
20221203145032,0.0,0.0,0.0,0.0,0.0,0.0,0.0,100.0
20221203145102,0.0,0.0,0.0,0.0,0.0,0.0,0.0,100.0
20221203145132,0.0,0.0,0.0,0.0,0.0,0.0,0.0,100.0
20221203145202,0.0,0.0,0.0,0.0,0.0,0.0,0.0,100.0
20221203145232,0.0,0.0,0.0,0.0,0.0,0.0,0.0,100.0
20221203145302,0.0,0.0,0.0,0.0,0.0,0.0,0.0,100.0
20221203145332,0.0,0.0,0.0,0.0,0.0,0.0,0.0,100.0
20221203145402,0.0,0.0,0.0,0.0,0.0,0.0,0.0,100.0
20221203145433,0.0,0.0,0.0,0.0,0.0,0.0,0.0,100.0
20221203145503,0.0,0.0,0.0,0.0,0.0,0.0,0.0,100.0
20221203145533,0.0,0.0,0.0,0.0,0.0,0.0,0.0,100.0
20221203145603,0.0,0.0,0.0,0.0,0.0,0.0,0.0,100.0
20221203145633,0.0,0.0,0.0,0.0,0.0,0.0,0.0,100.0
20221203145703,0.0,0.0,0.0,0.0,0.0,0.0,0.0,100.0
20221203145733,0.0,0.0,0.0,0.0,0.0,0.0,0.0,100.0
20221203145803,0.0,0.0,0.0,0.0,0.0,0.0,0.0,100.0
20221203145833,0.0,0.0,0.0,0.0,0.0,0.0,0.0,100.0
20221203145903,0.0,0.0,0.0,0.0,0.0,0.0,0.0,100.0
20221203145933,0.0,0.0,0.0,0.0,0.0,0.0,0.0,100.0
20221203150003,0.0,0.0,0.0,0.0,0.0,0.0,0.0,100.0
20221203150033,0.0,0.0,0.0,0.0,0.0,0.0,0.0,100.0
20221203150103,0.0,0.0,0.0,0.0,0.0,0.0,0.0,100.0
20221203150133,0.0,0.0,0.0,0.0,0.0,0.0,0.0,100.0
20221203150203,0.0,0.0,0.0,0.0,0.0,0.0,0.0,100.0
20221203150233,0.1,0.0,0.0,0.0,2.7,0.3,0.0,96.9
20221203150303,7.0,0.0,0.0,0.0,71.7,0.4,0.0,20.8
20221203150333,1.7,0.0,0.0,0.0,70.0,1.1,0.0,27.1
20221203150403,0.1,0.0,0.0,0.0,45.4,0.6,0.2,53.8
20221203150433,0.1,0.0,0.0,0.0,79.0,1.0,0.1,19.7
20221203150503,0.2,0.0,0.0,0.0,34.2,3.1,0.7,61.8
20221203150533,0.1,0.0,0.0,0.0,84.7,1.4,1.6,12.1
20221203150603,0.1,0.0,0.0,0.0,68.0,3.1,1.6,27.2
20221203150633,0.1,0.0,0.0,0.0,35.4,3.5,1.8,59.2
20221203150703,0.0,0.0,0.0,0.0,28.0,5.9,1.5,64.6
20221203150733,0.0,0.0,0.0,0.0,35.2,7.7,1.4,55.7
20221203150803,0.1,0.0,0.0,0.0,79.1,9.7,1.5,9.7
20221203150833,0.1,0.0,0.0,0.0,94.0,1.3,0.6,4.0
20221203150903,0.1,0.0,0.0,0.0,97.7,0.3,0.1,1.8
20221203150933,0.1,0.0,0.0,0.0,92.8,1.3,0.0,5.7
20221203151003,0.5,0.0,0.0,0.0,93.1,0.8,0.1,5.6
20221203151033,0.3,0.0,0.0,0.0,78.3,2.4,0.1,18.9
20221203151103,0.2,0.0,0.0,0.0,89.8,1.7,0.1,8.2
20221203151133,0.2,0.0,0.0,0.0,90.2,0.5,0.0,9.0
20221203151203,0.1,0.0,0.0,0.0,92.6,0.9,0.1,6.3
20221203151233,0.4,0.0,0.0,0.0,78.1,2.0,0.8,18.8
20221203151303,0.2,0.0,0.0,0.0,88.9,2.6,0.2,8.0
20221203151333,0.2,0.0,0.1,0.0,91.8,3.9,0.8,3.2
20221203151403,0.3,0.0,0.0,0.0,77.5,11.1,0.2,10.8
20221203151433,0.9,0.0,0.0,0.0,50.9,15.8,0.5,31.9
20221203151503,0.2,0.0,0.0,0.0,90.2,2.8,0.2,6.5
20221203151533,0.1,0.0,0.0,0.0,67.9,1.6,0.1,30.2
20221203151603,0.1,0.0,0.0,0.0,17.7,1.5,0.1,80.5
20221203151633,0.1,0.0,0.0,0.0,83.9,1.2,0.1,14.7
20221203151703,0.1,0.0,0.0,0.0,87.8,0.2,0.2,11.7
20221203151733,0.1,0.0,0.0,0.0,88.7,0.6,0.5,10.1
20221203151803,0.1,0.0,0.0,0.0,86.3,0.2,0.1,13.3
20221203151833,0.2,0.0,0.0,0.0,88.2,0.7,0.1,10.9
20221203151903,0.1,0.0,0.0,0.0,88.9,0.4,0.1,10.4
20221203151933,0.3,0.0,0.0,0.0,97.3,0.1,0.0,2.3
20221203152003,0.5,0.0,0.0,0.0,99.0,0.1,0.0,0.4
20221203152033,4.9,0.0,0.0,0.0,95.0,0.0,0.0,0.1
20221203152103,19.9,0.0,0.0,0.0,80.0,0.0,0.0,0.1
20221203152133,4.3,0.0,0.0,0.0,95.6,0.0,0.0,0.1
20221203152203,7.7,0.0,0.0,0.0,92.1,0.0,0.0,0.1
20221203152233,1.3,0.0,0.0,0.0,98.2,0.0,0.0,0.5
20221203152303,0.9,0.0,0.0,0.0,96.3,0.1,0.0,2.6
20221203152333,0.5,0.0,0.0,0.0,91.3,0.4,0.0,7.9
20221203152403,0.5,0.0,0.0,0.0,97.1,0.2,0.0,2.2
20221203152433,0.8,0.0,0.0,0.0,94.4,0.3,0.0,4.5
20221203152503,8.7,0.0,0.0,0.0,89.2,0.4,0.0,1.7
20221203152533,3.6,0.0,0.0,0.0,86.5,0.6,0.0,9.3
20221203152603,0.6,0.0,0.0,0.0,67.9,1.0,0.2,30.3
20221203152633,0.7,0.0,0.0,0.0,76.4,1.1,0.0,21.7
20221203152703,0.4,0.0,0.0,0.0,82.1,0.8,0.2,16.5
20221203152733,0.2,0.0,0.0,0.0,79.8,0.6,0.2,19.1
20221203152803,0.2,0.0,0.0,0.0,69.7,1.3,0.4,28.3
20221203152833,0.1,0.0,0.0,0.0,63.8,0.7,0.7,34.8
20221203152904,0.0,0.0,0.0,0.0,78.6,0.3,0.4,20.6
20221203152934,0.0,0.0,0.0,0.0,69.6,1.1,2.6,26.6
20221203153004,0.2,0.0,0.0,0.0,79.0,1.5,0.7,18.6
20221203153034,0.8,0.0,0.0,0.0,59.5,1.6,1.9,36.1
20221203153104,0.1,0.0,0.0,0.0,83.1,0.7,0.2,15.9
20221203153134,0.2,0.0,0.0,0.0,93.4,0.2,0.4,5.8
20221203153204,0.6,0.0,0.0,0.0,61.6,0.6,0.5,36.7
20221203153234,0.3,0.0,0.0,0.0,85.8,0.3,0.3,13.3
20221203153304,0.7,0.0,0.0,0.0,70.1,1.4,1.3,26.5
20221203153334,1.2,0.0,0.0,0.0,68.4,0.7,0.3,29.4
20221203153404,0.2,0.0,0.0,0.0,75.4,0.4,0.0,24.0
20221203153434,0.3,0.0,0.0,0.0,82.0,1.2,0.1,16.5
20221203153504,1.2,0.0,0.0,0.0,66.8,0.6,0.5,30.8
20221203153534,0.3,0.0,0.0,0.0,81.9,0.3,0.2,17.3
20221203153604,0.5,0.0,0.0,0.0,62.5,0.2,0.1,36.7
20221203153634,0.4,0.0,0.0,0.0,75.6,0.2,0.2,23.5
20221203153704,0.8,0.0,0.0,0.0,47.3,1.4,0.6,49.9
20221203153734,0.5,0.0,0.0,0.0,41.4,0.2,0.5,57.3
20221203153804,0.1,0.0,0.0,0.0,69.3,0.4,0.3,29.8
20221203153834,0.1,0.0,0.0,0.0,59.0,0.7,1.5,38.8
20221203153904,0.4,0.0,0.0,0.0,50.0,1.4,1.8,46.3
20221203153934,0.3,0.0,0.0,0.0,42.9,0.8,0.5,55.4
20221203154004,1.8,0.0,0.0,0.0,66.6,1.5,0.2,29.9
20221203154034,0.6,0.0,0.0,0.0,73.3,0.3,0.3,25.4
20221203154104,1.0,0.0,0.0,0.0,41.2,1.2,0.3,56.2
20221203154134,4.4,0.0,0.1,0.0,70.8,1.4,0.4,23.0
20221203154204,1.4,0.0,0.0,0.0,89.8,0.2,0.1,8.4
20221203154234,0.4,0.0,0.1,0.0,79.8,2.4,0.4,16.8
20221203154304,0.3,0.0,0.0,0.0,63.0,0.5,0.3,35.9
20221203154334,0.2,0.0,0.1,0.0,84.9,0.1,0.2,14.4
20221203154404,0.1,0.0,0.1,0.0,92.2,0.0,0.0,7.5
20221203154434,0.0,0.0,0.0,0.0,99.7,0.0,0.0,0.2
20221203154504,0.1,0.0,0.0,0.0,99.2,0.0,0.0,0.6
20221203154534,0.4,0.0,0.1,0.0,99.1,0.0,0.1,0.2
20221203154604,0.4,0.0,0.2,0.0,99.0,0.0,0.1,0.3
20221203154634,0.1,0.0,0.1,0.0,99.6,0.0,0.0,0.2
20221203154704,0.0,0.0,0.0,0.0,99.0,0.0,0.7,0.2
20221203154734,0.2,0.0,0.6,0.0,94.1,0.2,2.2,2.8
20221203154804,0.0,0.0,0.3,0.0,97.2,0.0,2.3,0.2
20221203154834,0.1,0.0,0.0,0.0,91.8,0.5,6.1,1.5
20221203154904,1.2,0.0,0.5,0.0,67.2,5.4,10.8,14.8
20221203154934,0.3,0.0,0.1,0.0,41.7,38.7,16.8,2.4
20221203155004,0.0,0.0,0.0,0.0,21.4,3.3,74.1,1.1
20221203155034,0.1,0.0,0.0,0.0,49.4,12.0,37.6,1.0
20221203155104,0.0,0.0,0.0,0.0,25.2,2.8,69.5,2.4
20221203155134,0.1,0.0,0.0,0.0,40.5,4.9,54.0,0.6
20221203155204,0.0,0.0,0.0,0.0,46.3,24.6,28.5,0.4
20221203155234,0.1,0.0,0.0,0.0,51.9,27.1,19.8,1.0
20221203155304,0.1,0.0,0.0,0.0,48.5,42.8,7.9,0.7
20221203155334,0.2,0.0,0.0,0.0,28.0,56.9,10.4,4.4
20221203155404,0.1,0.0,0.0,0.0,19.7,53.6,25.4,1.3
20221203155434,0.0,0.0,0.0,0.0,8.1,78.0,12.9,1.0
20221203155504,0.1,0.0,0.0,0.0,27.1,54.6,17.1,1.1
20221203155534,0.0,0.0,0.1,0.0,7.4,51.5,39.9,1.1
20221203155604,0.1,0.0,0.1,0.0,42.0,39.5,14.8,3.5
20221203155634,0.0,0.0,0.1,0.0,59.2,20.2,15.5,4.9
20221203155704,0.1,0.0,0.0,0.0,28.7,42.0,13.5,15.7
20221203155734,0.1,0.0,0.1,0.0,20.6,42.8,31.8,4.6
20221203155804,0.0,0.0,0.0,0.0,57.7,7.6,19.8,14.8
20221203155834,0.1,0.0,0.1,0.0,60.1,16.8,14.7,8.3
20221203155904,0.1,0.0,0.1,0.0,33.1,46.3,16.0,4.4
20221203155934,0.1,0.0,0.1,0.0,25.1,52.0,20.5,2.2
20221203160004,0.0,0.0,0.0,0.0,33.0,43.5,16.8,6.7
20221203160034,0.0,0.0,0.0,0.0,46.8,16.8,34.7,1.7
20221203160104,0.0,0.0,0.0,0.0,29.3,41.2,26.7,2.8
20221203160134,0.0,0.0,0.0,0.0,72.2,11.1,9.7,7.0
20221203160204,0.0,0.0,0.0,0.0,30.4,23.5,45.4,0.6
20221203160234,0.0,0.0,0.0,0.0,13.4,25.5,60.3,0.8
20221203160305,0.0,0.0,0.0,0.0,3.7,57.2,38.9,0.1
20221203160335,0.0,0.0,0.0,0.0,7.1,20.0,72.8,0.0
20221203160405,0.0,0.0,0.0,0.0,6.8,64.7,28.4,0.1
20221203160435,0.0,0.0,0.0,0.0,13.3,37.1,49.3,0.2
20221203160505,0.0,0.0,0.0,0.0,10.1,28.9,60.8,0.2
20221203160535,0.0,0.0,0.0,0.0,7.9,12.3,79.7,0.1
20221203160605,0.0,0.0,0.0,0.0,7.4,6.7,85.8,0.1
20221203160635,0.0,0.0,0.0,0.0,10.3,13.6,76.0,0.1
20221203160705,0.0,0.0,0.0,0.0,12.4,6.5,81.0,0.0
20221203160735,0.0,0.0,0.0,0.0,10.0,5.2,84.7,0.1
20221203160805,0.0,0.0,0.0,0.0,1.8,6.2,91.9,0.0
20221203160835,0.0,0.0,0.0,0.0,17.3,15.7,66.8,0.1
20221203160905,0.0,0.0,0.0,0.0,2.3,28.4,69.2,0.1
20221203160935,0.0,0.0,0.0,0.0,2.0,26.1,71.7,0.2
20221203161005,0.0,0.0,0.0,0.0,1.3,8.3,90.2,0.0
20221203161035,0.0,0.0,0.0,0.0,1.1,28.5,70.2,0.2
20221203161105,0.0,0.0,0.0,0.0,2.4,32.6,64.8,0.2
20221203161135,0.0,0.0,0.0,0.0,1.0,68.5,29.9,0.6
20221203161205,0.0,0.0,0.0,0.0,0.8,87.7,10.6,0.9
20221203161235,0.0,0.0,0.0,0.0,1.0,93.8,5.1,0.1
20221203161305,0.0,0.0,0.0,0.0,4.4,71.2,23.7,0.7
20221203161335,0.0,0.0,0.2,0.0,4.5,31.9,62.6,0.8
20221203161405,0.0,0.0,0.5,0.0,7.9,55.8,28.8,7.0
20221203161435,0.0,0.0,0.1,0.0,3.0,15.3,79.2,2.4
20221203161505,0.0,0.0,0.1,0.0,2.5,42.1,50.4,4.9
20221203161535,0.0,0.0,0.0,0.0,4.3,22.0,70.6,3.1
20221203161605,0.0,0.0,0.1,0.0,4.1,34.4,59.1,2.3
20221203161635,0.0,0.0,0.2,0.0,16.0,37.6,44.3,1.8
20221203161705,0.0,0.0,0.0,0.0,4.0,78.1,17.5,0.4
20221203161735,0.0,0.0,0.0,0.0,3.7,70.4,25.6,0.3
20221203161805,0.0,0.0,0.0,0.0,1.8,31.8,65.9,0.4
20221203161835,0.0,0.0,0.0,0.0,1.3,9.6,89.1,0.1
20221203161905,0.0,0.0,0.0,0.0,1.1,3.5,95.4,0.0
20221203161935,0.0,0.0,0.0,0.0,0.3,2.8,96.8,0.0
20221203162005,0.0,0.0,0.0,0.0,0.4,1.4,98.1,0.0
20221203162035,0.0,0.0,0.0,0.0,26.8,5.3,67.8,0.1
20221203162105,0.0,0.0,0.0,0.0,14.6,5.3,80.0,0.2
20221203162135,0.0,0.0,0.0,0.0,22.9,38.9,37.3,0.9
20221203162205,0.0,0.0,0.0,0.0,19.7,30.7,49.4,0.2
20221203162235,0.0,0.0,0.0,0.0,8.3,11.7,79.8,0.2
20221203162305,0.0,0.0,0.0,0.0,11.7,2.5,84.9,0.9
20221203162335,0.0,0.0,0.0,0.0,17.3,4.9,77.6,0.1
20221203162405,0.0,0.0,0.0,0.0,2.1,23.0,74.8,0.0
20221203162435,0.0,0.0,0.0,0.0,1.4,38.3,60.2,0.0
20221203162505,0.0,0.0,0.0,0.0,2.0,28.8,69.2,0.0
20221203162535,0.0,0.0,0.0,0.0,2.6,32.8,64.6,0.0
20221203162605,0.0,0.0,0.0,0.0,0.6,15.9,83.4,0.0
20221203162635,0.0,0.0,0.0,0.0,6.7,48.0,45.1,0.1
20221203162705,0.0,0.0,0.0,0.0,2.6,54.8,42.5,0.1
20221203162735,0.0,0.0,0.0,0.0,4.0,63.1,32.9,0.0
20221203162805,0.0,0.0,0.0,0.0,6.1,61.1,32.8,0.0
20221203162835,0.0,0.0,0.0,0.0,1.8,83.1,15.0,0.1
20221203162905,0.0,0.0,0.0,0.0,6.1,82.3,11.6,0.0
20221203162935,0.0,0.0,0.0,0.0,9.0,76.2,14.8,0.1
20221203163005,0.0,0.0,0.0,0.0,2.7,79.1,18.2,0.0
20221203163035,0.0,0.0,0.0,0.0,7.8,55.9,35.9,0.3
20221203163105,0.0,0.0,0.0,0.0,2.8,71.2,25.7,0.3
20221203163135,0.0,0.0,0.0,0.0,3.5,69.8,24.4,2.3
20221203163205,0.0,0.0,0.0,0.0,3.7,18.4,54.1,23.8
20221203163235,0.0,0.0,0.0,0.0,0.3,52.4,45.6,1.7
20221203163305,0.0,0.0,0.0,0.0,0.8,54.8,40.2,4.2
20221203163335,0.0,0.0,0.0,0.0,0.6,6.3,90.3,2.8
20221203163405,0.0,0.0,0.0,0.0,1.7,72.8,11.3,14.2
20221203163435,0.0,0.0,0.1,0.0,5.2,36.5,53.8,4.4
20221203163506,0.0,0.0,0.0,0.0,11.0,42.1,31.8,15.0
20221203163536,0.0,0.0,0.2,0.0,36.7,9.7,43.7,9.7
20221203163606,0.0,0.0,0.0,0.0,6.2,28.7,63.5,1.6
20221203163636,0.0,0.0,0.2,0.0,5.0,25.7,66.0,3.2
20221203163706,0.0,0.0,0.0,0.0,8.4,1.8,65.8,24.0
20221203163736,0.0,0.0,0.1,0.0,29.4,2.5,46.9,21.2
20221203163806,0.0,0.0,0.0,0.0,37.5,2.3,42.0,18.2
20221203163836,0.0,0.0,0.1,0.0,42.1,8.3,30.1,19.4
20221203163906,0.0,0.0,0.0,0.0,50.9,0.7,20.5,27.8
20221203163936,0.0,0.0,0.0,0.0,49.8,1.9,35.5,12.8
20221203164006,0.0,0.0,0.1,0.0,57.1,0.9,8.2,33.8
20221203164036,0.0,0.0,0.0,0.0,28.8,0.3,4.0,66.9
20221203164106,0.0,0.0,0.0,0.0,33.5,3.0,7.8,55.6
20221203164136,0.0,0.0,0.2,0.0,33.9,0.6,11.8,53.5
20221203164206,0.0,0.0,0.1,0.0,66.2,1.6,8.3,23.7
20221203164236,0.0,0.0,0.1,0.0,84.9,0.5,7.4,7.0
20221203164306,0.0,0.0,0.0,0.0,77.9,0.5,7.6,13.9
20221203164336,0.1,0.0,0.0,0.0,41.4,1.0,5.2,52.3
20221203164406,0.0,0.0,0.0,0.0,31.7,0.1,1.9,66.3
20221203164436,0.0,0.0,0.0,0.0,74.7,0.4,4.8,20.1
20221203164506,0.0,0.0,0.0,0.0,22.5,0.4,31.0,46.0
20221203164536,0.1,0.0,0.0,0.0,35.1,0.4,7.6,56.9
20221203164606,0.0,0.0,0.0,0.0,37.1,0.8,26.2,35.9
20221203164636,0.1,0.0,0.1,0.0,32.7,0.9,15.6,50.7
20221203164706,0.0,0.0,0.0,0.0,19.4,0.9,68.0,11.6
20221203164736,0.0,0.0,0.0,0.0,35.5,0.6,53.6,10.2
20221203164806,0.0,0.0,0.0,0.0,57.3,18.3,21.2,3.1
20221203164836,0.0,0.0,0.0,0.0,15.0,10.3,68.3,6.4
20221203164906,0.0,0.0,0.0,0.0,7.8,4.7,85.5,1.9
20221203164936,0.0,0.0,0.0,0.0,10.5,33.1,55.9,0.5
20221203165006,0.0,0.0,0.0,0.0,42.9,11.7,43.7,1.6
20221203165036,0.3,0.0,0.0,0.0,67.4,18.6,10.6,3.1
20221203165106,0.1,0.0,0.0,0.0,77.9,1.6,16.6,3.8
20221203165136,0.1,0.0,0.0,0.0,68.3,0.9,17.7,13.0
20221203165206,0.1,0.0,0.0,0.0,80.0,0.7,8.7,10.6
20221203165236,0.1,0.0,0.0,0.0,56.4,2.7,24.7,16.1
20221203165306,0.1,0.0,0.0,0.0,68.3,7.4,13.1,11.1
20221203165336,0.0,0.0,0.0,0.0,55.5,2.7,35.8,6.0
20221203165406,0.1,0.0,0.0,0.0,38.4,0.6,54.7,6.1
20221203165436,0.0,0.0,0.0,0.0,62.2,0.4,34.1,3.3
20221203165506,0.0,0.0,0.0,0.0,67.5,0.5,13.9,18.1
20221203165536,0.0,0.0,0.0,0.0,77.8,0.5,7.4,14.2
20221203165606,0.0,0.0,0.0,0.0,54.5,0.3,9.5,35.7
20221203165636,0.0,0.0,0.0,0.0,27.4,0.3,22.6,49.7
20221203165706,0.3,0.0,0.0,0.0,64.4,3.4,5.9,26.0
20221203165736,0.1,0.0,0.0,0.0,31.3,1.1,32.8,34.7
20221203165806,0.0,0.0,0.0,0.0,25.0,0.1,2.5,72.4
20221203165836,0.1,0.0,0.0,0.0,35.2,1.5,51.6,11.5
20221203165906,0.0,0.0,0.0,0.0,81.4,0.2,15.4,3.0
20221203165936,0.1,0.0,0.0,0.0,89.5,0.4,2.7,7.3
20221203170006,0.1,0.0,0.0,0.0,82.8,0.5,0.8,15.8
20221203170036,0.5,0.0,0.0,0.0,87.8,0.6,1.3,9.7
20221203170106,0.9,0.0,0.0,0.0,79.1,0.1,0.2,19.6
20221203170136,1.0,0.0,0.0,0.0,76.3,0.2,0.3,22.2
20221203170206,0.5,0.0,0.0,0.0,95.5,0.2,0.3,3.5
20221203170236,0.1,0.0,0.0,0.0,90.9,0.3,0.3,8.3
20221203170306,0.2,0.0,0.0,0.0,84.3,0.4,0.7,14.4
20221203170336,0.0,0.0,0.0,0.0,89.4,0.1,0.2,10.3
20221203170406,0.0,0.0,0.0,0.0,97.0,0.2,0.0,2.7
20221203170437,0.1,0.0,0.0,0.0,97.3,0.1,0.2,2.3
20221203170507,0.0,0.0,0.0,0.0,98.3,0.2,0.1,1.4
20221203170537,0.2,0.0,0.0,0.0,93.0,1.4,0.6,4.8
20221203170607,0.6,0.0,0.0,0.0,92.3,0.1,0.2,6.8
20221203170637,0.2,0.0,0.0,0.0,95.0,0.1,0.5,4.1
20221203170707,0.0,0.0,0.0,0.0,97.6,0.0,0.1,2.3
20221203170737,0.1,0.0,0.0,0.0,94.0,0.0,0.2,5.7
20221203170807,0.4,0.0,0.0,0.0,94.8,0.0,0.4,4.4
20221203170837,0.6,0.0,0.0,0.0,83.1,0.2,0.1,15.9
20221203170907,0.2,0.0,0.0,0.0,95.2,0.1,0.3,4.1
20221203170937,0.1,0.0,0.0,0.0,94.7,0.1,0.2,4.8
20221203171007,0.0,0.0,0.0,0.0,74.4,0.5,2.7,22.4
20221203171037,0.2,0.0,0.0,0.0,86.3,4.5,1.5,7.4
20221203171107,0.0,0.0,0.0,0.0,95.9,0.6,1.2,2.2
20221203171137,0.0,0.0,0.0,0.0,91.4,4.7,1.3,2.6
20221203171207,0.1,0.0,0.0,0.0,87.5,2.9,4.6,4.8
20221203171237,0.6,0.0,0.0,0.0,97.7,0.9,0.4,0.4
20221203171307,0.6,0.0,0.0,0.0,98.9,0.3,0.1,0.2
20221203171337,0.8,0.0,0.0,0.0,96.7,0.6,0.3,1.6
20221203171407,1.1,0.0,0.0,0.0,97.9,0.2,0.4,0.4
20221203171437,1.3,0.0,0.0,0.0,96.8,1.4,0.3,0.2
20221203171507,0.2,0.0,0.0,0.0,99.5,0.2,0.0,0.1
20221203171537,2.6,0.0,0.0,0.0,95.6,1.6,0.2,0.0
20221203171607,0.2,0.0,0.0,0.0,99.1,0.5,0.1,0.1
20221203171637,0.5,0.0,0.0,0.0,99.2,0.2,0.1,0.0
20221203171707,0.3,0.0,0.0,0.0,99.0,0.6,0.1,0.0
20221203171737,1.2,0.0,0.0,0.0,97.8,0.6,0.3,0.2
20221203171807,1.6,0.0,0.0,0.0,97.3,0.7,0.2,0.1
20221203171837,1.1,0.0,0.0,0.0,98.6,0.1,0.1,0.1
20221203171907,5.0,0.0,0.0,0.0,93.9,0.8,0.2,0.2
20221203171937,0.8,0.0,0.0,0.0,99.0,0.1,0.1,0.1
20221203172007,1.4,0.0,0.0,0.0,98.5,0.0,0.0,0.0
20221203172037,3.6,0.0,0.0,0.0,96.3,0.0,0.0,0.0
20221203172107,0.8,0.0,0.0,0.0,99.2,0.0,0.0,0.0
20221203172137,0.2,0.0,0.0,0.0,99.8,0.0,0.0,0.0
20221203172207,0.5,0.0,0.0,0.0,99.4,0.0,0.0,0.0
20221203172237,0.2,0.0,0.0,0.0,99.7,0.0,0.0,0.1
20221203172307,0.5,0.0,0.0,0.0,99.4,0.0,0.0,0.0
20221203172337,0.3,0.0,0.0,0.0,99.3,0.1,0.0,0.3
20221203172407,0.2,0.0,0.0,0.0,99.1,0.2,0.2,0.3
20221203172437,0.2,0.0,0.0,0.0,99.6,0.0,0.1,0.1
20221203172507,0.1,0.0,0.0,0.0,99.4,0.1,0.3,0.0
20221203172537,0.0,0.0,0.0,0.0,98.8,0.1,0.5,0.5
20221203172607,0.0,0.0,0.0,0.0,99.4,0.2,0.4,0.0
20221203172637,0.0,0.0,0.0,0.0,97.4,0.5,1.9,0.1
20221203172707,0.0,0.0,0.0,0.0,98.6,0.3,0.8,0.3
20221203172737,0.0,0.0,0.0,0.0,96.6,0.4,2.9,0.1
20221203172807,0.0,0.0,0.0,0.0,94.2,0.7,4.8,0.2
20221203172837,0.0,0.0,0.0,0.0,97.9,0.1,1.7,0.3
20221203172907,0.0,0.0,0.0,0.0,98.6,0.2,1.0,0.3
20221203172937,0.1,0.0,0.0,0.0,99.2,0.2,0.3,0.1
20221203173007,0.0,0.0,0.0,0.0,99.6,0.2,0.1,0.0
20221203173037,0.2,0.0,0.0,0.0,99.7,0.1,0.0,0.0
20221203173107,0.5,0.0,0.0,0.0,99.4,0.1,0.0,0.0
20221203173137,0.1,0.0,0.0,0.0,99.8,0.1,0.0,0.1
20221203173207,0.5,0.0,0.0,0.0,99.4,0.0,0.0,0.1
20221203173237,0.1,0.0,0.0,0.0,99.8,0.0,0.0,0.0
20221203173307,0.2,0.0,0.0,0.0,99.7,0.0,0.0,0.0
20221203173337,0.0,0.0,0.0,0.0,99.9,0.0,0.0,0.1
20221203173407,0.1,0.0,0.0,0.0,99.8,0.0,0.0,0.0
20221203173437,0.4,0.0,0.0,0.0,99.3,0.2,0.0,0.0
20221203173507,0.0,0.0,0.0,0.0,99.5,0.2,0.2,0.1
20221203173537,0.0,0.0,0.0,0.0,99.8,0.0,0.1,0.1
20221203173607,0.0,0.0,0.0,0.0,98.7,0.3,0.8,0.1
20221203173637,0.0,0.0,0.0,0.0,98.0,0.2,1.7,0.1
20221203173707,0.0,0.0,0.0,0.0,94.4,0.2,5.3,0.1
20221203173737,0.0,0.0,0.0,0.0,92.2,0.2,7.5,0.0
20221203173807,0.0,0.0,0.0,0.0,95.6,0.2,4.2,0.0
20221203173838,0.0,0.0,0.0,0.0,98.8,0.5,0.6,0.0
20221203173908,0.0,0.0,0.0,0.0,97.9,0.4,1.7,0.1
20221203173938,0.0,0.0,0.0,0.0,99.6,0.1,0.3,0.0
20221203174008,0.0,0.0,0.0,0.0,99.1,0.5,0.4,0.1
20221203174038,0.1,0.0,0.0,0.0,97.5,0.1,2.2,0.1
20221203174108,0.2,0.0,0.0,0.0,99.4,0.3,0.1,0.0
20221203174138,0.0,0.0,0.0,0.0,99.7,0.0,0.1,0.1
20221203174208,0.0,0.0,0.0,0.0,99.7,0.0,0.2,0.0
20221203174238,0.0,0.0,0.0,0.0,99.7,0.1,0.1,0.1
20221203174308,0.0,0.0,0.0,0.0,99.9,0.0,0.1,0.0
20221203174338,0.3,0.0,0.0,0.0,99.5,0.0,0.0,0.1
20221203174408,0.1,0.0,0.0,0.0,99.8,0.0,0.0,0.1
20221203174438,0.1,0.0,0.0,0.0,99.8,0.0,0.0,0.0
20221203174508,0.0,0.0,0.0,0.0,99.9,0.0,0.0,0.0
20221203174538,0.0,0.0,0.0,0.0,99.6,0.2,0.2,0.1
20221203174608,0.0,0.0,0.0,0.0,99.9,0.0,0.0,0.0
20221203174638,0.0,0.0,0.0,0.0,100.0,0.0,0.0,0.0
20221203174708,0.0,0.0,0.0,0.0,99.9,0.0,0.0,0.0
20221203174738,0.0,0.0,0.0,0.0,99.8,0.0,0.1,0.1
20221203174808,0.0,0.0,0.0,0.0,98.2,0.6,1.0,0.1
20221203174838,0.0,0.0,0.0,0.0,98.8,0.4,0.7,0.1
20221203174908,0.0,0.0,0.0,0.0,89.1,1.6,8.8,0.5
20221203174938,0.0,0.0,0.0,0.0,81.5,0.3,18.0,0.1
20221203175008,0.0,0.0,0.0,0.0,91.1,0.3,7.8,0.7
20221203175038,0.0,0.0,0.0,0.0,75.8,0.3,23.9,0.0
20221203175108,0.0,0.0,0.0,0.0,48.4,6.7,44.8,0.1
20221203175138,0.0,0.0,0.0,0.0,64.7,3.0,32.3,0.1
20221203175208,0.0,0.0,0.0,0.0,60.5,3.3,36.1,0.1
20221203175238,0.0,0.0,0.0,0.0,94.5,1.8,3.7,0.0
20221203175308,0.0,0.0,0.0,0.0,99.7,0.1,0.2,0.0
20221203175338,0.2,0.0,0.0,0.0,99.4,0.2,0.2,0.0
20221203175408,0.0,0.0,0.0,0.0,99.9,0.0,0.0,0.0
20221203175438,0.0,0.0,0.0,0.0,99.5,0.1,0.3,0.1
20221203175508,0.0,0.0,0.0,0.0,97.8,0.3,1.4,0.5
20221203175538,0.0,0.0,0.0,0.0,76.3,1.1,21.6,1.0
20221203175608,0.0,0.0,0.0,0.0,94.0,0.5,5.4,0.1
20221203175638,0.0,0.0,0.0,0.0,19.7,0.2,79.9,0.2
20221203175708,0.0,0.0,0.0,0.0,11.4,1.3,87.2,0.1
20221203175738,0.0,0.0,0.0,0.0,19.4,1.6,78.1,0.8
20221203175808,0.0,0.0,0.2,0.0,29.3,5.3,63.2,2.0
20221203175838,0.0,0.0,0.1,0.0,0.7,0.4,98.6,0.2
20221203175908,0.0,0.0,0.1,0.0,7.2,1.4,88.8,2.5
20221203175938,0.0,0.0,0.0,0.0,3.2,0.3,96.4,0.1
20221203180008,0.0,0.0,0.1,0.0,2.7,2.4,94.6,0.2
20221203180038,0.0,0.0,0.0,0.0,8.4,8.5,82.5,0.6
20221203180108,0.0,0.0,0.1,0.0,16.3,19.5,62.4,1.7
20221203180138,0.0,0.0,0.0,0.0,4.9,6.2,85.1,3.8
20221203180208,0.0,0.0,0.1,0.0,4.7,12.2,76.9,6.0
20221203180238,0.0,0.0,0.0,0.0,1.7,2.8,92.6,2.9
20221203180308,0.0,0.0,0.1,0.0,2.9,17.7,76.5,2.8
20221203180338,0.0,0.0,0.1,0.0,9.8,2.4,85.3,2.4
20221203180408,0.0,0.0,0.0,0.0,1.8,2.8,91.2,4.1
20221203180438,0.0,0.0,0.0,0.0,1.6,4.1,93.4,0.9
20221203180508,0.0,0.0,0.0,0.0,5.5,13.4,73.9,7.2
20221203180538,0.0,0.0,0.0,0.0,40.0,1.2,48.9,9.8
20221203180608,0.0,0.0,0.0,0.0,0.6,4.7,93.3,1.5
20221203180638,0.0,0.0,0.0,0.0,1.6,2.4,93.6,2.4
20221203180708,0.0,0.0,0.0,0.0,0.1,0.5,99.0,0.4
20221203180738,0.0,0.0,0.0,0.0,0.1,0.2,99.6,0.2
20221203180808,0.0,0.0,0.0,0.0,6.5,5.6,83.5,4.3
20221203180838,0.0,0.0,0.0,0.0,4.8,21.5,67.7,6.0
20221203180908,0.0,0.0,0.0,0.0,1.9,7.5,88.8,1.7
20221203180938,0.0,0.0,0.0,0.0,0.4,5.8,89.8,3.9
20221203181008,0.0,0.0,0.0,0.0,0.6,9.9,88.6,0.9
20221203181038,0.0,0.0,0.0,0.0,2.4,10.0,82.5,5.0
20221203181108,0.0,0.0,0.0,0.0,0.3,1.2,97.6,0.9
20221203181138,0.0,0.0,0.0,0.0,3.6,30.0,61.7,4.7
20221203181208,0.0,0.0,0.0,0.0,0.3,8.0,89.3,2.5
20221203181238,0.0,0.0,0.0,0.0,0.5,3.1,92.0,4.5
20221203181308,0.0,0.0,0.0,0.0,0.1,3.4,92.6,3.9
20221203181339,0.0,0.0,0.0,0.0,0.5,7.8,89.3,2.4
20221203181409,0.0,0.0,0.0,0.0,0.1,6.5,92.1,1.3
20221203181439,0.0,0.0,0.0,0.0,0.5,3.4,93.8,2.3
20221203181509,0.0,0.0,0.0,0.0,2.8,9.7,77.7,9.8
20221203181539,0.0,0.0,0.1,0.0,5.5,41.8,46.3,6.2
20221203181609,0.0,0.0,0.1,0.0,3.4,33.6,46.4,16.6
20221203181639,0.0,0.0,0.0,0.0,7.1,23.2,56.1,13.6
20221203181709,0.0,0.0,0.1,0.0,2.0,28.8,64.0,5.1
20221203181739,0.0,0.0,0.0,0.0,0.6,15.2,81.6,2.6
20221203181809,0.0,0.0,0.0,0.0,1.3,27.7,67.0,3.9
20221203181839,0.0,0.0,0.1,0.0,1.7,25.9,40.4,32.0
20221203181909,0.0,0.0,0.0,0.0,0.5,18.3,57.2,23.9
20221203181939,0.0,0.0,0.0,0.0,0.0,2.8,96.4,0.8
20221203182009,0.0,0.0,0.0,0.0,1.3,48.8,37.5,12.4
20221203182039,0.0,0.0,0.0,0.0,0.5,13.2,81.8,4.5
20221203182109,0.0,0.0,0.1,0.0,1.8,23.2,52.9,21.9
20221203182139,0.0,0.0,0.0,0.0,0.1,12.2,82.0,5.8
20221203182209,0.0,0.0,0.0,0.0,1.0,38.7,52.5,7.7
20221203182239,0.0,0.0,0.0,0.0,0.3,8.0,83.5,8.2
20221203182309,0.0,0.0,0.0,0.0,0.1,9.3,84.2,6.5
20221203182339,0.0,0.0,0.0,0.0,0.3,21.4,74.3,4.1
20221203182409,0.0,0.0,0.0,0.0,1.6,55.2,26.1,17.1
20221203182439,0.0,0.0,0.0,0.0,2.3,57.6,33.5,6.5
20221203182509,0.0,0.0,0.0,0.0,4.5,30.9,40.9,23.6
20221203182539,0.0,0.0,0.0,0.0,0.7,77.7,18.5,3.0
20221203182609,0.0,0.0,0.0,0.0,0.4,30.4,57.9,11.3
20221203182639,0.0,0.0,0.0,0.0,1.2,19.6,65.4,13.7
20221203182709,0.0,0.0,0.0,0.0,0.1,3.4,93.8,2.7
20221203182739,0.0,0.0,0.0,0.0,0.8,21.1,64.8,13.3
20221203182809,0.0,0.0,0.0,0.0,2.6,11.4,60.0,25.9
20221203182839,0.0,0.0,0.0,0.0,0.3,7.4,90.1,2.1
20221203182909,0.0,0.0,0.0,0.0,1.3,11.9,78.7,8.1
20221203182939,0.0,0.0,0.0,0.0,0.2,8.0,86.1,5.7
20221203183009,0.0,0.0,0.0,0.0,0.2,2.5,93.8,3.5
20221203183039,0.0,0.0,0.0,0.0,0.0,3.4,92.8,3.7
20221203183109,0.0,0.0,0.0,0.0,0.5,23.5,69.1,6.8
20221203183139,0.0,0.0,0.0,0.0,0.2,17.6,77.8,4.5
20221203183209,0.0,0.0,0.1,0.0,1.5,31.5,52.0,14.9
20221203183239,0.0,0.0,0.0,0.0,0.1,6.5,88.8,4.5
20221203183309,0.0,0.0,0.1,0.0,1.8,20.8,62.1,15.2
20221203183339,0.0,0.0,0.1,0.0,3.2,22.8,57.4,16.5
20221203183409,0.0,0.0,0.1,0.0,0.3,6.9,76.1,16.6
20221203183439,0.0,0.0,0.0,0.0,0.4,31.2,36.7,31.6
20221203183509,0.0,0.0,0.0,0.0,0.3,6.7,79.7,13.3
20221203183539,0.0,0.0,0.1,0.0,0.5,1.5,87.7,10.3
20221203183609,0.0,0.0,0.0,0.0,0.6,5.0,88.7,5.7
20221203183639,0.0,0.0,0.0,0.0,0.1,1.9,97.2,0.8
20221203183709,0.0,0.0,0.0,0.0,0.5,7.4,82.1,10.0
20221203183739,0.0,0.0,0.0,0.0,0.1,9.2,85.2,5.5
20221203183809,0.0,0.0,0.0,0.0,0.2,7.2,84.9,7.7
20221203183839,0.0,0.0,0.0,0.0,0.6,22.4,50.3,26.7
20221203183909,0.0,0.0,0.0,0.0,0.2,3.1,92.3,4.4
20221203183939,0.0,0.0,0.0,0.0,0.1,6.3,83.4,10.2
20221203184010,0.0,0.0,0.0,0.0,0.1,11.1,85.8,3.1
20221203184040,0.0,0.0,0.0,0.0,0.2,20.1,63.5,16.2
20221203184110,0.0,0.0,0.0,0.0,0.3,25.0,64.2,10.5
20221203184140,0.0,0.0,0.2,0.0,0.5,5.4,93.6,0.3
20221203184210,0.0,0.0,0.0,0.0,8.1,2.1,89.5,0.2
20221203184240,0.0,0.0,0.1,0.1,3.8,5.6,90.3,0.2
20221203184310,0.0,0.0,0.0,0.0,2.7,1.0,96.1,0.2
20221203184340,0.0,0.0,0.0,0.0,1.8,2.6,95.5,0.0
20221203184410,0.0,0.0,0.0,0.0,1.3,1.1,97.6,0.1
20221203184440,0.0,0.0,0.0,0.0,0.9,15.8,83.2,0.1
20221203184510,0.0,0.0,0.0,0.0,6.4,12.0,80.9,0.6
20221203184540,0.0,0.0,0.0,0.0,1.4,5.3,93.2,0.1
20221203184610,0.0,0.0,0.0,0.0,0.3,12.7,86.1,0.9
20221203184640,0.0,0.0,0.0,0.0,0.2,21.3,77.6,0.8
20221203184710,0.0,0.0,0.1,0.0,1.5,6.6,88.3,3.5
20221203184740,0.0,0.0,0.0,0.0,0.5,4.0,88.4,7.1
20221203184810,0.0,0.0,0.0,0.0,0.1,11.9,84.0,4.0
20221203184840,0.0,0.0,0.0,0.0,2.2,30.4,66.4,0.9
20221203184910,0.0,0.0,0.0,0.0,1.4,2.2,96.1,0.3
20221203184940,0.0,0.0,0.0,0.0,4.4,1.0,94.5,0.1
20221203185010,0.0,0.0,0.0,0.0,19.0,0.4,80.0,0.7
20221203185040,0.0,0.0,0.0,0.0,1.7,0.1,98.1,0.1
20221203185110,0.0,0.0,0.0,0.0,16.2,0.9,82.1,0.8
20221203185140,0.0,0.0,0.1,0.0,1.6,1.2,96.7,0.4
20221203185210,0.0,0.0,0.0,0.0,0.3,0.5,98.9,0.2
20221203185240,0.0,0.0,0.1,0.0,0.2,7.6,91.7,0.4
20221203185310,0.0,0.0,0.0,0.0,1.1,7.3,90.5,1.1
20221203185340,0.0,0.0,0.1,0.0,0.3,8.3,87.5,3.7
20221203185410,0.0,0.0,0.1,0.0,0.3,30.0,65.7,3.9
20221203185440,0.0,0.0,0.0,0.0,0.1,4.0,91.3,4.6
20221203185510,0.0,0.0,0.0,0.0,0.1,66.2,32.8,0.8
20221203185540,0.0,0.0,0.0,0.0,0.2,50.4,36.6,12.8
20221203185610,0.0,0.0,0.0,0.0,0.3,20.1,69.6,10.0
20221203185640,0.0,0.0,0.1,0.0,0.3,33.2,56.7,9.8
20221203185710,0.0,0.0,0.1,0.0,0.1,52.5,39.2,8.0
20221203185740,0.0,0.0,0.0,0.0,0.1,65.8,29.2,4.9
20221203185810,0.0,0.0,0.1,0.0,0.1,28.5,45.0,26.3
20221203185840,0.0,0.0,0.3,0.0,2.7,54.7,18.7,23.5
20221203185910,0.0,0.0,0.1,0.0,0.4,70.8,2.3,26.4
20221203185940,0.1,0.0,0.5,0.1,16.4,17.8,63.9,1.1
20221203190010,0.2,0.0,0.6,0.0,48.5,11.2,39.4,0.2
20221203190040,0.0,0.0,0.1,0.0,78.7,4.1,16.9,0.1
20221203190110,0.1,0.0,0.3,0.0,86.9,2.3,10.4,0.0
20221203190140,0.0,0.0,0.0,0.0,99.9,0.0,0.0,0.0
20221203190210,0.0,0.0,0.0,0.0,100.0,0.0,0.0,0.0
20221203190240,0.0,0.0,0.0,0.0,100.0,0.0,0.0,0.0
20221203190310,0.0,0.0,0.0,0.0,100.0,0.0,0.0,0.0
20221203190340,0.0,0.0,0.0,0.0,100.0,0.0,0.0,0.0
20221203190410,0.0,0.0,0.0,0.0,100.0,0.0,0.0,0.0
20221203190440,0.0,0.0,0.0,0.0,100.0,0.0,0.0,0.0
20221203190510,0.0,0.0,0.0,0.0,100.0,0.0,0.0,0.0
20221203190540,0.0,0.0,0.0,0.0,100.0,0.0,0.0,0.0
20221203190610,0.0,0.0,0.0,0.0,100.0,0.0,0.0,0.0
20221203190640,0.0,0.0,0.0,0.0,100.0,0.0,0.0,0.0
20221203190710,0.0,0.0,0.0,0.0,100.0,0.0,0.0,0.0
20221203190740,0.0,0.0,0.0,0.0,100.0,0.0,0.0,0.0
20221203190810,0.0,0.0,0.0,0.0,100.0,0.0,0.0,0.0
20221203190840,0.0,0.0,0.0,0.0,100.0,0.0,0.0,0.0
20221203190910,0.0,0.0,0.0,0.0,100.0,0.0,0.0,0.0
20221203190940,0.0,0.0,0.0,0.0,100.0,0.0,0.0,0.0
20221203191010,0.0,0.0,0.0,0.0,100.0,0.0,0.0,0.0
20221203191040,0.0,0.0,0.0,0.0,100.0,0.0,0.0,0.0
20221203191110,0.0,0.0,0.0,0.0,100.0,0.0,0.0,0.0
20221203191140,0.0,0.0,0.0,0.0,100.0,0.0,0.0,0.0
20221203191210,0.0,0.0,0.0,0.0,100.0,0.0,0.0,0.0
20221203191240,0.0,0.0,0.0,0.0,100.0,0.0,0.0,0.0
20221203191310,0.0,0.0,0.0,0.0,100.0,0.0,0.0,0.0
20221203191340,0.0,0.0,0.0,0.0,100.0,0.0,0.0,0.0
20221203191411,0.0,0.0,0.0,0.0,100.0,0.0,0.0,0.0
20221203191441,0.0,0.0,0.0,0.0,100.0,0.0,0.0,0.0
20221203191511,0.0,0.0,0.0,0.0,100.0,0.0,0.0,0.0
20221203191541,0.0,0.0,0.0,0.0,100.0,0.0,0.0,0.0
20221203191611,0.0,0.0,0.0,0.0,100.0,0.0,0.0,0.0
20221203191641,0.0,0.0,0.0,0.0,100.0,0.0,0.0,0.0
20221203191711,0.0,0.0,0.0,0.0,100.0,0.0,0.0,0.0
20221203191741,0.0,0.0,0.0,0.0,100.0,0.0,0.0,0.0
20221203191811,0.0,0.0,0.0,0.0,100.0,0.0,0.0,0.0
20221203191841,0.0,0.0,0.0,0.0,100.0,0.0,0.0,0.0
20221203191911,0.0,0.0,0.0,0.0,100.0,0.0,0.0,0.0
20221203191941,0.0,0.0,0.0,0.0,100.0,0.0,0.0,0.0
20221203192011,0.0,0.0,0.0,0.0,100.0,0.0,0.0,0.0
20221203192041,0.0,0.0,0.0,0.0,100.0,0.0,0.0,0.0
20221203192111,0.0,0.0,0.0,0.0,100.0,0.0,0.0,0.0
20221203192141,0.0,0.0,0.0,0.0,100.0,0.0,0.0,0.0
20221203192211,0.0,0.0,0.0,0.0,100.0,0.0,0.0,0.0
20221203192241,0.0,0.0,0.0,0.0,100.0,0.0,0.0,0.0
20221203192311,0.0,0.0,0.0,0.0,100.0,0.0,0.0,0.0
20221203192341,0.0,0.0,0.0,0.0,100.0,0.0,0.0,0.0
20221203192411,0.0,0.0,0.0,0.0,100.0,0.0,0.0,0.0
20221203192441,0.0,0.0,0.0,0.0,100.0,0.0,0.0,0.0
20221203192511,0.0,0.0,0.0,0.0,100.0,0.0,0.0,0.0
20221203192541,0.0,0.0,0.0,0.0,100.0,0.0,0.0,0.0
20221203192611,0.0,0.0,0.0,0.0,100.0,0.0,0.0,0.0
20221203192641,0.0,0.0,0.0,0.0,100.0,0.0,0.0,0.0
20221203192711,0.0,0.0,0.0,0.0,100.0,0.0,0.0,0.0
20221203192741,0.0,0.0,0.0,0.0,100.0,0.0,0.0,0.0
20221203192811,0.0,0.0,0.0,0.0,100.0,0.0,0.0,0.0
20221203192841,0.0,0.0,0.0,0.0,100.0,0.0,0.0,0.0
20221203192911,0.0,0.0,0.0,0.0,100.0,0.0,0.0,0.0
20221203192941,0.0,0.0,0.0,0.0,100.0,0.0,0.0,0.0
20221203193011,0.0,0.0,0.0,0.0,100.0,0.0,0.0,0.0
20221203193041,0.0,0.0,0.0,0.0,100.0,0.0,0.0,0.0
20221203193111,0.0,0.0,0.0,0.0,100.0,0.0,0.0,0.0
20221203193141,0.0,0.0,0.0,0.0,100.0,0.0,0.0,0.0
20221203193211,0.0,0.0,0.0,0.0,100.0,0.0,0.0,0.0
20221203193241,0.0,0.0,0.0,0.0,100.0,0.0,0.0,0.0
20221203193311,0.0,0.0,0.0,0.0,100.0,0.0,0.0,0.0
20221203193341,0.0,0.0,0.0,0.0,100.0,0.0,0.0,0.0
20221203193411,0.0,0.0,0.0,0.0,100.0,0.0,0.0,0.0
20221203193441,0.0,0.0,0.0,0.0,100.0,0.0,0.0,0.0
20221203193511,0.0,0.0,0.0,0.0,100.0,0.0,0.0,0.0
20221203193541,0.0,0.0,0.0,0.0,100.0,0.0,0.0,0.0
20221203193611,0.0,0.0,0.0,0.0,100.0,0.0,0.0,0.0
20221203193641,0.0,0.0,0.0,0.0,100.0,0.0,0.0,0.0
20221203193711,0.0,0.0,0.0,0.0,100.0,0.0,0.0,0.0
20221203193741,0.0,0.0,0.0,0.0,100.0,0.0,0.0,0.0
20221203193811,0.0,0.0,0.0,0.0,100.0,0.0,0.0,0.0
20221203193841,0.0,0.0,0.0,0.0,100.0,0.0,0.0,0.0
20221203193911,0.0,0.0,0.0,0.0,100.0,0.0,0.0,0.0
20221203193941,0.0,0.0,0.0,0.0,100.0,0.0,0.0,0.0
20221203194011,0.0,0.0,0.0,0.0,100.0,0.0,0.0,0.0
20221203194041,0.0,0.0,0.0,0.0,100.0,0.0,0.0,0.0
20221203194111,0.0,0.0,0.0,0.0,100.0,0.0,0.0,0.0
20221203194141,0.0,0.0,0.0,0.0,100.0,0.0,0.0,0.0
20221203194211,0.0,0.0,0.0,0.0,100.0,0.0,0.0,0.0
20221203194241,0.0,0.0,0.0,0.0,100.0,0.0,0.0,0.0
20221203194311,0.0,0.0,0.0,0.0,100.0,0.0,0.0,0.0
20221203194341,0.0,0.0,0.0,0.0,100.0,0.0,0.0,0.0
20221203194411,0.0,0.0,0.0,0.0,100.0,0.0,0.0,0.0
20221203194441,0.0,0.0,0.0,0.0,100.0,0.0,0.0,0.0
20221203194511,0.0,0.0,0.0,0.0,99.8,0.0,0.2,0.0
20221203194541,0.0,0.0,0.0,0.0,99.4,0.0,0.6,0.0
20221203194611,0.0,0.0,0.0,0.0,99.5,0.0,0.4,0.1
20221203194641,0.0,0.0,0.0,0.0,99.2,0.1,0.7,0.0
20221203194711,0.0,0.0,0.0,0.0,91.6,0.6,7.7,0.1
20221203194741,0.0,0.0,0.0,0.0,92.9,0.1,6.9,0.0
20221203194811,0.0,0.0,0.0,0.0,93.9,0.1,6.0,0.0
20221203194841,0.0,0.0,0.0,0.0,98.7,0.0,1.2,0.0
20221203194912,0.0,0.0,0.0,0.0,99.9,0.0,0.0,0.0
20221203194942,25.7,0.0,0.0,0.0,74.3,0.0,0.0,0.0
20221203195012,7.2,0.0,0.0,0.1,92.8,0.0,0.0,0.0
20221203195042,2.3,0.0,0.0,0.0,97.7,0.0,0.0,0.0
20221203195112,0.0,0.0,0.0,0.0,100.0,0.0,0.0,0.0
20221203195142,0.3,0.0,0.0,0.0,99.7,0.0,0.0,0.0
20221203195212,0.5,0.0,0.0,0.0,99.5,0.0,0.0,0.0
20221203195242,0.0,0.0,0.0,0.0,100.0,0.0,0.0,0.0
20221203195312,0.0,0.0,0.0,0.0,100.0,0.0,0.0,0.0
20221203195342,0.0,0.0,0.0,0.0,100.0,0.0,0.0,0.0
20221203195412,0.0,0.0,0.0,0.0,100.0,0.0,0.0,0.0
20221203195442,0.0,0.0,0.0,0.0,100.0,0.0,0.0,0.0
20221203195512,0.0,0.0,0.0,0.0,100.0,0.0,0.0,0.0
20221203195542,0.0,0.0,0.0,0.0,100.0,0.0,0.0,0.0
20221203195612,0.0,0.0,0.0,0.0,100.0,0.0,0.0,0.0
20221203195642,0.0,0.0,0.0,0.0,100.0,0.0,0.0,0.0
20221203195712,0.0,0.0,0.0,0.0,100.0,0.0,0.0,0.0
20221203195742,0.0,0.0,0.0,0.0,100.0,0.0,0.0,0.0
20221203195812,0.0,0.0,0.0,0.0,100.0,0.0,0.0,0.0
20221203195842,0.0,0.0,0.0,0.0,100.0,0.0,0.0,0.0
20221203195912,0.0,0.0,0.0,0.0,100.0,0.0,0.0,0.0
20221203195942,0.1,0.0,0.0,0.1,99.8,0.0,0.0,0.0
20221203200012,0.0,0.0,0.0,0.0,100.0,0.0,0.0,0.0
20221203200042,0.0,0.0,0.0,0.0,100.0,0.0,0.0,0.0
20221203200112,0.0,0.0,0.0,0.0,100.0,0.0,0.0,0.0
20221203200142,0.0,0.0,0.0,0.0,100.0,0.0,0.0,0.0
20221203200212,0.0,0.0,0.0,0.0,100.0,0.0,0.0,0.0
20221203200242,0.0,0.0,0.0,0.0,100.0,0.0,0.0,0.0
20221203200312,0.0,0.0,0.0,0.0,100.0,0.0,0.0,0.0
20221203200342,0.0,0.0,0.0,0.1,99.9,0.0,0.0,0.0
20221203200412,0.0,0.0,0.0,0.0,100.0,0.0,0.0,0.0
20221203200442,0.0,0.0,0.0,0.0,100.0,0.0,0.0,0.0
20221203200512,0.0,0.0,0.0,0.0,100.0,0.0,0.0,0.0
20221203200542,0.0,0.0,0.0,0.0,100.0,0.0,0.0,0.0
20221203200612,0.0,0.0,0.0,0.0,100.0,0.0,0.0,0.0
20221203200642,0.0,0.0,0.0,0.0,100.0,0.0,0.0,0.0
20221203200712,0.0,0.0,0.0,0.0,100.0,0.0,0.0,0.0
20221203200742,0.0,0.0,0.0,0.1,99.9,0.0,0.0,0.0
20221203200812,0.0,0.0,0.0,0.0,100.0,0.0,0.0,0.0
20221203200842,0.0,0.0,0.0,0.0,100.0,0.0,0.0,0.0
20221203200912,0.0,0.0,0.0,0.0,100.0,0.0,0.0,0.0
20221203200942,0.0,0.0,0.0,0.0,100.0,0.0,0.0,0.0
20221203201012,0.0,0.0,0.0,0.0,100.0,0.0,0.0,0.0
