UT,arc,discrete,diffuse,ac,ab,clear,cloudy,dd
20220309170300,0.0,0.0,0.0,0.0,0.0,0.0,0.0,100.0
20220309170330,0.0,0.0,0.0,0.0,0.0,0.0,0.0,100.0
20220309170400,0.0,0.0,0.0,0.0,0.0,0.0,0.0,100.0
20220309170430,0.0,0.0,0.0,0.0,0.0,0.0,0.0,100.0
20220309170500,0.0,0.0,0.0,0.0,0.0,0.0,0.0,100.0
20220309170530,0.0,0.0,0.0,0.0,0.0,0.0,0.0,100.0
20220309170600,0.0,0.0,0.0,0.0,0.0,0.0,0.0,100.0
20220309170630,0.0,0.0,0.0,0.0,0.0,0.0,0.0,100.0
20220309170700,0.0,0.0,0.0,0.0,0.0,0.0,0.0,100.0
20220309170730,0.0,0.0,0.0,0.0,0.0,0.0,0.0,100.0
20220309170800,0.0,0.0,0.0,0.0,0.0,0.0,0.0,100.0
20220309170830,0.0,0.0,0.0,0.0,0.0,0.0,0.0,100.0
20220309170900,0.0,0.0,0.0,0.0,0.0,0.0,0.0,100.0
20220309170930,0.0,0.0,0.0,0.0,0.0,0.0,0.0,100.0
20220309171000,0.0,0.0,0.0,0.0,0.0,0.0,0.0,100.0
20220309171030,0.0,0.0,0.0,0.0,0.0,0.0,0.0,100.0
20220309171100,0.0,0.0,0.0,0.0,0.0,0.0,0.0,100.0
20220309171130,0.0,0.0,0.0,0.0,0.0,0.0,0.0,100.0
20220309171200,0.0,0.0,0.0,0.0,0.0,0.0,0.0,100.0
20220309171230,0.0,0.0,0.0,0.0,0.0,0.0,0.0,100.0
20220309171300,0.0,0.0,0.0,0.0,0.0,0.0,0.0,100.0
20220309171330,0.0,0.0,0.0,0.0,0.0,0.0,0.0,100.0
20220309171400,0.0,0.0,0.0,0.0,0.0,0.0,0.0,100.0
20220309171430,0.0,0.0,0.0,0.0,0.0,0.0,0.0,100.0
20220309171500,0.0,0.0,0.0,0.0,0.0,0.0,0.0,100.0
20220309171530,0.0,0.0,0.0,0.0,0.0,0.0,0.0,100.0
20220309171600,0.0,0.0,0.0,0.0,0.0,0.0,0.0,100.0
20220309171630,0.0,0.0,0.0,0.0,0.0,0.0,0.0,100.0
20220309171700,0.0,0.0,0.0,0.0,0.0,0.0,0.0,100.0
20220309171730,0.0,0.0,0.0,0.0,0.0,0.0,0.0,100.0
20220309171800,0.0,0.0,0.0,0.0,0.0,0.0,0.0,100.0
20220309171830,0.0,0.0,0.0,0.0,0.0,0.0,0.0,100.0
20220309171900,0.0,0.0,0.0,0.0,0.0,0.0,0.0,100.0
20220309171930,0.0,0.0,0.0,0.0,0.0,0.0,0.0,100.0
20220309172000,0.0,0.0,0.0,0.0,0.0,0.0,0.0,100.0
20220309172030,0.0,0.0,0.0,0.0,0.0,0.0,0.0,100.0
20220309172100,0.0,0.0,0.0,0.0,0.0,0.0,0.0,100.0
20220309172130,0.0,0.0,0.0,0.0,0.0,0.0,0.0,100.0
20220309172200,0.0,0.0,0.0,0.0,0.0,0.0,0.0,100.0
20220309172230,0.0,0.0,0.0,0.0,0.0,0.0,0.0,100.0
20220309172300,0.0,0.0,0.0,0.0,0.0,0.0,0.0,100.0
20220309172330,0.0,0.0,0.0,0.0,0.0,0.0,0.0,100.0
20220309172400,0.0,0.0,0.0,0.0,0.0,0.0,0.0,100.0
20220309172430,0.0,0.0,0.0,0.0,0.0,0.0,0.0,100.0
20220309172500,0.0,0.0,0.0,0.0,0.0,0.0,0.0,100.0
20220309172530,0.0,0.0,0.0,0.0,0.0,0.0,0.0,100.0
20220309172600,0.0,0.0,0.0,0.0,0.0,0.0,0.0,100.0
20220309172630,0.0,0.0,0.0,0.0,0.0,0.0,0.0,100.0
20220309172700,0.0,0.0,0.0,0.0,0.0,0.0,0.0,100.0
20220309172730,0.0,0.0,0.0,0.0,0.0,0.0,0.0,100.0
20220309172800,0.0,0.0,0.0,0.0,0.0,0.0,0.0,100.0
20220309172830,0.0,0.0,0.0,0.0,0.0,0.0,0.0,100.0
20220309172900,0.0,0.0,0.0,0.0,0.0,0.0,0.0,100.0
20220309172930,0.0,0.0,0.0,0.0,0.0,0.0,0.0,100.0
20220309173000,0.0,0.0,0.0,0.0,0.0,0.0,0.0,100.0
20220309173030,0.0,0.0,0.0,0.0,0.0,0.0,0.0,100.0
20220309173100,0.0,0.0,0.0,0.0,0.0,0.0,0.0,100.0
20220309173130,0.0,0.0,0.0,0.0,0.0,0.0,0.0,100.0
20220309173200,0.0,0.0,0.0,0.0,0.0,0.0,0.0,100.0
20220309173230,0.0,0.0,0.0,0.0,0.0,0.0,0.0,100.0
20220309173300,0.0,0.0,0.0,0.0,0.0,0.0,0.0,100.0
20220309173330,0.0,0.0,0.0,0.0,0.0,0.0,0.0,100.0
20220309173401,0.0,0.0,0.0,0.0,0.0,0.0,0.0,100.0
20220309173431,0.0,0.0,0.0,0.0,0.0,0.0,0.0,100.0
20220309173501,0.0,0.0,0.0,0.0,0.0,0.0,0.0,100.0
20220309173531,0.0,0.0,0.0,0.0,0.0,0.0,0.0,100.0
20220309173601,0.0,0.0,0.0,0.0,0.0,0.0,0.0,100.0
20220309173631,0.0,0.0,0.0,0.0,0.0,0.0,0.0,100.0
20220309173701,0.0,0.0,0.0,0.0,0.0,0.0,0.0,100.0
20220309173731,0.0,0.0,0.0,0.0,0.0,0.0,0.0,100.0
20220309173801,0.0,0.0,0.0,0.0,0.0,0.0,0.0,100.0
20220309173831,0.0,0.0,0.0,0.0,0.0,0.0,0.0,100.0
20220309173901,0.0,0.0,0.0,0.0,0.0,0.0,0.0,100.0
20220309173931,0.0,0.0,0.0,0.0,0.0,0.0,0.0,100.0
20220309174001,0.0,0.0,0.0,0.0,0.0,0.0,0.0,100.0
20220309174031,0.0,0.0,0.0,0.0,0.0,0.0,0.0,100.0
20220309174101,0.0,0.0,0.0,0.0,0.0,0.0,0.0,100.0
20220309174131,0.0,0.0,0.0,0.0,0.0,0.0,0.0,100.0
20220309174201,0.0,0.0,0.0,0.0,0.0,0.0,0.0,100.0
20220309174231,0.0,0.0,0.0,0.0,0.0,0.0,0.0,100.0
20220309174301,0.0,0.0,0.0,0.0,0.0,0.0,0.0,100.0
20220309174331,0.0,0.0,0.0,0.0,0.0,0.0,0.0,100.0
20220309174401,0.0,0.0,0.0,0.0,0.0,0.0,0.0,100.0
20220309174431,0.0,0.0,0.0,0.0,0.0,0.0,0.0,100.0
20220309174501,0.0,0.0,0.0,0.0,0.0,0.0,0.0,100.0
20220309174531,0.0,0.0,0.0,0.0,0.0,0.0,0.0,100.0
20220309174601,0.0,0.0,0.0,0.0,0.0,0.0,0.0,100.0
20220309174631,0.0,0.0,0.0,0.0,0.0,0.0,0.0,100.0
20220309174701,0.0,0.0,0.0,0.0,0.0,0.0,0.0,100.0
20220309174731,0.0,0.0,0.0,0.0,0.0,0.0,0.0,100.0
20220309174801,0.0,0.0,0.0,0.0,0.0,0.0,0.0,100.0
20220309174831,0.0,0.0,0.0,0.0,0.0,0.0,0.0,100.0
20220309174901,0.0,0.0,0.0,0.0,0.0,0.0,0.0,100.0
20220309174931,0.0,0.0,0.0,0.0,0.0,0.0,0.0,100.0
20220309175001,0.0,0.0,0.0,0.0,0.0,0.0,0.0,100.0
20220309175031,0.0,0.0,0.0,0.0,0.0,0.0,0.0,100.0
20220309175101,0.0,0.0,0.0,0.0,0.0,0.0,0.0,100.0
20220309175131,0.0,0.0,0.0,0.0,0.0,0.0,0.0,100.0
20220309175201,0.0,0.0,0.0,0.0,0.0,0.0,0.0,100.0
20220309175231,0.0,0.0,0.0,0.0,0.0,0.0,0.0,100.0
20220309175301,0.0,0.0,0.0,0.0,0.0,0.0,0.0,100.0
20220309175331,0.0,0.0,0.0,0.0,0.0,0.0,0.0,100.0
20220309175401,0.0,0.0,0.0,0.0,0.0,0.0,0.0,100.0
20220309175431,0.0,0.0,0.0,0.0,0.0,0.0,0.0,100.0
20220309175501,0.0,0.0,0.0,0.0,0.0,0.0,0.0,100.0
20220309175531,0.0,0.0,0.0,0.0,0.0,0.0,0.0,100.0
20220309175601,0.0,0.0,0.0,0.0,0.0,0.0,0.0,100.0
20220309175631,0.0,0.0,0.0,0.0,0.0,0.0,0.0,100.0
20220309175701,0.0,0.0,0.0,0.0,0.0,0.0,0.0,100.0
20220309175731,0.0,0.0,0.0,0.0,0.0,0.0,0.0,100.0
20220309175801,0.0,0.0,0.0,0.0,0.0,0.0,0.0,100.0
20220309175831,0.0,0.0,0.0,0.0,0.0,0.0,0.0,100.0
20220309175901,0.0,0.0,0.0,0.0,0.0,0.0,0.0,100.0
20220309175931,0.0,0.0,0.0,0.0,0.0,0.0,0.0,100.0
20220309180001,0.0,0.0,0.0,0.0,0.0,0.0,0.0,100.0
20220309180031,0.0,0.0,0.0,0.0,0.0,0.0,0.0,100.0
20220309180101,0.0,0.0,0.0,0.0,0.0,0.0,0.0,100.0
20220309180131,0.0,0.0,0.0,0.0,0.0,0.0,0.0,100.0
20220309180201,0.0,0.0,0.0,0.0,0.0,0.0,0.0,100.0
20220309180231,0.0,0.0,0.0,0.0,0.0,0.0,0.0,100.0
20220309180431,0.0,0.0,0.0,0.0,0.0,0.0,0.0,100.0
20220309180501,0.0,0.0,0.0,0.0,0.0,0.0,0.0,100.0
20220309180531,0.0,0.0,0.0,0.0,0.0,0.0,0.0,100.0
20220309180601,0.0,0.0,0.0,0.0,0.0,0.0,0.0,100.0
20220309180631,0.0,0.0,0.0,0.0,0.0,0.0,0.0,100.0
20220309180701,0.0,0.0,0.0,0.0,0.0,0.0,0.0,100.0
20220309180731,0.0,0.0,0.0,0.0,0.0,0.0,0.0,100.0
20220309180802,0.0,0.0,0.0,0.0,0.0,0.0,0.0,100.0
20220309180832,0.0,0.0,0.0,0.0,0.0,0.0,0.0,100.0
20220309180902,0.0,0.0,0.0,0.0,0.0,0.0,0.0,100.0
20220309180932,0.0,0.0,0.0,0.0,0.0,0.0,0.0,100.0
20220309181002,0.0,0.0,0.0,0.0,0.0,0.0,0.0,100.0
20220309181032,0.0,0.0,0.0,0.0,0.0,0.0,0.0,100.0
20220309181102,0.0,0.0,0.0,0.0,0.0,0.0,0.0,100.0
20220309181132,0.0,0.0,0.0,0.0,0.0,0.0,0.0,100.0
20220309181202,0.0,0.0,0.0,0.0,0.0,0.0,0.0,100.0
20220309181232,0.0,0.0,0.0,0.0,0.1,0.0,0.0,99.9
20220309181302,0.0,0.0,0.0,0.0,0.1,0.0,0.0,99.9
20220309181332,0.0,0.0,0.0,0.0,0.1,0.0,0.0,99.9
20220309181402,0.0,0.0,0.0,0.0,3.9,0.0,0.0,96.1
20220309181432,0.0,0.0,0.0,0.0,0.1,0.0,0.0,99.9
20220309181502,0.0,0.0,0.0,0.0,0.2,0.0,0.0,99.8
20220309181532,0.0,0.0,0.0,0.0,0.0,0.0,0.0,100.0
20220309181602,0.0,0.0,0.0,0.0,0.2,0.0,0.0,99.8
20220309181632,0.0,0.0,0.0,0.0,0.3,0.0,0.0,99.7
20220309181702,0.0,0.0,0.0,0.0,0.0,0.0,0.0,100.0
20220309181732,0.0,0.0,0.0,0.0,0.0,0.0,0.0,100.0
20220309181802,0.0,0.0,0.0,0.0,0.0,0.0,0.0,100.0
20220309181832,0.0,0.0,0.0,0.0,0.0,0.0,0.0,100.0
20220309181902,0.0,0.0,0.0,0.0,1.1,0.0,0.0,98.9
20220309181932,0.0,0.0,0.0,0.0,0.4,0.0,0.0,99.6
20220309182002,0.0,0.0,0.0,0.0,0.0,0.0,0.0,100.0
20220309182032,0.0,0.0,0.0,0.0,0.3,0.0,0.0,99.7
20220309182102,0.0,0.0,0.0,0.0,2.1,0.0,0.0,97.8
20220309182132,0.0,0.0,0.0,0.0,0.9,0.0,0.0,99.1
20220309182202,0.0,0.0,0.0,0.0,0.5,0.0,0.0,99.5
20220309182232,0.0,0.0,0.0,0.0,2.4,0.0,0.0,97.6
20220309182302,0.0,0.0,0.0,0.0,1.9,0.0,0.0,98.1
20220309182332,0.0,0.0,0.0,0.0,3.3,0.0,0.0,96.7
20220309182402,0.0,0.0,0.0,0.0,2.7,0.0,0.0,97.3
20220309182432,0.0,0.0,0.0,0.0,0.6,0.0,0.0,99.4
20220309182502,0.0,0.0,0.0,0.0,0.1,0.0,0.0,99.9
20220309182532,0.0,0.0,0.0,0.0,0.3,0.0,0.0,99.7
20220309182602,0.0,0.0,0.0,0.0,0.4,0.0,0.0,99.6
20220309182632,0.0,0.0,0.0,0.0,0.2,0.0,0.0,99.8
20220309182702,0.0,0.0,0.0,0.0,7.2,0.0,0.0,92.8
20220309182732,0.0,0.0,0.0,0.0,2.7,0.0,0.0,97.3
20220309182802,0.0,0.0,0.0,0.0,16.2,0.0,0.0,83.8
20220309182832,0.0,0.0,0.0,0.0,2.2,0.0,0.0,97.8
20220309182902,0.0,0.0,0.0,0.0,0.4,0.0,0.0,99.6
20220309182932,0.0,0.0,0.0,0.0,2.5,0.0,0.0,97.5
20220309183002,0.0,0.0,0.0,0.0,53.5,0.0,0.0,46.5
20220309183032,0.0,0.0,0.0,0.0,34.1,0.0,0.0,65.9
20220309183102,0.0,0.0,0.0,0.0,66.4,0.0,0.0,33.6
20220309183132,0.0,0.0,0.0,0.0,9.6,0.0,0.0,90.4
20220309183202,0.0,0.0,0.0,0.0,65.2,0.0,0.0,34.8
20220309183232,0.0,0.0,0.0,0.0,77.8,0.0,0.0,22.2
20220309183302,0.0,0.0,0.0,0.0,58.8,0.0,0.0,41.2
20220309183332,0.0,0.0,0.0,0.0,89.4,0.0,0.0,10.6
20220309183402,0.0,0.0,0.0,0.0,88.0,0.0,0.0,12.0
20220309183432,0.0,0.0,0.0,0.0,97.8,0.0,0.0,2.1
20220309183502,0.0,0.0,0.0,0.0,97.8,0.0,0.0,2.2
20220309183533,0.0,0.0,0.0,0.0,96.4,0.0,0.0,3.5
20220309183603,0.0,0.0,0.0,0.0,84.9,0.0,0.0,15.1
20220309183633,0.0,0.0,0.0,0.0,96.8,0.0,0.1,3.1
20220309183703,0.0,0.0,0.0,0.0,95.8,0.0,0.1,4.1
20220309183733,0.0,0.0,0.0,0.0,97.1,0.0,0.1,2.7
20220309183803,0.0,0.0,0.0,0.0,99.7,0.0,0.0,0.3
20220309183833,0.0,0.0,0.0,0.0,98.2,0.0,0.0,1.7
20220309183903,0.0,0.0,0.0,0.0,97.5,0.1,0.0,2.4
20220309183933,0.0,0.0,0.0,0.0,99.0,0.0,0.0,1.0
20220309184003,0.0,0.0,0.0,0.0,99.8,0.0,0.1,0.1
20220309184033,0.0,0.0,0.0,0.1,94.7,0.0,1.3,3.9
20220309184103,0.0,0.0,0.0,0.1,95.6,0.0,3.5,0.8
20220309184133,0.0,0.0,0.0,0.1,98.3,0.1,0.9,0.6
20220309184203,0.0,0.0,0.0,0.4,89.7,0.4,2.6,6.9
20220309184233,0.0,0.0,0.0,0.1,92.2,0.6,1.4,5.6
20220309184303,0.0,0.0,0.0,0.1,88.9,3.1,2.1,5.9
20220309184333,0.0,0.0,0.0,0.1,93.6,2.5,1.7,2.1
20220309184403,0.0,0.0,0.0,0.4,52.9,5.7,9.4,31.7
20220309184433,0.0,0.0,0.0,0.3,73.3,8.6,10.4,7.4
20220309184503,0.0,0.0,0.0,0.5,41.9,19.9,26.0,11.6
20220309184533,0.0,0.0,0.0,0.9,22.9,20.3,51.2,4.7
20220309184603,0.0,0.0,0.0,1.1,38.2,20.1,26.9,13.7
20220309184633,0.0,0.0,0.0,1.0,25.1,14.5,54.3,5.1
20220309184703,0.0,0.0,0.0,4.5,25.0,7.8,48.1,14.6
20220309184733,0.0,0.0,0.0,0.5,52.2,3.5,37.7,6.1
20220309184803,0.0,0.0,0.0,0.8,44.9,4.2,44.3,5.7
20220309184833,0.0,0.0,0.0,0.4,7.6,3.7,82.3,5.9
20220309184903,0.0,0.0,0.0,0.3,0.9,0.9,93.3,4.6
20220309184933,0.0,0.0,0.0,1.3,10.1,8.6,71.5,8.5
20220309185003,0.0,0.0,0.0,1.6,15.4,5.0,70.6,7.4
20220309185033,0.0,0.0,0.0,0.6,21.5,1.7,74.3,1.8
20220309185103,0.0,0.0,0.0,2.6,7.6,7.4,79.3,3.1
20220309185133,0.0,0.0,0.0,2.5,10.5,10.0,74.3,2.7
20220309185203,0.0,0.0,0.0,0.3,5.3,0.7,91.8,1.9
20220309185233,0.0,0.0,0.0,0.5,5.4,0.9,92.3,0.9
20220309185303,0.0,0.0,0.0,4.1,7.5,1.1,86.2,1.0
20220309185333,0.0,0.0,0.0,0.3,2.0,0.2,97.3,0.2
20220309185403,0.0,0.0,0.0,1.2,8.6,0.6,89.2,0.5
20220309185433,0.0,0.0,0.0,0.2,2.3,0.4,96.8,0.3
20220309185503,0.0,0.0,0.0,0.8,3.2,0.4,91.3,4.3
20220309185533,0.0,0.0,0.0,0.3,0.3,0.1,98.5,0.9
20220309185603,0.0,0.0,0.0,0.5,1.9,0.2,95.5,1.8
20220309185633,0.0,0.0,0.0,0.5,1.1,0.1,97.2,1.1
20220309185703,0.0,0.0,0.0,0.2,1.8,0.0,97.4,0.5
20220309185733,0.0,0.0,0.0,0.9,3.4,0.2,94.8,0.7
20220309185803,0.0,0.0,0.0,1.2,1.5,0.1,96.8,0.4
20220309185833,0.0,0.0,0.0,0.6,1.9,0.0,97.4,0.1
20220309185903,0.0,0.0,0.0,0.7,1.6,0.0,97.4,0.3
20220309185933,0.0,0.0,0.0,1.2,4.6,0.1,93.9,0.2
20220309190003,0.0,0.0,0.0,0.7,2.6,0.0,96.4,0.2
20220309190033,0.0,0.0,0.0,0.8,1.3,0.0,97.6,0.3
20220309190103,0.0,0.0,0.0,0.8,1.2,0.1,97.5,0.4
20220309190133,0.0,0.0,0.0,1.4,2.8,0.1,95.2,0.6
20220309190203,0.0,0.0,0.0,5.6,5.8,0.3,87.6,0.6
20220309190233,0.0,0.0,0.0,4.3,1.9,0.1,93.4,0.3
20220309190303,0.0,0.0,0.0,1.8,1.2,0.1,96.7,0.2
20220309190333,0.0,0.0,0.0,1.7,2.0,0.0,96.1,0.2
20220309190403,0.0,0.0,0.0,2.3,2.6,0.5,93.8,0.9
20220309190433,0.0,0.0,0.0,8.4,9.8,0.1,81.1,0.5
20220309190503,0.0,0.0,0.0,6.5,3.3,0.1,89.8,0.3
20220309190533,0.0,0.0,0.0,1.4,5.8,0.3,91.9,0.6
20220309190603,0.0,0.0,0.0,1.7,3.1,0.0,94.8,0.3
20220309190633,0.0,0.0,0.0,5.4,6.3,0.6,83.4,4.3
20220309190703,0.0,0.0,0.0,4.4,4.2,0.6,89.2,1.5
20220309190733,0.0,0.0,0.0,3.3,1.7,0.1,93.4,1.4
20220309190803,0.0,0.0,0.0,1.5,0.5,0.2,97.7,0.2
20220309190833,0.0,0.0,0.0,10.7,5.0,0.2,81.5,2.6
20220309190903,0.0,0.0,0.0,6.9,2.3,0.0,89.9,0.8
20220309190934,0.0,0.0,0.0,5.5,1.5,0.0,92.8,0.1
20220309191004,0.0,0.0,0.0,2.5,1.3,0.2,96.0,0.2
20220309191034,0.0,0.0,0.0,1.5,1.4,0.0,97.1,0.0
20220309191104,0.0,0.0,2.1,4.0,40.1,0.0,53.3,0.4
20220309191134,0.0,0.0,0.1,0.7,4.6,0.0,94.5,0.1
20220309191204,0.0,0.0,0.3,1.4,89.0,0.0,9.3,0.0
20220309191234,0.0,0.0,0.1,12.0,85.8,0.0,2.1,0.1
20220309191304,0.0,0.0,0.1,82.9,5.8,0.0,11.0,0.2
20220309191334,0.0,0.0,0.0,47.4,14.4,0.0,37.4,0.6
20220309191404,0.0,0.0,0.0,21.1,19.4,0.1,57.7,1.8
20220309191434,0.0,0.0,0.0,2.4,1.7,0.0,95.1,0.8
20220309191504,0.0,0.0,0.0,3.8,5.7,0.1,89.4,1.1
20220309191534,0.0,0.0,0.0,0.7,1.2,0.0,96.8,1.3
20220309191604,0.0,0.0,0.0,1.1,1.3,0.0,96.1,1.4
20220309191634,0.0,0.0,0.0,0.7,2.0,0.1,95.5,1.8
20220309191704,0.0,0.0,0.0,0.2,1.0,0.0,98.4,0.4
20220309191734,0.0,0.0,0.0,1.5,0.5,0.0,97.9,0.1
20220309191804,0.0,0.0,0.0,0.5,1.7,0.0,97.3,0.5
20220309191834,0.0,0.0,0.0,0.8,0.7,0.0,98.0,0.4
20220309191904,0.0,0.0,0.0,0.2,0.5,0.0,99.0,0.3
20220309191934,0.0,0.0,0.0,1.0,0.5,0.0,98.2,0.3
20220309192004,0.0,0.0,0.0,0.2,0.2,0.0,99.2,0.4
20220309192034,0.0,0.0,0.0,0.2,0.5,0.0,98.4,0.8
20220309192104,0.0,0.0,0.0,0.3,1.3,0.0,97.2,1.2
20220309192134,0.0,0.0,0.0,0.2,0.2,0.0,99.3,0.3
20220309192204,0.0,0.0,0.0,0.4,0.3,0.0,98.6,0.7
20220309192234,0.0,0.0,0.0,0.1,0.3,0.0,99.2,0.3
20220309192304,0.0,0.0,0.0,0.0,0.0,0.0,99.9,0.1
20220309192334,0.0,0.0,0.0,0.0,0.0,0.0,99.9,0.0
20220309192404,0.0,0.0,0.0,0.0,0.0,0.0,99.8,0.2
20220309192434,0.0,0.0,0.0,0.0,0.1,0.0,99.9,0.0
20220309192504,0.0,0.0,0.0,0.1,0.0,0.0,99.8,0.0
20220309192534,0.0,0.0,0.0,0.1,0.0,0.0,99.7,0.2
20220309192604,0.0,0.0,0.0,0.1,0.1,0.0,99.7,0.1
20220309192634,0.0,0.0,0.0,0.0,0.0,0.0,99.8,0.1
20220309192704,0.0,0.0,0.0,0.0,0.0,0.0,99.9,0.1
20220309192734,0.0,0.0,0.0,0.1,0.2,0.0,99.6,0.1
20220309192804,0.0,0.0,0.0,0.0,0.1,0.0,99.7,0.2
20220309192834,0.0,0.0,0.0,0.0,0.2,0.0,99.7,0.1
20220309192904,0.0,0.0,0.0,0.0,0.3,0.0,99.6,0.1
20220309192934,0.0,0.0,0.0,0.0,0.1,0.0,99.8,0.0
20220309193004,0.0,0.0,0.0,0.0,0.0,0.0,100.0,0.0
20220309193034,0.0,0.0,0.0,0.2,0.2,0.0,99.6,0.0
20220309193104,0.0,0.0,0.0,0.0,0.0,0.0,99.9,0.0
20220309193134,0.0,0.0,0.0,0.0,0.1,0.0,99.9,0.0
20220309193204,0.0,0.0,0.0,0.1,0.1,0.0,99.7,0.1
20220309193234,0.0,0.0,0.0,0.0,0.1,0.0,99.8,0.0
20220309193304,0.0,0.0,0.0,0.0,0.0,0.0,100.0,0.0
20220309193334,0.0,0.0,0.0,0.0,0.0,0.0,100.0,0.0
20220309193404,0.0,0.0,0.0,0.0,0.1,0.0,99.9,0.0
20220309193434,0.0,0.0,0.0,0.0,0.0,0.0,100.0,0.0
20220309193504,0.0,0.0,0.0,0.0,0.0,0.0,100.0,0.0
20220309193534,0.0,0.0,0.0,0.0,0.0,0.0,99.9,0.0
20220309193604,0.0,0.0,0.0,0.0,0.0,0.0,100.0,0.0
20220309193634,0.0,0.0,0.0,0.0,0.0,0.0,99.9,0.0
20220309193704,0.0,0.0,0.0,0.0,0.0,0.0,99.9,0.0
20220309193734,0.0,0.0,0.0,0.0,0.0,0.0,100.0,0.0
20220309193804,0.0,0.0,0.0,0.0,0.0,0.0,100.0,0.0
20220309193834,0.0,0.0,0.0,0.0,0.0,0.0,99.9,0.0
20220309193904,0.0,0.0,0.0,0.0,0.0,0.0,99.9,0.0
20220309193934,0.0,0.0,0.0,0.2,0.0,0.0,99.7,0.0
20220309194004,0.0,0.0,0.0,0.3,0.0,0.0,99.7,0.0
20220309194034,0.0,0.0,0.0,0.1,0.0,0.0,99.8,0.0
20220309194104,0.0,0.0,0.0,0.2,0.0,0.0,99.7,0.0
20220309194134,0.0,0.0,0.0,0.0,0.0,0.0,99.9,0.0
20220309194204,0.0,0.0,0.0,0.2,0.2,0.0,99.5,0.1
20220309194234,0.0,0.0,0.0,0.4,0.6,0.0,99.0,0.0
20220309194304,0.0,0.0,0.0,0.1,0.1,0.0,99.7,0.0
20220309194334,0.0,0.0,0.0,0.1,0.0,0.0,99.9,0.0
20220309194405,0.0,0.0,0.0,0.1,0.1,0.0,99.8,0.0
20220309194435,0.0,0.0,0.0,0.1,0.0,0.0,99.8,0.0
20220309194505,0.0,0.0,0.0,0.1,0.0,0.0,99.9,0.0
20220309194535,0.0,0.0,0.0,0.1,0.2,0.0,99.6,0.1
20220309194605,0.0,0.0,0.0,0.2,0.1,0.0,99.7,0.0
20220309194635,0.0,0.0,0.0,0.3,0.3,0.0,99.4,0.0
20220309194705,0.0,0.0,0.0,0.1,0.1,0.0,99.7,0.0
20220309194735,0.0,0.0,0.0,0.0,0.0,0.0,99.9,0.0
20220309194805,0.0,0.0,0.0,0.0,0.2,0.0,99.7,0.0
20220309194835,0.0,0.0,0.0,0.0,0.0,0.0,100.0,0.0
20220309194905,0.0,0.0,0.0,0.0,0.0,0.0,99.9,0.0
20220309194935,0.0,0.0,0.0,0.0,0.1,0.0,99.9,0.0
20220309195005,0.0,0.0,0.0,0.1,0.0,0.0,99.8,0.1
20220309195035,0.0,0.0,0.0,0.0,0.0,0.0,99.9,0.0
20220309195105,0.0,0.0,0.0,0.0,0.0,0.0,99.9,0.0
20220309195135,0.0,0.0,0.0,0.1,0.0,0.0,99.7,0.2
20220309195205,0.0,0.0,0.0,0.2,0.0,0.0,99.7,0.1
20220309195235,0.0,0.0,0.0,0.0,0.0,0.0,99.8,0.1
20220309195305,0.0,0.0,0.0,0.0,0.0,0.0,100.0,0.0
20220309195335,0.0,0.0,0.0,0.0,0.0,0.0,100.0,0.0
20220309195405,0.0,0.0,0.0,0.1,0.0,0.0,99.7,0.2
20220309195435,0.0,0.0,0.0,0.0,0.0,0.0,99.9,0.1
20220309195505,0.0,0.0,0.0,0.1,0.0,0.0,99.8,0.1
20220309195535,0.0,0.0,0.0,0.2,0.1,0.0,99.5,0.3
20220309195605,0.0,0.0,0.0,0.1,0.1,0.0,99.7,0.1
20220309195635,0.0,0.0,0.0,0.0,0.1,0.0,99.8,0.1
20220309195705,0.0,0.0,0.0,0.0,0.2,0.0,99.8,0.0
20220309195735,0.0,0.0,0.0,0.0,0.1,0.0,99.8,0.1
20220309195805,0.0,0.0,0.0,0.0,0.1,0.0,99.9,0.0
20220309195835,0.0,0.0,0.0,0.0,0.1,0.0,99.9,0.1
20220309195905,0.0,0.0,0.0,0.0,0.1,0.0,99.9,0.0
20220309195935,0.0,0.0,0.0,0.1,0.2,0.0,99.7,0.1
20220309200005,0.0,0.0,0.0,0.0,0.0,0.0,99.9,0.0
20220309200035,0.0,0.0,0.0,0.1,0.0,0.0,99.8,0.0
20220309200105,0.0,0.0,0.0,0.5,0.1,0.0,99.0,0.4
20220309200135,0.0,0.0,0.0,0.3,0.3,0.0,99.2,0.2
20220309200205,0.0,0.0,0.0,0.3,0.1,0.0,99.5,0.2
20220309200235,0.0,0.0,0.0,0.1,0.1,0.0,99.6,0.1
20220309200305,0.0,0.0,0.0,0.1,0.0,0.0,99.9,0.0
20220309200335,0.0,0.0,0.0,0.1,0.0,0.0,99.9,0.0
20220309200405,0.0,0.0,0.0,0.8,0.0,0.0,99.0,0.2
20220309200435,0.0,0.0,0.0,0.1,0.1,0.0,99.8,0.0
20220309200505,0.0,0.0,0.0,0.0,0.1,0.0,99.8,0.0
20220309200535,0.0,0.0,0.0,0.2,1.2,0.0,98.2,0.4
20220309200605,0.0,0.0,0.0,0.4,0.2,0.0,99.3,0.1
20220309200635,0.0,0.0,0.0,0.2,0.6,0.0,98.8,0.3
20220309200705,0.0,0.0,0.0,0.2,0.6,0.0,98.7,0.4
20220309200735,0.0,0.0,0.0,0.1,0.1,0.0,99.7,0.1
20220309200805,0.0,0.0,0.0,0.3,0.4,0.0,99.2,0.1
20220309200835,0.0,0.0,0.0,0.4,0.2,0.0,99.1,0.3
20220309200905,0.0,0.0,0.0,0.7,0.2,0.0,98.6,0.4
20220309200935,0.0,0.0,0.0,1.1,0.3,0.0,98.3,0.3
20220309201005,0.0,0.0,0.0,3.7,0.2,0.0,95.7,0.4
20220309201035,0.0,0.0,0.0,1.7,0.2,0.0,97.5,0.5
20220309201106,0.0,0.0,0.0,0.3,0.1,0.0,99.4,0.2
20220309201136,0.0,0.0,0.0,0.0,0.0,0.0,99.9,0.0
20220309201206,0.0,0.0,0.0,0.0,0.1,0.0,99.9,0.0
20220309201236,0.0,0.0,0.0,0.0,0.2,0.0,99.1,0.6
20220309201306,0.0,0.0,0.0,0.0,0.4,0.0,97.6,2.0
20220309201336,0.0,0.0,0.0,0.0,0.1,0.0,94.7,5.2
20220309201406,0.0,0.0,0.0,0.0,0.0,0.0,99.9,0.0
20220309201436,0.0,0.0,0.0,0.0,0.1,0.0,99.8,0.1
20220309201506,0.0,0.0,0.0,0.0,0.0,0.0,99.7,0.3
20220309201536,0.0,0.0,0.0,0.0,0.0,0.0,78.1,21.9
20220309201606,0.0,0.0,0.0,0.0,0.0,0.0,78.0,21.9
20220309201636,0.0,0.0,0.0,0.0,0.3,0.0,84.8,14.8
20220309201706,0.0,0.0,0.0,0.0,0.1,0.0,43.8,56.1
20220309201736,0.0,0.0,0.0,0.0,0.0,0.0,11.6,88.4
20220309201806,0.0,0.0,0.0,0.0,0.0,0.0,6.8,93.2
20220309201836,0.0,0.0,0.0,0.0,0.0,0.0,7.6,92.4
20220309201906,0.0,0.0,0.0,0.0,0.0,0.0,1.7,98.3
20220309201936,0.0,0.0,0.0,0.0,0.2,0.0,13.1,86.8
20220309202006,0.0,0.0,0.0,0.0,0.0,0.0,2.6,97.4
20220309202036,0.0,0.0,0.0,0.0,0.0,0.0,8.2,91.7
20220309202106,0.0,0.0,0.0,0.0,0.1,0.0,4.3,95.6
20220309202136,0.0,0.0,0.0,0.0,0.0,0.0,13.7,86.2
20220309202206,0.0,0.0,0.0,0.0,0.0,0.0,2.6,97.4
20220309202236,0.0,0.0,0.0,0.0,0.3,0.0,7.4,92.3
20220309202306,0.0,0.0,0.0,0.0,1.8,0.0,51.4,46.7
20220309202336,0.0,0.0,0.0,0.0,0.6,0.0,25.1,74.3
20220309202406,0.0,0.0,0.0,0.0,1.2,0.0,80.4,18.4
20220309202436,0.0,0.0,0.0,0.1,0.5,0.0,39.7,59.6
20220309202506,0.0,0.0,0.0,0.0,0.2,0.0,25.1,74.7
20220309202536,0.0,0.0,0.0,0.1,1.0,0.0,28.6,70.3
20220309202606,0.0,0.0,0.0,0.0,1.1,0.0,75.2,23.7
20220309202636,0.0,0.0,0.0,0.0,0.8,0.0,85.9,13.3
20220309202706,0.0,0.0,0.0,0.0,0.7,0.0,77.5,21.7
20220309202736,0.0,0.0,0.0,0.0,0.2,0.0,96.0,3.8
20220309202806,0.0,0.0,0.0,0.1,1.0,0.0,70.6,28.4
20220309202836,0.0,0.0,0.0,0.2,3.6,0.0,80.8,15.3
20220309202906,0.0,0.0,0.0,0.0,3.0,0.0,68.8,28.2
20220309202936,0.0,0.0,0.0,0.1,13.2,0.0,77.8,8.9
20220309203006,0.0,0.0,0.0,0.3,4.0,0.0,84.7,11.0
20220309203036,0.0,0.0,0.0,0.1,7.9,0.0,89.4,2.5
20220309203106,0.0,0.0,0.0,0.1,1.5,0.0,95.4,2.9
20220309203136,0.0,0.0,0.0,0.2,1.0,0.0,95.5,3.2
20220309203206,0.0,0.0,0.0,0.0,1.1,0.0,98.3,0.6
20220309203236,0.0,0.0,0.0,0.1,0.9,0.0,97.8,1.2
20220309203306,0.0,0.0,0.0,0.1,0.7,0.0,96.3,2.9
20220309203336,0.0,0.0,0.0,0.0,0.0,0.0,99.8,0.1
20220309203406,0.0,0.0,0.0,0.1,1.3,0.0,97.5,1.1
20220309203436,0.0,0.0,0.0,0.1,1.2,0.0,98.1,0.7
20220309203506,0.0,0.0,0.0,0.1,0.7,0.0,98.4,0.9
20220309203536,0.0,0.0,0.0,0.5,2.8,0.0,93.2,3.6
20220309203606,0.0,0.0,0.0,0.3,2.8,0.0,95.4,1.4
20220309203636,0.0,0.0,0.0,0.2,2.3,0.0,96.9,0.5
20220309203706,0.0,0.0,0.0,0.1,1.8,0.0,97.6,0.5
20220309203736,0.0,0.0,0.0,0.0,1.2,0.0,98.3,0.5
20220309203806,0.0,0.0,0.0,0.0,0.2,0.0,99.7,0.1
20220309203836,0.0,0.0,0.0,0.0,1.0,0.0,98.0,1.0
20220309203906,0.0,0.0,0.0,0.0,0.3,0.0,99.3,0.4
20220309203936,0.0,0.0,0.0,0.0,0.3,0.0,99.0,0.6
20220309204006,0.0,0.0,0.0,0.1,2.0,0.0,96.1,1.9
20220309204036,0.0,0.0,0.0,0.0,0.3,0.0,99.6,0.2
20220309204106,0.0,0.0,0.0,0.1,0.8,0.0,98.7,0.5
20220309204136,0.0,0.0,0.0,0.0,0.1,0.0,99.3,0.5
20220309204206,0.0,0.0,0.0,0.0,0.2,0.0,98.8,0.9
20220309204236,0.0,0.0,0.0,0.0,2.1,0.0,95.8,2.1
20220309204306,0.0,0.0,0.0,0.0,1.2,0.0,97.8,1.0
20220309204336,0.0,0.0,0.0,0.0,3.4,0.0,93.9,2.7
20220309204406,0.0,0.0,0.0,0.1,6.1,0.0,90.2,3.7
20220309204436,0.0,0.0,0.0,0.0,1.6,0.0,95.8,2.5
20220309204506,0.0,0.0,0.0,0.0,12.7,0.0,79.5,7.7
20220309204537,0.0,0.0,0.0,0.0,3.9,0.0,90.6,5.5
20220309204607,0.0,0.0,0.0,0.0,12.5,0.0,82.8,4.6
20220309204637,0.1,0.0,0.0,0.2,10.6,0.1,82.0,7.0
20220309204707,0.0,0.0,0.0,0.1,2.2,0.0,95.3,2.4
20220309204737,0.0,0.0,0.0,0.0,1.2,0.0,95.0,3.8
20220309204807,0.0,0.0,0.0,0.1,1.4,0.0,96.7,1.8
20220309204837,0.0,0.0,0.0,0.0,2.3,0.0,94.6,3.1
20220309204907,0.0,0.0,0.0,0.0,0.8,0.0,94.9,4.2
20220309204937,0.0,0.0,0.0,0.0,1.0,0.0,94.7,4.2
20220309205007,0.0,0.0,0.0,0.0,0.2,0.0,98.0,1.8
20220309205037,0.0,0.0,0.0,0.0,0.9,0.0,93.4,5.6
20220309205107,0.0,0.0,0.0,0.0,0.2,0.0,89.8,10.0
20220309205137,0.0,0.0,0.0,0.1,1.6,0.0,70.9,27.4
20220309205207,0.0,0.0,0.0,0.0,1.1,0.0,82.4,16.5
20220309205237,0.0,0.0,0.0,0.0,0.3,0.0,89.2,10.4
20220309205307,0.0,0.0,0.0,0.0,0.1,0.0,98.8,1.1
20220309205337,0.0,0.0,0.0,0.0,0.1,0.0,97.9,1.9
20220309205407,0.0,0.0,0.0,0.0,0.2,0.0,90.4,9.4
20220309205437,0.0,0.0,0.0,0.0,0.2,0.0,84.8,15.1
20220309205507,0.0,0.0,0.0,0.0,0.3,0.0,87.1,12.6
20220309205537,0.0,0.0,0.0,0.0,0.0,0.0,90.1,9.9
20220309205607,0.0,0.0,0.0,0.0,0.5,0.0,78.9,20.5
20220309205637,0.0,0.0,0.0,0.0,0.1,0.0,88.5,11.4
20220309205707,0.0,0.0,0.0,0.0,0.0,0.0,98.5,1.4
20220309205737,0.0,0.0,0.0,0.0,0.3,0.0,81.2,18.5
20220309205807,0.0,0.0,0.0,0.0,0.3,0.0,64.8,34.8
20220309205837,0.0,0.0,0.0,0.0,0.1,0.0,22.1,77.8
20220309205907,0.0,0.0,0.0,0.0,0.3,0.0,36.2,63.4
20220309205937,0.0,0.0,0.0,0.0,0.4,0.0,81.3,18.3
20220309210007,0.0,0.0,0.0,0.0,0.8,0.0,55.6,43.6
20220309210037,0.0,0.0,0.0,0.0,0.3,0.0,41.1,58.7
20220309210107,0.0,0.0,0.0,0.0,1.5,0.0,33.5,65.0
20220309210137,0.0,0.0,0.0,0.0,1.9,0.0,51.2,46.8
20220309210207,0.0,0.0,0.0,0.0,0.4,0.0,43.3,56.3
20220309210237,0.0,0.0,0.0,0.0,0.2,0.0,15.1,84.7
20220309210307,0.0,0.0,0.0,0.0,0.5,0.0,16.4,83.1
20220309210337,0.0,0.0,0.0,0.0,0.1,0.0,41.0,59.0
20220309210407,0.0,0.0,0.0,0.0,0.1,0.0,14.0,85.9
20220309210437,0.0,0.0,0.0,0.0,0.2,0.0,73.2,26.6
20220309210507,0.0,0.0,0.0,0.0,0.2,0.0,62.6,37.3
20220309210537,0.0,0.0,0.0,0.0,0.0,0.0,39.6,60.4
20220309210607,0.0,0.0,0.0,0.0,0.2,0.0,82.9,16.8
20220309210637,0.0,0.0,0.0,0.0,0.2,0.0,86.6,13.1
20220309210707,0.0,0.0,0.0,0.0,0.4,0.0,74.2,25.4
20220309210737,0.0,0.0,0.0,0.0,0.1,0.0,88.0,11.9
20220309210807,0.0,0.0,0.0,0.0,0.1,0.0,83.1,16.8
20220309210837,0.0,0.0,0.0,0.0,0.3,0.0,53.1,46.6
20220309210907,0.0,0.0,0.0,0.0,0.2,0.0,72.4,27.4
20220309210937,0.0,0.0,0.0,0.0,0.1,0.0,87.7,12.2
20220309211007,0.0,0.0,0.0,0.0,0.2,0.0,30.0,69.8
20220309211037,0.0,0.0,0.0,0.0,0.0,0.0,78.4,21.6
20220309211107,0.0,0.0,0.0,0.0,0.4,0.0,90.8,8.8
20220309211137,0.0,0.0,0.0,0.0,0.1,0.0,83.3,16.5
20220309211207,0.0,0.0,0.0,0.0,0.0,0.0,34.2,65.8
20220309211237,0.0,0.0,0.0,0.0,0.8,0.0,27.1,72.1
20220309211307,0.0,0.0,0.0,0.0,0.1,0.0,83.4,16.5
20220309211337,0.0,0.0,0.0,0.0,0.2,0.0,64.0,35.8
20220309211407,0.0,0.0,0.0,0.1,1.1,0.0,46.6,52.2
20220309211437,0.0,0.0,0.0,0.0,0.4,0.0,38.3,61.3
20220309211507,0.0,0.0,0.0,0.0,1.2,0.0,64.6,34.2
20220309211537,0.0,0.0,0.0,0.0,1.4,0.0,45.5,53.1
20220309211607,0.0,0.0,0.0,0.0,0.3,0.0,42.3,57.3
20220309211637,0.0,0.0,0.0,0.0,0.5,0.0,57.8,41.7
20220309211707,0.0,0.0,0.0,0.1,1.5,0.0,61.8,36.7
20220309211737,0.0,0.0,0.0,0.1,2.0,0.0,54.0,43.9
20220309211807,0.0,0.0,0.0,0.1,0.7,0.0,81.9,17.3
20220309211837,0.0,0.0,0.0,0.0,0.4,0.0,66.6,33.0
20220309211907,0.0,0.0,0.0,0.0,1.3,0.0,88.5,10.2
20220309211938,0.0,0.0,0.0,0.0,1.3,0.0,52.4,46.2
20220309212008,0.0,0.0,0.0,0.2,1.4,0.0,51.5,46.8
20220309212038,0.0,0.0,0.0,0.2,0.7,0.0,77.4,21.8
20220309212108,0.0,0.0,0.0,0.2,1.5,0.0,55.9,42.4
20220309212138,0.0,0.0,0.0,0.2,0.4,0.0,84.0,15.4
20220309212208,0.0,0.0,0.0,0.1,2.3,0.0,90.1,7.5
20220309212238,0.0,0.0,0.0,0.0,0.8,0.0,94.9,4.3
20220309212308,0.0,0.0,0.0,0.1,8.4,0.0,68.5,23.0
20220309212338,0.0,0.0,0.0,0.0,0.6,0.0,98.0,1.3
20220309212408,0.0,0.0,0.0,0.0,0.1,0.0,98.6,1.3
20220309212438,0.0,0.0,0.0,0.0,0.5,0.0,94.7,4.8
20220309212508,0.0,0.0,0.0,0.0,1.0,0.0,97.1,1.9
20220309212538,0.0,0.0,0.0,0.0,0.7,0.0,97.9,1.4
20220309212608,0.0,0.0,0.0,0.1,2.3,0.0,84.9,12.7
20220309212638,0.0,0.0,0.0,0.0,0.3,0.0,98.3,1.3
20220309212708,0.0,0.0,0.0,0.1,0.2,0.0,95.0,4.7
20220309212738,0.0,0.0,0.0,0.0,0.9,0.0,96.8,2.3
20220309212808,0.0,0.0,0.0,0.0,0.3,0.0,93.5,6.2
20220309212838,0.0,0.0,0.0,0.1,0.4,0.0,94.4,5.2
20220309212908,0.0,0.0,0.0,0.0,0.1,0.0,95.5,4.4
20220309212938,0.0,0.0,0.0,0.0,0.0,0.0,94.8,5.2
20220309213008,0.0,0.0,0.0,0.1,0.3,0.0,78.8,20.8
20220309213038,0.0,0.0,0.0,0.0,0.2,0.0,97.4,2.5
20220309213108,0.0,0.0,0.0,0.0,0.2,0.0,96.3,3.5
20220309213138,0.0,0.0,0.0,0.0,0.1,0.0,89.3,10.5
20220309213208,0.0,0.0,0.0,0.0,0.2,0.0,95.3,4.5
20220309213238,0.0,0.0,0.0,0.9,0.4,0.0,97.9,0.8
20220309213308,0.0,0.0,0.0,0.5,0.2,0.0,99.3,0.1
20220309213338,0.0,0.0,0.0,0.0,0.0,0.0,100.0,0.0
20220309213408,0.0,0.0,0.0,0.2,0.0,0.0,99.8,0.0
20220309213438,0.0,0.0,0.0,0.6,0.1,0.0,99.2,0.1
20220309213508,0.0,0.0,0.0,0.1,0.1,0.0,99.7,0.0
20220309213538,0.0,0.0,0.0,0.2,0.6,0.0,99.0,0.2
20220309213608,0.0,0.0,0.0,0.2,0.6,0.0,98.5,0.7
20220309213638,0.0,0.0,0.0,0.0,0.1,0.0,98.7,1.1
20220309213708,0.0,0.0,0.0,0.1,0.1,0.0,99.6,0.2
20220309213738,0.0,0.0,0.0,0.0,0.2,0.0,99.3,0.4
20220309213808,0.0,0.0,0.0,4.3,6.0,0.0,89.2,0.4
20220309213838,0.0,0.0,0.0,8.7,0.7,0.0,88.9,1.7
20220309213908,0.0,0.0,0.0,0.4,0.1,0.0,99.3,0.2
20220309213938,0.0,0.0,0.0,0.3,0.0,0.0,99.6,0.0
20220309214008,0.0,0.0,0.0,3.3,0.4,0.0,96.0,0.2
20220309214038,0.0,0.0,0.0,1.6,0.8,0.0,97.2,0.3
20220309214108,0.0,0.0,0.0,1.9,1.7,0.0,95.7,0.7
20220309214138,0.0,0.0,0.0,6.7,1.8,0.0,91.0,0.6
20220309214208,0.0,0.0,0.0,11.3,5.6,0.0,82.7,0.3
20220309214238,0.0,0.0,0.0,14.0,3.0,0.0,82.7,0.2
20220309214308,0.0,0.0,0.0,12.1,2.5,0.0,85.0,0.5
20220309214338,0.0,0.0,0.0,10.6,1.6,0.0,87.4,0.4
20220309214408,0.0,0.0,0.0,16.7,1.9,0.0,81.2,0.2
20220309214438,0.0,0.0,0.0,12.4,0.9,0.0,86.6,0.0
20220309214508,0.0,0.0,0.0,37.9,2.9,0.0,59.1,0.0
20220309214538,0.0,0.0,0.0,1.4,0.4,0.0,98.1,0.0
20220309214608,0.0,0.0,0.0,0.2,0.1,0.0,99.6,0.0
20220309214638,0.0,0.0,0.0,0.4,0.1,0.0,99.5,0.0
20220309214708,0.0,0.0,0.0,0.8,0.3,0.0,98.5,0.4
20220309214738,0.0,0.0,0.0,12.6,0.6,0.0,86.7,0.1
20220309214808,0.0,0.0,0.0,1.1,0.2,0.0,98.6,0.0
20220309214838,0.0,0.0,0.0,0.2,0.0,0.0,99.7,0.0
20220309214908,0.0,0.0,0.0,0.1,0.0,0.0,99.9,0.0
20220309214938,0.0,0.0,0.0,8.9,0.4,0.0,90.7,0.0
20220309215008,0.0,0.0,0.0,1.0,0.1,0.0,98.8,0.1
20220309215038,0.0,0.0,0.0,0.0,0.0,0.0,99.9,0.0
20220309215108,0.0,0.0,0.0,0.6,0.4,0.0,98.9,0.1
20220309215138,0.0,0.0,0.0,0.3,0.0,0.0,99.7,0.0
20220309215208,0.0,0.0,0.0,0.0,0.0,0.0,100.0,0.0
20220309215238,0.0,0.0,0.0,0.0,0.0,0.0,100.0,0.0
20220309215309,0.0,0.0,0.0,0.0,0.0,0.0,100.0,0.0
20220309215339,0.0,0.0,0.0,0.0,0.0,0.0,99.9,0.0
20220309215409,0.0,0.0,0.0,0.0,0.0,0.0,100.0,0.0
20220309215439,0.0,0.0,0.0,0.0,0.0,0.0,99.9,0.0
20220309215509,0.0,0.0,0.0,0.0,0.0,0.0,100.0,0.0
20220309215539,0.0,0.0,0.0,0.0,0.0,0.0,100.0,0.0
20220309215609,0.0,0.0,0.0,0.0,0.0,0.0,100.0,0.0
20220309215639,0.0,0.0,0.0,0.0,0.0,0.0,99.9,0.0
20220309215709,0.0,0.0,0.0,0.0,0.0,0.0,99.9,0.1
20220309215739,0.0,0.0,0.0,0.0,0.0,0.0,99.9,0.0
20220309215809,0.0,0.0,0.0,0.0,0.0,0.0,99.7,0.2
20220309215839,0.0,0.0,0.0,0.0,0.0,0.0,99.7,0.2
20220309215909,0.0,0.0,0.0,0.0,0.0,0.0,99.9,0.1
20220309215939,0.0,0.0,0.0,0.0,0.0,0.0,99.5,0.5
20220309220009,0.0,0.0,0.0,0.0,0.0,0.0,99.9,0.1
20220309220039,0.0,0.0,0.0,0.0,0.0,0.0,99.9,0.0
20220309220109,0.0,0.0,0.0,0.1,0.0,0.0,99.9,0.0
20220309220139,0.0,0.0,0.0,0.0,0.0,0.0,100.0,0.0
20220309220209,0.0,0.0,0.0,0.0,0.0,0.0,100.0,0.0
20220309220239,0.0,0.0,0.0,0.0,0.0,0.0,99.8,0.1
20220309220309,0.0,0.0,0.0,0.0,0.0,0.0,99.9,0.0
20220309220339,0.0,0.0,0.0,0.0,0.0,0.0,99.9,0.1
20220309220409,0.0,0.0,0.0,0.0,0.0,0.0,99.9,0.1
20220309220439,0.0,0.0,0.0,0.0,0.0,0.0,99.7,0.2
20220309220509,0.0,0.0,0.0,0.0,0.0,0.0,99.9,0.1
20220309220539,0.0,0.0,0.0,0.1,0.1,0.0,99.8,0.1
20220309220609,0.0,0.0,0.0,0.0,0.0,0.0,100.0,0.0
20220309220639,0.0,0.0,0.0,0.0,0.0,0.0,99.9,0.1
20220309220709,0.0,0.0,0.0,0.0,0.0,0.0,100.0,0.0
20220309220739,0.0,0.0,0.0,0.0,0.0,0.0,99.9,0.0
20220309220809,0.0,0.0,0.0,0.0,0.0,0.0,99.8,0.1
20220309220839,0.0,0.0,0.0,0.0,0.1,0.0,99.8,0.1
20220309220909,0.0,0.0,0.0,0.0,0.0,0.0,99.9,0.0
20220309220939,0.0,0.0,0.0,0.1,0.3,0.0,99.5,0.1
20220309221009,0.0,0.0,0.0,0.0,0.0,0.0,99.9,0.0
20220309221039,0.0,0.0,0.0,0.0,0.0,0.0,100.0,0.0
20220309221109,0.0,0.0,0.0,0.0,0.0,0.0,99.9,0.0
20220309221139,0.0,0.0,0.0,0.6,0.3,0.0,99.0,0.0
20220309221209,0.0,0.0,0.0,0.2,0.1,0.0,99.7,0.0
20220309221239,0.0,0.0,0.0,0.1,0.1,0.0,99.8,0.0
20220309221309,0.0,0.0,0.0,0.0,0.0,0.0,100.0,0.0
20220309221339,0.0,0.0,0.0,0.0,0.0,0.0,100.0,0.0
20220309221409,0.0,0.0,0.0,0.1,0.0,0.0,99.9,0.0
20220309221439,0.0,0.0,0.0,0.1,0.0,0.0,99.9,0.0
20220309221509,0.0,0.0,0.0,0.0,0.0,0.0,99.9,0.0
20220309221539,0.0,0.0,0.0,0.3,0.0,0.0,99.7,0.0
20220309221609,0.0,0.0,0.0,0.5,0.0,0.0,99.5,0.0
20220309221639,0.0,0.0,0.0,1.5,0.0,0.0,98.4,0.1
20220309221709,0.0,0.0,0.0,0.3,0.0,0.0,99.7,0.0
20220309221739,0.0,0.0,0.0,0.4,0.0,0.0,99.5,0.0
20220309221809,0.0,0.0,0.0,0.1,0.0,0.0,99.9,0.0
20220309221839,0.0,0.0,0.0,0.0,0.0,0.0,99.9,0.0
20220309221909,0.0,0.0,0.0,0.1,0.0,0.0,99.9,0.0
20220309221939,0.0,0.0,0.0,0.3,0.1,0.0,99.6,0.0
20220309222009,0.0,0.0,0.0,0.4,0.1,0.0,99.5,0.0
20220309222039,0.0,0.0,0.0,4.1,0.1,0.0,95.7,0.0
20220309222110,0.0,0.0,0.0,0.3,0.1,0.0,99.6,0.0
20220309222140,0.0,0.0,0.0,0.6,0.0,0.0,99.4,0.0
20220309222210,0.0,0.0,0.0,1.4,0.0,0.0,98.6,0.0
20220309222240,0.0,0.0,0.0,1.5,0.1,0.0,98.4,0.0
20220309222310,0.0,0.0,0.0,5.3,0.1,0.0,94.7,0.0
20220309222340,0.0,0.0,0.0,5.5,0.1,0.0,94.4,0.0
20220309222410,0.0,0.0,0.0,3.4,0.0,0.0,96.6,0.0
20220309222440,0.0,0.0,0.0,1.0,0.0,0.0,99.0,0.0
20220309222510,0.0,0.0,0.0,0.3,0.0,0.0,99.7,0.0
20220309222540,0.0,0.0,0.0,0.3,0.0,0.0,99.7,0.0
20220309222610,0.0,0.0,0.0,0.5,0.0,0.0,99.5,0.0
20220309222640,0.0,0.0,0.0,1.4,0.1,0.0,98.5,0.0
20220309222710,0.0,0.0,0.0,2.4,0.1,0.0,97.5,0.0
20220309222740,0.0,0.0,0.0,6.2,0.1,0.0,93.6,0.0
20220309222810,0.0,0.0,0.0,6.1,0.1,0.0,93.8,0.0
20220309222840,0.0,0.0,0.0,11.0,0.2,0.0,88.8,0.0
20220309222910,0.0,0.0,0.0,6.7,0.2,0.0,93.1,0.0
20220309222940,0.0,0.0,0.0,51.5,0.9,0.0,47.5,0.1
20220309223010,0.0,0.0,0.0,81.0,1.2,0.0,17.7,0.0
20220309223040,0.0,0.0,0.0,58.7,1.0,0.0,40.3,0.0
20220309223110,0.0,0.0,0.0,46.2,1.6,0.0,52.1,0.0
20220309223140,0.0,0.0,0.0,70.3,0.3,0.0,29.4,0.0
20220309223210,0.0,0.0,0.0,52.5,1.0,0.0,46.5,0.0
20220309223240,0.0,0.0,0.0,70.9,0.8,0.0,28.2,0.0
20220309223310,0.0,0.0,0.0,54.2,0.7,0.0,45.1,0.0
20220309223340,0.0,0.0,0.0,23.9,0.3,0.0,75.8,0.0
20220309223410,0.0,0.0,0.0,15.9,0.9,0.0,83.1,0.0
20220309223440,0.0,0.0,0.0,5.5,0.2,0.0,94.3,0.0
20220309223510,0.0,0.0,0.0,91.5,0.5,0.0,7.9,0.0
20220309223540,0.0,0.0,0.0,99.7,0.2,0.0,0.1,0.0
20220309223610,0.0,0.0,0.0,99.6,0.3,0.0,0.1,0.0
20220309223640,0.0,0.0,0.0,99.4,0.6,0.0,0.0,0.0
20220309223710,0.0,0.0,0.0,100.0,0.0,0.0,0.0,0.0
20220309223740,0.0,0.0,0.0,99.6,0.4,0.0,0.0,0.0
20220309223810,0.2,0.0,0.0,99.5,0.3,0.0,0.0,0.0
20220309223840,0.2,0.0,0.0,99.4,0.3,0.0,0.0,0.0
20220309223910,0.0,0.0,0.0,99.7,0.3,0.0,0.0,0.0
20220309223940,0.1,0.0,0.0,99.5,0.4,0.0,0.0,0.0
20220309224010,0.2,0.0,0.0,94.9,4.8,0.0,0.0,0.0
20220309224040,0.0,0.0,0.0,99.5,0.5,0.0,0.0,0.0
20220309224110,0.2,0.0,0.5,97.7,1.4,0.0,0.2,0.0
20220309224140,0.6,0.0,0.2,94.7,2.4,0.0,2.1,0.0
20220309224210,0.0,0.0,0.1,99.0,0.8,0.0,0.1,0.0
20220309224240,0.5,0.0,0.0,94.7,4.7,0.0,0.1,0.0
20220309224310,0.1,0.0,0.0,98.2,1.7,0.0,0.0,0.0
20220309224340,0.0,0.0,0.0,99.7,0.3,0.0,0.0,0.0
20220309224410,0.1,0.0,0.0,97.7,2.2,0.0,0.0,0.0
20220309224440,0.0,0.0,0.0,98.9,1.0,0.0,0.0,0.0
20220309224510,0.1,0.0,0.0,90.9,8.9,0.0,0.0,0.0
20220309224540,0.1,0.0,0.0,99.8,0.1,0.0,0.0,0.0
20220309224610,0.0,0.0,0.0,98.3,1.7,0.0,0.0,0.0
20220309224640,0.0,0.0,0.0,86.1,13.8,0.0,0.0,0.0
20220309224710,0.0,0.0,0.0,94.5,5.4,0.0,0.0,0.0
20220309224740,0.0,0.0,0.0,99.4,0.6,0.0,0.0,0.0
20220309224810,0.0,0.0,0.1,97.6,2.3,0.0,0.1,0.0
20220309224840,0.0,0.0,0.1,98.4,1.1,0.0,0.4,0.0
20220309224910,0.0,0.0,0.7,90.6,1.2,0.0,7.4,0.0
20220309224940,0.2,0.0,3.4,85.1,9.8,0.0,1.4,0.1
20220309225010,0.0,0.0,1.5,94.5,2.2,0.0,1.8,0.0
20220309225040,0.0,0.0,0.4,97.9,0.2,0.0,1.5,0.0
20220309225110,0.0,0.0,0.1,85.0,0.3,0.0,14.6,0.1
20220309225140,0.0,0.0,0.2,78.3,0.1,0.0,21.4,0.0
20220309225210,0.0,0.0,0.2,87.8,0.2,0.0,11.8,0.0
20220309225240,0.1,0.0,0.2,90.7,0.2,0.0,8.8,0.0
20220309225310,0.0,0.0,0.3,95.3,0.8,0.0,3.6,0.0
20220309225340,0.0,0.0,0.1,98.3,0.2,0.0,1.3,0.0
20220309225410,0.0,0.0,0.1,98.2,0.0,0.0,1.7,0.0
20220309225440,0.0,0.0,0.3,98.6,0.3,0.0,0.8,0.0
20220309225511,0.0,0.0,0.3,97.8,0.7,0.0,1.2,0.0
20220309225541,0.1,0.0,6.0,93.0,0.8,0.0,0.1,0.0
20220309225611,0.1,0.0,0.2,99.3,0.4,0.0,0.1,0.0
20220309225641,0.0,0.0,0.1,99.6,0.2,0.0,0.1,0.0
20220309225711,0.0,0.0,0.2,99.7,0.1,0.0,0.0,0.0
20220309225741,0.1,0.0,0.2,99.4,0.3,0.0,0.1,0.0
20220309225811,0.3,0.0,0.8,98.7,0.3,0.0,0.0,0.0
20220309225841,0.1,0.0,0.7,98.3,0.8,0.0,0.0,0.0
20220309225911,0.0,0.0,0.1,99.6,0.2,0.0,0.0,0.0
20220309225941,0.0,0.0,0.0,99.4,0.5,0.0,0.0,0.0
20220309230011,0.1,0.0,0.3,97.4,2.3,0.0,0.0,0.0
20220309230041,0.1,0.0,0.0,99.3,0.6,0.0,0.0,0.0
20220309230111,0.3,0.0,0.0,99.5,0.2,0.0,0.0,0.0
20220309230141,0.4,0.0,1.9,92.0,5.7,0.0,0.0,0.0
20220309230211,0.1,0.0,0.9,98.3,0.7,0.0,0.0,0.0
20220309230241,0.1,0.0,1.3,98.3,0.4,0.0,0.0,0.0
20220309230311,0.0,0.0,0.2,99.0,0.8,0.0,0.0,0.0
20220309230341,0.0,0.0,0.0,99.9,0.1,0.0,0.0,0.0
20220309230411,0.1,0.0,0.1,99.7,0.2,0.0,0.0,0.0
20220309230441,0.1,0.0,0.3,99.2,0.4,0.0,0.0,0.0
20220309230511,0.5,0.0,0.1,98.9,0.6,0.0,0.0,0.0
20220309230541,0.2,0.0,0.1,99.0,0.7,0.0,0.0,0.0
20220309230611,0.0,0.0,0.0,99.8,0.2,0.0,0.0,0.0
20220309230641,0.1,0.0,0.0,97.2,2.7,0.0,0.0,0.0
20220309230711,0.2,0.0,0.1,79.2,20.5,0.0,0.0,0.0
20220309230741,1.2,0.0,0.0,98.3,0.5,0.0,0.0,0.0
20220309230811,0.4,0.0,0.0,99.3,0.3,0.0,0.0,0.0
20220309230841,0.1,0.0,0.0,99.9,0.0,0.0,0.0,0.0
20220309230911,0.1,0.0,0.0,99.5,0.4,0.0,0.0,0.0
20220309230941,0.0,0.0,0.0,99.9,0.1,0.0,0.0,0.0
20220309231011,0.6,0.1,0.0,97.8,1.5,0.0,0.0,0.0
20220309231041,11.0,0.0,0.0,65.4,23.6,0.0,0.0,0.0
20220309231111,1.3,0.1,0.0,90.2,8.3,0.0,0.0,0.0
20220309231141,0.0,0.0,0.0,99.8,0.2,0.0,0.0,0.0
20220309231211,0.2,0.0,0.0,99.2,0.6,0.0,0.0,0.0
20220309231241,0.2,0.0,0.0,99.1,0.7,0.0,0.0,0.0
20220309231311,0.0,0.0,0.1,98.5,1.4,0.0,0.0,0.0
20220309231341,0.0,0.0,4.7,90.5,4.8,0.0,0.0,0.0
20220309231411,0.1,0.0,4.3,90.2,5.4,0.0,0.0,0.0
20220309231441,0.0,0.0,2.6,92.5,2.1,0.0,2.8,0.0
20220309231511,0.0,0.0,0.5,96.3,2.6,0.0,0.6,0.0
20220309231541,0.1,0.0,0.4,91.4,4.2,0.0,3.9,0.0
20220309231611,0.1,0.0,0.7,42.9,55.9,0.0,0.4,0.0
20220309231641,0.7,0.0,0.8,81.5,16.9,0.0,0.0,0.0
20220309231711,2.6,0.3,0.4,93.2,3.5,0.0,0.0,0.0
20220309231741,0.4,0.4,0.9,92.0,6.3,0.0,0.0,0.0
20220309231811,3.1,0.6,1.7,87.9,6.7,0.0,0.0,0.0
20220309231841,6.6,0.1,0.0,89.8,3.5,0.0,0.0,0.0
20220309231911,1.4,0.0,0.4,91.5,6.6,0.0,0.0,0.0
20220309231941,0.5,0.0,3.0,82.8,13.8,0.0,0.0,0.0
20220309232011,0.2,0.0,2.9,83.7,11.1,0.0,2.0,0.0
20220309232041,0.1,0.0,0.7,98.3,0.8,0.0,0.1,0.0
20220309232111,0.1,0.0,0.0,99.8,0.0,0.0,0.0,0.0
20220309232141,0.0,0.0,0.0,99.7,0.3,0.0,0.0,0.0
20220309232211,0.1,0.1,0.1,99.5,0.2,0.0,0.0,0.0
20220309232241,9.5,2.0,0.4,83.2,4.8,0.0,0.0,0.0
20220309232311,0.5,0.1,2.7,79.9,16.8,0.0,0.0,0.0
20220309232341,0.4,0.0,0.8,97.1,1.7,0.0,0.0,0.0
20220309232411,0.0,0.0,0.9,98.7,0.4,0.0,0.0,0.0
20220309232441,0.0,0.0,2.1,97.6,0.2,0.0,0.0,0.0
20220309232511,0.4,0.0,19.1,78.2,2.3,0.0,0.0,0.0
20220309232541,5.3,0.0,27.6,64.2,2.4,0.0,0.5,0.0
20220309232611,0.2,0.0,85.1,14.2,0.4,0.0,0.0,0.0
20220309232641,0.3,0.0,7.2,90.2,2.2,0.0,0.1,0.0
20220309232711,0.6,22.3,0.6,75.8,0.7,0.0,0.0,0.0
20220309232741,0.0,0.0,0.4,96.7,2.9,0.0,0.0,0.0
20220309232811,0.2,5.8,2.6,87.1,4.3,0.0,0.0,0.0
20220309232841,0.0,28.5,0.0,69.8,1.6,0.0,0.0,0.0
20220309232911,0.0,73.6,1.2,20.2,5.1,0.0,0.0,0.0
20220309232941,0.0,79.3,0.0,2.1,18.6,0.0,0.0,0.0
20220309233012,0.0,0.0,0.0,99.5,0.5,0.0,0.0,0.0
20220309233042,0.0,1.7,0.2,73.8,24.3,0.0,0.0,0.0
20220309233112,0.0,0.4,1.3,96.6,1.6,0.0,0.0,0.0
20220309233142,0.0,0.2,0.1,98.2,0.8,0.0,0.6,0.0
20220309233212,0.0,0.0,0.1,99.0,0.2,0.0,0.8,0.0
20220309233242,0.0,0.0,0.6,81.2,0.6,0.0,17.2,0.4
20220309233312,0.0,0.0,0.3,58.6,6.5,0.0,33.5,1.0
20220309233342,0.0,0.0,1.0,87.8,3.2,0.0,7.8,0.1
20220309233412,0.0,0.0,1.5,44.3,3.7,0.0,49.6,1.0
20220309233442,0.0,0.0,0.7,28.7,2.4,0.0,68.1,0.1
20220309233512,0.0,0.0,0.7,94.8,0.5,0.0,3.9,0.1
20220309233542,0.0,0.0,0.7,92.2,2.0,0.0,5.1,0.1
20220309233612,0.0,0.0,2.0,87.4,2.0,0.0,8.6,0.0
20220309233642,0.0,0.0,0.8,55.7,2.0,0.0,41.5,0.0
20220309233712,0.0,0.0,0.2,81.7,0.4,0.0,17.8,0.0
20220309233742,0.0,0.0,0.5,72.2,0.2,0.0,27.1,0.0
20220309233812,0.0,0.0,0.1,80.8,0.5,0.0,18.5,0.0
20220309233842,0.0,0.0,0.3,52.0,0.2,0.0,47.5,0.0
20220309233912,0.0,0.0,1.3,37.7,0.3,0.0,60.7,0.0
20220309233942,0.0,0.0,0.3,90.8,0.1,0.0,8.8,0.0
20220309234012,0.0,0.0,0.3,94.8,0.1,0.0,4.8,0.0
20220309234042,0.0,0.0,0.5,45.0,1.1,0.0,53.4,0.0
20220309234112,0.0,0.0,3.3,89.6,0.4,0.0,6.7,0.0
20220309234142,0.0,0.0,0.5,91.7,0.1,0.0,7.7,0.0
20220309234212,0.0,0.0,0.2,72.1,0.1,0.0,27.6,0.0
20220309234242,0.0,0.0,0.6,62.1,0.0,0.0,37.2,0.0
20220309234312,0.0,0.0,0.1,81.4,0.0,0.0,18.4,0.0
20220309234342,0.0,0.0,0.1,7.5,0.0,0.0,92.4,0.0
20220309234412,0.0,0.0,0.3,7.4,0.0,0.0,92.3,0.0
20220309234442,0.0,0.0,0.4,2.7,0.0,0.0,96.8,0.0
20220309234512,0.0,0.0,1.1,45.8,0.1,0.0,53.0,0.0
20220309234542,0.0,0.0,0.8,88.6,0.0,0.0,10.6,0.0
20220309234612,0.0,0.0,1.4,77.0,0.0,0.0,21.6,0.0
20220309234642,0.0,0.0,0.2,60.8,0.0,0.0,39.0,0.0
20220309234712,0.0,0.0,0.1,71.0,0.0,0.0,28.7,0.0
20220309234742,0.0,0.0,0.4,98.8,0.0,0.0,0.8,0.0
20220309234812,0.0,0.0,0.1,37.4,0.0,0.0,62.5,0.0
20220309234842,0.0,0.0,0.3,63.5,0.0,0.0,36.2,0.0
20220309234912,0.0,0.0,3.4,39.7,0.0,0.0,56.8,0.0
20220309234942,0.0,0.0,1.3,65.6,0.0,0.0,33.1,0.0
20220309235012,0.0,0.0,0.0,47.4,0.0,0.0,52.6,0.0
20220309235042,0.0,0.0,0.0,85.0,0.0,0.0,15.0,0.0
20220309235112,0.0,0.0,0.0,88.0,0.0,0.0,11.9,0.0
20220309235142,0.0,0.0,0.5,32.5,0.0,0.0,67.0,0.0
20220309235212,0.0,0.0,0.0,96.5,0.0,0.0,3.5,0.0
20220309235242,0.0,0.0,0.0,82.8,0.0,0.0,17.2,0.0
20220309235312,0.0,0.0,0.0,96.4,0.0,0.0,3.6,0.0
20220309235342,0.0,0.0,0.0,93.7,0.0,0.0,6.3,0.0
20220309235412,0.0,0.0,0.0,86.9,0.0,0.0,13.1,0.0
20220309235442,0.0,0.0,0.0,15.3,0.0,0.0,84.7,0.0
20220309235512,0.0,0.0,0.0,10.6,0.0,0.0,89.4,0.0
20220309235542,0.0,0.0,0.0,81.5,0.0,0.0,18.5,0.0
20220309235612,0.0,0.0,0.0,75.6,0.0,0.0,24.3,0.0
