UT,arc,discrete,diffuse,ac,ab,clear,cloudy,dd
20220328182900,0.0,0.0,0.0,0.0,0.0,0.0,0.0,100.0
20220328182930,0.0,0.0,0.0,0.0,0.0,0.0,0.0,100.0
20220328183000,0.0,0.0,0.0,0.0,0.0,0.0,0.0,100.0
20220328183030,0.0,0.0,0.0,0.0,0.0,0.0,0.0,100.0
20220328183100,0.0,0.0,0.0,0.0,0.0,0.0,0.0,100.0
20220328183130,0.0,0.0,0.0,0.0,0.0,0.0,0.0,100.0
20220328183200,0.0,0.0,0.0,0.0,0.0,0.0,0.0,100.0
20220328183230,0.0,0.0,0.0,0.0,0.0,0.0,0.0,100.0
20220328183300,0.0,0.0,0.0,0.0,0.0,0.0,0.0,100.0
20220328183330,0.0,0.0,0.0,0.0,0.0,0.0,0.0,100.0
20220328183400,0.0,0.0,0.0,0.0,0.0,0.0,0.0,100.0
20220328183430,0.0,0.0,0.0,0.0,0.0,0.0,0.0,100.0
20220328183500,0.0,0.0,0.0,0.0,0.0,0.0,0.0,100.0
20220328183530,0.0,0.0,0.0,0.0,0.0,0.0,0.0,100.0
20220328183600,0.0,0.0,0.0,0.0,0.0,0.0,0.0,100.0
20220328183630,0.0,0.0,0.0,0.0,0.0,0.0,0.0,100.0
20220328183700,0.0,0.0,0.0,0.0,0.0,0.0,0.0,100.0
20220328183730,0.0,0.0,0.0,0.0,0.0,0.0,0.0,100.0
20220328183800,0.0,0.0,0.0,0.0,0.0,0.0,0.0,100.0
20220328183830,0.0,0.0,0.0,0.0,0.0,0.0,0.0,100.0
20220328183900,0.0,0.0,0.0,0.0,0.0,0.0,0.0,100.0
20220328183931,0.0,0.0,0.0,0.0,0.0,0.0,0.0,100.0
20220328184001,0.0,0.0,0.0,0.0,0.0,0.0,0.0,100.0
20220328184031,0.0,0.0,0.0,0.0,0.0,0.0,0.0,100.0
20220328184101,0.0,0.0,0.0,0.0,0.0,0.0,0.0,100.0
20220328184131,0.0,0.0,0.0,0.0,0.0,0.0,0.0,100.0
20220328184201,0.0,0.0,0.0,0.0,0.0,0.0,0.0,100.0
20220328184231,0.0,0.0,0.0,0.0,0.0,0.0,0.0,100.0
20220328184301,0.0,0.0,0.0,0.0,0.0,0.0,0.0,100.0
20220328184331,0.0,0.0,0.0,0.0,0.0,0.0,0.0,100.0
20220328184401,0.0,0.0,0.0,0.0,0.0,0.0,0.0,100.0
20220328184431,0.0,0.0,0.0,0.0,0.0,0.0,0.0,100.0
20220328184501,0.0,0.0,0.0,0.0,0.0,0.0,0.0,100.0
20220328184531,0.0,0.0,0.0,0.0,0.0,0.0,0.0,100.0
20220328184601,0.0,0.0,0.0,0.0,0.0,0.0,0.0,100.0
20220328184631,0.0,0.0,0.0,0.0,0.0,0.0,0.0,100.0
20220328184701,0.0,0.0,0.0,0.0,0.0,0.0,0.0,100.0
20220328184731,0.0,0.0,0.0,0.0,0.0,0.0,0.0,100.0
20220328184801,0.0,0.0,0.0,0.0,0.0,0.0,0.0,100.0
20220328184831,0.0,0.0,0.0,0.0,0.0,0.0,0.0,100.0
20220328184901,0.0,0.0,0.0,0.0,0.0,0.0,0.0,100.0
20220328184931,0.0,0.0,0.0,0.0,0.0,0.0,0.0,100.0
20220328185001,0.0,0.0,0.0,0.0,0.0,0.0,0.0,100.0
20220328185031,0.0,0.0,0.0,0.0,0.0,0.0,0.0,100.0
20220328185101,0.0,0.0,0.0,0.0,0.0,0.0,0.0,100.0
20220328185131,0.0,0.0,0.0,0.0,0.0,0.0,0.0,100.0
20220328185201,0.0,0.0,0.0,0.0,0.0,0.0,0.0,100.0
20220328185231,0.0,0.0,0.0,0.0,0.0,0.0,0.0,100.0
20220328185301,0.0,0.0,0.0,0.0,0.0,0.0,0.0,100.0
20220328185331,0.0,0.0,0.0,0.0,0.0,0.0,0.0,100.0
20220328185401,0.0,0.0,0.0,0.0,0.0,0.0,0.0,100.0
20220328185431,0.0,0.0,0.0,0.0,0.0,0.0,0.0,100.0
20220328185501,0.0,0.0,0.0,0.0,0.0,0.0,0.0,100.0
20220328185531,0.0,0.0,0.0,0.0,0.0,0.0,0.0,100.0
20220328185601,0.0,0.0,0.0,0.0,0.0,0.0,0.0,100.0
20220328185631,0.0,0.0,0.0,0.0,0.0,0.0,0.0,100.0
20220328185701,0.0,0.0,0.0,0.0,0.0,0.0,0.0,100.0
20220328185731,0.0,0.0,0.0,0.0,0.0,0.0,0.0,100.0
20220328185801,0.0,0.0,0.0,0.0,0.0,0.0,0.0,100.0
20220328185831,0.0,0.0,0.0,0.0,0.0,0.0,0.0,100.0
20220328185901,0.0,0.0,0.0,0.0,0.0,0.0,0.0,100.0
20220328185931,0.0,0.0,0.0,0.0,0.0,0.0,0.0,100.0
20220328190001,0.0,0.0,0.0,0.0,0.0,0.0,0.0,100.0
20220328190031,0.0,0.0,0.0,0.0,0.0,0.0,0.0,100.0
20220328190101,0.0,0.0,0.0,0.0,0.0,0.0,0.0,100.0
20220328190131,0.0,0.0,0.0,0.0,0.0,0.0,0.0,100.0
20220328190201,0.0,0.0,0.0,0.0,0.0,0.0,0.0,100.0
20220328190231,0.0,0.0,0.0,0.0,0.0,0.0,0.0,100.0
20220328190301,0.0,0.0,0.0,0.0,0.0,0.0,0.0,100.0
20220328190331,0.0,0.0,0.0,0.0,0.0,0.0,0.0,100.0
20220328190401,0.0,0.0,0.0,0.0,0.0,0.0,0.0,100.0
20220328190431,0.0,0.0,0.0,0.0,0.0,0.0,0.0,100.0
20220328190501,0.0,0.0,0.0,0.0,0.0,0.0,0.0,100.0
20220328190531,0.0,0.0,0.0,0.0,0.0,0.0,0.0,100.0
20220328190601,0.0,0.0,0.0,0.0,0.0,0.0,0.0,100.0
20220328190631,0.0,0.0,0.0,0.0,0.0,0.0,0.0,100.0
20220328190701,0.0,0.0,0.0,0.0,0.0,0.0,0.0,100.0
20220328190731,0.0,0.0,0.0,0.0,0.0,0.0,0.0,100.0
20220328190801,0.0,0.0,0.0,0.0,0.0,0.0,0.0,100.0
20220328190831,0.0,0.0,0.0,0.0,0.0,0.0,0.0,100.0
20220328190901,0.0,0.0,0.0,0.0,0.0,0.0,0.0,100.0
20220328190931,0.0,0.0,0.0,0.0,0.0,0.0,0.0,100.0
20220328191001,0.0,0.0,0.0,0.0,0.0,0.0,0.0,100.0
20220328191031,0.0,0.0,0.0,0.0,0.0,0.0,0.0,100.0
20220328191101,0.0,0.0,0.0,0.0,0.0,0.0,0.0,100.0
20220328191131,0.0,0.0,0.0,0.0,0.0,0.0,0.0,100.0
20220328191201,0.0,0.0,0.0,0.0,0.0,0.0,0.0,100.0
20220328191231,0.0,0.0,0.0,0.0,0.0,0.0,0.0,100.0
20220328191301,0.0,0.0,0.0,0.0,0.0,0.0,0.0,100.0
20220328191331,0.0,0.0,0.0,0.0,0.0,0.0,0.0,100.0
20220328191401,0.0,0.0,0.0,0.0,0.0,0.0,0.0,100.0
20220328191432,0.0,0.0,0.0,0.0,0.0,0.0,0.0,100.0
20220328191502,0.0,0.0,0.0,0.0,0.0,0.0,0.0,100.0
20220328191532,0.0,0.0,0.0,0.0,0.0,0.0,0.0,100.0
20220328191602,0.0,0.0,0.0,0.0,0.0,0.0,0.0,100.0
20220328191632,0.0,0.0,0.0,0.0,0.0,0.0,0.0,100.0
20220328191702,0.0,0.0,0.0,0.0,0.0,0.0,0.0,100.0
20220328191732,0.0,0.0,0.0,0.0,0.0,0.0,0.0,100.0
20220328191802,0.0,0.0,0.0,0.0,0.0,0.0,0.0,100.0
20220328191832,0.0,0.0,0.0,0.0,0.0,0.0,0.0,100.0
20220328191902,0.0,0.0,0.0,0.0,0.0,0.0,0.0,100.0
20220328191932,0.0,0.0,0.0,0.0,0.0,0.0,0.0,100.0
20220328192002,0.0,0.0,0.0,0.0,0.0,0.0,0.0,100.0
20220328192032,0.0,0.0,0.0,0.0,0.0,0.0,0.0,100.0
20220328192102,0.0,0.0,0.0,0.0,0.0,0.0,0.0,100.0
20220328192132,0.0,0.0,0.0,0.0,0.0,0.0,0.0,100.0
20220328192202,0.0,0.0,0.0,0.0,0.0,0.0,0.0,100.0
20220328192232,0.0,0.0,0.0,0.0,0.0,0.0,0.0,100.0
20220328192302,0.0,0.0,0.0,0.0,0.0,0.0,0.0,100.0
20220328192332,0.0,0.0,0.0,0.0,0.0,0.0,0.0,100.0
20220328192402,0.0,0.0,0.0,0.0,0.0,0.0,0.0,100.0
20220328192432,0.0,0.0,0.0,0.0,0.0,0.0,0.0,100.0
20220328192502,0.0,0.0,0.0,0.0,0.0,0.0,0.0,100.0
20220328192532,0.0,0.0,0.0,0.0,0.0,0.0,0.0,100.0
20220328192602,0.0,0.0,0.0,0.0,0.0,0.0,0.0,100.0
20220328192632,0.0,0.0,0.0,0.0,0.0,0.0,0.0,100.0
20220328192702,0.0,0.0,0.0,0.0,0.0,0.0,0.0,100.0
20220328192732,0.0,0.0,0.0,0.0,0.0,0.0,0.0,100.0
20220328192802,0.0,0.0,0.0,0.0,0.0,0.0,0.0,100.0
20220328192832,0.0,0.0,0.0,0.0,0.0,0.0,0.0,100.0
20220328193032,0.0,0.0,0.0,0.0,0.0,0.0,0.0,100.0
20220328193102,0.0,0.0,0.0,0.0,0.0,0.0,0.0,100.0
20220328193132,0.0,0.0,0.0,0.0,0.0,0.0,0.0,100.0
20220328193202,0.0,0.0,0.0,0.0,0.0,0.0,0.0,100.0
20220328193232,0.0,0.0,0.0,0.0,0.0,0.0,0.0,100.0
20220328193302,0.0,0.0,0.0,0.0,0.0,0.0,0.0,100.0
20220328193332,0.0,0.0,0.0,0.0,0.0,0.0,0.0,100.0
20220328193402,0.0,0.0,0.0,0.0,0.0,0.0,0.0,100.0
20220328193432,0.0,0.0,0.0,0.0,0.0,0.0,0.0,100.0
20220328193502,0.0,0.0,0.0,0.0,0.0,0.0,0.0,100.0
20220328193532,0.0,0.0,0.0,0.0,0.0,0.0,0.0,100.0
20220328193602,0.0,0.0,0.0,0.0,0.0,0.0,0.0,100.0
20220328193632,0.0,0.0,0.0,0.0,0.0,0.0,0.0,100.0
20220328193702,0.0,0.0,0.0,0.0,0.0,0.0,0.0,100.0
20220328193732,0.0,0.0,0.0,0.0,0.0,0.0,0.0,100.0
20220328193802,0.0,0.0,0.0,0.0,0.0,0.0,0.0,100.0
20220328193832,0.0,0.0,0.0,0.0,0.0,0.0,0.0,100.0
20220328193902,0.0,0.0,0.0,0.0,0.0,0.0,0.0,100.0
20220328193932,0.0,0.0,0.0,0.0,0.0,0.0,0.0,100.0
20220328194002,0.0,0.0,0.0,0.0,0.0,0.0,0.0,100.0
20220328194032,0.0,0.0,0.0,0.0,0.0,0.0,0.0,100.0
20220328194103,0.0,0.0,0.0,0.0,0.0,0.0,0.0,100.0
20220328194133,0.0,0.0,0.0,0.0,0.0,0.0,0.0,100.0
20220328194203,0.0,0.0,0.0,0.0,0.0,0.0,0.0,100.0
20220328194233,0.0,0.0,0.0,0.0,0.0,0.0,0.0,100.0
20220328194303,0.0,0.0,0.0,0.0,0.0,0.0,0.0,100.0
20220328194333,0.0,0.0,0.0,0.0,0.0,0.0,0.0,100.0
20220328194403,0.0,0.0,0.0,0.0,0.0,0.0,0.0,100.0
20220328194433,0.0,0.0,0.0,0.0,0.0,0.0,0.0,100.0
20220328194503,0.0,0.0,0.0,0.0,0.0,0.0,0.0,100.0
20220328194533,0.0,0.0,0.0,0.0,0.0,0.0,0.0,100.0
20220328194603,0.0,0.0,0.0,0.0,0.0,0.0,0.0,100.0
20220328194633,0.0,0.0,0.0,0.0,0.0,0.0,0.0,100.0
20220328194703,0.0,0.0,0.0,0.0,0.0,0.0,0.0,100.0
20220328194733,0.0,0.0,0.0,0.0,0.0,0.0,0.0,100.0
20220328194803,0.0,0.0,0.0,0.0,0.0,0.0,0.0,100.0
20220328194833,0.0,0.0,0.0,0.0,0.0,0.0,0.0,100.0
20220328194903,0.0,0.0,0.0,0.0,0.0,0.0,0.0,100.0
20220328194933,0.0,0.0,0.0,0.0,0.0,0.0,0.0,100.0
20220328195003,0.0,0.0,0.0,0.0,0.0,0.0,0.0,100.0
20220328195033,0.0,0.0,0.0,0.0,0.0,0.0,0.0,100.0
20220328195103,0.0,0.0,0.0,0.0,0.0,0.0,0.0,100.0
20220328195133,0.0,0.0,0.0,0.0,0.0,0.0,0.0,100.0
20220328195203,0.0,0.0,0.0,0.0,0.0,0.0,0.0,100.0
20220328195233,0.0,0.0,0.0,0.0,0.0,0.0,0.0,100.0
20220328195303,0.0,0.0,0.0,0.0,0.0,0.0,0.0,100.0
20220328195333,0.0,0.0,0.0,0.0,0.0,0.0,0.0,100.0
20220328195403,0.0,0.0,0.0,0.0,0.0,0.0,0.0,100.0
20220328195433,0.0,0.0,0.0,0.0,0.0,0.0,0.0,100.0
20220328195503,0.0,0.0,0.0,0.0,0.0,0.0,0.0,100.0
20220328195533,0.0,0.0,0.0,0.0,0.0,0.0,0.0,100.0
20220328195603,0.0,0.0,0.0,0.0,0.0,0.0,0.0,100.0
20220328195633,0.0,0.0,0.0,0.0,0.0,0.0,0.0,100.0
20220328195703,0.0,0.0,0.0,0.0,0.0,0.0,0.0,100.0
20220328195733,0.0,0.0,0.0,0.0,0.0,0.0,0.0,100.0
20220328195803,0.0,0.0,0.0,0.0,0.0,0.0,0.0,100.0
20220328195833,0.0,0.0,0.0,0.0,0.0,0.0,0.0,100.0
20220328195903,0.0,0.0,0.0,0.0,0.0,0.0,0.0,100.0
20220328195933,0.0,0.0,0.0,0.0,0.0,0.0,0.0,100.0
20220328200003,0.0,0.0,0.0,0.0,0.0,0.0,0.0,100.0
20220328200033,0.0,0.0,0.0,0.0,0.0,0.0,0.0,100.0
20220328200103,0.0,0.0,0.0,0.0,0.0,0.0,0.0,100.0
20220328200133,0.0,0.0,0.0,0.0,0.0,0.0,0.0,100.0
20220328200203,0.0,0.0,0.0,0.0,0.0,0.0,0.0,100.0
20220328200233,0.0,0.0,0.0,0.0,0.0,0.0,0.0,100.0
20220328200303,0.0,0.0,0.0,0.0,0.0,0.0,0.0,100.0
20220328200333,0.0,0.0,0.0,0.0,0.0,0.0,0.0,100.0
20220328200403,0.0,0.0,0.0,0.0,0.0,0.0,0.0,100.0
20220328200433,0.0,0.0,0.0,0.0,0.0,0.0,0.0,100.0
20220328200503,0.0,0.0,0.0,0.0,0.0,0.0,0.0,100.0
20220328200533,0.0,0.0,0.0,0.0,0.0,0.0,0.0,100.0
20220328200603,0.0,0.0,0.0,0.0,0.0,0.0,0.0,100.0
20220328200633,0.0,0.0,0.0,0.0,0.0,0.0,0.0,100.0
20220328200703,0.0,0.0,0.0,0.0,0.0,0.0,0.0,100.0
20220328200733,0.0,0.0,0.0,0.0,0.0,0.0,0.0,100.0
20220328200803,0.0,0.0,0.0,0.0,0.0,0.0,0.0,100.0
20220328200833,0.0,0.0,0.0,0.0,0.0,0.0,0.0,100.0
20220328200903,0.0,0.0,0.0,0.0,0.0,0.0,0.0,100.0
20220328200933,0.0,0.0,0.0,0.0,0.0,0.0,0.0,100.0
20220328201003,0.0,0.0,0.0,0.0,0.0,0.0,0.0,100.0
20220328201033,0.0,0.0,0.0,0.0,0.0,0.0,0.0,100.0
20220328201103,0.0,0.0,0.0,0.0,0.0,0.0,0.0,100.0
20220328201133,0.0,0.0,0.0,0.0,0.0,0.0,0.0,100.0
20220328201203,0.0,0.0,0.0,0.0,0.0,0.0,0.0,100.0
20220328201233,0.0,0.0,0.0,0.0,0.0,0.0,0.0,100.0
20220328201303,0.0,0.0,0.0,0.0,0.0,0.0,0.0,100.0
20220328201333,0.0,0.0,0.0,0.0,0.0,0.0,0.0,100.0
20220328201403,0.0,0.0,0.0,0.0,0.0,0.0,0.0,100.0
20220328201433,0.0,0.0,0.0,0.0,0.1,0.0,0.0,99.9
20220328201503,0.0,0.0,0.0,0.0,0.0,0.0,0.0,100.0
20220328201533,0.0,0.0,0.0,0.0,0.0,0.0,0.0,100.0
20220328201604,0.0,0.0,0.0,0.0,0.0,0.0,0.0,100.0
20220328201634,0.0,0.0,0.0,0.0,1.8,0.0,0.0,98.1
20220328201704,0.0,0.0,0.0,0.0,0.0,0.0,0.0,99.9
20220328201734,0.0,0.0,0.0,0.0,0.0,0.0,0.0,100.0
20220328201804,0.0,0.0,0.0,0.0,0.0,0.0,0.0,100.0
20220328201834,0.0,0.0,0.0,0.0,0.0,0.0,0.0,100.0
20220328201904,0.0,0.0,0.0,0.0,0.0,0.0,0.0,100.0
20220328201934,0.0,0.0,0.0,0.0,0.0,0.0,0.0,100.0
20220328202004,0.0,0.0,0.0,0.0,0.0,0.0,0.0,100.0
20220328202034,0.0,0.0,0.0,0.0,0.0,0.0,0.0,100.0
20220328202104,0.0,0.0,0.0,0.0,0.0,0.0,0.0,100.0
20220328202134,0.0,0.0,0.0,0.0,0.0,0.0,0.0,100.0
20220328202204,0.0,0.0,0.0,0.0,0.0,0.0,0.0,100.0
20220328202234,0.0,0.0,0.0,0.0,0.0,0.0,0.0,100.0
20220328202304,0.0,0.0,0.0,0.0,0.0,0.0,0.0,100.0
20220328202334,0.0,0.0,0.0,0.0,0.0,0.0,0.0,100.0
20220328202404,0.0,0.0,0.0,0.0,0.0,0.0,0.0,100.0
20220328202434,0.0,0.0,0.0,0.0,0.0,0.0,0.0,100.0
20220328202504,0.0,0.0,0.0,0.0,0.0,0.0,0.0,100.0
20220328202534,0.0,0.0,0.0,0.0,0.0,0.0,0.1,99.9
20220328202604,0.0,0.0,0.0,0.0,0.0,0.0,0.0,100.0
20220328202634,0.0,0.0,0.0,0.0,0.0,0.0,0.0,100.0
20220328202704,0.0,0.0,0.0,0.0,0.0,0.0,0.0,100.0
20220328202734,0.0,0.0,0.0,0.0,0.0,0.0,0.1,99.9
20220328202804,0.0,0.0,0.0,0.0,0.0,0.0,0.1,99.9
20220328202834,0.0,0.0,0.0,0.0,0.0,0.0,1.0,99.0
20220328202904,0.0,0.0,0.0,0.0,0.0,0.0,0.1,99.9
20220328202934,0.0,0.0,0.0,0.0,0.0,0.0,0.0,100.0
20220328203004,0.0,0.0,0.0,0.0,0.0,0.0,0.0,100.0
20220328203034,0.0,0.0,0.0,0.0,0.0,0.0,0.0,100.0
20220328203104,0.0,0.0,0.0,0.0,0.0,0.0,0.0,100.0
20220328203134,0.0,0.0,0.0,0.0,0.0,0.0,0.1,99.9
20220328203204,0.0,0.0,0.0,0.0,0.0,0.0,0.0,100.0
20220328203234,0.0,0.0,0.0,0.0,0.0,0.0,0.1,99.9
20220328203304,0.0,0.0,0.0,0.0,0.0,0.0,0.3,99.7
20220328203334,0.0,0.0,0.0,0.0,0.0,0.0,16.6,83.4
20220328203404,0.0,0.0,0.0,0.2,0.0,0.0,70.3,29.4
20220328203434,0.0,0.0,0.0,0.1,0.0,0.0,31.1,68.8
20220328203504,0.0,0.0,0.0,0.0,0.0,0.0,1.9,98.1
20220328203534,0.0,0.0,0.0,0.2,0.0,0.0,58.1,41.7
20220328203604,0.0,0.0,0.0,0.5,0.0,0.0,23.1,76.4
20220328203634,0.0,0.0,0.0,0.1,0.0,0.0,30.9,68.9
20220328203704,0.0,0.0,0.0,99.5,0.1,0.0,0.1,0.3
20220328203734,0.0,0.0,0.0,99.7,0.3,0.0,0.0,0.0
20220328203804,0.0,0.0,0.0,99.9,0.0,0.0,0.0,0.0
20220328203834,0.0,0.0,0.0,100.0,0.0,0.0,0.0,0.0
20220328203904,0.1,0.0,0.0,99.9,0.0,0.0,0.0,0.0
20220328203934,0.0,0.0,0.0,100.0,0.0,0.0,0.0,0.0
20220328204004,0.0,0.0,0.0,100.0,0.0,0.0,0.0,0.0
20220328204034,0.0,0.0,0.0,100.0,0.0,0.0,0.0,0.0
20220328204104,0.0,0.0,0.0,100.0,0.0,0.0,0.0,0.0
20220328204134,0.0,0.0,0.0,97.6,0.0,0.0,2.3,0.1
20220328204204,0.0,0.0,0.1,40.1,0.0,0.0,58.1,1.7
20220328204234,0.0,0.0,0.0,1.0,0.0,0.0,98.4,0.6
20220328204304,0.0,0.0,0.0,0.3,0.0,0.0,99.7,0.0
20220328204334,0.0,0.0,0.0,0.1,0.0,0.0,99.9,0.0
20220328204404,0.0,0.0,0.0,0.3,0.0,0.0,99.7,0.0
20220328204434,0.0,0.0,0.0,0.0,0.0,0.0,100.0,0.0
20220328204504,0.0,0.0,0.0,0.0,0.0,0.0,100.0,0.0
20220328204534,0.0,0.0,0.0,0.0,0.0,0.0,100.0,0.0
20220328204604,0.0,0.0,0.0,0.0,0.0,0.0,100.0,0.0
20220328204634,0.0,0.0,0.0,0.0,0.0,0.0,100.0,0.0
20220328204704,0.0,0.0,0.0,0.0,0.0,0.0,100.0,0.0
20220328204734,0.0,0.0,0.0,0.0,0.0,0.0,100.0,0.0
20220328204804,0.0,0.0,0.0,0.0,0.0,0.0,100.0,0.0
20220328204834,0.0,0.0,0.0,0.0,0.0,0.0,100.0,0.0
20220328204904,0.0,0.0,0.0,0.0,0.0,0.0,100.0,0.0
20220328204934,0.0,0.0,0.0,0.0,0.0,0.0,100.0,0.0
20220328205005,0.0,0.0,0.0,0.0,0.0,0.0,100.0,0.0
20220328205035,0.0,0.0,0.0,0.0,0.0,0.0,100.0,0.0
20220328205105,0.0,0.0,0.0,0.0,0.0,0.0,100.0,0.0
20220328205135,0.0,0.0,0.0,0.0,0.0,0.0,100.0,0.0
20220328205205,0.0,0.0,0.0,0.0,0.0,0.0,100.0,0.0
20220328205235,0.0,0.0,0.0,0.0,0.0,0.0,99.8,0.1
20220328205305,0.0,0.0,0.0,0.0,0.0,0.0,100.0,0.0
20220328205335,0.0,0.0,0.0,0.0,0.0,0.0,100.0,0.0
20220328205405,0.0,0.0,0.0,0.0,0.0,0.1,99.7,0.2
20220328205435,0.0,0.0,0.0,98.1,0.0,0.2,1.5,0.2
20220328205505,0.0,0.0,0.0,27.8,0.0,0.4,71.7,0.1
20220328205535,0.0,0.0,0.0,92.7,0.0,0.0,7.3,0.0
20220328205605,0.0,0.0,0.0,47.8,0.0,0.4,51.8,0.0
20220328205635,0.1,0.0,0.0,99.9,0.0,0.0,0.0,0.0
20220328205705,0.0,0.0,0.0,100.0,0.0,0.0,0.0,0.0
20220328205735,0.0,0.0,0.0,0.6,0.0,0.0,99.3,0.0
20220328205805,0.0,0.0,0.0,0.7,0.0,0.0,99.2,0.0
20220328205835,0.0,0.0,0.0,0.3,0.0,0.1,99.6,0.0
20220328205905,0.0,0.0,0.0,0.1,0.0,0.1,99.7,0.1
20220328205935,0.0,0.0,0.0,0.1,0.0,0.0,99.8,0.0
20220328210005,0.0,0.0,0.0,0.0,0.0,0.0,100.0,0.0
20220328210035,0.0,0.0,0.0,0.0,0.0,0.0,100.0,0.0
20220328210105,0.0,0.0,0.0,0.0,0.0,0.0,100.0,0.0
20220328210135,0.0,0.0,0.0,0.0,0.0,0.0,100.0,0.0
20220328210205,0.0,0.0,0.0,0.0,0.0,0.0,100.0,0.0
20220328210235,0.0,0.0,0.0,0.0,0.0,0.0,100.0,0.0
20220328210305,0.0,0.0,0.0,0.0,0.0,0.0,100.0,0.0
20220328210335,0.0,0.0,0.0,0.0,0.0,0.0,99.9,0.0
20220328210405,0.0,0.0,0.0,0.0,0.0,0.0,99.9,0.0
20220328210435,0.0,0.0,0.0,0.0,0.0,0.0,100.0,0.0
20220328210505,0.0,0.0,0.0,0.0,0.0,0.0,100.0,0.0
20220328210535,0.0,0.0,0.0,0.0,0.0,0.0,100.0,0.0
20220328210605,0.0,0.0,0.0,0.0,0.0,0.0,100.0,0.0
20220328210635,0.0,0.0,0.0,0.0,0.0,0.0,100.0,0.0
20220328210705,0.0,0.0,0.0,0.1,0.0,0.0,99.9,0.0
20220328210735,0.0,0.0,0.0,0.0,0.0,0.0,100.0,0.0
20220328210805,0.0,0.0,0.0,0.0,0.0,0.0,100.0,0.0
20220328210835,0.0,0.0,0.0,0.7,0.0,0.0,99.3,0.0
20220328210905,0.0,0.0,0.0,0.3,0.0,0.0,99.7,0.0
20220328210935,0.0,0.0,0.0,0.1,0.0,0.0,99.9,0.0
20220328211005,0.0,0.0,0.0,0.1,0.0,0.0,99.9,0.0
20220328211035,0.0,0.0,0.0,0.0,0.0,0.0,100.0,0.0
20220328211105,0.0,0.0,0.0,0.0,0.0,0.0,100.0,0.0
20220328211135,0.0,0.0,0.0,0.0,0.0,0.0,100.0,0.0
20220328211205,0.0,0.0,0.0,0.0,0.0,0.0,100.0,0.0
20220328211235,0.0,0.0,0.0,0.0,0.0,0.0,100.0,0.0
20220328211305,0.0,0.0,0.0,0.1,0.0,0.0,99.9,0.0
20220328211335,0.0,0.0,0.0,0.0,0.0,0.0,100.0,0.0
20220328211405,0.0,0.0,0.0,0.0,0.0,0.0,100.0,0.0
20220328211435,0.0,0.0,0.0,0.0,0.0,0.0,100.0,0.0
20220328211505,0.0,0.0,0.0,0.0,0.0,0.0,100.0,0.0
20220328211535,0.0,0.0,0.0,0.0,0.0,0.0,100.0,0.0
20220328211605,0.0,0.0,0.0,0.0,0.0,0.0,100.0,0.0
20220328211635,0.0,0.0,0.0,0.0,0.0,0.0,100.0,0.0
20220328211705,0.0,0.0,0.0,0.0,0.0,0.0,100.0,0.0
20220328211735,0.0,0.0,0.0,0.0,0.0,0.0,100.0,0.0
20220328211805,0.0,0.0,0.0,0.0,0.0,0.0,100.0,0.0
20220328211835,0.0,0.0,0.0,0.0,0.0,0.0,100.0,0.0
20220328211905,0.0,0.0,0.0,0.0,0.0,0.0,100.0,0.0
20220328211935,0.0,0.0,0.0,0.0,0.0,0.0,100.0,0.0
20220328212005,0.0,0.0,0.0,0.0,0.0,0.0,100.0,0.0
20220328212035,0.0,0.0,0.0,0.0,0.0,0.0,100.0,0.0
20220328212105,0.0,0.0,0.0,0.0,0.0,0.0,100.0,0.0
20220328212135,0.0,0.0,0.0,0.0,0.0,0.0,100.0,0.0
20220328212205,0.0,0.0,0.0,0.0,0.0,0.0,100.0,0.0
20220328212235,0.0,0.0,0.0,0.0,0.0,0.0,100.0,0.0
20220328212305,0.0,0.0,0.0,0.0,0.0,0.0,100.0,0.0
20220328212335,0.0,0.0,0.0,0.0,0.0,0.0,100.0,0.0
20220328212406,0.0,0.0,0.0,0.0,0.0,0.0,100.0,0.0
20220328212436,0.0,0.0,0.0,0.0,0.0,0.0,100.0,0.0
20220328212506,0.0,0.0,0.0,0.0,0.0,0.0,100.0,0.0
20220328212536,0.0,0.0,0.0,0.0,0.0,0.0,100.0,0.0
20220328212606,0.0,0.0,0.0,0.0,0.0,0.0,100.0,0.0
20220328212636,0.0,0.0,0.0,0.0,0.0,0.0,100.0,0.0
20220328212706,0.0,0.0,0.0,0.0,0.0,0.0,100.0,0.0
20220328212736,0.0,0.0,0.0,0.0,0.0,0.0,100.0,0.0
20220328212806,0.0,0.0,0.0,0.0,0.0,0.0,100.0,0.0
20220328212836,0.0,0.0,0.0,0.0,0.0,0.0,100.0,0.0
20220328212906,0.0,0.0,0.0,0.0,0.0,0.0,100.0,0.0
20220328212936,0.0,0.0,0.0,0.0,0.0,0.0,100.0,0.0
20220328213006,0.0,0.0,0.0,0.0,0.0,0.0,100.0,0.0
20220328213036,0.0,0.0,0.0,0.0,0.0,0.0,100.0,0.0
20220328213106,0.0,0.0,0.0,0.0,0.0,0.0,100.0,0.0
20220328213136,0.0,0.0,0.0,0.0,0.0,0.0,100.0,0.0
20220328213206,0.0,0.0,0.0,0.0,0.0,0.0,100.0,0.0
20220328213236,0.0,0.0,0.0,0.0,0.0,0.0,100.0,0.0
20220328213306,0.0,0.0,0.0,0.0,0.0,0.0,100.0,0.0
20220328213336,0.0,0.0,0.0,0.0,0.0,0.0,100.0,0.0
20220328213406,0.0,0.0,0.0,0.0,0.0,0.0,100.0,0.0
20220328213436,0.0,0.0,0.0,0.0,0.0,0.0,100.0,0.0
20220328213506,0.0,0.0,0.0,0.0,0.0,0.0,100.0,0.0
20220328213536,0.0,0.0,0.0,0.0,0.0,0.0,100.0,0.0
20220328213606,0.0,0.0,0.0,0.0,0.0,0.0,100.0,0.0
20220328213636,0.0,0.0,0.0,0.0,0.0,0.0,100.0,0.0
20220328213706,0.0,0.0,0.0,0.0,0.0,0.0,100.0,0.0
20220328213736,0.0,0.0,0.0,0.0,0.0,0.0,100.0,0.0
20220328213806,0.0,0.0,0.0,0.0,0.0,0.0,100.0,0.0
20220328213836,0.0,0.0,0.0,0.0,0.0,0.0,100.0,0.0
20220328213906,0.0,0.0,0.0,0.0,0.0,0.0,100.0,0.0
20220328213936,0.0,0.0,0.0,0.2,0.0,0.0,99.8,0.0
20220328214006,0.0,0.0,0.0,0.0,0.0,0.0,100.0,0.0
20220328214036,0.0,0.0,0.0,0.2,0.0,0.0,99.8,0.0
20220328214106,0.0,0.0,0.0,0.3,0.0,0.0,99.7,0.0
20220328214136,0.0,0.0,0.0,0.2,0.0,0.0,99.8,0.0
20220328214206,0.0,0.0,0.0,0.0,0.0,0.0,100.0,0.0
20220328214236,0.0,0.0,0.0,0.0,0.0,0.0,100.0,0.0
20220328214306,0.0,0.0,0.0,0.0,0.0,0.0,100.0,0.0
20220328214336,0.0,0.0,0.0,0.0,0.0,0.0,100.0,0.0
20220328214406,0.0,0.0,0.0,0.0,0.0,0.0,100.0,0.0
20220328214436,0.0,0.0,0.0,0.0,0.0,0.0,100.0,0.0
20220328214506,0.0,0.0,0.0,0.0,0.0,0.0,100.0,0.0
20220328214536,0.0,0.0,0.0,0.0,0.0,0.0,100.0,0.0
20220328214606,0.0,0.0,0.0,0.0,0.0,0.0,100.0,0.0
20220328214636,0.0,0.0,0.0,0.0,0.0,0.0,100.0,0.0
20220328214706,0.0,0.0,0.0,0.0,0.0,0.0,100.0,0.0
20220328214736,0.0,0.0,0.0,0.0,0.0,0.0,100.0,0.0
20220328214806,0.0,0.0,0.0,0.0,0.0,0.0,100.0,0.0
20220328214836,0.0,0.0,0.0,0.0,0.0,0.0,100.0,0.0
20220328214906,0.0,0.0,0.0,0.0,0.0,0.0,100.0,0.0
20220328214936,0.0,0.0,0.0,0.0,0.0,0.0,100.0,0.0
20220328215006,0.0,0.0,0.0,0.0,0.0,0.0,100.0,0.0
20220328215036,0.0,0.0,0.0,0.0,0.0,0.0,100.0,0.0
20220328215106,0.0,0.0,0.0,0.0,0.0,0.0,100.0,0.0
20220328215137,0.0,0.0,0.0,0.0,0.0,0.0,100.0,0.0
20220328215207,0.0,0.0,0.0,0.0,0.0,0.0,100.0,0.0
20220328215237,0.0,0.0,0.0,0.0,0.0,0.0,100.0,0.0
20220328215307,0.0,0.0,0.0,0.0,0.0,0.0,100.0,0.0
20220328215337,0.0,0.0,0.0,0.0,0.0,0.0,100.0,0.0
20220328215407,0.0,0.0,0.0,0.1,0.0,0.0,99.9,0.0
20220328215437,0.0,0.0,0.0,0.1,0.0,0.0,99.9,0.0
20220328215507,0.0,0.0,0.0,0.0,0.0,0.0,100.0,0.0
20220328215537,0.0,0.0,0.0,0.1,0.0,0.0,99.9,0.0
20220328215607,0.0,0.0,0.0,0.0,0.0,0.0,100.0,0.0
20220328215637,0.0,0.0,0.0,0.1,0.0,0.0,99.9,0.0
20220328215707,0.0,0.0,0.0,0.0,0.0,0.0,100.0,0.0
20220328215737,0.0,0.0,0.0,0.0,0.0,0.0,100.0,0.0
20220328215807,0.0,0.0,0.0,0.0,0.0,0.0,100.0,0.0
20220328215837,0.0,0.0,0.0,0.0,0.0,0.0,100.0,0.0
20220328215907,0.0,0.0,0.0,0.0,0.0,0.0,100.0,0.0
20220328215937,0.0,0.0,0.0,0.0,0.0,0.0,100.0,0.0
20220328220007,0.0,0.0,0.0,0.0,0.0,0.0,100.0,0.0
20220328220037,0.0,0.0,0.0,0.1,0.0,0.0,99.9,0.0
20220328220107,0.0,0.0,0.0,0.0,0.0,0.0,100.0,0.0
20220328220137,0.0,0.0,0.0,0.0,0.0,0.0,100.0,0.0
20220328220207,0.0,0.0,0.0,0.0,0.0,0.0,100.0,0.0
20220328220237,0.0,0.0,0.0,0.0,0.0,0.0,100.0,0.0
20220328220307,0.0,0.0,0.0,0.0,0.0,0.0,100.0,0.0
20220328220337,0.0,0.0,0.0,0.0,0.0,0.0,100.0,0.0
20220328220407,0.0,0.0,0.0,0.0,0.0,0.0,100.0,0.0
20220328220437,0.0,0.0,0.0,0.0,0.0,0.0,100.0,0.0
20220328220507,0.0,0.0,0.0,0.0,0.0,0.0,100.0,0.0
20220328220537,0.0,0.0,0.0,0.0,0.0,0.0,100.0,0.0
20220328220607,0.0,0.0,0.0,0.0,0.0,0.0,100.0,0.0
20220328220637,0.0,0.0,0.0,0.0,0.0,0.0,100.0,0.0
20220328220707,0.0,0.0,0.0,0.0,0.0,0.0,100.0,0.0
20220328220737,0.0,0.0,0.0,0.0,0.0,0.0,100.0,0.0
20220328220807,0.0,0.0,0.0,0.0,0.0,0.0,100.0,0.0
20220328220837,0.0,0.0,0.0,0.0,0.0,0.0,100.0,0.0
20220328220907,0.0,0.0,0.0,0.0,0.0,0.0,100.0,0.0
20220328220937,0.0,0.0,0.0,0.0,0.0,0.0,100.0,0.0
20220328221007,0.0,0.0,0.0,0.0,0.0,0.0,100.0,0.0
20220328221037,0.0,0.0,0.0,0.0,0.0,0.0,100.0,0.0
20220328221107,0.0,0.0,0.0,0.0,0.0,0.0,100.0,0.0
20220328221137,0.0,0.0,0.0,0.0,0.0,0.0,100.0,0.0
20220328221207,0.0,0.0,0.0,0.0,0.0,0.0,100.0,0.0
20220328221237,0.0,0.0,0.0,0.0,0.0,0.0,100.0,0.0
20220328221307,0.0,0.0,0.0,0.0,0.0,0.0,100.0,0.0
20220328221337,0.0,0.0,0.0,0.0,0.0,0.0,100.0,0.0
20220328221407,0.0,0.0,0.0,0.0,0.0,0.0,100.0,0.0
20220328221437,0.0,0.0,0.0,0.0,0.0,0.0,100.0,0.0
20220328221507,0.0,0.0,0.0,0.0,0.0,0.0,100.0,0.0
20220328221537,0.0,0.0,0.0,0.0,0.0,0.0,100.0,0.0
20220328221607,0.0,0.0,0.0,0.0,0.0,0.0,100.0,0.0
20220328221637,0.0,0.0,0.0,0.0,0.0,0.0,100.0,0.0
20220328221707,0.0,0.0,0.0,0.0,0.0,0.0,100.0,0.0
20220328221737,0.0,0.0,0.0,0.0,0.0,0.0,100.0,0.0
20220328221807,0.0,0.0,0.0,0.0,0.0,0.0,100.0,0.0
20220328221837,0.0,0.0,0.0,0.0,0.0,0.0,100.0,0.0
20220328221907,0.0,0.0,0.0,0.0,0.0,0.0,100.0,0.0
20220328221937,0.0,0.0,0.0,0.0,0.0,0.0,100.0,0.0
20220328222007,0.0,0.0,0.0,0.0,0.0,0.0,100.0,0.0
20220328222037,0.0,0.0,0.0,0.0,0.0,0.0,100.0,0.0
20220328222107,0.0,0.0,0.0,0.0,0.0,0.0,100.0,0.0
20220328222137,0.0,0.0,0.0,0.0,0.0,0.0,100.0,0.0
20220328222207,0.0,0.0,0.0,0.0,0.0,0.0,100.0,0.0
20220328222237,0.0,0.0,0.0,0.0,0.0,0.0,100.0,0.0
20220328222307,0.0,0.0,0.0,0.0,0.0,0.0,100.0,0.0
20220328222337,0.0,0.0,0.0,0.0,0.0,0.0,100.0,0.0
20220328222407,0.0,0.0,0.0,0.0,0.0,0.0,100.0,0.0
20220328222437,0.0,0.0,0.0,0.0,0.0,0.0,100.0,0.0
20220328222507,0.0,0.0,0.0,0.0,0.0,0.0,100.0,0.0
20220328222538,0.0,0.0,0.0,0.0,0.0,0.0,100.0,0.0
20220328222608,0.0,0.0,0.0,0.0,0.0,0.0,100.0,0.0
20220328222638,0.0,0.0,0.0,0.0,0.0,0.0,100.0,0.0
20220328222708,0.0,0.0,0.0,0.0,0.0,0.0,100.0,0.0
20220328222738,0.0,0.0,0.0,0.0,0.0,0.0,100.0,0.0
20220328222808,0.0,0.0,0.0,0.0,0.0,0.0,100.0,0.0
20220328222838,0.0,0.0,0.0,0.0,0.0,0.0,100.0,0.0
20220328222908,0.0,0.0,0.0,0.0,0.0,0.0,100.0,0.0
20220328222938,0.0,0.0,0.0,0.0,0.0,0.0,100.0,0.0
20220328223008,0.0,0.0,0.0,0.0,0.0,0.0,100.0,0.0
20220328223038,0.0,0.0,0.0,0.0,0.0,0.0,100.0,0.0
20220328223108,0.0,0.0,0.0,0.0,0.0,0.0,100.0,0.0
20220328223138,0.0,0.0,0.0,0.0,0.0,0.0,100.0,0.0
20220328223208,0.0,0.0,0.0,0.0,0.0,0.0,100.0,0.0
20220328223238,0.0,0.0,0.0,0.0,0.0,0.0,100.0,0.0
20220328223308,0.0,0.0,0.0,0.0,0.0,0.0,100.0,0.0
20220328223338,0.0,0.0,0.0,0.0,0.0,0.0,100.0,0.0
20220328223408,0.0,0.0,0.0,0.0,0.0,0.0,100.0,0.0
20220328223438,0.0,0.0,0.0,0.0,0.0,0.0,100.0,0.0
20220328223508,0.0,0.0,0.0,0.0,0.0,0.0,100.0,0.0
20220328223538,0.0,0.0,0.0,0.0,0.0,0.0,100.0,0.0
20220328223608,0.0,0.0,0.0,0.0,0.0,0.0,100.0,0.0
20220328223638,0.0,0.0,0.0,0.0,0.0,0.0,100.0,0.0
20220328223708,0.0,0.0,0.0,0.0,0.0,0.0,100.0,0.0
20220328223738,0.0,0.0,0.0,0.0,0.0,0.0,100.0,0.0
20220328223808,0.0,0.0,0.0,0.0,0.0,0.0,100.0,0.0
20220328223838,0.0,0.0,0.0,0.0,0.0,0.0,100.0,0.0
20220328223908,0.0,0.0,0.0,0.0,0.0,0.0,100.0,0.0
20220328223938,0.0,0.0,0.0,0.0,0.0,0.0,100.0,0.0
20220328224008,0.0,0.0,0.0,0.0,0.0,0.0,100.0,0.0
20220328224038,0.0,0.0,0.0,0.0,0.0,0.0,100.0,0.0
20220328224108,0.0,0.0,0.0,0.0,0.0,0.0,100.0,0.0
20220328224138,0.0,0.0,0.0,0.0,0.0,0.0,100.0,0.0
20220328224208,0.0,0.0,0.0,0.0,0.0,0.0,100.0,0.0
20220328224238,0.0,0.0,0.0,0.0,0.0,0.0,100.0,0.0
20220328224308,0.0,0.0,0.0,0.0,0.0,0.0,100.0,0.0
20220328224338,0.0,0.0,0.0,0.0,0.0,0.0,100.0,0.0
20220328224408,0.0,0.0,0.0,0.0,0.0,0.0,100.0,0.0
20220328224438,0.0,0.0,0.0,0.0,0.0,0.0,100.0,0.0
20220328224508,0.0,0.0,0.0,0.0,0.0,0.0,100.0,0.0
20220328224538,0.0,0.0,0.0,0.0,0.0,0.0,100.0,0.0
20220328224608,0.0,0.0,0.0,0.0,0.0,0.0,100.0,0.0
20220328224638,0.0,0.0,0.0,0.0,0.0,0.0,100.0,0.0
20220328224708,0.0,0.0,0.0,0.0,0.0,0.0,100.0,0.0
20220328224738,0.0,0.0,0.0,0.0,0.0,0.0,100.0,0.0
20220328224808,0.0,0.0,0.0,0.0,0.0,0.0,100.0,0.0
20220328224838,0.0,0.0,0.0,0.0,0.0,0.0,100.0,0.0
20220328224908,0.0,0.0,0.0,0.0,0.0,0.0,100.0,0.0
20220328224938,0.0,0.0,0.0,0.0,0.0,0.0,100.0,0.0
20220328225008,0.0,0.0,0.0,0.0,0.0,0.0,100.0,0.0
20220328225038,0.0,0.0,0.0,0.0,0.0,0.0,100.0,0.0
20220328225108,0.0,0.0,0.0,0.0,0.0,0.0,100.0,0.0
20220328225138,0.0,0.0,0.0,0.0,0.0,0.0,100.0,0.0
20220328225208,0.0,0.0,0.0,0.0,0.0,0.0,100.0,0.0
20220328225238,0.0,0.0,0.0,0.0,0.0,0.0,100.0,0.0
20220328225308,0.0,0.0,0.0,0.0,0.0,0.0,100.0,0.0
20220328225338,0.0,0.0,0.0,0.0,0.0,0.0,100.0,0.0
20220328225408,0.0,0.0,0.0,0.0,0.0,0.0,100.0,0.0
20220328225438,0.0,0.0,0.0,0.0,0.0,0.0,100.0,0.0
20220328225508,0.0,0.0,0.0,0.0,0.0,0.0,100.0,0.0
20220328225538,0.0,0.0,0.0,0.0,0.0,0.0,100.0,0.0
20220328225608,0.0,0.0,0.0,0.0,0.0,0.0,100.0,0.0
20220328225638,0.0,0.0,0.0,0.0,0.0,0.0,100.0,0.0
20220328225708,0.0,0.0,0.0,0.0,0.0,0.0,100.0,0.0
20220328225738,0.0,0.0,0.0,0.0,0.0,0.0,100.0,0.0
20220328225808,0.0,0.0,0.0,0.0,0.0,0.0,100.0,0.0
20220328225838,0.0,0.0,0.0,0.0,0.0,0.0,100.0,0.0
20220328225908,0.0,0.0,0.0,0.0,0.0,0.0,100.0,0.0
20220328225938,0.0,0.0,0.0,0.0,0.0,0.0,100.0,0.0
20220328230009,0.0,0.0,0.0,0.0,0.0,0.0,100.0,0.0
20220328230039,0.0,0.0,0.0,0.0,0.0,0.0,100.0,0.0
20220328230109,0.0,0.0,0.0,0.0,0.0,0.0,100.0,0.0
20220328230139,0.0,0.0,0.0,0.0,0.0,0.0,100.0,0.0
20220328230209,0.0,0.0,0.0,0.0,0.0,0.0,100.0,0.0
20220328230239,0.0,0.0,0.0,0.0,0.0,0.0,100.0,0.0
20220328230309,0.0,0.0,0.0,0.0,0.0,0.0,100.0,0.0
20220328230339,0.0,0.0,0.0,0.0,0.0,0.0,100.0,0.0
20220328230409,0.0,0.0,0.0,0.0,0.0,0.0,100.0,0.0
20220328230439,0.0,0.0,0.0,0.0,0.0,0.0,100.0,0.0
20220328230509,0.0,0.0,0.0,0.0,0.0,0.0,100.0,0.0
20220328230539,0.0,0.0,0.0,0.0,0.0,0.0,100.0,0.0
20220328230609,0.0,0.0,0.0,0.0,0.0,0.0,100.0,0.0
20220328230639,0.0,0.0,0.0,0.0,0.0,0.0,100.0,0.0
20220328230709,0.0,0.0,0.0,0.0,0.0,0.0,100.0,0.0
20220328230739,0.0,0.0,0.0,0.0,0.0,0.0,100.0,0.0
20220328230809,0.0,0.0,0.0,0.0,0.0,0.0,100.0,0.0
20220328230839,0.0,0.0,0.0,0.0,0.0,0.0,100.0,0.0
20220328230909,0.0,0.0,0.0,0.0,0.0,0.0,100.0,0.0
20220328230939,0.0,0.0,0.0,0.0,0.0,0.0,100.0,0.0
20220328231009,0.0,0.0,0.0,0.0,0.0,0.0,100.0,0.0
20220328231039,0.0,0.0,0.0,0.0,0.0,0.0,100.0,0.0
20220328231109,0.0,0.0,0.0,0.0,0.0,0.0,100.0,0.0
20220328231139,0.0,0.0,0.0,0.0,0.0,0.0,100.0,0.0
20220328231209,0.0,0.0,0.0,0.0,0.0,0.0,100.0,0.0
20220328231239,0.0,0.0,0.0,0.0,0.0,0.0,100.0,0.0
20220328231309,0.0,0.0,0.0,0.0,0.0,0.0,100.0,0.0
20220328231339,0.0,0.0,0.0,0.0,0.0,0.0,100.0,0.0
20220328231409,0.0,0.0,0.0,0.0,0.0,0.0,100.0,0.0
20220328231439,0.0,0.0,0.0,0.0,0.0,0.0,100.0,0.0
20220328231509,0.0,0.0,0.0,0.0,0.0,0.0,100.0,0.0
20220328231539,0.0,0.0,0.0,0.0,0.0,0.0,100.0,0.0
20220328231609,0.0,0.0,0.0,0.0,0.0,0.0,100.0,0.0
20220328231639,0.0,0.0,0.0,0.0,0.0,0.0,100.0,0.0
20220328231709,0.0,0.0,0.0,0.0,0.0,0.0,100.0,0.0
20220328231739,0.0,0.0,0.0,0.0,0.0,0.0,100.0,0.0
20220328231809,0.0,0.0,0.0,0.0,0.0,0.0,100.0,0.0
20220328231839,0.0,0.0,0.0,0.0,0.0,0.0,100.0,0.0
20220328231909,0.0,0.0,0.0,0.0,0.0,0.0,100.0,0.0
20220328231939,0.0,0.0,0.0,0.0,0.0,0.0,100.0,0.0
20220328232009,0.0,0.0,0.0,0.0,0.0,0.0,100.0,0.0
20220328232039,0.0,0.0,0.0,0.0,0.0,0.0,100.0,0.0
20220328232109,0.0,0.0,0.0,0.0,0.0,0.0,100.0,0.0
20220328232139,0.0,0.0,0.0,0.0,0.0,0.0,100.0,0.0
20220328232209,0.0,0.0,0.0,0.0,0.0,0.0,100.0,0.0
20220328232239,0.0,0.0,0.0,0.0,0.0,0.0,100.0,0.0
20220328232309,0.0,0.0,0.0,0.0,0.0,0.0,100.0,0.0
20220328232339,0.0,0.0,0.0,0.0,0.0,0.0,100.0,0.0
20220328232409,0.0,0.0,0.0,0.0,0.0,0.0,100.0,0.0
20220328232439,0.0,0.0,0.0,0.0,0.0,0.0,100.0,0.0
20220328232509,0.0,0.0,0.0,0.0,0.0,0.0,100.0,0.0
20220328232539,0.0,0.0,0.0,0.0,0.0,0.0,100.0,0.0
20220328232609,0.0,0.0,0.0,0.0,0.0,0.0,100.0,0.0
20220328232639,0.0,0.0,0.0,0.0,0.0,0.0,100.0,0.0
20220328232710,0.0,0.0,0.0,0.0,0.0,0.0,100.0,0.0
20220328232740,0.0,0.0,0.0,0.0,0.0,0.0,100.0,0.0
20220328232810,0.0,0.0,0.0,0.0,0.0,0.0,100.0,0.0
20220328232840,0.0,0.0,0.0,0.0,0.0,0.0,100.0,0.0
20220328232910,0.0,0.0,0.0,0.0,0.0,0.0,100.0,0.0
20220328232940,0.0,0.0,0.0,0.0,0.0,0.0,100.0,0.0
20220328233010,0.0,0.0,0.0,0.0,0.0,0.0,100.0,0.0
20220328233040,0.0,0.0,0.0,0.0,0.0,0.0,100.0,0.0
20220328233110,0.0,0.0,0.0,0.0,0.0,0.0,100.0,0.0
20220328233140,0.0,0.0,0.0,0.0,0.0,0.0,100.0,0.0
20220328233210,0.0,0.0,0.0,0.0,0.0,0.0,100.0,0.0
20220328233240,0.0,0.0,0.0,0.0,0.0,0.0,100.0,0.0
20220328233310,0.0,0.0,0.0,0.0,0.0,0.0,100.0,0.0
20220328233340,0.0,0.0,0.0,0.0,0.0,0.0,100.0,0.0
20220328233410,0.0,0.0,0.0,0.0,0.0,0.0,100.0,0.0
20220328233440,0.0,0.0,0.0,0.0,0.0,0.0,100.0,0.0
20220328233510,0.0,0.0,0.0,0.0,0.0,0.0,100.0,0.0
20220328233540,0.0,0.0,0.0,0.0,0.0,0.0,100.0,0.0
20220328233610,0.0,0.0,0.0,0.0,0.0,0.0,100.0,0.0
20220328233640,0.0,0.0,0.0,0.0,0.0,0.0,100.0,0.0
20220328233710,0.0,0.0,0.0,0.0,0.0,0.0,100.0,0.0
20220328233740,0.0,0.0,0.0,0.0,0.0,0.0,100.0,0.0
20220328233810,0.0,0.0,0.0,0.0,0.0,0.0,100.0,0.0
20220328233840,0.0,0.0,0.0,0.0,0.0,0.0,100.0,0.0
20220328233910,0.0,0.0,0.0,0.0,0.0,0.0,100.0,0.0
20220328233940,0.0,0.0,0.0,0.0,0.0,0.0,100.0,0.0
20220328234010,0.0,0.0,0.0,0.0,0.0,0.0,100.0,0.0
20220328234040,0.0,0.0,0.0,0.0,0.0,0.0,100.0,0.0
20220328234110,0.0,0.0,0.0,0.0,0.0,0.0,100.0,0.0
20220328234140,0.0,0.0,0.0,0.0,0.0,0.0,100.0,0.0
20220328234210,0.0,0.0,0.0,0.0,0.0,0.0,100.0,0.0
20220328234240,0.0,0.0,0.0,0.0,0.0,0.0,100.0,0.0
20220328234310,0.0,0.0,0.0,0.0,0.0,0.0,100.0,0.0
20220328234340,0.0,0.0,0.0,0.0,0.0,0.0,100.0,0.0
20220328234410,0.0,0.0,0.0,0.0,0.0,0.0,100.0,0.0
20220328234440,0.0,0.0,0.0,0.0,0.0,0.0,100.0,0.0
20220328234510,0.0,0.0,0.0,0.0,0.0,0.0,100.0,0.0
20220328234540,0.0,0.0,0.0,0.0,0.0,0.0,100.0,0.0
20220328234610,0.0,0.0,0.0,0.0,0.0,0.0,100.0,0.0
20220328234640,0.0,0.0,0.0,0.0,0.0,0.0,100.0,0.0
20220328234710,0.0,0.0,0.0,0.0,0.0,0.0,100.0,0.0
20220328234740,0.0,0.0,0.0,0.0,0.0,0.0,100.0,0.0
20220328234810,0.0,0.0,0.0,0.0,0.0,0.0,100.0,0.0
20220328234840,0.0,0.0,0.0,0.0,0.0,0.0,100.0,0.0
20220328234910,0.0,0.0,0.0,0.0,0.0,0.0,100.0,0.0
20220328234940,0.0,0.0,0.0,0.0,0.0,0.0,100.0,0.0
20220328235010,0.0,0.0,0.0,0.0,0.0,0.0,100.0,0.0
20220328235040,0.0,0.0,0.0,0.0,0.0,0.0,100.0,0.0
20220328235110,0.0,0.0,0.0,0.0,0.0,0.0,100.0,0.0
20220328235140,0.0,0.0,0.0,0.0,0.0,0.0,100.0,0.0
20220328235210,0.0,0.0,0.0,0.0,0.0,0.0,100.0,0.0
20220328235240,0.0,0.0,0.0,0.0,0.0,0.0,100.0,0.0
20220328235310,0.0,0.0,0.0,0.0,0.0,0.0,100.0,0.0
20220328235340,0.0,0.0,0.0,0.0,0.0,0.0,100.0,0.0
20220328235410,0.0,0.0,0.0,0.0,0.0,0.0,100.0,0.0
20220328235440,0.0,0.0,0.0,0.0,0.0,0.0,100.0,0.0
20220328235510,0.0,0.0,0.0,0.0,0.0,0.0,100.0,0.0
20220328235540,0.0,0.0,0.0,0.0,0.0,0.0,100.0,0.0
20220328235610,0.0,0.0,0.0,0.0,0.0,0.0,100.0,0.0
20220328235640,0.0,0.0,0.0,0.0,0.0,0.0,100.0,0.0
20220328235710,0.0,0.0,0.0,0.0,0.0,0.0,100.0,0.0
20220328235740,0.0,0.0,0.0,0.0,0.0,0.0,100.0,0.0
20220328235810,0.0,0.0,0.0,0.0,0.0,0.0,100.0,0.0
20220328235840,0.0,0.0,0.0,0.0,0.0,0.0,100.0,0.0
20220328235910,0.0,0.0,0.0,0.0,0.0,0.0,100.0,0.0
20220328235940,0.0,0.0,0.0,0.0,0.0,0.0,100.0,0.0
20220329000010,0.0,0.0,0.0,0.0,0.0,0.0,100.0,0.0
20220329000040,0.0,0.0,0.0,0.0,0.0,0.0,100.0,0.0
20220329000110,0.0,0.0,0.0,0.0,0.0,0.0,100.0,0.0
20220329000141,0.0,0.0,0.0,0.0,0.0,0.0,100.0,0.0
20220329000211,0.0,0.0,0.0,0.0,0.0,0.0,100.0,0.0
20220329000241,0.0,0.0,0.0,0.0,0.0,0.0,100.0,0.0
20220329000311,0.0,0.0,0.0,0.0,0.0,0.0,100.0,0.0
20220329000341,0.0,0.0,0.0,0.0,0.0,0.0,100.0,0.0
20220329000411,0.0,0.0,0.0,0.0,0.0,0.0,100.0,0.0
20220329000441,0.0,0.0,0.0,0.0,0.0,0.0,100.0,0.0
20220329000511,0.0,0.0,0.0,0.0,0.0,0.0,100.0,0.0
20220329000541,0.0,0.0,0.0,0.0,0.0,0.0,100.0,0.0
20220329000611,0.0,0.0,0.0,0.0,0.0,0.0,100.0,0.0
20220329000641,0.0,0.0,0.0,0.1,0.0,0.0,99.9,0.0
20220329000711,0.0,0.0,0.0,0.0,0.0,0.0,100.0,0.0
20220329000741,0.0,0.0,0.0,0.0,0.0,0.0,100.0,0.0
20220329000811,0.0,0.0,0.0,0.0,0.0,0.0,100.0,0.0
20220329000841,0.0,0.0,0.0,0.0,0.0,0.0,100.0,0.0
20220329000911,0.0,0.0,0.0,0.0,0.0,0.0,100.0,0.0
20220329000941,0.0,0.0,0.0,0.0,0.0,0.0,100.0,0.0
20220329001011,0.0,0.0,0.0,0.0,0.0,0.0,100.0,0.0
20220329001041,0.0,0.0,0.0,0.0,0.0,0.0,100.0,0.0
20220329001111,0.0,0.0,0.0,0.0,0.0,0.0,100.0,0.0
20220329001141,0.0,0.0,0.0,0.0,0.0,0.0,100.0,0.0
20220329001211,0.0,0.0,0.0,0.0,0.0,0.0,100.0,0.0
20220329001241,0.0,0.0,0.0,0.0,0.0,0.0,100.0,0.0
20220329001311,0.0,0.0,0.0,0.0,0.0,0.0,100.0,0.0
20220329001341,0.0,0.0,0.0,0.0,0.0,0.0,100.0,0.0
20220329001411,0.0,0.0,0.0,0.0,0.0,0.0,100.0,0.0
20220329001441,0.0,0.0,0.0,0.0,0.0,0.0,100.0,0.0
20220329001511,0.0,0.0,0.0,0.0,0.0,0.0,100.0,0.0
20220329001541,0.0,0.0,0.0,0.0,0.0,0.0,100.0,0.0
20220329001611,0.0,0.0,0.0,0.1,0.0,0.0,99.9,0.0
20220329001641,0.0,0.0,0.0,0.1,0.0,0.0,99.9,0.0
20220329001711,0.0,0.0,0.0,0.0,0.0,0.0,100.0,0.0
20220329001741,0.0,0.0,0.0,0.0,0.0,0.0,100.0,0.0
20220329001811,0.0,0.0,0.0,0.0,0.0,0.0,100.0,0.0
20220329001841,0.0,0.0,0.0,0.0,0.0,0.0,100.0,0.0
20220329001911,0.0,0.0,0.0,0.0,0.0,0.0,100.0,0.0
20220329001941,0.0,0.0,0.0,0.0,0.0,0.0,100.0,0.0
20220329002011,0.0,0.0,0.0,0.0,0.0,0.0,100.0,0.0
20220329002041,0.0,0.0,0.0,0.0,0.0,0.0,100.0,0.0
20220329002111,0.0,0.0,0.0,0.0,0.0,0.0,100.0,0.0
20220329002141,0.0,0.0,0.0,0.0,0.0,0.0,100.0,0.0
20220329002211,0.0,0.0,0.0,0.0,0.0,0.0,100.0,0.0
20220329002241,0.0,0.0,0.0,0.0,0.0,0.0,100.0,0.0
20220329002311,0.0,0.0,0.0,0.0,0.0,0.0,100.0,0.0
20220329002341,0.0,0.0,0.0,0.0,0.0,0.0,100.0,0.0
20220329002411,0.0,0.0,0.0,0.0,0.0,0.0,100.0,0.0
20220329002441,0.0,0.0,0.0,0.0,0.0,0.0,100.0,0.0
20220329002511,0.0,0.0,0.0,0.0,0.0,0.0,100.0,0.0
20220329002541,0.0,0.0,0.0,0.0,0.0,0.0,100.0,0.0
20220329002611,0.0,0.0,0.0,0.0,0.0,0.0,100.0,0.0
20220329002641,0.0,0.0,0.0,0.0,0.0,0.0,100.0,0.0
20220329002711,0.0,0.0,0.0,0.0,0.0,0.0,100.0,0.0
20220329002741,0.0,0.0,0.0,0.0,0.0,0.0,100.0,0.0
20220329002811,0.0,0.0,0.0,0.0,0.0,0.0,100.0,0.0
20220329002841,0.0,0.0,0.0,0.0,0.0,0.0,100.0,0.0
20220329002911,0.0,0.0,0.0,0.0,0.0,0.0,100.0,0.0
20220329002941,0.0,0.0,0.0,0.0,0.0,0.0,100.0,0.0
20220329003011,0.0,0.0,0.0,0.0,0.0,0.0,100.0,0.0
20220329003041,0.0,0.0,0.0,0.0,0.0,0.0,100.0,0.0
20220329003111,0.0,0.0,0.0,0.0,0.0,0.0,100.0,0.0
20220329003141,0.0,0.0,0.0,0.0,0.0,0.0,100.0,0.0
20220329003211,0.0,0.0,0.0,0.0,0.0,0.0,100.0,0.0
20220329003241,0.0,0.0,0.0,0.0,0.0,0.0,100.0,0.0
20220329003311,0.0,0.0,0.0,0.0,0.0,0.0,100.0,0.0
20220329003341,0.0,0.0,0.0,0.0,0.0,0.0,100.0,0.0
20220329003411,0.0,0.0,0.0,0.0,0.0,0.0,100.0,0.0
20220329003441,0.0,0.0,0.0,0.0,0.0,0.0,100.0,0.0
20220329003511,0.0,0.0,0.0,0.0,0.0,0.0,100.0,0.0
20220329003542,0.0,0.0,0.0,0.0,0.0,0.0,100.0,0.0
20220329003612,0.0,0.0,0.0,0.0,0.0,0.0,100.0,0.0
20220329003642,0.0,0.0,0.0,0.0,0.0,0.0,100.0,0.0
20220329003712,0.0,0.0,0.0,0.0,0.0,0.0,100.0,0.0
20220329003742,0.0,0.0,0.0,0.0,0.0,0.0,100.0,0.0
20220329003812,0.0,0.0,0.0,0.0,0.0,0.0,100.0,0.0
20220329003842,0.0,0.0,0.0,0.0,0.0,0.0,100.0,0.0
20220329003912,0.0,0.0,0.0,0.0,0.0,0.0,100.0,0.0
20220329003942,0.0,0.0,0.0,0.0,0.0,0.0,100.0,0.0
20220329004012,0.0,0.0,0.0,0.0,0.0,0.0,100.0,0.0
20220329004042,0.0,0.0,0.0,0.0,0.0,0.0,100.0,0.0
20220329004112,0.0,0.0,0.0,0.0,0.0,0.0,100.0,0.0
20220329004142,0.0,0.0,0.0,0.0,0.0,0.0,100.0,0.0
20220329004212,0.0,0.0,0.0,0.0,0.0,0.0,100.0,0.0
20220329004242,0.0,0.0,0.0,0.0,0.0,0.0,100.0,0.0
20220329004312,0.0,0.0,0.0,0.0,0.0,0.0,100.0,0.0
20220329004342,0.0,0.0,0.0,0.0,0.0,0.0,100.0,0.0
20220329004412,0.0,0.0,0.0,0.1,0.0,0.0,99.9,0.1
20220329004442,0.0,0.0,0.0,0.0,0.0,0.0,99.8,0.2
20220329004512,0.0,0.0,0.0,0.1,0.0,0.1,99.8,0.0
20220329004542,0.0,0.0,0.0,0.0,0.0,0.0,99.9,0.0
20220329004612,0.0,0.0,0.0,0.2,0.0,0.2,99.3,0.2
20220329004642,0.0,0.0,0.0,1.0,0.1,0.3,97.5,1.1
20220329004712,0.0,0.0,0.1,1.5,0.1,4.5,85.4,8.4
20220329004742,0.0,0.0,0.4,1.6,0.1,5.2,90.9,1.8
20220329004812,0.0,0.0,0.1,2.5,0.0,0.7,95.1,1.6
20220329004842,0.0,0.0,0.1,4.2,0.0,0.6,91.9,3.2
20220329004912,0.0,0.0,0.4,3.6,0.1,1.2,72.6,22.0
20220329004942,0.0,0.0,0.1,1.1,0.0,0.5,88.7,9.6
20220329005012,0.0,0.0,0.2,3.5,0.0,0.2,91.2,4.9
20220329005042,0.0,0.0,0.3,2.9,0.1,0.6,56.8,39.4
20220329005112,0.0,0.0,0.2,1.0,0.1,0.6,97.3,0.9
20220329005142,0.0,0.0,0.1,0.6,0.1,0.5,92.2,6.6
20220329005212,0.0,0.0,0.1,0.4,0.1,1.3,20.4,77.7
20220329005242,0.0,0.0,0.0,4.5,0.3,1.5,75.1,18.5
20220329005312,0.0,0.0,0.2,6.2,0.6,0.4,74.8,17.7
20220329005342,0.1,0.0,0.3,6.3,0.6,0.3,61.2,31.2
20220329005412,0.0,0.0,0.1,3.0,0.1,1.0,86.8,9.0
20220329005442,0.0,0.0,0.3,12.7,0.1,6.3,38.4,42.2
20220329005512,0.1,0.0,0.9,18.6,0.1,1.6,57.6,21.0
20220329005542,0.0,0.0,0.1,0.9,0.4,3.4,22.7,72.6
20220329005612,0.0,0.0,0.0,0.1,0.0,0.4,2.4,97.0
20220329005642,0.0,0.0,0.0,0.8,0.1,0.2,12.7,86.2
20220329005712,0.0,0.0,0.1,1.6,0.3,0.1,2.5,95.2
20220329005742,0.0,0.0,0.1,3.2,0.3,0.1,9.0,87.3
20220329005812,0.0,0.0,0.0,0.0,0.0,0.0,0.1,99.9
20220329005842,0.0,0.0,0.0,0.1,0.0,0.0,0.5,99.4
20220329005912,0.0,0.0,0.0,0.0,0.0,0.0,0.1,99.9
20220329005942,0.0,0.0,0.0,0.1,0.0,0.0,0.0,99.9
20220329010012,0.0,0.0,0.0,0.0,0.0,0.0,0.1,99.9
20220329010042,0.0,0.0,0.0,0.0,0.0,0.0,0.1,99.9
20220329010112,0.0,0.0,0.0,0.0,0.0,0.0,0.1,99.9
20220329010142,0.0,0.0,0.0,0.0,0.0,0.0,0.0,99.9
20220329010212,0.0,0.0,0.0,0.0,0.0,0.0,0.0,100.0
20220329010242,0.0,0.0,0.0,0.0,0.0,0.0,0.0,100.0
20220329010313,0.0,0.0,0.0,0.0,0.0,0.0,0.0,100.0
20220329010343,0.0,0.0,0.0,0.0,0.0,0.0,0.0,100.0
20220329010413,0.0,0.0,0.0,0.0,0.0,0.0,0.0,100.0
20220329010443,0.0,0.0,0.0,0.0,0.0,0.0,0.0,100.0
20220329010513,0.0,0.0,0.0,0.0,0.0,0.0,0.0,100.0
20220329010543,0.0,0.0,0.0,0.0,0.0,0.0,0.0,100.0
20220329010613,0.0,0.0,0.0,0.0,0.0,0.0,0.0,100.0
20220329010643,0.0,0.0,0.0,0.0,0.0,0.0,0.0,100.0
20220329010713,0.0,0.0,0.0,0.0,0.0,0.0,0.1,99.9
20220329010743,0.0,0.0,0.0,0.0,0.0,0.0,0.1,99.9
20220329010813,0.0,0.0,0.0,0.0,0.0,0.0,0.2,99.8
20220329010843,0.0,0.0,0.0,0.0,0.0,0.0,0.1,99.8
20220329010913,0.0,0.0,0.0,0.1,0.0,0.0,0.3,99.6
20220329010943,0.0,0.0,0.0,0.1,0.0,0.0,0.7,99.3
20220329011013,0.0,0.0,0.0,0.0,0.0,0.0,0.3,99.7
20220329011043,0.0,0.0,0.0,0.0,0.0,0.0,0.1,99.8
20220329011113,0.0,0.0,0.0,0.0,0.0,0.0,0.2,99.8
20220329011143,0.0,0.0,0.0,0.0,0.0,0.0,0.2,99.7
20220329011213,0.0,0.0,0.0,0.1,0.0,0.0,0.1,99.8
20220329011243,0.0,0.0,0.0,0.3,0.1,0.0,0.9,98.8
20220329011313,0.0,0.0,0.0,0.0,0.0,0.0,0.0,99.9
20220329011343,0.0,0.0,0.0,0.0,0.0,0.0,0.0,99.9
20220329011413,0.0,0.0,0.0,0.0,0.0,0.0,0.0,100.0
20220329011443,0.0,0.0,0.0,0.0,0.0,0.0,0.0,100.0
20220329011513,0.0,0.0,0.0,0.0,0.0,0.0,0.0,99.9
20220329011543,0.0,0.0,0.0,0.0,0.0,0.0,0.0,100.0
20220329011613,0.0,0.0,0.0,0.0,0.0,0.0,0.0,100.0
20220329011643,0.0,0.0,0.0,0.0,0.0,0.0,0.0,99.9
20220329011713,0.0,0.0,0.0,0.0,0.0,0.0,0.0,100.0
20220329011743,0.0,0.0,0.0,0.0,0.0,0.0,0.0,100.0
20220329011813,0.0,0.0,0.0,0.0,0.0,0.0,0.0,100.0
20220329011843,0.0,0.0,0.0,0.1,0.0,0.0,0.0,99.9
20220329011913,0.0,0.0,0.0,0.1,0.0,0.0,0.0,99.9
20220329011943,0.0,0.0,0.0,0.4,0.0,0.0,0.0,99.6
20220329012013,0.0,0.0,0.0,0.0,0.0,0.0,0.0,99.9
20220329012043,0.0,0.0,0.0,0.1,0.0,0.0,0.0,99.9
20220329012113,0.0,0.0,0.0,0.0,0.0,0.0,0.1,99.9
20220329012143,0.0,0.0,0.0,0.0,0.0,0.0,0.1,99.9
20220329012213,0.0,0.0,0.0,0.0,0.0,0.0,0.0,99.9
20220329012243,0.0,0.0,0.0,0.0,0.0,0.0,0.0,99.9
20220329012313,0.0,0.0,0.0,0.0,0.1,0.0,0.1,99.8
20220329012343,0.0,0.0,0.0,0.0,0.1,0.0,0.1,99.8
20220329012413,0.0,0.0,0.0,0.0,0.1,0.0,0.1,99.8
20220329012443,0.0,0.0,0.0,0.0,0.1,0.0,0.7,99.2
20220329012513,0.0,0.0,0.0,0.1,0.3,0.0,2.5,97.1
20220329012543,0.0,0.0,0.0,0.0,0.0,0.0,0.2,99.8
20220329012613,0.0,0.0,0.0,0.0,0.1,0.0,0.9,99.0
20220329012643,0.0,0.0,0.0,0.1,0.2,0.0,0.7,99.0
20220329012713,0.0,0.0,0.0,0.0,0.1,0.0,0.1,99.8
20220329012743,0.0,0.0,0.0,0.1,0.7,0.0,0.5,98.8
20220329012813,0.0,0.0,0.0,0.1,0.6,0.0,0.3,99.1
20220329012843,0.0,0.0,0.0,0.1,0.1,0.0,0.6,99.2
20220329012913,0.0,0.0,0.0,0.2,0.8,0.0,8.4,90.6
20220329012943,0.0,0.0,0.0,1.5,5.2,0.0,18.8,74.5
20220329013013,0.0,0.0,0.0,1.3,3.1,0.0,9.3,86.3
20220329013043,0.0,0.0,0.0,3.4,1.6,0.0,3.7,91.3
20220329013113,0.0,0.0,0.0,3.6,0.1,0.0,1.2,95.1
20220329013143,0.0,0.0,0.0,1.7,0.1,0.0,1.9,96.3
20220329013213,0.0,0.0,0.0,4.1,0.1,0.0,1.8,94.0
20220329013243,0.0,0.0,0.0,0.9,0.0,0.0,17.5,81.6
20220329013313,0.0,0.0,0.0,4.1,0.0,0.0,46.0,49.8
20220329013343,0.0,0.0,0.0,1.3,0.0,0.0,90.1,8.6
20220329013413,0.0,0.0,0.0,0.2,0.0,0.0,96.5,3.3
20220329013443,0.0,0.0,0.0,0.3,0.0,0.0,97.6,2.1
20220329013513,0.0,0.0,0.0,0.1,0.0,0.0,99.0,0.9
20220329013543,0.0,0.0,0.0,0.2,0.0,0.0,98.0,1.8
20220329013613,0.0,0.0,0.0,0.0,0.0,0.0,99.2,0.8
20220329013643,0.0,0.0,0.0,0.0,0.0,0.0,99.9,0.1
20220329013714,0.0,0.0,0.0,0.0,0.0,0.0,99.1,0.8
20220329013744,0.0,0.0,0.0,0.0,0.0,0.0,99.6,0.4
20220329013814,0.0,0.0,0.0,0.0,0.0,0.0,80.5,19.4
20220329013844,0.0,0.0,0.0,0.0,0.0,0.0,50.1,49.9
20220329013914,0.0,0.0,0.0,0.0,0.0,0.0,15.1,84.9
20220329013944,0.0,0.0,0.0,0.0,0.0,0.0,0.8,99.2
20220329014014,0.0,0.0,0.0,0.0,0.0,0.0,0.1,99.9
20220329014044,0.0,0.0,0.0,0.0,0.0,0.0,0.0,100.0
20220329014114,0.0,0.0,0.0,0.0,0.0,0.0,0.0,100.0
20220329014144,0.0,0.0,0.0,0.0,0.0,0.0,0.0,100.0
20220329014214,0.0,0.0,0.0,0.0,0.0,0.0,0.0,100.0
20220329014244,0.0,0.0,0.0,0.0,0.0,0.0,0.0,100.0
20220329014314,0.0,0.0,0.0,0.0,0.0,0.0,0.0,100.0
20220329014344,0.0,0.0,0.0,0.0,0.0,0.0,0.0,100.0
20220329014414,0.0,0.0,0.0,0.0,0.0,0.0,0.0,100.0
20220329014444,0.0,0.0,0.0,0.0,0.0,0.0,0.0,100.0
20220329014514,0.0,0.0,0.0,0.1,0.0,0.0,0.0,99.9
20220329014544,0.0,0.0,0.0,0.1,0.0,0.0,0.0,99.9
20220329014614,0.0,0.0,0.0,0.1,0.0,0.0,0.0,99.9
20220329014644,0.0,0.0,0.0,0.2,0.0,0.0,0.2,99.7
20220329014714,0.0,0.0,0.0,0.5,0.0,0.0,0.5,98.9
20220329014744,0.0,0.0,0.0,0.8,0.0,0.0,1.1,98.0
20220329014814,0.0,0.0,0.1,1.6,0.1,0.0,1.7,96.5
20220329014844,0.1,0.0,0.2,1.4,0.1,0.0,3.0,95.3
20220329014914,0.0,0.0,0.0,0.9,0.0,0.0,3.2,95.8
20220329014944,0.0,0.0,0.0,0.6,0.0,0.0,12.2,87.1
20220329015014,0.1,0.0,0.1,1.7,0.2,0.0,7.4,90.7
20220329015044,0.0,0.0,0.1,1.2,0.1,0.0,33.8,64.8
20220329015114,0.0,0.0,0.1,1.2,0.2,0.0,33.4,65.1
20220329015144,0.0,0.0,0.0,0.6,0.1,0.0,46.7,52.5
20220329015214,0.0,0.0,0.1,1.2,0.1,0.0,65.4,33.2
20220329015244,0.0,0.0,0.0,0.8,0.2,0.0,50.2,48.7
20220329015314,0.0,0.0,0.0,1.0,0.1,0.0,87.0,11.8
20220329015344,0.0,0.0,0.0,0.5,0.2,0.0,64.6,34.6
20220329015414,0.0,0.0,0.0,1.1,0.1,0.0,45.8,52.9
20220329015444,0.0,0.0,0.0,0.5,0.3,0.0,28.0,71.1
20220329015514,0.0,0.0,0.0,0.5,0.4,0.0,27.1,72.0
20220329015544,0.0,0.0,0.0,0.1,0.4,0.0,14.8,84.7
20220329015614,0.0,0.0,0.0,0.2,0.2,0.0,9.2,90.3
20220329015644,0.0,0.0,0.0,0.1,0.1,0.0,5.1,94.6
20220329015714,0.0,0.0,0.0,0.1,0.1,0.0,2.7,97.1
20220329015744,0.0,0.0,0.0,0.1,0.0,0.0,1.8,98.1
20220329015814,0.0,0.0,0.0,0.0,0.0,0.0,0.6,99.3
20220329015844,0.0,0.0,0.0,0.0,0.0,0.0,0.2,99.8
20220329015914,0.0,0.0,0.0,0.0,0.0,0.0,0.5,99.5
20220329015944,0.0,0.0,0.0,0.0,0.0,0.0,0.4,99.6
20220329020014,0.0,0.0,0.0,0.0,0.0,0.0,0.9,99.0
20220329020044,0.0,0.0,0.0,0.0,0.0,0.0,1.4,98.5
20220329020114,0.0,0.0,0.0,0.0,0.0,0.0,0.9,99.1
20220329020144,0.0,0.0,0.0,0.0,0.0,0.0,0.8,99.2
20220329020214,0.0,0.0,0.0,0.0,0.0,0.0,1.0,98.9
20220329020244,0.0,0.0,0.0,0.0,0.0,0.0,0.9,99.1
20220329020314,0.0,0.0,0.0,0.0,0.0,0.0,0.7,99.3
20220329020344,0.0,0.0,0.0,0.0,0.0,0.0,1.9,98.0
20220329020414,0.0,0.0,0.0,0.1,0.0,0.0,5.7,94.1
20220329020444,0.0,0.0,0.0,0.1,0.0,0.0,4.1,95.8
20220329020514,0.0,0.0,0.0,0.2,0.0,0.0,8.3,91.4
20220329020544,0.0,0.0,0.0,0.1,0.0,0.0,4.6,95.3
20220329020744,0.4,0.0,0.7,0.5,2.1,0.9,2.4,93.1
20220329020814,0.9,0.0,1.1,3.4,14.5,5.4,15.4,59.4
20220329020844,0.5,0.0,0.9,1.5,3.9,1.2,12.8,79.3
20220329020914,0.5,0.0,2.5,3.4,4.1,2.6,29.0,57.9
20220329020944,0.7,0.0,2.0,1.8,10.2,3.5,21.1,60.8
20220329021014,0.7,0.0,1.7,1.5,3.7,1.6,19.3,71.6
20220329021044,0.4,0.0,0.9,2.0,4.9,1.2,11.6,79.1
20220329021115,0.3,0.0,0.7,2.5,2.4,1.2,16.0,76.9
20220329021145,0.4,0.0,1.5,6.9,3.6,1.0,13.0,73.7
20220329021215,0.3,0.0,2.9,6.1,2.3,0.7,9.8,77.8
20220329021245,0.4,0.0,2.8,4.7,4.5,1.7,8.1,77.8
20220329021315,0.7,0.0,3.4,4.1,6.3,2.0,18.0,65.5
20220329021345,0.1,0.0,1.2,1.8,3.5,1.3,12.4,79.6
20220329021415,0.1,0.0,0.5,1.3,1.1,0.6,4.6,91.8
20220329021445,0.1,0.0,0.6,1.5,0.9,0.4,5.3,91.1
20220329021515,0.0,0.0,0.1,1.0,1.1,0.6,7.4,89.7
20220329021545,0.0,0.0,0.0,0.1,0.2,0.3,2.7,96.6
20220329021615,0.0,0.0,0.0,0.0,0.1,0.1,1.2,98.6
20220329021645,0.0,0.0,0.0,0.0,0.0,0.0,0.6,99.3
20220329021715,0.0,0.0,0.0,0.0,0.0,0.0,0.1,99.9
20220329021745,0.0,0.0,0.0,0.0,0.0,0.0,0.1,99.9
20220329021815,0.0,0.0,0.0,0.0,0.0,0.0,0.0,100.0
20220329021845,0.0,0.0,0.0,0.0,0.0,0.0,0.0,100.0
20220329021915,0.0,0.0,0.0,0.0,0.0,0.0,0.0,100.0
20220329021945,0.0,0.0,0.0,0.0,0.0,0.0,0.0,100.0
20220329022015,0.0,0.0,0.0,0.0,0.0,0.0,0.0,100.0
20220329022045,0.0,0.0,0.0,0.0,0.0,0.0,0.0,100.0
20220329022115,0.0,0.0,0.0,0.0,0.0,0.0,0.0,100.0
20220329022145,0.0,0.0,0.0,0.0,0.0,0.0,0.0,100.0
20220329022215,0.0,0.0,0.0,0.0,0.0,0.0,0.0,100.0
20220329022245,0.0,0.0,0.0,0.0,0.0,0.0,0.0,100.0
20220329022315,0.0,0.0,0.0,0.0,0.0,0.0,0.0,100.0
20220329022345,0.0,0.0,0.0,0.0,0.0,0.0,0.0,100.0
20220329022415,0.0,0.0,0.0,0.0,0.0,0.0,0.0,100.0
20220329022445,0.0,0.0,0.0,0.0,0.0,0.0,0.0,100.0
20220329022515,0.0,0.0,0.0,0.0,0.0,0.0,0.0,100.0
20220329022545,0.0,0.0,0.0,0.0,0.0,0.0,0.0,100.0
20220329022615,0.0,0.0,0.0,0.0,0.0,0.0,0.0,100.0
20220329022645,0.0,0.0,0.0,0.0,0.0,0.0,0.0,100.0
20220329022715,0.0,0.0,0.0,0.0,0.0,0.0,0.0,100.0
20220329022745,0.0,0.0,0.0,0.0,0.0,0.0,0.0,100.0
20220329022815,0.0,0.0,0.0,0.0,0.0,0.0,0.0,100.0
20220329022845,0.0,0.0,0.0,0.0,0.0,0.0,0.0,100.0
20220329022915,0.0,0.0,0.0,0.0,0.0,0.0,0.0,100.0
20220329022945,0.0,0.0,0.0,0.0,0.0,0.0,0.0,100.0
20220329023015,0.0,0.0,0.0,0.0,0.0,0.0,0.0,100.0
20220329023045,0.0,0.0,0.0,0.0,0.0,0.0,0.0,100.0
20220329023115,0.0,0.0,0.0,0.0,0.0,0.0,0.0,100.0
20220329023145,0.0,0.0,0.0,0.0,0.0,0.0,0.0,100.0
20220329023215,0.0,0.0,0.0,0.0,0.0,0.0,0.0,100.0
20220329023245,0.0,0.0,0.0,0.0,0.0,0.0,0.0,100.0
20220329023315,0.0,0.0,0.0,0.0,0.0,0.0,0.0,100.0
20220329023345,0.0,0.0,0.0,0.0,0.0,0.0,0.0,100.0
20220329023415,0.0,0.0,0.0,0.0,0.0,0.0,0.0,100.0
20220329023445,0.0,0.0,0.0,0.0,0.0,0.0,0.0,100.0
20220329023515,0.0,0.0,0.0,0.0,0.0,0.0,0.0,100.0
20220329023545,0.0,0.0,0.0,0.0,0.0,0.0,0.0,100.0
20220329023615,0.0,0.0,0.0,0.0,0.0,0.0,0.0,100.0
20220329023645,0.0,0.0,0.0,0.0,0.0,0.0,0.0,100.0
20220329023715,0.0,0.0,0.0,0.0,0.0,0.0,0.0,100.0
20220329023745,0.0,0.0,0.0,0.0,0.0,0.0,0.0,100.0
20220329023815,0.0,0.0,0.0,0.0,0.0,0.0,0.0,100.0
20220329023845,0.0,0.0,0.0,0.0,0.0,0.0,0.0,100.0
20220329023915,0.0,0.0,0.0,0.0,0.0,0.0,0.0,100.0
20220329023945,0.0,0.0,0.0,0.0,0.0,0.0,0.0,100.0
20220329024015,0.0,0.0,0.0,0.0,0.0,0.0,0.0,100.0
20220329024045,0.0,0.0,0.0,0.0,0.0,0.0,0.0,100.0
20220329024115,0.0,0.0,0.0,0.0,0.0,0.0,0.0,100.0
20220329024145,0.0,0.0,0.0,0.0,0.0,0.0,0.0,100.0
20220329024215,0.0,0.0,0.0,0.0,0.0,0.0,0.0,100.0
20220329024245,0.0,0.0,0.0,0.0,0.0,0.0,0.0,100.0
20220329024315,0.0,0.0,0.0,0.0,0.0,0.0,0.0,100.0
20220329024345,0.0,0.0,0.0,0.0,0.0,0.0,0.0,100.0
20220329024415,0.0,0.0,0.0,0.0,0.0,0.0,0.0,100.0
20220329024445,0.0,0.0,0.0,0.0,0.0,0.0,0.0,100.0
20220329024515,0.0,0.0,0.0,0.0,0.0,0.0,0.0,100.0
20220329024546,0.0,0.0,0.0,0.0,0.0,0.0,0.0,100.0
20220329024616,0.0,0.0,0.0,0.0,0.0,0.0,0.0,100.0
20220329024646,0.0,0.0,0.0,0.0,0.0,0.0,0.0,100.0
20220329024716,0.0,0.0,0.0,0.0,0.0,0.0,0.0,100.0
20220329024746,0.0,0.0,0.0,0.0,0.0,0.0,0.0,100.0
20220329024816,0.0,0.0,0.0,0.0,0.0,0.0,0.0,100.0
20220329024846,0.0,0.0,0.0,0.0,0.0,0.0,0.0,100.0
20220329024916,0.0,0.0,0.0,0.0,0.0,0.0,0.0,100.0
20220329024946,0.0,0.0,0.0,0.0,0.0,0.0,0.0,100.0
20220329025016,0.0,0.0,0.0,0.0,0.0,0.0,0.0,100.0
20220329025046,0.0,0.0,0.0,0.0,0.0,0.0,0.0,100.0
20220329025116,0.0,0.0,0.0,0.0,0.0,0.0,0.0,100.0
20220329025146,0.0,0.0,0.0,0.0,0.0,0.0,0.0,100.0
20220329025216,0.0,0.0,0.0,0.0,0.0,0.0,0.0,100.0
20220329025246,0.0,0.0,0.0,0.0,0.0,0.0,0.0,100.0
20220329025316,0.0,0.0,0.0,0.0,0.0,0.0,0.0,100.0
20220329025346,0.0,0.0,0.0,0.0,0.0,0.0,0.0,100.0
20220329025416,0.0,0.0,0.0,0.0,0.0,0.0,0.0,100.0
20220329025446,0.0,0.0,0.0,0.0,0.0,0.0,0.0,100.0
20220329025516,0.0,0.0,0.0,0.0,0.0,0.0,0.0,100.0
20220329025546,0.0,0.0,0.0,0.0,0.0,0.0,0.0,100.0
20220329025616,0.0,0.0,0.0,0.0,0.0,0.0,0.0,100.0
20220329025646,0.0,0.0,0.0,0.0,0.0,0.0,0.0,100.0
20220329025716,0.0,0.0,0.0,0.0,0.0,0.0,0.0,100.0
20220329025746,0.0,0.0,0.0,0.0,0.0,0.0,0.0,100.0
20220329025816,0.0,0.0,0.0,0.0,0.0,0.0,0.0,100.0
20220329025846,0.0,0.0,0.0,0.0,0.0,0.0,0.0,100.0
20220329025916,0.0,0.0,0.0,0.0,0.0,0.0,0.0,100.0
20220329025946,0.0,0.0,0.0,0.0,0.0,0.0,0.0,100.0
20220329030016,0.0,0.0,0.0,0.0,0.0,0.0,0.0,100.0
20220329030046,0.0,0.0,0.0,0.0,0.0,0.0,0.0,100.0
20220329030116,0.0,0.0,0.0,0.0,0.0,0.0,0.0,100.0
20220329030146,0.0,0.0,0.0,0.0,0.0,0.0,0.0,100.0
20220329030216,0.0,0.0,0.0,0.0,0.0,0.0,0.0,100.0
20220329030246,0.0,0.0,0.0,0.0,0.0,0.0,0.0,100.0
20220329030316,0.0,0.0,0.0,0.0,0.0,0.0,0.0,100.0
20220329030346,0.0,0.0,0.0,0.0,0.0,0.0,0.0,100.0
