UT,arc,discrete,diffuse,ac,ab,clear,cloudy,dd
20220121101225,1.2,0.1,0.4,4.3,0.8,7.2,44.8,41.3
20220121141200,0.0,0.0,0.0,0.0,0.0,0.0,0.0,100.0
20220121141230,0.0,0.0,0.0,0.0,0.0,0.0,0.0,100.0
20220121141300,0.0,0.0,0.0,0.0,0.0,0.0,0.0,100.0
20220121141330,0.0,0.0,0.0,0.0,0.0,0.0,0.0,100.0
20220121141400,0.0,0.0,0.0,0.0,0.0,0.0,0.0,100.0
20220121141430,0.0,0.0,0.0,0.0,0.0,0.0,0.0,100.0
20220121141500,0.0,0.0,0.0,0.0,0.0,0.0,0.0,100.0
20220121141530,0.0,0.0,0.0,0.0,0.0,0.0,0.0,100.0
20220121141600,0.0,0.0,0.0,0.0,0.0,0.0,0.0,100.0
20220121141630,0.0,0.0,0.0,0.0,0.0,0.0,0.0,100.0
20220121141700,0.0,0.0,0.0,0.0,0.0,0.0,0.0,100.0
20220121141730,0.0,0.0,0.0,0.0,0.0,0.0,0.0,100.0
20220121141800,0.0,0.0,0.0,0.0,0.0,0.0,0.0,100.0
20220121141830,0.0,0.0,0.0,0.0,0.0,0.0,0.0,100.0
20220121141900,0.0,0.0,0.0,0.0,0.0,0.0,0.0,100.0
20220121141930,0.0,0.0,0.0,0.0,0.0,0.0,0.0,100.0
20220121142000,0.0,0.0,0.0,0.0,0.0,0.0,0.0,100.0
20220121142030,0.0,0.0,0.0,0.0,0.0,0.0,0.0,100.0
20220121142100,0.0,0.0,0.0,0.0,0.0,0.0,0.0,100.0
20220121142130,0.0,0.0,0.0,0.0,0.0,0.0,0.0,100.0
20220121142200,0.0,0.0,0.0,0.0,0.0,0.0,0.0,100.0
20220121142230,0.0,0.0,0.0,0.0,0.0,0.0,0.0,100.0
20220121142300,0.0,0.0,0.0,0.0,0.0,0.0,0.0,100.0
20220121142330,0.0,0.0,0.0,0.0,0.0,0.0,0.0,100.0
20220121142400,0.0,0.0,0.0,0.0,0.0,0.0,0.0,100.0
20220121142430,0.0,0.0,0.0,0.0,0.0,0.0,0.0,100.0
20220121142500,0.0,0.0,0.0,0.0,0.0,0.0,0.0,100.0
20220121142530,0.0,0.0,0.0,0.0,0.0,0.0,0.0,100.0
20220121142600,0.0,0.0,0.0,0.0,0.0,0.0,0.0,100.0
20220121142630,0.0,0.0,0.0,0.0,0.0,0.0,0.0,100.0
20220121142700,0.0,0.0,0.0,0.0,0.0,0.0,0.0,100.0
20220121142730,0.0,0.0,0.0,0.0,0.0,0.0,0.0,100.0
20220121142800,0.0,0.0,0.0,0.0,0.0,0.0,0.0,100.0
20220121142830,0.0,0.0,0.0,0.0,0.0,0.0,0.0,100.0
20220121142900,0.0,0.0,0.0,0.0,0.0,0.0,0.0,100.0
20220121142930,0.0,0.0,0.0,0.0,0.0,0.0,0.0,100.0
20220121143000,0.0,0.0,0.0,0.0,0.0,0.0,0.0,100.0
20220121143030,0.0,0.0,0.0,0.0,0.0,0.0,0.0,100.0
20220121143100,0.0,0.0,0.0,0.0,0.0,0.0,0.0,100.0
20220121143130,0.0,0.0,0.0,0.0,0.0,0.0,0.0,100.0
20220121143200,0.0,0.0,0.0,0.0,0.0,0.0,0.0,100.0
20220121143230,0.0,0.0,0.0,0.0,0.0,0.0,0.0,100.0
20220121143300,0.0,0.0,0.0,0.0,0.0,0.0,0.0,100.0
20220121143330,0.0,0.0,0.0,0.0,0.0,0.0,0.0,100.0
20220121143400,0.0,0.0,0.0,0.0,0.0,0.0,0.0,100.0
20220121143430,0.0,0.0,0.0,0.0,0.0,0.0,0.0,100.0
20220121143500,0.0,0.0,0.0,0.0,0.0,0.0,0.0,100.0
20220121143530,0.0,0.0,0.0,0.0,0.0,0.0,0.0,100.0
20220121143600,0.0,0.0,0.0,0.0,0.0,0.0,0.0,100.0
20220121143630,0.0,0.0,0.0,0.0,0.0,0.0,0.0,100.0
20220121143700,0.0,0.0,0.0,0.0,0.0,0.0,0.0,100.0
20220121143730,0.0,0.0,0.0,0.0,0.0,0.0,0.0,100.0
20220121143800,0.0,0.0,0.0,0.0,0.0,0.0,0.0,100.0
20220121143830,0.0,0.0,0.0,0.0,0.0,0.0,0.0,100.0
20220121143900,0.0,0.0,0.0,0.0,0.0,0.0,0.0,100.0
20220121143930,0.0,0.0,0.0,0.0,0.0,0.0,0.0,100.0
20220121144000,0.0,0.0,0.0,0.0,0.0,0.0,0.0,100.0
20220121144030,0.0,0.0,0.0,0.0,0.0,0.0,0.0,100.0
20220121144100,0.0,0.0,0.0,0.0,0.0,0.0,0.0,100.0
20220121144130,0.0,0.0,0.0,0.0,0.0,0.0,0.0,100.0
20220121144200,0.0,0.0,0.0,0.0,0.0,0.0,0.0,100.0
20220121144230,0.0,0.0,0.0,0.0,0.0,0.0,0.0,100.0
20220121144300,0.0,0.0,0.0,0.0,0.0,0.0,0.0,100.0
20220121144330,0.0,0.0,0.0,0.0,0.0,0.0,0.0,100.0
20220121144401,0.0,0.0,0.0,0.0,0.0,0.0,0.0,100.0
20220121144431,0.0,0.0,0.0,0.0,0.0,0.0,0.0,100.0
20220121144501,0.0,0.0,0.0,0.0,0.0,0.0,0.0,100.0
20220121144531,0.0,0.0,0.0,0.0,0.0,0.0,0.0,100.0
20220121144601,0.0,0.0,0.0,0.0,0.0,0.0,0.0,100.0
20220121144631,0.0,0.0,0.0,0.0,0.0,0.0,0.0,100.0
20220121144701,0.0,0.0,0.0,0.0,0.0,0.0,0.0,100.0
20220121144731,0.0,0.0,0.0,0.0,0.0,0.0,0.0,100.0
20220121144801,0.0,0.0,0.0,0.0,0.0,0.0,0.0,100.0
20220121144831,0.0,0.0,0.0,0.0,0.0,0.0,0.0,100.0
20220121144901,0.0,0.0,0.0,0.0,0.0,0.0,0.0,100.0
20220121144931,0.0,0.0,0.0,0.0,0.0,0.0,0.0,100.0
20220121145001,0.0,0.0,0.0,0.0,0.0,0.0,0.0,100.0
20220121145031,0.0,0.0,0.0,0.0,0.0,0.0,0.0,100.0
20220121145101,0.0,0.0,0.0,0.0,0.0,0.0,0.0,100.0
20220121145131,0.0,0.0,0.0,0.0,0.0,0.0,0.0,100.0
20220121145201,0.0,0.0,0.0,0.0,0.0,0.0,0.0,100.0
20220121145231,0.0,0.0,0.0,0.0,0.0,0.0,0.0,100.0
20220121145301,0.0,0.0,0.0,0.0,0.0,0.0,0.0,100.0
20220121145331,0.0,0.0,0.0,0.0,0.0,0.0,0.0,100.0
20220121145401,0.0,0.0,0.0,0.0,0.0,0.0,0.0,100.0
20220121145431,0.0,0.0,0.0,0.0,0.0,0.0,0.0,100.0
20220121145501,0.0,0.0,0.0,0.0,0.0,0.0,0.0,100.0
20220121145531,0.0,0.0,0.0,0.0,0.0,0.0,0.0,100.0
20220121145601,0.0,0.0,0.0,0.0,0.0,0.0,0.0,100.0
20220121145631,0.0,0.0,0.0,0.0,0.0,0.0,0.0,100.0
20220121145701,0.0,0.0,0.0,0.0,0.0,0.0,0.0,100.0
20220121145731,0.0,0.0,0.0,0.0,0.0,0.0,0.0,100.0
20220121145801,0.0,0.0,0.0,0.0,0.0,0.0,0.0,100.0
20220121145831,0.0,0.0,0.0,0.0,0.0,0.0,0.0,100.0
20220121145901,0.0,0.0,0.0,0.0,0.0,0.0,0.0,100.0
20220121145931,0.0,0.0,0.0,0.0,0.0,0.0,0.0,100.0
20220121150001,0.0,0.0,0.0,0.0,0.0,0.0,0.0,100.0
20220121150031,0.0,0.0,0.0,0.0,0.0,0.0,0.0,100.0
20220121150101,0.0,0.0,0.0,0.0,0.0,0.0,0.0,100.0
20220121150131,0.0,0.0,0.0,0.0,0.0,0.0,0.0,100.0
20220121150201,0.0,0.0,0.0,0.0,0.0,0.0,0.0,100.0
20220121150231,0.0,0.0,0.0,0.0,0.0,0.0,0.0,100.0
20220121150301,0.0,0.0,0.0,0.0,0.0,0.0,0.0,100.0
20220121150331,0.0,0.0,0.0,0.0,0.0,0.0,0.0,100.0
20220121150401,0.0,0.0,0.0,0.0,0.0,0.0,0.0,100.0
20220121150431,0.0,0.0,0.0,0.0,0.0,0.0,0.0,100.0
20220121150501,0.0,0.0,0.0,0.0,0.0,0.0,0.0,100.0
20220121150531,0.0,0.0,0.0,0.0,0.0,0.0,0.0,100.0
20220121150601,0.0,0.0,0.0,0.0,0.0,0.0,0.0,100.0
20220121150631,0.0,0.0,0.0,0.0,0.0,0.0,0.0,100.0
20220121150701,0.0,0.0,0.0,0.0,0.0,0.0,0.0,100.0
20220121150731,0.0,0.0,0.0,0.0,0.0,0.0,0.0,100.0
20220121150801,0.0,0.0,0.0,0.0,0.0,0.0,0.0,100.0
20220121150831,0.0,0.0,0.0,0.0,0.0,0.0,0.0,100.0
20220121150901,0.0,0.0,0.0,0.0,0.0,0.0,0.0,100.0
20220121150931,0.0,0.0,0.0,0.0,0.0,0.0,0.0,99.9
20220121151001,0.0,0.0,0.0,0.0,0.0,0.0,0.0,100.0
20220121151031,0.0,0.0,0.0,0.0,0.0,0.0,0.0,99.9
20220121151101,0.0,0.0,0.0,0.0,0.0,0.0,0.1,99.8
20220121151131,0.0,0.0,0.0,0.0,0.0,0.0,0.2,99.8
20220121151331,0.0,0.0,0.0,0.0,0.3,0.0,0.0,99.7
20220121151401,0.0,0.0,0.0,0.0,0.0,0.0,0.0,100.0
20220121151431,0.0,0.0,0.0,0.0,0.0,0.0,0.0,100.0
20220121151501,0.0,0.0,0.0,0.0,0.0,0.0,0.0,100.0
20220121151531,0.0,0.0,0.0,0.0,0.1,0.0,0.0,99.9
20220121151601,0.0,0.0,0.0,0.0,9.0,0.0,0.0,91.0
20220121151631,0.0,0.0,0.0,0.0,2.1,0.0,0.0,97.8
20220121151701,0.0,0.0,0.0,0.0,2.4,0.0,0.0,97.6
20220121151731,0.0,0.0,0.0,0.0,1.3,0.0,0.0,98.7
20220121151802,0.0,0.0,0.0,0.0,1.4,0.0,0.0,98.6
20220121151832,0.0,0.0,0.0,0.0,1.3,0.0,0.0,98.7
20220121151902,0.0,0.0,0.0,0.0,0.6,0.0,0.0,99.3
20220121151932,0.0,0.0,0.0,0.0,0.1,0.0,0.0,99.9
20220121152002,0.0,0.0,0.0,0.0,0.7,0.0,0.0,99.2
20220121152032,0.0,0.0,0.0,0.0,3.0,0.0,0.1,96.9
20220121152102,0.0,0.0,0.0,0.0,1.0,0.0,0.0,99.0
20220121152132,0.0,0.0,0.0,0.0,1.0,0.0,0.0,99.0
20220121152202,0.0,0.0,0.0,0.0,1.0,0.0,0.0,99.0
20220121152232,0.0,0.0,0.0,0.0,0.2,0.0,0.0,99.8
20220121152302,0.0,0.0,0.0,0.0,0.6,0.0,0.0,99.4
20220121152332,0.0,0.0,0.0,0.0,9.8,0.0,0.0,90.2
20220121152402,0.0,0.0,0.0,0.0,1.3,0.0,0.0,98.6
20220121152432,0.0,0.0,0.0,0.0,7.8,0.0,0.1,92.2
20220121152502,0.0,0.0,0.0,0.0,15.7,0.0,0.4,83.9
20220121152532,0.0,0.0,0.0,0.0,0.3,0.0,0.0,99.7
20220121152602,0.0,0.0,0.0,0.0,0.3,0.0,0.1,99.6
20220121152632,0.0,0.0,0.0,0.0,0.1,0.0,0.0,99.9
20220121152702,0.0,0.0,0.0,0.0,0.0,0.0,0.0,100.0
20220121152732,0.0,0.0,0.0,0.0,0.0,0.0,0.0,100.0
20220121152802,0.0,0.0,0.0,0.0,0.0,0.0,0.0,100.0
20220121152832,0.0,0.0,0.0,0.0,0.0,0.0,0.0,100.0
20220121152902,0.0,0.0,0.0,0.0,0.0,0.0,0.0,100.0
20220121152932,0.0,0.0,0.0,0.0,0.0,0.0,0.0,100.0
20220121153002,0.0,0.0,0.0,0.0,0.1,0.0,0.0,99.9
20220121153032,0.0,0.0,0.0,0.0,0.1,0.0,0.0,99.9
20220121153102,0.0,0.0,0.0,0.0,0.0,0.0,0.0,100.0
20220121153132,0.0,0.0,0.0,0.0,0.0,0.0,0.0,100.0
20220121153202,0.0,0.0,0.0,0.0,0.0,0.0,0.0,99.9
20220121153232,0.0,0.0,0.0,0.0,0.0,0.0,0.2,99.8
20220121153302,0.0,0.0,0.0,0.0,0.0,0.0,0.1,99.8
20220121153332,0.0,0.0,0.0,0.0,0.1,0.0,0.6,99.2
20220121153402,0.0,0.0,0.0,0.0,0.1,0.0,1.2,98.7
20220121153432,0.0,0.0,0.0,0.0,0.2,0.0,3.5,96.3
20220121153502,0.0,0.0,0.0,0.1,2.4,0.0,7.4,90.1
20220121153532,0.0,0.0,0.0,0.0,0.0,0.0,0.7,99.3
20220121153602,0.0,0.0,0.0,0.0,0.2,0.0,2.3,97.5
20220121153632,0.0,0.0,0.0,0.1,0.8,0.0,4.0,95.2
20220121153702,0.0,0.0,0.0,0.0,0.4,0.0,0.3,99.2
20220121153732,0.0,0.0,0.0,0.0,0.2,0.0,4.3,95.5
20220121153802,0.0,0.0,0.0,0.0,0.0,0.0,39.2,60.8
20220121153832,0.0,0.0,0.0,0.0,0.0,0.0,16.9,83.1
20220121153902,0.0,0.0,0.0,0.0,0.0,0.0,50.8,49.2
20220121153932,0.0,0.0,0.0,0.0,0.1,0.0,5.3,94.6
20220121154002,0.0,0.0,0.0,0.0,0.2,0.0,3.7,96.1
20220121154032,0.0,0.0,0.0,0.0,0.2,0.0,0.5,99.3
20220121154102,0.0,0.0,0.0,0.0,0.1,0.0,0.2,99.7
20220121154132,0.0,0.0,0.0,0.0,0.1,0.0,0.5,99.5
20220121154202,0.0,0.0,0.0,0.0,2.8,0.0,3.9,93.3
20220121154232,0.0,0.0,0.0,0.0,0.0,0.0,0.3,99.7
20220121154302,0.0,0.0,0.0,0.0,0.0,0.0,2.6,97.3
20220121154332,0.0,0.0,0.0,0.1,1.0,0.0,75.7,23.2
20220121154402,0.0,0.0,0.0,0.0,0.1,0.0,0.7,99.2
20220121154432,0.0,0.0,0.0,2.4,3.5,0.0,46.4,47.7
20220121154502,0.0,0.0,0.0,2.2,5.9,0.0,22.4,69.4
20220121154532,0.0,0.0,0.0,1.9,12.0,0.0,10.7,75.4
20220121154603,0.0,0.0,0.0,0.1,2.0,0.0,4.6,93.3
20220121154633,0.0,0.0,0.0,0.3,0.2,0.0,9.7,89.8
20220121154703,0.0,0.0,0.0,0.0,0.0,0.0,29.4,70.6
20220121154733,0.0,0.0,0.0,0.1,0.3,0.0,85.1,14.6
20220121154803,0.0,0.0,0.0,0.0,0.0,0.0,85.7,14.3
20220121154833,0.0,0.0,0.0,0.4,0.1,0.0,72.8,26.7
20220121154903,0.0,0.0,0.0,0.0,0.0,0.0,99.1,0.9
20220121154933,0.0,0.0,0.0,0.0,0.0,0.0,98.8,1.2
20220121155003,0.0,0.0,0.0,0.0,0.0,0.0,99.9,0.1
20220121155033,0.0,0.0,0.0,0.0,0.0,0.0,93.7,6.3
20220121155103,0.0,0.0,0.0,0.0,0.0,0.0,97.8,2.2
20220121155133,0.0,0.0,0.0,0.0,0.0,0.0,99.8,0.2
20220121155203,0.0,0.0,0.0,0.0,0.0,0.0,100.0,0.0
20220121155233,0.0,0.0,0.0,0.0,0.0,0.0,100.0,0.0
20220121155303,0.0,0.0,0.0,0.0,0.0,0.0,100.0,0.0
20220121155333,0.0,0.0,0.0,0.0,0.0,0.0,99.2,0.8
20220121155403,0.0,0.0,0.0,0.0,0.0,0.0,100.0,0.0
20220121155433,0.0,0.0,0.0,0.0,0.0,0.0,100.0,0.0
20220121155503,0.0,0.0,0.0,0.0,0.0,0.0,100.0,0.0
20220121155533,0.0,0.0,0.0,0.0,0.0,0.0,100.0,0.0
20220121155603,0.0,0.0,0.0,0.0,0.0,0.0,100.0,0.0
20220121155633,0.0,0.0,0.0,0.0,0.0,0.0,100.0,0.0
20220121155703,0.0,0.0,0.0,0.0,0.0,0.0,100.0,0.0
20220121155733,0.0,0.0,0.0,0.0,0.0,0.0,100.0,0.0
20220121155803,0.0,0.0,0.0,0.0,0.0,0.0,100.0,0.0
20220121155833,0.0,0.0,0.0,0.0,0.0,0.0,99.9,0.1
20220121155903,0.0,0.0,0.0,0.0,0.0,0.0,99.9,0.1
20220121155933,0.0,0.0,0.0,0.0,0.0,0.0,100.0,0.0
20220121160003,0.0,0.0,0.0,0.0,0.0,0.0,99.9,0.1
20220121160033,0.0,0.0,0.0,0.0,0.0,0.0,100.0,0.0
20220121160103,0.0,0.0,0.0,0.0,0.0,0.0,100.0,0.0
20220121160133,0.0,0.0,0.0,0.0,0.0,0.0,100.0,0.0
20220121160203,0.0,0.0,0.0,0.0,0.0,0.0,100.0,0.0
20220121160233,0.0,0.0,0.0,0.0,0.0,0.0,100.0,0.0
20220121160303,0.0,0.0,0.0,0.0,0.0,0.0,100.0,0.0
20220121160333,0.0,0.0,0.0,0.0,0.0,0.0,100.0,0.0
20220121160403,0.0,0.0,0.0,0.0,0.0,0.0,100.0,0.0
20220121160433,0.0,0.0,0.0,0.0,0.0,0.0,100.0,0.0
20220121160503,0.0,0.0,0.0,0.0,0.0,0.0,99.9,0.0
20220121160533,0.0,0.0,0.0,0.0,0.0,0.0,100.0,0.0
20220121160603,0.0,0.0,0.0,0.0,0.0,0.0,100.0,0.0
20220121160633,0.0,0.0,0.0,0.0,0.0,0.0,99.9,0.1
20220121160703,0.0,0.0,0.0,0.0,0.0,0.0,97.3,2.7
20220121160733,0.0,0.0,0.0,0.0,0.0,0.0,99.9,0.1
20220121160803,0.0,0.0,0.0,0.0,0.2,0.0,99.1,0.8
20220121160833,0.0,0.0,0.0,0.0,0.0,0.0,99.8,0.2
20220121160903,0.0,0.0,0.0,0.0,0.0,0.0,95.4,4.6
20220121160933,0.0,0.0,0.0,0.0,0.0,0.0,99.9,0.1
20220121161003,0.0,0.0,0.0,0.0,0.2,0.0,99.0,0.7
20220121161033,0.0,0.0,0.0,0.0,0.0,0.0,99.8,0.2
20220121161103,0.0,0.0,0.0,0.0,0.0,0.0,99.9,0.1
20220121161133,0.0,0.0,0.0,0.0,0.0,0.0,99.9,0.0
20220121161203,0.0,0.0,0.0,0.0,0.0,0.0,100.0,0.0
20220121161233,0.0,0.0,0.0,0.0,0.0,0.0,99.9,0.0
20220121161303,0.0,0.0,0.0,0.0,0.0,0.0,100.0,0.0
20220121161333,0.0,0.0,0.0,0.0,0.0,0.0,100.0,0.0
20220121161403,0.0,0.0,0.0,0.1,0.0,0.0,99.9,0.0
20220121161433,0.0,0.0,0.0,0.0,0.0,0.0,100.0,0.0
20220121161503,0.0,0.0,0.0,0.0,0.0,0.0,100.0,0.0
20220121161533,0.0,0.0,0.0,0.0,0.0,0.0,100.0,0.0
20220121161603,0.0,0.0,0.0,0.0,0.0,0.0,100.0,0.0
20220121161633,0.0,0.0,0.0,0.0,0.0,0.0,100.0,0.0
20220121161703,0.0,0.0,0.0,0.0,0.0,0.0,100.0,0.0
20220121161733,0.0,0.0,0.0,0.0,0.0,0.0,100.0,0.0
20220121161803,0.0,0.0,0.0,0.0,0.0,0.0,100.0,0.0
20220121161833,0.0,0.0,0.0,0.0,0.0,0.0,100.0,0.0
20220121161903,0.0,0.0,0.0,0.0,0.0,0.0,100.0,0.0
20220121161934,0.0,0.0,0.0,0.0,0.0,0.0,100.0,0.0
20220121162004,0.0,0.0,0.0,0.0,0.0,0.0,100.0,0.0
20220121162034,0.0,0.0,0.0,0.0,0.0,0.0,100.0,0.0
20220121162104,0.0,0.0,0.0,0.0,0.0,0.0,100.0,0.0
20220121162134,0.0,0.0,0.0,0.0,0.0,0.0,100.0,0.0
20220121162204,0.0,0.0,0.0,0.0,0.0,0.0,100.0,0.0
20220121162234,0.0,0.0,0.0,0.0,0.0,0.0,100.0,0.0
20220121162304,0.0,0.0,0.0,0.0,0.0,0.0,100.0,0.0
20220121162334,0.0,0.0,0.0,0.0,0.0,0.0,100.0,0.0
20220121162404,0.0,0.0,0.0,0.0,0.0,0.0,100.0,0.0
20220121162434,0.0,0.0,0.0,0.0,0.0,0.0,100.0,0.0
20220121162504,0.0,0.0,0.0,0.0,0.0,0.0,100.0,0.0
20220121162534,0.0,0.0,0.0,0.0,0.0,0.0,100.0,0.0
20220121162604,0.0,0.0,0.0,0.0,0.0,0.0,100.0,0.0
20220121162634,0.0,0.0,0.0,0.0,0.0,0.0,100.0,0.0
20220121162704,0.0,0.0,0.0,0.0,0.0,0.0,100.0,0.0
20220121162734,0.0,0.0,0.0,0.0,0.0,0.0,100.0,0.0
20220121162804,0.0,0.0,0.0,0.0,0.0,0.0,100.0,0.0
20220121162834,0.0,0.0,0.0,0.0,0.0,0.0,100.0,0.0
20220121162904,0.0,0.0,0.0,0.0,0.0,0.0,100.0,0.0
20220121162934,0.0,0.0,0.0,0.0,0.0,0.0,100.0,0.0
20220121163004,0.0,0.0,0.0,0.0,0.0,0.0,100.0,0.0
20220121163034,0.0,0.0,0.0,0.0,0.0,0.0,100.0,0.0
20220121163104,0.0,0.0,0.0,0.0,0.0,0.0,100.0,0.0
20220121163134,0.0,0.0,0.0,0.0,0.0,0.0,100.0,0.0
20220121163204,0.0,0.0,0.0,0.0,0.0,0.0,100.0,0.0
20220121163234,0.0,0.0,0.0,0.0,0.0,0.0,100.0,0.0
20220121163304,0.0,0.0,0.0,0.0,0.0,0.0,100.0,0.0
20220121163334,0.0,0.0,0.0,0.0,0.0,0.0,100.0,0.0
20220121163404,0.0,0.0,0.0,0.2,0.0,0.0,99.8,0.0
20220121163434,0.0,0.0,0.0,1.7,0.0,0.0,98.3,0.0
20220121163504,0.0,0.0,0.0,0.6,0.0,0.0,99.4,0.0
20220121163534,0.0,0.0,0.0,0.0,0.0,0.0,100.0,0.0
20220121163604,0.0,0.0,0.0,8.1,0.0,0.0,91.9,0.0
20220121163634,0.0,0.0,0.0,0.0,0.0,0.0,100.0,0.0
20220121163704,0.0,0.0,0.0,0.0,0.0,0.0,100.0,0.0
20220121163734,0.0,0.0,0.0,0.0,0.0,0.0,100.0,0.0
20220121163804,0.0,0.0,0.0,0.0,0.0,0.0,100.0,0.0
20220121163834,0.0,0.0,0.0,0.3,0.0,0.0,99.7,0.0
20220121163904,0.0,0.0,0.0,99.6,0.0,0.0,0.4,0.0
20220121163934,0.0,0.0,0.0,100.0,0.0,0.0,0.0,0.0
20220121164004,0.0,0.0,0.0,100.0,0.0,0.0,0.0,0.0
20220121164034,0.0,0.0,0.0,100.0,0.0,0.0,0.0,0.0
20220121164104,0.0,0.0,0.0,100.0,0.0,0.0,0.0,0.0
20220121164134,0.0,0.0,0.0,100.0,0.0,0.0,0.0,0.0
20220121164204,0.0,0.0,0.0,100.0,0.0,0.0,0.0,0.0
20220121164234,0.0,0.0,0.0,100.0,0.0,0.0,0.0,0.0
20220121164304,0.0,0.0,0.0,100.0,0.0,0.0,0.0,0.0
20220121164334,0.0,0.0,0.0,100.0,0.0,0.0,0.0,0.0
20220121164404,0.0,0.0,0.0,99.9,0.1,0.0,0.0,0.0
20220121164434,0.0,0.0,0.0,99.9,0.1,0.0,0.0,0.0
20220121164504,0.0,0.0,0.0,100.0,0.0,0.0,0.0,0.0
20220121164534,0.0,0.0,0.0,100.0,0.0,0.0,0.0,0.0
20220121164604,0.0,0.0,0.0,100.0,0.0,0.0,0.0,0.0
20220121164634,0.0,0.0,0.0,99.9,0.1,0.0,0.0,0.0
20220121164704,0.0,0.0,0.0,100.0,0.0,0.0,0.0,0.0
20220121164734,0.0,0.0,0.0,100.0,0.0,0.0,0.0,0.0
20220121164804,0.0,0.0,0.0,99.9,0.1,0.0,0.0,0.0
20220121164834,0.0,0.0,0.0,99.9,0.0,0.0,0.0,0.0
20220121164904,0.0,0.0,0.0,100.0,0.0,0.0,0.0,0.0
20220121164934,0.0,0.0,0.0,100.0,0.0,0.0,0.0,0.0
20220121165004,0.0,0.0,0.0,99.9,0.1,0.0,0.0,0.0
20220121165034,0.0,0.0,0.0,97.3,0.2,0.0,2.5,0.0
20220121165104,0.0,0.0,0.0,98.8,0.0,0.0,1.1,0.0
20220121165134,0.0,0.0,0.0,99.7,0.0,0.0,0.3,0.0
20220121165204,0.0,0.0,0.0,99.9,0.0,0.0,0.1,0.0
20220121165234,0.0,0.0,0.0,93.4,0.0,0.0,6.6,0.0
20220121165304,0.0,0.0,0.0,2.1,0.0,0.0,97.9,0.0
20220121165334,0.0,0.0,0.0,0.1,0.0,0.0,99.9,0.0
20220121165405,0.0,0.0,0.0,0.0,0.0,0.0,100.0,0.0
20220121165435,0.0,0.0,0.0,0.1,0.0,0.0,99.9,0.1
20220121165505,0.0,0.0,0.0,3.7,0.0,0.0,96.2,0.0
20220121165535,0.0,0.0,0.0,98.8,0.0,0.0,1.1,0.0
20220121165605,0.0,0.0,0.0,61.4,0.0,0.0,38.6,0.0
20220121165635,0.0,0.0,0.0,2.0,0.0,0.0,98.0,0.0
20220121165705,0.0,0.0,0.0,0.0,0.0,0.0,100.0,0.0
20220121165735,0.0,0.0,0.0,0.2,0.0,0.0,99.8,0.0
20220121165805,0.0,0.0,0.0,7.0,0.0,0.0,93.0,0.0
20220121165835,0.0,0.0,0.0,43.6,0.0,0.0,56.3,0.1
20220121165905,0.0,0.0,0.0,19.6,0.0,0.0,80.1,0.2
20220121165935,0.0,0.0,0.0,1.3,0.0,0.0,98.6,0.1
20220121170005,0.0,0.0,0.0,99.2,0.0,0.0,0.8,0.0
20220121170035,0.0,0.0,0.0,100.0,0.0,0.0,0.0,0.0
20220121170105,0.0,0.0,0.0,99.9,0.0,0.0,0.0,0.0
20220121170135,0.0,0.0,0.0,100.0,0.0,0.0,0.0,0.0
20220121170205,0.0,0.0,0.0,100.0,0.0,0.0,0.0,0.0
20220121170235,0.0,0.0,0.0,100.0,0.0,0.0,0.0,0.0
20220121170305,0.0,0.0,0.0,100.0,0.0,0.0,0.0,0.0
20220121170335,0.0,0.0,0.0,100.0,0.0,0.0,0.0,0.0
20220121170405,0.0,0.0,0.0,100.0,0.0,0.0,0.0,0.0
20220121170435,0.0,0.0,0.0,96.0,0.0,0.0,3.9,0.0
20220121170505,0.0,0.0,0.0,99.5,0.0,0.0,0.5,0.0
20220121170535,0.0,0.0,0.0,99.9,0.0,0.0,0.0,0.0
20220121170605,0.0,0.0,0.0,97.7,0.1,0.0,2.1,0.0
20220121170635,0.0,0.0,0.0,77.4,0.2,0.0,21.9,0.5
20220121170705,0.0,0.0,0.0,86.7,0.0,0.0,13.2,0.0
20220121170735,0.0,0.0,0.0,2.8,0.0,0.0,97.1,0.1
20220121170805,0.0,0.0,0.0,0.7,0.0,0.0,99.2,0.1
20220121170835,0.0,0.0,0.0,0.5,0.0,0.0,99.5,0.0
20220121170905,0.0,0.0,0.0,0.2,0.0,0.0,99.8,0.0
20220121170935,0.0,0.0,0.0,0.1,0.0,0.0,99.9,0.0
20220121171005,0.0,0.0,0.0,0.0,0.0,0.0,100.0,0.0
20220121171035,0.0,0.0,0.0,0.0,0.0,0.0,100.0,0.0
20220121171105,0.0,0.0,0.0,0.0,0.0,0.0,100.0,0.0
20220121171135,0.0,0.0,0.0,0.0,0.0,0.0,100.0,0.0
20220121171205,0.0,0.0,0.0,0.0,0.0,0.0,100.0,0.0
20220121171235,0.0,0.0,0.0,0.5,0.0,0.0,99.5,0.0
20220121171305,0.0,0.0,0.0,0.0,0.0,0.0,100.0,0.0
20220121171335,0.0,0.0,0.0,0.0,0.0,0.0,100.0,0.0
20220121171405,0.0,0.0,0.0,0.0,0.0,0.0,100.0,0.0
20220121171435,0.0,0.0,0.0,0.0,0.0,0.0,99.9,0.1
20220121171505,0.0,0.0,0.0,0.0,0.0,0.0,99.9,0.1
20220121171535,0.0,0.0,0.0,0.0,0.0,0.0,99.9,0.1
20220121171605,0.0,0.0,0.0,0.0,0.0,0.0,100.0,0.0
20220121171635,0.0,0.0,0.0,0.1,0.0,0.0,99.9,0.0
20220121171705,0.0,0.0,0.0,0.2,0.0,0.0,99.8,0.0
20220121171735,0.0,0.0,0.0,0.3,0.0,0.0,99.7,0.0
20220121171805,0.0,0.0,0.0,0.5,0.0,0.0,99.3,0.1
20220121171835,0.0,0.0,0.0,4.4,0.0,0.0,95.6,0.0
20220121171905,0.0,0.0,0.0,9.8,0.0,0.0,90.2,0.1
20220121171935,0.0,0.0,0.0,1.2,0.0,0.0,98.7,0.0
20220121172005,0.0,0.0,0.0,16.5,0.0,0.0,83.4,0.0
20220121172035,0.0,0.0,0.0,10.9,0.0,0.0,89.0,0.0
20220121172105,0.0,0.0,0.0,1.2,0.0,0.0,98.8,0.0
20220121172135,0.0,0.0,0.0,0.3,0.0,0.0,99.7,0.0
20220121172205,0.0,0.0,0.0,0.3,0.0,0.0,99.7,0.0
20220121172235,0.0,0.0,0.0,1.8,0.0,0.0,98.1,0.0
20220121172305,0.0,0.0,0.0,2.1,0.0,0.0,97.9,0.0
20220121172335,0.0,0.0,0.0,0.1,0.0,0.0,99.8,0.0
20220121172405,0.0,0.0,0.0,3.4,0.0,0.0,96.6,0.0
20220121172435,0.0,0.0,0.0,4.9,0.0,0.0,95.1,0.0
20220121172505,0.0,0.0,0.0,53.7,0.0,0.0,46.2,0.0
20220121172535,0.0,0.0,0.0,53.0,0.0,0.0,46.9,0.1
20220121172605,0.0,0.0,0.0,68.5,0.0,0.0,31.4,0.0
20220121172635,0.0,0.0,0.0,83.7,0.0,0.0,16.3,0.0
20220121172705,0.0,0.0,0.0,1.4,0.0,0.0,98.5,0.0
20220121172735,0.0,0.0,0.0,1.2,0.0,0.0,98.8,0.0
20220121172805,0.0,0.0,0.0,1.5,0.0,0.0,98.4,0.1
20220121172836,0.0,0.0,0.0,0.1,0.0,0.0,99.8,0.1
20220121172906,0.0,0.0,0.0,2.4,0.0,0.0,97.5,0.0
20220121172936,0.0,0.0,0.0,0.6,0.0,0.0,99.4,0.0
20220121173006,0.0,0.0,0.0,1.1,0.0,0.0,98.8,0.1
20220121173036,0.0,0.0,0.0,27.1,0.0,0.0,72.1,0.7
20220121173106,0.0,0.0,0.0,0.7,0.0,0.0,98.9,0.4
20220121173136,0.0,0.0,0.0,0.0,0.0,0.0,99.9,0.1
20220121173206,0.0,0.0,0.0,0.1,0.0,0.0,99.7,0.2
20220121173236,0.0,0.0,0.0,0.3,0.0,0.0,99.5,0.2
20220121173306,0.0,0.0,0.0,0.3,0.0,0.0,99.4,0.3
20220121173336,0.0,0.0,0.0,0.3,0.0,0.0,99.2,0.5
20220121173406,0.0,0.0,0.0,0.2,0.0,0.0,98.7,1.0
20220121173436,0.0,0.0,0.0,0.1,0.0,0.0,98.4,1.5
20220121173506,0.0,0.0,0.0,0.4,0.0,0.0,97.4,2.2
20220121173536,0.0,0.0,0.0,4.4,0.0,0.0,90.0,5.6
20220121173606,0.0,0.0,0.0,99.2,0.0,0.0,0.8,0.0
20220121173636,0.0,0.0,0.0,100.0,0.0,0.0,0.0,0.0
20220121173706,0.0,0.0,0.0,99.5,0.0,0.0,0.5,0.0
20220121173736,0.0,0.0,0.0,96.6,0.1,0.0,3.4,0.0
20220121173806,0.0,0.0,0.0,97.6,0.0,0.0,2.4,0.0
20220121173836,0.0,0.0,0.0,85.7,0.1,0.0,14.1,0.1
20220121173906,0.0,0.0,0.0,99.1,0.1,0.0,0.8,0.0
20220121173936,0.0,0.0,0.0,99.0,0.0,0.0,0.9,0.1
20220121174006,0.0,0.0,0.0,22.4,0.0,0.0,76.8,0.8
20220121174036,0.0,0.0,0.0,38.0,0.0,0.0,61.6,0.4
20220121174106,0.0,0.0,0.0,53.2,0.0,0.0,46.6,0.1
20220121174136,0.0,0.0,0.0,31.9,0.1,0.0,67.6,0.4
20220121174206,0.0,0.0,0.0,35.9,0.1,0.0,63.8,0.2
20220121174236,0.0,0.0,0.0,42.5,0.2,0.0,56.5,0.7
20220121174306,0.0,0.0,0.0,21.9,0.1,0.0,77.6,0.4
20220121174336,0.0,0.0,0.0,35.8,0.1,0.0,63.3,0.7
20220121174406,0.0,0.0,0.0,51.8,0.1,0.0,47.6,0.5
20220121174436,0.0,0.0,0.0,43.8,0.0,0.0,55.8,0.4
20220121174506,0.0,0.0,0.0,44.8,0.1,0.0,54.9,0.2
20220121174536,0.0,0.0,0.0,64.7,0.1,0.0,33.7,1.5
20220121174606,0.2,0.0,0.1,46.1,0.2,0.0,51.1,2.4
20220121174636,0.1,0.0,0.0,3.3,0.0,0.0,93.0,3.5
20220121174706,0.0,0.0,0.0,3.7,0.0,0.0,94.1,2.1
20220121174736,0.0,0.0,0.0,7.7,0.2,0.0,85.0,7.1
20220121174806,0.0,0.0,0.0,10.7,0.1,0.0,87.0,2.2
20220121174836,0.0,0.0,0.0,1.5,0.0,0.0,96.5,2.0
20220121174906,0.0,0.0,0.0,0.3,0.0,0.0,99.4,0.3
20220121174936,0.0,0.0,0.0,0.4,0.0,0.0,99.3,0.2
20220121175006,0.0,0.0,0.0,1.0,0.0,0.0,99.0,0.0
20220121175036,0.0,0.0,0.0,0.6,0.0,0.0,97.8,1.6
20220121175106,0.0,0.0,0.0,0.1,0.0,0.0,99.6,0.4
20220121175136,0.0,0.0,0.0,0.2,0.0,0.0,99.7,0.1
20220121175206,0.0,0.0,0.0,0.3,0.0,0.0,99.6,0.1
20220121175236,0.0,0.0,0.0,0.1,0.0,0.0,99.9,0.1
20220121175306,0.0,0.0,0.0,1.7,0.1,0.0,98.2,0.1
20220121175336,0.0,0.0,0.0,0.3,0.0,0.0,99.6,0.1
20220121175406,0.0,0.0,0.0,2.2,0.0,0.0,97.3,0.5
20220121175436,0.0,0.0,0.0,1.3,0.0,0.0,98.5,0.2
20220121175506,0.0,0.0,0.0,1.4,0.0,0.0,98.6,0.0
20220121175536,0.0,0.0,0.0,0.3,0.0,0.0,99.5,0.2
20220121175607,0.0,0.0,0.0,23.3,3.4,0.0,73.1,0.1
20220121175637,0.1,0.0,0.0,61.8,9.9,0.0,28.1,0.2
20220121175707,0.0,0.0,0.0,83.0,11.4,0.0,5.6,0.0
20220121175737,0.0,0.0,0.0,93.1,6.6,0.0,0.3,0.0
20220121175807,0.0,0.0,0.0,75.3,19.5,0.0,5.0,0.2
20220121175837,0.0,0.0,0.0,55.9,36.6,0.0,7.2,0.2
20220121175907,0.1,0.1,0.1,53.5,38.4,0.0,7.8,0.0
20220121175937,0.0,0.0,0.0,74.2,19.3,0.0,6.4,0.0
20220121180007,0.0,0.0,0.0,99.6,0.3,0.0,0.1,0.0
20220121180037,0.8,0.0,0.0,95.7,3.4,0.0,0.0,0.0
20220121180107,3.1,0.0,0.0,79.7,17.2,0.0,0.0,0.0
20220121180137,3.1,0.0,0.0,87.4,9.4,0.0,0.0,0.0
20220121180207,5.5,0.0,0.0,79.5,14.7,0.0,0.3,0.1
20220121180237,1.7,0.0,0.0,87.4,1.0,0.0,9.0,0.9
20220121180307,0.6,0.0,0.1,26.2,1.0,0.0,68.5,3.6
20220121180337,0.5,0.0,0.1,27.8,2.1,0.0,65.3,4.2
20220121180407,0.8,0.0,0.0,46.9,1.7,0.0,48.0,2.7
20220121180437,0.0,0.0,0.0,2.8,0.0,0.0,97.0,0.2
20220121180507,0.0,0.0,0.0,9.3,0.1,0.0,89.9,0.7
20220121180537,0.0,0.0,0.0,7.7,0.0,0.0,89.2,3.0
20220121180607,0.0,0.0,0.0,30.8,0.2,0.0,68.4,0.6
20220121180637,0.6,0.1,1.9,83.7,2.6,0.0,11.0,0.1
20220121180707,0.8,0.0,2.5,95.5,1.0,0.0,0.1,0.0
20220121180737,0.1,0.0,0.6,54.4,7.8,0.0,36.2,0.8
20220121180807,0.4,0.0,1.1,58.0,3.9,0.0,35.7,0.7
20220121180837,1.3,0.0,4.9,92.1,1.7,0.0,0.0,0.0
20220121180907,2.3,0.0,0.0,96.8,0.9,0.0,0.0,0.0
20220121180937,12.1,0.1,0.1,80.9,6.8,0.0,0.0,0.0
20220121181007,8.5,0.1,0.0,88.9,2.4,0.0,0.0,0.0
20220121181037,0.3,1.6,0.0,97.0,1.1,0.0,0.0,0.0
20220121181107,1.2,0.5,0.4,91.5,6.4,0.0,0.0,0.0
20220121181137,0.8,0.3,0.5,87.5,10.9,0.0,0.0,0.0
20220121181207,2.5,1.0,2.0,52.7,41.8,0.0,0.0,0.0
20220121181237,0.2,5.0,1.1,23.9,69.8,0.0,0.0,0.0
20220121181307,0.6,3.4,0.2,54.7,41.1,0.0,0.0,0.0
20220121181337,0.0,39.8,0.0,47.9,12.3,0.0,0.0,0.0
20220121181407,0.0,27.0,0.4,54.4,18.2,0.0,0.0,0.0
20220121181437,0.0,1.3,0.6,94.4,3.6,0.0,0.0,0.0
20220121181507,0.0,0.0,0.7,98.8,0.5,0.0,0.0,0.0
20220121181537,0.0,0.0,0.0,99.9,0.0,0.0,0.0,0.0
20220121181607,0.0,0.0,2.1,92.6,0.9,0.0,4.1,0.2
20220121181637,0.4,0.1,55.0,22.9,21.0,0.0,0.6,0.1
20220121181707,0.2,0.0,5.3,87.7,5.9,0.0,0.9,0.0
20220121181737,0.0,0.1,0.4,98.7,0.7,0.0,0.0,0.0
20220121181807,0.0,14.4,0.0,61.3,24.3,0.0,0.0,0.0
20220121181837,0.0,3.3,0.1,90.1,6.5,0.0,0.0,0.0
20220121181907,0.2,0.0,0.7,88.3,10.8,0.0,0.0,0.0
20220121181937,1.5,0.0,0.8,35.7,6.5,0.0,54.7,0.7
20220121182007,7.3,0.1,2.0,49.3,36.4,0.0,4.9,0.1
20220121182037,3.0,0.0,1.3,85.7,8.2,0.0,1.3,0.3
20220121182107,0.9,0.0,1.4,9.6,2.9,0.0,84.2,0.9
20220121182137,3.9,0.0,1.7,50.4,14.0,0.0,29.9,0.1
20220121182207,0.1,0.0,1.3,91.6,2.2,0.0,4.9,0.0
20220121182237,0.3,0.0,0.1,80.3,3.7,0.0,15.6,0.0
20220121182307,0.0,0.0,0.2,90.7,9.1,0.0,0.0,0.0
20220121182337,0.2,0.0,0.1,92.9,3.4,0.0,3.3,0.1
20220121182407,1.5,0.0,1.1,96.4,0.4,0.0,0.6,0.1
20220121182437,0.1,0.0,0.0,86.9,12.9,0.0,0.0,0.0
20220121182507,0.0,0.0,0.0,99.1,0.9,0.0,0.0,0.0
20220121182537,0.0,0.0,0.0,98.9,1.1,0.0,0.0,0.0
20220121182607,0.0,0.0,0.0,99.0,0.9,0.0,0.0,0.0
20220121182637,0.0,0.0,0.1,97.2,2.6,0.0,0.0,0.0
20220121182707,0.8,0.0,1.5,75.5,2.4,0.0,16.5,3.3
20220121182737,0.9,0.0,1.3,77.9,15.5,0.0,4.3,0.2
20220121182807,0.0,0.0,0.0,41.3,1.5,0.0,55.0,2.0
20220121182837,0.0,0.0,0.0,40.3,1.8,0.0,56.5,1.3
20220121182907,0.1,0.0,0.0,4.7,0.9,0.0,84.8,9.6
20220121182937,0.0,0.0,0.0,3.9,1.3,0.0,86.3,8.5
20220121183008,0.0,0.0,0.0,14.8,0.5,0.0,76.2,8.4
20220121183038,0.0,0.0,0.0,9.4,0.4,0.0,84.4,5.8
20220121183108,0.0,0.0,0.1,7.0,0.2,0.0,89.9,2.8
20220121183138,0.0,0.0,0.0,0.9,0.2,0.0,91.0,7.9
20220121183208,0.4,0.0,0.1,19.3,0.6,0.0,66.4,13.3
20220121183238,0.2,0.0,0.0,12.9,2.2,0.1,75.8,8.8
20220121183308,0.1,0.0,0.1,7.1,0.8,0.0,90.9,1.1
20220121183338,0.9,0.0,0.3,42.4,12.0,0.0,25.7,18.7
20220121183408,0.2,0.0,0.0,55.8,4.9,0.0,29.9,9.2
20220121183438,0.3,0.0,0.0,30.3,0.7,0.1,63.1,5.5
20220121183508,1.6,0.0,0.7,54.0,3.4,0.2,36.9,3.2
20220121183538,0.0,0.0,0.0,9.3,0.2,0.0,88.0,2.5
20220121183608,0.2,0.0,0.1,9.3,0.4,0.0,87.5,2.5
20220121183638,0.0,0.0,0.0,2.5,0.9,0.0,93.1,3.4
20220121183708,0.0,0.0,0.0,3.1,0.2,0.0,95.2,1.5
20220121183738,0.1,0.0,0.0,11.5,1.0,0.0,85.1,2.2
20220121183808,0.0,0.0,0.0,1.3,0.9,0.0,95.7,2.1
20220121183838,0.3,0.0,0.0,8.2,1.3,0.0,59.2,31.0
20220121183908,0.1,0.0,0.0,4.3,0.5,0.0,85.0,10.1
20220121183938,0.2,0.0,0.0,19.9,0.9,0.0,71.0,7.9
20220121184008,0.1,0.0,0.0,8.5,0.6,0.0,55.4,35.5
20220121184038,0.1,0.0,0.0,4.9,0.2,0.0,90.6,4.1
20220121184108,0.0,0.0,0.0,2.3,0.3,0.0,95.2,2.1
20220121184138,0.0,0.0,0.0,0.5,0.1,0.0,98.1,1.3
20220121184208,0.1,0.0,0.0,0.9,0.1,0.0,95.0,3.9
20220121184238,0.5,0.0,0.1,12.4,0.9,0.1,81.4,4.5
20220121184308,0.0,0.0,0.0,0.5,0.1,0.0,97.7,1.6
20220121184338,0.0,0.0,0.0,3.4,0.4,0.0,88.0,8.2
20220121184408,0.0,0.0,0.0,1.2,0.1,0.0,98.0,0.7
20220121184438,0.0,0.0,0.0,0.7,0.3,0.0,96.6,2.4
20220121184508,0.0,0.0,0.0,1.0,0.6,0.0,97.4,0.9
20220121184538,0.0,0.0,0.0,1.1,0.2,0.0,98.3,0.4
20220121184608,0.0,0.0,0.0,1.1,0.2,0.0,95.6,3.1
20220121184638,0.0,0.0,0.0,0.5,0.0,0.0,98.7,0.8
20220121184708,0.0,0.0,0.0,0.5,0.0,0.0,98.8,0.6
20220121184738,0.1,0.0,0.0,1.0,0.4,0.1,97.0,1.4
20220121184808,0.0,0.0,0.0,2.4,0.2,0.1,96.1,1.2
20220121184838,0.1,0.0,0.0,4.9,0.5,0.3,88.5,5.7
20220121184908,0.0,0.0,0.0,2.2,0.1,0.1,96.9,0.7
20220121184938,0.0,0.0,0.0,6.5,0.8,0.2,91.4,1.0
20220121185008,0.0,0.0,0.0,9.7,0.2,0.1,88.8,1.2
20220121185038,0.0,0.0,0.0,6.8,0.4,0.0,91.5,1.1
20220121185108,0.0,0.0,0.0,7.5,0.3,0.0,91.0,1.1
20220121185138,0.0,0.0,0.0,5.8,0.7,0.0,91.9,1.6
20220121185208,0.0,0.0,0.0,4.5,0.6,0.0,93.1,1.8
20220121185238,0.0,0.0,0.0,4.4,0.2,0.0,93.8,1.5
20220121185308,0.0,0.0,0.0,3.5,0.4,0.0,95.5,0.6
20220121185338,0.0,0.0,0.0,3.1,0.4,0.0,96.2,0.3
20220121185408,0.0,0.0,0.0,19.0,14.7,0.0,65.5,0.8
20220121185438,0.0,0.0,0.0,50.1,6.2,0.0,38.1,5.7
20220121185508,0.1,0.0,0.0,53.4,7.3,0.0,32.1,7.2
20220121185538,0.1,0.0,0.0,59.7,4.4,0.0,4.3,31.5
20220121185608,0.1,0.0,0.0,52.2,5.6,0.0,24.9,17.2
20220121185638,0.5,0.0,0.0,23.7,14.2,0.0,33.9,27.7
20220121185708,0.6,0.0,0.0,41.6,24.0,0.0,7.5,26.3
20220121185738,2.0,0.0,0.1,53.6,39.2,0.0,0.7,4.3
20220121185808,0.5,0.0,0.1,39.8,53.0,0.0,1.2,5.4
20220121185838,0.6,0.0,0.4,67.8,19.7,0.0,2.1,9.3
20220121185908,1.3,0.0,0.3,75.7,8.0,0.0,2.4,12.2
20220121185938,1.2,0.0,0.1,43.5,18.2,0.0,3.4,33.5
20220121190008,0.6,0.0,0.0,20.7,1.9,0.1,12.7,63.9
20220121190038,1.2,0.0,0.2,25.3,7.0,0.6,19.2,46.5
20220121190108,4.6,0.0,0.1,34.0,13.2,0.5,9.1,38.4
20220121190138,1.3,0.0,0.2,47.7,12.1,0.2,28.8,9.7
20220121190208,2.9,0.0,0.5,39.8,10.4,0.1,33.0,13.2
20220121190238,1.6,0.0,0.2,7.1,18.7,0.0,35.9,36.5
20220121190308,3.1,0.0,0.1,18.0,14.4,0.2,23.6,40.5
20220121190338,26.9,0.0,0.3,29.5,15.1,0.3,3.9,23.9
20220121190409,1.0,0.0,0.1,63.4,14.4,0.1,2.3,18.8
20220121190439,5.6,0.0,0.1,46.3,32.2,0.1,3.3,12.5
20220121190509,10.3,0.0,0.3,45.1,39.3,0.1,1.5,3.4
20220121190539,3.4,0.0,0.1,68.2,10.1,0.2,1.8,16.3
20220121190609,2.0,0.0,0.0,68.8,6.1,0.3,2.5,20.2
20220121190639,4.8,0.0,0.1,64.7,5.0,0.7,1.4,23.3
20220121190709,7.0,0.0,0.0,64.9,3.4,0.4,0.5,23.6
20220121190739,7.2,0.0,0.0,68.8,3.4,0.3,1.1,19.2
20220121190809,16.3,0.0,0.0,27.7,5.3,0.7,9.1,40.9
20220121190839,11.0,0.0,0.0,42.6,3.2,1.9,15.0,26.2
20220121190909,3.2,0.0,0.0,50.2,4.0,0.3,1.4,40.9
20220121190939,6.8,0.0,0.0,32.4,4.5,0.5,24.2,31.7
20220121191009,4.0,0.0,0.0,16.1,1.7,0.6,10.0,67.6
20220121191039,1.9,0.0,0.0,23.4,4.2,0.1,16.2,54.2
20220121191109,2.9,0.0,0.0,35.0,3.4,0.1,7.4,51.3
20220121191139,1.3,0.0,0.0,35.0,4.8,0.2,14.3,44.4
20220121191209,4.6,0.0,0.0,32.7,5.6,0.3,21.8,35.1
20220121191239,5.8,0.0,0.0,18.9,5.4,0.3,42.3,27.4
20220121191309,3.3,0.0,0.0,40.3,6.3,0.6,17.6,31.8
20220121191339,6.1,0.0,0.0,78.3,8.3,0.1,5.3,1.9
20220121191409,0.8,0.0,0.0,93.0,5.5,0.0,0.3,0.4
20220121191439,2.0,0.0,0.0,96.6,1.1,0.0,0.1,0.2
20220121191509,1.9,0.0,0.0,92.4,3.7,0.0,1.0,0.9
20220121191539,16.1,0.0,0.1,25.1,49.2,0.4,5.6,3.6
20220121191609,9.8,0.0,0.5,20.5,59.9,0.1,7.3,1.8
20220121191639,12.0,0.0,0.2,12.9,70.6,0.1,3.5,0.7
20220121191709,10.0,0.0,0.0,8.2,77.2,0.1,2.7,1.8
20220121191739,2.6,0.0,0.0,11.1,77.4,0.0,4.5,4.2
20220121191809,5.7,0.0,0.0,40.5,50.0,0.0,2.6,1.0
20220121191839,3.4,0.0,0.0,82.8,12.4,0.0,0.2,1.2
20220121191909,0.6,0.0,0.0,65.5,33.5,0.0,0.1,0.3
20220121191939,0.6,0.0,0.0,63.0,35.8,0.0,0.0,0.5
20220121192009,1.5,0.0,0.1,62.4,35.5,0.0,0.0,0.5
20220121192039,1.1,0.0,0.0,67.1,30.7,0.0,0.0,1.1
20220121192109,0.4,0.0,0.1,76.0,22.7,0.0,0.0,0.7
20220121192139,0.5,0.0,0.0,74.1,25.0,0.0,0.0,0.3
20220121192209,0.3,0.0,0.0,84.5,14.7,0.0,0.0,0.4
20220121192239,0.3,0.0,0.0,92.4,7.3,0.0,0.0,0.1
20220121192309,0.1,0.0,0.0,75.9,24.0,0.0,0.0,0.0
20220121192339,0.0,0.0,0.0,61.8,38.1,0.0,0.0,0.0
20220121192409,0.0,0.0,0.0,56.6,43.3,0.0,0.0,0.0
20220121192439,0.0,0.0,0.0,70.9,29.0,0.0,0.0,0.0
20220121192509,0.0,0.0,0.1,65.0,34.9,0.0,0.0,0.0
20220121192539,0.0,0.0,0.0,33.7,66.3,0.0,0.0,0.0
20220121192609,0.0,0.0,0.0,68.8,31.1,0.0,0.0,0.0
20220121192639,0.0,0.0,0.0,98.5,1.5,0.0,0.0,0.0
20220121192709,0.0,0.0,0.0,98.6,1.4,0.0,0.0,0.0
20220121192739,0.0,0.0,0.0,99.6,0.4,0.0,0.0,0.0
20220121192809,0.0,0.0,0.0,97.3,2.7,0.0,0.0,0.0
20220121192839,0.0,0.0,0.0,99.8,0.2,0.0,0.0,0.0
20220121192909,0.0,0.0,0.0,98.1,1.8,0.0,0.0,0.0
20220121192939,0.0,0.0,0.0,99.4,0.6,0.0,0.0,0.0
20220121193009,0.0,0.0,0.0,99.9,0.1,0.0,0.0,0.0
20220121193039,0.0,0.0,0.0,99.9,0.1,0.0,0.0,0.0
20220121193109,0.0,0.0,0.0,99.8,0.2,0.0,0.0,0.0
20220121193140,0.0,0.0,0.0,99.7,0.3,0.0,0.0,0.0
20220121193210,0.0,0.0,0.0,100.0,0.0,0.0,0.0,0.0
20220121193240,0.0,0.0,0.0,99.9,0.1,0.0,0.0,0.0
20220121193310,0.0,0.0,0.0,100.0,0.0,0.0,0.0,0.0
20220121193340,0.0,0.0,0.0,99.9,0.1,0.0,0.0,0.0
20220121193410,0.0,0.0,0.0,100.0,0.0,0.0,0.0,0.0
20220121193440,0.0,0.0,0.0,99.8,0.2,0.0,0.0,0.0
20220121193510,0.0,0.0,0.0,99.5,0.5,0.0,0.0,0.0
20220121193540,0.0,0.0,0.0,99.6,0.4,0.0,0.0,0.0
20220121193610,0.0,0.0,0.0,99.8,0.2,0.0,0.0,0.0
20220121193640,0.0,0.0,0.0,99.9,0.1,0.0,0.0,0.0
20220121193710,0.0,0.0,0.0,100.0,0.0,0.0,0.0,0.0
20220121193740,0.0,0.0,0.0,99.8,0.2,0.0,0.0,0.0
20220121193810,0.0,0.0,0.0,100.0,0.0,0.0,0.0,0.0
20220121193840,0.0,0.0,0.0,99.1,0.9,0.0,0.0,0.0
20220121193910,0.0,0.0,0.0,100.0,0.0,0.0,0.0,0.0
20220121193940,0.0,0.0,0.0,99.9,0.1,0.0,0.0,0.0
20220121194010,0.0,0.0,0.0,99.9,0.1,0.0,0.0,0.0
20220121194040,0.0,0.0,0.0,99.3,0.7,0.0,0.0,0.0
20220121194110,0.0,0.0,0.1,97.6,1.5,0.0,0.7,0.1
20220121194140,0.0,0.0,0.0,99.3,0.4,0.0,0.3,0.0
20220121194210,0.0,0.0,0.0,99.0,0.9,0.0,0.0,0.0
20220121194240,0.0,0.0,0.0,99.9,0.1,0.0,0.0,0.0
20220121194310,0.0,0.0,0.0,100.0,0.0,0.0,0.0,0.0
20220121194340,0.0,0.0,0.0,99.4,0.6,0.0,0.0,0.0
20220121194410,0.0,0.0,0.0,100.0,0.0,0.0,0.0,0.0
20220121194440,0.0,0.0,0.0,99.9,0.1,0.0,0.0,0.0
20220121194510,0.0,0.0,0.0,99.9,0.1,0.0,0.0,0.0
20220121194540,0.0,0.0,0.0,98.9,1.1,0.0,0.0,0.0
20220121194610,0.0,0.0,0.0,98.5,1.5,0.0,0.0,0.0
20220121194640,0.0,0.0,0.0,99.7,0.3,0.0,0.0,0.0
20220121194710,0.0,0.0,0.0,97.6,2.4,0.0,0.0,0.0
20220121194740,0.0,0.0,0.0,93.1,6.7,0.0,0.1,0.0
20220121194810,0.0,0.0,0.0,97.3,2.2,0.0,0.4,0.0
20220121194840,0.0,0.0,0.0,96.1,3.0,0.0,0.9,0.1
20220121194910,0.0,0.0,0.0,23.7,2.2,0.0,72.5,1.6
20220121194940,0.0,0.0,0.0,2.8,0.6,0.0,74.3,22.3
20220121195010,0.0,0.0,0.0,26.3,4.0,0.0,60.8,8.7
20220121195040,0.0,0.0,0.0,33.7,0.9,0.0,52.7,12.7
20220121195110,0.0,0.0,0.0,8.0,1.0,0.0,75.5,15.5
20220121195140,0.0,0.0,0.0,6.3,2.8,0.0,79.0,11.9
20220121195210,0.0,0.1,0.1,42.5,24.4,0.0,27.8,5.2
20220121195240,0.0,0.0,0.0,27.0,1.1,0.0,68.5,3.4
20220121195310,0.0,0.0,0.0,17.1,0.6,0.0,79.6,2.7
20220121195340,0.0,0.0,0.0,8.4,0.6,0.0,87.1,3.9
20220121195410,0.0,0.0,0.0,16.7,0.1,0.0,82.5,0.6
20220121195440,0.0,0.0,0.0,3.7,0.2,0.0,94.2,1.9
20220121195510,0.0,0.0,0.0,59.0,2.5,0.0,37.5,1.0
20220121195540,0.0,0.0,0.0,73.8,1.1,0.0,24.1,1.0
20220121195610,0.0,0.0,0.0,35.5,0.8,0.0,61.4,2.3
20220121195640,0.0,0.0,0.0,12.4,0.2,0.0,85.4,2.0
20220121195710,0.0,0.0,0.0,24.0,0.1,0.0,70.6,5.2
20220121195740,0.0,0.0,0.0,98.9,0.1,0.0,0.9,0.1
20220121195810,0.0,0.0,0.0,99.8,0.0,0.0,0.1,0.0
20220121195840,0.0,0.0,0.0,95.6,0.9,0.0,2.9,0.6
20220121195910,0.0,0.0,0.0,81.9,4.1,0.0,6.2,7.9
20220121195940,0.0,0.0,0.0,88.8,7.2,0.0,2.2,1.8
20220121200010,0.0,0.0,0.0,94.6,4.2,0.0,0.6,0.5
20220121200040,0.0,0.0,0.0,61.0,4.0,0.0,26.9,8.0
20220121200110,0.0,0.0,0.0,12.2,1.9,0.0,62.0,23.8
20220121200140,0.0,0.0,0.0,12.9,1.5,0.0,78.8,6.9
20220121200210,0.0,0.0,0.0,33.3,0.5,0.0,54.9,11.3
20220121200240,0.0,0.0,0.0,5.6,0.2,0.0,84.4,9.8
20220121200310,0.0,0.0,0.0,0.7,0.0,0.0,98.0,1.3
20220121200340,0.0,0.0,0.0,33.0,0.8,0.0,61.9,4.3
20220121200410,0.0,0.0,0.0,11.7,0.3,0.0,86.1,1.9
20220121200440,0.0,0.0,0.0,35.1,3.2,0.0,60.8,0.8
20220121200510,0.0,0.0,0.0,32.0,13.0,0.0,54.8,0.2
20220121200541,0.0,0.0,0.0,6.2,1.3,0.0,91.8,0.7
20220121200611,0.0,0.0,0.0,0.8,0.8,0.0,97.1,1.4
20220121200641,0.0,0.0,0.0,0.6,0.2,0.0,96.6,2.6
20220121200711,0.0,0.0,0.0,0.4,0.1,0.0,97.5,2.0
20220121200741,0.0,0.0,0.0,1.2,0.1,0.0,97.7,1.0
20220121200811,0.0,0.0,0.0,1.1,0.3,0.0,95.6,3.0
20220121200841,0.0,0.0,0.0,0.2,0.3,0.0,94.4,5.1
20220121200911,0.0,0.0,0.0,0.0,0.1,0.0,96.6,3.3
20220121200941,0.0,0.0,0.0,0.1,0.2,0.0,89.4,10.2
20220121201011,0.0,0.0,0.0,0.1,0.3,0.0,80.0,19.6
20220121201041,0.0,0.0,0.0,0.3,1.2,0.0,76.6,21.9
20220121201111,0.0,0.0,0.0,0.3,0.7,0.0,77.3,21.5
20220121201141,0.0,0.0,0.0,0.1,0.2,0.0,75.0,24.7
20220121201211,0.0,0.0,0.0,0.1,0.1,0.0,76.3,23.4
20220121201241,0.0,0.0,0.0,0.1,0.2,0.0,84.4,15.2
20220121201311,0.1,0.0,0.0,0.1,0.5,0.1,47.0,52.1
20220121201341,0.2,0.0,0.0,0.3,1.2,0.2,47.7,50.3
20220121201411,0.1,0.0,0.0,0.1,0.6,0.1,19.9,79.2
20220121201441,0.2,0.0,0.1,1.4,2.0,0.2,54.5,41.7
20220121201511,0.2,0.0,0.0,0.6,6.0,0.1,63.6,29.5
20220121201541,0.1,0.0,0.0,0.7,2.3,0.1,87.3,9.5
20220121201611,0.1,0.0,0.0,0.0,0.9,0.0,92.5,6.4
20220121201641,0.7,0.0,0.1,0.5,7.4,0.3,88.8,2.1
20220121201711,0.2,0.0,0.0,0.5,12.4,0.0,74.5,12.3
20220121201741,0.1,0.0,0.0,0.1,6.0,0.1,82.0,11.6
20220121201811,0.2,0.0,0.0,0.3,6.1,0.0,82.3,11.0
20220121201841,0.1,0.0,0.0,0.3,3.7,0.1,75.5,20.4
20220121201911,0.2,0.0,0.0,0.1,4.3,0.1,87.3,8.0
20220121201941,0.1,0.0,0.0,0.0,3.9,0.1,90.4,5.5
20220121202011,0.0,0.0,0.0,0.0,3.3,0.0,78.2,18.4
20220121202041,0.1,0.0,0.1,0.2,3.5,0.1,81.9,14.1
20220121202111,0.0,0.0,0.0,0.1,0.6,0.0,53.0,46.2
20220121202141,0.0,0.0,0.0,0.1,0.8,0.0,24.0,75.0
20220121202211,0.1,0.0,0.0,0.1,0.9,0.0,28.4,70.5
20220121202241,0.0,0.0,0.0,0.0,0.3,0.0,83.0,16.7
20220121202311,0.0,0.0,0.0,0.1,0.4,0.0,84.3,15.2
20220121202341,0.0,0.0,0.0,0.0,0.4,0.0,80.2,19.4
20220121202411,0.0,0.0,0.0,0.0,0.3,0.0,43.7,56.0
20220121202441,0.0,0.0,0.0,0.0,0.0,0.0,80.5,19.5
20220121202511,0.0,0.0,0.0,0.0,0.1,0.0,51.1,48.8
20220121202541,0.0,0.0,0.0,0.0,0.1,0.0,61.6,38.3
20220121202611,0.0,0.0,0.0,0.0,0.1,0.0,27.4,72.5
20220121202641,0.0,0.0,0.0,0.0,0.0,0.0,12.1,87.9
20220121202711,0.0,0.0,0.0,0.0,0.1,0.0,26.6,73.3
20220121202741,0.0,0.0,0.0,0.0,0.1,0.0,15.0,84.9
20220121202811,0.0,0.0,0.0,0.0,0.3,0.0,46.0,53.6
20220121202841,0.0,0.0,0.0,0.0,0.0,0.0,74.3,25.7
20220121202911,0.0,0.0,0.0,0.0,0.0,0.0,87.6,12.4
20220121202941,0.0,0.0,0.0,0.0,0.0,0.0,87.0,13.0
20220121203011,0.0,0.0,0.0,0.0,0.0,0.0,32.5,67.4
20220121203041,0.0,0.0,0.0,0.0,0.1,0.0,17.1,82.8
20220121203111,0.0,0.0,0.0,0.0,0.0,0.0,14.5,85.5
20220121203141,0.0,0.0,0.0,0.0,0.0,0.0,8.7,91.3
20220121203211,0.0,0.0,0.0,0.0,0.0,0.0,19.5,80.4
20220121203241,0.0,0.0,0.0,0.0,0.0,0.0,20.0,80.0
20220121203311,0.0,0.0,0.0,0.0,0.1,0.0,8.6,91.3
20220121203341,0.0,0.0,0.0,0.0,0.0,0.0,6.4,93.6
20220121203411,0.0,0.0,0.0,0.0,0.0,0.0,1.5,98.5
20220121203441,0.2,0.0,28.9,2.7,8.0,0.1,14.6,45.6
20220121203511,0.1,0.0,0.9,20.1,22.9,0.1,31.2,24.7
20220121203541,0.0,0.0,1.3,1.2,5.3,0.1,86.2,5.8
20220121203611,0.1,0.0,0.5,35.0,10.2,0.3,37.8,16.1
20220121203641,0.0,0.0,0.0,45.8,1.0,0.0,48.3,5.0
20220121203711,0.0,0.0,0.0,14.2,2.2,0.0,81.8,1.8
20220121203741,0.0,0.0,0.0,18.6,0.5,0.0,77.9,2.9
20220121203811,0.0,0.0,0.0,1.1,0.1,0.0,96.1,2.6
20220121203841,0.0,0.0,0.0,8.6,0.7,0.0,83.8,6.9
20220121203911,0.0,0.0,0.0,2.6,0.5,0.0,96.1,0.8
20220121203941,0.0,0.0,0.0,1.1,1.0,0.0,97.5,0.4
20220121204012,0.0,0.0,0.0,0.0,0.0,0.0,99.9,0.0
20220121204042,0.0,0.0,0.0,0.2,0.2,0.0,99.6,0.0
20220121204112,0.0,0.0,0.0,0.0,0.1,0.0,99.8,0.1
20220121204142,0.0,0.0,0.0,0.3,0.1,0.0,99.4,0.2
20220121204212,0.0,0.0,0.0,0.2,0.3,0.0,99.5,0.0
20220121204242,0.0,0.0,0.0,1.2,2.5,0.0,96.2,0.1
20220121204312,0.0,0.0,0.0,71.2,12.3,0.0,16.2,0.2
20220121204342,0.0,0.0,0.1,90.7,1.5,0.0,7.2,0.4
20220121204412,0.0,0.0,0.0,46.6,1.1,0.0,52.1,0.1
20220121204442,0.0,0.0,0.3,77.1,5.3,0.0,16.9,0.5
20220121204512,0.0,0.0,0.0,35.0,0.3,0.0,64.4,0.3
20220121204542,0.0,0.0,0.1,16.0,0.7,0.0,82.6,0.6
20220121204612,0.0,0.0,0.0,4.9,0.2,0.0,94.7,0.1
20220121204642,0.0,0.0,0.0,8.8,0.2,0.0,90.8,0.2
20220121204712,0.0,0.0,0.0,0.1,0.1,0.0,99.4,0.3
20220121204742,0.0,0.0,0.0,17.4,1.4,0.0,80.9,0.3
20220121204812,0.0,0.0,0.0,2.2,0.8,0.0,96.6,0.4
20220121204842,0.0,0.0,0.0,0.5,0.4,0.0,99.0,0.1
20220121204912,0.0,0.0,0.0,0.3,0.4,0.0,99.2,0.1
20220121204942,0.0,0.0,0.0,0.4,0.1,0.0,99.4,0.1
20220121205012,0.0,0.0,0.0,4.4,5.0,0.0,90.3,0.3
20220121205042,0.0,0.0,0.0,0.1,0.2,0.0,99.6,0.1
20220121205112,0.0,0.0,0.0,0.2,0.1,0.0,99.6,0.1
20220121205142,0.0,0.0,0.0,0.1,0.2,0.0,99.6,0.2
20220121205212,0.0,0.0,0.0,0.0,0.1,0.0,99.8,0.1
20220121205242,0.0,0.0,0.0,0.0,0.1,0.0,99.8,0.0
20220121205312,0.0,0.0,0.0,0.1,0.1,0.0,99.6,0.2
20220121205342,0.0,0.0,0.0,0.6,0.4,0.0,98.8,0.1
20220121205412,0.0,0.0,0.0,0.0,0.1,0.0,99.7,0.1
20220121205442,0.0,0.0,0.0,0.1,0.2,0.0,99.5,0.2
20220121205512,0.0,0.0,0.0,0.5,0.0,0.0,99.0,0.4
20220121205542,0.0,0.0,0.0,0.5,0.1,0.0,99.4,0.1
20220121205612,0.0,0.0,0.0,0.1,0.0,0.0,99.9,0.0
20220121205642,0.0,0.0,0.0,0.0,0.1,0.0,99.9,0.0
20220121205712,0.0,0.0,0.0,0.0,0.0,0.0,100.0,0.0
20220121205742,0.0,0.0,0.0,0.0,0.0,0.0,99.9,0.1
20220121205812,0.0,0.0,0.0,0.1,0.1,0.0,99.8,0.1
20220121205842,0.0,0.0,0.0,0.1,0.1,0.0,99.7,0.2
20220121205912,0.0,0.0,0.0,0.1,0.0,0.0,99.8,0.0
20220121205942,0.0,0.0,0.0,2.7,0.1,0.0,97.1,0.1
20220121210012,0.0,0.0,0.0,0.5,0.2,0.0,99.1,0.2
20220121210042,0.0,0.0,0.0,0.0,0.0,0.0,99.9,0.0
20220121210112,0.0,0.0,0.0,0.3,0.2,0.0,99.3,0.2
20220121210142,0.0,0.0,0.0,0.2,0.0,0.0,99.4,0.4
20220121210212,0.0,0.0,0.0,0.4,0.2,0.0,98.7,0.6
20220121210242,0.0,0.0,0.0,0.1,0.0,0.0,99.8,0.1
20220121210312,0.0,0.0,0.0,0.0,0.0,0.0,99.9,0.0
